Date,Open,High,Low,Close,Adj Close,Volume
2000-01-04,1.0800000429153442,1.1699999570846558,1.0800000429153442,1.100000023841858,0.7371153831481934,4973000
2000-01-05,1.149999976158142,1.149999976158142,1.059999942779541,1.090000033378601,0.7304142713546753,2606000
2000-01-06,1.090000033378601,1.090000033378601,1.0499999523162842,1.059999942779541,0.7103111743927002,3570000
2000-01-07,1.0800000429153442,1.1299999952316284,1.0700000524520874,1.1299999952316284,0.7572185397148132,1476000
2000-01-10,1.1399999856948853,1.1699999570846558,1.1100000143051147,1.1200000047683716,0.7505176067352295,1790000
2000-01-11,1.090000033378601,1.090000033378601,1.0700000524520874,1.0800000429153442,0.7237132787704468,682000
2000-01-12,1.0800000429153442,1.100000023841858,1.059999942779541,1.0700000524520874,0.7170122861862183,680000
2000-01-13,1.0800000429153442,1.0800000429153442,1.0499999523162842,1.0700000524520874,0.7170122861862183,2640000
2000-01-14,1.0800000429153442,1.0800000429153442,1.059999942779541,1.0700000524520874,0.7170122861862183,1656000
2000-01-17,1.0499999523162842,1.0499999523162842,1.0199999809265137,1.0299999713897705,0.6902080178260803,1236000
2000-01-18,1.0299999713897705,1.0399999618530273,0.9800000190734863,1.0,0.6701048612594604,4356000
2000-01-19,1.0,1.0,0.9300000071525574,0.9599999785423279,0.6433005928993225,6130000
2000-01-20,0.9800000190734863,1.0,0.9300000071525574,0.9300000071525574,0.6231975555419922,1954000
2000-01-21,0.9200000166893005,0.949999988079071,0.8999999761581421,0.949999988079071,0.636599600315094,2626000
2000-01-24,0.9700000286102295,0.9700000286102295,0.949999988079071,0.949999988079071,0.636599600315094,2052000
2000-01-25,0.949999988079071,0.9700000286102295,0.9399999976158142,0.9399999976158142,0.6298985481262207,1940000
2000-01-26,0.9900000095367432,0.9900000095367432,0.949999988079071,0.9599999785423279,0.6433005928993225,1968000
2000-01-27,0.949999988079071,0.949999988079071,0.9399999976158142,0.9399999976158142,0.6298985481262207,2656000
2000-01-28,0.9200000166893005,0.9300000071525574,0.9100000262260437,0.9200000166893005,0.6164965033531189,2220000
2000-01-31,0.8999999761581421,0.9200000166893005,0.8999999761581421,0.9100000262260437,0.6097953915596008,1130000
2000-02-01,0.9100000262260437,0.9100000262260437,0.8799999952316284,0.8899999856948853,0.5963932871818542,3304000
2000-02-02,0.8799999952316284,0.9200000166893005,0.8799999952316284,0.8999999761581421,0.6030943989753723,4660000
2000-02-03,0.9100000262260437,0.9300000071525574,0.8999999761581421,0.8999999761581421,0.6030943989753723,3901000
2000-02-04,0.8999999761581421,0.8999999761581421,0.8999999761581421,0.8999999761581421,0.6030943989753723,0
2000-02-07,0.8999999761581421,0.8999999761581421,0.8999999761581421,0.8999999761581421,0.6030943989753723,0
2000-02-08,0.9100000262260437,0.949999988079071,0.8899999856948853,0.8999999761581421,0.6030943989753723,1586000
2000-02-09,0.8999999761581421,0.8999999761581421,0.8600000143051147,0.8600000143051147,0.5762901902198792,2010000
2000-02-10,0.8600000143051147,0.8700000047683716,0.8299999833106995,0.8299999833106995,0.5561870336532593,1800000
2000-02-11,0.8500000238418579,0.8500000238418579,0.7799999713897705,0.7799999713897705,0.5226817727088928,4170000
2000-02-14,0.7900000214576721,0.8199999928474426,0.7900000214576721,0.8100000023841858,0.5427850484848022,1870000
2000-02-15,0.8199999928474426,0.8799999952316284,0.8199999928474426,0.8399999737739563,0.5628880858421326,1712000
2000-02-16,0.8600000143051147,0.8799999952316284,0.8100000023841858,0.8399999737739563,0.5628880858421326,2472000
2000-02-17,0.8199999928474426,0.8600000143051147,0.8100000023841858,0.8500000238418579,0.5695891380310059,2708000
2000-02-18,0.8299999833106995,1.0099999904632568,0.8299999833106995,0.9399999976158142,0.6298985481262207,4788000
2000-02-21,0.9599999785423279,0.9599999785423279,0.8799999952316284,0.8799999952316284,0.5896922945976257,2522000
2000-02-22,0.8999999761581421,0.8999999761581421,0.800000011920929,0.8500000238418579,0.5695891380310059,1340000
2000-02-23,0.8600000143051147,0.8799999952316284,0.8500000238418579,0.8500000238418579,0.5695891380310059,1298000
2000-02-24,0.8500000238418579,0.8600000143051147,0.8199999928474426,0.8199999928474426,0.549485981464386,1372000
2000-02-25,0.800000011920929,0.8199999928474426,0.7799999713897705,0.800000011920929,0.5360838174819946,1218000
2000-02-28,0.7900000214576721,0.800000011920929,0.7599999904632568,0.7699999809265137,0.5159807205200195,2248000
2000-02-29,0.800000011920929,0.800000011920929,0.7799999713897705,0.7900000214576721,0.5293828248977661,356000
2000-03-01,0.7799999713897705,0.7900000214576721,0.7799999713897705,0.7799999713897705,0.5226817727088928,510000
2000-03-02,0.800000011920929,0.800000011920929,0.7599999904632568,0.7799999713897705,0.5226817727088928,490000
2000-03-03,0.7799999713897705,0.800000011920929,0.7699999809265137,0.7900000214576721,0.5293828248977661,978000
2000-03-06,0.800000011920929,0.8100000023841858,0.7900000214576721,0.7900000214576721,0.5293828248977661,1126000
2000-03-07,0.800000011920929,0.8100000023841858,0.7900000214576721,0.8100000023841858,0.5427850484848022,1362000
2000-03-08,0.8100000023841858,0.8899999856948853,0.8100000023841858,0.8500000238418579,0.5695891380310059,2310000
2000-03-09,0.8799999952316284,0.9200000166893005,0.8399999737739563,0.8399999737739563,0.5628880858421326,3464000
2000-03-10,0.8700000047683716,0.8700000047683716,0.8199999928474426,0.8399999737739563,0.5628880858421326,2102000
2000-03-13,0.8399999737739563,0.8500000238418579,0.8199999928474426,0.8399999737739563,0.5628880858421326,914000
2000-03-14,0.8799999952316284,0.9200000166893005,0.8600000143051147,0.8700000047683716,0.5829913020133972,3994000
2000-03-15,0.8700000047683716,0.9100000262260437,0.8199999928474426,0.8199999928474426,0.549485981464386,2794000
2000-03-16,0.8600000143051147,0.8600000143051147,0.800000011920929,0.8100000023841858,0.5427850484848022,1246084
2000-03-17,0.8299999833106995,0.8299999833106995,0.800000011920929,0.8199999928474426,0.549485981464386,1382000
2000-03-20,0.7799999713897705,0.8199999928474426,0.7799999713897705,0.800000011920929,0.5360838174819946,812000
2000-03-21,0.7799999713897705,0.800000011920929,0.7599999904632568,0.7599999904632568,0.5092796683311462,2616000
2000-03-22,0.800000011920929,0.8500000238418579,0.7599999904632568,0.7599999904632568,0.5092796683311462,1970000
2000-03-23,0.7599999904632568,0.7699999809265137,0.7599999904632568,0.7699999809265137,0.5159807205200195,846000
2000-03-24,0.7699999809265137,0.800000011920929,0.7599999904632568,0.7799999713897705,0.5226817727088928,1792000
2000-03-27,0.7799999713897705,0.800000011920929,0.7799999713897705,0.800000011920929,0.5360838174819946,796000
2000-03-28,0.800000011920929,0.800000011920929,0.7599999904632568,0.7699999809265137,0.5159807205200195,3882000
2000-03-29,0.7799999713897705,0.7900000214576721,0.7599999904632568,0.7599999904632568,0.5092796683311462,6404000
2000-03-30,0.7599999904632568,0.800000011920929,0.7599999904632568,0.7599999904632568,0.5092796683311462,2326000
2000-03-31,0.75,0.7900000214576721,0.75,0.7699999809265137,0.5159807205200195,2678000
2000-04-03,0.7599999904632568,0.7599999904632568,0.7300000190734863,0.7300000190734863,0.4891766607761383,2470000
2000-04-04,0.7300000190734863,0.7300000190734863,0.7300000190734863,0.7300000190734863,0.4891766607761383,0
2000-04-05,0.7300000190734863,0.7400000095367432,0.6800000071525574,0.699999988079071,0.4690733850002289,5412000
2000-04-06,0.7099999785423279,0.7300000190734863,0.699999988079071,0.7200000286102295,0.48247548937797546,2545000
2000-04-07,0.7200000286102295,0.7300000190734863,0.7099999785423279,0.7200000286102295,0.48247548937797546,3156000
2000-04-10,0.7200000286102295,0.7200000286102295,0.699999988079071,0.699999988079071,0.4690733850002289,2103000
2000-04-11,0.6899999976158142,0.7099999785423279,0.6899999976158142,0.699999988079071,0.4690733850002289,784000
2000-04-12,0.7099999785423279,0.7200000286102295,0.7099999785423279,0.7099999785423279,0.47577446699142456,2834000
2000-04-13,0.7099999785423279,0.7200000286102295,0.6899999976158142,0.6899999976158142,0.46237239241600037,2934000
2000-04-14,0.6899999976158142,0.7400000095367432,0.6800000071525574,0.7400000095367432,0.49587759375572205,7126500
2000-04-17,0.7099999785423279,0.7200000286102295,0.6800000071525574,0.699999988079071,0.4690733850002289,6557000
2000-04-18,0.699999988079071,0.8100000023841858,0.6899999976158142,0.800000011920929,0.5360838174819946,29188000
2000-04-19,0.8299999833106995,0.8700000047683716,0.7699999809265137,0.7699999809265137,0.5159807205200195,23416000
2000-04-20,0.7699999809265137,0.8199999928474426,0.7599999904632568,0.800000011920929,0.5360838174819946,6218000
2000-04-21,0.800000011920929,0.800000011920929,0.800000011920929,0.800000011920929,0.5360838174819946,0
2000-04-24,0.800000011920929,0.800000011920929,0.800000011920929,0.800000011920929,0.5360838174819946,0
2000-04-25,0.8199999928474426,0.8299999833106995,0.7900000214576721,0.8199999928474426,0.549485981464386,4896000
2000-04-26,0.8500000238418579,0.8700000047683716,0.8299999833106995,0.8399999737739563,0.5628880858421326,10470000
2000-04-27,0.8299999833106995,0.8299999833106995,0.7900000214576721,0.7900000214576721,0.5293828248977661,2642000
2000-04-28,0.7900000214576721,0.800000011920929,0.7699999809265137,0.7799999713897705,0.5226817727088928,2616000
2000-05-01,0.7799999713897705,0.7799999713897705,0.7799999713897705,0.7799999713897705,0.5226817727088928,0
2000-05-02,0.8199999928474426,0.8299999833106995,0.7599999904632568,0.7799999713897705,0.5226817727088928,4478000
2000-05-03,0.7799999713897705,0.8100000023841858,0.7799999713897705,0.7799999713897705,0.5226817727088928,5312400
2000-05-04,0.7900000214576721,0.800000011920929,0.7799999713897705,0.7799999713897705,0.5226817727088928,2065000
2000-05-05,0.800000011920929,0.800000011920929,0.7799999713897705,0.7900000214576721,0.5293828248977661,1248000
2000-05-08,0.7900000214576721,0.7900000214576721,0.7699999809265137,0.7900000214576721,0.5293828248977661,2650000
2000-05-09,0.7900000214576721,0.7900000214576721,0.7900000214576721,0.7900000214576721,0.5293828248977661,0
2000-05-10,0.800000011920929,0.8399999737739563,0.7699999809265137,0.7699999809265137,0.5159807205200195,9308000
2000-05-11,0.7699999809265137,0.7699999809265137,0.7699999809265137,0.7699999809265137,0.5159807205200195,0
2000-05-12,0.7799999713897705,0.800000011920929,0.7799999713897705,0.800000011920929,0.5360838174819946,2428000
2000-05-15,0.8199999928474426,0.8899999856948853,0.8199999928474426,0.8899999856948853,0.5963932871818542,13540000
2000-05-16,0.8999999761581421,0.9300000071525574,0.8799999952316284,0.8999999761581421,0.6030943989753723,19102000
2000-05-17,0.9200000166893005,0.9200000166893005,0.8500000238418579,0.8700000047683716,0.5829913020133972,8366000
2000-05-18,0.8399999737739563,0.8600000143051147,0.8399999737739563,0.8399999737739563,0.5628880858421326,4254000
2000-05-19,0.8399999737739563,0.8600000143051147,0.8399999737739563,0.8500000238418579,0.5695891380310059,2758000
2000-05-22,0.8100000023841858,0.8500000238418579,0.8100000023841858,0.8199999928474426,0.549485981464386,1850000
2000-05-23,0.8199999928474426,0.8299999833106995,0.7799999713897705,0.800000011920929,0.5360838174819946,3274000
2000-05-24,0.800000011920929,0.8199999928474426,0.7900000214576721,0.7900000214576721,0.5293828248977661,3014000
2000-05-25,0.7799999713897705,0.7799999713897705,0.7200000286102295,0.7200000286102295,0.5171718597412109,3628000
2000-05-26,0.699999988079071,0.699999988079071,0.6499999761581421,0.6700000166893005,0.4812571108341217,2396000
2000-05-29,0.6600000262260437,0.6700000166893005,0.6499999761581421,0.6499999761581421,0.46689122915267944,936000
2000-05-30,0.6499999761581421,0.6499999761581421,0.6499999761581421,0.6499999761581421,0.46689122915267944,0
2000-05-31,0.6100000143051147,0.6200000047683716,0.5400000214576721,0.5400000214576721,0.3878788948059082,7334000
2000-06-01,0.5600000023841858,0.6000000238418579,0.5400000214576721,0.6000000238418579,0.4309765696525574,7104000
2000-06-02,0.6100000143051147,0.6499999761581421,0.6000000238418579,0.6499999761581421,0.46689122915267944,5340000
2000-06-05,0.6700000166893005,0.6800000071525574,0.6399999856948853,0.6499999761581421,0.46689122915267944,3886000
2000-06-06,0.6499999761581421,0.6499999761581421,0.6499999761581421,0.6499999761581421,0.46689122915267944,0
2000-06-07,0.6299999952316284,0.6700000166893005,0.6299999952316284,0.6700000166893005,0.4812571108341217,1150000
2000-06-08,0.6499999761581421,0.6700000166893005,0.6399999856948853,0.6499999761581421,0.46689122915267944,1030000
2000-06-09,0.6499999761581421,0.6600000262260437,0.6299999952316284,0.6600000262260437,0.47407421469688416,782000
2000-06-12,0.6499999761581421,0.6499999761581421,0.6399999856948853,0.6399999856948853,0.4597083330154419,548000
2000-06-13,0.6499999761581421,0.6600000262260437,0.6499999761581421,0.6499999761581421,0.46689122915267944,1118000
2000-06-14,0.6499999761581421,0.6499999761581421,0.6299999952316284,0.6499999761581421,0.46689122915267944,416000
2000-06-15,0.6700000166893005,0.6899999976158142,0.6499999761581421,0.6800000071525574,0.48844006657600403,4174000
2000-06-16,0.6800000071525574,0.7599999904632568,0.6700000166893005,0.7300000190734863,0.5243548154830933,10834000
2000-06-19,0.75,0.75,0.7300000190734863,0.7400000095367432,0.5315377712249756,3566000
2000-06-20,0.7300000190734863,0.7400000095367432,0.6899999976158142,0.6899999976158142,0.49562308192253113,2856000
2000-06-21,0.6899999976158142,0.7099999785423279,0.6800000071525574,0.6899999976158142,0.49562308192253113,1826000
2000-06-22,0.699999988079071,0.7099999785423279,0.6899999976158142,0.6899999976158142,0.49562308192253113,966000
2000-06-23,0.699999988079071,0.7099999785423279,0.6899999976158142,0.6899999976158142,0.49562308192253113,1160000
2000-06-26,0.7099999785423279,0.7099999785423279,0.6899999976158142,0.6899999976158142,0.49562308192253113,218000
2000-06-27,0.699999988079071,0.699999988079071,0.6700000166893005,0.6700000166893005,0.4812571108341217,596000
2000-06-28,0.6600000262260437,0.6800000071525574,0.6499999761581421,0.6499999761581421,0.46689122915267944,2398000
2000-06-29,0.6600000262260437,0.6800000071525574,0.6499999761581421,0.6700000166893005,0.4812571108341217,4948000
2000-06-30,0.6700000166893005,0.6700000166893005,0.6499999761581421,0.6600000262260437,0.47407421469688416,1620000
2000-07-03,0.6700000166893005,0.6700000166893005,0.6499999761581421,0.6499999761581421,0.46689122915267944,606000
2000-07-04,0.6499999761581421,0.6700000166893005,0.6399999856948853,0.6600000262260437,0.47407421469688416,2248000
2000-07-05,0.6700000166893005,0.6800000071525574,0.6600000262260437,0.6600000262260437,0.47407421469688416,2490000
2000-07-06,0.6700000166893005,0.6700000166893005,0.6299999952316284,0.6399999856948853,0.4597083330154419,2166000
2000-07-07,0.6499999761581421,0.6600000262260437,0.6399999856948853,0.6499999761581421,0.46689122915267944,1650000
2000-07-10,0.6399999856948853,0.6600000262260437,0.6399999856948853,0.6499999761581421,0.46689122915267944,946000
2000-07-11,0.6499999761581421,0.6899999976158142,0.6499999761581421,0.6899999976158142,0.49562308192253113,2100000
2000-07-12,0.6899999976158142,0.7300000190734863,0.6800000071525574,0.7200000286102295,0.5171718597412109,5120000
2000-07-13,0.7099999785423279,0.7400000095367432,0.6800000071525574,0.699999988079071,0.5028060078620911,4004000
2000-07-14,0.7200000286102295,0.7200000286102295,0.6899999976158142,0.699999988079071,0.5028060078620911,874000
2000-07-17,0.699999988079071,0.699999988079071,0.6700000166893005,0.6899999976158142,0.49562308192253113,1260000
2000-07-18,0.6700000166893005,0.6800000071525574,0.6600000262260437,0.6600000262260437,0.47407421469688416,630000
2000-07-19,0.6700000166893005,0.6800000071525574,0.6600000262260437,0.6600000262260437,0.47407421469688416,630000
2000-07-20,0.6899999976158142,0.8199999928474426,0.6899999976158142,0.800000011920929,0.5746352672576904,24942000
2000-07-21,0.8199999928474426,0.8399999737739563,0.7799999713897705,0.8100000023841858,0.5818184018135071,22616000
2000-07-24,0.8100000023841858,0.9399999976158142,0.8100000023841858,0.9399999976158142,0.6751965880393982,30388000
2000-07-25,0.9399999976158142,0.949999988079071,0.8700000047683716,0.8799999952316284,0.632098913192749,20710000
2000-07-26,0.8999999761581421,0.9599999785423279,0.8799999952316284,0.8999999761581421,0.6464648246765137,22386000
2000-07-27,0.8999999761581421,0.9200000166893005,0.8600000143051147,0.8799999952316284,0.632098913192749,14408000
2000-07-28,0.8799999952316284,0.8799999952316284,0.8100000023841858,0.8299999833106995,0.5961841940879822,7188000
2000-07-31,0.8299999833106995,0.8700000047683716,0.8100000023841858,0.8500000238418579,0.6105501055717468,6946000
2000-08-01,0.8600000143051147,0.9100000262260437,0.8600000143051147,0.9100000262260437,0.653647780418396,11838000
2000-08-02,0.9399999976158142,0.9399999976158142,0.8799999952316284,0.8999999761581421,0.6464648246765137,9090000
2000-08-03,0.9100000262260437,0.949999988079071,0.8899999856948853,0.9300000071525574,0.6680136919021606,15911300
2000-08-04,0.9599999785423279,1.0099999904632568,0.9399999976158142,0.9700000286102295,0.6967454552650452,40842000
2000-08-07,1.0,1.0499999523162842,0.9900000095367432,1.0399999618530273,0.7470259666442871,29472000
2000-08-08,1.0399999618530273,1.0399999618530273,1.0,1.0099999904632568,0.7254771590232849,13722000
2000-08-09,1.0099999904632568,1.0199999809265137,0.9300000071525574,0.9700000286102295,0.6967454552650452,14350000
2000-08-10,0.9700000286102295,1.0,0.9599999785423279,0.9599999785423279,0.6895623803138733,8754000
2000-08-11,0.9700000286102295,0.9800000190734863,0.9399999976158142,0.9399999976158142,0.6751965880393982,5934000
2000-08-14,0.9399999976158142,0.949999988079071,0.8799999952316284,0.8899999856948853,0.6392818689346313,7872000
2000-08-15,0.8999999761581421,0.9100000262260437,0.8700000047683716,0.8999999761581421,0.6464648246765137,9016000
2000-08-16,0.8799999952316284,0.9100000262260437,0.8500000238418579,0.8600000143051147,0.6177330017089844,18434000
2000-08-17,0.8299999833106995,0.8299999833106995,0.7599999904632568,0.800000011920929,0.5746352672576904,28316000
2000-08-18,0.7799999713897705,0.7799999713897705,0.7400000095367432,0.7599999904632568,0.5459035634994507,11270700
2000-08-21,0.75,0.7900000214576721,0.75,0.7699999809265137,0.553086519241333,4860000
2000-08-22,0.7699999809265137,0.7799999713897705,0.7599999904632568,0.7599999904632568,0.5459035634994507,2644000
2000-08-23,0.7599999904632568,0.7599999904632568,0.7099999785423279,0.7099999785423279,0.5099889636039734,5122000
2000-08-24,0.7099999785423279,0.7300000190734863,0.6800000071525574,0.6899999976158142,0.49562308192253113,4780000
2000-08-25,0.699999988079071,0.7099999785423279,0.6800000071525574,0.6800000071525574,0.48844006657600403,4402000
2000-08-28,0.6399999856948853,0.6700000166893005,0.6200000047683716,0.6600000262260437,0.47407421469688416,5328000
2000-08-29,0.6700000166893005,0.6899999976158142,0.6600000262260437,0.6700000166893005,0.4812571108341217,3968000
2000-08-30,0.6700000166893005,0.6800000071525574,0.6600000262260437,0.6700000166893005,0.4812571108341217,1010000
2000-08-31,0.6800000071525574,0.6800000071525574,0.6600000262260437,0.6600000262260437,0.47407421469688416,1248000
2000-09-01,0.6700000166893005,0.7099999785423279,0.6600000262260437,0.7099999785423279,0.5099889636039734,2712000
2000-09-04,0.7200000286102295,0.7200000286102295,0.6800000071525574,0.6899999976158142,0.49562308192253113,2552000
2000-09-05,0.7099999785423279,0.7099999785423279,0.6800000071525574,0.6899999976158142,0.49562308192253113,1110000
2000-09-06,0.699999988079071,0.699999988079071,0.6700000166893005,0.6800000071525574,0.48844006657600403,910000
2000-09-07,0.6700000166893005,0.6800000071525574,0.6700000166893005,0.6800000071525574,0.48844006657600403,1820000
2000-09-08,0.6800000071525574,0.6800000071525574,0.6600000262260437,0.6700000166893005,0.4812571108341217,776000
2000-09-11,0.6600000262260437,0.6600000262260437,0.6100000143051147,0.6200000047683716,0.445342481136322,2230000
2000-09-12,0.6100000143051147,0.6200000047683716,0.5899999737739563,0.6000000238418579,0.4309765696525574,3056000
2000-09-13,0.6000000238418579,0.6000000238418579,0.6000000238418579,0.6000000238418579,0.4309765696525574,0
2000-09-14,0.6200000047683716,0.6299999952316284,0.6100000143051147,0.6100000143051147,0.43815940618515015,1668000
2000-09-15,0.6000000238418579,0.6299999952316284,0.6000000238418579,0.6299999952316284,0.45252543687820435,344000
2000-09-18,0.6000000238418579,0.6000000238418579,0.5699999928474426,0.5699999928474426,0.4094277024269104,1744000
2000-09-19,0.5400000214576721,0.6000000238418579,0.5400000214576721,0.5799999833106995,0.4166106581687927,1178000
2000-09-20,0.5899999737739563,0.6100000143051147,0.5899999737739563,0.5899999737739563,0.42379361391067505,1534000
2000-09-21,0.5899999737739563,0.5899999737739563,0.5600000023841858,0.5600000023841858,0.4022448658943176,584000
2000-09-22,0.5600000023841858,0.5600000023841858,0.5199999809265137,0.5400000214576721,0.3878788948059082,3212000
2000-09-25,0.5699999928474426,0.5699999928474426,0.5600000023841858,0.5600000023841858,0.4022448658943176,576000
2000-09-26,0.5699999928474426,0.5799999833106995,0.5600000023841858,0.5699999928474426,0.4094277024269104,1302000
2000-09-27,0.5600000023841858,0.5699999928474426,0.5600000023841858,0.5600000023841858,0.4022448658943176,1054000
2000-09-28,0.5699999928474426,0.5799999833106995,0.550000011920929,0.5600000023841858,0.4022448658943176,1682000
2000-09-29,0.5699999928474426,0.5799999833106995,0.5699999928474426,0.5699999928474426,0.4094277024269104,720000
2000-10-02,0.5699999928474426,0.5699999928474426,0.5699999928474426,0.5699999928474426,0.4094277024269104,0
2000-10-03,0.5600000023841858,0.5699999928474426,0.5600000023841858,0.5600000023841858,0.4022448658943176,494000
2000-10-04,0.5400000214576721,0.5699999928474426,0.5400000214576721,0.5699999928474426,0.4094277024269104,1438000
2000-10-05,0.5699999928474426,0.5699999928474426,0.5699999928474426,0.5699999928474426,0.4094277024269104,240000
2000-10-06,0.5699999928474426,0.5699999928474426,0.5699999928474426,0.5699999928474426,0.4094277024269104,0
2000-10-09,0.550000011920929,0.5600000023841858,0.550000011920929,0.5600000023841858,0.4022448658943176,330000
2000-10-10,0.5600000023841858,0.5600000023841858,0.550000011920929,0.550000011920929,0.39506179094314575,560000
2000-10-11,0.5299999713897705,0.5400000214576721,0.5199999809265137,0.5199999809265137,0.37351298332214355,828000
2000-10-12,0.5199999809265137,0.5199999809265137,0.5,0.5199999809265137,0.37351298332214355,1560000
2000-10-13,0.5,0.5,0.4950000047683716,0.5,0.3591471314430237,852000
2000-10-16,0.5,0.5,0.5,0.5,0.3591471314430237,0
2000-10-17,0.5,0.5199999809265137,0.49000000953674316,0.4950000047683716,0.3555556535720825,558000
2000-10-18,0.5,0.5,0.4699999988079071,0.4699999988079071,0.3375982940196991,420000
2000-10-19,0.4699999988079071,0.4699999988079071,0.4399999976158142,0.46000000834465027,0.3304153382778168,1182000
2000-10-20,0.4699999988079071,0.49000000953674316,0.4699999988079071,0.4749999940395355,0.34118977189064026,1072000
2000-10-23,0.4749999940395355,0.48500001430511475,0.4749999940395355,0.48500001430511475,0.3483727276325226,390000
2000-10-24,0.48500001430511475,0.5,0.48500001430511475,0.48500001430511475,0.3483727276325226,1252000
2000-10-25,0.4749999940395355,0.47999998927116394,0.46000000834465027,0.46000000834465027,0.3304153382778168,1224000
2000-10-26,0.44999998807907104,0.46000000834465027,0.44999998807907104,0.46000000834465027,0.3304153382778168,500000
2000-10-27,0.46000000834465027,0.46000000834465027,0.46000000834465027,0.46000000834465027,0.3304153382778168,0
2000-10-30,0.46000000834465027,0.5,0.46000000834465027,0.5,0.3591471314430237,660000
2000-10-31,0.5,0.5199999809265137,0.49000000953674316,0.5,0.3591471314430237,1360000
2000-11-01,0.5,0.5699999928474426,0.4950000047683716,0.5600000023841858,0.4022448658943176,2638000
2000-11-02,0.550000011920929,0.5600000023841858,0.5199999809265137,0.5400000214576721,0.3878788948059082,1642000
2000-11-03,0.5400000214576721,0.5600000023841858,0.5299999713897705,0.550000011920929,0.39506179094314575,1110000
2000-11-06,0.5600000023841858,0.5699999928474426,0.5400000214576721,0.5600000023841858,0.4022448658943176,1328000
2000-11-07,0.5600000023841858,0.5600000023841858,0.5400000214576721,0.5400000214576721,0.3878788948059082,562000
2000-11-08,0.5400000214576721,0.550000011920929,0.5299999713897705,0.5299999713897705,0.3806958794593811,1370000
2000-11-09,0.5299999713897705,0.5299999713897705,0.5099999904632568,0.5199999809265137,0.37351298332214355,562000
2000-11-10,0.5099999904632568,0.5099999904632568,0.5,0.5,0.3591471314430237,988000
2000-11-13,0.4749999940395355,0.48500001430511475,0.4749999940395355,0.4749999940395355,0.34118977189064026,120000
2000-11-14,0.4950000047683716,0.4950000047683716,0.48500001430511475,0.49000000953674316,0.35196414589881897,322000
2000-11-15,0.4950000047683716,0.4950000047683716,0.4749999940395355,0.4749999940395355,0.34118977189064026,1704000
2000-11-16,0.4749999940395355,0.5,0.4749999940395355,0.5,0.3591471314430237,310000
2000-11-17,0.5,0.5,0.48500001430511475,0.48500001430511475,0.3483727276325226,454000
2000-11-20,0.49000000953674316,0.49000000953674316,0.49000000953674316,0.49000000953674316,0.35196414589881897,100000
2000-11-21,0.4950000047683716,0.5,0.4950000047683716,0.5,0.3591471314430237,314000
2000-11-22,0.49000000953674316,0.49000000953674316,0.47999998927116394,0.47999998927116394,0.34478119015693665,112000
2000-11-23,0.4650000035762787,0.5199999809265137,0.4650000035762787,0.5199999809265137,0.37351298332214355,1062000
2000-11-24,0.5099999904632568,0.5299999713897705,0.5099999904632568,0.5199999809265137,0.37351298332214355,966000
2000-11-27,0.49000000953674316,0.49000000953674316,0.49000000953674316,0.49000000953674316,0.35196414589881897,4000
2000-11-28,0.5,0.5,0.49000000953674316,0.49000000953674316,0.35196414589881897,500000
2000-11-29,0.4749999940395355,0.4749999940395355,0.4749999940395355,0.4749999940395355,0.34118977189064026,330000
2000-11-30,0.4749999940395355,0.49000000953674316,0.4749999940395355,0.47999998927116394,0.34478119015693665,494000
2000-12-01,0.47999998927116394,0.5,0.4699999988079071,0.5,0.3591471314430237,978000
2000-12-04,0.49000000953674316,0.5,0.47999998927116394,0.49000000953674316,0.35196414589881897,370000
2000-12-05,0.4950000047683716,0.4950000047683716,0.48500001430511475,0.48500001430511475,0.3483727276325226,350200
2000-12-06,0.4950000047683716,0.5,0.4950000047683716,0.5,0.3591471314430237,340000
2000-12-07,0.5,0.5,0.47999998927116394,0.49000000953674316,0.35196414589881897,626000
2000-12-08,0.49000000953674316,0.4950000047683716,0.47999998927116394,0.47999998927116394,0.34478119015693665,164000
2000-12-11,0.4950000047683716,0.4950000047683716,0.47999998927116394,0.49000000953674316,0.35196414589881897,558000
2000-12-12,0.49000000953674316,0.4950000047683716,0.47999998927116394,0.48500001430511475,0.3483727276325226,510000
2000-12-13,0.4749999940395355,0.47999998927116394,0.4749999940395355,0.47999998927116394,0.34478119015693665,352000
2000-12-14,0.47999998927116394,0.47999998927116394,0.4749999940395355,0.4749999940395355,0.34118977189064026,728000
2000-12-15,0.4699999988079071,0.4699999988079071,0.46000000834465027,0.4650000035762787,0.3340068459510803,550000
2000-12-18,0.4749999940395355,0.47999998927116394,0.46000000834465027,0.4699999988079071,0.3375982940196991,851000
2000-12-19,0.4650000035762787,0.4650000035762787,0.4399999976158142,0.44999998807907104,0.32323241233825684,1480000
2000-12-20,0.45500001311302185,0.46000000834465027,0.44999998807907104,0.46000000834465027,0.3304153382778168,2426000
2000-12-21,0.45500001311302185,0.46000000834465027,0.4449999928474426,0.46000000834465027,0.3304153382778168,160000
2000-12-22,0.44999998807907104,0.46000000834465027,0.44999998807907104,0.44999998807907104,0.32323241233825684,410000
2000-12-25,0.44999998807907104,0.44999998807907104,0.44999998807907104,0.44999998807907104,0.32323241233825684,0
2000-12-26,0.44999998807907104,0.44999998807907104,0.44999998807907104,0.44999998807907104,0.32323241233825684,0
2000-12-27,0.45500001311302185,0.45500001311302185,0.4399999976158142,0.4449999928474426,0.3196409344673157,460000
2000-12-28,0.45500001311302185,0.4650000035762787,0.45500001311302185,0.45500001311302185,0.326823890209198,548000
2000-12-29,0.45500001311302185,0.4749999940395355,0.45500001311302185,0.46000000834465027,0.3304153382778168,380000
2001-01-01,0.46000000834465027,0.46000000834465027,0.46000000834465027,0.46000000834465027,0.3304153382778168,0
2001-01-02,0.46000000834465027,0.46000000834465027,0.46000000834465027,0.46000000834465027,0.3304153382778168,310000
2001-01-03,0.44999998807907104,0.44999998807907104,0.44999998807907104,0.44999998807907104,0.32323241233825684,6000
2001-01-04,0.46000000834465027,0.47999998927116394,0.46000000834465027,0.4699999988079071,0.3375982940196991,652000
2001-01-05,0.4699999988079071,0.4749999940395355,0.4650000035762787,0.4699999988079071,0.3375982940196991,170000
2001-01-08,0.4699999988079071,0.47999998927116394,0.4699999988079071,0.4699999988079071,0.3375982940196991,204000
2001-01-09,0.4699999988079071,0.5,0.4699999988079071,0.5,0.3591471314430237,2540000
2001-01-10,0.4950000047683716,0.5099999904632568,0.4950000047683716,0.5099999904632568,0.36633002758026123,802000
2001-01-11,0.5,0.5,0.4749999940395355,0.4749999940395355,0.34118977189064026,862000
2001-01-12,0.4749999940395355,0.5,0.4749999940395355,0.49000000953674316,0.35196414589881897,888000
2001-01-15,0.47999998927116394,0.47999998927116394,0.4699999988079071,0.47999998927116394,0.34478119015693665,310000
2001-01-16,0.4749999940395355,0.47999998927116394,0.4699999988079071,0.47999998927116394,0.34478119015693665,506000
2001-01-17,0.45500001311302185,0.45500001311302185,0.45500001311302185,0.45500001311302185,0.326823890209198,60000
2001-01-18,0.46000000834465027,0.46000000834465027,0.46000000834465027,0.46000000834465027,0.3304153382778168,60000
2001-01-19,0.4699999988079071,0.4699999988079071,0.46000000834465027,0.46000000834465027,0.3304153382778168,600000
2001-01-22,0.4699999988079071,0.4749999940395355,0.4699999988079071,0.4699999988079071,0.3375982940196991,474000
2001-01-23,0.47999998927116394,0.5,0.47999998927116394,0.4950000047683716,0.3555556535720825,644000
2001-01-24,0.4950000047683716,0.4950000047683716,0.4950000047683716,0.4950000047683716,0.3555556535720825,0
2001-01-25,0.4950000047683716,0.4950000047683716,0.4950000047683716,0.4950000047683716,0.3555556535720825,0
2001-01-26,0.4950000047683716,0.4950000047683716,0.4950000047683716,0.4950000047683716,0.3555556535720825,0
2001-01-29,0.4950000047683716,0.4950000047683716,0.4749999940395355,0.47999998927116394,0.34478119015693665,470000
2001-01-30,0.4749999940395355,0.49000000953674316,0.4749999940395355,0.49000000953674316,0.35196414589881897,160000
2001-01-31,0.47999998927116394,0.47999998927116394,0.47999998927116394,0.47999998927116394,0.34478119015693665,184000
2001-02-01,0.47999998927116394,0.48500001430511475,0.47999998927116394,0.48500001430511475,0.3483727276325226,294000
2001-02-02,0.49000000953674316,0.49000000953674316,0.4749999940395355,0.4749999940395355,0.34118977189064026,214000
2001-02-05,0.4699999988079071,0.4749999940395355,0.4699999988079071,0.4699999988079071,0.3375982940196991,64000
2001-02-06,0.4699999988079071,0.47999998927116394,0.4699999988079071,0.4699999988079071,0.3375982940196991,306000
2001-02-07,0.4699999988079071,0.47999998927116394,0.4650000035762787,0.4650000035762787,0.3340068459510803,818000
2001-02-08,0.4749999940395355,0.47999998927116394,0.4749999940395355,0.4749999940395355,0.34118977189064026,730000
2001-02-09,0.47999998927116394,0.5099999904632568,0.47999998927116394,0.5099999904632568,0.36633002758026123,2399000
2001-02-12,0.5,0.5699999928474426,0.5,0.5600000023841858,0.4022448658943176,7140000
2001-02-13,0.550000011920929,0.550000011920929,0.5199999809265137,0.5199999809265137,0.37351298332214355,3010000
2001-02-14,0.5199999809265137,0.5299999713897705,0.5,0.5,0.3591471314430237,1236000
2001-02-15,0.5199999809265137,0.5199999809265137,0.5099999904632568,0.5199999809265137,0.37351298332214355,508000
2001-02-16,0.5199999809265137,0.5400000214576721,0.5099999904632568,0.5199999809265137,0.37351298332214355,2110000
2001-02-19,0.5299999713897705,0.6000000238418579,0.5199999809265137,0.5899999737739563,0.42379361391067505,8296000
2001-02-20,0.6100000143051147,0.7099999785423279,0.5899999737739563,0.7099999785423279,0.5099889636039734,32956000
2001-02-21,0.699999988079071,0.7099999785423279,0.6399999856948853,0.6600000262260437,0.47407421469688416,19386000
2001-02-22,0.6399999856948853,0.699999988079071,0.6000000238418579,0.699999988079071,0.5028060078620911,15174000
2001-02-23,0.7300000190734863,0.7799999713897705,0.699999988079071,0.7799999713897705,0.5602694749832153,42706000
2001-02-26,0.7699999809265137,0.7799999713897705,0.7300000190734863,0.75,0.5387206077575684,16384000
2001-02-27,0.75,0.7599999904632568,0.699999988079071,0.7400000095367432,0.5315377712249756,12832000
2001-02-28,0.75,0.75,0.6299999952316284,0.6399999856948853,0.4597083330154419,12596000
2001-03-01,0.6299999952316284,0.6499999761581421,0.5899999737739563,0.6000000238418579,0.4309765696525574,9178000
2001-03-02,0.6100000143051147,0.6299999952316284,0.6000000238418579,0.6000000238418579,0.4309765696525574,5447000
2001-03-05,0.6200000047683716,0.6299999952316284,0.5799999833106995,0.6299999952316284,0.45252543687820435,4326000
2001-03-06,0.6399999856948853,0.6499999761581421,0.6200000047683716,0.6299999952316284,0.45252543687820435,4790000
2001-03-07,0.6399999856948853,0.6499999761581421,0.6100000143051147,0.6499999761581421,0.46689122915267944,4170000
2001-03-08,0.6499999761581421,0.6600000262260437,0.6399999856948853,0.6499999761581421,0.46689122915267944,6732000
2001-03-09,0.6399999856948853,0.6499999761581421,0.6100000143051147,0.6100000143051147,0.43815940618515015,2905000
2001-03-12,0.5799999833106995,0.5899999737739563,0.5600000023841858,0.5699999928474426,0.4094277024269104,2835000
2001-03-13,0.5400000214576721,0.5799999833106995,0.5299999713897705,0.5799999833106995,0.4166106581687927,3430000
2001-03-14,0.5799999833106995,0.5799999833106995,0.5799999833106995,0.5799999833106995,0.4166106581687927,0
2001-03-15,0.5400000214576721,0.5699999928474426,0.5400000214576721,0.5699999928474426,0.4094277024269104,1964000
2001-03-16,0.5600000023841858,0.6000000238418579,0.5600000023841858,0.6000000238418579,0.4309765696525574,3424000
2001-03-19,0.6000000238418579,0.6200000047683716,0.6000000238418579,0.6100000143051147,0.43815940618515015,2038000
2001-03-20,0.6200000047683716,0.6299999952316284,0.5899999737739563,0.6000000238418579,0.4309765696525574,3484000
2001-03-21,0.6000000238418579,0.6299999952316284,0.6000000238418579,0.6200000047683716,0.445342481136322,1779000
2001-03-22,0.6200000047683716,0.6200000047683716,0.5799999833106995,0.5899999737739563,0.42379361391067505,4044000
2001-03-23,0.5799999833106995,0.6700000166893005,0.5799999833106995,0.6600000262260437,0.47407421469688416,12896000
2001-03-26,0.6800000071525574,0.7099999785423279,0.6600000262260437,0.699999988079071,0.5028060078620911,14982000
2001-03-27,0.7099999785423279,0.7300000190734863,0.6499999761581421,0.6700000166893005,0.4812571108341217,18602000
2001-03-28,0.6899999976158142,0.7400000095367432,0.6800000071525574,0.7099999785423279,0.5099889636039734,18732000
2001-03-29,0.6800000071525574,0.7799999713897705,0.6800000071525574,0.7799999713897705,0.5602694749832153,33616000
2001-03-30,0.7799999713897705,0.8100000023841858,0.7400000095367432,0.800000011920929,0.5746352672576904,28362000
2001-04-02,0.800000011920929,0.8399999737739563,0.7699999809265137,0.8199999928474426,0.5890012979507446,35210000
2001-04-03,0.8299999833106995,0.8299999833106995,0.7599999904632568,0.7699999809265137,0.553086519241333,21478000
2001-04-04,0.75,0.75,0.699999988079071,0.699999988079071,0.5028060078620911,15864000
2001-04-05,0.699999988079071,0.699999988079071,0.699999988079071,0.699999988079071,0.5028060078620911,0
2001-04-06,0.7300000190734863,0.7699999809265137,0.7300000190734863,0.75,0.5387206077575684,20694000
2001-04-09,0.75,0.8600000143051147,0.7400000095367432,0.8500000238418579,0.6105501055717468,47830000
2001-04-10,0.8600000143051147,0.949999988079071,0.8299999833106995,0.949999988079071,0.6823795437812805,58982000
2001-04-11,0.9599999785423279,0.9700000286102295,0.8600000143051147,0.8700000047683716,0.6249160170555115,36058000
2001-04-12,0.8799999952316284,0.9100000262260437,0.8700000047683716,0.8899999856948853,0.6392818689346313,14082000
2001-04-13,0.8899999856948853,0.8899999856948853,0.8899999856948853,0.8899999856948853,0.6392818689346313,0
2001-04-16,0.8899999856948853,0.8899999856948853,0.8899999856948853,0.8899999856948853,0.6392818689346313,0
2001-04-17,0.8999999761581421,0.949999988079071,0.8899999856948853,0.9200000166893005,0.6608306765556335,26894000
2001-04-18,0.949999988079071,1.0800000429153442,0.9399999976158142,1.059999942779541,0.7613917589187622,66266000
2001-04-19,1.0800000429153442,1.090000033378601,0.9900000095367432,1.0,0.7182942628860474,36234000
2001-04-20,1.0199999809265137,1.0499999523162842,0.8899999856948853,0.949999988079071,0.6823795437812805,35614000
2001-04-23,0.9300000071525574,1.0199999809265137,0.9300000071525574,1.0099999904632568,0.7254771590232849,24962000
2001-04-24,1.0299999713897705,1.0299999713897705,0.9800000190734863,0.9900000095367432,0.711111307144165,20642000
2001-04-25,0.9900000095367432,1.0099999904632568,0.9200000166893005,0.9599999785423279,0.6895623803138733,22006000
2001-04-26,0.9900000095367432,1.0099999904632568,0.9200000166893005,0.9599999785423279,0.6895623803138733,22006000
2001-04-27,0.8700000047683716,0.8799999952316284,0.8299999833106995,0.8500000238418579,0.6105501055717468,11960000
2001-04-30,0.8500000238418579,0.8500000238418579,0.8500000238418579,0.8500000238418579,0.6105501055717468,0
2001-05-01,0.8500000238418579,0.8500000238418579,0.8500000238418579,0.8500000238418579,0.6105501055717468,0
2001-05-02,0.8500000238418579,0.8999999761581421,0.8500000238418579,0.8999999761581421,0.6464648246765137,15442000
2001-05-03,0.8999999761581421,0.9300000071525574,0.8700000047683716,0.8799999952316284,0.632098913192749,12638000
2001-05-04,0.8700000047683716,0.9200000166893005,0.8700000047683716,0.9100000262260437,0.653647780418396,9162000
2001-05-07,0.9200000166893005,0.9200000166893005,0.8799999952316284,0.8899999856948853,0.6392818689346313,7602000
2001-05-08,0.8899999856948853,0.9100000262260437,0.8799999952316284,0.8999999761581421,0.6464648246765137,7088000
2001-05-09,0.9100000262260437,0.9100000262260437,0.8600000143051147,0.8799999952316284,0.632098913192749,7116000
2001-05-10,0.8700000047683716,0.8799999952316284,0.800000011920929,0.8399999737739563,0.6033670902252197,5594000
2001-05-11,0.8299999833106995,0.8600000143051147,0.8299999833106995,0.8299999833106995,0.5961841940879822,5150000
2001-05-14,0.8299999833106995,0.8299999833106995,0.75,0.7699999809265137,0.553086519241333,16146000
2001-05-15,0.7599999904632568,0.8299999833106995,0.7599999904632568,0.8199999928474426,0.5890012979507446,11576000
2001-05-16,0.8299999833106995,0.8700000047683716,0.8100000023841858,0.8199999928474426,0.5890012979507446,12194000
2001-05-17,0.8299999833106995,0.8700000047683716,0.8299999833106995,0.8600000143051147,0.6177330017089844,8992000
2001-05-18,0.8600000143051147,0.8600000143051147,0.8199999928474426,0.8500000238418579,0.6105501055717468,7786000
2001-05-21,0.8700000047683716,0.9100000262260437,0.8600000143051147,0.9100000262260437,0.653647780418396,19248000
2001-05-22,0.9200000166893005,0.9399999976158142,0.8999999761581421,0.9200000166893005,0.6608306765556335,15808000
2001-05-23,0.9200000166893005,0.9300000071525574,0.8799999952316284,0.8799999952316284,0.632098913192749,6604000
2001-05-24,0.8799999952316284,0.949999988079071,0.8799999952316284,0.9399999976158142,0.6751965880393982,10620000
2001-05-25,0.949999988079071,1.0,0.949999988079071,0.9900000095367432,0.711111307144165,27286000
2001-05-28,1.0199999809265137,1.159999966621399,1.0,1.1399999856948853,0.8188554048538208,40828000
2001-05-29,1.1799999475479126,1.1799999475479126,1.059999942779541,1.100000023841858,0.7901235818862915,29494000
2001-05-30,1.1200000047683716,1.350000023841858,1.059999942779541,1.3200000524520874,0.9481484293937683,57197000
2001-05-31,1.3300000429153442,1.4600000381469727,1.2599999904632568,1.3799999952316284,0.9912461638450623,63296000
2001-06-01,1.399999976158142,1.559999942779541,1.3799999952316284,1.559999942779541,1.1205389499664307,38930000
2001-06-04,1.5800000429153442,1.7799999713897705,1.5499999523162842,1.7200000286102295,1.2354660034179688,43460000
2001-06-05,1.7799999713897705,1.8200000524520874,1.5700000524520874,1.6200000047683716,1.1636368036270142,34116000
2001-06-06,1.6100000143051147,1.7200000286102295,1.5499999523162842,1.6399999856948853,1.1780025959014893,28616000
2001-06-07,1.6299999952316284,1.8600000143051147,1.6299999952316284,1.8600000143051147,1.3360273838043213,27862000
2001-06-08,1.8799999952316284,2.0,1.8700000047683716,1.899999976158142,1.364759087562561,47100000
2001-06-11,1.9199999570846558,1.9700000286102295,1.7899999618530273,1.8300000429153442,1.3144786357879639,29184000
2001-06-12,1.8300000429153442,1.8799999952316284,1.7100000381469727,1.7100000381469727,1.2282830476760864,21978000
2001-06-13,1.6699999570846558,1.7400000095367432,1.5299999713897705,1.6200000047683716,1.1636368036270142,30688000
2001-06-14,1.6200000047683716,1.690000057220459,1.340000033378601,1.3899999856948853,0.9984292387962341,38130000
2001-06-15,1.3300000429153442,1.5499999523162842,1.1799999475479126,1.5299999713897705,1.0989900827407837,75332000
2001-06-18,1.5299999713897705,1.600000023841858,1.399999976158142,1.4700000286102295,1.0558924674987793,46046000
2001-06-19,1.4800000190734863,1.5399999618530273,1.350000023841858,1.5299999713897705,1.0989900827407837,38890000
2001-06-20,1.5199999809265137,1.649999976158142,1.4800000190734863,1.6299999952316284,1.170819640159607,69558000
2001-06-21,1.659999966621399,1.7400000095367432,1.6200000047683716,1.7100000381469727,1.2282830476760864,50158000
2001-06-22,1.7200000286102295,1.7300000190734863,1.649999976158142,1.649999976158142,1.185185432434082,27022000
2001-06-25,1.649999976158142,1.649999976158142,1.649999976158142,1.649999976158142,1.185185432434082,0
2001-06-26,1.6799999475479126,1.690000057220459,1.5700000524520874,1.5700000524520874,1.127721905708313,13574000
2001-06-27,1.590000033378601,1.6200000047683716,1.5299999713897705,1.559999942779541,1.1205389499664307,13236000
2001-06-28,1.5800000429153442,1.6299999952316284,1.5099999904632568,1.5299999713897705,1.0989900827407837,22662000
2001-06-29,1.5700000524520874,1.5800000429153442,1.4700000286102295,1.4900000095367432,1.070258617401123,13192000
2001-07-02,1.4900000095367432,1.4900000095367432,1.4900000095367432,1.4900000095367432,1.070258617401123,0
2001-07-03,1.5,1.5299999713897705,1.409999966621399,1.4700000286102295,1.0558924674987793,14238000
2001-07-04,1.4700000286102295,1.5299999713897705,1.4600000381469727,1.5,1.0774412155151367,11568000
2001-07-05,1.5,1.5,1.4199999570846558,1.4199999570846558,1.0199779272079468,9348000
2001-07-06,1.4199999570846558,1.4199999570846558,1.4199999570846558,1.4199999570846558,1.0199779272079468,0
2001-07-09,1.350000023841858,1.3799999952316284,1.2799999713897705,1.2899999618530273,0.9265995025634766,14156000
2001-07-10,1.3300000429153442,1.409999966621399,1.2699999809265137,1.3899999856948853,0.9984292387962341,19506000
2001-07-11,1.3600000143051147,1.3899999856948853,1.309999942779541,1.3300000429153442,0.9553313851356506,15336000
2001-07-12,1.3600000143051147,1.3700000047683716,1.309999942779541,1.309999942779541,0.9409655332565308,9634000
2001-07-13,1.340000033378601,1.350000023841858,1.2699999809265137,1.2799999713897705,0.9194166660308838,11528000
2001-07-16,1.2999999523162842,1.309999942779541,1.1299999952316284,1.1399999856948853,0.8188554048538208,16104000
2001-07-17,1.1200000047683716,1.1299999952316284,1.0,1.0099999904632568,0.7254771590232849,28300000
2001-07-18,1.0299999713897705,1.090000033378601,0.9900000095367432,1.0299999713897705,0.7398431301116943,24770000
2001-07-19,1.0399999618530273,1.0399999618530273,0.9200000166893005,1.0,0.7182942628860474,22004000
2001-07-20,0.9800000190734863,1.1299999952316284,0.9700000286102295,1.1100000143051147,0.7973065972328186,44004000
2001-07-23,1.0700000524520874,1.1200000047683716,1.059999942779541,1.0700000524520874,0.7685747742652893,18598000
2001-07-24,1.0399999618530273,1.159999966621399,1.0399999618530273,1.149999976158142,0.8260384202003479,21898000
2001-07-25,1.149999976158142,1.149999976158142,1.149999976158142,1.149999976158142,0.8260384202003479,0
2001-07-26,1.149999976158142,1.2599999904632568,1.1299999952316284,1.2100000381469727,0.8691361546516418,36844000
2001-07-27,1.2200000286102295,1.2599999904632568,1.2000000476837158,1.2100000381469727,0.8691361546516418,25098000
2001-07-30,1.2200000286102295,1.2400000095367432,1.149999976158142,1.159999966621399,0.8332213163375854,15664000
2001-07-31,1.149999976158142,1.1799999475479126,1.0700000524520874,1.0800000429153442,0.7757577896118164,15860000
2001-08-01,1.090000033378601,1.1299999952316284,1.0700000524520874,1.100000023841858,0.7901235818862915,12448000
2001-08-02,1.100000023841858,1.1100000143051147,1.0199999809265137,1.0299999713897705,0.7398431301116943,12452000
2001-08-03,1.0399999618530273,1.0499999523162842,0.9800000190734863,0.9800000190734863,0.7039282917976379,10610600
2001-08-06,0.9599999785423279,1.0,0.8999999761581421,0.9300000071525574,0.6680136919021606,11244000
2001-08-07,0.9100000262260437,1.0399999618530273,0.8999999761581421,1.0299999713897705,0.7398431301116943,24398000
2001-08-08,1.0499999523162842,1.090000033378601,1.0099999904632568,1.0099999904632568,0.7254771590232849,20856000
2001-08-09,1.0099999904632568,1.1100000143051147,1.0,1.100000023841858,0.7901235818862915,33940000
2001-08-10,1.090000033378601,1.1399999856948853,1.090000033378601,1.090000033378601,0.782940685749054,25346000
2001-08-13,1.100000023841858,1.100000023841858,1.0299999713897705,1.0399999618530273,0.7470259666442871,6234000
2001-08-14,1.0499999523162842,1.0800000429153442,1.0399999618530273,1.059999942779541,0.7613917589187622,8372000
2001-08-15,1.0499999523162842,1.1200000047683716,1.0499999523162842,1.100000023841858,0.7901235818862915,12358000
2001-08-16,1.100000023841858,1.1100000143051147,1.0299999713897705,1.0399999618530273,0.7470259666442871,8182000
2001-08-17,1.059999942779541,1.0800000429153442,1.0299999713897705,1.0399999618530273,0.7470259666442871,5364000
2001-08-20,1.0099999904632568,1.100000023841858,1.0099999904632568,1.059999942779541,0.7613917589187622,8980000
2001-08-21,1.0800000429153442,1.1200000047683716,1.0700000524520874,1.1100000143051147,0.7973065972328186,14796000
2001-08-22,1.090000033378601,1.1200000047683716,1.0499999523162842,1.059999942779541,0.7613917589187622,21578000
2001-08-23,1.0700000524520874,1.090000033378601,1.059999942779541,1.059999942779541,0.7613917589187622,5568000
2001-08-24,1.0700000524520874,1.0800000429153442,1.0399999618530273,1.0499999523162842,0.7542088627815247,6462000
2001-08-27,1.059999942779541,1.059999942779541,1.0099999904632568,1.0199999809265137,0.7326600551605225,5519400
2001-08-28,1.0199999809265137,1.0299999713897705,0.9700000286102295,1.0,0.7182942628860474,5394000
2001-08-29,1.0099999904632568,1.0199999809265137,0.9700000286102295,0.9700000286102295,0.6967454552650452,2618000
2001-08-30,0.9700000286102295,0.9700000286102295,0.9399999976158142,0.9700000286102295,0.6967454552650452,2228000
2001-08-31,0.9399999976158142,1.0,0.9399999976158142,0.9700000286102295,0.6967454552650452,4898000
2001-09-03,0.9800000190734863,0.9800000190734863,0.9200000166893005,0.9300000071525574,0.6680136919021606,1536000
2001-09-04,0.9300000071525574,0.9800000190734863,0.9300000071525574,0.9700000286102295,0.6967454552650452,2440000
2001-09-05,0.9700000286102295,0.9800000190734863,0.9300000071525574,0.949999988079071,0.6823795437812805,2632000
2001-09-06,0.949999988079071,1.0,0.949999988079071,0.9800000190734863,0.7039282917976379,3320000
2001-09-07,0.9599999785423279,0.9599999785423279,0.9300000071525574,0.9399999976158142,0.6751965880393982,1646000
2001-09-10,0.9399999976158142,0.949999988079071,0.9300000071525574,0.9399999976158142,0.6751965880393982,1150000
2001-09-11,0.9300000071525574,0.949999988079071,0.8999999761581421,0.9100000262260437,0.653647780418396,2510000
2001-09-12,0.8500000238418579,0.8500000238418579,0.699999988079071,0.7599999904632568,0.5459035634994507,7204000
2001-09-13,0.800000011920929,0.8100000023841858,0.7300000190734863,0.7400000095367432,0.5315377712249756,4262000
2001-09-14,0.7599999904632568,0.7599999904632568,0.6100000143051147,0.6100000143051147,0.43815940618515015,4340000
2001-09-17,0.5600000023841858,0.5600000023841858,0.5299999713897705,0.5299999713897705,0.3806958794593811,5108000
2001-09-18,0.5799999833106995,0.6000000238418579,0.5299999713897705,0.5600000023841858,0.4022448658943176,7456000
2001-09-19,0.5699999928474426,0.7099999785423279,0.5699999928474426,0.7099999785423279,0.5099889636039734,23172000
2001-09-20,0.6800000071525574,0.7599999904632568,0.6600000262260437,0.6600000262260437,0.47407421469688416,39436000
2001-09-21,0.6399999856948853,0.7099999785423279,0.6399999856948853,0.699999988079071,0.5028060078620911,19200000
2001-09-24,0.699999988079071,0.699999988079071,0.699999988079071,0.699999988079071,0.5028060078620911,0
2001-09-25,0.8100000023841858,0.8199999928474426,0.7300000190734863,0.7400000095367432,0.5315377712249756,24746000
2001-09-26,0.75,0.7799999713897705,0.7200000286102295,0.7200000286102295,0.5171718597412109,11730000
2001-09-27,0.7400000095367432,0.7599999904632568,0.7200000286102295,0.7599999904632568,0.5459035634994507,12382000
2001-09-28,0.7599999904632568,0.7599999904632568,0.7599999904632568,0.7599999904632568,0.5459035634994507,0
2001-10-01,0.7599999904632568,0.7599999904632568,0.7599999904632568,0.7599999904632568,0.5459035634994507,0
2001-10-02,0.7599999904632568,0.7599999904632568,0.7599999904632568,0.7599999904632568,0.5459035634994507,0
2001-10-03,0.7699999809265137,0.7699999809265137,0.7400000095367432,0.75,0.5387206077575684,6580000
2001-10-04,0.7699999809265137,0.7900000214576721,0.7699999809265137,0.7699999809265137,0.553086519241333,8968000
2001-10-05,0.7599999904632568,0.8700000047683716,0.75,0.8600000143051147,0.6177330017089844,32548000
2001-10-08,0.8299999833106995,0.9300000071525574,0.8199999928474426,0.9100000262260437,0.653647780418396,38392000
2001-10-09,0.9300000071525574,0.9399999976158142,0.8600000143051147,0.8999999761581421,0.6464648246765137,26048000
2001-10-10,0.8999999761581421,0.9200000166893005,0.8700000047683716,0.8899999856948853,0.6392818689346313,8508000
2001-10-11,0.9100000262260437,1.0,0.8899999856948853,0.9200000166893005,0.6608306765556335,36854000
2001-10-12,0.9300000071525574,0.9399999976158142,0.8600000143051147,0.8600000143051147,0.6177330017089844,28318000
2001-10-15,0.8799999952316284,0.9100000262260437,0.8299999833106995,0.8500000238418579,0.6105501055717468,8192000
2001-10-16,0.8700000047683716,0.8999999761581421,0.8500000238418579,0.8700000047683716,0.6249160170555115,8900000
2001-10-17,0.8799999952316284,0.9200000166893005,0.8700000047683716,0.8999999761581421,0.6464648246765137,21796000
2001-10-18,0.8799999952316284,0.8999999761581421,0.8399999737739563,0.8600000143051147,0.6177330017089844,10858000
2001-10-19,0.8700000047683716,0.8899999856948853,0.8399999737739563,0.8399999737739563,0.6033670902252197,9128000
2001-10-22,0.8600000143051147,0.8899999856948853,0.8500000238418579,0.8600000143051147,0.6177330017089844,11636000
2001-10-23,0.9100000262260437,0.9900000095367432,0.8999999761581421,0.9900000095367432,0.711111307144165,43442000
2001-10-24,1.0,1.0,0.9300000071525574,0.949999988079071,0.6823795437812805,28436000
2001-10-25,0.949999988079071,0.949999988079071,0.949999988079071,0.949999988079071,0.6823795437812805,0
2001-10-26,0.9700000286102295,0.9700000286102295,0.9300000071525574,0.949999988079071,0.6823795437812805,15208000
2001-10-29,0.949999988079071,0.9800000190734863,0.9399999976158142,0.9700000286102295,0.6967454552650452,10110000
2001-10-30,0.949999988079071,1.0499999523162842,0.949999988079071,1.0399999618530273,0.7470259666442871,50264000
2001-10-31,1.0399999618530273,1.059999942779541,1.0,1.0299999713897705,0.7398431301116943,22794000
2001-11-01,1.0399999618530273,1.1100000143051147,1.0399999618530273,1.0499999523162842,0.7542088627815247,28086000
2001-11-02,1.0700000524520874,1.0700000524520874,1.0099999904632568,1.0499999523162842,0.7542088627815247,12956000
2001-11-05,1.0499999523162842,1.100000023841858,1.0399999618530273,1.100000023841858,0.7901235818862915,21054000
2001-11-06,1.1200000047683716,1.1200000047683716,1.059999942779541,1.059999942779541,0.7613917589187622,13562000
2001-11-07,1.0700000524520874,1.0700000524520874,0.9900000095367432,0.9900000095367432,0.711111307144165,14048000
2001-11-08,1.0,1.0499999523162842,1.0,1.0199999809265137,0.7326600551605225,12708000
2001-11-09,1.0199999809265137,1.0199999809265137,1.0199999809265137,1.0199999809265137,0.7326600551605225,0
2001-11-12,1.0199999809265137,1.0299999713897705,0.9399999976158142,0.949999988079071,0.6823795437812805,7390000
2001-11-13,0.9399999976158142,0.9700000286102295,0.9200000166893005,0.9599999785423279,0.6895623803138733,8526000
2001-11-14,0.9700000286102295,1.0099999904632568,0.9700000286102295,0.9900000095367432,0.711111307144165,8590000
2001-11-15,0.9800000190734863,1.0099999904632568,0.9700000286102295,1.0,0.7182942628860474,9036000
2001-11-16,1.0099999904632568,1.0399999618530273,0.9800000190734863,0.9800000190734863,0.7039282917976379,10212000
2001-11-19,0.9900000095367432,1.0099999904632568,0.9900000095367432,1.0099999904632568,0.7254771590232849,4010000
2001-11-20,1.0,1.0399999618530273,1.0,1.0199999809265137,0.7326600551605225,15738000
2001-11-21,1.0299999713897705,1.059999942779541,1.0099999904632568,1.0199999809265137,0.7326600551605225,11998000
2001-11-22,1.0199999809265137,1.0399999618530273,1.0099999904632568,1.0199999809265137,0.7326600551605225,3424000
2001-11-23,1.0299999713897705,1.0700000524520874,1.0299999713897705,1.0700000524520874,0.7685747742652893,16686000
2001-11-26,1.0800000429153442,1.090000033378601,1.0399999618530273,1.0499999523162842,0.7542088627815247,8858000
2001-11-27,1.0499999523162842,1.0499999523162842,1.0099999904632568,1.0199999809265137,0.7326600551605225,6220000
2001-11-28,1.0199999809265137,1.0399999618530273,1.0099999904632568,1.0199999809265137,0.7326600551605225,2698509
2001-11-29,1.0199999809265137,1.0199999809265137,1.0,1.0,0.7182942628860474,3141001
2001-11-30,1.0199999809265137,1.0199999809265137,1.0,1.0,0.7182942628860474,2786000
2001-12-03,1.0099999904632568,1.0299999713897705,1.0,1.0199999809265137,0.7326600551605225,2158000
2001-12-04,1.0199999809265137,1.0399999618530273,1.0099999904632568,1.0199999809265137,0.7326600551605225,5414000
2001-12-05,1.0199999809265137,1.0199999809265137,0.9900000095367432,1.0099999904632568,0.7254771590232849,6284000
2001-12-06,1.0099999904632568,1.0399999618530273,0.9599999785423279,0.9800000190734863,0.7039282917976379,9236000
2001-12-07,0.9800000190734863,0.9800000190734863,0.9599999785423279,0.9599999785423279,0.6895623803138733,3866000
2001-12-10,0.9599999785423279,0.9900000095367432,0.9599999785423279,0.9900000095367432,0.711111307144165,3070000
2001-12-11,0.9800000190734863,0.9800000190734863,0.9599999785423279,0.9700000286102295,0.6967454552650452,1944000
2001-12-12,0.9599999785423279,0.9599999785423279,0.8899999856948853,0.8999999761581421,0.6464648246765137,10820000
2001-12-13,0.9100000262260437,0.9100000262260437,0.8299999833106995,0.8500000238418579,0.6105501055717468,6594000
2001-12-14,0.8500000238418579,0.8799999952316284,0.8299999833106995,0.8600000143051147,0.6177330017089844,7234000
2001-12-17,0.8600000143051147,0.8700000047683716,0.8299999833106995,0.8299999833106995,0.5961841940879822,2420000
2001-12-18,0.8399999737739563,0.8399999737739563,0.8100000023841858,0.8100000023841858,0.5818184018135071,3064000
2001-12-19,0.8199999928474426,0.8399999737739563,0.8199999928474426,0.8299999833106995,0.5961841940879822,2124000
2001-12-20,0.8299999833106995,0.8700000047683716,0.8299999833106995,0.8700000047683716,0.6249160170555115,4996000
2001-12-21,0.8600000143051147,0.8700000047683716,0.8500000238418579,0.8500000238418579,0.6105501055717468,2970000
2001-12-24,0.8299999833106995,0.8399999737739563,0.8299999833106995,0.8399999737739563,0.6033670902252197,380000
2001-12-25,0.8399999737739563,0.8399999737739563,0.8399999737739563,0.8399999737739563,0.6033670902252197,0
2001-12-26,0.8399999737739563,0.8399999737739563,0.8399999737739563,0.8399999737739563,0.6033670902252197,0
2001-12-27,0.8299999833106995,0.8500000238418579,0.8199999928474426,0.8399999737739563,0.6033670902252197,1216000
2001-12-28,0.8199999928474426,0.8399999737739563,0.8199999928474426,0.8399999737739563,0.6033670902252197,710000
2001-12-31,0.8299999833106995,0.8399999737739563,0.8299999833106995,0.8399999737739563,0.6033670902252197,290000
2002-01-01,0.8399999737739563,0.8399999737739563,0.8399999737739563,0.8399999737739563,0.6033670902252197,0
2002-01-02,0.8299999833106995,0.8799999952316284,0.8299999833106995,0.8700000047683716,0.6249160170555115,2518000
2002-01-03,0.8700000047683716,0.8700000047683716,0.8700000047683716,0.8700000047683716,0.6249160170555115,0
2002-01-04,0.9200000166893005,0.949999988079071,0.8899999856948853,0.949999988079071,0.6823795437812805,10062000
2002-01-07,0.949999988079071,0.9800000190734863,0.9300000071525574,0.9599999785423279,0.6895623803138733,9028000
2002-01-08,0.9599999785423279,0.9599999785423279,0.9200000166893005,0.9200000166893005,0.6608306765556335,3570000
2002-01-09,0.9300000071525574,0.9399999976158142,0.8899999856948853,0.8899999856948853,0.6392818689346313,3084000
2002-01-10,0.8899999856948853,0.9200000166893005,0.8700000047683716,0.9200000166893005,0.6608306765556335,2478000
2002-01-11,0.9100000262260437,0.9200000166893005,0.8899999856948853,0.8899999856948853,0.6392818689346313,1798000
2002-01-14,0.8500000238418579,0.8799999952316284,0.8500000238418579,0.8600000143051147,0.6177330017089844,1770000
2002-01-15,0.8500000238418579,0.8700000047683716,0.8399999737739563,0.8500000238418579,0.6105501055717468,1704000
2002-01-16,0.8600000143051147,0.9100000262260437,0.8600000143051147,0.8899999856948853,0.6392818689346313,6122000
2002-01-17,0.8799999952316284,0.9100000262260437,0.8799999952316284,0.8899999856948853,0.6392818689346313,2902000
2002-01-18,0.8899999856948853,0.9300000071525574,0.8899999856948853,0.8899999856948853,0.6392818689346313,3852000
2002-01-21,0.8999999761581421,0.8999999761581421,0.8799999952316284,0.8799999952316284,0.632098913192749,1050000
2002-01-22,0.8799999952316284,0.8799999952316284,0.8600000143051147,0.8600000143051147,0.6177330017089844,820000
2002-01-23,0.8500000238418579,0.8799999952316284,0.8399999737739563,0.8700000047683716,0.6249160170555115,4130000
2002-01-24,0.8799999952316284,0.8999999761581421,0.8500000238418579,0.8899999856948853,0.6392818689346313,4662000
2002-01-25,0.8999999761581421,0.9300000071525574,0.8799999952316284,0.9200000166893005,0.6608306765556335,13014000
2002-01-28,0.9300000071525574,0.9599999785423279,0.9100000262260437,0.9300000071525574,0.6680136919021606,12812000
2002-01-29,0.9300000071525574,0.9399999976158142,0.8999999761581421,0.9100000262260437,0.653647780418396,4894000
2002-01-30,0.9100000262260437,0.9100000262260437,0.8899999856948853,0.8899999856948853,0.6392818689346313,5144000
2002-01-31,0.8899999856948853,0.8899999856948853,0.8899999856948853,0.8899999856948853,0.6392818689346313,0
2002-02-01,0.8999999761581421,0.8999999761581421,0.8700000047683716,0.8799999952316284,0.632098913192749,1396000
2002-02-04,0.8899999856948853,0.8999999761581421,0.8600000143051147,0.8600000143051147,0.6177330017089844,1628000
2002-02-05,0.8600000143051147,0.8700000047683716,0.8600000143051147,0.8700000047683716,0.6249160170555115,1082000
2002-02-06,0.8600000143051147,0.8899999856948853,0.8600000143051147,0.8700000047683716,0.6249160170555115,1830000
2002-02-07,0.8899999856948853,0.8899999856948853,0.8700000047683716,0.8700000047683716,0.6249160170555115,1610000
2002-02-08,0.8799999952316284,0.8799999952316284,0.8700000047683716,0.8700000047683716,0.6249160170555115,1340000
2002-02-11,0.8899999856948853,0.9100000262260437,0.8799999952316284,0.9100000262260437,0.653647780418396,3656000
2002-02-12,0.9100000262260437,0.9100000262260437,0.9100000262260437,0.9100000262260437,0.653647780418396,0
2002-02-13,0.9100000262260437,0.9100000262260437,0.9100000262260437,0.9100000262260437,0.653647780418396,0
2002-02-14,0.9100000262260437,0.9100000262260437,0.9100000262260437,0.9100000262260437,0.653647780418396,0
2002-02-15,0.9200000166893005,0.9300000071525574,0.8999999761581421,0.9200000166893005,0.6608306765556335,4628000
2002-02-18,0.9200000166893005,0.9800000190734863,0.9200000166893005,0.9800000190734863,0.7039282917976379,16448000
2002-02-19,0.9900000095367432,1.0199999809265137,0.9599999785423279,0.9800000190734863,0.7039282917976379,20170000
2002-02-20,0.9800000190734863,1.0299999713897705,0.9800000190734863,1.0299999713897705,0.7398431301116943,15488000
2002-02-21,1.0499999523162842,1.059999942779541,1.0099999904632568,1.0199999809265137,0.7326600551605225,26648000
2002-02-22,1.0099999904632568,1.0499999523162842,1.0,1.0399999618530273,0.7470259666442871,14096000
2002-02-25,1.0399999618530273,1.0399999618530273,0.9800000190734863,0.9900000095367432,0.711111307144165,7422000
2002-02-26,1.0,1.0,0.9599999785423279,0.9700000286102295,0.6967454552650452,5522000
2002-02-27,0.9700000286102295,1.0099999904632568,0.9700000286102295,0.9800000190734863,0.7039282917976379,6234000
2002-02-28,1.0,1.0,0.9700000286102295,0.9800000190734863,0.7039282917976379,3682000
2002-03-01,0.9900000095367432,0.9900000095367432,0.949999988079071,0.9599999785423279,0.6895623803138733,2900000
2002-03-04,0.9800000190734863,0.9800000190734863,0.9399999976158142,0.9599999785423279,0.6895623803138733,6146000
2002-03-05,0.9700000286102295,0.9800000190734863,0.9599999785423279,0.9599999785423279,0.6895623803138733,5130000
2002-03-06,0.9700000286102295,0.9700000286102295,0.949999988079071,0.949999988079071,0.6823795437812805,4288000
2002-03-07,0.949999988079071,0.9700000286102295,0.949999988079071,0.9599999785423279,0.6895623803138733,4784000
2002-03-08,0.9599999785423279,0.9599999785423279,0.9399999976158142,0.949999988079071,0.6823795437812805,2522000
2002-03-11,0.9399999976158142,0.9700000286102295,0.9399999976158142,0.9700000286102295,0.6967454552650452,3998000
2002-03-12,0.9700000286102295,1.0399999618530273,0.9700000286102295,1.0299999713897705,0.7398431301116943,21628000
2002-03-13,1.0399999618530273,1.0399999618530273,1.0099999904632568,1.0199999809265137,0.7326600551605225,8908000
2002-03-14,1.0199999809265137,1.0199999809265137,1.0,1.0099999904632568,0.7254771590232849,3496000
2002-03-15,1.0,1.0099999904632568,0.9800000190734863,0.9800000190734863,0.7039282917976379,3630000
2002-03-18,0.9900000095367432,1.0,0.9800000190734863,0.9800000190734863,0.7039282917976379,2374000
2002-03-19,0.9800000190734863,0.9800000190734863,0.9700000286102295,0.9700000286102295,0.6967454552650452,1790000
2002-03-20,0.9800000190734863,0.9800000190734863,0.9700000286102295,0.9800000190734863,0.7039282917976379,1712000
2002-03-21,0.9800000190734863,0.9800000190734863,0.949999988079071,0.9599999785423279,0.6895623803138733,1212000
2002-03-22,0.9599999785423279,0.9700000286102295,0.9599999785423279,0.9700000286102295,0.6967454552650452,942000
2002-03-25,0.9599999785423279,0.9700000286102295,0.949999988079071,0.9599999785423279,0.6895623803138733,516000
2002-03-26,0.9700000286102295,0.9700000286102295,0.9399999976158142,0.9399999976158142,0.6751965880393982,1794000
2002-03-27,0.9599999785423279,0.9700000286102295,0.9599999785423279,0.9700000286102295,0.6967454552650452,1106000
2002-03-28,0.9700000286102295,0.9700000286102295,0.949999988079071,0.9599999785423279,0.6895623803138733,726000
2002-03-29,0.9599999785423279,0.9599999785423279,0.9599999785423279,0.9599999785423279,0.6895623803138733,0
2002-04-01,0.9599999785423279,0.9599999785423279,0.9599999785423279,0.9599999785423279,0.6895623803138733,0
2002-04-02,0.949999988079071,0.9599999785423279,0.9399999976158142,0.949999988079071,0.6823795437812805,508000
2002-04-03,0.9399999976158142,0.9900000095367432,0.9399999976158142,0.9900000095367432,0.711111307144165,3268000
2002-04-04,0.9800000190734863,1.0199999809265137,0.9800000190734863,1.0199999809265137,0.7326600551605225,5302000
2002-04-05,1.0199999809265137,1.0199999809265137,1.0199999809265137,1.0199999809265137,0.7326600551605225,0
2002-04-08,1.0099999904632568,1.0399999618530273,1.0,1.0199999809265137,0.7326600551605225,7416000
2002-04-09,1.0199999809265137,1.0199999809265137,0.9900000095367432,1.0,0.7182942628860474,2368000
2002-04-10,0.9900000095367432,1.0099999904632568,0.9900000095367432,0.9900000095367432,0.711111307144165,3850000
2002-04-11,1.0099999904632568,1.0099999904632568,0.9599999785423279,0.9599999785423279,0.6895623803138733,2106000
2002-04-12,0.9599999785423279,0.9800000190734863,0.9599999785423279,0.9700000286102295,0.6967454552650452,1960000
2002-04-15,0.9800000190734863,1.0,0.9800000190734863,0.9900000095367432,0.711111307144165,2542000
2002-04-16,0.9900000095367432,0.9900000095367432,0.9800000190734863,0.9900000095367432,0.711111307144165,1146000
2002-04-17,0.9900000095367432,1.0,0.9800000190734863,0.9900000095367432,0.711111307144165,2654000
2002-04-18,0.9800000190734863,0.9900000095367432,0.9700000286102295,0.9800000190734863,0.7039282917976379,1592000
2002-04-19,0.9599999785423279,0.9800000190734863,0.9599999785423279,0.9700000286102295,0.6967454552650452,2680000
2002-04-22,0.9700000286102295,0.9800000190734863,0.949999988079071,0.949999988079071,0.6823795437812805,1978000
2002-04-23,0.9399999976158142,0.9599999785423279,0.9300000071525574,0.949999988079071,0.6823795437812805,4968000
2002-04-24,0.9399999976158142,0.949999988079071,0.9399999976158142,0.9399999976158142,0.6751965880393982,1664000
2002-04-25,0.9399999976158142,0.9399999976158142,0.8999999761581421,0.9100000262260437,0.653647780418396,3146000
2002-04-26,0.8999999761581421,0.9399999976158142,0.8999999761581421,0.9300000071525574,0.6680136919021606,1774000
2002-04-29,0.9200000166893005,0.9300000071525574,0.8999999761581421,0.9200000166893005,0.6608306765556335,2234000
2002-04-30,0.9200000166893005,0.9200000166893005,0.8999999761581421,0.9100000262260437,0.653647780418396,1614000
2002-05-01,0.9100000262260437,0.9100000262260437,0.9100000262260437,0.9100000262260437,0.653647780418396,0
2002-05-02,0.9100000262260437,0.9300000071525574,0.9100000262260437,0.9200000166893005,0.6608306765556335,1448000
2002-05-03,0.9200000166893005,0.9399999976158142,0.9200000166893005,0.9399999976158142,0.6751965880393982,2364000
2002-05-06,0.9399999976158142,0.9599999785423279,0.9300000071525574,0.9300000071525574,0.6680136919021606,1040000
2002-05-07,0.9399999976158142,0.9399999976158142,0.9200000166893005,0.9200000166893005,0.6608306765556335,1344000
2002-05-08,0.9300000071525574,0.9300000071525574,0.9100000262260437,0.9100000262260437,0.653647780418396,538000
2002-05-09,0.9300000071525574,0.949999988079071,0.9200000166893005,0.9200000166893005,0.6608306765556335,1464000
2002-05-10,0.9200000166893005,0.9200000166893005,0.9100000262260437,0.9100000262260437,0.653647780418396,734000
2002-05-13,0.8999999761581421,0.8999999761581421,0.8799999952316284,0.8899999856948853,0.6392818689346313,1470000
2002-05-14,0.8899999856948853,0.8999999761581421,0.8799999952316284,0.8999999761581421,0.6464648246765137,1130000
2002-05-15,0.8999999761581421,0.8999999761581421,0.8799999952316284,0.8999999761581421,0.6464648246765137,1616000
2002-05-16,0.8999999761581421,0.9300000071525574,0.8899999856948853,0.9200000166893005,0.6608306765556335,3294000
2002-05-17,0.9399999976158142,0.9399999976158142,0.9200000166893005,0.9300000071525574,0.6680136919021606,2574000
2002-05-20,0.9300000071525574,0.9300000071525574,0.9300000071525574,0.9300000071525574,0.6680136919021606,0
2002-05-21,0.9200000166893005,0.9200000166893005,0.9100000262260437,0.9100000262260437,0.653647780418396,1068000
2002-05-22,0.9100000262260437,0.9399999976158142,0.9100000262260437,0.9200000166893005,0.6608306765556335,4120000
2002-05-23,0.9300000071525574,0.9300000071525574,0.8999999761581421,0.8999999761581421,0.6464648246765137,1604000
2002-05-24,0.9100000262260437,0.9200000166893005,0.8999999761581421,0.9100000262260437,0.653647780418396,2100000
2002-05-27,0.8999999761581421,0.8999999761581421,0.8899999856948853,0.8999999761581421,0.6464648246765137,1092000
2002-05-28,0.8999999761581421,0.8999999761581421,0.8899999856948853,0.8899999856948853,0.6392818689346313,1742000
2002-05-29,0.8799999952316284,0.8799999952316284,0.8600000143051147,0.8600000143051147,0.6177330017089844,2686000
2002-05-30,0.8600000143051147,0.8600000143051147,0.8399999737739563,0.8600000143051147,0.6177330017089844,2392000
2002-05-31,0.8600000143051147,0.8600000143051147,0.8500000238418579,0.8500000238418579,0.6105501055717468,860000
2002-06-03,0.8399999737739563,0.8600000143051147,0.8399999737739563,0.8500000238418579,0.6105501055717468,598000
2002-06-04,0.8399999737739563,0.8399999737739563,0.8299999833106995,0.8399999737739563,0.6033670902252197,408000
2002-06-05,0.8399999737739563,0.8500000238418579,0.8199999928474426,0.8500000238418579,0.6105501055717468,804000
2002-06-06,0.8600000143051147,0.8899999856948853,0.8600000143051147,0.8899999856948853,0.6392818689346313,2358000
2002-06-07,0.8799999952316284,0.8899999856948853,0.8799999952316284,0.8799999952316284,0.632098913192749,1520000
2002-06-10,0.8799999952316284,0.8899999856948853,0.8500000238418579,0.8700000047683716,0.6249160170555115,1620000
2002-06-11,0.8500000238418579,0.8600000143051147,0.8500000238418579,0.8500000238418579,0.6105501055717468,518000
2002-06-12,0.8500000238418579,0.8500000238418579,0.8500000238418579,0.8500000238418579,0.6105501055717468,356000
2002-06-13,0.8600000143051147,0.8700000047683716,0.8500000238418579,0.8600000143051147,0.6177330017089844,538000
2002-06-14,0.8600000143051147,0.8600000143051147,0.8399999737739563,0.8500000238418579,0.6105501055717468,534000
2002-06-17,0.8299999833106995,0.8399999737739563,0.8199999928474426,0.8299999833106995,0.5961841940879822,934000
2002-06-18,0.8399999737739563,0.8399999737739563,0.7799999713897705,0.7900000214576721,0.5674523711204529,812000
2002-06-19,0.7799999713897705,0.7900000214576721,0.75,0.7599999904632568,0.5459035634994507,2072000
2002-06-20,0.7599999904632568,0.7799999713897705,0.7599999904632568,0.7799999713897705,0.5602694749832153,1148000
2002-06-21,0.7699999809265137,0.7699999809265137,0.7599999904632568,0.7699999809265137,0.553086519241333,964000
2002-06-24,0.7900000214576721,0.8600000143051147,0.7900000214576721,0.8600000143051147,0.6177330017089844,5918000
2002-06-25,0.8600000143051147,0.8600000143051147,0.8299999833106995,0.8299999833106995,0.5961841940879822,3422000
2002-06-26,0.8199999928474426,0.8199999928474426,0.7799999713897705,0.7900000214576721,0.5674523711204529,816000
2002-06-27,0.8100000023841858,0.8500000238418579,0.800000011920929,0.8399999737739563,0.6033670902252197,3430000
2002-06-28,0.8600000143051147,0.8600000143051147,0.8299999833106995,0.8399999737739563,0.6033670902252197,1188000
2002-07-01,0.8399999737739563,0.8399999737739563,0.8399999737739563,0.8399999737739563,0.6033670902252197,0
2002-07-02,0.8399999737739563,0.8399999737739563,0.8100000023841858,0.8399999737739563,0.6033670902252197,404000
2002-07-03,0.8299999833106995,0.8600000143051147,0.8299999833106995,0.8500000238418579,0.6105501055717468,1206000
2002-07-04,0.8500000238418579,0.8500000238418579,0.8299999833106995,0.8299999833106995,0.5961841940879822,638000
2002-07-05,0.8199999928474426,0.8299999833106995,0.8199999928474426,0.8199999928474426,0.5890012979507446,400000
2002-07-08,0.8500000238418579,0.8500000238418579,0.8199999928474426,0.8199999928474426,0.5890012979507446,936000
2002-07-09,0.8100000023841858,0.8199999928474426,0.800000011920929,0.8199999928474426,0.5890012979507446,730000
2002-07-10,0.8100000023841858,0.8100000023841858,0.800000011920929,0.800000011920929,0.5746352672576904,910000
2002-07-11,0.800000011920929,0.8100000023841858,0.800000011920929,0.8100000023841858,0.5818184018135071,394000
2002-07-12,0.8199999928474426,0.8299999833106995,0.8100000023841858,0.8299999833106995,0.5961841940879822,582000
2002-07-15,0.8199999928474426,0.8199999928474426,0.8100000023841858,0.8100000023841858,0.5818184018135071,80000
2002-07-16,0.800000011920929,0.800000011920929,0.7799999713897705,0.7799999713897705,0.5602694749832153,242000
2002-07-17,0.7300000190734863,0.7599999904632568,0.7300000190734863,0.7599999904632568,0.5459035634994507,670000
2002-07-18,0.7699999809265137,0.7799999713897705,0.7599999904632568,0.7799999713897705,0.5602694749832153,830000
2002-07-19,0.7799999713897705,0.7799999713897705,0.7400000095367432,0.7400000095367432,0.5315377712249756,644000
2002-07-22,0.7200000286102295,0.7300000190734863,0.6899999976158142,0.699999988079071,0.5028060078620911,1570000
2002-07-23,0.699999988079071,0.75,0.6899999976158142,0.75,0.5387206077575684,682000
2002-07-24,0.7400000095367432,0.7400000095367432,0.7099999785423279,0.7300000190734863,0.5243548154830933,238000
2002-07-25,0.75,0.75,0.7200000286102295,0.7200000286102295,0.5171718597412109,656000
2002-07-26,0.6899999976158142,0.7200000286102295,0.6299999952316284,0.6800000071525574,0.48844006657600403,1216000
2002-07-29,0.6800000071525574,0.6800000071525574,0.6399999856948853,0.6399999856948853,0.4597083330154419,3052000
2002-07-30,0.6499999761581421,0.6800000071525574,0.6399999856948853,0.6600000262260437,0.47407421469688416,4958000
2002-07-31,0.6700000166893005,0.6700000166893005,0.6499999761581421,0.6700000166893005,0.4812571108341217,690000
2002-08-01,0.6700000166893005,0.6899999976158142,0.6600000262260437,0.6600000262260437,0.47407421469688416,1764000
2002-08-02,0.6600000262260437,0.6700000166893005,0.6499999761581421,0.6499999761581421,0.46689122915267944,390000
2002-08-05,0.6499999761581421,0.6499999761581421,0.6200000047683716,0.6200000047683716,0.445342481136322,592000
2002-08-06,0.6000000238418579,0.6000000238418579,0.5699999928474426,0.5899999737739563,0.42379361391067505,1726000
2002-08-07,0.6200000047683716,0.6200000047683716,0.6000000238418579,0.6000000238418579,0.4309765696525574,548000
2002-08-08,0.6000000238418579,0.6000000238418579,0.6000000238418579,0.6000000238418579,0.4309765696525574,306000
2002-08-09,0.6100000143051147,0.6299999952316284,0.6000000238418579,0.6000000238418579,0.4309765696525574,314000
2002-08-12,0.6000000238418579,0.6000000238418579,0.5799999833106995,0.5799999833106995,0.4166106581687927,368000
2002-08-13,0.5699999928474426,0.5799999833106995,0.5600000023841858,0.5699999928474426,0.4094277024269104,490000
2002-08-14,0.550000011920929,0.5799999833106995,0.550000011920929,0.5799999833106995,0.4166106581687927,922000
2002-08-15,0.5899999737739563,0.6100000143051147,0.5899999737739563,0.6000000238418579,0.4309765696525574,448000
2002-08-16,0.6299999952316284,0.6299999952316284,0.6000000238418579,0.6200000047683716,0.445342481136322,756000
2002-08-19,0.6200000047683716,0.6499999761581421,0.6200000047683716,0.6399999856948853,0.4597083330154419,1470000
2002-08-20,0.6499999761581421,0.6600000262260437,0.6399999856948853,0.6600000262260437,0.47407421469688416,384000
2002-08-21,0.6600000262260437,0.6700000166893005,0.6499999761581421,0.6600000262260437,0.47407421469688416,580000
2002-08-22,0.6700000166893005,0.6800000071525574,0.6700000166893005,0.6800000071525574,0.48844006657600403,552000
2002-08-23,0.6800000071525574,0.6800000071525574,0.6800000071525574,0.6800000071525574,0.48844006657600403,0
2002-08-26,0.6800000071525574,0.6800000071525574,0.6600000262260437,0.6600000262260437,0.47407421469688416,76000
2002-08-27,0.6399999856948853,0.6399999856948853,0.6200000047683716,0.6200000047683716,0.445342481136322,234000
2002-08-28,0.6200000047683716,0.6299999952316284,0.6200000047683716,0.6299999952316284,0.45252543687820435,570000
2002-08-29,0.6200000047683716,0.6299999952316284,0.6200000047683716,0.6299999952316284,0.45252543687820435,50000
2002-08-30,0.6299999952316284,0.6299999952316284,0.6299999952316284,0.6299999952316284,0.45252543687820435,20000
2002-09-02,0.6200000047683716,0.6200000047683716,0.5600000023841858,0.5600000023841858,0.4022448658943176,0
2002-09-03,0.5899999737739563,0.6000000238418579,0.5899999737739563,0.6000000238418579,0.4309765696525574,1330000
2002-09-04,0.6000000238418579,0.6000000238418579,0.5799999833106995,0.5899999737739563,0.42379361391067505,404000
2002-09-05,0.5799999833106995,0.5899999737739563,0.5799999833106995,0.5899999737739563,0.42379361391067505,240000
2002-09-06,0.6100000143051147,0.6100000143051147,0.5799999833106995,0.5799999833106995,0.4166106581687927,278000
2002-09-09,0.5899999737739563,0.6000000238418579,0.5899999737739563,0.5899999737739563,0.42379361391067505,70000
2002-09-10,0.5899999737739563,0.6000000238418579,0.5899999737739563,0.5899999737739563,0.42379361391067505,88000
2002-09-11,0.5600000023841858,0.5799999833106995,0.5600000023841858,0.5799999833106995,0.4166106581687927,90000
2002-09-12,0.6000000238418579,0.6000000238418579,0.6000000238418579,0.6000000238418579,0.4309765696525574,310000
2002-09-13,0.5799999833106995,0.5799999833106995,0.5799999833106995,0.5799999833106995,0.4166106581687927,290000
2002-09-16,0.5699999928474426,0.5699999928474426,0.550000011920929,0.5600000023841858,0.4022448658943176,404000
2002-09-17,0.5600000023841858,0.5899999737739563,0.5600000023841858,0.5799999833106995,0.4166106581687927,472000
2002-09-18,0.5600000023841858,0.5799999833106995,0.5600000023841858,0.5699999928474426,0.4094277024269104,72000
2002-09-19,0.5600000023841858,0.5600000023841858,0.5600000023841858,0.5600000023841858,0.4022448658943176,202000
2002-09-20,0.550000011920929,0.550000011920929,0.5400000214576721,0.5400000214576721,0.3878788948059082,458000
2002-09-23,0.5400000214576721,0.5400000214576721,0.5299999713897705,0.5299999713897705,0.3806958794593811,288000
2002-09-24,0.5299999713897705,0.5400000214576721,0.5199999809265137,0.5199999809265137,0.37351298332214355,496000
2002-09-25,0.5199999809265137,0.5299999713897705,0.5199999809265137,0.5199999809265137,0.37351298332214355,326000
2002-09-26,0.5299999713897705,0.5299999713897705,0.5299999713897705,0.5299999713897705,0.3806958794593811,132000
2002-09-27,0.5299999713897705,0.5299999713897705,0.5299999713897705,0.5299999713897705,0.3806958794593811,308000
2002-09-30,0.5299999713897705,0.5299999713897705,0.5199999809265137,0.5199999809265137,0.37351298332214355,96000
2002-10-01,0.5199999809265137,0.5199999809265137,0.5199999809265137,0.5199999809265137,0.37351298332214355,0
2002-10-02,0.5199999809265137,0.5199999809265137,0.4950000047683716,0.5,0.3591471314430237,456000
2002-10-03,0.49000000953674316,0.49000000953674316,0.4749999940395355,0.47999998927116394,0.34478119015693665,368000
2002-10-04,0.49000000953674316,0.49000000953674316,0.4749999940395355,0.49000000953674316,0.35196414589881897,296000
2002-10-07,0.48500001430511475,0.49000000953674316,0.47999998927116394,0.49000000953674316,0.35196414589881897,254000
2002-10-08,0.49000000953674316,0.49000000953674316,0.49000000953674316,0.49000000953674316,0.35196414589881897,162000
2002-10-09,0.49000000953674316,0.49000000953674316,0.49000000953674316,0.49000000953674316,0.35196414589881897,50000
2002-10-10,0.4749999940395355,0.4950000047683716,0.4699999988079071,0.4699999988079071,0.3375982940196991,144000
2002-10-11,0.4950000047683716,0.4950000047683716,0.48500001430511475,0.4950000047683716,0.3555556535720825,290000
2002-10-14,0.4950000047683716,0.4950000047683716,0.4950000047683716,0.4950000047683716,0.3555556535720825,0
2002-10-15,0.5099999904632568,0.5299999713897705,0.5099999904632568,0.5199999809265137,0.37351298332214355,708000
2002-10-16,0.550000011920929,0.550000011920929,0.5199999809265137,0.5199999809265137,0.37351298332214355,722000
2002-10-17,0.5400000214576721,0.6000000238418579,0.5400000214576721,0.6000000238418579,0.4309765696525574,4626000
2002-10-18,0.6100000143051147,0.6299999952316284,0.6000000238418579,0.6000000238418579,0.4309765696525574,3352000
2002-10-21,0.6000000238418579,0.6200000047683716,0.5699999928474426,0.5799999833106995,0.4166106581687927,230000
2002-10-22,0.6000000238418579,0.6100000143051147,0.5899999737739563,0.6100000143051147,0.43815940618515015,1796000
2002-10-23,0.6100000143051147,0.6399999856948853,0.6100000143051147,0.6399999856948853,0.4597083330154419,1982000
2002-10-24,0.6499999761581421,0.6899999976158142,0.6499999761581421,0.6899999976158142,0.49562308192253113,7962000
2002-10-25,0.6700000166893005,0.6800000071525574,0.6399999856948853,0.6600000262260437,0.47407421469688416,2322000
2002-10-28,0.6700000166893005,0.6800000071525574,0.6399999856948853,0.6600000262260437,0.47407421469688416,2446000
2002-10-29,0.6399999856948853,0.6399999856948853,0.6000000238418579,0.6000000238418579,0.4309765696525574,1140000
2002-10-30,0.6000000238418579,0.6299999952316284,0.6000000238418579,0.6000000238418579,0.4309765696525574,2576000
2002-10-31,0.6000000238418579,0.6100000143051147,0.5799999833106995,0.5899999737739563,0.42379361391067505,660000
2002-11-01,0.5699999928474426,0.6000000238418579,0.5699999928474426,0.6000000238418579,0.4309765696525574,490000
2002-11-04,0.6000000238418579,0.6299999952316284,0.6000000238418579,0.6299999952316284,0.45252543687820435,250000
2002-11-05,0.6200000047683716,0.6399999856948853,0.6200000047683716,0.6200000047683716,0.445342481136322,356000
2002-11-06,0.6299999952316284,0.6499999761581421,0.6200000047683716,0.6499999761581421,0.46689122915267944,2022000
2002-11-07,0.6499999761581421,0.6499999761581421,0.6399999856948853,0.6499999761581421,0.46689122915267944,644000
2002-11-08,0.6600000262260437,0.6800000071525574,0.6499999761581421,0.6600000262260437,0.47407421469688416,2800000
2002-11-11,0.6399999856948853,0.6399999856948853,0.6299999952316284,0.6399999856948853,0.4597083330154419,102000
2002-11-12,0.6299999952316284,0.6299999952316284,0.6200000047683716,0.6200000047683716,0.445342481136322,718000
2002-11-13,0.6100000143051147,0.6200000047683716,0.6100000143051147,0.6200000047683716,0.445342481136322,196000
2002-11-14,0.6299999952316284,0.6299999952316284,0.6100000143051147,0.6299999952316284,0.45252543687820435,228000
2002-11-15,0.6299999952316284,0.6600000262260437,0.6299999952316284,0.6499999761581421,0.46689122915267944,5720000
2002-11-18,0.6399999856948853,0.6600000262260437,0.6399999856948853,0.6399999856948853,0.4597083330154419,882000
2002-11-19,0.6399999856948853,0.6399999856948853,0.6200000047683716,0.6299999952316284,0.45252543687820435,230000
2002-11-20,0.6200000047683716,0.6200000047683716,0.6000000238418579,0.6000000238418579,0.4309765696525574,476000
2002-11-21,0.6000000238418579,0.6200000047683716,0.6000000238418579,0.6100000143051147,0.43815940618515015,420000
2002-11-22,0.6100000143051147,0.6100000143051147,0.6000000238418579,0.6000000238418579,0.4309765696525574,1016000
2002-11-25,0.6100000143051147,0.6200000047683716,0.6000000238418579,0.6200000047683716,0.445342481136322,616000
2002-11-26,0.6299999952316284,0.6399999856948853,0.6100000143051147,0.6100000143051147,0.43815940618515015,952000
2002-11-27,0.6100000143051147,0.6100000143051147,0.6000000238418579,0.6000000238418579,0.4309765696525574,320000
2002-11-28,0.6299999952316284,0.6499999761581421,0.6299999952316284,0.6499999761581421,0.46689122915267944,2116000
2002-11-29,0.6399999856948853,0.6700000166893005,0.6399999856948853,0.6600000262260437,0.47407421469688416,3278000
2002-12-02,0.6600000262260437,0.6600000262260437,0.6600000262260437,0.6600000262260437,0.47407421469688416,0
2002-12-03,0.6899999976158142,0.6899999976158142,0.6700000166893005,0.6800000071525574,0.48844006657600403,1956000
2002-12-04,0.6700000166893005,0.6700000166893005,0.6399999856948853,0.6600000262260437,0.47407421469688416,1150000
2002-12-05,0.6600000262260437,0.6700000166893005,0.6499999761581421,0.6700000166893005,0.4812571108341217,542659
2002-12-06,0.6600000262260437,0.7200000286102295,0.6600000262260437,0.7099999785423279,0.5099889636039734,6260000
2002-12-09,0.7200000286102295,0.75,0.7099999785423279,0.7400000095367432,0.5315377712249756,8132000
2002-12-10,0.7400000095367432,0.7400000095367432,0.7099999785423279,0.7099999785423279,0.5099889636039734,2046000
2002-12-11,0.7200000286102295,0.7300000190734863,0.699999988079071,0.7200000286102295,0.5171718597412109,3476000
2002-12-12,0.7200000286102295,0.7200000286102295,0.7099999785423279,0.7200000286102295,0.5171718597412109,998000
2002-12-13,0.7099999785423279,0.7200000286102295,0.6700000166893005,0.6700000166893005,0.4812571108341217,982000
2002-12-16,0.6800000071525574,0.6800000071525574,0.6600000262260437,0.6700000166893005,0.4812571108341217,1442000
2002-12-17,0.6800000071525574,0.6899999976158142,0.6700000166893005,0.6800000071525574,0.48844006657600403,1564000
2002-12-18,0.6800000071525574,0.6899999976158142,0.6600000262260437,0.6700000166893005,0.4812571108341217,3110000
2002-12-19,0.6600000262260437,0.6600000262260437,0.6299999952316284,0.6499999761581421,0.46689122915267944,1964000
2002-12-20,0.6499999761581421,0.6700000166893005,0.6499999761581421,0.6700000166893005,0.4812571108341217,362000
2002-12-23,0.6600000262260437,0.6700000166893005,0.6600000262260437,0.6700000166893005,0.4812571108341217,242000
2002-12-24,0.6499999761581421,0.6600000262260437,0.6499999761581421,0.6499999761581421,0.46689122915267944,60000
2002-12-25,0.6499999761581421,0.6499999761581421,0.6499999761581421,0.6499999761581421,0.46689122915267944,0
2002-12-26,0.6499999761581421,0.6499999761581421,0.6499999761581421,0.6499999761581421,0.46689122915267944,0
2002-12-27,0.6600000262260437,0.6600000262260437,0.6399999856948853,0.6499999761581421,0.46689122915267944,264000
2002-12-30,0.6399999856948853,0.6399999856948853,0.5899999737739563,0.6000000238418579,0.4309765696525574,1158000
2002-12-31,0.6000000238418579,0.6100000143051147,0.6000000238418579,0.6100000143051147,0.43815940618515015,358000
2003-01-01,0.6100000143051147,0.6100000143051147,0.6100000143051147,0.6100000143051147,0.43815940618515015,0
2003-01-02,0.6100000143051147,0.6200000047683716,0.6100000143051147,0.6100000143051147,0.43815940618515015,300000
2003-01-03,0.6200000047683716,0.6299999952316284,0.6200000047683716,0.6299999952316284,0.45252543687820435,1294000
2003-01-06,0.6100000143051147,0.6299999952316284,0.6100000143051147,0.6299999952316284,0.45252543687820435,262000
2003-01-07,0.6299999952316284,0.6600000262260437,0.6299999952316284,0.6600000262260437,0.47407421469688416,1820000
2003-01-08,0.6600000262260437,0.6800000071525574,0.6600000262260437,0.6600000262260437,0.47407421469688416,3304000
2003-01-09,0.6600000262260437,0.7099999785423279,0.6600000262260437,0.7099999785423279,0.5099889636039734,6544000
2003-01-10,0.7200000286102295,0.7599999904632568,0.7099999785423279,0.7599999904632568,0.5459035634994507,12428000
2003-01-13,0.7599999904632568,0.7799999713897705,0.75,0.7599999904632568,0.5459035634994507,8192000
2003-01-14,0.7599999904632568,0.7699999809265137,0.7300000190734863,0.7400000095367432,0.5315377712249756,3444000
2003-01-15,0.7599999904632568,0.7599999904632568,0.7099999785423279,0.7300000190734863,0.5243548154830933,2812000
2003-01-16,0.7300000190734863,0.7300000190734863,0.7099999785423279,0.7200000286102295,0.5171718597412109,542000
2003-01-17,0.7200000286102295,0.7300000190734863,0.7099999785423279,0.7300000190734863,0.5243548154830933,1806000
2003-01-20,0.7300000190734863,0.7400000095367432,0.7099999785423279,0.7400000095367432,0.5315377712249756,570000
2003-01-21,0.7200000286102295,0.800000011920929,0.7200000286102295,0.7799999713897705,0.5602694749832153,6198000
2003-01-22,0.7799999713897705,0.8100000023841858,0.7799999713897705,0.7900000214576721,0.5674523711204529,5548000
2003-01-23,0.7699999809265137,0.800000011920929,0.7699999809265137,0.7799999713897705,0.5602694749832153,1292000
2003-01-24,0.7799999713897705,0.7799999713897705,0.7300000190734863,0.75,0.5387206077575684,1532000
2003-01-27,0.7300000190734863,0.7400000095367432,0.7200000286102295,0.7300000190734863,0.5243548154830933,388000
2003-01-28,0.7200000286102295,0.75,0.7200000286102295,0.7400000095367432,0.5315377712249756,408000
2003-01-29,0.7400000095367432,0.7699999809265137,0.7400000095367432,0.7699999809265137,0.553086519241333,403000
2003-01-30,0.800000011920929,0.800000011920929,0.75,0.7799999713897705,0.5602694749832153,1186000
2003-01-31,0.7799999713897705,0.7799999713897705,0.7799999713897705,0.7799999713897705,0.5602694749832153,0
2003-02-03,0.7799999713897705,0.7799999713897705,0.7799999713897705,0.7799999713897705,0.5602694749832153,0
2003-02-04,0.7900000214576721,0.800000011920929,0.7599999904632568,0.7900000214576721,0.5674523711204529,824000
2003-02-05,0.800000011920929,0.8299999833106995,0.800000011920929,0.8299999833106995,0.5961841940879822,3632000
2003-02-06,0.8299999833106995,0.8299999833106995,0.7799999713897705,0.800000011920929,0.5746352672576904,1616000
2003-02-07,0.800000011920929,0.800000011920929,0.7599999904632568,0.7699999809265137,0.553086519241333,1116000
2003-02-10,0.7699999809265137,0.7799999713897705,0.7599999904632568,0.7699999809265137,0.553086519241333,456000
2003-02-11,0.7699999809265137,0.7799999713897705,0.7599999904632568,0.7699999809265137,0.553086519241333,1188000
2003-02-12,0.7699999809265137,0.800000011920929,0.7699999809265137,0.7900000214576721,0.5674523711204529,4908000
2003-02-13,0.7900000214576721,0.8199999928474426,0.7699999809265137,0.7900000214576721,0.5674523711204529,7850000
2003-02-14,0.7799999713897705,0.7900000214576721,0.75,0.7699999809265137,0.553086519241333,2896000
2003-02-17,0.7699999809265137,0.7799999713897705,0.7599999904632568,0.7799999713897705,0.5602694749832153,1784000
2003-02-18,0.7699999809265137,0.7699999809265137,0.75,0.7699999809265137,0.553086519241333,798000
2003-02-19,0.7599999904632568,0.7699999809265137,0.7599999904632568,0.7599999904632568,0.5459035634994507,590000
2003-02-20,0.7599999904632568,0.7799999713897705,0.75,0.7799999713897705,0.5602694749832153,2786000
2003-02-21,0.7699999809265137,0.7699999809265137,0.75,0.7699999809265137,0.553086519241333,1136000
2003-02-24,0.7599999904632568,0.7699999809265137,0.75,0.7599999904632568,0.5459035634994507,1164000
2003-02-25,0.7599999904632568,0.7599999904632568,0.7300000190734863,0.7400000095367432,0.5315377712249756,534000
2003-02-26,0.7400000095367432,0.75,0.7300000190734863,0.7400000095367432,0.5315377712249756,1044000
2003-02-27,0.7400000095367432,0.7400000095367432,0.7200000286102295,0.7300000190734863,0.5243548154830933,450000
2003-02-28,0.7300000190734863,0.7599999904632568,0.7200000286102295,0.7400000095367432,0.5315377712249756,5260000
2003-03-03,0.7300000190734863,0.7400000095367432,0.7300000190734863,0.7400000095367432,0.5315377712249756,838000
2003-03-04,0.7400000095367432,0.7400000095367432,0.7200000286102295,0.7300000190734863,0.5243548154830933,1226000
2003-03-05,0.7200000286102295,0.7400000095367432,0.6899999976158142,0.6899999976158142,0.49562308192253113,3598000
2003-03-06,0.6800000071525574,0.6899999976158142,0.6399999856948853,0.6399999856948853,0.4597083330154419,4072000
2003-03-07,0.6299999952316284,0.6499999761581421,0.6200000047683716,0.6299999952316284,0.45252543687820435,2116000
2003-03-10,0.6200000047683716,0.6200000047683716,0.6100000143051147,0.6200000047683716,0.445342481136322,874000
2003-03-11,0.6100000143051147,0.6399999856948853,0.6100000143051147,0.6399999856948853,0.4597083330154419,1362000
2003-03-12,0.6399999856948853,0.6600000262260437,0.6399999856948853,0.6499999761581421,0.46689122915267944,1550000
2003-03-13,0.6499999761581421,0.6499999761581421,0.6399999856948853,0.6499999761581421,0.46689122915267944,142000
2003-03-14,0.6499999761581421,0.6600000262260437,0.6399999856948853,0.6399999856948853,0.4597083330154419,878000
2003-03-17,0.6299999952316284,0.6299999952316284,0.6299999952316284,0.6299999952316284,0.45252543687820435,272000
2003-03-18,0.6499999761581421,0.6499999761581421,0.6299999952316284,0.6299999952316284,0.45252543687820435,802000
2003-03-19,0.6299999952316284,0.6600000262260437,0.6299999952316284,0.6499999761581421,0.46689122915267944,678000
2003-03-20,0.6499999761581421,0.6499999761581421,0.6299999952316284,0.6399999856948853,0.4597083330154419,380000
2003-03-21,0.6399999856948853,0.6700000166893005,0.6399999856948853,0.6600000262260437,0.47407421469688416,1094000
2003-03-24,0.6700000166893005,0.6700000166893005,0.6499999761581421,0.6499999761581421,0.46689122915267944,738000
2003-03-25,0.6499999761581421,0.6600000262260437,0.6399999856948853,0.6600000262260437,0.47407421469688416,304000
2003-03-26,0.6499999761581421,0.6499999761581421,0.6499999761581421,0.6499999761581421,0.46689122915267944,160000
2003-03-27,0.6399999856948853,0.6499999761581421,0.6299999952316284,0.6499999761581421,0.46689122915267944,452000
2003-03-28,0.6600000262260437,0.6899999976158142,0.6600000262260437,0.6899999976158142,0.49562308192253113,1836000
2003-03-31,0.6800000071525574,0.6800000071525574,0.6600000262260437,0.6700000166893005,0.4812571108341217,1452000
2003-04-01,0.6499999761581421,0.6600000262260437,0.6399999856948853,0.6600000262260437,0.47407421469688416,1470000
2003-04-02,0.6399999856948853,0.6800000071525574,0.6399999856948853,0.6700000166893005,0.4812571108341217,384000
2003-04-03,0.6499999761581421,0.6600000262260437,0.6499999761581421,0.6600000262260437,0.47407421469688416,62000
2003-04-04,0.6499999761581421,0.699999988079071,0.6499999761581421,0.6899999976158142,0.49562308192253113,1722000
2003-04-07,0.6899999976158142,0.6899999976158142,0.6800000071525574,0.6899999976158142,0.49562308192253113,202000
2003-04-08,0.6700000166893005,0.699999988079071,0.6700000166893005,0.6899999976158142,0.49562308192253113,3004000
2003-04-09,0.6800000071525574,0.6800000071525574,0.6499999761581421,0.6600000262260437,0.47407421469688416,1794000
2003-04-10,0.6700000166893005,0.6700000166893005,0.6499999761581421,0.6600000262260437,0.47407421469688416,848000
2003-04-11,0.6600000262260437,0.6800000071525574,0.6499999761581421,0.6700000166893005,0.4812571108341217,1604000
2003-04-14,0.6499999761581421,0.6800000071525574,0.6499999761581421,0.6700000166893005,0.4812571108341217,1132000
2003-04-15,0.6700000166893005,0.699999988079071,0.6700000166893005,0.6899999976158142,0.49562308192253113,634000
2003-04-16,0.6700000166893005,0.6800000071525574,0.6600000262260437,0.6700000166893005,0.4812571108341217,1140000
2003-04-17,0.6499999761581421,0.6700000166893005,0.6499999761581421,0.6700000166893005,0.4812571108341217,334000
2003-04-18,0.6700000166893005,0.6700000166893005,0.6700000166893005,0.6700000166893005,0.4812571108341217,0
2003-04-21,0.6700000166893005,0.6700000166893005,0.6700000166893005,0.6700000166893005,0.4812571108341217,0
2003-04-22,0.6499999761581421,0.6600000262260437,0.6499999761581421,0.6499999761581421,0.46689122915267944,180000
2003-04-23,0.6499999761581421,0.6499999761581421,0.5899999737739563,0.6000000238418579,0.4309765696525574,1742000
2003-04-24,0.5699999928474426,0.5899999737739563,0.550000011920929,0.5699999928474426,0.4094277024269104,1730000
2003-04-25,0.5600000023841858,0.5699999928474426,0.550000011920929,0.550000011920929,0.39506179094314575,1390000
2003-04-28,0.550000011920929,0.5699999928474426,0.5199999809265137,0.5699999928474426,0.4094277024269104,1850000
2003-04-29,0.5799999833106995,0.6000000238418579,0.5799999833106995,0.5899999737739563,0.42379361391067505,1202000
2003-04-30,0.5899999737739563,0.5899999737739563,0.5600000023841858,0.5899999737739563,0.42379361391067505,538000
2003-05-01,0.5899999737739563,0.5899999737739563,0.5899999737739563,0.5899999737739563,0.42379361391067505,0
2003-05-02,0.5600000023841858,0.5799999833106995,0.5600000023841858,0.5799999833106995,0.4166106581687927,750000
2003-05-05,0.5899999737739563,0.6100000143051147,0.5699999928474426,0.6100000143051147,0.43815940618515015,1050000
2003-05-06,0.6100000143051147,0.6200000047683716,0.6000000238418579,0.6000000238418579,0.4309765696525574,696000
2003-05-07,0.6000000238418579,0.6000000238418579,0.5899999737739563,0.6000000238418579,0.4309765696525574,292000
2003-05-08,0.6000000238418579,0.6000000238418579,0.6000000238418579,0.6000000238418579,0.4309765696525574,0
2003-05-09,0.6000000238418579,0.6100000143051147,0.5899999737739563,0.6000000238418579,0.4309765696525574,1060000
2003-05-12,0.6000000238418579,0.6100000143051147,0.6000000238418579,0.6100000143051147,0.43815940618515015,344000
2003-05-13,0.6100000143051147,0.6299999952316284,0.6100000143051147,0.6299999952316284,0.45252543687820435,544000
2003-05-14,0.6100000143051147,0.6299999952316284,0.6100000143051147,0.6299999952316284,0.45252543687820435,686200
2003-05-15,0.6399999856948853,0.6399999856948853,0.6200000047683716,0.6299999952316284,0.45252543687820435,984000
2003-05-16,0.6200000047683716,0.6399999856948853,0.6200000047683716,0.6399999856948853,0.4597083330154419,2174000
2003-05-19,0.6399999856948853,0.6700000166893005,0.6399999856948853,0.6700000166893005,0.4812571108341217,1998000
2003-05-20,0.6600000262260437,0.6700000166893005,0.6600000262260437,0.6700000166893005,0.4812571108341217,1272000
2003-05-21,0.6700000166893005,0.7400000095367432,0.6700000166893005,0.7400000095367432,0.5315377712249756,12110000
2003-05-22,0.7400000095367432,0.7599999904632568,0.7200000286102295,0.7400000095367432,0.5315377712249756,5398000
2003-05-23,0.7200000286102295,0.75,0.699999988079071,0.7300000190734863,0.5243548154830933,7584000
2003-05-26,0.7300000190734863,0.7799999713897705,0.7300000190734863,0.7599999904632568,0.5459035634994507,8774000
2003-05-27,0.7599999904632568,0.7900000214576721,0.7400000095367432,0.7799999713897705,0.5602694749832153,12090000
2003-05-28,0.8100000023841858,0.8600000143051147,0.8100000023841858,0.8199999928474426,0.5890012979507446,34474000
2003-05-29,0.8199999928474426,0.8199999928474426,0.7699999809265137,0.800000011920929,0.5746352672576904,8964000
2003-05-30,0.7900000214576721,0.8299999833106995,0.7900000214576721,0.8199999928474426,0.5890012979507446,9970000
2003-06-02,0.8299999833106995,0.8399999737739563,0.8100000023841858,0.8199999928474426,0.5890012979507446,8342000
2003-06-03,0.8100000023841858,0.8199999928474426,0.800000011920929,0.8100000023841858,0.5818184018135071,1832000
2003-06-04,0.8100000023841858,0.8100000023841858,0.8100000023841858,0.8100000023841858,0.5818184018135071,0
2003-06-05,0.8199999928474426,0.8299999833106995,0.7599999904632568,0.7699999809265137,0.553086519241333,6772000
2003-06-06,0.7599999904632568,0.7799999713897705,0.75,0.7699999809265137,0.553086519241333,5848000
2003-06-09,0.7799999713897705,0.800000011920929,0.7699999809265137,0.7799999713897705,0.5602694749832153,4254000
2003-06-10,0.7599999904632568,0.7799999713897705,0.7599999904632568,0.7799999713897705,0.5602694749832153,1864000
2003-06-11,0.7799999713897705,0.7900000214576721,0.7699999809265137,0.7799999713897705,0.5602694749832153,2070000
2003-06-12,0.7900000214576721,0.8199999928474426,0.7699999809265137,0.8100000023841858,0.5818184018135071,13956000
2003-06-13,0.8299999833106995,0.8899999856948853,0.8299999833106995,0.8799999952316284,0.632098913192749,35580000
2003-06-16,0.8899999856948853,0.949999988079071,0.8899999856948853,0.9200000166893005,0.6608306765556335,31398000
2003-06-17,0.9300000071525574,0.949999988079071,0.8700000047683716,0.8999999761581421,0.6464648246765137,10740000
2003-06-18,0.8799999952316284,0.8999999761581421,0.8399999737739563,0.8899999856948853,0.6392818689346313,14324000
2003-06-19,0.8700000047683716,0.9200000166893005,0.8600000143051147,0.8999999761581421,0.6464648246765137,16516000
2003-06-20,0.8899999856948853,0.9200000166893005,0.8799999952316284,0.8899999856948853,0.6392818689346313,7958000
2003-06-23,0.8999999761581421,0.9100000262260437,0.8399999737739563,0.8500000238418579,0.6105501055717468,5424000
2003-06-24,0.8299999833106995,0.8600000143051147,0.7900000214576721,0.8100000023841858,0.5818184018135071,7768000
2003-06-25,0.8199999928474426,0.8399999737739563,0.8100000023841858,0.8199999928474426,0.5890012979507446,3744000
2003-06-26,0.8199999928474426,0.8299999833106995,0.800000011920929,0.8100000023841858,0.5818184018135071,2670000
2003-06-27,0.8299999833106995,0.8799999952316284,0.8299999833106995,0.8799999952316284,0.632098913192749,14846000
2003-06-30,0.8799999952316284,0.9100000262260437,0.8600000143051147,0.8999999761581421,0.6464648246765137,10648000
2003-07-01,0.8999999761581421,0.8999999761581421,0.8999999761581421,0.8999999761581421,0.6464648246765137,0
2003-07-02,0.9100000262260437,0.9399999976158142,0.8999999761581421,0.9100000262260437,0.653647780418396,14282000
2003-07-03,0.9200000166893005,0.9800000190734863,0.8899999856948853,0.9800000190734863,0.7039282917976379,35244000
2003-07-04,0.9700000286102295,0.9900000095367432,0.949999988079071,0.9599999785423279,0.6895623803138733,31000000
2003-07-07,0.9599999785423279,1.0099999904632568,0.949999988079071,0.9900000095367432,0.711111307144165,24970000
2003-07-08,1.0,1.0099999904632568,0.9599999785423279,0.9800000190734863,0.7039282917976379,18904000
2003-07-09,0.9800000190734863,1.0299999713897705,0.9800000190734863,1.0099999904632568,0.7254771590232849,31538000
2003-07-10,1.0099999904632568,1.0299999713897705,0.9800000190734863,0.9900000095367432,0.711111307144165,9317000
2003-07-11,0.9599999785423279,1.0299999713897705,0.9599999785423279,1.0099999904632568,0.7254771590232849,14834000
2003-07-14,1.0199999809265137,1.059999942779541,1.0199999809265137,1.0399999618530273,0.7470259666442871,22442000
2003-07-15,1.0499999523162842,1.059999942779541,0.9900000095367432,1.0299999713897705,0.7398431301116943,17414000
2003-07-16,1.0299999713897705,1.0499999523162842,1.0099999904632568,1.0299999713897705,0.7398431301116943,17466000
2003-07-17,1.0199999809265137,1.090000033378601,1.0099999904632568,1.0099999904632568,0.7254771590232849,47718000
2003-07-18,1.0099999904632568,1.0499999523162842,1.0,1.0399999618530273,0.7470259666442871,18466000
2003-07-21,1.059999942779541,1.090000033378601,1.0399999618530273,1.059999942779541,0.7613917589187622,20860000
2003-07-22,1.0399999618530273,1.0499999523162842,1.0099999904632568,1.0399999618530273,0.7470259666442871,10114000
2003-07-23,1.059999942779541,1.059999942779541,0.949999988079071,0.9599999785423279,0.6895623803138733,15188000
2003-07-24,0.9599999785423279,0.9900000095367432,0.949999988079071,0.9800000190734863,0.7039282917976379,15900900
2003-07-25,0.9800000190734863,0.9900000095367432,0.9599999785423279,0.9800000190734863,0.7039282917976379,7866000
2003-07-28,0.9900000095367432,1.0099999904632568,0.9900000095367432,1.0099999904632568,0.7254771590232849,15812000
2003-07-29,1.0099999904632568,1.0199999809265137,0.9900000095367432,1.0099999904632568,0.7254771590232849,9868000
2003-07-30,1.0,1.0099999904632568,0.9900000095367432,0.9900000095367432,0.711111307144165,7252000
2003-07-31,1.0,1.0099999904632568,0.9800000190734863,1.0099999904632568,0.7254771590232849,4018000
2003-08-01,1.0099999904632568,1.0800000429153442,1.0099999904632568,1.0800000429153442,0.7757577896118164,36470000
2003-08-04,1.090000033378601,1.2000000476837158,1.090000033378601,1.190000057220459,0.8547701239585876,63864000
2003-08-05,1.2100000381469727,1.2200000286102295,1.1399999856948853,1.159999966621399,0.8332213163375854,32238955
2003-08-06,1.159999966621399,1.2000000476837158,1.1299999952316284,1.1399999856948853,0.8188554048538208,31376000
2003-08-07,1.159999966621399,1.1799999475479126,1.090000033378601,1.1200000047683716,0.8044897317886353,19348000
2003-08-08,1.1299999952316284,1.149999976158142,1.0700000524520874,1.090000033378601,0.782940685749054,15914000
2003-08-11,1.090000033378601,1.149999976158142,1.090000033378601,1.1399999856948853,0.8188554048538208,14356000
2003-08-12,1.159999966621399,1.1799999475479126,1.1299999952316284,1.1699999570846558,0.840404212474823,25460000
2003-08-13,1.190000057220459,1.2100000381469727,1.149999976158142,1.1699999570846558,0.840404212474823,29990000
2003-08-14,1.149999976158142,1.2100000381469727,1.149999976158142,1.2000000476837158,0.8619531393051147,22676000
2003-08-15,1.440000057220459,1.440000057220459,1.4299999475479126,1.4299999475479126,1.02716064453125,83430000
2003-08-18,1.399999976158142,1.5800000429153442,1.399999976158142,1.5499999523162842,1.113356113433838,52328000
2003-08-19,1.559999942779541,1.6699999570846558,1.5299999713897705,1.5399999618530273,1.106173038482666,45820000
2003-08-20,1.5399999618530273,1.6100000143051147,1.440000057220459,1.600000023841858,1.1492705345153809,39430000
2003-08-21,1.5700000524520874,1.6399999856948853,1.5700000524520874,1.5700000524520874,1.127721905708313,19938000
2003-08-22,1.5800000429153442,1.590000033378601,1.4900000095367432,1.5,1.0774412155151367,15386000
2003-08-25,1.4900000095367432,1.4900000095367432,1.3700000047683716,1.409999966621399,1.0127949714660645,20642000
2003-08-26,1.3700000047683716,1.440000057220459,1.350000023841858,1.440000057220459,1.0343437194824219,35968000
2003-08-27,1.4500000476837158,1.559999942779541,1.4500000476837158,1.559999942779541,1.1205389499664307,42186000
2003-08-28,1.600000023841858,1.6799999475479126,1.590000033378601,1.6799999475479126,1.2067341804504395,60024000
2003-08-29,1.690000057220459,1.690000057220459,1.6299999952316284,1.659999966621399,1.1923683881759644,18604000
2003-09-01,1.659999966621399,1.659999966621399,1.559999942779541,1.5700000524520874,1.127721905708313,17558000
2003-09-02,1.5700000524520874,1.590000033378601,1.5099999904632568,1.5499999523162842,1.113356113433838,6440000
2003-09-03,1.5800000429153442,1.6299999952316284,1.5499999523162842,1.5800000429153442,1.1349047422409058,13914000
2003-09-04,1.5800000429153442,1.690000057220459,1.5499999523162842,1.659999966621399,1.1923683881759644,38620000
2003-09-05,1.6699999570846558,1.7000000476837158,1.590000033378601,1.590000033378601,1.1420878171920776,22766000
2003-09-08,1.5800000429153442,1.6399999856948853,1.5800000429153442,1.6100000143051147,1.1564538478851318,6462000
2003-09-09,1.6299999952316284,1.6399999856948853,1.5099999904632568,1.5099999904632568,1.084624171257019,15032000
2003-09-10,1.4500000476837158,1.4900000095367432,1.409999966621399,1.4199999570846558,1.0199779272079468,14340000
2003-09-11,1.409999966621399,1.4900000095367432,1.409999966621399,1.4900000095367432,1.070258617401123,11922000
2003-09-12,1.4900000095367432,1.4900000095367432,1.4900000095367432,1.4900000095367432,1.070258617401123,0
2003-09-15,1.4800000190734863,1.4900000095367432,1.409999966621399,1.440000057220459,1.0343437194824219,9410000
2003-09-16,1.399999976158142,1.440000057220459,1.3700000047683716,1.4199999570846558,1.0199779272079468,7806000
2003-09-17,1.440000057220459,1.440000057220459,1.3799999952316284,1.3799999952316284,0.9912461638450623,8358000
2003-09-18,1.350000023841858,1.3799999952316284,1.309999942779541,1.350000023841858,0.9696970582008362,11090000
2003-09-19,1.3700000047683716,1.409999966621399,1.3200000524520874,1.399999976158142,1.0056120157241821,18332000
2003-09-22,1.3799999952316284,1.4299999475479126,1.3700000047683716,1.3799999952316284,0.9912461638450623,11640000
2003-09-23,1.3899999856948853,1.4600000381469727,1.350000023841858,1.4500000476837158,1.0415265560150146,12140000
2003-09-24,1.4600000381469727,1.4700000286102295,1.4199999570846558,1.4600000381469727,1.0487096309661865,10972000
2003-09-25,1.4500000476837158,1.4900000095367432,1.399999976158142,1.409999966621399,1.0127949714660645,9914000
2003-09-26,1.4299999475479126,1.440000057220459,1.4199999570846558,1.4299999475479126,1.02716064453125,4750000
2003-09-29,1.4199999570846558,1.440000057220459,1.409999966621399,1.409999966621399,1.0127949714660645,3316000
2003-09-30,1.399999976158142,1.4800000190734863,1.399999976158142,1.4500000476837158,1.0415265560150146,14428000
2003-10-01,1.4500000476837158,1.4500000476837158,1.4500000476837158,1.4500000476837158,1.0415265560150146,0
2003-10-02,1.4700000286102295,1.5299999713897705,1.440000057220459,1.5199999809265137,1.0918071269989014,21010000
2003-10-03,1.5299999713897705,1.5399999618530273,1.4900000095367432,1.4900000095367432,1.070258617401123,18696000
2003-10-06,1.5199999809265137,1.5199999809265137,1.440000057220459,1.4500000476837158,1.0415265560150146,11226000
2003-10-07,1.4500000476837158,1.4700000286102295,1.409999966621399,1.4500000476837158,1.0415265560150146,12938000
2003-10-08,1.4600000381469727,1.5,1.440000057220459,1.4500000476837158,1.0415265560150146,15272000
2003-10-09,1.4500000476837158,1.5399999618530273,1.4500000476837158,1.5299999713897705,1.0989900827407837,47046000
2003-10-10,1.559999942779541,1.6299999952316284,1.5299999713897705,1.600000023841858,1.1492705345153809,65658000
2003-10-13,1.6200000047683716,1.6200000047683716,1.5700000524520874,1.5800000429153442,1.1349047422409058,17426000
2003-10-14,1.600000023841858,1.6299999952316284,1.5299999713897705,1.5399999618530273,1.106173038482666,24452000
2003-10-15,1.5499999523162842,1.590000033378601,1.5399999618530273,1.5800000429153442,1.1349047422409058,13230000
2003-10-16,1.600000023841858,1.649999976158142,1.590000033378601,1.6200000047683716,1.1636368036270142,33960000
2003-10-17,1.6299999952316284,1.6699999570846558,1.6200000047683716,1.6399999856948853,1.1780025959014893,20753161
2003-10-20,1.6299999952316284,1.7100000381469727,1.6200000047683716,1.7100000381469727,1.2282830476760864,28350000
2003-10-21,1.7300000190734863,1.7300000190734863,1.6399999856948853,1.6399999856948853,1.1780025959014893,19542000
2003-10-22,1.6299999952316284,1.690000057220459,1.6200000047683716,1.649999976158142,1.185185432434082,15290000
2003-10-23,1.6299999952316284,1.6799999475479126,1.5299999713897705,1.5399999618530273,1.106173038482666,17262000
2003-10-24,1.559999942779541,1.5800000429153442,1.4800000190734863,1.5499999523162842,1.113356113433838,13276000
2003-10-27,1.5499999523162842,1.6100000143051147,1.5399999618530273,1.590000033378601,1.1420878171920776,11476000
2003-10-28,1.6100000143051147,1.6299999952316284,1.590000033378601,1.6299999952316284,1.170819640159607,11864000
2003-10-29,1.659999966621399,1.7200000286102295,1.6299999952316284,1.690000057220459,1.2139172554016113,49954000
2003-10-30,1.690000057220459,1.7000000476837158,1.6399999856948853,1.6799999475479126,1.2067341804504395,36704000
2003-10-31,1.690000057220459,1.7200000286102295,1.649999976158142,1.659999966621399,1.1923683881759644,22704000
2003-11-03,1.6699999570846558,1.6799999475479126,1.6399999856948853,1.6399999856948853,1.1780025959014893,6828000
2003-11-04,1.649999976158142,1.6799999475479126,1.6200000047683716,1.6399999856948853,1.1780025959014893,8124000
2003-11-05,1.6100000143051147,1.649999976158142,1.590000033378601,1.6100000143051147,1.1564538478851318,7686000
2003-11-06,1.600000023841858,1.6200000047683716,1.5399999618530273,1.559999942779541,1.1205389499664307,4778000
2003-11-07,1.600000023841858,1.6200000047683716,1.5700000524520874,1.590000033378601,1.1420878171920776,4916000
2003-11-10,1.6100000143051147,1.6100000143051147,1.559999942779541,1.590000033378601,1.1420878171920776,6184000
2003-11-11,1.5700000524520874,1.5800000429153442,1.5399999618530273,1.5700000524520874,1.127721905708313,8002000
2003-11-12,1.5700000524520874,1.659999966621399,1.5700000524520874,1.6399999856948853,1.1780025959014893,20256000
2003-11-13,1.6799999475479126,1.909999966621399,1.6799999475479126,1.8899999856948853,1.3575760126113892,91084000
2003-11-14,1.8700000047683716,1.9500000476837158,1.850000023841858,1.899999976158142,1.364759087562561,50254000
2003-11-17,1.8799999952316284,1.8799999952316284,1.840000033378601,1.850000023841858,1.3288443088531494,19484000
2003-11-18,1.850000023841858,1.9600000381469727,1.8300000429153442,1.8600000143051147,1.3360273838043213,40742000
2003-11-19,1.850000023841858,1.8899999856948853,1.840000033378601,1.8600000143051147,1.3360273838043213,10654000
2003-11-20,1.8799999952316284,1.899999976158142,1.7300000190734863,1.7300000190734863,1.2426490783691406,11064000
2003-11-21,1.7300000190734863,1.850000023841858,1.7000000476837158,1.8300000429153442,1.3144786357879639,22912000
2003-11-24,1.8200000524520874,1.8300000429153442,1.7799999713897705,1.7999999523162842,1.2929296493530273,3414000
2003-11-25,1.840000033378601,1.8700000047683716,1.809999942779541,1.8300000429153442,1.3144786357879639,5760000
2003-11-26,1.8200000524520874,1.9199999570846558,1.8200000524520874,1.899999976158142,1.364759087562561,11942000
2003-11-27,1.899999976158142,2.0250000953674316,1.899999976158142,2.0,1.4365885257720947,24896000
2003-11-28,2.0,2.075000047683716,2.0,2.075000047683716,1.4904606342315674,12796000
2003-12-01,2.075000047683716,2.25,2.075000047683716,2.2249999046325684,1.5982046127319336,20260000
2003-12-02,2.2249999046325684,2.5250000953674316,2.174999952316284,2.450000047683716,1.759820818901062,26288000
2003-12-03,2.375,2.450000047683716,2.25,2.25,1.6161621809005737,32270000
2003-12-04,2.2750000953674316,2.3499999046325684,2.2249999046325684,2.299999952316284,1.6520768404006958,20308000
2003-12-05,2.2750000953674316,2.299999952316284,2.200000047683716,2.2750000953674316,1.6341192722320557,6645741
2003-12-08,2.200000047683716,2.3499999046325684,2.200000047683716,2.325000047683716,1.6700339317321777,8780000
2003-12-09,2.3499999046325684,2.4000000953674316,2.299999952316284,2.3499999046325684,1.6879912614822388,19062000
2003-12-10,2.375,2.375,2.2249999046325684,2.25,1.6161621809005737,17714000
2003-12-11,2.25,2.325000047683716,2.174999952316284,2.2249999046325684,1.5982046127319336,14476000
2003-12-12,2.25,2.2750000953674316,2.174999952316284,2.200000047683716,1.580247163772583,11316000
2003-12-15,2.25,2.25,2.0,2.0250000953674316,1.4545458555221558,9682000
2003-12-16,2.0,2.075000047683716,1.9700000286102295,2.0250000953674316,1.4545458555221558,8708000
2003-12-17,2.049999952316284,2.075000047683716,1.909999966621399,2.0,1.4365885257720947,7132000
2003-12-18,2.0,2.075000047683716,1.9299999475479126,2.075000047683716,1.4904606342315674,9096000
2003-12-19,2.075000047683716,2.2249999046325684,2.075000047683716,2.200000047683716,1.580247163772583,11476000
2003-12-22,2.2249999046325684,2.2750000953674316,2.200000047683716,2.2249999046325684,1.5982046127319336,8962000
2003-12-23,2.2249999046325684,2.2249999046325684,2.0999999046325684,2.125,1.526375412940979,6766000
2003-12-24,2.1500000953674316,2.1500000953674316,2.0999999046325684,2.125,1.526375412940979,1994000
2003-12-25,2.125,2.125,2.125,2.125,1.526375412940979,0
2003-12-26,2.125,2.125,2.125,2.125,1.526375412940979,0
2003-12-29,2.075000047683716,2.0999999046325684,2.0,2.075000047683716,1.4904606342315674,5922000
2003-12-30,2.125,2.1500000953674316,2.0250000953674316,2.049999952316284,1.4725030660629272,5768000
2003-12-31,2.075000047683716,2.0999999046325684,2.0250000953674316,2.0999999046325684,1.5084177255630493,2864000
2004-01-01,2.0999999046325684,2.0999999046325684,2.0999999046325684,2.0999999046325684,1.5084177255630493,0
2004-01-02,2.125,2.25,2.125,2.2249999046325684,1.5982046127319336,14590000
2004-01-05,2.25,2.4000000953674316,2.200000047683716,2.3499999046325684,1.6879912614822388,26060000
2004-01-06,2.375,2.375,2.1500000953674316,2.25,1.6161621809005737,10826000
2004-01-07,2.25,2.325000047683716,2.174999952316284,2.200000047683716,1.580247163772583,6546000
2004-01-08,2.200000047683716,2.2249999046325684,2.1500000953674316,2.174999952316284,1.5622899532318115,2408000
2004-01-09,2.2249999046325684,2.2249999046325684,2.125,2.125,1.526375412940979,2868000
2004-01-12,2.125,2.125,2.0250000953674316,2.075000047683716,1.4904606342315674,2938000
2004-01-13,2.049999952316284,2.075000047683716,1.9700000286102295,2.0250000953674316,1.4545458555221558,8846000
2004-01-14,2.0,2.0999999046325684,2.0,2.049999952316284,1.4725030660629272,5550000
2004-01-15,2.0250000953674316,2.049999952316284,1.9900000095367432,2.0,1.4365885257720947,1988000
2004-01-16,2.0,2.0250000953674316,1.9600000381469727,2.0,1.4365885257720947,4376000
2004-01-19,2.0250000953674316,2.049999952316284,1.9700000286102295,2.049999952316284,1.4725030660629272,2240000
2004-01-20,2.075000047683716,2.25,2.075000047683716,2.200000047683716,1.580247163772583,14148000
2004-01-21,2.2249999046325684,2.2249999046325684,2.174999952316284,2.2249999046325684,1.5982046127319336,2812000
2004-01-22,2.2249999046325684,2.2249999046325684,2.2249999046325684,2.2249999046325684,1.5982046127319336,0
2004-01-23,2.2249999046325684,2.2249999046325684,2.2249999046325684,2.2249999046325684,1.5982046127319336,0
2004-01-26,2.200000047683716,2.2750000953674316,2.200000047683716,2.2249999046325684,1.5982046127319336,2830000
2004-01-27,2.125,2.200000047683716,2.125,2.200000047683716,1.580247163772583,664000
2004-01-28,2.174999952316284,2.174999952316284,2.0,2.049999952316284,1.4725030660629272,2780000
2004-01-29,1.9900000095367432,2.0250000953674316,1.9600000381469727,1.9800000190734863,1.42222261428833,6818000
2004-01-30,2.0,2.049999952316284,1.9900000095367432,2.0,1.4365885257720947,4598000
2004-02-02,2.0,2.0,1.9299999475479126,1.9299999475479126,1.386307716369629,3072000
2004-02-03,1.9299999475479126,2.0250000953674316,1.9199999570846558,2.0,1.4365885257720947,4098000
2004-02-04,2.0,2.0250000953674316,1.9700000286102295,1.9800000190734863,1.42222261428833,2790000
2004-02-05,1.9800000190734863,2.0250000953674316,1.9600000381469727,1.9800000190734863,1.42222261428833,1542000
2004-02-06,2.0,2.0999999046325684,2.0,2.0999999046325684,1.5084177255630493,8776000
2004-02-09,2.125,2.2249999046325684,2.125,2.174999952316284,1.5622899532318115,11650000
2004-02-10,2.174999952316284,2.2750000953674316,2.174999952316284,2.25,1.6161621809005737,16660000
2004-02-11,2.299999952316284,2.3499999046325684,2.299999952316284,2.3499999046325684,1.6879912614822388,12240000
2004-02-12,2.325000047683716,2.325000047683716,2.25,2.299999952316284,1.6520768404006958,4096000
2004-02-13,2.299999952316284,2.4749999046325684,2.2750000953674316,2.450000047683716,1.759820818901062,11376000
2004-02-16,2.450000047683716,2.450000047683716,2.3499999046325684,2.375,1.705948829650879,1248000
2004-02-17,2.3499999046325684,2.424999952316284,2.25,2.375,1.705948829650879,4526000
2004-02-18,2.5,2.700000047683716,2.5,2.625,1.8855222463607788,20512000
2004-02-19,2.625,2.625,2.5250000953674316,2.549999952316284,1.8316506147384644,3286000
2004-02-20,2.5250000953674316,2.575000047683716,2.5250000953674316,2.575000047683716,1.8496074676513672,1894000
2004-02-23,2.5999999046325684,2.825000047683716,2.575000047683716,2.799999952316284,2.0112240314483643,6594000
2004-02-24,2.7249999046325684,2.7249999046325684,2.575000047683716,2.5999999046325684,1.8675649166107178,8904000
2004-02-25,2.5999999046325684,2.5999999046325684,2.3499999046325684,2.375,1.705948829650879,16432000
2004-02-26,2.4000000953674316,2.5250000953674316,2.4000000953674316,2.4749999046325684,1.7777782678604126,6683471
2004-02-27,2.5250000953674316,2.575000047683716,2.450000047683716,2.575000047683716,1.8496074676513672,7660000
2004-03-01,2.5999999046325684,2.6500000953674316,2.549999952316284,2.549999952316284,1.8316506147384644,7172000
2004-03-02,2.5999999046325684,2.7249999046325684,2.5250000953674316,2.700000047683716,1.9393941164016724,11096000
2004-03-03,2.700000047683716,2.924999952316284,2.6500000953674316,2.825000047683716,2.029181480407715,16934000
2004-03-04,2.8499999046325684,2.875,2.7750000953674316,2.799999952316284,2.0112240314483643,3194000
2004-03-05,2.799999952316284,2.825000047683716,2.7750000953674316,2.825000047683716,2.029181480407715,2970000
2004-03-08,2.825000047683716,2.9000000953674316,2.825000047683716,2.875,2.065096139907837,2546000
2004-03-09,2.924999952316284,2.950000047683716,2.8499999046325684,2.950000047683716,2.1189687252044678,3558000
2004-03-10,2.950000047683716,3.0,2.825000047683716,2.924999952316284,2.101010322570801,2592000
2004-03-11,2.8499999046325684,2.8499999046325684,2.5,2.674999952316284,1.9214369058609009,11280000
2004-03-12,2.625,2.674999952316284,2.450000047683716,2.6500000953674316,1.9034799337387085,14058000
2004-03-15,2.7249999046325684,2.7750000953674316,2.549999952316284,2.575000047683716,1.8496074676513672,4766000
2004-03-16,2.575000047683716,2.5999999046325684,2.450000047683716,2.4749999046325684,1.7777782678604126,8710000
2004-03-17,2.5250000953674316,2.5999999046325684,2.5,2.549999952316284,1.8316506147384644,7934000
2004-03-18,2.5999999046325684,2.5999999046325684,2.450000047683716,2.5,1.7957355976104736,4708000
2004-03-19,2.4749999046325684,2.5,2.325000047683716,2.4000000953674316,1.7239062786102295,10710000
2004-03-22,2.299999952316284,2.375,2.2249999046325684,2.2750000953674316,1.6341192722320557,2270000
2004-03-23,2.200000047683716,2.375,2.200000047683716,2.325000047683716,1.6700339317321777,2262000
2004-03-24,2.3499999046325684,2.549999952316284,2.325000047683716,2.5250000953674316,1.8136926889419556,7674000
2004-03-25,2.5,2.5,2.3499999046325684,2.375,1.705948829650879,6834000
2004-03-26,2.424999952316284,2.450000047683716,2.3499999046325684,2.375,1.705948829650879,2746000
2004-03-29,2.299999952316284,2.4000000953674316,2.25,2.4000000953674316,1.7239062786102295,1648000
2004-03-30,2.4000000953674316,2.4749999046325684,2.4000000953674316,2.424999952316284,1.741863489151001,1860000
2004-03-31,2.4749999046325684,2.549999952316284,2.4000000953674316,2.5250000953674316,1.8136926889419556,4072000
2004-04-01,2.5,2.5250000953674316,2.450000047683716,2.450000047683716,1.759820818901062,1426000
2004-04-02,2.4749999046325684,2.549999952316284,2.4749999046325684,2.5,1.7957355976104736,1702000
2004-04-05,2.5,2.5,2.5,2.5,1.7957355976104736,0
2004-04-06,2.5,2.575000047683716,2.5,2.549999952316284,1.8316506147384644,1991000
2004-04-07,2.5250000953674316,2.549999952316284,2.4749999046325684,2.4749999046325684,1.7777782678604126,588000
2004-04-08,2.549999952316284,2.625,2.5250000953674316,2.625,1.8855222463607788,3774000
2004-04-09,2.625,2.625,2.625,2.625,1.8855222463607788,0
2004-04-12,2.625,2.625,2.625,2.625,1.8855222463607788,0
2004-04-13,2.6500000953674316,2.75,2.625,2.6500000953674316,1.9034799337387085,3292000
2004-04-14,2.5999999046325684,2.674999952316284,2.450000047683716,2.5,1.7957355976104736,3722000
2004-04-15,2.5250000953674316,2.549999952316284,2.375,2.450000047683716,1.759820818901062,4734000
2004-04-16,2.4749999046325684,2.5,2.424999952316284,2.5,1.7957355976104736,2509000
2004-04-19,2.4000000953674316,2.5,1.8300000429153442,1.840000033378601,1.321661353111267,55206000
2004-04-20,1.8300000429153442,1.8700000047683716,1.5399999618530273,1.5800000429153442,1.1349047422409058,78582000
2004-04-21,1.5499999523162842,1.6200000047683716,1.4700000286102295,1.4900000095367432,1.070258617401123,33734000
2004-04-22,1.5199999809265137,1.5499999523162842,1.440000057220459,1.5,1.0774412155151367,23822000
2004-04-23,1.5299999713897705,1.590000033378601,1.5199999809265137,1.5700000524520874,1.127721905708313,24412000
2004-04-26,1.559999942779541,1.559999942779541,1.399999976158142,1.4600000381469727,1.0487096309661865,7158000
2004-04-27,1.4600000381469727,1.5,1.3600000143051147,1.3899999856948853,0.9984292387962341,9536000
2004-04-28,1.3899999856948853,1.4199999570846558,1.309999942779541,1.3200000524520874,0.9481484293937683,7992000
2004-04-29,1.2699999809265137,1.2699999809265137,1.2000000476837158,1.25,0.8978677988052368,9246000
2004-04-30,1.2300000190734863,1.2899999618530273,1.2100000381469727,1.25,0.8978677988052368,6884000
2004-05-03,1.2400000095367432,1.2400000095367432,1.190000057220459,1.2100000381469727,0.8691361546516418,5416000
2004-05-04,1.2200000286102295,1.340000033378601,1.2100000381469727,1.340000033378601,0.9625142216682434,13280000
2004-05-05,1.340000033378601,1.3799999952316284,1.2799999713897705,1.3200000524520874,0.9481484293937683,13148000
2004-05-06,1.340000033378601,1.4199999570846558,1.340000033378601,1.399999976158142,1.0056120157241821,14486000
2004-05-07,1.3799999952316284,1.440000057220459,1.3600000143051147,1.3700000047683716,0.9840632081031799,5592000
2004-05-10,1.350000023841858,1.350000023841858,1.190000057220459,1.2200000286102295,0.8763188123703003,9536800
2004-05-11,1.2100000381469727,1.2999999523162842,1.2000000476837158,1.2899999618530273,0.9265995025634766,8544000
2004-05-12,1.309999942779541,1.340000033378601,1.2699999809265137,1.2799999713897705,0.9194166660308838,6774800
2004-05-13,1.2699999809265137,1.2899999618530273,1.2100000381469727,1.2400000095367432,0.890684962272644,4173200
2004-05-14,1.2400000095367432,1.2400000095367432,1.0299999713897705,1.059999942779541,0.7613917589187622,15140000
2004-05-17,1.0399999618530273,1.0700000524520874,0.9900000095367432,1.0399999618530273,0.7470259666442871,9442000
2004-05-18,1.059999942779541,1.0800000429153442,1.0299999713897705,1.0800000429153442,0.7757577896118164,8580000
2004-05-19,1.100000023841858,1.159999966621399,1.100000023841858,1.1399999856948853,0.8188554048538208,14728000
2004-05-20,1.1299999952316284,1.1799999475479126,1.090000033378601,1.100000023841858,0.7901235818862915,15920000
2004-05-21,1.1200000047683716,1.190000057220459,1.100000023841858,1.1699999570846558,0.840404212474823,18094000
2004-05-24,1.1799999475479126,1.2300000190734863,1.159999966621399,1.2300000190734863,0.8835019469261169,15266000
2004-05-25,1.2200000286102295,1.2200000286102295,1.1699999570846558,1.190000057220459,0.8547701239585876,9551000
2004-05-26,1.190000057220459,1.190000057220459,1.190000057220459,1.190000057220459,0.8547701239585876,0
2004-05-27,1.2300000190734863,1.25,1.2200000286102295,1.2400000095367432,0.890684962272644,14754000
2004-05-28,1.2599999904632568,1.2599999904632568,1.2100000381469727,1.2100000381469727,0.8691361546516418,21094000
2004-05-31,1.2200000286102295,1.2400000095367432,1.190000057220459,1.2400000095367432,0.890684962272644,4270000
2004-06-01,1.2400000095367432,1.2999999523162842,1.2300000190734863,1.2400000095367432,0.890684962272644,15602000
2004-06-02,1.2599999904632568,1.340000033378601,1.25,1.340000033378601,0.9625142216682434,24880000
2004-06-03,1.350000023841858,1.3600000143051147,1.2400000095367432,1.2699999809265137,0.9122337698936462,24666000
2004-06-04,1.2699999809265137,1.309999942779541,1.25,1.2999999523162842,0.9337824583053589,12332000
2004-06-07,1.3300000429153442,1.340000033378601,1.309999942779541,1.3200000524520874,0.9481484293937683,9374000
2004-06-08,1.340000033378601,1.3600000143051147,1.2899999618530273,1.3600000143051147,0.9768801331520081,17080000
2004-06-09,1.3600000143051147,1.3799999952316284,1.3200000524520874,1.3300000429153442,0.9553313851356506,9896000
2004-06-10,1.3200000524520874,1.340000033378601,1.2999999523162842,1.3200000524520874,0.9481484293937683,5884000
2004-06-11,1.3200000524520874,1.340000033378601,1.309999942779541,1.3200000524520874,0.9481484293937683,6080000
2004-06-14,1.3200000524520874,1.3300000429153442,1.2400000095367432,1.25,0.8978677988052368,11484000
2004-06-15,1.2400000095367432,1.2599999904632568,1.2100000381469727,1.2300000190734863,0.8835019469261169,12078000
2004-06-16,1.2400000095367432,1.25,1.190000057220459,1.190000057220459,0.8547701239585876,5304000
2004-06-17,1.1799999475479126,1.190000057220459,1.1200000047683716,1.1200000047683716,0.8044897317886353,7876000
2004-06-18,1.100000023841858,1.100000023841858,1.0700000524520874,1.0800000429153442,0.7757577896118164,9766000
2004-06-21,1.100000023841858,1.1100000143051147,1.090000033378601,1.100000023841858,0.7901235818862915,3810000
2004-06-22,1.100000023841858,1.100000023841858,1.100000023841858,1.100000023841858,0.7901235818862915,0
2004-06-23,1.1100000143051147,1.2000000476837158,1.1100000143051147,1.1699999570846558,0.840404212474823,7894000
2004-06-24,1.190000057220459,1.2200000286102295,1.1799999475479126,1.2100000381469727,0.8691361546516418,16498000
2004-06-25,1.2100000381469727,1.2300000190734863,1.1699999570846558,1.1799999475479126,0.8475872278213501,7574000
2004-06-28,1.190000057220459,1.2100000381469727,1.159999966621399,1.2000000476837158,0.8619531393051147,7842000
2004-06-29,1.2100000381469727,1.2100000381469727,1.1699999570846558,1.190000057220459,0.8547701239585876,6484000
2004-06-30,1.2100000381469727,1.2400000095367432,1.2100000381469727,1.2100000381469727,0.8691361546516418,9016000
2004-07-01,1.2100000381469727,1.2100000381469727,1.2100000381469727,1.2100000381469727,0.8691361546516418,0
2004-07-02,1.1699999570846558,1.2400000095367432,1.159999966621399,1.2300000190734863,0.8835019469261169,6858000
2004-07-05,1.2300000190734863,1.2699999809265137,1.2200000286102295,1.25,0.8978677988052368,7372000
2004-07-06,1.2599999904632568,1.2899999618530273,1.2400000095367432,1.2799999713897705,0.9194166660308838,8752000
2004-07-07,1.25,1.340000033378601,1.25,1.309999942779541,0.9409655332565308,14314000
2004-07-08,1.2999999523162842,1.309999942779541,1.2300000190734863,1.2400000095367432,0.890684962272644,6370000
2004-07-09,1.25,1.2599999904632568,1.2300000190734863,1.2599999904632568,0.9050508737564087,3222000
2004-07-12,1.2599999904632568,1.2599999904632568,1.2200000286102295,1.2400000095367432,0.890684962272644,3020000
2004-07-13,1.2100000381469727,1.2200000286102295,1.1799999475479126,1.2100000381469727,0.8691361546516418,2760000
2004-07-14,1.2100000381469727,1.2100000381469727,1.159999966621399,1.1799999475479126,0.8475872278213501,3864000
2004-07-15,1.190000057220459,1.2200000286102295,1.1799999475479126,1.2200000286102295,0.8763188123703003,3928000
2004-07-16,1.2100000381469727,1.25,1.2100000381469727,1.25,0.8978677988052368,3114000
2004-07-19,1.25,1.2699999809265137,1.2400000095367432,1.2699999809265137,0.9122337698936462,6104000
2004-07-20,1.25,1.2699999809265137,1.2400000095367432,1.25,0.8978677988052368,3084000
2004-07-21,1.2599999904632568,1.2799999713897705,1.2400000095367432,1.25,0.8978677988052368,2980000
2004-07-22,1.2300000190734863,1.2400000095367432,1.2000000476837158,1.2200000286102295,0.8763188123703003,3844000
2004-07-23,1.2300000190734863,1.2300000190734863,1.2000000476837158,1.2200000286102295,0.8763188123703003,3902000
2004-07-26,1.190000057220459,1.2100000381469727,1.190000057220459,1.2100000381469727,0.8691361546516418,2784000
2004-07-27,1.2000000476837158,1.2100000381469727,1.1799999475479126,1.190000057220459,0.8547701239585876,3616000
2004-07-28,1.2000000476837158,1.2100000381469727,1.1799999475479126,1.190000057220459,0.8547701239585876,2956000
2004-07-29,1.1799999475479126,1.190000057220459,1.159999966621399,1.1799999475479126,0.8475872278213501,1294000
2004-07-30,1.190000057220459,1.2000000476837158,1.1799999475479126,1.1799999475479126,0.8475872278213501,2536000
2004-08-02,1.1699999570846558,1.190000057220459,1.1699999570846558,1.1799999475479126,0.8475872278213501,1900000
2004-08-03,1.2000000476837158,1.2000000476837158,1.149999976158142,1.1699999570846558,0.840404212474823,1852000
2004-08-04,1.1699999570846558,1.1699999570846558,1.1399999856948853,1.159999966621399,0.8332213163375854,1130000
2004-08-05,1.1699999570846558,1.2000000476837158,1.159999966621399,1.2000000476837158,0.8619531393051147,3326000
2004-08-06,1.1699999570846558,1.190000057220459,1.159999966621399,1.1799999475479126,0.8475872278213501,2182000
2004-08-09,1.1699999570846558,1.1799999475479126,1.159999966621399,1.159999966621399,0.8332213163375854,1648000
2004-08-10,1.159999966621399,1.159999966621399,1.1399999856948853,1.1399999856948853,0.8188554048538208,1342000
2004-08-11,1.1399999856948853,1.149999976158142,1.090000033378601,1.100000023841858,0.7901235818862915,3412000
2004-08-12,1.0700000524520874,1.1200000047683716,1.0499999523162842,1.1200000047683716,0.8044897317886353,2450000
2004-08-13,1.059999942779541,1.1100000143051147,1.059999942779541,1.1100000143051147,0.7973065972328186,1786000
2004-08-16,1.090000033378601,1.100000023841858,1.0700000524520874,1.0700000524520874,0.7685747742652893,730000
2004-08-17,1.0800000429153442,1.100000023841858,1.0499999523162842,1.0499999523162842,0.7542088627815247,1600000
2004-08-18,1.0700000524520874,1.100000023841858,1.0700000524520874,1.090000033378601,0.782940685749054,3254000
2004-08-19,1.1100000143051147,1.159999966621399,1.1100000143051147,1.149999976158142,0.8260384202003479,7280000
2004-08-20,1.149999976158142,1.149999976158142,1.1100000143051147,1.1200000047683716,0.8044897317886353,3440000
2004-08-23,1.1299999952316284,1.1299999952316284,1.1100000143051147,1.1100000143051147,0.7973065972328186,1342000
2004-08-24,1.1200000047683716,1.1200000047683716,1.100000023841858,1.1200000047683716,0.8044897317886353,2016000
2004-08-25,1.1200000047683716,1.149999976158142,1.1100000143051147,1.149999976158142,0.8260384202003479,5192000
2004-08-26,1.1699999570846558,1.190000057220459,1.1399999856948853,1.1699999570846558,0.840404212474823,5106000
2004-08-27,1.090000033378601,1.1100000143051147,1.0700000524520874,1.0800000429153442,0.7757577896118164,7890000
2004-08-30,1.0800000429153442,1.090000033378601,1.059999942779541,1.090000033378601,0.782940685749054,3580000
2004-08-31,1.0800000429153442,1.0800000429153442,1.0700000524520874,1.0800000429153442,0.7757577896118164,1914000
2004-09-01,1.0700000524520874,1.1100000143051147,1.0700000524520874,1.100000023841858,0.7901235818862915,4192000
2004-09-02,1.100000023841858,1.100000023841858,1.0800000429153442,1.090000033378601,0.782940685749054,1462000
2004-09-03,1.0800000429153442,1.0800000429153442,1.0700000524520874,1.0800000429153442,0.7757577896118164,1156000
2004-09-06,1.0800000429153442,1.090000033378601,1.0800000429153442,1.090000033378601,0.782940685749054,1060000
2004-09-07,1.0800000429153442,1.090000033378601,1.0700000524520874,1.090000033378601,0.782940685749054,1374000
2004-09-08,1.090000033378601,1.1200000047683716,1.0800000429153442,1.090000033378601,0.782940685749054,3756000
2004-09-09,1.0800000429153442,1.100000023841858,1.0700000524520874,1.0800000429153442,0.7757577896118164,2650000
2004-09-10,1.0800000429153442,1.0800000429153442,1.059999942779541,1.0700000524520874,0.7685747742652893,720000
2004-09-13,1.0800000429153442,1.0800000429153442,1.0700000524520874,1.0700000524520874,0.7685747742652893,878000
2004-09-14,1.0700000524520874,1.100000023841858,1.0700000524520874,1.100000023841858,0.7901235818862915,2404000
2004-09-15,1.090000033378601,1.100000023841858,1.0800000429153442,1.090000033378601,0.782940685749054,1116000
2004-09-16,1.090000033378601,1.1399999856948853,1.090000033378601,1.1399999856948853,0.8188554048538208,8390000
2004-09-17,1.1399999856948853,1.2200000286102295,1.1399999856948853,1.2100000381469727,0.8691361546516418,24972000
2004-09-20,1.2200000286102295,1.25,1.1799999475479126,1.2300000190734863,0.8835019469261169,19078000
2004-09-21,1.2400000095367432,1.2599999904632568,1.2200000286102295,1.2400000095367432,0.890684962272644,11786000
2004-09-22,1.25,1.25,1.1799999475479126,1.2000000476837158,0.8619531393051147,4972000
2004-09-23,1.1699999570846558,1.2200000286102295,1.159999966621399,1.2100000381469727,0.8691361546516418,7282000
2004-09-24,1.2000000476837158,1.2000000476837158,1.159999966621399,1.1799999475479126,0.8475872278213501,3878000
2004-09-27,1.159999966621399,1.1699999570846558,1.1399999856948853,1.1699999570846558,0.840404212474823,1332000
2004-09-28,1.1699999570846558,1.1699999570846558,1.149999976158142,1.1699999570846558,0.840404212474823,2106000
2004-09-29,1.1699999570846558,1.1699999570846558,1.1699999570846558,1.1699999570846558,0.840404212474823,0
2004-09-30,1.159999966621399,1.1799999475479126,1.149999976158142,1.159999966621399,0.8332213163375854,4942000
2004-10-01,1.159999966621399,1.159999966621399,1.159999966621399,1.159999966621399,0.8332213163375854,0
2004-10-04,1.190000057220459,1.2100000381469727,1.1799999475479126,1.2000000476837158,0.8619531393051147,7490000
2004-10-05,1.2000000476837158,1.2300000190734863,1.2000000476837158,1.2300000190734863,0.8835019469261169,6734000
2004-10-06,1.2200000286102295,1.2200000286102295,1.190000057220459,1.190000057220459,0.8547701239585876,2812000
2004-10-07,1.2000000476837158,1.309999942779541,1.190000057220459,1.2899999618530273,0.9265995025634766,23652000
2004-10-08,1.2799999713897705,1.350000023841858,1.2300000190734863,1.309999942779541,0.9409655332565308,45868000
2004-10-11,1.3200000524520874,1.340000033378601,1.2899999618530273,1.309999942779541,0.9409655332565308,19378000
2004-10-12,1.2999999523162842,1.309999942779541,1.25,1.25,0.8978677988052368,9372000
2004-10-13,1.2599999904632568,1.2699999809265137,1.2000000476837158,1.2300000190734863,0.8835019469261169,6136000
2004-10-14,1.2100000381469727,1.2300000190734863,1.2000000476837158,1.2100000381469727,0.8691361546516418,4506000
2004-10-15,1.2000000476837158,1.2200000286102295,1.190000057220459,1.2100000381469727,0.8691361546516418,2168000
2004-10-18,1.2100000381469727,1.2300000190734863,1.190000057220459,1.2000000476837158,0.8619531393051147,1514000
2004-10-19,1.2000000476837158,1.2300000190734863,1.190000057220459,1.2300000190734863,0.8835019469261169,1378000
2004-10-20,1.2100000381469727,1.2100000381469727,1.190000057220459,1.190000057220459,0.8547701239585876,2348000
2004-10-21,1.190000057220459,1.2000000476837158,1.1699999570846558,1.190000057220459,0.8547701239585876,1058000
2004-10-22,1.190000057220459,1.190000057220459,1.190000057220459,1.190000057220459,0.8547701239585876,0
2004-10-25,1.1699999570846558,1.1699999570846558,1.159999966621399,1.159999966621399,0.8332213163375854,1050000
2004-10-26,1.1799999475479126,1.2699999809265137,1.1799999475479126,1.2300000190734863,0.8835019469261169,8392000
2004-10-27,1.25,1.2699999809265137,1.2100000381469727,1.2300000190734863,0.8835019469261169,7610000
2004-10-28,1.2400000095367432,1.2599999904632568,1.2400000095367432,1.25,0.8978677988052368,4852000
2004-10-29,1.190000057220459,1.2100000381469727,1.190000057220459,1.2000000476837158,0.8619531393051147,4810000
2004-11-01,1.1799999475479126,1.2000000476837158,1.1799999475479126,1.190000057220459,0.8547701239585876,1518000
2004-11-02,1.2000000476837158,1.2200000286102295,1.2000000476837158,1.2100000381469727,0.8691361546516418,1620000
2004-11-03,1.2100000381469727,1.2300000190734863,1.2000000476837158,1.2100000381469727,0.8691361546516418,2234000
2004-11-04,1.2200000286102295,1.2400000095367432,1.2000000476837158,1.2000000476837158,0.8619531393051147,3958000
2004-11-05,1.2100000381469727,1.2699999809265137,1.2100000381469727,1.25,0.8978677988052368,13714000
2004-11-08,1.25,1.2599999904632568,1.2200000286102295,1.2300000190734863,0.8835019469261169,3660000
2004-11-09,1.25,1.25,1.2200000286102295,1.2400000095367432,0.890684962272644,2100000
2004-11-10,1.2300000190734863,1.2799999713897705,1.2300000190734863,1.2699999809265137,0.9122337698936462,8502000
2004-11-11,1.2699999809265137,1.2999999523162842,1.2599999904632568,1.2599999904632568,0.9050508737564087,5628000
2004-11-12,1.2799999713897705,1.2899999618530273,1.25,1.2799999713897705,0.9194166660308838,4628000
2004-11-15,1.2899999618530273,1.2899999618530273,1.2599999904632568,1.2699999809265137,0.9122337698936462,2972000
2004-11-16,1.2599999904632568,1.2799999713897705,1.2300000190734863,1.2300000190734863,0.8835019469261169,4260000
2004-11-17,1.2300000190734863,1.2599999904632568,1.2300000190734863,1.25,0.8978677988052368,3622000
2004-11-18,1.2599999904632568,1.2599999904632568,1.2300000190734863,1.2400000095367432,0.890684962272644,3576000
2004-11-19,1.2400000095367432,1.2400000095367432,1.2200000286102295,1.2200000286102295,0.8763188123703003,1924000
2004-11-22,1.2000000476837158,1.2100000381469727,1.190000057220459,1.2000000476837158,0.8619531393051147,5060000
2004-11-23,1.2000000476837158,1.2200000286102295,1.190000057220459,1.2000000476837158,0.8619531393051147,6428000
2004-11-24,1.2000000476837158,1.2200000286102295,1.2000000476837158,1.2000000476837158,0.8619531393051147,3920000
2004-11-25,1.2000000476837158,1.2000000476837158,1.159999966621399,1.1799999475479126,0.8475872278213501,8360000
2004-11-26,1.190000057220459,1.2200000286102295,1.1799999475479126,1.1799999475479126,0.8475872278213501,6678000
2004-11-29,1.2000000476837158,1.2100000381469727,1.1699999570846558,1.1699999570846558,0.840404212474823,4766000
2004-11-30,1.1799999475479126,1.2000000476837158,1.1799999475479126,1.2000000476837158,0.8619531393051147,3970000
2004-12-01,1.190000057220459,1.2000000476837158,1.1699999570846558,1.1799999475479126,0.8475872278213501,1716000
2004-12-02,1.190000057220459,1.190000057220459,1.1699999570846558,1.1799999475479126,0.8475872278213501,1814000
2004-12-03,1.1799999475479126,1.1799999475479126,1.1200000047683716,1.149999976158142,0.8260384202003479,4218000
2004-12-06,1.1399999856948853,1.159999966621399,1.1399999856948853,1.159999966621399,0.8332213163375854,2126000
2004-12-07,1.149999976158142,1.149999976158142,1.1399999856948853,1.1399999856948853,0.8188554048538208,978000
2004-12-08,1.1299999952316284,1.1299999952316284,1.1100000143051147,1.1299999952316284,0.811672568321228,1732000
2004-12-09,1.1299999952316284,1.1299999952316284,1.090000033378601,1.1100000143051147,0.7973065972328186,4534000
2004-12-10,1.100000023841858,1.100000023841858,1.0800000429153442,1.100000023841858,0.7901235818862915,1518000
2004-12-13,1.090000033378601,1.090000033378601,1.0299999713897705,1.059999942779541,0.7613917589187622,3660000
2004-12-14,1.0499999523162842,1.090000033378601,1.0499999523162842,1.059999942779541,0.7613917589187622,2602000
2004-12-15,1.0499999523162842,1.090000033378601,1.0499999523162842,1.0700000524520874,0.7685747742652893,2936000
2004-12-16,1.0800000429153442,1.0800000429153442,1.0499999523162842,1.0499999523162842,0.7542088627815247,2104000
2004-12-17,1.0499999523162842,1.0499999523162842,1.0199999809265137,1.0499999523162842,0.7542088627815247,2557000
2004-12-20,1.0499999523162842,1.0499999523162842,1.0299999713897705,1.0299999713897705,0.7398431301116943,1182000
2004-12-21,1.0299999713897705,1.0499999523162842,1.0299999713897705,1.0299999713897705,0.7398431301116943,1784000
2004-12-22,1.0299999713897705,1.059999942779541,1.0299999713897705,1.059999942779541,0.7613917589187622,1692000
2004-12-23,1.0399999618530273,1.0499999523162842,1.0399999618530273,1.0399999618530273,0.7470259666442871,1112000
2004-12-24,1.0399999618530273,1.0499999523162842,1.0299999713897705,1.0499999523162842,0.7542088627815247,1572000
2004-12-27,1.0499999523162842,1.0499999523162842,1.0499999523162842,1.0499999523162842,0.7542088627815247,0
2004-12-28,1.0499999523162842,1.059999942779541,1.0299999713897705,1.0499999523162842,0.7542088627815247,826000
2004-12-29,1.0399999618530273,1.059999942779541,1.0399999618530273,1.0499999523162842,0.7542088627815247,1034000
2004-12-30,1.0499999523162842,1.090000033378601,1.0499999523162842,1.0800000429153442,0.7757577896118164,2084000
2004-12-31,1.090000033378601,1.1100000143051147,1.059999942779541,1.1100000143051147,0.7973065972328186,1650000
2005-01-03,1.1200000047683716,1.1299999952316284,1.0800000429153442,1.100000023841858,0.7901235818862915,1670000
2005-01-04,1.0800000429153442,1.0800000429153442,1.0499999523162842,1.059999942779541,0.7613917589187622,1070000
2005-01-05,1.0399999618530273,1.0499999523162842,1.0299999713897705,1.0299999713897705,0.7398431301116943,1854000
2005-01-06,1.0299999713897705,1.059999942779541,1.0299999713897705,1.0399999618530273,0.7470259666442871,754000
2005-01-07,1.0399999618530273,1.0399999618530273,1.0099999904632568,1.0299999713897705,0.7398431301116943,2442000
2005-01-10,1.0199999809265137,1.0399999618530273,1.0199999809265137,1.0399999618530273,0.7470259666442871,666000
2005-01-11,1.0299999713897705,1.0399999618530273,1.0099999904632568,1.0099999904632568,0.7254771590232849,1225000
2005-01-12,1.0099999904632568,1.0199999809265137,1.0099999904632568,1.0099999904632568,0.7254771590232849,1134000
2005-01-13,1.0199999809265137,1.0299999713897705,1.0099999904632568,1.0299999713897705,0.7398431301116943,1380000
2005-01-14,1.0099999904632568,1.0199999809265137,0.9900000095367432,1.0,0.7182942628860474,3072000
2005-01-17,1.0199999809265137,1.1200000047683716,1.0199999809265137,1.0800000429153442,0.7757577896118164,24550000
2005-01-18,1.0800000429153442,1.0800000429153442,1.0199999809265137,1.0399999618530273,0.7470259666442871,21064000
2005-01-19,1.0399999618530273,1.0499999523162842,1.0199999809265137,1.0299999713897705,0.7398431301116943,4828000
2005-01-20,1.0299999713897705,1.0299999713897705,1.0199999809265137,1.0199999809265137,0.7326600551605225,3856000
2005-01-21,1.0199999809265137,1.0199999809265137,1.0,1.0099999904632568,0.7254771590232849,5156000
2005-01-24,1.0700000524520874,1.2000000476837158,1.0700000524520874,1.190000057220459,0.8547701239585876,73214212
2005-01-25,1.1699999570846558,1.2000000476837158,1.1399999856948853,1.159999966621399,0.8332213163375854,18914000
2005-01-26,1.1699999570846558,1.2400000095367432,1.1299999952316284,1.2300000190734863,0.8835019469261169,31632000
2005-01-27,1.2300000190734863,1.25,1.190000057220459,1.2100000381469727,0.8691361546516418,16040000
2005-01-28,1.2000000476837158,1.2100000381469727,1.1699999570846558,1.1699999570846558,0.840404212474823,7372000
2005-01-31,1.1699999570846558,1.25,1.1699999570846558,1.2400000095367432,0.890684962272644,14488000
2005-02-01,1.2300000190734863,1.2400000095367432,1.1699999570846558,1.190000057220459,0.8547701239585876,11124000
2005-02-02,1.1799999475479126,1.190000057220459,1.149999976158142,1.1799999475479126,0.8475872278213501,8644000
2005-02-03,1.1699999570846558,1.2200000286102295,1.1699999570846558,1.1799999475479126,0.8475872278213501,6054000
2005-02-04,1.190000057220459,1.2000000476837158,1.1799999475479126,1.1799999475479126,0.8475872278213501,2570000
2005-02-07,1.2000000476837158,1.2400000095367432,1.2000000476837158,1.2200000286102295,0.8763188123703003,9447000
2005-02-08,1.2200000286102295,1.2300000190734863,1.2000000476837158,1.2200000286102295,0.8763188123703003,2200000
2005-02-14,1.2300000190734863,1.2300000190734863,1.1799999475479126,1.2100000381469727,0.8691361546516418,5812000
2005-02-15,1.2100000381469727,1.2100000381469727,1.190000057220459,1.2100000381469727,0.8691361546516418,4054000
2005-02-16,1.2200000286102295,1.2699999809265137,1.2200000286102295,1.2300000190734863,0.8835019469261169,15234000
2005-02-17,1.2300000190734863,1.2400000095367432,1.2100000381469727,1.2300000190734863,0.8835019469261169,3420000
2005-02-18,1.2300000190734863,1.2699999809265137,1.2100000381469727,1.25,0.8978677988052368,7000000
2005-02-21,1.2599999904632568,1.309999942779541,1.2599999904632568,1.2999999523162842,0.9337824583053589,18989084
2005-02-22,1.309999942779541,1.3300000429153442,1.2899999618530273,1.2999999523162842,0.9337824583053589,25576000
2005-02-23,1.2599999904632568,1.3799999952316284,1.2599999904632568,1.3600000143051147,0.9768801331520081,25223000
2005-02-24,1.3700000047683716,1.3899999856948853,1.340000033378601,1.3700000047683716,0.9840632081031799,14312000
2005-02-25,1.3700000047683716,1.3799999952316284,1.3200000524520874,1.350000023841858,0.9696970582008362,15580000
2005-02-28,1.350000023841858,1.4299999475479126,1.350000023841858,1.399999976158142,1.0056120157241821,20854000
2005-03-01,1.399999976158142,1.4600000381469727,1.3600000143051147,1.440000057220459,1.0343437194824219,19246000
2005-03-02,1.4500000476837158,1.4600000381469727,1.3700000047683716,1.3700000047683716,0.9840632081031799,19536000
2005-03-03,1.3700000047683716,1.4199999570846558,1.3700000047683716,1.409999966621399,1.0127949714660645,17456000
2005-03-04,1.4199999570846558,1.4199999570846558,1.340000033378601,1.350000023841858,0.9696970582008362,13798000
2005-03-07,1.409999966621399,1.4299999475479126,1.3799999952316284,1.3899999856948853,0.9984292387962341,18725000
2005-03-08,1.399999976158142,1.659999966621399,1.399999976158142,1.649999976158142,1.185185432434082,79170000
2005-03-09,1.6200000047683716,1.809999942779541,1.6200000047683716,1.7100000381469727,1.2282830476760864,66017000
2005-03-10,1.6699999570846558,1.7899999618530273,1.659999966621399,1.6699999570846558,1.1995513439178467,43728000
2005-03-11,1.690000057220459,1.7000000476837158,1.6299999952316284,1.6699999570846558,1.1995513439178467,17100000
2005-03-14,1.659999966621399,1.7699999809265137,1.659999966621399,1.7400000095367432,1.249832034111023,32986000
2005-03-15,1.7400000095367432,1.840000033378601,1.6799999475479126,1.6799999475479126,1.2067341804504395,62488000
2005-03-16,1.7000000476837158,1.7599999904632568,1.6799999475479126,1.7599999904632568,1.264197826385498,17908000
2005-03-17,1.7300000190734863,1.8200000524520874,1.7200000286102295,1.7999999523162842,1.2929296493530273,26576000
2005-03-18,1.8200000524520874,1.8200000524520874,1.7200000286102295,1.7300000190734863,1.2426490783691406,12384000
2005-03-21,1.7300000190734863,1.7699999809265137,1.6200000047683716,1.6399999856948853,1.1780025959014893,14844000
2005-03-22,1.6200000047683716,1.649999976158142,1.440000057220459,1.4500000476837158,1.0415265560150146,44646000
2005-03-23,1.4500000476837158,1.5,1.409999966621399,1.4900000095367432,1.070258617401123,22436000
2005-03-24,1.4900000095367432,1.5199999809265137,1.4700000286102295,1.4700000286102295,1.0558924674987793,7160000
2005-03-29,1.4800000190734863,1.4900000095367432,1.440000057220459,1.440000057220459,1.0343437194824219,3076000
2005-03-30,1.4299999475479126,1.4299999475479126,1.3600000143051147,1.3799999952316284,0.9912461638450623,8138000
2005-03-31,1.399999976158142,1.4299999475479126,1.3799999952316284,1.409999966621399,1.0127949714660645,6992000
2005-04-01,1.409999966621399,1.4700000286102295,1.3899999856948853,1.4600000381469727,1.0487096309661865,4968000
2005-04-04,1.4500000476837158,1.5099999904632568,1.440000057220459,1.5,1.0774412155151367,6678000
2005-04-06,1.5299999713897705,1.5800000429153442,1.5299999713897705,1.5399999618530273,1.106173038482666,10980000
2005-04-07,1.559999942779541,1.559999942779541,1.5099999904632568,1.5199999809265137,1.0918071269989014,4960000
2005-04-08,1.5299999713897705,1.5700000524520874,1.5099999904632568,1.5499999523162842,1.113356113433838,5774000
2005-04-11,1.5299999713897705,1.5399999618530273,1.5199999809265137,1.5299999713897705,1.0989900827407837,2530000
2005-04-12,1.5399999618530273,1.5399999618530273,1.4800000190734863,1.4900000095367432,1.070258617401123,2166000
2005-04-13,1.5,1.5199999809265137,1.4900000095367432,1.5,1.0774412155151367,4676000
2005-04-14,1.4800000190734863,1.4800000190734863,1.4500000476837158,1.4600000381469727,1.0487096309661865,4578000
2005-04-15,1.440000057220459,1.4800000190734863,1.440000057220459,1.4600000381469727,1.0487096309661865,4210000
2005-04-18,1.4199999570846558,1.4299999475479126,1.3799999952316284,1.3899999856948853,0.9984292387962341,3882000
2005-04-19,1.399999976158142,1.440000057220459,1.399999976158142,1.399999976158142,1.0056120157241821,3786000
2005-04-20,1.4199999570846558,1.4199999570846558,1.2799999713897705,1.2999999523162842,0.9337824583053589,8062000
2005-04-21,1.25,1.2999999523162842,1.2300000190734863,1.2799999713897705,0.9194166660308838,9508000
2005-04-22,1.309999942779541,1.340000033378601,1.2699999809265137,1.2799999713897705,0.9194166660308838,5088000
2005-04-25,1.2599999904632568,1.2999999523162842,1.25,1.2599999904632568,0.9050508737564087,3298000
2005-04-26,1.25,1.2599999904632568,1.1399999856948853,1.159999966621399,0.8332213163375854,17564000
2005-04-27,1.149999976158142,1.190000057220459,1.1299999952316284,1.159999966621399,0.8332213163375854,5036000
2005-04-28,1.1799999475479126,1.2699999809265137,1.1799999475479126,1.2699999809265137,0.9122337698936462,12248000
2005-04-29,1.2699999809265137,1.3200000524520874,1.25,1.2599999904632568,0.9050508737564087,10444000
2005-05-03,1.2699999809265137,1.2699999809265137,1.2100000381469727,1.2400000095367432,0.890684962272644,3518000
2005-05-04,1.25,1.2899999618530273,1.2300000190734863,1.2599999904632568,0.9050508737564087,5812000
2005-05-05,1.2799999713897705,1.2799999713897705,1.2599999904632568,1.2699999809265137,0.9122337698936462,2270000
2005-05-06,1.2699999809265137,1.2799999713897705,1.2400000095367432,1.2599999904632568,0.9050508737564087,4002000
2005-05-09,1.25,1.25,1.2300000190734863,1.2400000095367432,0.890684962272644,1092000
2005-05-10,1.2400000095367432,1.2599999904632568,1.2200000286102295,1.2300000190734863,0.8835019469261169,2430000
2005-05-11,1.2200000286102295,1.2300000190734863,1.2100000381469727,1.2200000286102295,0.8763188123703003,1562000
2005-05-12,1.2400000095367432,1.2400000095367432,1.2000000476837158,1.2100000381469727,0.8691361546516418,2614000
2005-05-13,1.2000000476837158,1.2100000381469727,1.190000057220459,1.190000057220459,0.8547701239585876,1580000
2005-05-17,1.2300000190734863,1.2300000190734863,1.1699999570846558,1.190000057220459,0.8547701239585876,2352000
2005-05-18,1.190000057220459,1.190000057220459,1.159999966621399,1.1799999475479126,0.8475872278213501,1312000
2005-05-19,1.2200000286102295,1.2200000286102295,1.1799999475479126,1.190000057220459,0.8547701239585876,848000
2005-05-20,1.190000057220459,1.2000000476837158,1.1799999475479126,1.2000000476837158,0.8619531393051147,390000
2005-05-23,1.2000000476837158,1.2000000476837158,1.190000057220459,1.190000057220459,0.8547701239585876,520000
2005-05-24,1.190000057220459,1.2300000190734863,1.1799999475479126,1.2300000190734863,0.8835019469261169,2038000
2005-05-25,1.2400000095367432,1.2400000095367432,1.2100000381469727,1.2200000286102295,0.8763188123703003,1620000
2005-05-26,1.2200000286102295,1.2200000286102295,1.2000000476837158,1.2000000476837158,0.8619531393051147,618000
2005-05-27,1.2100000381469727,1.2400000095367432,1.2000000476837158,1.2400000095367432,0.890684962272644,2516000
2005-05-30,1.25,1.3200000524520874,1.2400000095367432,1.3200000524520874,0.9481484293937683,9058000
2005-05-31,1.3200000524520874,1.3600000143051147,1.2999999523162842,1.3600000143051147,0.9768801331520081,10304000
2005-06-01,1.3700000047683716,1.3700000047683716,1.3200000524520874,1.340000033378601,0.9625142216682434,3588000
2005-06-02,1.350000023841858,1.350000023841858,1.3200000524520874,1.340000033378601,0.9625142216682434,2058000
2005-06-03,1.350000023841858,1.399999976158142,1.340000033378601,1.3899999856948853,0.9984292387962341,5110000
2005-06-06,1.3899999856948853,1.5299999713897705,1.3899999856948853,1.5099999904632568,1.084624171257019,20986000
2005-06-07,1.5099999904632568,1.5199999809265137,1.440000057220459,1.4600000381469727,1.0487096309661865,10084000
2005-06-08,1.4700000286102295,1.5199999809265137,1.4600000381469727,1.4700000286102295,1.0558924674987793,6454000
2005-06-09,1.4700000286102295,1.4900000095367432,1.3899999856948853,1.409999966621399,1.0127949714660645,9562000
2005-06-10,1.4299999475479126,1.4500000476837158,1.409999966621399,1.440000057220459,1.0343437194824219,11629000
2005-06-13,1.440000057220459,1.440000057220459,1.409999966621399,1.4299999475479126,1.02716064453125,4264000
2005-06-14,1.4299999475479126,1.5199999809265137,1.4299999475479126,1.5099999904632568,1.084624171257019,24288000
2005-06-15,1.5099999904632568,1.559999942779541,1.5,1.5099999904632568,1.084624171257019,14670000
2005-06-16,1.5199999809265137,1.5299999713897705,1.4800000190734863,1.5099999904632568,1.084624171257019,6042000
2005-06-17,1.5099999904632568,1.559999942779541,1.5099999904632568,1.5399999618530273,1.106173038482666,10194000
2005-06-20,1.5399999618530273,1.559999942779541,1.5,1.5199999809265137,1.0918071269989014,2592000
2005-06-21,1.5099999904632568,1.6100000143051147,1.5,1.6100000143051147,1.1564538478851318,22418000
2005-06-22,1.600000023841858,1.6299999952316284,1.5800000429153442,1.590000033378601,1.1420878171920776,12704000
2005-06-23,1.600000023841858,1.600000023841858,1.5299999713897705,1.5399999618530273,1.106173038482666,6852000
2005-06-24,1.5299999713897705,1.5700000524520874,1.5299999713897705,1.5499999523162842,1.113356113433838,6195000
2005-06-27,1.5399999618530273,1.5499999523162842,1.4900000095367432,1.5,1.0774412155151367,6420000
2005-06-28,1.5,1.5199999809265137,1.4700000286102295,1.4800000190734863,1.0630755424499512,4366000
2005-06-29,1.4900000095367432,1.5299999713897705,1.4199999570846558,1.4299999475479126,1.02716064453125,6372000
2005-06-30,1.4299999475479126,1.4700000286102295,1.4199999570846558,1.4299999475479126,1.02716064453125,4042000
2005-07-04,1.4299999475479126,1.440000057220459,1.4199999570846558,1.4299999475479126,1.02716064453125,756000
2005-07-05,1.4299999475479126,1.4700000286102295,1.4299999475479126,1.4700000286102295,1.0558924674987793,2058000
2005-07-06,1.4900000095367432,1.5299999713897705,1.4900000095367432,1.5099999904632568,1.084624171257019,6714000
2005-07-07,1.5099999904632568,1.5299999713897705,1.4299999475479126,1.4500000476837158,1.0415265560150146,4274000
2005-07-08,1.4500000476837158,1.4800000190734863,1.4299999475479126,1.4500000476837158,1.0415265560150146,1844000
2005-07-11,1.4700000286102295,1.4900000095367432,1.4600000381469727,1.4800000190734863,1.0630755424499512,2946000
2005-07-12,1.5,1.5,1.4500000476837158,1.4600000381469727,1.0487096309661865,2092000
2005-07-13,1.440000057220459,1.4700000286102295,1.440000057220459,1.4700000286102295,1.0558924674987793,1514000
2005-07-14,1.4600000381469727,1.4700000286102295,1.440000057220459,1.440000057220459,1.0343437194824219,2438000
2005-07-15,1.440000057220459,1.4700000286102295,1.440000057220459,1.4500000476837158,1.0415265560150146,1462000
2005-07-18,1.4600000381469727,1.4600000381469727,1.4299999475479126,1.4299999475479126,1.02716064453125,1358000
2005-07-19,1.4299999475479126,1.4500000476837158,1.4299999475479126,1.4500000476837158,1.0415265560150146,2118000
2005-07-20,1.4700000286102295,1.5499999523162842,1.4700000286102295,1.5299999713897705,1.0989900827407837,12720000
2005-07-21,1.5700000524520874,1.5800000429153442,1.5299999713897705,1.559999942779541,1.1205389499664307,12102000
2005-07-22,1.5700000524520874,1.5800000429153442,1.5199999809265137,1.5399999618530273,1.106173038482666,4848000
2005-07-25,1.5499999523162842,1.5499999523162842,1.4700000286102295,1.4700000286102295,1.0558924674987793,3814000
2005-07-26,1.4700000286102295,1.4800000190734863,1.4600000381469727,1.4700000286102295,1.0558924674987793,5312000
2005-07-27,1.4800000190734863,1.4900000095367432,1.440000057220459,1.4700000286102295,1.0558924674987793,5390000
2005-07-28,1.4800000190734863,1.5199999809265137,1.4700000286102295,1.4900000095367432,1.070258617401123,13088000
2005-07-29,1.5,1.5099999904632568,1.4600000381469727,1.4600000381469727,1.0487096309661865,4988000
2005-08-01,1.4600000381469727,1.4600000381469727,1.440000057220459,1.4500000476837158,1.0415265560150146,3248399
2005-08-02,1.4500000476837158,1.5099999904632568,1.4500000476837158,1.5099999904632568,1.084624171257019,7196399
2005-08-03,1.5199999809265137,1.5399999618530273,1.4900000095367432,1.5199999809265137,1.0918071269989014,7676000
2005-08-04,1.5099999904632568,1.5199999809265137,1.4800000190734863,1.5,1.0774412155151367,2400000
2005-08-05,1.4900000095367432,1.5099999904632568,1.4700000286102295,1.5099999904632568,1.084624171257019,5222000
2005-08-08,1.5099999904632568,1.559999942779541,1.4900000095367432,1.5499999523162842,1.113356113433838,9850000
2005-08-09,1.5499999523162842,1.5499999523162842,1.4800000190734863,1.4900000095367432,1.070258617401123,4142000
2005-08-10,1.5,1.5299999713897705,1.4900000095367432,1.5099999904632568,1.084624171257019,3900000
2005-08-11,1.5299999713897705,1.559999942779541,1.5,1.5099999904632568,1.084624171257019,12710000
2005-08-12,1.5299999713897705,1.559999942779541,1.5099999904632568,1.5299999713897705,1.0989900827407837,8562000
2005-08-15,1.5399999618530273,1.649999976158142,1.5399999618530273,1.649999976158142,1.185185432434082,30718000
2005-08-16,1.6799999475479126,1.690000057220459,1.5700000524520874,1.6299999952316284,1.170819640159607,23158000
2005-08-17,1.6200000047683716,1.6399999856948853,1.5800000429153442,1.6399999856948853,1.1780025959014893,4981000
2005-08-18,1.659999966621399,1.7200000286102295,1.6200000047683716,1.6399999856948853,1.1780025959014893,31622000
2005-08-19,1.6699999570846558,1.690000057220459,1.6200000047683716,1.649999976158142,1.185185432434082,12122000
2005-08-22,1.6799999475479126,1.690000057220459,1.6299999952316284,1.649999976158142,1.185185432434082,5464000
2005-08-23,1.649999976158142,1.659999966621399,1.559999942779541,1.5700000524520874,1.127721905708313,11606000
2005-08-24,1.5399999618530273,1.5700000524520874,1.5099999904632568,1.5199999809265137,1.0918071269989014,8164000
2005-08-25,1.5199999809265137,1.5399999618530273,1.4700000286102295,1.4900000095367432,1.070258617401123,9406000
2005-08-26,1.4900000095367432,1.5399999618530273,1.4800000190734863,1.5099999904632568,1.084624171257019,7364000
2005-08-29,1.350000023841858,1.350000023841858,1.2799999713897705,1.2999999523162842,0.9337824583053589,21226000
2005-08-30,1.2999999523162842,1.2999999523162842,1.2300000190734863,1.25,0.8978677988052368,13590000
2005-08-31,1.25,1.2599999904632568,1.2100000381469727,1.2599999904632568,0.9050508737564087,6300000
2005-09-01,1.2599999904632568,1.2999999523162842,1.2599999904632568,1.2799999713897705,0.9194166660308838,5244000
2005-09-02,1.2799999713897705,1.2799999713897705,1.25,1.2599999904632568,0.9050508737564087,3392000
2005-09-05,1.2599999904632568,1.2599999904632568,1.2200000286102295,1.2200000286102295,0.8763188123703003,3784000
2005-09-06,1.2300000190734863,1.25,1.2300000190734863,1.2400000095367432,0.890684962272644,2506000
2005-09-07,1.25,1.2599999904632568,1.2400000095367432,1.25,0.8978677988052368,1474000
2005-09-08,1.25,1.2599999904632568,1.2400000095367432,1.2400000095367432,0.890684962272644,864000
2005-09-09,1.2300000190734863,1.25,1.2300000190734863,1.2300000190734863,0.8835019469261169,1560000
2005-09-12,1.2599999904632568,1.2599999904632568,1.2300000190734863,1.2400000095367432,0.890684962272644,2736000
2005-09-13,1.2300000190734863,1.2699999809265137,1.2300000190734863,1.2599999904632568,0.9050508737564087,6778000
2005-09-14,1.2599999904632568,1.2699999809265137,1.2300000190734863,1.2400000095367432,0.890684962272644,3686000
2005-09-15,1.2300000190734863,1.25,1.2300000190734863,1.25,0.8978677988052368,1378000
2005-09-16,1.25,1.25,1.2300000190734863,1.2300000190734863,0.8835019469261169,1386000
2005-09-20,1.2300000190734863,1.2400000095367432,1.149999976158142,1.1699999570846558,0.840404212474823,11416000
2005-09-21,1.1699999570846558,1.1699999570846558,1.1299999952316284,1.1399999856948853,0.8188554048538208,7824000
2005-09-22,1.1299999952316284,1.149999976158142,1.090000033378601,1.1399999856948853,0.8188554048538208,4193000
2005-09-23,1.149999976158142,1.1699999570846558,1.1200000047683716,1.149999976158142,0.8260384202003479,2940000
2005-09-26,1.149999976158142,1.149999976158142,1.100000023841858,1.1200000047683716,0.8044897317886353,1652000
2005-09-27,1.1299999952316284,1.1299999952316284,1.1100000143051147,1.1100000143051147,0.7973065972328186,1960000
2005-09-28,1.1100000143051147,1.1299999952316284,1.100000023841858,1.1299999952316284,0.811672568321228,1962000
2005-09-29,1.1399999856948853,1.2000000476837158,1.1299999952316284,1.1799999475479126,0.8475872278213501,7380000
2005-09-30,1.2000000476837158,1.2300000190734863,1.190000057220459,1.2300000190734863,0.8835019469261169,5414000
2005-10-03,1.2300000190734863,1.2599999904632568,1.2100000381469727,1.2200000286102295,0.8763188123703003,3808000
2005-10-04,1.2200000286102295,1.2300000190734863,1.2000000476837158,1.2300000190734863,0.8835019469261169,1880000
2005-10-05,1.2100000381469727,1.2100000381469727,1.190000057220459,1.2000000476837158,0.8619531393051147,1596000
2005-10-06,1.2000000476837158,1.2000000476837158,1.1699999570846558,1.190000057220459,0.8547701239585876,2024000
2005-10-07,1.2000000476837158,1.2000000476837158,1.1799999475479126,1.1799999475479126,0.8475872278213501,892000
2005-10-10,1.190000057220459,1.2100000381469727,1.190000057220459,1.2100000381469727,0.8691361546516418,1172000
2005-10-12,1.2200000286102295,1.2200000286102295,1.1299999952316284,1.1699999570846558,0.840404212474823,1802000
2005-10-13,1.1699999570846558,1.1799999475479126,1.149999976158142,1.1699999570846558,0.840404212474823,1370000
2005-10-14,1.159999966621399,1.159999966621399,1.1299999952316284,1.1399999856948853,0.8188554048538208,1664000
2005-10-17,1.1399999856948853,1.149999976158142,1.1200000047683716,1.1299999952316284,0.811672568321228,1172000
2005-10-18,1.1299999952316284,1.149999976158142,1.1299999952316284,1.1399999856948853,0.8188554048538208,568000
2005-10-19,1.1399999856948853,1.1399999856948853,1.100000023841858,1.1299999952316284,0.811672568321228,1400000
2005-10-20,1.1200000047683716,1.1299999952316284,1.090000033378601,1.090000033378601,0.782940685749054,1358000
2005-10-21,1.090000033378601,1.100000023841858,1.0800000429153442,1.100000023841858,0.7901235818862915,1264000
2005-10-24,1.090000033378601,1.090000033378601,1.0199999809265137,1.0299999713897705,0.7398431301116943,1580000
2005-10-25,1.0399999618530273,1.0700000524520874,1.0,1.0,0.7182942628860474,3800000
2005-10-26,1.0099999904632568,1.0099999904632568,0.949999988079071,0.9700000286102295,0.6967454552650452,5092000
2005-10-27,0.9700000286102295,0.9700000286102295,0.9399999976158142,0.949999988079071,0.6823795437812805,1850000
2005-10-28,0.9399999976158142,0.9900000095367432,0.9300000071525574,0.9900000095367432,0.711111307144165,1936000
2005-10-31,1.0,1.0299999713897705,1.0,1.0199999809265137,0.7326600551605225,2266000
2005-11-01,1.0499999523162842,1.0800000429153442,1.0399999618530273,1.0800000429153442,0.7757577896118164,3334000
2005-11-02,1.0800000429153442,1.0800000429153442,1.059999942779541,1.0700000524520874,0.7685747742652893,1286000
2005-11-03,1.0800000429153442,1.1699999570846558,1.0800000429153442,1.1200000047683716,0.8044897317886353,5542000
2005-11-04,1.1399999856948853,1.159999966621399,1.1200000047683716,1.1399999856948853,0.8188554048538208,4976000
2005-11-07,1.1399999856948853,1.1399999856948853,1.0800000429153442,1.1100000143051147,0.7973065972328186,3246000
2005-11-08,1.0800000429153442,1.1200000047683716,1.0800000429153442,1.1100000143051147,0.7973065972328186,1994000
2005-11-09,1.1100000143051147,1.149999976158142,1.1100000143051147,1.1299999952316284,0.811672568321228,2428000
2005-11-10,1.1299999952316284,1.149999976158142,1.100000023841858,1.1200000047683716,0.8044897317886353,2362000
2005-11-11,1.1100000143051147,1.1200000047683716,1.1100000143051147,1.1100000143051147,0.7973065972328186,1332000
2005-11-14,1.1200000047683716,1.1200000047683716,1.0700000524520874,1.090000033378601,0.782940685749054,1204000
2005-11-15,1.0700000524520874,1.100000023841858,1.059999942779541,1.090000033378601,0.782940685749054,1302000
2005-11-16,1.090000033378601,1.090000033378601,1.0700000524520874,1.0700000524520874,0.7685747742652893,1372000
2005-11-17,1.0800000429153442,1.100000023841858,1.0800000429153442,1.100000023841858,0.7901235818862915,572000
2005-11-18,1.1200000047683716,1.1200000047683716,1.090000033378601,1.1100000143051147,0.7973065972328186,550000
2005-11-21,1.1200000047683716,1.1200000047683716,1.090000033378601,1.1100000143051147,0.7973065972328186,580000
2005-11-22,1.100000023841858,1.100000023841858,1.090000033378601,1.100000023841858,0.7901235818862915,352000
2005-11-23,1.100000023841858,1.1299999952316284,1.100000023841858,1.1200000047683716,0.8044897317886353,1562000
2005-11-24,1.1200000047683716,1.1299999952316284,1.100000023841858,1.100000023841858,0.7901235818862915,484000
2005-11-25,1.0800000429153442,1.100000023841858,1.0800000429153442,1.100000023841858,0.7901235818862915,786000
2005-11-28,1.100000023841858,1.100000023841858,1.090000033378601,1.100000023841858,0.7901235818862915,590000
2005-11-29,1.0800000429153442,1.100000023841858,1.0800000429153442,1.100000023841858,0.7901235818862915,542000
2005-11-30,1.090000033378601,1.090000033378601,1.0800000429153442,1.090000033378601,0.782940685749054,454000
2005-12-01,1.090000033378601,1.100000023841858,1.0800000429153442,1.100000023841858,0.7901235818862915,868000
2005-12-02,1.100000023841858,1.1799999475479126,1.100000023841858,1.149999976158142,0.8260384202003479,8782000
2005-12-05,1.149999976158142,1.1799999475479126,1.149999976158142,1.159999966621399,0.8332213163375854,3634000
2005-12-06,1.1699999570846558,1.1699999570846558,1.1200000047683716,1.1200000047683716,0.8044897317886353,1462000
2005-12-07,1.1299999952316284,1.149999976158142,1.1200000047683716,1.1399999856948853,0.8188554048538208,1042000
2005-12-08,1.1299999952316284,1.1399999856948853,1.1200000047683716,1.1200000047683716,0.8044897317886353,480000
2005-12-09,1.1299999952316284,1.1299999952316284,1.1100000143051147,1.1299999952316284,0.811672568321228,1032000
2005-12-12,1.1200000047683716,1.1200000047683716,1.1200000047683716,1.1200000047683716,0.8044897317886353,844000
2005-12-13,1.1200000047683716,1.1200000047683716,1.100000023841858,1.1200000047683716,0.8044897317886353,744000
2005-12-14,1.090000033378601,1.100000023841858,1.0700000524520874,1.090000033378601,0.782940685749054,1868000
2005-12-15,1.100000023841858,1.1100000143051147,1.100000023841858,1.100000023841858,0.7901235818862915,530000
2005-12-16,1.100000023841858,1.100000023841858,1.090000033378601,1.090000033378601,0.782940685749054,448000
2005-12-19,1.100000023841858,1.1200000047683716,1.100000023841858,1.100000023841858,0.7901235818862915,696000
2005-12-20,1.090000033378601,1.1100000143051147,1.090000033378601,1.100000023841858,0.7901235818862915,480000
2005-12-21,1.1100000143051147,1.1100000143051147,1.090000033378601,1.090000033378601,0.782940685749054,873000
2005-12-22,1.090000033378601,1.100000023841858,1.0700000524520874,1.0800000429153442,0.7757577896118164,1996000
2005-12-23,1.0800000429153442,1.100000023841858,1.059999942779541,1.0700000524520874,0.7685747742652893,3552000
2005-12-28,1.0700000524520874,1.0700000524520874,1.0399999618530273,1.0399999618530273,0.7470259666442871,3508000
2005-12-29,1.0499999523162842,1.0800000429153442,1.0399999618530273,1.059999942779541,0.7613917589187622,4420000
2005-12-30,1.059999942779541,1.0700000524520874,1.059999942779541,1.059999942779541,0.7613917589187622,1040000
2006-01-03,1.059999942779541,1.1100000143051147,1.059999942779541,1.1100000143051147,0.7973065972328186,3032000
2006-01-04,1.1200000047683716,1.159999966621399,1.1200000047683716,1.1399999856948853,0.8188554048538208,7604000
2006-01-05,1.1399999856948853,1.1399999856948853,1.100000023841858,1.1100000143051147,0.7973065972328186,4878000
2006-01-06,1.1100000143051147,1.1399999856948853,1.1100000143051147,1.1299999952316284,0.811672568321228,2140000
2006-01-09,1.1399999856948853,1.1699999570846558,1.1399999856948853,1.1399999856948853,0.8188554048538208,7342000
2006-01-10,1.149999976158142,1.190000057220459,1.1299999952316284,1.159999966621399,0.8332213163375854,8622000
2006-01-11,1.1699999570846558,1.2200000286102295,1.1699999570846558,1.190000057220459,0.8547701239585876,15342000
2006-01-12,1.2000000476837158,1.2100000381469727,1.159999966621399,1.1799999475479126,0.8475872278213501,5638000
2006-01-13,1.1699999570846558,1.190000057220459,1.149999976158142,1.1799999475479126,0.8475872278213501,3240000
2006-01-16,1.190000057220459,1.2300000190734863,1.190000057220459,1.2200000286102295,0.8763188123703003,7478000
2006-01-17,1.2200000286102295,1.2300000190734863,1.159999966621399,1.1799999475479126,0.8475872278213501,5512000
2006-01-18,1.1699999570846558,1.2000000476837158,1.159999966621399,1.1799999475479126,0.8475872278213501,5778000
2006-01-19,1.2000000476837158,1.3899999856948853,1.2000000476837158,1.3899999856948853,0.9984292387962341,51720000
2006-01-20,1.3700000047683716,1.3700000047683716,1.2599999904632568,1.2799999713897705,0.9194166660308838,28838000
2006-01-23,1.25,1.309999942779541,1.2400000095367432,1.2899999618530273,0.9265995025634766,13858000
2006-01-24,1.3200000524520874,1.3700000047683716,1.2899999618530273,1.3600000143051147,0.9768801331520081,30598000
2006-01-25,1.3700000047683716,1.3799999952316284,1.3200000524520874,1.3300000429153442,0.9553313851356506,15762000
2006-01-26,1.340000033378601,1.340000033378601,1.2899999618530273,1.3300000429153442,0.9553313851356506,6722000
2006-01-27,1.3300000429153442,1.3600000143051147,1.3200000524520874,1.350000023841858,0.9696970582008362,14704000
2006-02-01,1.350000023841858,1.3700000047683716,1.3200000524520874,1.3600000143051147,0.9768801331520081,12932000
2006-02-02,1.3799999952316284,1.440000057220459,1.3600000143051147,1.3600000143051147,0.9768801331520081,20150000
2006-02-03,1.350000023841858,1.350000023841858,1.3200000524520874,1.340000033378601,0.9625142216682434,9922000
2006-02-06,1.3300000429153442,1.3799999952316284,1.3300000429153442,1.3700000047683716,0.9840632081031799,6908000
2006-02-07,1.3899999856948853,1.4299999475479126,1.340000033378601,1.399999976158142,1.0056120157241821,16380000
2006-02-08,1.399999976158142,1.409999966621399,1.350000023841858,1.3700000047683716,0.9840632081031799,15788000
2006-02-09,1.3799999952316284,1.3799999952316284,1.3200000524520874,1.3600000143051147,0.9768801331520081,12720000
2006-02-10,1.3600000143051147,1.3600000143051147,1.340000033378601,1.350000023841858,0.9696970582008362,4190000
2006-02-13,1.3300000429153442,1.340000033378601,1.2999999523162842,1.309999942779541,0.9409655332565308,3712000
2006-02-14,1.2999999523162842,1.3200000524520874,1.2799999713897705,1.2999999523162842,0.9337824583053589,6738000
2006-02-15,1.3200000524520874,1.3300000429153442,1.2799999713897705,1.2899999618530273,0.9265995025634766,4886000
2006-02-16,1.2999999523162842,1.3200000524520874,1.2899999618530273,1.2999999523162842,0.9337824583053589,2974000
2006-02-17,1.2999999523162842,1.3200000524520874,1.2899999618530273,1.2899999618530273,0.9265995025634766,2684000
2006-02-20,1.2999999523162842,1.309999942779541,1.2899999618530273,1.2999999523162842,0.9337824583053589,2074000
2006-02-21,1.2999999523162842,1.3600000143051147,1.2899999618530273,1.3300000429153442,0.9553313851356506,7816000
2006-02-22,1.340000033378601,1.4299999475479126,1.340000033378601,1.409999966621399,1.0127949714660645,24842000
2006-02-23,1.4299999475479126,1.440000057220459,1.3799999952316284,1.3799999952316284,0.9912461638450623,19014000
2006-02-24,1.3700000047683716,1.399999976158142,1.3600000143051147,1.3700000047683716,0.9840632081031799,6710000
2006-02-27,1.3799999952316284,1.3799999952316284,1.350000023841858,1.3700000047683716,0.9840632081031799,2654000
2006-02-28,1.3700000047683716,1.3700000047683716,1.3300000429153442,1.350000023841858,0.9696970582008362,2420000
2006-03-01,1.3300000429153442,1.4299999475479126,1.3200000524520874,1.399999976158142,1.0056120157241821,15073000
2006-03-02,1.4299999475479126,1.4299999475479126,1.3700000047683716,1.3799999952316284,0.9912461638450623,5422000
2006-03-03,1.399999976158142,1.4199999570846558,1.399999976158142,1.409999966621399,1.0127949714660645,6738000
2006-03-06,1.440000057220459,1.5399999618530273,1.440000057220459,1.5099999904632568,1.084624171257019,30574000
2006-03-07,1.5199999809265137,1.590000033378601,1.4500000476837158,1.4800000190734863,1.0630755424499512,40188000
2006-03-08,1.4700000286102295,1.5099999904632568,1.4199999570846558,1.440000057220459,1.0343437194824219,14760000
2006-03-09,1.4600000381469727,1.5499999523162842,1.4600000381469727,1.5399999618530273,1.106173038482666,17236000
2006-03-10,1.5399999618530273,1.5499999523162842,1.5,1.5,1.0774412155151367,6448000
2006-03-13,1.5299999713897705,1.6399999856948853,1.5299999713897705,1.6100000143051147,1.1564538478851318,37744000
2006-03-14,1.6200000047683716,1.7000000476837158,1.590000033378601,1.6699999570846558,1.1995513439178467,24988000
2006-03-15,1.7100000381469727,1.7400000095367432,1.649999976158142,1.659999966621399,1.1923683881759644,14228000
2006-03-16,1.659999966621399,1.6799999475479126,1.6100000143051147,1.6299999952316284,1.170819640159607,6832000
2006-03-17,1.6399999856948853,1.6699999570846558,1.6200000047683716,1.6200000047683716,1.1636368036270142,6425788
2006-03-20,1.6399999856948853,1.6699999570846558,1.6200000047683716,1.6299999952316284,1.170819640159607,10982000
2006-03-21,1.6299999952316284,1.6399999856948853,1.6100000143051147,1.6100000143051147,1.1564538478851318,5642000
2006-03-22,1.6299999952316284,1.6399999856948853,1.5399999618530273,1.559999942779541,1.1205389499664307,8710000
2006-03-23,1.5800000429153442,1.6200000047683716,1.5700000524520874,1.5700000524520874,1.127721905708313,12562000
2006-03-24,1.6200000047683716,1.7200000286102295,1.6200000047683716,1.6699999570846558,1.1995513439178467,24506000
2006-03-27,1.659999966621399,1.6699999570846558,1.6299999952316284,1.659999966621399,1.1923683881759644,5078000
2006-03-28,1.649999976158142,1.649999976158142,1.5700000524520874,1.600000023841858,1.1492705345153809,11076000
2006-03-29,1.5800000429153442,1.6100000143051147,1.559999942779541,1.5700000524520874,1.127721905708313,4252000
2006-03-30,1.6100000143051147,1.649999976158142,1.5800000429153442,1.600000023841858,1.1492705345153809,7122000
2006-03-31,1.600000023841858,1.600000023841858,1.5199999809265137,1.5299999713897705,1.0989900827407837,12774000
2006-04-03,1.5499999523162842,1.600000023841858,1.5399999618530273,1.559999942779541,1.1205389499664307,8142000
2006-04-04,1.559999942779541,1.559999942779541,1.5299999713897705,1.559999942779541,1.1205389499664307,5588000
2006-04-06,1.5800000429153442,1.690000057220459,1.5700000524520874,1.6799999475479126,1.2067341804504395,26268000
2006-04-07,1.690000057220459,1.7799999713897705,1.6299999952316284,1.7200000286102295,1.2354660034179688,38486000
2006-04-10,1.7200000286102295,1.940000057220459,1.7100000381469727,1.9199999570846558,1.3791247606277466,43496000
2006-04-11,1.909999966621399,2.0,1.8600000143051147,1.909999966621399,1.3719420433044434,17166000
2006-04-12,1.909999966621399,1.9199999570846558,1.840000033378601,1.850000023841858,1.3288443088531494,8690000
2006-04-13,1.850000023841858,1.9199999570846558,1.850000023841858,1.8899999856948853,1.3575760126113892,4066000
2006-04-18,1.9299999475479126,1.9700000286102295,1.899999976158142,1.9199999570846558,1.3791247606277466,8016000
2006-04-19,1.9199999570846558,1.9600000381469727,1.7300000190734863,1.7300000190734863,1.2426490783691406,12818000
2006-04-20,1.7300000190734863,1.7599999904632568,1.659999966621399,1.6799999475479126,1.2067341804504395,15888000
2006-04-21,1.7000000476837158,1.7000000476837158,1.6200000047683716,1.6399999856948853,1.1780025959014893,8302000
2006-04-24,1.6100000143051147,1.6699999570846558,1.4900000095367432,1.5,1.0774412155151367,22562000
2006-04-25,1.5099999904632568,1.5199999809265137,1.3899999856948853,1.399999976158142,1.0056120157241821,19030000
2006-04-26,1.409999966621399,1.4800000190734863,1.3899999856948853,1.4600000381469727,1.0487096309661865,12262000
2006-04-27,1.4700000286102295,1.5099999904632568,1.4700000286102295,1.4900000095367432,1.070258617401123,6858000
2006-04-28,1.4900000095367432,1.5399999618530273,1.4199999570846558,1.5199999809265137,1.0918071269989014,7414000
2006-05-02,1.5299999713897705,1.5700000524520874,1.4800000190734863,1.5,1.0774412155151367,8768000
2006-05-03,1.5099999904632568,1.5299999713897705,1.4900000095367432,1.5199999809265137,1.0918071269989014,5924000
2006-05-04,1.5199999809265137,1.5399999618530273,1.4900000095367432,1.4900000095367432,1.070258617401123,4290915
2006-05-08,1.4900000095367432,1.4900000095367432,1.4900000095367432,1.4900000095367432,1.070258617401123,0
2006-05-09,1.4900000095367432,1.4900000095367432,1.4900000095367432,1.4900000095367432,1.070258617401123,0
2006-05-10,1.4900000095367432,1.4900000095367432,1.4900000095367432,1.4900000095367432,1.070258617401123,0
2006-05-11,1.4900000095367432,1.4900000095367432,1.4900000095367432,1.4900000095367432,1.070258617401123,0
2006-05-12,1.4900000095367432,1.5299999713897705,1.3899999856948853,1.4800000190734863,1.0630755424499512,4400000
2006-05-15,1.4900000095367432,1.4900000095367432,1.4199999570846558,1.4199999570846558,1.0199779272079468,2990000
2006-05-16,1.440000057220459,1.4800000190734863,1.4199999570846558,1.4500000476837158,1.0415265560150146,3224000
2006-05-17,1.5299999713897705,1.600000023841858,1.5299999713897705,1.5800000429153442,1.1349047422409058,16976000
2006-05-18,1.5299999713897705,1.5700000524520874,1.5,1.5399999618530273,1.106173038482666,4892000
2006-05-19,1.5499999523162842,1.5700000524520874,1.5299999713897705,1.5299999713897705,1.0989900827407837,3069000
2006-05-22,1.5199999809265137,1.5199999809265137,1.4199999570846558,1.4299999475479126,1.02716064453125,4204000
2006-05-23,1.4199999570846558,1.4600000381469727,1.409999966621399,1.440000057220459,1.0343437194824219,3408000
2006-05-24,1.440000057220459,1.4700000286102295,1.4299999475479126,1.4500000476837158,1.0415265560150146,3088000
2006-05-25,1.4500000476837158,1.4500000476837158,1.3899999856948853,1.399999976158142,1.0056120157241821,1804000
2006-05-26,1.4199999570846558,1.4500000476837158,1.4199999570846558,1.4199999570846558,1.0199779272079468,2494000
2006-05-29,1.4199999570846558,1.4299999475479126,1.3899999856948853,1.3899999856948853,0.9984292387962341,1554000
2006-05-30,1.3899999856948853,1.3899999856948853,1.3600000143051147,1.3799999952316284,0.9912461638450623,2436000
2006-06-01,1.3600000143051147,1.4299999475479126,1.350000023841858,1.399999976158142,1.0056120157241821,2382000
2006-06-02,1.399999976158142,1.4199999570846558,1.3899999856948853,1.4199999570846558,1.0199779272079468,1728000
2006-06-05,1.409999966621399,1.4299999475479126,1.399999976158142,1.409999966621399,1.0127949714660645,880000
2006-06-06,1.3899999856948853,1.399999976158142,1.3799999952316284,1.3899999856948853,0.9984292387962341,870000
2006-06-07,1.3899999856948853,1.3899999856948853,1.350000023841858,1.3600000143051147,0.9768801331520081,1210000
2006-06-08,1.350000023841858,1.350000023841858,1.2699999809265137,1.2799999713897705,0.9194166660308838,2172000
2006-06-09,1.2799999713897705,1.2999999523162842,1.2599999904632568,1.2699999809265137,0.9122337698936462,2684000
2006-06-12,1.2300000190734863,1.2699999809265137,1.2300000190734863,1.2699999809265137,0.9122337698936462,678000
2006-06-13,1.25,1.25,1.2000000476837158,1.2200000286102295,0.8763188123703003,1470000
2006-06-14,1.2000000476837158,1.2200000286102295,1.190000057220459,1.2000000476837158,0.8619531393051147,1480000
2006-06-15,1.2200000286102295,1.2400000095367432,1.2000000476837158,1.2200000286102295,0.8763188123703003,584000
2006-06-16,1.25,1.2599999904632568,1.2300000190734863,1.25,0.8978677988052368,4324000
2006-06-19,1.2300000190734863,1.2300000190734863,1.2100000381469727,1.2200000286102295,0.8763188123703003,548000
2006-06-20,1.2100000381469727,1.2200000286102295,1.2000000476837158,1.2200000286102295,0.8763188123703003,558000
2006-06-21,1.2100000381469727,1.2300000190734863,1.2100000381469727,1.2100000381469727,0.8691361546516418,694000
2006-06-22,1.2599999904632568,1.2899999618530273,1.2599999904632568,1.2799999713897705,0.9194166660308838,2926000
2006-06-23,1.2699999809265137,1.2999999523162842,1.25,1.2899999618530273,0.9265995025634766,1767042
2006-06-26,1.2999999523162842,1.3200000524520874,1.2799999713897705,1.2999999523162842,0.9337824583053589,1164000
2006-06-27,1.3200000524520874,1.3300000429153442,1.309999942779541,1.309999942779541,0.9409655332565308,1284000
2006-06-28,1.2999999523162842,1.3300000429153442,1.2899999618530273,1.3200000524520874,0.9481484293937683,596000
2006-06-29,1.309999942779541,1.3300000429153442,1.2999999523162842,1.3200000524520874,0.9481484293937683,1164000
2006-06-30,1.340000033378601,1.3600000143051147,1.3300000429153442,1.350000023841858,0.9696970582008362,1854000
2006-07-03,1.350000023841858,1.3799999952316284,1.350000023841858,1.350000023841858,0.9696970582008362,1548000
2006-07-04,1.3799999952316284,1.4800000190734863,1.3799999952316284,1.4700000286102295,1.0558924674987793,10088000
2006-07-05,1.4900000095367432,1.5299999713897705,1.4600000381469727,1.4800000190734863,1.0630755424499512,7248000
2006-07-06,1.4700000286102295,1.5700000524520874,1.4500000476837158,1.559999942779541,1.1205389499664307,8090000
2006-07-07,1.5700000524520874,1.5700000524520874,1.4800000190734863,1.5099999904632568,1.084624171257019,4814000
2006-07-10,1.4600000381469727,1.5299999713897705,1.4600000381469727,1.4900000095367432,1.070258617401123,1948000
2006-07-11,1.5,1.5199999809265137,1.4900000095367432,1.5,1.0774412155151367,1906000
2006-07-12,1.5,1.5199999809265137,1.5,1.5099999904632568,1.084624171257019,1756000
2006-07-13,1.5,1.5,1.4500000476837158,1.4600000381469727,1.0487096309661865,2846000
2006-07-14,1.409999966621399,1.4700000286102295,1.409999966621399,1.4500000476837158,1.0415265560150146,2290000
2006-07-17,1.4199999570846558,1.5399999618530273,1.4199999570846558,1.5099999904632568,1.084624171257019,3140
2006-07-18,1.5700000524520874,1.7799999713897705,1.5700000524520874,1.7599999904632568,1.264197826385498,42780000
2006-07-19,1.7699999809265137,1.7799999713897705,1.649999976158142,1.649999976158142,1.185185432434082,12674000
2006-07-20,1.7000000476837158,1.809999942779541,1.659999966621399,1.7400000095367432,1.249832034111023,22628000
2006-07-21,1.7400000095367432,1.7899999618530273,1.7300000190734863,1.7699999809265137,1.2713807821273804,8302000
2006-07-24,1.7699999809265137,1.8799999952316284,1.7599999904632568,1.8300000429153442,1.3144786357879639,15738000
2006-07-25,1.8300000429153442,1.850000023841858,1.7400000095367432,1.75,1.2570147514343262,13298000
2006-07-26,1.7300000190734863,1.7599999904632568,1.6699999570846558,1.7000000476837158,1.2211002111434937,8380000
2006-07-27,1.7100000381469727,1.7899999618530273,1.7100000381469727,1.7599999904632568,1.264197826385498,6950000
2006-07-28,1.7599999904632568,1.7599999904632568,1.7000000476837158,1.7100000381469727,1.2282830476760864,5048000
2006-07-31,1.7100000381469727,1.8600000143051147,1.7100000381469727,1.8300000429153442,1.3144786357879639,20726000
2006-08-01,1.850000023841858,1.850000023841858,1.7899999618530273,1.7899999618530273,1.285746693611145,7282000
2006-08-02,1.7999999523162842,1.8200000524520874,1.7599999904632568,1.7999999523162842,1.2929296493530273,6106000
2006-08-03,1.8200000524520874,1.909999966621399,1.7999999523162842,1.850000023841858,1.3288443088531494,20866000
2006-08-04,1.8799999952316284,1.8899999856948853,1.7599999904632568,1.7799999713897705,1.2785637378692627,9570000
2006-08-07,1.809999942779541,1.8300000429153442,1.7799999713897705,1.7999999523162842,1.2929296493530273,5572000
2006-08-08,1.8200000524520874,1.8200000524520874,1.7699999809265137,1.7799999713897705,1.2785637378692627,3610000
2006-08-09,1.7999999523162842,1.7999999523162842,1.7699999809265137,1.7799999713897705,1.2785637378692627,2740000
2006-08-10,1.7699999809265137,1.809999942779541,1.75,1.7599999904632568,1.264197826385498,5300000
2006-08-11,1.75,1.7899999618530273,1.7400000095367432,1.75,1.2570147514343262,5142000
2006-08-14,1.7400000095367432,1.7799999713897705,1.7300000190734863,1.75,1.2570147514343262,3270000
2006-08-15,1.7599999904632568,1.7699999809265137,1.7300000190734863,1.7400000095367432,1.249832034111023,2464000
2006-08-16,1.75,1.809999942779541,1.7400000095367432,1.7999999523162842,1.2929296493530273,10062000
2006-08-17,1.809999942779541,1.809999942779541,1.7400000095367432,1.7599999904632568,1.264197826385498,4878000
2006-08-18,1.7599999904632568,1.7599999904632568,1.7100000381469727,1.7300000190734863,1.2426490783691406,2714000
2006-08-21,1.7300000190734863,1.7300000190734863,1.6299999952316284,1.6699999570846558,1.1995513439178467,6550000
2006-08-22,1.6799999475479126,1.690000057220459,1.659999966621399,1.6799999475479126,1.2067341804504395,5436000
2006-08-23,1.659999966621399,1.6699999570846558,1.6399999856948853,1.659999966621399,1.1923683881759644,1372000
2006-08-24,1.659999966621399,1.659999966621399,1.5800000429153442,1.600000023841858,1.1492705345153809,7072000
2006-08-25,1.600000023841858,1.600000023841858,1.4800000190734863,1.5299999713897705,1.0989900827407837,8318000
2006-08-28,1.5800000429153442,1.690000057220459,1.5700000524520874,1.6699999570846558,1.1995513439178467,12160000
2006-08-29,1.7000000476837158,1.7300000190734863,1.6799999475479126,1.6799999475479126,1.2067341804504395,6290000
2006-08-30,1.7100000381469727,1.7200000286102295,1.6399999856948853,1.6699999570846558,1.1995513439178467,4568000
2006-08-31,1.7100000381469727,1.7899999618530273,1.7100000381469727,1.7300000190734863,1.2426490783691406,16598000
2006-09-01,1.75,1.7799999713897705,1.7300000190734863,1.7599999904632568,1.264197826385498,4828000
2006-09-04,1.7699999809265137,1.7699999809265137,1.7200000286102295,1.7400000095367432,1.249832034111023,4326000
2006-09-05,1.7400000095367432,1.7899999618530273,1.7400000095367432,1.7599999904632568,1.264197826385498,6960000
2006-09-06,1.7599999904632568,1.7699999809265137,1.7200000286102295,1.7400000095367432,1.249832034111023,4112000
2006-09-07,1.7300000190734863,1.7300000190734863,1.7000000476837158,1.7200000286102295,1.2354660034179688,2139000
2006-09-08,1.7000000476837158,1.7300000190734863,1.690000057220459,1.7000000476837158,1.2211002111434937,1764000
2006-09-11,1.7200000286102295,1.7200000286102295,1.649999976158142,1.659999966621399,1.1923683881759644,2996000
2006-09-12,1.659999966621399,1.7000000476837158,1.6399999856948853,1.6699999570846558,1.1995513439178467,2788000
2006-09-13,1.6799999475479126,1.7100000381469727,1.6699999570846558,1.6699999570846558,1.1995513439178467,2044000
2006-09-14,1.6699999570846558,1.6699999570846558,1.649999976158142,1.659999966621399,1.1923683881759644,1324000
2006-09-15,1.649999976158142,1.649999976158142,1.6200000047683716,1.6399999856948853,1.1780025959014893,2948000
2006-09-18,1.649999976158142,1.7200000286102295,1.649999976158142,1.7000000476837158,1.2211002111434937,6510000
2006-09-19,1.690000057220459,1.690000057220459,1.6699999570846558,1.690000057220459,1.2139172554016113,3036000
2006-09-20,1.690000057220459,1.7300000190734863,1.6799999475479126,1.7100000381469727,1.2282830476760864,4964000
2006-09-21,1.7100000381469727,1.7400000095367432,1.7000000476837158,1.7100000381469727,1.2282830476760864,3498000
2006-09-22,1.7000000476837158,1.7100000381469727,1.659999966621399,1.6699999570846558,1.1995513439178467,2926000
2006-09-25,1.649999976158142,1.6799999475479126,1.649999976158142,1.649999976158142,1.185185432434082,1698000
2006-09-26,1.6699999570846558,1.6699999570846558,1.5499999523162842,1.5800000429153442,1.1349047422409058,6091000
2006-09-27,1.600000023841858,1.6200000047683716,1.600000023841858,1.6100000143051147,1.1564538478851318,2588000
2006-09-28,1.600000023841858,1.6299999952316284,1.600000023841858,1.6200000047683716,1.1636368036270142,1284000
2006-09-29,1.600000023841858,1.659999966621399,1.5800000429153442,1.659999966621399,1.1923683881759644,3198000
2006-10-03,1.659999966621399,1.690000057220459,1.649999976158142,1.690000057220459,1.2139172554016113,3068000
2006-10-04,1.7000000476837158,1.7000000476837158,1.6200000047683716,1.6399999856948853,1.1780025959014893,1306000
2006-10-05,1.659999966621399,1.6699999570846558,1.6100000143051147,1.6399999856948853,1.1780025959014893,2592000
2006-10-06,1.6200000047683716,1.6399999856948853,1.6100000143051147,1.6200000047683716,1.1636368036270142,810000
2006-10-09,1.6200000047683716,1.6200000047683716,1.5800000429153442,1.600000023841858,1.1492705345153809,1896000
2006-10-10,1.600000023841858,1.649999976158142,1.590000033378601,1.6299999952316284,1.170819640159607,3906000
2006-10-11,1.6399999856948853,1.649999976158142,1.6200000047683716,1.6299999952316284,1.170819640159607,1298000
2006-10-12,1.649999976158142,1.649999976158142,1.6100000143051147,1.6299999952316284,1.170819640159607,2316000
2006-10-13,1.6299999952316284,1.7899999618530273,1.6299999952316284,1.7300000190734863,1.2426490783691406,24277000
2006-10-16,1.75,1.7899999618530273,1.7400000095367432,1.7599999904632568,1.264197826385498,8604000
2006-10-17,1.7699999809265137,1.7899999618530273,1.7200000286102295,1.75,1.2570147514343262,5256000
2006-10-18,1.75,1.8300000429153442,1.7300000190734863,1.7899999618530273,1.285746693611145,11630000
2006-10-19,1.7999999523162842,1.7999999523162842,1.75,1.7599999904632568,1.264197826385498,3516000
2006-10-20,1.7699999809265137,1.840000033378601,1.7699999809265137,1.7899999618530273,1.285746693611145,8478000
2006-10-23,1.7799999713897705,1.809999942779541,1.75,1.7599999904632568,1.264197826385498,6466000
2006-10-24,1.7599999904632568,1.7799999713897705,1.7100000381469727,1.7200000286102295,1.2354660034179688,4162000
2006-10-25,1.7300000190734863,1.75,1.7000000476837158,1.7300000190734863,1.2426490783691406,2286000
2006-10-26,1.7400000095367432,1.7599999904632568,1.7000000476837158,1.7100000381469727,1.2282830476760864,3162000
2006-10-27,1.7100000381469727,1.7300000190734863,1.659999966621399,1.6799999475479126,1.2067341804504395,4138000
2006-10-31,1.690000057220459,1.7200000286102295,1.649999976158142,1.7200000286102295,1.2354660034179688,2268000
2006-11-01,1.7300000190734863,1.809999942779541,1.7000000476837158,1.7699999809265137,1.2713807821273804,8610000
2006-11-02,1.7799999713897705,1.7799999713897705,1.7300000190734863,1.75,1.2570147514343262,2918000
2006-11-03,1.7699999809265137,1.7899999618530273,1.7300000190734863,1.7699999809265137,1.2713807821273804,3366000
2006-11-06,1.7699999809265137,1.8200000524520874,1.75,1.809999942779541,1.3001126050949097,7552000
2006-11-07,1.909999966621399,2.059999942779541,1.899999976158142,1.9700000286102295,1.4150394201278687,60842000
2006-11-08,1.9700000286102295,2.0199999809265137,1.9199999570846558,1.940000057220459,1.3934909105300903,15528000
2006-11-09,2.0,2.0899999141693115,2.0,2.0299999713897705,1.4581372737884521,17942000
2006-11-10,2.009999990463257,2.140000104904175,1.9700000286102295,2.0899999141693115,1.5012348890304565,14586000
2006-11-13,2.0899999141693115,2.1700000762939453,2.0799999237060547,2.0799999237060547,1.4940519332885742,10992000
2006-11-14,2.0999999046325684,2.140000104904175,2.0199999809265137,2.069999933242798,1.4868690967559814,7546000
2006-11-15,2.0899999141693115,2.0899999141693115,2.0199999809265137,2.0299999713897705,1.4581372737884521,9312000
2006-11-16,2.049999952316284,2.049999952316284,1.9500000476837158,1.9700000286102295,1.4150394201278687,13848000
2006-11-17,1.9900000095367432,2.0199999809265137,1.9600000381469727,2.0199999809265137,1.4509543180465698,7044000
2006-11-20,2.0,2.0799999237060547,1.9800000190734863,2.049999952316284,1.4725030660629272,6480000
2006-11-21,2.009999990463257,2.059999942779541,2.009999990463257,2.0199999809265137,1.4509543180465698,3796000
2006-11-22,2.0399999618530273,2.109999895095825,2.0,2.069999933242798,1.4868690967559814,9982000
2006-11-23,2.069999933242798,2.109999895095825,2.0199999809265137,2.0199999809265137,1.4509543180465698,8200000
2006-11-24,2.0199999809265137,2.059999942779541,1.9800000190734863,2.009999990463257,1.4437713623046875,6124000
2006-11-27,2.0399999618530273,2.0399999618530273,1.9800000190734863,2.0,1.4365885257720947,3266000
2006-11-28,1.9600000381469727,1.9900000095367432,1.850000023841858,1.8600000143051147,1.3360273838043213,8644915
2006-11-29,1.8899999856948853,1.940000057220459,1.8600000143051147,1.940000057220459,1.3934909105300903,7448000
2006-11-30,1.9900000095367432,2.0,1.940000057220459,1.9500000476837158,1.400673747062683,7576000
2006-12-01,1.9600000381469727,1.9800000190734863,1.9199999570846558,1.940000057220459,1.3934909105300903,4200000
2006-12-04,2.0199999809265137,2.2100000381469727,2.009999990463257,2.1700000762939453,1.5586985349655151,37780
2006-12-05,2.259999990463257,2.430000066757202,2.200000047683716,2.359999895095825,1.6951744556427002,37092000
2006-12-06,2.3399999141693115,2.430000066757202,2.25,2.2799999713897705,1.6377108097076416,16548000
2006-12-07,2.299999952316284,2.3499999046325684,2.2200000286102295,2.2899999618530273,1.644893765449524,9554000
2006-12-08,2.3299999237060547,2.3299999237060547,2.240000009536743,2.25,1.6161621809005737,4580000
2006-12-11,2.2699999809265137,2.299999952316284,2.2300000190734863,2.25,1.6161621809005737,2686000
2006-12-12,2.2899999618530273,2.3299999237060547,2.2300000190734863,2.299999952316284,1.6520768404006958,6424000
2006-12-13,2.309999942779541,2.369999885559082,2.25,2.3499999046325684,1.6879912614822388,8980000
2006-12-14,2.4200000762939453,2.4600000381469727,2.3399999141693115,2.440000057220459,1.7526376247406006,12378000
2006-12-15,2.440000057220459,2.4800000190734863,2.4100000858306885,2.430000066757202,1.7454551458358765,6312000
2006-12-18,2.430000066757202,2.5799999237060547,2.4200000762939453,2.5299999713897705,1.8172849416732788,10268000
2006-12-19,2.5299999713897705,2.700000047683716,2.440000057220459,2.6700000762939453,1.917845606803894,10921000
2006-12-20,2.700000047683716,2.950000047683716,2.6600000858306885,2.8299999237060547,2.0327723026275635,15368000
2006-12-21,2.8399999141693115,2.950000047683716,2.759999990463257,2.819999933242798,2.025589942932129,8200000
2006-12-22,2.799999952316284,2.880000114440918,2.799999952316284,2.8399999141693115,2.0399558544158936,4655000
2006-12-27,2.8299999237060547,2.9200000762939453,2.75,2.799999952316284,2.0112240314483643,5776000
2006-12-28,2.799999952316284,2.799999952316284,2.5999999046325684,2.6500000953674316,1.9034799337387085,8870000
2006-12-29,2.6500000953674316,2.6500000953674316,2.5199999809265137,2.640000104904175,1.8962968587875366,6746000
2007-01-02,2.609999895095825,2.6600000858306885,2.569999933242798,2.619999885559082,1.8819310665130615,4616667
2007-01-03,2.619999885559082,2.75,2.5899999141693115,2.7100000381469727,1.9465774297714233,6248000
2007-01-04,2.7100000381469727,2.759999990463257,2.5199999809265137,2.569999933242798,1.8460160493850708,7996000
2007-01-05,2.549999952316284,2.630000114440918,2.5,2.5999999046325684,1.8675649166107178,4592000
2007-01-08,2.5999999046325684,2.609999895095825,2.5199999809265137,2.5399999618530273,1.8244675397872925,1714000
2007-01-09,2.559999942779541,2.619999885559082,2.5299999713897705,2.569999933242798,1.8460160493850708,3452000
2007-01-10,2.5299999713897705,2.559999942779541,2.3499999046325684,2.369999885559082,1.7023569345474243,7314000
2007-01-11,2.4000000953674316,2.4600000381469727,2.3299999237060547,2.4000000953674316,1.7239062786102295,8856000
2007-01-12,2.4700000286102295,2.4800000190734863,2.380000114440918,2.4600000381469727,1.7670038938522339,4482000
2007-01-15,2.5,2.569999933242798,2.5,2.5199999809265137,1.8101017475128174,3738000
2007-01-16,2.559999942779541,2.7200000286102295,2.559999942779541,2.7100000381469727,1.9465774297714233,9744000
2007-01-17,2.7200000286102295,2.859999895095825,2.7200000286102295,2.809999942779541,2.018406867980957,14914000
2007-01-18,2.799999952316284,2.8299999237060547,2.6700000762939453,2.7300000190734863,1.9609428644180298,7608000
2007-01-19,2.700000047683716,2.8499999046325684,2.640000104904175,2.7799999713897705,1.9968584775924683,8416000
2007-01-22,2.75,2.8299999237060547,2.75,2.7699999809265137,1.9896750450134277,5966000
2007-01-23,2.799999952316284,2.809999942779541,2.7100000381469727,2.75,1.9753087759017944,3568000
2007-01-24,2.75,3.049999952316284,2.75,2.9600000381469727,2.1261510848999023,22429000
2007-01-25,3.009999990463257,3.109999895095825,2.880000114440918,2.9200000762939453,2.097419261932373,21236000
2007-01-26,2.869999885559082,2.9100000858306885,2.809999942779541,2.8399999141693115,2.0399558544158936,11512000
2007-01-29,2.8399999141693115,3.140000104904175,2.8399999141693115,3.109999895095825,2.2338953018188477,20026000
2007-01-30,3.1600000858306885,3.2899999618530273,3.140000104904175,3.180000066757202,2.2841756343841553,16250500
2007-01-31,3.200000047683716,3.390000104904175,3.130000114440918,3.200000047683716,2.2985410690307617,33584000
2007-02-01,3.25,3.2699999809265137,3.140000104904175,3.180000066757202,2.2841756343841553,8732000
2007-02-02,3.2200000286102295,3.25,3.140000104904175,3.1700000762939453,2.2769925594329834,7008000
2007-02-05,3.1700000762939453,3.299999952316284,3.140000104904175,3.2200000286102295,2.3129076957702637,7044000
2007-02-06,3.240000009536743,3.5,3.240000009536743,3.4700000286102295,2.492481231689453,21082666
2007-02-07,3.4800000190734863,3.609999895095825,3.3399999141693115,3.4700000286102295,2.492481231689453,19532000
2007-02-08,3.5299999713897705,3.7899999618530273,3.450000047683716,3.759999990463257,2.7007863521575928,25568000
2007-02-09,3.7699999809265137,3.9700000286102295,3.7200000286102295,3.9000000953674316,2.801347494125366,20888000
2007-02-12,3.9000000953674316,3.9600000381469727,3.740000009536743,3.7799999713897705,2.7151520252227783,11981700
2007-02-13,3.7799999713897705,3.799999952316284,3.549999952316284,3.630000114440918,2.607407808303833,11040000
2007-02-14,3.6500000953674316,3.9600000381469727,3.630000114440918,3.869999885559082,2.7797980308532715,15486000
2007-02-15,3.9000000953674316,3.950000047683716,3.75,3.7899999618530273,2.72233510017395,9420000
2007-02-16,3.7899999618530273,3.819999933242798,3.7300000190734863,3.7899999618530273,2.72233510017395,4762000
2007-02-21,3.819999933242798,3.940000057220459,3.7300000190734863,3.809999942779541,2.736701011657715,6440000
2007-02-22,3.859999895095825,3.890000104904175,3.819999933242798,3.8499999046325684,2.765432596206665,3480000
2007-02-23,3.869999885559082,3.869999885559082,3.700000047683716,3.7200000286102295,2.6720547676086426,6650000
2007-02-26,3.7200000286102295,3.7899999618530273,3.6500000953674316,3.700000047683716,2.657688617706299,3778000
2007-02-27,3.700000047683716,3.7200000286102295,3.450000047683716,3.5199999809265137,2.528395652770996,7960000
2007-02-28,3.25,3.440000057220459,2.9700000286102295,3.430000066757202,2.463749647140503,14026000
2007-03-01,3.380000114440918,3.4200000762939453,3.2899999618530273,3.299999952316284,2.370370864868164,5112000
2007-03-02,3.3499999046325684,3.380000114440918,2.869999885559082,3.0299999713897705,2.17643141746521,15696000
2007-03-05,2.950000047683716,2.950000047683716,2.5799999237060547,2.640000104904175,1.8962968587875366,17380500
2007-03-06,2.7300000190734863,2.9100000858306885,2.680000066757202,2.9000000953674316,2.0830531120300293,14302413
2007-03-07,3.0,3.049999952316284,2.8499999046325684,2.9000000953674316,2.0830531120300293,12534150
2007-03-08,2.950000047683716,3.0199999809265137,2.819999933242798,2.940000057220459,2.1117849349975586,8100000
2007-03-09,2.9800000190734863,3.049999952316284,2.9100000858306885,2.940000057220459,2.1117849349975586,8546000
2007-03-12,2.9700000286102295,3.240000009536743,2.9700000286102295,3.200000047683716,2.2985410690307617,19044000
2007-03-13,3.200000047683716,3.3499999046325684,3.119999885559082,3.2100000381469727,2.305724859237671,14960000
2007-03-14,2.9800000190734863,3.180000066757202,2.950000047683716,3.1700000762939453,2.2769925594329834,14734000
2007-03-15,3.2799999713897705,3.3299999237060547,3.2100000381469727,3.299999952316284,2.370370864868164,9674000
2007-03-16,3.3499999046325684,3.380000114440918,3.200000047683716,3.299999952316284,2.370370864868164,9376000
2007-03-19,3.309999942779541,3.319999933242798,3.2100000381469727,3.299999952316284,2.370370864868164,3852000
2007-03-20,3.3299999237060547,3.3499999046325684,3.259999990463257,3.2699999809265137,2.3488218784332275,1838000
2007-03-21,3.2699999809265137,3.4200000762939453,3.259999990463257,3.4000000953674316,2.4422004222869873,5814000
2007-03-22,3.4600000381469727,3.4700000286102295,3.309999942779541,3.4100000858306885,2.4493837356567383,7350000
2007-03-23,3.4200000762939453,3.430000066757202,3.380000114440918,3.4000000953674316,2.4422004222869873,2622000
2007-03-26,3.450000047683716,3.5,3.380000114440918,3.4200000762939453,2.456566095352173,1986000
2007-03-27,3.4000000953674316,3.440000057220459,3.3299999237060547,3.3299999237060547,2.3919193744659424,2598000
2007-03-28,3.3399999141693115,3.369999885559082,3.1500000953674316,3.240000009536743,2.3272736072540283,4768000
2007-03-29,3.2200000286102295,3.2300000190734863,3.140000104904175,3.2200000286102295,2.3129076957702637,5988000
2007-03-30,3.200000047683716,3.299999952316284,3.180000066757202,3.200000047683716,2.2985410690307617,3010000
2007-04-02,3.200000047683716,3.2300000190734863,3.059999942779541,3.0999999046325684,2.226712226867676,4122000
2007-04-03,3.0899999141693115,3.1500000953674316,3.0,3.069999933242798,2.2051634788513184,6786672
2007-04-04,3.069999933242798,3.1500000953674316,3.069999933242798,3.1500000953674316,2.262626886367798,2990000
2007-04-10,3.1500000953674316,3.180000066757202,3.109999895095825,3.1600000858306885,2.2698094844818115,3214000
2007-04-11,3.1700000762939453,3.299999952316284,3.1500000953674316,3.2699999809265137,2.3488218784332275,4512000
2007-04-12,3.259999990463257,3.299999952316284,3.2100000381469727,3.2799999713897705,2.3560051918029785,4236000
2007-04-13,3.309999942779541,3.359999895095825,3.2200000286102295,3.259999990463257,2.341639280319214,5576000
2007-04-16,3.2699999809265137,3.299999952316284,3.180000066757202,3.190000057220459,2.291358709335327,2462000
2007-04-17,3.190000057220459,3.25,3.049999952316284,3.0799999237060547,2.212346076965332,5138000
2007-04-18,3.0899999141693115,3.180000066757202,3.049999952316284,3.0999999046325684,2.226712226867676,5466000
2007-04-19,3.119999885559082,3.1600000858306885,3.049999952316284,3.0999999046325684,2.226712226867676,2852000
2007-04-20,3.119999885559082,3.309999942779541,3.119999885559082,3.240000009536743,2.3272736072540283,9154000
2007-04-23,3.299999952316284,3.299999952316284,3.130000114440918,3.25,2.334456443786621,5956000
2007-04-24,3.2799999713897705,3.2799999713897705,3.190000057220459,3.200000047683716,2.2985410690307617,2386000
2007-04-25,3.2100000381469727,3.950000047683716,3.2100000381469727,3.869999885559082,2.7797980308532715,54588000
2007-04-26,3.9000000953674316,4.170000076293945,3.75,3.8499999046325684,2.765432596206665,36522000
2007-04-27,3.799999952316284,4.0,3.7799999713897705,3.930000066757202,2.8228964805603027,12610000
2007-04-30,3.940000057220459,3.9700000286102295,3.75,3.819999933242798,2.7438840866088867,7958000
2007-05-02,3.7799999713897705,4.03000020980835,3.759999990463257,3.9800000190734863,2.858811140060425,13786000
2007-05-03,4.010000228881836,4.230000019073486,4.0,4.019999980926514,2.887542724609375,21558667
2007-05-04,4.059999942779541,4.25,4.019999980926514,4.199999809265137,3.0168354511260986,21208000
2007-05-07,4.210000038146973,4.360000133514404,4.159999847412109,4.309999942779541,3.0958480834960938,13110000
2007-05-08,4.320000171661377,4.320000171661377,4.159999847412109,4.190000057220459,3.009653091430664,11048000
2007-05-09,4.21999979019165,4.389999866485596,4.179999828338623,4.329999923706055,3.1102142333984375,13265000
2007-05-10,4.329999923706055,4.389999866485596,4.239999771118164,4.289999961853027,3.0814826488494873,6304000
2007-05-11,4.199999809265137,4.28000020980835,4.190000057220459,4.239999771118164,3.045567035675049,4734000
2007-05-14,4.400000095367432,4.539999961853027,4.309999942779541,4.46999979019165,3.210775136947632,16190000
2007-05-15,4.46999979019165,4.96999979019165,4.449999809265137,4.940000057220459,3.5483734607696533,30330000
2007-05-16,5.0,5.119999885559082,4.78000020980835,5.099999904632568,3.6633012294769287,11954000
2007-05-17,5.099999904632568,5.480000019073486,5.099999904632568,5.389999866485596,3.8716061115264893,14803000
2007-05-18,5.300000190734863,5.300000190734863,4.829999923706055,4.889999866485596,3.5124588012695312,24967000
2007-05-21,4.849999904632568,4.96999979019165,4.800000190734863,4.869999885559082,3.4980924129486084,7400000
2007-05-22,4.889999866485596,4.889999866485596,4.650000095367432,4.769999980926514,3.4262635707855225,5906000
2007-05-23,4.800000190734863,4.880000114440918,4.619999885559082,4.710000038146973,3.3831655979156494,5642000
2007-05-25,4.599999904632568,4.769999980926514,4.53000020980835,4.739999771118164,3.4047138690948486,6669000
2007-05-28,4.760000228881836,4.920000076293945,4.449999809265137,4.599999904632568,3.3041536808013916,7930000
2007-05-29,4.599999904632568,4.679999828338623,4.460000038146973,4.559999942779541,3.275421619415283,3364000
2007-05-30,4.5,4.630000114440918,4.300000190734863,4.389999866485596,3.153311014175415,4892000
2007-05-31,4.400000095367432,4.579999923706055,4.369999885559082,4.570000171661377,3.282604932785034,3436000
2007-06-01,4.590000152587891,4.619999885559082,4.480000019073486,4.570000171661377,3.282604932785034,4160000
2007-06-04,4.599999904632568,4.630000114440918,4.5,4.570000171661377,3.282604932785034,2650000
2007-06-05,4.579999923706055,4.579999923706055,4.349999904632568,4.579999923706055,3.289787530899048,4494000
2007-06-06,4.550000190734863,4.590000152587891,4.510000228881836,4.550000190734863,3.2682385444641113,1604000
2007-06-07,4.539999961853027,4.550000190734863,4.409999847412109,4.519999980926514,3.246690273284912,1138000
2007-06-08,4.519999980926514,4.579999923706055,4.400000095367432,4.550000190734863,3.2682385444641113,1002000
2007-06-11,4.650000095367432,4.929999828338623,4.639999866485596,4.840000152587891,3.4765446186065674,8314000
2007-06-12,4.900000095367432,5.099999904632568,4.75,5.070000171661377,3.641752243041992,8368000
2007-06-13,5.0,5.150000095367432,4.949999809265137,4.96999979019165,3.5699219703674316,4596000
2007-06-14,5.079999923706055,5.150000095367432,4.860000133514404,4.980000019073486,3.5771048069000244,5120000
2007-06-15,4.989999771118164,4.989999771118164,4.789999961853027,4.849999904632568,3.483726978302002,3642000
2007-06-18,4.900000095367432,4.900000095367432,4.679999828338623,4.71999979019165,3.3903489112854004,3608000
2007-06-20,4.820000171661377,4.820000171661377,4.539999961853027,4.570000171661377,3.282604932785034,6624000
2007-06-21,4.570000171661377,4.690000057220459,4.570000171661377,4.610000133514404,3.311336040496826,3430000
2007-06-22,4.610000133514404,4.800000190734863,4.610000133514404,4.730000019073486,3.397531747817993,3818000
2007-06-25,4.769999980926514,4.929999828338623,4.670000076293945,4.869999885559082,3.4980924129486084,5010000
2007-06-26,4.860000133514404,4.949999809265137,4.75,4.820000171661377,3.4621787071228027,3798000
2007-06-27,4.78000020980835,4.840000152587891,4.699999809265137,4.730000019073486,3.397531747817993,1404000
2007-06-28,4.800000190734863,4.849999904632568,4.730000019073486,4.75,3.411897659301758,1464000
2007-06-29,4.820000171661377,4.820000171661377,4.670000076293945,4.670000076293945,3.35443377494812,1016000
2007-07-03,4.699999809265137,4.849999904632568,4.690000057220459,4.840000152587891,3.4765446186065674,2440000
2007-07-04,4.820000171661377,4.869999885559082,4.730000019073486,4.769999980926514,3.4262635707855225,1502000
2007-07-05,4.849999904632568,4.849999904632568,4.699999809265137,4.760000228881836,3.4190804958343506,1572000
2007-07-06,4.789999961853027,4.989999771118164,4.739999771118164,4.96999979019165,3.5699219703674316,6784000
2007-07-09,5.150000095367432,5.150000095367432,4.949999809265137,4.980000019073486,3.5771048069000244,4185000
2007-07-10,5.0,5.0,4.849999904632568,4.889999866485596,3.5124588012695312,1798000
2007-07-11,4.800000190734863,4.889999866485596,4.760000228881836,4.800000190734863,3.447812557220459,2328000
2007-07-12,4.78000020980835,4.849999904632568,4.699999809265137,4.71999979019165,3.3903489112854004,2454000
2007-07-13,4.78000020980835,4.849999904632568,4.71999979019165,4.769999980926514,3.4262635707855225,1918000
2007-07-16,4.800000190734863,4.820000171661377,4.579999923706055,4.619999885559082,3.3185195922851562,2534000
2007-07-17,4.599999904632568,4.690000057220459,4.449999809265137,4.650000095367432,3.3400678634643555,1736000
2007-07-18,4.650000095367432,4.699999809265137,4.53000020980835,4.539999961853027,3.2610554695129395,1442000
2007-07-19,4.460000038146973,4.519999980926514,4.369999885559082,4.460000038146973,3.203592538833618,2872000
2007-07-20,4.440000057220459,4.590000152587891,4.440000057220459,4.489999771118164,3.2251410484313965,2216000
2007-07-23,4.480000019073486,4.5,4.400000095367432,4.460000038146973,3.203592538833618,2606000
2007-07-24,4.46999979019165,4.800000190734863,4.46999979019165,4.699999809265137,3.3759825229644775,4871000
2007-07-25,4.599999904632568,4.650000095367432,4.550000190734863,4.570000171661377,3.282604932785034,2660000
2007-07-26,4.570000171661377,4.710000038146973,4.550000190734863,4.559999942779541,3.275421619415283,3476000
2007-07-27,4.460000038146973,4.460000038146973,4.25,4.300000190734863,3.088665246963501,4766000
2007-07-30,4.25,4.349999904632568,4.050000190734863,4.190000057220459,3.009653091430664,3544000
2007-07-31,4.320000171661377,4.349999904632568,4.260000228881836,4.329999923706055,3.1102142333984375,3236000
2007-08-01,4.320000171661377,4.320000171661377,3.9000000953674316,4.019999980926514,2.887542724609375,4744000
2007-08-02,4.199999809265137,4.300000190734863,3.75,3.990000009536743,2.865994453430176,4252000
2007-08-03,3.859999895095825,4.150000095367432,3.8399999141693115,4.119999885559082,2.9593725204467773,2590000
2007-08-06,3.940000057220459,4.0,3.7799999713897705,3.8399999141693115,2.758249521255493,2136000
2007-08-07,3.9000000953674316,4.0,3.5899999141693115,3.7100000381469727,2.6648716926574707,2006000
2007-08-08,3.700000047683716,3.799999952316284,3.5999999046325684,3.7799999713897705,2.7151520252227783,4060000
2007-08-09,3.799999952316284,3.9100000858306885,3.6600000858306885,3.700000047683716,2.657688617706299,4326000
2007-08-10,3.3499999046325684,3.549999952316284,3.3499999046325684,3.390000104904175,2.4350175857543945,2542000
2007-08-13,3.5,3.509999990463257,3.359999895095825,3.4200000762939453,2.456566095352173,2216000
2007-08-14,3.430000066757202,3.630000114440918,3.390000104904175,3.630000114440918,2.607407808303833,4036000
2007-08-15,3.549999952316284,3.559999942779541,3.4200000762939453,3.450000047683716,2.4781150817871094,2410000
2007-08-16,3.4100000858306885,3.4100000858306885,3.049999952316284,3.119999885559082,2.2410778999328613,6862000
2007-08-17,3.0999999046325684,3.0999999046325684,2.309999942779541,2.8299999237060547,2.0327723026275635,12458000
2007-08-20,3.069999933242798,3.0999999046325684,2.6500000953674316,2.869999885559082,2.0615038871765137,23389000
2007-08-21,2.9800000190734863,3.2899999618530273,2.9800000190734863,3.0899999141693115,2.219529151916504,19048000
2007-08-22,3.119999885559082,3.5,3.119999885559082,3.369999885559082,2.42065167427063,19422000
2007-08-23,3.5999999046325684,3.7300000190734863,3.5,3.5399999618530273,2.5427615642547607,17046000
2007-08-24,3.450000047683716,3.700000047683716,3.4000000953674316,3.630000114440918,2.607407808303833,10552000
2007-08-27,3.7899999618530273,4.079999923706055,3.7799999713897705,4.010000228881836,2.8803598880767822,24048000
2007-08-28,4.099999904632568,4.28000020980835,3.859999895095825,3.9700000286102295,2.851628303527832,19490000
2007-08-29,3.680000066757202,3.9100000858306885,3.549999952316284,3.8399999141693115,2.758249521255493,16867000
2007-08-30,4.0,4.119999885559082,3.7699999809265137,3.7899999618530273,2.72233510017395,12390000
2007-08-31,3.8299999237060547,3.9800000190734863,3.799999952316284,3.9000000953674316,2.801347494125366,9021000
2007-09-03,3.8399999141693115,3.930000066757202,3.799999952316284,3.8499999046325684,2.765432596206665,3424000
2007-09-04,3.8499999046325684,3.9200000762939453,3.759999990463257,3.7799999713897705,2.7151520252227783,4914000
2007-09-05,3.890000104904175,3.9000000953674316,3.7200000286102295,3.7699999809265137,2.7079691886901855,4588000
2007-09-06,3.700000047683716,3.7699999809265137,3.6600000858306885,3.7100000381469727,2.6648716926574707,5226000
2007-09-07,3.700000047683716,3.7699999809265137,3.680000066757202,3.7100000381469727,2.6648716926574707,2724000
2007-09-10,3.5299999713897705,3.819999933242798,3.5299999713897705,3.700000047683716,2.657688617706299,5136000
2007-09-11,3.7100000381469727,3.8399999141693115,3.7100000381469727,3.809999942779541,2.736701011657715,5682000
2007-09-12,3.819999933242798,4.059999942779541,3.819999933242798,3.950000047683716,2.8372626304626465,12448000
2007-09-13,4.150000095367432,4.150000095367432,3.9000000953674316,4.070000171661377,2.923457384109497,11320000
2007-09-14,4.119999885559082,4.199999809265137,4.099999904632568,4.150000095367432,2.9809212684631348,8068000
2007-09-17,4.170000076293945,4.199999809265137,3.859999895095825,3.9700000286102295,2.851628303527832,6324000
2007-09-18,4.010000228881836,4.039999961853027,3.880000114440918,3.990000009536743,2.865994453430176,2728000
2007-09-19,4.03000020980835,4.130000114440918,4.0,4.099999904632568,2.9450061321258545,6304000
2007-09-20,4.139999866485596,4.159999847412109,4.0,4.110000133514404,2.9521892070770264,7655000
2007-09-21,4.110000133514404,4.170000076293945,4.010000228881836,4.119999885559082,2.9593725204467773,5071000
2007-09-24,4.179999828338623,4.440000057220459,4.050000190734863,4.360000133514404,3.131762742996216,21091000
2007-09-25,4.340000152587891,4.340000152587891,4.170000076293945,4.21999979019165,3.0312013626098633,6498000
2007-09-27,4.28000020980835,4.369999885559082,4.199999809265137,4.300000190734863,3.088665246963501,6060000
2007-09-28,4.300000190734863,4.650000095367432,4.300000190734863,4.519999980926514,3.246690273284912,10332000
2007-10-02,4.650000095367432,4.679999828338623,4.510000228881836,4.559999942779541,3.275421619415283,7610000
2007-10-03,4.559999942779541,4.579999923706055,4.150000095367432,4.199999809265137,3.0168354511260986,8352000
2007-10-04,4.059999942779541,4.119999885559082,3.9000000953674316,3.990000009536743,2.865994453430176,6000000
2007-10-05,4.019999980926514,4.300000190734863,4.019999980926514,4.300000190734863,3.088665246963501,5962000
2007-10-08,4.400000095367432,4.449999809265137,4.059999942779541,4.079999923706055,2.93064022064209,5634000
2007-10-09,4.099999904632568,4.150000095367432,4.0,4.110000133514404,2.9521892070770264,4314000
2007-10-10,4.110000133514404,4.110000133514404,4.110000133514404,4.110000133514404,2.9521892070770264,0
2007-10-11,4.170000076293945,4.590000152587891,4.150000095367432,4.519999980926514,3.246690273284912,21993000
2007-10-12,4.5,4.650000095367432,4.380000114440918,4.539999961853027,3.2610554695129395,9530000
2007-10-15,4.619999885559082,5.0,4.570000171661377,4.829999923706055,3.4693613052368164,19076000
2007-10-16,4.800000190734863,4.96999979019165,4.739999771118164,4.769999980926514,3.4262635707855225,11837000
2007-10-17,4.699999809265137,4.829999923706055,4.619999885559082,4.75,3.411897659301758,11696000
2007-10-18,4.710000038146973,4.949999809265137,4.5,4.630000114440918,3.325701951980591,7894000
2007-10-22,4.300000190734863,4.550000190734863,4.28000020980835,4.480000019073486,3.217958927154541,5186000
2007-10-23,4.550000190734863,4.820000171661377,4.5,4.690000057220459,3.368799924850464,8550000
2007-10-24,4.760000228881836,4.820000171661377,4.630000114440918,4.769999980926514,3.4262635707855225,9036000
2007-10-25,4.820000171661377,4.880000114440918,4.679999828338623,4.710000038146973,3.3831655979156494,4432000
2007-10-26,4.789999961853027,4.789999961853027,4.610000133514404,4.619999885559082,3.3185195922851562,5968000
2007-10-29,4.860000133514404,5.039999961853027,4.730000019073486,4.949999809265137,3.555556535720825,14526000
2007-10-30,4.949999809265137,4.96999979019165,4.710000038146973,4.75,3.411897659301758,5000000
2007-10-31,4.760000228881836,4.929999828338623,4.690000057220459,4.840000152587891,3.4765446186065674,5450000
2007-11-01,4.96999979019165,4.989999771118164,4.800000190734863,4.800000190734863,3.447812557220459,4882000
2007-11-02,4.710000038146973,4.78000020980835,4.610000133514404,4.699999809265137,3.3759825229644775,3694000
2007-11-05,4.690000057220459,4.71999979019165,4.46999979019165,4.489999771118164,3.2251410484313965,4116000
2007-11-06,4.489999771118164,4.579999923706055,4.28000020980835,4.5,3.2323243618011475,2496000
2007-11-07,4.46999979019165,4.610000133514404,4.46999979019165,4.599999904632568,3.3041536808013916,3674000
2007-11-08,4.349999904632568,4.489999771118164,4.349999904632568,4.429999828338623,3.1820437908172607,1658000
2007-11-09,4.539999961853027,4.590000152587891,4.480000019073486,4.539999961853027,3.2610554695129395,5570000
2007-11-12,4.340000152587891,4.5,4.309999942779541,4.409999847412109,3.167677640914917,5904000
2007-11-13,4.400000095367432,4.510000228881836,4.349999904632568,4.489999771118164,3.2251410484313965,3562000
2007-11-14,4.53000020980835,4.800000190734863,4.53000020980835,4.75,3.411897659301758,3550000
2007-11-15,4.760000228881836,5.380000114440918,4.75,5.099999904632568,3.6633012294769287,25348000
2007-11-16,5.099999904632568,5.25,4.78000020980835,4.880000114440918,3.505275249481201,10267000
2007-11-19,5.0,5.289999961853027,4.75,5.179999828338623,3.720763683319092,8040000
2007-11-20,4.960000038146973,5.119999885559082,4.920000076293945,5.03000020980835,3.613020420074463,3512000
2007-11-21,5.079999923706055,5.190000057220459,4.900000095367432,4.960000038146973,3.562739849090576,3216000
2007-11-22,4.800000190734863,4.869999885559082,4.679999828338623,4.710000038146973,3.3831655979156494,8412000
2007-11-23,4.699999809265137,4.889999866485596,4.679999828338623,4.690000057220459,3.368799924850464,2418000
2007-11-26,4.619999885559082,4.869999885559082,4.619999885559082,4.809999942779541,3.4549953937530518,2276000
2007-11-27,4.800000190734863,4.949999809265137,4.659999847412109,4.949999809265137,3.555556535720825,2902000
2007-11-28,4.989999771118164,5.119999885559082,4.980000019073486,5.070000171661377,3.641752243041992,5688000
2007-11-29,5.139999866485596,5.139999866485596,4.940000057220459,4.989999771118164,3.5842878818511963,4262000
2007-11-30,4.980000019073486,5.010000228881836,4.880000114440918,4.989999771118164,3.5842878818511963,1262000
2007-12-03,5.0,5.019999980926514,4.880000114440918,5.0,3.5914711952209473,4220000
2007-12-04,4.980000019073486,5.050000190734863,4.929999828338623,5.03000020980835,3.613020420074463,5320000
2007-12-05,5.0,5.010000228881836,4.949999809265137,4.96999979019165,3.5699219703674316,2994000
2007-12-06,5.010000228881836,5.010000228881836,4.880000114440918,4.940000057220459,3.5483734607696533,1914000
2007-12-07,4.940000057220459,4.949999809265137,4.789999961853027,4.860000133514404,3.490910291671753,2036000
2007-12-10,4.800000190734863,4.929999828338623,4.730000019073486,4.769999980926514,3.4262635707855225,1002000
2007-12-11,4.78000020980835,4.940000057220459,4.619999885559082,4.929999828338623,3.5411906242370605,2508000
2007-12-12,4.880000114440918,4.889999866485596,4.78000020980835,4.820000171661377,3.4621787071228027,1444000
2007-12-13,4.78000020980835,4.849999904632568,4.619999885559082,4.630000114440918,3.325701951980591,1428000
2007-12-14,4.650000095367432,4.650000095367432,4.510000228881836,4.599999904632568,3.3041536808013916,2272000
2007-12-17,4.730000019073486,4.829999923706055,4.28000020980835,4.320000171661377,3.1030311584472656,5760000
2007-12-18,4.25,4.360000133514404,4.159999847412109,4.210000038146973,3.0240185260772705,3089000
2007-12-19,4.260000228881836,4.340000152587891,3.930000066757202,3.9700000286102295,2.851628303527832,4454000
2007-12-20,4.0,4.0,3.7899999618530273,3.8499999046325684,2.765432596206665,3463000
2007-12-21,3.8299999237060547,3.950000047683716,3.7200000286102295,3.880000114440918,2.7869818210601807,4842000
2007-12-24,3.9100000858306885,4.150000095367432,3.9100000858306885,4.139999866485596,2.973738193511963,3005000
2007-12-27,3.9100000858306885,4.199999809265137,3.9100000858306885,4.079999923706055,2.93064022064209,1584000
2007-12-28,4.0,4.019999980926514,3.9200000762939453,3.9800000190734863,2.858811140060425,832000
2007-12-31,3.9800000190734863,4.059999942779541,3.930000066757202,3.950000047683716,2.8372626304626465,2274000
2008-01-02,3.9800000190734863,4.090000152587891,3.940000057220459,3.950000047683716,2.8372626304626465,1794000
2008-01-03,3.950000047683716,4.159999847412109,3.950000047683716,4.090000152587891,2.937823534011841,8868000
2008-01-04,4.099999904632568,4.559999942779541,4.099999904632568,4.5,3.2323243618011475,8432000
2008-01-07,4.400000095367432,4.960000038146973,4.400000095367432,4.800000190734863,3.447812557220459,9000000
2008-01-08,4.929999828338623,5.010000228881836,4.789999961853027,4.949999809265137,3.555556535720825,10858000
2008-01-09,4.889999866485596,5.0,4.800000190734863,4.909999847412109,3.526824474334717,2918000
2008-01-10,4.909999847412109,4.940000057220459,4.699999809265137,4.730000019073486,3.397531747817993,1915000
2008-01-11,4.699999809265137,4.869999885559082,4.679999828338623,4.789999961853027,3.440629482269287,3291000
2008-01-14,4.869999885559082,4.880000114440918,4.699999809265137,4.829999923706055,3.4693613052368164,3244000
2008-01-15,4.880000114440918,4.920000076293945,4.699999809265137,4.769999980926514,3.4262635707855225,2320000
2008-01-16,4.75,4.75,4.46999979019165,4.619999885559082,3.3185195922851562,3748000
2008-01-17,4.619999885559082,4.71999979019165,4.300000190734863,4.380000114440918,3.1461286544799805,3146000
2008-01-18,4.300000190734863,4.690000057220459,4.260000228881836,4.630000114440918,3.325701951980591,5124000
2008-01-21,4.590000152587891,4.75,4.550000190734863,4.550000190734863,3.2682385444641113,1340000
2008-01-22,4.300000190734863,4.300000190734863,3.880000114440918,4.090000152587891,2.937823534011841,2622000
2008-01-23,4.25,4.53000020980835,4.0,4.199999809265137,3.0168354511260986,2342000
2008-01-24,4.199999809265137,4.400000095367432,4.110000133514404,4.25,3.052750825881958,1406000
2008-01-25,4.300000190734863,4.449999809265137,4.260000228881836,4.329999923706055,3.1102142333984375,2584000
2008-01-28,4.260000228881836,4.309999942779541,4.070000171661377,4.199999809265137,3.0168354511260986,994000
2008-01-29,4.199999809265137,4.300000190734863,4.099999904632568,4.179999828338623,3.002469778060913,478000
2008-01-30,4.25,4.25,3.9000000953674316,3.950000047683716,2.8372626304626465,1064000
2008-01-31,3.950000047683716,3.990000009536743,3.7899999618530273,3.799999952316284,2.729518175125122,3252000
2008-02-01,3.930000066757202,4.300000190734863,3.880000114440918,4.300000190734863,3.088665246963501,2424000
2008-02-04,4.007999897003174,4.599999904632568,4.007999897003174,4.400000095367432,3.160494327545166,2240000
2008-02-05,4.400000095367432,4.650000095367432,4.230000019073486,4.650000095367432,3.3400678634643555,1938000
2008-02-06,4.159999847412109,4.5,4.159999847412109,4.5,3.2323243618011475,260000
2008-02-11,4.400000095367432,4.599999904632568,4.360000133514404,4.46999979019165,3.210775136947632,350000
2008-02-12,4.489999771118164,4.550000190734863,4.449999809265137,4.53000020980835,3.2538726329803467,500000
2008-02-13,4.599999904632568,4.650000095367432,4.449999809265137,4.519999980926514,3.246690273284912,2486000
2008-02-14,4.599999904632568,4.639999866485596,4.519999980926514,4.619999885559082,3.3185195922851562,942000
2008-02-15,4.610000133514404,4.610000133514404,4.519999980926514,4.610000133514404,3.311336040496826,364000
2008-02-18,4.599999904632568,4.840000152587891,4.599999904632568,4.679999828338623,3.361616849899292,1244000
2008-02-19,4.800000190734863,4.949999809265137,4.78000020980835,4.909999847412109,3.526824474334717,2474000
2008-02-20,4.909999847412109,4.949999809265137,4.820000171661377,4.900000095367432,3.519641637802124,1202000
2008-02-21,4.900000095367432,5.099999904632568,4.809999942779541,5.039999961853027,3.6202034950256348,4221000
2008-02-22,5.050000190734863,5.070000171661377,4.949999809265137,5.059999942779541,3.6345698833465576,2500000
2008-02-25,5.059999942779541,5.300000190734863,5.050000190734863,5.099999904632568,3.6633012294769287,3801000
2008-02-26,5.150000095367432,5.25,5.090000152587891,5.159999847412109,3.7063980102539062,4988000
2008-02-27,5.139999866485596,5.239999771118164,5.099999904632568,5.159999847412109,3.7063980102539062,2382000
2008-02-28,5.150000095367432,5.25,5.059999942779541,5.21999979019165,3.7494959831237793,3632500
2008-02-29,5.190000057220459,5.650000095367432,5.130000114440918,5.630000114440918,4.043996334075928,4284500
2008-03-03,5.489999771118164,5.789999961853027,5.400000095367432,5.550000190734863,3.9865334033966064,3348000
2008-03-04,5.550000190734863,5.769999980926514,5.199999809265137,5.25,3.7710444927215576,4568000
2008-03-05,5.309999942779541,5.46999979019165,5.019999980926514,5.079999923706055,3.648935079574585,2976000
2008-03-06,5.21999979019165,5.230000019073486,5.039999961853027,5.170000076293945,3.71358060836792,1420000
2008-03-07,5.150000095367432,5.150000095367432,4.690000057220459,4.699999809265137,3.3759825229644775,3824000
2008-03-10,4.710000038146973,4.760000228881836,4.28000020980835,4.53000020980835,3.2538726329803467,2958000
2008-03-11,4.449999809265137,4.550000190734863,4.300000190734863,4.53000020980835,3.2538726329803467,3330000
2008-03-12,4.650000095367432,4.650000095367432,4.489999771118164,4.590000152587891,3.2969706058502197,11388000
2008-03-13,4.570000171661377,4.840000152587891,4.300000190734863,4.400000095367432,3.160494327545166,6644000
2008-03-14,4.400000095367432,4.510000228881836,4.199999809265137,4.349999904632568,3.124579906463623,2114000
2008-03-17,3.819999933242798,3.950000047683716,3.759999990463257,3.950000047683716,2.8372626304626465,5828000
2008-03-18,3.9000000953674316,4.099999904632568,3.3499999046325684,3.680000066757202,2.643322706222534,4993000
2008-03-19,3.809999942779541,3.890000104904175,3.7300000190734863,3.799999952316284,2.729518175125122,2454000
2008-03-20,3.5999999046325684,3.640000104904175,3.3499999046325684,3.4000000953674316,2.4422004222869873,2648000
2008-03-25,3.5299999713897705,3.680000066757202,3.4200000762939453,3.6500000953674316,2.6217739582061768,3724000
2008-03-26,3.640000104904175,3.799999952316284,3.640000104904175,3.759999990463257,2.7007863521575928,2182000
2008-03-27,3.819999933242798,4.170000076293945,3.740000009536743,4.159999847412109,2.9881038665771484,4292000
2008-03-28,4.190000057220459,4.210000038146973,3.990000009536743,4.099999904632568,2.9450061321258545,3226000
2008-03-31,4.099999904632568,4.269999980926514,4.0,4.239999771118164,3.045567035675049,3738000
2008-04-01,4.349999904632568,4.349999904632568,4.079999923706055,4.159999847412109,2.9881038665771484,1764000
2008-04-02,4.300000190734863,4.300000190734863,4.130000114440918,4.150000095367432,2.9809212684631348,1274900
2008-04-03,4.230000019073486,4.230000019073486,4.079999923706055,4.090000152587891,2.937823534011841,1042000
2008-04-07,4.090000152587891,4.130000114440918,3.990000009536743,4.050000190734863,2.9090917110443115,2140000
2008-04-08,4.059999942779541,4.170000076293945,4.039999961853027,4.079999923706055,2.93064022064209,1518000
2008-04-09,4.119999885559082,4.190000057220459,4.039999961853027,4.070000171661377,2.923457384109497,1362000
2008-04-10,4.139999866485596,4.139999866485596,4.019999980926514,4.050000190734863,2.9090917110443115,1268000
2008-04-11,4.050000190734863,4.110000133514404,4.019999980926514,4.019999980926514,2.887542724609375,806000
2008-04-14,3.9000000953674316,4.0,3.819999933242798,3.8499999046325684,2.765432596206665,950000
2008-04-15,3.9000000953674316,4.050000190734863,3.8299999237060547,4.039999961853027,2.9019086360931396,1140000
2008-04-16,4.139999866485596,4.139999866485596,3.9100000858306885,4.0,2.8731770515441895,2278000
2008-04-17,4.130000114440918,4.139999866485596,4.0,4.090000152587891,2.937823534011841,1260000
2008-04-18,4.019999980926514,4.130000114440918,3.930000066757202,4.0,2.8731770515441895,1190102
2008-04-21,4.099999904632568,4.099999904632568,3.9600000381469727,3.9800000190734863,2.858811140060425,1488000
2008-04-22,3.9800000190734863,3.9800000190734863,3.859999895095825,3.930000066757202,2.8228964805603027,3290000
2008-04-23,3.940000057220459,3.940000057220459,3.859999895095825,3.9200000762939453,2.8157131671905518,3078000
2008-04-24,4.0,4.059999942779541,3.930000066757202,4.03000020980835,2.894725799560547,6152000
2008-04-25,4.070000171661377,4.110000133514404,3.859999895095825,3.880000114440918,2.7869818210601807,4580000
2008-04-28,3.9000000953674316,3.9600000381469727,3.880000114440918,3.9100000858306885,2.808530569076538,2552000
2008-04-29,3.950000047683716,3.950000047683716,3.880000114440918,3.880000114440918,2.7869818210601807,1758000
2008-04-30,3.880000114440918,3.9800000190734863,3.7899999618530273,3.819999933242798,2.7438840866088867,3006000
2008-05-02,3.8499999046325684,4.010000228881836,3.8299999237060547,4.0,2.8731770515441895,4648000
2008-05-05,4.059999942779541,4.070000171661377,3.9100000858306885,3.940000057220459,2.8300788402557373,2516000
2008-05-06,3.9800000190734863,4.03000020980835,3.9100000858306885,3.9800000190734863,2.858811140060425,2514000
2008-05-07,3.9800000190734863,4.019999980926514,3.859999895095825,3.9200000762939453,2.8157131671905518,2918000
2008-05-08,3.890000104904175,3.950000047683716,3.8499999046325684,3.950000047683716,2.8372626304626465,890000
2008-05-09,3.950000047683716,3.990000009536743,3.859999895095825,3.869999885559082,2.801072120666504,1448000
2008-05-13,3.799999952316284,3.890000104904175,3.700000047683716,3.8299999237060547,2.7721211910247803,1802000
2008-05-14,3.9000000953674316,3.9000000953674316,3.7799999713897705,3.819999933242798,2.764883279800415,1480000
2008-05-15,3.799999952316284,3.8399999141693115,3.7799999713897705,3.819999933242798,2.764883279800415,1000000
2008-05-16,3.799999952316284,3.8499999046325684,3.7799999713897705,3.809999942779541,2.7576451301574707,1000000
2008-05-19,3.8299999237060547,3.9000000953674316,3.7799999713897705,3.7799999713897705,2.735931158065796,1674000
2008-05-20,3.7799999713897705,3.7899999618530273,3.6600000858306885,3.6700000762939453,2.6563148498535156,2178000
2008-05-21,3.6700000762939453,3.6700000762939453,3.5399999618530273,3.5799999237060547,2.5911731719970703,3514000
2008-05-22,3.559999942779541,3.559999942779541,3.4700000286102295,3.4800000190734863,2.518794059753418,2258000
2008-05-23,3.4800000190734863,3.569999933242798,3.4800000190734863,3.569999933242798,2.583935022354126,1168000
2008-05-26,3.5,3.5,3.4000000953674316,3.4000000953674316,2.460890769958496,1436000
2008-05-27,3.4200000762939453,3.490000009536743,3.4200000762939453,3.4700000286102295,2.511556386947632,1220000
2008-05-28,3.4700000286102295,3.4800000190734863,3.4000000953674316,3.430000066757202,2.48260498046875,756000
2008-05-29,3.4100000858306885,3.5,3.4100000858306885,3.430000066757202,2.48260498046875,830000
2008-05-30,3.450000047683716,3.450000047683716,3.4000000953674316,3.4200000762939453,2.4753663539886475,834000
2008-06-02,3.4200000762939453,3.549999952316284,3.4200000762939453,3.549999952316284,2.5694591999053955,890000
2008-06-03,3.549999952316284,3.549999952316284,3.450000047683716,3.4800000190734863,2.518794059753418,668000
2008-06-04,3.4600000381469727,3.4800000190734863,3.4000000953674316,3.440000057220459,2.489842176437378,724000
2008-06-05,3.4700000286102295,3.4700000286102295,3.3299999237060547,3.3399999141693115,2.4174630641937256,1262000
2008-06-06,3.4000000953674316,3.4000000953674316,3.299999952316284,3.3499999046325684,2.42470121383667,570000
2008-06-10,3.200000047683716,3.200000047683716,3.0999999046325684,3.119999885559082,2.2582290172576904,1376000
2008-06-11,3.140000104904175,3.190000057220459,2.880000114440918,2.940000057220459,2.127946615219116,3290000
2008-06-12,2.880000114440918,2.880000114440918,2.640000104904175,2.7200000286102295,1.968712568283081,5127400
2008-06-13,2.7200000286102295,2.7799999713897705,2.4600000381469727,2.490000009536743,1.8022403717041016,7662000
2008-06-16,2.549999952316284,2.549999952316284,2.359999895095825,2.359999895095825,1.7081477642059326,11842000
2008-06-17,2.450000047683716,2.4800000190734863,2.309999942779541,2.359999895095825,1.7081477642059326,17224000
2008-06-18,2.390000104904175,2.5,2.3299999237060547,2.4800000190734863,1.795002818107605,13800000
2008-06-19,2.4200000762939453,2.450000047683716,2.3499999046325684,2.369999885559082,1.7153851985931396,6486000
2008-06-20,2.369999885559082,2.4100000858306885,2.1600000858306885,2.190000057220459,1.5851030349731445,8692000
2008-06-23,2.130000114440918,2.130000114440918,1.9600000381469727,1.9900000095367432,1.4403449296951294,24259000
2008-06-24,1.9900000095367432,2.009999990463257,1.7899999618530273,1.7999999523162842,1.3028244972229004,38003000
2008-06-25,1.850000023841858,1.8799999952316284,1.7799999713897705,1.8200000524520874,1.3173004388809204,10512000
2008-06-26,1.840000033378601,1.9299999475479126,1.7899999618530273,1.7899999618530273,1.2955865859985352,25574000
2008-06-27,1.6799999475479126,1.7599999904632568,1.6699999570846558,1.690000057220459,1.2232074737548828,19782000
2008-06-30,1.7300000190734863,1.8300000429153442,1.7300000190734863,1.7599999904632568,1.2738728523254395,24436000
2008-07-02,1.7100000381469727,1.7300000190734863,1.5800000429153442,1.6100000143051147,1.1653043031692505,24621000
2008-07-03,1.5700000524520874,1.6200000047683716,1.5199999809265137,1.5399999618530273,1.1146386861801147,13170000
2008-07-04,1.5700000524520874,1.6399999856948853,1.5499999523162842,1.6100000143051147,1.1653043031692505,9538000
2008-07-07,1.6299999952316284,1.7599999904632568,1.6200000047683716,1.7300000190734863,1.2521591186523438,14557000
2008-07-08,1.690000057220459,1.7100000381469727,1.6200000047683716,1.6200000047683716,1.1725422143936157,10618000
2008-07-09,1.6799999475479126,1.7200000286102295,1.659999966621399,1.7000000476837158,1.230445384979248,15298000
2008-07-10,1.649999976158142,1.7599999904632568,1.649999976158142,1.7100000381469727,1.2376831769943237,17632000
2008-07-11,1.7200000286102295,1.8700000047683716,1.7000000476837158,1.8600000143051147,1.3462520837783813,44572000
2008-07-14,1.850000023841858,1.8899999856948853,1.7799999713897705,1.809999942779541,1.3100624084472656,19662000
2008-07-15,1.7799999713897705,1.7799999713897705,1.649999976158142,1.6799999475479126,1.215969443321228,17844000
2008-07-16,1.6799999475479126,1.7200000286102295,1.659999966621399,1.6799999475479126,1.215969443321228,7168000
2008-07-17,1.75,1.7799999713897705,1.6799999475479126,1.6799999475479126,1.215969443321228,9288000
2008-07-18,1.7200000286102295,1.7200000286102295,1.6299999952316284,1.6399999856948853,1.1870179176330566,11848000
2008-07-21,1.659999966621399,1.6799999475479126,1.6399999856948853,1.649999976158142,1.1942557096481323,8550000
2008-07-22,1.659999966621399,1.659999966621399,1.5800000429153442,1.590000033378601,1.150828242301941,9546000
2008-07-23,1.6200000047683716,1.6399999856948853,1.590000033378601,1.6200000047683716,1.1725422143936157,9798000
2008-07-24,1.6399999856948853,1.899999976158142,1.6200000047683716,1.8600000143051147,1.3462520837783813,70688000
2008-07-25,1.8200000524520874,1.9800000190734863,1.809999942779541,1.8899999856948853,1.367965579032898,55784000
2008-07-28,1.9199999570846558,1.9500000476837158,1.8300000429153442,1.840000033378601,1.3317761421203613,18592000
2008-07-29,1.7899999618530273,1.7899999618530273,1.7400000095367432,1.7599999904632568,1.2738728523254395,9964000
2008-07-30,1.7999999523162842,1.8300000429153442,1.7899999618530273,1.7899999618530273,1.2955865859985352,6778000
2008-07-31,1.809999942779541,1.809999942779541,1.75,1.7699999809265137,1.2811107635498047,7304000
2008-08-01,1.75,1.9299999475479126,1.7400000095367432,1.9299999475479126,1.3969172239303589,19972000
2008-08-04,1.899999976158142,1.9500000476837158,1.840000033378601,1.8600000143051147,1.3462520837783813,15702000
2008-08-05,1.8600000143051147,1.8600000143051147,1.7599999904632568,1.7999999523162842,1.3028244972229004,9156000
2008-08-06,1.7999999523162842,1.7999999523162842,1.7999999523162842,1.7999999523162842,1.3028244972229004,0
2008-08-07,1.840000033378601,1.840000033378601,1.690000057220459,1.690000057220459,1.2232074737548828,12652000
2008-08-08,1.6399999856948853,1.7400000095367432,1.6399999856948853,1.6799999475479126,1.215969443321228,8660000
2008-08-11,1.6799999475479126,1.7100000381469727,1.5299999713897705,1.5499999523162842,1.1218767166137695,12582500
2008-08-12,1.5499999523162842,1.559999942779541,1.399999976158142,1.4600000381469727,1.0567355155944824,13516500
2008-08-13,1.440000057220459,1.5,1.4299999475479126,1.4600000381469727,1.0567355155944824,5280000
2008-08-14,1.4800000190734863,1.5199999809265137,1.4500000476837158,1.5099999904632568,1.0929248332977295,3746000
2008-08-15,1.5,1.559999942779541,1.4900000095367432,1.5099999904632568,1.0929248332977295,5786500
2008-08-18,1.5099999904632568,1.5099999904632568,1.440000057220459,1.4600000381469727,1.0567355155944824,2494000
2008-08-19,1.4299999475479126,1.4800000190734863,1.399999976158142,1.399999976158142,1.013308048248291,4382000
2008-08-20,1.399999976158142,1.5,1.399999976158142,1.5,1.0856869220733643,6068000
2008-08-21,1.4900000095367432,1.4900000095367432,1.4299999475479126,1.440000057220459,1.0422595739364624,2948000
2008-08-22,1.440000057220459,1.440000057220459,1.440000057220459,1.440000057220459,1.0422595739364624,0
2008-08-25,1.4299999475479126,1.4299999475479126,1.3300000429153442,1.340000033378601,0.9698804020881653,8562000
2008-08-26,1.3200000524520874,1.3700000047683716,1.2999999523162842,1.3600000143051147,0.9843562841415405,4377200
2008-08-27,1.3600000143051147,1.4700000286102295,1.3600000143051147,1.4600000381469727,1.0567355155944824,9634000
2008-08-28,1.4700000286102295,1.4800000190734863,1.4299999475479126,1.4700000286102295,1.063973307609558,7176000
2008-08-29,1.4800000190734863,1.5,1.440000057220459,1.4500000476837158,1.0494974851608276,3584000
2008-09-01,1.4600000381469727,1.4600000381469727,1.4299999475479126,1.4500000476837158,1.0494974851608276,1212000
2008-09-02,1.4299999475479126,1.4700000286102295,1.399999976158142,1.4299999475479126,1.0350215435028076,1920000
2008-09-03,1.4199999570846558,1.4299999475479126,1.350000023841858,1.3700000047683716,0.9915943145751953,1594000
2008-09-04,1.3799999952316284,1.399999976158142,1.350000023841858,1.3600000143051147,0.9843562841415405,2716000
2008-09-05,1.3200000524520874,1.350000023841858,1.2799999713897705,1.3300000429153442,0.9626426100730896,5678000
2008-09-08,1.3899999856948853,1.399999976158142,1.3300000429153442,1.350000023841858,0.977118194103241,4421000
2008-09-09,1.350000023841858,1.350000023841858,1.2999999523162842,1.2999999523162842,0.9409287571907043,2972000
2008-09-10,1.2699999809265137,1.2699999809265137,1.2100000381469727,1.2200000286102295,0.8830253481864929,5264000
2008-09-11,1.190000057220459,1.2100000381469727,1.1100000143051147,1.1299999952316284,0.8178843259811401,6870000
2008-09-12,1.1299999952316284,1.2000000476837158,1.1100000143051147,1.1200000047683716,0.8106465339660645,9992000
2008-09-16,1.0,1.0700000524520874,1.0,1.0499999523162842,0.7599808573722839,7478000
2008-09-17,1.059999942779541,1.0700000524520874,1.0,1.0099999904632568,0.7310292720794678,4874000
2008-09-18,0.9700000286102295,1.0,0.9200000166893005,0.9900000095367432,0.7165535092353821,6633000
2008-09-19,1.059999942779541,1.1699999570846558,1.0299999713897705,1.1699999570846558,0.8468359112739563,11984000
2008-09-22,1.2400000095367432,1.25,1.1299999952316284,1.2000000476837158,0.8685497045516968,9534000
2008-09-23,1.149999976158142,1.1799999475479126,1.1399999856948853,1.1699999570846558,0.8468359112739563,4910000
2008-09-24,1.1799999475479126,1.2300000190734863,1.159999966621399,1.190000057220459,0.8613117337226868,7922000
2008-09-25,1.2000000476837158,1.25,1.1699999570846558,1.2100000381469727,0.8757877349853516,5112000
2008-09-26,1.2000000476837158,1.2300000190734863,1.1799999475479126,1.2000000476837158,0.8685497045516968,2288000
2008-09-29,1.25,1.25,1.159999966621399,1.1699999570846558,0.8468359112739563,5370000
2008-09-30,1.0199999809265137,1.1799999475479126,1.0099999904632568,1.159999966621399,0.8395980000495911,5910000
2008-10-02,1.149999976158142,1.2799999713897705,1.1399999856948853,1.2699999809265137,0.9192151427268982,6670000
2008-10-03,1.25,1.340000033378601,1.2300000190734863,1.3300000429153442,0.9626426100730896,8172000
2008-10-06,1.2799999713897705,1.5,1.2799999713897705,1.3700000047683716,0.9915943145751953,18734000
2008-10-08,1.2799999713897705,1.3600000143051147,1.2000000476837158,1.2400000095367432,0.8975014090538025,11942000
2008-10-09,1.2899999618530273,1.2999999523162842,1.2100000381469727,1.25,0.904739260673523,8012000
2008-10-10,1.1299999952316284,1.2400000095367432,1.059999942779541,1.2400000095367432,0.8975014090538025,10474000
2008-10-13,1.2899999618530273,1.2899999618530273,1.149999976158142,1.2400000095367432,0.8975014090538025,9432000
2008-10-14,1.3200000524520874,1.350000023841858,1.2400000095367432,1.2400000095367432,0.8975014090538025,16750000
2008-10-15,1.2400000095367432,1.2400000095367432,1.149999976158142,1.159999966621399,0.8395980000495911,5073000
2008-10-16,1.100000023841858,1.1200000047683716,1.0499999523162842,1.100000023841858,0.7961704730987549,6890000
2008-10-17,1.100000023841858,1.1699999570846558,1.0800000429153442,1.0800000429153442,0.7816947102546692,2842000
2008-10-20,1.100000023841858,1.1699999570846558,1.090000033378601,1.1399999856948853,0.8251221776008606,9780000
2008-10-21,1.0499999523162842,1.1799999475479126,1.0499999523162842,1.0800000429153442,0.7816947102546692,8888000
2008-10-22,1.059999942779541,1.100000023841858,1.0099999904632568,1.0199999809265137,0.7382671236991882,5044000
2008-10-23,0.9800000190734863,0.9900000095367432,0.8999999761581421,0.9599999785423279,0.6948396563529968,8812000
2008-10-24,0.9599999785423279,0.9599999785423279,0.8399999737739563,0.8399999737739563,0.607984721660614,8432000
2008-10-27,0.8299999833106995,0.8399999737739563,0.6899999976158142,0.699999988079071,0.5066540241241455,6338000
2008-10-28,0.699999988079071,0.7400000095367432,0.6100000143051147,0.7099999785423279,0.5138919353485107,9648000
2008-10-29,0.75,0.8100000023841858,0.7200000286102295,0.7599999904632568,0.5500813722610474,9026000
2008-10-30,0.800000011920929,0.8799999952316284,0.7900000214576721,0.8700000047683716,0.6296985149383545,10688000
2008-10-31,0.8600000143051147,0.949999988079071,0.8500000238418579,0.9200000166893005,0.6658880710601807,17140000
2008-11-03,0.9399999976158142,1.100000023841858,0.9399999976158142,1.0399999618530273,0.7527430057525635,19556000
2008-11-04,1.0399999618530273,1.0399999618530273,0.9599999785423279,1.0,0.7237914204597473,8218000
2008-11-05,1.0299999713897705,1.090000033378601,1.0099999904632568,1.0299999713897705,0.7455052137374878,7608000
2008-11-06,0.9599999785423279,0.9900000095367432,0.9300000071525574,0.9300000071525574,0.6731260418891907,4754000
2008-11-07,0.8899999856948853,1.0199999809265137,0.8899999856948853,1.0,0.7237914204597473,4682000
2008-11-10,1.1200000047683716,1.3600000143051147,1.100000023841858,1.3600000143051147,0.9843562841415405,39961000
2008-11-11,1.350000023841858,1.4800000190734863,1.2599999904632568,1.309999942779541,0.9481667876243591,38884000
2008-11-12,1.4579999446868896,1.5299999713897705,1.3300000429153442,1.4800000190734863,1.071211338043213,45766000
2008-11-13,1.3899999856948853,1.6399999856948853,1.3700000047683716,1.5,1.0856869220733643,41586000
2008-11-14,1.590000033378601,1.6200000047683716,1.4199999570846558,1.4600000381469727,1.0567355155944824,26988000
2008-11-17,1.4600000381469727,1.5099999904632568,1.3799999952316284,1.399999976158142,1.013308048248291,14884000
2008-11-18,1.399999976158142,1.5299999713897705,1.2699999809265137,1.3300000429153442,0.9626426100730896,34282000
2008-11-19,1.3600000143051147,1.409999966621399,1.2999999523162842,1.2999999523162842,0.9409287571907043,24406000
2008-11-20,1.25,1.2599999904632568,1.1699999570846558,1.2300000190734863,0.8902634382247925,13824000
2008-11-21,1.1699999570846558,1.3300000429153442,1.1699999570846558,1.2999999523162842,0.9409287571907043,16416000
2008-11-24,1.3200000524520874,1.3799999952316284,1.2999999523162842,1.309999942779541,0.9481667876243591,12814000
2008-11-25,1.3799999952316284,1.3899999856948853,1.2899999618530273,1.309999942779541,0.9481667876243591,10030000
2008-11-26,1.340000033378601,1.3600000143051147,1.3200000524520874,1.340000033378601,0.9698804020881653,6122000
2008-11-27,1.399999976158142,1.4199999570846558,1.3300000429153442,1.350000023841858,0.977118194103241,20328000
2008-11-28,1.350000023841858,1.3899999856948853,1.3300000429153442,1.350000023841858,0.977118194103241,8678000
2008-12-01,1.3700000047683716,1.5399999618530273,1.3700000047683716,1.5299999713897705,1.1074007749557495,31482000
2008-12-02,1.4500000476837158,1.4900000095367432,1.4299999475479126,1.4600000381469727,1.0567355155944824,14678000
2008-12-03,1.5399999618530273,1.5499999523162842,1.4700000286102295,1.5,1.0856869220733643,11960000
2008-12-04,1.5399999618530273,1.5800000429153442,1.4700000286102295,1.4800000190734863,1.071211338043213,13658000
2008-12-05,1.5,1.5199999809265137,1.4700000286102295,1.5199999809265137,1.1001627445220947,7700000
2008-12-08,1.5499999523162842,1.659999966621399,1.5399999618530273,1.6399999856948853,1.1870179176330566,26286000
2008-12-09,1.649999976158142,1.6799999475479126,1.5499999523162842,1.5700000524520874,1.1363524198532104,19634000
2008-12-10,1.590000033378601,1.6299999952316284,1.5700000524520874,1.6200000047683716,1.1725422143936157,15194000
2008-12-11,1.6399999856948853,1.809999942779541,1.6100000143051147,1.7000000476837158,1.230445384979248,45198000
2008-12-12,1.899999976158142,1.9700000286102295,1.7699999809265137,1.8700000047683716,1.353489875793457,75438000
2008-12-15,2.009999990463257,2.049999952316284,1.8799999952316284,1.899999976158142,1.3752037286758423,41652000
2008-12-16,1.8899999856948853,1.909999966621399,1.7799999713897705,1.8600000143051147,1.3462520837783813,18703645
2008-12-17,1.909999966621399,1.9199999570846558,1.8300000429153442,1.909999966621399,1.3824416399002075,15490000
2008-12-18,1.940000057220459,1.9700000286102295,1.8799999952316284,1.9500000476837158,1.411393165588379,19454000
2008-12-19,1.9299999475479126,2.069999933242798,1.8899999856948853,1.9299999475479126,1.3969172239303589,37154000
2008-12-22,1.9500000476837158,1.9800000190734863,1.850000023841858,1.850000023841858,1.3390140533447266,10894000
2008-12-23,1.850000023841858,1.850000023841858,1.690000057220459,1.7300000190734863,1.2521591186523438,12784000
2008-12-24,1.7000000476837158,1.850000023841858,1.6799999475479126,1.850000023841858,1.3390140533447266,7519000
2008-12-29,1.7000000476837158,1.9199999570846558,1.7000000476837158,1.8899999856948853,1.367965579032898,8352000
2008-12-30,1.899999976158142,1.899999976158142,1.8200000524520874,1.8200000524520874,1.3173004388809204,5168000
2008-12-31,1.8600000143051147,1.8700000047683716,1.8300000429153442,1.840000033378601,1.3317761421203613,3254000
2009-01-02,1.8600000143051147,1.940000057220459,1.840000033378601,1.909999966621399,1.3824416399002075,13657000
2009-01-05,1.940000057220459,1.9600000381469727,1.8799999952316284,1.9299999475479126,1.3969172239303589,8962000
2009-01-06,1.940000057220459,1.940000057220459,1.8700000047683716,1.909999966621399,1.3824416399002075,7448000
2009-01-07,1.940000057220459,2.0199999809265137,1.8700000047683716,1.899999976158142,1.3752037286758423,23976000
2009-01-08,1.8899999856948853,1.8899999856948853,1.7799999713897705,1.7899999618530273,1.2955865859985352,13337000
2009-01-09,1.7999999523162842,1.8300000429153442,1.75,1.7699999809265137,1.2811107635498047,7192000
2009-01-12,1.7699999809265137,1.7699999809265137,1.6799999475479126,1.690000057220459,1.2232074737548828,6208000
2009-01-13,1.6699999570846558,1.7699999809265137,1.649999976158142,1.690000057220459,1.2232074737548828,6452000
2009-01-14,1.7300000190734863,1.75,1.7100000381469727,1.7200000286102295,1.244921088218689,4562000
2009-01-15,1.6299999952316284,1.690000057220459,1.6200000047683716,1.690000057220459,1.2232074737548828,4922000
2009-01-16,1.7300000190734863,1.7699999809265137,1.690000057220459,1.7100000381469727,1.2376831769943237,6818000
2009-01-19,1.7400000095367432,1.75,1.7000000476837158,1.7200000286102295,1.244921088218689,2754000
2009-01-20,1.6699999570846558,1.7100000381469727,1.649999976158142,1.7000000476837158,1.230445384979248,2890000
2009-01-21,1.6699999570846558,1.690000057220459,1.6200000047683716,1.6299999952316284,1.1797800064086914,2962000
2009-01-22,1.649999976158142,1.6699999570846558,1.590000033378601,1.6100000143051147,1.1653043031692505,4170000
2009-01-23,1.600000023841858,1.600000023841858,1.5199999809265137,1.559999942779541,1.1291145086288452,3010000
2009-01-29,1.6399999856948853,1.6399999856948853,1.600000023841858,1.6100000143051147,1.1653043031692505,2682000
2009-01-30,1.6399999856948853,1.75,1.6100000143051147,1.75,1.2666348218917847,6878000
2009-02-02,1.75,1.7899999618530273,1.7000000476837158,1.7699999809265137,1.2811107635498047,9007500
2009-02-03,1.7899999618530273,1.850000023841858,1.7799999713897705,1.850000023841858,1.3390140533447266,14906000
2009-02-04,1.8700000047683716,1.8899999856948853,1.809999942779541,1.8300000429153442,1.3245384693145752,7504000
2009-02-05,1.840000033378601,1.8600000143051147,1.7999999523162842,1.809999942779541,1.3100624084472656,9432000
2009-02-06,1.8300000429153442,1.8700000047683716,1.8300000429153442,1.8600000143051147,1.3462520837783813,8097000
2009-02-09,1.8600000143051147,1.8899999856948853,1.8300000429153442,1.850000023841858,1.3390140533447266,7891000
2009-02-10,1.850000023841858,1.8700000047683716,1.8200000524520874,1.840000033378601,1.3317761421203613,4681000
2009-02-11,1.7799999713897705,1.7999999523162842,1.75,1.7699999809265137,1.2811107635498047,4403000
2009-02-12,1.7799999713897705,1.7799999713897705,1.7300000190734863,1.75,1.2666348218917847,3650000
2009-02-13,1.7599999904632568,1.7999999523162842,1.75,1.7899999618530273,1.2955865859985352,2610000
2009-02-16,1.7899999618530273,1.809999942779541,1.75,1.7999999523162842,1.3028244972229004,3152000
2009-02-17,1.7799999713897705,1.7899999618530273,1.75,1.75,1.2666348218917847,2102000
2009-02-18,1.7000000476837158,1.7599999904632568,1.7000000476837158,1.7400000095367432,1.259397029876709,3026000
2009-02-19,1.7400000095367432,1.809999942779541,1.7100000381469727,1.7999999523162842,1.3028244972229004,6242000
2009-02-20,1.7999999523162842,1.7999999523162842,1.7400000095367432,1.75,1.2666348218917847,3936000
2009-02-23,1.75,1.7699999809265137,1.7100000381469727,1.7300000190734863,1.2521591186523438,2706000
2009-02-24,1.7100000381469727,1.7400000095367432,1.6799999475479126,1.7100000381469727,1.2376831769943237,3406000
2009-02-25,1.7400000095367432,1.7400000095367432,1.7000000476837158,1.7000000476837158,1.230445384979248,1080000
2009-02-26,1.7200000286102295,1.7200000286102295,1.6200000047683716,1.649999976158142,1.1942557096481323,2280000
2009-02-27,1.6299999952316284,1.7000000476837158,1.6100000143051147,1.6699999570846558,1.2087315320968628,2476000
2009-03-02,1.649999976158142,1.649999976158142,1.5299999713897705,1.5499999523162842,1.1218767166137695,3764000
2009-03-03,1.5099999904632568,1.6100000143051147,1.4700000286102295,1.590000033378601,1.150828242301941,4960000
2009-03-04,1.600000023841858,1.7100000381469727,1.600000023841858,1.7000000476837158,1.230445384979248,4624000
2009-03-05,1.7400000095367432,1.7599999904632568,1.6399999856948853,1.659999966621399,1.2014936208724976,5742000
2009-03-06,1.6399999856948853,1.649999976158142,1.6100000143051147,1.6299999952316284,1.1797800064086914,2535000
2009-03-09,1.6299999952316284,1.6299999952316284,1.5099999904632568,1.5399999618530273,1.1146386861801147,3718000
2009-03-10,1.5399999618530273,1.5800000429153442,1.5399999618530273,1.5700000524520874,1.1363524198532104,3144000
2009-03-11,1.600000023841858,1.6200000047683716,1.5199999809265137,1.5700000524520874,1.1363524198532104,4350000
2009-03-12,1.5700000524520874,1.5800000429153442,1.5199999809265137,1.5800000429153442,1.1435902118682861,3104000
2009-03-13,1.6200000047683716,1.649999976158142,1.590000033378601,1.600000023841858,1.1580660343170166,6752000
2009-03-16,1.6299999952316284,1.6699999570846558,1.6299999952316284,1.659999966621399,1.2014936208724976,4682000
2009-03-17,1.6699999570846558,1.7000000476837158,1.6299999952316284,1.649999976158142,1.1942557096481323,5359000
2009-03-18,1.6799999475479126,1.690000057220459,1.659999966621399,1.659999966621399,1.2014936208724976,3224000
2009-03-19,1.659999966621399,1.690000057220459,1.649999976158142,1.6799999475479126,1.215969443321228,6060000
2009-03-20,1.6799999475479126,1.6799999475479126,1.6100000143051147,1.6100000143051147,1.1653043031692505,3534000
2009-03-23,1.6200000047683716,1.75,1.6200000047683716,1.75,1.2666348218917847,11262000
2009-03-24,1.7599999904632568,1.7699999809265137,1.6699999570846558,1.7300000190734863,1.2521591186523438,7028000
2009-03-25,1.7100000381469727,1.7100000381469727,1.7599999904632568,1.7799999713897705,1.28834867477417,6486000
2009-03-26,1.75,1.7999999523162842,1.75,1.7699999809265137,1.2811107635498047,6400000
2009-03-27,1.7999999523162842,1.7999999523162842,1.7200000286102295,1.7599999904632568,1.2738728523254395,5293000
2009-03-30,1.75,1.75,1.6200000047683716,1.6399999856948853,1.1870179176330566,5166000
2009-03-31,1.6399999856948853,1.7000000476837158,1.600000023841858,1.6699999570846558,1.2087315320968628,2682000
2009-04-01,1.6799999475479126,1.7100000381469727,1.6699999570846558,1.690000057220459,1.2232074737548828,4232000
2009-04-02,1.7200000286102295,1.7999999523162842,1.7200000286102295,1.7699999809265137,1.2811107635498047,14662000
2009-04-03,1.7699999809265137,1.8300000429153442,1.7400000095367432,1.7699999809265137,1.2811107635498047,10098000
2009-04-06,1.7999999523162842,1.8899999856948853,1.7699999809265137,1.8799999952316284,1.3607277870178223,24126000
2009-04-07,1.8799999952316284,1.9299999475479126,1.840000033378601,1.850000023841858,1.3390140533447266,19206000
2009-04-08,1.8200000524520874,1.8200000524520874,1.7400000095367432,1.7599999904632568,1.2738728523254395,7544000
2009-04-09,1.7799999713897705,1.850000023841858,1.7799999713897705,1.8200000524520874,1.3173004388809204,7504000
2009-04-14,1.8600000143051147,1.9199999570846558,1.850000023841858,1.899999976158142,1.3752037286758423,15976000
2009-04-15,1.8700000047683716,2.0299999713897705,1.8600000143051147,2.0,1.4475828409194946,39168000
2009-04-16,2.049999952316284,2.2300000190734863,2.0199999809265137,2.1600000858306885,1.5633894205093384,57350000
2009-04-17,2.2200000286102295,2.2300000190734863,2.0199999809265137,2.0399999618530273,1.4765342473983765,20072000
2009-04-20,2.0399999618530273,2.1500000953674316,1.9800000190734863,2.109999895095825,1.527199625968933,11108000
2009-04-21,2.009999990463257,1.9600000381469727,1.9900000095367432,2.0299999713897705,1.4692964553833008,22522000
2009-04-22,2.009999990463257,2.049999952316284,1.850000023841858,1.8799999952316284,1.3607277870178223,23239000
2009-04-23,1.899999976158142,1.9600000381469727,1.8600000143051147,1.940000057220459,1.4041553735733032,11770000
2009-04-24,1.9800000190734863,2.069999933242798,1.9800000190734863,2.0,1.4475828409194946,20783000
2009-04-27,1.9600000381469727,1.9700000286102295,1.8300000429153442,1.840000033378601,1.3317761421203613,15580000
2009-04-28,1.909999966621399,1.9299999475479126,1.809999942779541,1.8600000143051147,1.3462520837783813,13382000
2009-04-29,1.9199999570846558,2.049999952316284,1.8899999856948853,2.0399999618530273,1.4765342473983765,33443000
2009-04-30,2.0799999237060547,2.119999885559082,2.0199999809265137,2.0799999237060547,1.505486011505127,32257000
2009-05-04,2.0999999046325684,2.2100000381469727,2.0799999237060547,2.1700000762939453,1.5706273317337036,23934000
2009-05-05,2.2100000381469727,2.2100000381469727,2.0999999046325684,2.119999885559082,1.5344375371932983,9782000
2009-05-06,2.119999885559082,2.190000057220459,2.0899999141693115,2.1500000953674316,1.5561515092849731,8629000
2009-05-07,2.200000047683716,2.240000009536743,2.059999942779541,2.119999885559082,1.5344375371932983,11718000
2009-05-08,2.0999999046325684,2.3499999046325684,2.0999999046325684,2.3499999046325684,1.7009096145629883,32628000
2009-05-11,2.390000104904175,2.549999952316284,2.3299999237060547,2.3399999141693115,1.6936718225479126,32531000
2009-05-12,2.309999942779541,2.390000104904175,2.2200000286102295,2.2899999618530273,1.6574822664260864,9888000
2009-05-13,2.2699999809265137,2.4000000953674316,2.2699999809265137,2.319999933242798,1.6791960000991821,9458000
2009-05-14,2.25,2.319999933242798,2.2100000381469727,2.319999933242798,1.6791960000991821,4608000
2009-05-15,2.4000000953674316,2.549999952316284,2.4000000953674316,2.5199999809265137,1.8239545822143555,22635000
2009-05-18,2.4200000762939453,2.549999952316284,2.390000104904175,2.5299999713897705,1.8682613372802734,7852000
2009-05-19,2.5899999141693115,2.619999885559082,2.509999990463257,2.5299999713897705,1.8682613372802734,9146000
2009-05-20,2.5199999809265137,2.5399999618530273,2.4700000286102295,2.5,1.8461074829101562,7300000
2009-05-21,2.4600000381469727,2.5199999809265137,2.430000066757202,2.4600000381469727,1.8165699243545532,3356000
2009-05-22,2.450000047683716,2.490000009536743,2.299999952316284,2.4200000762939453,1.7870324850082397,5504000
2009-05-25,2.450000047683716,2.4600000381469727,2.3399999141693115,2.4200000762939453,1.7870324850082397,4582000
2009-05-26,2.4100000858306885,2.4800000190734863,2.390000104904175,2.4000000953674316,1.7722631692886353,6334000
2009-05-27,2.4700000286102295,2.75,2.430000066757202,2.509999990463257,1.8534919023513794,26356000
2009-05-29,2.569999933242798,2.5999999046325684,2.5,2.5399999618530273,1.875645399093628,7414000
2009-06-01,2.549999952316284,2.6700000762939453,2.549999952316284,2.6500000953674316,1.9568743705749512,12817000
2009-06-02,2.6500000953674316,2.6500000953674316,2.509999990463257,2.5399999618530273,1.875645399093628,8628000
2009-06-03,2.5199999809265137,2.5899999141693115,2.5199999809265137,2.5299999713897705,1.8682613372802734,5710000
2009-06-04,2.549999952316284,2.5799999237060547,2.450000047683716,2.5799999237060547,1.9051828384399414,7009000
2009-06-05,2.5999999046325684,2.619999885559082,2.509999990463257,2.5299999713897705,1.8682613372802734,4438000
2009-06-08,2.549999952316284,2.6600000858306885,2.5199999809265137,2.640000104904175,1.9494898319244385,9600000
2009-06-09,2.75,2.819999933242798,2.609999895095825,2.680000066757202,1.979027509689331,19456600
2009-06-10,2.7200000286102295,2.7300000190734863,2.5999999046325684,2.6500000953674316,1.9568743705749512,5588000
2009-06-11,2.630000114440918,2.700000047683716,2.569999933242798,2.609999895095825,1.92733633518219,5278000
2009-06-12,2.619999885559082,2.6600000858306885,2.5299999713897705,2.549999952316284,1.883029580116272,4310000
2009-06-15,2.4800000190734863,2.5299999713897705,2.4100000858306885,2.430000066757202,1.7944165468215942,8616000
2009-06-16,2.380000114440918,2.4200000762939453,2.309999942779541,2.3399999141693115,1.7279566526412964,4818000
2009-06-17,2.319999933242798,2.3499999046325684,2.2899999618530273,2.309999942779541,1.7058032751083374,3142000
2009-06-18,2.3399999141693115,2.3499999046325684,2.259999990463257,2.3399999141693115,1.7279566526412964,3812000
2009-06-19,2.3399999141693115,2.380000114440918,2.2699999809265137,2.299999952316284,1.6984190940856934,3336000
2009-06-22,2.3399999141693115,2.369999885559082,2.2699999809265137,2.2799999713897705,1.683650016784668,2887000
2009-06-23,2.200000047683716,2.25,2.109999895095825,2.109999895095825,1.5581148862838745,8110000
2009-06-24,2.130000114440918,2.190000057220459,2.0999999046325684,2.1500000953674316,1.5876524448394775,3334000
2009-06-25,2.190000057220459,2.2200000286102295,2.109999895095825,2.1700000762939453,1.6024214029312134,5090000
2009-06-26,2.2200000286102295,2.200000047683716,2.259999990463257,2.2699999809265137,1.6762654781341553,5489355
2009-06-29,2.259999990463257,2.2799999713897705,2.190000057220459,2.200000047683716,1.6245746612548828,2990000
2009-06-30,2.2799999713897705,2.309999942779541,2.200000047683716,2.2200000286102295,1.639343500137329,6180000
2009-07-02,2.2799999713897705,2.3299999237060547,2.2300000190734863,2.2799999713897705,1.683650016784668,6751000
2009-07-03,2.25,2.319999933242798,2.2300000190734863,2.299999952316284,1.6984190940856934,3889000
2009-07-06,2.299999952316284,2.369999885559082,2.299999952316284,2.3399999141693115,1.7279566526412964,2982000
2009-07-07,2.3299999237060547,2.380000114440918,2.259999990463257,2.2799999713897705,1.683650016784668,3400000
2009-07-08,2.2300000190734863,2.240000009536743,2.180000066757202,2.200000047683716,1.6245746612548828,4054000
2009-07-09,2.190000057220459,2.240000009536743,2.1700000762939453,2.2300000190734863,1.6467281579971313,2668000
2009-07-10,2.2300000190734863,2.2699999809265137,2.2100000381469727,2.259999990463257,1.6688812971115112,4016000
2009-07-13,2.25,2.299999952316284,2.180000066757202,2.200000047683716,1.6245746612548828,5418000
2009-07-14,2.240000009536743,2.2699999809265137,2.1700000762939453,2.2300000190734863,1.6467281579971313,5919000
2009-07-15,2.240000009536743,2.2799999713897705,2.2300000190734863,2.2699999809265137,1.6762654781341553,3760000
2009-07-16,2.309999942779541,2.319999933242798,2.2200000286102295,2.2200000286102295,1.639343500137329,5704000
2009-07-17,2.25,2.259999990463257,2.2200000286102295,2.25,1.6614969968795776,3502000
2009-07-20,2.259999990463257,2.3499999046325684,2.240000009536743,2.3299999237060547,1.7205722332000732,12950400
2009-07-21,2.4000000953674316,2.440000057220459,2.3399999141693115,2.4200000762939453,1.7870324850082397,16229000
2009-07-22,2.450000047683716,2.5299999713897705,2.4200000762939453,2.4200000762939453,1.7870324850082397,15768000
2009-07-23,2.430000066757202,2.4700000286102295,2.380000114440918,2.4200000762939453,1.7870324850082397,7468000
2009-07-24,2.440000057220459,2.4600000381469727,2.3499999046325684,2.369999885559082,1.7501096725463867,11744500
2009-07-27,2.369999885559082,2.450000047683716,2.369999885559082,2.4100000858306885,1.7796475887298584,8664000
2009-07-28,2.440000057220459,2.549999952316284,2.430000066757202,2.5299999713897705,1.8682613372802734,20803500
2009-07-29,2.5299999713897705,2.6700000762939453,2.4600000381469727,2.6500000953674316,1.9568743705749512,35024500
2009-07-30,2.7100000381469727,2.940000057220459,2.6700000762939453,2.859999895095825,2.1119465827941895,60378300
2009-07-31,2.9000000953674316,2.9200000762939453,2.7699999809265137,2.809999942779541,2.0750248432159424,12388000
2009-08-03,2.8299999237060547,2.950000047683716,2.809999942779541,2.930000066757202,2.163638114929199,10745000
2009-08-04,2.9800000190734863,3.0299999713897705,2.8399999141693115,2.9100000858306885,2.148869037628174,9218000
2009-08-05,2.940000057220459,3.0,2.7799999713897705,2.809999942779541,2.0750248432159424,17719000
2009-08-06,2.799999952316284,2.869999885559082,2.7300000190734863,2.859999895095825,2.1119465827941895,5938500
2009-08-07,2.880000114440918,2.880000114440918,2.75,2.759999990463257,2.038102626800537,5808000
2009-08-10,2.8299999237060547,2.8299999237060547,2.7200000286102295,2.740000009536743,2.02333402633667,5370000
2009-08-11,2.75,2.8299999237060547,2.740000009536743,2.7799999713897705,2.0528719425201416,4880000
2009-08-12,2.7699999809265137,3.069999933242798,2.7100000381469727,2.9700000286102295,2.193175792694092,28810000
2009-08-13,3.0199999809265137,3.0299999713897705,2.9100000858306885,2.940000057220459,2.171022415161133,12058000
2009-08-14,2.9800000190734863,2.9800000190734863,2.799999952316284,2.819999933242798,2.082409381866455,6882000
2009-08-17,2.7799999713897705,2.7799999713897705,2.5299999713897705,2.5799999237060547,1.9051828384399414,10376000
2009-08-18,2.5799999237060547,2.640000104904175,2.490000009536743,2.640000104904175,1.9494898319244385,7018000
2009-08-19,2.640000104904175,2.75,2.5999999046325684,2.630000114440918,1.9421050548553467,5520000
2009-08-20,2.6500000953674316,2.759999990463257,2.630000114440918,2.740000009536743,2.02333402633667,4248000
2009-08-21,2.7200000286102295,2.890000104904175,2.6500000953674316,2.819999933242798,2.082409381866455,7590000
2009-08-24,3.0999999046325684,3.119999885559082,2.9600000381469727,3.049999952316284,2.252251148223877,34170000
2009-08-25,3.0399999618530273,3.319999933242798,3.0,3.2799999713897705,2.422092914581299,46571300
2009-08-26,3.2799999713897705,3.319999933242798,3.1700000762939453,3.190000057220459,2.355633020401001,8458000
2009-08-27,3.190000057220459,3.240000009536743,3.0799999237060547,3.0999999046325684,2.2891736030578613,5236000
2009-08-28,3.0999999046325684,3.2100000381469727,3.049999952316284,3.0999999046325684,2.2891736030578613,14882200
2009-08-31,3.0999999046325684,3.119999885559082,2.9600000381469727,3.009999990463257,2.2227134704589844,10352000
2009-09-01,3.0299999713897705,3.240000009536743,3.0299999713897705,3.2100000381469727,2.3704025745391846,18016000
2009-09-02,3.1500000953674316,3.309999942779541,3.140000104904175,3.2200000286102295,2.377786636352539,14704000
2009-09-03,3.240000009536743,3.2899999618530273,3.180000066757202,3.240000009536743,2.3925559520721436,7874000
2009-09-04,3.259999990463257,3.259999990463257,3.1500000953674316,3.2100000381469727,2.3704025745391846,6412000
2009-09-07,3.2100000381469727,3.259999990463257,3.130000114440918,3.1500000953674316,2.3260958194732666,6982000
2009-09-08,3.1500000953674316,3.2899999618530273,3.0999999046325684,3.2200000286102295,2.377786636352539,11984000
2009-09-09,3.2200000286102295,3.2300000190734863,3.130000114440918,3.1500000953674316,2.3260958194732666,4318000
2009-09-10,3.200000047683716,3.200000047683716,3.0799999237060547,3.0999999046325684,2.2891736030578613,6560000
2009-09-11,3.140000104904175,3.1700000762939453,3.069999933242798,3.119999885559082,2.3039422035217285,4070000
2009-09-14,3.0899999141693115,3.140000104904175,3.049999952316284,3.0899999141693115,2.2817888259887695,3491000
2009-09-15,3.0899999141693115,3.109999895095825,3.0299999713897705,3.0399999618530273,2.2448666095733643,2586000
2009-09-16,3.0899999141693115,3.2200000286102295,3.0899999141693115,3.200000047683716,2.3630175590515137,8012000
2009-09-17,3.259999990463257,3.2799999713897705,3.1500000953674316,3.1700000762939453,2.340864419937134,5554400
2009-09-18,3.180000066757202,3.180000066757202,3.0799999237060547,3.0799999237060547,2.274404287338257,3638000
2009-09-21,3.130000114440918,3.190000057220459,3.0199999809265137,3.130000114440918,2.311326265335083,4350000
2009-09-22,3.1600000858306885,3.1600000858306885,3.049999952316284,3.0899999141693115,2.2817888259887695,2202000
2009-09-23,3.130000114440918,3.140000104904175,3.069999933242798,3.109999895095825,2.296557903289795,1960000
2009-09-24,3.049999952316284,3.0999999046325684,2.9700000286102295,2.990000009536743,2.207944869995117,8272000
2009-09-25,2.950000047683716,3.059999942779541,2.9200000762939453,3.0299999713897705,2.2374823093414307,4548000
2009-09-28,3.0,3.0,2.9100000858306885,2.9200000762939453,2.1562538146972656,1630000
2009-09-29,2.990000009536743,3.0,2.859999895095825,2.890000104904175,2.1341004371643066,2412000
2009-09-30,2.869999885559082,3.0,2.809999942779541,2.990000009536743,2.207944869995117,5875000
2009-10-02,2.9200000762939453,2.930000066757202,2.8499999046325684,2.9000000953674316,2.1414847373962402,2204000
2009-10-05,2.8499999046325684,2.9000000953674316,2.809999942779541,2.8299999237060547,2.0897939205169678,1262000
2009-10-06,2.859999895095825,2.9200000762939453,2.8499999046325684,2.9100000858306885,2.148869037628174,896000
2009-10-07,2.950000047683716,2.9800000190734863,2.9000000953674316,2.950000047683716,2.1784071922302246,2488000
2009-10-08,2.9200000762939453,3.0,2.8499999046325684,2.990000009536743,2.207944869995117,5548000
2009-10-09,2.9800000190734863,3.069999933242798,2.940000057220459,3.0399999618530273,2.2448666095733643,3074000
2009-10-12,2.990000009536743,3.0399999618530273,2.9800000190734863,2.990000009536743,2.207944869995117,1186300
2009-10-13,2.9800000190734863,3.0199999809265137,2.9600000381469727,2.990000009536743,2.207944869995117,2206000
2009-10-14,3.009999990463257,3.140000104904175,3.009999990463257,3.119999885559082,2.3039422035217285,6326000
2009-10-15,3.180000066757202,3.319999933242798,3.180000066757202,3.190000057220459,2.355633020401001,14352000
2009-10-16,3.200000047683716,3.25,3.140000104904175,3.1600000858306885,2.333479642868042,3996000
2009-10-19,3.140000104904175,3.2100000381469727,3.0999999046325684,3.180000066757202,2.3482489585876465,2484000
2009-10-20,3.1500000953674316,3.3399999141693115,3.0999999046325684,3.309999942779541,2.444246768951416,13432000
2009-10-21,3.2899999618530273,3.5299999713897705,3.2799999713897705,3.4800000190734863,2.56978178024292,19888300
2009-10-22,3.5,3.5799999237060547,3.3499999046325684,3.5,2.584550380706787,8310000
2009-10-23,3.549999952316284,3.559999942779541,3.440000057220459,3.450000047683716,2.547628164291382,4320000
2009-10-27,3.440000057220459,3.440000057220459,3.319999933242798,3.3299999237060547,2.459015130996704,4110000
2009-10-28,3.2799999713897705,3.3399999141693115,3.180000066757202,3.2300000190734863,2.3851709365844727,5195000
2009-10-29,3.1500000953674316,3.2699999809265137,3.1500000953674316,3.2300000190734863,2.3851709365844727,2692000
2009-10-30,3.2799999713897705,3.319999933242798,3.2300000190734863,3.240000009536743,2.3925559520721436,3846000
2009-11-02,3.190000057220459,3.240000009536743,3.0999999046325684,3.2200000286102295,2.377786636352539,1386000
2009-11-03,3.190000057220459,3.369999885559082,3.190000057220459,3.3499999046325684,2.4737839698791504,7588000
2009-11-04,3.380000114440918,3.450000047683716,3.299999952316284,3.430000066757202,2.532860040664673,5602000
2009-11-05,3.4000000953674316,3.5199999809265137,3.380000114440918,3.4700000286102295,2.5623974800109863,3946907
2009-11-06,3.5199999809265137,3.5199999809265137,3.380000114440918,3.4000000953674316,2.5107064247131348,3574000
2009-11-09,3.430000066757202,3.5,3.380000114440918,3.430000066757202,2.532860040664673,2452000
2009-11-10,3.430000066757202,3.490000009536743,3.390000104904175,3.450000047683716,2.547628164291382,4572100
2009-11-11,3.5,3.75,3.5,3.640000104904175,2.6879327297210693,15304000
2009-11-12,3.700000047683716,3.7200000286102295,3.5999999046325684,3.6700000762939453,2.7100863456726074,3908000
2009-11-13,3.700000047683716,3.75,3.559999942779541,3.700000047683716,2.732239007949829,4168000
2009-11-16,3.700000047683716,3.7799999713897705,3.6500000953674316,3.75,2.7691612243652344,4145000
2009-11-17,3.759999990463257,3.819999933242798,3.7100000381469727,3.809999942779541,2.8134677410125732,4894000
2009-11-18,3.799999952316284,3.8499999046325684,3.6500000953674316,3.6700000762939453,2.7100863456726074,3410000
2009-11-19,3.630000114440918,3.809999942779541,3.630000114440918,3.7200000286102295,2.7470080852508545,2944000
2009-11-20,3.700000047683716,3.700000047683716,3.5799999237060547,3.5999999046325684,2.6583950519561768,2054000
2009-11-23,3.549999952316284,3.7200000286102295,3.5,3.619999885559082,2.673163652420044,2724000
2009-11-24,3.700000047683716,3.75,3.609999895095825,3.7100000381469727,2.739623785018921,4918000
2009-11-25,3.740000009536743,3.9100000858306885,3.740000009536743,3.9100000858306885,2.887312173843384,10366000
2009-11-26,4.050000190734863,4.150000095367432,3.9600000381469727,3.9800000190734863,2.9390029907226562,9108000
2009-11-27,3.950000047683716,3.950000047683716,3.75,3.75,2.7691612243652344,4254000
2009-11-30,3.809999942779541,4.090000152587891,3.809999942779541,4.050000190734863,2.990694046020508,3281000
2009-12-01,4.090000152587891,4.389999866485596,4.090000152587891,4.360000133514404,3.219611644744873,10358000
2009-12-02,4.46999979019165,4.650000095367432,4.360000133514404,4.420000076293945,3.263917922973633,8072000
2009-12-03,4.420000076293945,4.639999866485596,4.400000095367432,4.550000190734863,3.3599159717559814,6318000
2009-12-04,4.5,4.650000095367432,4.46999979019165,4.579999923706055,3.3820688724517822,6397400
2009-12-07,4.539999961853027,4.579999923706055,4.360000133514404,4.400000095367432,3.2491493225097656,3806000
2009-12-08,4.460000038146973,4.53000020980835,4.380000114440918,4.440000057220459,3.278687000274658,5047400
2009-12-09,4.429999828338623,4.429999828338623,4.179999828338623,4.309999942779541,3.1826891899108887,3818000
2009-12-10,4.309999942779541,4.409999847412109,4.190000057220459,4.380000114440918,3.2343804836273193,5105000
2009-12-11,4.420000076293945,4.599999904632568,4.420000076293945,4.519999980926514,3.3377625942230225,6015000
2009-12-14,4.550000190734863,4.590000152587891,4.449999809265137,4.53000020980835,3.345146894454956,5306500
2009-12-15,4.400000095367432,4.559999942779541,4.400000095367432,4.510000228881836,3.3303778171539307,2504000
2009-12-16,4.510000228881836,4.510000228881836,4.300000190734863,4.360000133514404,3.219611644744873,3170000
2009-12-17,4.360000133514404,4.400000095367432,4.269999980926514,4.300000190734863,3.175304889678955,2993000
2009-12-18,4.300000190734863,4.360000133514404,4.099999904632568,4.340000152587891,3.2048428058624268,4194000
2009-12-21,4.340000152587891,4.340000152587891,4.269999980926514,4.289999961853027,3.1679210662841797,2758000
2009-12-22,4.300000190734863,4.440000057220459,4.300000190734863,4.440000057220459,3.278687000274658,3006000
2009-12-23,4.460000038146973,4.820000171661377,4.460000038146973,4.71999979019165,3.4854514598846436,7376000
2009-12-24,4.75,4.949999809265137,4.710000038146973,4.900000095367432,3.6183698177337646,7257000
2009-12-28,4.949999809265137,5.010000228881836,4.909999847412109,4.940000057220459,3.6479086875915527,4477000
2009-12-29,4.909999847412109,4.949999809265137,4.820000171661377,4.829999923706055,3.566680431365967,2811100
2009-12-30,4.849999904632568,4.900000095367432,4.829999923706055,4.869999885559082,3.596217632293701,1300500
2009-12-31,4.949999809265137,4.900000095367432,5.03000020980835,5.03000020980835,3.7143683433532715,1796000
2010-01-04,5.130000114440918,5.880000114440918,5.099999904632568,5.809999942779541,4.290353775024414,14418000
2010-01-05,6.0,6.420000076293945,5.909999847412109,6.03000020980835,4.4528117179870605,23068100
2010-01-06,6.079999923706055,6.079999923706055,5.849999904632568,5.880000114440918,4.342044830322266,8540898
2010-01-07,5.800000190734863,5.880000114440918,5.699999809265137,5.730000019073486,4.231278419494629,6626200
2010-01-08,5.699999809265137,6.179999828338623,5.699999809265137,5.960000038146973,4.401120662689209,8310500
2010-01-11,6.0,6.099999904632568,5.829999923706055,5.900000095367432,4.356814384460449,4868000
2010-01-12,5.929999828338623,6.059999942779541,5.800000190734863,5.980000019073486,4.415889739990234,4705000
2010-01-13,5.849999904632568,6.25,5.800000190734863,6.099999904632568,4.504502296447754,9449500
2010-01-14,6.150000095367432,6.239999771118164,6.099999904632568,6.159999847412109,4.548808574676514,5114000
2010-01-15,6.25,6.650000095367432,6.25,6.639999866485596,4.903261184692383,12193000
2010-01-18,6.550000190734863,6.599999904632568,6.300000190734863,6.369999885559082,4.703882217407227,6976500
2010-01-19,6.449999809265137,6.449999809265137,6.110000133514404,6.260000228881836,4.622652530670166,6742500
2010-01-20,6.210000038146973,6.400000095367432,6.090000152587891,6.099999904632568,4.504502296447754,5952000
2010-01-21,6.039999961853027,6.039999961853027,5.659999847412109,5.730000019073486,4.231278419494629,14165300
2010-01-22,5.559999942779541,5.75,5.25,5.75,4.246047496795654,10133000
2010-01-25,5.630000114440918,5.909999847412109,5.539999961853027,5.75,4.246047496795654,3330000
2010-01-26,5.889999866485596,5.889999866485596,5.400000095367432,5.429999828338623,4.0097455978393555,5350000
2010-01-27,5.5,5.559999942779541,4.860000133514404,4.980000019073486,3.6774468421936035,11041000
2010-01-28,5.059999942779541,5.190000057220459,4.980000019073486,4.989999771118164,3.6848304271698,7305500
2010-01-29,4.900000095367432,5.269999980926514,4.900000095367432,5.190000057220459,3.832519292831421,5186300
2010-02-01,5.300000190734863,5.590000152587891,5.300000190734863,5.579999923706055,4.12051248550415,14320000
2010-02-02,5.670000076293945,5.860000133514404,5.630000114440918,5.789999961853027,4.275585174560547,14060250
2010-02-03,5.880000114440918,5.900000095367432,5.579999923706055,5.699999809265137,4.209125518798828,4044000
2010-02-04,5.659999847412109,5.53000020980835,5.650000095367432,5.659999847412109,4.1795878410339355,2306000
2010-02-05,5.46999979019165,5.46999979019165,5.260000228881836,5.329999923706055,3.935900926589966,3982000
2010-02-08,5.340000152587891,5.429999828338623,5.190000057220459,5.300000190734863,3.9137487411499023,4313000
2010-02-09,5.260000228881836,5.400000095367432,5.139999866485596,5.389999866485596,3.980208396911621,4194000
2010-02-10,5.599999904632568,5.670000076293945,5.449999809265137,5.639999866485596,4.16481876373291,3682500
2010-02-11,5.590000152587891,5.690000057220459,5.579999923706055,5.630000114440918,4.157433986663818,2074000
2010-02-12,5.650000095367432,5.860000133514404,5.610000133514404,5.78000020980835,4.268200874328613,3724000
2010-02-17,5.739999771118164,5.840000152587891,5.739999771118164,5.789999961853027,4.275585174560547,1672000
2010-02-18,5.78000020980835,6.0,5.71999979019165,5.880000114440918,4.342044830322266,4274000
2010-02-19,5.809999942779541,6.150000095367432,5.739999771118164,5.769999980926514,4.260817050933838,7352000
2010-02-22,5.889999866485596,6.099999904632568,5.889999866485596,6.090000152587891,4.497117519378662,6326000
2010-02-23,6.090000152587891,6.099999904632568,5.960000038146973,6.039999961853027,4.460195541381836,3566000
2010-02-24,6.050000190734863,6.050000190734863,5.840000152587891,5.989999771118164,4.423274040222168,2153600
2010-02-25,6.03000020980835,6.150000095367432,5.929999828338623,6.03000020980835,4.4528117179870605,3414000
2010-02-26,6.039999961853027,6.070000171661377,5.929999828338623,5.989999771118164,4.423274040222168,2613000
2010-03-01,6.079999923706055,6.25,6.010000228881836,6.230000019073486,4.600500106811523,5406000
2010-03-02,6.159999847412109,6.380000114440918,6.159999847412109,6.369999885559082,4.703882217407227,4684000
2010-03-03,6.400000095367432,6.409999847412109,6.269999980926514,6.320000171661377,4.666959285736084,3612000
2010-03-04,6.349999904632568,6.360000133514404,6.130000114440918,6.199999809265137,4.578347206115723,3968000
2010-03-05,6.21999979019165,6.349999904632568,6.079999923706055,6.139999866485596,4.534040451049805,5956400
2010-03-08,6.130000114440918,6.25,6.019999980926514,6.070000171661377,4.482348918914795,10778200
2010-03-09,6.099999904632568,6.199999809265137,6.070000171661377,6.179999828338623,4.563577651977539,3112000
2010-03-10,6.179999828338623,6.179999828338623,6.090000152587891,6.099999904632568,4.504502296447754,2076000
2010-03-11,6.159999847412109,6.170000076293945,6.050000190734863,6.110000133514404,4.511887073516846,2824000
2010-03-12,6.110000133514404,6.150000095367432,5.949999809265137,5.989999771118164,4.423274040222168,2874000
2010-03-15,5.900000095367432,5.980000019073486,5.809999942779541,5.900000095367432,4.356814384460449,4640200
2010-03-16,5.940000057220459,5.940000057220459,5.820000171661377,5.849999904632568,4.319891452789307,2354000
2010-03-17,5.909999847412109,5.909999847412109,5.789999961853027,5.829999923706055,4.305122375488281,4903100
2010-03-18,5.800000190734863,6.119999885559082,5.800000190734863,6.090000152587891,4.497117519378662,7232000
2010-03-19,6.090000152587891,6.150000095367432,5.900000095367432,6.079999923706055,4.4897332191467285,5622700
2010-03-22,5.949999809265137,6.03000020980835,5.889999866485596,5.909999847412109,4.364197731018066,1645000
2010-03-23,5.949999809265137,5.980000019073486,5.829999923706055,5.849999904632568,4.319891452789307,1762000
2010-03-24,5.929999828338623,5.929999828338623,5.829999923706055,5.829999923706055,4.305122375488281,1330000
2010-03-25,5.800000190734863,5.820000171661377,5.75,5.800000190734863,4.2829694747924805,1458000
2010-03-26,5.800000190734863,5.909999847412109,5.75,5.860000133514404,4.327276229858398,2470000
2010-03-29,5.860000133514404,6.039999961853027,5.769999980926514,5.980000019073486,4.415889739990234,3124000
2010-03-30,5.980000019073486,6.099999904632568,5.920000076293945,6.070000171661377,4.482348918914795,3413000
2010-03-31,6.119999885559082,6.119999885559082,5.949999809265137,5.989999771118164,4.423274040222168,2166300
2010-04-01,5.989999771118164,6.03000020980835,5.940000057220459,5.980000019073486,4.415889739990234,1541200
2010-04-07,6.050000190734863,6.139999866485596,6.0,6.079999923706055,4.4897332191467285,3128000
2010-04-08,6.090000152587891,6.090000152587891,5.980000019073486,6.050000190734863,4.4675798416137695,2532400
2010-04-09,6.099999904632568,6.119999885559082,6.0,6.019999980926514,4.445426940917969,1876500
2010-04-12,6.289999961853027,6.300000190734863,6.0,6.070000171661377,4.482348918914795,7790000
2010-04-13,6.099999904632568,6.099999904632568,5.849999904632568,5.869999885559082,4.33466100692749,6597450
2010-04-14,5.860000133514404,5.960000038146973,5.599999904632568,5.78000020980835,4.268200874328613,4174000
2010-04-15,5.800000190734863,5.880000114440918,5.699999809265137,5.71999979019165,4.223893165588379,3979000
2010-04-16,5.739999771118164,5.920000076293945,5.710000038146973,5.760000228881836,4.253431797027588,3305000
2010-04-19,5.699999809265137,5.710000038146973,5.519999980926514,5.579999923706055,4.12051248550415,3726000
2010-04-20,5.639999866485596,5.900000095367432,5.550000190734863,5.860000133514404,4.327276229858398,6822000
2010-04-21,5.909999847412109,5.909999847412109,5.789999961853027,5.820000171661377,4.297738075256348,2486400
2010-04-22,5.800000190734863,5.800000190734863,5.679999828338623,5.769999980926514,4.260817050933838,1857000
2010-04-23,5.75,5.829999923706055,5.679999828338623,5.690000057220459,4.2017412185668945,1061000
2010-04-26,5.710000038146973,5.769999980926514,5.710000038146973,5.71999979019165,4.223893165588379,1218000
2010-04-27,5.78000020980835,5.78000020980835,5.599999904632568,5.619999885559082,4.150049686431885,1796000
2010-04-28,5.559999942779541,5.559999942779541,5.440000057220459,5.480000019073486,4.04666805267334,3310000
2010-04-29,5.489999771118164,5.570000171661377,5.309999942779541,5.380000114440918,3.972823143005371,3862000
2010-04-30,5.420000076293945,5.5,5.369999885559082,5.429999828338623,4.0097455978393555,2608000
2010-05-03,5.380000114440918,5.480000019073486,5.369999885559082,5.440000057220459,4.017129898071289,1197000
2010-05-04,5.440000057220459,5.46999979019165,5.260000228881836,5.320000171661377,3.9285166263580322,1652000
2010-05-05,5.230000019073486,5.230000019073486,5.050000190734863,5.110000133514404,3.7734434604644775,2368000
2010-05-06,5.099999904632568,5.159999847412109,4.800000190734863,4.900000095367432,3.6183698177337646,3433500
2010-05-07,4.800000190734863,4.980000019073486,4.699999809265137,4.96999979019165,3.6700611114501953,2462700
2010-05-10,4.920000076293945,5.059999942779541,4.860000133514404,5.010000228881836,3.8040778636932373,1503600
2010-05-11,5.099999904632568,5.139999866485596,4.920000076293945,4.960000038146973,3.76611328125,1280000
2010-05-12,4.96999979019165,4.989999771118164,4.760000228881836,4.829999923706055,3.6674046516418457,1877500
2010-05-13,4.889999866485596,5.0,4.820000171661377,4.989999771118164,3.788891315460205,1394000
2010-05-14,4.900000095367432,4.989999771118164,4.849999904632568,4.900000095367432,3.720555067062378,1208000
2010-05-17,4.900000095367432,4.900000095367432,4.630000114440918,4.690000057220459,3.5611026287078857,1650000
2010-05-18,4.699999809265137,4.699999809265137,4.510000228881836,4.599999904632568,3.492766857147217,2010000
2010-05-19,4.510000228881836,4.510000228881836,4.199999809265137,4.210000038146973,3.1966397762298584,3124000
2010-05-20,4.199999809265137,4.199999809265137,3.7300000190734863,3.950000047683716,2.999223470687866,8934000
2010-05-24,3.7179999351501465,4.130000114440918,3.7179999351501465,4.099999904632568,3.1131174564361572,2196500
2010-05-25,4.079999923706055,4.079999923706055,3.930000066757202,3.9700000286102295,3.014408826828003,2522000
2010-05-26,4.0,4.059999942779541,3.799999952316284,3.9200000762939453,2.9764442443847656,1719600
2010-05-27,3.890000104904175,4.150000095367432,3.859999895095825,4.090000152587891,3.1055245399475098,2292000
2010-05-28,4.210000038146973,4.369999885559082,4.210000038146973,4.269999980926514,3.2421982288360596,5824000
2010-05-31,4.269999980926514,4.599999904632568,4.269999980926514,4.570000171661377,3.469987630844116,5052000
2010-06-01,4.579999923706055,4.579999923706055,4.349999904632568,4.369999885559082,3.3181278705596924,4006000
2010-06-02,4.380000114440918,4.440000057220459,4.21999979019165,4.329999923706055,3.2877559661865234,2991000
2010-06-03,4.429999828338623,4.400000095367432,4.510000228881836,4.550000190734863,3.454801321029663,3283000
2010-06-04,4.599999904632568,4.690000057220459,4.489999771118164,4.650000095367432,3.530730962753296,2766000
2010-06-07,4.400000095367432,4.539999961853027,4.389999866485596,4.510000228881836,3.424429416656494,2104000
2010-06-08,4.53000020980835,4.510000228881836,4.590000152587891,4.639999866485596,3.5231380462646484,2632000
2010-06-09,4.599999904632568,4.599999904632568,4.449999809265137,4.460000038146973,3.386464834213257,1298000
2010-06-10,4.510000228881836,4.510000228881836,4.389999866485596,4.420000076293945,3.3560924530029297,1376000
2010-06-11,4.5,4.519999980926514,4.440000057220459,4.46999979019165,3.3940577507019043,1560001
2010-06-14,4.519999980926514,4.570000171661377,4.46999979019165,4.539999961853027,3.4472084045410156,2861600
2010-06-15,4.539999961853027,4.590000152587891,4.510000228881836,4.550000190734863,3.454801321029663,1276000
2010-06-17,4.559999942779541,4.619999885559082,4.510000228881836,4.570000171661377,3.469987630844116,936100
2010-06-18,4.570000171661377,4.599999904632568,4.429999828338623,4.489999771118164,3.409242868423462,2514000
2010-06-21,4.5,4.590000152587891,4.480000019073486,4.579999923706055,3.4775805473327637,3587626
2010-06-22,4.559999942779541,4.559999942779541,4.5,4.550000190734863,3.454801321029663,1647762
2010-06-23,4.5,4.519999980926514,4.460000038146973,4.5,3.416836977005005,1154000
2010-06-24,4.489999771118164,4.519999980926514,4.480000019073486,4.5,3.416836977005005,1148500
2010-06-25,4.449999809265137,4.5,4.28000020980835,4.300000190734863,3.264976978302002,2739000
2010-06-28,4.300000190734863,4.300000190734863,4.210000038146973,4.21999979019165,3.204232931137085,1534000
2010-06-29,4.420000076293945,4.460000038146973,4.269999980926514,4.320000171661377,3.280163049697876,5418000
2010-06-30,4.260000228881836,4.289999961853027,4.190000057220459,4.230000019073486,3.2118258476257324,1889000
2010-07-02,4.210000038146973,4.230000019073486,4.019999980926514,4.050000190734863,3.0751523971557617,4269700
2010-07-05,4.050000190734863,4.050000190734863,3.9000000953674316,3.990000009536743,3.029594898223877,1798000
2010-07-06,4.019999980926514,4.199999809265137,3.950000047683716,4.190000057220459,3.1814541816711426,2004000
2010-07-07,4.179999828338623,4.230000019073486,4.110000133514404,4.150000095367432,3.151082754135132,790000
2010-07-08,4.25,4.25,4.119999885559082,4.119999885559082,3.1283035278320312,1356000
2010-07-09,4.199999809265137,4.480000019073486,4.139999866485596,4.449999809265137,3.378870964050293,4214000
2010-07-12,4.5,4.739999771118164,4.449999809265137,4.699999809265137,3.5686960220336914,11912000
2010-07-13,4.75,4.769999980926514,4.630000114440918,4.690000057220459,3.5611026287078857,5150000
2010-07-14,4.730000019073486,4.789999961853027,4.690000057220459,4.690000057220459,3.5611026287078857,3486000
2010-07-15,4.71999979019165,4.71999979019165,4.539999961853027,4.559999942779541,3.4623942375183105,1630000
2010-07-16,4.519999980926514,4.599999904632568,4.5,4.53000020980835,3.439615249633789,1010000
2010-07-19,4.420000076293945,4.559999942779541,4.380000114440918,4.53000020980835,3.439615249633789,1144000
2010-07-20,4.519999980926514,4.659999847412109,4.519999980926514,4.630000114440918,3.515544891357422,1586000
2010-07-21,4.71999979019165,4.71999979019165,4.539999961853027,4.590000152587891,3.485173225402832,2880000
2010-07-22,4.610000133514404,4.829999923706055,4.590000152587891,4.78000020980835,3.6294400691986084,4453000
2010-07-23,4.820000171661377,5.059999942779541,4.820000171661377,5.019999980926514,3.811671018600464,9196000
2010-07-26,5.050000190734863,5.289999961853027,5.050000190734863,5.170000076293945,3.925565481185913,9380000
2010-07-27,5.199999809265137,5.239999771118164,5.03000020980835,5.079999923706055,3.857228994369507,5834000
2010-07-28,5.019999980926514,5.170000076293945,5.0,5.159999847412109,3.9179728031158447,3902000
2010-07-29,5.150000095367432,5.150000095367432,5.010000228881836,5.050000190734863,3.8344502449035645,3022300
2010-07-30,5.079999923706055,5.230000019073486,5.059999942779541,5.090000152587891,3.864821672439575,2406000
2010-08-02,5.190000057220459,5.25,5.130000114440918,5.179999828338623,3.9331581592559814,2844000
2010-08-03,5.190000057220459,5.239999771118164,5.050000190734863,5.079999923706055,3.857228994369507,2988000
2010-08-04,5.119999885559082,5.239999771118164,5.079999923706055,5.099999904632568,3.8724148273468018,2682000
2010-08-05,5.090000152587891,5.179999828338623,5.0,5.039999961853027,3.8268566131591797,3221741
2010-08-06,5.059999942779541,5.420000076293945,5.039999961853027,5.360000133514404,4.069831848144531,10406000
2010-08-09,5.300000190734863,5.449999809265137,5.25,5.420000076293945,4.115389823913574,4663000
2010-08-10,5.389999866485596,5.5,5.239999771118164,5.409999847412109,4.107796669006348,6692000
2010-08-11,5.409999847412109,5.46999979019165,5.289999961853027,5.329999923706055,4.04705286026001,2952000
2010-08-12,5.25,5.340000152587891,5.099999904632568,5.329999923706055,4.04705286026001,1794500
2010-08-13,5.329999923706055,5.610000133514404,5.300000190734863,5.599999904632568,4.252062797546387,9630000
2010-08-16,5.550000190734863,5.570000171661377,5.429999828338623,5.570000171661377,4.229283809661865,2818000
2010-08-17,5.510000228881836,5.760000228881836,5.46999979019165,5.75,4.365957260131836,7022000
2010-08-18,5.739999771118164,5.809999942779541,5.610000133514404,5.610000133514404,4.2596564292907715,3874000
2010-08-19,5.630000114440918,5.75,5.550000190734863,5.610000133514404,4.2596564292907715,1452000
2010-08-20,5.480000019073486,5.630000114440918,5.480000019073486,5.579999923706055,4.236876964569092,2318000
2010-08-23,5.800000190734863,5.840000152587891,5.519999980926514,5.519999980926514,4.191318511962891,8384100
2010-08-24,5.53000020980835,5.619999885559082,5.409999847412109,5.53000020980835,4.198912620544434,5142900
2010-08-25,5.539999961853027,5.579999923706055,5.320000171661377,5.400000095367432,4.100203990936279,4260000
2010-08-26,5.400000095367432,5.46999979019165,5.340000152587891,5.380000114440918,4.085017204284668,2100000
2010-08-27,5.349999904632568,5.349999904632568,5.210000038146973,5.25,3.986309289932251,2588000
2010-08-30,5.289999961853027,5.449999809265137,5.28000020980835,5.449999809265137,4.138167858123779,3000800
2010-08-31,5.420000076293945,5.429999828338623,5.199999809265137,5.349999904632568,4.0622382164001465,4486800
2010-09-01,5.369999885559082,5.739999771118164,5.360000133514404,5.679999828338623,4.312806129455566,9746000
2010-09-02,5.78000020980835,5.949999809265137,5.71999979019165,5.929999828338623,4.502630710601807,11590000
2010-09-03,5.949999809265137,5.960000038146973,5.809999942779541,5.860000133514404,4.449480056762695,3722001
2010-09-06,5.860000133514404,5.929999828338623,5.849999904632568,5.860000133514404,4.449480056762695,2214000
2010-09-07,5.869999885559082,6.130000114440918,5.829999923706055,6.059999942779541,4.601339817047119,5174000
2010-09-08,6.03000020980835,6.199999809265137,5.909999847412109,6.170000076293945,4.6848626136779785,7214000
2010-09-09,6.099999904632568,6.400000095367432,6.079999923706055,6.119999885559082,4.646897792816162,4423500
2010-09-10,6.150000095367432,6.179999828338623,6.059999942779541,6.150000095367432,4.669676780700684,2322000
2010-09-13,6.159999847412109,6.329999923706055,6.159999847412109,6.289999961853027,4.775977611541748,5490693
2010-09-14,6.289999961853027,6.360000133514404,6.239999771118164,6.269999980926514,4.760792255401611,4630000
2010-09-15,6.210000038146973,6.25,6.090000152587891,6.139999866485596,4.662083148956299,2822700
2010-09-16,6.090000152587891,6.159999847412109,5.900000095367432,6.039999961853027,4.586153507232666,3914000
2010-09-17,6.070000171661377,6.199999809265137,6.050000190734863,6.190000057220459,4.700048923492432,2498000
2010-09-20,6.179999828338623,6.389999866485596,6.159999847412109,6.380000114440918,4.844315528869629,4675500
2010-09-21,6.380000114440918,6.380000114440918,6.21999979019165,6.28000020980835,4.768385410308838,2580500
2010-09-22,6.210000038146973,6.210000038146973,6.099999904632568,6.110000133514404,4.72968053817749,2008000
2010-09-24,6.150000095367432,6.199999809265137,5.929999828338623,5.980000019073486,4.6290483474731445,4309000
2010-09-27,6.139999866485596,6.25,6.110000133514404,6.170000076293945,4.776125907897949,5840000
2010-09-28,6.230000019073486,6.269999980926514,6.110000133514404,6.139999866485596,4.752902507781982,3992000
2010-09-29,6.110000133514404,6.25,6.090000152587891,6.199999809265137,4.7993483543396,4221200
2010-09-30,6.150000095367432,6.179999828338623,6.050000190734863,6.079999923706055,4.70645809173584,3908600
2010-10-04,6.090000152587891,6.179999828338623,6.090000152587891,6.139999866485596,4.752902507781982,6820400
2010-10-05,6.159999847412109,6.489999771118164,6.139999866485596,6.489999771118164,5.023834228515625,14534000
2010-10-06,6.539999961853027,6.619999885559082,6.369999885559082,6.429999828338623,4.977388858795166,6289800
2010-10-07,6.429999828338623,6.960000038146973,6.420000076293945,6.949999809265137,5.379914283752441,16010000
2010-10-08,6.900000095367432,7.130000114440918,6.900000095367432,7.039999961853027,5.449583053588867,10490500
2010-10-11,7.150000095367432,7.590000152587891,7.139999866485596,7.579999923706055,5.86759090423584,15274500
2010-10-12,7.5,7.690000057220459,7.349999904632568,7.519999980926514,5.8211445808410645,7915500
2010-10-13,7.599999904632568,7.900000095367432,7.449999809265137,7.829999923706055,6.061112880706787,9080500
2010-10-14,7.800000190734863,7.949999809265137,7.480000019073486,7.679999828338623,5.9449992179870605,10110000
2010-10-15,7.679999828338623,7.900000095367432,7.449999809265137,7.869999885559082,6.092076301574707,6198000
2010-10-18,7.860000133514404,7.860000133514404,7.380000114440918,7.440000057220459,5.759218215942383,5928000
2010-10-19,7.5,7.75,7.449999809265137,7.699999809265137,5.960481643676758,7278000
2010-10-20,7.510000228881836,7.71999979019165,7.349999904632568,7.400000095367432,5.728255271911621,6818000
2010-10-21,7.449999809265137,7.650000095367432,7.449999809265137,7.630000114440918,5.906294822692871,5611000
2010-10-22,7.650000095367432,7.670000076293945,7.519999980926514,7.53000020980835,5.828886032104492,4570000
2010-10-25,7.5,7.880000114440918,7.5,7.75,5.999185562133789,4976500
2010-10-26,7.820000171661377,7.840000152587891,7.650000095367432,7.699999809265137,5.960481643676758,3059454
2010-10-27,7.610000133514404,7.690000057220459,7.449999809265137,7.489999771118164,5.797922134399414,3264000
2010-10-28,7.489999771118164,7.570000171661377,7.28000020980835,7.300000190734863,5.650845527648926,2782200
2010-10-29,7.489999771118164,7.5,7.28000020980835,7.449999809265137,5.766958713531494,2962500
2010-11-01,7.519999980926514,7.650000095367432,7.409999847412109,7.440000057220459,5.759218215942383,3450480
2010-11-02,7.5,7.539999961853027,7.309999942779541,7.360000133514404,5.697291374206543,1970000
2010-11-03,7.539999961853027,7.800000190734863,7.519999980926514,7.78000020980835,6.022408962249756,5259900
2010-11-04,7.869999885559082,8.149999618530273,7.829999923706055,8.069999694824219,6.246893882751465,8639000
2010-11-05,8.199999809265137,8.449999809265137,8.199999809265137,8.300000190734863,6.4249348640441895,4446000
2010-11-08,8.3100004196167,8.3100004196167,8.020000457763672,8.149999618530273,6.308820724487305,2120000
2010-11-09,8.180000305175781,8.34000015258789,8.149999618530273,8.220000267028809,6.363007545471191,1573000
2010-11-10,8.1899995803833,8.399999618530273,8.149999618530273,8.300000190734863,6.4249348640441895,2211000
2010-11-11,8.300000190734863,8.40999984741211,8.15999984741211,8.229999542236328,6.3707475662231445,1393000
2010-11-12,8.229999542236328,8.229999542236328,7.800000190734863,7.929999828338623,6.138522148132324,3128000
2010-11-15,7.949999809265137,7.980000019073486,7.599999904632568,7.739999771118164,5.991444110870361,1890000
2010-11-16,7.710000038146973,7.849999904632568,7.400000095367432,7.46999979019165,5.782440662384033,3022000
2010-11-17,7.400000095367432,7.440000057220459,7.0,7.099999904632568,5.496027946472168,5982000
2010-11-18,7.150000095367432,7.539999961853027,7.099999904632568,7.46999979019165,5.782440662384033,3390000
2010-11-19,7.559999942779541,7.690000057220459,7.46999979019165,7.630000114440918,5.906294822692871,2594598
2010-11-22,7.800000190734863,8.079999923706055,7.760000228881836,8.050000190734863,6.231412410736084,4668000
2010-11-23,8.029999732971191,8.09000015258789,7.699999809265137,7.75,5.999185562133789,3432000
2010-11-24,7.699999809265137,8.119999885559082,7.699999809265137,7.949999809265137,6.154003143310547,2628000
2010-11-25,7.96999979019165,8.319999694824219,7.940000057220459,8.260000228881836,6.3939714431762695,4652000
2010-11-26,8.260000228881836,8.5600004196167,8.260000228881836,8.390000343322754,6.494602680206299,7023000
2010-11-29,8.479999542236328,8.84000015258789,8.4399995803833,8.760000228881836,6.781015396118164,7037000
2010-11-30,8.619999885559082,8.880000114440918,8.449999809265137,8.850000381469727,6.850682735443115,5694000
2010-12-01,8.699999809265137,9.020000457763672,8.649999618530273,8.960000038146973,6.935832977294922,4446000
2010-12-02,9.029999732971191,9.050000190734863,8.65999984741211,8.75,6.773274898529053,4654000
2010-12-03,8.739999771118164,8.949999809265137,8.739999771118164,8.8100004196167,6.8197197914123535,3549000
2010-12-06,8.890000343322754,9.0,8.75,8.800000190734863,6.811978340148926,3099000
2010-12-07,8.779999732971191,8.850000381469727,8.579999923706055,8.59000015258789,6.649419784545898,2068000
2010-12-08,8.630000114440918,8.789999961853027,8.510000228881836,8.569999694824219,6.633938789367676,2477828
2010-12-09,8.630000114440918,8.699999809265137,8.40999984741211,8.449999809265137,6.541047096252441,2280000
2010-12-10,8.40999984741211,8.59000015258789,8.359999656677246,8.420000076293945,6.517824649810791,1832000
2010-12-13,8.600000381469727,8.720000267028809,8.550000190734863,8.619999885559082,6.672642707824707,3377000
2010-12-14,8.760000228881836,8.779999732971191,8.65999984741211,8.710000038146973,6.742311000823975,2508000
2010-12-15,8.649999618530273,8.75,8.520000457763672,8.59000015258789,6.649419784545898,2392000
2010-12-16,8.65999984741211,8.670000076293945,8.470000267028809,8.489999771118164,6.572011470794678,2043000
2010-12-17,8.449999809265137,8.770000457763672,8.319999694824219,8.75,6.773274898529053,2937200
2010-12-20,8.75,8.789999961853027,8.630000114440918,8.729999542236328,6.7577924728393555,3144800
2010-12-21,8.800000190734863,9.050000190734863,8.75,9.020000457763672,6.982277870178223,5544000
2010-12-22,9.140000343322754,9.270000457763672,8.90999984741211,8.960000038146973,6.935832977294922,3551468
2010-12-23,9.050000190734863,9.180000305175781,8.880000114440918,8.949999809265137,6.928091526031494,2278000
2010-12-24,9.020000457763672,9.039999961853027,8.890000343322754,8.970000267028809,6.943573951721191,482000
2010-12-28,8.970000267028809,8.970000267028809,8.600000381469727,8.65999984741211,6.703606128692627,3254000
2010-12-29,8.680000305175781,8.710000038146973,8.5,8.59000015258789,6.649419784545898,2363000
2010-12-30,8.680000305175781,8.75,8.59000015258789,8.600000381469727,6.657160758972168,4189000
2010-12-31,8.600000381469727,8.6899995803833,8.600000381469727,8.6899995803833,6.7268290519714355,1229028
2011-01-03,8.699999809265137,8.819999694824219,8.6899995803833,8.819999694824219,6.827460289001465,2784000
2011-01-04,8.850000381469727,8.989999771118164,8.789999961853027,8.9399995803833,6.920351028442383,2258000
2011-01-05,8.989999771118164,9.020000457763672,8.850000381469727,8.920000076293945,6.90487003326416,1260500
2011-01-06,8.899999618530273,8.899999618530273,8.729999542236328,8.829999923706055,6.835201740264893,1929000
2011-01-07,8.880000114440918,8.880000114440918,8.630000114440918,8.829999923706055,6.835201740264893,1680000
2011-01-10,8.649999618530273,8.649999618530273,8.460000038146973,8.550000190734863,6.61845588684082,2093000
2011-01-11,8.649999618530273,8.75,8.550000190734863,8.739999771118164,6.765533447265625,1586000
2011-01-12,8.779999732971191,8.819999694824219,8.640000343322754,8.739999771118164,6.765533447265625,1486000
2011-01-13,8.770000457763672,8.8100004196167,8.529999732971191,8.649999618530273,6.695865154266357,2604000
2011-01-14,8.600000381469727,8.680000305175781,8.5600004196167,8.630000114440918,6.680383205413818,2561000
2011-01-17,8.630000114440918,8.630000114440918,8.350000381469727,8.399999618530273,6.50234317779541,3418000
2011-01-18,8.380000114440918,8.399999618530273,8.210000038146973,8.300000190734863,6.4249348640441895,2967000
2011-01-19,8.5,8.779999732971191,8.460000038146973,8.550000190734863,6.61845588684082,6950000
2011-01-20,8.479999542236328,8.5,8.199999809265137,8.270000457763672,6.401712417602539,3495000
2011-01-21,8.180000305175781,8.279999732971191,8.119999885559082,8.270000457763672,6.401712417602539,2615000
2011-01-24,8.319999694824219,8.319999694824219,7.849999904632568,7.929999828338623,6.138522148132324,3537000
2011-01-25,7.949999809265137,8.0,7.570000171661377,7.699999809265137,5.960481643676758,5529000
2011-01-26,7.730000019073486,7.849999904632568,7.519999980926514,7.820000171661377,6.053372383117676,1786000
2011-01-27,7.739999771118164,7.800000190734863,7.559999942779541,7.650000095367432,5.92177677154541,3020000
2011-01-28,7.730000019073486,7.730000019073486,7.53000020980835,7.559999942779541,5.852108955383301,2166000
2011-01-31,7.380000114440918,7.570000171661377,7.320000171661377,7.400000095367432,5.728255271911621,2542000
2011-02-01,7.449999809265137,7.730000019073486,7.449999809265137,7.710000038146973,5.968222618103027,2135200
2011-02-02,7.760000228881836,8.0600004196167,7.760000228881836,8.0,6.192707538604736,4172000
2011-02-07,8.100000381469727,8.180000305175781,8.020000457763672,8.050000190734863,6.231412410736084,1909122
2011-02-08,8.100000381469727,8.100000381469727,7.840000152587891,7.889999866485596,6.107557773590088,3718000
2011-02-09,7.889999866485596,7.889999866485596,7.650000095367432,7.659999847412109,5.9295172691345215,2258000
2011-02-10,7.659999847412109,7.699999809265137,7.510000228881836,7.510000228881836,5.813404083251953,2146000
2011-02-11,7.550000190734863,7.670000076293945,7.5,7.650000095367432,5.92177677154541,1985000
2011-02-14,7.610000133514404,7.800000190734863,7.610000133514404,7.710000038146973,5.968222618103027,2404000
2011-02-15,7.710000038146973,7.78000020980835,7.650000095367432,7.699999809265137,5.960481643676758,1398668
2011-02-16,7.75,7.75,7.53000020980835,7.619999885559082,5.898553371429443,2085700
2011-02-17,7.619999885559082,7.699999809265137,7.5,7.690000057220459,5.952740669250488,1788000
2011-02-18,7.739999771118164,8.380000114440918,7.71999979019165,8.369999885559082,6.47912073135376,9867000
2011-02-21,8.329999923706055,8.329999923706055,8.149999618530273,8.210000038146973,6.355266571044922,2512000
2011-02-22,8.180000305175781,8.180000305175781,7.849999904632568,7.860000133514404,6.084335803985596,2990000
2011-02-23,7.809999942779541,8.050000190734863,7.710000038146973,7.96999979019165,6.1694841384887695,2494000
2011-02-24,7.869999885559082,8.130000114440918,7.539999961853027,7.670000076293945,5.937258720397949,3500000
2011-02-25,7.690000057220459,7.840000152587891,7.690000057220459,7.769999980926514,6.014667987823486,2180000
2011-02-28,7.840000152587891,8.0600004196167,7.800000190734863,8.039999961853027,6.223671913146973,3313000
2011-03-01,8.100000381469727,8.5,8.100000381469727,8.489999771118164,6.572011470794678,7143000
2011-03-02,8.449999809265137,8.729999542236328,8.289999961853027,8.699999809265137,6.734570503234863,6547000
2011-03-03,8.649999618530273,8.800000190734863,8.550000190734863,8.619999885559082,6.672642707824707,3554113
2011-03-04,8.699999809265137,8.800000190734863,8.550000190734863,8.569999694824219,6.633938789367676,3130000
2011-03-07,8.5600004196167,8.680000305175781,8.510000228881836,8.550000190734863,6.61845588684082,1741300
2011-03-08,8.550000190734863,8.649999618530273,8.449999809265137,8.59000015258789,6.649419784545898,2600000
2011-03-09,8.640000343322754,8.649999618530273,8.520000457763672,8.539999961853027,6.610715866088867,2682000
2011-03-10,8.449999809265137,8.5,8.300000190734863,8.369999885559082,6.47912073135376,2290000
2011-03-11,8.199999809265137,8.569999694824219,8.15999984741211,8.319999694824219,6.440415382385254,2393000
2011-03-14,8.3100004196167,8.6899995803833,8.229999542236328,8.670000076293945,6.7113471031188965,2981100
2011-03-15,8.539999961853027,8.579999923706055,8.180000305175781,8.390000343322754,6.494602680206299,3726000
2011-03-16,8.390000343322754,8.479999542236328,8.220000267028809,8.359999656677246,6.471380233764648,1654500
2011-03-17,8.010000228881836,8.25,7.909999847412109,7.929999828338623,6.138522148132324,4246000
2011-03-18,8.0600004196167,8.34000015258789,8.0600004196167,8.220000267028809,6.363007545471191,3344000
2011-03-21,8.40999984741211,8.529999732971191,8.399999618530273,8.520000457763672,6.595234394073486,2546500
2011-03-22,8.579999923706055,8.600000381469727,8.399999618530273,8.520000457763672,6.595234394073486,1302000
2011-03-23,8.5,8.710000038146973,8.489999771118164,8.649999618530273,6.695865154266357,2406000
2011-03-24,8.649999618530273,8.65999984741211,8.479999542236328,8.5,6.5797529220581055,1388000
2011-03-25,8.600000381469727,9.270000457763672,8.600000381469727,9.25,7.1603193283081055,17486000
2011-03-28,9.25,9.25,8.779999732971191,9.050000190734863,7.005500793457031,6706300
2011-03-29,8.899999618530273,9.4399995803833,8.899999618530273,9.359999656677246,7.245467185974121,6735000
2011-03-30,9.470000267028809,9.470000267028809,9.300000190734863,9.380000114440918,7.260949611663818,5630000
2011-03-31,9.399999618530273,9.470000267028809,9.100000381469727,9.350000381469727,7.237727165222168,2941500
2011-04-01,9.329999923706055,10.100000381469727,9.199999809265137,10.0600004196167,7.787330627441406,11039300
2011-04-04,10.079999923706055,10.680000305175781,10.0600004196167,10.5600004196167,8.174375534057617,8053904
2011-04-06,10.699999809265137,11.300000190734863,10.640000343322754,11.220000267028809,8.685273170471191,9546490
2011-04-07,11.220000267028809,11.5,10.699999809265137,10.819999694824219,8.37563705444336,8335000
2011-04-08,10.800000190734863,11.0,10.5,10.720000267028809,8.298229217529297,9287000
2011-04-11,10.800000190734863,10.960000038146973,10.079999923706055,10.5,8.1279296875,10292000
2011-04-12,10.359999656677246,10.760000228881836,10.260000228881836,10.5600004196167,8.174375534057617,6535300
2011-04-13,10.399999618530273,10.640000343322754,10.15999984741211,10.479999542236328,8.112447738647461,3704000
2011-04-14,10.5,10.600000381469727,10.359999656677246,10.380000114440918,8.035037994384766,2733700
2011-04-15,10.359999656677246,10.640000343322754,10.220000267028809,10.399999618530273,8.050519943237305,4479000
2011-04-18,10.319999694824219,10.5600004196167,10.220000267028809,10.300000190734863,7.973110675811768,3377000
2011-04-19,10.079999923706055,10.199999809265137,10.0,10.180000305175781,7.880220890045166,2782400
2011-04-20,10.359999656677246,10.5600004196167,10.180000305175781,10.420000076293945,8.066001892089844,3744000
2011-04-21,10.479999542236328,10.539999961853027,10.300000190734863,10.399999618530273,8.050519943237305,3548000
2011-04-26,10.420000076293945,10.859999656677246,10.380000114440918,10.680000305175781,8.267263412475586,6199900
2011-04-27,10.819999694824219,11.199999809265137,10.819999694824219,11.0600004196167,8.561420440673828,9429800
2011-04-28,11.199999809265137,11.199999809265137,10.600000381469727,10.720000267028809,8.298229217529297,4486603
2011-04-29,10.739999771118164,10.800000190734863,10.539999961853027,10.699999809265137,8.282746315002441,3223126
2011-05-03,10.699999809265137,11.140000343322754,10.699999809265137,10.819999694824219,8.37563705444336,3762000
2011-05-04,10.819999694824219,10.819999694824219,10.520000457763672,10.779999732971191,8.344675064086914,3232000
2011-05-05,10.600000381469727,10.800000190734863,10.399999618530273,10.539999961853027,8.158893585205078,3085792
2011-05-06,10.319999694824219,10.5,10.180000305175781,10.479999542236328,8.112447738647461,2980200
2011-05-09,10.399999618530273,10.65999984741211,10.399999618530273,10.640000343322754,8.23630142211914,732000
2011-05-11,10.720000267028809,10.819999694824219,10.479999542236328,10.5600004196167,8.174375534057617,2415000
2011-05-12,10.5600004196167,10.800000190734863,10.5,10.720000267028809,8.298229217529297,2172161
2011-05-13,10.779999732971191,10.800000190734863,10.399999618530273,10.619999885559082,8.220820426940918,2198800
2011-05-16,10.5,10.579999923706055,10.34000015258789,10.479999542236328,8.185749053955078,1648000
2011-05-17,10.380000114440918,10.380000114440918,10.119999885559082,10.239999771118164,7.998289585113525,2210908
2011-05-18,10.5,10.5,10.220000267028809,10.34000015258789,8.076396942138672,1226000
2011-05-19,10.279999732971191,10.579999923706055,10.220000267028809,10.239999771118164,7.998289585113525,1764000
2011-05-20,10.239999771118164,10.279999732971191,9.449999809265137,9.5,7.420287132263184,8370000
2011-05-23,9.300000190734863,9.399999618530273,9.100000381469727,9.300000190734863,7.264070987701416,2796000
2011-05-24,9.300000190734863,9.300000190734863,9.0,9.029999732971191,7.0531792640686035,4818000
2011-05-25,9.029999732971191,9.350000381469727,8.899999618530273,9.289999961853027,7.256260395050049,4454000
2011-05-26,9.399999618530273,9.479999542236328,9.260000228881836,9.300000190734863,7.264070987701416,1903100
2011-05-27,9.300000190734863,9.390000343322754,9.050000190734863,9.149999618530273,7.146908760070801,1469700
2011-05-30,9.130000114440918,9.420000076293945,9.109999656677246,9.329999923706055,7.287503242492676,1504100
2011-05-31,9.420000076293945,9.600000381469727,9.399999618530273,9.579999923706055,7.482774257659912,1962000
2011-06-01,9.699999809265137,9.920000076293945,9.640000343322754,9.729999542236328,7.5999369621276855,4382000
2011-06-02,9.510000228881836,9.699999809265137,9.489999771118164,9.550000190734863,7.4593424797058105,1656000
2011-06-03,9.65999984741211,9.779999732971191,9.369999885559082,9.460000038146973,7.389043807983398,1541030
2011-06-07,9.460000038146973,9.460000038146973,9.210000038146973,9.369999885559082,7.318746566772461,1522900
2011-06-08,9.369999885559082,9.369999885559082,9.180000305175781,9.25,7.225017547607422,4618000
2011-06-09,9.1899995803833,9.220000267028809,8.850000381469727,9.039999961853027,7.060988903045654,5043000
2011-06-10,9.119999885559082,9.149999618530273,8.960000038146973,8.970000267028809,7.006314277648926,1641000
2011-06-13,8.90999984741211,8.979999542236328,8.6899995803833,8.9399995803833,6.98288106918335,1510000
2011-06-14,8.880000114440918,9.25,8.720000267028809,9.149999618530273,7.146908760070801,1408000
2011-06-15,9.15999984741211,9.359999656677246,9.15999984741211,9.300000190734863,7.264070987701416,1255120
2011-06-16,9.199999809265137,9.199999809265137,9.010000228881836,9.100000381469727,7.107855319976807,1398200
2011-06-17,9.130000114440918,9.25,9.020000457763672,9.210000038146973,7.193774223327637,2538000
2011-06-20,9.210000038146973,9.289999961853027,8.75,8.850000381469727,6.912583351135254,1714500
2011-06-21,8.9399995803833,8.949999809265137,8.75,8.90999984741211,6.959449291229248,2184700
2011-06-22,9.0,9.119999885559082,8.880000114440918,8.970000267028809,7.006314277648926,2254000
2011-06-23,8.899999618530273,8.9399995803833,8.760000228881836,8.819999694824219,6.889151096343994,1529449
2011-06-24,8.760000228881836,9.579999923706055,8.760000228881836,9.520000457763672,7.435909271240234,4808732
2011-06-27,9.4399995803833,9.75,9.380000114440918,9.630000114440918,7.5218281745910645,1596000
2011-06-28,9.6899995803833,9.760000228881836,9.359999656677246,9.430000305175781,7.365612506866455,1745588
2011-06-29,9.600000381469727,9.680000305175781,9.520000457763672,9.579999923706055,7.482774257659912,1274000
2011-06-30,9.600000381469727,9.699999809265137,9.5600004196167,9.680000305175781,7.56088399887085,1762000
2011-07-04,9.760000228881836,10.199999809265137,9.760000228881836,10.119999885559082,7.904560089111328,6553112
2011-07-05,10.0600004196167,10.100000381469727,9.789999961853027,9.800000190734863,7.654613018035889,4091000
2011-07-06,9.779999732971191,10.020000457763672,9.779999732971191,9.979999542236328,7.795206069946289,3913598
2011-07-07,10.100000381469727,10.119999885559082,9.800000190734863,9.819999694824219,7.670233726501465,1514000
2011-07-08,9.859999656677246,10.020000457763672,9.800000190734863,9.8100004196167,7.662423610687256,2085500
2011-07-11,9.8100004196167,10.239999771118164,9.8100004196167,9.920000076293945,7.748343467712402,1881384
2011-07-12,9.869999885559082,9.869999885559082,9.699999809265137,9.729999542236328,7.5999369621276855,2170400
2011-07-13,9.699999809265137,9.960000038146973,9.699999809265137,9.84000015258789,7.685855865478516,1666200
2011-07-14,9.869999885559082,9.920000076293945,9.800000190734863,9.869999885559082,7.709287643432617,1518000
2011-07-15,9.920000076293945,10.399999618530273,9.899999618530273,10.319999694824219,8.060775756835938,5358090
2011-07-18,10.319999694824219,10.619999885559082,10.319999694824219,10.5600004196167,8.248236656188965,4508000
2011-07-19,10.5600004196167,10.579999923706055,9.960000038146973,10.260000228881836,8.013911247253418,2791000
2011-07-20,10.279999732971191,10.4399995803833,10.079999923706055,10.180000305175781,7.951423645019531,858600
2011-07-21,10.34000015258789,10.680000305175781,10.239999771118164,10.5600004196167,8.248236656188965,2662000
2011-07-22,10.640000343322754,10.779999732971191,10.380000114440918,10.520000457763672,8.216992378234863,2042000
2011-07-25,10.720000267028809,10.720000267028809,10.220000267028809,10.220000267028809,7.982666492462158,1855000
2011-07-26,10.15999984741211,10.579999923706055,10.15999984741211,10.239999771118164,7.998289585113525,1743000
2011-07-27,10.279999732971191,10.479999542236328,10.279999732971191,10.399999618530273,8.123262405395508,1288000
2011-07-28,10.319999694824219,10.319999694824219,10.119999885559082,10.180000305175781,7.951423645019531,1254000
2011-07-29,10.180000305175781,10.260000228881836,10.0,10.079999923706055,7.873315334320068,1334700
2011-08-01,10.15999984741211,10.220000267028809,10.0600004196167,10.100000381469727,7.888938903808594,1336000
2011-08-02,10.100000381469727,10.180000305175781,9.930000305175781,10.0,7.810829162597656,1564700
2011-08-03,9.6899995803833,9.899999618530273,9.600000381469727,9.760000228881836,7.623367786407471,1836100
2011-08-04,9.800000190734863,9.890000343322754,9.180000305175781,9.220000267028809,7.2015838623046875,4072000
2011-08-05,8.75,8.979999542236328,8.239999771118164,8.65999984741211,6.764178276062012,3819000
2011-08-08,8.329999923706055,8.399999618530273,7.630000114440918,7.960000038146973,6.217419624328613,11428200
2011-08-09,7.269999980926514,8.470000267028809,7.099999904632568,8.010000228881836,6.25647497177124,5894900
2011-08-10,8.279999732971191,8.579999923706055,7.800000190734863,7.940000057220459,6.201798915863037,4750000
2011-08-11,7.730000019073486,7.889999866485596,7.550000190734863,7.630000114440918,5.959663391113281,7620300
2011-08-12,7.829999923706055,8.050000190734863,7.460000038146973,7.639999866485596,5.96747350692749,5063000
2011-08-15,7.639999866485596,7.800000190734863,6.949999809265137,7.179999828338623,5.608175277709961,10154000
2011-08-16,7.28000020980835,7.5,7.21999979019165,7.349999904632568,5.740960121154785,7312000
2011-08-17,7.329999923706055,7.539999961853027,7.199999809265137,7.260000228881836,5.670662879943848,2608000
2011-08-18,7.340000152587891,7.400000095367432,7.130000114440918,7.139999866485596,5.576932430267334,2260000
2011-08-19,7.050000190734863,7.070000171661377,6.489999771118164,6.5,5.0770392417907715,4758000
2011-08-22,6.489999771118164,6.489999771118164,5.460000038146973,5.949999809265137,4.647442817687988,11889000
2011-08-23,6.099999904632568,6.550000190734863,5.829999923706055,6.5,5.0770392417907715,7445665
2011-08-24,6.659999847412109,6.78000020980835,6.360000133514404,6.380000114440918,4.983309268951416,6149000
2011-08-25,6.599999904632568,6.880000114440918,6.579999923706055,6.800000190734863,5.311363220214844,5621144
2011-08-26,6.679999828338623,6.869999885559082,6.599999904632568,6.78000020980835,5.295742511749268,5080000
2011-08-29,6.820000171661377,6.980000019073486,6.820000171661377,6.880000114440918,5.3738508224487305,3011500
2011-08-30,7.0,7.050000190734863,6.980000019073486,7.03000020980835,5.4910125732421875,4387700
2011-08-31,7.099999904632568,7.159999847412109,6.960000038146973,7.010000228881836,5.475390911102295,3198300
2011-09-01,7.010000228881836,7.300000190734863,6.840000152587891,6.880000114440918,5.3738508224487305,4576000
2011-09-02,6.800000190734863,6.880000114440918,6.619999885559082,6.639999866485596,5.186390399932861,3536000
2011-09-05,6.599999904632568,6.599999904632568,6.099999904632568,6.170000076293945,4.819281578063965,5920158
2011-09-06,6.0,6.130000114440918,5.909999847412109,6.079999923706055,4.748984336853027,4368000
2011-09-07,6.090000152587891,6.210000038146973,6.03000020980835,6.119999885559082,4.780228137969971,4568000
2011-09-08,6.25,6.28000020980835,6.139999866485596,6.179999828338623,4.827091693878174,3565600
2011-09-09,6.199999809265137,6.320000171661377,6.119999885559082,6.170000076293945,4.819281578063965,1855900
2011-09-12,6.0,6.0,5.579999923706055,5.599999904632568,4.3740644454956055,4864000
2011-09-14,5.739999771118164,5.800000190734863,5.230000019073486,5.389999866485596,4.210036754608154,5561000
2011-09-15,5.46999979019165,5.739999771118164,5.449999809265137,5.650000095367432,4.413118839263916,4740001
2011-09-16,5.78000020980835,5.960000038146973,5.71999979019165,5.730000019073486,4.475605487823486,3012350
2011-09-19,5.639999866485596,5.639999866485596,5.349999904632568,5.380000114440918,4.202226161956787,2493394
2011-09-20,5.360000133514404,5.400000095367432,5.090000152587891,5.369999885559082,4.19441556930542,3101000
2011-09-21,5.369999885559082,5.369999885559082,5.110000133514404,5.239999771118164,4.092874526977539,3050000
2011-09-22,5.079999923706055,5.099999904632568,4.760000228881836,4.760000228881836,3.717954635620117,3650000
2011-09-23,4.619999885559082,4.889999866485596,4.440000057220459,4.710000038146973,3.678900718688965,3856000
2011-09-26,4.710000038146973,4.710000038146973,4.170000076293945,4.300000190734863,3.358656883239746,3304000
2011-09-27,4.400000095367432,4.800000190734863,4.400000095367432,4.800000190734863,3.7491977214813232,3254800
2011-09-28,4.900000095367432,5.070000171661377,4.760000228881836,4.940000057220459,3.8585498332977295,3902600
2011-09-30,5.0,5.0,4.559999942779541,4.659999847412109,3.639846086502075,3045000
2011-10-03,4.460000038146973,4.460000038146973,4.099999904632568,4.170000076293945,3.2571158409118652,3357136
2011-10-04,3.880000114440918,4.139999866485596,3.75,3.950000047683716,3.085277557373047,6464096
2011-10-06,4.199999809265137,4.699999809265137,4.119999885559082,4.389999866485596,3.4289541244506836,3270200
2011-10-07,4.519999980926514,5.079999923706055,4.480000019073486,5.059999942779541,3.952280044555664,5870500
2011-10-10,5.070000171661377,5.460000038146973,4.909999847412109,5.300000190734863,4.139739513397217,5832000
2011-10-11,5.449999809265137,5.679999828338623,5.369999885559082,5.380000114440918,4.202226161956787,5944000
2011-10-12,5.300000190734863,5.690000057220459,5.300000190734863,5.599999904632568,4.3740644454956055,3318000
2011-10-13,5.699999809265137,6.179999828338623,5.619999885559082,6.179999828338623,4.827091693878174,7832000
2011-10-14,6.230000019073486,6.230000019073486,5.820000171661377,5.989999771118164,4.67868709564209,4883000
2011-10-17,6.190000057220459,6.480000019073486,6.190000057220459,6.46999979019165,5.053606033325195,4076000
2011-10-18,6.199999809265137,6.230000019073486,5.809999942779541,5.929999828338623,4.631821632385254,4708000
2011-10-19,6.199999809265137,6.25,5.929999828338623,5.949999809265137,4.647442817687988,3868983
2011-10-20,5.800000190734863,5.820000171661377,5.449999809265137,5.699999809265137,4.452172756195068,3911050
2011-10-21,5.699999809265137,5.860000133514404,5.679999828338623,5.789999961853027,4.522470951080322,2288000
2011-10-24,6.090000152587891,6.190000057220459,6.010000228881836,6.079999923706055,4.748984336853027,1922000
2011-10-25,6.139999866485596,6.150000095367432,6.019999980926514,6.130000114440918,4.788038730621338,2199000
2011-10-26,6.010000228881836,6.489999771118164,5.860000133514404,6.46999979019165,5.053606033325195,4931302
2011-10-27,6.5,6.980000019073486,6.489999771118164,6.920000076293945,5.405093669891357,4726000
2011-10-28,7.199999809265137,7.300000190734863,6.909999847412109,6.960000038146973,5.436336994171143,4834000
2011-10-31,6.900000095367432,7.179999828338623,6.760000228881836,7.090000152587891,5.537878036499023,2560000
2011-11-01,6.800000190734863,7.059999942779541,6.730000019073486,6.840000152587891,5.342607498168945,2072000
2011-11-02,6.659999847412109,7.5,6.659999847412109,7.5,5.858121871948242,7961000
2011-11-03,7.309999942779541,7.929999828338623,7.309999942779541,7.71999979019165,6.0299601554870605,8557460
2011-11-04,8.100000381469727,8.149999618530273,7.570000171661377,7.699999809265137,6.014338493347168,6378230
2011-11-07,7.710000038146973,7.96999979019165,7.599999904632568,7.820000171661377,6.108068943023682,2461000
2011-11-08,7.800000190734863,8.09000015258789,7.699999809265137,7.769999980926514,6.069015026092529,3460379
2011-11-09,7.900000095367432,7.980000019073486,7.78000020980835,7.840000152587891,6.123690605163574,1936174
2011-11-10,7.400000095367432,7.650000095367432,7.210000038146973,7.570000171661377,5.912798881530762,3662000
2011-11-11,7.619999885559082,7.78000020980835,7.480000019073486,7.5,5.858121871948242,1782000
2011-11-14,7.699999809265137,7.760000228881836,7.449999809265137,7.460000038146973,5.826879501342773,2503000
2011-11-15,7.420000076293945,7.429999828338623,7.25,7.309999942779541,5.709716320037842,1860000
2011-11-16,7.300000190734863,7.340000152587891,7.159999847412109,7.199999809265137,5.6237969398498535,1510000
2011-11-17,7.119999885559082,7.570000171661377,7.03000020980835,7.480000019073486,5.84250020980835,1651300
2011-11-18,7.389999866485596,7.420000076293945,7.170000076293945,7.199999809265137,5.6237969398498535,1141500
2011-11-21,7.119999885559082,7.119999885559082,6.900000095367432,6.96999979019165,5.44414758682251,1152000
2011-11-22,6.860000133514404,7.25,6.860000133514404,7.25,5.662851333618164,1334000
2011-11-23,7.119999885559082,7.119999885559082,6.800000190734863,6.829999923706055,5.33479642868042,1714000
2011-11-24,6.710000038146973,7.0,6.610000133514404,6.889999866485596,5.3816609382629395,1492000
2011-11-25,6.800000190734863,6.829999923706055,6.659999847412109,6.679999828338623,5.2176337242126465,887500
2011-11-28,6.75,6.949999809265137,6.75,6.840000152587891,5.342607498168945,936000
2011-11-29,6.949999809265137,7.0,6.889999866485596,6.940000057220459,5.420715808868408,914001
2011-11-30,6.980000019073486,7.039999961853027,6.820000171661377,6.949999809265137,5.428526401519775,1934000
2011-12-01,7.300000190734863,7.429999828338623,7.25,7.400000095367432,5.7800140380859375,2851000
2011-12-02,7.449999809265137,7.800000190734863,7.449999809265137,7.78000020980835,6.0768256187438965,4616417
2011-12-05,7.929999828338623,7.980000019073486,7.730000019073486,7.869999885559082,6.147122383117676,2643500
2011-12-06,7.869999885559082,7.889999866485596,7.679999828338623,7.829999923706055,6.115879535675049,2167000
2011-12-07,7.829999923706055,7.949999809265137,7.619999885559082,7.78000020980835,6.0768256187438965,1937000
2011-12-08,7.789999961853027,7.800000190734863,7.639999866485596,7.769999980926514,6.069015026092529,1406700
2011-12-09,7.599999904632568,7.690000057220459,7.400000095367432,7.510000228881836,5.865932464599609,1856000
2011-12-12,7.610000133514404,7.730000019073486,7.0,7.190000057220459,5.615986347198486,4062000
2011-12-13,7.050000190734863,7.159999847412109,7.0,7.050000190734863,5.5066351890563965,1120000
2011-12-14,7.039999961853027,7.230000019073486,6.960000038146973,6.96999979019165,5.44414758682251,1738100
2011-12-15,6.900000095367432,6.900000095367432,6.769999980926514,6.840000152587891,5.342607498168945,1528000
2011-12-16,6.849999904632568,7.0,6.849999904632568,6.900000095367432,5.389472007751465,1870042
2011-12-19,6.840000152587891,6.840000152587891,6.679999828338623,6.769999980926514,5.2879319190979,998400
2011-12-20,6.690000057220459,6.840000152587891,6.650000095367432,6.659999847412109,5.202011585235596,998000
2011-12-21,6.849999904632568,6.880000114440918,6.670000076293945,6.679999828338623,5.2176337242126465,1134000
2011-12-22,6.679999828338623,6.949999809265137,6.659999847412109,6.920000076293945,5.405093669891357,1555600
2011-12-23,6.96999979019165,7.119999885559082,6.869999885559082,7.090000152587891,5.537878036499023,1504000
2011-12-28,7.099999904632568,7.199999809265137,7.03000020980835,7.070000171661377,5.522256374359131,1750482
2011-12-29,7.0,7.179999828338623,7.0,7.170000076293945,5.600364685058594,990000
2011-12-30,7.199999809265137,7.300000190734863,7.199999809265137,7.269999980926514,5.678472995758057,1418000
2012-01-03,7.400000095367432,7.400000095367432,7.199999809265137,7.320000171661377,5.717527389526367,1114000
2012-01-04,7.300000190734863,7.360000133514404,7.170000076293945,7.179999828338623,5.608175277709961,1146000
2012-01-05,7.179999828338623,7.239999771118164,7.079999923706055,7.090000152587891,5.537878036499023,1484000
2012-01-06,7.019999980926514,7.079999923706055,6.800000190734863,6.809999942779541,5.319174289703369,2836000
2012-01-09,6.809999942779541,7.429999828338623,6.809999942779541,7.389999866485596,5.772202014923096,4309300
2012-01-10,7.460000038146973,7.960000038146973,7.429999828338623,7.829999923706055,6.115879535675049,6560000
2012-01-11,7.829999923706055,7.860000133514404,7.550000190734863,7.769999980926514,6.069015026092529,2258000
2012-01-12,7.679999828338623,7.760000228881836,7.380000114440918,7.46999979019165,5.834689617156982,4872117
2012-01-13,7.400000095367432,7.650000095367432,7.400000095367432,7.519999980926514,5.873744010925293,2900000
2012-01-16,7.400000095367432,7.550000190734863,7.340000152587891,7.380000114440918,5.764392375946045,1666000
2012-01-17,7.449999809265137,7.650000095367432,7.409999847412109,7.639999866485596,5.96747350692749,3698000
2012-01-18,7.639999866485596,7.71999979019165,7.510000228881836,7.619999885559082,5.951852321624756,2720000
2012-01-19,7.630000114440918,7.730000019073486,7.510000228881836,7.590000152587891,5.928419589996338,3964000
2012-01-20,7.650000095367432,7.699999809265137,7.599999904632568,7.610000133514404,5.944041728973389,2118000
2012-01-26,7.650000095367432,7.800000190734863,7.619999885559082,7.789999961853027,6.0846357345581055,3253000
2012-01-27,7.809999942779541,8.270000457763672,7.789999961853027,8.25,6.443933963775635,9997000
2012-01-30,8.210000038146973,8.270000457763672,7.860000133514404,7.889999866485596,6.162744522094727,5392000
2012-01-31,7.920000076293945,8.079999923706055,7.840000152587891,8.010000228881836,6.25647497177124,3014000
2012-02-01,8.069999694824219,8.420000076293945,7.909999847412109,8.40999984741211,6.568908214569092,10158900
2012-02-02,8.619999885559082,8.720000267028809,8.420000076293945,8.6899995803833,6.7876105308532715,12344000
2012-02-03,8.699999809265137,8.789999961853027,8.550000190734863,8.680000305175781,6.779799938201904,6496600
2012-02-06,8.729999542236328,8.930000305175781,8.550000190734863,8.680000305175781,6.779799938201904,7292000
2012-02-07,8.6899995803833,8.800000190734863,8.65999984741211,8.699999809265137,6.795421600341797,3111175
2012-02-08,8.699999809265137,8.979999542236328,8.699999809265137,8.970000267028809,7.006314277648926,4230000
2012-02-09,9.0600004196167,9.25,8.90999984741211,9.239999771118164,7.21720552444458,6187000
2012-02-10,9.279999732971191,9.390000343322754,8.699999809265137,8.789999961853027,6.865719318389893,5372300
2012-02-13,8.699999809265137,9.029999732971191,8.550000190734863,8.890000343322754,6.943826675415039,4663849
2012-02-14,8.989999771118164,9.010000228881836,8.699999809265137,8.779999732971191,6.857908248901367,2023000
2012-02-15,8.800000190734863,9.140000343322754,8.800000190734863,9.109999656677246,7.115665912628174,5524000
2012-02-16,9.0,9.0600004196167,8.8100004196167,8.979999542236328,7.014124393463135,1788000
2012-02-17,9.100000381469727,9.180000305175781,8.949999809265137,9.020000457763672,7.045367240905762,3635400
2012-02-20,9.100000381469727,9.149999618530273,9.0,9.0,7.029746055603027,5065200
2012-02-21,9.029999732971191,9.140000343322754,8.819999694824219,8.949999809265137,6.990691661834717,1722048
2012-02-22,8.869999885559082,9.039999961853027,8.859999656677246,8.989999771118164,7.021935939788818,1897732
2012-02-23,8.859999656677246,9.0,8.800000190734863,8.819999694824219,6.889151096343994,2790000
2012-02-24,8.84000015258789,8.989999771118164,8.84000015258789,8.949999809265137,6.990691661834717,2211853
2012-02-27,8.630000114440918,8.819999694824219,8.5,8.65999984741211,6.764178276062012,8406000
2012-02-28,8.59000015258789,8.6899995803833,8.5,8.569999694824219,6.693880558013916,3635000
2012-02-29,8.5,9.100000381469727,8.5,9.079999923706055,7.0922322273254395,8262300
2012-03-01,9.039999961853027,9.199999809265137,8.8100004196167,8.890000343322754,6.943826675415039,2399000
2012-03-02,9.119999885559082,9.119999885559082,8.930000305175781,8.949999809265137,6.990691661834717,2480600
2012-03-05,9.0600004196167,9.140000343322754,8.949999809265137,9.0,7.029746055603027,2142000
2012-03-06,8.899999618530273,8.899999618530273,8.670000076293945,8.6899995803833,6.7876105308532715,2930000
2012-03-07,8.600000381469727,8.739999771118164,8.5,8.699999809265137,6.795421600341797,2192800
2012-03-08,8.699999809265137,8.859999656677246,8.609999656677246,8.729999542236328,6.81885290145874,2305000
2012-03-09,8.779999732971191,8.859999656677246,8.619999885559082,8.680000305175781,6.779799938201904,3253000
2012-03-12,8.699999809265137,8.760000228881836,8.329999923706055,8.369999885559082,6.53766393661499,4798000
2012-03-13,8.449999809265137,8.489999771118164,8.329999923706055,8.34000015258789,6.5142316818237305,4379500
2012-03-14,8.460000038146973,8.470000267028809,8.09000015258789,8.119999885559082,6.342393398284912,2962000
2012-03-15,8.199999809265137,8.229999542236328,7.860000133514404,7.900000095367432,6.170555114746094,4847000
2012-03-16,7.920000076293945,8.0,7.800000190734863,7.909999847412109,6.178365707397461,2570000
2012-03-20,7.880000114440918,7.880000114440918,7.53000020980835,7.579999923706055,5.920608997344971,2260560
2012-03-21,7.579999923706055,7.650000095367432,7.179999828338623,7.369999885559082,5.7565813064575195,4767962
2012-03-22,7.369999885559082,7.949999809265137,7.369999885559082,7.929999828338623,6.193987846374512,7086000
2012-03-23,7.949999809265137,7.949999809265137,7.639999866485596,7.880000114440918,6.154933452606201,2410100
2012-03-26,7.929999828338623,7.929999828338623,7.5,7.559999942779541,5.904987335205078,1724246
2012-03-27,7.699999809265137,7.829999923706055,7.699999809265137,7.739999771118164,6.045581340789795,1370000
2012-03-28,7.820000171661377,7.820000171661377,7.599999904632568,7.650000095367432,5.975284576416016,867500
2012-03-29,7.679999828338623,7.699999809265137,7.449999809265137,7.489999771118164,5.850310802459717,1644000
2012-03-30,7.420000076293945,7.869999885559082,7.420000076293945,7.820000171661377,6.108068943023682,1852000
2012-04-02,7.800000190734863,7.849999904632568,7.539999961853027,7.550000190734863,5.897176742553711,893900
2012-04-03,7.550000190734863,7.71999979019165,7.550000190734863,7.639999866485596,5.96747350692749,2334000
2012-04-05,7.599999904632568,7.690000057220459,7.460000038146973,7.639999866485596,5.96747350692749,932950
2012-04-10,7.650000095367432,7.840000152587891,7.639999866485596,7.739999771118164,6.045581340789795,1641050
2012-04-11,7.650000095367432,7.739999771118164,7.630000114440918,7.730000019073486,6.037771224975586,984000
2012-04-12,7.71999979019165,7.809999942779541,7.71999979019165,7.78000020980835,6.0768256187438965,1586000
2012-04-13,7.849999904632568,7.900000095367432,7.800000190734863,7.800000190734863,6.092447757720947,1867984
2012-04-16,7.800000190734863,7.820000171661377,7.690000057220459,7.75,6.0533928871154785,826000
2012-04-17,7.75,7.75,7.309999942779541,7.349999904632568,5.740960121154785,4164413
2012-04-18,7.440000057220459,7.480000019073486,7.360000133514404,7.389999866485596,5.772202014923096,2206136
2012-04-19,7.289999961853027,7.369999885559082,7.28000020980835,7.309999942779541,5.709716320037842,2024000
2012-04-20,7.309999942779541,7.46999979019165,7.21999979019165,7.429999828338623,5.803446292877197,1712530
2012-04-23,7.46999979019165,7.5,7.199999809265137,7.230000019073486,5.6472296714782715,1740000
2012-04-24,7.199999809265137,7.349999904632568,7.190000057220459,7.21999979019165,5.639418601989746,1082000
2012-04-25,7.25,7.300000190734863,7.199999809265137,7.210000038146973,5.631608009338379,1072000
2012-04-26,7.269999980926514,7.320000171661377,7.239999771118164,7.320000171661377,5.717527389526367,1652000
2012-04-27,7.320000171661377,7.360000133514404,7.199999809265137,7.210000038146973,5.631608009338379,828000
2012-04-30,7.210000038146973,7.260000228881836,7.210000038146973,7.239999771118164,5.655040740966797,928300
2012-05-02,7.269999980926514,7.869999885559082,7.269999980926514,7.840000152587891,6.123690605163574,5960293
2012-05-03,7.800000190734863,7.900000095367432,7.610000133514404,7.739999771118164,6.045581340789795,2643000
2012-05-04,7.75,7.78000020980835,7.699999809265137,7.75,6.0533928871154785,1358000
2012-05-07,7.630000114440918,7.630000114440918,7.480000019073486,7.550000190734863,5.897176742553711,1174000
2012-05-08,7.570000171661377,7.619999885559082,7.510000228881836,7.550000190734863,5.897176742553711,848000
2012-05-09,7.5,7.519999980926514,7.329999923706055,7.440000057220459,5.811257362365723,1115000
2012-05-10,7.460000038146973,7.460000038146973,7.269999980926514,7.369999885559082,5.7565813064575195,847500
2012-05-11,7.260000228881836,7.329999923706055,7.260000228881836,7.320000171661377,5.717527389526367,666000
2012-05-14,7.340000152587891,7.340000152587891,7.199999809265137,7.199999809265137,5.6237969398498535,1202000
2012-05-15,7.150000095367432,7.21999979019165,7.039999961853027,7.159999847412109,5.59255313873291,1242520
2012-05-16,7.090000152587891,7.099999904632568,6.900000095367432,6.929999828338623,5.412904262542725,2286600
2012-05-17,6.989999771118164,7.050000190734863,6.730000019073486,6.730000019073486,5.256688117980957,1966000
2012-05-18,6.599999904632568,6.75,6.320000171661377,6.730000019073486,5.256688117980957,1949480
2012-05-21,6.71999979019165,6.900000095367432,6.619999885559082,6.900000095367432,5.389472007751465,1144000
2012-05-22,6.980000019073486,7.079999923706055,6.949999809265137,7.0,5.467580318450928,1349000
2012-05-23,7.0,7.0,6.679999828338623,6.690000057220459,5.22544527053833,1076000
2012-05-24,6.730000019073486,6.78000020980835,6.5,6.519999980926514,5.092659950256348,1270000
2012-05-25,6.539999961853027,6.71999979019165,6.539999961853027,6.670000076293945,5.209823131561279,1241000
2012-05-28,6.639999866485596,6.820000171661377,6.570000171661377,6.820000171661377,5.3269853591918945,692000
2012-05-29,6.789999961853027,7.090000152587891,6.699999809265137,7.079999923706055,5.530066967010498,1604600
2012-05-30,6.980000019073486,6.980000019073486,6.809999942779541,6.860000133514404,5.358229637145996,1116000
2012-05-31,6.75,6.929999828338623,6.590000152587891,6.880000114440918,5.3738508224487305,734000
2012-06-01,6.800000190734863,6.900000095367432,6.730000019073486,6.730000019073486,5.256688117980957,437675
2012-06-04,6.599999904632568,6.599999904632568,6.389999866485596,6.429999828338623,5.02236270904541,1328000
2012-06-05,6.550000190734863,6.570000171661377,6.210000038146973,6.25,4.881768703460693,1213283
2012-06-06,6.389999866485596,6.409999847412109,6.079999923706055,6.210000038146973,4.850525379180908,2143305
2012-06-07,6.340000152587891,6.440000057220459,6.210000038146973,6.25,4.881768703460693,1876000
2012-06-08,6.28000020980835,6.309999942779541,6.110000133514404,6.130000114440918,4.788038730621338,1330427
2012-06-11,6.25,6.400000095367432,6.210000038146973,6.369999885559082,4.975498199462891,2086710
2012-06-12,6.309999942779541,6.369999885559082,6.269999980926514,6.349999904632568,4.959876537322998,1658000
2012-06-13,6.400000095367432,6.489999771118164,6.329999923706055,6.460000038146973,5.045795917510986,1718000
2012-06-14,6.409999847412109,6.539999961853027,6.400000095367432,6.409999847412109,5.006741523742676,1482000
2012-06-15,6.449999809265137,6.550000190734863,6.409999847412109,6.5,5.0770392417907715,1374000
2012-06-18,6.579999923706055,6.650000095367432,6.480000019073486,6.489999771118164,5.069228172302246,1284000
2012-06-19,6.510000228881836,6.619999885559082,6.420000076293945,6.590000152587891,5.147336959838867,592000
2012-06-20,6.599999904632568,6.659999847412109,6.559999942779541,6.619999885559082,5.170769214630127,615000
2012-06-21,6.619999885559082,6.619999885559082,6.489999771118164,6.519999980926514,5.092659950256348,476760
2012-06-22,6.449999809265137,6.460000038146973,6.369999885559082,6.389999866485596,4.991120338439941,818695
2012-06-25,6.400000095367432,6.440000057220459,6.349999904632568,6.409999847412109,5.006741523742676,2764000
2012-06-26,6.380000114440918,6.5,6.360000133514404,6.5,5.0770392417907715,1172000
2012-06-27,6.610000133514404,6.610000133514404,6.409999847412109,6.409999847412109,5.006741523742676,416000
2012-06-28,6.389999866485596,6.409999847412109,6.150000095367432,6.150000095367432,4.8036603927612305,926000
2012-06-29,6.170000076293945,6.239999771118164,6.119999885559082,6.199999809265137,4.842714309692383,1030039
2012-07-03,6.300000190734863,6.320000171661377,6.199999809265137,6.25,4.881768703460693,2115600
2012-07-04,6.320000171661377,6.329999923706055,6.210000038146973,6.260000228881836,4.889579772949219,834000
2012-07-05,6.340000152587891,6.340000152587891,6.199999809265137,6.210000038146973,4.850525379180908,746000
2012-07-06,6.210000038146973,6.210000038146973,5.949999809265137,6.0,4.686498165130615,3866000
2012-07-09,6.0,6.159999847412109,6.0,6.070000171661377,4.74117374420166,2827000
2012-07-10,6.130000114440918,6.130000114440918,5.989999771118164,6.03000020980835,4.709929943084717,1813095
2012-07-11,6.039999961853027,6.039999961853027,6.0,6.019999980926514,4.702119827270508,1259000
2012-07-12,6.039999961853027,6.039999961853027,5.960000038146973,5.980000019073486,4.6708760261535645,860000
2012-07-13,5.949999809265137,6.019999980926514,5.949999809265137,5.989999771118164,4.67868709564209,2254000
2012-07-16,6.079999923706055,6.179999828338623,5.96999979019165,6.03000020980835,4.709929943084717,1182000
2012-07-17,6.099999904632568,6.139999866485596,5.980000019073486,6.0,4.686498165130615,1794000
2012-07-18,6.070000171661377,6.079999923706055,5.960000038146973,5.989999771118164,4.67868709564209,1430000
2012-07-19,6.019999980926514,6.039999961853027,5.849999904632568,5.889999866485596,4.600578308105469,1780000
2012-07-20,5.889999866485596,5.900000095367432,5.670000076293945,5.710000038146973,4.459983825683594,2779000
2012-07-23,5.659999847412109,5.900000095367432,5.599999904632568,5.849999904632568,4.569334983825684,4778000
2012-07-24,5.889999866485596,6.039999961853027,5.889999866485596,6.010000228881836,4.694308280944824,2493000
2012-07-25,6.019999980926514,6.050000190734863,5.980000019073486,6.0,4.686498165130615,1700250
2012-07-26,5.940000057220459,5.949999809265137,5.699999809265137,5.769999980926514,4.506848335266113,2740610
2012-07-27,5.849999904632568,5.940000057220459,5.800000190734863,5.869999885559082,4.584956645965576,1612000
2012-07-30,5.940000057220459,5.96999979019165,5.769999980926514,5.829999923706055,4.553713798522949,933430
2012-07-31,5.900000095367432,6.090000152587891,5.829999923706055,6.079999923706055,4.748984336853027,2154000
2012-08-01,6.050000190734863,6.210000038146973,6.050000190734863,6.179999828338623,4.827091693878174,2158000
2012-08-02,6.179999828338623,6.25,6.119999885559082,6.239999771118164,4.873956680297852,2456000
2012-08-03,6.139999866485596,6.199999809265137,6.019999980926514,6.110000133514404,4.772417068481445,1843898
2012-08-06,6.230000019073486,6.25,6.110000133514404,6.150000095367432,4.8036603927612305,1304570
2012-08-07,6.139999866485596,6.46999979019165,6.130000114440918,6.460000038146973,5.045795917510986,4155500
2012-08-08,6.5,6.829999923706055,6.5,6.550000190734863,5.116093158721924,5788000
2012-08-09,6.559999942779541,6.800000190734863,6.550000190734863,6.800000190734863,5.311363220214844,4548000
2012-08-10,6.889999866485596,6.900000095367432,6.53000020980835,6.559999942779541,5.123904228210449,2804000
2012-08-13,6.559999942779541,6.559999942779541,6.25,6.260000228881836,4.889579772949219,2912000
2012-08-14,6.260000228881836,6.400000095367432,6.260000228881836,6.309999942779541,4.928633689880371,2636000
2012-08-15,6.25,6.309999942779541,6.099999904632568,6.119999885559082,4.780228137969971,2034000
2012-08-16,6.199999809265137,6.239999771118164,6.119999885559082,6.150000095367432,4.8036603927612305,1504541
2012-08-17,6.190000057220459,6.230000019073486,6.039999961853027,6.139999866485596,4.795848846435547,2150000
2012-08-20,6.059999942779541,6.389999866485596,6.059999942779541,6.340000152587891,4.952065467834473,894500
2012-08-21,6.340000152587891,6.360000133514404,6.210000038146973,6.289999961853027,4.913011074066162,1216000
2012-08-22,6.289999961853027,6.440000057220459,6.289999961853027,6.380000114440918,4.983309268951416,1634000
2012-08-23,6.400000095367432,6.429999828338623,6.300000190734863,6.349999904632568,4.959876537322998,1278000
2012-08-24,6.309999942779541,6.309999942779541,6.21999979019165,6.25,4.881768703460693,958000
2012-08-27,6.25,6.300000190734863,6.130000114440918,6.139999866485596,4.795848846435547,1616000
2012-08-28,6.099999904632568,6.21999979019165,6.099999904632568,6.210000038146973,4.850525379180908,936000
2012-08-29,6.21999979019165,6.269999980926514,6.050000190734863,6.059999942779541,4.733362674713135,990000
2012-08-30,6.039999961853027,6.099999904632568,6.0,6.059999942779541,4.733362674713135,454000
2012-08-31,5.960000038146973,6.139999866485596,5.900000095367432,5.920000076293945,4.624011039733887,1529776
2012-09-03,6.090000152587891,6.090000152587891,5.71999979019165,5.78000020980835,4.514659404754639,2560000
2012-09-04,5.769999980926514,5.800000190734863,5.610000133514404,5.619999885559082,4.389686584472656,2448751
2012-09-05,5.619999885559082,5.619999885559082,5.429999828338623,5.449999809265137,4.256901741027832,2529000
2012-09-06,5.449999809265137,5.699999809265137,5.449999809265137,5.679999828338623,4.436551094055176,1310000
2012-09-07,5.800000190734863,5.920000076293945,5.800000190734863,5.900000095367432,4.608389854431152,2952000
2012-09-10,5.929999828338623,6.070000171661377,5.900000095367432,5.920000076293945,4.624011039733887,3034000
2012-09-11,5.880000114440918,5.889999866485596,5.71999979019165,5.800000190734863,4.5302815437316895,1932000
2012-09-12,5.840000152587891,5.949999809265137,5.809999942779541,5.829999923706055,4.553713798522949,2440000
2012-09-13,5.829999923706055,5.880000114440918,5.75,5.789999961853027,4.522470951080322,1724000
2012-09-14,5.920000076293945,5.949999809265137,5.809999942779541,5.909999847412109,4.6162004470825195,4946000
2012-09-17,5.960000038146973,6.170000076293945,5.960000038146973,6.110000133514404,4.772417068481445,4184002
2012-09-18,6.099999904632568,6.130000114440918,6.0,6.010000228881836,4.694308280944824,1416050
2012-09-19,6.03000020980835,6.179999828338623,6.010000228881836,6.139999866485596,4.795848846435547,2188000
2012-09-20,6.139999866485596,6.170000076293945,6.03000020980835,6.039999961853027,4.717741012573242,1644000
2012-09-21,6.090000152587891,6.099999904632568,6.0,6.0,4.686498165130615,1660000
2012-09-24,6.0,6.010000228881836,5.909999847412109,5.96999979019165,4.663064479827881,525718
2012-09-25,5.960000038146973,6.059999942779541,5.940000057220459,5.96999979019165,4.663064479827881,1374000
2012-09-26,5.920000076293945,5.929999828338623,5.849999904632568,5.869999885559082,4.584956645965576,874000
2012-09-27,5.800000190734863,5.980000019073486,5.800000190734863,5.900000095367432,4.608389854431152,1236000
2012-09-28,5.880000114440918,5.980000019073486,5.880000114440918,5.96999979019165,4.663064479827881,1382000
2012-10-03,6.059999942779541,6.139999866485596,6.050000190734863,6.070000171661377,4.74117374420166,2517000
2012-10-04,6.070000171661377,6.090000152587891,6.019999980926514,6.079999923706055,4.748984336853027,1799000
2012-10-05,6.119999885559082,6.119999885559082,6.050000190734863,6.099999904632568,4.76460599899292,1670000
2012-10-08,6.099999904632568,6.130000114440918,6.019999980926514,6.039999961853027,4.717741012573242,1202986
2012-10-09,6.039999961853027,6.320000171661377,6.039999961853027,6.269999980926514,4.897390365600586,5078943
2012-10-10,6.269999980926514,6.5,6.25,6.5,5.0770392417907715,5272000
2012-10-11,6.480000019073486,6.5,6.349999904632568,6.409999847412109,5.006741523742676,2264000
2012-10-12,6.440000057220459,6.5,6.349999904632568,6.440000057220459,5.0301737785339355,1856000
2012-10-15,6.460000038146973,6.460000038146973,6.329999923706055,6.429999828338623,5.02236270904541,1162000
2012-10-16,6.400000095367432,6.579999923706055,6.400000095367432,6.460000038146973,5.045795917510986,3294000
2012-10-17,6.460000038146973,6.519999980926514,6.400000095367432,6.409999847412109,5.006741523742676,2628000
2012-10-18,6.449999809265137,6.659999847412109,6.420000076293945,6.590000152587891,5.147336959838867,7443000
2012-10-19,6.630000114440918,6.659999847412109,6.5,6.510000228881836,5.084850311279297,3336000
2012-10-22,6.480000019073486,6.650000095367432,6.460000038146973,6.630000114440918,5.1785807609558105,1934000
2012-10-24,6.579999923706055,6.75,6.519999980926514,6.71999979019165,5.248877048492432,7027241
2012-10-25,6.769999980926514,6.769999980926514,6.420000076293945,6.5,5.0770392417907715,3919340
2012-10-26,6.489999771118164,6.489999771118164,6.289999961853027,6.300000190734863,4.920823097229004,2557580
2012-10-29,6.260000228881836,6.440000057220459,6.260000228881836,6.440000057220459,5.0301737785339355,1459000
2012-10-30,6.360000133514404,6.440000057220459,6.320000171661377,6.340000152587891,4.952065467834473,1339785
2012-10-31,6.349999904632568,6.46999979019165,6.349999904632568,6.46999979019165,5.053606033325195,1709625
2012-11-01,6.400000095367432,6.639999866485596,6.400000095367432,6.579999923706055,5.139525890350342,2463437
2012-11-02,6.630000114440918,6.679999828338623,6.5,6.619999885559082,5.170769214630127,3140000
2012-11-05,6.619999885559082,6.769999980926514,6.619999885559082,6.75,5.27230978012085,3450000
2012-11-06,6.75,6.789999961853027,6.599999904632568,6.710000038146973,5.2410664558410645,2840000
2012-11-07,6.710000038146973,6.78000020980835,6.679999828338623,6.760000228881836,5.280120372772217,2886370
2012-11-08,6.599999904632568,6.699999809265137,6.5,6.590000152587891,5.147336959838867,3862202
2012-11-09,6.519999980926514,6.570000171661377,6.480000019073486,6.539999961853027,5.108282089233398,2052000
2012-11-12,6.53000020980835,6.590000152587891,6.460000038146973,6.460000038146973,5.045795917510986,904000
2012-11-13,6.5,6.539999961853027,6.21999979019165,6.25,4.881768703460693,2482000
2012-11-14,6.179999828338623,6.400000095367432,6.179999828338623,6.380000114440918,4.983309268951416,2008000
2012-11-15,6.349999904632568,6.349999904632568,6.210000038146973,6.269999980926514,4.897390365600586,1444574
2012-11-16,6.269999980926514,6.590000152587891,6.269999980926514,6.570000171661377,5.131714820861816,4724000
2012-11-19,6.539999961853027,6.679999828338623,6.539999961853027,6.650000095367432,5.194201469421387,2953800
2012-11-20,6.699999809265137,6.75,6.570000171661377,6.590000152587891,5.147336959838867,3390000
2012-11-21,6.699999809265137,6.699999809265137,6.449999809265137,6.650000095367432,5.194201469421387,1893000
2012-11-22,6.650000095367432,6.710000038146973,6.570000171661377,6.690000057220459,5.22544527053833,2057000
2012-11-23,6.690000057220459,7.130000114440918,6.650000095367432,7.110000133514404,5.553499698638916,10406824
2012-11-26,7.179999828338623,7.289999961853027,7.079999923706055,7.139999866485596,5.576932430267334,3935000
2012-11-27,7.159999847412109,7.300000190734863,7.099999904632568,7.139999866485596,5.576932430267334,2726000
2012-11-28,7.179999828338623,7.360000133514404,7.079999923706055,7.289999961853027,5.694094657897949,6192000
2012-11-29,7.309999942779541,7.389999866485596,7.300000190734863,7.320000171661377,5.717527389526367,2666000
2012-11-30,7.349999904632568,7.389999866485596,7.309999942779541,7.320000171661377,5.717527389526367,1713000
2012-12-03,7.320000171661377,7.449999809265137,7.300000190734863,7.309999942779541,5.709716320037842,3182430
2012-12-04,7.289999961853027,7.289999961853027,6.920000076293945,6.940000057220459,5.420715808868408,4836863
2012-12-05,7.0,7.21999979019165,6.929999828338623,7.170000076293945,5.600364685058594,4296000
2012-12-06,7.119999885559082,7.21999979019165,7.0,7.130000114440918,5.56912088394165,2915000
2012-12-07,7.139999866485596,7.5,7.119999885559082,7.420000076293945,5.79563570022583,5610000
2012-12-10,7.440000057220459,7.630000114440918,7.400000095367432,7.5,5.858121871948242,6035000
2012-12-11,7.5,7.550000190734863,7.400000095367432,7.449999809265137,5.81906795501709,2798000
2012-12-12,7.5,7.800000190734863,7.460000038146973,7.75,6.0533928871154785,5938701
2012-12-13,7.800000190734863,7.800000190734863,7.599999904632568,7.639999866485596,5.96747350692749,2900000
2012-12-14,7.71999979019165,7.820000171661377,7.570000171661377,7.800000190734863,6.092447757720947,4332500
2012-12-17,7.800000190734863,7.900000095367432,7.71999979019165,7.789999961853027,6.0846357345581055,1940000
2012-12-18,7.789999961853027,7.860000133514404,7.599999904632568,7.610000133514404,5.944041728973389,3966150
2012-12-19,7.610000133514404,7.730000019073486,7.550000190734863,7.559999942779541,5.904987335205078,2848000
2012-12-20,7.570000171661377,7.75,7.53000020980835,7.739999771118164,6.045581340789795,3588710
2012-12-21,7.829999923706055,7.829999923706055,7.590000152587891,7.610000133514404,5.944041728973389,2179374
2012-12-24,7.550000190734863,7.710000038146973,7.550000190734863,7.659999847412109,5.983095645904541,518000
2012-12-27,7.789999961853027,7.789999961853027,7.610000133514404,7.639999866485596,5.96747350692749,1548000
2012-12-28,7.599999904632568,7.690000057220459,7.599999904632568,7.619999885559082,5.951852321624756,1402366
2012-12-31,7.599999904632568,7.619999885559082,7.510000228881836,7.590000152587891,5.928419589996338,926000
2013-01-02,7.599999904632568,7.769999980926514,7.590000152587891,7.760000228881836,6.061203479766846,2944360
2013-01-03,7.840000152587891,8.100000381469727,7.840000152587891,8.09000015258789,6.3189616203308105,6787430
2013-01-04,8.079999923706055,8.100000381469727,7.739999771118164,7.980000019073486,6.233041763305664,3870000
2013-01-07,7.980000019073486,8.149999618530273,7.96999979019165,8.100000381469727,6.3267717361450195,3338000
2013-01-08,8.050000190734863,8.069999694824219,7.849999904632568,7.949999809265137,6.209609508514404,2590000
2013-01-09,7.929999828338623,8.109999656677246,7.849999904632568,8.100000381469727,6.3267717361450195,3172000
2013-01-10,8.079999923706055,8.140000343322754,7.900000095367432,7.96999979019165,6.2252302169799805,1856000
2013-01-11,8.050000190734863,8.130000114440918,7.849999904632568,7.889999866485596,6.162744522094727,2102512
2013-01-14,7.789999961853027,7.960000038146973,7.78000020980835,7.949999809265137,6.209609508514404,2462300
2013-01-15,7.880000114440918,8.199999809265137,7.880000114440918,8.199999809265137,6.404879570007324,7977000
2013-01-16,8.149999618530273,8.470000267028809,8.100000381469727,8.4399995803833,6.592339038848877,9752500
2013-01-17,8.4399995803833,8.529999732971191,8.229999542236328,8.329999923706055,6.506420612335205,4016000
2013-01-18,8.399999618530273,8.579999923706055,8.399999618530273,8.460000038146973,6.6079607009887695,4181200
2013-01-21,8.550000190734863,8.550000190734863,8.34000015258789,8.359999656677246,6.529853343963623,1966625
2013-01-22,8.359999656677246,8.399999618530273,8.260000228881836,8.270000457763672,6.459556579589844,1857950
2013-01-23,8.260000228881836,8.380000114440918,8.100000381469727,8.1899995803833,6.397069454193115,2944505
2013-01-24,8.1899995803833,8.329999923706055,8.130000114440918,8.15999984741211,6.373636245727539,2132750
2013-01-25,8.300000190734863,8.300000190734863,7.789999961853027,7.820000171661377,6.108068943023682,4430480
2013-01-28,7.820000171661377,7.949999809265137,7.659999847412109,7.769999980926514,6.069015026092529,3474000
2013-01-29,7.769999980926514,7.940000057220459,7.75,7.900000095367432,6.170555114746094,2111000
2013-01-30,7.940000057220459,8.0,7.860000133514404,7.96999979019165,6.2252302169799805,2735145
2013-01-31,8.050000190734863,8.050000190734863,7.860000133514404,7.920000076293945,6.186177730560303,2041440
2013-02-01,8.010000228881836,8.039999961853027,7.920000076293945,7.96999979019165,6.2252302169799805,3478945
2013-02-04,8.069999694824219,8.069999694824219,7.860000133514404,7.860000133514404,6.139311790466309,2730000
2013-02-05,7.860000133514404,7.860000133514404,7.659999847412109,7.670000076293945,5.990906238555908,4649970
2013-02-06,7.670000076293945,7.800000190734863,7.670000076293945,7.760000228881836,6.061203479766846,1706000
2013-02-07,7.760000228881836,7.789999961853027,7.5,7.510000228881836,5.865932464599609,2259000
2013-02-08,7.5,7.730000019073486,7.460000038146973,7.699999809265137,6.014338493347168,1850000
2013-02-14,7.789999961853027,7.880000114440918,7.690000057220459,7.860000133514404,6.139311790466309,1150000
2013-02-15,7.849999904632568,7.849999904632568,7.71999979019165,7.820000171661377,6.108068943023682,2012465
2013-02-18,7.900000095367432,7.949999809265137,7.78000020980835,7.909999847412109,6.178365707397461,1546000
2013-02-19,7.909999847412109,7.940000057220459,7.760000228881836,7.829999923706055,6.115879535675049,1338000
2013-02-20,7.860000133514404,7.889999866485596,7.809999942779541,7.840000152587891,6.123690605163574,1406000
2013-02-21,7.75,7.75,7.539999961853027,7.579999923706055,5.920608997344971,3702000
2013-02-22,7.579999923706055,7.650000095367432,7.519999980926514,7.570000171661377,5.912798881530762,984260
2013-02-25,7.679999828338623,7.679999828338623,7.480000019073486,7.5,5.858121871948242,1271800
2013-02-26,7.429999828338623,7.5,7.260000228881836,7.300000190734863,5.701905727386475,1672000
2013-02-27,7.400000095367432,7.5,7.380000114440918,7.400000095367432,5.7800140380859375,962000
2013-02-28,7.579999923706055,7.599999904632568,7.449999809265137,7.570000171661377,5.912798881530762,1731300
2013-03-01,7.550000190734863,7.659999847412109,7.539999961853027,7.619999885559082,5.951852321624756,1540735
2013-03-04,7.619999885559082,7.75,7.550000190734863,7.599999904632568,5.936229705810547,1966935
2013-03-05,7.599999904632568,7.869999885559082,7.599999904632568,7.840000152587891,6.123690605163574,3444000
2013-03-06,7.880000114440918,7.96999979019165,7.78000020980835,7.800000190734863,6.092447757720947,2832000
2013-03-07,7.800000190734863,7.800000190734863,7.610000133514404,7.650000095367432,5.975284576416016,1331000
2013-03-08,7.650000095367432,7.760000228881836,7.650000095367432,7.670000076293945,5.990906238555908,1222405
2013-03-11,7.670000076293945,7.71999979019165,7.599999904632568,7.630000114440918,5.959663391113281,1015905
2013-03-12,7.650000095367432,7.699999809265137,7.409999847412109,7.429999828338623,5.803446292877197,1926185
2013-03-13,7.380000114440918,7.380000114440918,7.090000152587891,7.130000114440918,5.56912088394165,2392605
2013-03-14,7.130000114440918,7.300000190734863,7.03000020980835,7.300000190734863,5.701905727386475,1168000
2013-03-15,7.300000190734863,7.400000095367432,7.119999885559082,7.139999866485596,5.576932430267334,1030395
2013-03-18,7.03000020980835,7.050000190734863,6.909999847412109,6.989999771118164,5.4597697257995605,1204500
2013-03-19,7.019999980926514,7.090000152587891,6.929999828338623,6.989999771118164,5.4597697257995605,1076000
2013-03-20,6.989999771118164,7.170000076293945,6.989999771118164,7.170000076293945,5.600364685058594,926000
2013-03-21,7.199999809265137,7.449999809265137,7.199999809265137,7.429999828338623,5.803446292877197,2457000
2013-03-22,7.340000152587891,7.409999847412109,7.230000019073486,7.289999961853027,5.694094657897949,1252500
2013-03-25,7.300000190734863,7.449999809265137,7.21999979019165,7.230000019073486,5.6472296714782715,290000
2013-03-26,7.159999847412109,7.199999809265137,7.070000171661377,7.179999828338623,5.608175277709961,743000
2013-03-27,7.159999847412109,7.289999961853027,7.119999885559082,7.139999866485596,5.576932430267334,480000
2013-03-28,7.090000152587891,7.090000152587891,6.900000095367432,6.909999847412109,5.39728307723999,1510255
2013-04-02,7.0,7.0,6.260000228881836,6.269999980926514,4.897390365600586,3822440
2013-04-03,6.300000190734863,6.460000038146973,6.199999809265137,6.239999771118164,4.873956680297852,1901870
2013-04-05,6.179999828338623,6.179999828338623,5.900000095367432,5.929999828338623,4.631821632385254,2238189
2013-04-08,5.909999847412109,5.989999771118164,5.820000171661377,5.829999923706055,4.553713798522949,1746989
2013-04-09,5.840000152587891,6.03000020980835,5.840000152587891,5.900000095367432,4.608389854431152,2006000
2013-04-10,5.900000095367432,6.139999866485596,5.900000095367432,6.130000114440918,4.788038730621338,1450000
2013-04-11,6.199999809265137,6.309999942779541,6.150000095367432,6.269999980926514,4.897390365600586,2521000
2013-04-12,6.289999961853027,6.289999961853027,6.099999904632568,6.130000114440918,4.788038730621338,1235000
2013-04-15,6.110000133514404,6.150000095367432,5.900000095367432,5.940000057220459,4.639632701873779,1092000
2013-04-16,5.809999942779541,6.03000020980835,5.800000190734863,5.96999979019165,4.663064479827881,1713000
2013-04-17,5.96999979019165,6.010000228881836,5.909999847412109,5.949999809265137,4.647442817687988,698000
2013-04-18,5.949999809265137,6.010000228881836,5.900000095367432,5.929999828338623,4.631821632385254,1316000
2013-04-19,5.960000038146973,6.090000152587891,5.900000095367432,6.079999923706055,4.748984336853027,1746000
2013-04-22,6.070000171661377,6.110000133514404,5.989999771118164,6.010000228881836,4.694308280944824,1661190
2013-04-23,5.940000057220459,6.019999980926514,5.820000171661377,5.860000133514404,4.577145576477051,2540553
2013-04-24,5.929999828338623,5.940000057220459,5.769999980926514,5.909999847412109,4.6162004470825195,3137860
2013-04-25,5.929999828338623,5.96999979019165,5.880000114440918,5.920000076293945,4.624011039733887,1524508
2013-04-26,5.980000019073486,5.980000019073486,5.829999923706055,5.849999904632568,4.569334983825684,2036000
2013-04-29,5.800000190734863,5.860000133514404,5.670000076293945,5.730000019073486,4.475605487823486,1422000
2013-04-30,5.75,5.800000190734863,5.730000019073486,5.78000020980835,4.514659404754639,1302236
2013-05-02,5.75,5.78000020980835,5.510000228881836,5.610000133514404,4.381875514984131,4113670
2013-05-03,5.630000114440918,5.789999961853027,5.630000114440918,5.739999771118164,4.483415603637695,2374438
2013-05-06,5.840000152587891,5.960000038146973,5.820000171661377,5.940000057220459,4.639632701873779,2584000
2013-05-07,5.96999979019165,6.03000020980835,5.820000171661377,6.019999980926514,4.702119827270508,2982000
2013-05-08,6.070000171661377,6.269999980926514,6.050000190734863,6.25,4.881768703460693,5466000
2013-05-09,6.289999961853027,6.289999961853027,6.099999904632568,6.139999866485596,4.795848846435547,1908000
2013-05-10,6.150000095367432,6.210000038146973,6.050000190734863,6.199999809265137,4.842714309692383,1197500
2013-05-13,6.25,6.25,6.059999942779541,6.070000171661377,4.74117374420166,1325000
2013-05-14,6.119999885559082,6.139999866485596,5.900000095367432,5.929999828338623,4.631821632385254,1655080
2013-05-15,6.0,6.010000228881836,5.820000171661377,5.889999866485596,4.600578308105469,2490000
2013-05-16,5.920000076293945,5.940000057220459,5.840000152587891,5.889999866485596,4.600578308105469,1326000
2013-05-20,5.949999809265137,6.0,5.940000057220459,5.989999771118164,4.67868709564209,1448895
2013-05-21,6.0,6.079999923706055,5.989999771118164,6.010000228881836,4.694308280944824,1668000
2013-05-22,6.010000228881836,6.070000171661377,5.960000038146973,6.0,4.686498165130615,961280
2013-05-23,6.0,6.0,5.769999980926514,5.800000190734863,4.5302815437316895,1918000
2013-05-24,5.800000190734863,5.889999866485596,5.650000095367432,5.690000057220459,4.444362163543701,3908000
2013-05-27,5.690000057220459,5.730000019073486,5.630000114440918,5.670000076293945,4.428740501403809,976000
2013-05-28,5.670000076293945,5.699999809265137,5.630000114440918,5.690000057220459,4.444362163543701,2034000
2013-05-29,5.679999828338623,5.710000038146973,5.630000114440918,5.650000095367432,4.413118839263916,1207550
2013-05-30,5.619999885559082,5.659999847412109,5.550000190734863,5.599999904632568,4.3740644454956055,1814000
2013-05-31,5.599999904632568,5.599999904632568,5.510000228881836,5.550000190734863,4.335011005401611,1440712
2013-06-03,5.5,5.53000020980835,5.440000057220459,5.449999809265137,4.256901741027832,1552000
2013-06-04,5.449999809265137,5.489999771118164,5.210000038146973,5.360000133514404,4.1866044998168945,2006000
2013-06-05,5.360000133514404,5.360000133514404,5.25,5.329999923706055,4.163172721862793,1126000
2013-06-06,5.260000228881836,5.309999942779541,5.21999979019165,5.230000019073486,4.085063934326172,807155
2013-06-07,5.309999942779541,5.320000171661377,5.199999809265137,5.210000038146973,4.0694427490234375,1853155
2013-06-10,5.25,5.380000114440918,5.110000133514404,5.119999885559082,3.9991447925567627,2218000
2013-06-11,5.139999866485596,5.179999828338623,4.940000057220459,4.989999771118164,3.8976030349731445,3554575
2013-06-13,4.940000057220459,4.940000057220459,4.610000133514404,4.849999904632568,3.788252115249634,3646000
2013-06-14,4.900000095367432,4.96999979019165,4.769999980926514,4.78000020980835,3.7335762977600098,1998000
2013-06-17,4.78000020980835,4.849999904632568,4.730000019073486,4.820000171661377,3.764819622039795,1632388
2013-06-18,4.840000152587891,4.920000076293945,4.789999961853027,4.800000190734863,3.7491977214813232,1535570
2013-06-19,4.829999923706055,4.860000133514404,4.769999980926514,4.820000171661377,3.764819622039795,1088955
2013-06-20,4.650000095367432,4.650000095367432,4.53000020980835,4.53000020980835,3.613269805908203,1552000
2013-06-21,4.369999885559082,4.519999980926514,4.369999885559082,4.5,3.589340925216675,1758000
2013-06-24,4.5,4.5,4.159999847412109,4.170000076293945,3.326122522354126,2526000
2013-06-25,4.210000038146973,4.289999961853027,3.8299999237060547,4.090000152587891,3.262312173843384,4459650
2013-06-26,4.170000076293945,4.170000076293945,3.9600000381469727,4.150000095367432,3.3101701736450195,3962690
2013-06-27,4.099999904632568,4.349999904632568,4.099999904632568,4.170000076293945,3.326122522354126,2954690
2013-06-28,4.170000076293945,4.349999904632568,4.170000076293945,4.269999980926514,3.405885696411133,1902634
2013-07-02,4.309999942779541,4.320000171661377,4.139999866485596,4.190000057220459,3.3420751094818115,1800000
2013-07-03,4.110000133514404,4.260000228881836,4.019999980926514,4.110000133514404,3.2782645225524902,4801984
2013-07-04,4.099999904632568,4.260000228881836,4.099999904632568,4.179999828338623,3.3340988159179688,1863000
2013-07-05,4.25,4.28000020980835,4.179999828338623,4.230000019073486,3.3739800453186035,1744001
2013-07-08,4.150000095367432,4.150000095367432,4.0,4.070000171661377,3.2463595867156982,2625301
2013-07-09,4.070000171661377,4.070000171661377,3.940000057220459,3.950000047683716,3.1506435871124268,1489000
2013-07-10,3.9800000190734863,4.0,3.8499999046325684,3.869999885559082,3.0868327617645264,3360000
2013-07-11,3.880000114440918,4.139999866485596,3.8299999237060547,4.119999885559082,3.286241054534912,2660000
2013-07-12,4.179999828338623,4.28000020980835,4.050000190734863,4.179999828338623,3.3340988159179688,3149000
2013-07-15,4.170000076293945,4.389999866485596,4.139999866485596,4.369999885559082,3.4856488704681396,2796000
2013-07-16,4.380000114440918,4.400000095367432,4.260000228881836,4.329999923706055,3.4537436962127686,1572000
2013-07-17,4.369999885559082,4.369999885559082,4.230000019073486,4.230000019073486,3.3739800453186035,1435000
2013-07-18,4.199999809265137,4.25,4.139999866485596,4.170000076293945,3.326122522354126,1080000
2013-07-19,4.230000019073486,4.519999980926514,4.199999809265137,4.449999809265137,3.5494587421417236,4460000
2013-07-22,4.550000190734863,4.599999904632568,4.46999979019165,4.5,3.589340925216675,4630000
2013-07-23,4.570000171661377,4.900000095367432,4.550000190734863,4.849999904632568,3.868511438369751,6812000
2013-07-24,4.920000076293945,4.920000076293945,4.699999809265137,4.869999885559082,3.8844640254974365,3663170
2013-07-25,4.900000095367432,4.940000057220459,4.809999942779541,4.840000152587891,3.8605358600616455,2604845
2013-07-26,4.849999904632568,4.900000095367432,4.760000228881836,4.800000190734863,3.828629970550537,2018115
2013-07-29,4.800000190734863,4.809999942779541,4.599999904632568,4.670000076293945,3.724937677383423,1644000
2013-07-30,4.610000133514404,4.659999847412109,4.519999980926514,4.599999904632568,3.6691040992736816,1762000
2013-07-31,4.579999923706055,4.690000057220459,4.559999942779541,4.579999923706055,3.653151750564575,1306000
2013-08-01,4.610000133514404,4.760000228881836,4.559999942779541,4.75,3.7887487411499023,1724000
2013-08-02,4.800000190734863,4.920000076293945,4.789999961853027,4.820000171661377,3.8445827960968018,3742000
2013-08-05,4.75,4.869999885559082,4.75,4.840000152587891,3.8605358600616455,1608000
2013-08-06,4.860000133514404,5.349999904632568,4.849999904632568,5.309999942779541,4.235422611236572,13708280
2013-08-07,5.309999942779541,5.389999866485596,5.059999942779541,5.099999904632568,4.067919731140137,8418000
2013-08-08,5.159999847412109,5.170000076293945,5.099999904632568,5.110000133514404,4.075895309448242,1826185
2013-08-09,5.170000076293945,5.300000190734863,5.119999885559082,5.289999961853027,4.2194695472717285,2470000
2013-08-12,5.230000019073486,5.300000190734863,5.150000095367432,5.260000228881836,4.1955413818359375,3339205
2013-08-13,5.260000228881836,5.429999828338623,5.260000228881836,5.369999885559082,4.283280372619629,7221000
2013-08-14,5.369999885559082,5.369999885559082,5.369999885559082,5.369999885559082,4.283280372619629,0
2013-08-15,5.409999847412109,5.420000076293945,5.139999866485596,5.170000076293945,4.123753547668457,5053400
2013-08-16,5.050000190734863,5.179999828338623,4.929999828338623,5.03000020980835,4.0120849609375,7646000
2013-08-19,5.0,5.150000095367432,4.96999979019165,5.099999904632568,4.067919731140137,3156015
2013-08-20,5.099999904632568,5.119999885559082,4.820000171661377,4.840000152587891,3.8605358600616455,5459605
2013-08-21,4.889999866485596,4.929999828338623,4.619999885559082,4.920000076293945,3.9243459701538086,4162130
2013-08-22,4.880000114440918,5.010000228881836,4.829999923706055,5.0,3.988156318664551,2678000
2013-08-23,5.070000171661377,5.090000152587891,4.849999904632568,4.909999847412109,3.916369676589966,1688000
2013-08-26,4.929999828338623,5.0,4.889999866485596,4.900000095367432,3.908393621444702,1316000
2013-08-27,4.960000038146973,4.960000038146973,4.840000152587891,4.860000133514404,3.876488208770752,1406000
2013-08-28,4.800000190734863,4.809999942779541,4.699999809265137,4.71999979019165,3.764819622039795,1634000
2013-08-29,4.699999809265137,4.800000190734863,4.650000095367432,4.699999809265137,3.7488667964935303,2114000
2013-08-30,4.699999809265137,4.840000152587891,4.659999847412109,4.769999980926514,3.804701089859009,930000
2013-09-02,4.849999904632568,4.889999866485596,4.789999961853027,4.840000152587891,3.8605358600616455,1685240
2013-09-03,4.889999866485596,5.019999980926514,4.880000114440918,5.010000228881836,3.9961326122283936,3682000
2013-09-04,5.050000190734863,5.099999904632568,4.929999828338623,5.03000020980835,4.0120849609375,5178000
2013-09-05,5.070000171661377,5.099999904632568,4.960000038146973,4.96999979019165,3.964226484298706,2470000
2013-09-06,5.039999961853027,5.039999961853027,4.96999979019165,5.010000228881836,3.9961326122283936,1226000
2013-09-09,5.099999904632568,5.099999904632568,4.909999847412109,4.920000076293945,3.9243459701538086,3472000
2013-09-10,4.960000038146973,5.230000019073486,4.929999828338623,5.199999809265137,4.1476826667785645,7636462
2013-09-11,5.230000019073486,5.230000019073486,5.099999904632568,5.150000095367432,4.10780143737793,4506000
2013-09-12,5.190000057220459,5.21999979019165,4.909999847412109,5.150000095367432,4.10780143737793,4056000
2013-09-13,5.099999904632568,5.199999809265137,4.960000038146973,5.050000190734863,4.028038024902344,2264000
2013-09-16,5.079999923706055,5.099999904632568,4.940000057220459,4.949999809265137,3.948275089263916,4046000
2013-09-17,4.949999809265137,4.96999979019165,4.860000133514404,4.889999866485596,3.900416851043701,3884000
2013-09-18,4.940000057220459,4.940000057220459,4.860000133514404,4.900000095367432,3.908393621444702,1417100
2013-09-19,4.949999809265137,4.980000019073486,4.900000095367432,4.940000057220459,3.940298557281494,2163000
2013-09-23,4.980000019073486,4.980000019073486,4.860000133514404,4.920000076293945,3.9243459701538086,742000
2013-09-24,4.920000076293945,4.920000076293945,4.829999923706055,4.869999885559082,3.8844640254974365,1542000
2013-09-25,4.869999885559082,4.940000057220459,4.869999885559082,4.900000095367432,3.908393621444702,1106000
2013-09-26,4.840000152587891,4.909999847412109,4.820000171661377,4.860000133514404,3.876488208770752,1273600
2013-09-27,4.869999885559082,4.880000114440918,4.829999923706055,4.849999904632568,3.868511438369751,900000
2013-09-30,4.849999904632568,4.849999904632568,4.769999980926514,4.809999942779541,3.836606502532959,1262000
2013-10-02,4.829999923706055,4.860000133514404,4.809999942779541,4.829999923706055,3.8525595664978027,830000
2013-10-03,4.849999904632568,4.889999866485596,4.820000171661377,4.880000114440918,3.8924400806427,1788000
2013-10-04,4.900000095367432,4.949999809265137,4.829999923706055,4.949999809265137,3.948275089263916,1326000
2013-10-07,4.980000019073486,5.070000171661377,4.929999828338623,5.010000228881836,3.9961326122283936,3498543
2013-10-08,5.019999980926514,5.130000114440918,5.019999980926514,5.070000171661377,4.0439910888671875,3314000
2013-10-09,5.050000190734863,5.050000190734863,4.96999979019165,5.0,3.988156318664551,1632000
2013-10-10,5.0,5.03000020980835,4.909999847412109,4.989999771118164,3.98017954826355,1310000
2013-10-11,5.050000190734863,5.260000228881836,4.980000019073486,5.25,4.187563896179199,11766000
2013-10-15,5.380000114440918,5.5,5.25,5.5,4.386972427368164,14043000
2013-10-16,5.5,5.610000133514404,5.380000114440918,5.449999809265137,4.347090244293213,9516000
2013-10-17,5.510000228881836,5.880000114440918,5.510000228881836,5.840000152587891,4.658166885375977,19300000
2013-10-18,5.820000171661377,5.920000076293945,5.630000114440918,5.690000057220459,4.538522720336914,7526000
2013-10-21,5.699999809265137,5.900000095367432,5.699999809265137,5.840000152587891,4.658166885375977,5751520
2013-10-22,5.889999866485596,5.989999771118164,5.789999961853027,5.920000076293945,4.721977233886719,6908600
2013-10-23,5.980000019073486,5.980000019073486,5.590000152587891,5.630000114440918,4.490664482116699,6400000
2013-10-24,5.619999885559082,5.75,5.510000228881836,5.730000019073486,4.570427894592285,3456000
2013-10-25,5.75,5.75,5.550000190734863,5.599999904632568,4.466734886169434,3106000
2013-10-28,5.610000133514404,5.690000057220459,5.53000020980835,5.539999961853027,4.418877601623535,2374000
2013-10-29,5.539999961853027,5.639999866485596,5.260000228881836,5.28000020980835,4.211493492126465,6050000
2013-10-30,5.210000038146973,5.650000095367432,5.210000038146973,5.639999866485596,4.498640537261963,5710000
2013-10-31,5.599999904632568,5.650000095367432,5.46999979019165,5.539999961853027,4.418877601623535,3878000
2013-11-01,5.590000152587891,5.590000152587891,5.46999979019165,5.570000171661377,4.442806720733643,6554000
2013-11-04,5.599999904632568,5.769999980926514,5.559999942779541,5.710000038146973,4.554474830627441,5569550
2013-11-05,5.75,5.949999809265137,5.630000114440918,5.889999866485596,4.6980485916137695,9865000
2013-11-06,5.96999979019165,5.96999979019165,5.820000171661377,5.889999866485596,4.6980485916137695,6244559
2013-11-07,5.929999828338623,6.079999923706055,5.860000133514404,5.96999979019165,4.7618584632873535,9484000
2013-11-08,5.909999847412109,5.909999847412109,5.71999979019165,5.840000152587891,4.658166885375977,7799310
2013-11-11,5.849999904632568,5.900000095367432,5.75,5.869999885559082,4.682095527648926,2910000
2013-11-12,5.800000190734863,5.889999866485596,5.760000228881836,5.800000190734863,4.6262617111206055,2216000
2013-11-13,5.760000228881836,5.760000228881836,5.400000095367432,5.519999980926514,4.40292501449585,8120038
2013-11-14,5.579999923706055,5.75,5.579999923706055,5.670000076293945,4.52256965637207,3806000
2013-11-15,5.670000076293945,5.75,5.599999904632568,5.619999885559082,4.4826884269714355,4952000
2013-11-18,5.75,6.25,5.75,6.230000019073486,4.969243049621582,21139000
2013-11-19,6.25,6.289999961853027,6.079999923706055,6.150000095367432,4.90543270111084,5056000
2013-11-20,6.159999847412109,6.460000038146973,6.099999904632568,6.320000171661377,5.041029453277588,9356000
2013-11-21,6.300000190734863,6.349999904632568,6.210000038146973,6.25,4.985196113586426,3446000
2013-11-22,6.289999961853027,6.489999771118164,6.260000228881836,6.320000171661377,5.041029453277588,4502000
2013-11-25,6.320000171661377,6.449999809265137,6.300000190734863,6.329999923706055,5.04900598526001,3252000
2013-11-26,6.289999961853027,6.349999904632568,6.150000095367432,6.210000038146973,4.9532904624938965,2590000
2013-11-27,6.150000095367432,6.28000020980835,6.150000095367432,6.239999771118164,4.9772186279296875,1922000
2013-11-28,6.300000190734863,6.400000095367432,6.21999979019165,6.329999923706055,5.04900598526001,4180940
2013-11-29,6.329999923706055,6.599999904632568,6.329999923706055,6.590000152587891,5.256390571594238,6240000
2013-12-02,6.53000020980835,6.650000095367432,6.349999904632568,6.420000076293945,5.120793342590332,5404760
2013-12-03,6.369999885559082,6.559999942779541,6.309999942779541,6.53000020980835,5.208531856536865,3544000
2013-12-04,6.460000038146973,6.739999771118164,6.449999809265137,6.650000095367432,5.304248332977295,5829614
2013-12-05,6.679999828338623,6.690000057220459,6.5,6.570000171661377,5.240437984466553,2234000
2013-12-06,6.610000133514404,6.570000171661377,6.389999866485596,6.480000019073486,5.168651580810547,2920000
2013-12-09,6.550000190734863,6.599999904632568,6.449999809265137,6.5,5.184603214263916,1854267
2013-12-10,6.510000228881836,6.53000020980835,6.349999904632568,6.389999866485596,5.096863746643066,2952000
2013-12-11,6.329999923706055,6.400000095367432,6.059999942779541,6.119999885559082,4.881503582000732,6478000
2013-12-12,6.079999923706055,6.409999847412109,6.059999942779541,6.369999885559082,5.080911636352539,5510000
2013-12-13,6.400000095367432,6.619999885559082,6.300000190734863,6.599999904632568,5.264366149902344,6038000
2013-12-16,6.639999866485596,6.800000190734863,6.429999828338623,6.550000190734863,5.224484920501709,7605000
2013-12-17,6.5,6.659999847412109,6.340000152587891,6.429999828338623,5.1287689208984375,3944029
2013-12-18,6.429999828338623,6.480000019073486,6.300000190734863,6.409999847412109,5.112816333770752,4990000
2013-12-19,6.539999961853027,6.570000171661377,6.119999885559082,6.199999809265137,4.945314407348633,5192000
2013-12-20,6.190000057220459,6.300000190734863,6.079999923706055,6.159999847412109,4.9134087562561035,5679240
2013-12-23,6.260000228881836,6.360000133514404,6.179999828338623,6.230000019073486,4.969243049621582,3086000
2013-12-24,6.300000190734863,6.300000190734863,6.190000057220459,6.25,4.985196113586426,1032810
2013-12-27,6.25,6.340000152587891,6.199999809265137,6.309999942779541,5.033053398132324,2474000
2013-12-30,6.360000133514404,6.360000133514404,5.860000133514404,5.920000076293945,4.721977233886719,11391000
2013-12-31,5.880000114440918,6.099999904632568,5.880000114440918,6.079999923706055,4.849598407745361,3140000
2014-01-02,6.039999961853027,6.079999923706055,5.889999866485596,5.949999809265137,4.745905876159668,3566000
2014-01-03,5.920000076293945,5.920000076293945,5.679999828338623,5.739999771118164,4.578403472900391,7576000
2014-01-06,5.650000095367432,5.71999979019165,5.489999771118164,5.650000095367432,4.506617069244385,3692000
2014-01-07,5.679999828338623,5.679999828338623,5.539999961853027,5.599999904632568,4.466734886169434,2348168
2014-01-08,5.650000095367432,5.670000076293945,5.53000020980835,5.550000190734863,4.426854610443115,3306802
2014-01-09,5.510000228881836,5.590000152587891,5.230000019073486,5.300000190734863,4.22744607925415,5079205
2014-01-10,5.349999904632568,5.480000019073486,5.199999809265137,5.429999828338623,4.3311381340026855,3393776
2014-01-13,5.440000057220459,5.550000190734863,5.440000057220459,5.539999961853027,4.418877601623535,2204000
2014-01-14,5.539999961853027,5.539999961853027,5.400000095367432,5.449999809265137,4.347090244293213,1614000
2014-01-15,5.449999809265137,5.539999961853027,5.449999809265137,5.5,4.386972427368164,1699000
2014-01-16,5.559999942779541,5.559999942779541,5.400000095367432,5.429999828338623,4.3311381340026855,1610000
2014-01-17,5.429999828338623,5.440000057220459,5.28000020980835,5.349999904632568,4.267327785491943,1594500
2014-01-20,5.460000038146973,5.75,5.449999809265137,5.670000076293945,4.52256965637207,9684000
2014-01-21,5.679999828338623,5.679999828338623,5.46999979019165,5.5,4.386972427368164,3370000
2014-01-22,5.550000190734863,5.550000190734863,5.409999847412109,5.480000019073486,4.3710198402404785,3108000
2014-01-23,5.5,5.559999942779541,5.420000076293945,5.460000038146973,4.355066776275635,1416000
2014-01-24,5.429999828338623,5.510000228881836,5.360000133514404,5.389999866485596,4.299232482910156,1979000
2014-01-27,5.230000019073486,5.28000020980835,5.010000228881836,5.099999904632568,4.067919731140137,5487984
2014-01-28,5.179999828338623,5.179999828338623,5.079999923706055,5.130000114440918,4.091848373413086,2326000
2014-01-29,5.159999847412109,5.179999828338623,5.079999923706055,5.130000114440918,4.091848373413086,1294000
2014-01-30,5.099999904632568,5.099999904632568,5.03000020980835,5.099999904632568,4.067919731140137,1509000
2014-02-04,5.039999961853027,5.039999961853027,4.809999942779541,4.889999866485596,3.900416851043701,3008000
2014-02-05,4.949999809265137,4.949999809265137,4.769999980926514,4.789999961853027,3.8206541538238525,4030740
2014-02-06,4.849999904632568,4.940000057220459,4.800000190734863,4.929999828338623,3.932321786880493,1584000
2014-02-07,4.940000057220459,5.119999885559082,4.940000057220459,5.079999923706055,4.051966667175293,2205250
2014-02-10,5.150000095367432,5.199999809265137,5.050000190734863,5.070000171661377,4.0439910888671875,2464000
2014-02-11,5.110000133514404,5.159999847412109,5.099999904632568,5.130000114440918,4.091848373413086,1420000
2014-02-12,5.139999866485596,5.289999961853027,5.139999866485596,5.230000019073486,4.171611785888672,2834000
2014-02-13,5.329999923706055,5.329999923706055,5.130000114440918,5.179999828338623,4.131730556488037,2297979
2014-02-14,5.210000038146973,5.210000038146973,5.150000095367432,5.179999828338623,4.131730556488037,1258000
2014-02-17,5.239999771118164,5.239999771118164,5.090000152587891,5.130000114440918,4.091848373413086,2542000
2014-02-18,5.110000133514404,5.130000114440918,5.070000171661377,5.079999923706055,4.051966667175293,1230000
2014-02-19,5.059999942779541,5.110000133514404,5.019999980926514,5.050000190734863,4.028038024902344,2042000
2014-02-20,5.03000020980835,5.050000190734863,4.96999979019165,4.980000019073486,3.9722042083740234,1572000
2014-02-21,5.0,5.019999980926514,4.929999828338623,4.949999809265137,3.948275089263916,1916000
2014-02-24,5.0,5.03000020980835,4.909999847412109,4.920000076293945,3.9243459701538086,956000
2014-02-25,4.920000076293945,4.989999771118164,4.809999942779541,4.869999885559082,3.8844640254974365,2282000
2014-02-26,4.869999885559082,4.929999828338623,4.820000171661377,4.929999828338623,3.932321786880493,1822000
2014-02-27,4.960000038146973,4.989999771118164,4.829999923706055,4.869999885559082,3.8844640254974365,5988000
2014-02-28,4.869999885559082,4.989999771118164,4.860000133514404,4.920000076293945,3.9243459701538086,3410000
2014-03-03,4.889999866485596,5.079999923706055,4.849999904632568,5.010000228881836,3.9961326122283936,2570780
2014-03-04,4.980000019073486,5.159999847412109,4.920000076293945,5.03000020980835,4.0120849609375,5230000
2014-03-05,5.059999942779541,5.210000038146973,4.980000019073486,5.079999923706055,4.051966667175293,7192000
2014-03-06,5.059999942779541,5.119999885559082,4.96999979019165,5.039999961853027,4.020061492919922,4403981
2014-03-07,5.050000190734863,5.150000095367432,5.039999961853027,5.050000190734863,4.028038024902344,3191000
2014-03-10,5.019999980926514,5.019999980926514,4.880000114440918,4.909999847412109,3.916369676589966,2965000
2014-03-11,4.940000057220459,4.949999809265137,4.860000133514404,4.880000114440918,3.8924400806427,2280000
2014-03-12,4.880000114440918,4.900000095367432,4.639999866485596,4.659999847412109,3.716961622238159,4675000
2014-03-13,4.699999809265137,4.78000020980835,4.650000095367432,4.659999847412109,3.716961622238159,1697535
2014-03-14,4.619999885559082,4.630000114440918,4.519999980926514,4.550000190734863,3.6292226314544678,2069399
2014-03-17,4.510000228881836,4.559999942779541,4.5,4.519999980926514,3.6052932739257812,1411970
2014-03-18,4.559999942779541,4.610000133514404,4.519999980926514,4.550000190734863,3.6292226314544678,1064000
2014-03-19,4.550000190734863,4.579999923706055,4.53000020980835,4.559999942779541,3.6371986865997314,1218000
2014-03-20,4.519999980926514,4.519999980926514,4.389999866485596,4.400000095367432,3.509577751159668,2315985
2014-03-21,4.460000038146973,4.510000228881836,4.389999866485596,4.449999809265137,3.5494587421417236,1844500
2014-03-24,4.5,4.539999961853027,4.46999979019165,4.489999771118164,3.581364154815674,1844000
2014-03-25,4.5,4.510000228881836,4.349999904632568,4.389999866485596,3.501601219177246,1960000
2014-03-26,4.449999809265137,4.449999809265137,4.21999979019165,4.239999771118164,3.3819565773010254,3298000
2014-03-27,4.260000228881836,4.300000190734863,4.039999961853027,4.110000133514404,3.2782645225524902,4620000
2014-03-28,4.079999923706055,4.079999923706055,3.9200000762939453,4.019999980926514,3.2064778804779053,6524000
2014-03-31,4.03000020980835,4.21999979019165,4.03000020980835,4.21999979019165,3.3660037517547607,3918000
2014-04-01,4.199999809265137,4.25,4.150000095367432,4.230000019073486,3.3739800453186035,1742500
2014-04-02,4.230000019073486,4.420000076293945,4.139999866485596,4.380000114440918,3.4936251640319824,4326168
2014-04-03,4.409999847412109,4.46999979019165,4.360000133514404,4.380000114440918,3.4936251640319824,3474000
2014-04-04,4.380000114440918,4.429999828338623,4.340000152587891,4.369999885559082,3.4856488704681396,952000
2014-04-07,4.369999885559082,4.400000095367432,4.260000228881836,4.289999961853027,3.4218382835388184,1730000
2014-04-08,4.25,4.300000190734863,4.199999809265137,4.28000020980835,3.4138619899749756,2816417
2014-04-09,4.28000020980835,4.360000133514404,4.28000020980835,4.340000152587891,3.4617199897766113,1699000
2014-04-10,4.380000114440918,5.320000171661377,4.269999980926514,5.260000228881836,4.1955413818359375,36903000
2014-04-11,5.400000095367432,5.650000095367432,5.090000152587891,5.159999847412109,4.115777492523193,32315000
2014-04-14,5.150000095367432,5.340000152587891,5.039999961853027,5.070000171661377,4.0439910888671875,7203000
2014-04-15,5.070000171661377,5.079999923706055,4.760000228881836,4.78000020980835,3.8126778602600098,8436100
2014-04-16,4.710000038146973,5.0,4.699999809265137,4.909999847412109,3.916369676589966,6226000
2014-04-17,5.010000228881836,5.039999961853027,4.900000095367432,4.960000038146973,3.956251382827759,4054205
2014-04-22,4.960000038146973,4.960000038146973,4.860000133514404,4.920000076293945,3.9243459701538086,2246600
2014-04-23,4.960000038146973,5.03000020980835,4.769999980926514,4.809999942779541,3.836606502532959,2526000
2014-04-24,4.809999942779541,4.880000114440918,4.769999980926514,4.849999904632568,3.868511438369751,2491685
2014-04-25,4.829999923706055,4.840000152587891,4.699999809265137,4.710000038146973,3.7568438053131104,3334000
2014-04-28,4.699999809265137,4.710000038146973,4.5,4.510000228881836,3.5973167419433594,2868000
2014-04-29,4.510000228881836,4.579999923706055,4.389999866485596,4.480000019073486,3.5733883380889893,3331000
2014-04-30,4.510000228881836,4.769999980926514,4.510000228881836,4.539999961853027,3.621245861053467,4693500
2014-05-02,4.599999904632568,4.639999866485596,4.539999961853027,4.579999923706055,3.653151750564575,1450000
2014-05-05,4.53000020980835,4.53000020980835,4.409999847412109,4.5,3.589340925216675,1356000
2014-05-07,4.559999942779541,4.559999942779541,4.329999923706055,4.369999885559082,3.4856488704681396,2342000
2014-05-08,4.429999828338623,4.46999979019165,4.360000133514404,4.369999885559082,3.4856488704681396,1294500
2014-05-09,4.369999885559082,4.429999828338623,4.329999923706055,4.420000076293945,3.5255300998687744,1087400
2014-05-12,4.420000076293945,4.539999961853027,4.349999904632568,4.519999980926514,3.6052932739257812,3016000
2014-05-13,4.519999980926514,4.570000171661377,4.46999979019165,4.510000228881836,3.5973167419433594,2714000
2014-05-14,4.550000190734863,4.550000190734863,4.460000038146973,4.480000019073486,3.5733883380889893,2540000
2014-05-15,4.510000228881836,4.510000228881836,4.420000076293945,4.429999828338623,3.5335066318511963,1646000
2014-05-16,4.440000057220459,4.440000057220459,4.360000133514404,4.400000095367432,3.509577751159668,1740000
2014-05-19,4.389999866485596,4.559999942779541,4.340000152587891,4.539999961853027,3.621245861053467,2186000
2014-05-20,4.559999942779541,4.559999942779541,4.46999979019165,4.489999771118164,3.581364154815674,938000
2014-05-21,4.489999771118164,4.53000020980835,4.460000038146973,4.5,3.589340925216675,944000
2014-05-22,4.539999961853027,4.610000133514404,4.510000228881836,4.599999904632568,3.6691040992736816,1842000
2014-05-23,4.639999866485596,4.679999828338623,4.539999961853027,4.630000114440918,3.69303297996521,1630000
2014-05-26,4.630000114440918,4.75,4.619999885559082,4.659999847412109,3.716961622238159,2318000
2014-05-27,4.659999847412109,4.690000057220459,4.610000133514404,4.610000133514404,3.677079916000366,528000
2014-05-28,4.639999866485596,4.659999847412109,4.550000190734863,4.599999904632568,3.6691040992736816,1876500
2014-05-29,4.619999885559082,4.650000095367432,4.53000020980835,4.550000190734863,3.6292226314544678,1100181
2014-05-30,4.599999904632568,4.739999771118164,4.559999942779541,4.679999828338623,3.7329142093658447,2524000
2014-06-03,4.650000095367432,4.659999847412109,4.599999904632568,4.610000133514404,3.7375924587249756,1162000
2014-06-04,4.610000133514404,4.650000095367432,4.519999980926514,4.539999961853027,3.6808395385742188,849000
2014-06-05,4.550000190734863,4.630000114440918,4.550000190734863,4.599999904632568,3.729485511779785,764000
2014-06-06,4.619999885559082,4.630000114440918,4.550000190734863,4.590000152587891,3.7213776111602783,794000
2014-06-09,4.610000133514404,4.760000228881836,4.599999904632568,4.699999809265137,3.810560703277588,1704000
2014-06-10,4.739999771118164,5.03000020980835,4.739999771118164,4.940000057220459,4.005142688751221,9116000
2014-06-11,4.929999828338623,5.090000152587891,4.860000133514404,5.03000020980835,4.078110694885254,8178000
2014-06-12,5.0,5.099999904632568,4.929999828338623,5.070000171661377,4.110541343688965,6266002
2014-06-13,5.070000171661377,5.170000076293945,5.039999961853027,5.150000095367432,4.17540168762207,7780000
2014-06-16,5.150000095367432,5.340000152587891,5.130000114440918,5.28000020980835,4.2808003425598145,8467000
2014-06-17,5.309999942779541,5.340000152587891,5.03000020980835,5.03000020980835,4.078110694885254,5034000
2014-06-18,5.090000152587891,5.170000076293945,5.0,5.090000152587891,4.126756191253662,2884000
2014-06-19,5.139999866485596,5.139999866485596,5.0,5.03000020980835,4.078110694885254,1563000
2014-06-20,5.03000020980835,5.090000152587891,5.010000228881836,5.070000171661377,4.110541343688965,868000
2014-06-23,5.079999923706055,5.260000228881836,5.079999923706055,5.119999885559082,4.151078701019287,5856000
2014-06-24,5.110000133514404,5.170000076293945,5.050000190734863,5.119999885559082,4.151078701019287,1184000
2014-06-25,5.119999885559082,5.159999847412109,5.050000190734863,5.070000171661377,4.110541343688965,1340000
2014-06-26,5.119999885559082,5.21999979019165,5.079999923706055,5.190000057220459,4.207832336425781,2724000
2014-06-27,5.190000057220459,5.190000057220459,5.099999904632568,5.119999885559082,4.151078701019287,1162000
2014-06-30,5.130000114440918,5.150000095367432,4.980000019073486,5.079999923706055,4.118649005889893,3114000
2014-07-02,5.119999885559082,5.21999979019165,4.920000076293945,5.199999809265137,4.215939521789551,3758720
2014-07-03,5.239999771118164,5.340000152587891,5.199999809265137,5.320000171661377,4.313230514526367,3957799
2014-07-04,5.329999923706055,5.329999923706055,5.28000020980835,5.309999942779541,4.305123329162598,1924000
2014-07-07,5.269999980926514,5.460000038146973,5.269999980926514,5.440000057220459,4.410521507263184,6540000
2014-07-08,5.480000019073486,5.75,5.380000114440918,5.619999885559082,4.556458473205566,13732986
2014-07-09,5.659999847412109,5.659999847412109,5.260000228881836,5.289999961853027,4.288908004760742,15542000
2014-07-10,5.300000190734863,5.46999979019165,5.300000190734863,5.449999809265137,4.418628692626953,4542000
2014-07-11,5.389999866485596,5.519999980926514,5.360000133514404,5.420000076293945,4.394306182861328,4186866
2014-07-14,5.449999809265137,5.829999923706055,5.440000057220459,5.809999942779541,4.710501670837402,11807793
2014-07-15,5.820000171661377,5.909999847412109,5.730000019073486,5.820000171661377,4.71860933303833,6062256
2014-07-16,5.820000171661377,5.869999885559082,5.679999828338623,5.78000020980835,4.686178684234619,4118811
2014-07-17,5.739999771118164,5.75,5.630000114440918,5.690000057220459,4.613210678100586,2689501
2014-07-18,5.599999904632568,5.730000019073486,5.599999904632568,5.650000095367432,4.580780506134033,2241979
2014-07-21,5.699999809265137,5.739999771118164,5.639999866485596,5.670000076293945,4.596995830535889,1678316
2014-07-22,5.71999979019165,5.809999942779541,5.650000095367432,5.789999961853027,4.694286823272705,3734981
2014-07-23,5.789999961853027,5.940000057220459,5.789999961853027,5.880000114440918,4.76725435256958,4675541
2014-07-24,5.929999828338623,5.940000057220459,5.809999942779541,5.880000114440918,4.76725435256958,2668563
2014-07-25,5.880000114440918,5.949999809265137,5.809999942779541,5.949999809265137,4.824007034301758,2754000
2014-07-28,6.0,6.130000114440918,5.960000038146973,6.099999904632568,4.945621490478516,5820000
2014-07-29,6.099999904632568,6.150000095367432,6.03000020980835,6.039999961853027,4.896976470947266,4103175
2014-07-30,6.059999942779541,6.079999923706055,5.809999942779541,5.820000171661377,4.71860933303833,7052000
2014-07-31,5.800000190734863,5.869999885559082,5.760000228881836,5.849999904632568,4.742932319641113,2598000
2014-08-01,5.789999961853027,5.96999979019165,5.699999809265137,5.760000228881836,4.66996431350708,4942000
2014-08-04,5.789999961853027,5.900000095367432,5.760000228881836,5.880000114440918,4.76725435256958,2428000
2014-08-05,5.940000057220459,5.949999809265137,5.840000152587891,5.929999828338623,4.8077921867370605,2962000
2014-08-06,5.920000076293945,6.0,5.840000152587891,5.960000038146973,4.832115650177002,3004000
2014-08-07,5.909999847412109,6.039999961853027,5.849999904632568,5.869999885559082,4.759147644042969,3158176
2014-08-08,5.829999923706055,5.889999866485596,5.75,5.78000020980835,4.686178684234619,3855000
2014-08-11,5.809999942779541,5.869999885559082,5.800000190734863,5.849999904632568,4.742932319641113,1878757
2014-08-12,5.800000190734863,5.940000057220459,5.800000190734863,5.920000076293945,4.799685478210449,2098129
2014-08-13,5.909999847412109,5.989999771118164,5.889999866485596,5.980000019073486,4.848330497741699,1676000
2014-08-14,6.0,6.099999904632568,5.940000057220459,5.980000019073486,4.848330497741699,3036000
2014-08-15,5.980000019073486,6.019999980926514,5.889999866485596,5.900000095367432,4.783470630645752,2219999
2014-08-18,5.849999904632568,5.960000038146973,5.849999904632568,5.889999866485596,4.775362014770508,1398000
2014-08-19,5.889999866485596,5.909999847412109,5.78000020980835,5.849999904632568,4.742932319641113,3375158
2014-08-20,5.889999866485596,5.889999866485596,5.809999942779541,5.829999923706055,4.7267165184021,1898000
2014-08-21,5.829999923706055,5.840000152587891,5.699999809265137,5.760000228881836,4.66996431350708,3018000
2014-08-22,5.789999961853027,5.849999904632568,5.739999771118164,5.820000171661377,4.71860933303833,1884000
2014-08-25,5.880000114440918,5.880000114440918,5.769999980926514,5.849999904632568,4.742932319641113,1306000
2014-08-26,5.880000114440918,5.880000114440918,5.760000228881836,5.78000020980835,4.686178684234619,1267000
2014-08-27,5.71999979019165,5.71999979019165,5.349999904632568,5.369999885559082,4.3537678718566895,8490779
2014-08-28,5.389999866485596,5.409999847412109,5.090000152587891,5.170000076293945,4.191616535186768,7346000
2014-08-29,5.199999809265137,5.360000133514404,5.099999904632568,5.320000171661377,4.313230514526367,3947758
2014-09-01,5.260000228881836,5.570000171661377,5.210000038146973,5.460000038146973,4.426736354827881,7797000
2014-09-02,5.510000228881836,5.679999828338623,5.440000057220459,5.679999828338623,4.605103492736816,6122000
2014-09-03,5.699999809265137,5.78000020980835,5.679999828338623,5.760000228881836,4.66996431350708,4356044
2014-09-04,5.769999980926514,5.920000076293945,5.710000038146973,5.889999866485596,4.775362014770508,5292000
2014-09-05,5.949999809265137,5.980000019073486,5.809999942779541,5.960000038146973,4.832115650177002,5636000
2014-09-08,5.960000038146973,5.960000038146973,5.880000114440918,5.900000095367432,4.783470630645752,1667000
2014-09-10,5.929999828338623,5.949999809265137,5.769999980926514,5.869999885559082,4.759147644042969,4304000
2014-09-11,5.880000114440918,5.880000114440918,5.760000228881836,5.78000020980835,4.686178684234619,2340000
2014-09-12,5.840000152587891,5.840000152587891,5.650000095367432,5.659999847412109,4.588887691497803,4038484
2014-09-15,5.650000095367432,5.699999809265137,5.550000190734863,5.579999923706055,4.524027347564697,3178000
2014-09-16,5.5,5.670000076293945,5.429999828338623,5.460000038146973,4.426736354827881,3833828
2014-09-17,5.510000228881836,5.559999942779541,5.449999809265137,5.46999979019165,4.43484354019165,5556000
2014-09-18,5.53000020980835,5.579999923706055,5.480000019073486,5.550000190734863,4.4997053146362305,3616000
2014-09-19,5.539999961853027,5.619999885559082,5.539999961853027,5.599999904632568,4.5402421951293945,3774000
2014-09-22,5.630000114440918,5.630000114440918,5.460000038146973,5.550000190734863,4.4997053146362305,2898000
2014-09-23,5.570000171661377,5.670000076293945,5.489999771118164,5.650000095367432,4.580780506134033,4601841
2014-09-24,5.639999866485596,5.760000228881836,5.53000020980835,5.75,4.661856174468994,5149841
2014-09-25,5.739999771118164,5.849999904632568,5.690000057220459,5.699999809265137,4.621318340301514,5502101
2014-09-26,5.619999885559082,5.820000171661377,5.599999904632568,5.75,4.661856174468994,2238000
2014-09-29,5.699999809265137,5.699999809265137,5.5,5.630000114440918,4.564565181732178,8522000
2014-09-30,5.599999904632568,5.619999885559082,5.389999866485596,5.409999847412109,4.386198997497559,5172000
2014-10-03,5.260000228881836,5.550000190734863,5.239999771118164,5.510000228881836,4.4672746658325195,5578000
2014-10-06,5.510000228881836,5.619999885559082,5.46999979019165,5.610000133514404,4.5483503341674805,4462000
2014-10-07,5.599999904632568,5.619999885559082,5.570000171661377,5.599999904632568,4.5402421951293945,3302000
2014-10-08,5.559999942779541,5.590000152587891,5.539999961853027,5.570000171661377,4.515920162200928,1482000
2014-10-09,5.590000152587891,5.630000114440918,5.550000190734863,5.550000190734863,4.4997053146362305,3900000
2014-10-10,5.480000019073486,5.510000228881836,5.400000095367432,5.400000095367432,4.378091335296631,3648480
2014-10-13,5.389999866485596,5.400000095367432,5.230000019073486,5.28000020980835,4.2808003425598145,4406000
2014-10-14,5.28000020980835,5.349999904632568,5.210000038146973,5.21999979019165,4.232154369354248,3015522
2014-10-15,5.289999961853027,5.320000171661377,5.210000038146973,5.269999980926514,4.272693157196045,2998000
2014-10-16,5.210000038146973,5.25,5.119999885559082,5.130000114440918,4.159186840057373,4790000
2014-10-17,5.25,5.289999961853027,5.119999885559082,5.179999828338623,4.199724197387695,3832000
2014-10-20,5.269999980926514,5.269999980926514,5.150000095367432,5.239999771118164,4.2483696937561035,2430000
2014-10-21,5.21999979019165,5.21999979019165,5.110000133514404,5.150000095367432,4.17540168762207,2598000
2014-10-22,5.210000038146973,5.300000190734863,5.170000076293945,5.230000019073486,4.240262031555176,4788000
2014-10-23,5.239999771118164,5.239999771118164,5.159999847412109,5.170000076293945,4.191616535186768,1194000
2014-10-24,5.230000019073486,5.239999771118164,5.170000076293945,5.190000057220459,4.207832336425781,1694121
2014-10-27,5.059999942779541,5.119999885559082,4.909999847412109,4.909999847412109,3.9808194637298584,7905286
2014-10-28,4.960000038146973,5.050000190734863,4.920000076293945,5.03000020980835,4.078110694885254,3654114
2014-10-29,5.03000020980835,5.03000020980835,4.949999809265137,4.960000038146973,4.021358489990234,3544000
2014-10-30,4.96999979019165,4.96999979019165,4.880000114440918,4.889999866485596,3.9646053314208984,2779500
2014-10-31,4.900000095367432,4.980000019073486,4.889999866485596,4.960000038146973,4.021358489990234,3025100
2014-11-03,4.949999809265137,4.989999771118164,4.909999847412109,4.960000038146973,4.021358489990234,2434000
2014-11-04,4.940000057220459,5.25,4.920000076293945,5.199999809265137,4.215939521789551,5782000
2014-11-05,5.199999809265137,5.260000228881836,5.159999847412109,5.21999979019165,4.232154369354248,2564099
2014-11-06,5.28000020980835,5.28000020980835,5.079999923706055,5.179999828338623,4.199724197387695,3301692
2014-11-07,5.159999847412109,5.409999847412109,5.130000114440918,5.260000228881836,4.264585018157959,6498000
2014-11-10,5.599999904632568,6.21999979019165,5.519999980926514,6.079999923706055,4.929405689239502,50049148
2014-11-11,6.150000095367432,6.349999904632568,5.809999942779541,5.860000133514404,4.751039028167725,32144500
2014-11-12,5.869999885559082,6.119999885559082,5.840000152587891,6.039999961853027,4.896976470947266,15307000
2014-11-13,6.059999942779541,6.590000152587891,6.059999942779541,6.559999942779541,5.318569660186768,37636000
2014-11-14,6.590000152587891,6.650000095367432,6.230000019073486,6.460000038146973,5.237494468688965,21112900
2014-11-17,6.699999809265137,6.730000019073486,5.829999923706055,5.860000133514404,4.751039028167725,33527120
2014-11-18,5.840000152587891,5.840000152587891,5.519999980926514,5.53000020980835,4.483489513397217,20257800
2014-11-19,5.53000020980835,5.769999980926514,5.519999980926514,5.630000114440918,4.564565181732178,12304000
2014-11-20,5.670000076293945,5.670000076293945,5.539999961853027,5.579999923706055,4.524027347564697,3976000
2014-11-21,5.619999885559082,6.03000020980835,5.610000133514404,5.940000057220459,4.8159003257751465,26145102
2014-11-24,6.090000152587891,6.139999866485596,5.849999904632568,6.119999885559082,4.961836338043213,20078000
2014-11-25,6.019999980926514,6.099999904632568,5.920000076293945,5.960000038146973,4.832115650177002,5942000
2014-11-26,5.989999771118164,6.119999885559082,5.96999979019165,6.010000228881836,4.872653484344482,8078000
2014-11-27,6.070000171661377,6.230000019073486,5.96999979019165,6.03000020980835,4.888868808746338,14312000
2014-11-28,6.039999961853027,6.090000152587891,5.949999809265137,6.019999980926514,4.880760669708252,6636000
2014-12-01,5.960000038146973,5.96999979019165,5.650000095367432,5.699999809265137,4.621318340301514,8006000
2014-12-02,5.650000095367432,5.880000114440918,5.650000095367432,5.860000133514404,4.751039028167725,5148000
2014-12-03,5.860000133514404,5.96999979019165,5.690000057220459,5.78000020980835,4.686178684234619,12828000
2014-12-04,5.840000152587891,5.869999885559082,5.710000038146973,5.75,4.661856174468994,9906000
2014-12-05,5.75,5.820000171661377,5.539999961853027,5.599999904632568,4.5402421951293945,12325000
2014-12-08,5.630000114440918,5.820000171661377,5.610000133514404,5.670000076293945,4.596995830535889,14040000
2014-12-09,5.710000038146973,5.730000019073486,5.349999904632568,5.409999847412109,4.386198997497559,11851000
2014-12-10,5.360000133514404,5.610000133514404,5.360000133514404,5.53000020980835,4.483489513397217,4086200
2014-12-11,5.489999771118164,5.75,5.460000038146973,5.679999828338623,4.605103492736816,8267300
2014-12-12,5.78000020980835,5.949999809265137,5.699999809265137,5.800000190734863,4.702394485473633,16214000
2014-12-15,5.710000038146973,5.869999885559082,5.699999809265137,5.829999923706055,4.7267165184021,5198000
2014-12-16,5.800000190734863,5.889999866485596,5.78000020980835,5.820000171661377,4.71860933303833,4784000
2014-12-17,5.760000228881836,5.860000133514404,5.710000038146973,5.769999980926514,4.67807149887085,4093000
2014-12-18,5.78000020980835,6.03000020980835,5.769999980926514,5.920000076293945,4.799685478210449,11360467
2014-12-19,5.989999771118164,6.059999942779541,5.829999923706055,5.929999828338623,4.8077921867370605,6742202
2014-12-22,5.989999771118164,6.050000190734863,5.880000114440918,5.929999828338623,4.8077921867370605,3742000
2014-12-23,5.989999771118164,6.039999961853027,5.789999961853027,5.840000152587891,4.7348246574401855,6588734
2014-12-24,5.869999885559082,5.909999847412109,5.800000190734863,5.849999904632568,4.742932319641113,3412000
2014-12-29,5.860000133514404,5.880000114440918,5.699999809265137,5.71999979019165,4.637532711029053,4915000
2014-12-30,5.760000228881836,5.800000190734863,5.690000057220459,5.710000038146973,4.629426002502441,4274000
2014-12-31,5.699999809265137,5.760000228881836,5.659999847412109,5.710000038146973,4.629426002502441,1908000
2015-01-02,5.730000019073486,5.78000020980835,5.639999866485596,5.78000020980835,4.686178684234619,4604650
2015-01-05,5.78000020980835,5.96999979019165,5.760000228881836,5.880000114440918,4.76725435256958,12693000
2015-01-06,5.829999923706055,5.96999979019165,5.800000190734863,5.860000133514404,4.751039028167725,8473700
2015-01-07,5.860000133514404,5.929999828338623,5.820000171661377,5.920000076293945,4.799685478210449,4854000
2015-01-08,5.980000019073486,6.039999961853027,5.920000076293945,5.940000057220459,4.8159003257751465,6401524
2015-01-09,5.980000019073486,6.010000228881836,5.829999923706055,5.829999923706055,4.7267165184021,5468525
2015-01-12,5.820000171661377,5.860000133514404,5.75,5.809999942779541,4.710501670837402,4328000
2015-01-13,5.800000190734863,5.940000057220459,5.800000190734863,5.929999828338623,4.8077921867370605,4434000
2015-01-14,5.920000076293945,5.949999809265137,5.800000190734863,5.829999923706055,4.7267165184021,2630000
2015-01-15,5.829999923706055,5.860000133514404,5.760000228881836,5.78000020980835,4.686178684234619,3444000
2015-01-16,5.789999961853027,5.800000190734863,5.739999771118164,5.769999980926514,4.67807149887085,4548000
2015-01-19,5.769999980926514,5.769999980926514,5.400000095367432,5.429999828338623,4.402414321899414,6674441
2015-01-20,5.440000057220459,5.559999942779541,5.440000057220459,5.539999961853027,4.4915971755981445,2684000
2015-01-21,5.5,5.630000114440918,5.5,5.619999885559082,4.556458473205566,3402150
2015-01-22,5.650000095367432,5.710000038146973,5.630000114440918,5.650000095367432,4.580780506134033,2758000
2015-01-23,5.699999809265137,5.699999809265137,5.610000133514404,5.630000114440918,4.564565181732178,1616000
2015-01-26,5.610000133514404,5.610000133514404,5.489999771118164,5.579999923706055,4.524027347564697,2508000
2015-01-27,5.579999923706055,5.760000228881836,5.570000171661377,5.690000057220459,4.613210678100586,6155000
2015-01-28,5.650000095367432,5.739999771118164,5.630000114440918,5.639999866485596,4.5726728439331055,1662000
2015-01-29,5.599999904632568,5.699999809265137,5.53000020980835,5.599999904632568,4.5402421951293945,4964000
2015-01-30,5.610000133514404,5.760000228881836,5.610000133514404,5.710000038146973,4.629426002502441,6554159
2015-02-02,5.550000190734863,5.559999942779541,5.320000171661377,5.349999904632568,4.33755350112915,7925000
2015-02-03,5.400000095367432,5.429999828338623,5.269999980926514,5.289999961853027,4.288908004760742,5426000
2015-02-04,5.349999904632568,5.349999904632568,5.28000020980835,5.300000190734863,4.297015190124512,2674000
2015-02-05,5.489999771118164,5.5,5.150000095367432,5.199999809265137,4.215939521789551,6361615
2015-02-06,5.289999961853027,5.289999961853027,5.159999847412109,5.179999828338623,4.199724197387695,2143000
2015-02-09,5.179999828338623,5.179999828338623,4.989999771118164,5.010000228881836,4.061895847320557,4707000
2015-02-10,5.010000228881836,5.28000020980835,5.010000228881836,5.260000228881836,4.264585018157959,4145360
2015-02-11,5.28000020980835,5.300000190734863,5.130000114440918,5.130000114440918,4.159186840057373,2474000
2015-02-12,5.110000133514404,5.21999979019165,5.090000152587891,5.199999809265137,4.215939521789551,1642000
2015-02-13,5.170000076293945,5.309999942779541,5.170000076293945,5.25,4.256477355957031,2154000
2015-02-16,5.309999942779541,5.309999942779541,5.21999979019165,5.269999980926514,4.272693157196045,1324000
2015-02-17,5.25,5.340000152587891,5.21999979019165,5.300000190734863,4.297015190124512,1388433
2015-02-18,5.349999904632568,5.440000057220459,5.329999923706055,5.409999847412109,4.386198997497559,1252152
2015-02-23,5.380000114440918,5.380000114440918,5.309999942779541,5.369999885559082,4.3537678718566895,566000
2015-02-24,5.329999923706055,5.389999866485596,5.329999923706055,5.349999904632568,4.33755350112915,656000
2015-02-25,5.400000095367432,5.480000019073486,5.349999904632568,5.380000114440918,4.361876487731934,2120000
2015-02-26,5.360000133514404,5.550000190734863,5.360000133514404,5.519999980926514,4.475381851196289,5112000
2015-02-27,5.519999980926514,5.579999923706055,5.46999979019165,5.480000019073486,4.442951679229736,1760000
2015-03-02,5.539999961853027,5.599999904632568,5.460000038146973,5.570000171661377,4.515920162200928,2388000
2015-03-03,5.599999904632568,5.599999904632568,5.400000095367432,5.440000057220459,4.410521507263184,1958000
2015-03-04,5.400000095367432,5.489999771118164,5.360000133514404,5.369999885559082,4.3537678718566895,2468026
2015-03-05,5.349999904632568,5.420000076293945,5.289999961853027,5.360000133514404,4.34566068649292,1130169
2015-03-06,5.289999961853027,5.389999866485596,5.289999961853027,5.349999904632568,4.33755350112915,1100000
2015-03-09,5.360000133514404,5.449999809265137,5.289999961853027,5.340000152587891,4.3294453620910645,1116000
2015-03-10,5.349999904632568,5.349999904632568,5.25,5.260000228881836,4.264585018157959,1412000
2015-03-11,5.25,5.309999942779541,5.239999771118164,5.25,4.256477355957031,1154000
2015-03-12,5.309999942779541,5.320000171661377,5.199999809265137,5.320000171661377,4.313230514526367,1044000
2015-03-13,5.300000190734863,5.340000152587891,5.25,5.329999923706055,4.321338176727295,720000
2015-03-16,5.300000190734863,5.300000190734863,5.210000038146973,5.260000228881836,4.264585018157959,1874000
2015-03-17,5.260000228881836,5.429999828338623,5.25,5.340000152587891,4.3294453620910645,2902000
2015-03-18,5.389999866485596,5.420000076293945,5.329999923706055,5.389999866485596,4.369983196258545,2108000
2015-03-19,5.400000095367432,5.449999809265137,5.360000133514404,5.389999866485596,4.369983196258545,1444000
2015-03-20,5.380000114440918,5.389999866485596,5.260000228881836,5.289999961853027,4.288908004760742,1624000
2015-03-23,5.329999923706055,5.329999923706055,5.269999980926514,5.28000020980835,4.2808003425598145,1826000
2015-03-24,5.289999961853027,5.300000190734863,5.190000057220459,5.210000038146973,4.224047660827637,1686000
2015-03-25,5.25,5.260000228881836,5.159999847412109,5.199999809265137,4.215939521789551,2080169
2015-03-26,5.179999828338623,5.25,5.170000076293945,5.179999828338623,4.199724197387695,1950000
2015-03-27,5.179999828338623,5.199999809265137,5.150000095367432,5.170000076293945,4.191616535186768,1538701
2015-03-30,5.300000190734863,5.730000019073486,5.300000190734863,5.619999885559082,4.556458473205566,19724000
2015-03-31,5.699999809265137,5.860000133514404,5.5,5.550000190734863,4.4997053146362305,11237921
2015-04-01,5.619999885559082,5.699999809265137,5.550000190734863,5.690000057220459,4.613210678100586,8797816
2015-04-02,5.670000076293945,6.25,5.619999885559082,6.179999828338623,5.010481834411621,40816000
2015-04-08,6.579999923706055,7.639999866485596,6.550000190734863,7.590000152587891,6.153650760650635,70525010
2015-04-09,8.300000190734863,9.34000015258789,7.699999809265137,8.1899995803833,6.640105247497559,54107169
2015-04-10,8.430000305175781,8.579999923706055,7.71999979019165,8.350000381469727,6.769826412200928,25122500
2015-04-13,8.369999885559082,8.5,8.25,8.380000114440918,6.794148921966553,28684588
2015-04-14,8.319999694824219,8.579999923706055,8.0,8.020000457763672,6.502276420593262,27963100
2015-04-15,8.020000457763672,8.3100004196167,7.739999771118164,7.78000020980835,6.307694911956787,14771000
2015-04-16,7.809999942779541,8.100000381469727,7.639999866485596,7.920000076293945,6.421200752258301,13022983
2015-04-17,7.880000114440918,8.119999885559082,7.880000114440918,7.960000038146973,6.453630447387695,16134000
2015-04-20,8.079999923706055,8.100000381469727,7.489999771118164,7.699999809265137,6.242833614349365,20260192
2015-04-21,7.880000114440918,7.909999847412109,7.559999942779541,7.75,6.283371448516846,12307500
2015-04-22,7.769999980926514,8.029999732971191,7.71999979019165,7.880000114440918,6.388769626617432,13046000
2015-04-23,8.0,8.039999961853027,7.760000228881836,7.820000171661377,6.340124607086182,9986000
2015-04-24,7.860000133514404,7.880000114440918,7.400000095367432,7.559999942779541,6.129327774047852,9944000
2015-04-27,7.639999866485596,7.670000076293945,7.480000019073486,7.590000152587891,6.153650760650635,10120000
2015-04-28,7.630000114440918,7.679999828338623,7.110000133514404,7.25,5.877992153167725,14634000
2015-04-29,7.199999809265137,7.199999809265137,7.090000152587891,7.159999847412109,5.805024147033691,6992000
2015-04-30,7.179999828338623,7.179999828338623,6.96999979019165,7.010000228881836,5.68341064453125,8759871
2015-05-04,7.019999980926514,7.130000114440918,6.900000095367432,7.010000228881836,5.68341064453125,5560000
2015-05-05,7.099999904632568,7.099999904632568,6.539999961853027,6.590000152587891,5.342892646789551,11142000
2015-05-06,6.599999904632568,6.760000228881836,6.349999904632568,6.420000076293945,5.205063819885254,14480000
2015-05-07,6.440000057220459,6.440000057220459,6.130000114440918,6.170000076293945,5.002374649047852,10492000
2015-05-08,6.320000171661377,6.639999866485596,6.309999942779541,6.590000152587891,5.342892646789551,14438000
2015-05-11,6.699999809265137,6.789999961853027,6.539999961853027,6.599999904632568,5.3510003089904785,9296000
2015-05-12,6.579999923706055,6.679999828338623,6.5,6.559999942779541,5.318569660186768,5050000
2015-05-13,6.559999942779541,6.699999809265137,6.510000228881836,6.590000152587891,5.342892646789551,7256000
2015-05-14,6.599999904632568,6.650000095367432,6.550000190734863,6.570000171661377,5.3266777992248535,4380200
2015-05-15,6.690000057220459,6.800000190734863,6.539999961853027,6.670000076293945,5.4077534675598145,10694000
2015-05-18,6.730000019073486,6.849999904632568,6.639999866485596,6.730000019073486,5.4563984870910645,6626000
2015-05-19,6.75,6.880000114440918,6.659999847412109,6.820000171661377,5.529366970062256,9018000
2015-05-20,6.889999866485596,7.21999979019165,6.820000171661377,7.110000133514404,5.764487266540527,14874000
2015-05-21,7.170000076293945,7.170000076293945,6.960000038146973,7.110000133514404,5.764487266540527,7590000
2015-05-22,7.139999866485596,7.199999809265137,7.059999942779541,7.119999885559082,5.772593975067139,5849129
2015-05-26,7.550000190734863,7.559999942779541,7.230000019073486,7.25,5.877992153167725,8638000
2015-05-27,7.300000190734863,7.679999828338623,7.28000020980835,7.650000095367432,6.202296257019043,18416000
2015-05-28,7.650000095367432,7.690000057220459,7.050000190734863,7.199999809265137,5.837454319000244,12392000
2015-05-29,7.199999809265137,7.340000152587891,7.019999980926514,7.170000076293945,5.813132286071777,6838000
2015-06-01,7.170000076293945,7.329999923706055,7.059999942779541,7.239999771118164,5.869884967803955,5360000
2015-06-02,7.25,7.269999980926514,7.059999942779541,7.239999771118164,5.922574520111084,5854000
2015-06-03,7.239999771118164,7.269999980926514,7.070000171661377,7.099999904632568,5.80804967880249,4278000
2015-06-04,7.179999828338623,7.21999979019165,6.840000152587891,7.0,5.726245880126953,5264000
2015-06-05,7.0,7.159999847412109,6.980000019073486,7.039999961853027,5.758967876434326,4416000
2015-06-08,7.03000020980835,7.110000133514404,6.949999809265137,7.019999980926514,5.742607116699219,3534000
2015-06-09,7.0,7.0,6.599999904632568,6.670000076293945,5.456294536590576,4982000
2015-06-10,6.650000095367432,6.800000190734863,6.510000228881836,6.559999942779541,5.366311073303223,5030192
2015-06-11,6.639999866485596,6.679999828338623,6.400000095367432,6.489999771118164,5.309047698974609,3872000
2015-06-12,6.510000228881836,6.940000057220459,6.510000228881836,6.900000095367432,5.644442558288574,5424166
2015-06-15,6.710000038146973,6.940000057220459,6.679999828338623,6.690000057220459,5.472655296325684,2350138
2015-06-16,6.699999809265137,6.699999809265137,6.360000133514404,6.360000133514404,5.202704429626465,3764000
2015-06-17,6.389999866485596,6.71999979019165,6.380000114440918,6.630000114440918,5.423573970794678,7797200
2015-06-18,6.679999828338623,6.829999923706055,6.519999980926514,6.659999847412109,5.448113918304443,3588000
2015-06-19,6.699999809265137,6.699999809265137,6.369999885559082,6.380000114440918,5.219065189361572,3857272
2015-06-22,6.480000019073486,6.510000228881836,6.329999923706055,6.440000057220459,5.268146514892578,1514100
2015-06-23,6.5,6.679999828338623,6.360000133514404,6.650000095367432,5.439934253692627,4846000
2015-06-24,6.679999828338623,6.739999771118164,6.639999866485596,6.71999979019165,5.497196197509766,2026000
2015-06-25,6.699999809265137,6.699999809265137,6.5,6.510000228881836,5.325408935546875,3044179
2015-06-26,6.5,6.5,6.159999847412109,6.289999961853027,5.14544153213501,5022998
2015-06-29,6.349999904632568,6.349999904632568,5.800000190734863,5.920000076293945,4.84276819229126,6596600
2015-06-30,5.849999904632568,6.170000076293945,5.659999847412109,6.090000152587891,4.9818339347839355,4692000
2015-07-02,6.050000190734863,6.059999942779541,5.659999847412109,5.699999809265137,4.662800312042236,5194000
2015-07-03,5.699999809265137,5.800000190734863,5.389999866485596,5.510000228881836,4.507373809814453,4856000
2015-07-06,5.800000190734863,5.820000171661377,4.920000076293945,5.230000019073486,4.278324127197266,9970000
2015-07-07,5.119999885559082,5.159999847412109,4.659999847412109,4.789999961853027,3.918388605117798,9038000
2015-07-08,4.699999809265137,4.699999809265137,3.930000066757202,4.159999847412109,3.4030263423919678,11977523
2015-07-09,4.130000114440918,4.800000190734863,4.059999942779541,4.730000019073486,3.8693063259124756,14903099
2015-07-10,4.840000152587891,5.119999885559082,4.840000152587891,5.0,4.090175628662109,9874000
2015-07-13,5.050000190734863,5.380000114440918,5.019999980926514,5.360000133514404,4.384668350219727,9084000
2015-07-14,5.449999809265137,5.5,5.150000095367432,5.340000152587891,4.368307590484619,7269000
2015-07-15,5.489999771118164,5.489999771118164,5.039999961853027,5.119999885559082,4.188340187072754,6184000
2015-07-16,5.199999809265137,5.300000190734863,5.03000020980835,5.199999809265137,4.253782749176025,3595300
2015-07-17,5.25,5.369999885559082,5.190000057220459,5.260000228881836,4.302865028381348,4584000
2015-07-20,5.320000171661377,5.360000133514404,5.239999771118164,5.329999923706055,4.3601274490356445,2464300
2015-07-21,5.389999866485596,5.389999866485596,5.239999771118164,5.289999961853027,4.32740592956543,3398000
2015-07-22,5.309999942779541,5.449999809265137,5.239999771118164,5.389999866485596,4.409209728240967,9212000
2015-07-23,5.349999904632568,5.679999828338623,5.349999904632568,5.630000114440918,4.605538368225098,8316000
2015-07-24,5.5,5.679999828338623,5.460000038146973,5.559999942779541,4.548275947570801,5760000
2015-07-27,5.599999904632568,5.630000114440918,4.980000019073486,5.070000171661377,4.147439002990723,5974166
2015-07-28,4.909999847412109,5.25,4.820000171661377,5.090000152587891,4.163799285888672,6294000
2015-07-29,5.340000152587891,5.340000152587891,5.190000057220459,5.320000171661377,4.35194730758667,3434000
2015-07-30,5.349999904632568,5.46999979019165,5.269999980926514,5.340000152587891,4.368307590484619,2938000
2015-07-31,5.289999961853027,5.340000152587891,5.21999979019165,5.260000228881836,4.302865028381348,2018000
2015-08-03,5.260000228881836,5.300000190734863,5.119999885559082,5.159999847412109,4.221061706542969,2077300
2015-08-04,5.010000228881836,5.28000020980835,5.010000228881836,5.210000038146973,4.261962890625,2750000
2015-08-05,5.300000190734863,5.389999866485596,5.25,5.340000152587891,4.368307590484619,1852000
2015-08-06,5.300000190734863,5.400000095367432,5.269999980926514,5.289999961853027,4.32740592956543,1952000
2015-08-07,5.28000020980835,5.550000190734863,5.269999980926514,5.550000190734863,4.540095806121826,4014000
2015-08-10,5.579999923706055,5.849999904632568,5.389999866485596,5.829999923706055,4.769144535064697,5442000
2015-08-11,5.829999923706055,5.900000095367432,5.510000228881836,5.570000171661377,4.556456089019775,4322000
2015-08-12,5.510000228881836,5.630000114440918,5.440000057220459,5.460000038146973,4.466472148895264,2748000
2015-08-13,5.460000038146973,5.679999828338623,5.429999828338623,5.639999866485596,4.613718509674072,3134200
2015-08-14,5.75,5.829999923706055,5.690000057220459,5.739999771118164,4.695521831512451,5074000
2015-08-17,5.739999771118164,5.78000020980835,5.630000114440918,5.699999809265137,4.662800312042236,3650000
2015-08-18,5.769999980926514,5.829999923706055,5.46999979019165,5.480000019073486,4.482832908630371,2670000
2015-08-19,5.5,5.510000228881836,5.210000038146973,5.420000076293945,4.433751106262207,2674000
2015-08-20,5.360000133514404,5.360000133514404,5.139999866485596,5.170000076293945,4.229241371154785,2196600
2015-08-21,4.960000038146973,5.099999904632568,4.849999904632568,4.960000038146973,4.057454586029053,3696000
2015-08-24,4.599999904632568,4.599999904632568,4.300000190734863,4.309999942779541,3.525731325149536,7762000
2015-08-25,4.119999885559082,4.5,3.9800000190734863,4.159999847412109,3.4030263423919678,10588000
2015-08-26,4.25,4.360000133514404,4.079999923706055,4.210000038146973,3.4439282417297363,4402370
2015-08-27,4.360000133514404,4.570000171661377,4.300000190734863,4.559999942779541,3.7302405834198,6981300
2015-08-28,4.610000133514404,4.75,4.5,4.519999980926514,3.697519302368164,7002000
2015-08-31,4.619999885559082,4.630000114440918,4.380000114440918,4.449999809265137,3.640256404876709,2979200
2015-09-01,4.320000171661377,4.460000038146973,4.320000171661377,4.329999923706055,3.5420923233032227,2128800
2015-09-02,4.170000076293945,4.449999809265137,4.139999866485596,4.170000076293945,3.4112067222595215,4888000
2015-09-04,4.21999979019165,4.269999980926514,4.059999942779541,4.110000133514404,3.362124443054199,2724000
2015-09-07,4.110000133514404,4.420000076293945,4.110000133514404,4.329999923706055,3.5420923233032227,2574000
2015-09-08,4.329999923706055,4.53000020980835,4.300000190734863,4.510000228881836,3.689338445663452,4176000
2015-09-09,4.53000020980835,4.630000114440918,4.46999979019165,4.570000171661377,3.7384212017059326,5584000
2015-09-10,4.510000228881836,4.510000228881836,4.360000133514404,4.449999809265137,3.640256404876709,3716000
2015-09-11,4.5,4.570000171661377,4.449999809265137,4.489999771118164,3.6729776859283447,2826000
2015-09-14,4.550000190734863,4.670000076293945,4.400000095367432,4.460000038146973,3.648437023162842,2452000
2015-09-15,4.389999866485596,4.460000038146973,4.369999885559082,4.400000095367432,3.5993547439575195,1512000
2015-09-16,4.449999809265137,4.639999866485596,4.449999809265137,4.590000152587891,3.754781723022461,3534000
2015-09-17,4.679999828338623,4.730000019073486,4.53000020980835,4.610000133514404,3.77114200592041,3242000
2015-09-18,4.639999866485596,4.78000020980835,4.570000171661377,4.71999979019165,3.861126184463501,2650636
2015-09-21,4.639999866485596,4.75,4.599999904632568,4.730000019073486,3.8693063259124756,1556000
2015-09-22,4.730000019073486,4.829999923706055,4.659999847412109,4.670000076293945,3.8202242851257324,2098000
2015-09-23,4.599999904632568,4.670000076293945,4.449999809265137,4.53000020980835,3.7056992053985596,2058000
2015-09-24,4.53000020980835,4.710000038146973,4.460000038146973,4.610000133514404,3.77114200592041,1760000
2015-09-25,4.550000190734863,4.590000152587891,4.5,4.590000152587891,3.754781723022461,927348
2015-09-29,4.46999979019165,4.480000019073486,4.349999904632568,4.440000057220459,3.6320760250091553,1266000
2015-09-30,4.440000057220459,4.599999904632568,4.380000114440918,4.53000020980835,3.7056992053985596,1684000
2015-10-02,4.630000114440918,4.679999828338623,4.570000171661377,4.670000076293945,3.8202242851257324,1510749
2015-10-05,4.75,4.760000228881836,4.670000076293945,4.699999809265137,3.8447654247283936,836000
2015-10-06,4.78000020980835,4.78000020980835,4.570000171661377,4.639999866485596,3.7956831455230713,1170000
2015-10-07,4.610000133514404,4.900000095367432,4.610000133514404,4.869999885559082,3.9838311672210693,2896000
2015-10-08,4.880000114440918,4.900000095367432,4.760000228881836,4.829999923706055,3.951110363006592,1550000
2015-10-09,4.889999866485596,4.929999828338623,4.800000190734863,4.869999885559082,3.9838311672210693,1872248
2015-10-12,4.900000095367432,5.079999923706055,4.900000095367432,5.0,4.090175628662109,2856000
2015-10-13,5.0,5.059999942779541,4.940000057220459,4.989999771118164,4.081995487213135,2494000
2015-10-14,5.0,5.010000228881836,4.940000057220459,4.960000038146973,4.057454586029053,734000
2015-10-15,5.0,5.079999923706055,4.989999771118164,5.059999942779541,4.139258861541748,2060000
2015-10-16,5.119999885559082,5.210000038146973,5.070000171661377,5.170000076293945,4.229241371154785,3736000
2015-10-19,5.170000076293945,5.170000076293945,5.039999961853027,5.099999904632568,4.1719794273376465,1950000
2015-10-20,5.099999904632568,5.210000038146973,5.059999942779541,5.179999828338623,4.237422466278076,4395000
2015-10-22,5.139999866485596,5.199999809265137,5.059999942779541,5.190000057220459,4.245602607727051,1986000
2015-10-23,5.320000171661377,5.320000171661377,5.150000095367432,5.199999809265137,4.253782749176025,1962000
2015-10-26,5.309999942779541,5.389999866485596,5.25,5.349999904632568,4.376488208770752,5130280
2015-10-27,5.369999885559082,5.46999979019165,5.329999923706055,5.420000076293945,4.433751106262207,4180000
2015-10-28,5.380000114440918,5.449999809265137,5.260000228881836,5.300000190734863,4.335587024688721,2196000
2015-10-29,5.289999961853027,5.449999809265137,5.289999961853027,5.340000152587891,4.368307590484619,2916000
2015-10-30,5.369999885559082,5.389999866485596,5.269999980926514,5.300000190734863,4.335587024688721,1550000
2015-11-02,5.260000228881836,5.300000190734863,5.070000171661377,5.130000114440918,4.1965203285217285,3088000
2015-11-03,5.239999771118164,5.5,5.150000095367432,5.46999979019165,4.474652290344238,9576000
2015-11-04,5.599999904632568,5.869999885559082,5.550000190734863,5.829999923706055,4.769144535064697,13696300
2015-11-05,5.829999923706055,5.840000152587891,5.599999904632568,5.71999979019165,4.679161071777344,4578000
2015-11-06,5.730000019073486,5.800000190734863,5.670000076293945,5.800000190734863,4.744604587554932,2148000
2015-11-09,5.789999961853027,5.800000190734863,5.639999866485596,5.690000057220459,4.654620170593262,2058000
2015-11-10,5.659999847412109,5.75,5.550000190734863,5.679999828338623,4.646439552307129,1744000
2015-11-11,5.619999885559082,5.679999828338623,5.579999923706055,5.610000133514404,4.58917760848999,616000
2015-11-12,5.659999847412109,5.75,5.650000095367432,5.730000019073486,4.687341690063477,1474000
2015-11-13,5.650000095367432,5.78000020980835,5.630000114440918,5.739999771118164,4.695521831512451,2008000
2015-11-16,5.599999904632568,5.679999828338623,5.519999980926514,5.539999961853027,4.531914710998535,1332000
2015-11-17,5.659999847412109,5.690000057220459,5.599999904632568,5.610000133514404,4.58917760848999,1086000
2015-11-18,5.650000095367432,5.650000095367432,5.53000020980835,5.570000171661377,4.556456089019775,1210000
2015-11-19,5.670000076293945,5.670000076293945,5.510000228881836,5.53000020980835,4.5237345695495605,900000
2015-11-20,5.559999942779541,5.650000095367432,5.5,5.619999885559082,4.597357273101807,1460000
2015-11-23,5.690000057220459,5.690000057220459,5.599999904632568,5.630000114440918,4.605538368225098,3074000
2015-11-24,5.579999923706055,5.599999904632568,5.519999980926514,5.579999923706055,4.56463623046875,986000
2015-11-25,5.590000152587891,5.599999904632568,5.389999866485596,5.400000095367432,4.4173903465271,2558000
2015-11-26,5.5,5.539999961853027,5.349999904632568,5.420000076293945,4.433751106262207,1406000
2015-11-27,5.489999771118164,5.489999771118164,5.199999809265137,5.269999980926514,4.3110456466674805,1466000
2015-11-30,5.269999980926514,5.329999923706055,5.159999847412109,5.21999979019165,4.270143508911133,1164000
2015-12-01,5.21999979019165,5.400000095367432,5.21999979019165,5.380000114440918,4.401029586791992,1366000
2015-12-02,5.380000114440918,5.440000057220459,5.300000190734863,5.400000095367432,4.4173903465271,1344000
2015-12-03,5.380000114440918,5.429999828338623,5.349999904632568,5.389999866485596,4.409209728240967,1160437
2015-12-04,5.380000114440918,5.489999771118164,5.300000190734863,5.340000152587891,4.368307590484619,1464700
2015-12-07,5.400000095367432,5.409999847412109,5.300000190734863,5.320000171661377,4.35194730758667,1252000
2015-12-08,5.300000190734863,5.300000190734863,5.179999828338623,5.21999979019165,4.270143508911133,3376000
2015-12-09,5.199999809265137,5.199999809265137,5.130000114440918,5.159999847412109,4.221061706542969,850000
2015-12-10,5.179999828338623,5.25,5.0,5.010000228881836,4.0983567237854,3362000
2015-12-11,4.989999771118164,5.039999961853027,4.880000114440918,4.909999847412109,4.016552925109863,2648000
2015-12-14,4.809999942779541,4.880000114440918,4.710000038146973,4.800000190734863,3.9265687465667725,2782000
2015-12-15,4.789999961853027,4.920000076293945,4.789999961853027,4.809999942779541,3.9347493648529053,1080000
2015-12-16,4.900000095367432,4.96999979019165,4.889999866485596,4.929999828338623,4.032913684844971,1054000
2015-12-17,4.960000038146973,5.039999961853027,4.960000038146973,5.010000228881836,4.0983567237854,1917200
2015-12-18,5.010000228881836,5.010000228881836,4.909999847412109,4.949999809265137,4.049274444580078,1128246
2015-12-21,4.929999828338623,5.070000171661377,4.849999904632568,5.059999942779541,4.139258861541748,1332000
2015-12-22,5.03000020980835,5.070000171661377,4.949999809265137,5.019999980926514,4.106536388397217,626000
2015-12-23,5.010000228881836,5.039999961853027,4.949999809265137,4.96999979019165,4.065634727478027,1742329
2015-12-24,5.050000190734863,5.119999885559082,4.96999979019165,5.050000190734863,4.131077766418457,2808650
2015-12-28,5.099999904632568,5.119999885559082,4.989999771118164,4.989999771118164,4.081995487213135,1608650
2015-12-29,5.059999942779541,5.059999942779541,4.96999979019165,4.980000019073486,4.07381534576416,612000
2015-12-30,4.980000019073486,5.059999942779541,4.96999979019165,5.0,4.090175628662109,620000
2015-12-31,5.0,5.0,4.980000019073486,4.980000019073486,4.07381534576416,1214000
2016-01-04,4.96999979019165,4.989999771118164,4.690000057220459,4.699999809265137,3.8447654247283936,2699000
2016-01-05,4.679999828338623,4.829999923706055,4.650000095367432,4.829999923706055,3.951110363006592,2145000
2016-01-06,4.820000171661377,4.820000171661377,4.710000038146973,4.769999980926514,3.9020276069641113,854000
2016-01-07,4.699999809265137,4.699999809265137,4.449999809265137,4.46999979019165,3.6566171646118164,2429320
2016-01-08,4.5,4.599999904632568,4.480000019073486,4.550000190734863,3.722060203552246,1250000
2016-01-11,4.340000152587891,4.429999828338623,4.21999979019165,4.239999771118164,3.4684689044952393,2850000
2016-01-12,4.260000228881836,4.329999923706055,4.179999828338623,4.190000057220459,3.427567481994629,1376000
2016-01-13,4.269999980926514,4.420000076293945,4.170000076293945,4.190000057220459,3.427567481994629,2438000
2016-01-14,4.119999885559082,4.199999809265137,4.03000020980835,4.190000057220459,3.427567481994629,2344680
2016-01-15,4.139999866485596,4.25,4.0,4.03000020980835,3.296682119369507,2712000
2016-01-18,3.950000047683716,4.039999961853027,3.9200000762939453,4.0,3.2721405029296875,2126000
2016-01-19,4.019999980926514,4.170000076293945,4.0,4.159999847412109,3.4030263423919678,2430000
2016-01-20,4.099999904632568,4.130000114440918,3.950000047683716,3.9800000190734863,3.25577974319458,2015789
2016-01-21,3.9000000953674316,4.039999961853027,3.799999952316284,3.8299999237060547,3.1330747604370117,2666000
2016-01-22,3.930000066757202,4.010000228881836,3.890000104904175,4.0,3.2721405029296875,1902400
2016-01-25,4.079999923706055,4.110000133514404,4.019999980926514,4.039999961853027,3.3048617839813232,1182000
2016-01-26,3.9700000286102295,4.010000228881836,3.8499999046325684,3.890000104904175,3.182157278060913,940000
2016-01-27,3.990000009536743,4.010000228881836,3.859999895095825,3.950000047683716,3.231239080429077,2854000
2016-01-28,3.950000047683716,4.090000152587891,3.950000047683716,4.010000228881836,3.2803213596343994,2446200
2016-01-29,4.059999942779541,4.139999866485596,3.990000009536743,4.090000152587891,3.34576416015625,2194000
2016-02-01,4.150000095367432,4.150000095367432,3.9800000190734863,3.990000009536743,3.263960361480713,1354000
2016-02-02,3.9700000286102295,4.070000171661377,3.9700000286102295,4.010000228881836,3.2803213596343994,946000
2016-02-03,3.9100000858306885,3.930000066757202,3.8299999237060547,3.9000000953674316,3.190337657928467,1232000
2016-02-04,4.0,4.010000228881836,3.9600000381469727,3.990000009536743,3.263960361480713,522480
2016-02-05,3.9700000286102295,4.019999980926514,3.9700000286102295,4.010000228881836,3.2803213596343994,914000
2016-02-11,3.940000057220459,3.940000057220459,3.8499999046325684,3.869999885559082,3.1657958030700684,792000
2016-02-12,3.799999952316284,3.8299999237060547,3.759999990463257,3.7699999809265137,3.0839927196502686,1306000
2016-02-15,3.869999885559082,3.950000047683716,3.809999942779541,3.950000047683716,3.231239080429077,938000
2016-02-16,3.990000009536743,4.260000228881836,3.990000009536743,4.190000057220459,3.427567481994629,3078000
2016-02-17,4.269999980926514,4.269999980926514,4.079999923706055,4.170000076293945,3.4112067222595215,1863451
2016-02-18,4.28000020980835,4.300000190734863,4.199999809265137,4.21999979019165,3.452108383178711,1748000
2016-02-19,4.130000114440918,4.300000190734863,4.099999904632568,4.260000228881836,3.484830379486084,1464000
2016-02-22,4.289999961853027,4.380000114440918,4.289999961853027,4.349999904632568,3.55845308303833,1508000
2016-02-23,4.420000076293945,4.539999961853027,4.400000095367432,4.480000019073486,3.664797782897949,2304000
2016-02-24,4.460000038146973,4.5,4.329999923706055,4.5,3.6811585426330566,1967000
2016-02-25,4.5,4.53000020980835,4.25,4.28000020980835,3.501190423965454,1228123
2016-02-26,4.389999866485596,4.429999828338623,4.360000133514404,4.380000114440918,3.582994222640991,1080000
2016-02-29,4.360000133514404,4.360000133514404,4.260000228881836,4.320000171661377,3.533912181854248,594000
2016-03-01,4.360000133514404,4.46999979019165,4.320000171661377,4.46999979019165,3.6566171646118164,1304000
2016-03-02,4.519999980926514,4.579999923706055,4.400000095367432,4.460000038146973,3.648437023162842,2823897
2016-03-03,4.510000228881836,4.539999961853027,4.429999828338623,4.539999961853027,3.7138798236846924,2416000
2016-03-04,4.570000171661377,4.599999904632568,4.480000019073486,4.539999961853027,3.7138798236846924,2316000
2016-03-07,4.599999904632568,4.670000076293945,4.46999979019165,4.53000020980835,3.7056992053985596,2564000
2016-03-08,4.550000190734863,4.550000190734863,4.340000152587891,4.510000228881836,3.689338445663452,2000000
2016-03-09,4.5,4.5,4.28000020980835,4.409999847412109,3.607534885406494,1450000
2016-03-10,4.46999979019165,4.46999979019165,4.349999904632568,4.369999885559082,3.5748138427734375,944300
2016-03-11,4.400000095367432,4.5,4.329999923706055,4.5,3.6811585426330566,1936000
2016-03-14,4.550000190734863,4.619999885559082,4.519999980926514,4.570000171661377,3.7384212017059326,1886000
2016-03-15,4.5,4.559999942779541,4.460000038146973,4.46999979019165,3.6566171646118164,499000
2016-03-16,4.480000019073486,4.519999980926514,4.369999885559082,4.420000076293945,3.615715265274048,1638913
2016-03-17,4.5,4.519999980926514,4.400000095367432,4.489999771118164,3.6729776859283447,1228000
2016-03-18,4.5,4.550000190734863,4.449999809265137,4.550000190734863,3.722060203552246,1387161
2016-03-21,4.570000171661377,4.630000114440918,4.53000020980835,4.570000171661377,3.7384212017059326,1310000
2016-03-22,4.570000171661377,4.639999866485596,4.539999961853027,4.559999942779541,3.7302405834198,1442000
2016-03-23,4.510000228881836,4.610000133514404,4.510000228881836,4.570000171661377,3.7384212017059326,741798
2016-03-24,4.550000190734863,4.579999923706055,4.449999809265137,4.460000038146973,3.648437023162842,844437
2016-03-29,4.480000019073486,4.480000019073486,4.369999885559082,4.420000076293945,3.615715265274048,1448000
2016-03-30,4.429999828338623,4.449999809265137,4.260000228881836,4.320000171661377,3.533912181854248,3252000
2016-03-31,4.360000133514404,4.389999866485596,4.269999980926514,4.289999961853027,3.509371042251587,1660000
2016-04-01,4.28000020980835,4.28000020980835,4.179999828338623,4.21999979019165,3.452108383178711,1804000
2016-04-05,4.230000019073486,4.239999771118164,4.150000095367432,4.179999828338623,3.419387102127075,1462000
2016-04-06,4.110000133514404,4.210000038146973,4.110000133514404,4.179999828338623,3.419387102127075,1322000
2016-04-07,4.179999828338623,4.25,4.159999847412109,4.210000038146973,3.4439282417297363,970000
2016-04-08,4.119999885559082,4.179999828338623,4.110000133514404,4.150000095367432,3.394846200942993,1274000
2016-04-11,4.130000114440918,4.179999828338623,4.039999961853027,4.130000114440918,3.3784854412078857,2532000
2016-04-12,4.130000114440918,4.210000038146973,4.130000114440918,4.210000038146973,3.4439282417297363,2898000
2016-04-13,4.25,4.360000133514404,4.230000019073486,4.329999923706055,3.5420923233032227,5722300
2016-04-14,4.380000114440918,4.400000095367432,4.329999923706055,4.369999885559082,3.5748138427734375,4692000
2016-04-15,4.389999866485596,4.420000076293945,4.340000152587891,4.400000095367432,3.5993547439575195,2478000
2016-04-18,4.400000095367432,4.550000190734863,4.360000133514404,4.539999961853027,3.7138798236846924,3996000
2016-04-19,4.53000020980835,4.570000171661377,4.5,4.559999942779541,3.7302405834198,3088000
2016-04-20,4.550000190734863,4.559999942779541,4.400000095367432,4.429999828338623,3.6238958835601807,1872000
2016-04-21,4.480000019073486,4.599999904632568,4.440000057220459,4.53000020980835,3.7056992053985596,3968000
2016-04-22,4.489999771118164,4.5,4.409999847412109,4.46999979019165,3.6566171646118164,1562000
2016-04-25,4.46999979019165,4.539999961853027,4.429999828338623,4.46999979019165,3.6566171646118164,1494000
2016-04-26,4.46999979019165,4.489999771118164,4.360000133514404,4.420000076293945,3.615715265274048,1282000
2016-04-27,4.380000114440918,4.489999771118164,4.349999904632568,4.389999866485596,3.591174364089966,1377000
2016-04-28,4.409999847412109,4.460000038146973,4.25,4.260000228881836,3.484830379486084,2174000
2016-04-29,4.230000019073486,4.380000114440918,4.199999809265137,4.369999885559082,3.5748138427734375,1614307
2016-05-03,4.360000133514404,4.360000133514404,4.230000019073486,4.239999771118164,3.4684689044952393,1100000
2016-05-04,4.199999809265137,4.25,4.159999847412109,4.230000019073486,3.4602885246276855,764255
2016-05-05,4.25,4.25,4.179999828338623,4.210000038146973,3.4439282417297363,1562000
2016-05-06,4.199999809265137,4.210000038146973,4.079999923706055,4.090000152587891,3.34576416015625,2254000
2016-05-09,4.110000133514404,4.139999866485596,4.039999961853027,4.050000190734863,3.313042640686035,1358000
2016-05-10,4.050000190734863,4.099999904632568,4.0,4.070000171661377,3.3294031620025635,1496000
2016-05-11,4.090000152587891,4.130000114440918,4.059999942779541,4.090000152587891,3.34576416015625,1732550
2016-05-12,4.059999942779541,4.130000114440918,4.039999961853027,4.070000171661377,3.3294031620025635,952000
2016-05-13,4.019999980926514,4.059999942779541,3.930000066757202,3.9700000286102295,3.2475998401641846,1450000
2016-05-16,3.9100000858306885,4.079999923706055,3.9100000858306885,3.990000009536743,3.263960361480713,862220
2016-05-17,4.0,4.090000152587891,4.0,4.079999923706055,3.337583303451538,742388
2016-05-18,4.010000228881836,4.059999942779541,3.990000009536743,4.019999980926514,3.288501501083374,585307
2016-05-19,3.9800000190734863,4.019999980926514,3.9700000286102295,3.990000009536743,3.263960361480713,690000
2016-05-20,3.9200000762939453,4.019999980926514,3.9200000762939453,3.9700000286102295,3.2475998401641846,1200000
2016-05-23,3.9800000190734863,4.039999961853027,3.9800000190734863,4.019999980926514,3.288501501083374,268215
2016-05-24,4.0,4.03000020980835,3.9800000190734863,4.0,3.2721405029296875,224005
2016-05-25,4.110000133514404,4.110000133514404,4.010000228881836,4.019999980926514,3.288501501083374,510280
2016-05-26,4.010000228881836,4.03000020980835,3.990000009536743,4.0,3.2721405029296875,504000
2016-05-27,4.0,4.019999980926514,3.9800000190734863,4.0,3.2721405029296875,1000000
2016-05-30,4.0,4.010000228881836,3.9700000286102295,3.990000009536743,3.263960361480713,1022000
2016-05-31,3.9800000190734863,4.070000171661377,3.9000000953674316,3.9700000286102295,3.2475998401641846,2330000
2016-06-01,3.930000066757202,4.03000020980835,3.930000066757202,3.990000009536743,3.3046228885650635,850000
2016-06-02,3.9700000286102295,4.03000020980835,3.9600000381469727,4.019999980926514,3.329469919204712,744000
2016-06-03,4.070000171661377,4.090000152587891,4.03000020980835,4.059999942779541,3.3625988960266113,1316000
2016-06-06,4.050000190734863,4.099999904632568,4.0,4.059999942779541,3.3625988960266113,762000
2016-06-07,4.090000152587891,4.110000133514404,4.059999942779541,4.070000171661377,3.3708810806274414,1496000
2016-06-08,4.070000171661377,4.070000171661377,4.03000020980835,4.050000190734863,3.3543167114257812,684000
2016-06-10,4.039999961853027,4.090000152587891,3.950000047683716,3.9600000381469727,3.2797765731811523,852000
2016-06-13,3.9200000762939453,3.9600000381469727,3.880000114440918,3.9000000953674316,3.2300829887390137,1361200
2016-06-14,3.9000000953674316,3.9600000381469727,3.859999895095825,3.880000114440918,3.2135181427001953,634000
2016-06-15,3.859999895095825,3.9200000762939453,3.8499999046325684,3.869999885559082,3.205235481262207,1544000
2016-06-16,3.9100000858306885,3.9100000858306885,3.8299999237060547,3.8499999046325684,3.188671350479126,530000
2016-06-17,3.9000000953674316,3.9000000953674316,3.8399999141693115,3.869999885559082,3.205235481262207,522000
2016-06-20,3.9100000858306885,3.9200000762939453,3.809999942779541,3.9100000858306885,3.2383651733398438,908000
2016-06-21,3.9000000953674316,3.930000066757202,3.880000114440918,3.9100000858306885,3.2383651733398438,460000
2016-06-22,3.9200000762939453,4.03000020980835,3.890000104904175,4.0,3.3129050731658936,1172000
2016-06-23,4.0,4.03000020980835,3.940000057220459,3.9600000381469727,3.2797765731811523,1114000
2016-06-24,3.930000066757202,3.990000009536743,3.809999942779541,3.880000114440918,3.2135181427001953,1331682
2016-06-27,3.8499999046325684,3.9200000762939453,3.8499999046325684,3.9100000858306885,3.2383651733398438,596000
2016-06-28,3.880000114440918,3.9200000762939453,3.859999895095825,3.9200000762939453,3.246647357940674,677000
2016-06-29,3.940000057220459,3.990000009536743,3.930000066757202,3.9600000381469727,3.2797765731811523,894000
2016-06-30,4.0,4.0,3.950000047683716,3.9800000190734863,3.2963407039642334,538000
2016-07-04,3.9800000190734863,4.03000020980835,3.9600000381469727,3.9800000190734863,3.2963407039642334,2400000
2016-07-05,3.9800000190734863,3.990000009536743,3.9700000286102295,3.9800000190734863,3.2963407039642334,1142000
2016-07-06,3.9700000286102295,3.9700000286102295,3.930000066757202,3.950000047683716,3.271494150161743,648000
2016-07-07,3.990000009536743,3.990000009536743,3.930000066757202,3.930000066757202,3.254929780960083,490000
2016-07-08,3.9200000762939453,3.9800000190734863,3.9100000858306885,3.930000066757202,3.254929780960083,839000
2016-07-11,4.0,4.0,3.950000047683716,3.9600000381469727,3.2797765731811523,988000
2016-07-12,3.9700000286102295,3.990000009536743,3.940000057220459,3.9800000190734863,3.2963407039642334,1758000
2016-07-13,4.010000228881836,4.059999942779541,4.010000228881836,4.019999980926514,3.329469919204712,2752000
2016-07-14,4.039999961853027,4.059999942779541,4.0,4.050000190734863,3.3543167114257812,1130000
2016-07-15,4.070000171661377,4.099999904632568,4.03000020980835,4.070000171661377,3.3708810806274414,1160000
2016-07-18,4.070000171661377,4.070000171661377,4.03000020980835,4.039999961853027,3.346034049987793,660000
2016-07-19,4.039999961853027,4.039999961853027,3.990000009536743,4.0,3.3129050731658936,810000
2016-07-20,4.0,4.010000228881836,3.9800000190734863,4.0,3.3129050731658936,1372520
2016-07-21,4.019999980926514,4.079999923706055,4.019999980926514,4.059999942779541,3.3625988960266113,1370000
2016-07-22,4.079999923706055,4.090000152587891,4.03000020980835,4.070000171661377,3.3708810806274414,798000
2016-07-25,4.090000152587891,4.099999904632568,4.050000190734863,4.099999904632568,3.3957276344299316,1030000
2016-07-26,4.079999923706055,4.150000095367432,4.079999923706055,4.130000114440918,3.420574903488159,1006000
2016-07-27,4.150000095367432,4.150000095367432,4.050000190734863,4.079999923706055,3.3791632652282715,1408000
2016-07-28,4.079999923706055,4.090000152587891,4.050000190734863,4.079999923706055,3.3791632652282715,598000
2016-07-29,4.050000190734863,4.079999923706055,3.9800000190734863,3.990000009536743,3.3046228885650635,1624000
2016-08-01,4.019999980926514,4.039999961853027,3.990000009536743,4.039999961853027,3.346034049987793,558000
2016-08-02,4.039999961853027,4.039999961853027,4.039999961853027,4.039999961853027,3.346034049987793,0
2016-08-03,4.0,4.019999980926514,3.9800000190734863,4.0,3.3129050731658936,480000
2016-08-04,4.039999961853027,4.050000190734863,4.0,4.039999961853027,3.346034049987793,310000
2016-08-05,4.070000171661377,4.070000171661377,4.019999980926514,4.03000020980835,3.337752342224121,586000
2016-08-08,4.070000171661377,4.110000133514404,4.050000190734863,4.099999904632568,3.3957276344299316,1334000
2016-08-09,4.119999885559082,4.119999885559082,4.070000171661377,4.090000152587891,3.3874459266662598,454000
2016-08-10,4.090000152587891,4.130000114440918,4.090000152587891,4.119999885559082,3.41229248046875,1500000
2016-08-11,4.03000020980835,4.119999885559082,4.03000020980835,4.110000133514404,3.404010057449341,2160000
2016-08-12,4.119999885559082,4.139999866485596,4.099999904632568,4.119999885559082,3.41229248046875,1778000
2016-08-15,4.139999866485596,4.269999980926514,4.119999885559082,4.25,3.5199623107910156,4788000
2016-08-16,4.25,4.329999923706055,4.210000038146973,4.309999942779541,3.569655179977417,2772000
2016-08-17,4.28000020980835,4.309999942779541,4.179999828338623,4.179999828338623,3.4619860649108887,2020000
2016-08-18,4.21999979019165,4.239999771118164,4.179999828338623,4.210000038146973,3.486832857131958,1106000
2016-08-19,4.199999809265137,4.210000038146973,4.139999866485596,4.170000076293945,3.4537036418914795,610000
2016-08-22,4.159999847412109,4.199999809265137,4.059999942779541,4.119999885559082,3.41229248046875,1518000
2016-08-23,4.119999885559082,4.179999828338623,4.099999904632568,4.159999847412109,3.4454214572906494,970000
2016-08-24,4.190000057220459,4.239999771118164,4.150000095367432,4.170000076293945,3.4537036418914795,914000
2016-08-25,4.170000076293945,4.170000076293945,4.099999904632568,4.130000114440918,3.420574903488159,738000
2016-08-26,4.119999885559082,4.170000076293945,4.099999904632568,4.150000095367432,3.4371395111083984,496000
2016-08-29,4.170000076293945,4.199999809265137,4.119999885559082,4.190000057220459,3.4702682495117188,886000
2016-08-30,4.199999809265137,4.28000020980835,4.170000076293945,4.21999979019165,3.495115041732788,1434000
2016-08-31,4.199999809265137,4.199999809265137,4.119999885559082,4.119999885559082,3.41229248046875,1054000
2016-09-01,4.130000114440918,4.190000057220459,4.110000133514404,4.159999847412109,3.4454214572906494,1334000
2016-09-02,4.170000076293945,4.239999771118164,4.170000076293945,4.199999809265137,3.478550434112549,2120000
2016-09-05,4.289999961853027,4.289999961853027,4.210000038146973,4.21999979019165,3.495115041732788,1448000
2016-09-06,4.260000228881836,4.380000114440918,4.230000019073486,4.369999885559082,3.619349241256714,2688000
2016-09-07,4.380000114440918,4.420000076293945,4.309999942779541,4.320000171661377,3.5779378414154053,1710000
2016-09-08,4.380000114440918,4.519999980926514,4.320000171661377,4.5,3.7270185947418213,4558000
2016-09-09,4.550000190734863,4.659999847412109,4.53000020980835,4.550000190734863,3.768429756164551,7024000
2016-09-12,4.5,4.5,4.400000095367432,4.429999828338623,3.6690425872802734,6714000
2016-09-13,4.5,4.519999980926514,4.369999885559082,4.380000114440918,3.627631425857544,2388000
2016-09-14,4.369999885559082,4.409999847412109,4.349999904632568,4.380000114440918,3.627631425857544,938000
2016-09-15,4.380000114440918,4.449999809265137,4.369999885559082,4.449999809265137,3.6856069564819336,902000
2016-09-19,4.46999979019165,4.480000019073486,4.429999828338623,4.440000057220459,3.6773247718811035,1056000
2016-09-20,4.489999771118164,4.489999771118164,4.400000095367432,4.420000076293945,3.6607601642608643,800000
2016-09-21,4.460000038146973,4.460000038146973,4.400000095367432,4.400000095367432,3.644195795059204,764000
2016-09-22,4.46999979019165,4.489999771118164,4.409999847412109,4.429999828338623,3.6690425872802734,1020000
2016-09-23,4.460000038146973,4.460000038146973,4.380000114440918,4.380000114440918,3.627631425857544,875121
2016-09-26,4.400000095367432,4.400000095367432,4.269999980926514,4.269999980926514,3.536526679992676,1591520
2016-09-27,4.260000228881836,4.309999942779541,4.260000228881836,4.309999942779541,3.569655179977417,838000
2016-09-28,4.360000133514404,4.360000133514404,4.300000190734863,4.349999904632568,3.6027843952178955,820000
2016-09-29,4.400000095367432,4.400000095367432,4.309999942779541,4.320000171661377,3.5779378414154053,408000
2016-09-30,4.289999961853027,4.309999942779541,4.199999809265137,4.210000038146973,3.486832857131958,1072000
2016-10-03,4.260000228881836,4.289999961853027,4.210000038146973,4.25,3.5199623107910156,1364000
2016-10-04,4.309999942779541,4.309999942779541,4.230000019073486,4.289999961853027,3.553091287612915,260000
2016-10-05,4.239999771118164,4.329999923706055,4.239999771118164,4.260000228881836,3.5282444953918457,560000
2016-10-06,4.329999923706055,4.329999923706055,4.260000228881836,4.289999961853027,3.553091287612915,1128000
2016-10-07,4.360000133514404,4.360000133514404,4.28000020980835,4.289999961853027,3.553091287612915,684000
2016-10-11,4.340000152587891,4.349999904632568,4.28000020980835,4.300000190734863,3.561373233795166,1266000
2016-10-12,4.460000038146973,4.639999866485596,4.429999828338623,4.449999809265137,3.6856069564819336,10020000
2016-10-13,4.519999980926514,4.579999923706055,4.429999828338623,4.550000190734863,3.768429756164551,9512000
2016-10-14,4.550000190734863,4.590000152587891,4.440000057220459,4.460000038146973,3.693889617919922,3732000
2016-10-17,4.429999828338623,4.510000228881836,4.429999828338623,4.460000038146973,3.693889617919922,2018000
2016-10-18,4.460000038146973,4.539999961853027,4.440000057220459,4.53000020980835,3.7518651485443115,2666000
2016-10-19,4.550000190734863,4.550000190734863,4.46999979019165,4.46999979019165,3.702171564102173,1578000
2016-10-20,4.53000020980835,4.53000020980835,4.429999828338623,4.429999828338623,3.6690425872802734,1100000
2016-10-21,4.429999828338623,4.429999828338623,4.429999828338623,4.429999828338623,3.6690425872802734,0
2016-10-24,4.480000019073486,4.599999904632568,4.429999828338623,4.579999923706055,3.7932770252227783,2928000
2016-10-25,4.550000190734863,4.579999923706055,4.519999980926514,4.550000190734863,3.768429756164551,982000
2016-10-26,4.510000228881836,4.599999904632568,4.5,4.519999980926514,3.7435832023620605,1154000
2016-10-27,4.5,4.519999980926514,4.440000057220459,4.480000019073486,3.710454225540161,1404000
2016-10-28,4.519999980926514,4.519999980926514,4.380000114440918,4.380000114440918,3.627631425857544,1450000
2016-10-31,4.420000076293945,4.420000076293945,4.309999942779541,4.340000152587891,3.5945024490356445,1059000
2016-11-01,4.360000133514404,4.400000095367432,4.340000152587891,4.380000114440918,3.627631425857544,1428000
2016-11-02,4.369999885559082,4.369999885559082,4.320000171661377,4.340000152587891,3.5945024490356445,974000
2016-11-03,4.329999923706055,4.409999847412109,4.309999942779541,4.369999885559082,3.619349241256714,1348000
2016-11-04,4.320000171661377,4.389999866485596,4.300000190734863,4.320000171661377,3.5779378414154053,903441
2016-11-07,4.300000190734863,4.349999904632568,4.300000190734863,4.349999904632568,3.6027843952178955,734000
2016-11-08,4.389999866485596,4.389999866485596,4.340000152587891,4.349999904632568,3.6027843952178955,390000
2016-11-09,4.360000133514404,4.369999885559082,4.190000057220459,4.25,3.5199623107910156,2112000
2016-11-10,4.349999904632568,4.360000133514404,4.28000020980835,4.329999923706055,3.5862200260162354,2774259
2016-11-11,4.400000095367432,4.400000095367432,4.28000020980835,4.369999885559082,3.619349241256714,1296000
2016-11-14,4.380000114440918,4.409999847412109,4.340000152587891,4.389999866485596,3.635913372039795,1780000
2016-11-15,4.420000076293945,4.449999809265137,4.389999866485596,4.429999828338623,3.6690425872802734,1544000
2016-11-16,4.480000019073486,4.489999771118164,4.449999809265137,4.480000019073486,3.710454225540161,1008000
2016-11-17,4.46999979019165,4.480000019073486,4.429999828338623,4.460000038146973,3.693889617919922,484000
2016-11-18,4.480000019073486,4.480000019073486,4.409999847412109,4.449999809265137,3.6856069564819336,352000
2016-11-21,4.46999979019165,4.46999979019165,4.380000114440918,4.440000057220459,3.6773247718811035,548000
2016-11-22,4.489999771118164,4.5,4.449999809265137,4.489999771118164,3.718735933303833,1332000
2016-11-23,4.46999979019165,4.550000190734863,4.460000038146973,4.489999771118164,3.718735933303833,738000
2016-11-24,4.5,4.5,4.449999809265137,4.489999771118164,3.718735933303833,582000
2016-11-25,4.570000171661377,4.570000171661377,4.460000038146973,4.5,3.7270185947418213,608000
2016-11-28,4.559999942779541,4.579999923706055,4.510000228881836,4.559999942779541,3.77671217918396,1628000
2016-11-29,4.559999942779541,4.570000171661377,4.53000020980835,4.539999961853027,3.7601475715637207,938000
2016-11-30,4.570000171661377,4.570000171661377,4.46999979019165,4.53000020980835,3.7518651485443115,1586000
2016-12-01,4.550000190734863,4.550000190734863,4.5,4.519999980926514,3.7435832023620605,512000
2016-12-02,4.510000228881836,4.590000152587891,4.46999979019165,4.519999980926514,3.7435832023620605,1724000
2016-12-05,4.53000020980835,4.559999942779541,4.449999809265137,4.480000019073486,3.710454225540161,1070000
2016-12-06,4.489999771118164,4.510000228881836,4.400000095367432,4.400000095367432,3.644195795059204,1304000
2016-12-07,4.429999828338623,4.46999979019165,4.400000095367432,4.460000038146973,3.693889617919922,1178583
2016-12-08,4.510000228881836,4.550000190734863,4.46999979019165,4.5,3.7270185947418213,1550000
2016-12-09,4.519999980926514,4.519999980926514,4.460000038146973,4.489999771118164,3.718735933303833,700000
2016-12-12,4.539999961853027,4.539999961853027,4.340000152587891,4.349999904632568,3.6027843952178955,1406000
2016-12-13,4.320000171661377,4.46999979019165,4.300000190734863,4.449999809265137,3.6856069564819336,1182000
2016-12-14,4.460000038146973,4.480000019073486,4.329999923706055,4.369999885559082,3.619349241256714,1655632
2016-12-15,4.340000152587891,4.360000133514404,4.320000171661377,4.360000133514404,3.6110665798187256,781777
2016-12-16,4.349999904632568,4.389999866485596,4.289999961853027,4.309999942779541,3.569655179977417,1692581
2016-12-19,4.320000171661377,4.449999809265137,4.269999980926514,4.409999847412109,3.652477979660034,3236000
2016-12-20,4.389999866485596,4.400000095367432,4.269999980926514,4.309999942779541,3.569655179977417,1754000
2016-12-21,4.320000171661377,4.409999847412109,4.28000020980835,4.400000095367432,3.644195795059204,1272000
2016-12-22,4.349999904632568,4.400000095367432,4.349999904632568,4.400000095367432,3.644195795059204,478300
2016-12-23,4.360000133514404,4.400000095367432,4.260000228881836,4.300000190734863,3.561373233795166,1961750
2016-12-28,4.349999904632568,4.389999866485596,4.320000171661377,4.340000152587891,3.5945024490356445,996000
2016-12-29,4.309999942779541,4.360000133514404,4.269999980926514,4.360000133514404,3.6110665798187256,1580851
2016-12-30,4.340000152587891,4.380000114440918,4.320000171661377,4.349999904632568,3.6027843952178955,358000
2017-01-03,4.349999904632568,4.400000095367432,4.300000190734863,4.349999904632568,3.6027843952178955,1350000
2017-01-04,4.360000133514404,4.440000057220459,4.340000152587891,4.420000076293945,3.6607601642608643,1421000
2017-01-05,4.420000076293945,4.570000171661377,4.420000076293945,4.460000038146973,3.693889617919922,5992000
2017-01-06,4.480000019073486,4.5,4.380000114440918,4.400000095367432,3.644195795059204,2479090
2017-01-09,4.389999866485596,4.480000019073486,4.380000114440918,4.480000019073486,3.710454225540161,1138000
2017-01-10,4.420000076293945,4.489999771118164,4.420000076293945,4.489999771118164,3.718735933303833,1040000
2017-01-11,4.480000019073486,4.610000133514404,4.480000019073486,4.53000020980835,3.7518651485443115,3100000
2017-01-12,4.53000020980835,4.550000190734863,4.46999979019165,4.480000019073486,3.710454225540161,706000
2017-01-13,4.480000019073486,4.539999961853027,4.489999771118164,4.53000020980835,3.7518651485443115,872000
2017-01-16,4.5,4.53000020980835,4.389999866485596,4.400000095367432,3.644195795059204,1689000
2017-01-17,4.400000095367432,4.480000019073486,4.380000114440918,4.480000019073486,3.710454225540161,1444000
2017-01-18,4.489999771118164,4.639999866485596,4.480000019073486,4.610000133514404,3.8181231021881104,4410000
2017-01-19,4.599999904632568,4.599999904632568,4.53000020980835,4.579999923706055,3.7932770252227783,1306000
2017-01-20,4.559999942779541,4.630000114440918,4.510000228881836,4.579999923706055,3.7932770252227783,1480000
2017-01-23,4.559999942779541,4.639999866485596,4.539999961853027,4.610000133514404,3.8181231021881104,1378000
2017-01-24,4.650000095367432,4.829999923706055,4.650000095367432,4.820000171661377,3.992050886154175,7396000
2017-01-25,4.820000171661377,4.849999904632568,4.75,4.78000020980835,3.9589219093322754,1800000
2017-01-26,4.809999942779541,4.940000057220459,4.78000020980835,4.920000076293945,4.074873447418213,3588000
2017-01-27,4.929999828338623,4.989999771118164,4.840000152587891,4.880000114440918,4.041744232177734,484000
2017-02-01,4.880000114440918,4.880000114440918,4.769999980926514,4.869999885559082,4.033462047576904,888000
2017-02-02,4.829999923706055,4.860000133514404,4.739999771118164,4.769999980926514,3.950639486312866,1634000
2017-02-03,4.769999980926514,4.849999904632568,4.730000019073486,4.809999942779541,3.983768939971924,2913628
2017-02-06,4.849999904632568,4.920000076293945,4.789999961853027,4.840000152587891,4.008615493774414,3850000
2017-02-07,4.849999904632568,4.889999866485596,4.820000171661377,4.849999904632568,4.016897678375244,2198000
2017-02-08,4.809999942779541,4.880000114440918,4.78000020980835,4.860000133514404,4.025179862976074,2346000
2017-02-09,4.820000171661377,4.980000019073486,4.820000171661377,4.940000057220459,4.091437816619873,5018000
2017-02-10,4.989999771118164,5.050000190734863,4.920000076293945,4.940000057220459,4.091437816619873,4278000
2017-02-13,4.989999771118164,5.0,4.860000133514404,4.889999866485596,4.050026893615723,5280000
2017-02-14,4.900000095367432,4.940000057220459,4.860000133514404,4.920000076293945,4.074873447418213,3708000
2017-02-15,4.949999809265137,4.949999809265137,4.829999923706055,4.829999923706055,4.000333786010742,3956000
2017-02-16,4.869999885559082,4.909999847412109,4.829999923706055,4.900000095367432,4.0583086013793945,2238100
2017-02-17,4.869999885559082,4.929999828338623,4.760000228881836,4.800000190734863,3.9754860401153564,2578000
2017-02-20,4.820000171661377,4.849999904632568,4.78000020980835,4.840000152587891,4.008615493774414,2558000
2017-02-21,4.849999904632568,4.889999866485596,4.800000190734863,4.820000171661377,3.992050886154175,1638000
2017-02-22,4.800000190734863,4.980000019073486,4.800000190734863,4.96999979019165,4.116284370422363,4890000
2017-02-23,5.150000095367432,5.150000095367432,5.03000020980835,5.110000133514404,4.232235908508301,8751050
2017-02-24,5.090000152587891,5.090000152587891,4.980000019073486,4.989999771118164,4.132849216461182,3606000
2017-02-27,5.019999980926514,5.070000171661377,4.960000038146973,4.989999771118164,4.132849216461182,2346000
2017-02-28,4.980000019073486,5.050000190734863,4.960000038146973,4.960000038146973,4.10800313949585,1584200
2017-03-01,4.940000057220459,5.03000020980835,4.940000057220459,4.989999771118164,4.132849216461182,1912000
2017-03-02,5.03000020980835,5.090000152587891,4.980000019073486,5.010000228881836,4.1494140625,1902000
2017-03-03,4.989999771118164,5.0,4.920000076293945,4.989999771118164,4.132849216461182,2186000
2017-03-06,4.980000019073486,4.980000019073486,4.929999828338623,4.949999809265137,4.099720478057861,1608000
2017-03-07,4.929999828338623,5.039999961853027,4.929999828338623,5.010000228881836,4.1494140625,2458000
2017-03-08,4.980000019073486,5.010000228881836,4.949999809265137,4.989999771118164,4.132849216461182,756000
2017-03-09,5.039999961853027,5.079999923706055,4.880000114440918,4.929999828338623,4.083156108856201,2426000
2017-03-10,4.940000057220459,4.940000057220459,4.78000020980835,4.809999942779541,3.983768939971924,2776000
2017-03-13,4.809999942779541,4.909999847412109,4.710000038146973,4.900000095367432,4.0583086013793945,2444000
2017-03-14,4.900000095367432,4.900000095367432,4.840000152587891,4.860000133514404,4.025179862976074,436000
2017-03-15,4.889999866485596,4.889999866485596,4.820000171661377,4.829999923706055,4.000333786010742,1464000
2017-03-16,4.840000152587891,4.929999828338623,4.840000152587891,4.929999828338623,4.083156108856201,1688000
2017-03-17,4.940000057220459,4.940000057220459,4.860000133514404,4.920000076293945,4.074873447418213,1236000
2017-03-20,4.900000095367432,4.929999828338623,4.869999885559082,4.929999828338623,4.083156108856201,1372000
2017-03-21,4.940000057220459,4.980000019073486,4.900000095367432,4.980000019073486,4.124567031860352,1624000
2017-03-22,4.900000095367432,4.900000095367432,4.849999904632568,4.900000095367432,4.0583086013793945,938000
2017-03-23,4.96999979019165,4.96999979019165,4.849999904632568,4.849999904632568,4.016897678375244,1296000
2017-03-24,4.860000133514404,4.869999885559082,4.809999942779541,4.840000152587891,4.008615493774414,1258791
2017-03-27,4.849999904632568,4.880000114440918,4.670000076293945,4.710000038146973,3.9009461402893066,2042000
2017-03-28,4.730000019073486,4.769999980926514,4.71999979019165,4.75,3.934075117111206,1568000
2017-03-29,4.800000190734863,4.800000190734863,4.599999904632568,4.610000133514404,3.8181231021881104,2640000
2017-03-30,4.599999904632568,4.619999885559082,4.46999979019165,4.480000019073486,3.710454225540161,1532000
2017-03-31,4.5,4.539999961853027,4.460000038146973,4.539999961853027,3.7601475715637207,1164000
2017-04-03,4.550000190734863,4.599999904632568,4.519999980926514,4.559999942779541,3.77671217918396,1746000
2017-04-05,4.590000152587891,4.630000114440918,4.559999942779541,4.630000114440918,3.8346877098083496,1882000
2017-04-06,4.670000076293945,4.670000076293945,4.53000020980835,4.539999961853027,3.7601475715637207,990000
2017-04-07,4.539999961853027,4.579999923706055,4.539999961853027,4.550000190734863,3.768429756164551,1692000
2017-04-10,4.510000228881836,4.519999980926514,4.389999866485596,4.420000076293945,3.6607601642608643,3212000
2017-04-11,4.480000019073486,4.480000019073486,4.420000076293945,4.480000019073486,3.710454225540161,862000
2017-04-12,4.460000038146973,4.510000228881836,4.429999828338623,4.510000228881836,3.7353005409240723,1152000
2017-04-13,4.480000019073486,4.519999980926514,4.440000057220459,4.460000038146973,3.693889617919922,790000
2017-04-18,4.440000057220459,4.440000057220459,4.329999923706055,4.349999904632568,3.6027843952178955,1054000
2017-04-19,4.320000171661377,4.349999904632568,4.25,4.300000190734863,3.561373233795166,1210000
2017-04-20,4.289999961853027,4.380000114440918,4.25,4.369999885559082,3.619349241256714,1004000
2017-04-21,4.369999885559082,4.389999866485596,4.269999980926514,4.28000020980835,3.5448086261749268,1030000
2017-04-24,4.329999923706055,4.329999923706055,4.239999771118164,4.260000228881836,3.5282444953918457,1346000
2017-04-25,4.300000190734863,4.300000190734863,4.260000228881836,4.28000020980835,3.5448086261749268,1396000
2017-04-26,4.28000020980835,4.300000190734863,4.21999979019165,4.269999980926514,3.536526679992676,1640000
2017-04-27,4.269999980926514,4.269999980926514,4.150000095367432,4.150000095367432,3.4371395111083984,2238000
2017-04-28,4.179999828338623,4.210000038146973,4.179999828338623,4.199999809265137,3.478550434112549,581141
2017-05-02,4.199999809265137,4.199999809265137,4.150000095367432,4.159999847412109,3.4454214572906494,970000
2017-05-04,4.179999828338623,4.179999828338623,4.070000171661377,4.090000152587891,3.3874459266662598,2090000
2017-05-05,4.099999904632568,4.099999904632568,4.0,4.010000228881836,3.321187734603882,2016000
2017-05-08,4.019999980926514,4.059999942779541,3.9600000381469727,4.0,3.3129050731658936,1576000
2017-05-09,4.059999942779541,4.130000114440918,4.010000228881836,4.119999885559082,3.41229248046875,1512000
2017-05-10,4.130000114440918,4.130000114440918,4.010000228881836,4.019999980926514,3.329469919204712,2078000
2017-05-11,4.070000171661377,4.119999885559082,4.019999980926514,4.090000152587891,3.3874459266662598,1818000
2017-05-12,4.099999904632568,4.099999904632568,4.010000228881836,4.019999980926514,3.329469919204712,1980000
2017-05-15,4.03000020980835,4.050000190734863,4.010000228881836,4.050000190734863,3.3543167114257812,1152000
2017-05-16,4.050000190734863,4.059999942779541,4.0,4.050000190734863,3.3543167114257812,1700000
2017-05-17,4.050000190734863,4.059999942779541,4.019999980926514,4.039999961853027,3.346034049987793,946000
2017-05-18,4.010000228881836,4.079999923706055,3.990000009536743,4.019999980926514,3.329469919204712,1936000
2017-05-19,4.039999961853027,4.039999961853027,4.0,4.039999961853027,3.346034049987793,614000
2017-05-22,4.019999980926514,4.059999942779541,4.0,4.039999961853027,3.346034049987793,1740000
2017-05-23,4.059999942779541,4.059999942779541,3.9600000381469727,3.990000009536743,3.3046228885650635,3288000
2017-05-24,3.990000009536743,3.990000009536743,3.9100000858306885,3.9700000286102295,3.2880587577819824,1608000
2017-05-25,4.019999980926514,4.019999980926514,3.9200000762939453,3.990000009536743,3.3046228885650635,2966000
2017-05-26,3.9700000286102295,4.079999923706055,3.9600000381469727,3.9700000286102295,3.2880587577819824,1518000
2017-05-29,3.990000009536743,4.0,3.9600000381469727,3.9600000381469727,3.2797765731811523,754000
2017-05-31,3.9600000381469727,4.0,3.940000057220459,4.0,3.3129050731658936,1698000
2017-06-01,3.9800000190734863,4.010000228881836,3.950000047683716,3.950000047683716,3.271494150161743,939363
2017-06-02,3.950000047683716,3.990000009536743,3.9600000381469727,3.990000009536743,3.3046228885650635,676000
2017-06-05,3.990000009536743,4.019999980926514,3.9600000381469727,3.9800000190734863,3.2963407039642334,1384000
2017-06-06,4.010000228881836,4.010000228881836,3.9600000381469727,3.9700000286102295,3.2880587577819824,878000
2017-06-07,4.0,4.010000228881836,3.990000009536743,4.0,3.3129050731658936,1002000
2017-06-08,4.019999980926514,4.179999828338623,4.019999980926514,4.159999847412109,3.4454214572906494,4566000
2017-06-09,4.170000076293945,4.170000076293945,4.050000190734863,4.079999923706055,3.3791632652282715,1942000
2017-06-12,4.070000171661377,4.070000171661377,3.9800000190734863,3.990000009536743,3.3046228885650635,1240000
2017-06-13,4.0,4.039999961853027,3.9800000190734863,4.010000228881836,3.321187734603882,1164000
2017-06-14,4.039999961853027,4.039999961853027,4.0,4.019999980926514,3.329469919204712,772000
2017-06-15,4.03000020980835,4.090000152587891,4.019999980926514,4.019999980926514,3.329469919204712,2116000
2017-06-16,4.03000020980835,4.059999942779541,4.03000020980835,4.039999961853027,3.346034049987793,1214000
2017-06-19,4.0,4.03000020980835,3.990000009536743,4.010000228881836,3.374885082244873,1162000
2017-06-20,4.010000228881836,4.039999961853027,4.0,4.010000228881836,3.374885082244873,834000
2017-06-21,4.019999980926514,4.099999904632568,4.010000228881836,4.03000020980835,3.3917176723480225,1553307
2017-06-22,4.039999961853027,4.150000095367432,4.019999980926514,4.070000171661377,3.425381898880005,2310000
2017-06-23,4.099999904632568,4.119999885559082,4.039999961853027,4.050000190734863,3.4085497856140137,864284
2017-06-26,4.03000020980835,4.059999942779541,4.019999980926514,4.039999961853027,3.4001331329345703,1942000
2017-06-27,4.03000020980835,4.050000190734863,3.9800000190734863,4.0,3.366468667984009,2108000
2017-06-28,3.990000009536743,3.990000009536743,3.9200000762939453,3.940000057220459,3.315971851348877,2234800
2017-06-29,3.950000047683716,3.9600000381469727,3.9200000762939453,3.9600000381469727,3.3328042030334473,2694000
2017-06-30,3.930000066757202,3.950000047683716,3.930000066757202,3.930000066757202,3.307555675506592,810000
2017-07-03,3.940000057220459,3.990000009536743,3.940000057220459,3.9800000190734863,3.3496363162994385,896000
2017-07-04,3.990000009536743,3.990000009536743,3.9100000858306885,3.9200000762939453,3.2991394996643066,1840000
2017-07-05,3.9200000762939453,3.950000047683716,3.9100000858306885,3.950000047683716,3.324388027191162,616000
2017-07-06,3.950000047683716,3.9600000381469727,3.9200000762939453,3.940000057220459,3.315971851348877,660000
2017-07-07,3.940000057220459,3.950000047683716,3.930000066757202,3.950000047683716,3.324388027191162,834000
2017-07-10,3.950000047683716,4.0,3.940000057220459,3.9700000286102295,3.3412203788757324,806000
2017-07-11,3.9800000190734863,4.03000020980835,3.9700000286102295,4.010000228881836,3.374885082244873,1562000
2017-07-12,4.019999980926514,4.039999961853027,4.010000228881836,4.010000228881836,3.374885082244873,728000
2017-07-13,4.019999980926514,4.050000190734863,3.9200000762939453,4.03000020980835,3.3917176723480225,1718000
2017-07-14,4.039999961853027,4.130000114440918,4.03000020980835,4.099999904632568,3.4506301879882812,2736000
2017-07-17,4.110000133514404,4.130000114440918,4.03000020980835,4.050000190734863,3.4085497856140137,2142000
2017-07-18,4.050000190734863,4.050000190734863,4.0,4.019999980926514,3.383301258087158,762980
2017-07-19,4.019999980926514,4.090000152587891,4.019999980926514,4.090000152587891,3.4422144889831543,1004000
2017-07-20,4.090000152587891,4.170000076293945,4.070000171661377,4.139999866485596,3.484295129776001,3861000
2017-07-21,4.159999847412109,4.159999847412109,4.079999923706055,4.110000133514404,3.4590466022491455,1958000
2017-07-24,4.079999923706055,4.099999904632568,4.070000171661377,4.079999923706055,3.43379807472229,1422000
2017-07-25,4.070000171661377,4.079999923706055,4.019999980926514,4.03000020980835,3.3917176723480225,828000
2017-07-26,4.019999980926514,4.070000171661377,4.019999980926514,4.039999961853027,3.4001331329345703,784000
2017-07-27,4.039999961853027,4.059999942779541,4.019999980926514,4.039999961853027,3.4001331329345703,708000
2017-07-28,4.039999961853027,4.059999942779541,4.019999980926514,4.059999942779541,3.4169657230377197,1290000
2017-07-31,3.940000057220459,3.950000047683716,3.6500000953674316,3.7200000286102295,3.1308159828186035,9941000
2017-08-01,3.7200000286102295,3.7799999713897705,3.7200000286102295,3.740000009536743,3.1476480960845947,2570000
2017-08-02,3.7200000286102295,3.75,3.700000047683716,3.740000009536743,3.1476480960845947,2084000
2017-08-03,3.740000009536743,3.75,3.7200000286102295,3.740000009536743,3.1476480960845947,906000
2017-08-04,3.740000009536743,3.75,3.7200000286102295,3.7300000190734863,3.1392323970794678,1456000
2017-08-07,3.7200000286102295,3.759999990463257,3.7100000381469727,3.759999990463257,3.164480686187744,1394000
2017-08-08,3.75,3.7699999809265137,3.7300000190734863,3.759999990463257,3.164480686187744,1912000
2017-08-09,3.759999990463257,3.759999990463257,3.7300000190734863,3.740000009536743,3.1476480960845947,620000
2017-08-10,3.7300000190734863,3.75,3.640000104904175,3.6700000762939453,3.088735342025757,2476000
2017-08-11,3.6700000762939453,3.6700000762939453,3.5999999046325684,3.609999895095825,3.0382378101348877,2167964
2017-08-14,3.609999895095825,3.6500000953674316,3.5999999046325684,3.640000104904175,3.0634865760803223,838000
2017-08-15,3.640000104904175,3.6600000858306885,3.609999895095825,3.640000104904175,3.0634865760803223,676000
2017-08-16,3.640000104904175,3.6600000858306885,3.609999895095825,3.6600000858306885,3.0803191661834717,586000
2017-08-17,3.6600000858306885,3.6700000762939453,3.630000114440918,3.6700000762939453,3.088735342025757,798000
2017-08-18,3.6500000953674316,3.6600000858306885,3.630000114440918,3.630000114440918,3.055070400238037,504000
2017-08-21,3.6500000953674316,3.6500000953674316,3.619999885559082,3.630000114440918,3.055070400238037,372000
2017-08-22,3.640000104904175,3.6600000858306885,3.619999885559082,3.6500000953674316,3.0719027519226074,584000
2017-08-23,3.6500000953674316,3.6500000953674316,3.6500000953674316,3.6500000953674316,3.0719027519226074,0
2017-08-24,3.6700000762939453,3.6700000762939453,3.609999895095825,3.609999895095825,3.0382378101348877,695925
2017-08-25,3.630000114440918,3.6700000762939453,3.609999895095825,3.6600000858306885,3.0803191661834717,968000
2017-08-28,3.6700000762939453,3.680000066757202,3.6500000953674316,3.6600000858306885,3.0803191661834717,792000
2017-08-29,3.6600000858306885,3.6600000858306885,3.619999885559082,3.630000114440918,3.055070400238037,3000000
2017-08-30,3.630000114440918,3.6500000953674316,3.630000114440918,3.6500000953674316,3.0719027519226074,450000
2017-08-31,3.6500000953674316,3.6500000953674316,3.619999885559082,3.6500000953674316,3.0719027519226074,1296000
2017-09-01,3.6600000858306885,3.6600000858306885,3.630000114440918,3.6500000953674316,3.0719027519226074,1166000
2017-09-04,3.6500000953674316,3.680000066757202,3.630000114440918,3.640000104904175,3.0634865760803223,732000
2017-09-05,3.6500000953674316,3.680000066757202,3.640000104904175,3.6700000762939453,3.088735342025757,644000
2017-09-06,3.6700000762939453,3.6700000762939453,3.619999885559082,3.6500000953674316,3.0719027519226074,995000
2017-09-07,3.6500000953674316,3.6700000762939453,3.6500000953674316,3.6600000858306885,3.0803191661834717,438000
2017-09-08,3.6600000858306885,3.680000066757202,3.6500000953674316,3.680000066757202,3.097151279449463,790000
2017-09-11,3.680000066757202,3.690000057220459,3.6700000762939453,3.6700000762939453,3.088735342025757,746000
2017-09-12,3.680000066757202,3.690000057220459,3.6700000762939453,3.690000057220459,3.105567455291748,646000
2017-09-13,3.6600000858306885,3.75,3.6600000858306885,3.740000009536743,3.1476480960845947,1158000
2017-09-14,3.759999990463257,3.7699999809265137,3.700000047683716,3.7100000381469727,3.1223998069763184,1432000
2017-09-15,3.7300000190734863,3.7300000190734863,3.6700000762939453,3.700000047683716,3.113983631134033,936000
2017-09-18,3.700000047683716,3.740000009536743,3.700000047683716,3.700000047683716,3.113983631134033,992000
2017-09-19,3.7200000286102295,3.7899999618530273,3.700000047683716,3.7699999809265137,3.1728968620300293,1942000
2017-09-20,3.7799999713897705,3.7799999713897705,3.75,3.759999990463257,3.164480686187744,654000
2017-09-21,3.759999990463257,3.7799999713897705,3.75,3.7799999713897705,3.1813130378723145,774000
2017-09-22,3.7799999713897705,3.7799999713897705,3.7300000190734863,3.740000009536743,3.1476480960845947,635637
2017-09-25,3.7100000381469727,3.740000009536743,3.680000066757202,3.680000066757202,3.097151279449463,858000
2017-09-26,3.680000066757202,3.7300000190734863,3.6500000953674316,3.7200000286102295,3.1308159828186035,784000
2017-09-27,3.7200000286102295,3.740000009536743,3.700000047683716,3.7100000381469727,3.1223998069763184,524000
2017-09-28,3.7100000381469727,3.75,3.700000047683716,3.7200000286102295,3.1308159828186035,504000
2017-09-29,3.7200000286102295,3.75,3.6700000762939453,3.7300000190734863,3.1392323970794678,436000
2017-10-03,3.7799999713897705,3.7799999713897705,3.7300000190734863,3.7699999809265137,3.1728968620300293,520000
2017-10-04,3.7699999809265137,3.7799999713897705,3.7300000190734863,3.759999990463257,3.164480686187744,348000
2017-10-06,3.759999990463257,3.799999952316284,3.75,3.7699999809265137,3.1728968620300293,766000
2017-10-09,3.7899999618530273,3.950000047683716,3.7899999618530273,3.930000066757202,3.307555675506592,7679725
2017-10-10,3.930000066757202,3.940000057220459,3.8499999046325684,3.9000000953674316,3.2823073863983154,1775000
2017-10-11,3.880000114440918,3.9000000953674316,3.8399999141693115,3.8499999046325684,3.2402260303497314,1284000
2017-10-12,3.8399999141693115,3.890000104904175,3.8299999237060547,3.880000114440918,3.265474557876587,1086000
2017-10-13,3.880000114440918,3.950000047683716,3.8399999141693115,3.9100000858306885,3.2907233238220215,1749949
2017-10-16,3.880000114440918,4.019999980926514,3.880000114440918,3.990000009536743,3.3580524921417236,2586000
2017-10-17,4.0,4.010000228881836,3.9200000762939453,3.950000047683716,3.324388027191162,1002000
2017-10-18,3.9600000381469727,3.9800000190734863,3.9200000762939453,3.9200000762939453,3.2991394996643066,1260763
2017-10-19,3.9200000762939453,3.9600000381469727,3.7799999713897705,3.7899999618530273,3.1897292137145996,1582000
2017-10-20,3.7799999713897705,3.890000104904175,3.7799999713897705,3.880000114440918,3.265474557876587,1332000
2017-10-23,3.880000114440918,3.880000114440918,3.8299999237060547,3.880000114440918,3.265474557876587,662971
2017-10-24,3.9000000953674316,3.9200000762939453,3.8499999046325684,3.8499999046325684,3.2402260303497314,654000
2017-10-25,3.8499999046325684,3.859999895095825,3.799999952316284,3.819999933242798,3.214977502822876,764643
2017-10-26,3.799999952316284,3.859999895095825,3.799999952316284,3.799999952316284,3.1981451511383057,866368
2017-10-27,3.7899999618530273,3.8299999237060547,3.7799999713897705,3.7799999713897705,3.1813130378723145,1126000
2017-10-30,3.799999952316284,3.819999933242798,3.7200000286102295,3.7799999713897705,3.1813130378723145,1288000
2017-10-31,3.740000009536743,3.819999933242798,3.7200000286102295,3.809999942779541,3.206561326980591,1152000
2017-11-01,3.759999990463257,3.809999942779541,3.75,3.75,3.15606427192688,670000
2017-11-02,3.799999952316284,3.859999895095825,3.759999990463257,3.7899999618530273,3.1897292137145996,1702000
2017-11-03,3.819999933242798,3.819999933242798,3.75,3.7699999809265137,3.1728968620300293,778000
2017-11-06,3.809999942779541,3.809999942779541,3.7300000190734863,3.740000009536743,3.1476480960845947,658000
2017-11-07,3.759999990463257,3.759999990463257,3.7100000381469727,3.7300000190734863,3.1392323970794678,1152000
2017-11-08,3.759999990463257,3.759999990463257,3.7100000381469727,3.7200000286102295,3.1308159828186035,640000
2017-11-09,3.7200000286102295,3.75,3.700000047683716,3.7100000381469727,3.1223998069763184,1423028
2017-11-10,3.7100000381469727,3.75,3.700000047683716,3.700000047683716,3.113983631134033,1072000
2017-11-13,3.700000047683716,3.700000047683716,3.640000104904175,3.640000104904175,3.0634865760803223,1356000
2017-11-14,3.640000104904175,3.6600000858306885,3.640000104904175,3.640000104904175,3.0634865760803223,662000
2017-11-15,3.640000104904175,3.640000104904175,3.5999999046325684,3.5999999046325684,3.0298218727111816,2018000
2017-11-16,3.5999999046325684,3.609999895095825,3.5,3.5,2.94566011428833,4280000
2017-11-17,3.5299999713897705,3.5299999713897705,3.450000047683716,3.4600000381469727,2.9119956493377686,3194000
2017-11-20,3.5,3.5,3.319999933242798,3.369999885559082,2.836249828338623,3346000
2017-11-21,3.380000114440918,3.4000000953674316,3.3499999046325684,3.380000114440918,2.844666004180908,889000
2017-11-22,3.359999895095825,3.4100000858306885,3.3299999237060547,3.380000114440918,2.844666004180908,2300000
2017-11-23,3.380000114440918,3.4100000858306885,3.319999933242798,3.3299999237060547,2.8025851249694824,1866000
2017-11-24,3.319999933242798,3.3499999046325684,3.319999933242798,3.3399999141693115,2.8110013008117676,790000
2017-11-27,3.3299999237060547,3.3299999237060547,3.2899999618530273,3.2899999618530273,2.768920421600342,1534000
2017-11-28,3.2899999618530273,3.299999952316284,3.25,3.2799999713897705,2.7605044841766357,1196000
2017-11-29,3.2799999713897705,3.299999952316284,3.2699999809265137,3.2799999713897705,2.7605044841766357,536000
2017-11-30,3.299999952316284,3.299999952316284,3.2300000190734863,3.240000009536743,2.726839780807495,1216610
2017-12-01,3.240000009536743,3.240000009536743,3.2300000190734863,3.2300000190734863,2.71842360496521,960000
2017-12-04,3.240000009536743,3.25,3.200000047683716,3.200000047683716,2.6931750774383545,1408000
2017-12-05,3.2100000381469727,3.2100000381469727,3.1600000858306885,3.1600000858306885,2.6595101356506348,891500
2017-12-06,3.1600000858306885,3.1700000762939453,3.069999933242798,3.0899999141693115,2.6005969047546387,1455000
2017-12-07,3.0999999046325684,3.119999885559082,3.049999952316284,3.059999942779541,2.5753486156463623,1362000
2017-12-08,3.0799999237060547,3.0899999141693115,3.059999942779541,3.0899999141693115,2.6005969047546387,412000
2017-12-11,3.0799999237060547,3.2100000381469727,3.0799999237060547,3.190000057220459,2.6847589015960693,1420000
2017-12-12,3.180000066757202,3.25,3.180000066757202,3.190000057220459,2.6847589015960693,1942000
2017-12-13,3.1700000762939453,3.190000057220459,3.1600000858306885,3.180000066757202,2.6763429641723633,874000
2017-12-14,3.180000066757202,3.240000009536743,3.1600000858306885,3.2300000190734863,2.71842360496521,1120000
2017-12-15,3.25,3.25,3.190000057220459,3.200000047683716,2.6931750774383545,1537856
2017-12-18,3.2200000286102295,3.2200000286102295,3.180000066757202,3.2200000286102295,2.710007429122925,330000
2017-12-19,3.200000047683716,3.2100000381469727,3.200000047683716,3.2100000381469727,2.7015912532806396,204000
2017-12-20,3.2100000381469727,3.25,3.200000047683716,3.240000009536743,2.726839780807495,590000
2017-12-21,3.2699999809265137,3.2699999809265137,3.2100000381469727,3.25,2.7352559566497803,884000
2017-12-22,3.2699999809265137,3.299999952316284,3.25,3.2899999618530273,2.768920421600342,724758
2017-12-27,3.5999999046325684,3.5999999046325684,3.5,3.5199999809265137,2.9624924659729004,6514000
2017-12-28,3.5,3.5,3.4000000953674316,3.4200000762939453,2.878330945968628,2470000
2017-12-29,3.430000066757202,3.4600000381469727,3.390000104904175,3.390000104904175,2.8530821800231934,1262000
2018-01-02,3.4100000858306885,3.4800000190734863,3.4100000858306885,3.430000066757202,2.886747121810913,1566000
2018-01-03,3.5,3.5199999809265137,3.450000047683716,3.4600000381469727,2.9119956493377686,1588000
2018-01-04,3.5,3.5299999713897705,3.4000000953674316,3.450000047683716,2.9035792350769043,1278000
2018-01-05,3.450000047683716,3.4800000190734863,3.4100000858306885,3.4800000190734863,2.9288277626037598,1294000
2018-01-08,3.4800000190734863,3.5,3.440000057220459,3.4700000286102295,2.9204118251800537,1542000
2018-01-09,3.509999990463257,3.509999990463257,3.440000057220459,3.4800000190734863,2.9288277626037598,1595000
2018-01-10,3.4800000190734863,3.490000009536743,3.4100000858306885,3.4200000762939453,2.878330945968628,1152000
2018-01-11,3.430000066757202,3.440000057220459,3.4000000953674316,3.4000000953674316,2.8614983558654785,1504000
2018-01-12,3.4000000953674316,3.4200000762939453,3.380000114440918,3.390000104904175,2.8530821800231934,1088000
2018-01-15,3.4000000953674316,3.4000000953674316,3.309999942779541,3.309999942779541,2.785753011703491,2392000
2018-01-16,3.3299999237060547,3.369999885559082,3.309999942779541,3.359999895095825,2.827833652496338,1738000
2018-01-17,3.359999895095825,3.369999885559082,3.3299999237060547,3.359999895095825,2.827833652496338,1238000
2018-01-18,3.369999885559082,3.390000104904175,3.319999933242798,3.369999885559082,2.836249828338623,2258400
2018-01-19,3.3299999237060547,3.5299999713897705,3.3299999237060547,3.5199999809265137,2.9624924659729004,4882000
2018-01-22,3.5299999713897705,3.5999999046325684,3.5,3.559999942779541,2.996156930923462,3368000
2018-01-23,3.569999933242798,3.5999999046325684,3.509999990463257,3.559999942779541,2.996156930923462,3504000
2018-01-24,3.559999942779541,3.569999933242798,3.4800000190734863,3.5,2.94566011428833,2756000
2018-01-25,3.5,3.5199999809265137,3.4700000286102295,3.4700000286102295,2.9204118251800537,1953500
2018-01-26,3.509999990463257,3.549999952316284,3.4800000190734863,3.5,2.94566011428833,978000
2018-01-29,3.509999990463257,3.549999952316284,3.4800000190734863,3.5299999713897705,2.9709086418151855,2400000
2018-01-30,3.5299999713897705,3.5399999618530273,3.440000057220459,3.4600000381469727,2.9119956493377686,1552000
2018-01-31,3.4100000858306885,3.440000057220459,3.2699999809265137,3.319999933242798,2.7941689491271973,3212000
2018-02-01,3.3499999046325684,3.3499999046325684,3.25,3.25,2.7352559566497803,1432972
2018-02-02,3.309999942779541,3.309999942779541,3.200000047683716,3.2699999809265137,2.7520880699157715,1326000
2018-02-05,3.200000047683716,3.2699999809265137,3.1700000762939453,3.240000009536743,2.726839780807495,1584000
2018-02-06,3.200000047683716,3.200000047683716,3.0299999713897705,3.049999952316284,2.566932439804077,4869000
2018-02-07,3.0999999046325684,3.1700000762939453,3.049999952316284,3.049999952316284,2.566932439804077,2590000
2018-02-08,3.0799999237060547,3.0999999046325684,3.059999942779541,3.0799999237060547,2.5921807289123535,1253390
2018-02-09,3.0399999618530273,3.049999952316284,2.8499999046325684,2.9000000953674316,2.440690040588379,3358000
2018-02-12,2.9000000953674316,3.0399999618530273,2.890000104904175,3.0,2.5248515605926514,1884000
2018-02-13,3.0199999809265137,3.0899999141693115,3.0199999809265137,3.0399999618530273,2.558516263961792,1436000
2018-02-14,3.0799999237060547,3.0799999237060547,3.0,3.059999942779541,2.5753486156463623,596000
2018-02-15,3.059999942779541,3.140000104904175,3.0199999809265137,3.0999999046325684,2.609013080596924,854000
2018-02-20,3.109999895095825,3.140000104904175,3.069999933242798,3.140000104904175,2.6426780223846436,912000
2018-02-21,3.1600000858306885,3.1600000858306885,3.0999999046325684,3.1600000858306885,2.6595101356506348,510000
2018-02-22,3.1500000953674316,3.1500000953674316,3.0999999046325684,3.109999895095825,2.617429256439209,754000
2018-02-23,3.1500000953674316,3.240000009536743,3.130000114440918,3.240000009536743,2.726839780807495,3004000
2018-02-26,3.240000009536743,3.2899999618530273,3.190000057220459,3.190000057220459,2.6847589015960693,1856000
2018-02-27,3.190000057220459,3.2300000190734863,3.130000114440918,3.140000104904175,2.6426780223846436,672000
2018-02-28,3.109999895095825,3.130000114440918,3.0999999046325684,3.0999999046325684,2.609013080596924,636000
2018-03-01,3.0999999046325684,3.180000066757202,3.0999999046325684,3.1600000858306885,2.6595101356506348,676000
2018-03-02,3.130000114440918,3.180000066757202,3.109999895095825,3.1500000953674316,2.6510941982269287,1226000
2018-03-05,3.1500000953674316,3.1500000953674316,3.049999952316284,3.059999942779541,2.5753486156463623,824000
2018-03-06,3.109999895095825,3.200000047683716,3.0899999141693115,3.1500000953674316,2.6510941982269287,536000
2018-03-07,3.140000104904175,3.1600000858306885,3.0399999618530273,3.0799999237060547,2.5921807289123535,592000
2018-03-08,3.0899999141693115,3.109999895095825,3.049999952316284,3.0999999046325684,2.609013080596924,530000
2018-03-09,3.0999999046325684,3.119999885559082,3.0799999237060547,3.0999999046325684,2.609013080596924,434000
2018-03-12,3.1500000953674316,3.1600000858306885,3.109999895095825,3.130000114440918,2.6342618465423584,768000
2018-03-13,3.140000104904175,3.180000066757202,3.109999895095825,3.119999885559082,2.625845432281494,1006000
2018-03-14,3.0899999141693115,3.0999999046325684,3.059999942779541,3.0999999046325684,2.609013080596924,654000
2018-03-15,3.059999942779541,3.0899999141693115,3.059999942779541,3.0799999237060547,2.5921807289123535,418000
2018-03-16,3.069999933242798,3.0799999237060547,3.0299999713897705,3.0299999713897705,2.5500998497009277,742008
2018-03-19,3.009999990463257,3.059999942779541,3.009999990463257,3.0299999713897705,2.5500998497009277,1050000
2018-03-20,3.0299999713897705,3.0999999046325684,2.9800000190734863,3.0299999713897705,2.5500998497009277,1598000
2018-03-21,3.0399999618530273,3.059999942779541,3.009999990463257,3.059999942779541,2.5753486156463623,1162000
2018-03-22,3.0299999713897705,3.0799999237060547,3.0199999809265137,3.069999933242798,2.5837647914886475,768000
2018-03-23,3.009999990463257,3.059999942779541,2.9700000286102295,2.990000009536743,2.516435384750366,1639153
2018-03-26,2.990000009536743,2.990000009536743,2.9100000858306885,2.940000057220459,2.4743545055389404,1026000
2018-03-27,2.9600000381469727,2.990000009536743,2.930000066757202,2.930000066757202,2.4659383296966553,374000
2018-03-28,2.930000066757202,2.930000066757202,2.890000104904175,2.9000000953674316,2.440690040588379,792000
2018-03-29,2.9200000762939453,2.9700000286102295,2.880000114440918,2.9200000762939453,2.45752215385437,808000
2018-04-03,2.8499999046325684,2.9200000762939453,2.8499999046325684,2.9200000762939453,2.45752215385437,430000
2018-04-04,2.9200000762939453,3.059999942779541,2.9000000953674316,2.930000066757202,2.4659383296966553,1460000
2018-04-06,2.930000066757202,2.9800000190734863,2.9000000953674316,2.9800000190734863,2.50801944732666,464000
2018-04-09,2.9800000190734863,3.0,2.9100000858306885,2.950000047683716,2.4827709197998047,480000
2018-04-10,2.950000047683716,2.9700000286102295,2.9100000858306885,2.930000066757202,2.4659383296966553,568000
2018-04-11,2.940000057220459,2.9700000286102295,2.9200000762939453,2.930000066757202,2.4659383296966553,406000
2018-04-12,2.930000066757202,2.950000047683716,2.890000104904175,2.890000104904175,2.4322736263275146,1102000
2018-04-13,2.890000104904175,2.940000057220459,2.890000104904175,2.9000000953674316,2.440690040588379,306000
2018-04-16,2.9100000858306885,2.9100000858306885,2.8399999141693115,2.890000104904175,2.4322736263275146,434000
2018-04-17,2.9000000953674316,2.9100000858306885,2.8399999141693115,2.8399999141693115,2.390192747116089,290000
2018-04-18,2.8499999046325684,2.890000104904175,2.7899999618530273,2.809999942779541,2.3649442195892334,1178000
2018-04-19,2.7899999618530273,2.8499999046325684,2.7899999618530273,2.8499999046325684,2.398608922958374,600000
2018-04-20,2.8299999237060547,2.8399999141693115,2.759999990463257,2.7799999713897705,2.339695930480957,802000
2018-04-23,2.7699999809265137,2.7699999809265137,2.7100000381469727,2.7200000286102295,2.289198875427246,876000
2018-04-24,2.7200000286102295,2.7799999713897705,2.7100000381469727,2.7300000190734863,2.297614812850952,750000
2018-04-25,2.7300000190734863,2.7300000190734863,2.700000047683716,2.7300000190734863,2.297614812850952,344000
2018-04-26,2.75,2.75,2.680000066757202,2.690000057220459,2.2639503479003906,684000
2018-04-27,2.7100000381469727,2.740000009536743,2.6500000953674316,2.680000066757202,2.2555339336395264,758000
2018-04-30,2.6700000762939453,2.759999990463257,2.6700000762939453,2.75,2.3144474029541016,1080000
2018-05-02,2.7799999713897705,2.799999952316284,2.740000009536743,2.7899999618530273,2.348111867904663,846393
2018-05-03,2.759999990463257,2.799999952316284,2.759999990463257,2.7899999618530273,2.348111867904663,1042000
2018-05-04,2.7899999618530273,2.8299999237060547,2.75,2.8299999237060547,2.3817765712738037,1384000
2018-05-07,2.859999895095825,2.859999895095825,2.7899999618530273,2.8299999237060547,2.3817765712738037,522000
2018-05-08,2.8299999237060547,2.8299999237060547,2.7899999618530273,2.7899999618530273,2.348111867904663,540000
2018-05-09,2.869999885559082,2.8299999237060547,2.7799999713897705,2.7899999618530273,2.348111867904663,312000
2018-05-10,2.809999942779541,2.8399999141693115,2.7899999618530273,2.8299999237060547,2.3817765712738037,418000
2018-05-11,2.8499999046325684,2.8499999046325684,2.809999942779541,2.8299999237060547,2.3817765712738037,456000
2018-05-14,2.819999933242798,2.859999895095825,2.809999942779541,2.809999942779541,2.3649442195892334,488000
2018-05-15,2.809999942779541,2.8299999237060547,2.799999952316284,2.809999942779541,2.3649442195892334,474000
2018-05-16,2.8299999237060547,2.8299999237060547,2.7899999618530273,2.799999952316284,2.3565280437469482,228799
2018-05-17,2.809999942779541,2.8399999141693115,2.7899999618530273,2.8299999237060547,2.3817765712738037,174000
2018-05-18,2.8299999237060547,2.8499999046325684,2.819999933242798,2.8399999141693115,2.390192747116089,404000
2018-05-21,2.8399999141693115,2.869999885559082,2.8299999237060547,2.869999885559082,2.4154412746429443,660000
2018-05-23,2.869999885559082,2.880000114440918,2.8299999237060547,2.8499999046325684,2.398608922958374,694000
2018-05-24,2.859999895095825,2.869999885559082,2.8299999237060547,2.8399999141693115,2.390192747116089,250000
2018-05-25,2.8499999046325684,2.859999895095825,2.8299999237060547,2.8299999237060547,2.3817765712738037,388000
2018-05-28,2.8399999141693115,2.859999895095825,2.799999952316284,2.8399999141693115,2.390192747116089,168000
2018-05-29,2.859999895095825,2.869999885559082,2.7200000286102295,2.7799999713897705,2.339695930480957,662000
2018-05-30,2.7300000190734863,2.799999952316284,2.7100000381469727,2.7799999713897705,2.339695930480957,652000
2018-05-31,2.7899999618530273,2.7899999618530273,2.700000047683716,2.700000047683716,2.2723662853240967,1159498
2018-06-01,2.7300000190734863,2.990000009536743,2.7300000190734863,2.950000047683716,2.4827709197998047,5548000
2018-06-04,2.950000047683716,2.9600000381469727,2.890000104904175,2.930000066757202,2.4659383296966553,1482000
2018-06-05,2.9000000953674316,2.9600000381469727,2.799999952316284,2.799999952316284,2.3565280437469482,1862000
2018-06-06,2.8399999141693115,2.9000000953674316,2.8299999237060547,2.880000114440918,2.4238576889038086,738000
2018-06-07,2.880000114440918,2.9200000762939453,2.8399999141693115,2.859999895095825,2.40702486038208,452400
2018-06-08,2.8499999046325684,2.8499999046325684,2.819999933242798,2.8299999237060547,2.3817765712738037,464000
2018-06-11,2.799999952316284,2.8499999046325684,2.799999952316284,2.8299999237060547,2.3817765712738037,480000
2018-06-12,2.880000114440918,2.880000114440918,2.8399999141693115,2.869999885559082,2.4154412746429443,324000
2018-06-13,2.8399999141693115,2.8399999141693115,2.8299999237060547,2.8299999237060547,2.3817765712738037,502000
2018-06-14,2.799999952316284,2.8399999141693115,2.7899999618530273,2.7899999618530273,2.348111867904663,346000
2018-06-15,2.809999942779541,2.8299999237060547,2.799999952316284,2.809999942779541,2.3649442195892334,458000
2018-06-19,2.759999990463257,2.7899999618530273,2.619999885559082,2.6600000858306885,2.238701820373535,2138000
2018-06-20,2.6600000858306885,2.700000047683716,2.6600000858306885,2.6600000858306885,2.238701820373535,458000
2018-06-21,2.700000047683716,2.700000047683716,2.630000114440918,2.640000104904175,2.221869468688965,244000
2018-06-22,2.640000104904175,2.6600000858306885,2.559999942779541,2.5999999046325684,2.188204526901245,640044
2018-06-25,2.5999999046325684,2.690000057220459,2.5999999046325684,2.619999885559082,2.2050368785858154,596000
2018-06-26,2.619999885559082,2.619999885559082,2.549999952316284,2.5799999237060547,2.171372413635254,442000
2018-06-27,2.5999999046325684,2.5999999046325684,2.5299999713897705,2.5299999713897705,2.1292917728424072,832000
2018-06-28,2.559999942779541,2.559999942779541,2.509999990463257,2.5199999809265137,2.120875358581543,750000
2018-06-29,2.5299999713897705,2.640000104904175,2.5199999809265137,2.5899999141693115,2.179788589477539,342000
2018-07-03,2.5999999046325684,2.5999999046325684,2.5199999809265137,2.5899999141693115,2.179788589477539,700000
2018-07-04,2.5399999618530273,2.640000104904175,2.5199999809265137,2.5299999713897705,2.1292917728424072,630000
2018-07-05,2.5799999237060547,2.559999942779541,2.4800000190734863,2.490000009536743,2.0956268310546875,604000
2018-07-06,2.5299999713897705,2.6700000762939453,2.5299999713897705,2.5799999237060547,2.171372413635254,1122000
2018-07-09,2.609999895095825,2.609999895095825,2.549999952316284,2.569999933242798,2.1629559993743896,358000
2018-07-10,2.5399999618530273,2.569999933242798,2.509999990463257,2.5199999809265137,2.120875358581543,598416
2018-07-11,2.509999990463257,2.5399999618530273,2.4800000190734863,2.490000009536743,2.0956268310546875,336000
2018-07-12,2.5299999713897705,2.5799999237060547,2.5,2.5299999713897705,2.1292917728424072,556000
2018-07-13,2.509999990463257,2.5299999713897705,2.5,2.509999990463257,2.112459182739258,384000
2018-07-16,2.509999990463257,2.549999952316284,2.5,2.5299999713897705,2.1292917728424072,224000
2018-07-17,2.559999942779541,2.569999933242798,2.5,2.5399999618530273,2.1377077102661133,174000
2018-07-18,2.5399999618530273,2.549999952316284,2.509999990463257,2.549999952316284,2.1461238861083984,446000
2018-07-19,2.5199999809265137,2.549999952316284,2.509999990463257,2.509999990463257,2.112459182739258,182400
2018-07-20,2.509999990463257,2.5399999618530273,2.5,2.5199999809265137,2.120875358581543,448000
2018-07-23,2.509999990463257,2.5199999809265137,2.490000009536743,2.5199999809265137,2.120875358581543,170000
2018-07-24,2.5199999809265137,2.569999933242798,2.509999990463257,2.549999952316284,2.1461238861083984,790000
2018-07-25,2.549999952316284,2.5999999046325684,2.5399999618530273,2.569999933242798,2.1629559993743896,318000
2018-07-26,2.569999933242798,2.609999895095825,2.549999952316284,2.5799999237060547,2.171372413635254,812000
2018-07-27,2.5799999237060547,2.619999885559082,2.569999933242798,2.5999999046325684,2.188204526901245,648000
2018-07-30,2.5999999046325684,2.5999999046325684,2.569999933242798,2.5999999046325684,2.188204526901245,518000
2018-07-31,2.5799999237060547,2.630000114440918,2.559999942779541,2.5999999046325684,2.188204526901245,918000
2018-08-01,2.5899999141693115,2.609999895095825,2.569999933242798,2.609999895095825,2.1966207027435303,496000
2018-08-02,2.609999895095825,2.630000114440918,2.5199999809265137,2.5899999141693115,2.179788589477539,1134000
2018-08-03,2.5999999046325684,2.5999999046325684,2.549999952316284,2.5799999237060547,2.171372413635254,770000
2018-08-06,2.609999895095825,2.609999895095825,2.4700000286102295,2.4800000190734863,2.0872108936309814,674000
2018-08-07,2.5,2.509999990463257,2.4600000381469727,2.5,2.1040430068969727,354000
2018-08-08,2.5,2.5199999809265137,2.490000009536743,2.5199999809265137,2.120875358581543,230000
2018-08-09,2.5,2.549999952316284,2.490000009536743,2.5299999713897705,2.1292917728424072,800000
2018-08-10,2.5,2.5299999713897705,2.4100000858306885,2.5,2.1040430068969727,192000
2018-08-13,2.4800000190734863,2.4800000190734863,2.319999933242798,2.3499999046325684,1.9778003692626953,2198000
2018-08-14,2.3499999046325684,2.380000114440918,2.3299999237060547,2.359999895095825,1.98621666431427,506000
2018-08-15,2.3499999046325684,2.3499999046325684,2.2799999713897705,2.2899999618530273,1.927303433418274,1070000
2018-08-16,2.2799999713897705,2.2899999618530273,2.240000009536743,2.2799999713897705,1.9188872575759888,470000
2018-08-17,2.359999895095825,2.359999895095825,2.2799999713897705,2.2899999618530273,1.927303433418274,206000
2018-08-20,2.3299999237060547,2.3299999237060547,2.2699999809265137,2.2899999618530273,1.927303433418274,150000
2018-08-21,2.2300000190734863,2.299999952316284,2.240000009536743,2.2799999713897705,1.9188872575759888,338000
2018-08-22,2.299999952316284,2.299999952316284,2.240000009536743,2.2899999618530273,1.927303433418274,348000
2018-08-23,2.25,2.2699999809265137,2.2200000286102295,2.259999990463257,1.9020549058914185,474000
2018-08-24,2.240000009536743,2.240000009536743,2.200000047683716,2.2100000381469727,1.8599739074707031,728000
2018-08-27,2.200000047683716,2.259999990463257,2.200000047683716,2.259999990463257,1.9020549058914185,416000
2018-08-28,2.2200000286102295,2.2899999618530273,2.2200000286102295,2.25,1.8936386108398438,246000
2018-08-29,2.2300000190734863,2.25,2.200000047683716,2.2300000190734863,1.876806378364563,300000
2018-08-30,2.2699999809265137,2.2699999809265137,2.200000047683716,2.240000009536743,1.8852226734161377,408000
2018-08-31,2.200000047683716,2.240000009536743,2.190000057220459,2.2300000190734863,1.876806378364563,470000
2018-09-03,2.2200000286102295,2.240000009536743,2.1700000762939453,2.2200000286102295,1.8683900833129883,308000
2018-09-04,2.2200000286102295,2.2300000190734863,2.180000066757202,2.200000047683716,1.8515578508377075,168000
2018-09-05,2.2200000286102295,2.2200000286102295,2.180000066757202,2.180000066757202,1.8347253799438477,210000
2018-09-06,2.2200000286102295,2.2200000286102295,2.1600000858306885,2.180000066757202,1.8347253799438477,262000
2018-09-07,2.190000057220459,2.2200000286102295,2.1600000858306885,2.200000047683716,1.8515578508377075,362000
2018-09-10,2.2200000286102295,2.240000009536743,2.130000114440918,2.1700000762939453,1.826309323310852,336000
2018-09-11,2.180000066757202,2.180000066757202,2.0899999141693115,2.130000114440918,1.792644739151001,324000
2018-09-12,2.109999895095825,2.180000066757202,2.0899999141693115,2.109999895095825,1.7758121490478516,614000
2018-09-13,2.119999885559082,2.1700000762939453,2.119999885559082,2.1700000762939453,1.826309323310852,212000
2018-09-14,2.1600000858306885,2.180000066757202,2.140000104904175,2.1700000762939453,1.826309323310852,98000
2018-09-17,2.1500000953674316,2.180000066757202,2.119999885559082,2.180000066757202,1.8347253799438477,182000
2018-09-18,2.0999999046325684,2.200000047683716,2.0999999046325684,2.1600000858306885,1.8178932666778564,294000
2018-09-19,2.180000066757202,2.200000047683716,2.130000114440918,2.1700000762939453,1.826309323310852,726000
2018-09-20,2.1500000953674316,2.190000057220459,2.140000104904175,2.1600000858306885,1.8178932666778564,152000
2018-09-21,2.200000047683716,2.2300000190734863,2.140000104904175,2.1600000858306885,1.8178932666778564,1094000
2018-09-24,2.1500000953674316,2.2300000190734863,2.130000114440918,2.2300000190734863,1.876806378364563,260000
2018-09-26,2.180000066757202,2.2100000381469727,2.1500000953674316,2.1700000762939453,1.826309323310852,364000
2018-09-27,2.1500000953674316,2.319999933242798,2.1500000953674316,2.240000009536743,1.8852226734161377,990000
2018-09-28,2.2699999809265137,2.299999952316284,2.259999990463257,2.2899999618530273,1.927303433418274,560000
2018-10-02,2.259999990463257,2.259999990463257,2.2300000190734863,2.240000009536743,1.8852226734161377,90000
2018-10-03,2.2200000286102295,2.25,2.2200000286102295,2.25,1.8936386108398438,56000
2018-10-04,2.2200000286102295,2.2699999809265137,2.200000047683716,2.240000009536743,1.8852226734161377,68000
2018-10-05,2.190000057220459,2.240000009536743,2.1600000858306885,2.240000009536743,1.8852226734161377,104000
2018-10-08,2.240000009536743,2.240000009536743,2.069999933242798,2.1600000858306885,1.8178932666778564,538000
2018-10-09,2.0799999237060547,2.190000057220459,2.0799999237060547,2.119999885559082,1.7842283248901367,281598
2018-10-10,2.109999895095825,2.1700000762939453,2.109999895095825,2.140000104904175,1.801060676574707,154004
2018-10-11,2.059999942779541,2.0999999046325684,2.0,2.0199999809265137,1.7000665664672852,674000
2018-10-12,1.9800000190734863,2.069999933242798,1.9700000286102295,2.0199999809265137,1.7000665664672852,736000
2018-10-15,2.0,2.0299999713897705,1.9900000095367432,2.0,1.6832343339920044,244000
2018-10-16,2.0199999809265137,2.0299999713897705,2.0,2.0199999809265137,1.7000665664672852,254000
2018-10-18,2.009999990463257,2.0399999618530273,1.9600000381469727,2.0,1.6832343339920044,362000
2018-10-19,1.9500000476837158,2.0199999809265137,1.9500000476837158,2.0,1.6832343339920044,378000
2018-10-22,1.9900000095367432,2.0799999237060547,1.9900000095367432,2.0399999618530273,1.716899037361145,554000
2018-10-23,2.009999990463257,2.059999942779541,1.9900000095367432,2.009999990463257,1.691650629043579,524000
2018-10-24,2.009999990463257,2.0199999809265137,1.9800000190734863,2.0,1.6832343339920044,284000
2018-10-25,1.9800000190734863,1.9900000095367432,1.9600000381469727,1.9800000190734863,1.6664021015167236,436000
2018-10-26,1.9800000190734863,2.0199999809265137,1.9700000286102295,2.0,1.6832343339920044,300000
2018-10-29,1.8700000047683716,1.9700000286102295,1.809999942779541,1.840000033378601,1.5485756397247314,1306000
2018-10-30,1.809999942779541,1.8600000143051147,1.7999999523162842,1.840000033378601,1.5485756397247314,513000
2018-10-31,1.840000033378601,1.8600000143051147,1.8200000524520874,1.850000023841858,1.5569918155670166,262000
2018-11-01,1.8700000047683716,1.8799999952316284,1.840000033378601,1.850000023841858,1.5569918155670166,448000
2018-11-02,1.8799999952316284,1.909999966621399,1.8700000047683716,1.899999976158142,1.5990725755691528,1136000
2018-11-05,1.899999976158142,1.940000057220459,1.8799999952316284,1.940000057220459,1.6327372789382935,450000
2018-11-06,1.940000057220459,1.9600000381469727,1.8899999856948853,1.909999966621399,1.607488751411438,608000
2018-11-07,1.9199999570846558,1.940000057220459,1.909999966621399,1.9199999570846558,1.6159049272537231,266000
2018-11-08,1.9199999570846558,1.940000057220459,1.899999976158142,1.9299999475479126,1.6243211030960083,368000
2018-11-09,1.899999976158142,1.9199999570846558,1.8799999952316284,1.899999976158142,1.5990725755691528,186000
2018-11-12,1.8700000047683716,1.940000057220459,1.899999976158142,1.909999966621399,1.607488751411438,382000
2018-11-13,1.8899999856948853,1.9700000286102295,1.8899999856948853,1.940000057220459,1.6327372789382935,215999
2018-11-14,1.9500000476837158,1.9600000381469727,1.899999976158142,1.9299999475479126,1.6243211030960083,220000
2018-11-15,1.9299999475479126,1.9500000476837158,1.9199999570846558,1.940000057220459,1.6327372789382935,130000
2018-11-16,1.940000057220459,2.0,1.940000057220459,2.0,1.6832343339920044,652000
2018-11-19,2.0,2.009999990463257,1.9600000381469727,2.009999990463257,1.691650629043579,282000
2018-11-20,1.9800000190734863,2.0,1.9500000476837158,1.9500000476837158,1.6411536931991577,412000
2018-11-21,1.9500000476837158,1.9900000095367432,1.9500000476837158,1.9800000190734863,1.6664021015167236,110000
2018-11-22,1.9600000381469727,1.9600000381469727,1.9199999570846558,1.940000057220459,1.6327372789382935,672000
2018-11-23,1.940000057220459,1.9299999475479126,1.8799999952316284,1.899999976158142,1.5990725755691528,826000
2018-11-26,1.8899999856948853,1.9299999475479126,1.8799999952316284,1.899999976158142,1.5990725755691528,324000
2018-11-27,1.940000057220459,1.940000057220459,1.9199999570846558,1.940000057220459,1.6327372789382935,284000
2018-11-28,1.9600000381469727,1.9600000381469727,1.9199999570846558,1.9299999475479126,1.6243211030960083,390000
2018-11-29,1.9299999475479126,1.9600000381469727,1.9199999570846558,1.940000057220459,1.6327372789382935,532000
2018-11-30,1.899999976158142,1.940000057220459,1.899999976158142,1.9199999570846558,1.6159049272537231,228000
2018-12-03,1.9600000381469727,1.9800000190734863,1.9199999570846558,1.9700000286102295,1.6579859256744385,750000
2018-12-04,1.9500000476837158,1.9800000190734863,1.9500000476837158,1.9800000190734863,1.6664021015167236,164000
2018-12-05,1.9700000286102295,1.9800000190734863,1.9199999570846558,1.9700000286102295,1.6579859256744385,292000
2018-12-06,1.9800000190734863,1.9800000190734863,1.9299999475479126,1.9600000381469727,1.6495697498321533,480000
2018-12-07,1.9800000190734863,1.9800000190734863,1.940000057220459,1.9500000476837158,1.6411536931991577,264000
2018-12-10,1.9299999475479126,1.9600000381469727,1.899999976158142,1.909999966621399,1.607488751411438,188000
2018-12-11,1.909999966621399,1.9299999475479126,1.8899999856948853,1.8899999856948853,1.5906565189361572,208000
2018-12-12,1.8899999856948853,1.9199999570846558,1.8799999952316284,1.8799999952316284,1.582240343093872,666000
2018-12-13,1.909999966621399,1.9600000381469727,1.909999966621399,1.9500000476837158,1.6411536931991577,740000
2018-12-14,1.9199999570846558,1.9500000476837158,1.9199999570846558,1.940000057220459,1.6327372789382935,148080
2018-12-17,1.9199999570846558,1.940000057220459,1.909999966621399,1.940000057220459,1.6327372789382935,130000
2018-12-18,1.9199999570846558,1.9299999475479126,1.909999966621399,1.909999966621399,1.607488751411438,138000
2018-12-19,1.909999966621399,1.9199999570846558,1.8899999856948853,1.9199999570846558,1.6159049272537231,124000
2018-12-20,1.8899999856948853,1.9199999570846558,1.8899999856948853,1.9199999570846558,1.6159049272537231,232000
2018-12-21,1.8799999952316284,1.909999966621399,1.850000023841858,1.850000023841858,1.5569918155670166,491384
2018-12-24,1.850000023841858,1.8600000143051147,1.809999942779541,1.850000023841858,1.5569918155670166,104000
2018-12-27,1.840000033378601,1.8799999952316284,1.7999999523162842,1.7999999523162842,1.5149109363555908,178000
2018-12-28,1.7999999523162842,1.850000023841858,1.7300000190734863,1.7599999904632568,1.4812462329864502,289301
2018-12-31,1.8799999952316284,1.8799999952316284,1.7899999618530273,1.7899999618530273,1.5064946413040161,96000
2019-01-02,1.8200000524520874,1.8200000524520874,1.7699999809265137,1.7999999523162842,1.5149109363555908,180000
2019-01-03,1.7999999523162842,1.8200000524520874,1.7799999713897705,1.7899999618530273,1.5064946413040161,238000
2019-01-04,1.7799999713897705,1.7999999523162842,1.7599999904632568,1.7799999713897705,1.498078465461731,758000
2019-01-07,1.7899999618530273,1.809999942779541,1.7899999618530273,1.809999942779541,1.523327112197876,182000
2019-01-08,1.8300000429153442,1.809999942779541,1.7999999523162842,1.7999999523162842,1.5149109363555908,104000
2019-01-09,1.840000033378601,1.840000033378601,1.8200000524520874,1.8300000429153442,1.5401595830917358,282000
2019-01-10,1.8700000047683716,1.8700000047683716,1.8200000524520874,1.8300000429153442,1.5401595830917358,256000
2019-01-11,1.8300000429153442,1.850000023841858,1.8200000524520874,1.8300000429153442,1.5401595830917358,414000
2019-01-14,1.8200000524520874,1.8300000429153442,1.7999999523162842,1.809999942779541,1.523327112197876,654000
2019-01-15,1.809999942779541,1.8200000524520874,1.7999999523162842,1.8200000524520874,1.5317432880401611,400000
2019-01-16,1.8300000429153442,1.8300000429153442,1.7999999523162842,1.809999942779541,1.523327112197876,616000
2019-01-17,1.8600000143051147,1.8600000143051147,1.7999999523162842,1.8300000429153442,1.5401595830917358,356150
2019-01-18,1.850000023841858,1.850000023841858,1.7999999523162842,1.840000033378601,1.5485756397247314,942000
2019-01-21,1.8700000047683716,1.8799999952316284,1.840000033378601,1.850000023841858,1.5569918155670166,166000
2019-01-22,1.840000033378601,1.8600000143051147,1.7999999523162842,1.8300000429153442,1.5401595830917358,318000
2019-01-23,1.809999942779541,1.8700000047683716,1.809999942779541,1.840000033378601,1.5485756397247314,444000
2019-01-24,1.8300000429153442,1.8600000143051147,1.8300000429153442,1.850000023841858,1.5569918155670166,366000
2019-01-25,1.850000023841858,1.8700000047683716,1.8300000429153442,1.8700000047683716,1.5738240480422974,1030000
2019-01-28,1.8799999952316284,1.899999976158142,1.850000023841858,1.8700000047683716,1.5738240480422974,910000
2019-01-29,1.9299999475479126,1.9299999475479126,1.850000023841858,1.899999976158142,1.5990725755691528,330150
2019-01-30,1.840000033378601,1.8600000143051147,1.7999999523162842,1.850000023841858,1.5569918155670166,1174000
2019-01-31,1.850000023841858,1.909999966621399,1.850000023841858,1.909999966621399,1.607488751411438,284000
2019-02-01,1.909999966621399,1.9700000286102295,1.909999966621399,1.9700000286102295,1.6579859256744385,1126000
2019-02-04,1.9199999570846558,1.9900000095367432,1.9199999570846558,1.9900000095367432,1.6748181581497192,416000
2019-02-08,1.9299999475479126,1.9800000190734863,1.9199999570846558,1.940000057220459,1.6327372789382935,418000
2019-02-11,1.9299999475479126,1.9700000286102295,1.9199999570846558,1.9700000286102295,1.6579859256744385,266000
2019-02-12,1.9500000476837158,1.9800000190734863,1.9500000476837158,1.9700000286102295,1.6579859256744385,356000
2019-02-13,1.9600000381469727,2.0899999141693115,1.9600000381469727,2.0199999809265137,1.7000665664672852,1508000
2019-02-14,2.0199999809265137,2.049999952316284,1.9900000095367432,2.0299999713897705,1.7084828615188599,436699
2019-02-15,2.0199999809265137,2.0199999809265137,1.9500000476837158,1.9900000095367432,1.6748181581497192,698000
2019-02-18,1.9900000095367432,2.0299999713897705,1.9800000190734863,2.009999990463257,1.691650629043579,1006000
2019-02-19,2.0399999618530273,2.0399999618530273,2.0,2.0299999713897705,1.7084828615188599,780000
2019-02-20,2.0999999046325684,2.1700000762939453,2.0999999046325684,2.109999895095825,1.7758121490478516,4942130
2019-02-21,2.109999895095825,2.109999895095825,2.049999952316284,2.0999999046325684,1.7673959732055664,966138
2019-02-22,2.069999933242798,2.130000114440918,2.069999933242798,2.119999885559082,1.7842283248901367,1522000
2019-02-25,2.1700000762939453,2.180000066757202,2.109999895095825,2.1700000762939453,1.826309323310852,1628000
2019-02-26,2.200000047683716,2.200000047683716,2.130000114440918,2.1600000858306885,1.8178932666778564,2018000
2019-02-27,2.190000057220459,2.190000057220459,2.130000114440918,2.1700000762939453,1.826309323310852,1492000
2019-02-28,2.119999885559082,2.1600000858306885,2.109999895095825,2.130000114440918,1.792644739151001,642000
2019-03-01,2.130000114440918,2.130000114440918,2.0999999046325684,2.119999885559082,1.7842283248901367,459696
2019-03-04,2.109999895095825,2.180000066757202,2.109999895095825,2.140000104904175,1.801060676574707,728000
2019-03-05,2.1600000858306885,2.1700000762939453,2.140000104904175,2.140000104904175,1.801060676574707,502000
2019-03-06,2.119999885559082,2.1600000858306885,2.119999885559082,2.130000114440918,1.792644739151001,1190000
2019-03-07,2.140000104904175,2.1500000953674316,2.0899999141693115,2.109999895095825,1.7758121490478516,666300
2019-03-08,2.109999895095825,2.119999885559082,2.069999933242798,2.0799999237060547,1.7505637407302856,774000
2019-03-11,2.0899999141693115,2.119999885559082,2.069999933242798,2.109999895095825,1.7758121490478516,644100
2019-03-12,2.130000114440918,2.1500000953674316,2.109999895095825,2.109999895095825,1.7758121490478516,1090000
2019-03-13,2.1500000953674316,2.1500000953674316,2.069999933242798,2.0899999141693115,1.7589799165725708,624000
2019-03-14,2.119999885559082,2.130000114440918,2.059999942779541,2.059999942779541,1.7337313890457153,804668
2019-03-15,2.059999942779541,2.109999895095825,2.059999942779541,2.0899999141693115,1.7589799165725708,802000
2019-03-18,2.140000104904175,2.140000104904175,2.0899999141693115,2.130000114440918,1.792644739151001,878000
2019-03-19,2.130000114440918,2.130000114440918,2.0899999141693115,2.0999999046325684,1.7673959732055664,200001
2019-03-20,2.109999895095825,2.119999885559082,2.049999952316284,2.0899999141693115,1.7589799165725708,390000
2019-03-21,2.059999942779541,2.0799999237060547,2.0299999713897705,2.059999942779541,1.7337313890457153,492000
2019-03-22,2.0799999237060547,2.0799999237060547,2.049999952316284,2.0799999237060547,1.7505637407302856,244000
2019-03-25,2.0399999618530273,2.049999952316284,2.0,2.0199999809265137,1.7000665664672852,338000
2019-03-26,2.059999942779541,2.069999933242798,2.0299999713897705,2.049999952316284,1.7253150939941406,264000
2019-03-27,2.0799999237060547,2.0899999141693115,2.049999952316284,2.049999952316284,1.7253150939941406,320000
2019-03-28,2.049999952316284,2.0899999141693115,2.049999952316284,2.0899999141693115,1.7589799165725708,230000
2019-03-29,2.049999952316284,2.0799999237060547,2.049999952316284,2.059999942779541,1.7337313890457153,542000
2019-04-01,2.0399999618530273,2.109999895095825,2.0,2.069999933242798,1.7421475648880005,928000
2019-04-02,2.0999999046325684,2.109999895095825,2.069999933242798,2.069999933242798,1.7421475648880005,650000
2019-04-03,2.0999999046325684,2.119999885559082,2.069999933242798,2.109999895095825,1.7758121490478516,938000
2019-04-04,2.119999885559082,2.119999885559082,2.0799999237060547,2.0999999046325684,1.7673959732055664,506000
2019-04-08,2.130000114440918,2.130000114440918,2.0799999237060547,2.0999999046325684,1.7673959732055664,286000
2019-04-09,2.0999999046325684,2.1700000762939453,2.0899999141693115,2.1500000953674316,1.8094769716262817,1774000
2019-04-10,2.1700000762939453,2.1700000762939453,2.130000114440918,2.1600000858306885,1.8178932666778564,934000
2019-04-11,2.190000057220459,2.240000009536743,2.119999885559082,2.1600000858306885,1.8178932666778564,2564000
2019-04-12,2.140000104904175,2.2100000381469727,2.140000104904175,2.1700000762939453,1.826309323310852,1624000
2019-04-15,2.200000047683716,2.200000047683716,2.069999933242798,2.119999885559082,1.7842283248901367,1262000
2019-04-16,2.109999895095825,2.1500000953674316,2.0999999046325684,2.130000114440918,1.792644739151001,742000
2019-04-17,2.130000114440918,2.130000114440918,2.0899999141693115,2.109999895095825,1.7758121490478516,1126399
2019-04-18,2.0999999046325684,2.0999999046325684,2.069999933242798,2.0799999237060547,1.7505637407302856,382000
2019-04-23,2.069999933242798,2.0799999237060547,2.049999952316284,2.069999933242798,1.7421475648880005,372000
2019-04-24,2.0799999237060547,2.0799999237060547,2.069999933242798,2.0799999237060547,1.7505637407302856,200000
2019-04-25,2.0799999237060547,2.0899999141693115,2.0299999713897705,2.0399999618530273,1.716899037361145,830000
2019-04-26,2.0299999713897705,2.0399999618530273,2.009999990463257,2.0199999809265137,1.7000665664672852,222000
2019-04-29,2.0199999809265137,2.049999952316284,2.0,2.0,1.6832343339920044,252000
2019-04-30,2.0199999809265137,2.0299999713897705,1.9900000095367432,2.0,1.6832343339920044,98000
2019-05-02,1.9900000095367432,2.009999990463257,1.940000057220459,1.9700000286102295,1.6579859256744385,106000
2019-05-03,2.0,2.0,1.9199999570846558,1.9700000286102295,1.6579859256744385,304000
2019-05-06,1.9700000286102295,1.9700000286102295,1.8600000143051147,1.8799999952316284,1.582240343093872,820000
2019-05-07,1.8899999856948853,1.9800000190734863,1.8899999856948853,1.9299999475479126,1.6243211030960083,250000
2019-05-08,1.909999966621399,1.9600000381469727,1.909999966621399,1.909999966621399,1.607488751411438,390000
2019-05-09,1.909999966621399,1.909999966621399,1.850000023841858,1.8600000143051147,1.5654079914093018,468000
2019-05-10,1.8899999856948853,1.9199999570846558,1.8799999952316284,1.9199999570846558,1.6159049272537231,204000
2019-05-14,1.8600000143051147,1.8799999952316284,1.8600000143051147,1.8600000143051147,1.5654079914093018,101000
2019-05-15,1.899999976158142,1.899999976158142,1.850000023841858,1.8799999952316284,1.582240343093872,182000
2019-05-16,1.8600000143051147,1.8700000047683716,1.8300000429153442,1.8600000143051147,1.5654079914093018,868000
2019-05-17,1.8600000143051147,1.9800000190734863,1.850000023841858,1.899999976158142,1.5990725755691528,4206000
2019-05-20,1.8799999952316284,1.899999976158142,1.7799999713897705,1.7899999618530273,1.5064946413040161,1680000
2019-05-21,1.7999999523162842,1.7999999523162842,1.75,1.7799999713897705,1.498078465461731,1586000
2019-05-22,1.7799999713897705,1.7999999523162842,1.7300000190734863,1.75,1.472830057144165,1934000
2019-05-23,1.75,1.75,1.649999976158142,1.6699999570846558,1.4055006504058838,2266000
2019-05-24,1.649999976158142,1.7000000476837158,1.649999976158142,1.659999966621399,1.3970844745635986,906000
2019-05-27,1.6699999570846558,1.6799999475479126,1.649999976158142,1.6799999475479126,1.413916826248169,986000
2019-05-28,1.6799999475479126,1.7200000286102295,1.6299999952316284,1.6299999952316284,1.3718359470367432,9074289
2019-05-29,1.6399999856948853,1.7000000476837158,1.6399999856948853,1.690000057220459,1.422333002090454,9586000
2019-05-30,1.7000000476837158,1.7699999809265137,1.7000000476837158,1.7699999809265137,1.489662528038025,4672000
2019-05-31,1.7899999618530273,1.7899999618530273,1.7100000381469727,1.7300000190734863,1.4559978246688843,2598000
2019-06-03,1.75,1.7899999618530273,1.7300000190734863,1.7400000095367432,1.4644138813018799,2022000
2019-06-04,1.7400000095367432,1.7400000095367432,1.659999966621399,1.7000000476837158,1.4307491779327393,1308000
2019-06-05,1.7300000190734863,1.7799999713897705,1.7000000476837158,1.7400000095367432,1.4644138813018799,2050000
2019-06-06,1.75,1.7699999809265137,1.6799999475479126,1.7100000381469727,1.439165472984314,830000
2019-06-10,1.7300000190734863,1.7400000095367432,1.690000057220459,1.7100000381469727,1.439165472984314,244000
2019-06-11,1.7300000190734863,1.7799999713897705,1.7100000381469727,1.7599999904632568,1.4812462329864502,1660000
2019-06-12,1.7599999904632568,1.7699999809265137,1.7400000095367432,1.75,1.472830057144165,818000
2019-06-13,1.75,1.7599999904632568,1.7200000286102295,1.75,1.472830057144165,390000
2019-06-14,1.75,1.7599999904632568,1.7100000381469727,1.7400000095367432,1.4644138813018799,1590000
2019-06-17,1.7300000190734863,1.809999942779541,1.7300000190734863,1.7899999618530273,1.5064946413040161,1846000
2019-06-18,1.809999942779541,1.8799999952316284,1.809999942779541,1.840000033378601,1.5485756397247314,3118000
2019-06-19,1.8700000047683716,1.899999976158142,1.809999942779541,1.8700000047683716,1.5738240480422974,3070000
2019-06-20,1.899999976158142,1.9900000095367432,1.899999976158142,1.9600000381469727,1.6495697498321533,3622248
2019-06-21,1.9900000095367432,2.059999942779541,1.9800000190734863,2.0,1.6832343339920044,4194000
2019-06-24,2.0299999713897705,2.1700000762939453,2.0299999713897705,2.1600000858306885,1.8178932666778564,6668000
2019-06-25,2.140000104904175,2.2699999809265137,2.140000104904175,2.25,1.8936386108398438,7466000
2019-06-26,2.2300000190734863,2.25,1.9700000286102295,1.9800000190734863,1.6664021015167236,6996248
2019-06-27,1.9900000095367432,2.0299999713897705,1.9800000190734863,2.0,1.6832343339920044,2424100
2019-06-28,2.0,2.0,1.9299999475479126,1.9600000381469727,1.6495697498321533,1356000
2019-07-02,1.9700000286102295,1.9900000095367432,1.9600000381469727,1.9600000381469727,1.6495697498321533,764000
2019-07-03,1.9600000381469727,1.9800000190734863,1.9500000476837158,1.9500000476837158,1.6411536931991577,504000
2019-07-04,1.9700000286102295,1.9700000286102295,1.940000057220459,1.940000057220459,1.6327372789382935,448000
2019-07-05,2.0,2.0,1.940000057220459,1.9700000286102295,1.6579859256744385,386000
2019-07-08,1.940000057220459,1.9500000476837158,1.8700000047683716,1.899999976158142,1.5990725755691528,1648000
2019-07-09,1.8799999952316284,1.909999966621399,1.8700000047683716,1.8799999952316284,1.582240343093872,810000
2019-07-10,1.899999976158142,1.899999976158142,1.850000023841858,1.8600000143051147,1.5654079914093018,380000
2019-07-11,1.8899999856948853,1.8899999856948853,1.8700000047683716,1.8700000047683716,1.5738240480422974,185841
2019-07-12,1.8899999856948853,1.8899999856948853,1.7999999523162842,1.8300000429153442,1.5401595830917358,642000
2019-07-15,1.809999942779541,1.8200000524520874,1.7899999618530273,1.7899999618530273,1.5064946413040161,776000
2019-07-16,1.8200000524520874,1.8300000429153442,1.7999999523162842,1.809999942779541,1.523327112197876,326000
2019-07-17,1.7999999523162842,1.840000033378601,1.7999999523162842,1.8200000524520874,1.5317432880401611,336000
2019-07-18,1.850000023841858,1.8600000143051147,1.8200000524520874,1.8300000429153442,1.5401595830917358,220000
2019-07-19,1.8300000429153442,1.8600000143051147,1.8300000429153442,1.850000023841858,1.5569918155670166,206000
2019-07-22,1.8300000429153442,1.850000023841858,1.7999999523162842,1.8300000429153442,1.5401595830917358,550000
2019-07-23,1.8200000524520874,1.9199999570846558,1.8200000524520874,1.8799999952316284,1.582240343093872,546000
2019-07-24,1.8700000047683716,1.8799999952316284,1.850000023841858,1.8600000143051147,1.5654079914093018,306000
2019-07-25,1.8600000143051147,1.8700000047683716,1.850000023841858,1.850000023841858,1.5569918155670166,186000
2019-07-26,1.850000023841858,1.8799999952316284,1.8300000429153442,1.8799999952316284,1.582240343093872,118000
2019-07-29,1.8300000429153442,1.909999966621399,1.8300000429153442,1.850000023841858,1.5569918155670166,108000
2019-07-30,1.850000023841858,1.8899999856948853,1.850000023841858,1.850000023841858,1.5569918155670166,194000
2019-07-31,1.840000033378601,1.8700000047683716,1.8300000429153442,1.8600000143051147,1.5654079914093018,144000
2019-08-01,1.8300000429153442,1.840000033378601,1.7699999809265137,1.809999942779541,1.523327112197876,408000
2019-08-02,1.7799999713897705,1.8300000429153442,1.7599999904632568,1.7799999713897705,1.498078465461731,666000
2019-08-05,1.7799999713897705,1.7799999713897705,1.7100000381469727,1.75,1.472830057144165,404000
2019-08-06,1.7200000286102295,1.7200000286102295,1.6299999952316284,1.6699999570846558,1.4055006504058838,1332000
2019-08-07,1.6699999570846558,1.690000057220459,1.6299999952316284,1.6699999570846558,1.4055006504058838,626000
2019-08-08,1.690000057220459,1.7000000476837158,1.659999966621399,1.690000057220459,1.422333002090454,352000
2019-08-09,1.690000057220459,1.7200000286102295,1.659999966621399,1.6699999570846558,1.4055006504058838,204000
2019-08-12,1.7200000286102295,1.7200000286102295,1.659999966621399,1.6799999475479126,1.413916826248169,162000
2019-08-13,1.6699999570846558,1.6699999570846558,1.6399999856948853,1.6399999856948853,1.3802522420883179,528000
2019-08-14,1.659999966621399,1.6699999570846558,1.6299999952316284,1.6399999856948853,1.3802522420883179,530000
2019-08-15,1.6200000047683716,1.6299999952316284,1.600000023841858,1.6299999952316284,1.3718359470367432,566000
2019-08-16,1.6299999952316284,1.649999976158142,1.6100000143051147,1.6200000047683716,1.3634198904037476,552000
2019-08-19,1.659999966621399,1.6799999475479126,1.6399999856948853,1.649999976158142,1.388668417930603,352000
2019-08-20,1.6799999475479126,1.690000057220459,1.649999976158142,1.649999976158142,1.388668417930603,146000
2019-08-21,1.6699999570846558,1.6799999475479126,1.6399999856948853,1.6399999856948853,1.3802522420883179,278000
2019-08-22,1.6399999856948853,1.6699999570846558,1.6299999952316284,1.649999976158142,1.388668417930603,412000
2019-08-23,1.6399999856948853,1.649999976158142,1.6200000047683716,1.6200000047683716,1.3634198904037476,242000
2019-08-26,1.6200000047683716,1.649999976158142,1.590000033378601,1.600000023841858,1.3465875387191772,498000
2019-08-27,1.6200000047683716,1.649999976158142,1.6100000143051147,1.6200000047683716,1.3634198904037476,396000
2019-08-28,1.649999976158142,1.659999966621399,1.6200000047683716,1.649999976158142,1.388668417930603,428399
2019-08-29,1.6399999856948853,1.649999976158142,1.6200000047683716,1.6299999952316284,1.3718359470367432,126000
2019-08-30,1.649999976158142,1.649999976158142,1.6200000047683716,1.6200000047683716,1.3634198904037476,330000
2019-09-02,1.6299999952316284,1.649999976158142,1.6100000143051147,1.6200000047683716,1.3634198904037476,348000
2019-09-03,1.659999966621399,1.659999966621399,1.6100000143051147,1.6200000047683716,1.3634198904037476,470000
2019-09-04,1.6399999856948853,1.649999976158142,1.6100000143051147,1.6399999856948853,1.3802522420883179,1794000
2019-09-05,1.649999976158142,1.6699999570846558,1.649999976158142,1.6699999570846558,1.4055006504058838,586000
2019-09-06,1.6799999475479126,1.690000057220459,1.6699999570846558,1.690000057220459,1.422333002090454,730000
2019-09-09,1.7000000476837158,1.7300000190734863,1.690000057220459,1.7300000190734863,1.4559978246688843,398000
2019-09-10,1.7300000190734863,1.7300000190734863,1.6699999570846558,1.7000000476837158,1.4307491779327393,274000
2019-09-11,1.690000057220459,1.7300000190734863,1.659999966621399,1.690000057220459,1.422333002090454,256000
2019-09-12,1.7200000286102295,1.7599999904632568,1.690000057220459,1.7300000190734863,1.4559978246688843,580000
2019-09-13,1.7699999809265137,1.7999999523162842,1.7400000095367432,1.7999999523162842,1.5149109363555908,200000
2019-09-16,1.7799999713897705,1.8700000047683716,1.75,1.809999942779541,1.523327112197876,2448000
2019-09-17,1.75,1.7899999618530273,1.7100000381469727,1.7300000190734863,1.4559978246688843,472000
2019-09-18,1.7300000190734863,1.75,1.6699999570846558,1.7100000381469727,1.439165472984314,538000
2019-09-19,1.7100000381469727,1.7300000190734863,1.7000000476837158,1.7200000286102295,1.4475816488265991,116000
2019-09-20,1.690000057220459,1.7300000190734863,1.690000057220459,1.690000057220459,1.422333002090454,380000
2019-09-23,1.7000000476837158,1.7200000286102295,1.6799999475479126,1.690000057220459,1.422333002090454,200000
2019-09-24,1.6799999475479126,1.7100000381469727,1.649999976158142,1.690000057220459,1.422333002090454,454000
2019-09-25,1.659999966621399,1.6799999475479126,1.649999976158142,1.649999976158142,1.388668417930603,220000
2019-09-26,1.659999966621399,1.659999966621399,1.6399999856948853,1.6399999856948853,1.3802522420883179,268000
2019-09-27,1.590000033378601,1.6200000047683716,1.590000033378601,1.6100000143051147,1.3550037145614624,60000
2019-09-30,1.6200000047683716,1.6399999856948853,1.600000023841858,1.6299999952316284,1.3718359470367432,148000
2019-10-02,1.6299999952316284,1.6399999856948853,1.600000023841858,1.6100000143051147,1.3550037145614624,102000
2019-10-03,1.590000033378601,1.600000023841858,1.5399999618530273,1.5700000524520874,1.3213390111923218,250000
2019-10-04,1.5700000524520874,1.5800000429153442,1.5499999523162842,1.5700000524520874,1.3213390111923218,340000
2019-10-08,1.6100000143051147,1.6399999856948853,1.600000023841858,1.6200000047683716,1.3634198904037476,652000
2019-10-09,1.6100000143051147,1.649999976158142,1.6100000143051147,1.6200000047683716,1.3634198904037476,280000
2019-10-10,1.6100000143051147,1.6299999952316284,1.600000023841858,1.6100000143051147,1.3550037145614624,192000
2019-10-11,1.6200000047683716,1.6699999570846558,1.6200000047683716,1.6299999952316284,1.3718359470367432,268000
2019-10-14,1.659999966621399,1.6699999570846558,1.649999976158142,1.649999976158142,1.388668417930603,284000
2019-10-15,1.649999976158142,1.6699999570846558,1.6399999856948853,1.659999966621399,1.3970844745635986,226000
2019-10-16,1.6399999856948853,1.6699999570846558,1.6299999952316284,1.6399999856948853,1.3802522420883179,490000
2019-10-17,1.6399999856948853,1.6799999475479126,1.6200000047683716,1.6299999952316284,1.3718359470367432,314000
2019-10-18,1.649999976158142,1.6799999475479126,1.6200000047683716,1.6200000047683716,1.3634198904037476,272000
2019-10-21,1.6200000047683716,1.6399999856948853,1.600000023841858,1.6100000143051147,1.3550037145614624,420000
2019-10-22,1.6100000143051147,1.6399999856948853,1.6100000143051147,1.6200000047683716,1.3634198904037476,300000
2019-10-23,1.6399999856948853,1.690000057220459,1.6299999952316284,1.6799999475479126,1.413916826248169,790000
2019-10-24,1.6799999475479126,1.6799999475479126,1.6299999952316284,1.649999976158142,1.388668417930603,494000
2019-10-25,1.649999976158142,1.6699999570846558,1.6200000047683716,1.649999976158142,1.388668417930603,550000
2019-10-28,1.690000057220459,1.690000057220459,1.649999976158142,1.659999966621399,1.3970844745635986,254000
2019-10-29,1.6299999952316284,1.6799999475479126,1.6299999952316284,1.649999976158142,1.388668417930603,126000
2019-10-30,1.659999966621399,1.659999966621399,1.6299999952316284,1.6299999952316284,1.3718359470367432,356000
2019-10-31,1.6399999856948853,1.659999966621399,1.6200000047683716,1.6299999952316284,1.3718359470367432,284000
2019-11-01,1.6299999952316284,1.6299999952316284,1.590000033378601,1.6100000143051147,1.3550037145614624,730000
2019-11-04,1.6299999952316284,1.6399999856948853,1.6100000143051147,1.6200000047683716,1.3634198904037476,414000
2019-11-05,1.6200000047683716,1.659999966621399,1.6299999952316284,1.659999966621399,1.3970844745635986,580000
2019-11-06,1.6299999952316284,1.6699999570846558,1.6200000047683716,1.659999966621399,1.3970844745635986,200000
2019-11-07,1.659999966621399,1.7300000190734863,1.659999966621399,1.7300000190734863,1.4559978246688843,994000
2019-11-08,1.7300000190734863,1.7300000190734863,1.6799999475479126,1.6799999475479126,1.413916826248169,202000
2019-11-11,1.659999966621399,1.6799999475479126,1.649999976158142,1.649999976158142,1.388668417930603,84000
2019-11-12,1.649999976158142,1.6799999475479126,1.6399999856948853,1.659999966621399,1.3970844745635986,78000
2019-11-13,1.6799999475479126,1.6799999475479126,1.6299999952316284,1.649999976158142,1.388668417930603,130000
2019-11-14,1.649999976158142,1.649999976158142,1.6200000047683716,1.6299999952316284,1.3718359470367432,292000
2019-11-15,1.649999976158142,1.659999966621399,1.6200000047683716,1.6299999952316284,1.3718359470367432,68000
2019-11-18,1.6299999952316284,1.6399999856948853,1.6200000047683716,1.6299999952316284,1.3718359470367432,98100
2019-11-19,1.6399999856948853,1.6399999856948853,1.600000023841858,1.6100000143051147,1.3550037145614624,1024000
2019-11-20,1.6299999952316284,1.6399999856948853,1.600000023841858,1.6299999952316284,1.3718359470367432,468000
2019-11-21,1.6399999856948853,1.6399999856948853,1.600000023841858,1.6100000143051147,1.3550037145614624,412000
2019-11-22,1.6200000047683716,1.6100000143051147,1.590000033378601,1.600000023841858,1.3465875387191772,328000
2019-11-25,1.600000023841858,1.6100000143051147,1.5800000429153442,1.590000033378601,1.3381714820861816,604000
2019-11-26,1.600000023841858,1.659999966621399,1.600000023841858,1.6299999952316284,1.3718359470367432,510000
2019-11-27,1.6699999570846558,1.6699999570846558,1.6200000047683716,1.6399999856948853,1.3802522420883179,312000
2019-11-28,1.6299999952316284,1.6299999952316284,1.590000033378601,1.600000023841858,1.3465875387191772,832000
2019-11-29,1.6200000047683716,1.6399999856948853,1.590000033378601,1.6299999952316284,1.3718359470367432,362000
2019-12-02,1.649999976158142,1.649999976158142,1.600000023841858,1.6200000047683716,1.3634198904037476,442000
2019-12-03,1.6100000143051147,1.6200000047683716,1.5700000524520874,1.590000033378601,1.3381714820861816,746000
2019-12-04,1.590000033378601,1.600000023841858,1.5800000429153442,1.590000033378601,1.3381714820861816,298000
2019-12-05,1.600000023841858,1.6100000143051147,1.600000023841858,1.6100000143051147,1.3550037145614624,94000
2019-12-06,1.6100000143051147,1.6299999952316284,1.590000033378601,1.6100000143051147,1.3550037145614624,354000
2019-12-09,1.600000023841858,1.6100000143051147,1.600000023841858,1.600000023841858,1.3465875387191772,192000
2019-12-10,1.6200000047683716,1.6200000047683716,1.590000033378601,1.590000033378601,1.3381714820861816,512000
2019-12-11,1.6200000047683716,1.6200000047683716,1.6100000143051147,1.6200000047683716,1.3634198904037476,184000
2019-12-12,1.6200000047683716,1.6299999952316284,1.590000033378601,1.600000023841858,1.3465875387191772,580000
2019-12-13,1.6100000143051147,1.6399999856948853,1.600000023841858,1.6299999952316284,1.3718359470367432,1132000
2019-12-16,1.6200000047683716,1.6699999570846558,1.6200000047683716,1.6699999570846558,1.4055006504058838,670000
2019-12-17,1.6299999952316284,1.7100000381469727,1.6299999952316284,1.6799999475479126,1.413916826248169,1742000
2019-12-18,1.6799999475479126,1.7100000381469727,1.6799999475479126,1.6799999475479126,1.413916826248169,862000
2019-12-19,1.7000000476837158,1.7000000476837158,1.659999966621399,1.6799999475479126,1.413916826248169,646000
2019-12-20,1.6699999570846558,1.7599999904632568,1.6699999570846558,1.7300000190734863,1.4559978246688843,2086000
2019-12-23,1.7300000190734863,1.7699999809265137,1.7100000381469727,1.75,1.472830057144165,882000
2019-12-24,1.75,1.7599999904632568,1.7100000381469727,1.7100000381469727,1.439165472984314,665000
2019-12-27,1.7100000381469727,1.7300000190734863,1.7000000476837158,1.7200000286102295,1.4475816488265991,940000
2019-12-30,1.7200000286102295,1.7799999713897705,1.7200000286102295,1.7599999904632568,1.4812462329864502,844000
2019-12-31,1.7599999904632568,1.7799999713897705,1.7400000095367432,1.7599999904632568,1.4812462329864502,594000
2020-01-02,1.7899999618530273,1.809999942779541,1.7799999713897705,1.7899999618530273,1.5064946413040161,1452000
2020-01-03,1.7799999713897705,1.850000023841858,1.7899999618530273,1.809999942779541,1.523327112197876,1670000
2020-01-06,1.809999942779541,1.809999942779541,1.7599999904632568,1.7799999713897705,1.498078465461731,972000
2020-01-07,1.7899999618530273,1.7899999618530273,1.75,1.75,1.472830057144165,418000
2020-01-08,1.7599999904632568,1.7699999809265137,1.7100000381469727,1.7300000190734863,1.4559978246688843,892000
2020-01-09,1.75,1.7599999904632568,1.7100000381469727,1.75,1.472830057144165,1145000
2020-01-10,1.75,1.75,1.7200000286102295,1.75,1.472830057144165,660000
2020-01-13,1.7300000190734863,1.75,1.7300000190734863,1.75,1.472830057144165,246000
2020-01-14,1.75,1.7599999904632568,1.7400000095367432,1.7599999904632568,1.4812462329864502,466000
2020-01-15,1.7599999904632568,1.7799999713897705,1.7400000095367432,1.75,1.472830057144165,378000
2020-01-16,1.75,1.7699999809265137,1.75,1.7699999809265137,1.489662528038025,816000
2020-01-17,1.7799999713897705,1.7799999713897705,1.75,1.75,1.472830057144165,586000
2020-01-20,1.7599999904632568,1.7699999809265137,1.75,1.75,1.472830057144165,134000
2020-01-21,1.7400000095367432,1.7400000095367432,1.690000057220459,1.7000000476837158,1.4307491779327393,856000
2020-01-22,1.7100000381469727,1.7400000095367432,1.6799999475479126,1.7300000190734863,1.4559978246688843,266000
2020-01-23,1.7000000476837158,1.7200000286102295,1.649999976158142,1.6799999475479126,1.413916826248169,166000
2020-01-24,1.600000023841858,1.659999966621399,1.600000023841858,1.659999966621399,1.3970844745635986,92000
2020-01-29,1.600000023841858,1.600000023841858,1.5499999523162842,1.559999942779541,1.312922716140747,494000
2020-01-30,1.5499999523162842,1.5499999523162842,1.5,1.5,1.2624257802963257,368000
2020-01-31,1.5099999904632568,1.5199999809265137,1.4900000095367432,1.4900000095367432,1.25400972366333,276000
2020-02-03,1.5199999809265137,1.5199999809265137,1.440000057220459,1.4700000286102295,1.2371772527694702,1854176
2020-02-04,1.4600000381469727,1.5,1.4600000381469727,1.4900000095367432,1.25400972366333,1004000
2020-02-05,1.5,1.5399999618530273,1.4700000286102295,1.5,1.2624257802963257,988000
2020-02-06,1.5199999809265137,1.5800000429153442,1.5199999809265137,1.5700000524520874,1.3213390111923218,1274000
2020-02-07,1.5099999904632568,1.5700000524520874,1.5099999904632568,1.5499999523162842,1.304506540298462,404000
2020-02-10,1.5399999618530273,1.6100000143051147,1.5399999618530273,1.600000023841858,1.3465875387191772,920000
2020-02-11,1.5800000429153442,1.590000033378601,1.5299999713897705,1.5499999523162842,1.304506540298462,936000
2020-02-12,1.559999942779541,1.590000033378601,1.5499999523162842,1.5800000429153442,1.3297550678253174,724000
2020-02-13,1.5800000429153442,1.6100000143051147,1.559999942779541,1.5700000524520874,1.3213390111923218,676000
2020-02-14,1.559999942779541,1.5800000429153442,1.559999942779541,1.5700000524520874,1.3213390111923218,408000
2020-02-17,1.5399999618530273,1.6299999952316284,1.5399999618530273,1.6299999952316284,1.3718359470367432,1788000
2020-02-18,1.6299999952316284,1.6299999952316284,1.590000033378601,1.6100000143051147,1.3550037145614624,390000
2020-02-19,1.6100000143051147,1.6299999952316284,1.590000033378601,1.6100000143051147,1.3550037145614624,460000
2020-02-20,1.6100000143051147,1.6200000047683716,1.5800000429153442,1.6200000047683716,1.3634198904037476,344000
2020-02-21,1.600000023841858,1.6100000143051147,1.590000033378601,1.600000023841858,1.3465875387191772,174000
2020-02-24,1.5700000524520874,1.590000033378601,1.5399999618530273,1.559999942779541,1.312922716140747,1084000
2020-02-25,1.5199999809265137,1.5499999523162842,1.5099999904632568,1.5299999713897705,1.2876743078231812,608000
2020-02-26,1.5800000429153442,1.7000000476837158,1.5700000524520874,1.690000057220459,1.422333002090454,6502000
2020-02-27,1.7000000476837158,1.7300000190734863,1.6299999952316284,1.659999966621399,1.3970844745635986,2558000
2020-02-28,1.6699999570846558,1.6699999570846558,1.5700000524520874,1.5800000429153442,1.3297550678253174,756000
2020-03-02,1.5800000429153442,1.6299999952316284,1.559999942779541,1.6200000047683716,1.3634198904037476,1342000
2020-03-03,1.649999976158142,1.659999966621399,1.600000023841858,1.6299999952316284,1.3718359470367432,1096000
2020-03-04,1.6100000143051147,1.6799999475479126,1.590000033378601,1.6100000143051147,1.3550037145614624,1208000
2020-03-05,1.6299999952316284,1.649999976158142,1.600000023841858,1.6299999952316284,1.3718359470367432,882000
2020-03-06,1.600000023841858,1.6299999952316284,1.590000033378601,1.6100000143051147,1.3550037145614624,858000
2020-03-09,1.5700000524520874,1.5800000429153442,1.5,1.5199999809265137,1.279258131980896,1534000
2020-03-10,1.5099999904632568,1.5399999618530273,1.4900000095367432,1.5099999904632568,1.2708419561386108,360000
2020-03-11,1.5099999904632568,1.5499999523162842,1.5,1.5199999809265137,1.279258131980896,776000
2020-03-12,1.4900000095367432,1.5,1.4700000286102295,1.4700000286102295,1.2371772527694702,870000
2020-03-13,1.4500000476837158,1.4600000381469727,1.3899999856948853,1.4600000381469727,1.228761076927185,2966000
2020-03-16,1.4199999570846558,1.4500000476837158,1.3899999856948853,1.399999976158142,1.1782640218734741,1560000
2020-03-17,1.399999976158142,1.4199999570846558,1.309999942779541,1.3600000143051147,1.144599437713623,1780000
2020-03-18,1.399999976158142,1.399999976158142,1.2999999523162842,1.309999942779541,1.1025184392929077,1094000
2020-03-19,1.309999942779541,1.3200000524520874,1.25,1.2599999904632568,1.0604376792907715,2580000
2020-03-20,1.2999999523162842,1.309999942779541,1.2799999713897705,1.309999942779541,1.1025184392929077,1040000
2020-03-23,1.2999999523162842,1.2999999523162842,1.2599999904632568,1.2599999904632568,1.0604376792907715,1242000
2020-03-24,1.2699999809265137,1.3700000047683716,1.2599999904632568,1.309999942779541,1.1025184392929077,1008000
2020-03-25,1.350000023841858,1.3600000143051147,1.3200000524520874,1.340000033378601,1.1277669668197632,1314000
2020-03-26,1.3300000429153442,1.3700000047683716,1.3200000524520874,1.340000033378601,1.1277669668197632,1376000
2020-03-27,1.3700000047683716,1.3899999856948853,1.350000023841858,1.3700000047683716,1.1530156135559082,814000
2020-03-30,1.3300000429153442,1.3799999952316284,1.3200000524520874,1.350000023841858,1.1361831426620483,1422000
2020-03-31,1.3600000143051147,1.440000057220459,1.3600000143051147,1.409999966621399,1.1866803169250488,1808000
2020-04-01,1.399999976158142,1.4199999570846558,1.3600000143051147,1.3799999952316284,1.1614316701889038,892000
2020-04-02,1.309999942779541,1.3700000047683716,1.309999942779541,1.3700000047683716,1.1530156135559082,114000
2020-04-03,1.3700000047683716,1.3799999952316284,1.2899999618530273,1.3799999952316284,1.1614316701889038,520000
2020-04-06,1.350000023841858,1.3600000143051147,1.340000033378601,1.350000023841858,1.1361831426620483,110000
2020-04-07,1.4199999570846558,1.4600000381469727,1.3799999952316284,1.4299999475479126,1.20351243019104,1278000
2020-04-08,1.4299999475479126,1.4800000190734863,1.4299999475479126,1.4500000476837158,1.2203450202941895,1570000
2020-04-09,1.440000057220459,1.4500000476837158,1.399999976158142,1.409999966621399,1.1866803169250488,1190000
2020-04-14,1.4299999475479126,1.4500000476837158,1.4199999570846558,1.4299999475479126,1.20351243019104,550000
2020-04-15,1.440000057220459,1.4500000476837158,1.409999966621399,1.409999966621399,1.1866803169250488,344000
2020-04-16,1.399999976158142,1.409999966621399,1.3899999856948853,1.399999976158142,1.1782640218734741,466000
2020-04-17,1.399999976158142,1.4299999475479126,1.399999976158142,1.409999966621399,1.1866803169250488,1128000
2020-04-20,1.409999966621399,1.4299999475479126,1.3899999856948853,1.409999966621399,1.1866803169250488,414000
2020-04-21,1.4199999570846558,1.4600000381469727,1.4199999570846558,1.4299999475479126,1.20351243019104,596000
2020-04-22,1.4199999570846558,1.4500000476837158,1.399999976158142,1.4500000476837158,1.2203450202941895,676000
2020-04-23,1.4600000381469727,1.5199999809265137,1.4600000381469727,1.4900000095367432,1.25400972366333,1870000
2020-04-24,1.7899999618530273,1.7899999618530273,1.649999976158142,1.6699999570846558,1.4055006504058838,8652000
2020-04-27,1.690000057220459,1.8899999856948853,1.6799999475479126,1.850000023841858,1.5569918155670166,8634000
2020-04-28,1.850000023841858,1.850000023841858,1.7200000286102295,1.75,1.472830057144165,3162000
2020-04-29,1.75,1.75,1.6699999570846558,1.7100000381469727,1.439165472984314,1026000
2020-05-04,1.659999966621399,1.6799999475479126,1.6299999952316284,1.6299999952316284,1.3718359470367432,854000
2020-05-05,1.690000057220459,1.7100000381469727,1.659999966621399,1.7000000476837158,1.4307491779327393,760000
2020-05-06,1.7000000476837158,1.850000023841858,1.7000000476837158,1.7799999713897705,1.498078465461731,3266000
2020-05-07,1.7799999713897705,1.8600000143051147,1.7599999904632568,1.8200000524520874,1.5317432880401611,3594000
2020-05-08,1.850000023841858,1.9800000190734863,1.8300000429153442,1.9700000286102295,1.6579859256744385,11812000
2020-05-11,2.009999990463257,2.1600000858306885,2.0,2.109999895095825,1.7758121490478516,10610000
2020-05-12,2.0999999046325684,2.309999942779541,2.0399999618530273,2.309999942779541,1.9441355466842651,16916000
2020-05-13,2.309999942779541,2.4200000762939453,2.200000047683716,2.2100000381469727,1.8599739074707031,9382000
2020-05-14,2.2100000381469727,2.359999895095825,2.200000047683716,2.240000009536743,1.8852226734161377,6764000
2020-05-15,2.2699999809265137,2.319999933242798,2.2100000381469727,2.2300000190734863,1.876806378364563,2958000
2020-05-18,2.240000009536743,2.490000009536743,2.200000047683716,2.4200000762939453,2.0367138385772705,12174000
2020-05-19,2.4600000381469727,2.5999999046325684,2.380000114440918,2.440000057220459,2.0535457134246826,12038000
2020-05-20,2.4100000858306885,2.450000047683716,2.180000066757202,2.190000057220459,1.8431416749954224,8084200
2020-05-21,2.190000057220459,2.299999952316284,2.180000066757202,2.2300000190734863,1.876806378364563,4834000
2020-05-22,2.240000009536743,2.359999895095825,2.1500000953674316,2.200000047683716,1.8515578508377075,9140000
2020-05-25,2.180000066757202,2.200000047683716,2.0299999713897705,2.130000114440918,1.792644739151001,4294000
2020-05-26,2.130000114440918,2.3399999141693115,2.130000114440918,2.3299999237060547,1.960968017578125,8374000
2020-05-27,2.3299999237060547,2.3399999141693115,2.2200000286102295,2.240000009536743,1.8852226734161377,3646000
2020-05-28,2.2200000286102295,2.259999990463257,2.130000114440918,2.180000066757202,1.8347253799438477,2080000
2020-05-29,2.1500000953674316,2.1700000762939453,2.130000114440918,2.140000104904175,1.801060676574707,1066000
2020-06-01,2.140000104904175,2.2200000286102295,2.140000104904175,2.190000057220459,1.8431416749954224,3268000
2020-06-02,2.190000057220459,2.2100000381469727,2.109999895095825,2.1600000858306885,1.8178932666778564,2250000
2020-06-03,2.1700000762939453,2.1700000762939453,2.109999895095825,2.109999895095825,1.7758121490478516,3824000
2020-06-04,2.119999885559082,2.119999885559082,2.0199999809265137,2.049999952316284,1.7253150939941406,4004000
2020-06-05,2.009999990463257,2.1500000953674316,2.009999990463257,2.0799999237060547,1.7505637407302856,4260000
2020-06-08,2.109999895095825,2.109999895095825,2.0199999809265137,2.0399999618530273,1.716899037361145,1774000
2020-06-09,2.059999942779541,2.0799999237060547,2.0299999713897705,2.0399999618530273,1.716899037361145,1700000
2020-06-10,2.0299999713897705,2.049999952316284,2.0,2.0199999809265137,1.7000665664672852,608000
2020-06-11,2.0199999809265137,2.0299999713897705,1.9600000381469727,1.9600000381469727,1.6495697498321533,1166000
2020-06-12,1.9199999570846558,1.9800000190734863,1.9199999570846558,1.9800000190734863,1.6664021015167236,2652000
2020-06-15,1.9800000190734863,2.0299999713897705,1.8799999952316284,1.9199999570846558,1.6159049272537231,2098000
2020-06-16,1.9299999475479126,1.9500000476837158,1.8899999856948853,1.909999966621399,1.607488751411438,2578000
2020-06-17,1.9600000381469727,2.009999990463257,1.8899999856948853,2.0,1.6832343339920044,4568000
2020-06-18,1.9900000095367432,2.0,1.940000057220459,1.9700000286102295,1.6579859256744385,1410000
2020-06-19,1.9900000095367432,1.9900000095367432,1.9199999570846558,1.9299999475479126,1.6243211030960083,1470000
2020-06-22,1.9500000476837158,1.9500000476837158,1.8899999856948853,1.899999976158142,1.5990725755691528,1626000
2020-06-23,1.9199999570846558,1.9700000286102295,1.909999966621399,1.909999966621399,1.607488751411438,1246000
2020-06-24,1.899999976158142,1.909999966621399,1.850000023841858,1.8600000143051147,1.5654079914093018,1453000
2020-06-26,1.8200000524520874,1.850000023841858,1.7899999618530273,1.7999999523162842,1.5149109363555908,1376000
2020-06-29,1.8200000524520874,1.8200000524520874,1.7699999809265137,1.7999999523162842,1.5149109363555908,2856000
2020-06-30,1.8300000429153442,1.9199999570846558,1.8300000429153442,1.850000023841858,1.5569918155670166,2104000
2020-07-02,1.8799999952316284,1.940000057220459,1.850000023841858,1.940000057220459,1.6327372789382935,4448000
2020-07-03,1.9600000381469727,2.0899999141693115,1.909999966621399,2.069999933242798,1.7421475648880005,7252000
2020-07-06,2.0799999237060547,2.2200000286102295,2.069999933242798,2.180000066757202,1.8347253799438477,7612000
2020-07-07,2.2200000286102295,2.240000009536743,2.059999942779541,2.0999999046325684,1.7673959732055664,6786000
2020-07-08,2.0799999237060547,2.4200000762939453,2.0799999237060547,2.359999895095825,1.98621666431427,13556000
2020-07-09,2.430000066757202,2.7699999809265137,2.390000104904175,2.5799999237060547,2.171372413635254,24516000
2020-07-10,2.609999895095825,2.7699999809265137,2.430000066757202,2.450000047683716,2.061962127685547,15696200
2020-07-13,2.5,2.5899999141693115,2.440000057220459,2.490000009536743,2.0956268310546875,11474100
2020-07-14,2.5,2.75,2.450000047683716,2.7100000381469727,2.280782699584961,24238000
2020-07-15,2.799999952316284,2.8299999237060547,2.5399999618530273,2.5899999141693115,2.179788589477539,11858000
2020-07-16,2.5899999141693115,2.640000104904175,2.319999933242798,2.3499999046325684,1.9778003692626953,8112000
2020-07-17,2.3499999046325684,2.390000104904175,2.259999990463257,2.309999942779541,1.9441355466842651,4050000
2020-07-20,2.369999885559082,2.549999952316284,2.3299999237060547,2.5199999809265137,2.120875358581543,6486000
2020-07-21,2.559999942779541,2.5799999237060547,2.440000057220459,2.450000047683716,2.061962127685547,3970000
2020-07-22,2.4200000762939453,2.799999952316284,2.4200000762939453,2.630000114440918,2.2134530544281006,15510400
2020-07-23,2.8399999141693115,3.2200000286102295,2.7200000286102295,3.180000066757202,2.6763429641723633,37085000
2020-07-24,3.1500000953674316,3.619999885559082,3.059999942779541,3.4700000286102295,2.9204118251800537,50838000
2020-07-27,3.619999885559082,3.619999885559082,3.0199999809265137,3.109999895095825,2.617429256439209,38474000
2020-07-28,3.180000066757202,3.380000114440918,3.119999885559082,3.2200000286102295,2.710007429122925,19807000
2020-07-29,3.200000047683716,3.299999952316284,3.1600000858306885,3.2799999713897705,2.7605044841766357,8298000
2020-07-30,3.2799999713897705,3.3299999237060547,3.0799999237060547,3.140000104904175,2.6426780223846436,9144511
2020-07-31,3.1600000858306885,3.190000057220459,3.0,3.119999885559082,2.625845432281494,10204000
2020-08-03,3.1500000953674316,3.4100000858306885,3.0799999237060547,3.299999952316284,2.777336835861206,12858000
2020-08-04,3.309999942779541,3.369999885559082,3.180000066757202,3.240000009536743,2.726839780807495,4634000
2020-08-05,3.25,3.3499999046325684,3.1500000953674316,3.299999952316284,2.777336835861206,5227000
2020-08-06,3.299999952316284,3.3299999237060547,3.130000114440918,3.180000066757202,2.6763429641723633,7450000
2020-08-07,3.1600000858306885,3.1700000762939453,3.0299999713897705,3.119999885559082,2.625845432281494,4224000
2020-08-10,3.069999933242798,3.119999885559082,3.0299999713897705,3.0299999713897705,2.5500998497009277,2954000
2020-08-11,3.059999942779541,3.1600000858306885,2.9700000286102295,3.009999990463257,2.5332679748535156,10106000
2020-08-12,3.009999990463257,3.0399999618530273,2.609999895095825,2.9800000190734863,2.50801944732666,9256000
2020-08-13,2.9800000190734863,3.200000047683716,2.9700000286102295,3.0999999046325684,2.609013080596924,12632000
2020-08-14,3.1500000953674316,3.1600000858306885,3.049999952316284,3.0899999141693115,2.6005969047546387,4992000
2020-08-17,3.0899999141693115,3.2200000286102295,3.0299999713897705,3.200000047683716,2.6931750774383545,8268000
2020-08-18,3.190000057220459,3.430000066757202,3.130000114440918,3.259999990463257,2.7436718940734863,12006000
2020-08-19,3.259999990463257,3.259999990463257,3.180000066757202,3.240000009536743,2.726839780807495,3868000
2020-08-20,3.1700000762939453,3.240000009536743,3.069999933242798,3.1700000762939453,2.667926549911499,3830000
2020-08-21,3.180000066757202,3.180000066757202,3.049999952316284,3.049999952316284,2.566932439804077,4266000
2020-08-24,3.0199999809265137,3.0899999141693115,3.0199999809265137,3.049999952316284,2.566932439804077,4858000
2020-08-25,3.059999942779541,3.1700000762939453,2.9800000190734863,3.1500000953674316,2.6510941982269287,6392000
2020-08-26,3.180000066757202,3.180000066757202,3.0799999237060547,3.1500000953674316,2.6510941982269287,8772000
2020-08-27,3.140000104904175,3.1600000858306885,3.059999942779541,3.1500000953674316,2.6510941982269287,2694000
2020-08-28,3.140000104904175,3.1700000762939453,2.9800000190734863,3.0999999046325684,2.609013080596924,7402000
2020-08-31,3.0999999046325684,3.1500000953674316,3.049999952316284,3.140000104904175,2.6426780223846436,6804000
2020-09-01,3.069999933242798,3.119999885559082,3.059999942779541,3.069999933242798,2.5837647914886475,2392000
2020-09-02,3.069999933242798,3.119999885559082,3.0199999809265137,3.069999933242798,2.5837647914886475,3228000
2020-09-03,3.0899999141693115,3.0899999141693115,3.0299999713897705,3.069999933242798,2.5837647914886475,2712000
2020-09-04,3.0399999618530273,3.0399999618530273,2.890000104904175,2.930000066757202,2.4659383296966553,7884000
2020-09-07,2.859999895095825,2.9200000762939453,2.8299999237060547,2.8399999141693115,2.390192747116089,2770000
2020-09-08,2.819999933242798,2.8399999141693115,2.7300000190734863,2.8399999141693115,2.390192747116089,5241000
2020-09-09,2.8299999237060547,2.8299999237060547,2.7300000190734863,2.740000009536743,2.3060312271118164,2708000
2020-09-10,2.809999942779541,2.809999942779541,2.690000057220459,2.7300000190734863,2.297614812850952,2190000
2020-09-11,2.740000009536743,2.759999990463257,2.6600000858306885,2.759999990463257,2.3228633403778076,1840000
2020-09-14,2.7699999809265137,2.819999933242798,2.7100000381469727,2.799999952316284,2.3565280437469482,1592000
2020-09-15,2.809999942779541,2.809999942779541,2.7100000381469727,2.740000009536743,2.3060312271118164,1894000
2020-09-16,2.7100000381469727,2.75,2.6700000762939453,2.700000047683716,2.2723662853240967,1654000
2020-09-17,2.7100000381469727,2.7100000381469727,2.619999885559082,2.680000066757202,2.2555339336395264,1786000
2020-09-18,2.630000114440918,2.759999990463257,2.619999885559082,2.75,2.3144474029541016,1996000
2020-09-21,2.75,2.75,2.6600000858306885,2.6600000858306885,2.238701820373535,1820000
2020-09-22,2.680000066757202,2.7300000190734863,2.609999895095825,2.6600000858306885,2.238701820373535,1638000
2020-09-23,2.680000066757202,2.680000066757202,2.619999885559082,2.6500000953674316,2.23028564453125,506050
2020-09-24,2.640000104904175,2.6600000858306885,2.5799999237060547,2.619999885559082,2.2050368785858154,1154000
2020-09-25,2.6600000858306885,2.6600000858306885,2.549999952316284,2.619999885559082,2.2050368785858154,1378000
2020-09-28,2.640000104904175,2.640000104904175,2.5799999237060547,2.640000104904175,2.221869468688965,906000
2020-09-29,2.6700000762939453,2.690000057220459,2.5999999046325684,2.5999999046325684,2.188204526901245,680000
2020-09-30,2.630000114440918,2.6500000953674316,2.5799999237060547,2.5899999141693115,2.179788589477539,738000
2020-10-05,2.5899999141693115,2.6700000762939453,2.5799999237060547,2.6600000858306885,2.238701820373535,608000
2020-10-06,2.7200000286102295,2.7799999713897705,2.680000066757202,2.7799999713897705,2.339695930480957,874000
2020-10-07,2.7799999713897705,2.799999952316284,2.7200000286102295,2.7200000286102295,2.289198875427246,1004000
2020-10-08,2.7200000286102295,2.819999933242798,2.700000047683716,2.819999933242798,2.3733606338500977,822000
2020-10-09,2.869999885559082,3.049999952316284,2.8299999237060547,3.0199999809265137,2.5416839122772217,6025000
2020-10-12,3.0199999809265137,3.0799999237060547,2.990000009536743,2.990000009536743,2.516435384750366,3098000
2020-10-14,3.0399999618530273,3.0399999618530273,2.9000000953674316,2.930000066757202,2.4659383296966553,1984000
2020-10-15,2.930000066757202,2.940000057220459,2.8299999237060547,2.940000057220459,2.4743545055389404,3924000
2020-10-16,3.0,3.0,2.7799999713897705,2.9100000858306885,2.449105978012085,6510000
2020-10-19,2.9100000858306885,2.9700000286102295,2.880000114440918,2.9200000762939453,2.45752215385437,2898000
2020-10-20,2.9000000953674316,2.9600000381469727,2.8499999046325684,2.9600000381469727,2.4911868572235107,1074000
2020-10-21,2.9700000286102295,2.9800000190734863,2.930000066757202,2.9700000286102295,2.499603033065796,1830000
2020-10-22,3.0,3.190000057220459,2.950000047683716,3.1600000858306885,2.6595101356506348,17456000
2020-10-23,3.1600000858306885,3.3299999237060547,3.0999999046325684,3.1500000953674316,2.6510941982269287,12538000
2020-10-27,3.1500000953674316,3.1700000762939453,3.0399999618530273,3.0899999141693115,2.6005969047546387,3074000
2020-10-28,3.059999942779541,3.2100000381469727,3.059999942779541,3.109999895095825,2.617429256439209,3926000
2020-10-29,3.069999933242798,3.130000114440918,3.0199999809265137,3.130000114440918,2.6342618465423584,2224000
2020-10-30,3.200000047683716,3.2100000381469727,2.8399999141693115,2.9700000286102295,2.499603033065796,8652000
2020-11-02,2.990000009536743,3.0299999713897705,2.869999885559082,2.9100000858306885,2.449105978012085,3162000
2020-11-03,2.890000104904175,3.0,2.890000104904175,2.9100000858306885,2.449105978012085,1491000
2020-11-04,2.9200000762939453,2.9800000190734863,2.880000114440918,2.9000000953674316,2.440690040588379,1864000
2020-11-05,2.950000047683716,3.0,2.880000114440918,2.9100000858306885,2.449105978012085,7562000
2020-11-06,2.930000066757202,2.940000057220459,2.8499999046325684,2.880000114440918,2.4238576889038086,2284000
2020-11-09,2.890000104904175,2.950000047683716,2.880000114440918,2.9100000858306885,2.449105978012085,6090000
2020-11-10,2.9200000762939453,2.9200000762939453,2.7300000190734863,2.740000009536743,2.3060312271118164,9044000
2020-11-11,2.759999990463257,2.799999952316284,2.630000114440918,2.6600000858306885,2.238701820373535,12464000
2020-11-12,2.6700000762939453,2.759999990463257,2.6500000953674316,2.75,2.3144474029541016,3320000
2020-11-13,2.740000009536743,2.740000009536743,2.6700000762939453,2.7200000286102295,2.289198875427246,2153000
2020-11-16,2.75,2.819999933242798,2.7300000190734863,2.809999942779541,2.3649442195892334,2484000
2020-11-17,2.8299999237060547,2.8299999237060547,2.7300000190734863,2.7699999809265137,2.331279754638672,1648000
2020-11-18,2.7799999713897705,2.809999942779541,2.759999990463257,2.799999952316284,2.3565280437469482,1643000
2020-11-19,2.7699999809265137,2.809999942779541,2.759999990463257,2.7899999618530273,2.348111867904663,976000
2020-11-20,2.7899999618530273,2.809999942779541,2.75,2.7899999618530273,2.348111867904663,1980000
2020-11-23,2.809999942779541,2.9800000190734863,2.7799999713897705,2.9800000190734863,2.50801944732666,7508000
2020-11-24,2.990000009536743,3.190000057220459,2.990000009536743,3.059999942779541,2.5753486156463623,8886000
2020-11-25,3.059999942779541,3.0999999046325684,2.9000000953674316,2.950000047683716,2.4827709197998047,4046000
2020-11-26,2.950000047683716,2.990000009536743,2.880000114440918,2.950000047683716,2.4827709197998047,2666000
2020-11-27,2.9700000286102295,2.990000009536743,2.9200000762939453,2.9600000381469727,2.4911868572235107,2200000
2020-11-30,3.0,3.0199999809265137,2.940000057220459,3.0,2.5248515605926514,5772000
2020-12-01,2.9600000381469727,2.990000009536743,2.930000066757202,2.940000057220459,2.4743545055389404,2226000
2020-12-02,2.9600000381469727,2.9800000190734863,2.890000104904175,2.940000057220459,2.4743545055389404,2996000
2020-12-03,2.9800000190734863,3.0199999809265137,2.880000114440918,2.9800000190734863,2.50801944732666,3440000
2020-12-04,3.0,3.0,2.9200000762939453,2.9200000762939453,2.45752215385437,1586000
2020-12-07,2.930000066757202,2.930000066757202,2.869999885559082,2.890000104904175,2.4322736263275146,2014000
2020-12-08,2.9100000858306885,2.9100000858306885,2.859999895095825,2.869999885559082,2.4154412746429443,1183000
2020-12-09,2.869999885559082,2.9000000953674316,2.75,2.7899999618530273,2.348111867904663,2504000
2020-12-10,2.75,2.859999895095825,2.75,2.8499999046325684,2.398608922958374,2260000
2020-12-11,2.8399999141693115,2.869999885559082,2.809999942779541,2.819999933242798,2.3733606338500977,1496000
2020-12-14,2.8399999141693115,2.9100000858306885,2.809999942779541,2.9000000953674316,2.440690040588379,2876000
2020-12-15,2.9000000953674316,2.940000057220459,2.8499999046325684,2.940000057220459,2.4743545055389404,1798000
2020-12-16,2.9100000858306885,2.9800000190734863,2.9000000953674316,2.940000057220459,2.4743545055389404,1200000
2020-12-17,2.890000104904175,2.9000000953674316,2.819999933242798,2.8399999141693115,2.390192747116089,2002000
2020-12-18,2.880000114440918,3.0199999809265137,2.8499999046325684,2.9800000190734863,2.50801944732666,5226000
2020-12-21,2.9800000190734863,3.130000114440918,2.9800000190734863,3.119999885559082,2.625845432281494,8046000
2020-12-22,3.119999885559082,3.299999952316284,3.0199999809265137,3.069999933242798,2.5837647914886475,15822000
2020-12-23,3.069999933242798,3.069999933242798,2.950000047683716,3.0,2.5248515605926514,4490000
2020-12-24,3.2200000286102295,3.2200000286102295,3.2200000286102295,3.2200000286102295,2.710007429122925,0
2020-12-28,3.2200000286102295,3.5199999809265137,3.2200000286102295,3.509999990463257,2.954076051712036,24804000
2020-12-29,3.559999942779541,3.9000000953674316,3.369999885559082,3.8299999237060547,3.223393678665161,30752000
2020-12-30,3.890000104904175,4.03000020980835,3.7200000286102295,3.8499999046325684,3.2402260303497314,18500000
2020-12-31,3.890000104904175,3.890000104904175,3.890000104904175,3.890000104904175,3.2738912105560303,0
2021-01-04,3.8299999237060547,4.090000152587891,3.7699999809265137,3.950000047683716,3.324388027191162,13584000
2021-01-05,3.930000066757202,3.990000009536743,3.799999952316284,3.799999952316284,3.1981451511383057,12332000
2021-01-06,3.809999942779541,3.9100000858306885,3.7200000286102295,3.8499999046325684,3.2402260303497314,10078000
2021-01-07,3.880000114440918,3.9600000381469727,3.740000009536743,3.930000066757202,3.307555675506592,5876000
2021-01-08,3.930000066757202,3.9600000381469727,3.700000047683716,3.819999933242798,3.214977502822876,13220000
2021-01-11,3.809999942779541,3.880000114440918,3.609999895095825,3.640000104904175,3.0634865760803223,12008000
2021-01-12,3.630000114440918,3.859999895095825,3.630000114440918,3.799999952316284,3.1981451511383057,6068000
2021-01-13,3.799999952316284,3.9000000953674316,3.680000066757202,3.740000009536743,3.1476480960845947,5760000
2021-01-14,3.740000009536743,3.7899999618530273,3.549999952316284,3.640000104904175,3.0634865760803223,6452000
2021-01-15,3.5999999046325684,3.630000114440918,3.4800000190734863,3.5899999141693115,3.0214054584503174,5758000
2021-01-18,3.5899999141693115,3.740000009536743,3.5899999141693115,3.7200000286102295,3.1308159828186035,5113725
2021-01-19,3.7200000286102295,3.7799999713897705,3.6600000858306885,3.680000066757202,3.097151279449463,5642000
2021-01-20,3.680000066757202,4.019999980926514,3.680000066757202,4.010000228881836,3.374885082244873,18096000
2021-01-21,4.03000020980835,4.25,3.9100000858306885,3.940000057220459,3.315971851348877,14180000
2021-01-22,3.990000009536743,4.050000190734863,3.799999952316284,3.809999942779541,3.206561326980591,7060000
2021-01-25,3.809999942779541,3.890000104904175,3.700000047683716,3.7699999809265137,3.1728968620300293,6788000
2021-01-26,3.7699999809265137,3.7899999618530273,3.609999895095825,3.6600000858306885,3.0803191661834717,7160000
2021-01-27,3.640000104904175,3.740000009536743,3.549999952316284,3.690000057220459,3.105567455291748,6282000
2021-01-28,3.5799999237060547,3.759999990463257,3.5799999237060547,3.690000057220459,3.105567455291748,4784000
2021-01-29,3.6700000762939453,3.8499999046325684,3.6700000762939453,3.8499999046325684,3.2402260303497314,5740000
2021-02-01,3.490000009536743,3.6500000953674316,3.2799999713897705,3.440000057220459,2.8951632976531982,18287000
2021-02-02,3.440000057220459,3.5799999237060547,3.390000104904175,3.4200000762939453,2.878330945968628,5752000
2021-02-03,3.450000047683716,3.450000047683716,3.259999990463257,3.359999895095825,2.827833652496338,7646000
2021-02-04,3.3499999046325684,3.4000000953674316,3.190000057220459,3.259999990463257,2.7436718940734863,6984000
2021-02-05,3.25,3.3299999237060547,3.200000047683716,3.2699999809265137,2.7520880699157715,4650000
2021-02-08,3.2200000286102295,3.3499999046325684,3.2100000381469727,3.2699999809265137,2.7520880699157715,3638000
2021-02-09,3.25,3.430000066757202,3.25,3.359999895095825,2.827833652496338,3472000
2021-02-10,3.359999895095825,3.359999895095825,3.309999942779541,3.3399999141693115,2.8110013008117676,1370000
2021-02-11,3.4000000953674316,3.4000000953674316,3.4000000953674316,3.4000000953674316,2.8614983558654785,0
2021-02-16,3.450000047683716,3.4700000286102295,3.299999952316284,3.319999933242798,2.7941689491271973,3716000
2021-02-17,3.319999933242798,3.3499999046325684,3.25,3.3499999046325684,2.8194174766540527,3196000
2021-02-18,3.3399999141693115,3.430000066757202,3.309999942779541,3.3299999237060547,2.8025851249694824,7792000
2021-02-19,3.380000114440918,3.7699999809265137,3.3299999237060547,3.7300000190734863,3.1392323970794678,24282000
2021-02-22,3.990000009536743,4.269999980926514,3.8299999237060547,3.9800000190734863,3.3496363162994385,48666000
2021-02-23,4.0,4.099999904632568,3.6600000858306885,3.6700000762939453,3.088735342025757,24284900
2021-02-24,3.7200000286102295,3.7799999713897705,3.450000047683716,3.559999942779541,2.996156930923462,12104000
2021-02-25,3.609999895095825,3.6700000762939453,3.490000009536743,3.630000114440918,3.055070400238037,10340000
2021-02-26,3.5999999046325684,4.090000152587891,3.5899999141693115,3.950000047683716,3.324388027191162,37020000
2021-03-01,4.010000228881836,4.78000020980835,4.010000228881836,4.78000020980835,4.022930145263672,59736000
2021-03-02,4.78000020980835,4.949999809265137,4.369999885559082,4.570000171661377,3.846190929412842,47736000
2021-03-03,4.570000171661377,5.190000057220459,4.519999980926514,5.050000190734863,4.250166893005371,50664000
2021-03-04,5.039999961853027,5.340000152587891,4.599999904632568,4.860000133514404,4.090259552001953,78756000
2021-03-05,4.71999979019165,4.789999961853027,4.179999828338623,4.210000038146973,3.543208360671997,68362000
2021-03-08,4.25,4.309999942779541,3.8499999046325684,3.890000104904175,3.2738912105560303,48501000
2021-03-09,3.950000047683716,3.950000047683716,3.5199999809265137,3.549999952316284,2.987740993499756,24160000
2021-03-10,3.619999885559082,3.7200000286102295,3.5,3.5399999618530273,2.97932505607605,17118620
2021-03-11,3.5999999046325684,3.8399999141693115,3.569999933242798,3.7799999713897705,3.1813130378723145,18302000
2021-03-12,3.8399999141693115,3.940000057220459,3.6600000858306885,3.700000047683716,3.113983631134033,16800000
2021-03-15,3.799999952316284,3.799999952316284,3.619999885559082,3.619999885559082,3.046654224395752,9334000
2021-03-16,3.6700000762939453,3.7899999618530273,3.640000104904175,3.7300000190734863,3.1392323970794678,12792000
2021-03-17,3.700000047683716,4.110000133514404,3.680000066757202,4.0,3.366468667984009,28498000
2021-03-18,4.050000190734863,4.050000190734863,3.809999942779541,3.819999933242798,3.214977502822876,13156000
2021-03-19,3.799999952316284,3.799999952316284,3.5799999237060547,3.6600000858306885,3.0803191661834717,13228000
2021-03-22,3.6600000858306885,3.75,3.609999895095825,3.7100000381469727,3.1223998069763184,8414000
2021-03-23,3.740000009536743,3.740000009536743,3.549999952316284,3.559999942779541,2.996156930923462,11272000
2021-03-24,3.549999952316284,3.559999942779541,3.3299999237060547,3.3499999046325684,2.8194174766540527,10672000
2021-03-25,3.3499999046325684,3.430000066757202,3.319999933242798,3.380000114440918,2.844666004180908,7186000
2021-03-26,3.4100000858306885,3.5,3.369999885559082,3.4700000286102295,2.9204118251800537,6150000
2021-03-29,3.4700000286102295,3.559999942779541,3.4200000762939453,3.450000047683716,2.9035792350769043,6320000
2021-03-30,3.4600000381469727,3.559999942779541,3.4000000953674316,3.430000066757202,2.886747121810913,6844000
2021-03-31,3.430000066757202,3.4700000286102295,3.309999942779541,3.3499999046325684,2.8194174766540527,5000000
2021-04-01,3.359999895095825,3.430000066757202,3.3399999141693115,3.430000066757202,2.886747121810913,4616000
2021-04-07,3.430000066757202,3.5,3.3399999141693115,3.440000057220459,2.8951632976531982,7002000
2021-04-08,3.4800000190734863,3.630000114440918,3.450000047683716,3.549999952316284,2.987740993499756,12794000
2021-04-09,3.5899999141693115,3.5899999141693115,3.4600000381469727,3.4700000286102295,2.9204118251800537,5046000
2021-04-12,3.490000009536743,3.490000009536743,3.319999933242798,3.319999933242798,2.7941689491271973,5740000
2021-04-13,3.359999895095825,3.369999885559082,3.309999942779541,3.359999895095825,2.827833652496338,3470000
2021-04-14,3.3399999141693115,3.359999895095825,3.309999942779541,3.3399999141693115,2.8110013008117676,3250000
2021-04-15,3.380000114440918,3.430000066757202,3.319999933242798,3.3499999046325684,2.8194174766540527,2842000
2021-04-16,3.390000104904175,3.4600000381469727,3.359999895095825,3.430000066757202,2.886747121810913,3246000
2021-04-19,3.450000047683716,3.549999952316284,3.430000066757202,3.4800000190734863,2.9288277626037598,4380000
2021-04-20,3.4700000286102295,3.5,3.430000066757202,3.450000047683716,2.9035792350769043,2228000
2021-04-21,3.450000047683716,3.759999990463257,3.450000047683716,3.6600000858306885,3.0803191661834717,19174000
2021-04-22,3.6700000762939453,3.7200000286102295,3.569999933242798,3.609999895095825,3.0382378101348877,8236000
2021-04-23,3.640000104904175,4.059999942779541,3.5799999237060547,4.039999961853027,3.4001331329345703,35624000
2021-04-26,4.150000095367432,4.170000076293945,3.8299999237060547,3.8299999237060547,3.223393678665161,18029000
2021-04-27,3.8499999046325684,3.950000047683716,3.6600000858306885,3.8299999237060547,3.223393678665161,15882000
2021-04-28,3.8299999237060547,4.179999828338623,3.8299999237060547,4.059999942779541,3.4169657230377197,31632000
2021-04-29,4.289999961853027,4.289999961853027,3.9000000953674316,3.940000057220459,3.315971851348877,10824000
2021-04-30,3.940000057220459,3.940000057220459,3.7799999713897705,3.7799999713897705,3.1813130378723145,4438000
2021-05-03,3.7799999713897705,3.7899999618530273,3.6600000858306885,3.7100000381469727,3.1223998069763184,3206000
2021-05-04,3.7100000381469727,3.880000114440918,3.680000066757202,3.8399999141693115,3.2318098545074463,2830000
2021-05-05,3.880000114440918,4.0,3.8499999046325684,3.9100000858306885,3.2907233238220215,3898000
2021-05-06,3.9100000858306885,4.190000057220459,3.799999952316284,4.099999904632568,3.4506301879882812,23544000
2021-05-07,4.170000076293945,4.199999809265137,4.039999961853027,4.090000152587891,3.4422144889831543,10542000
2021-05-10,4.079999923706055,4.389999866485596,4.079999923706055,4.329999923706055,3.644202470779419,14870000
2021-05-11,4.269999980926514,4.739999771118164,4.179999828338623,4.559999942779541,3.8377745151519775,32870000
2021-05-12,4.570000171661377,4.590000152587891,4.320000171661377,4.440000057220459,3.7367801666259766,10258000
2021-05-13,4.380000114440918,4.650000095367432,4.130000114440918,4.150000095367432,3.4927115440368652,14066000
2021-05-14,4.170000076293945,4.289999961853027,4.059999942779541,4.110000133514404,3.4590466022491455,12390000
2021-05-17,4.130000114440918,4.179999828338623,3.9700000286102295,3.990000009536743,3.3580524921417236,7018000
2021-05-18,4.0,4.289999961853027,4.0,4.289999961853027,3.6105380058288574,8978000
2021-05-20,4.289999961853027,4.289999961853027,4.010000228881836,4.079999923706055,3.43379807472229,6832000
2021-05-21,4.079999923706055,4.159999847412109,4.050000190734863,4.070000171661377,3.425381898880005,3578000
2021-05-24,4.079999923706055,4.159999847412109,3.9100000858306885,3.950000047683716,3.324388027191162,6778000
2021-05-25,4.0,4.099999904632568,3.9600000381469727,4.0,3.366468667984009,4994000
2021-05-26,4.170000076293945,4.340000152587891,4.050000190734863,4.28000020980835,3.602121353149414,17202000
2021-05-27,4.28000020980835,4.340000152587891,4.199999809265137,4.340000152587891,3.652618646621704,5846000
2021-05-28,4.420000076293945,4.420000076293945,4.159999847412109,4.170000076293945,3.5095434188842773,5248000
2021-05-31,4.190000057220459,4.309999942779541,4.119999885559082,4.179999828338623,3.5179598331451416,4708000
2021-06-01,4.179999828338623,4.309999942779541,4.179999828338623,4.239999771118164,3.5684566497802734,4628000
2021-06-02,4.300000190734863,4.309999942779541,4.110000133514404,4.119999885559082,3.4674627780914307,4470000
2021-06-03,4.099999904632568,4.199999809265137,4.099999904632568,4.130000114440918,3.475879192352295,3960000
2021-06-04,4.110000133514404,4.179999828338623,4.070000171661377,4.110000133514404,3.4590466022491455,3420000
2021-06-07,4.139999866485596,4.630000114440918,4.099999904632568,4.559999942779541,3.8377745151519775,30423000
2021-06-08,4.559999942779541,4.909999847412109,4.489999771118164,4.650000095367432,3.9135196208953857,27077000
2021-06-09,4.619999885559082,4.840000152587891,4.550000190734863,4.679999828338623,3.938768148422241,16724000
2021-06-10,4.650000095367432,4.71999979019165,4.570000171661377,4.619999885559082,3.8882710933685303,4704000
2021-06-11,4.630000114440918,4.75,4.440000057220459,4.519999980926514,3.804109811782837,9085000
2021-06-15,4.519999980926514,4.829999923706055,4.369999885559082,4.739999771118164,4.0696868896484375,13940000
2021-06-16,4.739999771118164,5.400000095367432,4.599999904632568,5.110000133514404,4.387362957000732,47865031
2021-06-17,5.090000152587891,5.5,5.039999961853027,5.099999904632568,4.378777027130127,25973969
2021-06-18,5.170000076293945,5.389999866485596,5.099999904632568,5.309999942779541,4.559079647064209,12679000
2021-06-21,5.25,5.989999771118164,5.239999771118164,5.929999828338623,5.09140157699585,32913000
2021-06-22,5.949999809265137,6.300000190734863,5.539999961853027,5.550000190734863,4.765140056610107,34881310
2021-06-23,5.550000190734863,5.699999809265137,5.150000095367432,5.230000019073486,4.490393161773682,25160690
2021-06-24,5.269999980926514,5.269999980926514,4.849999904632568,4.880000114440918,4.1898884773254395,24816000
2021-06-25,4.940000057220459,5.010000228881836,4.800000190734863,4.800000190734863,4.121201992034912,16817000
2021-06-28,4.820000171661377,4.880000114440918,4.699999809265137,4.760000228881836,4.086858749389648,6640000
2021-06-29,4.809999942779541,4.989999771118164,4.699999809265137,4.75,4.078272819519043,16874000
2021-06-30,4.849999904632568,5.050000190734863,4.78000020980835,5.03000020980835,4.318675994873047,15276031
2021-07-02,5.139999866485596,5.150000095367432,4.599999904632568,4.610000133514404,3.958070993423462,20207970
2021-07-05,4.610000133514404,4.639999866485596,4.420000076293945,4.510000228881836,3.8722126483917236,12970000
2021-07-06,4.550000190734863,4.769999980926514,4.46999979019165,4.519999980926514,3.880798816680908,9388000
2021-07-07,4.519999980926514,4.539999961853027,4.389999866485596,4.519999980926514,3.880798816680908,9812277
2021-07-08,4.550000190734863,4.550000190734863,4.289999961853027,4.289999961853027,3.6833243370056152,6764039
2021-07-09,4.300000190734863,4.440000057220459,4.25,4.349999904632568,3.73483943939209,4780000
2021-07-12,4.420000076293945,4.550000190734863,4.309999942779541,4.340000152587891,3.7262532711029053,7249000
2021-07-13,4.349999904632568,4.550000190734863,4.349999904632568,4.519999980926514,3.880798816680908,6444000
2021-07-14,4.5,4.730000019073486,4.360000133514404,4.579999923706055,3.9323134422302246,11343437
2021-07-15,4.579999923706055,4.679999828338623,4.510000228881836,4.519999980926514,3.880798816680908,6986000
2021-07-16,4.489999771118164,4.869999885559082,4.480000019073486,4.75,4.078272819519043,14526000
2021-07-19,4.730000019073486,4.860000133514404,4.639999866485596,4.699999809265137,4.035343647003174,8412000
2021-07-20,4.630000114440918,4.690000057220459,4.25,4.28000020980835,3.6747384071350098,17775723
2021-07-21,4.340000152587891,4.389999866485596,4.21999979019165,4.28000020980835,3.6747384071350098,5242000
2021-07-22,4.349999904632568,4.5,4.320000171661377,4.480000019073486,3.8464550971984863,12440000
2021-07-23,4.480000019073486,4.78000020980835,4.480000019073486,4.710000038146973,4.043929576873779,18611000
2021-07-26,4.739999771118164,4.75,4.239999771118164,4.260000228881836,3.657566785812378,17892000
2021-07-27,4.300000190734863,4.389999866485596,3.859999895095825,3.990000009536743,3.4257490634918213,16102000
2021-07-28,3.990000009536743,4.110000133514404,3.8399999141693115,4.050000190734863,3.477264404296875,7216000
2021-07-29,4.130000114440918,4.25,4.03000020980835,4.179999828338623,3.5888798236846924,9898000
2021-07-30,4.199999809265137,4.199999809265137,3.75,3.869999885559082,3.322718858718872,26340000
2021-08-02,3.880000114440918,4.320000171661377,3.809999942779541,4.239999771118164,3.640394926071167,20072000
2021-08-03,4.260000228881836,4.28000020980835,4.099999904632568,4.139999866485596,3.5545365810394287,5926000
2021-08-04,4.199999809265137,4.320000171661377,4.159999847412109,4.199999809265137,3.6060516834259033,6100000
2021-08-05,4.199999809265137,4.289999961853027,4.130000114440918,4.179999828338623,3.5888798236846924,5414000
2021-08-06,4.190000057220459,4.309999942779541,4.190000057220459,4.210000038146973,3.6146373748779297,6054000
2021-08-09,4.269999980926514,4.400000095367432,4.139999866485596,4.329999923706055,3.717667579650879,8138000
2021-08-10,4.349999904632568,4.429999828338623,4.25,4.380000114440918,3.760596990585327,8418581
2021-08-11,4.380000114440918,4.550000190734863,4.349999904632568,4.510000228881836,3.8722126483917236,13034000
2021-08-12,4.53000020980835,4.53000020980835,4.380000114440918,4.460000038146973,3.8292832374572754,5042000
2021-08-13,4.449999809265137,4.699999809265137,4.420000076293945,4.630000114440918,3.975242853164673,8576000
2021-08-16,4.650000095367432,4.699999809265137,4.46999979019165,4.5,3.8636269569396973,6822000
2021-08-17,4.5,4.610000133514404,4.230000019073486,4.28000020980835,3.6747384071350098,8288000
2021-08-18,4.289999961853027,4.389999866485596,4.260000228881836,4.320000171661377,3.7090818881988525,3178000
2021-08-19,4.300000190734863,4.340000152587891,4.170000076293945,4.170000076293945,3.580294132232666,4046000
2021-08-20,4.190000057220459,4.199999809265137,3.9600000381469727,4.099999904632568,3.520193099975586,8598000
2021-08-23,4.119999885559082,4.190000057220459,4.050000190734863,4.070000171661377,3.4944357872009277,10978000
2021-08-24,4.110000133514404,4.320000171661377,4.110000133514404,4.260000228881836,3.657566785812378,8496000
2021-08-25,4.309999942779541,4.380000114440918,4.210000038146973,4.300000190734863,3.6919100284576416,7096000
2021-08-26,4.289999961853027,4.429999828338623,4.230000019073486,4.230000019073486,3.6318089962005615,4038000
2021-08-27,4.300000190734863,4.349999904632568,4.119999885559082,4.190000057220459,3.597465753555298,4438000
2021-08-30,4.190000057220459,4.199999809265137,4.070000171661377,4.110000133514404,3.5287790298461914,5604000
2021-08-31,4.139999866485596,4.210000038146973,4.090000152587891,4.199999809265137,3.6060516834259033,5800000
2021-09-01,4.199999809265137,4.289999961853027,4.170000076293945,4.269999980926514,3.6661527156829834,5613537
2021-09-02,4.28000020980835,4.28000020980835,4.119999885559082,4.159999847412109,3.5717082023620605,9126000
2021-09-03,4.170000076293945,4.25,4.139999866485596,4.159999847412109,3.5717082023620605,5082000
2021-09-06,4.170000076293945,4.400000095367432,4.170000076293945,4.389999866485596,3.7691826820373535,8764000
2021-09-07,4.400000095367432,4.400000095367432,4.289999961853027,4.309999942779541,3.700495958328247,5204000
2021-09-08,4.309999942779541,4.539999961853027,4.300000190734863,4.510000228881836,3.8722126483917236,11096000
2021-09-09,4.519999980926514,4.679999828338623,4.400000095367432,4.400000095367432,3.77776837348938,19764000
2021-09-10,4.449999809265137,4.550000190734863,4.400000095367432,4.46999979019165,3.8378689289093018,6136000
2021-09-13,4.440000057220459,4.480000019073486,4.239999771118164,4.300000190734863,3.6919100284576416,7834000
2021-09-14,4.320000171661377,4.320000171661377,4.090000152587891,4.119999885559082,3.537364959716797,8318000
2021-09-15,4.150000095367432,4.170000076293945,4.070000171661377,4.079999923706055,3.503021478652954,4154000
2021-09-16,4.139999866485596,4.139999866485596,3.9000000953674316,4.0,3.4343349933624268,6016000
2021-09-17,3.930000066757202,4.059999942779541,3.930000066757202,4.03000020980835,3.460092782974243,2742000
2021-09-20,4.0,4.0,3.799999952316284,3.9000000953674316,3.3484766483306885,3122000
2021-09-21,3.799999952316284,3.950000047683716,3.680000066757202,3.950000047683716,3.3914058208465576,3880000
2021-09-23,4.059999942779541,4.099999904632568,3.9700000286102295,3.9800000190734863,3.417163372039795,2736000
2021-09-24,4.03000020980835,4.03000020980835,3.869999885559082,3.880000114440918,3.3313050270080566,2234000
2021-09-27,3.759999990463257,3.869999885559082,3.759999990463257,3.759999990463257,3.2282748222351074,2478000
2021-09-28,3.759999990463257,3.930000066757202,3.7300000190734863,3.8399999141693115,3.296961545944214,4032000
2021-09-29,3.8299999237060547,3.8299999237060547,3.7100000381469727,3.759999990463257,3.2282748222351074,2088000
2021-09-30,3.7799999713897705,3.809999942779541,3.7300000190734863,3.799999952316284,3.262618064880371,1780000
2021-10-04,3.799999952316284,3.809999942779541,3.680000066757202,3.75,3.219688892364502,1430000
2021-10-05,3.75,3.8299999237060547,3.7200000286102295,3.819999933242798,3.279789686203003,830000
2021-10-06,3.8299999237060547,3.9100000858306885,3.75,3.869999885559082,3.322718858718872,1626000
2021-10-07,3.9600000381469727,3.9600000381469727,3.8399999141693115,3.940000057220459,3.382819890975952,1272000
2021-10-08,3.940000057220459,4.170000076293945,3.9100000858306885,4.119999885559082,3.537364959716797,9008000
2021-10-11,4.119999885559082,4.170000076293945,4.059999942779541,4.059999942779541,3.4858498573303223,2630000
2021-10-12,4.099999904632568,4.139999866485596,3.9200000762939453,3.950000047683716,3.3914058208465576,2972000
2021-10-15,4.070000171661377,4.070000171661377,3.9200000762939453,3.9800000190734863,3.417163372039795,1358000
2021-10-18,3.9800000190734863,4.090000152587891,3.9700000286102295,4.079999923706055,3.503021478652954,1818000
2021-10-19,4.079999923706055,4.179999828338623,4.079999923706055,4.090000152587891,3.5116074085235596,3676000
2021-10-20,4.119999885559082,4.119999885559082,4.039999961853027,4.070000171661377,3.4944357872009277,2266000
2021-10-21,4.059999942779541,4.099999904632568,4.0,4.050000190734863,3.477264404296875,2234000
2021-10-22,4.019999980926514,4.079999923706055,4.019999980926514,4.019999980926514,3.4515066146850586,1270000
2021-10-25,4.019999980926514,4.159999847412109,4.010000228881836,4.110000133514404,3.5287790298461914,2156000
2021-10-26,4.110000133514404,4.150000095367432,4.039999961853027,4.050000190734863,3.477264404296875,1064000
2021-10-27,4.070000171661377,4.090000152587891,3.990000009536743,4.059999942779541,3.4858498573303223,2422000
2021-10-28,4.050000190734863,4.059999942779541,3.759999990463257,3.799999952316284,3.262618064880371,7738000
2021-10-29,3.799999952316284,4.019999980926514,3.7899999618530273,3.930000066757202,3.374234199523926,3892000
2021-11-01,3.9600000381469727,3.9600000381469727,3.880000114440918,3.9100000858306885,3.357062578201294,1186000
2021-11-02,3.9200000762939453,3.930000066757202,3.799999952316284,3.859999895095825,3.3141331672668457,1728000
2021-11-03,3.9000000953674316,3.930000066757202,3.700000047683716,3.75,3.219688892364502,3302000
2021-11-04,3.8299999237060547,4.039999961853027,3.799999952316284,3.799999952316284,3.262618064880371,7568000
2021-11-05,3.8399999141693115,3.869999885559082,3.740000009536743,3.7899999618530273,3.2540323734283447,3278000
2021-11-08,3.8299999237060547,3.859999895095825,3.7200000286102295,3.75,3.219688892364502,4062000
2021-11-09,3.7799999713897705,3.809999942779541,3.75,3.7799999713897705,3.2454464435577393,1288000
2021-11-10,3.75,3.75,3.6700000762939453,3.740000009536743,3.2111032009124756,2662000
2021-11-11,3.7200000286102295,3.8299999237060547,3.7200000286102295,3.809999942779541,3.2712039947509766,2562000
2021-11-12,3.809999942779541,3.8299999237060547,3.7699999809265137,3.7799999713897705,3.2454464435577393,1364000
2021-11-15,3.7699999809265137,3.7799999713897705,3.680000066757202,3.700000047683716,3.176759719848633,1924000
2021-11-16,3.680000066757202,3.7200000286102295,3.680000066757202,3.690000057220459,3.1681740283966064,1676000
2021-11-17,3.700000047683716,3.7100000381469727,3.619999885559082,3.6700000762939453,3.1510026454925537,1668000
2021-11-18,3.6600000858306885,3.7100000381469727,3.6600000858306885,3.680000066757202,3.15958833694458,2098000
2021-11-19,3.6600000858306885,3.6700000762939453,3.5899999141693115,3.6500000953674316,3.1338307857513428,2554000
2021-11-22,3.6600000858306885,3.740000009536743,3.6500000953674316,3.7100000381469727,3.1853456497192383,3760000
2021-11-23,3.700000047683716,3.7699999809265137,3.680000066757202,3.759999990463257,3.2282748222351074,2232000
2021-11-24,3.7300000190734863,3.7300000190734863,3.619999885559082,3.6500000953674316,3.1338307857513428,1972000
2021-11-25,3.6600000858306885,3.700000047683716,3.640000104904175,3.6700000762939453,3.1510026454925537,1316000
2021-11-26,3.6500000953674316,3.6600000858306885,3.5999999046325684,3.609999895095825,3.099487066268921,1334000
2021-11-29,3.5999999046325684,3.640000104904175,3.5799999237060547,3.5799999237060547,3.0737295150756836,1200000
2021-11-30,3.5899999141693115,3.609999895095825,3.5199999809265137,3.5899999141693115,3.082315444946289,1954000
2021-12-01,3.5799999237060547,3.880000114440918,3.5799999237060547,3.680000066757202,3.15958833694458,11954000
2021-12-02,3.680000066757202,3.890000104904175,3.680000066757202,3.7699999809265137,3.236860752105713,5946000
2021-12-03,3.809999942779541,3.809999942779541,3.700000047683716,3.7300000190734863,3.20251727104187,2972000
2021-12-06,3.7100000381469727,3.759999990463257,3.690000057220459,3.7200000286102295,3.1939315795898438,1214000
2021-12-07,3.740000009536743,3.8399999141693115,3.700000047683716,3.7699999809265137,3.236860752105713,3864000
2021-12-08,3.799999952316284,3.869999885559082,3.75,3.819999933242798,3.279789686203003,2716000
2021-12-09,3.819999933242798,3.9600000381469727,3.8299999237060547,3.9100000858306885,3.357062578201294,5792000
2021-12-10,3.880000114440918,4.03000020980835,3.880000114440918,3.9800000190734863,3.417163372039795,5616000
2021-12-13,4.090000152587891,4.210000038146973,4.0,4.070000171661377,3.4944357872009277,6918400
2021-12-14,4.070000171661377,4.119999885559082,4.019999980926514,4.059999942779541,3.4858498573303223,3616000
2021-12-15,4.059999942779541,4.110000133514404,4.0,4.010000228881836,3.4429209232330322,3318000
2021-12-16,4.0,4.170000076293945,3.9700000286102295,4.139999866485596,3.5545365810394287,5524000
2021-12-17,4.179999828338623,4.179999828338623,4.070000171661377,4.090000152587891,3.5116074085235596,3332000
2021-12-20,4.170000076293945,4.190000057220459,3.950000047683716,4.019999980926514,3.4515066146850586,4118000
2021-12-21,4.03000020980835,4.090000152587891,3.990000009536743,4.059999942779541,3.4858498573303223,2068000
2021-12-22,4.099999904632568,4.130000114440918,3.9700000286102295,3.9700000286102295,3.4085774421691895,1238000
2021-12-23,3.9700000286102295,4.019999980926514,3.9200000762939453,3.9700000286102295,3.4085774421691895,1682500
2021-12-24,3.9700000286102295,4.010000228881836,3.940000057220459,3.990000009536743,3.4257490634918213,1004000
2021-12-28,3.930000066757202,4.0,3.9100000858306885,3.940000057220459,3.382819890975952,1692000
2021-12-29,3.950000047683716,3.950000047683716,3.799999952316284,3.809999942779541,3.2712039947509766,1484000
2021-12-30,3.809999942779541,3.940000057220459,3.7899999618530273,3.880000114440918,3.3313050270080566,1536000
2021-12-31,3.9200000762939453,3.950000047683716,3.859999895095825,3.950000047683716,3.3914058208465576,560000
2022-01-03,3.940000057220459,4.039999961853027,3.9100000858306885,4.010000228881836,3.4429209232330322,1110000
2022-01-04,4.010000228881836,4.050000190734863,3.9600000381469727,3.9800000190734863,3.417163372039795,2056000
2022-01-05,3.950000047683716,4.260000228881836,3.950000047683716,4.199999809265137,3.6060516834259033,14220000
2022-01-06,4.25,4.369999885559082,4.079999923706055,4.179999828338623,3.5888798236846924,11788000
2022-01-07,4.210000038146973,4.25,4.139999866485596,4.150000095367432,3.5631227493286133,3374000
2022-01-10,4.199999809265137,4.28000020980835,4.139999866485596,4.239999771118164,3.640394926071167,3484000
2022-01-11,4.239999771118164,4.260000228881836,4.139999866485596,4.170000076293945,3.580294132232666,3012000
2022-01-12,4.179999828338623,4.239999771118164,4.139999866485596,4.190000057220459,3.597465753555298,2680000
2022-01-13,4.199999809265137,4.28000020980835,4.179999828338623,4.210000038146973,3.6146373748779297,3142000
2022-01-14,4.199999809265137,4.21999979019165,4.139999866485596,4.210000038146973,3.6146373748779297,2076000
2022-01-17,4.21999979019165,4.21999979019165,4.119999885559082,4.119999885559082,3.537364959716797,1942000
2022-01-18,4.110000133514404,4.170000076293945,4.090000152587891,4.099999904632568,3.520193099975586,1192000
2022-01-19,4.090000152587891,4.139999866485596,4.079999923706055,4.099999904632568,3.520193099975586,1292000
2022-01-20,4.090000152587891,4.159999847412109,4.090000152587891,4.119999885559082,3.537364959716797,1105162
2022-01-21,4.119999885559082,4.139999866485596,4.03000020980835,4.03000020980835,3.460092782974243,1638000
2022-01-24,4.03000020980835,4.139999866485596,4.010000228881836,4.070000171661377,3.4944357872009277,1108000
2022-01-25,4.050000190734863,4.059999942779541,3.869999885559082,3.869999885559082,3.322718858718872,3522000
2022-01-26,3.930000066757202,3.990000009536743,3.859999895095825,3.880000114440918,3.3313050270080566,1774000
2022-01-27,3.740000009536743,3.7899999618530273,3.6500000953674316,3.700000047683716,3.176759719848633,4000000
2022-01-28,3.7300000190734863,3.799999952316284,3.619999885559082,3.75,3.219688892364502,2682000
2022-01-31,3.7899999618530273,3.7899999618530273,3.7899999618530273,3.7899999618530273,3.2540323734283447,0
2022-02-04,3.7699999809265137,3.930000066757202,3.7699999809265137,3.869999885559082,3.322718858718872,1378482
2022-02-07,3.869999885559082,3.9800000190734863,3.869999885559082,3.940000057220459,3.382819890975952,1628000
2022-02-08,3.9600000381469727,3.9600000381469727,3.8399999141693115,3.9000000953674316,3.3484766483306885,1384000
2022-02-09,3.9600000381469727,3.990000009536743,3.9000000953674316,3.9600000381469727,3.399991750717163,2316000
2022-02-10,3.9800000190734863,4.050000190734863,3.950000047683716,4.03000020980835,3.460092782974243,2694000
2022-02-11,4.050000190734863,4.070000171661377,3.9700000286102295,4.019999980926514,3.4515066146850586,2202000
2022-02-14,4.039999961853027,4.090000152587891,3.990000009536743,4.010000228881836,3.4429209232330322,2356000
2022-02-15,3.950000047683716,3.9800000190734863,3.930000066757202,3.9800000190734863,3.417163372039795,1504000
2022-02-16,3.990000009536743,4.039999961853027,3.9800000190734863,3.990000009536743,3.4257490634918213,866000
2022-02-17,4.0,4.079999923706055,3.9800000190734863,4.0,3.4343349933624268,2328000
2022-02-18,3.990000009536743,4.039999961853027,3.9600000381469727,4.010000228881836,3.4429209232330322,1032000
2022-02-21,4.0,4.070000171661377,3.9600000381469727,4.019999980926514,3.4515066146850586,1292000
2022-02-22,3.950000047683716,3.9700000286102295,3.8399999141693115,3.930000066757202,3.374234199523926,3052000
2022-02-23,4.130000114440918,4.269999980926514,3.930000066757202,3.9700000286102295,3.4085774421691895,13288000
2022-02-24,3.950000047683716,3.940000057220459,3.809999942779541,3.819999933242798,3.279789686203003,3602000
2022-02-25,3.890000104904175,3.9100000858306885,3.799999952316284,3.819999933242798,3.279789686203003,1256000
2022-02-28,3.869999885559082,3.869999885559082,3.7100000381469727,3.75,3.219688892364502,1604000
2022-03-01,3.75,3.8299999237060547,3.75,3.7699999809265137,3.236860752105713,2380000
2022-03-02,3.759999990463257,3.809999942779541,3.759999990463257,3.7799999713897705,3.2454464435577393,1716000
2022-03-03,3.799999952316284,3.8499999046325684,3.759999990463257,3.7899999618530273,3.2540323734283447,1728000
2022-03-04,3.7799999713897705,3.809999942779541,3.7200000286102295,3.7300000190734863,3.20251727104187,1860010
2022-03-07,3.7300000190734863,3.7699999809265137,3.630000114440918,3.640000104904175,3.1252448558807373,2162000
2022-03-08,3.640000104904175,3.640000104904175,3.4600000381469727,3.4600000381469727,2.9706997871398926,3032000
2022-03-09,3.509999990463257,3.5199999809265137,3.2899999618530273,3.4000000953674316,2.919184684753418,2698000
2022-03-10,3.440000057220459,3.5799999237060547,3.4200000762939453,3.4700000286102295,2.979285717010498,2478000
2022-03-11,3.4800000190734863,3.5399999618530273,3.319999933242798,3.4800000190734863,2.9878716468811035,1924482
2022-03-14,3.4200000762939453,3.440000057220459,3.299999952316284,3.319999933242798,2.8504979610443115,2080000
2022-03-15,3.319999933242798,3.3399999141693115,2.9800000190734863,3.009999990463257,2.584336996078491,3506000
2022-03-16,3.0899999141693115,3.2899999618530273,3.069999933242798,3.259999990463257,2.798983097076416,2878000
2022-03-17,3.3499999046325684,3.4800000190734863,3.309999942779541,3.450000047683716,2.962114095687866,3570000
2022-03-18,3.380000114440918,3.5299999713897705,3.380000114440918,3.4800000190734863,2.9878716468811035,1323679
2022-03-21,3.5,3.5199999809265137,3.450000047683716,3.490000009536743,2.99645733833313,920000
2022-03-22,3.450000047683716,3.7699999809265137,3.450000047683716,3.759999990463257,3.2282748222351074,4626000
2022-03-23,3.759999990463257,3.7699999809265137,3.680000066757202,3.75,3.219688892364502,1960000
2022-03-24,3.75,3.809999942779541,3.7100000381469727,3.7899999618530273,3.2540323734283447,2226000
2022-03-25,3.8299999237060547,3.890000104904175,3.75,3.859999895095825,3.3141331672668457,4694000
2022-03-28,3.8299999237060547,3.9000000953674316,3.759999990463257,3.869999885559082,3.322718858718872,5620000
2022-03-29,3.8499999046325684,4.039999961853027,3.8299999237060547,4.010000228881836,3.4429209232330322,5488000
2022-03-30,4.010000228881836,4.119999885559082,3.880000114440918,4.099999904632568,3.520193099975586,14458000
2022-03-31,4.050000190734863,4.079999923706055,4.0,4.070000171661377,3.4944357872009277,1834000
2022-04-01,4.039999961853027,4.159999847412109,4.039999961853027,4.150000095367432,3.5631227493286133,6228000
2022-04-04,4.110000133514404,4.150000095367432,4.090000152587891,4.139999866485596,3.5545365810394287,1300000
2022-04-06,4.099999904632568,4.099999904632568,4.03000020980835,4.079999923706055,3.503021478652954,3472000
2022-04-07,4.079999923706055,4.090000152587891,4.0,4.079999923706055,3.503021478652954,3444000
2022-04-08,4.079999923706055,4.28000020980835,4.079999923706055,4.25,3.6489810943603516,9906000
2022-04-11,4.239999771118164,4.25,4.090000152587891,4.119999885559082,3.537364959716797,7266000
2022-04-12,4.110000133514404,4.159999847412109,4.059999942779541,4.139999866485596,3.5545365810394287,2478000
2022-04-13,4.090000152587891,4.119999885559082,4.050000190734863,4.079999923706055,3.503021478652954,2162000
2022-04-14,4.139999866485596,4.190000057220459,4.079999923706055,4.099999904632568,3.520193099975586,1164000
2022-04-19,4.090000152587891,4.090000152587891,4.03000020980835,4.079999923706055,3.503021478652954,1276000
2022-04-20,4.070000171661377,4.170000076293945,4.050000190734863,4.070000171661377,3.4944357872009277,2100000
2022-04-21,4.050000190734863,4.070000171661377,3.880000114440918,3.940000057220459,3.382819890975952,2526000
2022-04-22,3.940000057220459,3.940000057220459,3.8299999237060547,3.930000066757202,3.374234199523926,1232000
2022-04-25,3.880000114440918,3.880000114440918,3.619999885559082,3.630000114440918,3.116658926010132,2608000
2022-04-26,3.700000047683716,3.7300000190734863,3.5899999141693115,3.619999885559082,3.1080729961395264,3132000
2022-04-27,3.549999952316284,3.6600000858306885,3.5199999809265137,3.609999895095825,3.099487066268921,4618000
2022-04-28,3.6500000953674316,3.950000047683716,3.6500000953674316,3.9100000858306885,3.357062578201294,2818000
2022-04-29,3.9200000762939453,3.930000066757202,3.809999942779541,3.880000114440918,3.3313050270080566,2010000
2022-05-03,3.799999952316284,3.9200000762939453,3.799999952316284,3.9100000858306885,3.357062578201294,438000
2022-05-04,3.950000047683716,3.950000047683716,3.9000000953674316,3.930000066757202,3.374234199523926,334000
2022-05-05,3.930000066757202,3.950000047683716,3.7699999809265137,3.799999952316284,3.262618064880371,4652000
2022-05-06,3.75,3.799999952316284,3.5999999046325684,3.619999885559082,3.1080729961395264,4440000
2022-05-10,3.5899999141693115,3.6600000858306885,3.4800000190734863,3.630000114440918,3.116658926010132,1218000
2022-05-11,3.680000066757202,3.759999990463257,3.640000104904175,3.6500000953674316,3.1338307857513428,2148000
2022-05-12,3.6500000953674316,3.680000066757202,3.5,3.5199999809265137,3.022214651107788,2312000
2022-05-13,3.559999942779541,3.5899999141693115,3.5299999713897705,3.549999952316284,3.0479722023010254,1554000
2022-05-16,3.619999885559082,3.75,3.5999999046325684,3.6600000858306885,3.1424167156219482,2412000
2022-05-17,3.5199999809265137,3.680000066757202,3.5199999809265137,3.6600000858306885,3.270944118499756,3616000
2022-05-18,3.6600000858306885,3.7200000286102295,3.559999942779541,3.6700000762939453,3.279881238937378,1896000
2022-05-19,3.640000104904175,3.6500000953674316,3.559999942779541,3.6500000953674316,3.262006998062134,6006000
2022-05-20,3.6700000762939453,3.740000009536743,3.6700000762939453,3.6700000762939453,3.279881238937378,2024004
2022-05-23,3.690000057220459,3.7200000286102295,3.6600000858306885,3.690000057220459,3.297755241394043,804000
2022-05-24,3.690000057220459,3.7100000381469727,3.4800000190734863,3.5399999618530273,3.1636998653411865,5856000
2022-05-25,3.559999942779541,3.5899999141693115,3.5299999713897705,3.559999942779541,3.1815738677978516,2548000
2022-05-26,3.5999999046325684,3.9000000953674316,3.5799999237060547,3.7899999618530273,3.387125015258789,10368000
2022-05-27,3.8399999141693115,3.859999895095825,3.7100000381469727,3.7899999618530273,3.387125015258789,3216000
2022-05-30,3.869999885559082,3.869999885559082,3.700000047683716,3.75,3.351377010345459,1046000
2022-05-31,3.759999990463257,3.8399999141693115,3.75,3.8299999237060547,3.422873020172119,3194000
2022-06-01,3.799999952316284,3.8499999046325684,3.7799999713897705,3.819999933242798,3.413935899734497,1870000
2022-06-02,3.799999952316284,3.880000114440918,3.7799999713897705,3.8499999046325684,3.440747022628784,2550000
2022-06-06,3.8499999046325684,3.880000114440918,3.819999933242798,3.869999885559082,3.45862078666687,1164000
2022-06-07,3.8499999046325684,3.8499999046325684,3.7300000190734863,3.75,3.351377010345459,1741300
2022-06-08,3.799999952316284,3.799999952316284,3.680000066757202,3.7300000190734863,3.333503007888794,2341300
2022-06-09,3.740000009536743,3.75,3.6600000858306885,3.680000066757202,3.288818120956421,1436000
2022-06-10,3.680000066757202,3.7300000190734863,3.640000104904175,3.690000057220459,3.297755241394043,936000
2022-06-13,3.6700000762939453,3.7200000286102295,3.619999885559082,3.6500000953674316,3.262006998062134,1058000
2022-06-14,3.6500000953674316,3.6600000858306885,3.559999942779541,3.640000104904175,3.2530698776245117,2128000
2022-06-15,3.640000104904175,3.700000047683716,3.640000104904175,3.690000057220459,3.297755241394043,984000
2022-06-16,3.690000057220459,3.700000047683716,3.630000114440918,3.640000104904175,3.2530698776245117,1592000
2022-06-17,3.5999999046325684,3.680000066757202,3.5899999141693115,3.609999895095825,3.2262587547302246,898000
2022-06-20,3.609999895095825,3.640000104904175,3.5899999141693115,3.5999999046325684,3.2173218727111816,634000
2022-06-21,3.640000104904175,3.6500000953674316,3.609999895095825,3.630000114440918,3.2441329956054688,1570000
2022-06-22,3.6600000858306885,3.6600000858306885,3.549999952316284,3.5899999141693115,3.2083847522735596,1558000
2022-06-23,3.5899999141693115,3.619999885559082,3.569999933242798,3.609999895095825,3.2262587547302246,1096000
2022-06-24,3.5999999046325684,3.6700000762939453,3.5999999046325684,3.6500000953674316,3.262006998062134,1492000
2022-06-27,3.6500000953674316,3.7300000190734863,3.630000114440918,3.700000047683716,3.306692123413086,1428000
2022-06-28,3.700000047683716,3.8299999237060547,3.700000047683716,3.809999942779541,3.404999017715454,3222000
2022-06-29,3.809999942779541,3.809999942779541,3.7200000286102295,3.740000009536743,3.342440128326416,1100000
2022-06-30,3.700000047683716,3.75,3.700000047683716,3.740000009536743,3.342440128326416,891909
2022-07-04,3.680000066757202,3.7100000381469727,3.6600000858306885,3.690000057220459,3.297755241394043,1348000
2022-07-05,3.690000057220459,3.700000047683716,3.5999999046325684,3.640000104904175,3.2530698776245117,1426000
2022-07-06,3.619999885559082,3.619999885559082,3.5799999237060547,3.5799999237060547,3.1994478702545166,986000
2022-07-07,3.619999885559082,3.619999885559082,3.569999933242798,3.5899999141693115,3.2083847522735596,518000
2022-07-08,3.630000114440918,3.619999885559082,3.5899999141693115,3.609999895095825,3.2262587547302246,352000
2022-07-11,3.5999999046325684,3.5999999046325684,3.5399999618530273,3.569999933242798,3.1905107498168945,1360000
2022-07-12,3.549999952316284,3.569999933242798,3.509999990463257,3.509999990463257,3.1368889808654785,1438000
2022-07-13,3.5299999713897705,3.569999933242798,3.509999990463257,3.559999942779541,3.1815738677978516,878000
2022-07-14,3.5199999809265137,3.5299999713897705,3.490000009536743,3.5,3.1279518604278564,768000
2022-07-15,3.5,3.5,3.390000104904175,3.4200000762939453,3.0564560890197754,946000
2022-07-18,3.430000066757202,3.569999933242798,3.430000066757202,3.5,3.1279518604278564,1728000
2022-07-19,3.4800000190734863,3.509999990463257,3.4700000286102295,3.5,3.1279518604278564,610000
2022-07-20,3.5399999618530273,3.5899999141693115,3.5299999713897705,3.5899999141693115,3.2083847522735596,2162700
2022-07-21,3.569999933242798,3.5799999237060547,3.490000009536743,3.5199999809265137,3.1458258628845215,1552000
2022-07-22,3.509999990463257,3.549999952316284,3.4600000381469727,3.4800000190734863,3.1100778579711914,1014000
2022-07-25,3.5199999809265137,3.5199999809265137,3.450000047683716,3.490000009536743,3.1190149784088135,426000
2022-07-26,3.4600000381469727,3.5,3.450000047683716,3.490000009536743,3.1190149784088135,508000
2022-07-27,3.4600000381469727,3.490000009536743,3.440000057220459,3.450000047683716,3.0832669734954834,1340000
2022-07-28,3.450000047683716,3.490000009536743,3.380000114440918,3.4000000953674316,3.0385818481445312,2200000
2022-07-29,3.430000066757202,3.430000066757202,3.2799999713897705,3.3399999141693115,2.984959602355957,2538000
2022-08-01,3.319999933242798,3.319999933242798,3.25,3.2799999713897705,2.931337833404541,1582000
2022-08-02,3.259999990463257,3.259999990463257,3.109999895095825,3.1600000858306885,2.8240935802459717,1738000
2022-08-03,3.140000104904175,3.200000047683716,3.119999885559082,3.130000114440918,2.7972826957702637,1439000
2022-08-04,3.1700000762939453,3.2100000381469727,3.140000104904175,3.2100000381469727,2.868778944015503,982000
2022-08-05,3.2300000190734863,3.2699999809265137,3.2200000286102295,3.2699999809265137,2.922400712966919,560000
2022-08-08,3.25,3.25,3.200000047683716,3.2200000286102295,2.877715826034546,754000
2022-08-09,3.2200000286102295,3.2200000286102295,3.1700000762939453,3.190000057220459,2.850904941558838,1134000
2022-08-10,3.2200000286102295,3.2200000286102295,3.1700000762939453,3.2100000381469727,2.868778944015503,748000
2022-08-11,3.2200000286102295,3.259999990463257,3.200000047683716,3.259999990463257,2.913463830947876,986000
2022-08-12,3.2300000190734863,3.3299999237060547,3.2300000190734863,3.309999942779541,2.958148717880249,1080000
2022-08-15,3.25,3.299999952316284,3.2300000190734863,3.25,2.904526710510254,314000
2022-08-16,3.25,3.2699999809265137,3.2300000190734863,3.25,2.904526710510254,816000
2022-08-17,3.25,3.2799999713897705,3.25,3.2799999713897705,2.931337833404541,352000
2022-08-18,3.2699999809265137,3.2799999713897705,3.240000009536743,3.2699999809265137,2.922400712966919,314000
2022-08-19,3.2699999809265137,3.309999942779541,3.259999990463257,3.2799999713897705,2.931337833404541,662000
2022-08-22,3.2799999713897705,3.2799999713897705,3.240000009536743,3.2799999713897705,2.931337833404541,444000
2022-08-23,3.2799999713897705,3.2799999713897705,3.2200000286102295,3.259999990463257,2.913463830947876,512000
2022-08-24,3.259999990463257,3.259999990463257,3.1600000858306885,3.190000057220459,2.850904941558838,922000
2022-08-25,3.200000047683716,3.2200000286102295,3.180000066757202,3.2100000381469727,2.868778944015503,608000
2022-08-26,3.2899999618530273,3.299999952316284,3.180000066757202,3.2300000190734863,2.886652946472168,2110000
2022-08-29,3.2200000286102295,3.2200000286102295,3.180000066757202,3.2100000381469727,2.868778944015503,390004
2022-08-30,3.2200000286102295,3.2200000286102295,3.1500000953674316,3.1600000858306885,2.8240935802459717,742000
2022-08-31,3.1700000762939453,3.180000066757202,3.140000104904175,3.1500000953674316,2.8151566982269287,1348000
2022-09-01,3.1700000762939453,3.2100000381469727,3.130000114440918,3.1500000953674316,2.8151566982269287,1414000
2022-09-02,3.1600000858306885,3.140000104904175,3.109999895095825,3.119999885559082,2.7883455753326416,838000
2022-09-05,3.109999895095825,3.130000114440918,3.0799999237060547,3.0899999141693115,2.7615344524383545,462000
2022-09-06,3.0899999141693115,3.200000047683716,3.0899999141693115,3.130000114440918,2.7972826957702637,940000
2022-09-07,3.140000104904175,3.180000066757202,3.119999885559082,3.1600000858306885,2.8240935802459717,1542000
2022-09-08,3.1700000762939453,3.180000066757202,3.119999885559082,3.1500000953674316,2.8151566982269287,564000
2022-09-09,3.140000104904175,3.200000047683716,3.130000114440918,3.1600000858306885,2.8240935802459717,1222000
2022-09-13,3.190000057220459,3.2100000381469727,3.180000066757202,3.200000047683716,2.859841823577881,524000
2022-09-14,3.1600000858306885,3.190000057220459,3.140000104904175,3.1600000858306885,2.8240935802459717,984000
2022-09-15,3.1700000762939453,3.1600000858306885,3.119999885559082,3.1500000953674316,2.8151566982269287,1182000
2022-09-16,3.119999885559082,3.1500000953674316,3.119999885559082,3.1500000953674316,2.8151566982269287,794000
2022-09-19,3.109999895095825,3.140000104904175,3.0799999237060547,3.109999895095825,2.7794084548950195,598000
2022-09-20,3.0899999141693115,3.190000057220459,3.0899999141693115,3.1700000762939453,2.8330307006835938,1554000
2022-09-21,3.1700000762939453,3.1700000762939453,3.109999895095825,3.140000104904175,2.8062198162078857,294000
2022-09-22,3.0999999046325684,3.1600000858306885,3.0999999046325684,3.130000114440918,2.7972826957702637,1160000
2022-09-23,3.109999895095825,3.1600000858306885,3.109999895095825,3.130000114440918,2.7972826957702637,596000
2022-09-26,3.0999999046325684,3.130000114440918,3.049999952316284,3.0799999237060547,2.7525975704193115,630000
2022-09-27,3.0999999046325684,3.109999895095825,3.069999933242798,3.109999895095825,2.7794084548950195,580000
2022-09-28,3.069999933242798,3.0999999046325684,3.049999952316284,3.059999942779541,2.7347235679626465,802000
2022-09-29,3.049999952316284,3.049999952316284,2.8499999046325684,2.859999895095825,2.555983304977417,356000
2022-09-30,2.859999895095825,2.859999895095825,2.7100000381469727,2.7300000190734863,2.439802646636963,1608000
2022-10-03,2.7300000190734863,2.7300000190734863,2.680000066757202,2.700000047683716,2.4129912853240967,56000
2022-10-05,2.809999942779541,2.8499999046325684,2.7300000190734863,2.809999942779541,2.511298418045044,294000
2022-10-06,2.740000009536743,2.8499999046325684,2.740000009536743,2.8399999141693115,2.538109540939331,262000
2022-10-07,2.819999933242798,2.819999933242798,2.7300000190734863,2.740000009536743,2.448739528656006,154000
2022-10-10,2.799999952316284,2.869999885559082,2.7300000190734863,2.7699999809265137,2.475550651550293,828000
2022-10-11,2.759999990463257,2.819999933242798,2.759999990463257,2.799999952316284,2.502361536026001,338000
2022-10-12,2.759999990463257,2.859999895095825,2.700000047683716,2.8499999046325684,2.547046422958374,610000
2022-10-13,2.8499999046325684,2.9700000286102295,2.809999942779541,2.9000000953674316,2.591731548309326,612000
2022-10-14,2.9200000762939453,3.009999990463257,2.859999895095825,2.930000066757202,2.618542432785034,1086000
2022-10-17,2.950000047683716,3.069999933242798,2.950000047683716,2.9700000286102295,2.6542906761169434,782000
2022-10-18,2.9800000190734863,3.0399999618530273,2.9800000190734863,3.009999990463257,2.6900386810302734,486000
2022-10-19,2.990000009536743,3.009999990463257,2.940000057220459,2.990000009536743,2.6721646785736084,274000
2022-10-20,2.9600000381469727,3.0,2.9200000762939453,2.9700000286102295,2.6542906761169434,778000
2022-10-21,2.9000000953674316,2.9700000286102295,2.9000000953674316,2.9700000286102295,2.6542906761169434,228000
2022-10-24,2.9800000190734863,2.990000009536743,2.8499999046325684,2.869999885559082,2.564920425415039,864000
2022-10-25,2.869999885559082,2.9200000762939453,2.8399999141693115,2.890000104904175,2.582794666290283,832000
2022-10-26,2.9000000953674316,2.9800000190734863,2.9000000953674316,2.950000047683716,2.6364166736602783,796000
2022-10-27,2.9800000190734863,3.0199999809265137,2.9600000381469727,2.9700000286102295,2.6542906761169434,1112000
2022-10-28,3.0999999046325684,3.200000047683716,3.0199999809265137,3.0399999618530273,2.7168495655059814,4036000
2022-10-31,3.0899999141693115,3.2300000190734863,3.069999933242798,3.1600000858306885,2.8240935802459717,5012000
2022-11-01,3.190000057220459,3.3499999046325684,3.140000104904175,3.3499999046325684,2.993896722793579,5540000
2022-11-02,3.309999942779541,3.390000104904175,3.2799999713897705,3.3499999046325684,2.993896722793579,3040000
2022-11-03,3.3399999141693115,3.380000114440918,3.259999990463257,3.309999942779541,2.958148717880249,3719000
2022-11-04,3.3399999141693115,3.3399999141693115,3.200000047683716,3.259999990463257,2.913463830947876,5558000
2022-11-07,3.2799999713897705,3.4700000286102295,3.240000009536743,3.369999885559082,3.011770725250244,6550000
2022-11-08,3.390000104904175,3.390000104904175,3.319999933242798,3.3399999141693115,2.984959602355957,2176000
2022-11-09,3.3499999046325684,3.4100000858306885,3.3399999141693115,3.4000000953674316,3.0385818481445312,3294000
2022-11-10,3.390000104904175,3.4200000762939453,3.369999885559082,3.4200000762939453,3.0564560890197754,2431996
2022-11-11,3.4800000190734863,3.5299999713897705,3.450000047683716,3.5,3.1279518604278564,2864000
2022-11-14,3.5399999618530273,3.549999952316284,3.4200000762939453,3.450000047683716,3.0832669734954834,3112000
2022-11-15,3.440000057220459,3.559999942779541,3.430000066757202,3.5399999618530273,3.1636998653411865,3457998
2022-11-16,3.5,3.569999933242798,3.4700000286102295,3.4700000286102295,3.1011409759521484,1686000
2022-11-17,3.4600000381469727,3.509999990463257,3.430000066757202,3.509999990463257,3.1368889808654785,1326000
2022-11-18,3.5,3.5399999618530273,3.4700000286102295,3.4800000190734863,3.1100778579711914,737998
2022-11-21,3.4600000381469727,3.509999990463257,3.430000066757202,3.490000009536743,3.1190149784088135,1518000
2022-11-22,3.490000009536743,3.549999952316284,3.4700000286102295,3.5,3.1279518604278564,1912005
2022-11-23,3.5,3.690000057220459,3.5,3.609999895095825,3.2262587547302246,3634007
2022-11-24,3.5799999237060547,3.6600000858306885,3.5799999237060547,3.640000104904175,3.2530698776245117,2517996
2022-11-25,3.5999999046325684,3.6500000953674316,3.5899999141693115,3.630000114440918,3.2441329956054688,642000
2022-11-28,3.5399999618530273,3.619999885559082,3.490000009536743,3.619999885559082,3.2351958751678467,2018000
2022-11-29,3.5999999046325684,3.619999885559082,3.5899999141693115,3.619999885559082,3.2351958751678467,1206000
2022-11-30,3.5999999046325684,3.859999895095825,3.5999999046325684,3.640000104904175,3.2530698776245117,3358000
2022-12-01,3.700000047683716,3.7200000286102295,3.6500000953674316,3.680000066757202,3.288818120956421,1164000
2022-12-02,3.680000066757202,3.7200000286102295,3.609999895095825,3.630000114440918,3.2441329956054688,1119998
2022-12-05,3.6500000953674316,3.75,3.630000114440918,3.7300000190734863,3.333503007888794,2671508
2022-12-06,3.7200000286102295,3.8399999141693115,3.7100000381469727,3.7899999618530273,3.387125015258789,3418000
2022-12-07,3.75,3.7799999713897705,3.609999895095825,3.619999885559082,3.2351958751678467,2826006
2022-12-08,3.700000047683716,3.700000047683716,3.640000104904175,3.680000066757202,3.288818120956421,531996
2022-12-09,3.680000066757202,3.690000057220459,3.619999885559082,3.680000066757202,3.288818120956421,2214000
2022-12-12,3.640000104904175,3.7799999713897705,3.630000114440918,3.7300000190734863,3.333503007888794,1873998
2022-12-13,3.7200000286102295,3.740000009536743,3.6600000858306885,3.6700000762939453,3.279881238937378,1072000
2022-12-14,3.6500000953674316,3.690000057220459,3.5999999046325684,3.6600000858306885,3.270944118499756,1300000
2022-12-15,3.619999885559082,3.6500000953674316,3.549999952316284,3.569999933242798,3.1905107498168945,1440000
2022-12-16,3.5399999618530273,3.680000066757202,3.5299999713897705,3.6500000953674316,3.262006998062134,1413998
2022-12-19,3.640000104904175,3.7100000381469727,3.569999933242798,3.569999933242798,3.1905107498168945,868000
2022-12-20,3.5399999618530273,3.619999885559082,3.5299999713897705,3.569999933242798,3.1905107498168945,736000
2022-12-21,3.5899999141693115,3.5899999141693115,3.5299999713897705,3.549999952316284,3.1726367473602295,220000
2022-12-22,3.559999942779541,3.569999933242798,3.509999990463257,3.5199999809265137,3.1458258628845215,1870000
2022-12-23,3.5,3.549999952316284,3.4600000381469727,3.4800000190734863,3.1100778579711914,460000
2022-12-28,3.549999952316284,3.630000114440918,3.549999952316284,3.5999999046325684,3.2173218727111816,2228000
2022-12-29,3.549999952316284,3.5799999237060547,3.4800000190734863,3.559999942779541,3.1815738677978516,860000
2022-12-30,3.5799999237060547,3.7200000286102295,3.5799999237060547,3.690000057220459,3.297755241394043,2804002
2023-01-03,3.690000057220459,3.8299999237060547,3.6600000858306885,3.799999952316284,3.396061897277832,3159996
2023-01-04,3.7899999618530273,3.8299999237060547,3.7699999809265137,3.7699999809265137,3.369251012802124,1986000
2023-01-05,3.7799999713897705,3.8299999237060547,3.759999990463257,3.7899999618530273,3.387125015258789,844000
2023-01-06,3.7799999713897705,3.819999933242798,3.7200000286102295,3.740000009536743,3.342440128326416,1592000
2023-01-09,3.740000009536743,3.819999933242798,3.740000009536743,3.799999952316284,3.396061897277832,1286000
2023-01-10,3.799999952316284,3.799999952316284,3.759999990463257,3.7899999618530273,3.387125015258789,938002
2023-01-11,3.759999990463257,3.8499999046325684,3.75,3.819999933242798,3.413935899734497,3332002
2023-01-12,3.8399999141693115,3.890000104904175,3.8299999237060547,3.869999885559082,3.45862078666687,3110002
2023-01-13,3.890000104904175,3.9100000858306885,3.859999895095825,3.890000104904175,3.4764952659606934,1538000
2023-01-16,3.9100000858306885,4.090000152587891,3.930000066757202,4.059999942779541,3.6284241676330566,4946010
2023-01-17,4.059999942779541,4.090000152587891,4.010000228881836,4.050000190734863,3.6194872856140137,1208000
2023-01-18,4.03000020980835,4.110000133514404,4.03000020980835,4.090000152587891,3.6552352905273438,2414002
2023-01-19,4.090000152587891,4.159999847412109,4.090000152587891,4.119999885559082,3.6820461750030518,1462008
2023-01-20,4.150000095367432,4.179999828338623,4.130000114440918,4.150000095367432,3.708857536315918,1156000
2023-01-26,4.170000076293945,4.21999979019165,4.150000095367432,4.21999979019165,3.771416187286377,1564500
2023-01-27,4.230000019073486,4.230000019073486,4.070000171661377,4.110000133514404,3.673109292984009,1172000
2023-01-30,4.119999885559082,4.150000095367432,4.019999980926514,4.050000190734863,3.6194872856140137,2066000
2023-01-31,4.079999923706055,4.300000190734863,4.079999923706055,4.269999980926514,3.816101551055908,8430000
2023-02-01,4.300000190734863,4.309999942779541,4.179999828338623,4.260000228881836,3.807164430618286,2528000
2023-02-02,4.260000228881836,4.300000190734863,4.210000038146973,4.25,3.798227548599243,1886000
2023-02-03,4.199999809265137,4.28000020980835,4.090000152587891,4.119999885559082,3.6820461750030518,1889998
2023-02-06,4.119999885559082,4.159999847412109,4.039999961853027,4.090000152587891,3.6552352905273438,1912000
2023-02-07,4.079999923706055,4.170000076293945,4.079999923706055,4.139999866485596,3.699920177459717,1016000
2023-02-08,4.139999866485596,4.150000095367432,4.079999923706055,4.130000114440918,3.690983533859253,1148000
2023-02-09,4.119999885559082,4.159999847412109,4.070000171661377,4.150000095367432,3.708857536315918,990000
2023-02-10,4.130000114440918,4.139999866485596,4.110000133514404,4.130000114440918,3.690983533859253,720000
2023-02-13,4.090000152587891,4.320000171661377,4.090000152587891,4.289999961853027,3.8339755535125732,3440000
2023-02-14,4.389999866485596,4.389999866485596,4.170000076293945,4.199999809265137,3.753542184829712,2734000
2023-02-15,4.199999809265137,4.260000228881836,4.130000114440918,4.139999866485596,3.699920177459717,1948000
2023-02-16,4.110000133514404,4.190000057220459,4.059999942779541,4.079999923706055,3.6462981700897217,1810000
2023-02-17,4.079999923706055,4.199999809265137,4.079999923706055,4.150000095367432,3.708857536315918,1480000
2023-02-20,4.159999847412109,4.239999771118164,4.099999904632568,4.21999979019165,3.771416187286377,1320005
2023-02-21,4.269999980926514,4.269999980926514,4.119999885559082,4.159999847412109,3.717794179916382,856000
2023-02-22,4.139999866485596,4.170000076293945,4.090000152587891,4.139999866485596,3.699920177459717,820000
2023-02-23,4.119999885559082,4.159999847412109,4.059999942779541,4.119999885559082,3.6820461750030518,896000
2023-02-24,4.090000152587891,4.130000114440918,4.070000171661377,4.099999904632568,3.6641719341278076,998000
2023-02-27,4.119999885559082,4.119999885559082,4.0,4.019999980926514,3.5926761627197266,1154000
2023-02-28,3.990000009536743,4.019999980926514,3.869999885559082,3.9000000953674316,3.4854323863983154,2275992
2023-03-01,3.9200000762939453,4.019999980926514,3.9100000858306885,4.019999980926514,3.5926761627197266,1252000
2023-03-02,3.9700000286102295,4.070000171661377,3.9700000286102295,4.070000171661377,3.6373612880706787,578000
2023-03-03,4.070000171661377,4.170000076293945,4.059999942779541,4.159999847412109,3.717794179916382,1282000
2023-03-06,4.150000095367432,4.230000019073486,4.150000095367432,4.210000038146973,3.762479066848755,1546000
2023-03-07,4.239999771118164,4.360000133514404,4.190000057220459,4.239999771118164,3.789290189743042,7872000
2023-03-08,4.21999979019165,4.28000020980835,4.150000095367432,4.239999771118164,3.789290189743042,2725998
2023-03-09,4.289999961853027,4.289999961853027,4.150000095367432,4.150000095367432,3.708857536315918,2884002
2023-03-10,4.150000095367432,4.150000095367432,4.03000020980835,4.03000020980835,3.6016132831573486,1816008
2023-03-13,4.050000190734863,4.090000152587891,4.019999980926514,4.070000171661377,3.6373612880706787,1676000
2023-03-14,4.070000171661377,4.070000171661377,3.9000000953674316,3.9600000381469727,3.5390541553497314,2758000
2023-03-15,3.9800000190734863,4.090000152587891,3.9800000190734863,4.070000171661377,3.6373612880706787,2106000
2023-03-16,4.019999980926514,4.289999961853027,4.019999980926514,4.130000114440918,3.690983533859253,9528000
2023-03-17,4.130000114440918,4.239999771118164,4.130000114440918,4.21999979019165,3.771416187286377,3142000
2023-03-20,4.21999979019165,4.25,4.079999923706055,4.119999885559082,3.6820461750030518,4496000
2023-03-21,4.150000095367432,4.150000095367432,4.019999980926514,4.110000133514404,3.673109292984009,1594000
2023-03-22,4.139999866485596,4.170000076293945,4.070000171661377,4.139999866485596,3.699920177459717,3380000
2023-03-23,4.090000152587891,4.130000114440918,4.079999923706055,4.119999885559082,3.6820461750030518,1488000
2023-03-24,4.079999923706055,4.090000152587891,4.0,4.039999961853027,3.6105501651763916,1938000
2023-03-27,4.039999961853027,4.010000228881836,3.950000047683716,3.9800000190734863,3.5569281578063965,1356000
2023-03-28,3.9600000381469727,4.039999961853027,3.930000066757202,3.9600000381469727,3.5390541553497314,1497834
2023-03-29,3.9700000286102295,4.019999980926514,3.950000047683716,3.9600000381469727,3.5390541553497314,573076
2023-03-30,3.9800000190734863,4.039999961853027,3.9200000762939453,3.9600000381469727,3.5390541553497314,1442000
2023-03-31,4.0,4.03000020980835,3.9800000190734863,3.990000009536743,3.5658652782440186,910000
2023-04-03,3.990000009536743,4.050000190734863,3.950000047683716,4.03000020980835,3.6016132831573486,1172000
2023-04-04,4.019999980926514,4.050000190734863,4.0,4.019999980926514,3.5926761627197266,1622000
2023-04-06,4.010000228881836,4.070000171661377,3.990000009536743,4.010000228881836,3.5837392807006836,990002
2023-04-11,4.010000228881836,4.019999980926514,3.9200000762939453,3.9200000762939453,3.5033063888549805,2993737
2023-04-12,3.9200000762939453,4.019999980926514,3.9200000762939453,3.9200000762939453,3.5033063888549805,1627834
2023-04-13,3.940000057220459,3.940000057220459,3.8499999046325684,3.859999895095825,3.449683904647827,3284000
2023-04-14,3.9200000762939453,3.930000066757202,3.869999885559082,3.9100000858306885,3.4943692684173584,1496000
2023-04-17,3.9200000762939453,4.019999980926514,3.9100000858306885,4.010000228881836,3.5837392807006836,2500000
2023-04-18,4.019999980926514,4.03000020980835,3.990000009536743,3.990000009536743,3.5658652782440186,436000
2023-04-19,3.990000009536743,4.0,3.9700000286102295,3.9700000286102295,3.5479912757873535,966000
2023-04-20,3.9700000286102295,4.0,3.930000066757202,3.9600000381469727,3.5390541553497314,686000
2023-04-21,3.990000009536743,4.079999923706055,3.950000047683716,4.010000228881836,3.5837392807006836,2244000
2023-04-24,4.0,4.039999961853027,3.880000114440918,3.930000066757202,3.5122432708740234,1548000
2023-04-25,3.9200000762939453,3.940000057220459,3.8399999141693115,3.9200000762939453,3.5033063888549805,2042000
2023-04-26,3.9000000953674316,3.990000009536743,3.9000000953674316,3.9700000286102295,3.5479912757873535,506000
2023-04-27,3.930000066757202,4.019999980926514,3.950000047683716,4.0,3.5748021602630615,714000
2023-04-28,4.0,4.179999828338623,3.9800000190734863,4.170000076293945,3.726731061935425,3986000
2023-05-02,4.170000076293945,4.25,4.099999904632568,4.230000019073486,3.78035306930542,1142000
2023-05-03,4.25,4.25,4.170000076293945,4.25,3.798227548599243,690000
2023-05-04,4.190000057220459,4.380000114440918,4.150000095367432,4.369999885559082,3.9054713249206543,5735200
2023-05-05,4.380000114440918,4.400000095367432,4.309999942779541,4.389999866485596,3.9233453273773193,3988000
2023-05-08,4.389999866485596,4.440000057220459,4.349999904632568,4.400000095367432,3.9322822093963623,2424120
2023-05-09,4.420000076293945,4.53000020980835,4.369999885559082,4.409999847412109,3.9412193298339844,5016000
2023-05-10,4.420000076293945,4.480000019073486,4.360000133514404,4.420000076293945,3.9501562118530273,1898680
2023-05-11,4.400000095367432,4.409999847412109,4.269999980926514,4.300000190734863,3.842912435531616,2050000
2023-05-12,4.309999942779541,4.309999942779541,4.190000057220459,4.21999979019165,3.771416187286377,1584000
2023-05-15,4.190000057220459,4.269999980926514,4.190000057220459,4.239999771118164,3.789290189743042,552000
2023-05-16,4.230000019073486,4.239999771118164,4.150000095367432,4.150000095367432,3.708857536315918,1094610
2023-05-17,4.139999866485596,4.190000057220459,4.059999942779541,4.059999942779541,3.6284241676330566,1942000
2023-05-18,4.050000190734863,4.179999828338623,4.050000190734863,4.130000114440918,3.690983533859253,1596000
2023-05-19,4.150000095367432,4.150000095367432,4.059999942779541,4.070000171661377,3.6373612880706787,1120000
2023-05-22,4.050000190734863,4.130000114440918,4.039999961853027,4.119999885559082,3.6820461750030518,1362000
2023-05-23,4.110000133514404,4.119999885559082,4.019999980926514,4.019999980926514,3.5926761627197266,1244000
2023-05-24,4.010000228881836,4.050000190734863,3.9700000286102295,3.9800000190734863,3.5569281578063965,1674000
2023-05-25,4.0,4.0,3.9200000762939453,3.950000047683716,3.5301172733306885,1430000
2023-05-29,4.039999961853027,4.050000190734863,3.9000000953674316,3.930000066757202,3.5122432708740234,1502000
2023-05-30,3.9000000953674316,3.9200000762939453,3.8299999237060547,3.859999895095825,3.449683904647827,1596805
2023-05-31,3.8399999141693115,3.8399999141693115,3.7200000286102295,3.7300000190734863,3.333503007888794,2494000
2023-06-01,3.7799999713897705,3.859999895095825,3.7200000286102295,3.799999952316284,3.396061897277832,1612000
2023-06-02,3.8299999237060547,3.9000000953674316,3.8299999237060547,3.8499999046325684,3.440747022628784,782000
2023-06-05,3.869999885559082,3.9000000953674316,3.819999933242798,3.869999885559082,3.45862078666687,670000
2023-06-06,3.890000104904175,3.9000000953674316,3.7799999713897705,3.809999942779541,3.404999017715454,1142000
2023-06-07,3.8499999046325684,3.8499999046325684,3.7300000190734863,3.759999990463257,3.360314130783081,2076000
2023-06-08,3.509999990463257,3.5899999141693115,3.509999990463257,3.5799999237060547,3.4351580142974854,992000
2023-06-09,3.5799999237060547,3.5799999237060547,3.5299999713897705,3.5399999618530273,3.3967764377593994,828000
2023-06-12,3.549999952316284,3.549999952316284,3.5199999809265137,3.549999952316284,3.406371831893921,528000
2023-06-13,3.5399999618530273,3.5899999141693115,3.549999952316284,3.5899999141693115,3.444753408432007,560828
2023-06-14,3.569999933242798,3.619999885559082,3.559999942779541,3.569999933242798,3.425562620162964,938000
2023-06-15,3.559999942779541,3.640000104904175,3.5399999618530273,3.630000114440918,3.483135223388672,940000
2023-06-16,3.5999999046325684,3.7799999713897705,3.5999999046325684,3.700000047683716,3.5503032207489014,1276000
2023-06-19,3.680000066757202,3.75,3.680000066757202,3.690000057220459,3.54070782661438,810000
2023-06-20,3.680000066757202,3.740000009536743,3.6500000953674316,3.6500000953674316,3.502326011657715,474000
2023-06-21,3.619999885559082,3.680000066757202,3.549999952316284,3.5899999141693115,3.444753408432007,1384000
2023-06-23,3.6700000762939453,3.690000057220459,3.4800000190734863,3.5199999809265137,3.3775856494903564,352000
2023-06-26,3.509999990463257,3.5999999046325684,3.509999990463257,3.559999942779541,3.4159672260284424,1212000
2023-06-27,3.5399999618530273,3.6600000858306885,3.5399999618530273,3.6500000953674316,3.502326011657715,1868000
2023-06-28,3.5899999141693115,3.6700000762939453,3.569999933242798,3.6500000953674316,3.502326011657715,1230000
2023-06-29,3.630000114440918,3.6500000953674316,3.5999999046325684,3.5999999046325684,3.4543488025665283,322000
2023-06-30,3.5799999237060547,3.7200000286102295,3.5799999237060547,3.700000047683716,3.5503032207489014,1460330
2023-07-03,3.690000057220459,3.859999895095825,3.690000057220459,3.819999933242798,3.665447950363159,1796000
2023-07-04,3.7899999618530273,3.9200000762939453,3.7899999618530273,3.809999942779541,3.6558525562286377,1238000
2023-07-05,3.7799999713897705,3.869999885559082,3.7799999713897705,3.809999942779541,3.6558525562286377,902000
2023-07-06,3.809999942779541,3.8299999237060547,3.7200000286102295,3.7200000286102295,3.5694940090179443,892000
2023-07-07,3.7100000381469727,3.7799999713897705,3.700000047683716,3.7200000286102295,3.5694940090179443,784000
2023-07-10,3.700000047683716,3.7899999618530273,3.700000047683716,3.7300000190734863,3.579089403152466,782000
2023-07-11,3.7100000381469727,3.859999895095825,3.7100000381469727,3.8499999046325684,3.6942341327667236,1094000
2023-07-12,3.8299999237060547,3.869999885559082,3.7799999713897705,3.7799999713897705,3.6270663738250732,1464000
2023-07-13,3.7899999618530273,3.8399999141693115,3.75,3.7699999809265137,3.6174709796905518,1458000
2023-07-14,3.759999990463257,3.8499999046325684,3.759999990463257,3.8499999046325684,3.6942341327667236,1152000
2023-07-18,3.859999895095825,4.0,3.8499999046325684,3.930000066757202,3.7709977626800537,3398000
2023-07-19,3.930000066757202,4.0,3.9200000762939453,3.940000057220459,3.780593156814575,1870000
2023-07-20,3.930000066757202,3.990000009536743,3.859999895095825,3.869999885559082,3.7134249210357666,1136000
2023-07-21,3.859999895095825,3.950000047683716,3.859999895095825,3.9200000762939453,3.7614023685455322,722000
2023-07-24,3.869999885559082,3.9600000381469727,3.859999895095825,3.940000057220459,3.780593156814575,804000
2023-07-25,3.9200000762939453,4.0,3.9200000762939453,3.9600000381469727,3.799783945083618,1086000
2023-07-26,3.940000057220459,3.9800000190734863,3.930000066757202,3.9600000381469727,3.799783945083618,630000
2023-07-27,3.9800000190734863,3.990000009536743,3.940000057220459,3.940000057220459,3.780593156814575,822000
2023-07-28,3.940000057220459,3.9700000286102295,3.9100000858306885,3.940000057220459,3.780593156814575,1168000
2023-07-31,3.9100000858306885,4.050000190734863,3.880000114440918,3.890000104904175,3.7326161861419678,2482000
2023-08-01,3.890000104904175,3.940000057220459,3.819999933242798,3.8299999237060547,3.6750433444976807,1736000
2023-08-02,3.859999895095825,3.869999885559082,3.7799999713897705,3.7899999618530273,3.6366617679595947,1190000
2023-08-03,3.8299999237060547,3.8299999237060547,3.75,3.799999952316284,3.646257162094116,1074000
2023-08-04,3.799999952316284,3.8299999237060547,3.7699999809265137,3.7799999713897705,3.6270663738250732,1378000
2023-08-07,3.7799999713897705,3.7899999618530273,3.7300000190734863,3.7300000190734863,3.579089403152466,1506000
2023-08-08,3.7300000190734863,3.7300000190734863,3.640000104904175,3.640000104904175,3.4927306175231934,1662000
2023-08-09,3.6600000858306885,3.6600000858306885,3.5999999046325684,3.630000114440918,3.483135223388672,956000
2023-08-10,3.619999885559082,3.690000057220459,3.619999885559082,3.640000104904175,3.4927306175231934,1278000
2023-08-11,3.640000104904175,3.680000066757202,3.609999895095825,3.680000066757202,3.5311124324798584,1084000
2023-08-14,3.609999895095825,3.609999895095825,3.559999942779541,3.5799999237060547,3.4351580142974854,1318000
2023-08-15,3.609999895095825,3.640000104904175,3.559999942779541,3.5799999237060547,3.4351580142974854,1190000
2023-08-16,3.5799999237060547,3.5899999141693115,3.559999942779541,3.5899999141693115,3.444753408432007,764000
2023-08-17,3.569999933242798,3.5999999046325684,3.5399999618530273,3.5799999237060547,3.4351580142974854,754000
2023-08-18,3.569999933242798,3.5899999141693115,3.5399999618530273,3.549999952316284,3.406371831893921,980168
2023-08-21,3.5399999618530273,3.549999952316284,3.4200000762939453,3.4200000762939453,3.2816317081451416,1276000
2023-08-22,3.490000009536743,3.5199999809265137,3.440000057220459,3.509999990463257,3.367990255355835,962000
2023-08-23,3.4600000381469727,3.4800000190734863,3.440000057220459,3.4600000381469727,3.3200132846832275,1096000
2023-08-24,3.450000047683716,3.509999990463257,3.430000066757202,3.4600000381469727,3.3200132846832275,930000
2023-08-25,3.4600000381469727,3.490000009536743,3.440000057220459,3.450000047683716,3.310417890548706,794000
2023-08-28,3.549999952316284,3.549999952316284,3.4800000190734863,3.490000009536743,3.348799467086792,720000
2023-08-29,3.569999933242798,4.070000171661377,3.569999933242798,4.059999942779541,3.895737886428833,10966000
2023-08-30,4.099999904632568,4.110000133514404,3.950000047683716,4.0,3.838165521621704,1882000
2023-08-31,4.03000020980835,4.039999961853027,3.9600000381469727,4.0,3.838165521621704,788000
2023-09-04,3.950000047683716,4.090000152587891,3.950000047683716,4.050000190734863,3.8861427307128906,1846000
2023-09-05,4.019999980926514,4.079999923706055,4.010000228881836,4.039999961853027,3.87654709815979,624000
2023-09-06,4.0,4.050000190734863,3.9800000190734863,4.010000228881836,3.8477611541748047,1246000
2023-09-07,4.050000190734863,4.050000190734863,3.930000066757202,4.0,3.838165521621704,756000
2023-09-11,4.0,4.059999942779541,3.9800000190734863,4.059999942779541,3.895737886428833,1000000
2023-09-12,4.010000228881836,4.070000171661377,4.0,4.070000171661377,3.9053335189819336,578000
2023-09-13,4.019999980926514,4.059999942779541,3.9700000286102295,4.03000020980835,3.8669519424438477,590000
2023-09-14,4.0,4.019999980926514,3.950000047683716,4.010000228881836,3.8477611541748047,868000
2023-09-15,3.9800000190734863,4.03000020980835,3.940000057220459,3.9700000286102295,3.8093793392181396,782000
2023-09-18,4.019999980926514,4.019999980926514,3.9200000762939453,3.950000047683716,3.7901885509490967,426000
2023-09-19,3.950000047683716,3.9800000190734863,3.9200000762939453,3.9200000762939453,3.7614023685455322,710000
2023-09-20,3.9100000858306885,3.950000047683716,3.880000114440918,3.880000114440918,3.723020553588867,634000
2023-09-21,3.880000114440918,3.940000057220459,3.880000114440918,3.9100000858306885,3.7518069744110107,638000
2023-09-22,3.9200000762939453,3.9800000190734863,3.859999895095825,3.9600000381469727,3.799783945083618,990000
2023-09-25,3.950000047683716,3.9800000190734863,3.9000000953674316,3.950000047683716,3.7901885509490967,270000
2023-09-26,3.930000066757202,3.9700000286102295,3.9200000762939453,3.9600000381469727,3.799783945083618,404000
2023-09-27,3.950000047683716,3.9700000286102295,3.940000057220459,3.9600000381469727,3.799783945083618,420000
2023-09-28,3.950000047683716,4.079999923706055,3.950000047683716,4.0,3.838165521621704,524000
2023-09-29,4.0,4.0,3.950000047683716,3.990000009536743,3.8285701274871826,14000
2023-10-03,3.9600000381469727,3.9600000381469727,3.759999990463257,3.809999942779541,3.6558525562286377,432000
2023-10-04,3.799999952316284,3.859999895095825,3.7799999713897705,3.8499999046325684,3.6942341327667236,338000
2023-10-05,3.819999933242798,3.890000104904175,3.819999933242798,3.8499999046325684,3.6942341327667236,250000
2023-10-06,3.880000114440918,3.9200000762939453,3.8499999046325684,3.890000104904175,3.7326161861419678,72000
2023-10-09,3.9000000953674316,4.019999980926514,3.9000000953674316,3.990000009536743,3.8285701274871826,670000
2023-10-10,4.019999980926514,4.050000190734863,3.9000000953674316,4.019999980926514,3.857356309890747,1112000
2023-10-11,4.019999980926514,4.039999961853027,3.940000057220459,3.990000009536743,3.8285701274871826,940000
2023-10-12,4.0,4.039999961853027,3.950000047683716,3.9800000190734863,3.818974733352661,766000
2023-10-13,3.9600000381469727,3.9800000190734863,3.940000057220459,3.9600000381469727,3.799783945083618,408000
2023-10-16,3.950000047683716,3.9700000286102295,3.9100000858306885,3.950000047683716,3.7901885509490967,586000
2023-10-17,3.950000047683716,3.9700000286102295,3.940000057220459,3.950000047683716,3.7901885509490967,352000
2023-10-18,3.9200000762939453,3.940000057220459,3.859999895095825,3.9100000858306885,3.7518069744110107,846000
2023-10-19,3.890000104904175,3.9000000953674316,3.799999952316284,3.8499999046325684,3.6942341327667236,824000
2023-10-20,3.8499999046325684,3.869999885559082,3.7899999618530273,3.7899999618530273,3.6366617679595947,532000
2023-10-24,3.759999990463257,3.819999933242798,3.75,3.7699999809265137,3.6174709796905518,886000
2023-10-25,3.859999895095825,3.880000114440918,3.759999990463257,3.759999990463257,3.6078755855560303,480000
2023-10-26,3.809999942779541,3.809999942779541,3.740000009536743,3.7799999713897705,3.6270663738250732,264000
2023-10-27,3.7699999809265137,4.050000190734863,3.7699999809265137,3.990000009536743,3.8285701274871826,1563450
2023-10-30,4.199999809265137,4.199999809265137,4.019999980926514,4.039999961853027,3.87654709815979,3066000
2023-10-31,4.039999961853027,4.050000190734863,3.9600000381469727,3.9600000381469727,3.799783945083618,886000
2023-11-01,3.950000047683716,4.079999923706055,3.940000057220459,4.010000228881836,3.8477611541748047,792000
2023-11-02,4.03000020980835,4.150000095367432,4.03000020980835,4.099999904632568,3.934119462966919,1049000
2023-11-03,4.150000095367432,4.179999828338623,4.099999904632568,4.139999866485596,3.972501277923584,1228000
2023-11-06,4.170000076293945,4.170000076293945,4.130000114440918,4.150000095367432,3.9820969104766846,846000
2023-11-07,4.099999904632568,4.170000076293945,4.059999942779541,4.090000152587891,3.9245243072509766,1054000
2023-11-08,4.079999923706055,4.079999923706055,4.03000020980835,4.039999961853027,3.87654709815979,692000
2023-11-09,4.099999904632568,4.210000038146973,4.019999980926514,4.059999942779541,3.895737886428833,3336000
2023-11-10,4.039999961853027,4.050000190734863,3.990000009536743,4.039999961853027,3.87654709815979,1274400
2023-11-13,3.9700000286102295,4.039999961853027,3.9700000286102295,4.010000228881836,3.8477611541748047,544000
2023-11-14,4.050000190734863,4.050000190734863,4.0,4.019999980926514,3.857356309890747,964000
2023-11-15,4.059999942779541,4.099999904632568,4.019999980926514,4.039999961853027,3.87654709815979,3646000
2023-11-16,4.070000171661377,4.090000152587891,4.010000228881836,4.059999942779541,3.895737886428833,1147000
2023-11-17,4.039999961853027,4.059999942779541,3.9800000190734863,4.059999942779541,3.895737886428833,1450000
2023-11-20,4.010000228881836,4.130000114440918,4.010000228881836,4.099999904632568,3.934119462966919,1106000
2023-11-21,4.070000171661377,4.179999828338623,4.070000171661377,4.139999866485596,3.972501277923584,910000
2023-11-22,4.110000133514404,4.179999828338623,4.099999904632568,4.139999866485596,3.972501277923584,754000
2023-11-23,4.110000133514404,4.349999904632568,4.110000133514404,4.309999942779541,4.135623455047607,4284000
2023-11-24,4.300000190734863,4.380000114440918,4.199999809265137,4.309999942779541,4.135623455047607,4158000
2023-11-27,4.309999942779541,4.630000114440918,4.309999942779541,4.559999942779541,4.375508785247803,9962000
2023-11-28,4.559999942779541,4.610000133514404,4.480000019073486,4.539999961853027,4.35631799697876,2023000
2023-11-29,4.570000171661377,4.71999979019165,4.53000020980835,4.639999866485596,4.452271938323975,3688000
2023-11-30,4.670000076293945,4.900000095367432,4.590000152587891,4.869999885559082,4.672966480255127,6262000
2023-12-01,4.889999866485596,4.929999828338623,4.730000019073486,4.800000190734863,4.605798721313477,2110821
2023-12-04,4.880000114440918,4.880000114440918,4.550000190734863,4.619999885559082,4.433081150054932,3996000
2023-12-05,4.599999904632568,4.739999771118164,4.480000019073486,4.639999866485596,4.452271938323975,3778000
2023-12-06,4.670000076293945,4.670000076293945,4.570000171661377,4.639999866485596,4.452271938323975,1348000
2023-12-07,4.639999866485596,4.650000095367432,4.409999847412109,4.610000133514404,4.42348575592041,2220000
2023-12-08,4.639999866485596,4.730000019073486,4.480000019073486,4.489999771118164,4.308340549468994,1998000
2023-12-11,4.599999904632568,4.630000114440918,4.380000114440918,4.570000171661377,4.385104179382324,1506000
2023-12-12,4.480000019073486,4.559999942779541,4.489999771118164,4.510000228881836,4.327531814575195,664000
2023-12-13,4.510000228881836,4.559999942779541,4.429999828338623,4.429999828338623,4.250768184661865,2032000
2023-12-14,4.570000171661377,4.570000171661377,4.489999771118164,4.539999961853027,4.35631799697876,1220000
2023-12-15,4.579999923706055,4.610000133514404,4.480000019073486,4.559999942779541,4.375508785247803,1378000
2023-12-18,4.619999885559082,4.639999866485596,4.539999961853027,4.570000171661377,4.385104179382324,2060000
2023-12-19,4.570000171661377,4.639999866485596,4.46999979019165,4.630000114440918,4.442676544189453,1534000
2023-12-20,4.559999942779541,4.829999923706055,4.559999942779541,4.730000019073486,4.538630962371826,6032000
2023-12-21,4.699999809265137,4.820000171661377,4.650000095367432,4.800000190734863,4.605798721313477,3430000
2023-12-22,4.75,4.909999847412109,4.75,4.860000133514404,4.6633710861206055,5122000
2023-12-27,4.699999809265137,4.940000057220459,4.699999809265137,4.829999923706055,4.634584903717041,2760000
2023-12-28,4.849999904632568,5.0,4.809999942779541,4.980000019073486,4.7785162925720215,3196000
2023-12-29,4.989999771118164,4.989999771118164,4.900000095367432,4.960000038146973,4.7593255043029785,1684000
2024-01-02,4.960000038146973,4.989999771118164,4.869999885559082,4.900000095367432,4.701752662658691,2152000
2024-01-03,4.849999904632568,5.010000228881836,4.710000038146973,4.849999904632568,4.653775691986084,5336000
2024-01-04,4.849999904632568,5.019999980926514,4.849999904632568,5.0,4.7977070808410645,2598000
2024-01-05,4.989999771118164,5.03000020980835,4.909999847412109,5.010000228881836,4.807302474975586,2462000
2024-01-08,5.010000228881836,5.03000020980835,4.909999847412109,4.949999809265137,4.749729633331299,1544000
2024-01-09,4.980000019073486,5.190000057220459,4.980000019073486,5.170000076293945,4.96082878112793,4332000
2024-01-10,5.150000095367432,5.230000019073486,5.090000152587891,5.150000095367432,4.941637992858887,2436000
2024-01-11,5.150000095367432,5.28000020980835,5.099999904632568,5.179999828338623,4.970424175262451,2047000
2024-01-12,5.179999828338623,5.449999809265137,5.139999866485596,5.28000020980835,5.066378593444824,6430000
2024-01-15,5.300000190734863,5.300000190734863,5.300000190734863,5.300000190734863,5.085569381713867,0
2024-01-16,5.380000114440918,5.400000095367432,5.099999904632568,5.239999771118164,5.02799654006958,3324000
2024-01-17,5.190000057220459,5.199999809265137,4.929999828338623,4.960000038146973,4.7593255043029785,6510000
2024-01-18,4.900000095367432,5.03000020980835,4.829999923706055,4.989999771118164,4.788111209869385,2550000
2024-01-19,4.989999771118164,5.010000228881836,4.789999961853027,4.820000171661377,4.6249895095825195,3094000
2024-01-22,4.889999866485596,4.900000095367432,4.550000190734863,4.599999904632568,4.413890361785889,2448000
2024-01-23,4.599999904632568,4.800000190734863,4.550000190734863,4.71999979019165,4.5290350914001465,1178000
2024-01-24,4.75,4.96999979019165,4.75,4.949999809265137,4.749729633331299,2062000
2024-01-25,4.900000095367432,5.199999809265137,4.900000095367432,5.179999828338623,4.970424175262451,2508000
2024-01-26,5.059999942779541,5.340000152587891,5.059999942779541,5.159999847412109,4.951233386993408,3238000
2024-01-29,5.199999809265137,5.260000228881836,5.090000152587891,5.099999904632568,4.893661022186279,2670000
2024-01-30,5.070000171661377,5.329999923706055,5.059999942779541,5.159999847412109,4.951233386993408,5804000
2024-01-31,5.210000038146973,5.230000019073486,5.050000190734863,5.150000095367432,4.941637992858887,4146000
2024-02-01,5.110000133514404,5.159999847412109,5.039999961853027,5.119999885559082,4.912851810455322,4184000
2024-02-02,5.110000133514404,5.260000228881836,4.980000019073486,5.010000228881836,4.807302474975586,4918000
2024-02-05,5.039999961853027,5.239999771118164,4.869999885559082,5.039999961853027,4.83608865737915,5566000
2024-02-06,5.119999885559082,5.570000171661377,5.039999961853027,5.570000171661377,5.3446455001831055,8662000
2024-02-07,5.590000152587891,6.010000228881836,5.579999923706055,5.869999885559082,5.632507801055908,9710292
2024-02-08,5.849999904632568,6.059999942779541,5.800000190734863,5.960000038146973,5.71886682510376,5224000
2024-02-09,5.96999979019165,5.96999979019165,5.96999979019165,5.96999979019165,5.728461742401123,0
2024-02-14,6.0,6.0,5.650000095367432,5.75,5.51736307144165,1439000
2024-02-15,5.670000076293945,5.849999904632568,5.670000076293945,5.78000020980835,5.546149253845215,692000
2024-02-16,5.71999979019165,5.880000114440918,5.699999809265137,5.809999942779541,5.574935436248779,466000
2024-02-19,5.769999980926514,6.099999904632568,5.699999809265137,6.039999961853027,5.795629978179932,4470000
2024-02-20,5.980000019073486,6.329999923706055,5.960000038146973,6.150000095367432,5.901179790496826,5692000
2024-02-21,6.170000076293945,6.349999904632568,6.130000114440918,6.139999866485596,5.8915839195251465,7081000
2024-02-22,6.110000133514404,6.230000019073486,6.03000020980835,6.230000019073486,5.977942943572998,5277000
2024-02-23,6.079999923706055,6.349999904632568,6.079999923706055,6.300000190734863,6.045110702514648,3544000
2024-02-26,6.25,6.619999885559082,6.239999771118164,6.309999942779541,6.05470609664917,4553000
2024-02-27,6.329999923706055,6.329999923706055,6.130000114440918,6.230000019073486,5.977942943572998,1794000
2024-02-28,6.25,6.25,5.949999809265137,6.0,5.757248401641846,3872000
2024-02-29,5.940000057220459,6.230000019073486,5.940000057220459,6.119999885559082,5.8723931312561035,3577000
2024-03-01,6.119999885559082,6.190000057220459,6.03000020980835,6.190000057220459,5.939561367034912,2270000
2024-03-04,6.21999979019165,6.789999961853027,6.21999979019165,6.730000019073486,6.457713603973389,11964000
2024-03-05,6.769999980926514,6.869999885559082,6.579999923706055,6.840000152587891,6.563263416290283,8166000
2024-03-06,6.800000190734863,7.260000228881836,6.710000038146973,7.21999979019165,6.9278883934021,8496000
2024-03-07,7.340000152587891,7.769999980926514,7.260000228881836,7.300000190734863,7.00465202331543,10209015
2024-03-08,7.289999961853027,7.449999809265137,7.139999866485596,7.309999942779541,7.014247417449951,3012000
2024-03-11,7.25,7.380000114440918,7.099999904632568,7.199999809265137,6.908697605133057,3864000
2024-03-12,7.170000076293945,7.21999979019165,6.809999942779541,6.949999809265137,6.668812274932861,4618570
2024-03-13,7.039999961853027,7.190000057220459,6.900000095367432,7.079999923706055,6.793552875518799,2794000
2024-03-14,7.190000057220459,7.440000057220459,7.159999847412109,7.159999847412109,6.870316028594971,4137436
2024-03-15,7.21999979019165,7.21999979019165,6.840000152587891,6.989999771118164,6.707193851470947,4094000
2024-03-18,6.989999771118164,6.989999771118164,6.71999979019165,6.75,6.476904392242432,3420000
2024-03-19,6.809999942779541,6.889999866485596,6.519999980926514,6.570000171661377,6.304186820983887,5498000
2024-03-20,6.53000020980835,6.639999866485596,6.21999979019165,6.420000076293945,6.1602559089660645,4804000
2024-03-21,6.480000019073486,6.539999961853027,6.340000152587891,6.420000076293945,6.1602559089660645,3351747
2024-03-22,6.420000076293945,6.420000076293945,6.099999904632568,6.210000038146973,5.958752155303955,4242169
2024-03-25,6.210000038146973,6.300000190734863,6.150000095367432,6.239999771118164,5.987537860870361,2002000
2024-03-26,6.239999771118164,6.300000190734863,6.039999961853027,6.179999828338623,5.929965496063232,2752000
2024-03-27,6.130000114440918,6.199999809265137,6.03000020980835,6.150000095367432,5.901179790496826,2944000
2024-03-28,6.059999942779541,6.150000095367432,5.800000190734863,6.099999904632568,5.8532023429870605,6430000
2024-04-02,6.460000038146973,6.550000190734863,6.389999866485596,6.510000228881836,6.246614456176758,4944000
2024-04-03,6.5,6.630000114440918,6.300000190734863,6.429999828338623,6.169850826263428,3062000
2024-04-05,6.409999847412109,6.409999847412109,6.119999885559082,6.139999866485596,5.8915839195251465,1044000
2024-04-08,6.179999828338623,6.480000019073486,6.150000095367432,6.429999828338623,6.169850826263428,2238000
2024-04-09,6.519999980926514,6.599999904632568,6.380000114440918,6.46999979019165,6.208232402801514,3034000
2024-04-10,6.46999979019165,7.039999961853027,6.46999979019165,7.039999961853027,6.755171298980713,6512000
2024-04-11,6.900000095367432,7.300000190734863,6.840000152587891,7.139999866485596,6.851125240325928,3620000
2024-04-12,7.019999980926514,7.360000133514404,7.019999980926514,7.179999828338623,6.889506816864014,2590000
2024-04-15,7.099999904632568,7.670000076293945,7.090000152587891,7.579999923706055,7.2733235359191895,6242000
2024-04-16,7.579999923706055,7.730000019073486,7.409999847412109,7.429999828338623,7.129392147064209,3624000
2024-04-17,7.340000152587891,7.679999828338623,7.340000152587891,7.630000114440918,7.321300983428955,4060000
2024-04-18,7.679999828338623,7.71999979019165,7.389999866485596,7.449999809265137,7.148582935333252,3671000
2024-04-19,7.349999904632568,7.599999904632568,7.349999904632568,7.579999923706055,7.2733235359191895,2708000
2024-04-22,7.579999923706055,7.579999923706055,7.159999847412109,7.179999828338623,6.889506816864014,2242000
2024-04-23,7.199999809265137,7.309999942779541,7.079999923706055,7.260000228881836,6.966270446777344,3402000
2024-04-24,7.260000228881836,7.429999828338623,7.179999828338623,7.230000019073486,6.937484264373779,4074000
2024-04-25,7.239999771118164,7.360000133514404,7.199999809265137,7.25,6.956675052642822,3202000
2024-04-26,7.5,8.359999656677246,7.46999979019165,8.15999984741211,7.829857349395752,15407000
2024-04-29,8.25,8.300000190734863,7.829999923706055,8.140000343322754,7.810667037963867,5536414
2024-04-30,8.130000114440918,8.1899995803833,7.860000133514404,8.130000114440918,7.801071643829346,5648000
2024-05-02,8.0,8.260000228881836,7.980000019073486,8.220000267028809,7.887430191040039,1740000
2024-05-03,8.020000457763672,8.40999984741211,8.020000457763672,8.329999923706055,7.992979526519775,1804000
2024-05-06,8.260000228881836,8.449999809265137,8.25,8.319999694824219,7.983384132385254,2678000
2024-05-07,8.289999961853027,8.720000267028809,8.289999961853027,8.680000305175781,8.328819274902344,4061388
2024-05-08,8.680000305175781,8.90999984741211,8.619999885559082,8.84000015258789,8.482345581054688,3422000
2024-05-09,8.859999656677246,9.180000305175781,8.800000190734863,9.09000015258789,8.722230911254883,5428400
2024-05-10,9.239999771118164,9.350000381469727,9.100000381469727,9.1899995803833,8.818184852600098,6226000
2024-05-13,9.100000381469727,9.5,9.079999923706055,9.25,8.875758171081543,4294000
2024-05-14,9.25,9.40999984741211,8.970000267028809,9.09000015258789,8.722230911254883,6472000
2024-05-16,9.1899995803833,9.270000457763672,8.979999542236328,9.119999885559082,8.751017570495605,4958247
2024-05-17,9.119999885559082,9.25,8.970000267028809,9.119999885559082,8.751017570495605,2294000
2024-05-20,9.0600004196167,9.300000190734863,9.029999732971191,9.029999732971191,8.664658546447754,2424000
2024-05-21,9.010000228881836,9.079999923706055,8.59000015258789,8.649999618530273,8.300032615661621,3604000
2024-05-22,8.859999656677246,8.859999656677246,8.449999809265137,8.520000457763672,8.17529296875,3277817
2024-05-23,8.579999923706055,8.579999923706055,8.1899995803833,8.350000381469727,8.012170791625977,4400000
2024-05-24,8.350000381469727,8.430000305175781,8.15999984741211,8.279999732971191,7.945002555847168,2444000
2024-05-27,8.140000343322754,8.800000190734863,8.140000343322754,8.800000190734863,8.443964004516602,3300000
2024-05-28,8.720000267028809,9.020000457763672,8.649999618530273,8.6899995803833,8.338414192199707,1620000
2024-05-29,8.699999809265137,8.970000267028809,8.699999809265137,8.949999809265137,8.587895393371582,3350000
2024-05-30,8.869999885559082,8.9399995803833,8.680000305175781,8.699999809265137,8.348010063171387,1988000
2024-05-31,8.380000114440918,8.600000381469727,8.229999542236328,8.600000381469727,8.600000381469727,3924000
2024-06-03,8.390000343322754,8.670000076293945,8.350000381469727,8.510000228881836,8.510000228881836,2088612
2024-06-04,8.579999923706055,8.579999923706055,8.25,8.5,8.5,2336000
2024-06-05,8.569999694824219,8.569999694824219,7.829999923706055,8.100000381469727,8.100000381469727,8060000
2024-06-06,8.220000267028809,8.529999732971191,8.199999809265137,8.420000076293945,8.420000076293945,3406836
2024-06-07,8.569999694824219,8.600000381469727,8.3100004196167,8.430000305175781,8.430000305175781,1600000
2024-06-11,8.569999694824219,8.529999732971191,7.900000095367432,8.100000381469727,8.100000381469727,4013026
2024-06-12,8.25,8.25,8.020000457763672,8.0600004196167,8.0600004196167,738000
2024-06-13,8.039999961853027,8.149999618530273,7.860000133514404,8.029999732971191,8.029999732971191,2114000
2024-06-14,8.109999656677246,8.40999984741211,8.09000015258789,8.15999984741211,8.15999984741211,2286000
2024-06-17,8.289999961853027,8.329999923706055,8.09000015258789,8.109999656677246,8.109999656677246,1296000
2024-06-18,7.960000038146973,8.180000305175781,7.960000038146973,8.149999618530273,8.149999618530273,1048000
2024-06-19,8.15999984741211,8.380000114440918,8.15999984741211,8.210000038146973,8.210000038146973,996000
2024-06-20,8.220000267028809,8.399999618530273,8.1899995803833,8.220000267028809,8.220000267028809,772000
2024-06-21,8.380000114440918,8.380000114440918,7.889999866485596,8.0600004196167,8.0600004196167,2218000
2024-06-24,8.180000305175781,8.180000305175781,7.53000020980835,7.659999847412109,7.659999847412109,3030000
2024-06-25,7.710000038146973,7.96999979019165,7.710000038146973,7.840000152587891,7.840000152587891,2122000
2024-06-26,7.800000190734863,7.829999923706055,7.429999828338623,7.550000190734863,7.550000190734863,4806000
2024-06-27,7.5,7.550000190734863,7.050000190734863,7.130000114440918,7.130000114440918,4914000
2024-06-28,7.210000038146973,7.389999866485596,7.130000114440918,7.389999866485596,7.389999866485596,3673731
2024-07-02,7.389999866485596,7.650000095367432,7.190000057220459,7.260000228881836,7.260000228881836,3739026
2024-07-03,7.300000190734863,7.300000190734863,7.079999923706055,7.150000095367432,7.150000095367432,2454000
2024-07-04,7.230000019073486,7.340000152587891,7.130000114440918,7.230000019073486,7.230000019073486,2160000
2024-07-08,7.090000152587891,7.170000076293945,6.699999809265137,6.809999942779541,6.809999942779541,6226000
2024-07-09,6.760000228881836,6.760000228881836,6.369999885559082,6.679999828338623,6.679999828338623,9477733
2024-07-10,6.670000076293945,6.800000190734863,6.599999904632568,6.650000095367432,6.650000095367432,3522000
2024-07-11,6.75,6.880000114440918,6.630000114440918,6.820000171661377,6.820000171661377,2488000
2024-07-12,6.769999980926514,6.960000038146973,6.769999980926514,6.909999847412109,6.909999847412109,1870000
2024-07-15,6.960000038146973,7.019999980926514,6.789999961853027,6.840000152587891,6.840000152587891,1246000
2024-07-16,6.679999828338623,6.840000152587891,6.630000114440918,6.789999961853027,6.789999961853027,2310000
2024-07-17,6.730000019073486,6.800000190734863,6.420000076293945,6.699999809265137,6.699999809265137,2656000
2024-07-18,6.639999866485596,6.860000133514404,6.590000152587891,6.840000152587891,6.840000152587891,1688000
2024-07-19,6.989999771118164,6.989999771118164,6.300000190734863,6.670000076293945,6.670000076293945,12057740
2024-07-22,6.630000114440918,6.690000057220459,6.46999979019165,6.599999904632568,6.599999904632568,1792000
2024-07-23,6.599999904632568,6.690000057220459,6.349999904632568,6.349999904632568,6.349999904632568,1558000
2024-07-24,6.349999904632568,6.46999979019165,6.260000228881836,6.349999904632568,6.349999904632568,2162000
2024-07-25,6.289999961853027,6.349999904632568,6.119999885559082,6.320000171661377,6.320000171661377,3592000
2024-07-26,6.429999828338623,7.070000171661377,6.429999828338623,7.059999942779541,7.059999942779541,15480000
2024-07-29,7.099999904632568,7.269999980926514,6.710000038146973,6.75,6.75,8884000
2024-07-30,6.659999847412109,6.78000020980835,6.320000171661377,6.380000114440918,6.380000114440918,5364000
2024-07-31,6.300000190734863,6.71999979019165,6.28000020980835,6.699999809265137,6.699999809265137,5528000
2024-08-01,6.78000020980835,6.900000095367432,6.559999942779541,6.809999942779541,6.809999942779541,3610000
2024-08-02,6.550000190734863,6.809999942779541,6.550000190734863,6.760000228881836,6.760000228881836,2052000
2024-08-05,6.679999828338623,6.840000152587891,6.519999980926514,6.559999942779541,6.559999942779541,3980000
2024-08-06,6.650000095367432,6.739999771118164,6.519999980926514,6.550000190734863,6.550000190734863,2156000
2024-08-07,6.619999885559082,6.820000171661377,6.610000133514404,6.800000190734863,6.800000190734863,2118000
2024-08-08,6.840000152587891,6.889999866485596,6.559999942779541,6.739999771118164,6.739999771118164,1732000
2024-08-09,6.78000020980835,7.070000171661377,6.78000020980835,7.010000228881836,7.010000228881836,3014000
2024-08-12,7.039999961853027,7.25,6.929999828338623,7.190000057220459,7.190000057220459,2406000
2024-08-13,7.150000095367432,7.25,7.03000020980835,7.150000095367432,7.150000095367432,1218000
2024-08-14,7.150000095367432,7.150000095367432,6.889999866485596,6.920000076293945,6.920000076293945,1118000
2024-08-15,6.949999809265137,7.050000190734863,6.760000228881836,6.880000114440918,6.880000114440918,4678000
2024-08-16,6.920000076293945,7.150000095367432,6.920000076293945,7.099999904632568,7.099999904632568,1266000
2024-08-19,7.119999885559082,7.559999942779541,7.090000152587891,7.53000020980835,7.53000020980835,3482000
2024-08-20,7.46999979019165,7.5,7.28000020980835,7.369999885559082,7.369999885559082,3084000
2024-08-21,7.340000152587891,7.510000228881836,7.320000171661377,7.389999866485596,7.389999866485596,1849000
2024-08-22,7.449999809265137,7.46999979019165,7.300000190734863,7.420000076293945,7.420000076293945,2292000
2024-08-23,7.380000114440918,7.46999979019165,7.329999923706055,7.400000095367432,7.400000095367432,920000
2024-08-26,7.400000095367432,7.5,7.349999904632568,7.5,7.5,1376000
2024-08-27,7.460000038146973,7.519999980926514,7.349999904632568,7.400000095367432,7.400000095367432,2222000
2024-08-28,7.449999809265137,7.5,7.349999904632568,7.380000114440918,7.380000114440918,1600453
2024-08-29,7.380000114440918,7.900000095367432,7.380000114440918,7.75,7.75,4610000
2024-08-30,7.75,7.960000038146973,7.639999866485596,7.880000114440918,7.880000114440918,3152000
2024-09-02,7.880000114440918,7.880000114440918,7.579999923706055,7.579999923706055,7.579999923706055,1662000
2024-09-03,7.579999923706055,7.710000038146973,7.539999961853027,7.630000114440918,7.630000114440918,2578000
2024-09-04,7.639999866485596,7.800000190734863,7.360000133514404,7.800000190734863,7.800000190734863,2382000
2024-09-05,7.909999847412109,7.909999847412109,7.610000133514404,7.670000076293945,7.670000076293945,1474000
2024-09-09,7.670000076293945,7.670000076293945,7.380000114440918,7.409999847412109,7.409999847412109,1398000
2024-09-10,7.409999847412109,7.409999847412109,7.0,7.070000171661377,7.070000171661377,4404000
2024-09-11,7.079999923706055,7.300000190734863,6.929999828338623,6.940000057220459,6.940000057220459,3298000
2024-09-12,7.0,7.320000171661377,7.0,7.239999771118164,7.239999771118164,2838000
2024-09-13,7.380000114440918,7.940000057220459,7.320000171661377,7.900000095367432,7.900000095367432,4017000
2024-09-16,7.800000190734863,7.909999847412109,7.599999904632568,7.599999904632568,7.599999904632568,328000
2024-09-17,7.610000133514404,7.619999885559082,7.349999904632568,7.409999847412109,7.409999847412109,926000
2024-09-19,7.510000228881836,7.869999885559082,7.510000228881836,7.670000076293945,7.670000076293945,3444000
2024-09-20,7.949999809265137,7.96999979019165,7.679999828338623,7.900000095367432,7.900000095367432,1947000
2024-09-23,7.980000019073486,8.130000114440918,7.880000114440918,8.0600004196167,8.0600004196167,2640000
2024-09-24,8.09000015258789,8.270000457763672,7.980000019073486,8.270000457763672,8.270000457763672,4264000
2024-09-25,8.279999732971191,8.65999984741211,8.09000015258789,8.15999984741211,8.15999984741211,4879816
2024-09-26,8.15999984741211,8.399999618530273,8.0600004196167,8.199999809265137,8.199999809265137,5046000
2024-09-27,8.399999618530273,8.4399995803833,8.029999732971191,8.149999618530273,8.149999618530273,6695550
2024-09-30,8.539999961853027,8.619999885559082,8.079999923706055,8.399999618530273,8.399999618530273,7792000
2024-10-02,8.399999618530273,8.760000228881836,8.279999732971191,8.699999809265137,8.699999809265137,3521999
2024-10-03,8.890000343322754,8.890000343322754,7.929999828338623,8.210000038146973,8.210000038146973,4786000
2024-10-04,8.100000381469727,8.899999618530273,8.100000381469727,8.899999618530273,8.899999618530273,2380000
2024-10-07,9.069999694824219,9.789999961853027,9.029999732971191,9.779999732971191,9.779999732971191,6206137
2024-10-08,10.399999618530273,10.399999618530273,8.359999656677246,8.529999732971191,8.529999732971191,16867000
