Date,Open,High,Low,Close,Adj Close,Volume
2000-01-04,0.2745949923992157,0.2745949923992157,0.2745949923992157,0.2745949923992157,0.16493171453475952,81574
2000-01-05,0.3003380000591278,0.3175010085105896,0.2917569875717163,0.3175010085105896,0.1907026320695877,128188
2000-01-06,0.3175010085105896,0.3175010085105896,0.3175010085105896,0.3175010085105896,0.1907026320695877,0
2000-01-07,0.3175010085105896,0.3175010085105896,0.3175010085105896,0.3175010085105896,0.1907026320695877,0
2000-01-10,0.30462899804115295,0.3346630036830902,0.30462899804115295,0.3260819911956787,0.19585669040679932,107212
2000-01-11,0.3260819911956787,0.3260819911956787,0.3260819911956787,0.3260819911956787,0.19585669040679932,0
2000-01-12,0.2917569875717163,0.2917569875717163,0.2831760048866272,0.2917569875717163,0.17523981630802155,128188
2000-01-13,0.2745949923992157,0.2917569875717163,0.2745949923992157,0.2917569875717163,0.17523981630802155,118865
2000-01-14,0.2831760048866272,0.3089199960231781,0.2831760048866272,0.3089199960231781,0.18554851412773132,230739
2000-01-17,0.3089199960231781,0.3089199960231781,0.3089199960231781,0.3089199960231781,0.18554851412773132,0
2000-01-18,0.2917569875717163,0.2917569875717163,0.2917569875717163,0.2917569875717163,0.17523981630802155,83905
2000-01-19,0.2917569875717163,0.2917569875717163,0.2917569875717163,0.2917569875717163,0.17523981630802155,151495
2000-01-20,0.2917569875717163,0.2917569875717163,0.2917569875717163,0.2917569875717163,0.17523981630802155,0
2000-01-21,0.2831760048866272,0.2831760048866272,0.2831760048866272,0.2831760048866272,0.17008577287197113,174802
2000-01-24,0.29604798555374146,0.3089199960231781,0.29604798555374146,0.29604798555374146,0.17781716585159302,0
2000-01-25,0.30462899804115295,0.3260819911956787,0.3003380000591278,0.3003380000591278,0.18039393424987793,237731
2000-01-26,0.3003380000591278,0.3346630036830902,0.3003380000591278,0.3260819911956787,0.19585669040679932,163149
2000-01-27,0.3260819911956787,0.3260819911956787,0.3260819911956787,0.3260819911956787,0.19585669040679932,58267
2000-01-28,0.3260819911956787,0.3346630036830902,0.3260819911956787,0.3260819911956787,0.19585669040679932,233070
2000-01-31,0.3089199960231781,0.3432439863681793,0.3089199960231781,0.3432439863681793,0.20616479218006134,382234
2000-02-01,0.3260819911956787,0.3518249988555908,0.3260819911956787,0.3432439863681793,0.20616479218006134,743493
2000-02-02,0.3432439863681793,0.3604060113430023,0.3432439863681793,0.3604060113430023,0.21647299826145172,305321
2000-02-03,0.3432439863681793,0.3432439863681793,0.3432439863681793,0.3432439863681793,0.20616479218006134,163149
2000-02-04,0.3432439863681793,0.3432439863681793,0.3432439863681793,0.3432439863681793,0.20616479218006134,0
2000-02-07,0.3432439863681793,0.3432439863681793,0.3432439863681793,0.3432439863681793,0.20616479218006134,0
2000-02-08,0.3260819911956787,0.3604060113430023,0.3260819911956787,0.3260819911956787,0.19585669040679932,0
2000-02-09,0.3604060113430023,0.3861500024795532,0.3432439863681793,0.3604060113430023,0.21647299826145172,757477
2000-02-10,0.3604060113430023,0.3604060113430023,0.3604060113430023,0.3604060113430023,0.21647299826145172,0
2000-02-11,0.3346630036830902,0.3518249988555908,0.3260819911956787,0.3260819911956787,0.19585669040679932,104881
2000-02-14,0.3432439863681793,0.3518249988555908,0.3432439863681793,0.3518249988555908,0.21131886541843414,58267
2000-02-15,0.36898699402809143,0.36898699402809143,0.3432439863681793,0.3432439863681793,0.20616479218006134,151495
2000-02-16,0.3432439863681793,0.37756800651550293,0.3432439863681793,0.36469700932502747,0.21905024349689484,1552246
2000-02-17,0.3518249988555908,0.36898699402809143,0.3518249988555908,0.36898699402809143,0.22162696719169617,230739
2000-02-18,0.3604060113430023,0.3604060113430023,0.3518249988555908,0.3518249988555908,0.21131886541843414,233070
2000-02-21,0.34753501415252686,0.36898699402809143,0.3432439863681793,0.3518249988555908,0.21131886541843414,328628
2000-02-22,0.3604060113430023,0.3604060113430023,0.3389529883861542,0.3389529883861542,0.20358750224113464,431179
2000-02-23,0.3432439863681793,0.3861500024795532,0.3346630036830902,0.3518249988555908,0.21131886541843414,505761
2000-02-24,0.34753501415252686,0.3518249988555908,0.34753501415252686,0.3518249988555908,0.21131886541843414,312313
2000-02-25,0.3432439863681793,0.3604060113430023,0.3346630036830902,0.3346630036830902,0.20101074874401093,428848
2000-02-28,0.3346630036830902,0.3346630036830902,0.3346630036830902,0.3346630036830902,0.20101074874401093,0
2000-02-29,0.3175010085105896,0.3175010085105896,0.3175010085105896,0.3175010085105896,0.1907026320695877,58267
2000-03-01,0.3260819911956787,0.3260819911956787,0.3260819911956787,0.3260819911956787,0.19585669040679932,69921
2000-03-02,0.3175010085105896,0.3346630036830902,0.3175010085105896,0.3346630036830902,0.20101074874401093,94393
2000-03-03,0.3175010085105896,0.3175010085105896,0.3175010085105896,0.3175010085105896,0.1907026320695877,69921
2000-03-06,0.3260819911956787,0.3260819911956787,0.3175010085105896,0.3175010085105896,0.1907026320695877,37291
2000-03-07,0.30462899804115295,0.3175010085105896,0.30462899804115295,0.3175010085105896,0.1907026320695877,69921
2000-03-08,0.3175010085105896,0.3175010085105896,0.3175010085105896,0.3175010085105896,0.1907026320695877,0
2000-03-09,0.3175010085105896,0.3175010085105896,0.3175010085105896,0.3175010085105896,0.1907026320695877,174802
2000-03-10,0.3346630036830902,0.3346630036830902,0.3346630036830902,0.3346630036830902,0.20101074874401093,58267
2000-03-13,0.3260819911956787,0.33037200570106506,0.3260819911956787,0.33037200570106506,0.19843341410160065,116535
2000-03-14,0.3175010085105896,0.3260819911956787,0.3175010085105896,0.3175010085105896,0.1907026320695877,396219
2000-03-15,0.3175010085105896,0.3175010085105896,0.3175010085105896,0.3175010085105896,0.1907026320695877,0
2000-03-16,0.3175010085105896,0.3175010085105896,0.3175010085105896,0.3175010085105896,0.1907026320695877,365919
2000-03-17,0.3175010085105896,0.3175010085105896,0.3175010085105896,0.3175010085105896,0.1907026320695877,0
2000-03-20,0.3260819911956787,0.3604060113430023,0.3260819911956787,0.3604060113430023,0.21647299826145172,81574
2000-03-21,0.3604060113430023,0.3604060113430023,0.34753501415252686,0.34753501415252686,0.20874211192131042,365919
2000-03-22,0.3604060113430023,0.39473098516464233,0.3518249988555908,0.39473098516464233,0.23708973824977875,95558
2000-03-23,0.3518249988555908,0.36898699402809143,0.3518249988555908,0.36898699402809143,0.22162696719169617,193448
2000-03-24,0.3432439863681793,0.35611599683761597,0.3432439863681793,0.35611599683761597,0.21389617025852203,130519
2000-03-27,0.3432439863681793,0.34753501415252686,0.3432439863681793,0.34753501415252686,0.20874211192131042,62928
2000-03-28,0.34753501415252686,0.34753501415252686,0.34753501415252686,0.34753501415252686,0.20874211192131042,0
2000-03-29,0.3260819911956787,0.3432439863681793,0.3260819911956787,0.3260819911956787,0.19585669040679932,0
2000-03-30,0.3260819911956787,0.3260819911956787,0.3260819911956787,0.3260819911956787,0.19585669040679932,0
2000-03-31,0.3346630036830902,0.3346630036830902,0.3346630036830902,0.3346630036830902,0.20101074874401093,9322
2000-04-03,0.3346630036830902,0.3346630036830902,0.3346630036830902,0.3346630036830902,0.20101074874401093,0
2000-04-04,0.3346630036830902,0.3346630036830902,0.3346630036830902,0.3346630036830902,0.20101074874401093,0
2000-04-05,0.3346630036830902,0.3346630036830902,0.3346630036830902,0.3346630036830902,0.20101074874401093,0
2000-04-06,0.3346630036830902,0.3346630036830902,0.3346630036830902,0.3346630036830902,0.20101074874401093,0
2000-04-07,0.3346630036830902,0.3346630036830902,0.3346630036830902,0.3346630036830902,0.20101074874401093,0
2000-04-10,0.30462899804115295,0.30462899804115295,0.30462899804115295,0.30462899804115295,0.18297120928764343,76913
2000-04-11,0.3003380000591278,0.3003380000591278,0.3003380000591278,0.3003380000591278,0.18039393424987793,116535
2000-04-12,0.2831760048866272,0.3089199960231781,0.2831760048866272,0.2831760048866272,0.17008577287197113,0
2000-04-13,0.2831760048866272,0.2831760048866272,0.2831760048866272,0.2831760048866272,0.17008577287197113,0
2000-04-14,0.2831760048866272,0.2831760048866272,0.2831760048866272,0.2831760048866272,0.17008577287197113,0
2000-04-17,0.2831760048866272,0.2831760048866272,0.2831760048866272,0.2831760048866272,0.17008577287197113,0
2000-04-18,0.2831760048866272,0.2831760048866272,0.2831760048866272,0.2831760048866272,0.17008577287197113,0
2000-04-19,0.2831760048866272,0.3003380000591278,0.2831760048866272,0.2831760048866272,0.17008577287197113,0
2000-04-20,0.27888599038124084,0.29604798555374146,0.27888599038124084,0.27888599038124084,0.1675090342760086,114204
2000-04-21,0.27888599038124084,0.27888599038124084,0.27888599038124084,0.27888599038124084,0.1675090342760086,0
2000-04-24,0.27888599038124084,0.27888599038124084,0.27888599038124084,0.27888599038124084,0.1675090342760086,0
2000-04-25,0.2745949923992157,0.2917569875717163,0.2745949923992157,0.2745949923992157,0.16493171453475952,0
2000-04-26,0.2660140097141266,0.2917569875717163,0.2660140097141266,0.2660140097141266,0.15977761149406433,0
2000-04-27,0.2660140097141266,0.2660140097141266,0.2660140097141266,0.2660140097141266,0.15977761149406433,233070
2000-04-28,0.2660140097141266,0.2660140097141266,0.2660140097141266,0.2660140097141266,0.15977761149406433,0
2000-05-01,0.2660140097141266,0.2660140097141266,0.2660140097141266,0.2660140097141266,0.15977761149406433,0
2000-05-02,0.2660140097141266,0.2660140097141266,0.2660140097141266,0.2660140097141266,0.15977761149406433,0
2000-05-03,0.2660140097141266,0.2660140097141266,0.2660140097141266,0.2660140097141266,0.15977761149406433,0
2000-05-04,0.2574329972267151,0.2745949923992157,0.2574329972267151,0.2574329972267151,0.15462356805801392,139842
2000-05-05,0.2574329972267151,0.2574329972267151,0.2574329972267151,0.2574329972267151,0.15462356805801392,0
2000-05-08,0.2831760048866272,0.2831760048866272,0.2831760048866272,0.2831760048866272,0.17008577287197113,81574
2000-05-09,0.2831760048866272,0.2831760048866272,0.2831760048866272,0.2831760048866272,0.17008577287197113,0
2000-05-10,0.2831760048866272,0.2831760048866272,0.2831760048866272,0.2831760048866272,0.17008577287197113,0
2000-05-11,0.2831760048866272,0.2831760048866272,0.2831760048866272,0.2831760048866272,0.17008577287197113,0
2000-05-12,0.3003380000591278,0.3003380000591278,0.3003380000591278,0.3003380000591278,0.18039393424987793,11653
2000-05-15,0.3003380000591278,0.3003380000591278,0.3003380000591278,0.3003380000591278,0.18039393424987793,0
2000-05-16,0.3003380000591278,0.3003380000591278,0.3003380000591278,0.3003380000591278,0.18039393424987793,0
2000-05-17,0.3003380000591278,0.3003380000591278,0.3003380000591278,0.3003380000591278,0.18039393424987793,0
2000-05-18,0.3003380000591278,0.3003380000591278,0.3003380000591278,0.3003380000591278,0.18039393424987793,0
2000-05-19,0.3003380000591278,0.3003380000591278,0.3003380000591278,0.3003380000591278,0.18039393424987793,104881
2000-05-22,0.3003380000591278,0.3003380000591278,0.3003380000591278,0.3003380000591278,0.18039393424987793,0
2000-05-23,0.3003380000591278,0.3003380000591278,0.3003380000591278,0.3003380000591278,0.18039393424987793,0
2000-05-24,0.3003380000591278,0.3003380000591278,0.3003380000591278,0.3003380000591278,0.18039393424987793,0
2000-05-25,0.3003380000591278,0.3003380000591278,0.3003380000591278,0.3003380000591278,0.18039393424987793,0
2000-05-26,0.3003380000591278,0.3003380000591278,0.3003380000591278,0.3003380000591278,0.18039393424987793,0
2000-05-29,0.3003380000591278,0.3003380000591278,0.3003380000591278,0.3003380000591278,0.18039393424987793,0
2000-05-30,0.3003380000591278,0.3003380000591278,0.3003380000591278,0.3003380000591278,0.18039393424987793,0
2000-05-31,0.3003380000591278,0.3003380000591278,0.3003380000591278,0.3003380000591278,0.18039393424987793,0
2000-06-01,0.3003380000591278,0.3003380000591278,0.3003380000591278,0.3003380000591278,0.18039393424987793,0
2000-06-02,0.3003380000591278,0.3003380000591278,0.3003380000591278,0.3003380000591278,0.18039393424987793,0
2000-06-05,0.3003380000591278,0.3003380000591278,0.3003380000591278,0.3003380000591278,0.18039393424987793,233070
2000-06-06,0.3003380000591278,0.3003380000591278,0.3003380000591278,0.3003380000591278,0.18039393424987793,0
2000-06-07,0.3003380000591278,0.3003380000591278,0.3003380000591278,0.3003380000591278,0.18039393424987793,233070
2000-06-08,0.3003380000591278,0.3003380000591278,0.3003380000591278,0.3003380000591278,0.18039393424987793,0
2000-06-09,0.3003380000591278,0.3003380000591278,0.3003380000591278,0.3003380000591278,0.18039393424987793,0
2000-06-12,0.3003380000591278,0.3003380000591278,0.3003380000591278,0.3003380000591278,0.18039393424987793,0
2000-06-13,0.3003380000591278,0.3003380000591278,0.3003380000591278,0.3003380000591278,0.18039393424987793,0
2000-06-14,0.2660140097141266,0.29604798555374146,0.2660140097141266,0.2660140097141266,0.15977761149406433,0
2000-06-15,0.2660140097141266,0.2660140097141266,0.2660140097141266,0.2660140097141266,0.15977761149406433,0
2000-06-16,0.2660140097141266,0.2660140097141266,0.2660140097141266,0.2660140097141266,0.15977761149406433,0
2000-06-19,0.2660140097141266,0.2660140097141266,0.2660140097141266,0.2660140097141266,0.15977761149406433,0
2000-06-20,0.2660140097141266,0.2660140097141266,0.2660140097141266,0.2660140097141266,0.15977761149406433,0
2000-06-21,0.2660140097141266,0.2660140097141266,0.2660140097141266,0.2660140097141266,0.15977761149406433,0
2000-06-22,0.2660140097141266,0.2660140097141266,0.2660140097141266,0.2660140097141266,0.15977761149406433,0
2000-06-23,0.2660140097141266,0.2660140097141266,0.2660140097141266,0.2660140097141266,0.15977761149406433,0
2000-06-26,0.2660140097141266,0.2660140097141266,0.2660140097141266,0.2660140097141266,0.15977761149406433,0
2000-06-27,0.2660140097141266,0.2660140097141266,0.2660140097141266,0.2660140097141266,0.15977761149406433,0
2000-06-28,0.2660140097141266,0.2660140097141266,0.2660140097141266,0.2660140097141266,0.15977761149406433,0
2000-06-29,0.2660140097141266,0.2660140097141266,0.2660140097141266,0.2660140097141266,0.15977761149406433,0
2000-06-30,0.2660140097141266,0.2660140097141266,0.2660140097141266,0.2660140097141266,0.15977761149406433,0
2000-07-03,0.2660140097141266,0.2660140097141266,0.2660140097141266,0.2660140097141266,0.15977761149406433,0
2000-07-04,0.2660140097141266,0.2660140097141266,0.2660140097141266,0.2660140097141266,0.15977761149406433,0
2000-07-05,0.31321001052856445,0.31321001052856445,0.31321001052856445,0.31321001052856445,0.188125342130661,27968
2000-07-06,0.28746700286865234,0.28746700286865234,0.28746700286865234,0.28746700286865234,0.17266309261322021,81574
2000-07-07,0.28746700286865234,0.28746700286865234,0.28746700286865234,0.28746700286865234,0.17266309261322021,0
2000-07-10,0.28746700286865234,0.28746700286865234,0.28746700286865234,0.28746700286865234,0.17266309261322021,0
2000-07-11,0.28746700286865234,0.28746700286865234,0.28746700286865234,0.28746700286865234,0.17266309261322021,0
2000-07-12,0.28746700286865234,0.28746700286865234,0.28746700286865234,0.28746700286865234,0.17266309261322021,0
2000-07-13,0.28746700286865234,0.28746700286865234,0.28746700286865234,0.28746700286865234,0.17266309261322021,0
2000-07-14,0.28746700286865234,0.28746700286865234,0.28746700286865234,0.28746700286865234,0.17266309261322021,0
2000-07-17,0.28746700286865234,0.28746700286865234,0.28746700286865234,0.28746700286865234,0.17266309261322021,0
2000-07-18,0.28746700286865234,0.28746700286865234,0.28746700286865234,0.28746700286865234,0.17266309261322021,0
2000-07-19,0.28746700286865234,0.28746700286865234,0.28746700286865234,0.28746700286865234,0.17266309261322021,0
2000-07-20,0.28746700286865234,0.28746700286865234,0.28746700286865234,0.28746700286865234,0.17266309261322021,0
2000-07-21,0.28746700286865234,0.28746700286865234,0.28746700286865234,0.28746700286865234,0.17266309261322021,0
2000-07-24,0.28746700286865234,0.28746700286865234,0.28746700286865234,0.28746700286865234,0.17266309261322021,0
2000-07-25,0.27030500769615173,0.28746700286865234,0.27030500769615173,0.27030500769615173,0.16235500574111938,0
2000-07-26,0.30462899804115295,0.30462899804115295,0.2660140097141266,0.2660140097141266,0.15977761149406433,69921
2000-07-27,0.2660140097141266,0.2660140097141266,0.2660140097141266,0.2660140097141266,0.15977761149406433,0
2000-07-28,0.2660140097141266,0.2660140097141266,0.2660140097141266,0.2660140097141266,0.15977761149406433,0
2000-07-31,0.2660140097141266,0.2660140097141266,0.2660140097141266,0.2660140097141266,0.15977761149406433,0
2000-08-01,0.2660140097141266,0.2660140097141266,0.2660140097141266,0.2660140097141266,0.15977761149406433,0
2000-08-02,0.2660140097141266,0.2660140097141266,0.2660140097141266,0.2660140097141266,0.15977761149406433,0
2000-08-03,0.2660140097141266,0.2660140097141266,0.2660140097141266,0.2660140097141266,0.15977761149406433,0
2000-08-04,0.2660140097141266,0.2660140097141266,0.2660140097141266,0.2660140097141266,0.15977761149406433,0
2000-08-07,0.2660140097141266,0.2660140097141266,0.2660140097141266,0.2660140097141266,0.15977761149406433,0
2000-08-08,0.2660140097141266,0.2660140097141266,0.2660140097141266,0.2660140097141266,0.15977761149406433,0
2000-08-09,0.2660140097141266,0.2660140097141266,0.2660140097141266,0.2660140097141266,0.15977761149406433,0
2000-08-10,0.2660140097141266,0.2660140097141266,0.2660140097141266,0.2660140097141266,0.15977761149406433,0
2000-08-11,0.2660140097141266,0.2660140097141266,0.2660140097141266,0.2660140097141266,0.15977761149406433,0
2000-08-14,0.3175010085105896,0.3175010085105896,0.3175010085105896,0.3175010085105896,0.1907026320695877,25637
2000-08-15,0.3175010085105896,0.3175010085105896,0.3175010085105896,0.3175010085105896,0.1907026320695877,0
2000-08-16,0.3175010085105896,0.3175010085105896,0.3175010085105896,0.3175010085105896,0.1907026320695877,0
2000-08-17,0.3175010085105896,0.3175010085105896,0.3175010085105896,0.3175010085105896,0.1907026320695877,0
2000-08-18,0.29604798555374146,0.29604798555374146,0.29604798555374146,0.29604798555374146,0.17781716585159302,23307
2000-08-21,0.29604798555374146,0.29604798555374146,0.29604798555374146,0.29604798555374146,0.17781716585159302,0
2000-08-22,0.29604798555374146,0.29604798555374146,0.29604798555374146,0.29604798555374146,0.17781716585159302,0
2000-08-23,0.29604798555374146,0.29604798555374146,0.29604798555374146,0.29604798555374146,0.17781716585159302,0
2000-08-24,0.29604798555374146,0.29604798555374146,0.29604798555374146,0.29604798555374146,0.17781716585159302,0
2000-08-25,0.29604798555374146,0.29604798555374146,0.29604798555374146,0.29604798555374146,0.17781716585159302,0
2000-08-28,0.29604798555374146,0.29604798555374146,0.29604798555374146,0.29604798555374146,0.17781716585159302,0
2000-08-29,0.27888599038124084,0.31321001052856445,0.27888599038124084,0.27888599038124084,0.1675090342760086,0
2000-08-30,0.27888599038124084,0.27888599038124084,0.27888599038124084,0.27888599038124084,0.1675090342760086,58267
2000-08-31,0.31321001052856445,0.31321001052856445,0.31321001052856445,0.31321001052856445,0.188125342130661,6992
2000-09-01,0.31321001052856445,0.31321001052856445,0.31321001052856445,0.31321001052856445,0.188125342130661,0
2000-09-04,0.31321001052856445,0.31321001052856445,0.31321001052856445,0.31321001052856445,0.188125342130661,0
2000-09-05,0.31321001052856445,0.31321001052856445,0.31321001052856445,0.31321001052856445,0.188125342130661,0
2000-09-06,0.31321001052856445,0.31321001052856445,0.31321001052856445,0.31321001052856445,0.188125342130661,0
2000-09-07,0.31321001052856445,0.31321001052856445,0.31321001052856445,0.31321001052856445,0.188125342130661,0
2000-09-08,0.31321001052856445,0.31321001052856445,0.31321001052856445,0.31321001052856445,0.188125342130661,0
2000-09-11,0.31321001052856445,0.31321001052856445,0.31321001052856445,0.31321001052856445,0.188125342130661,0
2000-09-12,0.31321001052856445,0.31321001052856445,0.31321001052856445,0.31321001052856445,0.188125342130661,0
2000-09-13,0.31321001052856445,0.31321001052856445,0.31321001052856445,0.31321001052856445,0.188125342130661,0
2000-09-14,0.31321001052856445,0.31321001052856445,0.31321001052856445,0.31321001052856445,0.188125342130661,0
2000-09-15,0.31321001052856445,0.31321001052856445,0.31321001052856445,0.31321001052856445,0.188125342130661,0
2000-09-18,0.2660140097141266,0.2660140097141266,0.2660140097141266,0.2660140097141266,0.16199707984924316,116535
2000-09-19,0.2660140097141266,0.2660140097141266,0.2660140097141266,0.2660140097141266,0.16199707984924316,0
2000-09-20,0.2660140097141266,0.2660140097141266,0.2660140097141266,0.2660140097141266,0.16199707984924316,0
2000-09-21,0.2831760048866272,0.2831760048866272,0.2831760048866272,0.2831760048866272,0.1724483072757721,39621
2000-09-22,0.2831760048866272,0.2831760048866272,0.2831760048866272,0.2831760048866272,0.1724483072757721,0
2000-09-25,0.24027100205421448,0.2745949923992157,0.24027100205421448,0.24027100205421448,0.14632010459899902,0
2000-09-26,0.24027100205421448,0.2831760048866272,0.24027100205421448,0.24027100205421448,0.14632010459899902,0
2000-09-27,0.24027100205421448,0.24027100205421448,0.24027100205421448,0.24027100205421448,0.14632010459899902,0
2000-09-28,0.24027100205421448,0.24027100205421448,0.24027100205421448,0.24027100205421448,0.14632010459899902,0
2000-09-29,0.24027100205421448,0.2660140097141266,0.24027100205421448,0.24027100205421448,0.14632010459899902,0
2000-10-02,0.24027100205421448,0.24027100205421448,0.24027100205421448,0.24027100205421448,0.14632010459899902,0
2000-10-03,0.24027100205421448,0.24027100205421448,0.24027100205421448,0.24027100205421448,0.14632010459899902,0
2000-10-04,0.24027100205421448,0.24027100205421448,0.24027100205421448,0.24027100205421448,0.14632010459899902,0
2000-10-05,0.24027100205421448,0.24027100205421448,0.24027100205421448,0.24027100205421448,0.14632010459899902,0
2000-10-06,0.24027100205421448,0.24027100205421448,0.24027100205421448,0.24027100205421448,0.14632010459899902,0
2000-10-09,0.24027100205421448,0.24027100205421448,0.24027100205421448,0.24027100205421448,0.14632010459899902,0
2000-10-10,0.24027100205421448,0.24027100205421448,0.24027100205421448,0.24027100205421448,0.14632010459899902,0
2000-10-11,0.24027100205421448,0.24027100205421448,0.24027100205421448,0.24027100205421448,0.14632010459899902,0
2000-10-12,0.24027100205421448,0.24027100205421448,0.24027100205421448,0.24027100205421448,0.14632010459899902,0
2000-10-13,0.24027100205421448,0.24027100205421448,0.24027100205421448,0.24027100205421448,0.14632010459899902,0
2000-10-16,0.24027100205421448,0.24027100205421448,0.24027100205421448,0.24027100205421448,0.14632010459899902,0
2000-10-17,0.24027100205421448,0.24027100205421448,0.24027100205421448,0.24027100205421448,0.14632010459899902,0
2000-10-18,0.24027100205421448,0.24027100205421448,0.24027100205421448,0.24027100205421448,0.14632010459899902,0
2000-10-19,0.24027100205421448,0.24027100205421448,0.24027100205421448,0.24027100205421448,0.14632010459899902,0
2000-10-20,0.24027100205421448,0.24027100205421448,0.24027100205421448,0.24027100205421448,0.14632010459899902,0
2000-10-23,0.24027100205421448,0.24027100205421448,0.24027100205421448,0.24027100205421448,0.14632010459899902,0
2000-10-24,0.24027100205421448,0.24027100205421448,0.24027100205421448,0.24027100205421448,0.14632010459899902,0
2000-10-25,0.24027100205421448,0.24027100205421448,0.24027100205421448,0.24027100205421448,0.14632010459899902,0
2000-10-26,0.24027100205421448,0.24027100205421448,0.24027100205421448,0.24027100205421448,0.14632010459899902,0
2000-10-27,0.24027100205421448,0.24027100205421448,0.24027100205421448,0.24027100205421448,0.14632010459899902,0
2000-10-30,0.24027100205421448,0.24027100205421448,0.24027100205421448,0.24027100205421448,0.14632010459899902,0
2000-10-31,0.24027100205421448,0.24027100205421448,0.24027100205421448,0.24027100205421448,0.14632010459899902,0
2000-11-01,0.24027100205421448,0.24027100205421448,0.24027100205421448,0.24027100205421448,0.14632010459899902,0
2000-11-02,0.24027100205421448,0.24027100205421448,0.24027100205421448,0.24027100205421448,0.14632010459899902,0
2000-11-03,0.24027100205421448,0.24027100205421448,0.24027100205421448,0.24027100205421448,0.14632010459899902,0
2000-11-06,0.24027100205421448,0.24027100205421448,0.24027100205421448,0.24027100205421448,0.14632010459899902,0
2000-11-07,0.24027100205421448,0.24027100205421448,0.24027100205421448,0.24027100205421448,0.14632010459899902,0
2000-11-08,0.24027100205421448,0.24027100205421448,0.24027100205421448,0.24027100205421448,0.14632010459899902,0
2000-11-09,0.24027100205421448,0.24027100205421448,0.24027100205421448,0.24027100205421448,0.14632010459899902,0
2000-11-10,0.24027100205421448,0.24027100205421448,0.24027100205421448,0.24027100205421448,0.14632010459899902,0
2000-11-13,0.24027100205421448,0.24027100205421448,0.24027100205421448,0.24027100205421448,0.14632010459899902,0
2000-11-14,0.24027100205421448,0.24027100205421448,0.24027100205421448,0.24027100205421448,0.14632010459899902,0
2000-11-15,0.24027100205421448,0.24027100205421448,0.24027100205421448,0.24027100205421448,0.14632010459899902,0
2000-11-16,0.21452699601650238,0.26172301173210144,0.21452699601650238,0.21452699601650238,0.13064250349998474,0
2000-11-17,0.26172301173210144,0.26172301173210144,0.26172301173210144,0.26172301173210144,0.1593838930130005,11653
2000-11-20,0.26172301173210144,0.26172301173210144,0.26172301173210144,0.26172301173210144,0.1593838930130005,0
2000-11-21,0.26172301173210144,0.26172301173210144,0.26172301173210144,0.26172301173210144,0.1593838930130005,0
2000-11-22,0.26172301173210144,0.26172301173210144,0.26172301173210144,0.26172301173210144,0.1593838930130005,0
2000-11-23,0.26172301173210144,0.26172301173210144,0.26172301173210144,0.26172301173210144,0.1593838930130005,0
2000-11-24,0.26172301173210144,0.26172301173210144,0.26172301173210144,0.26172301173210144,0.1593838930130005,0
2000-11-27,0.26172301173210144,0.26172301173210144,0.26172301173210144,0.26172301173210144,0.1593838930130005,0
2000-11-28,0.26172301173210144,0.26172301173210144,0.26172301173210144,0.26172301173210144,0.1593838930130005,0
2000-11-29,0.26172301173210144,0.26172301173210144,0.26172301173210144,0.26172301173210144,0.1593838930130005,0
2000-11-30,0.26172301173210144,0.26172301173210144,0.26172301173210144,0.26172301173210144,0.1593838930130005,0
2000-12-01,0.26172301173210144,0.26172301173210144,0.26172301173210144,0.26172301173210144,0.1593838930130005,0
2000-12-04,0.26172301173210144,0.26172301173210144,0.26172301173210144,0.26172301173210144,0.1593838930130005,0
2000-12-05,0.26172301173210144,0.26172301173210144,0.26172301173210144,0.26172301173210144,0.1593838930130005,0
2000-12-06,0.26172301173210144,0.26172301173210144,0.26172301173210144,0.26172301173210144,0.1593838930130005,0
2000-12-07,0.26172301173210144,0.26172301173210144,0.26172301173210144,0.26172301173210144,0.1593838930130005,0
2000-12-08,0.26172301173210144,0.26172301173210144,0.26172301173210144,0.26172301173210144,0.1593838930130005,0
2000-12-11,0.26172301173210144,0.26172301173210144,0.26172301173210144,0.26172301173210144,0.1593838930130005,0
2000-12-12,0.26172301173210144,0.26172301173210144,0.26172301173210144,0.26172301173210144,0.1593838930130005,0
2000-12-13,0.26172301173210144,0.26172301173210144,0.26172301173210144,0.26172301173210144,0.1593838930130005,0
2000-12-14,0.26172301173210144,0.26172301173210144,0.26172301173210144,0.26172301173210144,0.1593838930130005,0
2000-12-15,0.26172301173210144,0.26172301173210144,0.26172301173210144,0.26172301173210144,0.1593838930130005,0
2000-12-18,0.26172301173210144,0.26172301173210144,0.26172301173210144,0.26172301173210144,0.1593838930130005,0
2000-12-19,0.26172301173210144,0.26172301173210144,0.26172301173210144,0.26172301173210144,0.1593838930130005,0
2000-12-20,0.26172301173210144,0.26172301173210144,0.26172301173210144,0.26172301173210144,0.1593838930130005,0
2000-12-21,0.26172301173210144,0.26172301173210144,0.26172301173210144,0.26172301173210144,0.1593838930130005,0
2000-12-22,0.26172301173210144,0.26172301173210144,0.26172301173210144,0.26172301173210144,0.1593838930130005,0
2000-12-25,0.26172301173210144,0.26172301173210144,0.26172301173210144,0.26172301173210144,0.1593838930130005,0
2000-12-26,0.26172301173210144,0.26172301173210144,0.26172301173210144,0.26172301173210144,0.1593838930130005,0
2000-12-27,0.26172301173210144,0.26172301173210144,0.26172301173210144,0.26172301173210144,0.1593838930130005,0
2000-12-28,0.26172301173210144,0.26172301173210144,0.26172301173210144,0.26172301173210144,0.1593838930130005,0
2000-12-29,0.24027100205421448,0.2574329972267151,0.24027100205421448,0.24027100205421448,0.14632010459899902,0
2001-01-01,0.24027100205421448,0.24027100205421448,0.24027100205421448,0.24027100205421448,0.14632010459899902,0
2001-01-02,0.24027100205421448,0.24027100205421448,0.24027100205421448,0.24027100205421448,0.14632010459899902,0
2001-01-03,0.24027100205421448,0.24027100205421448,0.24027100205421448,0.24027100205421448,0.14632010459899902,0
2001-01-04,0.24027100205421448,0.24027100205421448,0.24027100205421448,0.24027100205421448,0.14632010459899902,0
2001-01-05,0.24027100205421448,0.24027100205421448,0.24027100205421448,0.24027100205421448,0.14632010459899902,0
2001-01-08,0.24027100205421448,0.24027100205421448,0.24027100205421448,0.24027100205421448,0.14632010459899902,0
2001-01-09,0.2574329972267151,0.2574329972267151,0.24885199964046478,0.24885199964046478,0.15154574811458588,163149
2001-01-10,0.24885199964046478,0.24885199964046478,0.24885199964046478,0.24885199964046478,0.15154574811458588,0
2001-01-11,0.24885199964046478,0.24885199964046478,0.24885199964046478,0.24885199964046478,0.15154574811458588,0
2001-01-12,0.24885199964046478,0.24885199964046478,0.24885199964046478,0.24885199964046478,0.15154574811458588,0
2001-01-15,0.24885199964046478,0.24885199964046478,0.24885199964046478,0.24885199964046478,0.15154574811458588,0
2001-01-16,0.24885199964046478,0.24885199964046478,0.24885199964046478,0.24885199964046478,0.15154574811458588,0
2001-01-17,0.24885199964046478,0.24885199964046478,0.24885199964046478,0.24885199964046478,0.15154574811458588,0
2001-01-18,0.23598000407218933,0.25314199924468994,0.23598000407218933,0.23598000407218933,0.14370696246623993,0
2001-01-19,0.23598000407218933,0.23598000407218933,0.23598000407218933,0.23598000407218933,0.14370696246623993,0
2001-01-22,0.23598000407218933,0.23598000407218933,0.23598000407218933,0.23598000407218933,0.14370696246623993,0
2001-01-23,0.23598000407218933,0.23598000407218933,0.23598000407218933,0.23598000407218933,0.14370696246623993,0
2001-01-24,0.23598000407218933,0.23598000407218933,0.23598000407218933,0.23598000407218933,0.14370696246623993,0
2001-01-25,0.23598000407218933,0.23598000407218933,0.23598000407218933,0.23598000407218933,0.14370696246623993,0
2001-01-26,0.23598000407218933,0.23598000407218933,0.23598000407218933,0.23598000407218933,0.14370696246623993,0
2001-01-29,0.23598000407218933,0.23598000407218933,0.23598000407218933,0.23598000407218933,0.14370696246623993,0
2001-01-30,0.23598000407218933,0.23598000407218933,0.23598000407218933,0.23598000407218933,0.14370696246623993,0
2001-01-31,0.23598000407218933,0.23598000407218933,0.23598000407218933,0.23598000407218933,0.14370696246623993,0
2001-02-01,0.23598000407218933,0.23598000407218933,0.23598000407218933,0.23598000407218933,0.14370696246623993,0
2001-02-02,0.23598000407218933,0.23598000407218933,0.23598000407218933,0.23598000407218933,0.14370696246623993,0
2001-02-05,0.23598000407218933,0.23598000407218933,0.23598000407218933,0.23598000407218933,0.14370696246623993,0
2001-02-06,0.23169000446796417,0.24885199964046478,0.23169000446796417,0.23169000446796417,0.14109444618225098,0
2001-02-07,0.23169000446796417,0.23169000446796417,0.23169000446796417,0.23169000446796417,0.14109444618225098,0
2001-02-08,0.23169000446796417,0.23169000446796417,0.23169000446796417,0.23169000446796417,0.14109444618225098,0
2001-02-09,0.23169000446796417,0.23169000446796417,0.23169000446796417,0.23169000446796417,0.14109444618225098,0
2001-02-12,0.23169000446796417,0.23169000446796417,0.23169000446796417,0.23169000446796417,0.14109444618225098,0
2001-02-13,0.23169000446796417,0.23169000446796417,0.23169000446796417,0.23169000446796417,0.14109444618225098,0
2001-02-14,0.23169000446796417,0.23169000446796417,0.23169000446796417,0.23169000446796417,0.14109444618225098,0
2001-02-15,0.23169000446796417,0.23169000446796417,0.23169000446796417,0.23169000446796417,0.14109444618225098,0
2001-02-16,0.23169000446796417,0.23169000446796417,0.23169000446796417,0.23169000446796417,0.14109444618225098,0
2001-02-19,0.23169000446796417,0.23169000446796417,0.23169000446796417,0.23169000446796417,0.14109444618225098,0
2001-02-20,0.23169000446796417,0.23169000446796417,0.23169000446796417,0.23169000446796417,0.14109444618225098,0
2001-02-21,0.23169000446796417,0.23169000446796417,0.23169000446796417,0.23169000446796417,0.14109444618225098,0
2001-02-22,0.23169000446796417,0.23169000446796417,0.23169000446796417,0.23169000446796417,0.14109444618225098,0
2001-02-23,0.23169000446796417,0.23169000446796417,0.23169000446796417,0.23169000446796417,0.14109444618225098,0
2001-02-26,0.23169000446796417,0.23169000446796417,0.23169000446796417,0.23169000446796417,0.14109444618225098,23307
2001-02-27,0.23169000446796417,0.23169000446796417,0.23169000446796417,0.23169000446796417,0.14109444618225098,0
2001-02-28,0.23169000446796417,0.23169000446796417,0.23169000446796417,0.23169000446796417,0.14109444618225098,0
2001-03-01,0.23169000446796417,0.23169000446796417,0.23169000446796417,0.23169000446796417,0.14109444618225098,0
2001-03-02,0.23598000407218933,0.25314199924468994,0.23598000407218933,0.23598000407218933,0.14370696246623993,0
2001-03-05,0.23598000407218933,0.23598000407218933,0.23598000407218933,0.23598000407218933,0.14370696246623993,3496
2001-03-06,0.23598000407218933,0.23598000407218933,0.23598000407218933,0.23598000407218933,0.14370696246623993,0
2001-03-07,0.24885199964046478,0.2660140097141266,0.24885199964046478,0.2660140097141266,0.16199707984924316,27968
2001-03-08,0.2660140097141266,0.2660140097141266,0.2660140097141266,0.2660140097141266,0.16199707984924316,0
2001-03-09,0.2660140097141266,0.2660140097141266,0.2660140097141266,0.2660140097141266,0.16199707984924316,0
2001-03-12,0.2660140097141266,0.2660140097141266,0.2660140097141266,0.2660140097141266,0.16199707984924316,0
2001-03-13,0.2745949923992157,0.2745949923992157,0.2745949923992157,0.2745949923992157,0.16722267866134644,11653
2001-03-14,0.2745949923992157,0.2745949923992157,0.2745949923992157,0.2745949923992157,0.16722267866134644,11653
2001-03-15,0.2745949923992157,0.2745949923992157,0.2745949923992157,0.2745949923992157,0.16722267866134644,0
2001-03-16,0.2745949923992157,0.2745949923992157,0.2745949923992157,0.2745949923992157,0.16722267866134644,0
2001-03-19,0.24027100205421448,0.2745949923992157,0.24027100205421448,0.24027100205421448,0.14632010459899902,0
2001-03-20,0.24027100205421448,0.24027100205421448,0.24027100205421448,0.24027100205421448,0.14632010459899902,0
2001-03-21,0.24027100205421448,0.24027100205421448,0.24027100205421448,0.24027100205421448,0.14632010459899902,0
2001-03-22,0.24027100205421448,0.24027100205421448,0.24027100205421448,0.24027100205421448,0.14632010459899902,0
2001-03-23,0.24027100205421448,0.24027100205421448,0.24027100205421448,0.24027100205421448,0.14632010459899902,0
2001-03-26,0.24027100205421448,0.24027100205421448,0.24027100205421448,0.24027100205421448,0.14632010459899902,0
2001-03-27,0.24027100205421448,0.24027100205421448,0.24027100205421448,0.24027100205421448,0.14632010459899902,0
2001-03-28,0.24027100205421448,0.24027100205421448,0.24027100205421448,0.24027100205421448,0.14632010459899902,0
2001-03-29,0.24027100205421448,0.24027100205421448,0.24027100205421448,0.24027100205421448,0.14632010459899902,0
2001-03-30,0.24027100205421448,0.24027100205421448,0.24027100205421448,0.24027100205421448,0.14632010459899902,0
2001-04-02,0.24027100205421448,0.24027100205421448,0.24027100205421448,0.24027100205421448,0.14632010459899902,0
2001-04-03,0.24027100205421448,0.24027100205421448,0.24027100205421448,0.24027100205421448,0.14632010459899902,0
2001-04-04,0.24027100205421448,0.24027100205421448,0.24027100205421448,0.24027100205421448,0.14632010459899902,0
2001-04-05,0.24027100205421448,0.24027100205421448,0.24027100205421448,0.24027100205421448,0.14632010459899902,0
2001-04-06,0.24027100205421448,0.24027100205421448,0.24027100205421448,0.24027100205421448,0.14632010459899902,0
2001-04-09,0.24027100205421448,0.24027100205421448,0.24027100205421448,0.24027100205421448,0.14632010459899902,0
2001-04-10,0.24027100205421448,0.24027100205421448,0.24027100205421448,0.24027100205421448,0.14632010459899902,0
2001-04-11,0.24027100205421448,0.24027100205421448,0.24027100205421448,0.24027100205421448,0.14632010459899902,0
2001-04-12,0.24027100205421448,0.24027100205421448,0.24027100205421448,0.24027100205421448,0.14632010459899902,0
2001-04-13,0.24027100205421448,0.24027100205421448,0.24027100205421448,0.24027100205421448,0.14632010459899902,0
2001-04-16,0.24027100205421448,0.24027100205421448,0.24027100205421448,0.24027100205421448,0.14632010459899902,0
2001-04-17,0.22310799360275269,0.22310799360275269,0.22310799360275269,0.22310799360275269,0.1358681619167328,95558
2001-04-18,0.22310799360275269,0.22310799360275269,0.22310799360275269,0.22310799360275269,0.1358681619167328,0
2001-04-19,0.22310799360275269,0.22310799360275269,0.22310799360275269,0.22310799360275269,0.1358681619167328,0
2001-04-20,0.22310799360275269,0.22310799360275269,0.22310799360275269,0.22310799360275269,0.1358681619167328,0
2001-04-23,0.22310799360275269,0.22310799360275269,0.22310799360275269,0.22310799360275269,0.1358681619167328,0
2001-04-24,0.22310799360275269,0.22310799360275269,0.22310799360275269,0.22310799360275269,0.1358681619167328,0
2001-04-25,0.20594599843025208,0.20594599843025208,0.20594599843025208,0.20594599843025208,0.1254168450832367,34960
2001-04-26,0.20594599843025208,0.20594599843025208,0.20594599843025208,0.20594599843025208,0.1254168450832367,34960
2001-04-27,0.20594599843025208,0.20594599843025208,0.20594599843025208,0.20594599843025208,0.1254168450832367,0
2001-04-30,0.20594599843025208,0.20594599843025208,0.20594599843025208,0.20594599843025208,0.1254168450832367,0
2001-05-01,0.20594599843025208,0.20594599843025208,0.20594599843025208,0.20594599843025208,0.1254168450832367,0
2001-05-02,0.20594599843025208,0.20594599843025208,0.20594599843025208,0.20594599843025208,0.1254168450832367,0
2001-05-03,0.20594599843025208,0.20594599843025208,0.20594599843025208,0.20594599843025208,0.1254168450832367,74582
2001-05-04,0.20594599843025208,0.20594599843025208,0.20594599843025208,0.20594599843025208,0.1254168450832367,0
2001-05-07,0.20594599843025208,0.20594599843025208,0.20594599843025208,0.20594599843025208,0.1254168450832367,128188
2001-05-08,0.20594599843025208,0.20594599843025208,0.20594599843025208,0.20594599843025208,0.1254168450832367,0
2001-05-09,0.20594599843025208,0.20594599843025208,0.20594599843025208,0.20594599843025208,0.1254168450832367,188786
2001-05-10,0.20594599843025208,0.20594599843025208,0.20594599843025208,0.20594599843025208,0.1254168450832367,305321
2001-05-11,0.20594599843025208,0.20594599843025208,0.20594599843025208,0.20594599843025208,0.1254168450832367,34960
2001-05-14,0.20594599843025208,0.20594599843025208,0.20594599843025208,0.20594599843025208,0.1254168450832367,0
2001-05-15,0.20251399278640747,0.20251399278640747,0.20251399278640747,0.20251399278640747,0.1233268454670906,116535
2001-05-16,0.20594599843025208,0.20594599843025208,0.20594599843025208,0.20594599843025208,0.1254168450832367,104881
2001-05-17,0.20594599843025208,0.20594599843025208,0.20594599843025208,0.20594599843025208,0.1254168450832367,158487
2001-05-18,0.20594599843025208,0.20594599843025208,0.20594599843025208,0.20594599843025208,0.1254168450832367,372912
2001-05-21,0.20594599843025208,0.20594599843025208,0.20594599843025208,0.20594599843025208,0.1254168450832367,0
2001-05-22,0.20594599843025208,0.20594599843025208,0.20594599843025208,0.20594599843025208,0.1254168450832367,0
2001-05-23,0.20594599843025208,0.20594599843025208,0.20594599843025208,0.20594599843025208,0.1254168450832367,0
2001-05-24,0.20594599843025208,0.20594599843025208,0.20594599843025208,0.20594599843025208,0.1254168450832367,0
2001-05-25,0.21281099319458008,0.21281099319458008,0.20852099359035492,0.20852099359035492,0.12698499858379364,137511
2001-05-28,0.20852099359035492,0.20852099359035492,0.20852099359035492,0.20852099359035492,0.12698499858379364,53606
2001-05-29,0.20852099359035492,0.20852099359035492,0.20852099359035492,0.20852099359035492,0.12698499858379364,0
2001-05-30,0.20852099359035492,0.20852099359035492,0.20852099359035492,0.20852099359035492,0.12698499858379364,0
2001-05-31,0.20508800446987152,0.20508800446987152,0.20508800446987152,0.20508800446987152,0.12489434331655502,58267
2001-06-01,0.20508800446987152,0.20508800446987152,0.20508800446987152,0.20508800446987152,0.12489434331655502,0
2001-06-04,0.20508800446987152,0.20508800446987152,0.20508800446987152,0.20508800446987152,0.12489434331655502,0
2001-06-05,0.20508800446987152,0.20508800446987152,0.20508800446987152,0.20508800446987152,0.12489434331655502,0
2001-06-06,0.20594599843025208,0.20594599843025208,0.20594599843025208,0.20594599843025208,0.1254168450832367,72251
2001-06-07,0.20594599843025208,0.20594599843025208,0.20594599843025208,0.20594599843025208,0.1254168450832367,114204
2001-06-08,0.20251399278640747,0.20251399278640747,0.20251399278640747,0.20251399278640747,0.1233268454670906,20976
2001-06-11,0.20594599843025208,0.20594599843025208,0.20594599843025208,0.20594599843025208,0.1254168450832367,116535
2001-06-12,0.20594599843025208,0.20594599843025208,0.20594599843025208,0.20594599843025208,0.1254168450832367,2330
2001-06-13,0.20594599843025208,0.20594599843025208,0.20594599843025208,0.20594599843025208,0.1254168450832367,0
2001-06-14,0.20594599843025208,0.20594599843025208,0.20594599843025208,0.20594599843025208,0.1254168450832367,233070
2001-06-15,0.20594599843025208,0.20594599843025208,0.20594599843025208,0.20594599843025208,0.1254168450832367,23307
2001-06-18,0.20594599843025208,0.20594599843025208,0.20594599843025208,0.20594599843025208,0.1254168450832367,174802
2001-06-19,0.20594599843025208,0.20594599843025208,0.20594599843025208,0.20594599843025208,0.1254168450832367,0
2001-06-20,0.20594599843025208,0.20594599843025208,0.20594599843025208,0.20594599843025208,0.1254168450832367,0
2001-06-21,0.20594599843025208,0.20594599843025208,0.20594599843025208,0.20594599843025208,0.1254168450832367,351935
2001-06-22,0.20937900245189667,0.20937900245189667,0.20937900245189667,0.20937900245189667,0.12750747799873352,116535
2001-06-25,0.20937900245189667,0.20937900245189667,0.20937900245189667,0.20937900245189667,0.12750747799873352,0
2001-06-26,0.20937900245189667,0.20937900245189667,0.20937900245189667,0.20937900245189667,0.12750747799873352,0
2001-06-27,0.20937900245189667,0.20937900245189667,0.20937900245189667,0.20937900245189667,0.12750747799873352,0
2001-06-28,0.20937900245189667,0.20937900245189667,0.20937900245189667,0.20937900245189667,0.12750747799873352,0
2001-06-29,0.20594599843025208,0.20937900245189667,0.20594599843025208,0.20594599843025208,0.1254168450832367,0
2001-07-02,0.20594599843025208,0.20594599843025208,0.20594599843025208,0.20594599843025208,0.1254168450832367,0
2001-07-03,0.20594599843025208,0.20594599843025208,0.20594599843025208,0.20594599843025208,0.1254168450832367,0
2001-07-04,0.20594599843025208,0.20594599843025208,0.20594599843025208,0.20594599843025208,0.1254168450832367,0
2001-07-05,0.22310799360275269,0.22310799360275269,0.20937900245189667,0.20937900245189667,0.12750747799873352,132849
2001-07-06,0.20937900245189667,0.20937900245189667,0.20937900245189667,0.20937900245189667,0.12750747799873352,0
2001-07-09,0.22310799360275269,0.22310799360275269,0.22310799360275269,0.22310799360275269,0.1358681619167328,93228
2001-07-10,0.22310799360275269,0.22310799360275269,0.22310799360275269,0.22310799360275269,0.1358681619167328,0
2001-07-11,0.22310799360275269,0.22310799360275269,0.22310799360275269,0.22310799360275269,0.1358681619167328,76913
2001-07-12,0.22310799360275269,0.22310799360275269,0.22310799360275269,0.22310799360275269,0.1358681619167328,0
2001-07-13,0.22310799360275269,0.22310799360275269,0.22310799360275269,0.22310799360275269,0.1358681619167328,0
2001-07-16,0.22310799360275269,0.22310799360275269,0.22310799360275269,0.22310799360275269,0.1358681619167328,0
2001-07-17,0.22310799360275269,0.22310799360275269,0.22310799360275269,0.22310799360275269,0.1358681619167328,0
2001-07-18,0.22310799360275269,0.22310799360275269,0.22310799360275269,0.22310799360275269,0.1358681619167328,48944
2001-07-19,0.21881799399852753,0.21881799399852753,0.21881799399852753,0.21881799399852753,0.13325560092926025,524407
2001-07-20,0.21881799399852753,0.21881799399852753,0.21881799399852753,0.21881799399852753,0.13325560092926025,163149
2001-07-23,0.21881799399852753,0.21881799399852753,0.21881799399852753,0.21881799399852753,0.13325560092926025,386896
2001-07-24,0.21881799399852753,0.21881799399852753,0.21881799399852753,0.21881799399852753,0.13325560092926025,0
2001-07-25,0.21881799399852753,0.21881799399852753,0.21881799399852753,0.21881799399852753,0.13325560092926025,0
2001-07-26,0.21881799399852753,0.21881799399852753,0.21881799399852753,0.21881799399852753,0.13325560092926025,0
2001-07-27,0.21881799399852753,0.21881799399852753,0.21881799399852753,0.21881799399852753,0.13325560092926025,0
2001-07-30,0.21881799399852753,0.21881799399852753,0.21881799399852753,0.21881799399852753,0.13325560092926025,0
2001-07-31,0.21881799399852753,0.21881799399852753,0.21881799399852753,0.21881799399852753,0.13325560092926025,0
2001-08-01,0.21881799399852753,0.21881799399852753,0.21881799399852753,0.21881799399852753,0.13325560092926025,0
2001-08-02,0.21881799399852753,0.21881799399852753,0.21881799399852753,0.21881799399852753,0.13325560092926025,0
2001-08-03,0.21881799399852753,0.21881799399852753,0.21881799399852753,0.21881799399852753,0.13325560092926025,0
2001-08-06,0.21881799399852753,0.21881799399852753,0.21881799399852753,0.21881799399852753,0.13325560092926025,0
2001-08-07,0.21881799399852753,0.21881799399852753,0.21881799399852753,0.21881799399852753,0.13325560092926025,0
2001-08-08,0.21881799399852753,0.21881799399852753,0.21881799399852753,0.21881799399852753,0.13325560092926025,0
2001-08-09,0.21881799399852753,0.21881799399852753,0.21881799399852753,0.21881799399852753,0.13325560092926025,0
2001-08-10,0.21881799399852753,0.21881799399852753,0.21881799399852753,0.21881799399852753,0.13325560092926025,0
2001-08-13,0.23169000446796417,0.23169000446796417,0.23169000446796417,0.23169000446796417,0.14109444618225098,23307
2001-08-14,0.23169000446796417,0.23169000446796417,0.23169000446796417,0.23169000446796417,0.14109444618225098,0
2001-08-15,0.23169000446796417,0.23169000446796417,0.23169000446796417,0.23169000446796417,0.14109444618225098,0
2001-08-16,0.23169000446796417,0.23169000446796417,0.23169000446796417,0.23169000446796417,0.14109444618225098,0
2001-08-17,0.23169000446796417,0.23169000446796417,0.23169000446796417,0.23169000446796417,0.14109444618225098,0
2001-08-20,0.23169000446796417,0.23169000446796417,0.23169000446796417,0.23169000446796417,0.14109444618225098,0
2001-08-21,0.23169000446796417,0.23169000446796417,0.23169000446796417,0.23169000446796417,0.14109444618225098,0
2001-08-22,0.23169000446796417,0.23169000446796417,0.23169000446796417,0.23169000446796417,0.14109444618225098,0
2001-08-23,0.23169000446796417,0.23169000446796417,0.23169000446796417,0.23169000446796417,0.14109444618225098,0
2001-08-24,0.23169000446796417,0.23169000446796417,0.23169000446796417,0.23169000446796417,0.14109444618225098,0
2001-08-27,0.23169000446796417,0.23169000446796417,0.23169000446796417,0.23169000446796417,0.14109444618225098,0
2001-08-28,0.20594599843025208,0.20594599843025208,0.20594599843025208,0.20594599843025208,0.1254168450832367,23307
2001-08-29,0.20594599843025208,0.20594599843025208,0.20594599843025208,0.20594599843025208,0.1254168450832367,0
2001-08-30,0.20594599843025208,0.20594599843025208,0.20594599843025208,0.20594599843025208,0.1254168450832367,0
2001-08-31,0.20594599843025208,0.20594599843025208,0.20594599843025208,0.20594599843025208,0.1254168450832367,0
2001-09-03,0.19908100366592407,0.19908100366592407,0.19908100366592407,0.19908100366592407,0.12123620510101318,118865
2001-09-04,0.19564899802207947,0.19564899802207947,0.19564899802207947,0.19564899802207947,0.11914623528718948,116535
2001-09-05,0.19564899802207947,0.19564899802207947,0.19564899802207947,0.19564899802207947,0.11914623528718948,0
2001-09-06,0.19564899802207947,0.19564899802207947,0.19564899802207947,0.19564899802207947,0.11914623528718948,0
2001-09-07,0.19221599400043488,0.19221599400043488,0.19221599400043488,0.19221599400043488,0.11705555021762848,178298
2001-09-10,0.19221599400043488,0.19221599400043488,0.19221599400043488,0.19221599400043488,0.11705555021762848,0
2001-09-11,0.19221599400043488,0.19221599400043488,0.19221599400043488,0.19221599400043488,0.11705555021762848,0
2001-09-12,0.19221599400043488,0.19221599400043488,0.19221599400043488,0.19221599400043488,0.11705555021762848,0
2001-09-13,0.19221599400043488,0.19221599400043488,0.19221599400043488,0.19221599400043488,0.11705555021762848,0
2001-09-14,0.19221599400043488,0.19221599400043488,0.19221599400043488,0.19221599400043488,0.11705555021762848,0
2001-09-17,0.19221599400043488,0.19221599400043488,0.19221599400043488,0.19221599400043488,0.11705555021762848,0
2001-09-18,0.19221599400043488,0.19221599400043488,0.19221599400043488,0.19221599400043488,0.11705555021762848,0
2001-09-19,0.19221599400043488,0.19221599400043488,0.19221599400043488,0.19221599400043488,0.11705555021762848,0
2001-09-20,0.19221599400043488,0.19221599400043488,0.19221599400043488,0.19221599400043488,0.11705555021762848,0
2001-09-21,0.19221599400043488,0.19221599400043488,0.19221599400043488,0.19221599400043488,0.11705555021762848,0
2001-09-24,0.19221599400043488,0.19221599400043488,0.19221599400043488,0.19221599400043488,0.11705555021762848,0
2001-09-25,0.19221599400043488,0.19221599400043488,0.19221599400043488,0.19221599400043488,0.11705555021762848,0
2001-09-26,0.19221599400043488,0.19221599400043488,0.19221599400043488,0.19221599400043488,0.11705555021762848,0
2001-09-27,0.19221599400043488,0.19221599400043488,0.19221599400043488,0.19221599400043488,0.11705555021762848,0
2001-09-28,0.19221599400043488,0.19221599400043488,0.19221599400043488,0.19221599400043488,0.11705555021762848,0
2001-10-01,0.19221599400043488,0.19221599400043488,0.19221599400043488,0.19221599400043488,0.11705555021762848,0
2001-10-02,0.19221599400043488,0.19221599400043488,0.19221599400043488,0.19221599400043488,0.11705555021762848,0
2001-10-03,0.19221599400043488,0.19221599400043488,0.19221599400043488,0.19221599400043488,0.11705555021762848,0
2001-10-04,0.19221599400043488,0.19221599400043488,0.19221599400043488,0.19221599400043488,0.11705555021762848,0
2001-10-05,0.18878400325775146,0.18878400325775146,0.18878400325775146,0.18878400325775146,0.11496555060148239,116535
2001-10-08,0.18878400325775146,0.18878400325775146,0.18878400325775146,0.18878400325775146,0.11496555060148239,0
2001-10-09,0.18878400325775146,0.18878400325775146,0.18878400325775146,0.18878400325775146,0.11496555060148239,0
2001-10-10,0.18535199761390686,0.18535199761390686,0.18535199761390686,0.18535199761390686,0.11287553608417511,116535
2001-10-11,0.18535199761390686,0.18535199761390686,0.18535199761390686,0.18535199761390686,0.11287553608417511,0
2001-10-12,0.18535199761390686,0.18535199761390686,0.18535199761390686,0.18535199761390686,0.11287553608417511,0
2001-10-15,0.18535199761390686,0.18535199761390686,0.18535199761390686,0.18535199761390686,0.11287553608417511,0
2001-10-16,0.18535199761390686,0.18535199761390686,0.18535199761390686,0.18535199761390686,0.11287553608417511,0
2001-10-17,0.18535199761390686,0.18535199761390686,0.18535199761390686,0.18535199761390686,0.11287553608417511,0
2001-10-18,0.18535199761390686,0.18535199761390686,0.18535199761390686,0.18535199761390686,0.11287553608417511,0
2001-10-19,0.18535199761390686,0.18535199761390686,0.18535199761390686,0.18535199761390686,0.11287553608417511,0
2001-10-22,0.18535199761390686,0.18535199761390686,0.18535199761390686,0.18535199761390686,0.11287553608417511,0
2001-10-23,0.18535199761390686,0.18535199761390686,0.18535199761390686,0.18535199761390686,0.11287553608417511,0
2001-10-24,0.18535199761390686,0.18535199761390686,0.18535199761390686,0.18535199761390686,0.11287553608417511,0
2001-10-25,0.18535199761390686,0.18535199761390686,0.18535199761390686,0.18535199761390686,0.11287553608417511,0
2001-10-26,0.18535199761390686,0.18535199761390686,0.18535199761390686,0.18535199761390686,0.11287553608417511,0
2001-10-29,0.18535199761390686,0.18535199761390686,0.18535199761390686,0.18535199761390686,0.11287553608417511,0
2001-10-30,0.18535199761390686,0.18535199761390686,0.18535199761390686,0.18535199761390686,0.11287553608417511,0
2001-10-31,0.18535199761390686,0.18535199761390686,0.18535199761390686,0.18535199761390686,0.11287553608417511,0
2001-11-01,0.18535199761390686,0.18535199761390686,0.18535199761390686,0.18535199761390686,0.11287553608417511,0
2001-11-02,0.18535199761390686,0.18535199761390686,0.18535199761390686,0.18535199761390686,0.11287553608417511,0
2001-11-05,0.18535199761390686,0.18535199761390686,0.18535199761390686,0.18535199761390686,0.11287553608417511,0
2001-11-06,0.18535199761390686,0.18535199761390686,0.18535199761390686,0.18535199761390686,0.11287553608417511,0
2001-11-07,0.18535199761390686,0.18535199761390686,0.18535199761390686,0.18535199761390686,0.11287553608417511,0
2001-11-08,0.18535199761390686,0.18535199761390686,0.18535199761390686,0.18535199761390686,0.11287553608417511,0
2001-11-09,0.18535199761390686,0.18535199761390686,0.18535199761390686,0.18535199761390686,0.11287553608417511,0
2001-11-12,0.18535199761390686,0.18535199761390686,0.18535199761390686,0.18535199761390686,0.11287553608417511,0
2001-11-13,0.18535199761390686,0.18535199761390686,0.18535199761390686,0.18535199761390686,0.11287553608417511,0
2001-11-14,0.18535199761390686,0.18535199761390686,0.18535199761390686,0.18535199761390686,0.11287553608417511,0
2001-11-15,0.18535199761390686,0.18535199761390686,0.18535199761390686,0.18535199761390686,0.11287553608417511,0
2001-11-16,0.18535199761390686,0.18535199761390686,0.18535199761390686,0.18535199761390686,0.11287553608417511,0
2001-11-19,0.18535199761390686,0.18535199761390686,0.18535199761390686,0.18535199761390686,0.11287553608417511,0
2001-11-20,0.18535199761390686,0.18535199761390686,0.18535199761390686,0.18535199761390686,0.11287553608417511,0
2001-11-21,0.18535199761390686,0.18535199761390686,0.18535199761390686,0.18535199761390686,0.11287553608417511,0
2001-11-22,0.18535199761390686,0.18535199761390686,0.18535199761390686,0.18535199761390686,0.11287553608417511,0
2001-11-23,0.18535199761390686,0.18535199761390686,0.18535199761390686,0.18535199761390686,0.11287553608417511,0
2001-11-26,0.18535199761390686,0.18535199761390686,0.18535199761390686,0.18535199761390686,0.11287553608417511,0
2001-11-27,0.18535199761390686,0.18535199761390686,0.18535199761390686,0.18535199761390686,0.11287553608417511,0
2001-11-28,0.18535199761390686,0.18535199761390686,0.18535199761390686,0.18535199761390686,0.11287553608417511,0
2001-11-29,0.18535199761390686,0.18535199761390686,0.18535199761390686,0.18535199761390686,0.11287553608417511,0
2001-11-30,0.18535199761390686,0.18535199761390686,0.18535199761390686,0.18535199761390686,0.11287553608417511,0
2001-12-03,0.18535199761390686,0.18535199761390686,0.18535199761390686,0.18535199761390686,0.11287553608417511,0
2001-12-04,0.18535199761390686,0.18535199761390686,0.18535199761390686,0.18535199761390686,0.11287553608417511,0
2001-12-05,0.18535199761390686,0.18535199761390686,0.18535199761390686,0.18535199761390686,0.11287553608417511,0
2001-12-06,0.18535199761390686,0.18535199761390686,0.18535199761390686,0.18535199761390686,0.11287553608417511,0
2001-12-07,0.18535199761390686,0.18535199761390686,0.18535199761390686,0.18535199761390686,0.11287553608417511,0
2001-12-10,0.18535199761390686,0.18535199761390686,0.18535199761390686,0.18535199761390686,0.11287553608417511,0
2001-12-11,0.18535199761390686,0.18535199761390686,0.18535199761390686,0.18535199761390686,0.11287553608417511,0
2001-12-12,0.18535199761390686,0.18535199761390686,0.18535199761390686,0.18535199761390686,0.11287553608417511,0
2001-12-13,0.18535199761390686,0.18535199761390686,0.18535199761390686,0.18535199761390686,0.11287553608417511,0
2001-12-14,0.18535199761390686,0.18535199761390686,0.18535199761390686,0.18535199761390686,0.11287553608417511,0
2001-12-17,0.18535199761390686,0.18535199761390686,0.18535199761390686,0.18535199761390686,0.11287553608417511,0
2001-12-18,0.18535199761390686,0.18535199761390686,0.18535199761390686,0.18535199761390686,0.11287553608417511,0
2001-12-19,0.19221599400043488,0.19221599400043488,0.19221599400043488,0.19221599400043488,0.11705555021762848,27968
2001-12-20,0.19736500084400177,0.19736500084400177,0.19736500084400177,0.19736500084400177,0.12019117176532745,18645
2001-12-21,0.19736500084400177,0.19736500084400177,0.19736500084400177,0.19736500084400177,0.12019117176532745,0
2001-12-24,0.19736500084400177,0.19736500084400177,0.19736500084400177,0.19736500084400177,0.12019117176532745,0
2001-12-25,0.19736500084400177,0.19736500084400177,0.19736500084400177,0.19736500084400177,0.12019117176532745,0
2001-12-26,0.19736500084400177,0.19736500084400177,0.19736500084400177,0.19736500084400177,0.12019117176532745,0
2001-12-27,0.19736500084400177,0.19736500084400177,0.19736500084400177,0.19736500084400177,0.12019117176532745,0
2001-12-28,0.19736500084400177,0.19736500084400177,0.19736500084400177,0.19736500084400177,0.12019117176532745,0
2001-12-31,0.19736500084400177,0.20165599882602692,0.19736500084400177,0.19736500084400177,0.12019117176532745,0
2002-01-01,0.19736500084400177,0.19736500084400177,0.19736500084400177,0.19736500084400177,0.12019117176532745,0
2002-01-02,0.19736500084400177,0.19736500084400177,0.19736500084400177,0.19736500084400177,0.12019117176532745,0
2002-01-03,0.19736500084400177,0.19736500084400177,0.19736500084400177,0.19736500084400177,0.12019117176532745,0
2002-01-04,0.19736500084400177,0.19736500084400177,0.19736500084400177,0.19736500084400177,0.12019117176532745,0
2002-01-07,0.19736500084400177,0.19736500084400177,0.19736500084400177,0.19736500084400177,0.12019117176532745,0
2002-01-08,0.21452699601650238,0.21881799399852753,0.21452699601650238,0.21881799399852753,0.13325560092926025,30299
2002-01-09,0.21881799399852753,0.21881799399852753,0.21881799399852753,0.21881799399852753,0.13325560092926025,0
2002-01-10,0.21881799399852753,0.21881799399852753,0.21881799399852753,0.21881799399852753,0.13325560092926025,0
2002-01-11,0.21881799399852753,0.21881799399852753,0.21881799399852753,0.21881799399852753,0.13325560092926025,0
2002-01-14,0.21881799399852753,0.21881799399852753,0.21881799399852753,0.21881799399852753,0.13325560092926025,0
2002-01-15,0.21881799399852753,0.21881799399852753,0.21881799399852753,0.21881799399852753,0.13325560092926025,0
2002-01-16,0.21881799399852753,0.21881799399852753,0.21881799399852753,0.21881799399852753,0.13325560092926025,0
2002-01-17,0.21881799399852753,0.21881799399852753,0.21881799399852753,0.21881799399852753,0.13325560092926025,0
2002-01-18,0.21881799399852753,0.21881799399852753,0.21881799399852753,0.21881799399852753,0.13325560092926025,0
2002-01-21,0.22310799360275269,0.22310799360275269,0.22310799360275269,0.22310799360275269,0.1358681619167328,11653
2002-01-22,0.23169000446796417,0.23169000446796417,0.23169000446796417,0.23169000446796417,0.14109444618225098,18645
2002-01-23,0.23169000446796417,0.23169000446796417,0.23169000446796417,0.23169000446796417,0.14109444618225098,0
2002-01-24,0.23169000446796417,0.23169000446796417,0.23169000446796417,0.23169000446796417,0.14109444618225098,11653
2002-01-25,0.23169000446796417,0.23169000446796417,0.23169000446796417,0.23169000446796417,0.14109444618225098,0
2002-01-28,0.23169000446796417,0.23169000446796417,0.23169000446796417,0.23169000446796417,0.14109444618225098,0
2002-01-29,0.23169000446796417,0.23169000446796417,0.23169000446796417,0.23169000446796417,0.14109444618225098,0
2002-01-30,0.23169000446796417,0.23169000446796417,0.23169000446796417,0.23169000446796417,0.14109444618225098,0
2002-01-31,0.23169000446796417,0.23169000446796417,0.23169000446796417,0.23169000446796417,0.14109444618225098,0
2002-02-01,0.23169000446796417,0.23169000446796417,0.23169000446796417,0.23169000446796417,0.14109444618225098,0
2002-02-04,0.23169000446796417,0.23169000446796417,0.23169000446796417,0.23169000446796417,0.14109444618225098,0
2002-02-05,0.23169000446796417,0.23169000446796417,0.23169000446796417,0.23169000446796417,0.14109444618225098,0
2002-02-06,0.2745949923992157,0.2745949923992157,0.2745949923992157,0.2745949923992157,0.16722267866134644,11653
2002-02-07,0.3175010085105896,0.3175010085105896,0.3175010085105896,0.3175010085105896,0.19335153698921204,2330
2002-02-08,0.3389529883861542,0.3389529883861542,0.3389529883861542,0.3389529883861542,0.2064153552055359,2330
2002-02-11,0.3346630036830902,0.3346630036830902,0.3346630036830902,0.3346630036830902,0.20380285382270813,2330
2002-02-12,0.3346630036830902,0.3346630036830902,0.3346630036830902,0.3346630036830902,0.20380285382270813,0
2002-02-13,0.3346630036830902,0.3346630036830902,0.3346630036830902,0.3346630036830902,0.20380285382270813,0
2002-02-14,0.3346630036830902,0.3346630036830902,0.3346630036830902,0.3346630036830902,0.20380285382270813,0
2002-02-15,0.3175010085105896,0.3175010085105896,0.3175010085105896,0.3175010085105896,0.19335153698921204,139842
2002-02-18,0.3175010085105896,0.3175010085105896,0.3175010085105896,0.3175010085105896,0.19335153698921204,0
2002-02-19,0.3518249988555908,0.3518249988555908,0.3518249988555908,0.3518249988555908,0.21425415575504303,2330
2002-02-20,0.3175010085105896,0.3175010085105896,0.2660140097141266,0.3003380000591278,0.18289963901042938,412533
2002-02-21,0.2745949923992157,0.2745949923992157,0.2745949923992157,0.2745949923992157,0.16722267866134644,46614
2002-02-22,0.37756800651550293,0.37756800651550293,0.37756800651550293,0.37756800651550293,0.22993110120296478,2330
2002-02-25,0.37756800651550293,0.37756800651550293,0.37756800651550293,0.37756800651550293,0.22993110120296478,0
2002-02-26,0.37756800651550293,0.37756800651550293,0.37756800651550293,0.37756800651550293,0.22993110120296478,2330
2002-02-27,0.37756800651550293,0.37756800651550293,0.37756800651550293,0.37756800651550293,0.22993110120296478,0
2002-02-28,0.37756800651550293,0.37756800651550293,0.36898699402809143,0.37756800651550293,0.22993110120296478,118865
2002-03-01,0.36898699402809143,0.36898699402809143,0.3432439863681793,0.3432439863681793,0.20902851223945618,568690
2002-03-04,0.3432439863681793,0.3432439863681793,0.3432439863681793,0.3432439863681793,0.20902851223945618,0
2002-03-05,0.3432439863681793,0.3432439863681793,0.3432439863681793,0.3432439863681793,0.20902851223945618,0
2002-03-06,0.3432439863681793,0.3432439863681793,0.3432439863681793,0.3432439863681793,0.20902851223945618,0
2002-03-07,0.3432439863681793,0.3432439863681793,0.3432439863681793,0.3432439863681793,0.20902851223945618,0
2002-03-08,0.3432439863681793,0.3432439863681793,0.3432439863681793,0.3432439863681793,0.20902851223945618,0
2002-03-11,0.3432439863681793,0.3432439863681793,0.3432439863681793,0.3432439863681793,0.20902851223945618,0
2002-03-12,0.3432439863681793,0.3432439863681793,0.3432439863681793,0.3432439863681793,0.20902851223945618,0
2002-03-13,0.3432439863681793,0.3432439863681793,0.3432439863681793,0.3432439863681793,0.20902851223945618,0
2002-03-14,0.2574329972267151,0.2917569875717163,0.2574329972267151,0.2574329972267151,0.15677139163017273,0
2002-03-15,0.2574329972267151,0.2574329972267151,0.2574329972267151,0.2574329972267151,0.15677139163017273,0
2002-03-18,0.24885199964046478,0.2831760048866272,0.24885199964046478,0.24885199964046478,0.15154574811458588,0
2002-03-19,0.24885199964046478,0.24885199964046478,0.24885199964046478,0.24885199964046478,0.15154574811458588,0
2002-03-20,0.24885199964046478,0.24885199964046478,0.24885199964046478,0.24885199964046478,0.15154574811458588,0
2002-03-21,0.24885199964046478,0.24885199964046478,0.24885199964046478,0.24885199964046478,0.15154574811458588,0
2002-03-22,0.24885199964046478,0.24885199964046478,0.24885199964046478,0.24885199964046478,0.15154574811458588,0
2002-03-25,0.32179099321365356,0.3260819911956787,0.32179099321365356,0.32179099321365356,0.195964053273201,0
2002-03-26,0.32179099321365356,0.32179099321365356,0.32179099321365356,0.32179099321365356,0.195964053273201,0
2002-03-27,0.2660140097141266,0.29604798555374146,0.2660140097141266,0.2660140097141266,0.16199707984924316,0
2002-03-28,0.2574329972267151,0.2831760048866272,0.24027100205421448,0.24027100205421448,0.14632010459899902,116535
2002-03-29,0.24027100205421448,0.24027100205421448,0.24027100205421448,0.24027100205421448,0.14632010459899902,0
2002-04-01,0.24027100205421448,0.24027100205421448,0.24027100205421448,0.24027100205421448,0.14632010459899902,0
2002-04-02,0.24885199964046478,0.2745949923992157,0.24885199964046478,0.24885199964046478,0.15154574811458588,0
2002-04-03,0.24027100205421448,0.2745949923992157,0.24027100205421448,0.24027100205421448,0.14632010459899902,0
2002-04-04,0.24027100205421448,0.24027100205421448,0.24027100205421448,0.24027100205421448,0.14632010459899902,0
2002-04-05,0.24027100205421448,0.24027100205421448,0.24027100205421448,0.24027100205421448,0.14632010459899902,0
2002-04-08,0.2831760048866272,0.2831760048866272,0.2831760048866272,0.2831760048866272,0.1724483072757721,2330
2002-04-09,0.2831760048866272,0.2831760048866272,0.2831760048866272,0.2831760048866272,0.1724483072757721,0
2002-04-10,0.31321001052856445,0.3175010085105896,0.31321001052856445,0.31321001052856445,0.19073845446109772,0
2002-04-11,0.32179099321365356,0.3260819911956787,0.32179099321365356,0.32179099321365356,0.195964053273201,0
2002-04-12,0.32179099321365356,0.32179099321365356,0.32179099321365356,0.32179099321365356,0.195964053273201,0
2002-04-15,0.32179099321365356,0.32179099321365356,0.32179099321365356,0.32179099321365356,0.195964053273201,0
2002-04-16,0.32179099321365356,0.32179099321365356,0.32179099321365356,0.32179099321365356,0.195964053273201,0
2002-04-17,0.32179099321365356,0.32179099321365356,0.32179099321365356,0.32179099321365356,0.195964053273201,0
2002-04-18,0.32179099321365356,0.32179099321365356,0.32179099321365356,0.32179099321365356,0.195964053273201,0
2002-04-19,0.32179099321365356,0.32179099321365356,0.32179099321365356,0.32179099321365356,0.195964053273201,0
2002-04-22,0.32179099321365356,0.32179099321365356,0.32179099321365356,0.32179099321365356,0.195964053273201,0
2002-04-23,0.32179099321365356,0.32179099321365356,0.32179099321365356,0.32179099321365356,0.195964053273201,0
2002-04-24,0.32179099321365356,0.32179099321365356,0.32179099321365356,0.32179099321365356,0.195964053273201,0
2002-04-25,0.32179099321365356,0.32179099321365356,0.32179099321365356,0.32179099321365356,0.195964053273201,0
2002-04-26,0.32179099321365356,0.32179099321365356,0.32179099321365356,0.32179099321365356,0.195964053273201,0
2002-04-29,0.32179099321365356,0.32179099321365356,0.32179099321365356,0.32179099321365356,0.195964053273201,0
2002-04-30,0.32179099321365356,0.32179099321365356,0.32179099321365356,0.32179099321365356,0.195964053273201,0
2002-05-01,0.32179099321365356,0.32179099321365356,0.32179099321365356,0.32179099321365356,0.195964053273201,0
2002-05-02,0.2917569875717163,0.2917569875717163,0.2917569875717163,0.2917569875717163,0.17767393589019775,428848
2002-05-03,0.2917569875717163,0.2917569875717163,0.2917569875717163,0.2917569875717163,0.17767393589019775,0
2002-05-06,0.2917569875717163,0.3089199960231781,0.2917569875717163,0.3089199960231781,0.1881258636713028,513919
2002-05-07,0.31321001052856445,0.3175010085105896,0.31321001052856445,0.31321001052856445,0.19073845446109772,601320
2002-05-08,0.31321001052856445,0.31321001052856445,0.30462899804115295,0.30462899804115295,0.18551276624202728,372912
2002-05-09,0.30462899804115295,0.30462899804115295,0.30462899804115295,0.30462899804115295,0.18551276624202728,198109
2002-05-10,0.30462899804115295,0.3175010085105896,0.30462899804115295,0.3175010085105896,0.19335153698921204,351935
2002-05-13,0.3003380000591278,0.3003380000591278,0.2831760048866272,0.2831760048866272,0.1724483072757721,349605
2002-05-14,0.27888599038124084,0.3089199960231781,0.27888599038124084,0.27888599038124084,0.16983579099178314,0
2002-05-15,0.2831760048866272,0.3003380000591278,0.2831760048866272,0.2831760048866272,0.1724483072757721,0
2002-05-16,0.2831760048866272,0.2831760048866272,0.2831760048866272,0.2831760048866272,0.1724483072757721,39621
2002-05-17,0.2831760048866272,0.2831760048866272,0.2831760048866272,0.2831760048866272,0.1724483072757721,37291
2002-05-20,0.2831760048866272,0.2831760048866272,0.2831760048866272,0.2831760048866272,0.1724483072757721,0
2002-05-21,0.2831760048866272,0.2831760048866272,0.2831760048866272,0.2831760048866272,0.1724483072757721,0
2002-05-22,0.2745949923992157,0.3003380000591278,0.2745949923992157,0.2745949923992157,0.16722267866134644,116535
2002-05-23,0.2745949923992157,0.2745949923992157,0.2745949923992157,0.2745949923992157,0.16722267866134644,0
2002-05-24,0.2745949923992157,0.2745949923992157,0.2745949923992157,0.2745949923992157,0.16722267866134644,0
2002-05-27,0.2660140097141266,0.3089199960231781,0.2660140097141266,0.2660140097141266,0.16199707984924316,0
2002-05-28,0.2660140097141266,0.2660140097141266,0.2660140097141266,0.2660140097141266,0.16199707984924316,0
2002-05-29,0.2660140097141266,0.2660140097141266,0.2660140097141266,0.2660140097141266,0.16199707984924316,0
2002-05-30,0.2660140097141266,0.2660140097141266,0.2660140097141266,0.2660140097141266,0.16199707984924316,0
2002-05-31,0.2660140097141266,0.2831760048866272,0.2660140097141266,0.2660140097141266,0.16199707984924316,0
2002-06-03,0.2660140097141266,0.2660140097141266,0.2660140097141266,0.2660140097141266,0.16199707984924316,0
2002-06-04,0.2660140097141266,0.2660140097141266,0.2660140097141266,0.2660140097141266,0.16199707984924316,0
2002-06-05,0.2660140097141266,0.2660140097141266,0.2660140097141266,0.2660140097141266,0.16199707984924316,0
2002-06-06,0.2660140097141266,0.2660140097141266,0.2660140097141266,0.2660140097141266,0.16199707984924316,0
2002-06-07,0.2660140097141266,0.2660140097141266,0.2660140097141266,0.2660140097141266,0.16199707984924316,0
2002-06-10,0.2660140097141266,0.2660140097141266,0.2660140097141266,0.2660140097141266,0.16199707984924316,0
2002-06-11,0.2660140097141266,0.2660140097141266,0.2660140097141266,0.2660140097141266,0.16199707984924316,0
2002-06-12,0.2660140097141266,0.2660140097141266,0.2660140097141266,0.2660140097141266,0.16199707984924316,0
2002-06-13,0.2660140097141266,0.2660140097141266,0.2660140097141266,0.2660140097141266,0.16199707984924316,0
2002-06-14,0.2660140097141266,0.2660140097141266,0.2660140097141266,0.2660140097141266,0.16199707984924316,0
2002-06-17,0.2660140097141266,0.2660140097141266,0.2660140097141266,0.2660140097141266,0.16199707984924316,0
2002-06-18,0.2917569875717163,0.2917569875717163,0.2917569875717163,0.2917569875717163,0.17767393589019775,58267
2002-06-19,0.2745949923992157,0.3003380000591278,0.2745949923992157,0.3003380000591278,0.18289963901042938,58267
2002-06-20,0.3003380000591278,0.3003380000591278,0.3003380000591278,0.3003380000591278,0.18289963901042938,0
2002-06-21,0.3003380000591278,0.3003380000591278,0.3003380000591278,0.3003380000591278,0.18289963901042938,0
2002-06-24,0.3003380000591278,0.3003380000591278,0.3003380000591278,0.3003380000591278,0.18289963901042938,0
2002-06-25,0.3003380000591278,0.3003380000591278,0.3003380000591278,0.3003380000591278,0.18289963901042938,0
2002-06-26,0.3003380000591278,0.3003380000591278,0.3003380000591278,0.3003380000591278,0.18289963901042938,0
2002-06-27,0.3003380000591278,0.3003380000591278,0.3003380000591278,0.3003380000591278,0.18289963901042938,0
2002-06-28,0.3003380000591278,0.3003380000591278,0.3003380000591278,0.3003380000591278,0.18289963901042938,0
2002-07-01,0.3003380000591278,0.3003380000591278,0.3003380000591278,0.3003380000591278,0.18289963901042938,0
2002-07-02,0.3003380000591278,0.3003380000591278,0.3003380000591278,0.3003380000591278,0.18289963901042938,0
2002-07-03,0.3003380000591278,0.3003380000591278,0.3003380000591278,0.3003380000591278,0.18289963901042938,0
2002-07-04,0.3003380000591278,0.3003380000591278,0.3003380000591278,0.3003380000591278,0.18289963901042938,0
2002-07-05,0.3003380000591278,0.3003380000591278,0.3003380000591278,0.3003380000591278,0.18289963901042938,0
2002-07-08,0.3003380000591278,0.3003380000591278,0.3003380000591278,0.3003380000591278,0.18289963901042938,0
2002-07-09,0.3003380000591278,0.3003380000591278,0.3003380000591278,0.3003380000591278,0.18289963901042938,0
2002-07-10,0.3003380000591278,0.3003380000591278,0.3003380000591278,0.3003380000591278,0.18289963901042938,0
2002-07-11,0.3003380000591278,0.3003380000591278,0.3003380000591278,0.3003380000591278,0.18289963901042938,0
2002-07-12,0.3003380000591278,0.3003380000591278,0.3003380000591278,0.3003380000591278,0.18289963901042938,0
2002-07-15,0.3003380000591278,0.3003380000591278,0.3003380000591278,0.3003380000591278,0.18289963901042938,0
2002-07-16,0.3003380000591278,0.3003380000591278,0.3003380000591278,0.3003380000591278,0.18289963901042938,0
2002-07-17,0.3003380000591278,0.3003380000591278,0.3003380000591278,0.3003380000591278,0.18289963901042938,0
2002-07-18,0.3003380000591278,0.3003380000591278,0.3003380000591278,0.3003380000591278,0.18289963901042938,0
2002-07-19,0.3003380000591278,0.3003380000591278,0.3003380000591278,0.3003380000591278,0.18289963901042938,0
2002-07-22,0.3003380000591278,0.3003380000591278,0.3003380000591278,0.3003380000591278,0.18289963901042938,0
2002-07-23,0.3003380000591278,0.3003380000591278,0.3003380000591278,0.3003380000591278,0.18289963901042938,0
2002-07-24,0.3003380000591278,0.3003380000591278,0.3003380000591278,0.3003380000591278,0.18289963901042938,0
2002-07-25,0.3003380000591278,0.3003380000591278,0.3003380000591278,0.3003380000591278,0.18289963901042938,0
2002-07-26,0.3003380000591278,0.3003380000591278,0.3003380000591278,0.3003380000591278,0.18289963901042938,0
2002-07-29,0.3003380000591278,0.3003380000591278,0.3003380000591278,0.3003380000591278,0.18289963901042938,0
2002-07-30,0.24027100205421448,0.24027100205421448,0.24027100205421448,0.24027100205421448,0.14632010459899902,116535
2002-07-31,0.21452699601650238,0.24027100205421448,0.21452699601650238,0.24027100205421448,0.14632010459899902,9322
2002-08-01,0.24027100205421448,0.24027100205421448,0.24027100205421448,0.24027100205421448,0.14632010459899902,0
2002-08-02,0.24027100205421448,0.24027100205421448,0.24027100205421448,0.24027100205421448,0.14632010459899902,0
2002-08-05,0.24027100205421448,0.24027100205421448,0.24027100205421448,0.24027100205421448,0.14632010459899902,0
2002-08-06,0.24027100205421448,0.24027100205421448,0.24027100205421448,0.24027100205421448,0.14632010459899902,0
2002-08-07,0.24027100205421448,0.24027100205421448,0.24027100205421448,0.24027100205421448,0.14632010459899902,0
2002-08-08,0.24027100205421448,0.24027100205421448,0.24027100205421448,0.24027100205421448,0.14632010459899902,0
2002-08-09,0.24027100205421448,0.24027100205421448,0.24027100205421448,0.24027100205421448,0.14632010459899902,0
2002-08-12,0.24027100205421448,0.24027100205421448,0.24027100205421448,0.24027100205421448,0.14632010459899902,0
2002-08-13,0.22310799360275269,0.22310799360275269,0.22310799360275269,0.22310799360275269,0.1358681619167328,0
2002-08-14,0.22310799360275269,0.22310799360275269,0.22310799360275269,0.22310799360275269,0.1358681619167328,0
2002-08-15,0.22310799360275269,0.22310799360275269,0.22310799360275269,0.22310799360275269,0.1358681619167328,0
2002-08-16,0.22310799360275269,0.22310799360275269,0.22310799360275269,0.22310799360275269,0.1358681619167328,0
2002-08-19,0.22310799360275269,0.22310799360275269,0.22310799360275269,0.22310799360275269,0.1358681619167328,0
2002-08-20,0.22310799360275269,0.22310799360275269,0.22310799360275269,0.22310799360275269,0.1358681619167328,0
2002-08-21,0.22310799360275269,0.22310799360275269,0.22310799360275269,0.22310799360275269,0.1358681619167328,0
2002-08-22,0.22310799360275269,0.22310799360275269,0.22310799360275269,0.22310799360275269,0.1358681619167328,0
2002-08-23,0.22310799360275269,0.22310799360275269,0.22310799360275269,0.22310799360275269,0.1358681619167328,0
2002-08-26,0.22310799360275269,0.22310799360275269,0.22310799360275269,0.22310799360275269,0.1358681619167328,0
2002-08-27,0.22310799360275269,0.22310799360275269,0.22310799360275269,0.22310799360275269,0.1358681619167328,0
2002-08-28,0.22310799360275269,0.22310799360275269,0.22310799360275269,0.22310799360275269,0.1358681619167328,0
2002-08-29,0.22310799360275269,0.22310799360275269,0.22310799360275269,0.22310799360275269,0.1358681619167328,0
2002-08-30,0.22310799360275269,0.22310799360275269,0.22310799360275269,0.22310799360275269,0.1358681619167328,0
2002-09-02,0.22310799360275269,0.22310799360275269,0.22310799360275269,0.22310799360275269,0.1358681619167328,0
2002-09-03,0.22310799360275269,0.22310799360275269,0.22310799360275269,0.22310799360275269,0.1358681619167328,0
2002-09-04,0.20594599843025208,0.23169000446796417,0.20594599843025208,0.23169000446796417,0.14109444618225098,61763
2002-09-05,0.24027100205421448,0.24027100205421448,0.24027100205421448,0.24027100205421448,0.14632010459899902,0
2002-09-06,0.24027100205421448,0.24027100205421448,0.24027100205421448,0.24027100205421448,0.14632010459899902,0
2002-09-09,0.24027100205421448,0.24027100205421448,0.24027100205421448,0.24027100205421448,0.14632010459899902,0
2002-09-10,0.24027100205421448,0.24027100205421448,0.24027100205421448,0.24027100205421448,0.14632010459899902,0
2002-09-11,0.24027100205421448,0.24027100205421448,0.24027100205421448,0.24027100205421448,0.14632010459899902,0
2002-09-12,0.24027100205421448,0.24027100205421448,0.24027100205421448,0.24027100205421448,0.14632010459899902,0
2002-09-13,0.24027100205421448,0.24027100205421448,0.24027100205421448,0.24027100205421448,0.14632010459899902,0
2002-09-16,0.24027100205421448,0.24027100205421448,0.24027100205421448,0.24027100205421448,0.14632010459899902,0
2002-09-17,0.24027100205421448,0.24027100205421448,0.24027100205421448,0.24027100205421448,0.14632010459899902,0
2002-09-18,0.24027100205421448,0.24027100205421448,0.24027100205421448,0.24027100205421448,0.14632010459899902,0
2002-09-19,0.24027100205421448,0.24027100205421448,0.24027100205421448,0.24027100205421448,0.14632010459899902,0
2002-09-20,0.24027100205421448,0.24027100205421448,0.24027100205421448,0.24027100205421448,0.14632010459899902,0
2002-09-23,0.24027100205421448,0.24027100205421448,0.24027100205421448,0.24027100205421448,0.14632010459899902,0
2002-09-24,0.24027100205421448,0.24027100205421448,0.24027100205421448,0.24027100205421448,0.14632010459899902,0
2002-09-25,0.24027100205421448,0.24027100205421448,0.24027100205421448,0.24027100205421448,0.14632010459899902,0
2002-09-26,0.24027100205421448,0.2574329972267151,0.24027100205421448,0.2574329972267151,0.15677139163017273,12818
2002-09-27,0.2574329972267151,0.2574329972267151,0.2574329972267151,0.2574329972267151,0.15677139163017273,0
2002-09-30,0.2574329972267151,0.2574329972267151,0.2574329972267151,0.2574329972267151,0.15677139163017273,0
2002-10-01,0.2574329972267151,0.2574329972267151,0.2574329972267151,0.2574329972267151,0.15677139163017273,0
2002-10-02,0.2574329972267151,0.2574329972267151,0.2574329972267151,0.2574329972267151,0.15677139163017273,0
2002-10-03,0.2574329972267151,0.2574329972267151,0.2574329972267151,0.2574329972267151,0.15677139163017273,0
2002-10-04,0.2574329972267151,0.2574329972267151,0.2574329972267151,0.2574329972267151,0.15677139163017273,0
2002-10-07,0.24027100205421448,0.24027100205421448,0.24027100205421448,0.24027100205421448,0.14632010459899902,0
2002-10-08,0.24027100205421448,0.24027100205421448,0.24027100205421448,0.24027100205421448,0.14632010459899902,58267
2002-10-09,0.24027100205421448,0.24027100205421448,0.24027100205421448,0.24027100205421448,0.14632010459899902,0
2002-10-10,0.24027100205421448,0.24027100205421448,0.24027100205421448,0.24027100205421448,0.14632010459899902,0
2002-10-11,0.24027100205421448,0.24027100205421448,0.24027100205421448,0.24027100205421448,0.14632010459899902,0
2002-10-14,0.24027100205421448,0.24027100205421448,0.24027100205421448,0.24027100205421448,0.14632010459899902,0
2002-10-15,0.24027100205421448,0.24027100205421448,0.24027100205421448,0.24027100205421448,0.14632010459899902,0
2002-10-16,0.24027100205421448,0.24027100205421448,0.24027100205421448,0.24027100205421448,0.14632010459899902,0
2002-10-17,0.24027100205421448,0.24027100205421448,0.24027100205421448,0.24027100205421448,0.14632010459899902,0
2002-10-18,0.24027100205421448,0.24027100205421448,0.24027100205421448,0.24027100205421448,0.14632010459899902,0
2002-10-21,0.24027100205421448,0.24027100205421448,0.24027100205421448,0.24027100205421448,0.14632010459899902,0
2002-10-22,0.24027100205421448,0.24027100205421448,0.24027100205421448,0.24027100205421448,0.14632010459899902,0
2002-10-23,0.24027100205421448,0.24027100205421448,0.24027100205421448,0.24027100205421448,0.14632010459899902,0
2002-10-24,0.24027100205421448,0.24027100205421448,0.24027100205421448,0.24027100205421448,0.14632010459899902,0
2002-10-25,0.24027100205421448,0.24027100205421448,0.24027100205421448,0.24027100205421448,0.14632010459899902,0
2002-10-28,0.24027100205421448,0.24027100205421448,0.24027100205421448,0.24027100205421448,0.14632010459899902,0
2002-10-29,0.24027100205421448,0.24027100205421448,0.24027100205421448,0.24027100205421448,0.14632010459899902,0
2002-10-30,0.24027100205421448,0.24027100205421448,0.24027100205421448,0.24027100205421448,0.14632010459899902,0
2002-10-31,0.24027100205421448,0.2574329972267151,0.24027100205421448,0.24027100205421448,0.14632010459899902,0
2002-11-01,0.24027100205421448,0.24027100205421448,0.24027100205421448,0.24027100205421448,0.14632010459899902,0
2002-11-04,0.24027100205421448,0.24027100205421448,0.24027100205421448,0.24027100205421448,0.14632010459899902,0
2002-11-05,0.24027100205421448,0.24027100205421448,0.24027100205421448,0.24027100205421448,0.14632010459899902,0
2002-11-06,0.24027100205421448,0.24027100205421448,0.24027100205421448,0.24027100205421448,0.14632010459899902,0
2002-11-07,0.24027100205421448,0.24027100205421448,0.24027100205421448,0.24027100205421448,0.14632010459899902,0
2002-11-08,0.24027100205421448,0.24027100205421448,0.24027100205421448,0.24027100205421448,0.14632010459899902,0
2002-11-11,0.24027100205421448,0.24027100205421448,0.24027100205421448,0.24027100205421448,0.14632010459899902,0
2002-11-12,0.24027100205421448,0.24027100205421448,0.24027100205421448,0.24027100205421448,0.14632010459899902,0
2002-11-13,0.24027100205421448,0.24027100205421448,0.24027100205421448,0.24027100205421448,0.14632010459899902,0
2002-11-14,0.24027100205421448,0.24027100205421448,0.24027100205421448,0.24027100205421448,0.14632010459899902,0
2002-11-15,0.24027100205421448,0.24027100205421448,0.24027100205421448,0.24027100205421448,0.14632010459899902,0
2002-11-18,0.24027100205421448,0.24027100205421448,0.24027100205421448,0.24027100205421448,0.14632010459899902,0
2002-11-19,0.24027100205421448,0.24027100205421448,0.24027100205421448,0.24027100205421448,0.14632010459899902,0
2002-11-20,0.24027100205421448,0.24027100205421448,0.24027100205421448,0.24027100205421448,0.14632010459899902,0
2002-11-21,0.24027100205421448,0.24027100205421448,0.24027100205421448,0.24027100205421448,0.14632010459899902,0
2002-11-22,0.24027100205421448,0.24027100205421448,0.24027100205421448,0.24027100205421448,0.14632010459899902,0
2002-11-25,0.24027100205421448,0.24027100205421448,0.24027100205421448,0.24027100205421448,0.14632010459899902,0
2002-11-26,0.24027100205421448,0.24027100205421448,0.24027100205421448,0.24027100205421448,0.14632010459899902,0
2002-11-27,0.24027100205421448,0.24027100205421448,0.24027100205421448,0.24027100205421448,0.14632010459899902,0
2002-11-28,0.24027100205421448,0.24027100205421448,0.24027100205421448,0.24027100205421448,0.14632010459899902,0
2002-11-29,0.24027100205421448,0.24027100205421448,0.24027100205421448,0.24027100205421448,0.14632010459899902,0
2002-12-02,0.24027100205421448,0.24027100205421448,0.24027100205421448,0.24027100205421448,0.14632010459899902,0
2002-12-03,0.24027100205421448,0.24027100205421448,0.24027100205421448,0.24027100205421448,0.14632010459899902,0
2002-12-04,0.24027100205421448,0.24027100205421448,0.24027100205421448,0.24027100205421448,0.14632010459899902,0
2002-12-05,0.24027100205421448,0.24027100205421448,0.24027100205421448,0.24027100205421448,0.14632010459899902,0
2002-12-06,0.24027100205421448,0.24027100205421448,0.24027100205421448,0.24027100205421448,0.14632010459899902,0
2002-12-09,0.21881799399852753,0.24027100205421448,0.21881799399852753,0.24027100205421448,0.14632010459899902,69921
2002-12-10,0.24027100205421448,0.24027100205421448,0.24027100205421448,0.24027100205421448,0.14632010459899902,0
2002-12-11,0.24027100205421448,0.24027100205421448,0.24027100205421448,0.24027100205421448,0.14632010459899902,0
2002-12-12,0.24027100205421448,0.24027100205421448,0.24027100205421448,0.24027100205421448,0.14632010459899902,0
2002-12-13,0.2574329972267151,0.2574329972267151,0.24885199964046478,0.2574329972267151,0.15677139163017273,65259
2002-12-16,0.2831760048866272,0.2831760048866272,0.2831760048866272,0.2831760048866272,0.1724483072757721,2330
2002-12-17,0.2831760048866272,0.2831760048866272,0.2831760048866272,0.2831760048866272,0.1724483072757721,0
2002-12-18,0.2831760048866272,0.2831760048866272,0.2831760048866272,0.2831760048866272,0.1724483072757721,0
2002-12-19,0.2831760048866272,0.2831760048866272,0.2831760048866272,0.2831760048866272,0.1724483072757721,0
2002-12-20,0.2831760048866272,0.2831760048866272,0.2831760048866272,0.2831760048866272,0.1724483072757721,0
2002-12-23,0.2831760048866272,0.2831760048866272,0.2831760048866272,0.2831760048866272,0.1724483072757721,0
2002-12-24,0.2831760048866272,0.2831760048866272,0.2831760048866272,0.2831760048866272,0.1724483072757721,0
2002-12-25,0.2831760048866272,0.2831760048866272,0.2831760048866272,0.2831760048866272,0.1724483072757721,0
2002-12-26,0.2831760048866272,0.2831760048866272,0.2831760048866272,0.2831760048866272,0.1724483072757721,0
2002-12-27,0.2831760048866272,0.2831760048866272,0.2831760048866272,0.2831760048866272,0.1724483072757721,0
2002-12-30,0.2831760048866272,0.2831760048866272,0.2831760048866272,0.2831760048866272,0.1724483072757721,0
2002-12-31,0.2831760048866272,0.2831760048866272,0.2831760048866272,0.2831760048866272,0.1724483072757721,0
2003-01-01,0.2831760048866272,0.2831760048866272,0.2831760048866272,0.2831760048866272,0.1724483072757721,0
2003-01-02,0.2831760048866272,0.2831760048866272,0.2831760048866272,0.2831760048866272,0.1724483072757721,0
2003-01-03,0.2831760048866272,0.2831760048866272,0.2831760048866272,0.2831760048866272,0.1724483072757721,0
2003-01-06,0.2574329972267151,0.2574329972267151,0.2574329972267151,0.2574329972267151,0.15677139163017273,0
2003-01-07,0.2574329972267151,0.2574329972267151,0.2574329972267151,0.2574329972267151,0.15677139163017273,0
2003-01-08,0.2574329972267151,0.2574329972267151,0.2574329972267151,0.2574329972267151,0.15677139163017273,0
2003-01-09,0.2574329972267151,0.2574329972267151,0.2574329972267151,0.2574329972267151,0.15677139163017273,0
2003-01-10,0.2574329972267151,0.2574329972267151,0.2574329972267151,0.2574329972267151,0.15677139163017273,0
2003-01-13,0.24885199964046478,0.2745949923992157,0.24885199964046478,0.2745949923992157,0.16722267866134644,23307
2003-01-14,0.2660140097141266,0.2745949923992157,0.2660140097141266,0.2745949923992157,0.16722267866134644,9322
2003-01-15,0.2574329972267151,0.2574329972267151,0.24885199964046478,0.2574329972267151,0.15677139163017273,48944
2003-01-16,0.2574329972267151,0.2574329972267151,0.24027100205421448,0.2574329972267151,0.15677139163017273,34960
2003-01-17,0.24885199964046478,0.24885199964046478,0.24027100205421448,0.24885199964046478,0.15154574811458588,20976
2003-01-20,0.24885199964046478,0.24885199964046478,0.24885199964046478,0.24885199964046478,0.15154574811458588,0
2003-01-21,0.24885199964046478,0.24885199964046478,0.24885199964046478,0.24885199964046478,0.15154574811458588,0
2003-01-22,0.24885199964046478,0.24885199964046478,0.24885199964046478,0.24885199964046478,0.15154574811458588,0
2003-01-23,0.24885199964046478,0.24885199964046478,0.24885199964046478,0.24885199964046478,0.15154574811458588,0
2003-01-24,0.21452699601650238,0.2831760048866272,0.21452699601650238,0.21452699601650238,0.13064250349998474,0
2003-01-27,0.24885199964046478,0.24885199964046478,0.24885199964046478,0.24885199964046478,0.15154574811458588,0
2003-01-28,0.2574329972267151,0.2574329972267151,0.2574329972267151,0.2574329972267151,0.15677139163017273,11653
2003-01-29,0.2660140097141266,0.2660140097141266,0.2660140097141266,0.2660140097141266,0.16199707984924316,4661
2003-01-30,0.2660140097141266,0.2660140097141266,0.2660140097141266,0.2660140097141266,0.16199707984924316,0
2003-01-31,0.2660140097141266,0.2660140097141266,0.2660140097141266,0.2660140097141266,0.16199707984924316,0
2003-02-03,0.2660140097141266,0.2660140097141266,0.2660140097141266,0.2660140097141266,0.16199707984924316,0
2003-02-04,0.2660140097141266,0.2660140097141266,0.2660140097141266,0.2660140097141266,0.16199707984924316,0
2003-02-05,0.2660140097141266,0.2660140097141266,0.2660140097141266,0.2660140097141266,0.16199707984924316,0
2003-02-06,0.2660140097141266,0.2660140097141266,0.2660140097141266,0.2660140097141266,0.16199707984924316,0
2003-02-07,0.2660140097141266,0.2660140097141266,0.2660140097141266,0.2660140097141266,0.16199707984924316,0
2003-02-10,0.2660140097141266,0.2660140097141266,0.2660140097141266,0.2660140097141266,0.16199707984924316,0
2003-02-11,0.2660140097141266,0.2660140097141266,0.2660140097141266,0.2660140097141266,0.16199707984924316,0
2003-02-12,0.2660140097141266,0.2660140097141266,0.2660140097141266,0.2660140097141266,0.16199707984924316,0
2003-02-13,0.2660140097141266,0.2660140097141266,0.2660140097141266,0.2660140097141266,0.16199707984924316,0
2003-02-14,0.2660140097141266,0.2660140097141266,0.2660140097141266,0.2660140097141266,0.16199707984924316,0
2003-02-17,0.2660140097141266,0.2660140097141266,0.2660140097141266,0.2660140097141266,0.16199707984924316,0
2003-02-18,0.2660140097141266,0.2660140097141266,0.2660140097141266,0.2660140097141266,0.16199707984924316,0
2003-02-19,0.2660140097141266,0.2660140097141266,0.2660140097141266,0.2660140097141266,0.16199707984924316,0
2003-02-20,0.2660140097141266,0.2660140097141266,0.2660140097141266,0.2660140097141266,0.16199707984924316,0
2003-02-21,0.2660140097141266,0.2660140097141266,0.2660140097141266,0.2660140097141266,0.16199707984924316,0
2003-02-24,0.2660140097141266,0.2660140097141266,0.2660140097141266,0.2660140097141266,0.16199707984924316,0
2003-02-25,0.2574329972267151,0.2745949923992157,0.2574329972267151,0.2574329972267151,0.15677139163017273,0
2003-02-26,0.2660140097141266,0.2660140097141266,0.2660140097141266,0.2660140097141266,0.16199707984924316,0
2003-02-27,0.2660140097141266,0.2660140097141266,0.2660140097141266,0.2660140097141266,0.16199707984924316,0
2003-02-28,0.2660140097141266,0.2660140097141266,0.2660140097141266,0.2660140097141266,0.16199707984924316,0
2003-03-03,0.2660140097141266,0.2660140097141266,0.2660140097141266,0.2660140097141266,0.16199707984924316,0
2003-03-04,0.2660140097141266,0.2660140097141266,0.2660140097141266,0.2660140097141266,0.16199707984924316,0
2003-03-05,0.2660140097141266,0.2660140097141266,0.2660140097141266,0.2660140097141266,0.16199707984924316,0
2003-03-06,0.2660140097141266,0.2660140097141266,0.2660140097141266,0.2660140097141266,0.16199707984924316,0
2003-03-07,0.2660140097141266,0.2660140097141266,0.2660140097141266,0.2660140097141266,0.16199707984924316,0
2003-03-10,0.2660140097141266,0.2660140097141266,0.2660140097141266,0.2660140097141266,0.16199707984924316,0
2003-03-11,0.2660140097141266,0.2660140097141266,0.2660140097141266,0.2660140097141266,0.16199707984924316,0
2003-03-12,0.2660140097141266,0.2660140097141266,0.2660140097141266,0.2660140097141266,0.16199707984924316,0
2003-03-13,0.2660140097141266,0.2660140097141266,0.2660140097141266,0.2660140097141266,0.16199707984924316,0
2003-03-14,0.2660140097141266,0.2660140097141266,0.2660140097141266,0.2660140097141266,0.16199707984924316,0
2003-03-17,0.2660140097141266,0.2660140097141266,0.2660140097141266,0.2660140097141266,0.16199707984924316,0
2003-03-18,0.2574329972267151,0.2574329972267151,0.2574329972267151,0.2574329972267151,0.15677139163017273,0
2003-03-19,0.2574329972267151,0.2574329972267151,0.2574329972267151,0.2574329972267151,0.15677139163017273,0
2003-03-20,0.2574329972267151,0.2574329972267151,0.2574329972267151,0.2574329972267151,0.15677139163017273,0
2003-03-21,0.2574329972267151,0.2574329972267151,0.2574329972267151,0.2574329972267151,0.15677139163017273,0
2003-03-24,0.21452699601650238,0.21452699601650238,0.21452699601650238,0.21452699601650238,0.13064250349998474,110708
2003-03-25,0.21452699601650238,0.21452699601650238,0.21452699601650238,0.21452699601650238,0.13064250349998474,0
2003-03-26,0.21452699601650238,0.21452699601650238,0.21452699601650238,0.21452699601650238,0.13064250349998474,0
2003-03-27,0.21452699601650238,0.21452699601650238,0.21452699601650238,0.21452699601650238,0.13064250349998474,0
2003-03-28,0.21452699601650238,0.21452699601650238,0.21452699601650238,0.21452699601650238,0.13064250349998474,0
2003-03-31,0.21452699601650238,0.21452699601650238,0.21452699601650238,0.21452699601650238,0.13064250349998474,0
2003-04-01,0.21452699601650238,0.21452699601650238,0.21452699601650238,0.21452699601650238,0.13064250349998474,0
2003-04-02,0.21452699601650238,0.21452699601650238,0.21452699601650238,0.21452699601650238,0.13064250349998474,0
2003-04-03,0.21452699601650238,0.21452699601650238,0.21452699601650238,0.21452699601650238,0.13064250349998474,0
2003-04-04,0.21452699601650238,0.21452699601650238,0.21452699601650238,0.21452699601650238,0.13064250349998474,0
2003-04-07,0.21452699601650238,0.21452699601650238,0.21452699601650238,0.21452699601650238,0.13064250349998474,0
2003-04-08,0.21452699601650238,0.21452699601650238,0.21452699601650238,0.21452699601650238,0.13064250349998474,0
2003-04-09,0.21452699601650238,0.21452699601650238,0.21452699601650238,0.21452699601650238,0.13064250349998474,0
2003-04-10,0.21452699601650238,0.21452699601650238,0.21452699601650238,0.21452699601650238,0.13064250349998474,0
2003-04-11,0.21452699601650238,0.21452699601650238,0.21452699601650238,0.21452699601650238,0.13064250349998474,0
2003-04-14,0.21452699601650238,0.21452699601650238,0.21452699601650238,0.21452699601650238,0.13064250349998474,0
2003-04-15,0.21452699601650238,0.21452699601650238,0.21452699601650238,0.21452699601650238,0.13064250349998474,0
2003-04-16,0.21452699601650238,0.21452699601650238,0.21452699601650238,0.21452699601650238,0.13064250349998474,0
2003-04-17,0.21452699601650238,0.21452699601650238,0.21452699601650238,0.21452699601650238,0.13064250349998474,0
2003-04-18,0.21452699601650238,0.21452699601650238,0.21452699601650238,0.21452699601650238,0.13064250349998474,0
2003-04-21,0.21452699601650238,0.21452699601650238,0.21452699601650238,0.21452699601650238,0.13064250349998474,0
2003-04-22,0.21452699601650238,0.21452699601650238,0.21452699601650238,0.21452699601650238,0.13064250349998474,0
2003-04-23,0.21452699601650238,0.21452699601650238,0.21452699601650238,0.21452699601650238,0.13064250349998474,0
2003-04-24,0.21452699601650238,0.21452699601650238,0.21452699601650238,0.21452699601650238,0.13064250349998474,0
2003-04-25,0.21452699601650238,0.21452699601650238,0.21452699601650238,0.21452699601650238,0.13064250349998474,0
2003-04-28,0.21452699601650238,0.21452699601650238,0.21452699601650238,0.21452699601650238,0.13064250349998474,0
2003-04-29,0.21452699601650238,0.21452699601650238,0.21452699601650238,0.21452699601650238,0.13064250349998474,0
2003-04-30,0.21452699601650238,0.21452699601650238,0.21452699601650238,0.21452699601650238,0.13064250349998474,0
2003-05-01,0.21452699601650238,0.21452699601650238,0.21452699601650238,0.21452699601650238,0.13064250349998474,0
2003-05-02,0.21452699601650238,0.21452699601650238,0.21452699601650238,0.21452699601650238,0.13064250349998474,0
2003-05-05,0.21452699601650238,0.21452699601650238,0.21452699601650238,0.21452699601650238,0.13064250349998474,0
2003-05-06,0.21452699601650238,0.21452699601650238,0.21452699601650238,0.21452699601650238,0.13064250349998474,0
2003-05-07,0.21452699601650238,0.21452699601650238,0.21452699601650238,0.21452699601650238,0.13064250349998474,34960
2003-05-08,0.21452699601650238,0.21452699601650238,0.21452699601650238,0.21452699601650238,0.13064250349998474,0
2003-05-09,0.21452699601650238,0.21452699601650238,0.21452699601650238,0.21452699601650238,0.13064250349998474,0
2003-05-12,0.21452699601650238,0.21452699601650238,0.21452699601650238,0.21452699601650238,0.13064250349998474,0
2003-05-13,0.21452699601650238,0.21452699601650238,0.21452699601650238,0.21452699601650238,0.13064250349998474,0
2003-05-14,0.21452699601650238,0.21452699601650238,0.21452699601650238,0.21452699601650238,0.13064250349998474,0
2003-05-15,0.21452699601650238,0.21452699601650238,0.21452699601650238,0.21452699601650238,0.13064250349998474,0
2003-05-16,0.21452699601650238,0.21452699601650238,0.21452699601650238,0.21452699601650238,0.13064250349998474,0
2003-05-19,0.21452699601650238,0.21452699601650238,0.21452699601650238,0.21452699601650238,0.13064250349998474,0
2003-05-20,0.21452699601650238,0.21452699601650238,0.21452699601650238,0.21452699601650238,0.13064250349998474,0
2003-05-21,0.21452699601650238,0.21452699601650238,0.21452699601650238,0.21452699601650238,0.13064250349998474,0
2003-05-22,0.21452699601650238,0.21452699601650238,0.21452699601650238,0.21452699601650238,0.13064250349998474,0
2003-05-23,0.24027100205421448,0.24027100205421448,0.24027100205421448,0.24027100205421448,0.14632010459899902,23307
2003-05-26,0.24027100205421448,0.24027100205421448,0.24027100205421448,0.24027100205421448,0.14632010459899902,34960
2003-05-27,0.24027100205421448,0.24027100205421448,0.24027100205421448,0.24027100205421448,0.14632010459899902,0
2003-05-28,0.21452699601650238,0.2574329972267151,0.21452699601650238,0.21452699601650238,0.13064250349998474,0
2003-05-29,0.21452699601650238,0.21452699601650238,0.21452699601650238,0.21452699601650238,0.13064250349998474,18645
2003-05-30,0.21452699601650238,0.21452699601650238,0.21452699601650238,0.21452699601650238,0.13064250349998474,151495
2003-06-02,0.21452699601650238,0.21452699601650238,0.21452699601650238,0.21452699601650238,0.13064250349998474,58267
2003-06-03,0.22310799360275269,0.22310799360275269,0.22310799360275269,0.22310799360275269,0.1358681619167328,0
2003-06-04,0.21452699601650238,0.21452699601650238,0.21452699601650238,0.21452699601650238,0.13064250349998474,0
2003-06-05,0.23169000446796417,0.23169000446796417,0.23169000446796417,0.23169000446796417,0.14109444618225098,0
2003-06-06,0.23169000446796417,0.24885199964046478,0.23169000446796417,0.23169000446796417,0.14109444618225098,0
2003-06-09,0.24885199964046478,0.24885199964046478,0.24027100205421448,0.24027100205421448,0.14632010459899902,139842
2003-06-10,0.24885199964046478,0.24885199964046478,0.24885199964046478,0.24885199964046478,0.15154574811458588,0
2003-06-11,0.24885199964046478,0.24885199964046478,0.24885199964046478,0.24885199964046478,0.15154574811458588,0
2003-06-12,0.23169000446796417,0.2660140097141266,0.23169000446796417,0.23169000446796417,0.14109444618225098,0
2003-06-13,0.24885199964046478,0.24885199964046478,0.24885199964046478,0.24885199964046478,0.15154574811458588,0
2003-06-16,0.2574329972267151,0.2574329972267151,0.2574329972267151,0.2574329972267151,0.15677139163017273,34960
2003-06-17,0.23169000446796417,0.2660140097141266,0.23169000446796417,0.2660140097141266,0.16199707984924316,163149
2003-06-18,0.23598000407218933,0.2745949923992157,0.23598000407218933,0.23598000407218933,0.14370696246623993,0
2003-06-19,0.2660140097141266,0.2660140097141266,0.2660140097141266,0.2660140097141266,0.16199707984924316,0
2003-06-20,0.2660140097141266,0.2660140097141266,0.2660140097141266,0.2660140097141266,0.16199707984924316,0
2003-06-23,0.23169000446796417,0.2745949923992157,0.23169000446796417,0.23169000446796417,0.14109444618225098,0
2003-06-24,0.2660140097141266,0.2660140097141266,0.2660140097141266,0.2660140097141266,0.16199707984924316,0
2003-06-25,0.2660140097141266,0.2660140097141266,0.2660140097141266,0.2660140097141266,0.16199707984924316,0
2003-06-26,0.2660140097141266,0.2660140097141266,0.2660140097141266,0.2660140097141266,0.16199707984924316,0
2003-06-27,0.2660140097141266,0.2660140097141266,0.2660140097141266,0.2660140097141266,0.16199707984924316,0
2003-06-30,0.2660140097141266,0.2660140097141266,0.2660140097141266,0.2660140097141266,0.16199707984924316,0
2003-07-01,0.23169000446796417,0.23169000446796417,0.23169000446796417,0.23169000446796417,0.14109444618225098,0
2003-07-02,0.2660140097141266,0.2660140097141266,0.2660140097141266,0.2660140097141266,0.16199707984924316,0
2003-07-03,0.2660140097141266,0.2660140097141266,0.2660140097141266,0.2660140097141266,0.16199707984924316,0
2003-07-04,0.17162199318408966,0.2660140097141266,0.17162199318408966,0.17162199318408966,0.10451425611972809,0
2003-07-07,0.2660140097141266,0.2660140097141266,0.2660140097141266,0.2660140097141266,0.16199707984924316,0
2003-07-08,0.17162199318408966,0.3003380000591278,0.17162199318408966,0.17162199318408966,0.10451425611972809,0
2003-07-09,0.2660140097141266,0.2660140097141266,0.2660140097141266,0.2660140097141266,0.16199707984924316,0
2003-07-10,0.21452699601650238,0.3089199960231781,0.21452699601650238,0.21452699601650238,0.13064250349998474,0
2003-07-11,0.2660140097141266,0.2660140097141266,0.2660140097141266,0.2660140097141266,0.16199707984924316,0
2003-07-14,0.2660140097141266,0.2660140097141266,0.2660140097141266,0.2660140097141266,0.16199707984924316,0
2003-07-15,0.2660140097141266,0.2660140097141266,0.2660140097141266,0.2660140097141266,0.16199707984924316,0
2003-07-16,0.21452699601650238,0.21452699601650238,0.21452699601650238,0.21452699601650238,0.13064250349998474,34960
2003-07-17,0.2574329972267151,0.2574329972267151,0.2574329972267151,0.2574329972267151,0.15677139163017273,48944
2003-07-18,0.2660140097141266,0.2660140097141266,0.2660140097141266,0.2660140097141266,0.16199707984924316,93228
2003-07-21,0.23169000446796417,0.2660140097141266,0.21452699601650238,0.21452699601650238,0.13064250349998474,149164
2003-07-22,0.24885199964046478,0.24885199964046478,0.24885199964046478,0.24885199964046478,0.15154574811458588,93228
2003-07-23,0.24885199964046478,0.24885199964046478,0.24885199964046478,0.24885199964046478,0.15154574811458588,0
2003-07-24,0.23169000446796417,0.26172301173210144,0.23169000446796417,0.23169000446796417,0.14109444618225098,0
2003-07-25,0.24885199964046478,0.24885199964046478,0.24885199964046478,0.24885199964046478,0.15154574811458588,0
2003-07-28,0.24027100205421448,0.2574329972267151,0.24027100205421448,0.2574329972267151,0.15677139163017273,128188
2003-07-29,0.2745949923992157,0.2745949923992157,0.2745949923992157,0.2745949923992157,0.16722267866134644,116535
2003-07-30,0.2745949923992157,0.2917569875717163,0.2745949923992157,0.2917569875717163,0.17767393589019775,293668
2003-07-31,0.3089199960231781,0.3260819911956787,0.30462899804115295,0.32179099321365356,0.195964053273201,733005
2003-08-01,0.28746700286865234,0.3175010085105896,0.28746700286865234,0.28746700286865234,0.1750614494085312,0
2003-08-04,0.2917569875717163,0.3260819911956787,0.2917569875717163,0.2917569875717163,0.17767393589019775,0
2003-08-05,0.3175010085105896,0.3175010085105896,0.3175010085105896,0.3175010085105896,0.19335153698921204,0
2003-08-06,0.3175010085105896,0.3175010085105896,0.3175010085105896,0.3175010085105896,0.19335153698921204,0
2003-08-07,0.3175010085105896,0.3175010085105896,0.3175010085105896,0.3175010085105896,0.19335153698921204,0
2003-08-08,0.3175010085105896,0.3260819911956787,0.3175010085105896,0.3260819911956787,0.19857722520828247,174802
2003-08-11,0.3346630036830902,0.41189301013946533,0.3346630036830902,0.41189301013946533,0.25083428621292114,6253269
2003-08-12,0.42905500531196594,0.46338000893592834,0.3861500024795532,0.41189301013946533,0.25083428621292114,4849022
2003-08-13,0.42905500531196594,0.42905500531196594,0.3861500024795532,0.3861500024795532,0.23515747487545013,1284215
2003-08-14,0.3432439863681793,0.3518249988555908,0.3175010085105896,0.3518249988555908,0.21425415575504303,1060468
2003-08-15,0.37756800651550293,0.37756800651550293,0.37756800651550293,0.37756800651550293,0.22993110120296478,1087271
2003-08-18,0.3861500024795532,0.39473098516464233,0.3432439863681793,0.3732779920101166,0.22731861472129822,1542923
2003-08-19,0.3432439863681793,0.3518249988555908,0.3346630036830902,0.3346630036830902,0.20380285382270813,326298
2003-08-20,0.3389529883861542,0.3432439863681793,0.3389529883861542,0.3432439863681793,0.20902851223945618,258707
2003-08-21,0.36898699402809143,0.36898699402809143,0.36898699402809143,0.36898699402809143,0.22470544278621674,610643
2003-08-22,0.36898699402809143,0.3818590044975281,0.36898699402809143,0.3818590044975281,0.23254428803920746,468470
2003-08-25,0.3861500024795532,0.39473098516464233,0.3861500024795532,0.3861500024795532,0.23515747487545013,825067
2003-08-26,0.39473098516464233,0.41189301013946533,0.39473098516464233,0.40331199765205383,0.24560868740081787,524407
2003-08-27,0.3732779920101166,0.37756800651550293,0.36898699402809143,0.37756800651550293,0.22993110120296478,377573
2003-08-28,0.36898699402809143,0.36898699402809143,0.3432439863681793,0.3432439863681793,0.20902851223945618,442833
2003-08-29,0.36898699402809143,0.39473098516464233,0.36898699402809143,0.39473098516464233,0.24038292467594147,1165350
2003-09-01,0.41189301013946533,0.46338000893592834,0.41189301013946533,0.45479801297187805,0.276962548494339,3412145
2003-09-02,0.47196099162101746,0.6950700283050537,0.45479801297187805,0.6950700283050537,0.42328324913978577,18006991
2003-09-03,0.7465559840202332,1.0211520195007324,0.7465559840202332,0.9610840082168579,0.5852804183959961,42722320
2003-09-04,0.9610840082168579,0.98682701587677,0.7808809876441956,0.8152049779891968,0.49644288420677185,24163536
2003-09-05,0.8237860202789307,0.8323670029640198,0.737975001335144,0.737975001335144,0.4494116008281708,9389809
2003-09-08,0.6693260073661804,0.8066239953041077,0.6693260073661804,0.7637180089950562,0.4650885760784149,11977469
2003-09-09,0.7723000049591064,0.7808809876441956,0.6693260073661804,0.6864879727363586,0.41805702447891235,4357244
2003-09-10,0.6693260073661804,0.6693260073661804,0.5835149884223938,0.6092579960823059,0.37102553248405457,7052699
2003-09-11,0.6264209747314453,0.720812976360321,0.6264209747314453,0.720812976360321,0.4389601945877075,11892398
2003-09-12,0.720812976360321,0.720812976360321,0.720812976360321,0.720812976360321,0.4389601945877075,0
2003-09-15,0.7293940186500549,0.7894619703292847,0.7293940186500549,0.7723000049591064,0.47031494975090027,11067330
2003-09-16,0.7293940186500549,0.755137026309967,0.6864879727363586,0.7465559840202332,0.45463722944259644,5887349
2003-09-17,0.7894619703292847,0.7894619703292847,0.7122319936752319,0.7293940186500549,0.44418594241142273,2987957
2003-09-18,0.720812976360321,0.7465559840202332,0.6864879727363586,0.7293940186500549,0.44418594241142273,3034513
2003-09-19,0.7465559840202332,0.7465559840202332,0.7036510109901428,0.7122319936752319,0.43373459577560425,1780655
2003-09-22,0.720812976360321,0.7465559840202332,0.6864879727363586,0.737975001335144,0.4494116008281708,3113815
2003-09-23,0.755137026309967,0.755137026309967,0.6779069900512695,0.7036510109901428,0.42850884795188904,3479735
2003-09-24,0.6950700283050537,0.737975001335144,0.6950700283050537,0.7036510109901428,0.42850884795188904,3666191
2003-09-25,0.7036510109901428,0.7122319936752319,0.6693260073661804,0.6693260073661804,0.40760570764541626,5660105
2003-09-26,0.6950700283050537,0.7036510109901428,0.6693260073661804,0.6864879727363586,0.41805702447891235,1780655
2003-09-29,0.6950700283050537,0.7036510109901428,0.6693260073661804,0.6693260073661804,0.40760570764541626,2636022
2003-09-30,0.6864879727363586,0.6864879727363586,0.6521639823913574,0.6607450246810913,0.4023801386356354,2031205
2003-10-01,0.6607450246810913,0.6607450246810913,0.6607450246810913,0.6607450246810913,0.4023801386356354,0
2003-10-02,0.6864879727363586,0.6864879727363586,0.6006770133972168,0.6092579960823059,0.37102553248405457,2454227
2003-10-03,0.6092579960823059,0.6178399920463562,0.5577719807624817,0.5577719807624817,0.3396715819835663,1953126
2003-10-06,0.5663530230522156,0.5920959711074829,0.47196099162101746,0.48912298679351807,0.2978658080101013,9819240
2003-10-07,0.49770399928092957,0.6178399920463562,0.48912298679351807,0.5749340057373047,0.3501228988170624,14186973
2003-10-08,0.5920959711074829,0.6006770133972168,0.5320280194282532,0.5577719807624817,0.3396715819835663,3036902
2003-10-09,0.5491909980773926,0.5491909980773926,0.49770399928092957,0.5148659944534302,0.31354278326034546,2039362
2003-10-10,0.5320280194282532,0.5320280194282532,0.49770399928092957,0.5148659944534302,0.31354278326034546,2414605
2003-10-13,0.5148659944534302,0.5406100153923035,0.5148659944534302,0.5234469771385193,0.31876835227012634,2633691
2003-10-14,0.5320280194282532,0.5320280194282532,0.49770399928092957,0.5062850117683411,0.3083171844482422,1153696
2003-10-15,0.5234469771385193,0.5320280194282532,0.5062850117683411,0.5062850117683411,0.3083171844482422,808753
2003-10-16,0.5062850117683411,0.5148659944534302,0.48912298679351807,0.49770399928092957,0.30309149622917175,2062669
2003-10-17,0.49770399928092957,0.49770399928092957,0.48912298679351807,0.49770399928092957,0.30309149622917175,969571
2003-10-20,0.48912298679351807,0.48912298679351807,0.46338000893592834,0.48054200410842896,0.29264020919799805,2146575
2003-10-21,0.48054200410842896,0.48054200410842896,0.46338000893592834,0.46338000893592834,0.28218889236450195,1612844
2003-10-22,0.47196099162101746,0.48054200410842896,0.46338000893592834,0.46338000893592834,0.28218889236450195,1384436
2003-10-23,0.45479801297187805,0.48912298679351807,0.45479801297187805,0.47196099162101746,0.28741443157196045,3450601
2003-10-24,0.47196099162101746,0.47196099162101746,0.42047399282455444,0.42905500531196594,0.26128560304641724,836721
2003-10-27,0.42905500531196594,0.43763598799705505,0.4161829948425293,0.42905500531196594,0.26128560304641724,922957
2003-10-28,0.42905500531196594,0.48912298679351807,0.42905500531196594,0.48912298679351807,0.2978658080101013,4020458
2003-10-29,0.5062850117683411,0.5062850117683411,0.46338000893592834,0.47196099162101746,0.28741443157196045,2619707
2003-10-30,0.46338000893592834,0.46338000893592834,0.45479801297187805,0.45479801297187805,0.276962548494339,323967
2003-10-31,0.44621700048446655,0.48054200410842896,0.44621700048446655,0.47196099162101746,0.28741443157196045,1419396
2003-11-03,0.48054200410842896,0.6092579960823059,0.47196099162101746,0.6092579960823059,0.37102553248405457,2242133
2003-11-04,0.6178399920463562,0.6178399920463562,0.5234469771385193,0.5320280194282532,0.32399415969848633,13844360
2003-11-05,0.5234469771385193,0.5749340057373047,0.5234469771385193,0.5491909980773926,0.3344459533691406,8301954
2003-11-06,0.5491909980773926,0.6006770133972168,0.5406100153923035,0.5491909980773926,0.3344459533691406,5833743
2003-11-07,0.5577719807624817,0.5749340057373047,0.5406100153923035,0.5491909980773926,0.3344459533691406,3514696
2003-11-10,0.5320280194282532,0.5577719807624817,0.5148659944534302,0.5406100153923035,0.32922032475471497,2733911
2003-11-11,0.5406100153923035,0.5577719807624817,0.5320280194282532,0.5406100153923035,0.32922032475471497,1288877
2003-11-12,0.5491909980773926,0.5491909980773926,0.5320280194282532,0.5406100153923035,0.32922032475471497,475462
2003-11-13,0.5491909980773926,0.5491909980773926,0.5406100153923035,0.5406100153923035,0.32922032475471497,583840
2003-11-14,0.5234469771385193,0.5406100153923035,0.5234469771385193,0.5406100153923035,0.32922032475471497,643273
2003-11-17,0.5062850117683411,0.5148659944534302,0.5062850117683411,0.5148659944534302,0.31354278326034546,121196
2003-11-18,0.5148659944534302,0.5320280194282532,0.5148659944534302,0.5234469771385193,0.31876835227012634,266865
2003-11-19,0.5406100153923035,0.5749340057373047,0.5320280194282532,0.5406100153923035,0.32922032475471497,2883076
2003-11-20,0.5406100153923035,0.5406100153923035,0.5148659944534302,0.5148659944534302,0.31354278326034546,1533600
2003-11-21,0.49770399928092957,0.5148659944534302,0.48912298679351807,0.5062850117683411,0.3083171844482422,1328499
2003-11-24,0.5234469771385193,0.5234469771385193,0.49770399928092957,0.5062850117683411,0.3083171844482422,116535
2003-11-25,0.5234469771385193,0.5234469771385193,0.5148659944534302,0.5148659944534302,0.31354278326034546,412533
2003-11-26,0.49770399928092957,0.5062850117683411,0.49770399928092957,0.5062850117683411,0.3083171844482422,132849
2003-11-27,0.5062850117683411,0.5234469771385193,0.5062850117683411,0.5148659944534302,0.31354278326034546,340282
2003-11-28,0.5234469771385193,0.5320280194282532,0.5148659944534302,0.5320280194282532,0.32399415969848633,1647805
2003-12-01,0.5406100153923035,0.5577719807624817,0.5406100153923035,0.5406100153923035,0.32922032475471497,3845655
2003-12-02,0.5491909980773926,0.5491909980773926,0.5320280194282532,0.5406100153923035,0.32922032475471497,1643143
2003-12-03,0.5406100153923035,0.5577719807624817,0.5320280194282532,0.5320280194282532,0.32399415969848633,1573222
2003-12-04,0.5406100153923035,0.5577719807624817,0.5320280194282532,0.5320280194282532,0.32399415969848633,1428719
2003-12-05,0.5406100153923035,0.5406100153923035,0.5234469771385193,0.5320280194282532,0.32399415969848633,1018516
2003-12-08,0.5234469771385193,0.5920959711074829,0.5234469771385193,0.5835149884223938,0.35534849762916565,10801630
2003-12-09,0.6006770133972168,0.6092579960823059,0.5577719807624817,0.5749340057373047,0.3501228988170624,7411627
2003-12-10,0.5663530230522156,0.5663530230522156,0.5577719807624817,0.5663530230522156,0.3448973298072815,1452026
2003-12-11,0.5663530230522156,0.5920959711074829,0.5663530230522156,0.5835149884223938,0.35534849762916565,2463550
2003-12-12,0.5920959711074829,0.5920959711074829,0.5663530230522156,0.5663530230522156,0.3448973298072815,1375113
2003-12-15,0.5663530230522156,0.5835149884223938,0.5148659944534302,0.5320280194282532,0.32399415969848633,5064611
2003-12-16,0.5406100153923035,0.5577719807624817,0.5234469771385193,0.5406100153923035,0.32922032475471497,1459018
2003-12-17,0.5320280194282532,0.5406100153923035,0.5148659944534302,0.5234469771385193,0.31876835227012634,1782985
2003-12-18,0.5234469771385193,0.5320280194282532,0.5234469771385193,0.5320280194282532,0.32399415969848633,365919
2003-12-19,0.5406100153923035,0.5406100153923035,0.5234469771385193,0.5234469771385193,0.31876835227012634,207432
2003-12-22,0.5320280194282532,0.5406100153923035,0.5234469771385193,0.5234469771385193,0.31876835227012634,974232
2003-12-23,0.5234469771385193,0.5491909980773926,0.5148659944534302,0.5406100153923035,0.32922032475471497,2207173
2003-12-24,0.5491909980773926,0.5663530230522156,0.5406100153923035,0.5406100153923035,0.32922032475471497,2570762
2003-12-25,0.5406100153923035,0.5406100153923035,0.5406100153923035,0.5406100153923035,0.32922032475471497,0
2003-12-26,0.5406100153923035,0.5406100153923035,0.5406100153923035,0.5406100153923035,0.32922032475471497,0
2003-12-29,0.5320280194282532,0.5320280194282532,0.5148659944534302,0.5320280194282532,0.32399415969848633,1866891
2003-12-30,0.5320280194282532,0.5320280194282532,0.5148659944534302,0.5234469771385193,0.31876835227012634,1530104
2003-12-31,0.5320280194282532,0.5406100153923035,0.5234469771385193,0.5234469771385193,0.31876835227012634,783115
2004-01-01,0.5234469771385193,0.5234469771385193,0.5234469771385193,0.5234469771385193,0.31876835227012634,0
2004-01-02,0.5406100153923035,0.5491909980773926,0.5320280194282532,0.5406100153923035,0.32922032475471497,1785316
2004-01-05,0.5234469771385193,0.5406100153923035,0.5234469771385193,0.5320280194282532,0.32399415969848633,1596529
2004-01-06,0.5491909980773926,0.5491909980773926,0.5234469771385193,0.5234469771385193,0.31876835227012634,1291208
2004-01-07,0.5234469771385193,0.5234469771385193,0.5148659944534302,0.5148659944534302,0.31354278326034546,749320
2004-01-08,0.5234469771385193,0.5320280194282532,0.5148659944534302,0.5320280194282532,0.32399415969848633,771461
2004-01-09,0.5234469771385193,0.5320280194282532,0.5234469771385193,0.5320280194282532,0.32399415969848633,475462
2004-01-12,0.5148659944534302,0.5148659944534302,0.5062850117683411,0.5148659944534302,0.31354278326034546,1211964
2004-01-13,0.49770399928092957,0.49770399928092957,0.48912298679351807,0.49770399928092957,0.30309149622917175,932280
2004-01-14,0.49770399928092957,0.5062850117683411,0.48912298679351807,0.49770399928092957,0.30309149622917175,214424
2004-01-15,0.5148659944534302,0.5148659944534302,0.49770399928092957,0.5062850117683411,0.3083171844482422,780784
2004-01-16,0.5148659944534302,0.5148659944534302,0.5062850117683411,0.5148659944534302,0.31354278326034546,1020846
2004-01-19,0.5234469771385193,0.5577719807624817,0.5234469771385193,0.5577719807624817,0.3396715819835663,2971642
2004-01-20,0.5663530230522156,0.5920959711074829,0.5577719807624817,0.5577719807624817,0.3396715819835663,7441926
2004-01-21,0.5749340057373047,0.5835149884223938,0.5663530230522156,0.5663530230522156,0.3448973298072815,2582416
2004-01-22,0.5663530230522156,0.5663530230522156,0.5663530230522156,0.5663530230522156,0.3448973298072815,0
2004-01-23,0.5663530230522156,0.5663530230522156,0.5663530230522156,0.5663530230522156,0.3448973298072815,0
2004-01-26,0.5749340057373047,0.5749340057373047,0.5406100153923035,0.5406100153923035,0.32922032475471497,964909
2004-01-27,0.5406100153923035,0.5406100153923035,0.5148659944534302,0.5234469771385193,0.31876835227012634,1852906
2004-01-28,0.5406100153923035,0.5406100153923035,0.5148659944534302,0.5234469771385193,0.31876835227012634,771461
2004-01-29,0.5062850117683411,0.5234469771385193,0.5062850117683411,0.5234469771385193,0.31876835227012634,706202
2004-01-30,0.5148659944534302,0.5148659944534302,0.49770399928092957,0.5148659944534302,0.31354278326034546,1270231
2004-02-02,0.48912298679351807,0.48912298679351807,0.46338000893592834,0.47196099162101746,0.28741443157196045,1801631
2004-02-03,0.48912298679351807,0.48912298679351807,0.46338000893592834,0.47196099162101746,0.28741443157196045,675903
2004-02-04,0.48912298679351807,0.5320280194282532,0.47196099162101746,0.49770399928092957,0.30309149622917175,1988087
2004-02-05,0.49770399928092957,0.5148659944534302,0.49770399928092957,0.5062850117683411,0.3083171844482422,1027838
2004-02-06,0.5148659944534302,0.5148659944534302,0.5062850117683411,0.5062850117683411,0.3083171844482422,1265570
2004-02-09,0.5234469771385193,0.5234469771385193,0.5148659944534302,0.5148659944534302,0.31354278326034546,1044153
2004-02-10,0.5148659944534302,0.5148659944534302,0.5062850117683411,0.5062850117683411,0.3083171844482422,151495
2004-02-11,0.5148659944534302,0.5148659944534302,0.5062850117683411,0.5062850117683411,0.3083171844482422,419526
2004-02-12,0.5148659944534302,0.5148659944534302,0.5062850117683411,0.5062850117683411,0.3083171844482422,407872
2004-02-13,0.5062850117683411,0.5148659944534302,0.5062850117683411,0.5062850117683411,0.3083171844482422,790107
2004-02-16,0.5062850117683411,0.5062850117683411,0.49770399928092957,0.49770399928092957,0.30309149622917175,1172342
2004-02-17,0.49770399928092957,0.5062850117683411,0.48912298679351807,0.5062850117683411,0.3083171844482422,1549915
2004-02-18,0.5148659944534302,0.5148659944534302,0.49770399928092957,0.5148659944534302,0.31354278326034546,379904
2004-02-19,0.49770399928092957,0.5062850117683411,0.49770399928092957,0.49770399928092957,0.30309149622917175,349605
2004-02-20,0.5148659944534302,0.5148659944534302,0.48912298679351807,0.5062850117683411,0.3083171844482422,601320
2004-02-23,0.5062850117683411,0.5148659944534302,0.5062850117683411,0.5062850117683411,0.3083171844482422,2786352
2004-02-24,0.49770399928092957,0.5320280194282532,0.49770399928092957,0.5234469771385193,0.31876835227012634,2858604
2004-02-25,0.5234469771385193,0.5320280194282532,0.5148659944534302,0.5148659944534302,0.31354278326034546,660753
2004-02-26,0.5148659944534302,0.5148659944534302,0.5148659944534302,0.5148659944534302,0.31354278326034546,125857
2004-02-27,0.5148659944534302,0.5234469771385193,0.5148659944534302,0.5148659944534302,0.31354278326034546,283180
2004-03-01,0.5062850117683411,0.5148659944534302,0.49770399928092957,0.5062850117683411,0.3083171844482422,1520782
2004-03-02,0.5062850117683411,0.5062850117683411,0.49770399928092957,0.49770399928092957,0.30309149622917175,184125
2004-03-03,0.49770399928092957,0.49770399928092957,0.49770399928092957,0.49770399928092957,0.30309149622917175,46614
2004-03-04,0.48912298679351807,0.5062850117683411,0.48054200410842896,0.48912298679351807,0.2978658080101013,431179
2004-03-05,0.5148659944534302,0.5148659944534302,0.5148659944534302,0.5148659944534302,0.31354278326034546,139842
2004-03-08,0.5062850117683411,0.5148659944534302,0.49770399928092957,0.49770399928092957,0.30309149622917175,862359
2004-03-09,0.49770399928092957,0.49770399928092957,0.48054200410842896,0.48054200410842896,0.29264020919799805,918295
2004-03-10,0.47196099162101746,0.48054200410842896,0.47196099162101746,0.48054200410842896,0.29264020919799805,174802
2004-03-11,0.46338000893592834,0.47196099162101746,0.45479801297187805,0.45479801297187805,0.276962548494339,829729
2004-03-12,0.44621700048446655,0.46338000893592834,0.42047399282455444,0.46338000893592834,0.28218889236450195,531399
2004-03-15,0.44621700048446655,0.45479801297187805,0.44621700048446655,0.44621700048446655,0.27173689007759094,174802
2004-03-16,0.42905500531196594,0.42905500531196594,0.42905500531196594,0.42905500531196594,0.26128560304641724,79243
2004-03-17,0.44621700048446655,0.44621700048446655,0.44621700048446655,0.44621700048446655,0.27173689007759094,93228
2004-03-18,0.44621700048446655,0.47196099162101746,0.44621700048446655,0.44621700048446655,0.27173689007759094,0
2004-03-19,0.44621700048446655,0.45479801297187805,0.44621700048446655,0.44621700048446655,0.27173689007759094,256377
2004-03-22,0.44621700048446655,0.45479801297187805,0.42905500531196594,0.42905500531196594,0.26128560304641724,128188
2004-03-23,0.44621700048446655,0.44621700048446655,0.44621700048446655,0.44621700048446655,0.27173689007759094,302991
2004-03-24,0.44621700048446655,0.45479801297187805,0.44621700048446655,0.45479801297187805,0.276962548494339,235400
2004-03-25,0.46338000893592834,0.46338000893592834,0.44621700048446655,0.44621700048446655,0.27173689007759094,279684
2004-03-26,0.43763598799705505,0.45479801297187805,0.43763598799705505,0.43763598799705505,0.2665112018585205,0
2004-03-29,0.43763598799705505,0.44621700048446655,0.43763598799705505,0.43763598799705505,0.2665112018585205,0
2004-03-30,0.43763598799705505,0.45479801297187805,0.43763598799705505,0.45479801297187805,0.276962548494339,226077
2004-03-31,0.44621700048446655,0.44621700048446655,0.44621700048446655,0.44621700048446655,0.27173689007759094,46614
2004-04-01,0.43763598799705505,0.44621700048446655,0.43763598799705505,0.44621700048446655,0.27173689007759094,209763
2004-04-02,0.45479801297187805,0.45479801297187805,0.44621700048446655,0.45479801297187805,0.276962548494339,125857
2004-04-05,0.45479801297187805,0.45479801297187805,0.45479801297187805,0.45479801297187805,0.276962548494339,0
2004-04-06,0.45479801297187805,0.46338000893592834,0.45479801297187805,0.46338000893592834,0.28218889236450195,221416
2004-04-07,0.44621700048446655,0.45479801297187805,0.43763598799705505,0.44621700048446655,0.27173689007759094,163149
2004-04-08,0.43763598799705505,0.48054200410842896,0.43763598799705505,0.47196099162101746,0.28741443157196045,361258
2004-04-09,0.47196099162101746,0.47196099162101746,0.47196099162101746,0.47196099162101746,0.28741443157196045,0
2004-04-12,0.47196099162101746,0.47196099162101746,0.47196099162101746,0.47196099162101746,0.28741443157196045,0
2004-04-13,0.48054200410842896,0.49770399928092957,0.48054200410842896,0.49770399928092957,0.30309149622917175,233070
2004-04-14,0.48054200410842896,0.48054200410842896,0.44621700048446655,0.45479801297187805,0.276962548494339,146834
2004-04-15,0.45479801297187805,0.45479801297187805,0.43763598799705505,0.44621700048446655,0.27173689007759094,398549
2004-04-16,0.44621700048446655,0.48054200410842896,0.44621700048446655,0.44621700048446655,0.27173689007759094,0
2004-04-19,0.43763598799705505,0.5148659944534302,0.43763598799705505,0.43763598799705505,0.2665112018585205,0
2004-04-20,0.48912298679351807,0.48912298679351807,0.43763598799705505,0.43763598799705505,0.2665112018585205,69921
2004-04-21,0.44621700048446655,0.44621700048446655,0.43763598799705505,0.43763598799705505,0.2665112018585205,209763
2004-04-22,0.44621700048446655,0.44621700048446655,0.42905500531196594,0.43763598799705505,0.2665112018585205,111873
2004-04-23,0.42905500531196594,0.42905500531196594,0.42905500531196594,0.42905500531196594,0.26128560304641724,58267
2004-04-26,0.42905500531196594,0.42905500531196594,0.42905500531196594,0.42905500531196594,0.26128560304641724,116535
2004-04-27,0.42905500531196594,0.42905500531196594,0.3904399871826172,0.41189301013946533,0.25083428621292114,661918
2004-04-28,0.40331199765205383,0.42047399282455444,0.40331199765205383,0.40331199765205383,0.24560868740081787,0
2004-04-29,0.3861500024795532,0.3861500024795532,0.3861500024795532,0.3861500024795532,0.23515747487545013,11653
2004-04-30,0.39473098516464233,0.41189301013946533,0.39473098516464233,0.39473098516464233,0.24038292467594147,0
2004-05-03,0.39473098516464233,0.41189301013946533,0.39473098516464233,0.41189301013946533,0.25083428621292114,104881
2004-05-04,0.41189301013946533,0.41189301013946533,0.39473098516464233,0.41189301013946533,0.25083428621292114,88566
2004-05-05,0.42047399282455444,0.42047399282455444,0.41189301013946533,0.41189301013946533,0.25083428621292114,284345
2004-05-06,0.4161829948425293,0.4161829948425293,0.4161829948425293,0.4161829948425293,0.2534468472003937,23307
2004-05-07,0.4161829948425293,0.4161829948425293,0.4161829948425293,0.4161829948425293,0.2534468472003937,2330
2004-05-10,0.4161829948425293,0.4161829948425293,0.41189301013946533,0.41189301013946533,0.25083428621292114,4661
2004-05-11,0.40331199765205383,0.40331199765205383,0.3861500024795532,0.3861500024795532,0.23515747487545013,60598
2004-05-12,0.3518249988555908,0.3861500024795532,0.3518249988555908,0.3604060113430023,0.21947982907295227,268030
2004-05-13,0.3432439863681793,0.35611599683761597,0.3432439863681793,0.35611599683761597,0.21686729788780212,167810
2004-05-14,0.35611599683761597,0.35611599683761597,0.3432439863681793,0.3432439863681793,0.20902851223945618,93228
2004-05-17,0.3089199960231781,0.31321001052856445,0.29604798555374146,0.29604798555374146,0.18028709292411804,769131
2004-05-18,0.29604798555374146,0.29604798555374146,0.2745949923992157,0.2745949923992157,0.16722267866134644,184125
2004-05-19,0.3175010085105896,0.3175010085105896,0.3175010085105896,0.3175010085105896,0.19335153698921204,11653
2004-05-20,0.3003380000591278,0.3518249988555908,0.3003380000591278,0.3003380000591278,0.18289963901042938,0
2004-05-21,0.2831760048866272,0.3260819911956787,0.2831760048866272,0.3089199960231781,0.1881258636713028,522076
2004-05-24,0.3260819911956787,0.3260819911956787,0.3260819911956787,0.3260819911956787,0.19857722520828247,34960
2004-05-25,0.3432439863681793,0.3432439863681793,0.3432439863681793,0.3432439863681793,0.20902851223945618,23307
2004-05-26,0.3432439863681793,0.3432439863681793,0.3432439863681793,0.3432439863681793,0.20902851223945618,0
2004-05-27,0.3432439863681793,0.3432439863681793,0.3432439863681793,0.3432439863681793,0.20902851223945618,116535
2004-05-28,0.3260819911956787,0.3432439863681793,0.3260819911956787,0.3346630036830902,0.20380285382270813,221416
2004-05-31,0.3089199960231781,0.3432439863681793,0.3089199960231781,0.3089199960231781,0.1881258636713028,0
2004-06-01,0.3260819911956787,0.3260819911956787,0.3260819911956787,0.3260819911956787,0.19857722520828247,69921
2004-06-02,0.3260819911956787,0.3260819911956787,0.3260819911956787,0.3260819911956787,0.19857722520828247,128188
2004-06-03,0.3260819911956787,0.3260819911956787,0.3260819911956787,0.3260819911956787,0.19857722520828247,109542
2004-06-04,0.3175010085105896,0.3432439863681793,0.3175010085105896,0.3432439863681793,0.20902851223945618,128188
2004-06-07,0.3089199960231781,0.3432439863681793,0.3089199960231781,0.3089199960231781,0.1881258636713028,0
2004-06-08,0.3346630036830902,0.3432439863681793,0.3346630036830902,0.3432439863681793,0.20902851223945618,226077
2004-06-09,0.3260819911956787,0.3260819911956787,0.3260819911956787,0.3260819911956787,0.19857722520828247,11653
2004-06-10,0.3260819911956787,0.3432439863681793,0.3260819911956787,0.3260819911956787,0.19857722520828247,0
2004-06-11,0.3260819911956787,0.3260819911956787,0.3260819911956787,0.3260819911956787,0.19857722520828247,69921
2004-06-14,0.3175010085105896,0.3175010085105896,0.3089199960231781,0.3089199960231781,0.1881258636713028,319305
2004-06-15,0.3089199960231781,0.3260819911956787,0.3089199960231781,0.3089199960231781,0.1881258636713028,0
2004-06-16,0.3003380000591278,0.3003380000591278,0.3003380000591278,0.3003380000591278,0.18289963901042938,116535
2004-06-17,0.3260819911956787,0.3260819911956787,0.3260819911956787,0.3260819911956787,0.19857722520828247,11653
2004-06-18,0.2831760048866272,0.3432439863681793,0.2831760048866272,0.2831760048866272,0.1724483072757721,0
2004-06-21,0.3003380000591278,0.3432439863681793,0.3003380000591278,0.3003380000591278,0.18289963901042938,0
2004-06-22,0.3003380000591278,0.3003380000591278,0.3003380000591278,0.3003380000591278,0.18289963901042938,0
2004-06-23,0.3003380000591278,0.3432439863681793,0.3003380000591278,0.3003380000591278,0.18289963901042938,0
2004-06-24,0.3260819911956787,0.3260819911956787,0.3260819911956787,0.3260819911956787,0.19857722520828247,67590
2004-06-25,0.3260819911956787,0.3260819911956787,0.3260819911956787,0.3260819911956787,0.19857722520828247,55936
2004-06-28,0.3089199960231781,0.36898699402809143,0.3089199960231781,0.36898699402809143,0.22470544278621674,240062
2004-06-29,0.3518249988555908,0.36898699402809143,0.3260819911956787,0.36898699402809143,0.22470544278621674,212093
2004-06-30,0.36898699402809143,0.40331199765205383,0.36898699402809143,0.40331199765205383,0.24560868740081787,673572
2004-07-01,0.40331199765205383,0.40331199765205383,0.40331199765205383,0.40331199765205383,0.24560868740081787,0
2004-07-02,0.41189301013946533,0.44621700048446655,0.37756800651550293,0.39473098516464233,0.24038292467594147,1661789
2004-07-05,0.4076020121574402,0.43763598799705505,0.4076020121574402,0.43763598799705505,0.2665112018585205,540116
2004-07-06,0.43763598799705505,0.43763598799705505,0.41189301013946533,0.41189301013946533,0.25083428621292114,629289
2004-07-07,0.41189301013946533,0.41189301013946533,0.41189301013946533,0.41189301013946533,0.25083428621292114,82133
2004-07-08,0.39473098516464233,0.39473098516464233,0.3861500024795532,0.3861500024795532,0.23515747487545013,62928
2004-07-09,0.3904399871826172,0.45479801297187805,0.3904399871826172,0.4161829948425293,0.2534468472003937,1626828
2004-07-12,0.46338000893592834,0.46338000893592834,0.3990209996700287,0.3990209996700287,0.242995485663414,1251586
2004-07-13,0.40331199765205383,0.41189301013946533,0.39473098516464233,0.41189301013946533,0.25083428621292114,449825
2004-07-14,0.40331199765205383,0.40331199765205383,0.3904399871826172,0.3904399871826172,0.23776991665363312,456817
2004-07-15,0.3518249988555908,0.3604060113430023,0.3518249988555908,0.3604060113430023,0.21947982907295227,198109
2004-07-16,0.36898699402809143,0.36898699402809143,0.36898699402809143,0.36898699402809143,0.22470544278621674,151495
2004-07-19,0.36898699402809143,0.36898699402809143,0.35611599683761597,0.3604060113430023,0.21947982907295227,457982
2004-07-20,0.3861500024795532,0.3861500024795532,0.36898699402809143,0.37756800651550293,0.22993110120296478,256377
2004-07-21,0.36898699402809143,0.39473098516464233,0.36898699402809143,0.39473098516464233,0.24038292467594147,123527
2004-07-22,0.39473098516464233,0.39473098516464233,0.39473098516464233,0.39473098516464233,0.24038292467594147,11653
2004-07-23,0.39473098516464233,0.39473098516464233,0.39473098516464233,0.39473098516464233,0.24038292467594147,139842
2004-07-26,0.40331199765205383,0.4076020121574402,0.40331199765205383,0.4076020121574402,0.24822114408016205,163149
2004-07-27,0.42905500531196594,0.48912298679351807,0.42905500531196594,0.48054200410842896,0.29264020919799805,4861841
2004-07-28,0.48912298679351807,0.48912298679351807,0.45479801297187805,0.47196099162101746,0.28741443157196045,4952738
2004-07-29,0.47196099162101746,0.47196099162101746,0.43763598799705505,0.46338000893592834,0.28218889236450195,2474038
2004-07-30,0.46338000893592834,0.5234469771385193,0.46338000893592834,0.49770399928092957,0.30309149622917175,10287711
2004-08-02,0.5062850117683411,0.5062850117683411,0.46338000893592834,0.47196099162101746,0.28741443157196045,2866761
2004-08-03,0.46338000893592834,0.48054200410842896,0.43763598799705505,0.44621700048446655,0.27173689007759094,1267901
2004-08-04,0.44621700048446655,0.45479801297187805,0.43763598799705505,0.44621700048446655,0.27173689007759094,806422
2004-08-05,0.45479801297187805,0.46338000893592834,0.45479801297187805,0.45479801297187805,0.276962548494339,1211964
2004-08-06,0.45479801297187805,0.49770399928092957,0.45479801297187805,0.49770399928092957,0.30309149622917175,3582286
2004-08-09,0.49770399928092957,0.5062850117683411,0.46338000893592834,0.47196099162101746,0.28741443157196045,2936682
2004-08-10,0.48054200410842896,0.48054200410842896,0.46338000893592834,0.46338000893592834,0.28218889236450195,693383
2004-08-11,0.48054200410842896,0.48054200410842896,0.47196099162101746,0.47196099162101746,0.28741443157196045,335620
2004-08-12,0.48912298679351807,0.48912298679351807,0.47196099162101746,0.47196099162101746,0.28741443157196045,559368
2004-08-13,0.48054200410842896,0.48912298679351807,0.48054200410842896,0.48054200410842896,0.29264020919799805,1037161
2004-08-16,0.48054200410842896,0.48912298679351807,0.46338000893592834,0.48912298679351807,0.2978658080101013,2009063
2004-08-17,0.48912298679351807,0.48912298679351807,0.48054200410842896,0.48912298679351807,0.2978658080101013,531399
2004-08-18,0.48054200410842896,0.49770399928092957,0.48054200410842896,0.49770399928092957,0.30309149622917175,878674
2004-08-19,0.49770399928092957,0.49770399928092957,0.48054200410842896,0.49770399928092957,0.30309149622917175,1177003
2004-08-20,0.48054200410842896,0.48912298679351807,0.46338000893592834,0.48912298679351807,0.2978658080101013,792438
2004-08-23,0.47196099162101746,0.48054200410842896,0.47196099162101746,0.48054200410842896,0.29264020919799805,263369
2004-08-24,0.48054200410842896,0.48054200410842896,0.46338000893592834,0.48054200410842896,0.29264020919799805,475462
2004-08-25,0.48912298679351807,0.5148659944534302,0.48912298679351807,0.5148659944534302,0.31354278326034546,2538132
2004-08-26,0.5148659944534302,0.5148659944534302,0.48912298679351807,0.49770399928092957,0.30309149622917175,1365790
2004-08-27,0.49770399928092957,0.49770399928092957,0.48912298679351807,0.48912298679351807,0.2978658080101013,302991
2004-08-30,0.48912298679351807,0.48912298679351807,0.48912298679351807,0.48912298679351807,0.2978658080101013,291337
2004-08-31,0.49770399928092957,0.49770399928092957,0.49770399928092957,0.49770399928092957,0.30309149622917175,116535
2004-09-01,0.49770399928092957,0.5062850117683411,0.49770399928092957,0.49770399928092957,0.30309149622917175,999870
2004-09-02,0.49770399928092957,0.5062850117683411,0.48912298679351807,0.5062850117683411,0.3083171844482422,249384
2004-09-03,0.5062850117683411,0.5062850117683411,0.48912298679351807,0.48912298679351807,0.2978658080101013,603651
2004-09-06,0.49770399928092957,0.5148659944534302,0.48912298679351807,0.49770399928092957,0.30309149622917175,8054900
2004-09-07,0.48912298679351807,0.49770399928092957,0.48054200410842896,0.48912298679351807,0.2978658080101013,3008934
2004-09-08,0.48054200410842896,0.48054200410842896,0.45479801297187805,0.45479801297187805,0.276962548494339,2433251
2004-09-09,0.45479801297187805,0.5148659944534302,0.45479801297187805,0.49770399928092957,0.30309149622917175,12726789
2004-09-10,0.5148659944534302,0.5491909980773926,0.5062850117683411,0.5320280194282532,0.32399415969848633,23111225
2004-09-13,0.5406100153923035,0.6006770133972168,0.5320280194282532,0.6006770133972168,0.36579975485801697,19751520
2004-09-14,0.5920959711074829,0.6264209747314453,0.5663530230522156,0.5749340057373047,0.3501228988170624,21215200
2004-09-15,0.5749340057373047,0.5749340057373047,0.5406100153923035,0.5577719807624817,0.3396715819835663,5857050
2004-09-16,0.5577719807624817,0.5835149884223938,0.5577719807624817,0.5663530230522156,0.3448973298072815,4060080
2004-09-17,0.5663530230522156,0.5663530230522156,0.5406100153923035,0.5406100153923035,0.32922032475471497,2670982
2004-09-20,0.5406100153923035,0.5577719807624817,0.5406100153923035,0.5491909980773926,0.3344459533691406,1500971
2004-09-21,0.5491909980773926,0.5920959711074829,0.5491909980773926,0.5920959711074829,0.3605741858482361,7859121
2004-09-22,0.5920959711074829,0.6006770133972168,0.5663530230522156,0.5663530230522156,0.3448973298072815,5677586
2004-09-23,0.5663530230522156,0.5663530230522156,0.5663530230522156,0.5663530230522156,0.3448973298072815,1153696
2004-09-24,0.5663530230522156,0.5663530230522156,0.5406100153923035,0.5491909980773926,0.3344459533691406,875177
2004-09-27,0.5320280194282532,0.5491909980773926,0.5234469771385193,0.5491909980773926,0.3344459533691406,957917
2004-09-28,0.5491909980773926,0.5491909980773926,0.5406100153923035,0.5406100153923035,0.32922032475471497,379904
2004-09-29,0.5406100153923035,0.5406100153923035,0.5406100153923035,0.5406100153923035,0.32922032475471497,0
2004-09-30,0.5406100153923035,0.5491909980773926,0.5406100153923035,0.5406100153923035,0.32922032475471497,494108
2004-10-01,0.5406100153923035,0.5406100153923035,0.5406100153923035,0.5406100153923035,0.32922032475471497,0
2004-10-04,0.5406100153923035,0.5406100153923035,0.5234469771385193,0.5234469771385193,0.31876835227012634,1149035
2004-10-05,0.5234469771385193,0.5577719807624817,0.42905500531196594,0.5406100153923035,0.32922032475471497,3214035
2004-10-06,0.5234469771385193,0.5234469771385193,0.48912298679351807,0.5062850117683411,0.3083171844482422,1710734
2004-10-07,0.49770399928092957,0.5062850117683411,0.47196099162101746,0.48912298679351807,0.2978658080101013,2062669
2004-10-08,0.48912298679351807,0.48912298679351807,0.47196099162101746,0.47196099162101746,0.28741443157196045,2016055
2004-10-11,0.48054200410842896,0.48054200410842896,0.47196099162101746,0.48054200410842896,0.29264020919799805,790107
2004-10-12,0.48054200410842896,0.48054200410842896,0.46338000893592834,0.47196099162101746,0.28741443157196045,1170011
2004-10-13,0.46338000893592834,0.46338000893592834,0.44621700048446655,0.44621700048446655,0.27173689007759094,2044024
2004-10-14,0.42905500531196594,0.44621700048446655,0.42905500531196594,0.44621700048446655,0.27173689007759094,911303
2004-10-15,0.45479801297187805,0.46338000893592834,0.45479801297187805,0.46338000893592834,0.28218889236450195,915965
2004-10-18,0.45479801297187805,0.46338000893592834,0.45479801297187805,0.45479801297187805,0.276962548494339,586171
2004-10-19,0.45479801297187805,0.45479801297187805,0.44621700048446655,0.45479801297187805,0.276962548494339,906642
2004-10-20,0.44621700048446655,0.44621700048446655,0.43763598799705505,0.44621700048446655,0.27173689007759094,822737
2004-10-21,0.44621700048446655,0.44621700048446655,0.42905500531196594,0.44621700048446655,0.27173689007759094,1025508
2004-10-22,0.44621700048446655,0.44621700048446655,0.44621700048446655,0.44621700048446655,0.27173689007759094,0
2004-10-25,0.42905500531196594,0.43763598799705505,0.42905500531196594,0.42905500531196594,0.26128560304641724,647934
2004-10-26,0.43763598799705505,0.44621700048446655,0.43763598799705505,0.44621700048446655,0.27173689007759094,769131
2004-10-27,0.43763598799705505,0.43763598799705505,0.43763598799705505,0.43763598799705505,0.2665112018585205,454486
2004-10-28,0.44621700048446655,0.44621700048446655,0.43763598799705505,0.43763598799705505,0.2665112018585205,610643
2004-10-29,0.42905500531196594,0.43763598799705505,0.42905500531196594,0.43763598799705505,0.2665112018585205,995209
2004-11-01,0.44621700048446655,0.44621700048446655,0.43763598799705505,0.43763598799705505,0.2665112018585205,316975
2004-11-02,0.43763598799705505,0.45479801297187805,0.43763598799705505,0.45479801297187805,0.276962548494339,1011523
2004-11-03,0.45479801297187805,0.45479801297187805,0.44621700048446655,0.45479801297187805,0.276962548494339,941602
2004-11-04,0.45479801297187805,0.48912298679351807,0.44621700048446655,0.48912298679351807,0.2978658080101013,4470283
2004-11-05,0.49770399928092957,0.49770399928092957,0.46338000893592834,0.47196099162101746,0.28741443157196045,2616211
2004-11-08,0.48054200410842896,0.48912298679351807,0.47196099162101746,0.48054200410842896,0.29264020919799805,1463679
2004-11-09,0.48054200410842896,0.5062850117683411,0.48054200410842896,0.5062850117683411,0.3083171844482422,4120678
2004-11-10,0.5234469771385193,0.5234469771385193,0.48054200410842896,0.48912298679351807,0.2978658080101013,2717596
2004-11-11,0.48912298679351807,0.48912298679351807,0.48912298679351807,0.48912298679351807,0.2978658080101013,629289
2004-11-12,0.49770399928092957,0.49770399928092957,0.49770399928092957,0.49770399928092957,0.30309149622917175,1279554
2004-11-15,0.48912298679351807,0.49770399928092957,0.48912298679351807,0.49770399928092957,0.30309149622917175,571021
2004-11-16,0.48912298679351807,0.49770399928092957,0.48912298679351807,0.48912298679351807,0.2978658080101013,1363459
2004-11-17,0.48912298679351807,0.48912298679351807,0.48054200410842896,0.48912298679351807,0.2978658080101013,710863
2004-11-18,0.48054200410842896,0.49770399928092957,0.48054200410842896,0.48912298679351807,0.2978658080101013,1142043
2004-11-19,0.48912298679351807,0.49770399928092957,0.48912298679351807,0.49770399928092957,0.30309149622917175,722517
2004-11-22,0.48912298679351807,0.48912298679351807,0.48054200410842896,0.48054200410842896,0.29264020919799805,501100
2004-11-23,0.48912298679351807,0.5148659944534302,0.48054200410842896,0.5062850117683411,0.3083171844482422,3055548
2004-11-24,0.5148659944534302,0.5234469771385193,0.49770399928092957,0.49770399928092957,0.30309149622917175,2141913
2004-11-25,0.5062850117683411,0.5062850117683411,0.48912298679351807,0.48912298679351807,0.2978658080101013,762139
2004-11-26,0.48912298679351807,0.48912298679351807,0.48912298679351807,0.48912298679351807,0.2978658080101013,501100
2004-11-29,0.49770399928092957,0.49770399928092957,0.48912298679351807,0.48912298679351807,0.2978658080101013,836721
2004-11-30,0.48912298679351807,0.5148659944534302,0.48912298679351807,0.5148659944534302,0.31354278326034546,1724718
2004-12-01,0.5062850117683411,0.5406100153923035,0.5062850117683411,0.5406100153923035,0.32922032475471497,10644308
2004-12-02,0.5577719807624817,0.5663530230522156,0.5406100153923035,0.5577719807624817,0.3396715819835663,6790495
2004-12-03,0.5749340057373047,0.5835149884223938,0.5577719807624817,0.5663530230522156,0.3448973298072815,12254822
2004-12-06,0.5749340057373047,0.5749340057373047,0.5491909980773926,0.5749340057373047,0.3501228988170624,4554188
2004-12-07,0.5663530230522156,0.5663530230522156,0.5234469771385193,0.5234469771385193,0.31876835227012634,2118606
2004-12-08,0.5320280194282532,0.5320280194282532,0.5148659944534302,0.5234469771385193,0.31876835227012634,3040398
2004-12-09,0.5148659944534302,0.5406100153923035,0.5062850117683411,0.5320280194282532,0.32399415969848633,1622167
2004-12-10,0.5491909980773926,0.5749340057373047,0.5320280194282532,0.5491909980773926,0.3344459533691406,4266347
2004-12-13,0.5491909980773926,0.5577719807624817,0.5406100153923035,0.5491909980773926,0.3344459533691406,1030169
2004-12-14,0.5491909980773926,0.5663530230522156,0.5406100153923035,0.5663530230522156,0.3448973298072815,3107988
2004-12-15,0.5663530230522156,0.5663530230522156,0.5406100153923035,0.5491909980773926,0.3344459533691406,1342483
2004-12-16,0.5406100153923035,0.5491909980773926,0.5234469771385193,0.5491909980773926,0.3344459533691406,2228149
2004-12-17,0.5577719807624817,0.5920959711074829,0.5577719807624817,0.5663530230522156,0.3448973298072815,9343777
2004-12-20,0.5234469771385193,0.5320280194282532,0.48912298679351807,0.49770399928092957,0.30309149622917175,8173766
2004-12-21,0.49770399928092957,0.5062850117683411,0.48912298679351807,0.5062850117683411,0.3083171844482422,3631231
2004-12-22,0.5062850117683411,0.5062850117683411,0.48054200410842896,0.48054200410842896,0.29264020919799805,2498510
2004-12-23,0.49770399928092957,0.49770399928092957,0.48054200410842896,0.48054200410842896,0.29264020919799805,591997
2004-12-24,0.48054200410842896,0.48912298679351807,0.48054200410842896,0.48054200410842896,0.29264020919799805,839052
2004-12-27,0.48054200410842896,0.48054200410842896,0.48054200410842896,0.48054200410842896,0.29264020919799805,0
2004-12-28,0.48054200410842896,0.5062850117683411,0.48054200410842896,0.49770399928092957,0.30309149622917175,776123
2004-12-29,0.5062850117683411,0.5062850117683411,0.5062850117683411,0.5062850117683411,0.3083171844482422,585005
2004-12-30,0.5062850117683411,0.5148659944534302,0.5062850117683411,0.5062850117683411,0.3083171844482422,489447
2004-12-31,0.5062850117683411,0.5062850117683411,0.5062850117683411,0.5062850117683411,0.3083171844482422,88566
2005-01-03,0.5148659944534302,0.5148659944534302,0.5062850117683411,0.5062850117683411,0.3083171844482422,881004
2005-01-04,0.49770399928092957,0.5062850117683411,0.48054200410842896,0.48912298679351807,0.2978658080101013,738832
2005-01-05,0.48054200410842896,0.48912298679351807,0.47196099162101746,0.47196099162101746,0.28741443157196045,1013854
2005-01-06,0.47196099162101746,0.48054200410842896,0.47196099162101746,0.48054200410842896,0.2947838008403778,174802
2005-01-07,0.47196099162101746,0.47196099162101746,0.45479801297187805,0.47196099162101746,0.2895197868347168,1160688
2005-01-10,0.47196099162101746,0.48054200410842896,0.46338000893592834,0.46338000893592834,0.2842559516429901,128188
2005-01-11,0.46338000893592834,0.48054200410842896,0.46338000893592834,0.47196099162101746,0.2895197868347168,717855
2005-01-12,0.47196099162101746,0.47196099162101746,0.46338000893592834,0.47196099162101746,0.2895197868347168,594328
2005-01-13,0.46338000893592834,0.47196099162101746,0.46338000893592834,0.47196099162101746,0.2895197868347168,484785
2005-01-14,0.47196099162101746,0.48054200410842896,0.47196099162101746,0.47196099162101746,0.2895197868347168,552375
2005-01-17,0.46338000893592834,0.46338000893592834,0.46338000893592834,0.46338000893592834,0.2842559516429901,34960
2005-01-18,0.46338000893592834,0.46338000893592834,0.46338000893592834,0.46338000893592834,0.2842559516429901,103250
2005-01-19,0.46338000893592834,0.46338000893592834,0.45479801297187805,0.45479801297187805,0.27899131178855896,302991
2005-01-20,0.45479801297187805,0.46338000893592834,0.45479801297187805,0.46338000893592834,0.2842559516429901,223747
2005-01-21,0.46338000893592834,0.48054200410842896,0.46338000893592834,0.48054200410842896,0.2947838008403778,640942
2005-01-24,0.48054200410842896,0.48912298679351807,0.48054200410842896,0.48054200410842896,0.2947838008403778,426518
2005-01-25,0.48054200410842896,0.48912298679351807,0.48054200410842896,0.48054200410842896,0.2947838008403778,272691
2005-01-26,0.47196099162101746,0.49770399928092957,0.47196099162101746,0.48912298679351807,0.3000476658344269,1190987
2005-01-27,0.5062850117683411,0.5320280194282532,0.5062850117683411,0.5234469771385193,0.32110336422920227,4388708
2005-01-28,0.5234469771385193,0.5234469771385193,0.5148659944534302,0.5148659944534302,0.3158394992351532,1699080
2005-01-31,0.5148659944534302,0.5148659944534302,0.5062850117683411,0.5062850117683411,0.3105756342411041,426518
2005-02-01,0.5062850117683411,0.5062850117683411,0.48912298679351807,0.48912298679351807,0.3000476658344269,454486
2005-02-02,0.48912298679351807,0.48912298679351807,0.48912298679351807,0.48912298679351807,0.3000476658344269,151495
2005-02-03,0.48912298679351807,0.49770399928092957,0.48912298679351807,0.49770399928092957,0.3053116500377655,151495
2005-02-04,0.48912298679351807,0.48912298679351807,0.48912298679351807,0.48912298679351807,0.3000476658344269,25637
2005-02-07,0.49770399928092957,0.49770399928092957,0.49770399928092957,0.49770399928092957,0.3053116500377655,489447
2005-02-08,0.49770399928092957,0.49770399928092957,0.49770399928092957,0.49770399928092957,0.3053116500377655,186456
2005-02-14,0.5062850117683411,0.5062850117683411,0.48912298679351807,0.49770399928092957,0.3053116500377655,123527
2005-02-15,0.49770399928092957,0.49770399928092957,0.48912298679351807,0.49770399928092957,0.3053116500377655,256377
2005-02-16,0.49770399928092957,0.49770399928092957,0.48912298679351807,0.48912298679351807,0.3000476658344269,405541
2005-02-17,0.48912298679351807,0.49770399928092957,0.48912298679351807,0.48912298679351807,0.3000476658344269,174802
2005-02-18,0.49770399928092957,0.5148659944534302,0.49770399928092957,0.5062850117683411,0.3105756342411041,628123
2005-02-21,0.5148659944534302,0.5320280194282532,0.5062850117683411,0.5320280194282532,0.3263673782348633,3917907
2005-02-22,0.5320280194282532,0.5320280194282532,0.5062850117683411,0.5062850117683411,0.3105756342411041,1104751
2005-02-23,0.5148659944534302,0.5148659944534302,0.5148659944534302,0.5148659944534302,0.3158394992351532,0
2005-02-24,0.5062850117683411,0.5234469771385193,0.5062850117683411,0.5062850117683411,0.3105756342411041,1260908
2005-02-25,0.5148659944534302,0.5148659944534302,0.49770399928092957,0.5148659944534302,0.3158394992351532,654926
2005-02-28,0.5062850117683411,0.5148659944534302,0.49770399928092957,0.5148659944534302,0.3158394992351532,411990
2005-03-01,0.49770399928092957,0.5062850117683411,0.49770399928092957,0.5062850117683411,0.3105756342411041,328628
2005-03-02,0.5062850117683411,0.5062850117683411,0.48054200410842896,0.48912298679351807,0.3000476658344269,557037
2005-03-03,0.48054200410842896,0.48912298679351807,0.48054200410842896,0.48912298679351807,0.3000476658344269,372912
2005-03-04,0.48912298679351807,0.48912298679351807,0.46338000893592834,0.46338000893592834,0.2842559516429901,3535672
2005-03-07,0.46338000893592834,0.48054200410842896,0.45479801297187805,0.45479801297187805,0.27899131178855896,554706
2005-03-08,0.47196099162101746,0.47196099162101746,0.47196099162101746,0.47196099162101746,0.2895197868347168,163149
2005-03-09,0.48912298679351807,0.48912298679351807,0.46338000893592834,0.47196099162101746,0.2895197868347168,682895
2005-03-10,0.46338000893592834,0.48054200410842896,0.46338000893592834,0.47196099162101746,0.2895197868347168,417195
2005-03-11,0.47196099162101746,0.48054200410842896,0.47196099162101746,0.48054200410842896,0.2947838008403778,275022
2005-03-14,0.48054200410842896,0.48912298679351807,0.48054200410842896,0.48054200410842896,0.2947838008403778,177133
2005-03-15,0.48054200410842896,0.48054200410842896,0.46338000893592834,0.46338000893592834,0.2842559516429901,1009193
2005-03-16,0.47196099162101746,0.47196099162101746,0.46338000893592834,0.46338000893592834,0.2842559516429901,62928
2005-03-17,0.46338000893592834,0.46338000893592834,0.46338000893592834,0.46338000893592834,0.2842559516429901,388061
2005-03-18,0.46338000893592834,0.46338000893592834,0.46338000893592834,0.46338000893592834,0.2842559516429901,769131
2005-03-21,0.46338000893592834,0.46338000893592834,0.45479801297187805,0.45479801297187805,0.27899131178855896,23307
2005-03-22,0.45479801297187805,0.46338000893592834,0.44621700048446655,0.44621700048446655,0.2737274169921875,734170
2005-03-23,0.44621700048446655,0.44621700048446655,0.43763598799705505,0.43763598799705505,0.2684634327888489,300660
2005-03-24,0.43763598799705505,0.48054200410842896,0.43763598799705505,0.48054200410842896,0.2947838008403778,1207302
2005-03-29,0.46338000893592834,0.46338000893592834,0.46338000893592834,0.46338000893592834,0.2842559516429901,34960
2005-03-30,0.45479801297187805,0.48912298679351807,0.45479801297187805,0.48912298679351807,0.3000476658344269,95558
2005-03-31,0.47196099162101746,0.47196099162101746,0.47196099162101746,0.47196099162101746,0.2895197868347168,58267
2005-04-01,0.47196099162101746,0.47196099162101746,0.46338000893592834,0.46338000893592834,0.2842559516429901,116535
2005-04-04,0.47196099162101746,0.47196099162101746,0.44621700048446655,0.46338000893592834,0.2842559516429901,384565
2005-04-06,0.46338000893592834,0.46338000893592834,0.46338000893592834,0.46338000893592834,0.2842559516429901,86235
2005-04-07,0.46338000893592834,0.46338000893592834,0.45479801297187805,0.46338000893592834,0.2842559516429901,244723
2005-04-08,0.46338000893592834,0.46338000893592834,0.46338000893592834,0.46338000893592834,0.2842559516429901,0
2005-04-11,0.48054200410842896,0.48912298679351807,0.47196099162101746,0.48912298679351807,0.3000476658344269,1766670
2005-04-12,0.49770399928092957,0.5320280194282532,0.49770399928092957,0.5062850117683411,0.3105756342411041,7493201
2005-04-13,0.5148659944534302,0.5148659944534302,0.49770399928092957,0.5062850117683411,0.3105756342411041,2323708
2005-04-14,0.49770399928092957,0.49770399928092957,0.48912298679351807,0.48912298679351807,0.3000476658344269,797099
2005-04-15,0.48054200410842896,0.48912298679351807,0.47196099162101746,0.48054200410842896,0.2947838008403778,575682
2005-04-18,0.47196099162101746,0.47196099162101746,0.46338000893592834,0.46338000893592834,0.2842559516429901,727178
2005-04-19,0.48054200410842896,0.5062850117683411,0.47196099162101746,0.47196099162101746,0.2895197868347168,1244594
2005-04-20,0.49770399928092957,0.49770399928092957,0.48054200410842896,0.48054200410842896,0.2947838008403778,477793
2005-04-21,0.47196099162101746,0.48912298679351807,0.47196099162101746,0.48912298679351807,0.3000476658344269,342612
2005-04-22,0.48054200410842896,0.48054200410842896,0.48054200410842896,0.48054200410842896,0.2947838008403778,34960
2005-04-25,0.48912298679351807,0.48912298679351807,0.48054200410842896,0.48912298679351807,0.3000476658344269,699210
2005-04-26,0.49770399928092957,0.49770399928092957,0.48912298679351807,0.48912298679351807,0.3000476658344269,1122232
2005-04-27,0.48054200410842896,0.48054200410842896,0.48054200410842896,0.48054200410842896,0.2947838008403778,104881
2005-04-28,0.48054200410842896,0.48912298679351807,0.47196099162101746,0.48912298679351807,0.3000476658344269,244723
2005-04-29,0.48912298679351807,0.48912298679351807,0.48054200410842896,0.48054200410842896,0.2947838008403778,23307
2005-05-03,0.47196099162101746,0.48054200410842896,0.47196099162101746,0.48054200410842896,0.2947838008403778,81574
2005-05-04,0.46338000893592834,0.48054200410842896,0.46338000893592834,0.48054200410842896,0.2947838008403778,46614
2005-05-05,0.47196099162101746,0.47196099162101746,0.47196099162101746,0.47196099162101746,0.2895197868347168,128188
2005-05-06,0.47196099162101746,0.48912298679351807,0.47196099162101746,0.48054200410842896,0.2947838008403778,279684
2005-05-09,0.46338000893592834,0.46338000893592834,0.46338000893592834,0.46338000893592834,0.2842559516429901,340282
2005-05-10,0.46338000893592834,0.46338000893592834,0.46338000893592834,0.46338000893592834,0.2842559516429901,792438
2005-05-11,0.46338000893592834,0.46338000893592834,0.45479801297187805,0.45479801297187805,0.27899131178855896,470801
2005-05-12,0.45479801297187805,0.45479801297187805,0.45479801297187805,0.45479801297187805,0.27899131178855896,139842
2005-05-13,0.45479801297187805,0.45479801297187805,0.44621700048446655,0.44621700048446655,0.2737274169921875,560533
2005-05-17,0.45479801297187805,0.45479801297187805,0.44621700048446655,0.44621700048446655,0.2737274169921875,184125
2005-05-18,0.45479801297187805,0.45479801297187805,0.45479801297187805,0.45479801297187805,0.27899131178855896,139842
2005-05-19,0.45479801297187805,0.45479801297187805,0.45479801297187805,0.45479801297187805,0.27899131178855896,256377
2005-05-20,0.46338000893592834,0.46338000893592834,0.46338000893592834,0.46338000893592834,0.2842559516429901,23307
2005-05-23,0.46338000893592834,0.46338000893592834,0.45479801297187805,0.45479801297187805,0.27899131178855896,88566
2005-05-24,0.47196099162101746,0.47196099162101746,0.47196099162101746,0.47196099162101746,0.2895197868347168,34960
2005-05-25,0.47196099162101746,0.47196099162101746,0.47196099162101746,0.47196099162101746,0.2895197868347168,0
2005-05-26,0.48054200410842896,0.48912298679351807,0.46338000893592834,0.46338000893592834,0.2842559516429901,475462
2005-05-27,0.45479801297187805,0.45479801297187805,0.45479801297187805,0.45479801297187805,0.27899131178855896,58547
2005-05-30,0.46338000893592834,0.46338000893592834,0.45479801297187805,0.45479801297187805,0.27899131178855896,151495
2005-05-31,0.46338000893592834,0.46338000893592834,0.46338000893592834,0.46338000893592834,0.2842559516429901,58267
2005-06-01,0.46338000893592834,0.46338000893592834,0.46338000893592834,0.46338000893592834,0.2842559516429901,0
2005-06-02,0.46338000893592834,0.46338000893592834,0.46338000893592834,0.46338000893592834,0.2842559516429901,233070
2005-06-03,0.46338000893592834,0.46338000893592834,0.46338000893592834,0.46338000893592834,0.2842559516429901,0
2005-06-06,0.46338000893592834,0.46338000893592834,0.46338000893592834,0.46338000893592834,0.2842559516429901,0
2005-06-07,0.46338000893592834,0.46338000893592834,0.46338000893592834,0.46338000893592834,0.2842559516429901,0
2005-06-08,0.45479801297187805,0.46338000893592834,0.45479801297187805,0.46338000893592834,0.2842559516429901,298329
2005-06-09,0.45479801297187805,0.46338000893592834,0.45479801297187805,0.46338000893592834,0.2842559516429901,69921
2005-06-10,0.45479801297187805,0.46338000893592834,0.45479801297187805,0.46338000893592834,0.2842559516429901,128188
2005-06-13,0.45479801297187805,0.45479801297187805,0.45479801297187805,0.45479801297187805,0.27899131178855896,93228
2005-06-14,0.45479801297187805,0.45479801297187805,0.44621700048446655,0.44621700048446655,0.2737274169921875,34960
2005-06-15,0.45479801297187805,0.45479801297187805,0.45479801297187805,0.45479801297187805,0.27899131178855896,81574
2005-06-16,0.45479801297187805,0.45479801297187805,0.45479801297187805,0.45479801297187805,0.27899131178855896,487116
2005-06-17,0.45479801297187805,0.45479801297187805,0.45479801297187805,0.45479801297187805,0.27899131178855896,23307
2005-06-20,0.45479801297187805,0.45479801297187805,0.45479801297187805,0.45479801297187805,0.27899131178855896,69921
2005-06-21,0.45479801297187805,0.45479801297187805,0.45479801297187805,0.45479801297187805,0.27899131178855896,23307
2005-06-22,0.45479801297187805,0.45479801297187805,0.45479801297187805,0.45479801297187805,0.27899131178855896,0
2005-06-23,0.45479801297187805,0.47196099162101746,0.45479801297187805,0.46338000893592834,0.2842559516429901,151495
2005-06-24,0.44621700048446655,0.44621700048446655,0.44621700048446655,0.44621700048446655,0.2737274169921875,25637
2005-06-27,0.43763598799705505,0.48054200410842896,0.43763598799705505,0.48054200410842896,0.2947838008403778,384565
2005-06-28,0.48054200410842896,0.48054200410842896,0.47196099162101746,0.48054200410842896,0.2947838008403778,757477
2005-06-29,0.47196099162101746,0.47196099162101746,0.47196099162101746,0.47196099162101746,0.2895197868347168,46614
2005-06-30,0.47196099162101746,0.47196099162101746,0.44621700048446655,0.44621700048446655,0.2737274169921875,25637
2005-07-04,0.45479801297187805,0.45479801297187805,0.45479801297187805,0.45479801297187805,0.27899131178855896,116535
2005-07-05,0.47196099162101746,0.47196099162101746,0.47196099162101746,0.47196099162101746,0.2895197868347168,81574
2005-07-06,0.47196099162101746,0.47196099162101746,0.46338000893592834,0.46338000893592834,0.2842559516429901,571021
2005-07-07,0.46338000893592834,0.46338000893592834,0.45479801297187805,0.46338000893592834,0.2842559516429901,314644
2005-07-08,0.44621700048446655,0.45479801297187805,0.43763598799705505,0.44621700048446655,0.2737274169921875,447494
2005-07-11,0.42905500531196594,0.44621700048446655,0.42047399282455444,0.42905500531196594,0.2631995677947998,2118606
2005-07-12,0.4247649908065796,0.42905500531196594,0.4247649908065796,0.42905500531196594,0.2631995677947998,256377
2005-07-13,0.4247649908065796,0.4247649908065796,0.41189301013946533,0.42047399282455444,0.25793561339378357,342612
2005-07-14,0.41189301013946533,0.41189301013946533,0.41189301013946533,0.41189301013946533,0.25267165899276733,174802
2005-07-15,0.41189301013946533,0.41189301013946533,0.41189301013946533,0.41189301013946533,0.25267165899276733,209763
2005-07-18,0.4076020121574402,0.4076020121574402,0.39473098516464233,0.40331199765205383,0.24740776419639587,233070
2005-07-19,0.40331199765205383,0.40331199765205383,0.3990209996700287,0.40331199765205383,0.24740776419639587,449825
2005-07-20,0.40331199765205383,0.42047399282455444,0.40331199765205383,0.4161829948425293,0.25530338287353516,1034830
2005-07-21,0.4247649908065796,0.4247649908065796,0.41189301013946533,0.41189301013946533,0.25267165899276733,559368
2005-07-22,0.41189301013946533,0.41189301013946533,0.41189301013946533,0.41189301013946533,0.25267165899276733,330959
2005-07-25,0.41189301013946533,0.4161829948425293,0.41189301013946533,0.4161829948425293,0.25530338287353516,410203
2005-07-26,0.42047399282455444,0.42047399282455444,0.4161829948425293,0.4161829948425293,0.25530338287353516,379904
2005-07-27,0.4161829948425293,0.4161829948425293,0.4161829948425293,0.4161829948425293,0.25530338287353516,23307
2005-07-28,0.41189301013946533,0.41189301013946533,0.4076020121574402,0.4076020121574402,0.25003933906555176,88566
2005-07-29,0.4161829948425293,0.4161829948425293,0.4161829948425293,0.4161829948425293,0.25530338287353516,69921
2005-08-01,0.41189301013946533,0.41189301013946533,0.40331199765205383,0.40331199765205383,0.24740776419639587,311148
2005-08-02,0.37756800651550293,0.41189301013946533,0.37756800651550293,0.41189301013946533,0.25267165899276733,291337
2005-08-03,0.39473098516464233,0.4076020121574402,0.39473098516464233,0.4076020121574402,0.25003933906555176,291337
2005-08-04,0.41189301013946533,0.41189301013946533,0.3990209996700287,0.3990209996700287,0.2447754293680191,249384
2005-08-05,0.40331199765205383,0.41189301013946533,0.40331199765205383,0.41189301013946533,0.25267165899276733,149164
2005-08-08,0.41189301013946533,0.42905500531196594,0.41189301013946533,0.4161829948425293,0.25530338287353516,302991
2005-08-09,0.42905500531196594,0.42905500531196594,0.41189301013946533,0.42047399282455444,0.25793561339378357,920626
2005-08-10,0.42047399282455444,0.42047399282455444,0.41189301013946533,0.41189301013946533,0.25267165899276733,302991
2005-08-11,0.41189301013946533,0.4161829948425293,0.41189301013946533,0.4161829948425293,0.25530338287353516,69921
2005-08-12,0.4161829948425293,0.42047399282455444,0.41189301013946533,0.4161829948425293,0.25530338287353516,282014
2005-08-15,0.43763598799705505,0.43763598799705505,0.42047399282455444,0.42047399282455444,0.25793561339378357,139842
2005-08-16,0.42047399282455444,0.42905500531196594,0.42047399282455444,0.42905500531196594,0.2631995677947998,1654797
2005-08-17,0.42905500531196594,0.42905500531196594,0.42905500531196594,0.42905500531196594,0.2631995677947998,369416
2005-08-18,0.42905500531196594,0.42905500531196594,0.4161829948425293,0.4247649908065796,0.2605678141117096,302991
2005-08-19,0.4161829948425293,0.4161829948425293,0.4161829948425293,0.4161829948425293,0.25530338287353516,34960
2005-08-22,0.41189301013946533,0.41189301013946533,0.41189301013946533,0.41189301013946533,0.25267165899276733,58267
2005-08-23,0.42905500531196594,0.42905500531196594,0.41189301013946533,0.41189301013946533,0.25267165899276733,181794
2005-08-24,0.42905500531196594,0.42905500531196594,0.41189301013946533,0.42047399282455444,0.25793561339378357,410203
2005-08-25,0.4247649908065796,0.4247649908065796,0.42047399282455444,0.42047399282455444,0.25793561339378357,125857
2005-08-26,0.42047399282455444,0.42047399282455444,0.41189301013946533,0.42047399282455444,0.25793561339378357,407872
2005-08-29,0.42047399282455444,0.42905500531196594,0.41189301013946533,0.41189301013946533,0.25267165899276733,372912
2005-08-30,0.4161829948425293,0.4247649908065796,0.41189301013946533,0.41189301013946533,0.25267165899276733,477793
2005-08-31,0.4161829948425293,0.4161829948425293,0.41189301013946533,0.41189301013946533,0.25267165899276733,93228
2005-09-01,0.45479801297187805,0.45479801297187805,0.42047399282455444,0.42047399282455444,0.25793561339378357,268030
2005-09-02,0.4076020121574402,0.41189301013946533,0.4076020121574402,0.41189301013946533,0.25267165899276733,116535
2005-09-05,0.4076020121574402,0.41189301013946533,0.40331199765205383,0.41189301013946533,0.25695428252220154,431179
2005-09-06,0.3990209996700287,0.40331199765205383,0.3990209996700287,0.3990209996700287,0.24892431497573853,151495
2005-09-07,0.3990209996700287,0.3990209996700287,0.3990209996700287,0.3990209996700287,0.24892431497573853,0
2005-09-08,0.41189301013946533,0.41189301013946533,0.41189301013946533,0.41189301013946533,0.25695428252220154,90897
2005-09-09,0.41189301013946533,0.41189301013946533,0.41189301013946533,0.41189301013946533,0.25695428252220154,0
2005-09-12,0.41189301013946533,0.41189301013946533,0.41189301013946533,0.41189301013946533,0.25695428252220154,0
2005-09-13,0.40331199765205383,0.41189301013946533,0.3861500024795532,0.41189301013946533,0.25695428252220154,153826
2005-09-14,0.40331199765205383,0.40331199765205383,0.3861500024795532,0.40331199765205383,0.25160109996795654,163149
2005-09-15,0.40331199765205383,0.40331199765205383,0.40331199765205383,0.40331199765205383,0.25160109996795654,0
2005-09-16,0.40331199765205383,0.40331199765205383,0.40331199765205383,0.40331199765205383,0.25160109996795654,0
2005-09-20,0.40331199765205383,0.40331199765205383,0.40331199765205383,0.40331199765205383,0.25160109996795654,0
2005-09-21,0.40331199765205383,0.40331199765205383,0.3818590044975281,0.3818590044975281,0.23821799457073212,128188
2005-09-22,0.3861500024795532,0.41189301013946533,0.3861500024795532,0.41189301013946533,0.25695428252220154,100220
2005-09-23,0.3904399871826172,0.3904399871826172,0.3904399871826172,0.3904399871826172,0.2435711920261383,116535
2005-09-26,0.3818590044975281,0.3818590044975281,0.3818590044975281,0.3818590044975281,0.23821799457073212,263369
2005-09-27,0.3818590044975281,0.3818590044975281,0.3818590044975281,0.3818590044975281,0.23821799457073212,16314
2005-09-28,0.3861500024795532,0.3861500024795532,0.3861500024795532,0.3861500024795532,0.2408948838710785,58267
2005-09-29,0.39473098516464233,0.40331199765205383,0.3818590044975281,0.40331199765205383,0.25160109996795654,298329
2005-09-30,0.3990209996700287,0.40331199765205383,0.39473098516464233,0.40331199765205383,0.25160109996795654,235400
2005-10-03,0.3818590044975281,0.3990209996700287,0.3818590044975281,0.39473098516464233,0.24624808132648468,349
2005-10-04,0.39473098516464233,0.39473098516464233,0.39473098516464233,0.39473098516464233,0.24624808132648468,0
2005-10-05,0.3861500024795532,0.3861500024795532,0.3818590044975281,0.3818590044975281,0.23821799457073212,349605
2005-10-06,0.36898699402809143,0.36898699402809143,0.36469700932502747,0.36469700932502747,0.2275116890668869,128188
2005-10-07,0.36469700932502747,0.36469700932502747,0.3604060113430023,0.36469700932502747,0.2275116890668869,337951
2005-10-10,0.36469700932502747,0.36469700932502747,0.3604060113430023,0.3604060113430023,0.2248348444700241,489447
2005-10-12,0.3604060113430023,0.3604060113430023,0.3432439863681793,0.3432439863681793,0.2141284942626953,268030
2005-10-13,0.3604060113430023,0.3604060113430023,0.3604060113430023,0.3604060113430023,0.2248348444700241,83905
2005-10-14,0.3432439863681793,0.3432439863681793,0.3389529883861542,0.3389529883861542,0.21145161986351013,372912
2005-10-17,0.3346630036830902,0.3518249988555908,0.3346630036830902,0.3518249988555908,0.21948163211345673,88566
2005-10-18,0.3432439863681793,0.3432439863681793,0.3260819911956787,0.3260819911956787,0.2034222036600113,81574
2005-10-19,0.3432439863681793,0.3432439863681793,0.3432439863681793,0.3432439863681793,0.2141284942626953,146834
2005-10-20,0.33037200570106506,0.33037200570106506,0.33037200570106506,0.33037200570106506,0.20609848201274872,46614
2005-10-21,0.33037200570106506,0.33037200570106506,0.33037200570106506,0.33037200570106506,0.20609848201274872,0
2005-10-24,0.3175010085105896,0.3260819911956787,0.28746700286865234,0.28746700286865234,0.17933273315429688,382234
2005-10-25,0.3003380000591278,0.3003380000591278,0.3003380000591278,0.3003380000591278,0.18736214935779572,186456
2005-10-26,0.3003380000591278,0.3003380000591278,0.3003380000591278,0.3003380000591278,0.18736214935779572,0
2005-10-27,0.2831760048866272,0.28746700286865234,0.2831760048866272,0.28746700286865234,0.17933273315429688,46614
2005-10-28,0.28746700286865234,0.28746700286865234,0.28746700286865234,0.28746700286865234,0.17933273315429688,0
2005-10-31,0.28746700286865234,0.28746700286865234,0.28746700286865234,0.28746700286865234,0.17933273315429688,0
2005-11-01,0.3003380000591278,0.3003380000591278,0.3003380000591278,0.3003380000591278,0.18736214935779572,0
2005-11-02,0.2660140097141266,0.2660140097141266,0.2660140097141266,0.2660140097141266,0.16594955325126648,58267
2005-11-03,0.2917569875717163,0.2917569875717163,0.2917569875717163,0.2917569875717163,0.18200896680355072,23
2005-11-04,0.2917569875717163,0.2917569875717163,0.2917569875717163,0.2917569875717163,0.18200896680355072,0
2005-11-07,0.2917569875717163,0.2917569875717163,0.2917569875717163,0.2917569875717163,0.18200896680355072,0
2005-11-08,0.2917569875717163,0.2917569875717163,0.2917569875717163,0.2917569875717163,0.18200896680355072,0
2005-11-09,0.3003380000591278,0.3003380000591278,0.3003380000591278,0.3003380000591278,0.18736214935779572,97889
2005-11-10,0.3003380000591278,0.3003380000591278,0.3003380000591278,0.3003380000591278,0.18736214935779572,0
2005-11-11,0.3260819911956787,0.3260819911956787,0.3260819911956787,0.3260819911956787,0.2034222036600113,116535
2005-11-14,0.3260819911956787,0.3260819911956787,0.3260819911956787,0.3260819911956787,0.2034222036600113,0
2005-11-15,0.3260819911956787,0.3260819911956787,0.3260819911956787,0.3260819911956787,0.2034222036600113,0
2005-11-16,0.3260819911956787,0.3260819911956787,0.3260819911956787,0.3260819911956787,0.2034222036600113,0
2005-11-17,0.3260819911956787,0.3260819911956787,0.3260819911956787,0.3260819911956787,0.2034222036600113,0
2005-11-18,0.3260819911956787,0.3260819911956787,0.3260819911956787,0.3260819911956787,0.2034222036600113,0
2005-11-21,0.3089199960231781,0.3089199960231781,0.3089199960231781,0.3089199960231781,0.19271589815616608,58267
2005-11-22,0.3089199960231781,0.3089199960231781,0.3089199960231781,0.3089199960231781,0.19271589815616608,0
2005-11-23,0.3089199960231781,0.3260819911956787,0.3089199960231781,0.3260819911956787,0.2034222036600113,116535
2005-11-24,0.30462899804115295,0.30462899804115295,0.30462899804115295,0.30462899804115295,0.1900389939546585,23307
2005-11-25,0.31321001052856445,0.31321001052856445,0.31321001052856445,0.31321001052856445,0.19539222121238708,0
2005-11-28,0.31321001052856445,0.31321001052856445,0.31321001052856445,0.31321001052856445,0.19539222121238708,0
2005-11-29,0.31321001052856445,0.31321001052856445,0.31321001052856445,0.31321001052856445,0.19539222121238708,0
2005-11-30,0.3260819911956787,0.3260819911956787,0.3260819911956787,0.3260819911956787,0.2034222036600113,0
2005-12-01,0.3346630036830902,0.3518249988555908,0.3346630036830902,0.3346630036830902,0.2087753266096115,125
2005-12-02,0.3260819911956787,0.3260819911956787,0.3260819911956787,0.3260819911956787,0.2034222036600113,58267
2005-12-05,0.3260819911956787,0.3432439863681793,0.3260819911956787,0.3432439863681793,0.2141284942626953,93228
2005-12-06,0.3175010085105896,0.3175010085105896,0.3175010085105896,0.3175010085105896,0.1980690360069275,58267
2005-12-07,0.3175010085105896,0.3175010085105896,0.3175010085105896,0.3175010085105896,0.1980690360069275,0
2005-12-08,0.3089199960231781,0.3089199960231781,0.3089199960231781,0.3089199960231781,0.19271589815616608,23307
2005-12-09,0.31321001052856445,0.31321001052856445,0.31321001052856445,0.31321001052856445,0.19539222121238708,0
2005-12-12,0.3260819911956787,0.3260819911956787,0.3175010085105896,0.3175010085105896,0.1980690360069275,193448
2005-12-13,0.3175010085105896,0.3175010085105896,0.3175010085105896,0.3175010085105896,0.1980690360069275,0
2005-12-14,0.3260819911956787,0.3260819911956787,0.3260819911956787,0.3260819911956787,0.2034222036600113,0
2005-12-15,0.3260819911956787,0.3260819911956787,0.3260819911956787,0.3260819911956787,0.2034222036600113,349605
2005-12-16,0.3260819911956787,0.3260819911956787,0.3260819911956787,0.3260819911956787,0.2034222036600113,0
2005-12-19,0.3260819911956787,0.3260819911956787,0.3260819911956787,0.3260819911956787,0.2034222036600113,23307
2005-12-20,0.3260819911956787,0.3260819911956787,0.3260819911956787,0.3260819911956787,0.2034222036600113,0
2005-12-21,0.3260819911956787,0.3260819911956787,0.3260819911956787,0.3260819911956787,0.2034222036600113,46614
2005-12-22,0.3260819911956787,0.3260819911956787,0.3260819911956787,0.3260819911956787,0.2034222036600113,0
2005-12-23,0.3260819911956787,0.3260819911956787,0.3260819911956787,0.3260819911956787,0.2034222036600113,0
2005-12-28,0.3260819911956787,0.3260819911956787,0.3260819911956787,0.3260819911956787,0.2034222036600113,0
2005-12-29,0.30462899804115295,0.32179099321365356,0.30462899804115295,0.32179099321365356,0.20315136015415192,46614
2005-12-30,0.3175010085105896,0.3175010085105896,0.3175010085105896,0.3175010085105896,0.20044299960136414,11653
2006-01-03,0.3089199960231781,0.3175010085105896,0.3089199960231781,0.3175010085105896,0.20044299960136414,158487
2006-01-04,0.3175010085105896,0.3175010085105896,0.3175010085105896,0.3175010085105896,0.20044299960136414,37291
2006-01-05,0.3175010085105896,0.3175010085105896,0.3175010085105896,0.3175010085105896,0.20044299960136414,0
2006-01-06,0.3389529883861542,0.3389529883861542,0.3346630036830902,0.3346630036830902,0.21127763390541077,128188
2006-01-09,0.3346630036830902,0.3518249988555908,0.3346630036830902,0.3432439863681793,0.21669495105743408,821571
2006-01-10,0.3432439863681793,0.3518249988555908,0.3432439863681793,0.34753501415252686,0.219403937458992,184125
2006-01-11,0.3518249988555908,0.3518249988555908,0.3518249988555908,0.3518249988555908,0.2221122682094574,268030
2006-01-12,0.3432439863681793,0.35611599683761597,0.3432439863681793,0.3432439863681793,0.21669495105743408,202770
2006-01-13,0.3346630036830902,0.3346630036830902,0.3346630036830902,0.3346630036830902,0.21127763390541077,132849
2006-01-16,0.3346630036830902,0.3346630036830902,0.3346630036830902,0.3346630036830902,0.21127763390541077,69921
2006-01-17,0.35611599683761597,0.36898699402809143,0.3518249988555908,0.3518249988555908,0.2221122682094574,885666
2006-01-18,0.3518249988555908,0.3518249988555908,0.3518249988555908,0.3518249988555908,0.2221122682094574,107212
2006-01-19,0.3518249988555908,0.3518249988555908,0.3518249988555908,0.3518249988555908,0.2221122682094574,501100
2006-01-20,0.3518249988555908,0.3518249988555908,0.3432439863681793,0.3432439863681793,0.21669495105743408,205101
2006-01-23,0.34753501415252686,0.34753501415252686,0.34753501415252686,0.34753501415252686,0.219403937458992,34960
2006-01-24,0.3432439863681793,0.3432439863681793,0.3432439863681793,0.3432439863681793,0.21669495105743408,58267
2006-01-25,0.3432439863681793,0.34753501415252686,0.3432439863681793,0.3432439863681793,0.21669495105743408,114204
2006-01-26,0.3432439863681793,0.3432439863681793,0.3432439863681793,0.3432439863681793,0.21669495105743408,93228
2006-01-27,0.3389529883861542,0.3518249988555908,0.3389529883861542,0.3518249988555908,0.2221122682094574,93
2006-02-01,0.3518249988555908,0.3518249988555908,0.3518249988555908,0.3518249988555908,0.2221122682094574,0
2006-02-02,0.35611599683761597,0.3604060113430023,0.35611599683761597,0.3604060113430023,0.22752965986728668,198109
2006-02-03,0.36898699402809143,0.36898699402809143,0.36469700932502747,0.36898699402809143,0.23294690251350403,410203
2006-02-06,0.36898699402809143,0.36898699402809143,0.36898699402809143,0.36898699402809143,0.23294690251350403,337951
2006-02-07,0.3732779920101166,0.3732779920101166,0.36898699402809143,0.36898699402809143,0.23294690251350403,400880
2006-02-08,0.3604060113430023,0.3604060113430023,0.3604060113430023,0.3604060113430023,0.22752965986728668,34960
2006-02-09,0.3604060113430023,0.3732779920101166,0.3604060113430023,0.3604060113430023,0.22752965986728668,283180
2006-02-10,0.3604060113430023,0.3604060113430023,0.3518249988555908,0.3518249988555908,0.2221122682094574,212093
2006-02-13,0.3518249988555908,0.3518249988555908,0.34753501415252686,0.34753501415252686,0.219403937458992,186456
2006-02-14,0.35611599683761597,0.35611599683761597,0.35611599683761597,0.35611599683761597,0.22482120990753174,23307
2006-02-15,0.3389529883861542,0.3389529883861542,0.3389529883861542,0.3389529883861542,0.21398597955703735,69921
2006-02-16,0.3432439863681793,0.36898699402809143,0.3389529883861542,0.36898699402809143,0.23294690251350403,209763
2006-02-17,0.36898699402809143,0.36898699402809143,0.3389529883861542,0.3604060113430023,0.22752965986728668,1037161
2006-02-20,0.3389529883861542,0.3518249988555908,0.3389529883861542,0.3432439863681793,0.21669495105743408,160818
2006-02-21,0.3432439863681793,0.3432439863681793,0.3346630036830902,0.3346630036830902,0.21127763390541077,209763
2006-02-22,0.3389529883861542,0.3389529883861542,0.3346630036830902,0.3346630036830902,0.21127763390541077,128188
2006-02-23,0.3432439863681793,0.3432439863681793,0.3346630036830902,0.3346630036830902,0.21127763390541077,386896
2006-02-24,0.3346630036830902,0.3346630036830902,0.3346630036830902,0.3346630036830902,0.21127763390541077,0
2006-02-27,0.3346630036830902,0.3346630036830902,0.3346630036830902,0.3346630036830902,0.21127763390541077,69921
2006-02-28,0.3346630036830902,0.3346630036830902,0.3346630036830902,0.3346630036830902,0.21127763390541077,174802
2006-03-01,0.3432439863681793,0.3432439863681793,0.3389529883861542,0.3389529883861542,0.21398597955703735,116535
2006-03-02,0.3432439863681793,0.3432439863681793,0.3432439863681793,0.3432439863681793,0.21669495105743408,146834
2006-03-03,0.3260819911956787,0.3518249988555908,0.3260819911956787,0.3518249988555908,0.2221122682094574,188786
2006-03-06,0.3518249988555908,0.3518249988555908,0.3518249988555908,0.3518249988555908,0.2221122682094574,0
2006-03-07,0.3518249988555908,0.3518249988555908,0.3518249988555908,0.3518249988555908,0.2221122682094574,0
2006-03-08,0.3003380000591278,0.3175010085105896,0.3003380000591278,0.3175010085105896,0.20044299960136414,291337
2006-03-09,0.3175010085105896,0.3518249988555908,0.3175010085105896,0.34753501415252686,0.219403937458992,1118736
2006-03-10,0.3432439863681793,0.3432439863681793,0.3432439863681793,0.3432439863681793,0.21669495105743408,186456
2006-03-13,0.3432439863681793,0.3432439863681793,0.3432439863681793,0.3432439863681793,0.21669495105743408,233070
2006-03-14,0.3432439863681793,0.3432439863681793,0.3432439863681793,0.3432439863681793,0.21669495105743408,233070
2006-03-15,0.3432439863681793,0.3432439863681793,0.3260819911956787,0.3346630036830902,0.21127763390541077,118865
2006-03-16,0.3432439863681793,0.3432439863681793,0.3432439863681793,0.3432439863681793,0.21669495105743408,170141
2006-03-17,0.3432439863681793,0.3432439863681793,0.3432439863681793,0.3432439863681793,0.21669495105743408,0
2006-03-20,0.3432439863681793,0.3432439863681793,0.3432439863681793,0.3432439863681793,0.21669495105743408,69921
2006-03-21,0.33037200570106506,0.3389529883861542,0.33037200570106506,0.3389529883861542,0.21398597955703735,104881
2006-03-22,0.3389529883861542,0.3432439863681793,0.3389529883861542,0.3432439863681793,0.21669495105743408,291337
2006-03-23,0.3389529883861542,0.3432439863681793,0.3389529883861542,0.3432439863681793,0.21669495105743408,160818
2006-03-24,0.33037200570106506,0.3432439863681793,0.33037200570106506,0.3432439863681793,0.21669495105743408,405541
2006-03-27,0.3432439863681793,0.3432439863681793,0.3432439863681793,0.3432439863681793,0.21669495105743408,23307
2006-03-28,0.3432439863681793,0.3432439863681793,0.3432439863681793,0.3432439863681793,0.21669495105743408,139842
2006-03-29,0.3518249988555908,0.36898699402809143,0.34753501415252686,0.36898699402809143,0.23294690251350403,962579
2006-03-30,0.36898699402809143,0.36898699402809143,0.35611599683761597,0.35611599683761597,0.22482120990753174,116535
2006-03-31,0.36469700932502747,0.36469700932502747,0.3518249988555908,0.3518249988555908,0.2221122682094574,37291
2006-04-03,0.34753501415252686,0.35611599683761597,0.34753501415252686,0.35611599683761597,0.22482120990753174,384565
2006-04-04,0.35611599683761597,0.3818590044975281,0.35611599683761597,0.3818590044975281,0.24107317626476288,769131
2006-04-06,0.39473098516464233,0.44621700048446655,0.39473098516464233,0.40331199765205383,0.25461676716804504,2580085
2006-04-07,0.40331199765205383,0.4076020121574402,0.39473098516464233,0.39473098516464233,0.24919945001602173,603651
2006-04-10,0.3861500024795532,0.3861500024795532,0.3861500024795532,0.3861500024795532,0.2437821477651596,139842
2006-04-11,0.39473098516464233,0.41189301013946533,0.39473098516464233,0.41189301013946533,0.26003408432006836,1552246
2006-04-12,0.39473098516464233,0.3990209996700287,0.39473098516464233,0.39473098516464233,0.24919945001602173,116535
2006-04-13,0.3861500024795532,0.39473098516464233,0.3861500024795532,0.39473098516464233,0.24919945001602173,139
2006-04-18,0.3904399871826172,0.39473098516464233,0.3904399871826172,0.39473098516464233,0.24919945001602173,150330
2006-04-19,0.39473098516464233,0.39473098516464233,0.39473098516464233,0.39473098516464233,0.24919945001602173,44283
2006-04-20,0.39473098516464233,0.40331199765205383,0.39473098516464233,0.40331199765205383,0.25461676716804504,293668
2006-04-21,0.39473098516464233,0.39473098516464233,0.3904399871826172,0.3904399871826172,0.2464904934167862,342612
2006-04-24,0.4076020121574402,0.4076020121574402,0.37756800651550293,0.37756800651550293,0.23836427927017212,862359
2006-04-25,0.39473098516464233,0.39473098516464233,0.3604060113430023,0.36898699402809143,0.23294690251350403,291
2006-04-26,0.36898699402809143,0.3732779920101166,0.36898699402809143,0.3732779920101166,0.23565581440925598,81574
2006-04-27,0.37756800651550293,0.37756800651550293,0.37756800651550293,0.37756800651550293,0.23836427927017212,116535
2006-04-28,0.37756800651550293,0.37756800651550293,0.36898699402809143,0.36898699402809143,0.23294690251350403,1018516
2006-05-02,0.3732779920101166,0.3861500024795532,0.3732779920101166,0.3861500024795532,0.2437821477651596,302991
2006-05-03,0.3818590044975281,0.3861500024795532,0.3818590044975281,0.3818590044975281,0.24107317626476288,285510
2006-05-04,0.3818590044975281,0.40331199765205383,0.37756800651550293,0.3990209996700287,0.2519078552722931,1139712
2006-05-08,0.4161829948425293,0.48054200410842896,0.4161829948425293,0.45479801297187805,0.2871205806732178,9462643
2006-05-09,0.45479801297187805,0.45479801297187805,0.42905500531196594,0.44621700048446655,0.2817033529281616,2137252
2006-05-10,0.44621700048446655,0.45479801297187805,0.42905500531196594,0.44621700048446655,0.2817033529281616,1059303
2006-05-11,0.43763598799705505,0.48912298679351807,0.43763598799705505,0.45479801297187805,0.2871205806732178,2794509
2006-05-12,0.44621700048446655,0.44621700048446655,0.43763598799705505,0.44621700048446655,0.2817033529281616,892658
2006-05-15,0.43763598799705505,0.43763598799705505,0.4247649908065796,0.4247649908065796,0.268160343170166,291337
2006-05-16,0.4247649908065796,0.43763598799705505,0.42047399282455444,0.42047399282455444,0.2654513716697693,454486
2006-05-17,0.42905500531196594,0.42905500531196594,0.42047399282455444,0.4247649908065796,0.268160343170166,419526
2006-05-18,0.41189301013946533,0.41189301013946533,0.41189301013946533,0.41189301013946533,0.26003408432006836,489447
2006-05-19,0.4161829948425293,0.4161829948425293,0.4161829948425293,0.4161829948425293,0.26274240016937256,58267
2006-05-22,0.40331199765205383,0.40331199765205383,0.3861500024795532,0.3861500024795532,0.2437821477651596,1421727
2006-05-23,0.3861500024795532,0.3861500024795532,0.3861500024795532,0.3861500024795532,0.2437821477651596,58267
2006-05-24,0.37756800651550293,0.37756800651550293,0.37756800651550293,0.37756800651550293,0.23836427927017212,198109
2006-05-25,0.40331199765205383,0.40331199765205383,0.3818590044975281,0.39473098516464233,0.24919945001602173,186
2006-05-26,0.4161829948425293,0.4161829948425293,0.3818590044975281,0.3818590044975281,0.24107317626476288,193448
2006-05-29,0.3818590044975281,0.39473098516464233,0.3818590044975281,0.39473098516464233,0.24919945001602173,39621
2006-05-30,0.39473098516464233,0.39473098516464233,0.3818590044975281,0.3818590044975281,0.24107317626476288,116535
2006-06-01,0.3732779920101166,0.3732779920101166,0.3732779920101166,0.3732779920101166,0.23565581440925598,149164
2006-06-02,0.3732779920101166,0.3732779920101166,0.3732779920101166,0.3732779920101166,0.23565581440925598,34960
2006-06-05,0.3861500024795532,0.3861500024795532,0.3861500024795532,0.3861500024795532,0.2437821477651596,0
2006-06-06,0.39473098516464233,0.4076020121574402,0.37756800651550293,0.37756800651550293,0.23836427927017212,247054
2006-06-07,0.36469700932502747,0.36898699402809143,0.34753501415252686,0.34753501415252686,0.219403937458992,2058008
2006-06-08,0.5148659944534302,0.5148659944534302,0.34753501415252686,0.34753501415252686,0.219403937458992,936941
2006-06-09,0.3518249988555908,0.3518249988555908,0.34753501415252686,0.34753501415252686,0.219403937458992,11653
2006-06-12,0.3432439863681793,0.3432439863681793,0.3432439863681793,0.3432439863681793,0.21669495105743408,116535
2006-06-13,0.3432439863681793,0.3432439863681793,0.32179099321365356,0.32179099321365356,0.20315136015415192,272691
2006-06-14,0.33037200570106506,0.34753501415252686,0.33037200570106506,0.3346630036830902,0.21127763390541077,268030
2006-06-15,0.3346630036830902,0.3346630036830902,0.3346630036830902,0.3346630036830902,0.21127763390541077,0
2006-06-16,0.3518249988555908,0.3518249988555908,0.3432439863681793,0.3432439863681793,0.21669495105743408,139842
2006-06-19,0.34753501415252686,0.34753501415252686,0.34753501415252686,0.34753501415252686,0.219403937458992,16314
2006-06-20,0.3518249988555908,0.3604060113430023,0.3432439863681793,0.35611599683761597,0.22482120990753174,675903
2006-06-21,0.35611599683761597,0.35611599683761597,0.35611599683761597,0.35611599683761597,0.22482120990753174,0
2006-06-22,0.3518249988555908,0.3732779920101166,0.3518249988555908,0.3732779920101166,0.23565581440925598,81574
2006-06-23,0.3604060113430023,0.3604060113430023,0.3604060113430023,0.3604060113430023,0.22752965986728668,69921
2006-06-26,0.3604060113430023,0.3732779920101166,0.3604060113430023,0.3732779920101166,0.23565581440925598,86235
2006-06-27,0.3732779920101166,0.3732779920101166,0.3732779920101166,0.3732779920101166,0.23565581440925598,0
2006-06-28,0.36898699402809143,0.36898699402809143,0.3604060113430023,0.3604060113430023,0.22752965986728668,174802
2006-06-29,0.36898699402809143,0.36898699402809143,0.36469700932502747,0.36469700932502747,0.23023860156536102,139842
2006-06-30,0.36469700932502747,0.36469700932502747,0.36469700932502747,0.36469700932502747,0.23023860156536102,53606
2006-07-03,0.3818590044975281,0.3861500024795532,0.37756800651550293,0.3861500024795532,0.2437821477651596,647934
2006-07-04,0.3861500024795532,0.3861500024795532,0.37756800651550293,0.37756800651550293,0.23836427927017212,330959
2006-07-05,0.37756800651550293,0.3818590044975281,0.35611599683761597,0.35611599683761597,0.22482120990753174,314644
2006-07-06,0.35611599683761597,0.36898699402809143,0.3518249988555908,0.36898699402809143,0.23294690251350403,375242
2006-07-07,0.36469700932502747,0.36898699402809143,0.36469700932502747,0.36898699402809143,0.23294690251350403,58267
2006-07-10,0.36469700932502747,0.36469700932502747,0.36469700932502747,0.36469700932502747,0.23023860156536102,93228
2006-07-11,0.36469700932502747,0.36469700932502747,0.36469700932502747,0.36469700932502747,0.23023860156536102,100220
2006-07-12,0.36898699402809143,0.36898699402809143,0.3604060113430023,0.3604060113430023,0.22752965986728668,713194
2006-07-13,0.36469700932502747,0.36469700932502747,0.3604060113430023,0.3604060113430023,0.22752965986728668,419526
2006-07-14,0.3604060113430023,0.3604060113430023,0.3604060113430023,0.3604060113430023,0.22752965986728668,0
2006-07-17,0.35611599683761597,0.35611599683761597,0.3518249988555908,0.3518249988555908,0.2221122682094574,102550
2006-07-18,0.35611599683761597,0.35611599683761597,0.35611599683761597,0.35611599683761597,0.22482120990753174,81574
2006-07-19,0.35611599683761597,0.35611599683761597,0.35611599683761597,0.35611599683761597,0.22482120990753174,0
2006-07-20,0.3604060113430023,0.36898699402809143,0.3604060113430023,0.36898699402809143,0.23294690251350403,116535
2006-07-21,0.35611599683761597,0.36469700932502747,0.35611599683761597,0.36469700932502747,0.23023860156536102,152660
2006-07-24,0.3518249988555908,0.3518249988555908,0.3432439863681793,0.3518249988555908,0.2221122682094574,116
2006-07-25,0.3432439863681793,0.3518249988555908,0.3432439863681793,0.3518249988555908,0.2221122682094574,23307
2006-07-26,0.3604060113430023,0.3604060113430023,0.3604060113430023,0.3604060113430023,0.22752965986728668,23307
2006-07-27,0.35611599683761597,0.35611599683761597,0.35611599683761597,0.35611599683761597,0.22482120990753174,34960
2006-07-28,0.35611599683761597,0.36469700932502747,0.3518249988555908,0.3518249988555908,0.2221122682094574,330959
2006-07-31,0.3518249988555908,0.3518249988555908,0.3518249988555908,0.3518249988555908,0.2221122682094574,0
2006-08-01,0.3518249988555908,0.35611599683761597,0.3518249988555908,0.35611599683761597,0.22482120990753174,351935
2006-08-02,0.3518249988555908,0.3518249988555908,0.3518249988555908,0.3518249988555908,0.2221122682094574,2330
2006-08-03,0.3518249988555908,0.3518249988555908,0.3518249988555908,0.3518249988555908,0.2221122682094574,11653
2006-08-04,0.3518249988555908,0.3518249988555908,0.3518249988555908,0.3518249988555908,0.2221122682094574,0
2006-08-07,0.3518249988555908,0.37756800651550293,0.3518249988555908,0.37756800651550293,0.23836427927017212,361258
2006-08-08,0.35611599683761597,0.36898699402809143,0.35611599683761597,0.36898699402809143,0.23294690251350403,174802
2006-08-09,0.36469700932502747,0.36469700932502747,0.36469700932502747,0.36469700932502747,0.23023860156536102,0
2006-08-10,0.36469700932502747,0.36469700932502747,0.36469700932502747,0.36469700932502747,0.23023860156536102,0
2006-08-11,0.36469700932502747,0.36469700932502747,0.36469700932502747,0.36469700932502747,0.23023860156536102,0
2006-08-14,0.35611599683761597,0.35611599683761597,0.35611599683761597,0.35611599683761597,0.22482120990753174,76913
2006-08-15,0.3604060113430023,0.3604060113430023,0.3604060113430023,0.3604060113430023,0.22752965986728668,116535
2006-08-16,0.3604060113430023,0.3732779920101166,0.3604060113430023,0.3732779920101166,0.23565581440925598,874012
2006-08-17,0.3732779920101166,0.3732779920101166,0.3732779920101166,0.3732779920101166,0.23565581440925598,0
2006-08-18,0.3732779920101166,0.3732779920101166,0.3732779920101166,0.3732779920101166,0.23565581440925598,0
2006-08-21,0.36469700932502747,0.36469700932502747,0.36469700932502747,0.36469700932502747,0.23023860156536102,0
2006-08-22,0.36469700932502747,0.36469700932502747,0.36469700932502747,0.36469700932502747,0.23023860156536102,0
2006-08-23,0.35611599683761597,0.35611599683761597,0.35611599683761597,0.35611599683761597,0.22482120990753174,582675
2006-08-24,0.3432439863681793,0.3604060113430023,0.3432439863681793,0.3604060113430023,0.23200206458568573,55936
2006-08-25,0.3432439863681793,0.3518249988555908,0.3389529883861542,0.34753501415252686,0.2237166166305542,405541
2006-08-28,0.3432439863681793,0.3432439863681793,0.3389529883861542,0.3389529883861542,0.2181921750307083,393888
2006-08-29,0.3432439863681793,0.3432439863681793,0.3432439863681793,0.3432439863681793,0.22095438838005066,208597
2006-08-30,0.3432439863681793,0.3432439863681793,0.3432439863681793,0.3432439863681793,0.22095438838005066,367085
2006-08-31,0.3518249988555908,0.35611599683761597,0.34753501415252686,0.34753501415252686,0.2237166166305542,640942
2006-09-01,0.35611599683761597,0.35611599683761597,0.34753501415252686,0.3518249988555908,0.2264782041311264,168975
2006-09-04,0.3518249988555908,0.3518249988555908,0.3518249988555908,0.3518249988555908,0.2264782041311264,0
2006-09-05,0.3518249988555908,0.35611599683761597,0.3518249988555908,0.3518249988555908,0.2264782041311264,198109
2006-09-06,0.3518249988555908,0.35611599683761597,0.3518249988555908,0.35611599683761597,0.22924038767814636,177133
2006-09-07,0.35611599683761597,0.36898699402809143,0.35611599683761597,0.36898699402809143,0.2375257909297943,466140
2006-09-08,0.36469700932502747,0.36469700932502747,0.36469700932502747,0.36469700932502747,0.23476426303386688,0
2006-09-11,0.3604060113430023,0.3604060113430023,0.3604060113430023,0.3604060113430023,0.23200206458568573,0
2006-09-12,0.3518249988555908,0.3518249988555908,0.3518249988555908,0.3518249988555908,0.2264782041311264,168975
2006-09-13,0.3518249988555908,0.3518249988555908,0.34753501415252686,0.34753501415252686,0.2237166166305542,116535
2006-09-14,0.3518249988555908,0.3518249988555908,0.3518249988555908,0.3518249988555908,0.2264782041311264,187621
2006-09-15,0.34753501415252686,0.34753501415252686,0.34753501415252686,0.34753501415252686,0.2237166166305542,34960
2006-09-18,0.34753501415252686,0.34753501415252686,0.34753501415252686,0.34753501415252686,0.2237166166305542,0
2006-09-19,0.3518249988555908,0.3518249988555908,0.3518249988555908,0.3518249988555908,0.2264782041311264,53606
2006-09-20,0.36469700932502747,0.36469700932502747,0.3518249988555908,0.3518249988555908,0.2264782041311264,137511
2006-09-21,0.3604060113430023,0.36469700932502747,0.3604060113430023,0.36469700932502747,0.23476426303386688,457982
2006-09-22,0.35611599683761597,0.3604060113430023,0.35611599683761597,0.3604060113430023,0.23200206458568573,417195
2006-09-25,0.3604060113430023,0.36469700932502747,0.35611599683761597,0.35611599683761597,0.22924038767814636,594328
2006-09-26,0.3604060113430023,0.3604060113430023,0.35611599683761597,0.35611599683761597,0.22924038767814636,1018516
2006-09-27,0.3518249988555908,0.36469700932502747,0.3518249988555908,0.36469700932502747,0.23476426303386688,247054
2006-09-28,0.3604060113430023,0.3604060113430023,0.35611599683761597,0.35611599683761597,0.22924038767814636,388061
2006-09-29,0.35611599683761597,0.35611599683761597,0.3518249988555908,0.3518249988555908,0.2264782041311264,116535
2006-10-03,0.3518249988555908,0.3518249988555908,0.3518249988555908,0.3518249988555908,0.2264782041311264,0
2006-10-04,0.3518249988555908,0.3518249988555908,0.3518249988555908,0.3518249988555908,0.2264782041311264,116535
2006-10-05,0.3518249988555908,0.3518249988555908,0.3518249988555908,0.3518249988555908,0.2264782041311264,419526
2006-10-06,0.3518249988555908,0.3518249988555908,0.3518249988555908,0.3518249988555908,0.2264782041311264,0
2006-10-09,0.34753501415252686,0.34753501415252686,0.34753501415252686,0.34753501415252686,0.2237166166305542,58267
2006-10-10,0.34753501415252686,0.34753501415252686,0.34753501415252686,0.34753501415252686,0.2237166166305542,312313
2006-10-11,0.3432439863681793,0.3518249988555908,0.3432439863681793,0.3518249988555908,0.2264782041311264,257542
2006-10-12,0.3432439863681793,0.35611599683761597,0.3432439863681793,0.3518249988555908,0.2264782041311264,337951
2006-10-13,0.3432439863681793,0.3518249988555908,0.3432439863681793,0.3518249988555908,0.2264782041311264,785446
2006-10-16,0.35611599683761597,0.35611599683761597,0.35611599683761597,0.35611599683761597,0.22924038767814636,60598
2006-10-17,0.34753501415252686,0.3518249988555908,0.34753501415252686,0.34753501415252686,0.2237166166305542,110708
2006-10-18,0.34753501415252686,0.34753501415252686,0.34753501415252686,0.34753501415252686,0.2237166166305542,0
2006-10-19,0.34753501415252686,0.34753501415252686,0.34753501415252686,0.34753501415252686,0.2237166166305542,0
2006-10-20,0.3518249988555908,0.35611599683761597,0.3518249988555908,0.3518249988555908,0.2264782041311264,139842
2006-10-23,0.3518249988555908,0.3518249988555908,0.3518249988555908,0.3518249988555908,0.2264782041311264,164314
2006-10-24,0.3518249988555908,0.3518249988555908,0.3518249988555908,0.3518249988555908,0.2264782041311264,46614
2006-10-25,0.34753501415252686,0.3518249988555908,0.34753501415252686,0.3518249988555908,0.2264782041311264,53606
2006-10-26,0.3518249988555908,0.3604060113430023,0.3518249988555908,0.35611599683761597,0.22924038767814636,405541
2006-10-27,0.35611599683761597,0.36469700932502747,0.35611599683761597,0.35611599683761597,0.22924038767814636,908973
2006-10-31,0.35611599683761597,0.35611599683761597,0.35611599683761597,0.35611599683761597,0.22924038767814636,0
2006-11-01,0.35611599683761597,0.35611599683761597,0.35611599683761597,0.35611599683761597,0.22924038767814636,0
2006-11-02,0.3604060113430023,0.3604060113430023,0.3604060113430023,0.3604060113430023,0.23200206458568573,237731
2006-11-03,0.3604060113430023,0.3604060113430023,0.3604060113430023,0.3604060113430023,0.23200206458568573,0
2006-11-06,0.35611599683761597,0.35611599683761597,0.35611599683761597,0.35611599683761597,0.22924038767814636,46614
2006-11-07,0.35611599683761597,0.35611599683761597,0.3518249988555908,0.3518249988555908,0.2264782041311264,135180
2006-11-08,0.3518249988555908,0.3604060113430023,0.3518249988555908,0.3518249988555908,0.2264782041311264,256377
2006-11-09,0.35611599683761597,0.35611599683761597,0.35611599683761597,0.35611599683761597,0.22924038767814636,116535
2006-11-10,0.35611599683761597,0.35611599683761597,0.35611599683761597,0.35611599683761597,0.22924038767814636,58267
2006-11-13,0.34753501415252686,0.36469700932502747,0.34753501415252686,0.36469700932502747,0.23476426303386688,203936
2006-11-14,0.35611599683761597,0.36469700932502747,0.35611599683761597,0.35611599683761597,0.22924038767814636,590832
2006-11-15,0.35611599683761597,0.3604060113430023,0.35611599683761597,0.3604060113430023,0.23200206458568573,435840
2006-11-16,0.3604060113430023,0.3604060113430023,0.3604060113430023,0.3604060113430023,0.23200206458568573,111873
2006-11-17,0.3604060113430023,0.36469700932502747,0.3604060113430023,0.36469700932502747,0.23476426303386688,762139
2006-11-20,0.36469700932502747,0.3732779920101166,0.36469700932502747,0.3732779920101166,0.24028795957565308,885666
2006-11-21,0.3732779920101166,0.37756800651550293,0.3732779920101166,0.3732779920101166,0.24028795957565308,309983
2006-11-22,0.37756800651550293,0.3818590044975281,0.3732779920101166,0.3732779920101166,0.24028795957565308,617635
2006-11-23,0.36898699402809143,0.3732779920101166,0.36469700932502747,0.36469700932502747,0.23476426303386688,643273
2006-11-24,0.36898699402809143,0.36898699402809143,0.36898699402809143,0.36898699402809143,0.2375257909297943,174802
2006-11-27,0.36898699402809143,0.36898699402809143,0.36898699402809143,0.36898699402809143,0.2375257909297943,163149
2006-11-28,0.36469700932502747,0.36469700932502747,0.3604060113430023,0.3604060113430023,0.23200206458568573,209763
2006-11-29,0.36469700932502747,0.3732779920101166,0.36469700932502747,0.3732779920101166,0.24028795957565308,163149
2006-11-30,0.3732779920101166,0.3732779920101166,0.3732779920101166,0.3732779920101166,0.24028795957565308,0
2006-12-01,0.3732779920101166,0.3818590044975281,0.3732779920101166,0.3818590044975281,0.24581179022789001,1130389
2006-12-04,0.3861500024795532,0.3861500024795532,0.37756800651550293,0.3818590044975281,0.24581179022789001,286676
2006-12-05,0.3818590044975281,0.3818590044975281,0.37756800651550293,0.37756800651550293,0.24304965138435364,46614
2006-12-06,0.37756800651550293,0.37756800651550293,0.37756800651550293,0.37756800651550293,0.24304965138435364,174802
2006-12-07,0.37756800651550293,0.37756800651550293,0.37756800651550293,0.37756800651550293,0.24304965138435364,167810
2006-12-08,0.36469700932502747,0.37756800651550293,0.36469700932502747,0.37756800651550293,0.24304965138435364,107212
2006-12-11,0.37756800651550293,0.3904399871826172,0.3732779920101166,0.3904399871826172,0.25133559107780457,1009193
2006-12-12,0.3904399871826172,0.3904399871826172,0.37756800651550293,0.37756800651550293,0.24304965138435364,1232940
2006-12-13,0.37756800651550293,0.37756800651550293,0.3732779920101166,0.3732779920101166,0.24028795957565308,158487
2006-12-14,0.37756800651550293,0.37756800651550293,0.37756800651550293,0.37756800651550293,0.24304965138435364,291337
2006-12-15,0.37756800651550293,0.37756800651550293,0.36469700932502747,0.36469700932502747,0.23476426303386688,431179
2006-12-18,0.36898699402809143,0.36898699402809143,0.36898699402809143,0.36898699402809143,0.2375257909297943,11653
2006-12-19,0.37756800651550293,0.37756800651550293,0.3732779920101166,0.3732779920101166,0.24028795957565308,174802
2006-12-20,0.3818590044975281,0.3990209996700287,0.3818590044975281,0.39473098516464233,0.2540978193283081,1584876
2006-12-21,0.4076020121574402,0.4076020121574402,0.3861500024795532,0.39473098516464233,0.2540978193283081,1988087
2006-12-22,0.39473098516464233,0.39473098516464233,0.3818590044975281,0.3818590044975281,0.24581179022789001,23307
2006-12-27,0.3818590044975281,0.3861500024795532,0.3818590044975281,0.3861500024795532,0.24857403337955475,407872
2006-12-28,0.3861500024795532,0.3861500024795532,0.37756800651550293,0.37756800651550293,0.2455049753189087,431179
2006-12-29,0.37756800651550293,0.40331199765205383,0.37756800651550293,0.40331199765205383,0.26224440336227417,410203
2007-01-02,0.37756800651550293,0.3818590044975281,0.37756800651550293,0.3818590044975281,0.24829508364200592,53606
2007-01-03,0.37756800651550293,0.3861500024795532,0.37756800651550293,0.3861500024795532,0.25108522176742554,550045
2007-01-04,0.37756800651550293,0.39473098516464233,0.37756800651550293,0.37756800651550293,0.2455049753189087,580344
2007-01-05,0.36898699402809143,0.37756800651550293,0.36898699402809143,0.37756800651550293,0.2455049753189087,99054
2007-01-08,0.36898699402809143,0.37756800651550293,0.36898699402809143,0.37756800651550293,0.2455049753189087,13984
2007-01-09,0.36898699402809143,0.36898699402809143,0.36898699402809143,0.36898699402809143,0.23992538452148438,116535
2007-01-10,0.36898699402809143,0.37756800651550293,0.36898699402809143,0.37756800651550293,0.2455049753189087,724847
2007-01-11,0.3732779920101166,0.37756800651550293,0.36898699402809143,0.36898699402809143,0.23992538452148438,314644
2007-01-12,0.36898699402809143,0.37756800651550293,0.36898699402809143,0.37756800651550293,0.2455049753189087,745824
2007-01-15,0.3732779920101166,0.37756800651550293,0.3732779920101166,0.37756800651550293,0.2455049753189087,151495
2007-01-16,0.3818590044975281,0.3818590044975281,0.3732779920101166,0.37756800651550293,0.2455049753189087,319305
2007-01-17,0.37756800651550293,0.37756800651550293,0.37756800651550293,0.37756800651550293,0.2455049753189087,93228
2007-01-18,0.3732779920101166,0.3732779920101166,0.3732779920101166,0.3732779920101166,0.2427154779434204,172471
2007-01-19,0.3818590044975281,0.3818590044975281,0.3818590044975281,0.3818590044975281,0.24829508364200592,233070
2007-01-22,0.3818590044975281,0.3904399871826172,0.3818590044975281,0.3861500024795532,0.25108522176742554,279684
2007-01-23,0.3861500024795532,0.3861500024795532,0.3861500024795532,0.3861500024795532,0.25108522176742554,0
2007-01-24,0.3861500024795532,0.3861500024795532,0.3861500024795532,0.3861500024795532,0.25108522176742554,263369
2007-01-25,0.3904399871826172,0.3990209996700287,0.3904399871826172,0.3990209996700287,0.25945430994033813,1020846
2007-01-26,0.3904399871826172,0.3904399871826172,0.3818590044975281,0.3818590044975281,0.24829508364200592,379904
2007-01-29,0.39473098516464233,0.42047399282455444,0.3861500024795532,0.40331199765205383,0.26224440336227417,2787517
2007-01-30,0.40331199765205383,0.40331199765205383,0.40331199765205383,0.40331199765205383,0.26224440336227417,0
2007-01-31,0.39473098516464233,0.39473098516464233,0.3861500024795532,0.3861500024795532,0.25108522176742554,477793
2007-02-01,0.41189301013946533,0.41189301013946533,0.3904399871826172,0.3990209996700287,0.25945430994033813,163
2007-02-02,0.3990209996700287,0.4076020121574402,0.3990209996700287,0.40331199765205383,0.26224440336227417,1202641
2007-02-05,0.42047399282455444,0.48054200410842896,0.4161829948425293,0.47196099162101746,0.3068818151950836,9952090
2007-02-06,0.48054200410842896,0.48054200410842896,0.45479801297187805,0.45479801297187805,0.29572197794914246,2404117
2007-02-07,0.45479801297187805,0.45479801297187805,0.43763598799705505,0.44621700048446655,0.29014235734939575,1584876
2007-02-08,0.43763598799705505,0.45479801297187805,0.43763598799705505,0.44621700048446655,0.29014235734939575,608312
2007-02-09,0.46338000893592834,0.46338000893592834,0.44621700048446655,0.46338000893592834,0.3013022541999817,424187
2007-02-12,0.45479801297187805,0.5148659944534302,0.45479801297187805,0.5062850117683411,0.32920029759407043,2440
2007-02-13,0.5062850117683411,0.5148659944534302,0.48054200410842896,0.5062850117683411,0.32920029759407043,3360869
2007-02-14,0.5062850117683411,0.5234469771385193,0.5062850117683411,0.5148659944534302,0.3347797989845276,2405282
2007-02-15,0.5234469771385193,0.5234469771385193,0.5062850117683411,0.5062850117683411,0.32920029759407043,2067331
2007-02-16,0.5062850117683411,0.5062850117683411,0.49770399928092957,0.5062850117683411,0.32920029759407043,640942
2007-02-21,0.49770399928092957,0.49770399928092957,0.48912298679351807,0.48912298679351807,0.31804102659225464,899650
2007-02-22,0.49770399928092957,0.5062850117683411,0.48912298679351807,0.49770399928092957,0.32362064719200134,1358798
2007-02-23,0.49770399928092957,0.49770399928092957,0.48054200410842896,0.48912298679351807,0.31804102659225464,640942
2007-02-26,0.48912298679351807,0.5148659944534302,0.48912298679351807,0.49770399928092957,0.32362064719200134,1023177
2007-02-27,0.49770399928092957,0.49770399928092957,0.48054200410842896,0.48054200410842896,0.3124614655971527,1456687
2007-02-28,0.42905500531196594,0.47196099162101746,0.42905500531196594,0.47196099162101746,0.3068818151950836,773792
2007-03-01,0.47196099162101746,0.47196099162101746,0.43763598799705505,0.45479801297187805,0.29572197794914246,638
2007-03-02,0.45479801297187805,0.45479801297187805,0.4161829948425293,0.43763598799705505,0.2845628261566162,832060
2007-03-05,0.42047399282455444,0.4247649908065796,0.4161829948425293,0.4161829948425293,0.27061349153518677,526738
2007-03-06,0.4161829948425293,0.4247649908065796,0.4161829948425293,0.4161829948425293,0.27061349153518677,361258
2007-03-07,0.42905500531196594,0.42905500531196594,0.4247649908065796,0.4247649908065796,0.2761937379837036,70065
2007-03-08,0.4247649908065796,0.4247649908065796,0.4247649908065796,0.4247649908065796,0.2761937379837036,0
2007-03-09,0.42905500531196594,0.42905500531196594,0.4247649908065796,0.4247649908065796,0.2761937379837036,377573
2007-03-12,0.43763598799705505,0.43763598799705505,0.4247649908065796,0.43763598799705505,0.2845628261566162,216755
2007-03-13,0.42905500531196594,0.42905500531196594,0.42905500531196594,0.42905500531196594,0.2789832055568695,58267
2007-03-14,0.4161829948425293,0.4161829948425293,0.4161829948425293,0.4161829948425293,0.27061349153518677,34960
2007-03-15,0.4247649908065796,0.4247649908065796,0.4247649908065796,0.4247649908065796,0.2761937379837036,11653
2007-03-16,0.4247649908065796,0.4247649908065796,0.4247649908065796,0.4247649908065796,0.2761937379837036,0
2007-03-19,0.4247649908065796,0.43763598799705505,0.4247649908065796,0.4247649908065796,0.2761937379837036,699210
2007-03-20,0.4247649908065796,0.42905500531196594,0.42047399282455444,0.42905500531196594,0.2789832055568695,745824
2007-03-21,0.42047399282455444,0.42905500531196594,0.42047399282455444,0.42905500531196594,0.2789832055568695,503431
2007-03-22,0.4247649908065796,0.42905500531196594,0.4247649908065796,0.42905500531196594,0.2789832055568695,454486
2007-03-23,0.42047399282455444,0.42905500531196594,0.42047399282455444,0.42905500531196594,0.2789832055568695,354266
2007-03-26,0.42905500531196594,0.42905500531196594,0.42905500531196594,0.42905500531196594,0.2789832055568695,139842
2007-03-27,0.42905500531196594,0.42905500531196594,0.42047399282455444,0.42047399282455444,0.2734036147594452,172471
2007-03-28,0.42047399282455444,0.42047399282455444,0.42047399282455444,0.42047399282455444,0.2734036147594452,0
2007-03-29,0.42047399282455444,0.42047399282455444,0.42047399282455444,0.42047399282455444,0.2734036147594452,0
2007-03-30,0.4247649908065796,0.42905500531196594,0.4247649908065796,0.42905500531196594,0.2789832055568695,34960
2007-04-02,0.42905500531196594,0.43763598799705505,0.42905500531196594,0.42905500531196594,0.2789832055568695,309983
2007-04-03,0.42905500531196594,0.42905500531196594,0.42905500531196594,0.42905500531196594,0.2789832055568695,163149
2007-04-04,0.42905500531196594,0.45479801297187805,0.42905500531196594,0.45479801297187805,0.29572197794914246,1927489
2007-04-10,0.45479801297187805,0.46338000893592834,0.43763598799705505,0.43763598799705505,0.2845628261566162,1209633
2007-04-11,0.44621700048446655,0.45479801297187805,0.43763598799705505,0.45479801297187805,0.29572197794914246,463809
2007-04-12,0.43763598799705505,0.44621700048446655,0.43763598799705505,0.44621700048446655,0.29014235734939575,519746
2007-04-13,0.44621700048446655,0.44621700048446655,0.44621700048446655,0.44621700048446655,0.29014235734939575,300660
2007-04-16,0.44621700048446655,0.44621700048446655,0.44621700048446655,0.44621700048446655,0.29014235734939575,323967
2007-04-17,0.43763598799705505,0.44621700048446655,0.43763598799705505,0.44621700048446655,0.29014235734939575,235400
2007-04-18,0.43763598799705505,0.43763598799705505,0.43763598799705505,0.43763598799705505,0.2845628261566162,559368
2007-04-19,0.42905500531196594,0.42905500531196594,0.42905500531196594,0.42905500531196594,0.2789832055568695,1125728
2007-04-20,0.43763598799705505,0.44621700048446655,0.43763598799705505,0.44621700048446655,0.29014235734939575,703871
2007-04-23,0.45479801297187805,0.45479801297187805,0.43763598799705505,0.43763598799705505,0.2845628261566162,561698
2007-04-24,0.43763598799705505,0.43763598799705505,0.43763598799705505,0.43763598799705505,0.2845628261566162,46614
2007-04-25,0.44621700048446655,0.44621700048446655,0.43763598799705505,0.43763598799705505,0.2845628261566162,466140
2007-04-26,0.43763598799705505,0.43763598799705505,0.43763598799705505,0.43763598799705505,0.2845628261566162,116535
2007-04-27,0.43763598799705505,0.46338000893592834,0.43763598799705505,0.46338000893592834,0.3013022541999817,1326168
2007-04-30,0.45479801297187805,0.46338000893592834,0.44621700048446655,0.44621700048446655,0.29014235734939575,326298
2007-05-02,0.45479801297187805,0.46338000893592834,0.45479801297187805,0.46338000893592834,0.3013022541999817,918295
2007-05-03,0.46338000893592834,0.47196099162101746,0.45479801297187805,0.45479801297187805,0.29572197794914246,1116405
2007-05-04,0.46338000893592834,0.5148659944534302,0.46338000893592834,0.49770399928092957,0.32362064719200134,5008675
2007-05-07,0.49770399928092957,0.5062850117683411,0.48054200410842896,0.48912298679351807,0.31804102659225464,1752686
2007-05-08,0.48054200410842896,0.49770399928092957,0.48054200410842896,0.49770399928092957,0.32362064719200134,808753
2007-05-09,0.5320280194282532,0.5577719807624817,0.5148659944534302,0.5320280194282532,0.3459390103816986,10207302
2007-05-10,0.5234469771385193,0.5320280194282532,0.5148659944534302,0.5234469771385193,0.34035933017730713,3295610
2007-05-11,0.5234469771385193,0.5320280194282532,0.5148659944534302,0.5320280194282532,0.3459390103816986,1887867
2007-05-14,0.5320280194282532,0.5663530230522156,0.5320280194282532,0.5406100153923035,0.35151931643486023,5055289
2007-05-15,0.5406100153923035,0.5406100153923035,0.49770399928092957,0.5148659944534302,0.3347797989845276,2130260
2007-05-16,0.5234469771385193,0.5491909980773926,0.5234469771385193,0.5406100153923035,0.35151931643486023,1563899
2007-05-17,0.5406100153923035,0.5491909980773926,0.5320280194282532,0.5320280194282532,0.3459390103816986,1869221
2007-05-18,0.5234469771385193,0.5320280194282532,0.5148659944534302,0.5320280194282532,0.3459390103816986,533730
2007-05-21,0.5491909980773926,0.5491909980773926,0.5234469771385193,0.5234469771385193,0.34035933017730713,887996
2007-05-22,0.5234469771385193,0.5320280194282532,0.5148659944534302,0.5320280194282532,0.3459390103816986,839052
2007-05-23,0.5320280194282532,0.5320280194282532,0.5234469771385193,0.5234469771385193,0.34035933017730713,1340152
2007-05-25,0.5234469771385193,0.5577719807624817,0.5148659944534302,0.5406100153923035,0.35151931643486023,1639647
2007-05-28,0.5491909980773926,0.5491909980773926,0.5320280194282532,0.5491909980773926,0.35709887742996216,3681341
2007-05-29,0.5663530230522156,0.6350020170211792,0.5491909980773926,0.6350020170211792,0.4128955006599426,29211833
2007-05-30,0.6350020170211792,0.6350020170211792,0.5835149884223938,0.6092579960823059,0.39615610241889954,9504596
2007-05-31,0.6092579960823059,0.6350020170211792,0.6092579960823059,0.6178399920463562,0.4017362892627716,4328110
2007-06-01,0.6435829997062683,0.720812976360321,0.6435829997062683,0.7036510109901428,0.4575330913066864,21302601
2007-06-04,0.7293940186500549,0.7465559840202332,0.7036510109901428,0.720812976360321,0.4686920642852783,8827527
2007-06-05,0.720812976360321,0.7293940186500549,0.6264209747314453,0.6950700283050537,0.45195335149765015,4465621
2007-06-06,0.6864879727363586,0.6864879727363586,0.6521639823913574,0.6693260073661804,0.43521401286125183,2232810
2007-06-07,0.6693260073661804,0.6950700283050537,0.6693260073661804,0.6864879727363586,0.4463730752468109,2267771
2007-06-08,0.6693260073661804,0.6864879727363586,0.6607450246810913,0.6779069900512695,0.440793514251709,1270231
2007-06-11,0.6950700283050537,0.6950700283050537,0.6607450246810913,0.6779069900512695,0.440793514251709,2484526
2007-06-12,0.6693260073661804,0.6779069900512695,0.6607450246810913,0.6779069900512695,0.440793514251709,1815615
2007-06-13,0.6779069900512695,0.7293940186500549,0.6779069900512695,0.7036510109901428,0.4575330913066864,2305062
2007-06-14,0.7036510109901428,0.7036510109901428,0.6864879727363586,0.6864879727363586,0.4463730752468109,1104751
2007-06-15,0.6864879727363586,0.6950700283050537,0.6864879727363586,0.6864879727363586,0.4463730752468109,2081315
2007-06-18,0.6950700283050537,0.6950700283050537,0.6521639823913574,0.6693260073661804,0.43521401286125183,2468211
2007-06-20,0.6607450246810913,0.6779069900512695,0.6521639823913574,0.6693260073661804,0.43521401286125183,1662954
2007-06-21,0.6693260073661804,0.6864879727363586,0.6693260073661804,0.6693260073661804,0.43521401286125183,1788812
2007-06-22,0.7036510109901428,0.7122319936752319,0.6950700283050537,0.6950700283050537,0.45195335149765015,1947300
2007-06-25,0.7293940186500549,0.9095969796180725,0.7293940186500549,0.8409479856491089,0.5468072295188904,29546288
2007-06-26,0.8924350142478943,0.9353410005569458,0.8495299816131592,0.8752729892730713,0.5691263675689697,29986791
2007-06-27,0.8752729892730713,0.8752729892730713,0.8152049779891968,0.8495299816131592,0.5523874759674072,7472225
2007-06-28,0.8752729892730713,0.8752729892730713,0.8237860202789307,0.8495299816131592,0.5523874759674072,3207043
2007-06-29,0.8495299816131592,0.8581110239028931,0.8323670029640198,0.8581110239028931,0.5579670667648315,2430920
2007-07-03,0.8752729892730713,0.9267600178718567,0.8752729892730713,0.9095969796180725,0.5914446711540222,9728343
2007-07-04,0.9181780219078064,1.0211520195007324,0.9181780219078064,0.9954079985618591,0.6472412943840027,13618282
2007-07-05,1.0125709772109985,1.0125709772109985,0.9267600178718567,0.9353410005569458,0.6081840991973877,8064223
2007-07-06,0.9439219832420349,1.0125709772109985,0.9439219832420349,0.9610840082168579,0.6249229311943054,5598342
2007-07-09,0.98682701587677,0.98682701587677,0.8838539719581604,0.9267600178718567,0.6026045083999634,6628511
2007-07-10,0.9610840082168579,0.969664990901947,0.9095969796180725,0.9181780219078064,0.5970242023468018,3827010
2007-07-11,0.9095969796180725,0.9095969796180725,0.8666920065879822,0.8838539719581604,0.5747057795524597,4416677
2007-07-12,0.8838539719581604,0.8924350142478943,0.8666920065879822,0.8752729892730713,0.5691263675689697,1885536
2007-07-13,0.8838539719581604,0.8838539719581604,0.8495299816131592,0.8495299816131592,0.5523874759674072,4009970
2007-07-16,0.8409479856491089,0.8409479856491089,0.7723000049591064,0.7894619703292847,0.5133295059204102,6035348
2007-07-17,0.7894619703292847,0.8066239953041077,0.7808809876441956,0.7808809876441956,0.5077500343322754,1645474
2007-07-18,0.7894619703292847,0.7894619703292847,0.7808809876441956,0.7894619703292847,0.5133295059204102,855367
2007-07-19,0.7894619703292847,0.7894619703292847,0.7723000049591064,0.7723000049591064,0.5021704435348511,829729
2007-07-20,0.7808809876441956,0.8152049779891968,0.7723000049591064,0.8152049779891968,0.5300683975219727,2141913
2007-07-23,0.8066239953041077,0.8495299816131592,0.8066239953041077,0.8409479856491089,0.5468072295188904,3018256
2007-07-24,0.8495299816131592,0.8495299816131592,0.8152049779891968,0.8323670029640198,0.5412275791168213,1400750
2007-07-25,0.8066239953041077,0.8152049779891968,0.7894619703292847,0.7894619703292847,0.5133295059204102,3271137
2007-07-26,0.7980430126190186,0.8323670029640198,0.7980430126190186,0.7980430126190186,0.518909215927124,1976433
2007-07-27,0.7894619703292847,0.7980430126190186,0.7637180089950562,0.7808809876441956,0.5077500343322754,2379645
2007-07-30,0.7723000049591064,0.8323670029640198,0.7723000049591064,0.8066239953041077,0.5244888067245483,1573222
2007-07-31,0.8924350142478943,0.9439219832420349,0.8838539719581604,0.9181780219078064,0.5970242023468018,13391039
2007-08-01,0.9095969796180725,0.9095969796180725,0.7723000049591064,0.8323670029640198,0.5412275791168213,9446328
2007-08-02,0.8666920065879822,0.8666920065879822,0.7723000049591064,0.8152049779891968,0.5300683975219727,4036773
2007-08-03,0.8152049779891968,0.8323670029640198,0.7980430126190186,0.7980430126190186,0.518909215927124,1274893
2007-08-06,0.7808809876441956,0.7894619703292847,0.7637180089950562,0.7637180089950562,0.49659016728401184,2906383
2007-08-07,0.7808809876441956,0.7980430126190186,0.7122319936752319,0.7293940186500549,0.4742717444896698,3827010
2007-08-08,0.7293940186500549,0.7637180089950562,0.7293940186500549,0.7637180089950562,0.49659016728401184,1321507
2007-08-09,0.7808809876441956,0.7808809876441956,0.755137026309967,0.755137026309967,0.4910105764865875,1629159
2007-08-10,0.7122319936752319,0.7293940186500549,0.7122319936752319,0.7122319936752319,0.4631125330924988,1633820
2007-08-13,0.7723000049591064,0.7723000049591064,0.7122319936752319,0.720812976360321,0.4686920642852783,496439
2007-08-14,0.720812976360321,0.7293940186500549,0.7122319936752319,0.7293940186500549,0.4742717444896698,694548
2007-08-15,0.7122319936752319,0.7122319936752319,0.7036510109901428,0.7122319936752319,0.4631125330924988,498769
2007-08-16,0.7036510109901428,0.7036510109901428,0.6435829997062683,0.6607450246810913,0.4296344220638275,2190858
2007-08-17,0.6006770133972168,0.6264209747314453,0.5663530230522156,0.6092579960823059,0.39615610241889954,2594069
2007-08-20,0.6521639823913574,0.6521639823913574,0.6264209747314453,0.6350020170211792,0.4128955006599426,1741033
2007-08-21,0.6435829997062683,0.7293940186500549,0.6435829997062683,0.6864879727363586,0.4463730752468109,3148776
2007-08-22,0.6864879727363586,0.6950700283050537,0.6693260073661804,0.6950700283050537,0.45195335149765015,1130389
2007-08-23,0.6950700283050537,0.7293940186500549,0.6950700283050537,0.7122319936752319,0.4631125330924988,1037161
2007-08-24,0.7122319936752319,0.7122319936752319,0.6864879727363586,0.7122319936752319,0.4631125330924988,407872
2007-08-27,0.720812976360321,0.7808809876441956,0.720812976360321,0.7637180089950562,0.49659016728401184,3561310
2007-08-28,0.7723000049591064,0.7808809876441956,0.737975001335144,0.755137026309967,0.4910105764865875,985886
2007-08-29,0.737975001335144,0.755137026309967,0.7122319936752319,0.755137026309967,0.4910105764865875,2309724
2007-08-30,0.7723000049591064,0.7808809876441956,0.7293940186500549,0.7465559840202332,0.4921417534351349,1829599
2007-08-31,0.7465559840202332,0.755137026309967,0.7465559840202332,0.755137026309967,0.49779853224754333,1107082
2007-09-03,0.755137026309967,0.7723000049591064,0.755137026309967,0.7723000049591064,0.5091125965118408,1890198
2007-09-04,0.7723000049591064,0.7723000049591064,0.755137026309967,0.755137026309967,0.49779853224754333,1512624
2007-09-05,0.7637180089950562,0.7723000049591064,0.755137026309967,0.755137026309967,0.49779853224754333,759808
2007-09-06,0.755137026309967,0.755137026309967,0.7465559840202332,0.7465559840202332,0.4921417534351349,349605
2007-09-07,0.755137026309967,0.8666920065879822,0.755137026309967,0.8495299816131592,0.560023844242096,9770296
2007-09-10,0.98682701587677,1.2700040340423584,0.98682701587677,1.2356799840927124,0.8145802021026611,89278643
2007-09-11,1.227097988128662,1.227097988128662,1.0554759502410889,1.106963038444519,0.7297278046607971,37260301
2007-09-12,1.1841930150985718,1.1841930150985718,1.0211520195007324,1.0211520195007324,0.6731599569320679,15228796
2007-09-13,1.0640569925308228,1.081220030784607,0.9610840082168579,0.9954079985618591,0.6561890840530396,11320211
2007-09-14,1.0211520195007324,1.0297329425811768,0.969664990901947,0.98682701587677,0.6505323052406311,7637099
2007-09-17,0.9954079985618591,1.0039900541305542,0.969664990901947,0.969664990901947,0.6392189264297485,5829081
2007-09-18,0.9525030255317688,0.9610840082168579,0.9267600178718567,0.9353410005569458,0.6165918707847595,5379256
2007-09-19,0.969664990901947,0.98682701587677,0.9267600178718567,0.9439219832420349,0.6222485899925232,10553411
2007-09-20,0.9525030255317688,0.98682701587677,0.9267600178718567,0.98682701587677,0.6505323052406311,8833354
2007-09-21,0.9954079985618591,1.0640569925308228,0.9610840082168579,1.0554759502410889,0.695786714553833,19913504
2007-09-24,1.0726380348205566,1.1498680114746094,1.0640569925308228,1.0983819961547852,0.724071204662323,29207171
2007-09-25,1.1155439615249634,1.1155439615249634,1.0211520195007324,1.0211520195007324,0.6731599569320679,14524924
2007-09-27,1.0383139848709106,1.0726380348205566,1.0039900541305542,1.0211520195007324,0.6731599569320679,8695843
2007-09-28,1.0211520195007324,1.0297329425811768,1.0039900541305542,1.0125709772109985,0.6675031781196594,4135827
2007-10-02,1.0383139848709106,1.0383139848709106,0.9782459735870361,0.9782459735870361,0.6448755264282227,8283309
2007-10-03,0.98682701587677,0.98682701587677,0.9010159969329834,0.9010159969329834,0.5939642786979675,10115239
2007-10-04,0.8924350142478943,0.8924350142478943,0.8495299816131592,0.8752729892730713,0.5769941806793213,6334843
2007-10-05,0.9010159969329834,0.9525030255317688,0.8924350142478943,0.9267600178718567,0.6109352111816406,5087918
2007-10-08,0.9610840082168579,0.9610840082168579,0.9267600178718567,0.9267600178718567,0.6109352111816406,3740774
2007-10-09,0.9181780219078064,0.9353410005569458,0.9095969796180725,0.9267600178718567,0.6109352111816406,1710734
2007-10-10,0.9439219832420349,0.9525030255317688,0.9181780219078064,0.9267600178718567,0.6109352111816406,2258448
2007-10-11,0.9181780219078064,0.9267600178718567,0.9181780219078064,0.9181780219078064,0.6052777171134949,2506668
2007-10-12,0.9181780219078064,0.9267600178718567,0.9010159969329834,0.9181780219078064,0.6052777171134949,1689757
2007-10-15,0.9095969796180725,0.9095969796180725,0.8752729892730713,0.8838539719581604,0.5826508402824402,3053217
2007-10-16,0.8752729892730713,0.9095969796180725,0.8752729892730713,0.8838539719581604,0.5826508402824402,2869092
2007-10-17,0.8495299816131592,0.8924350142478943,0.8495299816131592,0.8838539719581604,0.5826508402824402,1831930
2007-10-18,0.8924350142478943,0.9353410005569458,0.8752729892730713,0.9353410005569458,0.6165918707847595,5262721
2007-10-22,0.9010159969329834,0.9010159969329834,0.8581110239028931,0.8924350142478943,0.5883075594902039,2850446
2007-10-23,0.9010159969329834,0.9181780219078064,0.9010159969329834,0.9010159969329834,0.5939642786979675,1293538
2007-10-24,0.9010159969329834,0.9095969796180725,0.8838539719581604,0.8924350142478943,0.5883075594902039,1267901
2007-10-25,0.8924350142478943,0.9010159969329834,0.8752729892730713,0.9010159969329834,0.5939642786979675,857697
2007-10-26,0.9010159969329834,0.9010159969329834,0.8752729892730713,0.8752729892730713,0.5769941806793213,2540463
2007-10-29,0.8924350142478943,0.9010159969329834,0.8838539719581604,0.9010159969329834,0.5939642786979675,2039362
2007-10-30,0.9010159969329834,0.9010159969329834,0.8752729892730713,0.8838539719581604,0.5826508402824402,1211964
2007-10-31,0.9095969796180725,1.0125709772109985,0.9095969796180725,0.9610840082168579,0.6335620284080505,18227242
2007-11-01,1.0039900541305542,1.0125709772109985,0.9267600178718567,0.9525030255317688,0.6279054880142212,18929948
2007-11-02,0.9353410005569458,0.9610840082168579,0.9095969796180725,0.9525030255317688,0.6279054880142212,3084681
2007-11-05,0.9439219832420349,0.969664990901947,0.8838539719581604,0.8924350142478943,0.5883075594902039,5635633
2007-11-06,0.8924350142478943,0.9095969796180725,0.8752729892730713,0.9010159969329834,0.5939642786979675,3104492
2007-11-07,0.9010159969329834,0.9353410005569458,0.9010159969329834,0.9181780219078064,0.6052777171134949,2531140
2007-11-08,0.8924350142478943,0.8924350142478943,0.8752729892730713,0.8924350142478943,0.5883075594902039,2463550
2007-11-09,0.8924350142478943,0.9095969796180725,0.8838539719581604,0.8838539719581604,0.5826508402824402,1222452
2007-11-12,0.8752729892730713,0.8752729892730713,0.8495299816131592,0.8581110239028931,0.565680742263794,2654667
2007-11-13,0.8666920065879822,0.8666920065879822,0.8323670029640198,0.8409479856491089,0.554366409778595,2715265
2007-11-14,0.8752729892730713,0.8924350142478943,0.8581110239028931,0.8838539719581604,0.5826508402824402,1510293
2007-11-15,0.8924350142478943,0.9010159969329834,0.8838539719581604,0.8838539719581604,0.5826508402824402,1094263
2007-11-16,0.8838539719581604,0.8838539719581604,0.8409479856491089,0.8409479856491089,0.554366409778595,3027579
2007-11-19,0.8323670029640198,0.8581110239028931,0.8323670029640198,0.8495299816131592,0.560023844242096,298329
2007-11-20,0.8409479856491089,0.8495299816131592,0.8237860202789307,0.8495299816131592,0.560023844242096,706202
2007-11-21,0.8409479856491089,0.8495299816131592,0.8237860202789307,0.8323670029640198,0.5487097501754761,778453
2007-11-22,0.7980430126190186,0.8066239953041077,0.6693260073661804,0.7808809876441956,0.5147693753242493,2305062
2007-11-23,0.7894619703292847,0.8152049779891968,0.7723000049591064,0.7723000049591064,0.5091125965118408,640942
2007-11-26,0.7980430126190186,0.8066239953041077,0.7808809876441956,0.7980430126190186,0.5260828733444214,749320
2007-11-27,0.7808809876441956,0.7980430126190186,0.7808809876441956,0.7980430126190186,0.5260828733444214,557037
2007-11-28,0.7980430126190186,0.8066239953041077,0.7894619703292847,0.7980430126190186,0.5260828733444214,629289
2007-11-29,0.8152049779891968,0.8409479856491089,0.8152049779891968,0.8237860202789307,0.5430529713630676,1507963
2007-11-30,0.8409479856491089,0.8409479856491089,0.8323670029640198,0.8409479856491089,0.554366409778595,871681
2007-12-03,0.8581110239028931,0.8924350142478943,0.8581110239028931,0.8752729892730713,0.5769941806793213,2388967
2007-12-04,0.8924350142478943,0.8924350142478943,0.8752729892730713,0.8838539719581604,0.5826508402824402,862359
2007-12-05,0.8924350142478943,0.9181780219078064,0.8752729892730713,0.9095969796180725,0.5996208786964417,1769001
2007-12-06,0.9267600178718567,0.9267600178718567,0.8924350142478943,0.9181780219078064,0.6052777171134949,1545254
2007-12-07,0.9267600178718567,0.9353410005569458,0.9010159969329834,0.9095969796180725,0.5996208786964417,1920497
2007-12-10,0.9439219832420349,0.98682701587677,0.9181780219078064,0.9610840082168579,0.6335620284080505,8852000
2007-12-11,0.98682701587677,0.9954079985618591,0.969664990901947,0.969664990901947,0.6392189264297485,6379126
2007-12-12,0.9610840082168579,0.969664990901947,0.9353410005569458,0.969664990901947,0.6392189264297485,3200051
2007-12-13,0.9782459735870361,0.9782459735870361,0.9353410005569458,0.9525030255317688,0.6279054880142212,3342224
2007-12-14,0.9525030255317688,0.9610840082168579,0.9353410005569458,0.9610840082168579,0.6335620284080505,2969312
2007-12-17,0.9525030255317688,0.969664990901947,0.9267600178718567,0.9267600178718567,0.6109352111816406,2032370
2007-12-18,0.9267600178718567,0.9267600178718567,0.9010159969329834,0.9095969796180725,0.5996208786964417,629289
2007-12-19,0.9181780219078064,0.9439219832420349,0.9181780219078064,0.9353410005569458,0.6165918707847595,1172342
2007-12-20,0.9353410005569458,0.9439219832420349,0.9267600178718567,0.9267600178718567,0.6109352111816406,710863
2007-12-21,0.9267600178718567,0.9610840082168579,0.9267600178718567,0.9439219832420349,0.6222485899925232,2976304
2007-12-24,0.9439219832420349,0.9525030255317688,0.9353410005569458,0.9439219832420349,0.6222485899925232,591997
2007-12-27,0.9353410005569458,0.9353410005569458,0.9267600178718567,0.9267600178718567,0.6148479580879211,540722
2007-12-28,0.9181780219078064,0.9267600178718567,0.9181780219078064,0.9181780219078064,0.6091543436050415,619966
2007-12-31,0.9095969796180725,0.9267600178718567,0.9095969796180725,0.9267600178718567,0.6148479580879211,673572
2008-01-02,0.9267600178718567,0.9439219832420349,0.9095969796180725,0.9181780219078064,0.6091543436050415,834390
2008-01-03,0.9181780219078064,0.9181780219078064,0.8924350142478943,0.8924350142478943,0.5920754671096802,1978764
2008-01-04,0.9010159969329834,0.9439219832420349,0.8924350142478943,0.9267600178718567,0.6148479580879211,4726660
2008-01-07,0.9181780219078064,0.9267600178718567,0.9010159969329834,0.9095969796180725,0.6034613847732544,1500971
2008-01-08,0.9267600178718567,0.9267600178718567,0.9095969796180725,0.9095969796180725,0.6034613847732544,1288877
2008-01-09,0.9095969796180725,0.9181780219078064,0.9010159969329834,0.9095969796180725,0.6034613847732544,687556
2008-01-10,0.9095969796180725,0.9181780219078064,0.9010159969329834,0.9010159969329834,0.5977684855461121,908973
2008-01-11,0.9095969796180725,0.9095969796180725,0.8924350142478943,0.8924350142478943,0.5920754671096802,1004531
2008-01-14,0.9010159969329834,0.9010159969329834,0.8581110239028931,0.8666920065879822,0.5749965906143188,1824938
2008-01-15,0.8838539719581604,0.8838539719581604,0.8152049779891968,0.8152049779891968,0.5408381819725037,2629030
2008-01-16,0.8152049779891968,0.8152049779891968,0.7637180089950562,0.7637180089950562,0.5066797137260437,1102421
2008-01-17,0.7637180089950562,0.7894619703292847,0.755137026309967,0.7723000049591064,0.5123733282089233,908973
2008-01-18,0.7723000049591064,0.7894619703292847,0.7637180089950562,0.7723000049591064,0.5123733282089233,512754
2008-01-21,0.7723000049591064,0.7723000049591064,0.7465559840202332,0.7465559840202332,0.4952937066555023,587336
2008-01-22,0.7293940186500549,0.7293940186500549,0.6521639823913574,0.6693260073661804,0.44405651092529297,1904182
2008-01-23,0.7723000049591064,0.7894619703292847,0.6864879727363586,0.7122319936752319,0.4725218713283539,1239932
2008-01-24,0.737975001335144,0.7637180089950562,0.720812976360321,0.7293940186500549,0.4839077889919281,1496309
2008-01-25,0.7637180089950562,0.7637180089950562,0.737975001335144,0.737975001335144,0.48960086703300476,279684
2008-01-28,0.7036510109901428,0.737975001335144,0.7036510109901428,0.7036510109901428,0.4668290913105011,0
2008-01-29,0.7293940186500549,0.7293940186500549,0.7122319936752319,0.7122319936752319,0.4725218713283539,400880
2008-01-30,0.7036510109901428,0.720812976360321,0.7036510109901428,0.7036510109901428,0.4668290913105011,156156
2008-01-31,0.6950700283050537,0.7036510109901428,0.6864879727363586,0.7036510109901428,0.4668290913105011,290172
2008-02-01,0.6950700283050537,0.7122319936752319,0.6950700283050537,0.7122319936752319,0.4725218713283539,268030
2008-02-04,0.720812976360321,0.7465559840202332,0.7036510109901428,0.7122319936752319,0.4725218713283539,368250
2008-02-05,0.7036510109901428,0.7122319936752319,0.7036510109901428,0.7122319936752319,0.4725218713283539,146834
2008-02-06,0.6950700283050537,0.6950700283050537,0.6693260073661804,0.6864879727363586,0.4554423689842224,319305
2008-02-11,0.6779069900512695,0.720812976360321,0.6779069900512695,0.7122319936752319,0.4725218713283539,158487
2008-02-12,0.7122319936752319,0.720812976360321,0.7036510109901428,0.720812976360321,0.4782147705554962,95558
2008-02-13,0.737975001335144,0.737975001335144,0.7122319936752319,0.7122319936752319,0.4725218713283539,205101
2008-02-14,0.7122319936752319,0.737975001335144,0.7122319936752319,0.7293940186500549,0.4839077889919281,256377
2008-02-15,0.720812976360321,0.720812976360321,0.7122319936752319,0.720812976360321,0.4782147705554962,249384
2008-02-18,0.7293940186500549,0.7293940186500549,0.7036510109901428,0.720812976360321,0.4782147705554962,265699
2008-02-19,0.737975001335144,0.737975001335144,0.720812976360321,0.720812976360321,0.4782147705554962,249384
2008-02-20,0.737975001335144,0.737975001335144,0.7122319936752319,0.720812976360321,0.4782147705554962,30299
2008-02-21,0.7122319936752319,0.7122319936752319,0.7122319936752319,0.7122319936752319,0.4725218713283539,32629
2008-02-22,0.7122319936752319,0.7122319936752319,0.6950700283050537,0.6950700283050537,0.4611358940601349,481434
2008-02-25,0.6950700283050537,0.7036510109901428,0.6950700283050537,0.6950700283050537,0.4611358940601349,587336
2008-02-26,0.6950700283050537,0.6950700283050537,0.6864879727363586,0.6950700283050537,0.4611358940601349,233070
2008-02-27,0.6950700283050537,0.720812976360321,0.6864879727363586,0.7036510109901428,0.4668290913105011,890327
2008-02-28,0.6950700283050537,0.720812976360321,0.6950700283050537,0.720812976360321,0.4782147705554962,104881
2008-02-29,0.7122319936752319,0.7122319936752319,0.7122319936752319,0.7122319936752319,0.4725218713283539,93228
2008-03-03,0.6950700283050537,0.6950700283050537,0.6864879727363586,0.6950700283050537,0.4611358940601349,272691
2008-03-04,0.6864879727363586,0.6950700283050537,0.6864879727363586,0.6864879727363586,0.4554423689842224,945099
2008-03-05,0.6950700283050537,0.7122319936752319,0.6779069900512695,0.7122319936752319,0.4725218713283539,286676
2008-03-06,0.6864879727363586,0.6864879727363586,0.6864879727363586,0.6864879727363586,0.4554423689842224,244723
2008-03-07,0.7723000049591064,0.7723000049591064,0.6693260073661804,0.6693260073661804,0.44405651092529297,442833
2008-03-10,0.6693260073661804,0.6779069900512695,0.6521639823913574,0.6779069900512695,0.4497494399547577,664249
2008-03-11,0.6521639823913574,0.6693260073661804,0.6521639823913574,0.6693260073661804,0.44405651092529297,191117
2008-03-12,0.6693260073661804,0.6779069900512695,0.6693260073661804,0.6779069900512695,0.4497494399547577,186456
2008-03-13,0.6607450246810913,0.6607450246810913,0.6521639823913574,0.6521639823913574,0.43267056345939636,11653
2008-03-14,0.6521639823913574,0.6521639823913574,0.6264209747314453,0.6350020170211792,0.42128458619117737,750485
2008-03-17,0.6006770133972168,0.6178399920463562,0.6006770133972168,0.6092579960823059,0.4042050540447235,908973
2008-03-18,0.6092579960823059,0.6178399920463562,0.5920959711074829,0.6006770133972168,0.398512065410614,713194
2008-03-19,0.6264209747314453,0.6435829997062683,0.6006770133972168,0.6264209747314453,0.41559162735939026,435840
2008-03-20,0.6178399920463562,0.6178399920463562,0.5749340057373047,0.5920959711074829,0.39281904697418213,400880
2008-03-25,0.5663530230522156,0.6178399920463562,0.5663530230522156,0.6006770133972168,0.398512065410614,163149
2008-03-26,0.5920959711074829,0.6264209747314453,0.5920959711074829,0.6092579960823059,0.4042050540447235,107212
2008-03-27,0.5835149884223938,0.6693260073661804,0.5835149884223938,0.6521639823913574,0.43267056345939636,571021
2008-03-28,0.6607450246810913,0.6693260073661804,0.6435829997062683,0.6693260073661804,0.44405651092529297,808753
2008-03-31,0.6607450246810913,0.6693260073661804,0.6435829997062683,0.6521639823913574,0.43267056345939636,302991
2008-04-01,0.7036510109901428,0.7036510109901428,0.6779069900512695,0.6864879727363586,0.4554423689842224,531399
2008-04-02,0.720812976360321,0.7293940186500549,0.6864879727363586,0.6864879727363586,0.4554423689842224,1375113
2008-04-03,0.6864879727363586,0.6950700283050537,0.6864879727363586,0.6864879727363586,0.4554423689842224,242392
2008-04-07,0.6864879727363586,0.7122319936752319,0.6864879727363586,0.7122319936752319,0.4725218713283539,167810
2008-04-08,0.7036510109901428,0.7036510109901428,0.6864879727363586,0.6864879727363586,0.4554423689842224,379904
2008-04-09,0.6864879727363586,0.7036510109901428,0.6864879727363586,0.6864879727363586,0.4554423689842224,295998
2008-04-10,0.6864879727363586,0.6950700283050537,0.6864879727363586,0.6950700283050537,0.4611358940601349,207432
2008-04-11,0.6950700283050537,0.6950700283050537,0.6864879727363586,0.6950700283050537,0.4611358940601349,503431
2008-04-14,0.6693260073661804,0.6779069900512695,0.6521639823913574,0.6521639823913574,0.43267056345939636,591997
2008-04-15,0.6521639823913574,0.6693260073661804,0.6435829997062683,0.6607450246810913,0.43836352229118347,128188
2008-04-16,0.6607450246810913,0.6607450246810913,0.6521639823913574,0.6521639823913574,0.43267056345939636,156156
2008-04-17,0.6693260073661804,0.6779069900512695,0.6607450246810913,0.6607450246810913,0.43836352229118347,330959
2008-04-18,0.6693260073661804,0.6864879727363586,0.6521639823913574,0.6521639823913574,0.43267056345939636,144503
2008-04-21,0.6607450246810913,0.6693260073661804,0.6521639823913574,0.6693260073661804,0.44405651092529297,60598
2008-04-22,0.6693260073661804,0.6693260073661804,0.6693260073661804,0.6693260073661804,0.44405651092529297,18645
2008-04-23,0.6607450246810913,0.6779069900512695,0.6607450246810913,0.6693260073661804,0.44405651092529297,195778
2008-04-24,0.6779069900512695,0.6864879727363586,0.6607450246810913,0.6779069900512695,0.4497494399547577,1589537
2008-04-25,0.6864879727363586,0.6864879727363586,0.6693260073661804,0.6693260073661804,0.44405651092529297,1239932
2008-04-28,0.6693260073661804,0.6693260073661804,0.6693260073661804,0.6693260073661804,0.44405651092529297,132849
2008-04-29,0.6693260073661804,0.6779069900512695,0.6693260073661804,0.6693260073661804,0.44405651092529297,170141
2008-04-30,0.6607450246810913,0.6693260073661804,0.6607450246810913,0.6693260073661804,0.44405651092529297,689887
2008-05-02,0.6693260073661804,0.6779069900512695,0.6607450246810913,0.6779069900512695,0.4497494399547577,289006
2008-05-05,0.6779069900512695,0.6864879727363586,0.6693260073661804,0.6779069900512695,0.4497494399547577,494108
2008-05-06,0.6864879727363586,0.6864879727363586,0.6693260073661804,0.6779069900512695,0.4497494399547577,1172342
2008-05-07,0.6779069900512695,0.6779069900512695,0.6607450246810913,0.6607450246810913,0.43836352229118347,291337
2008-05-08,0.6607450246810913,0.755137026309967,0.6607450246810913,0.7293940186500549,0.4839077889919281,1969441
2008-05-09,0.720812976360321,0.720812976360321,0.6693260073661804,0.6864879727363586,0.4554423689842224,2834131
2008-05-13,0.6693260073661804,0.7036510109901428,0.6693260073661804,0.6864879727363586,0.4554423689842224,550045
2008-05-14,0.6864879727363586,0.6950700283050537,0.6779069900512695,0.6950700283050537,0.4611358940601349,128188
2008-05-15,0.6864879727363586,0.6950700283050537,0.6779069900512695,0.6779069900512695,0.4497494399547577,157322
2008-05-16,0.6864879727363586,0.7036510109901428,0.6864879727363586,0.6950700283050537,0.4611358940601349,405541
2008-05-19,0.6950700283050537,0.6950700283050537,0.6864879727363586,0.6950700283050537,0.4611358940601349,398549
2008-05-20,0.6864879727363586,0.6950700283050537,0.6779069900512695,0.6950700283050537,0.4611358940601349,922957
2008-05-21,0.6864879727363586,0.6864879727363586,0.6864879727363586,0.6864879727363586,0.4554423689842224,177133
2008-05-22,0.6779069900512695,0.6864879727363586,0.6779069900512695,0.6779069900512695,0.4497494399547577,449825
2008-05-23,0.6864879727363586,0.6864879727363586,0.6779069900512695,0.6779069900512695,0.4497494399547577,242392
2008-05-26,0.6693260073661804,0.6693260073661804,0.6693260073661804,0.6693260073661804,0.44405651092529297,69921
2008-05-27,0.6779069900512695,0.6864879727363586,0.6779069900512695,0.6864879727363586,0.4554423689842224,223747
2008-05-28,0.6779069900512695,0.6779069900512695,0.6779069900512695,0.6779069900512695,0.4497494399547577,116535
2008-05-29,0.6779069900512695,0.6779069900512695,0.6779069900512695,0.6779069900512695,0.4497494399547577,792438
2008-05-30,0.6779069900512695,0.6779069900512695,0.6779069900512695,0.6779069900512695,0.4497494399547577,151495
2008-06-02,0.6864879727363586,0.7036510109901428,0.6779069900512695,0.7036510109901428,0.4668290913105011,1780655
2008-06-03,0.6950700283050537,0.6950700283050537,0.6864879727363586,0.6950700283050537,0.4611358940601349,1246924
2008-06-04,0.6864879727363586,0.6950700283050537,0.6779069900512695,0.6779069900512695,0.4497494399547577,1354136
2008-06-05,0.6864879727363586,0.6864879727363586,0.6779069900512695,0.6864879727363586,0.4554423689842224,3440113
2008-06-06,0.6864879727363586,0.6950700283050537,0.6864879727363586,0.6864879727363586,0.4554423689842224,818075
2008-06-10,0.6693260073661804,0.6693260073661804,0.6521639823913574,0.6521639823913574,0.43267056345939636,652596
2008-06-11,0.6521639823913574,0.6693260073661804,0.6521639823913574,0.6521639823913574,0.43267056345939636,335620
2008-06-12,0.6521639823913574,0.6607450246810913,0.6435829997062683,0.6435829997062683,0.42697757482528687,668911
2008-06-13,0.6435829997062683,0.6435829997062683,0.6350020170211792,0.6350020170211792,0.42128458619117737,58267
2008-06-16,0.6521639823913574,0.6521639823913574,0.6435829997062683,0.6521639823913574,0.43267056345939636,125857
2008-06-17,0.6435829997062683,0.6435829997062683,0.6350020170211792,0.6435829997062683,0.42697757482528687,405541
2008-06-18,0.6350020170211792,0.6435829997062683,0.6350020170211792,0.6435829997062683,0.42697757482528687,825067
2008-06-19,0.6435829997062683,0.6435829997062683,0.6350020170211792,0.6350020170211792,0.42128458619117737,62928
2008-06-20,0.6435829997062683,0.6435829997062683,0.6435829997062683,0.6435829997062683,0.42697757482528687,95558
2008-06-23,0.6264209747314453,0.6264209747314453,0.6264209747314453,0.6264209747314453,0.41559162735939026,55936
2008-06-24,0.6264209747314453,0.6350020170211792,0.6264209747314453,0.6350020170211792,0.42128458619117737,470801
2008-06-25,0.6264209747314453,0.6264209747314453,0.6264209747314453,0.6264209747314453,0.41559162735939026,291337
2008-06-26,0.6264209747314453,0.6350020170211792,0.6264209747314453,0.6350020170211792,0.42128458619117737,104881
2008-06-27,0.6178399920463562,0.6264209747314453,0.6178399920463562,0.6264209747314453,0.41559162735939026,30299
2008-06-30,0.6264209747314453,0.6435829997062683,0.6264209747314453,0.6435829997062683,0.42697757482528687,426518
2008-07-02,0.6521639823913574,0.6521639823913574,0.6350020170211792,0.6350020170211792,0.42128458619117737,384565
2008-07-03,0.6178399920463562,0.6178399920463562,0.6092579960823059,0.6092579960823059,0.4042050540447235,163149
2008-07-04,0.6178399920463562,0.6178399920463562,0.6092579960823059,0.6178399920463562,0.40989863872528076,326298
2008-07-07,0.6264209747314453,0.6264209747314453,0.6092579960823059,0.6264209747314453,0.41559162735939026,139842
2008-07-08,0.6350020170211792,0.6350020170211792,0.6092579960823059,0.6092579960823059,0.4042050540447235,797099
2008-07-09,0.6264209747314453,0.6350020170211792,0.6264209747314453,0.6264209747314453,0.41559162735939026,652596
2008-07-10,0.6264209747314453,0.6264209747314453,0.6264209747314453,0.6264209747314453,0.41559162735939026,316975
2008-07-11,0.6350020170211792,0.6435829997062683,0.6350020170211792,0.6435829997062683,0.42697757482528687,279684
2008-07-14,0.6693260073661804,0.6864879727363586,0.6435829997062683,0.6693260073661804,0.44405651092529297,2643014
2008-07-15,0.6435829997062683,0.6435829997062683,0.6435829997062683,0.6435829997062683,0.42697757482528687,1060468
2008-07-16,0.6521639823913574,0.6521639823913574,0.6435829997062683,0.6521639823913574,0.43267056345939636,853036
2008-07-17,0.6607450246810913,0.6607450246810913,0.6435829997062683,0.6521639823913574,0.43267056345939636,2123268
2008-07-18,0.6521639823913574,0.6521639823913574,0.6521639823913574,0.6521639823913574,0.43267056345939636,559368
2008-07-21,0.6693260073661804,0.6693260073661804,0.6521639823913574,0.6607450246810913,0.43836352229118347,1552246
2008-07-22,0.6092579960823059,0.6521639823913574,0.6092579960823059,0.6521639823913574,0.43267056345939636,5826
2008-07-23,0.6521639823913574,0.6607450246810913,0.6521639823913574,0.6607450246810913,0.43836352229118347,291337
2008-07-24,0.6607450246810913,0.6607450246810913,0.6521639823913574,0.6607450246810913,0.43836352229118347,571021
2008-07-25,0.6521639823913574,0.6607450246810913,0.6521639823913574,0.6521639823913574,0.43267056345939636,398549
2008-07-28,0.6521639823913574,0.6607450246810913,0.6521639823913574,0.6607450246810913,0.43836352229118347,289006
2008-07-29,0.6521639823913574,0.6435829997062683,0.6521639823913574,0.6521639823913574,0.43267056345939636,207432
2008-07-30,0.6607450246810913,0.6607450246810913,0.6607450246810913,0.6607450246810913,0.43836352229118347,0
2008-07-31,0.6607450246810913,0.6607450246810913,0.6607450246810913,0.6607450246810913,0.43836352229118347,0
2008-08-01,0.6607450246810913,0.6607450246810913,0.6607450246810913,0.6607450246810913,0.43836352229118347,0
2008-08-04,0.6521639823913574,0.6435829997062683,0.6435829997062683,0.6521639823913574,0.43267056345939636,1904182
2008-08-05,0.6350020170211792,0.6350020170211792,0.6350020170211792,0.6435829997062683,0.42697757482528687,272691
2008-08-06,0.6607450246810913,0.6607450246810913,0.6607450246810913,0.6607450246810913,0.43836352229118347,0
2008-08-07,0.6350020170211792,0.6350020170211792,0.6350020170211792,0.6350020170211792,0.42128458619117737,990547
2008-08-08,0.6178399920463562,0.6178399920463562,0.5920959711074829,0.6006770133972168,0.398512065410614,818075
2008-08-11,0.6006770133972168,0.6006770133972168,0.6006770133972168,0.6006770133972168,0.398512065410614,1356467
2008-08-12,0.6006770133972168,0.6006770133972168,0.5835149884223938,0.5835149884223938,0.3871261477470398,2120937
2008-08-13,0.5835149884223938,0.5835149884223938,0.6006770133972168,0.6006770133972168,0.398512065410614,1382105
2008-08-14,0.6006770133972168,0.5920959711074829,0.5920959711074829,0.6006770133972168,0.398512065410614,1202641
2008-08-15,0.5920959711074829,0.6092579960823059,0.5920959711074829,0.5920959711074829,0.39281904697418213,1500971
2008-08-18,0.5920959711074829,0.5920959711074829,0.5920959711074829,0.5920959711074829,0.39281904697418213,440502
2008-08-19,0.5835149884223938,0.5920959711074829,0.5835149884223938,0.5920959711074829,0.39281904697418213,193448
2008-08-20,0.5920959711074829,0.5920959711074829,0.5920959711074829,0.5920959711074829,0.39281904697418213,144503
2008-08-21,0.5920959711074829,0.5920959711074829,0.5835149884223938,0.5835149884223938,0.3871261477470398,498769
2008-08-22,0.5835149884223938,0.5835149884223938,0.5835149884223938,0.5835149884223938,0.3871261477470398,0
2008-08-25,0.5835149884223938,0.5835149884223938,0.5835149884223938,0.5835149884223938,0.3888413906097412,0
2008-08-26,0.5749340057373047,0.5749340057373047,0.5663530230522156,0.5749340057373047,0.3831232190132141,200440
2008-08-27,0.5663530230522156,0.5663530230522156,0.5663530230522156,0.5663530230522156,0.3774051070213318,53606
2008-08-28,0.5663530230522156,0.5663530230522156,0.5491909980773926,0.5663530230522156,0.3774051070213318,376408
2008-08-29,0.5663530230522156,0.5663530230522156,0.5663530230522156,0.5663530230522156,0.3774051070213318,69921
2008-09-01,0.5663530230522156,0.5663530230522156,0.5663530230522156,0.5663530230522156,0.3774051070213318,0
2008-09-02,0.5577719807624817,0.5577719807624817,0.5491909980773926,0.5491909980773926,0.36596861481666565,233070
2008-09-03,0.5491909980773926,0.5749340057373047,0.5491909980773926,0.5749340057373047,0.3831232190132141,6992
2008-09-04,0.5491909980773926,0.5491909980773926,0.5491909980773926,0.5491909980773926,0.36596861481666565,9322
2008-09-05,0.5491909980773926,0.5835149884223938,0.5406100153923035,0.5491909980773926,0.36596861481666565,419526
2008-09-08,0.5491909980773926,0.5663530230522156,0.5406100153923035,0.5577719807624817,0.37168678641319275,727178
2008-09-09,0.5663530230522156,0.5663530230522156,0.5577719807624817,0.5663530230522156,0.3774051070213318,389226
2008-09-10,0.5663530230522156,0.5749340057373047,0.5663530230522156,0.5749340057373047,0.3831232190132141,445163
2008-09-11,0.5663530230522156,0.5749340057373047,0.5577719807624817,0.5577719807624817,0.37168678641319275,347274
2008-09-12,0.5749340057373047,0.5749340057373047,0.5663530230522156,0.5749340057373047,0.3831232190132141,564029
2008-09-16,0.5577719807624817,0.5577719807624817,0.5320280194282532,0.5320280194282532,0.3545316159725189,783115
2008-09-17,0.5320280194282532,0.5320280194282532,0.5234469771385193,0.5234469771385193,0.34881332516670227,312313
2008-09-18,0.5062850117683411,0.5062850117683411,0.48912298679351807,0.48912298679351807,0.32594063878059387,517415
2008-09-19,0.5148659944534302,0.5148659944534302,0.48912298679351807,0.5062850117683411,0.33737701177597046,722517
2008-09-22,0.5062850117683411,0.5062850117683411,0.5062850117683411,0.5062850117683411,0.33737701177597046,111873
2008-09-23,0.49770399928092957,0.5320280194282532,0.48054200410842896,0.48912298679351807,0.32594063878059387,559368
2008-09-24,0.48912298679351807,0.48912298679351807,0.47196099162101746,0.47196099162101746,0.3145042657852173,316975
2008-09-25,0.47196099162101746,0.47196099162101746,0.46338000893592834,0.46338000893592834,0.3087860345840454,454486
2008-09-26,0.46338000893592834,0.48054200410842896,0.46338000893592834,0.48054200410842896,0.32022255659103394,396219
2008-09-29,0.48912298679351807,0.48912298679351807,0.47196099162101746,0.47196099162101746,0.3145042657852173,39621
2008-09-30,0.47196099162101746,0.47196099162101746,0.47196099162101746,0.47196099162101746,0.3145042657852173,0
2008-10-02,0.47196099162101746,0.47196099162101746,0.47196099162101746,0.47196099162101746,0.3145042657852173,0
2008-10-03,0.46338000893592834,0.47196099162101746,0.46338000893592834,0.47196099162101746,0.3145042657852173,41952
2008-10-06,0.45479801297187805,0.45479801297187805,0.45479801297187805,0.45479801297187805,0.30306723713874817,11653
2008-10-08,0.44621700048446655,0.44621700048446655,0.42905500531196594,0.42905500531196594,0.2859126925468445,37291
2008-10-09,0.42905500531196594,0.42905500531196594,0.42047399282455444,0.42047399282455444,0.2801944613456726,694548
2008-10-10,0.41189301013946533,0.41189301013946533,0.3432439863681793,0.40331199765205383,0.268758088350296,734170
2008-10-13,0.3732779920101166,0.3904399871826172,0.3732779920101166,0.3904399871826172,0.2601805031299591,179463
2008-10-14,0.41189301013946533,0.4247649908065796,0.3904399871826172,0.41189301013946533,0.27447623014450073,379904
2008-10-15,0.39473098516464233,0.39473098516464233,0.3904399871826172,0.3904399871826172,0.2601805031299591,414864
2008-10-16,0.37756800651550293,0.37756800651550293,0.37756800651550293,0.37756800651550293,0.2516028881072998,93228
2008-10-17,0.3732779920101166,0.3861500024795532,0.3732779920101166,0.3732779920101166,0.24874410033226013,37291
2008-10-20,0.3604060113430023,0.36469700932502747,0.3604060113430023,0.36469700932502747,0.24302594363689423,186456
2008-10-21,0.36469700932502747,0.36898699402809143,0.36469700932502747,0.36469700932502747,0.24302594363689423,195778
2008-10-22,0.36469700932502747,0.36469700932502747,0.3518249988555908,0.3604060113430023,0.24016651511192322,289006
2008-10-23,0.3260819911956787,0.33037200570106506,0.3175010085105896,0.33037200570106506,0.22015255689620972,170141
2008-10-24,0.33037200570106506,0.33037200570106506,0.33037200570106506,0.33037200570106506,0.22015255689620972,9322
2008-10-27,0.31321001052856445,0.31321001052856445,0.28746700286865234,0.2917569875717163,0.19442035257816315,475462
2008-10-28,0.3003380000591278,0.3003380000591278,0.2745949923992157,0.2831760048866272,0.18870219588279724,3901592
2008-10-29,0.2831760048866272,0.2831760048866272,0.27888599038124084,0.27888599038124084,0.18584339320659637,2633691
2008-10-30,0.2917569875717163,0.3175010085105896,0.2917569875717163,0.3003380000591278,0.20013855397701263,179463
2008-10-31,0.28746700286865234,0.28746700286865234,0.28746700286865234,0.28746700286865234,0.19156160950660706,18645
2008-11-03,0.2917569875717163,0.3089199960231781,0.2917569875717163,0.3089199960231781,0.20585742592811584,186456
2008-11-04,0.3089199960231781,0.3089199960231781,0.3089199960231781,0.3089199960231781,0.20585742592811584,0
2008-11-05,0.31321001052856445,0.3175010085105896,0.3003380000591278,0.3003380000591278,0.20013855397701263,181794
2008-11-06,0.28746700286865234,0.28746700286865234,0.28746700286865234,0.28746700286865234,0.19156160950660706,34960
2008-11-07,0.2917569875717163,0.2917569875717163,0.2917569875717163,0.2917569875717163,0.19442035257816315,0
2008-11-10,0.3003380000591278,0.3003380000591278,0.3003380000591278,0.3003380000591278,0.20013855397701263,0
2008-11-11,0.3003380000591278,0.3003380000591278,0.3003380000591278,0.3003380000591278,0.20013855397701263,0
2008-11-12,0.3003380000591278,0.3003380000591278,0.3003380000591278,0.3003380000591278,0.20013855397701263,0
2008-11-13,0.2917569875717163,0.2917569875717163,0.28746700286865234,0.28746700286865234,0.19156160950660706,65259
2008-11-14,0.2917569875717163,0.2917569875717163,0.2917569875717163,0.2917569875717163,0.19442035257816315,0
2008-11-17,0.2917569875717163,0.2917569875717163,0.2917569875717163,0.2917569875717163,0.19442035257816315,0
2008-11-18,0.2917569875717163,0.2917569875717163,0.2917569875717163,0.2917569875717163,0.19442035257816315,0
2008-11-19,0.37756800651550293,0.37756800651550293,0.3003380000591278,0.3003380000591278,0.20013855397701263,4661
2008-11-20,0.3003380000591278,0.3003380000591278,0.2831760048866272,0.2831760048866272,0.18870219588279724,158487
2008-11-21,0.2831760048866272,0.2917569875717163,0.2831760048866272,0.2917569875717163,0.19442035257816315,23307
2008-11-24,0.2917569875717163,0.2917569875717163,0.2917569875717163,0.2917569875717163,0.19442035257816315,0
2008-11-25,0.3003380000591278,0.3260819911956787,0.3003380000591278,0.3175010085105896,0.21157561242580414,181794
2008-11-26,0.31321001052856445,0.31321001052856445,0.3089199960231781,0.3089199960231781,0.20585742592811584,58267
2008-11-27,0.3089199960231781,0.3175010085105896,0.29604798555374146,0.3175010085105896,0.21157561242580414,249384
2008-11-28,0.3175010085105896,0.3175010085105896,0.3175010085105896,0.3175010085105896,0.21157561242580414,0
2008-12-01,0.31321001052856445,0.32179099321365356,0.31321001052856445,0.32179099321365356,0.21443434059619904,132849
2008-12-02,0.32179099321365356,0.32179099321365356,0.32179099321365356,0.32179099321365356,0.21443434059619904,0
2008-12-03,0.32179099321365356,0.32179099321365356,0.32179099321365356,0.32179099321365356,0.21443434059619904,0
2008-12-04,0.32179099321365356,0.32179099321365356,0.32179099321365356,0.32179099321365356,0.21443434059619904,0
2008-12-05,0.32179099321365356,0.32179099321365356,0.32179099321365356,0.32179099321365356,0.21443434059619904,0
2008-12-08,0.3003380000591278,0.3432439863681793,0.3003380000591278,0.32179099321365356,0.21443434059619904,214424
2008-12-09,0.30462899804115295,0.3432439863681793,0.30462899804115295,0.3389529883861542,0.22587068378925323,184125
2008-12-10,0.3175010085105896,0.3604060113430023,0.3089199960231781,0.3432439863681793,0.22873017191886902,179463
2008-12-11,0.3604060113430023,0.36469700932502747,0.3604060113430023,0.3604060113430023,0.24016651511192322,610643
2008-12-12,0.36898699402809143,0.3818590044975281,0.3432439863681793,0.36898699402809143,0.24588468670845032,370581
2008-12-15,0.3818590044975281,0.3818590044975281,0.3432439863681793,0.36469700932502747,0.24302594363689423,312313
2008-12-16,0.34753501415252686,0.3732779920101166,0.34753501415252686,0.36469700932502747,0.24302594363689423,293668
2008-12-17,0.3861500024795532,0.3861500024795532,0.3518249988555908,0.3518249988555908,0.2344483733177185,675903
2008-12-18,0.3604060113430023,0.3604060113430023,0.3604060113430023,0.3604060113430023,0.24016651511192322,100220
2008-12-19,0.3732779920101166,0.3732779920101166,0.36898699402809143,0.36898699402809143,0.24588468670845032,46614
2008-12-22,0.36898699402809143,0.36898699402809143,0.3432439863681793,0.34753501415252686,0.23158954083919525,221416
2008-12-23,0.34753501415252686,0.34753501415252686,0.34753501415252686,0.34753501415252686,0.23158954083919525,0
2008-12-24,0.34753501415252686,0.34753501415252686,0.34753501415252686,0.34753501415252686,0.23158954083919525,0
2008-12-29,0.34410199522972107,0.34410199522972107,0.34410199522972107,0.34410199522972107,0.23158888518810272,0
2008-12-30,0.34753501415252686,0.37756800651550293,0.3432439863681793,0.3432439863681793,0.23101146519184113,540722
2008-12-31,0.36898699402809143,0.36898699402809143,0.36898699402809143,0.36898699402809143,0.24833709001541138,13984
2009-01-02,0.36898699402809143,0.36898699402809143,0.36898699402809143,0.36898699402809143,0.24833709001541138,0
2009-01-05,0.3861500024795532,0.3861500024795532,0.3818590044975281,0.3861500024795532,0.259888231754303,151495
2009-01-06,0.3818590044975281,0.3818590044975281,0.3818590044975281,0.3818590044975281,0.25700023770332336,0
2009-01-07,0.3818590044975281,0.3818590044975281,0.3818590044975281,0.3818590044975281,0.25700023770332336,0
2009-01-08,0.3518249988555908,0.36898699402809143,0.3518249988555908,0.36898699402809143,0.24833709001541138,86235
2009-01-09,0.36898699402809143,0.36898699402809143,0.36898699402809143,0.36898699402809143,0.24833709001541138,41952
2009-01-12,0.3432439863681793,0.3604060113430023,0.3432439863681793,0.34753501415252686,0.23389938473701477,83905
2009-01-13,0.3518249988555908,0.36898699402809143,0.3518249988555908,0.3518249988555908,0.23678670823574066,37291
2009-01-14,0.33037200570106506,0.36898699402809143,0.33037200570106506,0.36898699402809143,0.24833709001541138,121196
2009-01-15,0.3175010085105896,0.3518249988555908,0.3175010085105896,0.3346630036830902,0.22523628175258636,633950
2009-01-16,0.3260819911956787,0.3346630036830902,0.3175010085105896,0.3175010085105896,0.2136857807636261,722517
2009-01-19,0.3260819911956787,0.3260819911956787,0.3175010085105896,0.32179099321365356,0.21657304465770721,72251
2009-01-20,0.31321001052856445,0.3175010085105896,0.31321001052856445,0.3175010085105896,0.2136857807636261,137511
2009-01-21,0.3089199960231781,0.3175010085105896,0.3003380000591278,0.3089199960231781,0.20791059732437134,543053
2009-01-22,0.3089199960231781,0.3175010085105896,0.30462899804115295,0.30462899804115295,0.20502261817455292,997539
2009-01-23,0.3003380000591278,0.3003380000591278,0.3003380000591278,0.3003380000591278,0.20213466882705688,18645
2009-01-29,0.30462899804115295,0.3089199960231781,0.3003380000591278,0.3003380000591278,0.20213466882705688,135180
2009-01-30,0.30462899804115295,0.31321001052856445,0.30462899804115295,0.31321001052856445,0.21079789102077484,913634
2009-02-02,0.30462899804115295,0.3089199960231781,0.30462899804115295,0.30462899804115295,0.20502261817455292,400880
2009-02-03,0.30462899804115295,0.30462899804115295,0.30462899804115295,0.30462899804115295,0.20502261817455292,11653
2009-02-04,0.31321001052856445,0.31321001052856445,0.30462899804115295,0.3089199960231781,0.20791059732437134,633950
2009-02-05,0.3089199960231781,0.3175010085105896,0.3089199960231781,0.3089199960231781,0.20791059732437134,97889
2009-02-06,0.3089199960231781,0.31321001052856445,0.3089199960231781,0.31321001052856445,0.21079789102077484,251715
2009-02-09,0.3175010085105896,0.3175010085105896,0.3089199960231781,0.3089199960231781,0.20791059732437134,137511
2009-02-10,0.31321001052856445,0.3175010085105896,0.3089199960231781,0.31321001052856445,0.21079789102077484,293668
2009-02-11,0.32179099321365356,0.32179099321365356,0.31321001052856445,0.31321001052856445,0.21079789102077484,9322
2009-02-12,0.31321001052856445,0.31321001052856445,0.31321001052856445,0.31321001052856445,0.21079789102077484,0
2009-02-13,0.3260819911956787,0.3260819911956787,0.30462899804115295,0.3175010085105896,0.2136857807636261,230739
2009-02-16,0.3175010085105896,0.3175010085105896,0.3175010085105896,0.3175010085105896,0.2136857807636261,0
2009-02-17,0.3175010085105896,0.3175010085105896,0.30462899804115295,0.30462899804115295,0.20502261817455292,37291
2009-02-18,0.3175010085105896,0.3175010085105896,0.3089199960231781,0.31321001052856445,0.21079789102077484,39621
2009-02-19,0.3003380000591278,0.3389529883861542,0.3003380000591278,0.32179099321365356,0.21657304465770721,160818
2009-02-20,0.3175010085105896,0.3260819911956787,0.31321001052856445,0.31321001052856445,0.21079789102077484,848374
2009-02-23,0.32179099321365356,0.32179099321365356,0.3089199960231781,0.31321001052856445,0.21079789102077484,272691
2009-02-24,0.3175010085105896,0.3175010085105896,0.3089199960231781,0.3089199960231781,0.20791059732437134,69921
2009-02-25,0.3260819911956787,0.3260819911956787,0.3260819911956787,0.3260819911956787,0.21946099400520325,2330
2009-02-26,0.3260819911956787,0.3260819911956787,0.31321001052856445,0.3175010085105896,0.2136857807636261,410203
2009-02-27,0.32179099321365356,0.32179099321365356,0.31321001052856445,0.3175010085105896,0.2136857807636261,285510
2009-03-02,0.3175010085105896,0.32179099321365356,0.3175010085105896,0.32179099321365356,0.21657304465770721,4661
2009-03-03,0.30462899804115295,0.32179099321365356,0.3003380000591278,0.3175010085105896,0.2136857807636261,81574
2009-03-04,0.3175010085105896,0.3175010085105896,0.3089199960231781,0.3089199960231781,0.20791059732437134,118865
2009-03-05,0.3089199960231781,0.3089199960231781,0.3089199960231781,0.3089199960231781,0.20791059732437134,0
2009-03-06,0.3089199960231781,0.3089199960231781,0.3089199960231781,0.3089199960231781,0.20791059732437134,0
2009-03-09,0.3089199960231781,0.3089199960231781,0.30462899804115295,0.30462899804115295,0.20502261817455292,48944
2009-03-10,0.3003380000591278,0.3089199960231781,0.3003380000591278,0.3089199960231781,0.20791059732437134,53606
2009-03-11,0.3003380000591278,0.3089199960231781,0.3003380000591278,0.30462899804115295,0.20502261817455292,403211
2009-03-12,0.3003380000591278,0.3003380000591278,0.3003380000591278,0.3003380000591278,0.20213466882705688,2330
2009-03-13,0.30462899804115295,0.31321001052856445,0.30462899804115295,0.31321001052856445,0.21079789102077484,200440
2009-03-16,0.32179099321365356,0.32179099321365356,0.2917569875717163,0.31321001052856445,0.21079789102077484,25637
2009-03-17,0.3003380000591278,0.32179099321365356,0.3003380000591278,0.3175010085105896,0.2136857807636261,195778
2009-03-18,0.31321001052856445,0.3175010085105896,0.31321001052856445,0.31321001052856445,0.21079789102077484,839052
2009-03-19,0.3089199960231781,0.3260819911956787,0.3089199960231781,0.31321001052856445,0.21079789102077484,118865
2009-03-20,0.31321001052856445,0.3175010085105896,0.3089199960231781,0.3175010085105896,0.2136857807636261,475462
2009-03-23,0.3089199960231781,0.3175010085105896,0.3089199960231781,0.3175010085105896,0.2136857807636261,270361
2009-03-24,0.31321001052856445,0.3260819911956787,0.31321001052856445,0.3260819911956787,0.21946099400520325,9322
2009-03-25,0.3260819911956787,0.3260819911956787,0.32179099321365356,0.3260819911956787,0.21946099400520325,440502
2009-03-26,0.3260819911956787,0.33037200570106506,0.3260819911956787,0.33037200570106506,0.22234830260276794,710863
2009-03-27,0.33037200570106506,0.32179099321365356,0.3346630036830902,0.3346630036830902,0.22523628175258636,629289
2009-03-30,0.33037200570106506,0.3346630036830902,0.32179099321365356,0.3260819911956787,0.21946099400520325,1785316
2009-03-31,0.3260819911956787,0.33037200570106506,0.3260819911956787,0.33037200570106506,0.22234830260276794,333290
2009-04-01,0.3389529883861542,0.3389529883861542,0.33037200570106506,0.3346630036830902,0.22523628175258636,545383
2009-04-02,0.3389529883861542,0.3518249988555908,0.3346630036830902,0.3518249988555908,0.23678670823574066,2673313
2009-04-03,0.35611599683761597,0.35611599683761597,0.3432439863681793,0.3432439863681793,0.23101146519184113,484785
2009-04-06,0.35611599683761597,0.3604060113430023,0.35611599683761597,0.35611599683761597,0.23967459797859192,1027838
2009-04-07,0.36469700932502747,0.36469700932502747,0.3518249988555908,0.35611599683761597,0.23967459797859192,240062
2009-04-08,0.35611599683761597,0.35611599683761597,0.3518249988555908,0.3518249988555908,0.23678670823574066,272691
2009-04-09,0.3518249988555908,0.37756800651550293,0.3518249988555908,0.37756800651550293,0.2541123032569885,2124433
2009-04-14,0.3861500024795532,0.39473098516464233,0.37756800651550293,0.39473098516464233,0.26566338539123535,1302861
2009-04-15,0.40331199765205383,0.42047399282455444,0.39473098516464233,0.42047399282455444,0.2829890251159668,1323837
2009-04-16,0.43763598799705505,0.43763598799705505,0.42047399282455444,0.42047399282455444,0.2829890251159668,163149
2009-04-17,0.42047399282455444,0.42905500531196594,0.41189301013946533,0.41189301013946533,0.27721381187438965,1647805
2009-04-20,0.41189301013946533,0.4247649908065796,0.41189301013946533,0.42047399282455444,0.2829890251159668,650265
2009-04-21,0.41189301013946533,0.4247649908065796,0.4076020121574402,0.42047399282455444,0.2829890251159668,1622167
2009-04-22,0.42905500531196594,0.42905500531196594,0.41189301013946533,0.41189301013946533,0.27721381187438965,316975
2009-04-23,0.4161829948425293,0.4161829948425293,0.4076020121574402,0.4161829948425293,0.2801011800765991,67590
2009-04-24,0.41189301013946533,0.43763598799705505,0.41189301013946533,0.4247649908065796,0.2858770489692688,328628
2009-04-27,0.42047399282455444,0.4247649908065796,0.41189301013946533,0.41189301013946533,0.27721381187438965,1079114
2009-04-28,0.41189301013946533,0.43763598799705505,0.4076020121574402,0.4076020121574402,0.2743259370326996,531399
2009-04-29,0.4076020121574402,0.4247649908065796,0.4076020121574402,0.41189301013946533,0.27721381187438965,165479
2009-04-30,0.43763598799705505,0.43763598799705505,0.4161829948425293,0.42905500531196594,0.2887642979621887,179463
2009-05-04,0.42905500531196594,0.43763598799705505,0.42905500531196594,0.43763598799705505,0.29453954100608826,946264
2009-05-05,0.42905500531196594,0.46338000893592834,0.42905500531196594,0.46338000893592834,0.31186577677726746,1573222
2009-05-06,0.46338000893592834,0.48912298679351807,0.45479801297187805,0.48912298679351807,0.32919150590896606,2645344
2009-05-07,0.48912298679351807,0.49770399928092957,0.48054200410842896,0.48912298679351807,0.32919150590896606,1006862
2009-05-08,0.47196099162101746,0.5148659944534302,0.47196099162101746,0.5148659944534302,0.3465171754360199,1731710
2009-05-11,0.5062850117683411,0.5406100153923035,0.49770399928092957,0.5148659944534302,0.3465171754360199,2421597
2009-05-12,0.5062850117683411,0.5062850117683411,0.48054200410842896,0.5062850117683411,0.34074196219444275,1822607
2009-05-13,0.49770399928092957,0.5148659944534302,0.49770399928092957,0.5062850117683411,0.34074196219444275,801760
2009-05-14,0.48912298679351807,0.49770399928092957,0.48912298679351807,0.49770399928092957,0.3349667489528656,654926
2009-05-15,0.5062850117683411,0.5148659944534302,0.5062850117683411,0.5148659944534302,0.3465171754360199,466140
2009-05-18,0.5148659944534302,0.5148659944534302,0.48912298679351807,0.5148659944534302,0.3465171754360199,128188
2009-05-19,0.5148659944534302,0.5406100153923035,0.5148659944534302,0.5406100153923035,0.36384350061416626,1256247
2009-05-20,0.5491909980773926,0.5491909980773926,0.5320280194282532,0.5406100153923035,0.36384350061416626,1827269
2009-05-21,0.5491909980773926,0.5663530230522156,0.5406100153923035,0.5406100153923035,0.36384350061416626,645604
2009-05-22,0.5491909980773926,0.6006770133972168,0.5491909980773926,0.6006770133972168,0.4042700231075287,4353748
2009-05-25,0.6264209747314453,0.7808809876441956,0.6092579960823059,0.7723000049591064,0.519776463508606,17791401
2009-05-26,0.7808809876441956,0.8066239953041077,0.755137026309967,0.7723000049591064,0.519776463508606,5885018
2009-05-27,0.7980430126190186,0.7980430126190186,0.737975001335144,0.737975001335144,0.49667489528656006,1102421
2009-05-29,0.737975001335144,0.737975001335144,0.7122319936752319,0.737975001335144,0.49667489528656006,1287711
2009-06-01,0.737975001335144,0.7465559840202332,0.7122319936752319,0.720812976360321,0.4851243793964386,2890068
2009-06-02,0.720812976360321,0.7293940186500549,0.6264209747314453,0.6350020170211792,0.4273715615272522,6383788
2009-06-03,0.6350020170211792,0.6779069900512695,0.6350020170211792,0.6521639823913574,0.4389219880104065,3719797
2009-06-04,0.6521639823913574,0.6521639823913574,0.6178399920463562,0.6350020170211792,0.4273715615272522,3146445
2009-06-05,0.6350020170211792,0.6950700283050537,0.6264209747314453,0.6950700283050537,0.46779876947402954,3635892
2009-06-08,0.6864879727363586,0.8152049779891968,0.6864879727363586,0.7465559840202332,0.5024500489234924,7694807
2009-06-09,0.755137026309967,0.755137026309967,0.7036510109901428,0.737975001335144,0.49667489528656006,1542923
2009-06-10,0.755137026309967,0.755137026309967,0.737975001335144,0.7465559840202332,0.5024500489234924,652596
2009-06-11,0.7465559840202332,0.7637180089950562,0.7465559840202332,0.7637180089950562,0.5140004754066467,1239932
2009-06-12,0.7723000049591064,0.7808809876441956,0.7465559840202332,0.7637180089950562,0.5140004754066467,1202641
2009-06-15,0.7637180089950562,0.7723000049591064,0.7293940186500549,0.7293940186500549,0.4908997118473053,506927
2009-06-16,0.7293940186500549,0.7293940186500549,0.7122319936752319,0.7122319936752319,0.47934919595718384,559368
2009-06-17,0.7122319936752319,0.7293940186500549,0.7122319936752319,0.7293940186500549,0.4908997118473053,242392
2009-06-18,0.7122319936752319,0.7293940186500549,0.7122319936752319,0.7293940186500549,0.4908997118473053,177133
2009-06-19,0.7293940186500549,0.755137026309967,0.720812976360321,0.7293940186500549,0.4908997118473053,419526
2009-06-22,0.737975001335144,0.7465559840202332,0.720812976360321,0.7293940186500549,0.4908997118473053,158487
2009-06-23,0.7036510109901428,0.7293940186500549,0.7036510109901428,0.7293940186500549,0.4908997118473053,30299
2009-06-24,0.7293940186500549,0.7293940186500549,0.720812976360321,0.720812976360321,0.4851243793964386,95558
2009-06-25,0.737975001335144,0.737975001335144,0.7293940186500549,0.737975001335144,0.49667489528656006,69921
2009-06-26,0.737975001335144,0.737975001335144,0.720812976360321,0.720812976360321,0.4851243793964386,130519
2009-06-29,0.720812976360321,0.737975001335144,0.7122319936752319,0.7293940186500549,0.4908997118473053,230739
2009-06-30,0.737975001335144,0.7465559840202332,0.7293940186500549,0.737975001335144,0.49667489528656006,543053
2009-07-02,0.737975001335144,0.7465559840202332,0.7293940186500549,0.7293940186500549,0.4908997118473053,81574
2009-07-03,0.7122319936752319,0.737975001335144,0.7122319936752319,0.737975001335144,0.49667489528656006,195778
2009-07-06,0.720812976360321,0.720812976360321,0.720812976360321,0.720812976360321,0.4851243793964386,23307
2009-07-07,0.7122319936752319,0.720812976360321,0.7122319936752319,0.720812976360321,0.4851243793964386,11653
2009-07-08,0.7293940186500549,0.7293940186500549,0.7293940186500549,0.7293940186500549,0.4908997118473053,69921
2009-07-09,0.7293940186500549,0.7465559840202332,0.7293940186500549,0.7465559840202332,0.5024500489234924,233070
2009-07-10,0.7465559840202332,0.7465559840202332,0.7293940186500549,0.7293940186500549,0.4908997118473053,163149
2009-07-13,0.7036510109901428,0.7293940186500549,0.7036510109901428,0.7122319936752319,0.47934919595718384,1069791
2009-07-14,0.7036510109901428,0.720812976360321,0.6950700283050537,0.7122319936752319,0.47934919595718384,191117
2009-07-15,0.7036510109901428,0.737975001335144,0.7036510109901428,0.7036510109901428,0.47357413172721863,230739
2009-07-16,0.7122319936752319,0.737975001335144,0.7122319936752319,0.7293940186500549,0.4908997118473053,743493
2009-07-17,0.7293940186500549,0.7465559840202332,0.720812976360321,0.720812976360321,0.4851243793964386,158487
2009-07-20,0.737975001335144,0.7465559840202332,0.720812976360321,0.7465559840202332,0.5024500489234924,661918
2009-07-21,0.737975001335144,0.755137026309967,0.720812976360321,0.720812976360321,0.4851243793964386,179463
2009-07-22,0.720812976360321,0.7465559840202332,0.720812976360321,0.7293940186500549,0.4908997118473053,20976
2009-07-23,0.7465559840202332,0.7465559840202332,0.7293940186500549,0.737975001335144,0.49667489528656006,701540
2009-07-24,0.7293940186500549,0.7465559840202332,0.7293940186500549,0.7465559840202332,0.5024500489234924,957917
2009-07-27,0.7293940186500549,0.7637180089950562,0.7293940186500549,0.755137026309967,0.5082253217697144,736501
2009-07-28,0.7637180089950562,0.7637180089950562,0.737975001335144,0.755137026309967,0.5082253217697144,377573
2009-07-29,0.755137026309967,0.755137026309967,0.7122319936752319,0.7465559840202332,0.5024500489234924,254046
2009-07-30,0.7465559840202332,0.755137026309967,0.737975001335144,0.7465559840202332,0.5024500489234924,223747
2009-07-31,0.755137026309967,0.7808809876441956,0.7465559840202332,0.7808809876441956,0.5255516171455383,1375113
2009-08-03,0.7808809876441956,0.7808809876441956,0.7637180089950562,0.7808809876441956,0.5255516171455383,561698
2009-08-04,0.7637180089950562,0.7808809876441956,0.7637180089950562,0.7723000049591064,0.519776463508606,643273
2009-08-05,0.7894619703292847,0.7894619703292847,0.7637180089950562,0.7723000049591064,0.519776463508606,440502
2009-08-06,0.7894619703292847,0.7894619703292847,0.755137026309967,0.7723000049591064,0.519776463508606,645604
2009-08-07,0.7723000049591064,0.7723000049591064,0.7637180089950562,0.7637180089950562,0.5140004754066467,901981
2009-08-10,0.755137026309967,0.7637180089950562,0.7465559840202332,0.7465559840202332,0.5024500489234924,874012
2009-08-11,0.737975001335144,0.7723000049591064,0.737975001335144,0.7637180089950562,0.5140004754066467,18645
2009-08-12,0.7723000049591064,0.7723000049591064,0.737975001335144,0.737975001335144,0.49667489528656006,484785
2009-08-13,0.7465559840202332,0.755137026309967,0.737975001335144,0.7465559840202332,0.5024500489234924,799430
2009-08-14,0.7465559840202332,0.7637180089950562,0.737975001335144,0.737975001335144,0.49667489528656006,184125
2009-08-17,0.7637180089950562,0.7637180089950562,0.7293940186500549,0.7293940186500549,0.4908997118473053,270361
2009-08-18,0.737975001335144,0.737975001335144,0.7036510109901428,0.7293940186500549,0.4908997118473053,2085976
2009-08-19,0.720812976360321,0.720812976360321,0.7122319936752319,0.7122319936752319,0.47934919595718384,221416
2009-08-20,0.737975001335144,0.7465559840202332,0.720812976360321,0.737975001335144,0.49667489528656006,235400
2009-08-21,0.755137026309967,0.755137026309967,0.7122319936752319,0.720812976360321,0.4851243793964386,1631490
2009-08-24,0.7293940186500549,0.737975001335144,0.7293940186500549,0.737975001335144,0.49667489528656006,713194
2009-08-25,0.720812976360321,0.737975001335144,0.720812976360321,0.7293940186500549,0.4908997118473053,442833
2009-08-26,0.7293940186500549,0.7293940186500549,0.7293940186500549,0.7293940186500549,0.4908997118473053,0
2009-08-27,0.7293940186500549,0.7293940186500549,0.7293940186500549,0.7293940186500549,0.4908997118473053,0
2009-08-28,0.720812976360321,0.7293940186500549,0.7122319936752319,0.7122319936752319,0.47934919595718384,433510
2009-08-31,0.7036510109901428,0.7036510109901428,0.7036510109901428,0.7036510109901428,0.47357413172721863,39621
2009-09-01,0.7122319936752319,0.7122319936752319,0.7122319936752319,0.7122319936752319,0.47934919595718384,0
2009-09-02,0.7122319936752319,0.7122319936752319,0.7122319936752319,0.7122319936752319,0.47934919595718384,34960
2009-09-03,0.7122319936752319,0.720812976360321,0.7122319936752319,0.720812976360321,0.4851243793964386,90897
2009-09-04,0.720812976360321,0.7293940186500549,0.720812976360321,0.7293940186500549,0.4908997118473053,251715
2009-09-07,0.7465559840202332,0.755137026309967,0.737975001335144,0.7465559840202332,0.5024500489234924,473132
2009-09-08,0.737975001335144,0.755137026309967,0.737975001335144,0.755137026309967,0.5082253217697144,547714
2009-09-09,0.737975001335144,0.755137026309967,0.7293940186500549,0.755137026309967,0.5082253217697144,533730
2009-09-10,0.737975001335144,0.737975001335144,0.7293940186500549,0.7293940186500549,0.4908997118473053,69921
2009-09-11,0.7465559840202332,0.7465559840202332,0.7293940186500549,0.737975001335144,0.49667489528656006,181794
2009-09-14,0.737975001335144,0.737975001335144,0.720812976360321,0.720812976360321,0.49083176255226135,37291
2009-09-15,0.720812976360321,0.720812976360321,0.720812976360321,0.720812976360321,0.49083176255226135,0
2009-09-16,0.7465559840202332,0.7465559840202332,0.737975001335144,0.737975001335144,0.5025179982185364,2330
2009-09-17,0.7465559840202332,0.7465559840202332,0.720812976360321,0.720812976360321,0.49083176255226135,72251
2009-09-18,0.720812976360321,0.720812976360321,0.7122319936752319,0.720812976360321,0.49083176255226135,34960
2009-09-21,0.737975001335144,0.7465559840202332,0.7293940186500549,0.7293940186500549,0.49667489528656006,193448
2009-09-22,0.737975001335144,0.737975001335144,0.737975001335144,0.737975001335144,0.5025179982185364,18645
2009-09-23,0.737975001335144,0.737975001335144,0.7293940186500549,0.7293940186500549,0.49667489528656006,95558
2009-09-24,0.7036510109901428,0.7122319936752319,0.6950700283050537,0.7122319936752319,0.48498857021331787,205101
2009-09-25,0.7036510109901428,0.720812976360321,0.7036510109901428,0.720812976360321,0.49083176255226135,48944
2009-09-28,0.720812976360321,0.720812976360321,0.6950700283050537,0.7122319936752319,0.48498857021331787,18645
2009-09-29,0.7036510109901428,0.7293940186500549,0.7036510109901428,0.7122319936752319,0.48498857021331787,81574
2009-09-30,0.7036510109901428,0.7036510109901428,0.7036510109901428,0.7036510109901428,0.4791454076766968,2330
2009-10-02,0.7036510109901428,0.7036510109901428,0.7036510109901428,0.7036510109901428,0.4791454076766968,2330
2009-10-05,0.6950700283050537,0.7036510109901428,0.6950700283050537,0.7036510109901428,0.4791454076766968,13984
2009-10-06,0.7036510109901428,0.720812976360321,0.7036510109901428,0.720812976360321,0.49083176255226135,39621
2009-10-07,0.7293940186500549,0.7293940186500549,0.6779069900512695,0.6779069900512695,0.46161535382270813,2069661
2009-10-08,0.6864879727363586,0.6864879727363586,0.6693260073661804,0.6779069900512695,0.46161535382270813,654926
2009-10-09,0.6864879727363586,0.6864879727363586,0.6779069900512695,0.6864879727363586,0.4674583971500397,1083775
2009-10-12,0.6779069900512695,0.6864879727363586,0.6693260073661804,0.6779069900512695,0.46161535382270813,137511
2009-10-13,0.6779069900512695,0.7122319936752319,0.6779069900512695,0.7036510109901428,0.4791454076766968,827398
2009-10-14,0.7122319936752319,0.7122319936752319,0.7036510109901428,0.7036510109901428,0.4791454076766968,107212
2009-10-15,0.6950700283050537,0.7122319936752319,0.6864879727363586,0.6864879727363586,0.4674583971500397,547714
2009-10-16,0.6864879727363586,0.7036510109901428,0.6779069900512695,0.7036510109901428,0.4791454076766968,841382
2009-10-19,0.7036510109901428,0.7122319936752319,0.7036510109901428,0.7122319936752319,0.48498857021331787,1083775
2009-10-20,0.720812976360321,0.720812976360321,0.7122319936752319,0.7122319936752319,0.48498857021331787,209763
2009-10-21,0.7122319936752319,0.7293940186500549,0.7122319936752319,0.7122319936752319,0.48498857021331787,356597
2009-10-22,0.7293940186500549,0.755137026309967,0.7293940186500549,0.737975001335144,0.5025179982185364,1570892
2009-10-23,0.7465559840202332,0.755137026309967,0.7293940186500549,0.737975001335144,0.5025179982185364,1340152
2009-10-27,0.737975001335144,0.737975001335144,0.720812976360321,0.7293940186500549,0.49667489528656006,398549
2009-10-28,0.7293940186500549,0.7293940186500549,0.720812976360321,0.720812976360321,0.49083176255226135,295998
2009-10-29,0.720812976360321,0.720812976360321,0.7122319936752319,0.7122319936752319,0.48498857021331787,221416
2009-10-30,0.737975001335144,0.737975001335144,0.7122319936752319,0.720812976360321,0.49083176255226135,1615175
2009-11-02,0.7036510109901428,0.737975001335144,0.7036510109901428,0.720812976360321,0.49083176255226135,586171
2009-11-03,0.7122319936752319,0.7293940186500549,0.7122319936752319,0.720812976360321,0.49083176255226135,130519
2009-11-04,0.720812976360321,0.7293940186500549,0.7122319936752319,0.720812976360321,0.49083176255226135,295998
2009-11-05,0.720812976360321,0.7293940186500549,0.7122319936752319,0.720812976360321,0.49083176255226135,1006862
2009-11-06,0.7293940186500549,0.737975001335144,0.720812976360321,0.720812976360321,0.49083176255226135,1151365
2009-11-09,0.720812976360321,0.7293940186500549,0.7122319936752319,0.720812976360321,0.49083176255226135,370581
2009-11-10,0.720812976360321,0.720812976360321,0.7122319936752319,0.720812976360321,0.49083176255226135,820406
2009-11-11,0.7293940186500549,0.7293940186500549,0.720812976360321,0.720812976360321,0.49083176255226135,207432
2009-11-12,0.737975001335144,0.737975001335144,0.720812976360321,0.720812976360321,0.49083176255226135,202770
2009-11-13,0.7293940186500549,0.7465559840202332,0.720812976360321,0.737975001335144,0.5025179982185364,834390
2009-11-16,0.737975001335144,0.7465559840202332,0.720812976360321,0.7293940186500549,0.49667489528656006,1183995
2009-11-17,0.720812976360321,0.7293940186500549,0.720812976360321,0.7293940186500549,0.49667489528656006,295998
2009-11-18,0.737975001335144,0.737975001335144,0.7122319936752319,0.720812976360321,0.49083176255226135,1750355
2009-11-19,0.7036510109901428,0.7122319936752319,0.7036510109901428,0.7122319936752319,0.48498857021331787,291337
2009-11-20,0.7122319936752319,0.7122319936752319,0.7122319936752319,0.7122319936752319,0.48498857021331787,291337
2009-11-23,0.7122319936752319,0.7122319936752319,0.7122319936752319,0.7122319936752319,0.48498857021331787,139842
2009-11-24,0.7122319936752319,0.7122319936752319,0.7036510109901428,0.7122319936752319,0.48498857021331787,881004
2009-11-25,0.7036510109901428,0.7036510109901428,0.6435829997062683,0.6779069900512695,0.46161535382270813,8190081
2009-11-26,0.6693260073661804,0.6779069900512695,0.6435829997062683,0.6521639823913574,0.4440857768058777,2566101
2009-11-27,0.6350020170211792,0.6435829997062683,0.6264209747314453,0.6264209747314453,0.42655622959136963,1156027
2009-11-30,0.6521639823913574,0.6693260073661804,0.6521639823913574,0.6693260073661804,0.4557720124721527,626958
2009-12-01,0.6607450246810913,0.6864879727363586,0.6607450246810913,0.6779069900512695,0.46161535382270813,5386248
2009-12-02,0.6864879727363586,0.7036510109901428,0.6779069900512695,0.7036510109901428,0.4791454076766968,4789589
2009-12-03,0.7036510109901428,0.7036510109901428,0.6779069900512695,0.6779069900512695,0.46161535382270813,1540592
2009-12-04,0.6779069900512695,0.6864879727363586,0.6779069900512695,0.6864879727363586,0.4674583971500397,582675
2009-12-07,0.6864879727363586,0.6950700283050537,0.6864879727363586,0.6864879727363586,0.4674583971500397,762139
2009-12-08,0.6864879727363586,0.6950700283050537,0.6779069900512695,0.6864879727363586,0.4674583971500397,939272
2009-12-09,0.6864879727363586,0.6950700283050537,0.6779069900512695,0.6864879727363586,0.4674583971500397,389226
2009-12-10,0.6864879727363586,0.7122319936752319,0.6864879727363586,0.7122319936752319,0.48498857021331787,2780525
2009-12-11,0.7122319936752319,0.7122319936752319,0.7036510109901428,0.7036510109901428,0.4791454076766968,985886
2009-12-14,0.6779069900512695,0.6864879727363586,0.6693260073661804,0.6779069900512695,0.46161535382270813,897319
2009-12-15,0.6779069900512695,0.6950700283050537,0.6693260073661804,0.6864879727363586,0.4674583971500397,1016185
2009-12-16,0.6779069900512695,0.7036510109901428,0.6779069900512695,0.7036510109901428,0.4791454076766968,1337822
2009-12-17,0.6950700283050537,0.6950700283050537,0.6779069900512695,0.6779069900512695,0.46161535382270813,396219
2009-12-18,0.6693260073661804,0.6693260073661804,0.6607450246810913,0.6693260073661804,0.4557720124721527,461478
2009-12-21,0.6607450246810913,0.6607450246810913,0.6607450246810913,0.6607450246810913,0.4499289393424988,25637
2009-12-22,0.6693260073661804,0.6779069900512695,0.6693260073661804,0.6693260073661804,0.4557720124721527,284345
2009-12-23,0.6607450246810913,0.6779069900512695,0.6607450246810913,0.6779069900512695,0.46161535382270813,321636
2009-12-24,0.6607450246810913,0.6864879727363586,0.6607450246810913,0.6693260073661804,0.4557720124721527,107212
2009-12-28,0.6693260073661804,0.6864879727363586,0.6693260073661804,0.6864879727363586,0.4674583971500397,65259
2009-12-29,0.6693260073661804,0.6779069900512695,0.6693260073661804,0.6779069900512695,0.46161535382270813,137511
2009-12-30,0.6779069900512695,0.6864879727363586,0.6779069900512695,0.6779069900512695,0.46337467432022095,104881
2009-12-31,0.6950700283050537,0.6950700283050537,0.6693260073661804,0.6779069900512695,0.46337467432022095,34960
2010-01-04,0.6779069900512695,0.6864879727363586,0.6779069900512695,0.6864879727363586,0.4692400395870209,654926
2010-01-05,0.6950700283050537,0.7036510109901428,0.6950700283050537,0.7036510109901428,0.48097163438796997,1981095
2010-01-06,0.6950700283050537,0.7036510109901428,0.6950700283050537,0.7036510109901428,0.48097163438796997,811083
2010-01-07,0.7122319936752319,0.720812976360321,0.7036510109901428,0.7122319936752319,0.48683714866638184,1731710
2010-01-08,0.720812976360321,0.720812976360321,0.7036510109901428,0.7036510109901428,0.48097163438796997,1645474
2010-01-11,0.7036510109901428,0.7122319936752319,0.7036510109901428,0.7036510109901428,0.48097163438796997,207432
2010-01-12,0.7122319936752319,0.720812976360321,0.7122319936752319,0.720812976360321,0.4927023649215698,1445034
2010-01-13,0.7036510109901428,0.7122319936752319,0.6950700283050537,0.7036510109901428,0.48097163438796997,1244594
2010-01-14,0.7036510109901428,0.7122319936752319,0.7036510109901428,0.7036510109901428,0.48097163438796997,89731
2010-01-15,0.7036510109901428,0.720812976360321,0.7036510109901428,0.720812976360321,0.4927023649215698,346109
2010-01-18,0.720812976360321,0.720812976360321,0.7036510109901428,0.720812976360321,0.4927023649215698,342612
2010-01-19,0.720812976360321,0.737975001335144,0.720812976360321,0.737975001335144,0.5044333934783936,1009193
2010-01-20,0.7293940186500549,0.7293940186500549,0.720812976360321,0.720812976360321,0.4927023649215698,811083
2010-01-21,0.720812976360321,0.737975001335144,0.7122319936752319,0.7293940186500549,0.4985678791999817,727178
2010-01-22,0.7122319936752319,0.7122319936752319,0.6950700283050537,0.7036510109901428,0.48097163438796997,209763
2010-01-25,0.7036510109901428,0.7122319936752319,0.7036510109901428,0.7122319936752319,0.48683714866638184,83905
2010-01-26,0.7122319936752319,0.7122319936752319,0.6950700283050537,0.6950700283050537,0.4751061797142029,334455
2010-01-27,0.6864879727363586,0.7122319936752319,0.6864879727363586,0.6864879727363586,0.4692400395870209,167810
2010-01-28,0.6864879727363586,0.7036510109901428,0.6779069900512695,0.6950700283050537,0.4751061797142029,447494
2010-01-29,0.6864879727363586,0.6864879727363586,0.6779069900512695,0.6864879727363586,0.4692400395870209,129353
2010-02-01,0.6779069900512695,0.7036510109901428,0.6779069900512695,0.7036510109901428,0.48097163438796997,81574
2010-02-02,0.6779069900512695,0.6864879727363586,0.6779069900512695,0.6864879727363586,0.4692400395870209,44283
2010-02-03,0.6864879727363586,0.6950700283050537,0.6864879727363586,0.6950700283050537,0.4751061797142029,209763
2010-02-04,0.6864879727363586,0.6864879727363586,0.6864879727363586,0.6864879727363586,0.4692400395870209,37291
2010-02-05,0.6864879727363586,0.6950700283050537,0.6693260073661804,0.6693260073661804,0.45750924944877625,307652
2010-02-08,0.6864879727363586,0.6864879727363586,0.6693260073661804,0.6864879727363586,0.4692400395870209,48944
2010-02-09,0.6693260073661804,0.7122319936752319,0.6693260073661804,0.7036510109901428,0.48097163438796997,603651
2010-02-10,0.7036510109901428,0.7036510109901428,0.6950700283050537,0.6950700283050537,0.4751061797142029,4661
2010-02-11,0.6693260073661804,0.6864879727363586,0.6693260073661804,0.6864879727363586,0.4692400395870209,123527
2010-02-12,0.6779069900512695,0.6950700283050537,0.6779069900512695,0.6950700283050537,0.4751061797142029,123527
2010-02-17,0.6950700283050537,0.7122319936752319,0.6779069900512695,0.7122319936752319,0.48683714866638184,128188
2010-02-18,0.6864879727363586,0.7036510109901428,0.6864879727363586,0.6950700283050537,0.4751061797142029,48944
2010-02-19,0.6864879727363586,0.7036510109901428,0.6779069900512695,0.7036510109901428,0.48097163438796997,65259
2010-02-22,0.6950700283050537,0.7036510109901428,0.6950700283050537,0.6950700283050537,0.4751061797142029,480124
2010-02-23,0.7036510109901428,0.7122319936752319,0.7036510109901428,0.7122319936752319,0.48683714866638184,999870
2010-02-24,0.7036510109901428,0.7036510109901428,0.6950700283050537,0.7036510109901428,0.48097163438796997,30299
2010-02-25,0.7036510109901428,0.7036510109901428,0.6864879727363586,0.7036510109901428,0.48097163438796997,165479
2010-02-26,0.7036510109901428,0.7122319936752319,0.6950700283050537,0.7036510109901428,0.48097163438796997,368250
2010-03-01,0.6950700283050537,0.7122319936752319,0.6950700283050537,0.7122319936752319,0.48683714866638184,177133
2010-03-02,0.7122319936752319,0.7122319936752319,0.7122319936752319,0.7122319936752319,0.48683714866638184,0
2010-03-03,0.7122319936752319,0.720812976360321,0.7036510109901428,0.720812976360321,0.4927023649215698,270361
2010-03-04,0.7036510109901428,0.7122319936752319,0.6950700283050537,0.7122319936752319,0.48683714866638184,72251
2010-03-05,0.7122319936752319,0.7122319936752319,0.7122319936752319,0.7122319936752319,0.48683714866638184,0
2010-03-08,0.720812976360321,0.720812976360321,0.7122319936752319,0.7122319936752319,0.48683714866638184,195778
2010-03-09,0.7122319936752319,0.720812976360321,0.7036510109901428,0.7122319936752319,0.48683714866638184,235400
2010-03-10,0.7122319936752319,0.720812976360321,0.7036510109901428,0.720812976360321,0.4927023649215698,298329
2010-03-11,0.720812976360321,0.720812976360321,0.720812976360321,0.720812976360321,0.4927023649215698,11653
2010-03-12,0.720812976360321,0.720812976360321,0.720812976360321,0.720812976360321,0.4927023649215698,25637
2010-03-15,0.720812976360321,0.720812976360321,0.720812976360321,0.720812976360321,0.4927023649215698,13984
2010-03-16,0.720812976360321,0.7293940186500549,0.7122319936752319,0.720812976360321,0.4927023649215698,130519
2010-03-17,0.720812976360321,0.720812976360321,0.7036510109901428,0.7122319936752319,0.48683714866638184,435840
2010-03-18,0.720812976360321,0.720812976360321,0.6864879727363586,0.7122319936752319,0.48683714866638184,915965
2010-03-19,0.7122319936752319,0.7122319936752319,0.7122319936752319,0.7122319936752319,0.48683714866638184,2330
2010-03-22,0.7122319936752319,0.7122319936752319,0.7122319936752319,0.7122319936752319,0.48683714866638184,4661
2010-03-23,0.7036510109901428,0.720812976360321,0.7036510109901428,0.7122319936752319,0.48683714866638184,314644
2010-03-24,0.7036510109901428,0.720812976360321,0.7036510109901428,0.7122319936752319,0.48683714866638184,114204
2010-03-25,0.7122319936752319,0.7122319936752319,0.7036510109901428,0.7036510109901428,0.48097163438796997,468470
2010-03-26,0.7036510109901428,0.7036510109901428,0.6950700283050537,0.7036510109901428,0.48097163438796997,349605
2010-03-29,0.7036510109901428,0.7122319936752319,0.7036510109901428,0.7122319936752319,0.48683714866638184,351935
2010-03-30,0.6950700283050537,0.7122319936752319,0.6950700283050537,0.7122319936752319,0.48683714866638184,135180
2010-03-31,0.7122319936752319,0.7293940186500549,0.7122319936752319,0.7293940186500549,0.4985678791999817,1631490
2010-04-01,0.720812976360321,0.7465559840202332,0.720812976360321,0.7465559840202332,0.5102987885475159,2253787
2010-04-07,0.755137026309967,0.755137026309967,0.7293940186500549,0.7465559840202332,0.5102987885475159,207432
2010-04-08,0.7465559840202332,0.7465559840202332,0.7293940186500549,0.737975001335144,0.5044333934783936,752816
2010-04-09,0.7293940186500549,0.755137026309967,0.7293940186500549,0.7465559840202332,0.5102987885475159,631619
2010-04-12,0.7637180089950562,0.7723000049591064,0.755137026309967,0.755137026309967,0.5161643028259277,2927359
2010-04-13,0.7465559840202332,0.7894619703292847,0.7293940186500549,0.7723000049591064,0.5278958678245544,5206784
2010-04-14,0.7637180089950562,0.7723000049591064,0.7465559840202332,0.7637180089950562,0.5220296382904053,1486986
2010-04-15,0.7723000049591064,0.8323670029640198,0.7637180089950562,0.8066239953041077,0.5513573884963989,7124951
2010-04-16,0.7980430126190186,0.8581110239028931,0.7894619703292847,0.8495299816131592,0.5806853175163269,7108636
2010-04-19,0.8581110239028931,0.8581110239028931,0.7980430126190186,0.8152049779891968,0.5572229623794556,2483594
2010-04-20,0.8152049779891968,0.8152049779891968,0.7980430126190186,0.8152049779891968,0.5572229623794556,1220354
2010-04-21,0.8152049779891968,0.8666920065879822,0.8066239953041077,0.8323670029640198,0.5689537525177002,4766282
2010-04-22,0.8323670029640198,0.8924350142478943,0.8152049779891968,0.8666920065879822,0.5924162268638611,7199533
2010-04-23,0.8838539719581604,0.9095969796180725,0.8752729892730713,0.8838539719581604,0.6041470170021057,5083723
2010-04-26,0.9095969796180725,0.9525030255317688,0.8924350142478943,0.9525030255317688,0.651071310043335,13958797
2010-04-27,0.9353410005569458,0.9353410005569458,0.8924350142478943,0.9010159969329834,0.6158779859542847,5178816
2010-04-28,0.8752729892730713,0.8924350142478943,0.8581110239028931,0.8666920065879822,0.5924162268638611,2437912
2010-04-29,0.8838539719581604,0.8838539719581604,0.8237860202789307,0.8409479856491089,0.5748192667961121,4321118
2010-04-30,0.8409479856491089,0.8495299816131592,0.8237860202789307,0.8409479856491089,0.5748192667961121,918354
2010-05-03,0.8152049779891968,0.8237860202789307,0.8066239953041077,0.8152049779891968,0.5572229623794556,1060526
2010-05-04,0.8237860202789307,0.8323670029640198,0.8152049779891968,0.8237860202789307,0.5630883574485779,1223617
2010-05-05,0.8066239953041077,0.8152049779891968,0.7808809876441956,0.7980430126190186,0.5454920530319214,1286546
2010-05-06,0.8237860202789307,0.8237860202789307,0.755137026309967,0.7723000049591064,0.5278958678245544,2174543
2010-05-07,0.737975001335144,0.7637180089950562,0.737975001335144,0.755137026309967,0.5161643028259277,459147
2010-05-10,0.737975001335144,0.7637180089950562,0.737975001335144,0.755137026309967,0.5161643028259277,731839
2010-05-11,0.755137026309967,0.7723000049591064,0.7293940186500549,0.755137026309967,0.5161643028259277,587336
2010-05-12,0.7465559840202332,0.7465559840202332,0.7293940186500549,0.737975001335144,0.5044333934783936,454486
2010-05-13,0.7293940186500549,0.7894619703292847,0.7293940186500549,0.7894619703292847,0.5396265983581543,2018386
2010-05-14,0.7980430126190186,0.7980430126190186,0.737975001335144,0.755137026309967,0.5161643028259277,1118736
2010-05-17,0.737975001335144,0.737975001335144,0.7122319936752319,0.720812976360321,0.4927023649215698,1859898
2010-05-18,0.720812976360321,0.737975001335144,0.7036510109901428,0.720812976360321,0.4927023649215698,1580214
2010-05-19,0.7036510109901428,0.720812976360321,0.7036510109901428,0.7122319936752319,0.48683714866638184,319305
2010-05-20,0.7122319936752319,0.720812976360321,0.6779069900512695,0.6950700283050537,0.4751061797142029,1034830
2010-05-24,0.6779069900512695,0.720812976360321,0.6779069900512695,0.720812976360321,0.4927023649215698,393888
2010-05-25,0.7122319936752319,0.7122319936752319,0.6693260073661804,0.6950700283050537,0.4751061797142029,536061
2010-05-26,0.6864879727363586,0.6864879727363586,0.6779069900512695,0.6779069900512695,0.46337467432022095,172471
2010-05-27,0.6864879727363586,0.7036510109901428,0.6779069900512695,0.7036510109901428,0.48097163438796997,601320
2010-05-28,0.7122319936752319,0.7293940186500549,0.7036510109901428,0.7293940186500549,0.4985678791999817,703871
2010-05-31,0.7293940186500549,0.7293940186500549,0.7122319936752319,0.7293940186500549,0.4985678791999817,123527
2010-06-01,0.7293940186500549,0.7293940186500549,0.7122319936752319,0.720812976360321,0.4927023649215698,643273
2010-06-02,0.7293940186500549,0.737975001335144,0.7293940186500549,0.737975001335144,0.5044333934783936,153826
2010-06-03,0.737975001335144,0.737975001335144,0.7293940186500549,0.7293940186500549,0.4985678791999817,186456
2010-06-04,0.737975001335144,0.737975001335144,0.720812976360321,0.737975001335144,0.5044333934783936,330959
2010-06-07,0.720812976360321,0.7465559840202332,0.7122319936752319,0.7465559840202332,0.5102987885475159,403211
2010-06-08,0.7465559840202332,0.7465559840202332,0.7293940186500549,0.737975001335144,0.5044333934783936,659588
2010-06-09,0.755137026309967,0.755137026309967,0.737975001335144,0.737975001335144,0.5044333934783936,769131
2010-06-10,0.7465559840202332,0.7465559840202332,0.737975001335144,0.737975001335144,0.5044333934783936,268030
2010-06-11,0.755137026309967,0.755137026309967,0.737975001335144,0.755137026309967,0.5161643028259277,452155
2010-06-14,0.7465559840202332,0.755137026309967,0.7465559840202332,0.7465559840202332,0.5102987885475159,419526
2010-06-15,0.7637180089950562,0.7637180089950562,0.755137026309967,0.755137026309967,0.5161643028259277,118865
2010-06-17,0.7637180089950562,0.7723000049591064,0.755137026309967,0.7723000049591064,0.5278958678245544,1025508
2010-06-18,0.7723000049591064,0.7894619703292847,0.7723000049591064,0.7808809876441956,0.533761203289032,918295
2010-06-21,0.7894619703292847,0.8152049779891968,0.7894619703292847,0.8152049779891968,0.5572229623794556,876343
2010-06-22,0.8066239953041077,0.8152049779891968,0.7980430126190186,0.7980430126190186,0.5454920530319214,277353
2010-06-23,0.8066239953041077,0.8066239953041077,0.7894619703292847,0.7894619703292847,0.5396265983581543,456817
2010-06-24,0.7980430126190186,0.8152049779891968,0.7894619703292847,0.7894619703292847,0.5396265983581543,205101
2010-06-25,0.7980430126190186,0.8066239953041077,0.7894619703292847,0.7894619703292847,0.5396265983581543,67590
2010-06-28,0.8152049779891968,0.8237860202789307,0.7980430126190186,0.8066239953041077,0.5513573884963989,496439
2010-06-29,0.8066239953041077,0.8066239953041077,0.7894619703292847,0.7894619703292847,0.5396265983581543,512754
2010-06-30,0.8066239953041077,0.8752729892730713,0.7980430126190186,0.8495299816131592,0.5806853175163269,3659199
2010-07-02,0.8581110239028931,0.8581110239028931,0.8152049779891968,0.8237860202789307,0.5630883574485779,1484656
2010-07-05,0.8237860202789307,0.8323670029640198,0.8152049779891968,0.8152049779891968,0.5572229623794556,626958
2010-07-06,0.8152049779891968,0.8409479856491089,0.8152049779891968,0.8409479856491089,0.5748192667961121,762139
2010-07-07,0.8237860202789307,0.8495299816131592,0.8152049779891968,0.8237860202789307,0.5630883574485779,1242263
2010-07-08,0.8409479856491089,0.8409479856491089,0.8152049779891968,0.8237860202789307,0.5630883574485779,279684
2010-07-09,0.8323670029640198,0.8495299816131592,0.8237860202789307,0.8409479856491089,0.5748192667961121,703871
2010-07-12,0.8495299816131592,0.8581110239028931,0.8152049779891968,0.8237860202789307,0.5630883574485779,2083646
2010-07-13,0.8152049779891968,0.8323670029640198,0.7980430126190186,0.8237860202789307,0.5630883574485779,452155
2010-07-14,0.8409479856491089,0.8409479856491089,0.7980430126190186,0.8066239953041077,0.5513573884963989,1880875
2010-07-15,0.8152049779891968,0.8152049779891968,0.7808809876441956,0.7808809876441956,0.533761203289032,988216
2010-07-16,0.7808809876441956,0.7980430126190186,0.7808809876441956,0.7894619703292847,0.5396265983581543,405541
2010-07-19,0.7894619703292847,0.8066239953041077,0.7808809876441956,0.7980430126190186,0.5454920530319214,226077
2010-07-20,0.8066239953041077,0.8066239953041077,0.7894619703292847,0.7980430126190186,0.5454920530319214,603651
2010-07-21,0.8152049779891968,0.8152049779891968,0.7980430126190186,0.7980430126190186,0.5454920530319214,552375
2010-07-22,0.8066239953041077,0.8838539719581604,0.8066239953041077,0.8838539719581604,0.6041470170021057,29933185
2010-07-23,0.8838539719581604,0.8924350142478943,0.8495299816131592,0.8581110239028931,0.5865507125854492,7493201
2010-07-26,0.8495299816131592,0.9267600178718567,0.8495299816131592,0.9010159969329834,0.6158779859542847,13900297
2010-07-27,0.9010159969329834,0.9010159969329834,0.8581110239028931,0.8666920065879822,0.5924162268638611,4645085
2010-07-28,0.8581110239028931,0.8752729892730713,0.8581110239028931,0.8666920065879822,0.5924162268638611,2132590
2010-07-29,0.8666920065879822,0.8752729892730713,0.8495299816131592,0.8581110239028931,0.5865507125854492,1265570
2010-07-30,0.8666920065879822,0.8924350142478943,0.8581110239028931,0.8752729892730713,0.598281741142273,6323190
2010-08-02,0.8838539719581604,0.8838539719581604,0.8581110239028931,0.8666920065879822,0.5924162268638611,1624498
2010-08-03,0.8666920065879822,0.8666920065879822,0.8323670029640198,0.8409479856491089,0.5748192667961121,4691699
2010-08-04,0.8495299816131592,0.8495299816131592,0.8237860202789307,0.8323670029640198,0.5689537525177002,1652466
2010-08-05,0.8237860202789307,0.8237860202789307,0.8152049779891968,0.8152049779891968,0.5572229623794556,1288877
2010-08-06,0.8323670029640198,0.8323670029640198,0.8152049779891968,0.8237860202789307,0.5630883574485779,892658
2010-08-09,0.8237860202789307,0.8409479856491089,0.8152049779891968,0.8323670029640198,0.5689537525177002,770296
2010-08-10,0.8409479856491089,0.8409479856491089,0.8066239953041077,0.8152049779891968,0.5572229623794556,1447364
2010-08-11,0.8237860202789307,0.8237860202789307,0.7980430126190186,0.7980430126190186,0.5454920530319214,1055807
2010-08-12,0.7980430126190186,0.8066239953041077,0.7894619703292847,0.8066239953041077,0.5513573884963989,1097759
2010-08-13,0.7980430126190186,0.8066239953041077,0.7894619703292847,0.7980430126190186,0.5454920530319214,783115
2010-08-16,0.7894619703292847,0.8152049779891968,0.7894619703292847,0.8152049779891968,0.5572229623794556,1239932
2010-08-17,0.8066239953041077,0.8581110239028931,0.8066239953041077,0.8581110239028931,0.5865507125854492,11728084
2010-08-18,0.8666920065879822,0.8666920065879822,0.8323670029640198,0.8409479856491089,0.5748192667961121,5523759
2010-08-19,0.8409479856491089,0.8495299816131592,0.8237860202789307,0.8323670029640198,0.5689537525177002,1463679
2010-08-20,0.8323670029640198,0.8495299816131592,0.8237860202789307,0.8495299816131592,0.5806853175163269,1934481
2010-08-23,0.8495299816131592,0.9010159969329834,0.8323670029640198,0.8838539719581604,0.6041470170021057,10292372
2010-08-24,0.8838539719581604,0.9010159969329834,0.8666920065879822,0.8838539719581604,0.6041470170021057,8180758
2010-08-25,0.8666920065879822,0.9181780219078064,0.8495299816131592,0.9181780219078064,0.6276088953018188,7943026
2010-08-26,0.9181780219078064,0.9610840082168579,0.9010159969329834,0.9095969796180725,0.6217435002326965,10496891
2010-08-27,0.9010159969329834,0.9095969796180725,0.8752729892730713,0.8838539719581604,0.6041470170021057,1934481
2010-08-30,0.8924350142478943,0.9010159969329834,0.8752729892730713,0.9010159969329834,0.6158779859542847,2411692
2010-08-31,0.8752729892730713,0.9095969796180725,0.8581110239028931,0.8838539719581604,0.6041470170021057,5714877
2010-09-01,0.8924350142478943,1.1412869691848755,0.8752729892730713,1.0726380348205566,0.7331880927085876,68734685
2010-09-02,1.081220030784607,1.227097988128662,1.0468950271606445,1.2099360227584839,0.8270362615585327,64506794
2010-09-03,1.20135498046875,1.4073020219802856,1.1584500074386597,1.330072045326233,0.9091538190841675,67344422
2010-09-06,1.3729770183563232,1.4330450296401978,1.2614229917526245,1.330072045326233,0.9091538190841675,30641717
2010-09-07,1.3386529684066772,1.4587880373001099,1.2871659994125366,1.3901400566101074,0.9502123594284058,37869219
2010-09-08,1.3815579414367676,1.544600009918213,1.3815579414367676,1.5360180139541626,1.049925446510315,44477920
2010-09-09,1.5531810522079468,1.664734959602356,1.5531810522079468,1.596086025238037,1.0909841060638428,44871809
2010-09-10,1.596086025238037,1.6389919519424438,1.4931130409240723,1.570343017578125,1.0733877420425415,21912079
2010-09-13,1.570343017578125,1.5875049829483032,1.4759509563446045,1.4845319986343384,1.014732837677002,15755534
2010-09-14,1.4759509563446045,1.5617619752883911,1.4759509563446045,1.5188560485839844,1.0381946563720703,10586041
2010-09-15,1.5188560485839844,1.5360180139541626,1.4587880373001099,1.4673700332641602,1.0030021667480469,11630194
2010-09-16,1.4587880373001099,1.4587880373001099,1.3901400566101074,1.41588294506073,0.974648118019104,7073675
2010-09-17,1.4244639873504639,1.5789239406585693,1.41588294506073,1.5531810522079468,1.069159746170044,23527837
2010-09-20,1.5789239406585693,1.6218299865722656,1.5274369716644287,1.5789239406585693,1.086880087852478,20186196
2010-09-21,1.596086025238037,1.6132479906082153,1.4931130409240723,1.5016939640045166,1.0337176322937012,25656349
2010-09-22,1.5188560485839844,1.544600009918213,1.4673700332641602,1.4931130409240723,1.0278106927871704,19351805
2010-09-24,1.4759509563446045,1.4931130409240723,1.4587880373001099,1.4759509563446045,1.0159969329833984,11366825
2010-09-27,1.4931130409240723,1.5617619752883911,1.4845319986343384,1.5360180139541626,1.0573452711105347,22146315
2010-09-28,1.5188560485839844,1.5531810522079468,1.4931130409240723,1.5274369716644287,1.0514382123947144,11887737
2010-09-29,1.5274369716644287,1.7677079439163208,1.5274369716644287,1.7505459785461426,1.2050193548202515,95629802
2010-09-30,1.7762900590896606,1.8964250087738037,1.7419650554656982,1.7934520244598389,1.2345545291900635,74663986
2010-10-04,1.8277759552001953,1.8277759552001953,1.7162220478057861,1.7248029708862305,1.1872987747192383,19745693
2010-10-05,1.7162220478057861,1.784870982170105,1.6561540365219116,1.7248029708862305,1.1872987747192383,12541498
2010-10-06,1.7505459785461426,1.7677079439163208,1.6990599632263184,1.7333840131759644,1.19320547580719,13515731
2010-10-07,1.7333840131759644,1.8621009588241577,1.6990599632263184,1.844938039779663,1.2699958086013794,19890197
2010-10-08,1.844938039779663,1.9650739431381226,1.819195032119751,1.8535200357437134,1.2759034633636475,38612713
2010-10-11,1.8878439664840698,1.9050060510635376,1.7762900590896606,1.7934520244598389,1.2345545291900635,30445939
2010-10-12,1.8020329475402832,1.8363569974899292,1.7762900590896606,1.819195032119751,1.2522752285003662,7164572
2010-10-13,1.819195032119751,1.819195032119751,1.7677079439163208,1.8020329475402832,1.2404614686965942,5603003
2010-10-14,1.819195032119751,1.844938039779663,1.7591270208358765,1.784870982170105,1.2286475896835327,7661012
2010-10-15,1.7762900590896606,1.810613989830017,1.7076410055160522,1.8020329475402832,1.2404614686965942,11732745
2010-10-18,1.7934520244598389,1.8706820011138916,1.7934520244598389,1.810613989830017,1.246368169784546,19081444
2010-10-19,1.810613989830017,1.8363569974899292,1.7505459785461426,1.810613989830017,1.246368169784546,6887219
2010-10-20,1.7505459785461426,1.8277759552001953,1.7419650554656982,1.7677079439163208,1.2168331146240234,6565582
2010-10-21,1.7762900590896606,1.844938039779663,1.7419650554656982,1.8363569974899292,1.2640889883041382,10364624
2010-10-22,1.8535200357437134,1.9650739431381226,1.810613989830017,1.8792630434036255,1.2936241626739502,39958692
2010-10-25,1.9307500123977661,2.0594658851623535,1.9050060510635376,2.025141954421997,1.3940423727035522,43531656
2010-10-26,2.050884962081909,2.2310891151428223,1.9908169507980347,2.2053449153900146,1.5180882215499878,56775861
2010-10-27,2.213926076889038,2.2654130458831787,2.0337231159210205,2.213926076889038,1.5239951610565186,46786479
2010-10-28,2.2053449153900146,2.2310891151428223,2.0594658851623535,2.0766279697418213,1.4294837713241577,17144632
2010-10-29,2.2053449153900146,2.2053449153900146,2.0594658851623535,2.068047046661377,1.4235767126083374,14348956
2010-11-01,2.1109530925750732,2.171020984649658,2.068047046661377,2.128114938735962,1.4649256467819214,11303896
2010-11-02,2.128114938735962,2.171020984649658,2.10237193107605,2.1195340156555176,1.4590189456939697,7399973
2010-11-03,2.1452770233154297,2.162440061569214,2.0937910079956055,2.10237193107605,1.4472050666809082,5882687
2010-11-04,2.128114938735962,2.1366961002349854,2.068047046661377,2.1109530925750732,1.4531118869781494,5667575
2010-11-05,2.128114938735962,2.1967639923095703,2.1109530925750732,2.162440061569214,1.4885538816452026,19532434
2010-11-08,2.188183069229126,2.376966953277588,2.1796019077301025,2.359805107116699,1.6244137287139893,26152789
2010-11-09,2.376966953277588,2.780280113220215,2.334062099456787,2.720211982727051,1.8725061416625977,48496630
2010-11-10,2.7716989517211914,2.977644920349121,2.660144090652466,2.7974419593811035,1.925668716430664,36478607
2010-11-11,2.83176589012146,2.9433209896087646,2.806022882461548,2.8146040439605713,1.9374829530715942,13860675
2010-11-12,2.8146040439605713,2.8746719360351562,2.7116310596466064,2.745954990386963,1.8902268409729004,11214164
2010-11-15,2.788861036300659,2.83176589012146,2.557171106338501,2.5914950370788574,1.783901572227478,10206136
2010-11-16,2.582914113998413,2.7631170749664307,2.582914113998413,2.7116310596466064,1.8665990829467773,13746470
2010-11-17,2.660144090652466,2.720211982727051,2.4885220527648926,2.5485899448394775,1.7543669939041138,9352867
2010-11-18,2.608656883239746,2.8146040439605713,2.608656883239746,2.7974419593811035,1.925668716430664,16663342
2010-11-19,2.5314269065856934,2.557171106338501,2.3426430225372314,2.41129207611084,1.6598557233810425,37789976
2010-11-22,2.4027109146118164,2.522845983505249,2.291156053543091,2.497102975845337,1.7189252376556396,16542145
2010-11-23,2.4456160068511963,2.5056838989257812,2.351223945617676,2.3855490684509277,1.6421347856521606,7964003
2010-11-24,2.419872999191284,2.471359968185425,2.376966953277588,2.4027109146118164,1.6539485454559326,5597176
2010-11-25,2.4456160068511963,2.497102975845337,2.3855490684509277,2.419872999191284,1.6657626628875732,8517544
2010-11-26,2.437035083770752,2.479940891265869,2.359805107116699,2.376966953277588,1.6362274885177612,6891881
2010-11-29,2.376966953277588,2.3855490684509277,2.1452770233154297,2.2225069999694824,1.5299018621444702,11413439
2010-11-30,2.2396700382232666,2.3426430225372314,2.1967639923095703,2.2825748920440674,1.5712507963180542,8933574
2010-12-01,2.299736976623535,2.3254809379577637,2.2396700382232666,2.299736976623535,1.5830645561218262,4202252
2010-12-02,2.3169000148773193,2.376966953277588,2.308319091796875,2.3169000148773193,1.594879150390625,4782597
2010-12-03,2.3254809379577637,2.351223945617676,2.213926076889038,2.2310891151428223,1.5358097553253174,5801113
2010-12-06,2.248250961303711,2.2654130458831787,2.1452770233154297,2.171020984649658,1.4956110715866089,4146315
2010-12-07,2.162440061569214,2.2568318843841553,2.1109530925750732,2.2310891151428223,1.5369919538497925,6439725
2010-12-08,2.1967639923095703,2.299736976623535,2.1967639923095703,2.2568318843841553,1.5547257661819458,4635075
2010-12-09,2.2568318843841553,2.2654130458831787,2.162440061569214,2.171020984649658,1.4956110715866089,3048556
2010-12-10,2.171020984649658,2.2225069999694824,2.0937910079956055,2.1366961002349854,1.471964716911316,2147740
2010-12-13,2.128114938735962,2.162440061569214,2.0337231159210205,2.0337231159210205,1.4010268449783325,3332901
2010-12-14,2.025141954421997,2.068047046661377,1.9650739431381226,1.9736549854278564,1.359646201133728,5910656
2010-12-15,1.9736549854278564,1.9736549854278564,1.844938039779663,1.9050060510635376,1.3123540878295898,5334973
2010-12-16,1.8621009588241577,1.9307500123977661,1.8277759552001953,1.844938039779663,1.2709734439849854,1782985
2010-12-17,1.8363569974899292,1.8964250087738037,1.7762900590896606,1.8878439664840698,1.300531268119812,2444904
2010-12-20,1.8878439664840698,1.8878439664840698,1.8020329475402832,1.8363569974899292,1.2650619745254517,1703741
2010-12-21,1.8706820011138916,1.8706820011138916,1.8020329475402832,1.8277759552001953,1.2591503858566284,1375113
2010-12-22,1.8706820011138916,1.8792630434036255,1.8363569974899292,1.8706820011138916,1.288708209991455,881004
2010-12-23,1.8363569974899292,1.8792630434036255,1.8277759552001953,1.8363569974899292,1.2650619745254517,1011523
2010-12-24,1.8535200357437134,1.8706820011138916,1.7934520244598389,1.810613989830017,1.2473275661468506,510423
2010-12-28,1.8535200357437134,1.8535200357437134,1.690477967262268,1.7076410055160522,1.1763895750045776,2535802
2010-12-29,1.7162220478057861,1.810613989830017,1.7162220478057861,1.8020329475402832,1.241416096687317,3443609
2010-12-30,1.844938039779663,1.9822360277175903,1.784870982170105,1.9736549854278564,1.359646201133728,5495791
2010-12-31,1.9736549854278564,2.1538589000701904,1.9307500123977661,2.128114938735962,1.4660533666610718,7481548
2011-01-03,2.128114938735962,2.188183069229126,2.0165610313415527,2.050884962081909,1.4128496646881104,3782726
2011-01-04,2.0594658851623535,2.068047046661377,1.9908169507980347,2.0079801082611084,1.3832927942276,3078855
2011-01-05,2.0165610313415527,2.1109530925750732,2.0079801082611084,2.085210084915161,1.4364962577819824,3688333
2011-01-06,2.1109530925750732,2.1109530925750732,2.0079801082611084,2.025141954421997,1.3951154947280884,1659458
2011-01-07,2.050884962081909,2.050884962081909,1.9736549854278564,2.025141954421997,1.3951154947280884,2044024
2011-01-10,2.050884962081909,2.050884962081909,1.9908169507980347,2.0165610313415527,1.3892040252685547,927618
2011-01-11,2.050884962081909,2.050884962081909,1.9993979930877686,2.0337231159210205,1.4010268449783325,913634
2011-01-12,2.0337231159210205,2.042304039001465,1.9822360277175903,2.0079801082611084,1.3832927942276,932280
2011-01-13,2.050884962081909,2.050884962081909,1.8878439664840698,1.9993979930877686,1.377380609512329,2307393
2011-01-14,2.0337231159210205,2.0337231159210205,1.9564930200576782,1.9822360277175903,1.3655575513839722,1232940
2011-01-17,1.9393310546875,1.9564930200576782,1.9307500123977661,1.9307500123977661,1.3300892114639282,713194
2011-01-18,1.9650739431381226,1.9650739431381226,1.8878439664840698,1.913586974143982,1.318265438079834,1002201
2011-01-19,1.9736549854278564,1.9736549854278564,1.9221680164337158,1.9307500123977661,1.3300892114639282,1111744
2011-01-20,1.8792630434036255,1.913586974143982,1.8621009588241577,1.8706820011138916,1.288708209991455,1689757
2011-01-21,1.9307500123977661,1.9307500123977661,1.819195032119751,1.8621009588241577,1.282796859741211,1188657
2011-01-24,1.9307500123977661,1.9307500123977661,1.819195032119751,1.8277759552001953,1.2591503858566284,834390
2011-01-25,1.8792630434036255,1.8792630434036255,1.8020329475402832,1.810613989830017,1.2473275661468506,1479994
2011-01-26,1.8621009588241577,1.8621009588241577,1.7591270208358765,1.784870982170105,1.2295931577682495,1134468
2011-01-27,1.784870982170105,1.844938039779663,1.7677079439163208,1.819195032119751,1.2532391548156738,640942
2011-01-28,1.784870982170105,1.844938039779663,1.7591270208358765,1.7934520244598389,1.2355046272277832,871681
2011-01-31,1.7505459785461426,1.7934520244598389,1.7505459785461426,1.7762900590896606,1.2236818075180054,452155
2011-02-01,1.8020329475402832,1.8020329475402832,1.7677079439163208,1.784870982170105,1.2295931577682495,510423
2011-02-02,1.784870982170105,1.8535200357437134,1.784870982170105,1.844938039779663,1.2709734439849854,1626828
2011-02-07,1.844938039779663,1.9050060510635376,1.784870982170105,1.7934520244598389,1.2355046272277832,631619
2011-02-08,1.7934520244598389,1.810613989830017,1.7677079439163208,1.7677079439163208,1.217769742012024,881004
2011-02-09,1.7677079439163208,1.7934520244598389,1.7076410055160522,1.7162220478057861,1.1823012828826904,2326038
2011-02-10,1.7162220478057861,1.7591270208358765,1.6475729942321777,1.6475729942321777,1.1350091695785522,1577884
2011-02-11,1.6733160018920898,1.6733160018920898,1.570343017578125,1.6389919519424438,1.129097580909729,2281755
2011-02-14,1.6475729942321777,1.7076410055160522,1.6475729942321777,1.6475729942321777,1.1350091695785522,808753
2011-02-15,1.6990599632263184,1.6990599632263184,1.6475729942321777,1.664734959602356,1.1468318700790405,302991
2011-02-16,1.6818970441818237,1.7333840131759644,1.6475729942321777,1.6990599632263184,1.1704782247543335,953256
2011-02-17,1.6818970441818237,1.7591270208358765,1.6818970441818237,1.6818970441818237,1.1586546897888184,794768
2011-02-18,1.6475729942321777,1.7076410055160522,1.6475729942321777,1.6818970441818237,1.1586546897888184,480124
2011-02-21,1.6475729942321777,1.7076410055160522,1.6304110288619995,1.6389919519424438,1.129097580909729,806422
2011-02-22,1.6818970441818237,1.6818970441818237,1.570343017578125,1.596086025238037,1.0995396375656128,799430
2011-02-23,1.5531810522079468,1.6132479906082153,1.544600009918213,1.5531810522079468,1.0699827671051025,738832
2011-02-24,1.5789239406585693,1.5789239406585693,1.4330450296401978,1.4330450296401978,0.9872213006019592,1570892
2011-02-25,1.441625952720642,1.5360180139541626,1.441625952720642,1.4931130409240723,1.028601884841919,911303
2011-02-28,1.4931130409240723,1.5360180139541626,1.4673700332641602,1.5274369716644287,1.0522476434707642,1160688
2011-03-01,1.5531810522079468,1.5531810522079468,1.5016939640045166,1.5274369716644287,1.0522476434707642,654926
2011-03-02,1.4759509563446045,1.544600009918213,1.4759509563446045,1.5274369716644287,1.0522476434707642,522076
2011-03-03,1.5274369716644287,1.5875049829483032,1.5274369716644287,1.570343017578125,1.0818055868148804,946264
2011-03-04,1.596086025238037,1.6561540365219116,1.5875049829483032,1.6389919519424438,1.129097580909729,2048685
2011-03-07,1.6304110288619995,1.6389919519424438,1.596086025238037,1.6046669483184814,1.1054513454437256,573352
2011-03-08,1.570343017578125,1.6046669483184814,1.570343017578125,1.596086025238037,1.0995396375656128,326298
2011-03-09,1.5789239406585693,1.6304110288619995,1.5617619752883911,1.5789239406585693,1.087716817855835,687556
2011-03-10,1.5360180139541626,1.6046669483184814,1.5360180139541626,1.544600009918213,1.0640711784362793,703871
2011-03-11,1.5016939640045166,1.570343017578125,1.4759509563446045,1.5016939640045166,1.0345133543014526,892658
2011-03-14,1.441625952720642,1.4931130409240723,1.441625952720642,1.4759509563446045,1.0167790651321411,503431
2011-03-15,1.441625952720642,1.441625952720642,1.3729770183563232,1.41588294506073,0.9753983616828918,1545254
2011-03-16,1.41588294506073,1.4330450296401978,1.3386529684066772,1.3815579414367676,0.9517518877983093,559368
2011-03-17,1.3729770183563232,1.3729770183563232,1.2871659994125366,1.2957470417022705,0.8926368951797485,1755017
2011-03-18,1.2871659994125366,1.441625952720642,1.2871659994125366,1.4330450296401978,0.9872213006019592,2172212
2011-03-21,1.4931130409240723,1.4931130409240723,1.4244639873504639,1.4845319986343384,1.0226906538009644,906642
2011-03-22,1.5274369716644287,1.5789239406585693,1.4845319986343384,1.544600009918213,1.0640711784362793,1365790
2011-03-23,1.5617619752883911,1.5617619752883911,1.4845319986343384,1.5188560485839844,1.04633629322052,484785
2011-03-24,1.5531810522079468,1.5531810522079468,1.4845319986343384,1.5102750062942505,1.0404248237609863,589667
2011-03-25,1.4931130409240723,1.5188560485839844,1.4845319986343384,1.4845319986343384,1.0226906538009644,496439
2011-03-28,1.5102750062942505,1.5102750062942505,1.4587880373001099,1.4587880373001099,1.004955530166626,295998
2011-03-29,1.4845319986343384,1.4845319986343384,1.441625952720642,1.441625952720642,0.9931325912475586,720186
2011-03-30,1.4759509563446045,1.4759509563446045,1.441625952720642,1.441625952720642,0.9931325912475586,337951
2011-03-31,1.4673700332641602,1.4673700332641602,1.441625952720642,1.450206995010376,0.9990439414978027,351935
2011-04-01,1.4759509563446045,1.4759509563446045,1.4244639873504639,1.4587880373001099,1.004955530166626,386896
2011-04-04,1.570343017578125,1.9393310546875,1.5016939640045166,1.9050060510635376,1.3123540878295898,26650393
2011-04-06,1.9479119777679443,1.9822360277175903,1.9050060510635376,1.913586974143982,1.318265438079834,17107340
2011-04-07,1.9564930200576782,1.9564930200576782,1.810613989830017,1.819195032119751,1.2532391548156738,6024860
2011-04-08,1.784870982170105,1.9479119777679443,1.784870982170105,1.8706820011138916,1.288708209991455,6803314
2011-04-11,1.8964250087738037,1.9307500123977661,1.8621009588241577,1.8878439664840698,1.300531268119812,3631231
2011-04-12,1.8878439664840698,1.8878439664840698,1.810613989830017,1.8363569974899292,1.2650619745254517,1859898
2011-04-13,1.8792630434036255,1.9307500123977661,1.819195032119751,1.8964250087738037,1.3064426183700562,3673183
2011-04-14,1.8964250087738037,2.025141954421997,1.8535200357437134,1.9307500123977661,1.3300892114639282,9802925
2011-04-15,1.9564930200576782,2.025141954421997,1.9393310546875,1.9650739431381226,1.3537349700927734,9602485
2011-04-18,1.9908169507980347,2.0079801082611084,1.9221680164337158,1.9307500123977661,1.3300892114639282,5549397
2011-04-19,1.913586974143982,1.9993979930877686,1.8878439664840698,1.9908169507980347,1.3714687824249268,11059173
2011-04-20,2.0079801082611084,2.0165610313415527,1.913586974143982,1.9307500123977661,1.3300892114639282,5493460
2011-04-21,1.9393310546875,1.9564930200576782,1.8878439664840698,1.913586974143982,1.318265438079834,3873624
2011-04-26,1.9307500123977661,1.9307500123977661,1.8706820011138916,1.8792630434036255,1.2946199178695679,1857568
2011-04-27,1.8964250087738037,1.913586974143982,1.8363569974899292,1.8535200357437134,1.2768855094909668,1939142
2011-04-28,1.8878439664840698,1.8878439664840698,1.784870982170105,1.8020329475402832,1.241416096687317,1739867
2011-04-29,1.8621009588241577,1.8621009588241577,1.7419650554656982,1.7677079439163208,1.217769742012024,1631490
2011-05-03,1.7934520244598389,1.7934520244598389,1.6733160018920898,1.690477967262268,1.1645660400390625,2237472
2011-05-04,1.6818970441818237,1.6818970441818237,1.6132479906082153,1.6304110288619995,1.1231861114501953,1699080
2011-05-05,1.6132479906082153,1.7162220478057861,1.5875049829483032,1.6733160018920898,1.1527434587478638,1999740
2011-05-06,1.664734959602356,1.6733160018920898,1.6304110288619995,1.6561540365219116,1.1409205198287964,862359
2011-05-09,1.6561540365219116,1.6990599632263184,1.6561540365219116,1.6733160018920898,1.1527434587478638,1256247
2011-05-11,1.690477967262268,1.784870982170105,1.6818970441818237,1.7762900590896606,1.2236818075180054,3225689
2011-05-12,1.7762900590896606,1.7762900590896606,1.7162220478057861,1.7333840131759644,1.1941239833831787,1121066
2011-05-13,1.7333840131759644,1.7333840131759644,1.690477967262268,1.7162220478057861,1.1823012828826904,1218956
2011-05-16,1.7162220478057861,1.7162220478057861,1.664734959602356,1.6990599632263184,1.1704782247543335,505761
2011-05-17,1.6990599632263184,1.6990599632263184,1.664734959602356,1.664734959602356,1.1468318700790405,654926
2011-05-18,1.690477967262268,1.7076410055160522,1.6733160018920898,1.6733160018920898,1.1527434587478638,512754
2011-05-19,1.6990599632263184,1.7677079439163208,1.6818970441818237,1.6818970441818237,1.1586546897888184,2151236
2011-05-20,1.7076410055160522,1.8277759552001953,1.7076410055160522,1.7591270208358765,1.2118585109710693,4516897
2011-05-23,1.7419650554656982,1.7419650554656982,1.6990599632263184,1.7076410055160522,1.1763895750045776,1545254
2011-05-24,1.7162220478057861,1.819195032119751,1.7162220478057861,1.784870982170105,1.2295931577682495,5078596
2011-05-25,1.7934520244598389,1.9307500123977661,1.7677079439163208,1.8878439664840698,1.300531268119812,17928912
2011-05-26,1.9221680164337158,1.9307500123977661,1.8277759552001953,1.844938039779663,1.2709734439849854,4663731
2011-05-27,1.8621009588241577,1.9564930200576782,1.8621009588241577,1.913586974143982,1.318265438079834,9903145
2011-05-30,1.9307500123977661,1.9908169507980347,1.9050060510635376,1.9736549854278564,1.359646201133728,9938106
2011-05-31,1.9822360277175903,1.9993979930877686,1.8878439664840698,1.9221680164337158,1.3241769075393677,6162371
2011-06-01,1.9479119777679443,2.050884962081909,1.9307500123977661,2.0165610313415527,1.3892040252685547,16137769
2011-06-02,1.9564930200576782,2.0079801082611084,1.9393310546875,1.9822360277175903,1.3655575513839722,6929172
2011-06-03,2.0079801082611084,2.0165610313415527,1.9393310546875,1.9564930200576782,1.3478236198425293,3736112
2011-06-07,1.9221680164337158,1.9736549854278564,1.8535200357437134,1.8792630434036255,1.2946199178695679,3631231
2011-06-08,1.8878439664840698,1.8878439664840698,1.8277759552001953,1.8277759552001953,1.2591503858566284,2493849
2011-06-09,1.8277759552001953,1.8535200357437134,1.7162220478057861,1.7762900590896606,1.2236818075180054,4521558
2011-06-10,1.819195032119751,1.819195032119751,1.7162220478057861,1.7591270208358765,1.2118585109710693,1724718
2011-06-13,1.7591270208358765,1.784870982170105,1.7076410055160522,1.7762900590896606,1.2236818075180054,929949
2011-06-14,1.7762900590896606,1.8363569974899292,1.7419650554656982,1.819195032119751,1.2532391548156738,1298200
2011-06-15,1.6990599632263184,1.6990599632263184,1.5274369716644287,1.5617619752883911,1.0758941173553467,15557425
2011-06-16,1.5617619752883911,1.5617619752883911,1.4587880373001099,1.4931130409240723,1.028601884841919,3071863
2011-06-17,1.4845319986343384,1.5360180139541626,1.450206995010376,1.4673700332641602,1.0108675956726074,2416936
2011-06-20,1.4931130409240723,1.4931130409240723,1.3987209796905518,1.41588294506073,0.9753983616828918,2794509
2011-06-21,1.4587880373001099,1.4845319986343384,1.4330450296401978,1.4759509563446045,1.0167790651321411,2316716
2011-06-22,1.4845319986343384,1.5016939640045166,1.450206995010376,1.450206995010376,0.9990439414978027,1929819
2011-06-23,1.4330450296401978,1.4759509563446045,1.4244639873504639,1.4673700332641602,1.0108675956726074,935776
2011-06-24,1.4845319986343384,1.4931130409240723,1.4673700332641602,1.4931130409240723,1.028601884841919,1211964
2011-06-27,1.4587880373001099,1.5102750062942505,1.4587880373001099,1.4931130409240723,1.028601884841919,1312184
2011-06-28,1.4845319986343384,1.5274369716644287,1.450206995010376,1.5188560485839844,1.04633629322052,2398290
2011-06-29,1.5188560485839844,1.5617619752883911,1.4845319986343384,1.4845319986343384,1.0226906538009644,2810824
2011-06-30,1.5188560485839844,1.5188560485839844,1.4845319986343384,1.5102750062942505,1.0404248237609863,1223617
2011-07-04,1.5102750062942505,1.544600009918213,1.4931130409240723,1.5360180139541626,1.0581591129302979,1771332
2011-07-05,1.544600009918213,1.5617619752883911,1.5102750062942505,1.5360180139541626,1.0581591129302979,1988087
2011-07-06,1.5274369716644287,1.5274369716644287,1.4845319986343384,1.4931130409240723,1.028601884841919,1657127
2011-07-07,1.4845319986343384,1.5016939640045166,1.4759509563446045,1.4845319986343384,1.0226906538009644,941602
2011-07-08,1.4845319986343384,1.5102750062942505,1.4587880373001099,1.4673700332641602,1.0108675956726074,1074452
2011-07-11,1.4330450296401978,1.4587880373001099,1.3987209796905518,1.4330450296401978,0.9872213006019592,1041823
2011-07-12,1.3987209796905518,1.4073020219802856,1.3729770183563232,1.3815579414367676,0.9517518877983093,2037032
2011-07-13,1.3901400566101074,1.4244639873504639,1.3815579414367676,1.41588294506073,0.9753983616828918,887996
2011-07-14,1.41588294506073,1.4244639873504639,1.41588294506073,1.41588294506073,0.9753983616828918,412533
2011-07-15,1.4073020219802856,1.41588294506073,1.3729770183563232,1.41588294506073,0.9753983616828918,778453
2011-07-18,1.441625952720642,1.441625952720642,1.3901400566101074,1.41588294506073,0.9753983616828918,815745
2011-07-19,1.4073020219802856,1.41588294506073,1.3901400566101074,1.41588294506073,0.9753983616828918,699210
2011-07-20,1.3987209796905518,1.41588294506073,1.3987209796905518,1.41588294506073,0.9753983616828918,400880
2011-07-21,1.3987209796905518,1.41588294506073,1.3901400566101074,1.41588294506073,0.9753983616828918,505761
2011-07-22,1.4330450296401978,1.5274369716644287,1.3901400566101074,1.4931130409240723,1.028601884841919,3675514
2011-07-25,1.4759509563446045,1.6304110288619995,1.450206995010376,1.596086025238037,1.0995396375656128,9595493
2011-07-26,1.596086025238037,1.6046669483184814,1.544600009918213,1.5617619752883911,1.0758941173553467,1929819
2011-07-27,1.5875049829483032,1.6046669483184814,1.5274369716644287,1.570343017578125,1.0818055868148804,2838793
2011-07-28,1.5360180139541626,1.5875049829483032,1.5188560485839844,1.5789239406585693,1.087716817855835,3039233
2011-07-29,1.596086025238037,1.596086025238037,1.5188560485839844,1.5188560485839844,1.04633629322052,1636151
2011-08-01,1.5617619752883911,1.5617619752883911,1.5188560485839844,1.5274369716644287,1.0522476434707642,1079114
2011-08-02,1.5360180139541626,1.5875049829483032,1.5360180139541626,1.5617619752883911,1.0758941173553467,3134792
2011-08-03,1.5531810522079468,1.5617619752883911,1.5016939640045166,1.5274369716644287,1.0522476434707642,1848245
2011-08-04,1.544600009918213,1.5531810522079468,1.4845319986343384,1.4931130409240723,1.028601884841919,1170011
2011-08-05,1.4244639873504639,1.4244639873504639,1.3643959760665894,1.4244639873504639,0.9813098311424255,4817557
2011-08-08,1.330072045326233,1.3987209796905518,1.2957470417022705,1.3643959760665894,0.9399290084838867,2323708
2011-08-09,1.3386529684066772,1.3386529684066772,1.20135498046875,1.2785849571228027,0.8808140754699707,1755017
2011-08-10,1.2871659994125366,1.3901400566101074,1.2871659994125366,1.3386529684066772,0.9221946597099304,1759678
2011-08-11,1.2871659994125366,1.3729770183563232,1.2785849571228027,1.3472340106964111,0.9281063675880432,969571
2011-08-12,1.3729770183563232,1.3729770183563232,1.3386529684066772,1.3386529684066772,0.9221946597099304,1046484
2011-08-15,1.3386529684066772,1.3815579414367676,1.3386529684066772,1.3729770183563232,0.9458405375480652,745824
2011-08-16,1.4244639873504639,1.4244639873504639,1.3815579414367676,1.3901400566101074,0.9576640129089355,990547
2011-08-17,1.41588294506073,1.41588294506073,1.3901400566101074,1.3987209796905518,0.9635753631591797,400880
2011-08-18,1.41588294506073,1.441625952720642,1.3815579414367676,1.3901400566101074,0.9576640129089355,1405412
2011-08-19,1.2700040340423584,1.3729770183563232,1.2700040340423584,1.321491003036499,0.9103718996047974,652596
2011-08-22,1.330072045326233,1.330072045326233,1.2185169458389282,1.2957470417022705,0.8926368951797485,1125728
2011-08-23,1.3129099607467651,1.321491003036499,1.2871659994125366,1.321491003036499,0.9103718996047974,398549
2011-08-24,1.330072045326233,1.355815052986145,1.2957470417022705,1.3043279647827148,0.898548424243927,342612
2011-08-25,1.330072045326233,1.330072045326233,1.2871659994125366,1.2871659994125366,0.8867255449295044,286909
2011-08-26,1.2528419494628906,1.2871659994125366,1.227097988128662,1.2356799840927124,0.8512570261955261,438171
2011-08-29,1.2528419494628906,1.2785849571228027,1.2442610263824463,1.2700040340423584,0.8749027848243713,321636
2011-08-30,1.2871659994125366,1.321491003036499,1.2785849571228027,1.3043279647827148,0.898548424243927,1051145
2011-08-31,1.3043279647827148,1.3472340106964111,1.3043279647827148,1.3386529684066772,0.9221946597099304,631619
2011-09-01,1.3386529684066772,1.3729770183563232,1.3043279647827148,1.321491003036499,0.9103718996047974,533730
2011-09-02,1.2957470417022705,1.3129099607467651,1.2871659994125366,1.2871659994125366,0.8867255449295044,109542
2011-09-05,1.2528419494628906,1.2871659994125366,1.2528419494628906,1.2528419494628906,0.8630797266960144,195778
2011-09-06,1.2871659994125366,1.2871659994125366,1.20135498046875,1.2785849571228027,0.8808140754699707,869351
2011-09-07,1.2614229917526245,1.2700040340423584,1.2442610263824463,1.2528419494628906,0.8630797266960144,344943
2011-09-08,1.2871659994125366,1.2871659994125366,1.2528419494628906,1.2614229917526245,0.8689913153648376,184148
2011-09-09,1.2614229917526245,1.2700040340423584,1.2442610263824463,1.2528419494628906,0.8630797266960144,235400
2011-09-12,1.20135498046875,1.2185169458389282,1.1841930150985718,1.2185169458389282,0.8394333720207214,417195
2011-09-14,1.2528419494628906,1.2528419494628906,1.106963038444519,1.1670310497283936,0.8039649128913879,622297
2011-09-15,1.1670310497283936,1.1841930150985718,1.1412869691848755,1.1584500074386597,0.7980533242225647,121196
2011-09-16,1.20135498046875,1.20135498046875,1.1498680114746094,1.1584500074386597,0.7980533242225647,195778
2011-09-19,1.1584500074386597,1.1584500074386597,1.1241250038146973,1.1327060461044312,0.7803183794021606,142172
2011-09-20,1.0983819961547852,1.0983819961547852,1.0468950271606445,1.0726380348205566,0.7389377951622009,456817
2011-09-21,1.0554759502410889,1.106963038444519,1.0297329425811768,1.0383139848709106,0.7152920365333557,321636
2011-09-22,1.0297329425811768,1.0297329425811768,0.9353410005569458,0.9353410005569458,0.6443541049957275,2498510
2011-09-23,0.9010159969329834,0.9010159969329834,0.7723000049591064,0.8666920065879822,0.5970619916915894,3491389
2011-09-26,0.8581110239028931,0.8581110239028931,0.755137026309967,0.7894619703292847,0.5438584089279175,1097759
2011-09-27,0.8152049779891968,0.8581110239028931,0.8066239953041077,0.8581110239028931,0.5911506414413452,1517285
2011-09-28,0.8581110239028931,0.8924350142478943,0.8237860202789307,0.8666920065879822,0.5970619916915894,1955457
2011-09-30,0.8666920065879822,0.8666920065879822,0.7980430126190186,0.8237860202789307,0.5720351934432983,342612
2011-10-03,0.755137026309967,0.755137026309967,0.6950700283050537,0.7122319936752319,0.4945724606513977,1218956
2011-10-04,0.755137026309967,0.755137026309967,0.6864879727363586,0.6864879727363586,0.4766957461833954,1016185
2011-10-06,0.8237860202789307,0.8581110239028931,0.7122319936752319,0.7723000049591064,0.5362834930419922,578013
2011-10-07,0.7894619703292847,0.8066239953041077,0.755137026309967,0.7808809876441956,0.5422420501708984,1342483
2011-10-10,0.737975001335144,0.8152049779891968,0.737975001335144,0.7808809876441956,0.5422420501708984,275034
2011-10-11,0.8323670029640198,0.8409479856491089,0.8152049779891968,0.8323670029640198,0.5779938697814941,853036
2011-10-12,0.8237860202789307,0.9010159969329834,0.8237860202789307,0.9010159969329834,0.6256636381149292,1095429
2011-10-13,0.9095969796180725,0.9954079985618591,0.9095969796180725,0.969664990901947,0.6733332872390747,2167551
2011-10-14,0.969664990901947,0.969664990901947,0.969664990901947,0.969664990901947,0.6733332872390747,0
2011-10-17,1.0211520195007324,1.0640569925308228,0.9954079985618591,1.0125709772109985,0.7031272053718567,720186
2011-10-18,0.9439219832420349,0.9439219832420349,0.9010159969329834,0.9181780219078064,0.6375808715820312,554706
2011-10-19,0.969664990901947,0.969664990901947,0.9181780219078064,0.9181780219078064,0.6375808715820312,421856
2011-10-20,0.8666920065879822,0.8924350142478943,0.8666920065879822,0.8924350142478943,0.6197049617767334,270361
2011-10-21,0.8924350142478943,0.9095969796180725,0.8752729892730713,0.9095969796180725,0.631622314453125,456817
2011-10-24,0.9439219832420349,0.9782459735870361,0.9439219832420349,0.969664990901947,0.6733332872390747,748154
2011-10-25,0.969664990901947,0.9954079985618591,0.9439219832420349,0.969664990901947,0.6733332872390747,780784
2011-10-26,0.9525030255317688,0.9782459735870361,0.9267600178718567,0.969664990901947,0.6733332872390747,631619
2011-10-27,0.9954079985618591,1.0898009538650513,0.969664990901947,1.081220030784607,0.7507969737052917,4586818
2011-10-28,1.0983819961547852,1.3729770183563232,1.081220030784607,1.355815052986145,0.9414750933647156,4924769
2011-10-31,1.355815052986145,1.355815052986145,1.2528419494628906,1.2614229917526245,0.8759294748306274,10168845
2011-11-01,1.1584500074386597,1.2442610263824463,1.1584500074386597,1.1927740573883057,0.8282596468925476,1305192
2011-11-02,1.1155439615249634,1.227097988128662,1.106963038444519,1.2099360227584839,0.8401769995689392,2409944
2011-11-03,1.2099360227584839,1.2099360227584839,1.1670310497283936,1.1670310497283936,0.8103838562965393,843713
2011-11-04,1.2185169458389282,1.227097988128662,1.1841930150985718,1.1927740573883057,0.8282596468925476,1354136
2011-11-07,1.227097988128662,1.2356799840927124,1.1927740573883057,1.2185169458389282,0.8461355566978455,543053
2011-11-08,1.2356799840927124,1.2356799840927124,1.1841930150985718,1.20135498046875,0.8342182040214539,511588
2011-11-09,1.2099360227584839,1.227097988128662,1.1841930150985718,1.2099360227584839,0.8401769995689392,619966
2011-11-10,1.1584500074386597,1.1584500074386597,1.1155439615249634,1.1155439615249634,0.7746313810348511,890327
2011-11-11,1.1584500074386597,1.1584500074386597,1.1155439615249634,1.1155439615249634,0.7746313810348511,391557
2011-11-14,1.1584500074386597,1.1841930150985718,1.1498680114746094,1.1670310497283936,0.8103838562965393,382234
2011-11-15,1.175611972808838,1.2185169458389282,1.1670310497283936,1.1841930150985718,0.8223010301589966,722517
2011-11-16,1.2185169458389282,1.2185169458389282,1.1498680114746094,1.175611972808838,0.8163425326347351,289006
2011-11-17,1.1327060461044312,1.1670310497283936,1.1327060461044312,1.1670310497283936,0.8103838562965393,95558
2011-11-18,1.1327060461044312,1.20135498046875,1.1327060461044312,1.1498680114746094,0.7984657287597656,363589
2011-11-21,1.1155439615249634,1.1327060461044312,1.0726380348205566,1.1155439615249634,0.7746313810348511,198109
2011-11-22,1.0898009538650513,1.1155439615249634,1.081220030784607,1.1155439615249634,0.7746313810348511,289006
2011-11-23,1.1841930150985718,1.1841930150985718,1.0726380348205566,1.1155439615249634,0.7746313810348511,205101
2011-11-24,1.081220030784607,1.0983819961547852,1.0726380348205566,1.081220030784607,0.7507969737052917,90897
2011-11-25,0.9095969796180725,1.081220030784607,0.9095969796180725,1.0383139848709106,0.7210030555725098,191117
2011-11-28,1.0383139848709106,1.0554759502410889,0.9954079985618591,1.0211520195007324,0.7090858817100525,640942
2011-11-29,1.0898009538650513,1.0898009538650513,1.0383139848709106,1.081220030784607,0.7507969737052917,468470
2011-11-30,1.0640569925308228,1.0983819961547852,1.0297329425811768,1.0640569925308228,0.7388789057731628,156156
2011-12-01,1.0125709772109985,1.1241250038146973,1.0125709772109985,1.0898009538650513,0.7567554116249084,654926
2011-12-02,1.1155439615249634,1.1155439615249634,1.0554759502410889,1.106963038444519,0.7686727046966553,270361
2011-12-05,1.1241250038146973,1.1241250038146973,1.0898009538650513,1.0898009538650513,0.7567554116249084,130519
2011-12-06,1.0554759502410889,1.0983819961547852,1.0297329425811768,1.0983819961547852,0.762714147567749,226077
2011-12-07,1.0983819961547852,1.0983819961547852,1.0726380348205566,1.081220030784607,0.7507969737052917,284345
2011-12-08,1.081220030784607,1.081220030784607,1.0554759502410889,1.0640569925308228,0.7388789057731628,118865
2011-12-09,1.0297329425811768,1.0468950271606445,1.0125709772109985,1.0297329425811768,0.7150444388389587,282014
2011-12-12,1.106963038444519,1.106963038444519,1.0383139848709106,1.0383139848709106,0.7210030555725098,207432
2011-12-13,0.98682701587677,1.0726380348205566,0.98682701587677,1.0125709772109985,0.7031272053718567,165479
2011-12-14,1.0125709772109985,1.0726380348205566,1.0125709772109985,1.0125709772109985,0.7031272053718567,23307
2011-12-15,0.969664990901947,1.0383139848709106,0.969664990901947,1.0039900541305542,0.6971685886383057,160818
2011-12-16,0.9610840082168579,1.0211520195007324,0.9610840082168579,1.0039900541305542,0.6971685886383057,209763
2011-12-19,0.98682701587677,1.0125709772109985,0.9610840082168579,0.969664990901947,0.6741974949836731,137511
2011-12-20,0.969664990901947,1.0726380348205566,0.9610840082168579,0.9610840082168579,0.6682313084602356,228408
2011-12-21,0.9610840082168579,1.0125709772109985,0.9525030255317688,0.9610840082168579,0.6682313084602356,512754
2011-12-22,0.969664990901947,0.9954079985618591,0.969664990901947,0.98682701587677,0.6861301064491272,167810
2011-12-23,0.9954079985618591,1.0211520195007324,0.9954079985618591,1.0211520195007324,0.7099959254264832,887996
2011-12-28,0.9782459735870361,0.9782459735870361,0.969664990901947,0.969664990901947,0.6741974949836731,449825
2011-12-29,0.9610840082168579,0.98682701587677,0.9525030255317688,0.98682701587677,0.6861301064491272,629289
2011-12-30,1.0039900541305542,1.0039900541305542,0.9525030255317688,0.969664990901947,0.6741974949836731,81574
2012-01-03,1.0039900541305542,1.0125709772109985,0.98682701587677,0.9954079985618591,0.6920962929725647,1750355
2012-01-04,0.9954079985618591,0.9954079985618591,0.98682701587677,0.98682701587677,0.6861301064491272,212093
2012-01-05,0.98682701587677,0.98682701587677,0.98682701587677,0.98682701587677,0.6861301064491272,9322
2012-01-06,0.9610840082168579,0.9610840082168579,0.9525030255317688,0.9525030255317688,0.6622650027275085,62928
2012-01-09,0.9267600178718567,0.969664990901947,0.9267600178718567,0.9610840082168579,0.6682313084602356,672407
2012-01-10,0.969664990901947,0.9954079985618591,0.9610840082168579,0.98682701587677,0.6861301064491272,685225
2012-01-11,1.0211520195007324,1.0211520195007324,0.969664990901947,0.9782459735870361,0.6801638007164001,976563
2012-01-12,0.9782459735870361,0.98682701587677,0.9610840082168579,0.98682701587677,0.6861301064491272,405541
2012-01-13,0.98682701587677,0.9954079985618591,0.969664990901947,0.969664990901947,0.6741974949836731,186456
2012-01-16,0.9525030255317688,0.9525030255317688,0.9181780219078064,0.9267600178718567,0.6443662047386169,344943
2012-01-17,0.9525030255317688,0.969664990901947,0.9439219832420349,0.9525030255317688,0.6622650027275085,214424
2012-01-18,0.9954079985618591,0.9954079985618591,0.9525030255317688,0.9782459735870361,0.6801638007164001,263369
2012-01-19,0.9954079985618591,0.9954079985618591,0.9610840082168579,0.969664990901947,0.6741974949836731,643273
2012-01-20,0.9782459735870361,0.9782459735870361,0.9525030255317688,0.9610840082168579,0.6682313084602356,226077
2012-01-26,0.9610840082168579,0.98682701587677,0.9610840082168579,0.969664990901947,0.6741974949836731,295998
2012-01-27,0.969664990901947,0.9954079985618591,0.9610840082168579,0.98682701587677,0.6861301064491272,202770
2012-01-30,1.0039900541305542,1.0039900541305542,0.9439219832420349,0.9525030255317688,0.6622650027275085,869351
2012-01-31,0.9525030255317688,0.9610840082168579,0.9525030255317688,0.9610840082168579,0.6682313084602356,153826
2012-02-01,0.9525030255317688,0.969664990901947,0.9525030255317688,0.969664990901947,0.6741974949836731,316975
2012-02-02,0.9525030255317688,0.969664990901947,0.9439219832420349,0.9525030255317688,0.6622650027275085,752816
2012-02-03,0.9525030255317688,0.9782459735870361,0.9439219832420349,0.9782459735870361,0.6801638007164001,596659
2012-02-06,0.9610840082168579,0.969664990901947,0.9525030255317688,0.9610840082168579,0.6682313084602356,547714
2012-02-07,0.9525030255317688,0.98682701587677,0.9525030255317688,0.9610840082168579,0.6682313084602356,242392
2012-02-08,0.9782459735870361,0.98682701587677,0.9610840082168579,0.9782459735870361,0.6801638007164001,899650
2012-02-09,1.0211520195007324,1.0211520195007324,0.9610840082168579,1.0125709772109985,0.7040296196937561,1533600
2012-02-10,1.0297329425811768,1.1241250038146973,1.0297329425811768,1.0554759502410889,0.7338609099388123,4920108
2012-02-13,1.0554759502410889,1.0726380348205566,1.0125709772109985,1.0125709772109985,0.7040296196937561,904311
2012-02-14,1.0297329425811768,1.0297329425811768,0.9954079985618591,0.9954079985618591,0.6920962929725647,440502
2012-02-15,0.9954079985618591,1.0297329425811768,0.98682701587677,1.0297329425811768,0.7159621715545654,773792
2012-02-16,1.0039900541305542,1.0125709772109985,0.98682701587677,0.9954079985618591,0.6920962929725647,449825
2012-02-17,1.0211520195007324,1.0211520195007324,1.0039900541305542,1.0039900541305542,0.6980634331703186,463809
2012-02-20,1.0211520195007324,1.0554759502410889,1.0125709772109985,1.0125709772109985,0.7040296196937561,207432
2012-02-21,0.9954079985618591,1.0383139848709106,0.9954079985618591,1.0211520195007324,0.7099959254264832,666580
2012-02-22,1.0297329425811768,1.0468950271606445,1.0297329425811768,1.0468950271606445,0.7278947234153748,638611
2012-02-23,1.0297329425811768,1.0383139848709106,1.0039900541305542,1.0383139848709106,0.7219284176826477,1046601
2012-02-24,1.0383139848709106,1.0468950271606445,1.0211520195007324,1.0383139848709106,0.7219284176826477,682895
2012-02-27,1.0468950271606445,1.0898009538650513,1.0468950271606445,1.0726380348205566,0.7457935810089111,1426388
2012-02-28,1.0468950271606445,1.0468950271606445,1.0297329425811768,1.0383139848709106,0.7219284176826477,650265
2012-02-29,1.0383139848709106,1.0383139848709106,1.0211520195007324,1.0383139848709106,0.7219284176826477,1242263
2012-03-01,1.0297329425811768,1.0468950271606445,1.0211520195007324,1.0211520195007324,0.7099959254264832,1288877
2012-03-02,1.0211520195007324,1.0297329425811768,1.0211520195007324,1.0297329425811768,0.7159621715545654,452155
2012-03-05,1.0211520195007324,1.0211520195007324,0.9954079985618591,0.9954079985618591,0.6920962929725647,1111744
2012-03-06,0.9610840082168579,0.9782459735870361,0.9610840082168579,0.969664990901947,0.6741974949836731,256377
2012-03-07,0.9525030255317688,0.9782459735870361,0.9525030255317688,0.9610840082168579,0.6682313084602356,153826
2012-03-08,0.9610840082168579,0.98682701587677,0.9610840082168579,0.9782459735870361,0.6801638007164001,123527
2012-03-09,0.9954079985618591,1.0039900541305542,0.98682701587677,0.9954079985618591,0.6920962929725647,615304
2012-03-12,0.9954079985618591,1.0039900541305542,0.9782459735870361,0.9954079985618591,0.6920962929725647,100220
2012-03-13,0.98682701587677,0.98682701587677,0.969664990901947,0.969664990901947,0.6741974949836731,251715
2012-03-14,1.0125709772109985,1.0125709772109985,0.969664990901947,0.969664990901947,0.6741974949836731,326298
2012-03-15,0.9610840082168579,0.9782459735870361,0.9610840082168579,0.969664990901947,0.6741974949836731,237731
2012-03-16,0.9610840082168579,0.9782459735870361,0.9610840082168579,0.969664990901947,0.6741974949836731,142172
2012-03-20,0.9525030255317688,0.969664990901947,0.9353410005569458,0.9439219832420349,0.6562986969947815,703871
2012-03-21,0.9439219832420349,0.9439219832420349,0.9267600178718567,0.9353410005569458,0.6503323912620544,321636
2012-03-22,0.9010159969329834,0.9353410005569458,0.9010159969329834,0.9181780219078064,0.6383991837501526,137511
2012-03-23,0.9010159969329834,0.9010159969329834,0.8752729892730713,0.8838539719581604,0.6145340800285339,785446
2012-03-26,0.8838539719581604,0.8924350142478943,0.8838539719581604,0.8838539719581604,0.6145340800285339,368250
2012-03-27,0.8924350142478943,0.9095969796180725,0.8924350142478943,0.9095969796180725,0.6324329376220703,247054
2012-03-28,0.9095969796180725,0.9095969796180725,0.8581110239028931,0.8581110239028931,0.5966352820396423,342612
2012-03-29,0.8666920065879822,0.8924350142478943,0.8666920065879822,0.8924350142478943,0.620500385761261,282014
2012-03-30,0.8666920065879822,0.8838539719581604,0.8666920065879822,0.8838539719581604,0.6145340800285339,160818
2012-04-02,0.8666920065879822,0.8838539719581604,0.8495299816131592,0.8752729892730713,0.6085678339004517,144503
2012-04-03,0.8495299816131592,0.8838539719581604,0.8495299816131592,0.8752729892730713,0.6085678339004517,351935
2012-04-05,0.8581110239028931,0.8666920065879822,0.8495299816131592,0.8666920065879822,0.6026015281677246,153826
2012-04-10,0.8409479856491089,0.8409479856491089,0.8409479856491089,0.8495299816131592,0.5906689167022705,4661
2012-04-11,0.8409479856491089,0.8409479856491089,0.8323670029640198,0.8409479856491089,0.5847019553184509,144503
2012-04-12,0.8752729892730713,0.8752729892730713,0.8409479856491089,0.8752729892730713,0.6085678339004517,107212
2012-04-13,0.8581110239028931,0.8581110239028931,0.8495299816131592,0.8581110239028931,0.5966352820396423,321636
2012-04-16,0.8495299816131592,0.8838539719581604,0.8409479856491089,0.8838539719581604,0.6145340800285339,433510
2012-04-17,0.8666920065879822,0.8752729892730713,0.8495299816131592,0.8581110239028931,0.5966352820396423,233070
2012-04-18,0.8666920065879822,0.8666920065879822,0.8581110239028931,0.8581110239028931,0.5966352820396423,195778
2012-04-19,0.8752729892730713,0.8752729892730713,0.8495299816131592,0.8495299816131592,0.5906689167022705,307652
2012-04-20,0.8581110239028931,0.8666920065879822,0.8581110239028931,0.8666920065879822,0.6026015281677246,309983
2012-04-23,0.8666920065879822,0.8666920065879822,0.8495299816131592,0.8495299816131592,0.5906689167022705,302991
2012-04-24,0.8495299816131592,0.8495299816131592,0.8495299816131592,0.8495299816131592,0.5906689167022705,111873
2012-04-25,0.8581110239028931,0.8581110239028931,0.8409479856491089,0.8495299816131592,0.5906689167022705,130519
2012-04-26,0.7465559840202332,0.8581110239028931,0.7465559840202332,0.8495299816131592,0.5906689167022705,254046
2012-04-27,0.8581110239028931,0.8581110239028931,0.8409479856491089,0.8495299816131592,0.5906689167022705,305321
2012-04-30,0.8495299816131592,0.8581110239028931,0.8495299816131592,0.8581110239028931,0.5966352820396423,69921
2012-05-02,0.8581110239028931,0.8752729892730713,0.8581110239028931,0.8581110239028931,0.5966352820396423,275022
2012-05-03,0.8581110239028931,0.8666920065879822,0.8495299816131592,0.8495299816131592,0.5906689167022705,191117
2012-05-04,0.8581110239028931,0.8752729892730713,0.8495299816131592,0.8581110239028931,0.5966352820396423,382234
2012-05-07,0.8495299816131592,0.8752729892730713,0.8409479856491089,0.8581110239028931,0.5966352820396423,193448
2012-05-08,0.8323670029640198,0.8409479856491089,0.8323670029640198,0.8409479856491089,0.5847019553184509,23307
2012-05-09,0.8409479856491089,0.8409479856491089,0.7808809876441956,0.8066239953041077,0.5608368515968323,251715
2012-05-10,0.8066239953041077,0.8066239953041077,0.7894619703292847,0.7894619703292847,0.548904299736023,242392
2012-05-11,0.7894619703292847,0.8323670029640198,0.7894619703292847,0.8152049779891968,0.5668032169342041,286676
2012-05-14,0.8152049779891968,0.8237860202789307,0.7894619703292847,0.7894619703292847,0.548904299736023,230739
2012-05-15,0.7723000049591064,0.7980430126190186,0.7723000049591064,0.7980430126190186,0.5548705458641052,170141
2012-05-16,0.755137026309967,0.7808809876441956,0.7465559840202332,0.7808809876441956,0.5429380536079407,386896
2012-05-17,0.8066239953041077,0.8066239953041077,0.7637180089950562,0.7637180089950562,0.531004786491394,153826
2012-05-18,0.7637180089950562,0.7637180089950562,0.755137026309967,0.755137026309967,0.5250385999679565,107212
2012-05-21,0.737975001335144,0.755137026309967,0.737975001335144,0.737975001335144,0.5131059288978577,60598
2012-05-22,0.755137026309967,0.7723000049591064,0.755137026309967,0.755137026309967,0.5250385999679565,109542
2012-05-23,0.7293940186500549,0.7293940186500549,0.6607450246810913,0.7036510109901428,0.4892408847808838,2377314
2012-05-24,0.7036510109901428,0.720812976360321,0.6950700283050537,0.720812976360321,0.5011733770370483,205101
2012-05-25,0.6950700283050537,0.7122319936752319,0.6864879727363586,0.7122319936752319,0.49520719051361084,118865
2012-05-28,0.7036510109901428,0.7036510109901428,0.6864879727363586,0.7036510109901428,0.4892408847808838,340282
2012-05-29,0.6950700283050537,0.720812976360321,0.6950700283050537,0.720812976360321,0.5011733770370483,307652
2012-05-30,0.6864879727363586,0.7036510109901428,0.6864879727363586,0.7036510109901428,0.4892408847808838,102550
2012-05-31,0.7122319936752319,0.7122319936752319,0.6864879727363586,0.7036510109901428,0.4892408847808838,139842
2012-06-01,0.6864879727363586,0.6864879727363586,0.6864879727363586,0.6864879727363586,0.47730764746665955,32629
2012-06-04,0.6779069900512695,0.6864879727363586,0.6693260073661804,0.6779069900512695,0.4713413715362549,254046
2012-06-05,0.6864879727363586,0.7036510109901428,0.6864879727363586,0.7036510109901428,0.4892408847808838,39621
2012-06-06,0.6693260073661804,0.6950700283050537,0.6693260073661804,0.6950700283050537,0.48327454924583435,139842
2012-06-07,0.6950700283050537,0.6950700283050537,0.6864879727363586,0.6864879727363586,0.47730764746665955,69921
2012-06-08,0.6864879727363586,0.6864879727363586,0.6864879727363586,0.6864879727363586,0.47730764746665955,37291
2012-06-11,0.7036510109901428,0.7036510109901428,0.6864879727363586,0.6864879727363586,0.47730764746665955,72251
2012-06-12,0.6864879727363586,0.6864879727363586,0.6864879727363586,0.6864879727363586,0.47730764746665955,160818
2012-06-13,0.6693260073661804,0.6779069900512695,0.6693260073661804,0.6779069900512695,0.4713413715362549,27968
2012-06-14,0.6779069900512695,0.6864879727363586,0.6779069900512695,0.6864879727363586,0.47730764746665955,60598
2012-06-15,0.6864879727363586,0.6950700283050537,0.6779069900512695,0.6864879727363586,0.47730764746665955,498769
2012-06-18,0.6693260073661804,0.6864879727363586,0.6693260073661804,0.6864879727363586,0.47730764746665955,123527
2012-06-19,0.6950700283050537,0.6950700283050537,0.6864879727363586,0.6864879727363586,0.47730764746665955,135180
2012-06-20,0.7036510109901428,0.7036510109901428,0.6950700283050537,0.6950700283050537,0.48327454924583435,167810
2012-06-21,0.6950700283050537,0.7122319936752319,0.6864879727363586,0.6950700283050537,0.48327454924583435,97889
2012-06-22,0.7036510109901428,0.7122319936752319,0.6864879727363586,0.6864879727363586,0.47730764746665955,81574
2012-06-25,0.6864879727363586,0.6864879727363586,0.6864879727363586,0.6864879727363586,0.47730764746665955,0
2012-06-26,0.7036510109901428,0.7036510109901428,0.6779069900512695,0.6864879727363586,0.47730764746665955,177133
2012-06-27,0.6950700283050537,0.7293940186500549,0.6950700283050537,0.720812976360321,0.5011733770370483,608312
2012-06-28,0.7293940186500549,0.7723000049591064,0.7293940186500549,0.755137026309967,0.5250385999679565,1267901
2012-06-29,0.755137026309967,0.755137026309967,0.7122319936752319,0.720812976360321,0.5011733770370483,286676
2012-07-03,0.7122319936752319,0.7293940186500549,0.7122319936752319,0.7293940186500549,0.5071396827697754,219085
2012-07-04,0.7122319936752319,0.7122319936752319,0.6950700283050537,0.6950700283050537,0.48327454924583435,344943
2012-07-05,0.720812976360321,0.720812976360321,0.7036510109901428,0.7036510109901428,0.4892408847808838,88566
2012-07-06,0.7036510109901428,0.7122319936752319,0.7036510109901428,0.7036510109901428,0.4892408847808838,48944
2012-07-09,0.6950700283050537,0.6950700283050537,0.6779069900512695,0.6779069900512695,0.4713413715362549,258860
2012-07-10,0.6779069900512695,0.6950700283050537,0.6779069900512695,0.6950700283050537,0.48327454924583435,205101
2012-07-11,0.7036510109901428,0.7036510109901428,0.6779069900512695,0.6779069900512695,0.4713413715362549,32629
2012-07-12,0.6950700283050537,0.6779069900512695,0.6693260073661804,0.6693260073661804,0.46537506580352783,121196
2012-07-13,0.6693260073661804,0.6864879727363586,0.6607450246810913,0.6607450246810913,0.45940881967544556,365919
2012-07-16,0.6607450246810913,0.6779069900512695,0.6607450246810913,0.6693260073661804,0.46537506580352783,79243
2012-07-17,0.6693260073661804,0.6779069900512695,0.6693260073661804,0.6779069900512695,0.4713413715362549,60598
2012-07-18,0.6693260073661804,0.6693260073661804,0.6693260073661804,0.6693260073661804,0.46537506580352783,146834
2012-07-19,0.6693260073661804,0.6779069900512695,0.6607450246810913,0.6693260073661804,0.46537506580352783,473132
2012-07-20,0.6779069900512695,0.6779069900512695,0.6693260073661804,0.6693260073661804,0.46537506580352783,104881
2012-07-23,0.6607450246810913,0.6779069900512695,0.6607450246810913,0.6779069900512695,0.4713413715362549,286676
2012-07-24,0.6607450246810913,0.6607450246810913,0.6607450246810913,0.6607450246810913,0.45940881967544556,23307
2012-07-25,0.6521639823913574,0.6521639823913574,0.6521639823913574,0.6521639823913574,0.4534425139427185,242392
2012-07-26,0.6607450246810913,0.6607450246810913,0.6607450246810913,0.6607450246810913,0.45940881967544556,149164
2012-07-27,0.6521639823913574,0.6607450246810913,0.6521639823913574,0.6607450246810913,0.45940881967544556,58267
2012-07-30,0.6864879727363586,0.6864879727363586,0.6607450246810913,0.6779069900512695,0.4713413715362549,54771
2012-07-31,0.6693260073661804,0.6779069900512695,0.6607450246810913,0.6607450246810913,0.45940881967544556,226077
2012-08-01,0.6607450246810913,0.6607450246810913,0.6521639823913574,0.6521639823913574,0.4534425139427185,116535
2012-08-02,0.6521639823913574,0.6693260073661804,0.6521639823913574,0.6693260073661804,0.46537506580352783,261038
2012-08-03,0.6607450246810913,0.6607450246810913,0.6521639823913574,0.6607450246810913,0.45940881967544556,163149
2012-08-06,0.6607450246810913,0.6864879727363586,0.6607450246810913,0.6779069900512695,0.4713413715362549,308817
2012-08-07,0.6779069900512695,0.6779069900512695,0.6693260073661804,0.6693260073661804,0.46537506580352783,226077
2012-08-08,0.6693260073661804,0.6779069900512695,0.6693260073661804,0.6779069900512695,0.4713413715362549,142172
2012-08-09,0.6693260073661804,0.6779069900512695,0.6693260073661804,0.6779069900512695,0.4713413715362549,109542
2012-08-10,0.6779069900512695,0.6779069900512695,0.6779069900512695,0.6779069900512695,0.4713413715362549,0
2012-08-13,0.6779069900512695,0.6779069900512695,0.6693260073661804,0.6779069900512695,0.4713413715362549,69921
2012-08-14,0.6693260073661804,0.6693260073661804,0.6521639823913574,0.6521639823913574,0.4534425139427185,263369
2012-08-15,0.6693260073661804,0.6693260073661804,0.6521639823913574,0.6607450246810913,0.45940881967544556,172471
2012-08-16,0.6607450246810913,0.6693260073661804,0.6521639823913574,0.6521639823913574,0.4534425139427185,270361
2012-08-17,0.6521639823913574,0.6607450246810913,0.6521639823913574,0.6521639823913574,0.4534425139427185,72251
2012-08-20,0.6693260073661804,0.6693260073661804,0.6435829997062683,0.6521639823913574,0.4534425139427185,198109
2012-08-21,0.6607450246810913,0.6693260073661804,0.6607450246810913,0.6693260073661804,0.46537506580352783,158487
2012-08-22,0.6693260073661804,0.6693260073661804,0.6693260073661804,0.6693260073661804,0.46537506580352783,149164
2012-08-23,0.6779069900512695,0.737975001335144,0.6607450246810913,0.7122319936752319,0.49520719051361084,1153696
2012-08-24,0.7036510109901428,0.7122319936752319,0.6950700283050537,0.7122319936752319,0.49520719051361084,657257
2012-08-27,0.7122319936752319,0.755137026309967,0.7122319936752319,0.755137026309967,0.5250385999679565,1892528
2012-08-28,0.7637180089950562,0.7637180089950562,0.7293940186500549,0.7293940186500549,0.5071396827697754,1928654
2012-08-29,0.7036510109901428,0.7036510109901428,0.6779069900512695,0.6950700283050537,0.4872877895832062,906642
2012-08-30,0.6779069900512695,0.720812976360321,0.6779069900512695,0.7122319936752319,0.4993193745613098,519746
2012-08-31,0.7036510109901428,0.7036510109901428,0.6864879727363586,0.6864879727363586,0.4812711179256439,209763
2012-09-03,0.7036510109901428,0.7122319936752319,0.6950700283050537,0.7122319936752319,0.4993193745613098,305321
2012-09-04,0.7122319936752319,0.7122319936752319,0.6864879727363586,0.6864879727363586,0.4812711179256439,202770
2012-09-05,0.6779069900512695,0.7808809876441956,0.6693260073661804,0.7808809876441956,0.5474465489387512,981224
2012-09-06,0.755137026309967,0.8152049779891968,0.720812976360321,0.737975001335144,0.5173667669296265,2018386
2012-09-07,0.737975001335144,0.755137026309967,0.737975001335144,0.7465559840202332,0.5233826041221619,878674
2012-09-10,0.7465559840202332,0.7465559840202332,0.7293940186500549,0.7293940186500549,0.5113510489463806,344943
2012-09-11,0.720812976360321,0.720812976360321,0.7122319936752319,0.720812976360321,0.5053351521492004,146834
2012-09-12,0.7122319936752319,0.7122319936752319,0.7036510109901428,0.7122319936752319,0.4993193745613098,272691
2012-09-13,0.7036510109901428,0.7293940186500549,0.7036510109901428,0.720812976360321,0.5053351521492004,184125
2012-09-14,0.737975001335144,0.8323670029640198,0.7293940186500549,0.8323670029640198,0.5835415720939636,4780266
2012-09-17,0.8924350142478943,1.3815579414367676,0.8924350142478943,1.227097988128662,0.8602727055549622,86487513
2012-09-18,1.2442610263824463,1.2785849571228027,1.106963038444519,1.1412869691848755,0.8001137971878052,13622943
2012-09-19,1.175611972808838,1.1927740573883057,1.1155439615249634,1.1584500074386597,0.8121461272239685,7327722
2012-09-20,1.1584500074386597,1.1670310497283936,1.0554759502410889,1.0983819961547852,0.7700347304344177,5106564
2012-09-21,1.0983819961547852,1.1327060461044312,1.0468950271606445,1.0554759502410889,0.7399548888206482,3437783
2012-09-24,0.969664990901947,1.0468950271606445,0.969664990901947,1.0039900541305542,0.7038600444793701,3517026
2012-09-25,1.0039900541305542,1.2099360227584839,1.0039900541305542,1.1498680114746094,0.8061295747756958,24989769
2012-09-26,1.1327060461044312,1.1498680114746094,1.0640569925308228,1.1155439615249634,0.7820663452148438,6083128
2012-09-27,1.1155439615249634,1.1241250038146973,1.0554759502410889,1.0640569925308228,0.7459707260131836,3088178
2012-09-28,1.081220030784607,1.1927740573883057,1.081220030784607,1.1498680114746094,0.8061295747756958,9733004
2012-10-03,1.1498680114746094,1.1584500074386597,1.0468950271606445,1.0640569925308228,0.7459707260131836,10173507
2012-10-04,1.0726380348205566,1.081220030784607,1.0297329425811768,1.0726380348205566,0.7519866824150085,3820017
2012-10-05,1.081220030784607,1.0983819961547852,1.0468950271606445,1.0640569925308228,0.7459707260131836,2545124
2012-10-08,1.0640569925308228,1.0726380348205566,1.0039900541305542,1.0211520195007324,0.7158916592597961,3719797
2012-10-09,1.0211520195007324,1.0640569925308228,1.0125709772109985,1.0125709772109985,0.7098758816719055,1748025
2012-10-10,1.0125709772109985,1.0211520195007324,0.98682701587677,1.0125709772109985,0.7098758816719055,1365790
2012-10-11,0.9782459735870361,1.0125709772109985,0.9782459735870361,1.0125709772109985,0.7098758816719055,759808
2012-10-12,1.0125709772109985,1.0297329425811768,0.9954079985618591,0.9954079985618591,0.6978434920310974,825067
2012-10-15,0.9782459735870361,0.9954079985618591,0.9782459735870361,0.9954079985618591,0.6978434920310974,881004
2012-10-16,0.9782459735870361,0.9782459735870361,0.9610840082168579,0.969664990901947,0.6797959804534912,1114074
2012-10-17,0.969664990901947,1.0039900541305542,0.9525030255317688,0.9782459735870361,0.6858118176460266,2549786
2012-10-18,0.9782459735870361,1.0125709772109985,0.969664990901947,1.0125709772109985,0.7098758816719055,1491648
2012-10-19,0.969664990901947,0.9782459735870361,0.9439219832420349,0.9610840082168579,0.6737802028656006,3288618
2012-10-22,0.9439219832420349,1.0039900541305542,0.9439219832420349,0.98682701587677,0.691827654838562,2856273
2012-10-24,0.9954079985618591,0.9954079985618591,0.969664990901947,0.9782459735870361,0.6858118176460266,1542923
2012-10-25,0.98682701587677,1.0039900541305542,0.969664990901947,0.9782459735870361,0.6858118176460266,1410073
2012-10-26,0.9954079985618591,0.9954079985618591,0.9353410005569458,0.9525030255317688,0.66776442527771,1505632
2012-10-29,0.9267600178718567,0.9439219832420349,0.9267600178718567,0.9267600178718567,0.6497169137001038,626958
2012-10-30,0.9353410005569458,0.9353410005569458,0.9181780219078064,0.9181780219078064,0.6437004208564758,643273
2012-10-31,0.9095969796180725,0.9353410005569458,0.9095969796180725,0.9267600178718567,0.6497169137001038,445163
2012-11-01,0.9353410005569458,0.9610840082168579,0.9353410005569458,0.9525030255317688,0.66776442527771,946264
2012-11-02,0.969664990901947,1.0726380348205566,0.9610840082168579,1.0554759502410889,0.7399548888206482,16983813
2012-11-05,1.0468950271606445,1.0554759502410889,1.0039900541305542,1.0297329425811768,0.7219074964523315,2880745
2012-11-06,1.0297329425811768,1.0297329425811768,0.98682701587677,1.0125709772109985,0.7098758816719055,1468341
2012-11-07,1.0125709772109985,1.0468950271606445,1.0125709772109985,1.0468950271606445,0.7339391112327576,3624239
2012-11-08,1.0125709772109985,1.0211520195007324,0.98682701587677,0.9954079985618591,0.6978434920310974,1873883
2012-11-09,0.9782459735870361,0.98682701587677,0.969664990901947,0.9782459735870361,0.6858118176460266,1720056
2012-11-12,0.9782459735870361,0.9782459735870361,0.969664990901947,0.969664990901947,0.6797959804534912,953256
2012-11-13,0.9610840082168579,0.9610840082168579,0.9439219832420349,0.9525030255317688,0.66776442527771,832060
2012-11-14,0.9610840082168579,0.9782459735870361,0.9610840082168579,0.969664990901947,0.6797959804534912,753981
2012-11-15,0.9525030255317688,0.9610840082168579,0.9439219832420349,0.9610840082168579,0.6737802028656006,638611
2012-11-16,0.9439219832420349,0.9610840082168579,0.9439219832420349,0.9525030255317688,0.66776442527771,263369
2012-11-19,0.9525030255317688,0.9610840082168579,0.9525030255317688,0.9610840082168579,0.6737802028656006,242392
2012-11-20,0.9525030255317688,0.969664990901947,0.9439219832420349,0.9439219832420349,0.6617485880851746,783115
2012-11-21,0.9525030255317688,0.9610840082168579,0.9439219832420349,0.9525030255317688,0.66776442527771,179463
2012-11-22,0.9439219832420349,0.9525030255317688,0.9439219832420349,0.9439219832420349,0.6617485880851746,321636
2012-11-23,0.9525030255317688,0.9610840082168579,0.9525030255317688,0.9525030255317688,0.66776442527771,242392
2012-11-26,0.9610840082168579,0.9610840082168579,0.9267600178718567,0.9353410005569458,0.6557327508926392,1337822
2012-11-27,0.9353410005569458,0.9439219832420349,0.9267600178718567,0.9353410005569458,0.6557327508926392,342612
2012-11-28,0.9181780219078064,0.9267600178718567,0.9010159969329834,0.9095969796180725,0.6376845240592957,848374
2012-11-29,0.9353410005569458,0.98682701587677,0.9353410005569458,0.9782459735870361,0.6858118176460266,2705943
2012-11-30,0.9782459735870361,0.9782459735870361,0.9353410005569458,0.9439219832420349,0.6617485880851746,1293538
2012-12-03,0.9610840082168579,0.9610840082168579,0.9010159969329834,0.9181780219078064,0.6437004208564758,1694419
2012-12-04,0.9181780219078064,0.9267600178718567,0.9095969796180725,0.9181780219078064,0.6437004208564758,337951
2012-12-05,0.9181780219078064,0.9353410005569458,0.9095969796180725,0.9267600178718567,0.6497169137001038,745824
2012-12-06,0.9267600178718567,0.9267600178718567,0.9181780219078064,0.9181780219078064,0.6437004208564758,855367
2012-12-07,0.9181780219078064,0.9353410005569458,0.9181780219078064,0.9267600178718567,0.6497169137001038,557037
2012-12-10,0.9353410005569458,0.9525030255317688,0.9267600178718567,0.9439219832420349,0.6617485880851746,571021
2012-12-11,0.9439219832420349,0.9782459735870361,0.9439219832420349,0.9610840082168579,0.6737802028656006,1967111
2012-12-12,0.9610840082168579,1.0039900541305542,0.9439219832420349,0.969664990901947,0.6797959804534912,3090508
2012-12-13,0.969664990901947,0.969664990901947,0.9439219832420349,0.9439219832420349,0.6617485880851746,1521947
2012-12-14,0.9439219832420349,0.9782459735870361,0.9439219832420349,0.969664990901947,0.6797959804534912,978894
2012-12-17,0.9610840082168579,0.9610840082168579,0.9439219832420349,0.9525030255317688,0.66776442527771,568690
2012-12-18,0.9525030255317688,0.9610840082168579,0.9439219832420349,0.9439219832420349,0.6617485880851746,939272
2012-12-19,0.9439219832420349,0.9610840082168579,0.9439219832420349,0.9610840082168579,0.6737802028656006,503431
2012-12-20,0.9525030255317688,0.9610840082168579,0.9439219832420349,0.9525030255317688,0.6680626273155212,792438
2012-12-21,0.9439219832420349,0.9525030255317688,0.9353410005569458,0.9439219832420349,0.6620440483093262,489447
2012-12-24,0.9439219832420349,0.9610840082168579,0.9439219832420349,0.9525030255317688,0.6680626273155212,23307
2012-12-27,0.9610840082168579,0.9610840082168579,0.9439219832420349,0.9439219832420349,0.6620440483093262,323967
2012-12-28,0.9525030255317688,0.9610840082168579,0.9353410005569458,0.9353410005569458,0.6560256481170654,184125
2012-12-31,0.9267600178718567,0.9353410005569458,0.9181780219078064,0.9353410005569458,0.6560256481170654,268030
2013-01-02,0.9525030255317688,0.9782459735870361,0.9353410005569458,0.969664990901947,0.680099606513977,3309594
2013-01-03,0.9782459735870361,1.0640569925308228,0.9782459735870361,1.0554759502410889,0.740285336971283,14165996
2013-01-04,1.0726380348205566,1.081220030784607,1.0297329425811768,1.0468950271606445,0.7342669367790222,8987180
2013-01-07,1.0468950271606445,1.0554759502410889,1.0211520195007324,1.0297329425811768,0.7222298383712769,4076394
2013-01-08,1.0297329425811768,1.0726380348205566,1.0211520195007324,1.0383139848709106,0.7282483577728271,6527737
2013-01-09,1.0468950271606445,1.0726380348205566,1.0468950271606445,1.0554759502410889,0.740285336971283,4309465
2013-01-10,1.0640569925308228,1.0640569925308228,1.0125709772109985,1.0211520195007324,0.7162113189697266,2302731
2013-01-11,1.0297329425811768,1.0297329425811768,1.0125709772109985,1.0211520195007324,0.7162113189697266,1274893
2013-01-14,1.0039900541305542,1.0211520195007324,1.0039900541305542,1.0039900541305542,0.7041743993759155,948595
2013-01-15,0.9954079985618591,1.0211520195007324,0.9954079985618591,1.0039900541305542,0.7041743993759155,720186
2013-01-16,1.0125709772109985,1.0125709772109985,0.9782459735870361,0.98682701587677,0.6921366453170776,759808
2013-01-17,1.0039900541305542,1.0039900541305542,0.9782459735870361,0.9954079985618591,0.6981551051139832,685225
2013-01-18,1.0039900541305542,1.0125709772109985,0.98682701587677,1.0125709772109985,0.710192859172821,783115
2013-01-21,1.0125709772109985,1.0125709772109985,0.9954079985618591,0.9954079985618591,0.6981551051139832,340282
2013-01-22,0.98682701587677,1.0039900541305542,0.98682701587677,0.98682701587677,0.6921366453170776,442833
2013-01-23,0.98682701587677,0.98682701587677,0.9782459735870361,0.98682701587677,0.6921366453170776,913634
2013-01-24,0.9954079985618591,1.0039900541305542,0.98682701587677,0.98682701587677,0.6921366453170776,605982
2013-01-25,0.98682701587677,0.98682701587677,0.9525030255317688,0.9525030255317688,0.6680626273155212,964909
2013-01-28,0.9610840082168579,0.9610840082168579,0.9439219832420349,0.9439219832420349,0.6620440483093262,475462
2013-01-29,0.9439219832420349,0.9525030255317688,0.9353410005569458,0.9525030255317688,0.6680626273155212,473132
2013-01-30,0.9610840082168579,0.9610840082168579,0.9525030255317688,0.9525030255317688,0.6680626273155212,323967
2013-01-31,0.9439219832420349,0.9439219832420349,0.9353410005569458,0.9353410005569458,0.6560256481170654,233070
2013-02-01,0.9525030255317688,0.98682701587677,0.9525030255317688,0.969664990901947,0.680099606513977,1037161
2013-02-04,0.969664990901947,0.969664990901947,0.9525030255317688,0.9525030255317688,0.6680626273155212,640942
2013-02-05,0.9525030255317688,0.9525030255317688,0.9181780219078064,0.9353410005569458,0.6560256481170654,1027838
2013-02-06,0.9353410005569458,0.9525030255317688,0.9181780219078064,0.9181780219078064,0.6439878940582275,494108
2013-02-07,0.9439219832420349,0.9439219832420349,0.9095969796180725,0.9181780219078064,0.6439878940582275,615304
2013-02-08,0.9181780219078064,0.9267600178718567,0.9181780219078064,0.9267600178718567,0.6500070691108704,76913
2013-02-14,0.9353410005569458,0.9439219832420349,0.9267600178718567,0.9353410005569458,0.6560256481170654,111873
2013-02-15,0.9353410005569458,0.9353410005569458,0.9353410005569458,0.9353410005569458,0.6560256481170654,151495
2013-02-18,0.9267600178718567,0.9353410005569458,0.9181780219078064,0.9181780219078064,0.6439878940582275,319305
2013-02-19,0.9353410005569458,0.9439219832420349,0.9095969796180725,0.9095969796180725,0.6379693150520325,438171
2013-02-20,0.9353410005569458,0.9353410005569458,0.9010159969329834,0.9267600178718567,0.6500070691108704,384565
2013-02-21,0.9439219832420349,0.9439219832420349,0.8838539719581604,0.8924350142478943,0.6259323358535767,636281
2013-02-22,0.8838539719581604,0.9353410005569458,0.8838539719581604,0.9010159969329834,0.631950855255127,151495
2013-02-25,0.8924350142478943,0.9095969796180725,0.8924350142478943,0.8924350142478943,0.6259323358535767,135180
2013-02-26,0.8581110239028931,0.8924350142478943,0.8581110239028931,0.8838539719581604,0.6199138164520264,447494
2013-02-27,0.8838539719581604,0.8838539719581604,0.8752729892730713,0.8752729892730713,0.6138952970504761,216755
2013-02-28,0.8924350142478943,0.8924350142478943,0.8666920065879822,0.8752729892730713,0.6138952970504761,261038
2013-03-01,0.8666920065879822,0.8666920065879822,0.8666920065879822,0.8752729892730713,0.6138952970504761,107212
2013-03-04,0.8666920065879822,0.8838539719581604,0.8495299816131592,0.8838539719581604,0.6199138164520264,699210
2013-03-05,0.8838539719581604,0.8838539719581604,0.8752729892730713,0.8752729892730713,0.6138952970504761,60598
2013-03-06,0.8752729892730713,0.8752729892730713,0.8581110239028931,0.8666920065879822,0.6078768372535706,386896
2013-03-07,0.8581110239028931,0.8752729892730713,0.8495299816131592,0.8581110239028931,0.601858377456665,475462
2013-03-08,0.8581110239028931,0.8752729892730713,0.8581110239028931,0.8752729892730713,0.6138952970504761,427683
2013-03-11,0.8752729892730713,0.9010159969329834,0.8752729892730713,0.8838539719581604,0.6199138164520264,463809
2013-03-12,0.8666920065879822,0.8838539719581604,0.8666920065879822,0.8666920065879822,0.6078768372535706,268030
2013-03-13,0.8666920065879822,0.8666920065879822,0.8581110239028931,0.8581110239028931,0.601858377456665,431179
2013-03-14,0.8581110239028931,0.8666920065879822,0.8495299816131592,0.8495299816131592,0.5958398580551147,342612
2013-03-15,0.8581110239028931,0.8581110239028931,0.8581110239028931,0.8581110239028931,0.601858377456665,69921
2013-03-18,0.8066239953041077,0.8581110239028931,0.8066239953041077,0.8581110239028931,0.601858377456665,151495
2013-03-19,0.7637180089950562,0.8495299816131592,0.7637180089950562,0.8323670029640198,0.5838021039962769,156156
2013-03-20,0.8495299816131592,0.8495299816131592,0.8323670029640198,0.8323670029640198,0.5838021039962769,147999
2013-03-21,0.8237860202789307,0.8323670029640198,0.8237860202789307,0.8323670029640198,0.5838021039962769,125857
2013-03-22,0.8323670029640198,0.8323670029640198,0.8323670029640198,0.8409479856491089,0.5898206830024719,46614
2013-03-25,0.8152049779891968,0.8495299816131592,0.8152049779891968,0.8409479856491089,0.5898206830024719,174802
2013-03-26,0.8409479856491089,0.8409479856491089,0.8409479856491089,0.8409479856491089,0.5898206830024719,23307
2013-03-27,0.8409479856491089,0.8409479856491089,0.8323670029640198,0.8409479856491089,0.5898206830024719,235400
2013-03-28,0.8409479856491089,0.8581110239028931,0.8152049779891968,0.8409479856491089,0.5898206830024719,195778
2013-04-02,0.8066239953041077,0.8409479856491089,0.8066239953041077,0.8323670029640198,0.5838021039962769,305321
2013-04-03,0.8237860202789307,0.8323670029640198,0.8152049779891968,0.8237860202789307,0.5777837038040161,519746
2013-04-05,0.7808809876441956,0.8066239953041077,0.7808809876441956,0.7894619703292847,0.5537095665931702,261038
2013-04-08,0.7894619703292847,0.7894619703292847,0.7894619703292847,0.7894619703292847,0.5537095665931702,16314
2013-04-09,0.8066239953041077,0.8066239953041077,0.7980430126190186,0.7980430126190186,0.5597280263900757,32629
2013-04-10,0.7980430126190186,0.7980430126190186,0.7894619703292847,0.7894619703292847,0.5537095665931702,58267
2013-04-11,0.7980430126190186,0.7980430126190186,0.7980430126190186,0.7980430126190186,0.5597280263900757,34960
2013-04-12,0.8152049779891968,0.8495299816131592,0.7980430126190186,0.8066239953041077,0.5657466053962708,417195
2013-04-15,0.7808809876441956,0.8066239953041077,0.7808809876441956,0.7894619703292847,0.5537095665931702,314644
2013-04-16,0.7808809876441956,0.8066239953041077,0.7723000049591064,0.7894619703292847,0.5537095665931702,547714
2013-04-17,0.7980430126190186,0.7980430126190186,0.7808809876441956,0.7808809876441956,0.5476909875869751,116535
2013-04-18,0.7808809876441956,0.7894619703292847,0.755137026309967,0.7808809876441956,0.5476909875869751,102550
2013-04-19,0.7723000049591064,0.7980430126190186,0.7723000049591064,0.7980430126190186,0.5597280263900757,447494
2013-04-22,0.7723000049591064,0.7723000049591064,0.7723000049591064,0.7723000049591064,0.5416725873947144,29133
2013-04-23,0.7723000049591064,0.7723000049591064,0.7723000049591064,0.7723000049591064,0.5416725873947144,0
2013-04-24,0.7723000049591064,0.7723000049591064,0.7723000049591064,0.7723000049591064,0.5416725873947144,0
2013-04-25,0.7723000049591064,0.7723000049591064,0.7723000049591064,0.7723000049591064,0.5416725873947144,0
2013-04-26,0.6864879727363586,0.755137026309967,0.6693260073661804,0.7465559840202332,0.5236163139343262,3279935
2013-04-29,0.7293940186500549,0.737975001335144,0.7036510109901428,0.720812976360321,0.5055607557296753,996677
2013-04-30,0.720812976360321,0.7293940186500549,0.7122319936752319,0.7293940186500549,0.5115793943405151,321636
2013-05-02,0.7293940186500549,0.7293940186500549,0.7036510109901428,0.720812976360321,0.5055607557296753,946637
2013-05-03,0.7122319936752319,0.720812976360321,0.7036510109901428,0.7036510109901428,0.4935237765312195,599435
2013-05-06,0.7036510109901428,0.7293940186500549,0.7036510109901428,0.720812976360321,0.5055607557296753,594340
2013-05-07,0.720812976360321,0.7293940186500549,0.7122319936752319,0.7293940186500549,0.5115793943405151,710863
2013-05-08,0.7293940186500549,0.737975001335144,0.7122319936752319,0.7122319936752319,0.4995422959327698,487116
2013-05-09,0.7293940186500549,0.7293940186500549,0.7122319936752319,0.7293940186500549,0.5115793943405151,391557
2013-05-10,0.720812976360321,0.720812976360321,0.7122319936752319,0.720812976360321,0.5055607557296753,83905
2013-05-13,0.7122319936752319,0.720812976360321,0.7122319936752319,0.7122319936752319,0.4995422959327698,428848
2013-05-14,0.7122319936752319,0.720812976360321,0.7122319936752319,0.720812976360321,0.5055607557296753,124692
2013-05-15,0.720812976360321,0.720812976360321,0.7122319936752319,0.7122319936752319,0.4995422959327698,689887
2013-05-16,0.7122319936752319,0.7465559840202332,0.7122319936752319,0.7465559840202332,0.5236163139343262,1561569
2013-05-20,0.7465559840202332,0.7723000049591064,0.737975001335144,0.737975001335144,0.5175977945327759,757477
2013-05-21,0.737975001335144,0.737975001335144,0.7293940186500549,0.737975001335144,0.5175977945327759,144503
2013-05-22,0.737975001335144,0.7465559840202332,0.737975001335144,0.7465559840202332,0.5236163139343262,470964
2013-05-23,0.7465559840202332,0.7465559840202332,0.7293940186500549,0.737975001335144,0.5175977945327759,156040
2013-05-24,0.7293940186500549,0.737975001335144,0.720812976360321,0.7293940186500549,0.5115793943405151,226077
2013-05-27,0.720812976360321,0.7723000049591064,0.720812976360321,0.7465559840202332,0.5236163139343262,589725
2013-05-28,0.737975001335144,0.7637180089950562,0.737975001335144,0.755137026309967,0.5296348929405212,564029
2013-05-29,0.7465559840202332,0.7637180089950562,0.737975001335144,0.755137026309967,0.5296348929405212,585029
2013-05-30,0.755137026309967,0.755137026309967,0.737975001335144,0.7465559840202332,0.5236163139343262,908975
2013-05-31,0.7824169993400574,0.7824169993400574,0.7432960271835327,0.7628570199012756,0.5350494980812073,756629
2013-06-03,0.7530760169029236,0.7824169993400574,0.7530760169029236,0.7628570199012756,0.5350494980812073,235168
2013-06-04,0.7530760169029236,0.7628570199012756,0.7432960271835327,0.7530760169029236,0.5281893014907837,251528
2013-06-05,0.7530760169029236,0.7530760169029236,0.7335159778594971,0.7335159778594971,0.5144703984260559,177910
2013-06-06,0.7432960271835327,0.7432960271835327,0.7335159778594971,0.7335159778594971,0.5144703984260559,120651
2013-06-07,0.7335159778594971,0.7335159778594971,0.7139549851417542,0.7237359881401062,0.5076109170913696,235168
2013-06-10,0.7041749954223633,0.7041749954223633,0.6454939842224121,0.655273973941803,0.45959335565567017,3221809
2013-06-11,0.6454939842224121,0.6650540232658386,0.6161530017852783,0.6259340047836304,0.4390150308609009,1460090
2013-06-13,0.5965930223464966,0.655273973941803,0.5868129730224609,0.655273973941803,0.45959335565567017,1805685
2013-06-14,0.655273973941803,0.655273973941803,0.6063730120658875,0.6063730120658875,0.4252953827381134,1666629
2013-06-17,0.6161530017852783,0.6259340047836304,0.5868129730224609,0.5965930223464966,0.4184359908103943,2091977
2013-06-18,0.6063730120658875,0.6063730120658875,0.5965930223464966,0.6063730120658875,0.4252953827381134,987707
2013-06-19,0.6161530017852783,0.6161530017852783,0.5868129730224609,0.5965930223464966,0.4184359908103943,1032696
2013-06-20,0.5868129730224609,0.5868129730224609,0.567251980304718,0.5868129730224609,0.41157644987106323,1034741
2013-06-21,0.5770320296287537,0.5770320296287537,0.567251980304718,0.5770320296287537,0.4047163426876068,546000
2013-06-24,0.567251980304718,0.5770320296287537,0.5379120111465454,0.5574719905853271,0.39099740982055664,2147191
2013-06-25,0.5574719905853271,0.5574719905853271,0.5379120111465454,0.5476920008659363,0.38413795828819275,562359
2013-06-26,0.5476920008659363,0.5770320296287537,0.5476920008659363,0.567251980304718,0.3978568911552429,511236
2013-06-27,0.5770320296287537,0.5770320296287537,0.5476920008659363,0.5574719905853271,0.39099740982055664,519415
2013-06-28,0.5574719905853271,0.5770320296287537,0.5574719905853271,0.567251980304718,0.3978568911552429,437618
2013-07-02,0.5476920008659363,0.567251980304718,0.5476920008659363,0.5574719905853271,0.39099740982055664,1266842
2013-07-03,0.5574719905853271,0.5574719905853271,0.5379120111465454,0.5379120111465454,0.37727850675582886,2878757
2013-07-04,0.5379120111465454,0.5476920008659363,0.5379120111465454,0.5476920008659363,0.38413795828819275,502300
2013-07-05,0.5476920008659363,0.567251980304718,0.5476920008659363,0.5574719905853271,0.39099740982055664,4451049
2013-07-08,0.5476920008659363,0.5476920008659363,0.5379120111465454,0.5476920008659363,0.38413795828819275,255618
2013-07-09,0.5379120111465454,0.5379120111465454,0.5379120111465454,0.5379120111465454,0.37727850675582886,650263
2013-07-10,0.5476920008659363,0.5476920008659363,0.5281310081481934,0.5379120111465454,0.37727850675582886,1986724
2013-07-11,0.5379120111465454,0.5476920008659363,0.5379120111465454,0.5476920008659363,0.38413795828819275,320800
2013-07-12,0.5574719905853271,0.5574719905853271,0.5379120111465454,0.5379120111465454,0.37727850675582886,571561
2013-07-15,0.5379120111465454,0.5770320296287537,0.5379120111465454,0.567251980304718,0.3978568911552429,2539578
2013-07-16,0.567251980304718,0.567251980304718,0.5476920008659363,0.5574719905853271,0.39099740982055664,1087105
2013-07-17,0.567251980304718,0.6748350262641907,0.567251980304718,0.655273973941803,0.45959335565567017,47347343
2013-07-18,0.6748350262641907,0.6943950057029724,0.6357139945030212,0.6357139945030212,0.44587448239326477,20064084
2013-07-19,0.6357139945030212,0.655273973941803,0.6259340047836304,0.6454939842224121,0.4527338743209839,5876651
2013-07-22,0.6357139945030212,0.7530760169029236,0.6357139945030212,0.7335159778594971,0.5144703984260559,28972897
2013-07-23,0.7432960271835327,0.7432960271835327,0.7041749954223633,0.7139549851417542,0.5007507801055908,11340549
2013-07-24,0.7139549851417542,0.7432960271835327,0.7139549851417542,0.7432960271835327,0.5213298797607422,5641352
2013-07-25,0.7432960271835327,0.7530760169029236,0.7237359881401062,0.7237359881401062,0.5076109170913696,4181902
2013-07-26,0.7237359881401062,0.7335159778594971,0.7237359881401062,0.7335159778594971,0.5144703984260559,2071764
2013-07-29,0.7139549851417542,0.7237359881401062,0.6748350262641907,0.6846150159835815,0.48017245531082153,3819955
2013-07-30,0.6650540232658386,0.6748350262641907,0.6454939842224121,0.655273973941803,0.45959335565567017,2809753
2013-07-31,0.655273973941803,0.655273973941803,0.6063730120658875,0.6259340047836304,0.4390150308609009,9840270
2013-08-01,0.6259340047836304,0.6357139945030212,0.6161530017852783,0.6161530017852783,0.4321548044681549,1202427
2013-08-02,0.6259340047836304,0.6259340047836304,0.6063730120658875,0.6259340047836304,0.4390150308609009,2345560
2013-08-05,0.6259340047836304,0.6454939842224121,0.6161530017852783,0.6357139945030212,0.44587448239326477,2530618
2013-08-06,0.6357139945030212,0.6357139945030212,0.6259340047836304,0.6357139945030212,0.44587448239326477,723910
2013-08-07,0.6259340047836304,0.6454939842224121,0.6161530017852783,0.6259340047836304,0.4390150308609009,2202404
2013-08-08,0.6259340047836304,0.6357139945030212,0.6161530017852783,0.6259340047836304,0.4390150308609009,920224
2013-08-09,0.6259340047836304,0.6357139945030212,0.6161530017852783,0.6161530017852783,0.4321548044681549,657330
2013-08-12,0.6357139945030212,0.6454939842224121,0.6259340047836304,0.6454939842224121,0.4527338743209839,1333490
2013-08-13,0.6454939842224121,0.655273973941803,0.6259340047836304,0.655273973941803,0.45959335565567017,926359
2013-08-14,0.655273973941803,0.655273973941803,0.655273973941803,0.655273973941803,0.45959335565567017,0
2013-08-15,0.655273973941803,0.655273973941803,0.6357139945030212,0.6357139945030212,0.44587448239326477,1926337
2013-08-16,0.6259340047836304,0.6357139945030212,0.6259340047836304,0.6357139945030212,0.44587448239326477,212674
2013-08-19,0.6259340047836304,0.6357139945030212,0.6259340047836304,0.6357139945030212,0.44587448239326477,1349663
2013-08-20,0.6357139945030212,0.6454939842224121,0.6161530017852783,0.6259340047836304,0.4390150308609009,2442650
2013-08-21,0.6161530017852783,0.6259340047836304,0.6063730120658875,0.6259340047836304,0.4390150308609009,811842
2013-08-22,0.6063730120658875,0.6357139945030212,0.6063730120658875,0.6357139945030212,0.44587448239326477,1539842
2013-08-23,0.6357139945030212,0.6454939842224121,0.6161530017852783,0.6454939842224121,0.4527338743209839,1287292
2013-08-26,0.655273973941803,0.7530760169029236,0.6454939842224121,0.7432960271835327,0.5213298797607422,19063099
2013-08-27,0.7824169993400574,0.8117579817771912,0.7530760169029236,0.7824169993400574,0.5487683415412903,33899539
2013-08-28,0.7824169993400574,0.7824169993400574,0.7335159778594971,0.7530760169029236,0.5281893014907837,6543820
2013-08-29,0.7628570199012756,0.821537971496582,0.7335159778594971,0.8117579817771912,0.5693473219871521,12708662
2013-08-30,0.8019769787788391,0.8117579817771912,0.7726370096206665,0.7921969890594482,0.5556278824806213,5075256
2013-09-02,0.8019769787788391,0.8019769787788391,0.7530760169029236,0.7628570199012756,0.5350494980812073,2793393
2013-09-03,0.7726370096206665,0.7824169993400574,0.7530760169029236,0.7530760169029236,0.5281893014907837,2065393
2013-09-04,0.7530760169029236,0.7726370096206665,0.7530760169029236,0.7726370096206665,0.5419089794158936,1151303
2013-09-05,0.7628570199012756,0.7726370096206665,0.7432960271835327,0.7628570199012756,0.5350494980812073,2635342
2013-09-06,0.7628570199012756,0.7726370096206665,0.7530760169029236,0.7628570199012756,0.5350494980812073,1130854
2013-09-09,0.7726370096206665,0.8410980105400085,0.7530760169029236,0.7921969890594482,0.5556278824806213,10116417
2013-09-10,0.7921969890594482,0.8019769787788391,0.7726370096206665,0.7824169993400574,0.5487683415412903,2456701
2013-09-11,0.7824169993400574,0.8117579817771912,0.7628570199012756,0.7824169993400574,0.5487683415412903,3628830
2013-09-12,0.7824169993400574,0.8019769787788391,0.7726370096206665,0.7824169993400574,0.5487683415412903,1290359
2013-09-13,0.7726370096206665,0.7824169993400574,0.7628570199012756,0.7824169993400574,0.5487683415412903,1328191
2013-09-16,0.7824169993400574,0.7921969890594482,0.7726370096206665,0.7824169993400574,0.5487683415412903,708573
2013-09-17,0.7824169993400574,0.7824169993400574,0.7628570199012756,0.7628570199012756,0.5350494980812073,1210606
2013-09-18,0.7530760169029236,0.7726370096206665,0.7530760169029236,0.7628570199012756,0.5350494980812073,1400786
2013-09-19,0.7726370096206665,0.8019769787788391,0.7726370096206665,0.8019769787788391,0.5624872446060181,8491866
2013-09-23,0.7921969890594482,0.7921969890594482,0.7726370096206665,0.7824169993400574,0.5487683415412903,1326248
2013-09-24,0.7824169993400574,0.7824169993400574,0.7628570199012756,0.7824169993400574,0.5487683415412903,1556202
2013-09-25,0.7824169993400574,0.8019769787788391,0.7726370096206665,0.7824169993400574,0.5487683415412903,2548000
2013-09-26,0.7824169993400574,0.7824169993400574,0.7726370096206665,0.7726370096206665,0.5419089794158936,261752
2013-09-27,0.7726370096206665,0.7726370096206665,0.7628570199012756,0.7726370096206665,0.5419089794158936,1380337
2013-09-30,0.7628570199012756,0.7726370096206665,0.7628570199012756,0.7726370096206665,0.5419089794158936,556224
2013-10-02,0.7628570199012756,0.7628570199012756,0.7335159778594971,0.7335159778594971,0.5144703984260559,3433460
2013-10-03,0.7432960271835327,0.7628570199012756,0.7432960271835327,0.7628570199012756,0.5350494980812073,1146191
2013-10-04,0.7530760169029236,0.7530760169029236,0.7237359881401062,0.7432960271835327,0.5213298797607422,2325101
2013-10-07,0.7237359881401062,0.7237359881401062,0.6748350262641907,0.7041749954223633,0.49389132857322693,5255506
2013-10-08,0.6846150159835815,0.7041749954223633,0.6846150159835815,0.7041749954223633,0.49389132857322693,2905314
2013-10-09,0.7041749954223633,0.7041749954223633,0.6846150159835815,0.7041749954223633,0.49389132857322693,695280
2013-10-10,0.7041749954223633,0.7041749954223633,0.6846150159835815,0.6943950057029724,0.48703187704086304,705505
2013-10-11,0.6943950057029724,0.7041749954223633,0.6846150159835815,0.7041749954223633,0.49389132857322693,1118584
2013-10-15,0.6846150159835815,0.6943950057029724,0.6748350262641907,0.6943950057029724,0.48703187704086304,1738202
2013-10-16,0.6846150159835815,0.6846150159835815,0.6650540232658386,0.6748350262641907,0.47331303358078003,2412439
2013-10-17,0.6748350262641907,0.6943950057029724,0.6650540232658386,0.6748350262641907,0.47331303358078003,1089955
2013-10-18,0.6748350262641907,0.6846150159835815,0.6650540232658386,0.6748350262641907,0.47331303358078003,1079730
2013-10-21,0.6748350262641907,0.7041749954223633,0.6748350262641907,0.7041749954223633,0.49389132857322693,2421213
2013-10-22,0.6943950057029724,0.7041749954223633,0.6943950057029724,0.6943950057029724,0.48703187704086304,951423
2013-10-23,0.6943950057029724,0.6943950057029724,0.6846150159835815,0.6846150159835815,0.48017245531082153,1067460
2013-10-24,0.6846150159835815,0.6943950057029724,0.6846150159835815,0.6943950057029724,0.48703187704086304,817977
2013-10-25,0.6943950057029724,0.6943950057029724,0.6748350262641907,0.6943950057029724,0.48703187704086304,1096089
2013-10-28,0.6748350262641907,0.6943950057029724,0.6748350262641907,0.6846150159835815,0.48017245531082153,660516
2013-10-29,0.6846150159835815,0.7237359881401062,0.6846150159835815,0.7237359881401062,0.5076109170913696,2030629
2013-10-30,0.7139549851417542,0.7237359881401062,0.7041749954223633,0.7237359881401062,0.5076109170913696,1824090
2013-10-31,0.7139549851417542,0.7237359881401062,0.7041749954223633,0.7041749954223633,0.49389132857322693,905910
2013-11-01,0.6943950057029724,0.7041749954223633,0.6943950057029724,0.7041749954223633,0.49389132857322693,509191
2013-11-04,0.7237359881401062,0.7237359881401062,0.7041749954223633,0.7041749954223633,0.49389132857322693,452955
2013-11-05,0.7139549851417542,0.7432960271835327,0.7041749954223633,0.7139549851417542,0.5007507801055908,2543687
2013-11-06,0.7139549851417542,0.7237359881401062,0.7139549851417542,0.7237359881401062,0.5076109170913696,501011
2013-11-07,0.7139549851417542,0.7237359881401062,0.7041749954223633,0.7237359881401062,0.5076109170913696,991797
2013-11-08,0.7139549851417542,0.7139549851417542,0.7139549851417542,0.7139549851417542,0.5007507801055908,525550
2013-11-11,0.7139549851417542,0.7237359881401062,0.7041749954223633,0.7139549851417542,0.5007507801055908,208584
2013-11-12,0.7139549851417542,0.7530760169029236,0.7041749954223633,0.7530760169029236,0.5281893014907837,3714640
2013-11-13,0.7432960271835327,0.7432960271835327,0.7237359881401062,0.7335159778594971,0.5144703984260559,1490284
2013-11-14,0.7335159778594971,0.7530760169029236,0.7237359881401062,0.7432960271835327,0.5213298797607422,4145101
2013-11-15,0.7530760169029236,0.7921969890594482,0.7432960271835327,0.7824169993400574,0.5487683415412903,8466055
2013-11-18,0.7921969890594482,0.8117579817771912,0.7824169993400574,0.7824169993400574,0.5487683415412903,3202223
2013-11-19,0.7824169993400574,0.7921969890594482,0.7628570199012756,0.7824169993400574,0.5487683415412903,1847960
2013-11-20,0.7726370096206665,0.7824169993400574,0.7628570199012756,0.7726370096206665,0.5419089794158936,1940651
2013-11-21,0.7628570199012756,0.7726370096206665,0.7530760169029236,0.7628570199012756,0.5350494980812073,1139033
2013-11-22,0.7628570199012756,0.7726370096206665,0.7335159778594971,0.7432960271835327,0.5213298797607422,1184022
2013-11-25,0.7432960271835327,0.7726370096206665,0.7432960271835327,0.7628570199012756,0.5350494980812073,2738180
2013-11-26,0.7432960271835327,0.7530760169029236,0.7432960271835327,0.7530760169029236,0.5281893014907837,28625
2013-11-27,0.7432960271835327,0.7824169993400574,0.7432960271835327,0.7824169993400574,0.5487683415412903,976166
2013-11-28,0.7628570199012756,0.7824169993400574,0.7628570199012756,0.7726370096206665,0.5419089794158936,552134
2013-11-29,0.7726370096206665,0.7726370096206665,0.7726370096206665,0.7726370096206665,0.5419089794158936,746404
2013-12-02,0.7432960271835327,0.7726370096206665,0.7432960271835327,0.7726370096206665,0.5419089794158936,678921
2013-12-03,0.7530760169029236,0.7824169993400574,0.7530760169029236,0.7726370096206665,0.5419089794158936,1204472
2013-12-04,0.7628570199012756,0.7628570199012756,0.7628570199012756,0.7628570199012756,0.5350494980812073,104292
2013-12-05,0.7726370096206665,0.7921969890594482,0.7726370096206665,0.7824169993400574,0.5487683415412903,1008157
2013-12-06,0.7726370096206665,0.7824169993400574,0.7726370096206665,0.7824169993400574,0.5487683415412903,611438
2013-12-09,0.7726370096206665,0.7824169993400574,0.7726370096206665,0.7824169993400574,0.5487683415412903,345595
2013-12-10,0.7824169993400574,0.7824169993400574,0.7726370096206665,0.7726370096206665,0.5419089794158936,360932
2013-12-11,0.7726370096206665,0.7824169993400574,0.7726370096206665,0.7726370096206665,0.5419089794158936,560314
2013-12-12,0.7726370096206665,0.7824169993400574,0.7432960271835327,0.7530760169029236,0.5281893014907837,324123
2013-12-13,0.7628570199012756,0.7628570199012756,0.7041749954223633,0.7335159778594971,0.5144703984260559,899775
2013-12-16,0.7432960271835327,0.7432960271835327,0.7335159778594971,0.7432960271835327,0.5213298797607422,141101
2013-12-17,0.7432960271835327,0.7432960271835327,0.7432960271835327,0.7432960271835327,0.5213298797607422,126786
2013-12-18,0.7530760169029236,0.7530760169029236,0.7530760169029236,0.7530760169029236,0.5281893014907837,247438
2013-12-19,0.7432960271835327,0.7432960271835327,0.7432960271835327,0.7432960271835327,0.5213298797607422,0
2013-12-20,0.7041749954223633,0.7237359881401062,0.7041749954223633,0.7041749954223633,0.49389132857322693,494876
2013-12-23,0.6846150159835815,0.7041749954223633,0.6846150159835815,0.7041749954223633,0.49389132857322693,100202
2013-12-24,0.6943950057029724,0.6943950057029724,0.6846150159835815,0.6943950057029724,0.48703187704086304,104292
2013-12-27,0.6943950057029724,0.6943950057029724,0.6943950057029724,0.6943950057029724,0.48703187704086304,24539
2013-12-30,0.6846150159835815,0.7041749954223633,0.6748350262641907,0.6943950057029724,0.48703187704086304,220853
2013-12-31,0.6943950057029724,0.6943950057029724,0.6943950057029724,0.6943950057029724,0.48703187704086304,40898
2014-01-02,0.7237359881401062,0.7335159778594971,0.7041749954223633,0.7139549851417542,0.5007507801055908,259707
2014-01-03,0.6943950057029724,0.7237359881401062,0.6943950057029724,0.7237359881401062,0.5076109170913696,101661
2014-01-06,0.7041749954223633,0.7139549851417542,0.7041749954223633,0.7139549851417542,0.5007507801055908,81797
2014-01-07,0.7041749954223633,0.7139549851417542,0.7041749954223633,0.7139549851417542,0.5007507801055908,147235
2014-01-08,0.7237359881401062,0.7335159778594971,0.7139549851417542,0.7237359881401062,0.5076109170913696,413078
2014-01-09,0.7139549851417542,0.7139549851417542,0.7041749954223633,0.7041749954223633,0.49389132857322693,96112
2014-01-10,0.7139549851417542,0.7139549851417542,0.7041749954223633,0.7041749954223633,0.49389132857322693,278426
2014-01-13,0.7041749954223633,0.7041749954223633,0.7041749954223633,0.7041749954223633,0.49389132857322693,142123
2014-01-14,0.6846150159835815,0.7041749954223633,0.6846150159835815,0.7041749954223633,0.49389132857322693,141101
2014-01-15,0.7041749954223633,0.7237359881401062,0.7041749954223633,0.7237359881401062,0.5076109170913696,434550
2014-01-16,0.7041749954223633,0.7139549851417542,0.6943950057029724,0.7139549851417542,0.5007507801055908,328213
2014-01-17,0.7041749954223633,0.7139549851417542,0.6943950057029724,0.7041749954223633,0.49389132857322693,124741
2014-01-20,0.6943950057029724,0.7041749954223633,0.6846150159835815,0.7041749954223633,0.49389132857322693,284247
2014-01-21,0.6943950057029724,0.6943950057029724,0.6846150159835815,0.6846150159835815,0.48017245531082153,271977
2014-01-22,0.6846150159835815,0.6846150159835815,0.6846150159835815,0.6846150159835815,0.48017245531082153,278112
2014-01-23,0.6748350262641907,0.6943950057029724,0.6748350262641907,0.6846150159835815,0.48017245531082153,75662
2014-01-24,0.6943950057029724,0.7139549851417542,0.6846150159835815,0.7041749954223633,0.49389132857322693,697325
2014-01-27,0.6846150159835815,0.6846150159835815,0.6846150159835815,0.6846150159835815,0.48017245531082153,260730
2014-01-28,0.6846150159835815,0.6846150159835815,0.6650540232658386,0.6650540232658386,0.4664528965950012,157460
2014-01-29,0.7041749954223633,0.7041749954223633,0.6846150159835815,0.6846150159835815,0.48017245531082153,102247
2014-01-30,0.6748350262641907,0.6748350262641907,0.6748350262641907,0.6748350262641907,0.47331303358078003,10224
2014-02-04,0.6650540232658386,0.6650540232658386,0.655273973941803,0.6650540232658386,0.4664528965950012,81797
2014-02-05,0.655273973941803,0.7041749954223633,0.6454939842224121,0.6650540232658386,0.4664528965950012,846606
2014-02-06,0.655273973941803,0.6846150159835815,0.655273973941803,0.655273973941803,0.45959335565567017,327037
2014-02-07,0.655273973941803,0.6943950057029724,0.655273973941803,0.6846150159835815,0.48017245531082153,314316
2014-02-10,0.6846150159835815,0.6846150159835815,0.6650540232658386,0.6748350262641907,0.47331303358078003,134080
2014-02-11,0.6846150159835815,0.6943950057029724,0.6650540232658386,0.6846150159835815,0.48017245531082153,602668
2014-02-12,0.6846150159835815,0.6846150159835815,0.6748350262641907,0.6748350262641907,0.47331303358078003,128831
2014-02-13,0.6748350262641907,0.6943950057029724,0.6748350262641907,0.6943950057029724,0.48703187704086304,460112
2014-02-14,0.6748350262641907,0.6748350262641907,0.6748350262641907,0.6748350262641907,0.47331303358078003,30674
2014-02-17,0.6846150159835815,0.7041749954223633,0.6846150159835815,0.6943950057029724,0.48703187704086304,257662
2014-02-18,0.6846150159835815,0.6943950057029724,0.6846150159835815,0.6943950057029724,0.48703187704086304,492831
2014-02-19,0.6943950057029724,0.6943950057029724,0.6748350262641907,0.6846150159835815,0.48017245531082153,159505
2014-02-20,0.6748350262641907,0.6846150159835815,0.6748350262641907,0.6846150159835815,0.48017245531082153,59380
2014-02-21,0.6846150159835815,0.6846150159835815,0.6748350262641907,0.6748350262641907,0.47331303358078003,496921
2014-02-24,0.6748350262641907,0.6748350262641907,0.6748350262641907,0.6748350262641907,0.47331303358078003,0
2014-02-25,0.6846150159835815,0.6846150159835815,0.6650540232658386,0.6650540232658386,0.4664528965950012,118606
2014-02-26,0.6846150159835815,0.6650540232658386,0.6650540232658386,0.6650540232658386,0.4664528965950012,239258
2014-02-27,0.6650540232658386,0.6650540232658386,0.6650540232658386,0.6650540232658386,0.4664528965950012,48201
2014-02-28,0.6650540232658386,0.6650540232658386,0.655273973941803,0.655273973941803,0.45959335565567017,204494
2014-03-03,0.655273973941803,0.655273973941803,0.655273973941803,0.655273973941803,0.45959335565567017,124741
2014-03-04,0.6650540232658386,0.6650540232658386,0.655273973941803,0.655273973941803,0.45959335565567017,114516
2014-03-05,0.655273973941803,0.655273973941803,0.655273973941803,0.655273973941803,0.45959335565567017,92022
2014-03-06,0.655273973941803,0.655273973941803,0.655273973941803,0.655273973941803,0.45959335565567017,85887
2014-03-07,0.6454939842224121,0.655273973941803,0.6454939842224121,0.655273973941803,0.45959335565567017,40898
2014-03-10,0.6454939842224121,0.655273973941803,0.6454939842224121,0.655273973941803,0.45959335565567017,26584
2014-03-11,0.6748350262641907,0.7041749954223633,0.655273973941803,0.655273973941803,0.45959335565567017,474427
2014-03-12,0.6650540232658386,0.6650540232658386,0.6650540232658386,0.6650540232658386,0.4664528965950012,106337
2014-03-13,0.6650540232658386,0.6650540232658386,0.6454939842224121,0.655273973941803,0.45959335565567017,131898
2014-03-14,0.6454939842224121,0.6454939842224121,0.6454939842224121,0.6454939842224121,0.4527338743209839,236191
2014-03-17,0.6454939842224121,0.6454939842224121,0.6454939842224121,0.6454939842224121,0.4527338743209839,112471
2014-03-18,0.655273973941803,0.6650540232658386,0.655273973941803,0.655273973941803,0.45959335565567017,412201
2014-03-19,0.6454939842224121,0.6454939842224121,0.6454939842224121,0.6454939842224121,0.4527338743209839,94067
2014-03-20,0.6454939842224121,0.6454939842224121,0.6454939842224121,0.6454939842224121,0.4527338743209839,408988
2014-03-21,0.6357139945030212,0.6454939842224121,0.6357139945030212,0.6454939842224121,0.4527338743209839,452503
2014-03-24,0.6454939842224121,0.6454939842224121,0.6357139945030212,0.6454939842224121,0.4527338743209839,191202
2014-03-25,0.6357139945030212,0.6454939842224121,0.6357139945030212,0.6357139945030212,0.44587448239326477,63393
2014-03-26,0.6357139945030212,0.6357139945030212,0.6357139945030212,0.6357139945030212,0.44587448239326477,264820
2014-03-27,0.6357139945030212,0.6357139945030212,0.6357139945030212,0.6357139945030212,0.44587448239326477,139056
2014-03-28,0.6454939842224121,0.6454939842224121,0.6357139945030212,0.6454939842224121,0.4527338743209839,110426
2014-03-31,0.6454939842224121,0.6454939842224121,0.6454939842224121,0.6454939842224121,0.4527338743209839,26584
2014-04-01,0.6357139945030212,0.6454939842224121,0.6161530017852783,0.6454939842224121,0.4527338743209839,122696
2014-04-02,0.6454939842224121,0.6454939842224121,0.6357139945030212,0.6357139945030212,0.44587448239326477,61634
2014-04-03,0.6161530017852783,0.6357139945030212,0.6161530017852783,0.6357139945030212,0.44587448239326477,117443
2014-04-04,0.6357139945030212,0.6454939842224121,0.6357139945030212,0.6454939842224121,0.4527338743209839,74050
2014-04-07,0.6357139945030212,0.655273973941803,0.6357139945030212,0.6454939842224121,0.4527338743209839,262775
2014-04-08,0.6357139945030212,0.6454939842224121,0.6357139945030212,0.6454939842224121,0.4527338743209839,173820
2014-04-09,0.6454939842224121,0.6650540232658386,0.6357139945030212,0.6650540232658386,0.4664528965950012,560314
2014-04-10,0.6357139945030212,0.655273973941803,0.6357139945030212,0.655273973941803,0.45959335565567017,431483
2014-04-11,0.6454939842224121,0.655273973941803,0.6454939842224121,0.655273973941803,0.45959335565567017,218809
2014-04-14,0.6650540232658386,0.6650540232658386,0.6357139945030212,0.655273973941803,0.45959335565567017,237213
2014-04-15,0.655273973941803,0.655273973941803,0.655273973941803,0.655273973941803,0.45959335565567017,0
2014-04-16,0.655273973941803,0.655273973941803,0.6357139945030212,0.6357139945030212,0.44587448239326477,146213
2014-04-17,0.6357139945030212,0.655273973941803,0.6357139945030212,0.6357139945030212,0.44587448239326477,149280
2014-04-22,0.6357139945030212,0.6357139945030212,0.6259340047836304,0.6259340047836304,0.4390150308609009,153370
2014-04-23,0.6259340047836304,0.6259340047836304,0.6259340047836304,0.6259340047836304,0.4390150308609009,171775
2014-04-24,0.6259340047836304,0.6259340047836304,0.6259340047836304,0.6259340047836304,0.4390150308609009,15337
2014-04-25,0.6063730120658875,0.6259340047836304,0.6063730120658875,0.6259340047836304,0.4390150308609009,214719
2014-04-28,0.6063730120658875,0.6063730120658875,0.6063730120658875,0.6063730120658875,0.4252953827381134,85887
2014-04-29,0.6063730120658875,0.6161530017852783,0.5965930223464966,0.5965930223464966,0.4184359908103943,12269
2014-04-30,0.5868129730224609,0.6259340047836304,0.5868129730224609,0.6259340047836304,0.4390150308609009,70550
2014-05-02,0.5965930223464966,0.6161530017852783,0.5965930223464966,0.6063730120658875,0.4252953827381134,168707
2014-05-05,0.6063730120658875,0.6063730120658875,0.6063730120658875,0.6063730120658875,0.4252953827381134,51123
2014-05-07,0.6063730120658875,0.6063730120658875,0.5965930223464966,0.6063730120658875,0.4252953827381134,126786
2014-05-08,0.5868129730224609,0.5965930223464966,0.5868129730224609,0.5965930223464966,0.4184359908103943,106337
2014-05-09,0.5868129730224609,0.6161530017852783,0.5868129730224609,0.5868129730224609,0.41157644987106323,660516
2014-05-12,0.5868129730224609,0.5868129730224609,0.5868129730224609,0.5868129730224609,0.41157644987106323,71573
2014-05-13,0.5965930223464966,0.5965930223464966,0.5965930223464966,0.5965930223464966,0.4184359908103943,104292
2014-05-14,0.6161530017852783,0.6161530017852783,0.5965930223464966,0.6161530017852783,0.4321548044681549,96112
2014-05-15,0.6161530017852783,0.6259340047836304,0.5965930223464966,0.5965930223464966,0.4184359908103943,71573
2014-05-16,0.5965930223464966,0.5965930223464966,0.5965930223464966,0.5965930223464966,0.4184359908103943,30674
2014-05-19,0.5965930223464966,0.5965930223464966,0.5965930223464966,0.5965930223464966,0.4184359908103943,61348
2014-05-20,0.5868129730224609,0.5965930223464966,0.5868129730224609,0.5965930223464966,0.4184359908103943,96112
2014-05-21,0.5965930223464966,0.5965930223464966,0.5965930223464966,0.5965930223464966,0.4184359908103943,77707
2014-05-22,0.5868129730224609,0.5965930223464966,0.5868129730224609,0.5965930223464966,0.4184359908103943,252550
2014-05-23,0.5965930223464966,0.5965930223464966,0.5965930223464966,0.5965930223464966,0.4184359908103943,0
2014-05-26,0.5965930223464966,0.5965930223464966,0.5868129730224609,0.5965930223464966,0.4184359908103943,1401809
2014-05-27,0.5965930223464966,0.5965930223464966,0.5965930223464966,0.5965930223464966,0.4184359908103943,40898
2014-05-28,0.5868129730224609,0.6063730120658875,0.5868129730224609,0.5965930223464966,0.4184359908103943,75662
2014-05-29,0.6063730120658875,0.6063730120658875,0.6063730120658875,0.6063730120658875,0.4252953827381134,300606
2014-05-30,0.5868129730224609,0.5868129730224609,0.5868129730224609,0.5868129730224609,0.41157644987106323,30674
2014-06-03,0.5868129730224609,0.5965930223464966,0.5868129730224609,0.5965930223464966,0.4184359908103943,65438
2014-06-04,0.5965930223464966,0.5965930223464966,0.5965930223464966,0.5965930223464966,0.4184359908103943,0
2014-06-05,0.5965930223464966,0.5965930223464966,0.5965930223464966,0.5965930223464966,0.4184359908103943,0
2014-06-06,0.5965930223464966,0.5965930223464966,0.5868129730224609,0.5965930223464966,0.4184359908103943,21471
2014-06-09,0.5770320296287537,0.5770320296287537,0.5770320296287537,0.5770320296287537,0.4047163426876068,280157
2014-06-10,0.5868129730224609,0.5868129730224609,0.5868129730224609,0.5868129730224609,0.41157644987106323,325146
2014-06-11,0.5868129730224609,0.5868129730224609,0.5868129730224609,0.5868129730224609,0.41157644987106323,94067
2014-06-12,0.5868129730224609,0.5868129730224609,0.5868129730224609,0.5868129730224609,0.41157644987106323,20449
2014-06-13,0.5965930223464966,0.7628570199012756,0.5965930223464966,0.7237359881401062,0.5076109170913696,7223174
2014-06-16,0.9780210256576538,1.046483039855957,0.8802189826965332,1.046483039855957,0.7339779138565063,55646638
2014-06-17,1.0269219875335693,1.0269219875335693,0.9389010071754456,0.9486809968948364,0.6653819680213928,10993982
2014-06-18,0.9486809968948364,0.9878020286560059,0.9095600247383118,0.9682409763336182,0.6791008710861206,5863581
2014-06-19,0.9780210256576538,0.9780210256576538,0.9095600247383118,0.9193400144577026,0.6448028683662415,3371090
2014-06-20,0.9291200041770935,0.9780210256576538,0.9193400144577026,0.9291200041770935,0.6516623497009277,3127876
2014-06-23,0.9389010071754456,0.9878020286560059,0.9291200041770935,0.9486809968948364,0.6653819680213928,8672312
2014-06-24,0.9389010071754456,0.9584609866142273,0.9389010071754456,0.9584609866142273,0.6722413897514343,2063348
2014-06-25,0.9584609866142273,0.9584609866142273,0.9291200041770935,0.9291200041770935,0.6516623497009277,898241
2014-06-26,0.9291200041770935,0.9486809968948364,0.9291200041770935,0.9389010071754456,0.6585224866867065,548044
2014-06-27,0.9291200041770935,0.9682409763336182,0.9291200041770935,0.9389010071754456,0.6585224866867065,1476449
2014-06-30,0.9291200041770935,0.9291200041770935,0.8313180208206177,0.8508790135383606,0.5967860221862793,3455955
2014-07-02,0.8508790135383606,0.8899989724159241,0.8313180208206177,0.8508790135383606,0.5967860221862793,2242006
2014-07-03,0.8508790135383606,0.8606590032577515,0.8313180208206177,0.8410980105400085,0.5899258255958557,3458000
2014-07-04,0.8606590032577515,0.8606590032577515,0.8313180208206177,0.8313180208206177,0.5830663442611694,1290359
2014-07-07,0.821537971496582,0.8606590032577515,0.8117579817771912,0.8410980105400085,0.5899258255958557,667674
2014-07-08,0.8117579817771912,0.9291200041770935,0.8117579817771912,0.9291200041770935,0.6516623497009277,4099235
2014-07-09,0.9389010071754456,0.9486809968948364,0.8997799754142761,0.9486809968948364,0.6653819680213928,4735067
2014-07-10,0.9584609866142273,1.2127469778060913,0.9193400144577026,1.1540650129318237,0.8094332814216614,36677431
2014-07-11,1.134505033493042,1.1931860446929932,1.085603952407837,1.1247249841690063,0.7888549566268921,16695931
2014-07-14,1.1247249841690063,1.1247249841690063,1.0171420574188232,1.085603952407837,0.7614164352416992,5329124
2014-07-15,1.0758240222930908,1.1149439811706543,1.046483039855957,1.085603952407837,0.7614164352416992,2349640
2014-07-16,1.085603952407837,1.144284963607788,1.0660430192947388,1.0660430192947388,0.7476968169212341,2963269
2014-07-17,1.0758240222930908,1.2029659748077393,1.0758240222930908,1.134505033493042,0.7957144379615784,20407160
2014-07-18,1.0953840017318726,1.144284963607788,1.0953840017318726,1.0953840017318726,0.7682759165763855,2366000
2014-07-21,1.1149439811706543,1.1540650129318237,1.0758240222930908,1.0758240222930908,0.7545570135116577,4265753
2014-07-22,1.1149439811706543,1.1149439811706543,1.0073620080947876,1.0171420574188232,0.7133988738059998,8686949
2014-07-23,1.0367029905319214,1.046483039855957,1.0171420574188232,1.0367029905319214,0.7271184325218201,1327168
2014-07-24,1.0562629699707031,1.0562629699707031,1.0073620080947876,1.0562629699707031,0.7408373951911926,1905887
2014-07-25,1.0367029905319214,1.1051640510559082,1.0171420574188232,1.0758240222930908,0.7545570135116577,4147146
2014-07-28,1.0758240222930908,1.1149439811706543,1.0562629699707031,1.085603952407837,0.7614164352416992,1033719
2014-07-29,1.085603952407837,1.1149439811706543,1.0660430192947388,1.0953840017318726,0.7682759165763855,915112
2014-07-30,1.1638460159301758,1.2029659748077393,1.0953840017318726,1.1051640510559082,0.775135338306427,15097956
2014-07-31,1.1051640510559082,1.144284963607788,1.0953840017318726,1.1051640510559082,0.775135338306427,1684011
2014-08-01,1.085603952407837,1.144284963607788,1.085603952407837,1.0953840017318726,0.7682759165763855,3108314
2014-08-04,1.1051640510559082,1.1540650129318237,1.0953840017318726,1.1149439811706543,0.7819948196411133,2975393
2014-08-05,1.1247249841690063,1.134505033493042,1.1051640510559082,1.1247249841690063,0.7888549566268921,985663
2014-08-06,1.134505033493042,1.134505033493042,1.1051640510559082,1.1149439811706543,0.7819948196411133,1321033
2014-08-07,1.1051640510559082,1.1247249841690063,0.9975820183753967,1.0269219875335693,0.720258355140686,6043831
2014-08-08,1.046483039855957,1.085603952407837,1.0171420574188232,1.0562629699707031,0.7408373951911926,1431460
2014-08-11,1.0660430192947388,1.0758240222930908,0.9584609866142273,0.9682409763336182,0.6791008710861206,8801438
2014-08-12,0.9780210256576538,1.0073620080947876,0.9682409763336182,0.9780210256576538,0.6859602928161621,7213657
2014-08-13,0.9780210256576538,0.9878020286560059,0.8899989724159241,0.9095600247383118,0.6379434466362,7312719
2014-08-14,0.9291200041770935,0.9780210256576538,0.9095600247383118,0.9486809968948364,0.6653819680213928,2525505
2014-08-15,0.9486809968948364,0.9975820183753967,0.9389010071754456,0.9780210256576538,0.6859602928161621,2744314
2014-08-18,0.9584609866142273,0.9878020286560059,0.9291200041770935,0.9780210256576538,0.6859602928161621,1625730
2014-08-19,0.9682409763336182,1.0171420574188232,0.9486809968948364,1.0073620080947876,0.7065393924713135,2601168
2014-08-20,1.0073620080947876,1.0367029905319214,0.9878020286560059,0.9975820183753967,0.699679970741272,2407921
2014-08-21,0.9780210256576538,1.0171420574188232,0.9780210256576538,0.9975820183753967,0.699679970741272,1353752
2014-08-22,0.9780210256576538,1.0171420574188232,0.9780210256576538,0.9878020286560059,0.6928204894065857,1629820
2014-08-25,0.9780210256576538,0.9975820183753967,0.9584609866142273,0.9780210256576538,0.6859602928161621,981277
2014-08-26,0.9780210256576538,0.9780210256576538,0.9193400144577026,0.9486809968948364,0.6653819680213928,1328191
2014-08-27,0.9486809968948364,0.9878020286560059,0.9389010071754456,0.9486809968948364,0.6653819680213928,2439618
2014-08-28,0.9878020286560059,0.9878020286560059,0.9389010071754456,0.9486809968948364,0.6653819680213928,2447797
2014-08-29,0.9389010071754456,0.9584609866142273,0.9389010071754456,0.9486809968948364,0.6653819680213928,182000
2014-09-01,0.9486809968948364,1.0562629699707031,0.9389010071754456,1.046483039855957,0.7339779138565063,5345483
2014-09-02,1.0269219875335693,1.0367029905319214,0.9780210256576538,1.0073620080947876,0.7065393924713135,5478404
2014-09-03,0.9975820183753967,1.0171420574188232,0.9878020286560059,1.0073620080947876,0.7065393924713135,2139011
2014-09-04,0.9878020286560059,1.0758240222930908,0.9780210256576538,1.0367029905319214,0.7271184325218201,5100090
2014-09-05,1.0367029905319214,1.046483039855957,1.0171420574188232,1.0269219875335693,0.720258355140686,1592134
2014-09-08,1.0171420574188232,1.0269219875335693,0.9878020286560059,0.9975820183753967,0.699679970741272,1924292
2014-09-10,1.0171420574188232,1.0171420574188232,0.9682409763336182,0.9780210256576538,0.6859602928161621,3065371
2014-09-11,0.9780210256576538,1.0073620080947876,0.9780210256576538,0.9878020286560059,0.6928204894065857,1269910
2014-09-12,1.1247249841690063,1.1834059953689575,1.046483039855957,1.0660430192947388,0.7476968169212341,40081924
2014-09-15,1.0660430192947388,1.0660430192947388,1.0367029905319214,1.0367029905319214,0.7271184325218201,3096045
2014-09-16,1.046483039855957,1.1247249841690063,1.046483039855957,1.1051640510559082,0.775135338306427,9690989
2014-09-17,1.1149439811706543,1.1247249841690063,1.0758240222930908,1.085603952407837,0.7614164352416992,6048944
2014-09-18,1.085603952407837,1.0953840017318726,1.0660430192947388,1.0758240222930908,0.7545570135116577,2748404
2014-09-19,1.085603952407837,1.085603952407837,1.0758240222930908,1.0758240222930908,0.7545570135116577,2629797
2014-09-22,1.0758240222930908,1.0758240222930908,1.0562629699707031,1.0562629699707031,0.7408373951911926,1250483
2014-09-23,1.0562629699707031,1.1051640510559082,1.0367029905319214,1.0758240222930908,0.7545570135116577,5418079
2014-09-24,1.0660430192947388,1.0758240222930908,1.0562629699707031,1.0758240222930908,0.7545570135116577,2707211
2014-09-25,1.0758240222930908,1.0758240222930908,1.0367029905319214,1.0562629699707031,0.7408373951911926,1963146
2014-09-26,1.0367029905319214,1.0660430192947388,1.0367029905319214,1.046483039855957,0.7339779138565063,1126764
2014-09-29,1.0269219875335693,1.0269219875335693,0.9389010071754456,0.9878020286560059,0.6928204894065857,4403492
2014-09-30,0.9780210256576538,0.9975820183753967,0.9389010071754456,0.9584609866142273,0.6722413897514343,2089932
2014-10-03,0.9389010071754456,0.9389010071754456,0.8997799754142761,0.9095600247383118,0.6379434466362,2688078
2014-10-06,0.9095600247383118,0.9584609866142273,0.9095600247383118,0.9486809968948364,0.6653819680213928,640067
2014-10-07,0.9389010071754456,0.9584609866142273,0.9291200041770935,0.9584609866142273,0.6722413897514343,867056
2014-10-08,0.9584609866142273,1.0073620080947876,0.9584609866142273,0.9878020286560059,0.6928204894065857,2826112
2014-10-09,1.0171420574188232,1.0269219875335693,1.0073620080947876,1.0171420574188232,0.7133988738059998,3586831
2014-10-10,0.9878020286560059,1.046483039855957,0.9780210256576538,1.0367029905319214,0.7271184325218201,3138990
2014-10-13,1.0269219875335693,1.0367029905319214,1.0073620080947876,1.0171420574188232,0.7133988738059998,1258664
2014-10-14,0.9975820183753967,1.0171420574188232,0.9975820183753967,0.9975820183753967,0.699679970741272,1286269
2014-10-15,0.9975820183753967,1.046483039855957,0.9878020286560059,1.0269219875335693,0.720258355140686,2063348
2014-10-16,1.0073620080947876,1.0073620080947876,0.9878020286560059,1.0073620080947876,0.7065393924713135,1631865
2014-10-17,1.0171420574188232,1.0171420574188232,0.9975820183753967,0.9975820183753967,0.699679970741272,644157
2014-10-20,1.0073620080947876,1.0171420574188232,0.9975820183753967,1.0171420574188232,0.7133988738059998,967258
2014-10-21,1.0269219875335693,1.0269219875335693,0.9975820183753967,1.0073620080947876,0.7065393924713135,257662
2014-10-22,1.0073620080947876,1.0953840017318726,1.0073620080947876,1.0660430192947388,0.7476968169212341,8635798
2014-10-23,1.0660430192947388,1.0660430192947388,1.0269219875335693,1.0269219875335693,0.720258355140686,1905887
2014-10-24,1.0269219875335693,1.0660430192947388,1.0269219875335693,1.0660430192947388,0.7476968169212341,1867033
2014-10-27,1.046483039855957,1.046483039855957,1.0269219875335693,1.0367029905319214,0.7271184325218201,1634932
2014-10-28,1.0367029905319214,1.046483039855957,1.0171420574188232,1.0367029905319214,0.7271184325218201,1148381
2014-10-29,1.0367029905319214,1.046483039855957,0.9780210256576538,1.0073620080947876,0.7065393924713135,4252461
2014-10-30,1.0073620080947876,1.0073620080947876,0.9878020286560059,1.0073620080947876,0.7065393924713135,963168
2014-10-31,1.0073620080947876,1.0171420574188232,0.9682409763336182,0.9682409763336182,0.6791008710861206,4018314
2014-11-03,0.9878020286560059,1.0073620080947876,0.9682409763336182,0.9975820183753967,0.699679970741272,2464157
2014-11-04,0.9975820183753967,0.9975820183753967,0.9878020286560059,0.9878020286560059,0.6928204894065857,509191
2014-11-05,0.9878020286560059,0.9975820183753967,0.9878020286560059,0.9975820183753967,0.699679970741272,599168
2014-11-06,1.0073620080947876,1.0073620080947876,0.9878020286560059,0.9975820183753967,0.699679970741272,1327168
2014-11-07,0.9975820183753967,0.9975820183753967,0.9780210256576538,0.9878020286560059,0.6928204894065857,730045
2014-11-10,0.9780210256576538,1.0073620080947876,0.9584609866142273,0.9780210256576538,0.6859602928161621,3424258
2014-11-11,0.9682409763336182,0.9780210256576538,0.9584609866142273,0.9682409763336182,0.6791008710861206,785258
2014-11-12,0.9780210256576538,0.9975820183753967,0.9682409763336182,0.9780210256576538,0.6859602928161621,1838404
2014-11-13,0.9780210256576538,0.9780210256576538,0.9682409763336182,0.9682409763336182,0.6791008710861206,1104269
2014-11-14,0.9682409763336182,0.9682409763336182,0.9389010071754456,0.9486809968948364,0.6653819680213928,1534730
2014-11-17,0.9486809968948364,0.9682409763336182,0.9389010071754456,0.9682409763336182,0.6791008710861206,734134
2014-11-18,0.9584609866142273,0.9682409763336182,0.9486809968948364,0.9584609866142273,0.6722413897514343,750494
2014-11-19,0.9780210256576538,0.9780210256576538,0.9584609866142273,0.9584609866142273,0.6722413897514343,646202
2014-11-20,0.9584609866142273,0.9584609866142273,0.9389010071754456,0.9486809968948364,0.6653819680213928,1357842
2014-11-21,0.9486809968948364,0.9584609866142273,0.9486809968948364,0.9486809968948364,0.6653819680213928,566449
2014-11-24,0.9291200041770935,0.9682409763336182,0.9291200041770935,0.9389010071754456,0.6585224866867065,658471
2014-11-25,0.9291200041770935,0.9389010071754456,0.9291200041770935,0.9389010071754456,0.6585224866867065,222898
2014-11-26,0.9389010071754456,0.9389010071754456,0.9389010071754456,0.9389010071754456,0.6585224866867065,357685
2014-11-27,0.9291200041770935,0.9389010071754456,0.9193400144577026,0.9291200041770935,0.6516623497009277,359910
2014-11-28,0.9291200041770935,0.9389010071754456,0.9291200041770935,0.9291200041770935,0.6516623497009277,431483
2014-12-01,0.9095600247383118,0.9193400144577026,0.8899989724159241,0.8997799754142761,0.6310839653015137,662561
2014-12-02,0.8997799754142761,0.8997799754142761,0.8802189826965332,0.8802189826965332,0.6173643469810486,744359
2014-12-03,0.8508790135383606,0.8704389929771423,0.821537971496582,0.821537971496582,0.5762069225311279,1530640
2014-12-04,0.821537971496582,0.8606590032577515,0.8117579817771912,0.8313180208206177,0.5830663442611694,1580741
2014-12-05,0.8410980105400085,0.8606590032577515,0.8313180208206177,0.8313180208206177,0.5830663442611694,605303
2014-12-08,0.8410980105400085,0.9095600247383118,0.7824169993400574,0.8508790135383606,0.5967860221862793,5333941
2014-12-09,0.8508790135383606,0.8508790135383606,0.7921969890594482,0.8019769787788391,0.5624872446060181,2369794
2014-12-10,0.7921969890594482,0.8117579817771912,0.7824169993400574,0.8117579817771912,0.5693473219871521,631887
2014-12-11,0.7824169993400574,0.821537971496582,0.7824169993400574,0.821537971496582,0.5762069225311279,809797
2014-12-12,0.821537971496582,0.821537971496582,0.7824169993400574,0.7921969890594482,0.5556278824806213,1116539
2014-12-15,0.7824169993400574,0.8117579817771912,0.7726370096206665,0.8019769787788391,0.5624872446060181,654382
2014-12-16,0.8019769787788391,0.8019769787788391,0.7726370096206665,0.7726370096206665,0.5419089794158936,143146
2014-12-17,0.7726370096206665,0.7726370096206665,0.7432960271835327,0.7530760169029236,0.5281893014907837,488741
2014-12-18,0.7628570199012756,0.7726370096206665,0.7432960271835327,0.7628570199012756,0.5350494980812073,543955
2014-12-19,0.7726370096206665,0.7726370096206665,0.7432960271835327,0.7628570199012756,0.5350494980812073,300606
2014-12-22,0.7432960271835327,0.7921969890594482,0.7335159778594971,0.7824169993400574,0.5487683415412903,615528
2014-12-23,0.7530760169029236,0.7921969890594482,0.7530760169029236,0.7824169993400574,0.5487683415412903,76685
2014-12-24,0.7530760169029236,0.7726370096206665,0.7530760169029236,0.7726370096206665,0.5419089794158936,151325
2014-12-29,0.7726370096206665,0.7726370096206665,0.7432960271835327,0.7628570199012756,0.5350494980812073,574629
2014-12-30,0.7628570199012756,0.7628570199012756,0.7432960271835327,0.7432960271835327,0.5213298797607422,347640
2014-12-31,0.7335159778594971,0.7432960271835327,0.7335159778594971,0.7432960271835327,0.5213298797607422,132921
2015-01-02,0.7432960271835327,0.7530760169029236,0.7432960271835327,0.7530760169029236,0.5281893014907837,128831
2015-01-05,0.7530760169029236,0.7628570199012756,0.7530760169029236,0.7628570199012756,0.5350494980812073,208584
2015-01-06,0.7530760169029236,0.7530760169029236,0.7432960271835327,0.7530760169029236,0.5281893014907837,134966
2015-01-07,0.7530760169029236,0.7628570199012756,0.7335159778594971,0.7628570199012756,0.5350494980812073,228011
2015-01-08,0.7432960271835327,0.8117579817771912,0.7432960271835327,0.8117579817771912,0.5693473219871521,1429415
2015-01-09,0.8117579817771912,0.821537971496582,0.7824169993400574,0.821537971496582,0.5762069225311279,1163573
2015-01-12,0.8313180208206177,0.8704389929771423,0.821537971496582,0.8410980105400085,0.5899258255958557,2269887
2015-01-13,0.8410980105400085,0.8508790135383606,0.8410980105400085,0.8508790135383606,0.5967860221862793,398764
2015-01-14,0.8606590032577515,0.8704389929771423,0.8313180208206177,0.8410980105400085,0.5899258255958557,406943
2015-01-15,0.8313180208206177,0.8313180208206177,0.821537971496582,0.8313180208206177,0.5830663442611694,554179
2015-01-16,0.8508790135383606,0.8802189826965332,0.8410980105400085,0.8606590032577515,0.6036454439163208,1648224
2015-01-19,0.8704389929771423,0.8704389929771423,0.8410980105400085,0.8704389929771423,0.6105048656463623,1875213
2015-01-20,0.8899989724159241,0.9878020286560059,0.8802189826965332,0.9682409763336182,0.6791008710861206,6629656
2015-01-21,0.9780210256576538,0.9780210256576538,0.9193400144577026,0.9584609866142273,0.6722413897514343,3716685
2015-01-22,0.9584609866142273,0.9584609866142273,0.9389010071754456,0.9584609866142273,0.6722413897514343,2228988
2015-01-23,0.9486809968948364,0.9682409763336182,0.9389010071754456,0.9486809968948364,0.6653819680213928,2207517
2015-01-26,0.9486809968948364,0.9878020286560059,0.9486809968948364,0.9682409763336182,0.6791008710861206,1471337
2015-01-27,0.9780210256576538,0.9780210256576538,0.9486809968948364,0.9682409763336182,0.6791008710861206,561337
2015-01-28,0.9584609866142273,1.0073620080947876,0.9486809968948364,0.9878020286560059,0.6928204894065857,1937584
2015-01-29,0.9878020286560059,0.9878020286560059,0.9682409763336182,0.9878020286560059,0.6928204894065857,1654359
2015-01-30,0.9878020286560059,1.0953840017318726,0.9878020286560059,1.0367029905319214,0.7271184325218201,8650215
2015-02-02,1.046483039855957,1.046483039855957,0.8313180208206177,0.8508790135383606,0.5967860221862793,14033428
2015-02-03,0.8410980105400085,0.8410980105400085,0.7921969890594482,0.8019769787788391,0.5624872446060181,5285253
2015-02-04,0.8313180208206177,0.8606590032577515,0.7628570199012756,0.7726370096206665,0.5419089794158936,12823843
2015-02-05,0.7921969890594482,0.8019769787788391,0.7432960271835327,0.7921969890594482,0.5556278824806213,4597034
2015-02-06,0.8019769787788391,0.8019769787788391,0.7335159778594971,0.7432960271835327,0.5213298797607422,3838359
2015-02-09,0.7432960271835327,0.7726370096206665,0.7335159778594971,0.7628570199012756,0.5350494980812073,1722865
2015-02-10,0.7041749954223633,0.7237359881401062,0.6748350262641907,0.6943950057029724,0.48703187704086304,9447641
2015-02-11,0.6943950057029724,0.7237359881401062,0.6943950057029724,0.7041749954223633,0.49389132857322693,3281010
2015-02-12,0.7041749954223633,0.7237359881401062,0.7041749954223633,0.7041749954223633,0.49389132857322693,1075640
2015-02-13,0.7041749954223633,0.7139549851417542,0.7041749954223633,0.7041749954223633,0.49389132857322693,1004067
2015-02-16,0.7041749954223633,0.7139549851417542,0.6943950057029724,0.7041749954223633,0.49389132857322693,1762741
2015-02-17,0.7041749954223633,0.7041749954223633,0.6943950057029724,0.7041749954223633,0.49389132857322693,795483
2015-02-18,0.7041749954223633,0.7041749954223633,0.6943950057029724,0.7041749954223633,0.49389132857322693,576674
2015-02-23,0.7041749954223633,0.7726370096206665,0.7041749954223633,0.7628570199012756,0.5350494980812073,7915978
2015-02-24,0.7726370096206665,0.7921969890594482,0.7432960271835327,0.7726370096206665,0.5419089794158936,6672652
2015-02-25,0.7726370096206665,0.821537971496582,0.7530760169029236,0.7921969890594482,0.5556278824806213,6699236
2015-02-26,0.7824169993400574,0.8117579817771912,0.7824169993400574,0.7921969890594482,0.5556278824806213,2044944
2015-02-27,0.7921969890594482,0.821537971496582,0.7726370096206665,0.7921969890594482,0.5556278824806213,2764764
2015-03-02,0.7824169993400574,0.7824169993400574,0.7726370096206665,0.7726370096206665,0.5419089794158936,914089
2015-03-03,0.7726370096206665,0.7726370096206665,0.7628570199012756,0.7628570199012756,0.5350494980812073,338438
2015-03-04,0.7628570199012756,0.7628570199012756,0.7335159778594971,0.7432960271835327,0.5213298797607422,1435550
2015-03-05,0.7432960271835327,0.7432960271835327,0.7139549851417542,0.7237359881401062,0.5076109170913696,3619550
2015-03-06,0.7237359881401062,0.7432960271835327,0.7139549851417542,0.7237359881401062,0.5076109170913696,2353730
2015-03-09,0.7237359881401062,0.7530760169029236,0.7139549851417542,0.7237359881401062,0.5076109170913696,3472314
2015-03-10,0.7237359881401062,0.7432960271835327,0.7139549851417542,0.7335159778594971,0.5144703984260559,2664562
2015-03-11,0.7237359881401062,0.7432960271835327,0.7237359881401062,0.7335159778594971,0.5144703984260559,3518326
2015-03-12,0.7335159778594971,0.7530760169029236,0.7237359881401062,0.7335159778594971,0.5144703984260559,1885438
2015-03-13,0.7335159778594971,0.7432960271835327,0.7237359881401062,0.7335159778594971,0.5144703984260559,2046988
2015-03-16,0.7335159778594971,0.7432960271835327,0.7237359881401062,0.7237359881401062,0.5076109170913696,282202
2015-03-17,0.7237359881401062,0.7824169993400574,0.7237359881401062,0.7628570199012756,0.5350494980812073,3568427
2015-03-18,0.7628570199012756,0.7824169993400574,0.7530760169029236,0.7726370096206665,0.5419089794158936,2427348
2015-03-19,0.7726370096206665,0.7824169993400574,0.7628570199012756,0.7824169993400574,0.5487683415412903,1096089
2015-03-20,0.7824169993400574,0.8313180208206177,0.7824169993400574,0.8019769787788391,0.5624872446060181,7241698
2015-03-23,0.8117579817771912,0.821537971496582,0.8019769787788391,0.8019769787788391,0.5624872446060181,1785236
2015-03-24,0.8019769787788391,0.8117579817771912,0.7921969890594482,0.8019769787788391,0.5624872446060181,1428393
2015-03-25,0.8019769787788391,0.8117579817771912,0.7824169993400574,0.7824169993400574,0.5487683415412903,2023472
2015-03-26,0.7921969890594482,0.7921969890594482,0.7824169993400574,0.7824169993400574,0.5487683415412903,1609370
2015-03-27,0.7824169993400574,0.7921969890594482,0.7824169993400574,0.7824169993400574,0.5487683415412903,773500
2015-03-30,0.7726370096206665,0.7824169993400574,0.7628570199012756,0.7824169993400574,0.5487683415412903,2191590
2015-03-31,0.7824169993400574,0.7824169993400574,0.7628570199012756,0.7628570199012756,0.5350494980812073,1719797
2015-04-01,0.7726370096206665,0.7824169993400574,0.7628570199012756,0.7628570199012756,0.5350494980812073,1268887
2015-04-02,0.7628570199012756,0.7726370096206665,0.7628570199012756,0.7726370096206665,0.5419089794158936,799573
2015-04-08,0.7628570199012756,0.7921969890594482,0.7530760169029236,0.7726370096206665,0.5419089794158936,3065371
2015-04-09,0.7726370096206665,0.7921969890594482,0.7628570199012756,0.7824169993400574,0.5487683415412903,2130831
2015-04-10,0.7921969890594482,0.8606590032577515,0.7921969890594482,0.8606590032577515,0.6036454439163208,15922515
2015-04-13,0.8508790135383606,0.8508790135383606,0.8117579817771912,0.8313180208206177,0.5830663442611694,8531506
2015-04-14,0.8313180208206177,0.8899989724159241,0.8313180208206177,0.8899989724159241,0.6242237687110901,13425057
2015-04-15,0.8899989724159241,0.8899989724159241,0.8606590032577515,0.8899989724159241,0.6242237687110901,5384337
2015-04-16,0.8899989724159241,0.9975820183753967,0.8899989724159241,0.9780210256576538,0.6859602928161621,15979192
2015-04-17,0.9780210256576538,0.9780210256576538,0.9193400144577026,0.9389010071754456,0.6585224866867065,5740311
2015-04-20,0.9291200041770935,0.9780210256576538,0.8997799754142761,0.9291200041770935,0.6516623497009277,9447641
2015-04-21,0.9291200041770935,1.0171420574188232,0.9291200041770935,1.0073620080947876,0.7065393924713135,5989640
2015-04-22,0.9780210256576538,1.0073620080947876,0.9780210256576538,0.9780210256576538,0.6859602928161621,4880084
2015-04-23,0.9878020286560059,1.0171420574188232,0.9486809968948364,0.9780210256576538,0.6859602928161621,4811595
2015-04-24,0.9780210256576538,0.9780210256576538,0.9486809968948364,0.9682409763336182,0.6791008710861206,2048011
2015-04-27,0.9584609866142273,0.9780210256576538,0.9584609866142273,0.9584609866142273,0.6722413897514343,1359887
2015-04-28,0.9584609866142273,0.9780210256576538,0.9389010071754456,0.9486809968948364,0.6653819680213928,3617505
2015-04-29,0.9682409763336182,1.0562629699707031,0.9584609866142273,1.0171420574188232,0.7133988738059998,10024278
2015-04-30,1.0073620080947876,1.0562629699707031,0.9975820183753967,1.0171420574188232,0.7133988738059998,4226911
2015-05-04,1.0171420574188232,1.0269219875335693,0.9975820183753967,1.0171420574188232,0.7133988738059998,1320011
2015-05-05,1.0171420574188232,1.0367029905319214,0.9486809968948364,0.9682409763336182,0.6791008710861206,4207735
2015-05-06,0.9486809968948364,0.9975820183753967,0.9486809968948364,0.9486809968948364,0.6653819680213928,2204449
2015-05-07,0.9486809968948364,0.9780210256576538,0.9095600247383118,0.9193400144577026,0.6448028683662415,3341438
2015-05-08,0.9291200041770935,0.9486809968948364,0.9193400144577026,0.9389010071754456,0.6585224866867065,1206516
2015-05-11,0.9389010071754456,0.9486809968948364,0.9291200041770935,0.9291200041770935,0.6516623497009277,976730
2015-05-12,0.9291200041770935,0.9780210256576538,0.9193400144577026,0.9389010071754456,0.6585224866867065,1257640
2015-05-13,0.9389010071754456,0.9389010071754456,0.8997799754142761,0.9095600247383118,0.6379434466362,1619595
2015-05-14,0.9193400144577026,0.9193400144577026,0.9095600247383118,0.9095600247383118,0.6379434466362,758674
2015-05-15,0.9095600247383118,0.9291200041770935,0.8899989724159241,0.9291200041770935,0.6516623497009277,1552112
2015-05-18,0.9291200041770935,0.9584609866142273,0.9193400144577026,0.9389010071754456,0.6585224866867065,1180955
2015-05-19,0.9389010071754456,0.9486809968948364,0.9291200041770935,0.9291200041770935,0.6516623497009277,1136988
2015-05-20,0.9291200041770935,0.9291200041770935,0.9095600247383118,0.9193400144577026,0.6448028683662415,709595
2015-05-21,0.8997799754142761,0.9291200041770935,0.8997799754142761,0.9095600247383118,0.6379434466362,582809
2015-05-22,0.9193400144577026,0.9780210256576538,0.9193400144577026,0.9389010071754456,0.6585224866867065,4418101
2015-05-26,0.9584609866142273,0.9975820183753967,0.9291200041770935,0.9878020286560059,0.6928204894065857,6040464
2015-05-27,0.9878020286560059,0.9878020286560059,0.9682409763336182,0.9878020286560059,0.6928204894065857,2382359
2015-05-28,0.9878020286560059,0.9975820183753967,0.9291200041770935,0.9584609866142273,0.6722413897514343,7753405
2015-05-29,0.9584609866142273,0.9584609866142273,0.9291200041770935,0.9389010071754456,0.6585224866867065,3642045
2015-06-01,0.9389010071754456,0.9975820183753967,0.9389010071754456,0.9878020286560059,0.6928204894065857,3383359
2015-06-02,0.9878020286560059,1.0367029905319214,0.9878020286560059,1.0073620080947876,0.7065393924713135,4051034
2015-06-03,1.0171420574188232,1.0171420574188232,0.9878020286560059,0.9975820183753967,0.699679970741272,2108337
2015-06-04,0.9878020286560059,1.2518680095672607,0.9878020286560059,1.1638460159301758,0.816293478012085,60028427
2015-06-05,1.1736259460449219,1.232306957244873,1.1051640510559082,1.1540650129318237,0.8094332814216614,27382863
2015-06-08,1.1736259460449219,1.3301090002059937,1.1736259460449219,1.2616480588912964,0.8848894834518433,32704078
2015-06-09,1.2714279890060425,1.2909879684448242,1.1149439811706543,1.1540650129318237,0.8094332814216614,15189844
2015-06-10,1.1540650129318237,1.1931860446929932,1.0758240222930908,1.1051640510559082,0.775135338306427,7787146
2015-06-11,1.1051640510559082,1.134505033493042,1.085603952407837,1.1051640510559082,0.775135338306427,3781101
2015-06-12,1.1051640510559082,1.1931860446929932,1.085603952407837,1.134505033493042,0.7957144379615784,7202292
2015-06-15,1.134505033493042,1.1540650129318237,1.0953840017318726,1.1247249841690063,0.7888549566268921,3744292
2015-06-16,1.1540650129318237,1.2420870065689087,1.1540650129318237,1.1931860446929932,0.8368719816207886,13273731
2015-06-17,1.1931860446929932,1.1931860446929932,1.1540650129318237,1.1736259460449219,0.8231528997421265,2438595
2015-06-18,1.1736259460449219,1.1931860446929932,1.134505033493042,1.144284963607788,0.8025738596916199,3809730
2015-06-19,1.1247249841690063,1.144284963607788,1.1149439811706543,1.1247249841690063,0.7888549566268921,2617528
2015-06-22,1.1051640510559082,1.1149439811706543,1.0171420574188232,1.0562629699707031,0.7408373951911926,4120562
2015-06-23,1.0562629699707031,1.0562629699707031,1.0171420574188232,1.0171420574188232,0.7133988738059998,2390830
2015-06-24,1.0171420574188232,1.0758240222930908,1.0171420574188232,1.0367029905319214,0.7271184325218201,2468247
2015-06-25,1.046483039855957,1.1149439811706543,1.046483039855957,1.085603952407837,0.7614164352416992,3468225
2015-06-26,1.0660430192947388,1.0660430192947388,1.0171420574188232,1.0367029905319214,0.7271184325218201,2536878
2015-06-29,1.0171420574188232,1.0171420574188232,0.9193400144577026,0.9486809968948364,0.6653819680213928,3372112
2015-06-30,0.9780210256576538,0.9878020286560059,0.9193400144577026,0.9584609866142273,0.6722413897514343,2605258
2015-07-02,0.9486809968948364,0.9584609866142273,0.8997799754142761,0.9095600247383118,0.6379434466362,2169685
2015-07-03,0.9095600247383118,0.9291200041770935,0.8117579817771912,0.821537971496582,0.5762069225311279,5343438
2015-07-06,0.821537971496582,0.821537971496582,0.821537971496582,0.821537971496582,0.5762069225311279,0
2015-07-07,0.821537971496582,0.821537971496582,0.821537971496582,0.821537971496582,0.5762069225311279,0
2015-07-08,0.821537971496582,0.821537971496582,0.821537971496582,0.821537971496582,0.5762069225311279,0
2015-07-09,0.5574719905853271,0.655273973941803,0.5476920008659363,0.6259340047836304,0.4390150308609009,58877244
2015-07-10,0.6357139945030212,0.6943950057029724,0.6259340047836304,0.6454939842224121,0.4527338743209839,21254125
2015-07-13,0.655273973941803,0.6650540232658386,0.6454939842224121,0.655273973941803,0.45959335565567017,10682787
2015-07-14,0.6650540232658386,0.6650540232658386,0.6454939842224121,0.655273973941803,0.45959335565567017,11439437
2015-07-15,0.655273973941803,0.7530760169029236,0.655273973941803,0.7237359881401062,0.5076109170913696,15880014
2015-07-16,0.7335159778594971,0.7335159778594971,0.6846150159835815,0.7041749954223633,0.49389132857322693,8386366
2015-07-17,0.6943950057029724,0.7139549851417542,0.6846150159835815,0.6943950057029724,0.48703187704086304,3458307
2015-07-20,0.6943950057029724,0.7432960271835327,0.6943950057029724,0.7139549851417542,0.5007507801055908,4269924
2015-07-21,0.7041749954223633,0.7139549851417542,0.6943950057029724,0.6943950057029724,0.48703187704086304,2565382
2015-07-22,0.7041749954223633,0.7041749954223633,0.6748350262641907,0.6846150159835815,0.48017245531082153,3617505
2015-07-23,0.6943950057029724,0.7041749954223633,0.6846150159835815,0.6943950057029724,0.48703187704086304,3067416
2015-07-24,0.6943950057029724,0.7041749954223633,0.6846150159835815,0.6943950057029724,0.48703187704086304,1745369
2015-07-27,0.6846150159835815,0.6846150159835815,0.6161530017852783,0.6259340047836304,0.4390150308609009,6999843
2015-07-28,0.6357139945030212,0.655273973941803,0.6259340047836304,0.6357139945030212,0.44587448239326477,4044960
2015-07-29,0.6454939842224121,0.6454939842224121,0.6259340047836304,0.6454939842224121,0.4527338743209839,1860899
2015-07-30,0.6454939842224121,0.6748350262641907,0.6454939842224121,0.655273973941803,0.45959335565567017,2601168
2015-07-31,0.6650540232658386,0.6650540232658386,0.655273973941803,0.6650540232658386,0.4664528965950012,1830219
2015-08-03,0.655273973941803,0.655273973941803,0.6259340047836304,0.6357139945030212,0.44587448239326477,4030584
2015-08-04,0.6161530017852783,0.6357139945030212,0.6161530017852783,0.6259340047836304,0.4390150308609009,1329213
2015-08-05,0.6357139945030212,0.6454939842224121,0.6259340047836304,0.6454939842224121,0.4527338743209839,1511213
2015-08-06,0.6357139945030212,0.6454939842224121,0.6259340047836304,0.6259340047836304,0.4390150308609009,1779101
2015-08-07,0.6259340047836304,0.6454939842224121,0.6259340047836304,0.6357139945030212,0.44587448239326477,1472461
2015-08-10,0.6357139945030212,0.6357139945030212,0.6161530017852783,0.6259340047836304,0.4390150308609009,3353708
2015-08-11,0.6357139945030212,0.655273973941803,0.6357139945030212,0.6454939842224121,0.4527338743209839,1990752
2015-08-12,0.6357139945030212,0.6454939842224121,0.6259340047836304,0.6357139945030212,0.44587448239326477,4012180
2015-08-13,0.6299999952316284,0.6399999856948853,0.6200000047683716,0.6299999952316284,0.44186684489250183,1156000
2015-08-14,0.6200000047683716,0.6299999952316284,0.6200000047683716,0.6299999952316284,0.44186684489250183,897000
2015-08-17,0.6200000047683716,0.6299999952316284,0.6200000047683716,0.6299999952316284,0.44186684489250183,418000
2015-08-18,0.6299999952316284,0.6299999952316284,0.6100000143051147,0.6200000047683716,0.4348530173301697,2414000
2015-08-19,0.6100000143051147,0.6100000143051147,0.5899999737739563,0.6000000238418579,0.4208255708217621,2456000
2015-08-20,0.6100000143051147,0.6100000143051147,0.6000000238418579,0.6100000143051147,0.4278392493724823,1380000
2015-08-21,0.6000000238418579,0.6100000143051147,0.5899999737739563,0.6000000238418579,0.4208255708217621,10135750
2015-08-24,0.5799999833106995,0.5899999737739563,0.5600000023841858,0.5799999833106995,0.40679800510406494,7247000
2015-08-25,0.5699999928474426,0.5799999833106995,0.5600000023841858,0.5799999833106995,0.40679800510406494,3981000
2015-08-26,0.5799999833106995,0.5799999833106995,0.5600000023841858,0.5600000023841858,0.3927704393863678,2948000
2015-08-27,0.5799999833106995,0.6100000143051147,0.5699999928474426,0.6000000238418579,0.4208255708217621,13125000
2015-08-28,0.6000000238418579,0.6100000143051147,0.5899999737739563,0.6000000238418579,0.4208255708217621,5634000
2015-08-31,0.5899999737739563,0.5899999737739563,0.5799999833106995,0.5899999737739563,0.41381174325942993,1074000
2015-09-01,0.5799999833106995,0.5899999737739563,0.5699999928474426,0.5699999928474426,0.3997842073440552,2959000
2015-09-02,0.5699999928474426,0.5699999928474426,0.550000011920929,0.550000011920929,0.3857567310333252,2206000
2015-09-04,0.550000011920929,0.5600000023841858,0.550000011920929,0.550000011920929,0.3857567310333252,460000
2015-09-07,0.5600000023841858,0.5699999928474426,0.5600000023841858,0.5699999928474426,0.3997842073440552,430000
2015-09-08,0.5699999928474426,0.5899999737739563,0.5699999928474426,0.5899999737739563,0.41381174325942993,982000
2015-09-09,0.6000000238418579,0.6200000047683716,0.5899999737739563,0.5899999737739563,0.41381174325942993,3318000
2015-09-10,0.5899999737739563,0.6000000238418579,0.5799999833106995,0.5899999737739563,0.41381174325942993,516000
2015-09-11,0.6299999952316284,0.7300000190734863,0.6299999952316284,0.6499999761581421,0.45589426159858704,48641682
2015-09-14,0.6600000262260437,0.6700000166893005,0.6200000047683716,0.6399999856948853,0.44888052344322205,5078400
2015-09-15,0.6399999856948853,0.6499999761581421,0.6200000047683716,0.6399999856948853,0.44888052344322205,818000
2015-09-16,0.6399999856948853,0.6899999976158142,0.6399999856948853,0.6600000262260437,0.4629080295562744,6594000
2015-09-17,0.6700000166893005,0.6700000166893005,0.6399999856948853,0.6499999761581421,0.45589426159858704,2708000
2015-09-18,0.6499999761581421,0.699999988079071,0.6499999761581421,0.6800000071525574,0.47693562507629395,3310000
2015-09-21,0.6700000166893005,0.6800000071525574,0.6600000262260437,0.6800000071525574,0.47693562507629395,892000
2015-09-22,0.6800000071525574,0.6800000071525574,0.6399999856948853,0.6399999856948853,0.44888052344322205,2752000
2015-09-23,0.6399999856948853,0.6399999856948853,0.6200000047683716,0.6399999856948853,0.44888052344322205,1624000
2015-09-24,0.6299999952316284,0.6299999952316284,0.6200000047683716,0.6200000047683716,0.4348530173301697,1544000
2015-09-25,0.6200000047683716,0.6399999856948853,0.6100000143051147,0.6200000047683716,0.4348530173301697,1090000
2015-09-29,0.6100000143051147,0.6600000262260437,0.6100000143051147,0.6399999856948853,0.44888052344322205,3678000
2015-09-30,0.6299999952316284,0.6499999761581421,0.6299999952316284,0.6399999856948853,0.44888052344322205,1598000
2015-10-02,0.6399999856948853,0.6899999976158142,0.6399999856948853,0.6499999761581421,0.45589426159858704,4460000
2015-10-05,0.6499999761581421,0.6600000262260437,0.6399999856948853,0.6399999856948853,0.44888052344322205,518000
2015-10-06,0.6399999856948853,0.6800000071525574,0.6399999856948853,0.6600000262260437,0.4629080295562744,5470240
2015-10-07,0.6499999761581421,0.6600000262260437,0.6399999856948853,0.6499999761581421,0.45589426159858704,1166000
2015-10-08,0.6499999761581421,0.6499999761581421,0.6299999952316284,0.6499999761581421,0.45589426159858704,951000
2015-10-09,0.6399999856948853,0.6600000262260437,0.6299999952316284,0.6299999952316284,0.44186684489250183,3352000
2015-10-12,0.6299999952316284,0.6399999856948853,0.6299999952316284,0.6299999952316284,0.44186684489250183,796000
2015-10-13,0.6399999856948853,0.6399999856948853,0.6200000047683716,0.6200000047683716,0.4348530173301697,1426000
2015-10-14,0.6299999952316284,0.6299999952316284,0.6200000047683716,0.6200000047683716,0.4348530173301697,764000
2015-10-15,0.6200000047683716,0.6299999952316284,0.6200000047683716,0.6200000047683716,0.4348530173301697,426000
2015-10-16,0.6299999952316284,0.6299999952316284,0.6100000143051147,0.6200000047683716,0.4348530173301697,1488000
2015-10-19,0.6200000047683716,0.6200000047683716,0.6100000143051147,0.6200000047683716,0.4348530173301697,1064000
2015-10-20,0.6200000047683716,0.6800000071525574,0.6100000143051147,0.6600000262260437,0.4629080295562744,7242000
2015-10-22,0.6499999761581421,0.6600000262260437,0.6399999856948853,0.6499999761581421,0.45589426159858704,2076000
2015-10-23,0.6499999761581421,0.6600000262260437,0.6499999761581421,0.6499999761581421,0.45589426159858704,797000
2015-10-26,0.6499999761581421,0.6600000262260437,0.6399999856948853,0.6600000262260437,0.4629080295562744,1212000
2015-10-27,0.6499999761581421,0.6499999761581421,0.6399999856948853,0.6499999761581421,0.45589426159858704,928000
2015-10-28,0.6499999761581421,0.6499999761581421,0.6399999856948853,0.6399999856948853,0.44888052344322205,268000
2015-10-29,0.6499999761581421,0.699999988079071,0.6499999761581421,0.6600000262260437,0.4629080295562744,11112120
2015-10-30,0.6700000166893005,0.6800000071525574,0.6499999761581421,0.6700000166893005,0.4699218273162842,2600010
2015-11-02,0.6700000166893005,0.6899999976158142,0.6700000166893005,0.6700000166893005,0.4699218273162842,4696000
2015-11-03,0.6700000166893005,0.6700000166893005,0.6600000262260437,0.6600000262260437,0.4629080295562744,706000
2015-11-04,0.6700000166893005,0.6700000166893005,0.6600000262260437,0.6700000166893005,0.4699218273162842,1339000
2015-11-05,0.6700000166893005,0.6700000166893005,0.6600000262260437,0.6700000166893005,0.4699218273162842,593000
2015-11-06,0.6700000166893005,0.7699999809265137,0.6700000166893005,0.7400000095367432,0.5190181136131287,22794800
2015-11-09,0.75,0.9200000166893005,0.75,0.8799999952316284,0.6172107458114624,33965868
2015-11-10,0.8799999952316284,0.8899999856948853,0.8100000023841858,0.8399999737739563,0.5891556739807129,13090000
2015-11-11,0.8299999833106995,0.8399999737739563,0.800000011920929,0.8299999833106995,0.5821420550346375,5243200
2015-11-12,0.8100000023841858,0.8100000023841858,0.7900000214576721,0.8100000023841858,0.5681144595146179,2332000
2015-11-13,0.800000011920929,0.800000011920929,0.7599999904632568,0.7799999713897705,0.5470731854438782,2786000
2015-11-16,0.7799999713897705,0.7799999713897705,0.7300000190734863,0.7300000190734863,0.5120044946670532,2226000
2015-11-17,0.7599999904632568,0.7699999809265137,0.75,0.7599999904632568,0.5330456495285034,2540000
2015-11-18,0.7400000095367432,0.75,0.7300000190734863,0.75,0.5260318517684937,958000
2015-11-19,0.75,0.7900000214576721,0.75,0.7599999904632568,0.5330456495285034,2352000
2015-11-20,0.7400000095367432,0.800000011920929,0.7400000095367432,0.7699999809265137,0.5400593876838684,3670000
2015-11-23,0.7799999713897705,0.7799999713897705,0.75,0.75,0.5260318517684937,1434000
2015-11-24,0.7599999904632568,0.7699999809265137,0.75,0.7699999809265137,0.5400593876838684,1574000
2015-11-25,0.7699999809265137,0.7699999809265137,0.7400000095367432,0.7400000095367432,0.5190181136131287,1186000
2015-11-26,0.75,0.7599999904632568,0.7400000095367432,0.7400000095367432,0.5190181136131287,3000000
2015-11-27,0.7400000095367432,0.75,0.699999988079071,0.7099999785423279,0.4979768991470337,2514000
2015-11-30,0.7200000286102295,0.7200000286102295,0.699999988079071,0.7200000286102295,0.5049906373023987,974000
2015-12-01,0.7099999785423279,0.7300000190734863,0.7099999785423279,0.7300000190734863,0.5120044946670532,432000
2015-12-02,0.7200000286102295,0.7400000095367432,0.7200000286102295,0.7400000095367432,0.5190181136131287,666000
2015-12-03,0.7400000095367432,0.7400000095367432,0.7099999785423279,0.7300000190734863,0.5120044946670532,920000
2015-12-04,0.7099999785423279,0.7300000190734863,0.7099999785423279,0.7300000190734863,0.5120044946670532,424000
2015-12-07,0.7300000190734863,0.7300000190734863,0.7099999785423279,0.7099999785423279,0.4979768991470337,316000
2015-12-08,0.699999988079071,0.699999988079071,0.6600000262260437,0.6700000166893005,0.4699218273162842,5114000
2015-12-09,0.6600000262260437,0.6800000071525574,0.6499999761581421,0.6700000166893005,0.4699218273162842,2542000
2015-12-10,0.6700000166893005,0.6899999976158142,0.6600000262260437,0.6700000166893005,0.4699218273162842,606000
2015-12-11,0.6600000262260437,0.6600000262260437,0.6299999952316284,0.6499999761581421,0.45589426159858704,2652151
2015-12-14,0.6399999856948853,0.6399999856948853,0.6200000047683716,0.6399999856948853,0.44888052344322205,584000
2015-12-15,0.6499999761581421,0.699999988079071,0.6499999761581421,0.6499999761581421,0.45589426159858704,5422000
2015-12-16,0.6600000262260437,0.6700000166893005,0.6399999856948853,0.6399999856948853,0.44888052344322205,1464000
2015-12-17,0.6499999761581421,0.6600000262260437,0.6399999856948853,0.6499999761581421,0.45589426159858704,672000
2015-12-18,0.6399999856948853,0.6499999761581421,0.6399999856948853,0.6499999761581421,0.45589426159858704,612000
2015-12-21,0.6499999761581421,0.6700000166893005,0.6399999856948853,0.6600000262260437,0.4629080295562744,1246000
2015-12-22,0.6600000262260437,0.6700000166893005,0.6499999761581421,0.6499999761581421,0.45589426159858704,1228000
2015-12-23,0.6600000262260437,0.6700000166893005,0.6499999761581421,0.6600000262260437,0.4629080295562744,436000
2015-12-24,0.6700000166893005,0.6700000166893005,0.6600000262260437,0.6700000166893005,0.4699218273162842,354000
2015-12-28,0.6600000262260437,0.6700000166893005,0.6499999761581421,0.6499999761581421,0.45589426159858704,776000
2015-12-29,0.6600000262260437,0.6600000262260437,0.6499999761581421,0.6600000262260437,0.4629080295562744,386000
2015-12-30,0.6499999761581421,0.6499999761581421,0.6499999761581421,0.6499999761581421,0.45589426159858704,60000
2015-12-31,0.6600000262260437,0.6600000262260437,0.6499999761581421,0.6600000262260437,0.4629080295562744,186000
2016-01-04,0.6499999761581421,0.6600000262260437,0.6299999952316284,0.6399999856948853,0.44888052344322205,644000
2016-01-05,0.6299999952316284,0.6600000262260437,0.6299999952316284,0.6299999952316284,0.44186684489250183,412000
2016-01-06,0.6299999952316284,0.6299999952316284,0.6299999952316284,0.6299999952316284,0.44186684489250183,476000
2016-01-07,0.6200000047683716,0.6200000047683716,0.6000000238418579,0.6000000238418579,0.4208255708217621,0
2016-01-08,0.6000000238418579,0.6100000143051147,0.5799999833106995,0.6000000238418579,0.4208255708217621,3076000
2016-01-11,0.5699999928474426,0.6100000143051147,0.550000011920929,0.5799999833106995,0.40679800510406494,3544000
2016-01-12,0.5899999737739563,0.5899999737739563,0.5699999928474426,0.5799999833106995,0.40679800510406494,1138000
2016-01-13,0.5899999737739563,0.6200000047683716,0.5799999833106995,0.6000000238418579,0.4208255708217621,1762000
2016-01-14,0.5799999833106995,0.5899999737739563,0.5699999928474426,0.5899999737739563,0.41381174325942993,344000
2016-01-15,0.5899999737739563,0.5899999737739563,0.5899999737739563,0.5899999737739563,0.41381174325942993,654000
2016-01-18,0.5699999928474426,0.5899999737739563,0.5600000023841858,0.5799999833106995,0.40679800510406494,416000
2016-01-19,0.5699999928474426,0.5799999833106995,0.5699999928474426,0.5799999833106995,0.40679800510406494,36000
2016-01-20,0.5699999928474426,0.5799999833106995,0.5600000023841858,0.5799999833106995,0.40679800510406494,527000
2016-01-21,0.5600000023841858,0.5600000023841858,0.5400000214576721,0.5400000214576721,0.3787429928779602,726000
2016-01-22,0.5400000214576721,0.550000011920929,0.5299999713897705,0.550000011920929,0.3857567310333252,1558000
2016-01-25,0.5600000023841858,0.5600000023841858,0.5600000023841858,0.5600000023841858,0.3927704393863678,588000
2016-01-26,0.550000011920929,0.5600000023841858,0.5400000214576721,0.550000011920929,0.3857567310333252,730000
2016-01-27,0.550000011920929,0.5600000023841858,0.550000011920929,0.550000011920929,0.3857567310333252,174000
2016-01-28,0.550000011920929,0.550000011920929,0.5299999713897705,0.5400000214576721,0.3787429928779602,572000
2016-01-29,0.5600000023841858,0.5600000023841858,0.5400000214576721,0.550000011920929,0.3857567310333252,830000
2016-02-01,0.5600000023841858,0.5600000023841858,0.550000011920929,0.5600000023841858,0.3927704393863678,418000
2016-02-02,0.550000011920929,0.5699999928474426,0.5400000214576721,0.5600000023841858,0.3927704393863678,480000
2016-02-03,0.550000011920929,0.550000011920929,0.5400000214576721,0.550000011920929,0.3857567310333252,218000
2016-02-04,0.550000011920929,0.550000011920929,0.550000011920929,0.550000011920929,0.3857567310333252,80000
2016-02-05,0.5600000023841858,0.6499999761581421,0.5600000023841858,0.6299999952316284,0.44186684489250183,6250000
2016-02-11,0.6200000047683716,0.6600000262260437,0.5899999737739563,0.6399999856948853,0.44888052344322205,4258000
2016-02-12,0.6299999952316284,0.6800000071525574,0.6200000047683716,0.6700000166893005,0.4699218273162842,5534019
2016-02-15,0.6800000071525574,0.6800000071525574,0.6499999761581421,0.6600000262260437,0.4629080295562744,1951970
2016-02-16,0.6700000166893005,0.7699999809265137,0.6600000262260437,0.7300000190734863,0.5120044946670532,15616000
2016-02-17,0.7300000190734863,0.7300000190734863,0.6700000166893005,0.6800000071525574,0.47693562507629395,4282000
2016-02-18,0.6899999976158142,0.7200000286102295,0.6499999761581421,0.6800000071525574,0.47693562507629395,8262000
2016-02-19,0.6700000166893005,0.6899999976158142,0.6600000262260437,0.6899999976158142,0.4839492738246918,1118000
2016-02-22,0.6800000071525574,0.6899999976158142,0.6700000166893005,0.6800000071525574,0.47693562507629395,488000
2016-02-23,0.6700000166893005,0.6800000071525574,0.6600000262260437,0.6600000262260437,0.4629080295562744,898000
2016-02-24,0.6600000262260437,0.6600000262260437,0.6399999856948853,0.6399999856948853,0.44888052344322205,1058000
2016-02-25,0.6399999856948853,0.6499999761581421,0.6299999952316284,0.6399999856948853,0.44888052344322205,752000
2016-02-26,0.6399999856948853,0.6499999761581421,0.6399999856948853,0.6499999761581421,0.45589426159858704,180000
2016-02-29,0.6399999856948853,0.6399999856948853,0.6399999856948853,0.6399999856948853,0.44888052344322205,258000
2016-03-01,0.6299999952316284,0.6499999761581421,0.6200000047683716,0.6299999952316284,0.44186684489250183,1474000
2016-03-02,0.6299999952316284,0.6700000166893005,0.6299999952316284,0.6700000166893005,0.4699218273162842,4412000
2016-03-03,0.6600000262260437,0.6600000262260437,0.6399999856948853,0.6499999761581421,0.45589426159858704,1266000
2016-03-04,0.6600000262260437,0.6899999976158142,0.6499999761581421,0.6800000071525574,0.47693562507629395,4240000
2016-03-07,0.6899999976158142,0.6899999976158142,0.6499999761581421,0.6600000262260437,0.4629080295562744,2082140
2016-03-08,0.6499999761581421,0.6600000262260437,0.6399999856948853,0.6499999761581421,0.45589426159858704,2514000
2016-03-09,0.6499999761581421,0.6600000262260437,0.6399999856948853,0.6399999856948853,0.44888052344322205,1344000
2016-03-10,0.6499999761581421,0.6499999761581421,0.6399999856948853,0.6399999856948853,0.44888052344322205,896000
2016-03-11,0.6499999761581421,0.6600000262260437,0.6499999761581421,0.6499999761581421,0.45589426159858704,1264000
2016-03-14,0.6600000262260437,0.6600000262260437,0.6399999856948853,0.6399999856948853,0.44888052344322205,470000
2016-03-15,0.6499999761581421,0.6499999761581421,0.6399999856948853,0.6399999856948853,0.44888052344322205,360000
2016-03-16,0.6399999856948853,0.6499999761581421,0.6299999952316284,0.6499999761581421,0.45589426159858704,1342000
2016-03-17,0.6399999856948853,0.6499999761581421,0.6399999856948853,0.6499999761581421,0.45589426159858704,496000
2016-03-18,0.6600000262260437,0.7200000286102295,0.6600000262260437,0.6800000071525574,0.47693562507629395,14338224
2016-03-21,0.6700000166893005,0.6800000071525574,0.6600000262260437,0.6700000166893005,0.4699218273162842,1680000
2016-03-22,0.6600000262260437,0.6800000071525574,0.6600000262260437,0.6600000262260437,0.4629080295562744,868000
2016-03-23,0.6700000166893005,0.6700000166893005,0.6499999761581421,0.6600000262260437,0.4629080295562744,970000
2016-03-24,0.6499999761581421,0.6700000166893005,0.6399999856948853,0.6600000262260437,0.4629080295562744,1124000
2016-03-29,0.6499999761581421,0.6600000262260437,0.6399999856948853,0.6499999761581421,0.45589426159858704,546000
2016-03-30,0.6499999761581421,0.6600000262260437,0.6299999952316284,0.6499999761581421,0.45589426159858704,1603000
2016-03-31,0.6499999761581421,0.6499999761581421,0.6299999952316284,0.6399999856948853,0.44888052344322205,532000
2016-04-01,0.6299999952316284,0.6299999952316284,0.6299999952316284,0.6299999952316284,0.44186684489250183,430000
2016-04-05,0.6200000047683716,0.6299999952316284,0.6200000047683716,0.6299999952316284,0.44186684489250183,454000
2016-04-06,0.6200000047683716,0.6299999952316284,0.6200000047683716,0.6200000047683716,0.4348530173301697,516000
2016-04-07,0.6200000047683716,0.6299999952316284,0.6200000047683716,0.6299999952316284,0.44186684489250183,224000
2016-04-08,0.6200000047683716,0.6299999952316284,0.6200000047683716,0.6299999952316284,0.44186684489250183,52600
2016-04-11,0.6299999952316284,0.6399999856948853,0.6200000047683716,0.6299999952316284,0.44186684489250183,652000
2016-04-12,0.6299999952316284,0.6299999952316284,0.6200000047683716,0.6299999952316284,0.44186684489250183,832000
2016-04-13,0.6200000047683716,0.6399999856948853,0.6200000047683716,0.6399999856948853,0.44888052344322205,1820000
2016-04-14,0.6399999856948853,0.6399999856948853,0.6299999952316284,0.6399999856948853,0.44888052344322205,1134000
2016-04-15,0.6299999952316284,0.6700000166893005,0.6299999952316284,0.6600000262260437,0.4629080295562744,2782000
2016-04-18,0.6499999761581421,0.6600000262260437,0.6399999856948853,0.6600000262260437,0.4629080295562744,1090000
2016-04-19,0.6600000262260437,0.6899999976158142,0.6499999761581421,0.6800000071525574,0.47693562507629395,5322000
2016-04-20,0.6700000166893005,0.6700000166893005,0.6600000262260437,0.6600000262260437,0.4629080295562744,1056000
2016-04-21,0.6600000262260437,0.7099999785423279,0.6600000262260437,0.699999988079071,0.4909631013870239,9856000
2016-04-22,0.6899999976158142,0.6899999976158142,0.6700000166893005,0.6800000071525574,0.47693562507629395,1748000
2016-04-25,0.6800000071525574,0.6899999976158142,0.6700000166893005,0.6800000071525574,0.47693562507629395,1446000
2016-04-26,0.6899999976158142,0.7200000286102295,0.6800000071525574,0.7099999785423279,0.4979768991470337,6176000
2016-04-27,0.7099999785423279,0.7200000286102295,0.6899999976158142,0.7099999785423279,0.4979768991470337,3472000
2016-04-28,0.7099999785423279,0.75,0.7099999785423279,0.75,0.5260318517684937,9193000
2016-04-29,0.75,0.800000011920929,0.7099999785423279,0.7200000286102295,0.5049906373023987,15084000
2016-05-03,0.7200000286102295,0.7200000286102295,0.6800000071525574,0.6899999976158142,0.4839492738246918,2924000
2016-05-04,0.6899999976158142,0.6899999976158142,0.6700000166893005,0.6800000071525574,0.47693562507629395,1044000
2016-05-05,0.6800000071525574,0.699999988079071,0.6800000071525574,0.6800000071525574,0.47693562507629395,1126000
2016-05-06,0.6800000071525574,0.6800000071525574,0.6600000262260437,0.6700000166893005,0.4699218273162842,1032000
2016-05-09,0.6800000071525574,0.6800000071525574,0.6600000262260437,0.6600000262260437,0.4629080295562744,1076000
2016-05-10,0.6700000166893005,0.6700000166893005,0.6499999761581421,0.6600000262260437,0.4629080295562744,604000
2016-05-11,0.6600000262260437,0.6700000166893005,0.6399999856948853,0.6499999761581421,0.45589426159858704,1350000
2016-05-12,0.6399999856948853,0.6600000262260437,0.6299999952316284,0.6600000262260437,0.4629080295562744,1022100
2016-05-13,0.6600000262260437,0.6600000262260437,0.6399999856948853,0.6499999761581421,0.45589426159858704,134000
2016-05-16,0.6299999952316284,0.6399999856948853,0.6299999952316284,0.6399999856948853,0.44888052344322205,882000
2016-05-17,0.6399999856948853,0.6499999761581421,0.6299999952316284,0.6399999856948853,0.44888052344322205,186000
2016-05-18,0.6299999952316284,0.6399999856948853,0.6299999952316284,0.6399999856948853,0.44888052344322205,296000
2016-05-19,0.6399999856948853,0.6600000262260437,0.6399999856948853,0.6399999856948853,0.44888052344322205,1322000
2016-05-20,0.6299999952316284,0.6600000262260437,0.6299999952316284,0.6600000262260437,0.4629080295562744,146000
2016-05-23,0.6499999761581421,0.6600000262260437,0.6499999761581421,0.6499999761581421,0.45589426159858704,24200
2016-05-24,0.6499999761581421,0.6600000262260437,0.6499999761581421,0.6600000262260437,0.4629080295562744,86000
2016-05-25,0.6499999761581421,0.6600000262260437,0.6499999761581421,0.6600000262260437,0.4629080295562744,296000
2016-05-26,0.6499999761581421,0.6600000262260437,0.6499999761581421,0.6600000262260437,0.4629080295562744,126000
2016-05-27,0.6499999761581421,0.6600000262260437,0.6299999952316284,0.6499999761581421,0.45589426159858704,1914000
2016-05-30,0.6399999856948853,0.6499999761581421,0.6399999856948853,0.6499999761581421,0.45589426159858704,150000
2016-05-31,0.6499999761581421,0.6499999761581421,0.6299999952316284,0.6399999856948853,0.44888052344322205,1104000
2016-06-01,0.6399999856948853,0.6399999856948853,0.6100000143051147,0.6299999952316284,0.44186684489250183,3594000
2016-06-02,0.6399999856948853,0.6399999856948853,0.6299999952316284,0.6399999856948853,0.44888052344322205,598000
2016-06-03,0.6299999952316284,0.6399999856948853,0.6299999952316284,0.6399999856948853,0.44888052344322205,364000
2016-06-06,0.6399999856948853,0.6399999856948853,0.6200000047683716,0.6299999952316284,0.44186684489250183,502000
2016-06-07,0.6399999856948853,0.6399999856948853,0.6299999952316284,0.6399999856948853,0.44888052344322205,353284
2016-06-08,0.6299999952316284,0.6399999856948853,0.6299999952316284,0.6399999856948853,0.44888052344322205,17000
2016-06-10,0.6299999952316284,0.6399999856948853,0.6200000047683716,0.6299999952316284,0.44186684489250183,580000
2016-06-13,0.6200000047683716,0.6299999952316284,0.6100000143051147,0.6200000047683716,0.4348530173301697,492000
2016-06-14,0.6200000047683716,0.6299999952316284,0.6200000047683716,0.6299999952316284,0.44186684489250183,318000
2016-06-15,0.6200000047683716,0.6299999952316284,0.6100000143051147,0.6200000047683716,0.4348530173301697,1964000
2016-06-16,0.6200000047683716,0.6200000047683716,0.6100000143051147,0.6100000143051147,0.4278392493724823,848000
2016-06-17,0.6100000143051147,0.6200000047683716,0.6000000238418579,0.6100000143051147,0.4278392493724823,422000
2016-06-20,0.6100000143051147,0.6299999952316284,0.6100000143051147,0.6100000143051147,0.4278392493724823,340000
2016-06-21,0.6200000047683716,0.6200000047683716,0.6100000143051147,0.6100000143051147,0.4278392493724823,92000
2016-06-22,0.6100000143051147,0.6299999952316284,0.6100000143051147,0.6100000143051147,0.4278392493724823,392000
2016-06-23,0.6100000143051147,0.6200000047683716,0.6000000238418579,0.6100000143051147,0.4278392493724823,684000
2016-06-24,0.6000000238418579,0.6000000238418579,0.5799999833106995,0.5899999737739563,0.41381174325942993,1660000
2016-06-27,0.5799999833106995,0.5899999737739563,0.5699999928474426,0.5799999833106995,0.40679800510406494,278000
2016-06-28,0.5899999737739563,0.5899999737739563,0.5699999928474426,0.5799999833106995,0.40679800510406494,470000
2016-06-29,0.5899999737739563,0.6000000238418579,0.5699999928474426,0.5799999833106995,0.40679800510406494,222000
2016-06-30,0.5799999833106995,0.6000000238418579,0.5799999833106995,0.5899999737739563,0.41381174325942993,530000
2016-07-04,0.5899999737739563,0.6100000143051147,0.5899999737739563,0.5899999737739563,0.41381174325942993,484000
2016-07-05,0.5899999737739563,0.6000000238418579,0.5799999833106995,0.5899999737739563,0.41381174325942993,361000
2016-07-06,0.5899999737739563,0.6000000238418579,0.5799999833106995,0.5799999833106995,0.40679800510406494,1038000
2016-07-07,0.5799999833106995,0.6299999952316284,0.5799999833106995,0.6200000047683716,0.4348530173301697,5802000
2016-07-08,0.6100000143051147,0.6200000047683716,0.6000000238418579,0.6100000143051147,0.4278392493724823,656000
2016-07-11,0.6100000143051147,0.6200000047683716,0.6000000238418579,0.6100000143051147,0.4278392493724823,586000
2016-07-12,0.6100000143051147,0.6200000047683716,0.6000000238418579,0.6000000238418579,0.4208255708217621,596000
2016-07-13,0.6000000238418579,0.6100000143051147,0.5899999737739563,0.6000000238418579,0.4208255708217621,794000
2016-07-14,0.6100000143051147,0.6100000143051147,0.5899999737739563,0.6000000238418579,0.4208255708217621,498000
2016-07-15,0.6000000238418579,0.6100000143051147,0.6000000238418579,0.6000000238418579,0.4208255708217621,422000
2016-07-18,0.6100000143051147,0.6100000143051147,0.5899999737739563,0.5899999737739563,0.41381174325942993,1118000
2016-07-19,0.5899999737739563,0.6000000238418579,0.5899999737739563,0.6000000238418579,0.4208255708217621,292000
2016-07-20,0.5899999737739563,0.6000000238418579,0.5799999833106995,0.5899999737739563,0.41381174325942993,1362000
2016-07-21,0.5899999737739563,0.6100000143051147,0.5799999833106995,0.6100000143051147,0.4278392493724823,1982100
2016-07-22,0.6000000238418579,0.6200000047683716,0.6000000238418579,0.6100000143051147,0.4278392493724823,1938000
2016-07-25,0.6100000143051147,0.6200000047683716,0.6100000143051147,0.6200000047683716,0.4348530173301697,1246000
2016-07-26,0.6100000143051147,0.6200000047683716,0.6100000143051147,0.6200000047683716,0.4348530173301697,1100000
2016-07-27,0.6100000143051147,0.6200000047683716,0.6000000238418579,0.6100000143051147,0.4278392493724823,1338000
2016-07-28,0.6000000238418579,0.6100000143051147,0.6000000238418579,0.6100000143051147,0.4278392493724823,522000
2016-07-29,0.6000000238418579,0.6100000143051147,0.5699999928474426,0.5899999737739563,0.41381174325942993,3778000
2016-08-01,0.5899999737739563,0.5899999737739563,0.5799999833106995,0.5899999737739563,0.41381174325942993,285000
2016-08-02,0.5899999737739563,0.5899999737739563,0.5899999737739563,0.5899999737739563,0.41381174325942993,0
2016-08-03,0.5799999833106995,0.5899999737739563,0.5799999833106995,0.5799999833106995,0.40679800510406494,212000
2016-08-04,0.5799999833106995,0.5899999737739563,0.5799999833106995,0.5899999737739563,0.41381174325942993,1756000
2016-08-05,0.5899999737739563,0.5899999737739563,0.5799999833106995,0.5899999737739563,0.41381174325942993,364000
2016-08-08,0.5799999833106995,0.5899999737739563,0.5699999928474426,0.5899999737739563,0.41381174325942993,1582000
2016-08-09,0.5799999833106995,0.5899999737739563,0.5799999833106995,0.5899999737739563,0.41381174325942993,656000
2016-08-10,0.5899999737739563,0.5899999737739563,0.5799999833106995,0.5799999833106995,0.40679800510406494,1558000
2016-08-11,0.5899999737739563,0.5899999737739563,0.5799999833106995,0.5799999833106995,0.40679800510406494,480100
2016-08-12,0.5799999833106995,0.5899999737739563,0.5799999833106995,0.5799999833106995,0.40679800510406494,560000
2016-08-15,0.5799999833106995,0.6000000238418579,0.5799999833106995,0.5899999737739563,0.41381174325942993,1216000
2016-08-16,0.5799999833106995,0.5899999737739563,0.5799999833106995,0.5899999737739563,0.41381174325942993,566000
2016-08-17,0.5799999833106995,0.5799999833106995,0.5699999928474426,0.5799999833106995,0.40679800510406494,488000
2016-08-18,0.5799999833106995,0.5899999737739563,0.5699999928474426,0.5799999833106995,0.40679800510406494,1172000
2016-08-19,0.5699999928474426,0.5799999833106995,0.5699999928474426,0.5799999833106995,0.40679800510406494,265142
2016-08-22,0.5699999928474426,0.5799999833106995,0.5699999928474426,0.5799999833106995,0.40679800510406494,528000
2016-08-23,0.5699999928474426,0.5699999928474426,0.5699999928474426,0.5699999928474426,0.3997842073440552,374000
2016-08-24,0.5799999833106995,0.5799999833106995,0.5799999833106995,0.5799999833106995,0.40679800510406494,60000
2016-08-25,0.5699999928474426,0.5699999928474426,0.5699999928474426,0.5699999928474426,0.3997842073440552,338032
2016-08-26,0.5799999833106995,0.5799999833106995,0.5699999928474426,0.5799999833106995,0.40679800510406494,738000
2016-08-29,0.5699999928474426,0.5699999928474426,0.5699999928474426,0.5699999928474426,0.3997842073440552,6000
2016-08-30,0.5799999833106995,0.5799999833106995,0.5699999928474426,0.5799999833106995,0.40679800510406494,776000
2016-08-31,0.5799999833106995,0.5799999833106995,0.5600000023841858,0.5699999928474426,0.3997842073440552,164000
2016-09-01,0.5600000023841858,0.5699999928474426,0.5600000023841858,0.5699999928474426,0.3997842073440552,114000
2016-09-02,0.5699999928474426,0.5799999833106995,0.5699999928474426,0.5799999833106995,0.40679800510406494,876000
2016-09-05,0.5699999928474426,0.5799999833106995,0.5600000023841858,0.5799999833106995,0.40679800510406494,232000
2016-09-06,0.5799999833106995,0.5799999833106995,0.5699999928474426,0.5799999833106995,0.40679800510406494,94000
2016-09-07,0.5799999833106995,0.6499999761581421,0.5799999833106995,0.6200000047683716,0.4348530173301697,13090000
2016-09-08,0.6200000047683716,0.6200000047683716,0.6100000143051147,0.6100000143051147,0.4278392493724823,991000
2016-09-09,0.6100000143051147,0.6200000047683716,0.6000000238418579,0.6000000238418579,0.4208255708217621,882000
2016-09-12,0.6000000238418579,0.6100000143051147,0.5899999737739563,0.6000000238418579,0.4208255708217621,806000
2016-09-13,0.6000000238418579,0.6100000143051147,0.6000000238418579,0.6000000238418579,0.4208255708217621,738000
2016-09-14,0.5899999737739563,0.699999988079071,0.5899999737739563,0.6600000262260437,0.4629080295562744,23263995
2016-09-15,0.6600000262260437,0.6600000262260437,0.6299999952316284,0.6600000262260437,0.4629080295562744,3249142
2016-09-19,0.6499999761581421,0.6600000262260437,0.6399999856948853,0.6499999761581421,0.45589426159858704,3213980
2016-09-20,0.6499999761581421,0.6600000262260437,0.6299999952316284,0.6499999761581421,0.45589426159858704,2360003
2016-09-21,0.6399999856948853,0.6800000071525574,0.6399999856948853,0.6499999761581421,0.45589426159858704,4672000
2016-09-22,0.6600000262260437,0.6600000262260437,0.6499999761581421,0.6499999761581421,0.45589426159858704,1694000
2016-09-23,0.6499999761581421,0.699999988079071,0.6499999761581421,0.6700000166893005,0.4699218273162842,8076000
2016-09-26,0.6700000166893005,0.6899999976158142,0.6299999952316284,0.6399999856948853,0.44888052344322205,4186000
2016-09-27,0.6399999856948853,0.6600000262260437,0.6399999856948853,0.6399999856948853,0.44888052344322205,1626000
2016-09-28,0.6399999856948853,0.6700000166893005,0.6399999856948853,0.6600000262260437,0.4629080295562744,2352000
2016-09-29,0.6499999761581421,0.6600000262260437,0.6399999856948853,0.6499999761581421,0.45589426159858704,282000
2016-09-30,0.6499999761581421,0.6499999761581421,0.6299999952316284,0.6399999856948853,0.44888052344322205,672000
2016-10-03,0.6399999856948853,0.6499999761581421,0.6299999952316284,0.6499999761581421,0.45589426159858704,718000
2016-10-04,0.6399999856948853,0.6399999856948853,0.6299999952316284,0.6299999952316284,0.44186684489250183,896000
2016-10-05,0.6299999952316284,0.6499999761581421,0.6299999952316284,0.6399999856948853,0.44888052344322205,1826000
2016-10-06,0.6399999856948853,0.6399999856948853,0.6299999952316284,0.6299999952316284,0.44186684489250183,786000
2016-10-07,0.6299999952316284,0.6499999761581421,0.6299999952316284,0.6299999952316284,0.44186684489250183,918000
2016-10-11,0.6299999952316284,0.6399999856948853,0.6299999952316284,0.6399999856948853,0.44888052344322205,608000
2016-10-12,0.6299999952316284,0.6399999856948853,0.6299999952316284,0.6299999952316284,0.44186684489250183,890000
2016-10-13,0.6200000047683716,0.6299999952316284,0.6200000047683716,0.6200000047683716,0.4348530173301697,638000
2016-10-14,0.6200000047683716,0.6299999952316284,0.6200000047683716,0.6299999952316284,0.44186684489250183,132000
2016-10-17,0.6299999952316284,0.6600000262260437,0.6299999952316284,0.6399999856948853,0.44888052344322205,1828000
2016-10-18,0.6399999856948853,0.6399999856948853,0.6200000047683716,0.6299999952316284,0.44186684489250183,714000
2016-10-19,0.6299999952316284,0.6399999856948853,0.6200000047683716,0.6200000047683716,0.4348530173301697,272000
2016-10-20,0.6299999952316284,0.6299999952316284,0.6200000047683716,0.6299999952316284,0.44186684489250183,194000
2016-10-21,0.6299999952316284,0.6299999952316284,0.6299999952316284,0.6299999952316284,0.44186684489250183,0
2016-10-24,0.6499999761581421,0.6499999761581421,0.6200000047683716,0.6299999952316284,0.44186684489250183,680000
2016-10-25,0.6299999952316284,0.6299999952316284,0.6299999952316284,0.6299999952316284,0.44186684489250183,396000
2016-10-26,0.6299999952316284,0.6399999856948853,0.6299999952316284,0.6299999952316284,0.44186684489250183,184000
2016-10-27,0.6299999952316284,0.6399999856948853,0.6299999952316284,0.6399999856948853,0.44888052344322205,498000
2016-10-28,0.6299999952316284,0.6499999761581421,0.6299999952316284,0.6399999856948853,0.44888052344322205,714000
2016-10-31,0.6299999952316284,0.6499999761581421,0.6299999952316284,0.6499999761581421,0.45589426159858704,754000
2016-11-01,0.6299999952316284,0.6700000166893005,0.6299999952316284,0.6499999761581421,0.45589426159858704,2366000
2016-11-02,0.6399999856948853,0.6499999761581421,0.6299999952316284,0.6399999856948853,0.44888052344322205,852000
2016-11-03,0.6399999856948853,0.6499999761581421,0.6399999856948853,0.6499999761581421,0.45589426159858704,406000
2016-11-04,0.6399999856948853,0.6499999761581421,0.6299999952316284,0.6399999856948853,0.44888052344322205,2208000
2016-11-07,0.6299999952316284,0.6399999856948853,0.6299999952316284,0.6399999856948853,0.44888052344322205,546000
2016-11-08,0.6399999856948853,0.6800000071525574,0.6399999856948853,0.6800000071525574,0.47693562507629395,5060000
2016-11-09,0.6700000166893005,0.6800000071525574,0.6399999856948853,0.6600000262260437,0.4629080295562744,2844000
2016-11-10,0.6600000262260437,0.6700000166893005,0.6499999761581421,0.6499999761581421,0.45589426159858704,724000
2016-11-11,0.6600000262260437,0.6600000262260437,0.6299999952316284,0.6499999761581421,0.45589426159858704,3370000
2016-11-14,0.6399999856948853,0.6499999761581421,0.6299999952316284,0.6499999761581421,0.45589426159858704,1588000
2016-11-15,0.6399999856948853,0.6499999761581421,0.6299999952316284,0.6499999761581421,0.45589426159858704,1630000
2016-11-16,0.6399999856948853,0.6399999856948853,0.6299999952316284,0.6299999952316284,0.44186684489250183,580000
2016-11-17,0.6299999952316284,0.6499999761581421,0.6299999952316284,0.6399999856948853,0.44888052344322205,472000
2016-11-18,0.6399999856948853,0.6600000262260437,0.6399999856948853,0.6499999761581421,0.45589426159858704,932010
2016-11-21,0.6499999761581421,0.6499999761581421,0.6399999856948853,0.6399999856948853,0.44888052344322205,846000
2016-11-22,0.6499999761581421,0.6600000262260437,0.6499999761581421,0.6499999761581421,0.45589426159858704,334000
2016-11-23,0.6399999856948853,0.6399999856948853,0.6399999856948853,0.6399999856948853,0.44888052344322205,128000
2016-11-24,0.6399999856948853,0.6600000262260437,0.6399999856948853,0.6399999856948853,0.44888052344322205,150000
2016-11-25,0.6499999761581421,0.6700000166893005,0.6499999761581421,0.6700000166893005,0.4699218273162842,1860269
2016-11-28,0.6499999761581421,0.6600000262260437,0.6499999761581421,0.6600000262260437,0.4629080295562744,428000
2016-11-29,0.6499999761581421,0.6499999761581421,0.6499999761581421,0.6499999761581421,0.45589426159858704,234000
2016-11-30,0.6499999761581421,0.6600000262260437,0.6499999761581421,0.6499999761581421,0.45589426159858704,322000
2016-12-01,0.6499999761581421,0.6700000166893005,0.6499999761581421,0.6600000262260437,0.4629080295562744,2916000
2016-12-02,0.6600000262260437,0.6600000262260437,0.6399999856948853,0.6399999856948853,0.44888052344322205,1940000
2016-12-05,0.6499999761581421,0.6499999761581421,0.6399999856948853,0.6399999856948853,0.44888052344322205,556000
2016-12-06,0.6399999856948853,0.6399999856948853,0.6399999856948853,0.6399999856948853,0.44888052344322205,532000
2016-12-07,0.6399999856948853,0.6499999761581421,0.6399999856948853,0.6399999856948853,0.44888052344322205,214000
2016-12-08,0.6499999761581421,0.6499999761581421,0.6399999856948853,0.6399999856948853,0.44888052344322205,144000
2016-12-09,0.6299999952316284,0.6499999761581421,0.6299999952316284,0.6499999761581421,0.45589426159858704,1028000
2016-12-12,0.6299999952316284,0.6399999856948853,0.6299999952316284,0.6399999856948853,0.44888052344322205,210000
2016-12-13,0.6399999856948853,0.6399999856948853,0.6299999952316284,0.6299999952316284,0.44186684489250183,52000
2016-12-14,0.6299999952316284,0.6299999952316284,0.6299999952316284,0.6299999952316284,0.44186684489250183,380000
2016-12-15,0.6299999952316284,0.6299999952316284,0.6200000047683716,0.6299999952316284,0.44186684489250183,764000
2016-12-16,0.6200000047683716,0.6200000047683716,0.6200000047683716,0.6200000047683716,0.4348530173301697,180000
2016-12-19,0.6200000047683716,0.6299999952316284,0.6200000047683716,0.6299999952316284,0.44186684489250183,478000
2016-12-20,0.6200000047683716,0.6299999952316284,0.6200000047683716,0.6200000047683716,0.4348530173301697,226000
2016-12-21,0.6200000047683716,0.6499999761581421,0.6200000047683716,0.6499999761581421,0.45589426159858704,408000
2016-12-22,0.6399999856948853,0.6499999761581421,0.6299999952316284,0.6299999952316284,0.44186684489250183,392000
2016-12-23,0.6399999856948853,0.6499999761581421,0.6299999952316284,0.6499999761581421,0.45589426159858704,224000
2016-12-28,0.6399999856948853,0.6499999761581421,0.6399999856948853,0.6499999761581421,0.45589426159858704,398000
2016-12-29,0.6499999761581421,0.6499999761581421,0.6399999856948853,0.6399999856948853,0.44888052344322205,54000
2016-12-30,0.6399999856948853,0.6499999761581421,0.6399999856948853,0.6499999761581421,0.45589426159858704,406000
2017-01-03,0.6399999856948853,0.6499999761581421,0.6299999952316284,0.6299999952316284,0.44186684489250183,234000
2017-01-04,0.6499999761581421,0.6499999761581421,0.6299999952316284,0.6299999952316284,0.44186684489250183,192000
2017-01-05,0.6399999856948853,0.6499999761581421,0.6399999856948853,0.6499999761581421,0.45589426159858704,296000
2017-01-06,0.6399999856948853,0.6499999761581421,0.6399999856948853,0.6499999761581421,0.45589426159858704,418000
2017-01-09,0.6399999856948853,0.6399999856948853,0.6299999952316284,0.6299999952316284,0.44186684489250183,681142
2017-01-10,0.6200000047683716,0.6399999856948853,0.6200000047683716,0.6399999856948853,0.44888052344322205,94000
2017-01-11,0.6299999952316284,0.6499999761581421,0.6299999952316284,0.6299999952316284,0.44186684489250183,270000
2017-01-12,0.6299999952316284,0.6299999952316284,0.6299999952316284,0.6299999952316284,0.44186684489250183,120000
2017-01-13,0.6299999952316284,0.6399999856948853,0.6200000047683716,0.6399999856948853,0.44888052344322205,482000
2017-01-16,0.6399999856948853,0.6399999856948853,0.6299999952316284,0.6399999856948853,0.44888052344322205,52000
2017-01-17,0.6299999952316284,0.6299999952316284,0.6299999952316284,0.6299999952316284,0.44186684489250183,48000
2017-01-18,0.6200000047683716,0.6499999761581421,0.6200000047683716,0.6499999761581421,0.45589426159858704,2686000
2017-01-19,0.6399999856948853,0.6499999761581421,0.6399999856948853,0.6499999761581421,0.45589426159858704,624000
2017-01-20,0.6299999952316284,0.6499999761581421,0.6299999952316284,0.6499999761581421,0.45589426159858704,64000
2017-01-23,0.6299999952316284,0.6299999952316284,0.6299999952316284,0.6299999952316284,0.44186684489250183,59000
2017-01-24,0.6299999952316284,0.6399999856948853,0.6299999952316284,0.6399999856948853,0.44888052344322205,76000
2017-01-25,0.6399999856948853,0.6499999761581421,0.6299999952316284,0.6299999952316284,0.44186684489250183,736000
2017-01-26,0.6399999856948853,0.6499999761581421,0.6299999952316284,0.6299999952316284,0.44186684489250183,158000
2017-01-27,0.6299999952316284,0.6299999952316284,0.6299999952316284,0.6299999952316284,0.44186684489250183,80000
2017-02-01,0.6399999856948853,0.6499999761581421,0.6299999952316284,0.6499999761581421,0.45589426159858704,190000
2017-02-02,0.6399999856948853,0.6499999761581421,0.6299999952316284,0.6499999761581421,0.45589426159858704,840000
2017-02-03,0.6499999761581421,0.6600000262260437,0.6399999856948853,0.6600000262260437,0.4629080295562744,2414000
2017-02-06,0.6700000166893005,0.699999988079071,0.6600000262260437,0.6899999976158142,0.4839492738246918,7394000
2017-02-07,0.6899999976158142,0.6899999976158142,0.6700000166893005,0.6800000071525574,0.47693562507629395,2624000
2017-02-08,0.6800000071525574,0.6800000071525574,0.6600000262260437,0.6700000166893005,0.4699218273162842,1596000
2017-02-09,0.6700000166893005,0.6800000071525574,0.6700000166893005,0.6700000166893005,0.4699218273162842,622000
2017-02-10,0.6700000166893005,0.6800000071525574,0.6600000262260437,0.6700000166893005,0.4699218273162842,254000
2017-02-13,0.6600000262260437,0.6700000166893005,0.6600000262260437,0.6700000166893005,0.4699218273162842,798000
2017-02-14,0.6700000166893005,0.6800000071525574,0.6600000262260437,0.6800000071525574,0.47693562507629395,458000
2017-02-15,0.6800000071525574,0.6800000071525574,0.6600000262260437,0.6700000166893005,0.4699218273162842,666000
2017-02-16,0.6600000262260437,0.6700000166893005,0.6600000262260437,0.6600000262260437,0.4629080295562744,126557
2017-02-17,0.6600000262260437,0.6700000166893005,0.6499999761581421,0.6600000262260437,0.4629080295562744,948000
2017-02-20,0.6600000262260437,0.6600000262260437,0.6499999761581421,0.6499999761581421,0.45589426159858704,268000
2017-02-21,0.6499999761581421,0.6600000262260437,0.6499999761581421,0.6600000262260437,0.4629080295562744,176000
2017-02-22,0.6399999856948853,0.6600000262260437,0.6399999856948853,0.6499999761581421,0.45589426159858704,288000
2017-02-23,0.6499999761581421,0.6499999761581421,0.6499999761581421,0.6499999761581421,0.45589426159858704,82000
2017-02-24,0.6499999761581421,0.6499999761581421,0.6499999761581421,0.6499999761581421,0.45589426159858704,0
2017-02-27,0.6399999856948853,0.6499999761581421,0.6399999856948853,0.6499999761581421,0.45589426159858704,548000
2017-02-28,0.6299999952316284,0.6499999761581421,0.6299999952316284,0.6499999761581421,0.45589426159858704,228000
2017-03-01,0.6499999761581421,0.6499999761581421,0.6399999856948853,0.6399999856948853,0.44888052344322205,106000
2017-03-02,0.6399999856948853,0.6600000262260437,0.6299999952316284,0.6499999761581421,0.45589426159858704,298000
2017-03-03,0.6299999952316284,0.6399999856948853,0.6299999952316284,0.6399999856948853,0.44888052344322205,90000
2017-03-06,0.6399999856948853,0.6499999761581421,0.6299999952316284,0.6399999856948853,0.44888052344322205,144000
2017-03-07,0.6399999856948853,0.6499999761581421,0.6299999952316284,0.6499999761581421,0.45589426159858704,435000
2017-03-08,0.6399999856948853,0.6399999856948853,0.6299999952316284,0.6299999952316284,0.44186684489250183,522000
2017-03-09,0.6299999952316284,0.6399999856948853,0.6200000047683716,0.6200000047683716,0.4348530173301697,1160000
2017-03-10,0.6299999952316284,0.6299999952316284,0.6200000047683716,0.6299999952316284,0.44186684489250183,352000
2017-03-13,0.6200000047683716,0.6299999952316284,0.6200000047683716,0.6200000047683716,0.4348530173301697,1094000
2017-03-14,0.6200000047683716,0.6200000047683716,0.6100000143051147,0.6200000047683716,0.4348530173301697,682000
2017-03-15,0.6200000047683716,0.6200000047683716,0.6100000143051147,0.6100000143051147,0.4278392493724823,260000
2017-03-16,0.6200000047683716,0.6299999952316284,0.6100000143051147,0.6200000047683716,0.4348530173301697,649000
2017-03-17,0.6200000047683716,0.6299999952316284,0.6200000047683716,0.6200000047683716,0.4348530173301697,82000
2017-03-20,0.6200000047683716,0.6299999952316284,0.6200000047683716,0.6299999952316284,0.44186684489250183,108000
2017-03-21,0.6200000047683716,0.6299999952316284,0.6200000047683716,0.6200000047683716,0.4348530173301697,50000
2017-03-22,0.6299999952316284,0.6299999952316284,0.6100000143051147,0.6100000143051147,0.4278392493724823,948000
2017-03-23,0.6200000047683716,0.6299999952316284,0.6200000047683716,0.6299999952316284,0.44186684489250183,98000
2017-03-24,0.6200000047683716,0.6299999952316284,0.6200000047683716,0.6299999952316284,0.44186684489250183,248000
2017-03-27,0.6299999952316284,0.6399999856948853,0.6000000238418579,0.6200000047683716,0.4348530173301697,750000
2017-03-28,0.6200000047683716,0.6299999952316284,0.6100000143051147,0.6299999952316284,0.44186684489250183,334000
2017-03-29,0.6299999952316284,0.6299999952316284,0.6100000143051147,0.6299999952316284,0.44186684489250183,226000
2017-03-30,0.6200000047683716,0.6299999952316284,0.6200000047683716,0.6200000047683716,0.4348530173301697,54000
2017-03-31,0.6100000143051147,0.6200000047683716,0.6100000143051147,0.6200000047683716,0.4348530173301697,8000
2017-04-03,0.6200000047683716,0.6299999952316284,0.6100000143051147,0.6100000143051147,0.4278392493724823,129000
2017-04-05,0.6100000143051147,0.6200000047683716,0.6100000143051147,0.6200000047683716,0.4348530173301697,72000
2017-04-06,0.6100000143051147,0.6100000143051147,0.6100000143051147,0.6100000143051147,0.4278392493724823,296000
2017-04-07,0.6100000143051147,0.6200000047683716,0.6000000238418579,0.6200000047683716,0.4348530173301697,142166
2017-04-10,0.6200000047683716,0.6399999856948853,0.6100000143051147,0.6299999952316284,0.44186684489250183,860000
2017-04-11,0.6299999952316284,0.6299999952316284,0.6299999952316284,0.6299999952316284,0.44186684489250183,10000
2017-04-12,0.6200000047683716,0.6399999856948853,0.6200000047683716,0.6200000047683716,0.4348530173301697,81000
2017-04-13,0.6299999952316284,0.6399999856948853,0.6200000047683716,0.6200000047683716,0.4348530173301697,508000
2017-04-18,0.6200000047683716,0.6299999952316284,0.6200000047683716,0.6299999952316284,0.44186684489250183,230000
2017-04-19,0.6200000047683716,0.6299999952316284,0.6200000047683716,0.6200000047683716,0.4348530173301697,134000
2017-04-20,0.6200000047683716,0.6399999856948853,0.6200000047683716,0.6299999952316284,0.44186684489250183,819000
2017-04-21,0.6200000047683716,0.6299999952316284,0.6100000143051147,0.6200000047683716,0.4348530173301697,336000
2017-04-24,0.6200000047683716,0.6200000047683716,0.6000000238418579,0.6000000238418579,0.4208255708217621,632000
2017-04-25,0.6100000143051147,0.6200000047683716,0.6100000143051147,0.6200000047683716,0.4348530173301697,385000
2017-04-26,0.6000000238418579,0.6200000047683716,0.6000000238418579,0.6200000047683716,0.4348530173301697,1686920
2017-04-27,0.6200000047683716,0.6200000047683716,0.6000000238418579,0.6000000238418579,0.4208255708217621,1412000
2017-04-28,0.6100000143051147,0.6200000047683716,0.6000000238418579,0.6200000047683716,0.4348530173301697,300000
2017-05-02,0.6100000143051147,0.6100000143051147,0.6000000238418579,0.6100000143051147,0.4278392493724823,494000
2017-05-04,0.6000000238418579,0.6000000238418579,0.6000000238418579,0.6000000238418579,0.4208255708217621,248000
2017-05-05,0.6000000238418579,0.6299999952316284,0.6000000238418579,0.6100000143051147,0.4278392493724823,1898000
2017-05-08,0.6100000143051147,0.6100000143051147,0.5799999833106995,0.5899999737739563,0.41381174325942993,3044000
2017-05-09,0.6000000238418579,0.6000000238418579,0.5899999737739563,0.6000000238418579,0.4208255708217621,256000
2017-05-10,0.5899999737739563,0.6000000238418579,0.5899999737739563,0.5899999737739563,0.41381174325942993,862000
2017-05-11,0.5899999737739563,0.5899999737739563,0.5899999737739563,0.5899999737739563,0.41381174325942993,144000
2017-05-12,0.5899999737739563,0.6000000238418579,0.5799999833106995,0.5899999737739563,0.41381174325942993,452000
2017-05-15,0.6000000238418579,0.6000000238418579,0.5799999833106995,0.5899999737739563,0.41381174325942993,160000
2017-05-16,0.5799999833106995,0.5899999737739563,0.5799999833106995,0.5899999737739563,0.41381174325942993,2418000
2017-05-17,0.5799999833106995,0.6000000238418579,0.5799999833106995,0.5899999737739563,0.41381174325942993,664000
2017-05-18,0.5899999737739563,0.6000000238418579,0.5699999928474426,0.5799999833106995,0.40679800510406494,1762000
2017-05-19,0.5799999833106995,0.5799999833106995,0.5699999928474426,0.5799999833106995,0.40679800510406494,830000
2017-05-22,0.5799999833106995,0.5899999737739563,0.5799999833106995,0.5799999833106995,0.40679800510406494,389000
2017-05-23,0.5699999928474426,0.5799999833106995,0.5699999928474426,0.5699999928474426,0.3997842073440552,634000
2017-05-24,0.5600000023841858,0.5899999737739563,0.5600000023841858,0.5899999737739563,0.41381174325942993,538000
2017-05-25,0.5899999737739563,0.6000000238418579,0.5699999928474426,0.5899999737739563,0.41381174325942993,332000
2017-05-26,0.5899999737739563,0.6000000238418579,0.5799999833106995,0.5899999737739563,0.41381174325942993,430000
2017-05-29,0.6000000238418579,0.6000000238418579,0.5799999833106995,0.6000000238418579,0.4208255708217621,552000
2017-05-31,0.5899999737739563,0.6000000238418579,0.5899999737739563,0.6000000238418579,0.4208255708217621,380000
2017-06-01,0.6000000238418579,0.6000000238418579,0.6000000238418579,0.6000000238418579,0.4208255708217621,91000
2017-06-02,0.5899999737739563,0.6100000143051147,0.5899999737739563,0.6100000143051147,0.4278392493724823,946000
2017-06-05,0.5899999737739563,0.6100000143051147,0.5899999737739563,0.6000000238418579,0.4208255708217621,204000
2017-06-06,0.5899999737739563,0.6000000238418579,0.5899999737739563,0.6000000238418579,0.4208255708217621,32000
2017-06-07,0.5899999737739563,0.5899999737739563,0.5899999737739563,0.5899999737739563,0.41381174325942993,118000
2017-06-08,0.5799999833106995,0.6100000143051147,0.5799999833106995,0.6100000143051147,0.4278392493724823,322000
2017-06-09,0.6000000238418579,0.6100000143051147,0.5899999737739563,0.6000000238418579,0.4208255708217621,528000
2017-06-12,0.6100000143051147,0.6100000143051147,0.5799999833106995,0.5799999833106995,0.40679800510406494,204707
2017-06-13,0.5799999833106995,0.5899999737739563,0.5799999833106995,0.5799999833106995,0.40679800510406494,108000
2017-06-14,0.5699999928474426,0.5799999833106995,0.5699999928474426,0.5799999833106995,0.40679800510406494,12100
2017-06-15,0.5699999928474426,0.5699999928474426,0.5600000023841858,0.5699999928474426,0.3997842073440552,1054000
2017-06-16,0.5600000023841858,0.5699999928474426,0.5600000023841858,0.5600000023841858,0.3927704393863678,632000
2017-06-19,0.5699999928474426,0.5799999833106995,0.5699999928474426,0.5799999833106995,0.40679800510406494,192000
2017-06-20,0.5600000023841858,0.5799999833106995,0.5600000023841858,0.5600000023841858,0.3927704393863678,37000
2017-06-21,0.5600000023841858,0.5699999928474426,0.5600000023841858,0.5699999928474426,0.3997842073440552,86000
2017-06-22,0.5699999928474426,0.5699999928474426,0.5600000023841858,0.5699999928474426,0.3997842073440552,118000
2017-06-23,0.5799999833106995,0.5799999833106995,0.5600000023841858,0.5600000023841858,0.3927704393863678,188000
2017-06-26,0.5600000023841858,0.5799999833106995,0.5600000023841858,0.5799999833106995,0.40679800510406494,350000
2017-06-27,0.5699999928474426,0.5699999928474426,0.550000011920929,0.5699999928474426,0.3997842073440552,902000
2017-06-28,0.5600000023841858,0.5600000023841858,0.550000011920929,0.550000011920929,0.3857567310333252,1446000
2017-06-29,0.5600000023841858,0.5600000023841858,0.550000011920929,0.550000011920929,0.3857567310333252,363000
2017-06-30,0.550000011920929,0.5600000023841858,0.5400000214576721,0.5400000214576721,0.3787429928779602,658020
2017-07-03,0.5400000214576721,0.550000011920929,0.5400000214576721,0.550000011920929,0.3857567310333252,140000
2017-07-04,0.5600000023841858,0.5600000023841858,0.5400000214576721,0.5400000214576721,0.3787429928779602,1365000
2017-07-05,0.5400000214576721,0.550000011920929,0.5299999713897705,0.5400000214576721,0.3787429928779602,700000
2017-07-06,0.5299999713897705,0.5400000214576721,0.5199999809265137,0.5199999809265137,0.36471542716026306,580000
2017-07-07,0.5299999713897705,0.550000011920929,0.5199999809265137,0.5400000214576721,0.3787429928779602,371000
2017-07-10,0.5400000214576721,0.5400000214576721,0.5400000214576721,0.5400000214576721,0.3787429928779602,50000
2017-07-11,0.5299999713897705,0.5400000214576721,0.5199999809265137,0.5299999713897705,0.37172919511795044,198000
2017-07-12,0.5199999809265137,0.5400000214576721,0.5199999809265137,0.5400000214576721,0.3787429928779602,190000
2017-07-13,0.5400000214576721,0.5400000214576721,0.5199999809265137,0.5400000214576721,0.3787429928779602,392000
2017-07-14,0.5299999713897705,0.5299999713897705,0.5299999713897705,0.5299999713897705,0.37172919511795044,272569
2017-07-17,0.5199999809265137,0.5400000214576721,0.5199999809265137,0.5299999713897705,0.37172919511795044,166000
2017-07-18,0.5199999809265137,0.5299999713897705,0.5199999809265137,0.5299999713897705,0.37172919511795044,502000
2017-07-19,0.5199999809265137,0.5299999713897705,0.5199999809265137,0.5199999809265137,0.36471542716026306,224000
2017-07-20,0.5199999809265137,0.5299999713897705,0.5199999809265137,0.5199999809265137,0.36471542716026306,269000
2017-07-21,0.5199999809265137,0.5299999713897705,0.5199999809265137,0.5299999713897705,0.37172919511795044,482000
2017-07-24,0.5400000214576721,0.5400000214576721,0.5400000214576721,0.5400000214576721,0.3787429928779602,2000
2017-07-25,0.5299999713897705,0.5600000023841858,0.5299999713897705,0.550000011920929,0.3857567310333252,80000
2017-07-26,0.5299999713897705,0.550000011920929,0.5299999713897705,0.5400000214576721,0.3787429928779602,64000
2017-07-27,0.5400000214576721,0.550000011920929,0.5400000214576721,0.550000011920929,0.3857567310333252,114000
2017-07-28,0.5400000214576721,0.550000011920929,0.5099999904632568,0.5299999713897705,0.37172919511795044,220000
2017-07-31,0.5299999713897705,0.550000011920929,0.5299999713897705,0.550000011920929,0.3857567310333252,22000
2017-08-01,0.550000011920929,0.550000011920929,0.5199999809265137,0.5299999713897705,0.37172919511795044,202000
2017-08-02,0.5299999713897705,0.550000011920929,0.5299999713897705,0.550000011920929,0.3857567310333252,34132
2017-08-03,0.5299999713897705,0.5400000214576721,0.5199999809265137,0.5299999713897705,0.37172919511795044,112000
2017-08-04,0.5299999713897705,0.550000011920929,0.5299999713897705,0.550000011920929,0.3857567310333252,30000
2017-08-07,0.5400000214576721,0.5400000214576721,0.5400000214576721,0.5400000214576721,0.3787429928779602,40000
2017-08-08,0.5199999809265137,0.5400000214576721,0.5199999809265137,0.5299999713897705,0.37172919511795044,212000
2017-08-09,0.5199999809265137,0.5299999713897705,0.5099999904632568,0.5299999713897705,0.37172919511795044,384000
2017-08-10,0.5199999809265137,0.5199999809265137,0.47999998927116394,0.5,0.3506878912448883,1608000
2017-08-11,0.49000000953674316,0.5,0.4749999940395355,0.48500001430511475,0.3401672840118408,1710000
2017-08-14,0.48500001430511475,0.4950000047683716,0.48500001430511475,0.4950000047683716,0.3471810221672058,128000
2017-08-15,0.5,0.5,0.48500001430511475,0.49000000953674316,0.3436741530895233,304000
2017-08-16,0.48500001430511475,0.48500001430511475,0.48500001430511475,0.49000000953674316,0.3436741530895233,80000
2017-08-17,0.48500001430511475,0.5199999809265137,0.47999998927116394,0.48500001430511475,0.3401672840118408,246000
2017-08-18,0.47999998927116394,0.5099999904632568,0.47999998927116394,0.5,0.3506878912448883,94000
2017-08-21,0.5,0.5,0.47999998927116394,0.4950000047683716,0.3471810221672058,120000
2017-08-22,0.4950000047683716,0.5199999809265137,0.4950000047683716,0.5199999809265137,0.36471542716026306,976000
2017-08-23,0.5199999809265137,0.5199999809265137,0.5199999809265137,0.5199999809265137,0.36471542716026306,0
2017-08-24,0.5099999904632568,0.5099999904632568,0.48500001430511475,0.48500001430511475,0.3401672840118408,614000
2017-08-25,0.4950000047683716,0.5099999904632568,0.4950000047683716,0.5099999904632568,0.3577016592025757,154000
2017-08-28,0.5,0.5,0.49000000953674316,0.49000000953674316,0.3436741530895233,540000
2017-08-29,0.4950000047683716,0.4950000047683716,0.48500001430511475,0.48500001430511475,0.3401672840118408,202000
2017-08-30,0.4950000047683716,0.4950000047683716,0.47999998927116394,0.4950000047683716,0.3471810221672058,217200
2017-08-31,0.48500001430511475,0.5,0.48500001430511475,0.5,0.3506878912448883,90000
2017-09-01,0.4950000047683716,0.5,0.4950000047683716,0.5,0.3506878912448883,50000
2017-09-04,0.48500001430511475,0.49000000953674316,0.4749999940395355,0.49000000953674316,0.3436741530895233,638000
2017-09-05,0.4950000047683716,0.5199999809265137,0.48500001430511475,0.48500001430511475,0.3401672840118408,76000
2017-09-06,0.48500001430511475,0.4950000047683716,0.47999998927116394,0.4950000047683716,0.3471810221672058,25000
2017-09-07,0.48500001430511475,0.48500001430511475,0.48500001430511475,0.48500001430511475,0.3401672840118408,20000
2017-09-08,0.48500001430511475,0.5099999904632568,0.48500001430511475,0.4950000047683716,0.3471810221672058,246000
2017-09-11,0.4950000047683716,0.5099999904632568,0.4950000047683716,0.5,0.3506878912448883,68000
2017-09-12,0.5,0.5099999904632568,0.4950000047683716,0.5099999904632568,0.3577016592025757,478000
2017-09-13,0.5099999904632568,0.5199999809265137,0.5,0.5099999904632568,0.3577016592025757,500000
2017-09-14,0.5099999904632568,0.5199999809265137,0.5099999904632568,0.5199999809265137,0.36471542716026306,240000
2017-09-15,0.5,0.5199999809265137,0.49000000953674316,0.49000000953674316,0.3436741530895233,989000
2017-09-18,0.49000000953674316,0.5,0.49000000953674316,0.49000000953674316,0.3436741530895233,274000
2017-09-19,0.49000000953674316,0.5,0.49000000953674316,0.5,0.3506878912448883,155000
2017-09-20,0.49000000953674316,0.5,0.49000000953674316,0.49000000953674316,0.3436741530895233,188000
2017-09-21,0.49000000953674316,0.49000000953674316,0.49000000953674316,0.49000000953674316,0.3436741530895233,4000
2017-09-22,0.5,0.5099999904632568,0.48500001430511475,0.48500001430511475,0.3401672840118408,614000
2017-09-25,0.47999998927116394,0.49000000953674316,0.47999998927116394,0.49000000953674316,0.3436741530895233,120000
2017-09-26,0.49000000953674316,0.4950000047683716,0.47999998927116394,0.4950000047683716,0.3471810221672058,70000
2017-09-27,0.4950000047683716,0.5099999904632568,0.49000000953674316,0.5099999904632568,0.3577016592025757,716000
2017-09-28,0.5,0.5199999809265137,0.5,0.5199999809265137,0.36471542716026306,842000
2017-09-29,0.5199999809265137,0.5299999713897705,0.49000000953674316,0.4950000047683716,0.3471810221672058,2380000
2017-10-03,0.4950000047683716,0.5299999713897705,0.49000000953674316,0.5299999713897705,0.37172919511795044,3066000
2017-10-04,0.5299999713897705,0.5799999833106995,0.5199999809265137,0.5600000023841858,0.3927704393863678,10542198
2017-10-06,0.5699999928474426,0.5699999928474426,0.5199999809265137,0.5299999713897705,0.37172919511795044,4103142
2017-10-09,0.5299999713897705,0.5400000214576721,0.5299999713897705,0.5299999713897705,0.37172919511795044,612000
2017-10-10,0.5299999713897705,0.5400000214576721,0.5099999904632568,0.5199999809265137,0.36471542716026306,2928000
2017-10-11,0.5199999809265137,0.5299999713897705,0.5099999904632568,0.5199999809265137,0.36471542716026306,630000
2017-10-12,0.5199999809265137,0.5299999713897705,0.5199999809265137,0.5299999713897705,0.37172919511795044,88000
2017-10-13,0.5099999904632568,0.5099999904632568,0.4950000047683716,0.5,0.3506878912448883,2616000
2017-10-16,0.5099999904632568,0.5099999904632568,0.4950000047683716,0.4950000047683716,0.3471810221672058,1150000
2017-10-17,0.4950000047683716,0.5099999904632568,0.49000000953674316,0.49000000953674316,0.3436741530895233,642000
2017-10-18,0.49000000953674316,0.5,0.49000000953674316,0.5,0.3506878912448883,768000
2017-10-19,0.5,0.5,0.49000000953674316,0.5,0.3506878912448883,282000
2017-10-20,0.4950000047683716,0.5099999904632568,0.49000000953674316,0.4950000047683716,0.3471810221672058,505000
2017-10-23,0.4950000047683716,0.4950000047683716,0.48500001430511475,0.49000000953674316,0.3436741530895233,826000
2017-10-24,0.49000000953674316,0.4950000047683716,0.48500001430511475,0.48500001430511475,0.3401672840118408,534000
2017-10-25,0.48500001430511475,0.49000000953674316,0.48500001430511475,0.49000000953674316,0.3436741530895233,194000
2017-10-26,0.48500001430511475,0.4950000047683716,0.48500001430511475,0.4950000047683716,0.3471810221672058,168000
2017-10-27,0.4950000047683716,0.5,0.49000000953674316,0.4950000047683716,0.3471810221672058,86000
2017-10-30,0.49000000953674316,0.4950000047683716,0.49000000953674316,0.4950000047683716,0.3471810221672058,94000
2017-10-31,0.49000000953674316,0.5,0.47999998927116394,0.49000000953674316,0.3436741530895233,552000
2017-11-01,0.49000000953674316,0.4950000047683716,0.47999998927116394,0.49000000953674316,0.3436741530895233,642000
2017-11-02,0.49000000953674316,0.5,0.48500001430511475,0.5,0.3506878912448883,464000
2017-11-03,0.5,0.5099999904632568,0.49000000953674316,0.49000000953674316,0.3436741530895233,762000
2017-11-06,0.49000000953674316,0.5,0.49000000953674316,0.4950000047683716,0.3471810221672058,1070000
2017-11-07,0.4950000047683716,0.5,0.48500001430511475,0.48500001430511475,0.3401672840118408,415000
2017-11-08,0.49000000953674316,0.5099999904632568,0.49000000953674316,0.4950000047683716,0.3471810221672058,1516000
2017-11-09,0.4950000047683716,0.4950000047683716,0.49000000953674316,0.4950000047683716,0.3471810221672058,140000
2017-11-10,0.4950000047683716,0.5,0.49000000953674316,0.5,0.3506878912448883,177427
2017-11-13,0.49000000953674316,0.5,0.49000000953674316,0.5,0.3506878912448883,82000
2017-11-14,0.49000000953674316,0.49000000953674316,0.49000000953674316,0.49000000953674316,0.3436741530895233,114000
2017-11-15,0.49000000953674316,0.4950000047683716,0.48500001430511475,0.4950000047683716,0.3471810221672058,476000
2017-11-16,0.49000000953674316,0.49000000953674316,0.47999998927116394,0.47999998927116394,0.3366604447364807,412000
2017-11-17,0.48500001430511475,0.4950000047683716,0.47999998927116394,0.47999998927116394,0.3366604447364807,692400
2017-11-20,0.47999998927116394,0.48500001430511475,0.47999998927116394,0.47999998927116394,0.3366604447364807,778000
2017-11-21,0.4749999940395355,0.49000000953674316,0.4749999940395355,0.48500001430511475,0.3401672840118408,570000
2017-11-22,0.48500001430511475,0.49000000953674316,0.47999998927116394,0.49000000953674316,0.3436741530895233,264000
2017-11-23,0.47999998927116394,0.49000000953674316,0.4699999988079071,0.4749999940395355,0.33315351605415344,1264000
2017-11-24,0.47999998927116394,0.47999998927116394,0.4699999988079071,0.4699999988079071,0.32964661717414856,24000
2017-11-27,0.47999998927116394,0.48500001430511475,0.4749999940395355,0.47999998927116394,0.3366604447364807,330846
2017-11-28,0.47999998927116394,0.48500001430511475,0.4749999940395355,0.47999998927116394,0.3366604447364807,266000
2017-11-29,0.47999998927116394,0.47999998927116394,0.47999998927116394,0.47999998927116394,0.3366604447364807,0
2017-11-30,0.4749999940395355,0.48500001430511475,0.4699999988079071,0.47999998927116394,0.3366604447364807,670000
2017-12-01,0.47999998927116394,0.48500001430511475,0.4749999940395355,0.47999998927116394,0.3366604447364807,104000
2017-12-04,0.4749999940395355,0.47999998927116394,0.46000000834465027,0.4699999988079071,0.32964661717414856,334000
2017-12-05,0.4699999988079071,0.47999998927116394,0.46000000834465027,0.46000000834465027,0.3226328492164612,352000
2017-12-06,0.4650000035762787,0.4699999988079071,0.45500001311302185,0.46000000834465027,0.3226328492164612,1088000
2017-12-07,0.46000000834465027,0.47999998927116394,0.45500001311302185,0.4650000035762787,0.32613980770111084,458000
2017-12-08,0.4699999988079071,0.4699999988079071,0.45500001311302185,0.4650000035762787,0.32613980770111084,299712
2017-12-11,0.4749999940395355,0.4749999940395355,0.4749999940395355,0.4749999940395355,0.33315351605415344,0
2017-12-12,0.46000000834465027,0.4749999940395355,0.45500001311302185,0.4650000035762787,0.32613980770111084,192000
2017-12-13,0.44999998807907104,0.4699999988079071,0.44999998807907104,0.46000000834465027,0.3226328492164612,778000
2017-12-14,0.46000000834465027,0.4650000035762787,0.4399999976158142,0.4650000035762787,0.32613980770111084,202000
2017-12-15,0.44999998807907104,0.46000000834465027,0.44999998807907104,0.45500001311302185,0.31912603974342346,594000
2017-12-18,0.46000000834465027,0.4650000035762787,0.46000000834465027,0.4650000035762787,0.32613980770111084,132000
2017-12-19,0.45500001311302185,0.47999998927116394,0.45500001311302185,0.45500001311302185,0.31912603974342346,233200
2017-12-20,0.45500001311302185,0.46000000834465027,0.45500001311302185,0.45500001311302185,0.31912603974342346,494000
2017-12-21,0.46000000834465027,0.46000000834465027,0.46000000834465027,0.46000000834465027,0.3226328492164612,0
2017-12-22,0.44999998807907104,0.45500001311302185,0.4449999928474426,0.4449999928474426,0.3121122419834137,612000
2017-12-27,0.44999998807907104,0.45500001311302185,0.44999998807907104,0.44999998807907104,0.3156191110610962,648000
2017-12-28,0.44999998807907104,0.45500001311302185,0.4449999928474426,0.4449999928474426,0.3121122419834137,420000
2017-12-29,0.44999998807907104,0.4650000035762787,0.41999998688697815,0.4449999928474426,0.3121122419834137,924000
2018-01-02,0.44999998807907104,0.46000000834465027,0.44999998807907104,0.45500001311302185,0.31912603974342346,234000
2018-01-03,0.45500001311302185,0.45500001311302185,0.4449999928474426,0.44999998807907104,0.3156191110610962,133000
2018-01-04,0.44999998807907104,0.46000000834465027,0.4449999928474426,0.45500001311302185,0.31912603974342346,1896000
2018-01-05,0.46000000834465027,0.46000000834465027,0.44999998807907104,0.44999998807907104,0.3156191110610962,348000
2018-01-08,0.44999998807907104,0.45500001311302185,0.4449999928474426,0.45500001311302185,0.31912603974342346,266000
2018-01-09,0.44999998807907104,0.45500001311302185,0.4449999928474426,0.44999998807907104,0.3156191110610962,214000
2018-01-10,0.44999998807907104,0.45500001311302185,0.4399999976158142,0.44999998807907104,0.3156191110610962,1540000
2018-01-11,0.4449999928474426,0.4449999928474426,0.4399999976158142,0.4399999976158142,0.3086053729057312,74000
2018-01-12,0.44999998807907104,0.44999998807907104,0.4399999976158142,0.4399999976158142,0.3086053729057312,268000
2018-01-15,0.4399999976158142,0.46000000834465027,0.4399999976158142,0.45500001311302185,0.31912603974342346,352000
2018-01-16,0.44999998807907104,0.44999998807907104,0.4399999976158142,0.4399999976158142,0.3086053729057312,955000
2018-01-17,0.4449999928474426,0.4449999928474426,0.4350000023841858,0.4449999928474426,0.3121122419834137,1459000
2018-01-18,0.4350000023841858,0.4449999928474426,0.4300000071525574,0.4300000071525574,0.3015916347503662,1674000
2018-01-19,0.4300000071525574,0.4399999976158142,0.42500001192092896,0.4300000071525574,0.3015916347503662,1622000
2018-01-22,0.4300000071525574,0.4449999928474426,0.4300000071525574,0.4399999976158142,0.3086053729057312,748000
2018-01-23,0.4399999976158142,0.44999998807907104,0.4300000071525574,0.4350000023841858,0.30509844422340393,592000
2018-01-24,0.4399999976158142,0.4399999976158142,0.4300000071525574,0.4399999976158142,0.3086053729057312,552000
2018-01-25,0.4350000023841858,0.4650000035762787,0.4300000071525574,0.4350000023841858,0.30509844422340393,2422000
2018-01-26,0.4399999976158142,0.4650000035762787,0.4350000023841858,0.4650000035762787,0.32613980770111084,4088115
2018-01-29,0.4650000035762787,0.5199999809265137,0.46000000834465027,0.5199999809265137,0.36471542716026306,21796582
2018-01-30,0.5299999713897705,0.5799999833106995,0.5199999809265137,0.5299999713897705,0.37172919511795044,18754000
2018-01-31,0.5299999713897705,0.5299999713897705,0.4950000047683716,0.5,0.3506878912448883,6345000
2018-02-01,0.4950000047683716,0.5,0.49000000953674316,0.4950000047683716,0.3471810221672058,958000
2018-02-02,0.4950000047683716,0.4950000047683716,0.4749999940395355,0.47999998927116394,0.3366604447364807,1778000
2018-02-05,0.4650000035762787,0.4699999988079071,0.44999998807907104,0.4650000035762787,0.32613980770111084,2140000
2018-02-06,0.44999998807907104,0.46000000834465027,0.4300000071525574,0.4399999976158142,0.3086053729057312,2214000
2018-02-07,0.4449999928474426,0.4449999928474426,0.42500001192092896,0.42500001192092896,0.29808473587036133,826000
2018-02-08,0.42500001192092896,0.4650000035762787,0.42500001192092896,0.4399999976158142,0.3086053729057312,2560000
2018-02-09,0.42500001192092896,0.4449999928474426,0.41499999165534973,0.4449999928474426,0.3121122419834137,1972000
2018-02-12,0.4449999928474426,0.4449999928474426,0.42500001192092896,0.4300000071525574,0.3015916347503662,733000
2018-02-13,0.4350000023841858,0.4449999928474426,0.4300000071525574,0.4350000023841858,0.30509844422340393,582000
2018-02-14,0.4399999976158142,0.4449999928474426,0.4300000071525574,0.4350000023841858,0.30509844422340393,470000
2018-02-15,0.4350000023841858,0.4449999928474426,0.4350000023841858,0.4449999928474426,0.3121122419834137,216000
2018-02-20,0.4350000023841858,0.4449999928474426,0.4300000071525574,0.4350000023841858,0.30509844422340393,280000
2018-02-21,0.4399999976158142,0.4449999928474426,0.4399999976158142,0.4449999928474426,0.3121122419834137,153423
2018-02-22,0.4350000023841858,0.4350000023841858,0.4350000023841858,0.4350000023841858,0.30509844422340393,80000
2018-02-23,0.4350000023841858,0.45500001311302185,0.4350000023841858,0.4449999928474426,0.3121122419834137,666000
2018-02-26,0.44999998807907104,0.44999998807907104,0.4399999976158142,0.4449999928474426,0.3121122419834137,116001
2018-02-27,0.4449999928474426,0.44999998807907104,0.4399999976158142,0.4449999928474426,0.3121122419834137,234000
2018-02-28,0.4399999976158142,0.4449999928474426,0.4300000071525574,0.4300000071525574,0.3015916347503662,1484000
2018-03-01,0.4300000071525574,0.4449999928474426,0.4300000071525574,0.4399999976158142,0.3086053729057312,158000
2018-03-02,0.4399999976158142,0.4449999928474426,0.4300000071525574,0.4350000023841858,0.30509844422340393,354000
2018-03-05,0.4399999976158142,0.4449999928474426,0.4300000071525574,0.4350000023841858,0.30509844422340393,472000
2018-03-06,0.4399999976158142,0.44999998807907104,0.4399999976158142,0.4399999976158142,0.3086053729057312,508000
2018-03-07,0.4350000023841858,0.4699999988079071,0.4350000023841858,0.4399999976158142,0.3086053729057312,1024000
2018-03-08,0.4399999976158142,0.44999998807907104,0.4350000023841858,0.44999998807907104,0.3156191110610962,414000
2018-03-09,0.44999998807907104,0.45500001311302185,0.4399999976158142,0.4399999976158142,0.3086053729057312,42000
2018-03-12,0.44999998807907104,0.4699999988079071,0.4449999928474426,0.45500001311302185,0.31912603974342346,1466798
2018-03-13,0.4699999988079071,0.5099999904632568,0.4699999988079071,0.48500001430511475,0.3401672840118408,8744000
2018-03-14,0.48500001430511475,0.5099999904632568,0.48500001430511475,0.5099999904632568,0.3577016592025757,3681000
2018-03-15,0.5,0.5099999904632568,0.4950000047683716,0.5,0.3506878912448883,1126000
2018-03-16,0.4950000047683716,0.550000011920929,0.4950000047683716,0.5299999713897705,0.37172919511795044,6221000
2018-03-19,0.5299999713897705,0.5400000214576721,0.5099999904632568,0.5099999904632568,0.3577016592025757,865000
2018-03-20,0.5099999904632568,0.550000011920929,0.5099999904632568,0.5199999809265137,0.36471542716026306,5676000
2018-03-21,0.5199999809265137,0.5199999809265137,0.4950000047683716,0.5099999904632568,0.3577016592025757,2377142
2018-03-22,0.5,0.5099999904632568,0.48500001430511475,0.48500001430511475,0.3401672840118408,1366000
2018-03-23,0.47999998927116394,0.47999998927116394,0.45500001311302185,0.4749999940395355,0.33315351605415344,1592000
2018-03-26,0.45500001311302185,0.4650000035762787,0.44999998807907104,0.4650000035762787,0.32613980770111084,908000
2018-03-27,0.46000000834465027,0.4699999988079071,0.45500001311302185,0.4650000035762787,0.32613980770111084,346000
2018-03-28,0.46000000834465027,0.4749999940395355,0.4449999928474426,0.44999998807907104,0.3156191110610962,514000
2018-03-29,0.44999998807907104,0.45500001311302185,0.4300000071525574,0.44999998807907104,0.3156191110610962,622000
2018-04-03,0.44999998807907104,0.46000000834465027,0.4449999928474426,0.44999998807907104,0.3156191110610962,82000
2018-04-04,0.45500001311302185,0.5400000214576721,0.4399999976158142,0.4449999928474426,0.3121122419834137,3228000
2018-04-06,0.4449999928474426,0.4699999988079071,0.4399999976158142,0.44999998807907104,0.3156191110610962,1578000
2018-04-09,0.4399999976158142,0.4650000035762787,0.4399999976158142,0.4449999928474426,0.3121122419834137,530000
2018-04-10,0.4449999928474426,0.4449999928474426,0.4399999976158142,0.4449999928474426,0.3121122419834137,800000
2018-04-11,0.4449999928474426,0.4449999928474426,0.4449999928474426,0.4449999928474426,0.3121122419834137,0
2018-04-12,0.4449999928474426,0.4449999928474426,0.4350000023841858,0.4449999928474426,0.3121122419834137,296000
2018-04-13,0.4399999976158142,0.46000000834465027,0.4399999976158142,0.46000000834465027,0.3226328492164612,1230000
2018-04-16,0.4449999928474426,0.4449999928474426,0.4350000023841858,0.4399999976158142,0.3086053729057312,1084000
2018-04-17,0.4399999976158142,0.4399999976158142,0.4350000023841858,0.4350000023841858,0.30509844422340393,416000
2018-04-18,0.4399999976158142,0.4449999928474426,0.4350000023841858,0.4350000023841858,0.30509844422340393,234000
2018-04-19,0.4350000023841858,0.4399999976158142,0.4350000023841858,0.4399999976158142,0.3086053729057312,618000
2018-04-20,0.4399999976158142,0.4449999928474426,0.4350000023841858,0.4449999928474426,0.3121122419834137,470000
2018-04-23,0.4449999928474426,0.4449999928474426,0.4449999928474426,0.4449999928474426,0.3121122419834137,0
2018-04-24,0.4399999976158142,0.44999998807907104,0.4350000023841858,0.44999998807907104,0.3156191110610962,654000
2018-04-25,0.4399999976158142,0.44999998807907104,0.4399999976158142,0.4399999976158142,0.3086053729057312,142000
2018-04-26,0.4449999928474426,0.46000000834465027,0.4449999928474426,0.46000000834465027,0.3226328492164612,418000
2018-04-27,0.46000000834465027,0.4699999988079071,0.46000000834465027,0.4650000035762787,0.32613980770111084,858000
2018-04-30,0.46000000834465027,0.4699999988079071,0.44999998807907104,0.45500001311302185,0.31912603974342346,242000
2018-05-02,0.44999998807907104,0.44999998807907104,0.44999998807907104,0.44999998807907104,0.3156191110610962,0
2018-05-03,0.44999998807907104,0.44999998807907104,0.44999998807907104,0.44999998807907104,0.3156191110610962,0
2018-05-04,0.44999998807907104,0.45500001311302185,0.4399999976158142,0.4399999976158142,0.3086053729057312,668000
2018-05-07,0.4399999976158142,0.45500001311302185,0.4399999976158142,0.4399999976158142,0.3086053729057312,46000
2018-05-08,0.44999998807907104,0.46000000834465027,0.4399999976158142,0.45500001311302185,0.31912603974342346,738000
2018-05-09,0.46000000834465027,0.4699999988079071,0.45500001311302185,0.4650000035762787,0.32613980770111084,652000
2018-05-10,0.4650000035762787,0.48500001430511475,0.45500001311302185,0.4699999988079071,0.32964661717414856,1005000
2018-05-11,0.4699999988079071,0.47999998927116394,0.46000000834465027,0.4650000035762787,0.32613980770111084,78000
2018-05-14,0.46000000834465027,0.47999998927116394,0.46000000834465027,0.4650000035762787,0.32613980770111084,279000
2018-05-15,0.46000000834465027,0.4650000035762787,0.46000000834465027,0.4650000035762787,0.32613980770111084,62000
2018-05-16,0.4699999988079071,0.47999998927116394,0.4699999988079071,0.4749999940395355,0.33315351605415344,10000
2018-05-17,0.4749999940395355,0.48500001430511475,0.4749999940395355,0.48500001430511475,0.3401672840118408,382000
2018-05-18,0.48500001430511475,0.49000000953674316,0.4699999988079071,0.47999998927116394,0.3366604447364807,306000
2018-05-21,0.47999998927116394,0.47999998927116394,0.4699999988079071,0.4699999988079071,0.32964661717414856,816000
2018-05-23,0.4749999940395355,0.47999998927116394,0.4699999988079071,0.47999998927116394,0.3366604447364807,610000
2018-05-24,0.4699999988079071,0.4950000047683716,0.4699999988079071,0.47999998927116394,0.3366604447364807,678000
2018-05-25,0.49000000953674316,0.49000000953674316,0.49000000953674316,0.49000000953674316,0.3436741530895233,0
2018-05-28,0.47999998927116394,0.4950000047683716,0.4699999988079071,0.49000000953674316,0.3436741530895233,590000
2018-05-29,0.4950000047683716,0.4950000047683716,0.4950000047683716,0.4950000047683716,0.3471810221672058,0
2018-05-30,0.47999998927116394,0.47999998927116394,0.47999998927116394,0.47999998927116394,0.3366604447364807,0
2018-05-31,0.48500001430511475,0.48500001430511475,0.47999998927116394,0.47999998927116394,0.3366604447364807,44000
2018-06-01,0.47999998927116394,0.5,0.4699999988079071,0.4749999940395355,0.33315351605415344,990000
2018-06-04,0.47999998927116394,0.47999998927116394,0.4699999988079071,0.4699999988079071,0.32964661717414856,418000
2018-06-05,0.4699999988079071,0.4749999940395355,0.46000000834465027,0.4749999940395355,0.33315351605415344,298000
2018-06-06,0.4749999940395355,0.47999998927116394,0.46000000834465027,0.4650000035762787,0.32613980770111084,368000
2018-06-07,0.4699999988079071,0.4749999940395355,0.46000000834465027,0.46000000834465027,0.3226328492164612,782000
2018-06-08,0.46000000834465027,0.4650000035762787,0.45500001311302185,0.4650000035762787,0.32613980770111084,320000
2018-06-11,0.46000000834465027,0.4749999940395355,0.46000000834465027,0.4699999988079071,0.32964661717414856,1324000
2018-06-12,0.4749999940395355,0.4749999940395355,0.46000000834465027,0.4749999940395355,0.33315351605415344,159000
2018-06-13,0.46000000834465027,0.4699999988079071,0.45500001311302185,0.4650000035762787,0.32613980770111084,114000
2018-06-14,0.4650000035762787,0.4650000035762787,0.4650000035762787,0.4650000035762787,0.32613980770111084,0
2018-06-15,0.4749999940395355,0.4749999940395355,0.4699999988079071,0.4749999940395355,0.33315351605415344,24000
2018-06-19,0.46000000834465027,0.4650000035762787,0.46000000834465027,0.4650000035762787,0.32613980770111084,102000
2018-06-20,0.46000000834465027,0.4699999988079071,0.46000000834465027,0.4650000035762787,0.32613980770111084,186000
2018-06-21,0.46000000834465027,0.4699999988079071,0.45500001311302185,0.4699999988079071,0.32964661717414856,90000
2018-06-22,0.4650000035762787,0.4650000035762787,0.45500001311302185,0.46000000834465027,0.3226328492164612,80000
2018-06-25,0.45500001311302185,0.46000000834465027,0.4449999928474426,0.45500001311302185,0.31912603974342346,284000
2018-06-26,0.44999998807907104,0.44999998807907104,0.44999998807907104,0.44999998807907104,0.3156191110610962,48000
2018-06-27,0.4399999976158142,0.44999998807907104,0.42500001192092896,0.4449999928474426,0.3121122419834137,630000
2018-06-28,0.4449999928474426,0.46000000834465027,0.4399999976158142,0.46000000834465027,0.3226328492164612,78000
2018-06-29,0.44999998807907104,0.44999998807907104,0.44999998807907104,0.44999998807907104,0.3156191110610962,0
2018-07-03,0.4300000071525574,0.4449999928474426,0.4300000071525574,0.4449999928474426,0.3121122419834137,78000
2018-07-04,0.4300000071525574,0.4399999976158142,0.41999998688697815,0.4350000023841858,0.30509844422340393,150000
2018-07-05,0.4399999976158142,0.4399999976158142,0.4399999976158142,0.4399999976158142,0.3086053729057312,0
2018-07-06,0.4350000023841858,0.44999998807907104,0.4350000023841858,0.4399999976158142,0.3086053729057312,352000
2018-07-09,0.4399999976158142,0.4399999976158142,0.4399999976158142,0.4399999976158142,0.3086053729057312,0
2018-07-10,0.4300000071525574,0.4399999976158142,0.41499999165534973,0.4350000023841858,0.30509844422340393,84000
2018-07-11,0.4350000023841858,0.4449999928474426,0.4350000023841858,0.4449999928474426,0.3121122419834137,126000
2018-07-12,0.4449999928474426,0.4449999928474426,0.4449999928474426,0.4449999928474426,0.3121122419834137,0
2018-07-13,0.4449999928474426,0.44999998807907104,0.4399999976158142,0.4399999976158142,0.3086053729057312,164000
2018-07-16,0.4399999976158142,0.44999998807907104,0.4350000023841858,0.4399999976158142,0.3086053729057312,36000
2018-07-17,0.4350000023841858,0.44999998807907104,0.4300000071525574,0.44999998807907104,0.3156191110610962,200000
2018-07-18,0.4350000023841858,0.4399999976158142,0.42500001192092896,0.42500001192092896,0.29808473587036133,340000
2018-07-19,0.42500001192092896,0.4350000023841858,0.42500001192092896,0.4350000023841858,0.30509844422340393,24000
2018-07-20,0.4350000023841858,0.4350000023841858,0.4350000023841858,0.4350000023841858,0.30509844422340393,0
2018-07-23,0.41999998688697815,0.4449999928474426,0.41999998688697815,0.4350000023841858,0.30509844422340393,56000
2018-07-24,0.4350000023841858,0.4399999976158142,0.42500001192092896,0.4399999976158142,0.3086053729057312,26000
2018-07-25,0.4399999976158142,0.44999998807907104,0.4300000071525574,0.4399999976158142,0.3086053729057312,77000
2018-07-26,0.4399999976158142,0.4399999976158142,0.42500001192092896,0.4350000023841858,0.30509844422340393,338000
2018-07-27,0.4300000071525574,0.4300000071525574,0.4300000071525574,0.4300000071525574,0.3015916347503662,0
2018-07-30,0.4350000023841858,0.4350000023841858,0.4300000071525574,0.4300000071525574,0.3015916347503662,62000
2018-07-31,0.41499999165534973,0.4399999976158142,0.4050000011920929,0.4399999976158142,0.3086053729057312,42000
2018-08-01,0.41999998688697815,0.42500001192092896,0.41999998688697815,0.42500001192092896,0.29808473587036133,300000
2018-08-02,0.4300000071525574,0.4399999976158142,0.42500001192092896,0.4350000023841858,0.30509844422340393,214000
2018-08-03,0.4350000023841858,0.4350000023841858,0.4350000023841858,0.4350000023841858,0.30509844422340393,0
2018-08-06,0.42500001192092896,0.4350000023841858,0.41999998688697815,0.42500001192092896,0.29808473587036133,113000
2018-08-07,0.42500001192092896,0.4650000035762787,0.42500001192092896,0.4350000023841858,0.30509844422340393,912000
2018-08-08,0.4350000023841858,0.4350000023841858,0.4350000023841858,0.4350000023841858,0.30509844422340393,0
2018-08-09,0.4399999976158142,0.4399999976158142,0.42500001192092896,0.4300000071525574,0.3015916347503662,132000
2018-08-10,0.4300000071525574,0.4300000071525574,0.4300000071525574,0.4300000071525574,0.3015916347503662,2000
2018-08-13,0.42500001192092896,0.4350000023841858,0.42500001192092896,0.4350000023841858,0.30509844422340393,52000
2018-08-14,0.4300000071525574,0.4300000071525574,0.4300000071525574,0.4300000071525574,0.3015916347503662,0
2018-08-15,0.4300000071525574,0.4300000071525574,0.42500001192092896,0.42500001192092896,0.29808473587036133,4000
2018-08-16,0.41999998688697815,0.41999998688697815,0.41999998688697815,0.41999998688697815,0.29457783699035645,0
2018-08-17,0.41999998688697815,0.41999998688697815,0.41999998688697815,0.41999998688697815,0.29457783699035645,0
2018-08-20,0.41999998688697815,0.41999998688697815,0.41999998688697815,0.41999998688697815,0.29457783699035645,0
2018-08-21,0.4050000011920929,0.41999998688697815,0.3799999952316284,0.4099999964237213,0.2875640392303467,406000
2018-08-22,0.41499999165534973,0.41499999165534973,0.38499999046325684,0.39500001072883606,0.2770434319972992,802000
2018-08-23,0.38999998569488525,0.38999998569488525,0.3799999952316284,0.38499999046325684,0.2700296938419342,650000
2018-08-24,0.3799999952316284,0.38999998569488525,0.35499998927116394,0.375,0.2630159258842468,518000
2018-08-27,0.36500000953674316,0.375,0.35499998927116394,0.36500000953674316,0.2560022473335266,1324000
2018-08-28,0.36000001430511475,0.36500000953674316,0.33500000834465027,0.35499998927116394,0.24898844957351685,528000
2018-08-29,0.35499998927116394,0.35499998927116394,0.3400000035762787,0.3499999940395355,0.24548155069351196,132000
2018-08-30,0.3499999940395355,0.4000000059604645,0.3449999988079071,0.35499998927116394,0.24898844957351685,430000
2018-08-31,0.35499998927116394,0.36000001430511475,0.3400000035762787,0.3499999940395355,0.24548155069351196,460000
2018-09-03,0.3449999988079071,0.3449999988079071,0.3400000035762787,0.3400000035762787,0.23846781253814697,130000
2018-09-04,0.3499999940395355,0.3799999952316284,0.3400000035762787,0.35499998927116394,0.24898844957351685,906000
2018-09-05,0.36000001430511475,0.36000001430511475,0.33500000834465027,0.3400000035762787,0.23846781253814697,382000
2018-09-06,0.33500000834465027,0.33500000834465027,0.33500000834465027,0.33500000834465027,0.2349609136581421,100000
2018-09-07,0.33500000834465027,0.33500000834465027,0.3149999976158142,0.3199999928474426,0.22444026172161102,1259000
2018-09-10,0.3199999928474426,0.33500000834465027,0.3149999976158142,0.32499998807907104,0.22794713079929352,210000
2018-09-11,0.33000001311302185,0.33000001311302185,0.3199999928474426,0.33000001311302185,0.2314540147781372,66000
2018-09-12,0.3199999928474426,0.33500000834465027,0.3199999928474426,0.33000001311302185,0.2314540147781372,198000
2018-09-13,0.33500000834465027,0.3400000035762787,0.3199999928474426,0.33500000834465027,0.2349609136581421,288000
2018-09-14,0.33500000834465027,0.33500000834465027,0.33500000834465027,0.33500000834465027,0.2349609136581421,0
2018-09-17,0.33500000834465027,0.33500000834465027,0.33500000834465027,0.33500000834465027,0.2349609136581421,0
2018-09-18,0.33500000834465027,0.33500000834465027,0.33500000834465027,0.33500000834465027,0.2349609136581421,0
2018-09-19,0.32499998807907104,0.33500000834465027,0.32499998807907104,0.32499998807907104,0.22794713079929352,570000
2018-09-20,0.32499998807907104,0.32499998807907104,0.32499998807907104,0.32499998807907104,0.22794713079929352,0
2018-09-21,0.33000001311302185,0.33500000834465027,0.33000001311302185,0.33500000834465027,0.2349609136581421,32000
2018-09-24,0.33500000834465027,0.33500000834465027,0.33500000834465027,0.33500000834465027,0.2349609136581421,0
2018-09-26,0.33500000834465027,0.3499999940395355,0.33500000834465027,0.3449999988079071,0.2419746369123459,56000
2018-09-27,0.33000001311302185,0.3449999988079071,0.33000001311302185,0.3449999988079071,0.2419746369123459,102000
2018-09-28,0.3499999940395355,0.3499999940395355,0.32499998807907104,0.33000001311302185,0.2314540147781372,52000
2018-10-02,0.33000001311302185,0.3400000035762787,0.33000001311302185,0.3400000035762787,0.23846781253814697,26000
2018-10-03,0.3449999988079071,0.35499998927116394,0.3199999928474426,0.3499999940395355,0.24548155069351196,1772000
2018-10-04,0.33500000834465027,0.3400000035762787,0.32499998807907104,0.33000001311302185,0.2314540147781372,686000
2018-10-05,0.3400000035762787,0.3499999940395355,0.33000001311302185,0.3400000035762787,0.23846781253814697,260000
2018-10-08,0.3400000035762787,0.3449999988079071,0.3199999928474426,0.32499998807907104,0.22794713079929352,636000
2018-10-09,0.32499998807907104,0.32499998807907104,0.32499998807907104,0.32499998807907104,0.22794713079929352,0
2018-10-10,0.32499998807907104,0.3449999988079071,0.3149999976158142,0.32499998807907104,0.22794713079929352,102001
2018-10-11,0.3149999976158142,0.3199999928474426,0.28999999165534973,0.30000001192092896,0.21041278541088104,972000
2018-10-12,0.30000001192092896,0.3149999976158142,0.2849999964237213,0.29499998688697815,0.20690587162971497,276000
2018-10-15,0.28999999165534973,0.33000001311302185,0.2849999964237213,0.29499998688697815,0.20690587162971497,1303305
2018-10-16,0.29499998688697815,0.32499998807907104,0.2800000011920929,0.30000001192092896,0.21041278541088104,620000
2018-10-18,0.2849999964237213,0.30000001192092896,0.2849999964237213,0.28999999165534973,0.20339900255203247,114000
2018-10-19,0.30000001192092896,0.30000001192092896,0.2849999964237213,0.30000001192092896,0.21041278541088104,130000
2018-10-22,0.30000001192092896,0.3199999928474426,0.30000001192092896,0.3149999976158142,0.22093342244625092,697000
2018-10-23,0.3149999976158142,0.3149999976158142,0.29499998688697815,0.29499998688697815,0.20690587162971497,604000
2018-10-24,0.32499998807907104,0.32499998807907104,0.28999999165534973,0.3050000071525574,0.21391962468624115,200000
2018-10-25,0.30000001192092896,0.30000001192092896,0.2849999964237213,0.29499998688697815,0.20690587162971497,240000
2018-10-26,0.30000001192092896,0.30000001192092896,0.2849999964237213,0.2849999964237213,0.1998921036720276,168000
2018-10-29,0.29499998688697815,0.3100000023841858,0.2849999964237213,0.3050000071525574,0.21391962468624115,288000
2018-10-30,0.28999999165534973,0.3050000071525574,0.2849999964237213,0.28999999165534973,0.20339900255203247,456000
2018-10-31,0.29499998688697815,0.30000001192092896,0.28999999165534973,0.29499998688697815,0.20690587162971497,102000
2018-11-01,0.3100000023841858,0.3100000023841858,0.3100000023841858,0.3100000023841858,0.21742650866508484,0
2018-11-02,0.3149999976158142,0.3149999976158142,0.3050000071525574,0.3100000023841858,0.21742650866508484,332000
2018-11-05,0.3100000023841858,0.3199999928474426,0.3050000071525574,0.3149999976158142,0.22093342244625092,110000
2018-11-06,0.3050000071525574,0.3050000071525574,0.30000001192092896,0.30000001192092896,0.21041278541088104,142000
2018-11-07,0.3050000071525574,0.3149999976158142,0.3050000071525574,0.3149999976158142,0.22093342244625092,74000
2018-11-08,0.29499998688697815,0.30000001192092896,0.2849999964237213,0.28999999165534973,0.20339900255203247,801000
2018-11-09,0.28999999165534973,0.29499998688697815,0.2849999964237213,0.29499998688697815,0.20690587162971497,200000
2018-11-12,0.2849999964237213,0.29499998688697815,0.2800000011920929,0.28999999165534973,0.20339900255203247,976000
2018-11-13,0.2849999964237213,0.2849999964237213,0.2750000059604645,0.2849999964237213,0.1998921036720276,402000
2018-11-14,0.2849999964237213,0.2849999964237213,0.2750000059604645,0.2849999964237213,0.1998921036720276,508000
2018-11-15,0.2800000011920929,0.2849999964237213,0.2750000059604645,0.2800000011920929,0.1963852196931839,100000
2018-11-16,0.2800000011920929,0.28999999165534973,0.27000001072883606,0.28999999165534973,0.20339900255203247,608000
2018-11-19,0.2800000011920929,0.28999999165534973,0.2800000011920929,0.28999999165534973,0.20339900255203247,230000
2018-11-20,0.2750000059604645,0.2800000011920929,0.26499998569488525,0.2800000011920929,0.1963852196931839,36000
2018-11-21,0.2750000059604645,0.28999999165534973,0.27000001072883606,0.2800000011920929,0.1963852196931839,328000
2018-11-22,0.2800000011920929,0.28999999165534973,0.2800000011920929,0.2849999964237213,0.1998921036720276,180000
2018-11-23,0.29499998688697815,0.33000001311302185,0.28999999165534973,0.3050000071525574,0.21391962468624115,932000
2018-11-26,0.3050000071525574,0.3400000035762787,0.3050000071525574,0.33000001311302185,0.2314540147781372,4983000
2018-11-27,0.33000001311302185,0.35499998927116394,0.3149999976158142,0.3449999988079071,0.2419746369123459,7801995
2018-11-28,0.3449999988079071,0.3499999940395355,0.33000001311302185,0.3449999988079071,0.2419746369123459,1304000
2018-11-29,0.33000001311302185,0.33500000834465027,0.3199999928474426,0.33500000834465027,0.2349609136581421,1384000
2018-11-30,0.33500000834465027,0.3400000035762787,0.33000001311302185,0.33000001311302185,0.2314540147781372,324000
2018-12-03,0.32499998807907104,0.33500000834465027,0.3199999928474426,0.33000001311302185,0.2314540147781372,1118000
2018-12-04,0.3199999928474426,0.33000001311302185,0.3149999976158142,0.3149999976158142,0.22093342244625092,962000
2018-12-05,0.3149999976158142,0.32499998807907104,0.3100000023841858,0.3199999928474426,0.22444026172161102,878000
2018-12-06,0.3149999976158142,0.3199999928474426,0.3149999976158142,0.3149999976158142,0.22093342244625092,612000
2018-12-07,0.3149999976158142,0.33000001311302185,0.3050000071525574,0.3100000023841858,0.21742650866508484,746000
2018-12-10,0.3149999976158142,0.3149999976158142,0.29499998688697815,0.3100000023841858,0.21742650866508484,120000
2018-12-11,0.30000001192092896,0.3050000071525574,0.29499998688697815,0.29499998688697815,0.20690587162971497,302000
2018-12-12,0.30000001192092896,0.3050000071525574,0.29499998688697815,0.3050000071525574,0.21391962468624115,224000
2018-12-13,0.30000001192092896,0.3100000023841858,0.28999999165534973,0.3100000023841858,0.21742650866508484,148000
2018-12-14,0.29499998688697815,0.3050000071525574,0.29499998688697815,0.3050000071525574,0.21391962468624115,224000
2018-12-17,0.29499998688697815,0.3100000023841858,0.28999999165534973,0.30000001192092896,0.21041278541088104,172000
2018-12-18,0.3050000071525574,0.3199999928474426,0.30000001192092896,0.30000001192092896,0.21041278541088104,824000
2018-12-19,0.30000001192092896,0.3199999928474426,0.30000001192092896,0.3100000023841858,0.21742650866508484,1006000
2018-12-20,0.3149999976158142,0.3199999928474426,0.3050000071525574,0.3199999928474426,0.22444026172161102,1404000
2018-12-21,0.3100000023841858,0.32499998807907104,0.29499998688697815,0.29499998688697815,0.20690587162971497,2485000
2018-12-24,0.28999999165534973,0.3100000023841858,0.28999999165534973,0.3100000023841858,0.21742650866508484,392000
2018-12-27,0.3149999976158142,0.3199999928474426,0.29499998688697815,0.30000001192092896,0.21041278541088104,1044000
2018-12-28,0.29499998688697815,0.30000001192092896,0.28999999165534973,0.30000001192092896,0.21041278541088104,722000
2018-12-31,0.28999999165534973,0.29499998688697815,0.2849999964237213,0.28999999165534973,0.20339900255203247,276000
2019-01-02,0.2849999964237213,0.3050000071525574,0.2800000011920929,0.28999999165534973,0.20339900255203247,556000
2019-01-03,0.2849999964237213,0.28999999165534973,0.2800000011920929,0.2800000011920929,0.1963852196931839,774000
2019-01-04,0.2849999964237213,0.29499998688697815,0.2849999964237213,0.28999999165534973,0.20339900255203247,294000
2019-01-07,0.2849999964237213,0.29499998688697815,0.27000001072883606,0.2800000011920929,0.1963852196931839,352000
2019-01-08,0.2849999964237213,0.28999999165534973,0.2800000011920929,0.28999999165534973,0.20339900255203247,222000
2019-01-09,0.2849999964237213,0.28999999165534973,0.2800000011920929,0.2849999964237213,0.1998921036720276,1294000
2019-01-10,0.2849999964237213,0.2849999964237213,0.2800000011920929,0.2800000011920929,0.1963852196931839,40000
2019-01-11,0.2800000011920929,0.2800000011920929,0.2800000011920929,0.2800000011920929,0.1963852196931839,0
2019-01-14,0.2849999964237213,0.28999999165534973,0.2849999964237213,0.28999999165534973,0.20339900255203247,34000
2019-01-15,0.2800000011920929,0.28999999165534973,0.27000001072883606,0.2800000011920929,0.1963852196931839,362000
2019-01-16,0.2849999964237213,0.3149999976158142,0.2849999964237213,0.3100000023841858,0.21742650866508484,1284000
2019-01-17,0.3100000023841858,0.3199999928474426,0.2849999964237213,0.3100000023841858,0.21742650866508484,1282000
2019-01-18,0.3149999976158142,0.3199999928474426,0.3100000023841858,0.3149999976158142,0.22093342244625092,715000
2019-01-21,0.3100000023841858,0.32499998807907104,0.3100000023841858,0.3100000023841858,0.21742650866508484,788000
2019-01-22,0.3100000023841858,0.3149999976158142,0.3100000023841858,0.3100000023841858,0.21742650866508484,244000
2019-01-23,0.3100000023841858,0.3199999928474426,0.3100000023841858,0.3199999928474426,0.22444026172161102,1058000
2019-01-24,0.3199999928474426,0.3199999928474426,0.3149999976158142,0.3199999928474426,0.22444026172161102,256000
2019-01-25,0.3199999928474426,0.33000001311302185,0.3149999976158142,0.32499998807907104,0.22794713079929352,88000
2019-01-28,0.33000001311302185,0.33000001311302185,0.3199999928474426,0.3199999928474426,0.22444026172161102,669000
2019-01-29,0.32499998807907104,0.32499998807907104,0.3199999928474426,0.32499998807907104,0.22794713079929352,192000
2019-01-30,0.32499998807907104,0.33500000834465027,0.32499998807907104,0.33000001311302185,0.2314540147781372,78000
2019-01-31,0.33000001311302185,0.33500000834465027,0.3199999928474426,0.3199999928474426,0.22444026172161102,142000
2019-02-01,0.3199999928474426,0.36000001430511475,0.3199999928474426,0.3499999940395355,0.24548155069351196,7844000
2019-02-04,0.3499999940395355,0.36000001430511475,0.33500000834465027,0.3449999988079071,0.2419746369123459,1198000
2019-02-08,0.3449999988079071,0.3499999940395355,0.33000001311302185,0.3400000035762787,0.23846781253814697,163000
2019-02-11,0.33500000834465027,0.3400000035762787,0.32499998807907104,0.3400000035762787,0.23846781253814697,494000
2019-02-12,0.33500000834465027,0.3499999940395355,0.33000001311302185,0.3400000035762787,0.23846781253814697,1294000
2019-02-13,0.3449999988079071,0.3499999940395355,0.33000001311302185,0.3449999988079071,0.2419746369123459,748000
2019-02-14,0.3449999988079071,0.3499999940395355,0.33500000834465027,0.33500000834465027,0.2349609136581421,1532000
2019-02-15,0.33500000834465027,0.3449999988079071,0.33500000834465027,0.3400000035762787,0.23846781253814697,450000
2019-02-18,0.3400000035762787,0.3449999988079071,0.33500000834465027,0.3449999988079071,0.2419746369123459,586000
2019-02-19,0.3449999988079071,0.3499999940395355,0.3400000035762787,0.3449999988079071,0.2419746369123459,134000
2019-02-20,0.3499999940395355,0.35499998927116394,0.3400000035762787,0.3449999988079071,0.2419746369123459,266000
2019-02-21,0.3499999940395355,0.35499998927116394,0.3400000035762787,0.3449999988079071,0.2419746369123459,184000
2019-02-22,0.3400000035762787,0.36000001430511475,0.3400000035762787,0.36000001430511475,0.25249531865119934,68000
2019-02-25,0.36000001430511475,0.36000001430511475,0.3449999988079071,0.3449999988079071,0.2419746369123459,348000
2019-02-26,0.3499999940395355,0.36000001430511475,0.3499999940395355,0.36000001430511475,0.25249531865119934,212000
2019-02-27,0.35499998927116394,0.3700000047683716,0.3499999940395355,0.36000001430511475,0.25249531865119934,948000
2019-02-28,0.35499998927116394,0.36000001430511475,0.3499999940395355,0.35499998927116394,0.24898844957351685,570000
2019-03-01,0.36000001430511475,0.3700000047683716,0.35499998927116394,0.35499998927116394,0.24898844957351685,183000
2019-03-04,0.35499998927116394,0.3700000047683716,0.3499999940395355,0.3499999940395355,0.24548155069351196,112000
2019-03-05,0.36000001430511475,0.36000001430511475,0.35499998927116394,0.36000001430511475,0.25249531865119934,76000
2019-03-06,0.36000001430511475,0.36500000953674316,0.35499998927116394,0.36000001430511475,0.25249531865119934,552000
2019-03-07,0.3700000047683716,0.3700000047683716,0.3499999940395355,0.3499999940395355,0.24548155069351196,236000
2019-03-08,0.3499999940395355,0.35499998927116394,0.3499999940395355,0.3499999940395355,0.24548155069351196,228000
2019-03-11,0.35499998927116394,0.35499998927116394,0.3499999940395355,0.35499998927116394,0.24898844957351685,42000
2019-03-12,0.35499998927116394,0.36000001430511475,0.35499998927116394,0.35499998927116394,0.24898844957351685,614000
2019-03-13,0.3499999940395355,0.36000001430511475,0.3499999940395355,0.36000001430511475,0.25249531865119934,74000
2019-03-14,0.36000001430511475,0.3700000047683716,0.35499998927116394,0.35499998927116394,0.24898844957351685,346000
2019-03-15,0.35499998927116394,0.3700000047683716,0.35499998927116394,0.36500000953674316,0.2560022473335266,660000
2019-03-18,0.35499998927116394,0.36500000953674316,0.35499998927116394,0.35499998927116394,0.24898844957351685,176000
2019-03-19,0.36000001430511475,0.36500000953674316,0.35499998927116394,0.35499998927116394,0.24898844957351685,631000
2019-03-20,0.36000001430511475,0.36500000953674316,0.36000001430511475,0.36000001430511475,0.25249531865119934,112000
2019-03-21,0.36000001430511475,0.36500000953674316,0.35499998927116394,0.35499998927116394,0.24898844957351685,430000
2019-03-22,0.35499998927116394,0.36500000953674316,0.35499998927116394,0.36500000953674316,0.2560022473335266,30000
2019-03-25,0.36000001430511475,0.36000001430511475,0.35499998927116394,0.36000001430511475,0.25249531865119934,108000
2019-03-26,0.36000001430511475,0.36000001430511475,0.35499998927116394,0.36000001430511475,0.25249531865119934,64000
2019-03-27,0.36000001430511475,0.3799999952316284,0.3499999940395355,0.36500000953674316,0.2560022473335266,696000
2019-03-28,0.36000001430511475,0.36000001430511475,0.3449999988079071,0.3499999940395355,0.24548155069351196,986000
2019-03-29,0.3499999940395355,0.36000001430511475,0.33000001311302185,0.3449999988079071,0.2419746369123459,332000
2019-04-01,0.3400000035762787,0.3400000035762787,0.3100000023841858,0.32499998807907104,0.22794713079929352,1394000
2019-04-02,0.32499998807907104,0.3400000035762787,0.3149999976158142,0.32499998807907104,0.22794713079929352,858000
2019-04-03,0.33000001311302185,0.33500000834465027,0.32499998807907104,0.33000001311302185,0.2314540147781372,214000
2019-04-04,0.33000001311302185,0.33000001311302185,0.3199999928474426,0.32499998807907104,0.22794713079929352,514000
2019-04-08,0.32499998807907104,0.33500000834465027,0.32499998807907104,0.32499998807907104,0.22794713079929352,60000
2019-04-09,0.33000001311302185,0.3499999940395355,0.32499998807907104,0.3400000035762787,0.23846781253814697,449000
2019-04-10,0.32499998807907104,0.3400000035762787,0.32499998807907104,0.33000001311302185,0.2314540147781372,262000
2019-04-11,0.33500000834465027,0.33500000834465027,0.32499998807907104,0.32499998807907104,0.22794713079929352,370000
2019-04-12,0.3400000035762787,0.3449999988079071,0.33500000834465027,0.3400000035762787,0.23846781253814697,424000
2019-04-15,0.3400000035762787,0.3400000035762787,0.32499998807907104,0.32499998807907104,0.22794713079929352,882000
2019-04-16,0.33500000834465027,0.3499999940395355,0.32499998807907104,0.32499998807907104,0.22794713079929352,660000
2019-04-17,0.33500000834465027,0.33500000834465027,0.3199999928474426,0.32499998807907104,0.22794713079929352,896000
2019-04-18,0.32499998807907104,0.33000001311302185,0.3199999928474426,0.3199999928474426,0.22444026172161102,246000
2019-04-23,0.33000001311302185,0.33000001311302185,0.3199999928474426,0.32499998807907104,0.22794713079929352,84000
2019-04-24,0.32499998807907104,0.3400000035762787,0.32499998807907104,0.33000001311302185,0.2314540147781372,276000
2019-04-25,0.32499998807907104,0.3400000035762787,0.32499998807907104,0.3400000035762787,0.23846781253814697,196000
2019-04-26,0.33500000834465027,0.33500000834465027,0.3199999928474426,0.3199999928474426,0.22444026172161102,458000
2019-04-29,0.32499998807907104,0.33000001311302185,0.32499998807907104,0.33000001311302185,0.2314540147781372,42000
2019-04-30,0.33000001311302185,0.33500000834465027,0.3199999928474426,0.3199999928474426,0.22444026172161102,600000
2019-05-02,0.3199999928474426,0.33500000834465027,0.3199999928474426,0.32499998807907104,0.22794713079929352,158000
2019-05-03,0.33000001311302185,0.33500000834465027,0.3199999928474426,0.3199999928474426,0.22444026172161102,198000
2019-05-06,0.3199999928474426,0.3199999928474426,0.3050000071525574,0.3050000071525574,0.21391962468624115,626000
2019-05-07,0.3149999976158142,0.3199999928474426,0.3100000023841858,0.3199999928474426,0.22444026172161102,194000
2019-05-08,0.3149999976158142,0.32499998807907104,0.3100000023841858,0.3149999976158142,0.22093342244625092,228000
2019-05-09,0.3100000023841858,0.32499998807907104,0.30000001192092896,0.3100000023841858,0.21742650866508484,198000
2019-05-10,0.3100000023841858,0.3400000035762787,0.3100000023841858,0.33000001311302185,0.2314540147781372,558000
2019-05-14,0.33000001311302185,0.33000001311302185,0.33000001311302185,0.33000001311302185,0.2314540147781372,0
2019-05-15,0.3499999940395355,0.3499999940395355,0.3199999928474426,0.33500000834465027,0.2349609136581421,1402000
2019-05-16,0.3199999928474426,0.33000001311302185,0.3149999976158142,0.32499998807907104,0.22794713079929352,360000
2019-05-17,0.32499998807907104,0.33500000834465027,0.3149999976158142,0.3199999928474426,0.22444026172161102,354000
2019-05-20,0.3199999928474426,0.33500000834465027,0.3100000023841858,0.3149999976158142,0.22093342244625092,636000
2019-05-21,0.3199999928474426,0.3400000035762787,0.3199999928474426,0.3199999928474426,0.22444026172161102,650000
2019-05-22,0.33500000834465027,0.3400000035762787,0.3199999928474426,0.33500000834465027,0.2349609136581421,188000
2019-05-23,0.33000001311302185,0.33000001311302185,0.3100000023841858,0.3199999928474426,0.22444026172161102,544000
2019-05-24,0.3199999928474426,0.33000001311302185,0.3100000023841858,0.3199999928474426,0.22444026172161102,266000
2019-05-27,0.32499998807907104,0.33500000834465027,0.32499998807907104,0.32499998807907104,0.22794713079929352,178000
2019-05-28,0.33000001311302185,0.33500000834465027,0.3149999976158142,0.33000001311302185,0.2314540147781372,598000
2019-05-29,0.3449999988079071,0.3449999988079071,0.3149999976158142,0.3199999928474426,0.22444026172161102,592000
2019-05-30,0.3400000035762787,0.3400000035762787,0.33000001311302185,0.33000001311302185,0.2314540147781372,124000
2019-05-31,0.33000001311302185,0.33000001311302185,0.3199999928474426,0.3199999928474426,0.22444026172161102,206000
2019-06-03,0.3199999928474426,0.33000001311302185,0.3199999928474426,0.33000001311302185,0.2314540147781372,172000
2019-06-04,0.32499998807907104,0.32499998807907104,0.32499998807907104,0.32499998807907104,0.22794713079929352,0
2019-06-05,0.32499998807907104,0.3400000035762787,0.3199999928474426,0.33500000834465027,0.2349609136581421,234000
2019-06-06,0.33000001311302185,0.33000001311302185,0.3149999976158142,0.3199999928474426,0.22444026172161102,576000
2019-06-10,0.33000001311302185,0.3499999940395355,0.3199999928474426,0.3199999928474426,0.22444026172161102,1012000
2019-06-11,0.33000001311302185,0.3400000035762787,0.3199999928474426,0.3199999928474426,0.22444026172161102,902000
2019-06-12,0.3199999928474426,0.3400000035762787,0.3199999928474426,0.32499998807907104,0.22794713079929352,962000
2019-06-13,0.32499998807907104,0.33500000834465027,0.32499998807907104,0.33000001311302185,0.2314540147781372,374000
2019-06-14,0.3400000035762787,0.35499998927116394,0.33000001311302185,0.3499999940395355,0.24548155069351196,1296000
2019-06-17,0.3400000035762787,0.3499999940395355,0.3400000035762787,0.3400000035762787,0.23846781253814697,132000
2019-06-18,0.3449999988079071,0.3499999940395355,0.33500000834465027,0.3499999940395355,0.24548155069351196,266000
2019-06-19,0.3499999940395355,0.36000001430511475,0.3400000035762787,0.3499999940395355,0.24548155069351196,478000
2019-06-20,0.36000001430511475,0.36000001430511475,0.3449999988079071,0.3499999940395355,0.24548155069351196,528000
2019-06-21,0.3449999988079071,0.36000001430511475,0.3400000035762787,0.3400000035762787,0.23846781253814697,130000
2019-06-24,0.3449999988079071,0.35499998927116394,0.3449999988079071,0.35499998927116394,0.24898844957351685,26000
2019-06-25,0.3449999988079071,0.3499999940395355,0.33000001311302185,0.3499999940395355,0.24548155069351196,256000
2019-06-26,0.3499999940395355,0.4000000059604645,0.3499999940395355,0.39500001072883606,0.2770434319972992,6396000
2019-06-27,0.4000000059604645,0.4099999964237213,0.3700000047683716,0.3799999952316284,0.2665228247642517,4856000
2019-06-28,0.375,0.3799999952316284,0.3700000047683716,0.375,0.2630159258842468,700000
2019-07-02,0.375,0.38999998569488525,0.375,0.3799999952316284,0.2665228247642517,870000
2019-07-03,0.3799999952316284,0.38499999046325684,0.3700000047683716,0.375,0.2630159258842468,180000
2019-07-04,0.375,0.39500001072883606,0.375,0.3799999952316284,0.2665228247642517,828000
2019-07-05,0.38499999046325684,0.4000000059604645,0.375,0.38499999046325684,0.2700296938419342,142000
2019-07-08,0.3799999952316284,0.3799999952316284,0.36500000953674316,0.3700000047683716,0.25950905680656433,464000
2019-07-09,0.36500000953674316,0.375,0.36500000953674316,0.3700000047683716,0.25950905680656433,528000
2019-07-10,0.36500000953674316,0.38499999046325684,0.36000001430511475,0.36000001430511475,0.25249531865119934,498000
2019-07-11,0.36000001430511475,0.36500000953674316,0.35499998927116394,0.35499998927116394,0.24898844957351685,238000
2019-07-12,0.36000001430511475,0.36500000953674316,0.3499999940395355,0.35499998927116394,0.24898844957351685,308000
2019-07-15,0.3499999940395355,0.36000001430511475,0.3400000035762787,0.3449999988079071,0.2419746369123459,636000
2019-07-16,0.3400000035762787,0.3499999940395355,0.32499998807907104,0.33500000834465027,0.2349609136581421,1166000
2019-07-17,0.33000001311302185,0.3499999940395355,0.33000001311302185,0.3499999940395355,0.24548155069351196,194000
2019-07-18,0.3499999940395355,0.3499999940395355,0.3499999940395355,0.3499999940395355,0.24548155069351196,0
2019-07-19,0.3499999940395355,0.3499999940395355,0.3499999940395355,0.3499999940395355,0.24548155069351196,0
2019-07-22,0.3400000035762787,0.3499999940395355,0.3100000023841858,0.33500000834465027,0.2349609136581421,348000
2019-07-23,0.3400000035762787,0.3499999940395355,0.3400000035762787,0.3400000035762787,0.23846781253814697,102000
2019-07-24,0.3400000035762787,0.35499998927116394,0.3400000035762787,0.3499999940395355,0.24548155069351196,140002
2019-07-25,0.3449999988079071,0.36000001430511475,0.3400000035762787,0.3400000035762787,0.23846781253814697,190000
2019-07-26,0.3400000035762787,0.3449999988079071,0.3400000035762787,0.3400000035762787,0.23846781253814697,234000
2019-07-29,0.33500000834465027,0.3449999988079071,0.33500000834465027,0.3449999988079071,0.2419746369123459,2684000
2019-07-30,0.3449999988079071,0.3499999940395355,0.32499998807907104,0.33000001311302185,0.2314540147781372,946000
2019-07-31,0.33000001311302185,0.33000001311302185,0.33000001311302185,0.33000001311302185,0.2314540147781372,0
2019-08-01,0.33000001311302185,0.3400000035762787,0.32499998807907104,0.32499998807907104,0.22794713079929352,878000
2019-08-02,0.33000001311302185,0.3499999940395355,0.3199999928474426,0.32499998807907104,0.22794713079929352,730000
2019-08-05,0.3100000023841858,0.3199999928474426,0.2750000059604645,0.2800000011920929,0.1963852196931839,1635142
2019-08-06,0.27000001072883606,0.2800000011920929,0.2549999952316284,0.26499998569488525,0.18586459755897522,2584000
2019-08-07,0.25999999046325684,0.2849999964237213,0.25,0.2800000011920929,0.1963852196931839,1220000
2019-08-08,0.28999999165534973,0.3100000023841858,0.28999999165534973,0.29499998688697815,0.20690587162971497,248000
2019-08-09,0.3100000023841858,0.3100000023841858,0.2849999964237213,0.28999999165534973,0.20339900255203247,1368000
2019-08-12,0.2849999964237213,0.30000001192092896,0.2849999964237213,0.30000001192092896,0.21041278541088104,224000
2019-08-13,0.2849999964237213,0.29499998688697815,0.2800000011920929,0.29499998688697815,0.20690587162971497,70000
2019-08-14,0.2800000011920929,0.2849999964237213,0.27000001072883606,0.2750000059604645,0.1928783655166626,572000
2019-08-15,0.2800000011920929,0.2800000011920929,0.2750000059604645,0.2750000059604645,0.1928783655166626,108000
2019-08-16,0.27000001072883606,0.2849999964237213,0.26499998569488525,0.2750000059604645,0.1928783655166626,258000
2019-08-19,0.2800000011920929,0.29499998688697815,0.2800000011920929,0.28999999165534973,0.20339900255203247,636000
2019-08-20,0.28999999165534973,0.3100000023841858,0.28999999165534973,0.3050000071525574,0.21391962468624115,1080400
2019-08-21,0.3050000071525574,0.3050000071525574,0.3050000071525574,0.3050000071525574,0.21391962468624115,0
2019-08-22,0.30000001192092896,0.3149999976158142,0.30000001192092896,0.3100000023841858,0.21742650866508484,54000
2019-08-23,0.3100000023841858,0.33000001311302185,0.3100000023841858,0.3199999928474426,0.22444026172161102,1279960
2019-08-26,0.3100000023841858,0.3149999976158142,0.2849999964237213,0.28999999165534973,0.20339900255203247,730000
2019-08-27,0.28999999165534973,0.29499998688697815,0.28999999165534973,0.29499998688697815,0.20690587162971497,772000
2019-08-28,0.2849999964237213,0.3199999928474426,0.2849999964237213,0.28999999165534973,0.20339900255203247,553711
2019-08-29,0.28999999165534973,0.30000001192092896,0.2800000011920929,0.29499998688697815,0.20690587162971497,348085
2019-08-30,0.28999999165534973,0.30000001192092896,0.28999999165534973,0.29499998688697815,0.20690587162971497,768000
2019-09-02,0.2849999964237213,0.30000001192092896,0.2849999964237213,0.30000001192092896,0.21041278541088104,18000
2019-09-03,0.29499998688697815,0.3100000023841858,0.29499998688697815,0.3100000023841858,0.21742650866508484,60000
2019-09-04,0.3050000071525574,0.3050000071525574,0.30000001192092896,0.30000001192092896,0.21041278541088104,965000
2019-09-05,0.30000001192092896,0.3100000023841858,0.29499998688697815,0.30000001192092896,0.21041278541088104,1472000
2019-09-06,0.30000001192092896,0.3149999976158142,0.30000001192092896,0.3149999976158142,0.22093342244625092,73300
2019-09-09,0.3050000071525574,0.3050000071525574,0.3050000071525574,0.3050000071525574,0.21391962468624115,0
2019-09-10,0.30000001192092896,0.3199999928474426,0.30000001192092896,0.3050000071525574,0.21391962468624115,576000
2019-09-11,0.3050000071525574,0.3199999928474426,0.3050000071525574,0.3199999928474426,0.22444026172161102,546000
2019-09-12,0.3100000023841858,0.3199999928474426,0.3100000023841858,0.3100000023841858,0.21742650866508484,114000
2019-09-13,0.3100000023841858,0.32499998807907104,0.3100000023841858,0.3199999928474426,0.22444026172161102,652000
2019-09-16,0.3199999928474426,0.3199999928474426,0.3149999976158142,0.3199999928474426,0.22444026172161102,102000
2019-09-17,0.3199999928474426,0.33500000834465027,0.3199999928474426,0.33000001311302185,0.2314540147781372,332000
2019-09-18,0.33000001311302185,0.33000001311302185,0.3199999928474426,0.33000001311302185,0.2314540147781372,110000
2019-09-19,0.32499998807907104,0.33000001311302185,0.3199999928474426,0.3199999928474426,0.22444026172161102,584000
2019-09-20,0.33000001311302185,0.33500000834465027,0.32499998807907104,0.33000001311302185,0.2314540147781372,636000
2019-09-23,0.33000001311302185,0.33000001311302185,0.32499998807907104,0.32499998807907104,0.22794713079929352,435000
2019-09-24,0.3199999928474426,0.33000001311302185,0.3199999928474426,0.33000001311302185,0.2314540147781372,48000
2019-09-25,0.32499998807907104,0.33000001311302185,0.32499998807907104,0.33000001311302185,0.2314540147781372,32000
2019-09-26,0.3199999928474426,0.33500000834465027,0.3199999928474426,0.32499998807907104,0.22794713079929352,824000
2019-09-27,0.3199999928474426,0.32499998807907104,0.3199999928474426,0.32499998807907104,0.22794713079929352,16000
2019-09-30,0.3199999928474426,0.33000001311302185,0.3199999928474426,0.3199999928474426,0.22444026172161102,256000
2019-10-02,0.3199999928474426,0.3199999928474426,0.3199999928474426,0.3199999928474426,0.22444026172161102,0
2019-10-03,0.3199999928474426,0.3199999928474426,0.3199999928474426,0.3199999928474426,0.22444026172161102,0
2019-10-04,0.3199999928474426,0.3199999928474426,0.3199999928474426,0.3199999928474426,0.22444026172161102,0
2019-10-08,0.3149999976158142,0.3199999928474426,0.3100000023841858,0.3149999976158142,0.22093342244625092,448000
2019-10-09,0.3100000023841858,0.3149999976158142,0.3100000023841858,0.3100000023841858,0.21742650866508484,324000
2019-10-10,0.3100000023841858,0.3199999928474426,0.30000001192092896,0.3199999928474426,0.22444026172161102,1714000
2019-10-11,0.3199999928474426,0.33000001311302185,0.3149999976158142,0.3199999928474426,0.22444026172161102,154000
2019-10-14,0.3199999928474426,0.3199999928474426,0.3100000023841858,0.3149999976158142,0.22093342244625092,134000
2019-10-15,0.3149999976158142,0.3149999976158142,0.28999999165534973,0.3100000023841858,0.21742650866508484,2036000
2019-10-16,0.3050000071525574,0.3100000023841858,0.2849999964237213,0.30000001192092896,0.21041278541088104,1608000
2019-10-17,0.30000001192092896,0.30000001192092896,0.28999999165534973,0.29499998688697815,0.20690587162971497,398000
2019-10-18,0.3050000071525574,0.3050000071525574,0.27000001072883606,0.2800000011920929,0.1963852196931839,2388000
2019-10-21,0.2800000011920929,0.30000001192092896,0.2750000059604645,0.2750000059604645,0.1928783655166626,1174000
2019-10-22,0.2800000011920929,0.29499998688697815,0.2800000011920929,0.28999999165534973,0.20339900255203247,174000
2019-10-23,0.28999999165534973,0.29499998688697815,0.28999999165534973,0.28999999165534973,0.20339900255203247,88000
2019-10-24,0.28999999165534973,0.29499998688697815,0.2800000011920929,0.28999999165534973,0.20339900255203247,488000
2019-10-25,0.29499998688697815,0.30000001192092896,0.2849999964237213,0.29499998688697815,0.20690587162971497,884000
2019-10-28,0.29499998688697815,0.3100000023841858,0.29499998688697815,0.29499998688697815,0.20690587162971497,440000
2019-10-29,0.29499998688697815,0.30000001192092896,0.28999999165534973,0.28999999165534973,0.20339900255203247,558000
2019-10-30,0.29499998688697815,0.30000001192092896,0.29499998688697815,0.30000001192092896,0.21041278541088104,60000
2019-10-31,0.3100000023841858,0.32499998807907104,0.3050000071525574,0.32499998807907104,0.22794713079929352,2278000
2019-11-01,0.3199999928474426,0.32499998807907104,0.3149999976158142,0.3149999976158142,0.22093342244625092,614000
2019-11-04,0.3199999928474426,0.32499998807907104,0.3149999976158142,0.3149999976158142,0.22093342244625092,140000
2019-11-05,0.3100000023841858,0.33000001311302185,0.3100000023841858,0.3149999976158142,0.22093342244625092,253000
2019-11-06,0.3199999928474426,0.33000001311302185,0.3199999928474426,0.33000001311302185,0.2314540147781372,874000
2019-11-07,0.32499998807907104,0.3400000035762787,0.32499998807907104,0.32499998807907104,0.22794713079929352,560000
2019-11-08,0.33000001311302185,0.3499999940395355,0.3050000071525574,0.33000001311302185,0.2314540147781372,864000
2019-11-11,0.33000001311302185,0.3400000035762787,0.32499998807907104,0.32499998807907104,0.22794713079929352,383000
2019-11-12,0.3199999928474426,0.3400000035762787,0.3199999928474426,0.32499998807907104,0.22794713079929352,278000
2019-11-13,0.32499998807907104,0.33000001311302185,0.32499998807907104,0.33000001311302185,0.2314540147781372,238000
2019-11-14,0.3199999928474426,0.3400000035762787,0.3149999976158142,0.3149999976158142,0.22093342244625092,650000
2019-11-15,0.3400000035762787,0.3400000035762787,0.3199999928474426,0.32499998807907104,0.22794713079929352,488000
2019-11-18,0.3100000023841858,0.32499998807907104,0.3050000071525574,0.3050000071525574,0.21391962468624115,1594000
2019-11-19,0.3050000071525574,0.3149999976158142,0.3050000071525574,0.3050000071525574,0.21391962468624115,355000
2019-11-20,0.3050000071525574,0.3100000023841858,0.30000001192092896,0.30000001192092896,0.21041278541088104,654000
2019-11-21,0.30000001192092896,0.3149999976158142,0.30000001192092896,0.3100000023841858,0.21742650866508484,118000
2019-11-22,0.30000001192092896,0.3050000071525574,0.30000001192092896,0.30000001192092896,0.21041278541088104,254000
2019-11-25,0.3050000071525574,0.3050000071525574,0.30000001192092896,0.30000001192092896,0.21041278541088104,282000
2019-11-26,0.3050000071525574,0.3149999976158142,0.30000001192092896,0.3100000023841858,0.21742650866508484,616000
2019-11-27,0.30000001192092896,0.3100000023841858,0.30000001192092896,0.30000001192092896,0.21041278541088104,470000
2019-11-28,0.30000001192092896,0.3050000071525574,0.29499998688697815,0.29499998688697815,0.20690587162971497,100000
2019-11-29,0.29499998688697815,0.3100000023841858,0.29499998688697815,0.3100000023841858,0.21742650866508484,38000
2019-12-02,0.29499998688697815,0.3050000071525574,0.29499998688697815,0.29499998688697815,0.20690587162971497,14000
2019-12-03,0.3050000071525574,0.3100000023841858,0.3050000071525574,0.3050000071525574,0.21391962468624115,48000
2019-12-04,0.3100000023841858,0.3400000035762787,0.30000001192092896,0.3050000071525574,0.21391962468624115,2512000
2019-12-05,0.3149999976158142,0.3149999976158142,0.3149999976158142,0.3149999976158142,0.22093342244625092,0
2019-12-06,0.3100000023841858,0.3100000023841858,0.3100000023841858,0.3100000023841858,0.21742650866508484,0
2019-12-09,0.3149999976158142,0.32499998807907104,0.3100000023841858,0.3100000023841858,0.21742650866508484,60000
2019-12-10,0.3100000023841858,0.32499998807907104,0.3100000023841858,0.32499998807907104,0.22794713079929352,142000
2019-12-11,0.32499998807907104,0.33000001311302185,0.3199999928474426,0.3199999928474426,0.22444026172161102,372000
2019-12-12,0.32499998807907104,0.33000001311302185,0.3100000023841858,0.3199999928474426,0.22444026172161102,192000
2019-12-13,0.32499998807907104,0.33500000834465027,0.3199999928474426,0.32499998807907104,0.22794713079929352,284000
2019-12-16,0.33000001311302185,0.33500000834465027,0.32499998807907104,0.33000001311302185,0.2314540147781372,430000
2019-12-17,0.33000001311302185,0.3449999988079071,0.32499998807907104,0.3400000035762787,0.23846781253814697,511000
2019-12-18,0.3400000035762787,0.3449999988079071,0.33000001311302185,0.3400000035762787,0.23846781253814697,467000
2019-12-19,0.3449999988079071,0.36000001430511475,0.3449999988079071,0.35499998927116394,0.24898844957351685,1436000
2019-12-20,0.3400000035762787,0.35499998927116394,0.3400000035762787,0.3400000035762787,0.23846781253814697,34000
2019-12-23,0.3400000035762787,0.36000001430511475,0.3400000035762787,0.3400000035762787,0.23846781253814697,76000
2019-12-24,0.3400000035762787,0.3400000035762787,0.3400000035762787,0.3400000035762787,0.23846781253814697,0
2019-12-27,0.3400000035762787,0.35499998927116394,0.3400000035762787,0.3499999940395355,0.24548155069351196,14000
2019-12-30,0.35499998927116394,0.36000001430511475,0.35499998927116394,0.35499998927116394,0.24898844957351685,434000
2019-12-31,0.35499998927116394,0.35499998927116394,0.35499998927116394,0.35499998927116394,0.24898844957351685,30000
2020-01-02,0.36000001430511475,0.375,0.35499998927116394,0.3700000047683716,0.25950905680656433,774000
2020-01-03,0.3799999952316284,0.3799999952316284,0.3700000047683716,0.375,0.2630159258842468,692000
2020-01-06,0.375,0.38499999046325684,0.375,0.3799999952316284,0.2665228247642517,808000
2020-01-07,0.38499999046325684,0.38999998569488525,0.38499999046325684,0.38999998569488525,0.2735365927219391,420000
2020-01-08,0.38999998569488525,0.39500001072883606,0.3799999952316284,0.3799999952316284,0.2665228247642517,266000
2020-01-09,0.38499999046325684,0.38999998569488525,0.375,0.375,0.2630159258842468,257142
2020-01-10,0.38499999046325684,0.38999998569488525,0.3799999952316284,0.3799999952316284,0.2665228247642517,726000
2020-01-13,0.38999998569488525,0.38999998569488525,0.3799999952316284,0.3799999952316284,0.2665228247642517,926000
2020-01-14,0.38999998569488525,0.38999998569488525,0.375,0.38499999046325684,0.2700296938419342,500000
2020-01-15,0.375,0.38499999046325684,0.3700000047683716,0.38499999046325684,0.2700296938419342,221000
2020-01-16,0.38499999046325684,0.38499999046325684,0.38499999046325684,0.38499999046325684,0.2700296938419342,86000
2020-01-17,0.36500000953674316,0.38499999046325684,0.36500000953674316,0.38499999046325684,0.2700296938419342,60000
2020-01-20,0.38499999046325684,0.38999998569488525,0.38499999046325684,0.38499999046325684,0.2700296938419342,288000
2020-01-21,0.38499999046325684,0.38499999046325684,0.38499999046325684,0.38499999046325684,0.2700296938419342,0
2020-01-22,0.3799999952316284,0.38999998569488525,0.3799999952316284,0.38499999046325684,0.2700296938419342,1244000
2020-01-23,0.3799999952316284,0.38499999046325684,0.375,0.375,0.2630159258842468,282000
2020-01-24,0.375,0.375,0.375,0.375,0.2630159258842468,0
2020-01-29,0.3499999940395355,0.36000001430511475,0.3499999940395355,0.35499998927116394,0.24898844957351685,184000
2020-01-30,0.3449999988079071,0.36000001430511475,0.3449999988079071,0.36000001430511475,0.25249531865119934,306000
2020-01-31,0.3449999988079071,0.35499998927116394,0.33500000834465027,0.33500000834465027,0.2349609136581421,250000
2020-02-03,0.33500000834465027,0.35499998927116394,0.33000001311302185,0.33500000834465027,0.2349609136581421,380000
2020-02-04,0.3449999988079071,0.3449999988079071,0.3449999988079071,0.3449999988079071,0.2419746369123459,0
2020-02-05,0.33500000834465027,0.3400000035762787,0.33500000834465027,0.3400000035762787,0.23846781253814697,44000
2020-02-06,0.3400000035762787,0.36000001430511475,0.3400000035762787,0.3449999988079071,0.2419746369123459,56000
2020-02-07,0.3449999988079071,0.36000001430511475,0.33000001311302185,0.36000001430511475,0.25249531865119934,356000
2020-02-10,0.3449999988079071,0.3499999940395355,0.33500000834465027,0.3449999988079071,0.2419746369123459,186000
2020-02-11,0.3400000035762787,0.3499999940395355,0.3400000035762787,0.3400000035762787,0.23846781253814697,346000
2020-02-12,0.3400000035762787,0.3499999940395355,0.3400000035762787,0.3499999940395355,0.24548155069351196,86020
2020-02-13,0.35499998927116394,0.35499998927116394,0.33000001311302185,0.3400000035762787,0.23846781253814697,488000
2020-02-14,0.35499998927116394,0.36000001430511475,0.33500000834465027,0.3449999988079071,0.2419746369123459,406000
2020-02-17,0.3499999940395355,0.36500000953674316,0.3400000035762787,0.3499999940395355,0.24548155069351196,260000
2020-02-18,0.3499999940395355,0.36000001430511475,0.3499999940395355,0.36000001430511475,0.25249531865119934,76000
2020-02-19,0.3400000035762787,0.3499999940395355,0.3400000035762787,0.3499999940395355,0.24548155069351196,334000
2020-02-20,0.3400000035762787,0.3449999988079071,0.33500000834465027,0.33500000834465027,0.2349609136581421,168000
2020-02-21,0.32499998807907104,0.3400000035762787,0.32499998807907104,0.33000001311302185,0.2314540147781372,16000
2020-02-24,0.33000001311302185,0.3449999988079071,0.33000001311302185,0.3400000035762787,0.23846781253814697,358000
2020-02-25,0.32499998807907104,0.3400000035762787,0.32499998807907104,0.33000001311302185,0.2314540147781372,148000
2020-02-26,0.33000001311302185,0.33000001311302185,0.33000001311302185,0.33000001311302185,0.2314540147781372,0
2020-02-27,0.3199999928474426,0.3400000035762787,0.3199999928474426,0.33000001311302185,0.2314540147781372,344000
2020-02-28,0.32499998807907104,0.33000001311302185,0.32499998807907104,0.33000001311302185,0.2314540147781372,39000
2020-03-02,0.33000001311302185,0.3400000035762787,0.33000001311302185,0.3400000035762787,0.23846781253814697,23000
2020-03-03,0.3400000035762787,0.3400000035762787,0.3400000035762787,0.3400000035762787,0.23846781253814697,0
2020-03-04,0.33500000834465027,0.3400000035762787,0.3199999928474426,0.33500000834465027,0.2349609136581421,919600
2020-03-05,0.33000001311302185,0.3400000035762787,0.33000001311302185,0.3400000035762787,0.23846781253814697,12000
2020-03-06,0.33500000834465027,0.33500000834465027,0.33500000834465027,0.33500000834465027,0.2349609136581421,0
2020-03-09,0.33000001311302185,0.33500000834465027,0.3199999928474426,0.33000001311302185,0.2314540147781372,194000
2020-03-10,0.3199999928474426,0.33500000834465027,0.3199999928474426,0.3199999928474426,0.22444026172161102,54000
2020-03-11,0.32499998807907104,0.32499998807907104,0.32499998807907104,0.32499998807907104,0.22794713079929352,422000
2020-03-12,0.3199999928474426,0.33000001311302185,0.3100000023841858,0.33000001311302185,0.2314540147781372,102000
2020-03-13,0.3050000071525574,0.32499998807907104,0.30000001192092896,0.3050000071525574,0.21391962468624115,1106000
2020-03-16,0.3050000071525574,0.3100000023841858,0.29499998688697815,0.3050000071525574,0.21391962468624115,168000
2020-03-17,0.29499998688697815,0.3050000071525574,0.28999999165534973,0.30000001192092896,0.21041278541088104,60000
2020-03-18,0.28999999165534973,0.28999999165534973,0.2549999952316284,0.26499998569488525,0.18586459755897522,1276000
2020-03-19,0.25,0.26499998569488525,0.25,0.25,0.17534394562244415,798000
2020-03-20,0.2329999953508377,0.2549999952316284,0.2329999953508377,0.2460000067949295,0.17253842949867249,292000
2020-03-23,0.23199999332427979,0.24799999594688416,0.23000000417232513,0.24799999594688416,0.1739412099123001,86000
2020-03-24,0.24799999594688416,0.25,0.2460000067949295,0.25,0.17534394562244415,214000
2020-03-25,0.25,0.25999999046325684,0.24500000476837158,0.2549999952316284,0.17885082960128784,198000
2020-03-26,0.2549999952316284,0.25999999046325684,0.25,0.25,0.17534394562244415,779600
2020-03-27,0.24500000476837158,0.26499998569488525,0.24199999868869781,0.26499998569488525,0.18586459755897522,2018000
2020-03-30,0.25999999046325684,0.30000001192092896,0.24699999392032623,0.25,0.17534394562244415,702000
2020-03-31,0.25,0.25999999046325684,0.25,0.25999999046325684,0.18235771358013153,236000
2020-04-01,0.25,0.2549999952316284,0.24400000274181366,0.24699999392032623,0.1732398271560669,208000
2020-04-02,0.24699999392032623,0.25,0.2409999966621399,0.24500000476837158,0.17183707654476166,876000
2020-04-03,0.23999999463558197,0.24899999797344208,0.23100000619888306,0.23600000143051147,0.1655247062444687,878000
2020-04-06,0.23600000143051147,0.23600000143051147,0.23600000143051147,0.23600000143051147,0.1655247062444687,0
2020-04-07,0.23600000143051147,0.24500000476837158,0.23600000143051147,0.24199999868869781,0.1697329580783844,298000
2020-04-08,0.24400000274181366,0.24500000476837158,0.23800000548362732,0.24199999868869781,0.1697329580783844,320000
2020-04-09,0.24500000476837158,0.2549999952316284,0.23800000548362732,0.2409999966621399,0.16903157532215118,264000
2020-04-14,0.25,0.27000001072883606,0.25,0.26499998569488525,0.18586459755897522,30000
2020-04-15,0.26499998569488525,0.26499998569488525,0.24300000071525574,0.24300000071525574,0.17043432593345642,554000
2020-04-16,0.2409999966621399,0.2549999952316284,0.2409999966621399,0.2549999952316284,0.17885082960128784,70000
2020-04-17,0.24199999868869781,0.2549999952316284,0.24199999868869781,0.2549999952316284,0.17885082960128784,14000
2020-04-20,0.2549999952316284,0.2549999952316284,0.2549999952316284,0.2549999952316284,0.17885082960128784,0
2020-04-21,0.2549999952316284,0.2549999952316284,0.2549999952316284,0.2549999952316284,0.17885082960128784,0
2020-04-22,0.25,0.26499998569488525,0.25,0.25999999046325684,0.18235771358013153,194000
2020-04-23,0.2549999952316284,0.25999999046325684,0.2549999952316284,0.25999999046325684,0.18235771358013153,54000
2020-04-24,0.25,0.2750000059604645,0.25,0.27000001072883606,0.1893714964389801,34000
2020-04-27,0.27000001072883606,0.27000001072883606,0.2549999952316284,0.27000001072883606,0.1893714964389801,308000
2020-04-28,0.25999999046325684,0.27000001072883606,0.25999999046325684,0.27000001072883606,0.1893714964389801,304000
2020-04-29,0.25999999046325684,0.26499998569488525,0.25,0.25999999046325684,0.18235771358013153,874000
2020-05-04,0.2549999952316284,0.25999999046325684,0.25,0.2549999952316284,0.17885082960128784,278000
2020-05-05,0.2549999952316284,0.26499998569488525,0.2549999952316284,0.26499998569488525,0.18586459755897522,100000
2020-05-06,0.25999999046325684,0.27000001072883606,0.25999999046325684,0.27000001072883606,0.1893714964389801,390000
2020-05-07,0.27000001072883606,0.27000001072883606,0.27000001072883606,0.27000001072883606,0.1893714964389801,0
2020-05-08,0.2549999952316284,0.27000001072883606,0.2549999952316284,0.27000001072883606,0.1893714964389801,38000
2020-05-11,0.26499998569488525,0.26499998569488525,0.26499998569488525,0.26499998569488525,0.18586459755897522,0
2020-05-12,0.2549999952316284,0.26499998569488525,0.25,0.25999999046325684,0.18235771358013153,592001
2020-05-13,0.25999999046325684,0.26499998569488525,0.2549999952316284,0.2549999952316284,0.17885082960128784,86000
2020-05-14,0.2549999952316284,0.26499998569488525,0.25,0.25,0.17534394562244415,332000
2020-05-15,0.2549999952316284,0.2549999952316284,0.2549999952316284,0.2549999952316284,0.17885082960128784,0
2020-05-18,0.26499998569488525,0.30000001192092896,0.26499998569488525,0.28999999165534973,0.20339900255203247,4130000
2020-05-19,0.2750000059604645,0.2849999964237213,0.2750000059604645,0.2750000059604645,0.1928783655166626,656000
2020-05-20,0.27000001072883606,0.2849999964237213,0.27000001072883606,0.2849999964237213,0.1998921036720276,36000
2020-05-21,0.2849999964237213,0.2849999964237213,0.2849999964237213,0.2849999964237213,0.1998921036720276,0
2020-05-22,0.2800000011920929,0.2800000011920929,0.2800000011920929,0.2800000011920929,0.1963852196931839,0
2020-05-25,0.25999999046325684,0.26499998569488525,0.25,0.25999999046325684,0.18235771358013153,296000
2020-05-26,0.25999999046325684,0.25999999046325684,0.25999999046325684,0.25999999046325684,0.18235771358013153,0
2020-05-27,0.25999999046325684,0.27000001072883606,0.2549999952316284,0.2549999952316284,0.17885082960128784,252000
2020-05-28,0.2549999952316284,0.27000001072883606,0.2549999952316284,0.25999999046325684,0.18235771358013153,122000
2020-05-29,0.25,0.2549999952316284,0.24899999797344208,0.2549999952316284,0.17885082960128784,466000
2020-06-01,0.2549999952316284,0.27000001072883606,0.25,0.25,0.17534394562244415,640713
2020-06-02,0.2549999952316284,0.27000001072883606,0.25,0.2549999952316284,0.17885082960128784,476600
2020-06-03,0.27000001072883606,0.27000001072883606,0.27000001072883606,0.27000001072883606,0.1893714964389801,0
2020-06-04,0.27000001072883606,0.27000001072883606,0.27000001072883606,0.27000001072883606,0.1893714964389801,0
2020-06-05,0.25999999046325684,0.2800000011920929,0.25999999046325684,0.2800000011920929,0.1963852196931839,1280000
2020-06-08,0.28999999165534973,0.29499998688697815,0.2800000011920929,0.2849999964237213,0.1998921036720276,885000
2020-06-09,0.2750000059604645,0.2849999964237213,0.27000001072883606,0.27000001072883606,0.1893714964389801,762000
2020-06-10,0.27000001072883606,0.2849999964237213,0.26499998569488525,0.2800000011920929,0.1963852196931839,253711
2020-06-11,0.2750000059604645,0.28999999165534973,0.26499998569488525,0.26499998569488525,0.18586459755897522,596000
2020-06-12,0.26499998569488525,0.2849999964237213,0.26499998569488525,0.2849999964237213,0.1998921036720276,208000
2020-06-15,0.2800000011920929,0.2800000011920929,0.2800000011920929,0.2800000011920929,0.1963852196931839,0
2020-06-16,0.2800000011920929,0.2849999964237213,0.2800000011920929,0.2849999964237213,0.1998921036720276,62000
2020-06-17,0.28999999165534973,0.28999999165534973,0.28999999165534973,0.28999999165534973,0.20339900255203247,0
2020-06-18,0.2800000011920929,0.2800000011920929,0.27000001072883606,0.2800000011920929,0.1963852196931839,462000
2020-06-19,0.2849999964237213,0.28999999165534973,0.2849999964237213,0.28999999165534973,0.20339900255203247,40000
2020-06-22,0.2750000059604645,0.2750000059604645,0.27000001072883606,0.27000001072883606,0.1893714964389801,62800
2020-06-23,0.27000001072883606,0.27000001072883606,0.27000001072883606,0.27000001072883606,0.1893714964389801,14000
2020-06-24,0.27000001072883606,0.28999999165534973,0.27000001072883606,0.2849999964237213,0.1998921036720276,38000
2020-06-26,0.29499998688697815,0.29499998688697815,0.26499998569488525,0.27000001072883606,0.1893714964389801,218000
2020-06-29,0.27000001072883606,0.2750000059604645,0.25999999046325684,0.25999999046325684,0.18235771358013153,574000
2020-06-30,0.25999999046325684,0.2800000011920929,0.25999999046325684,0.2750000059604645,0.1928783655166626,254000
2020-07-02,0.2849999964237213,0.2849999964237213,0.27000001072883606,0.27000001072883606,0.1893714964389801,96000
2020-07-03,0.2800000011920929,0.2800000011920929,0.2750000059604645,0.2800000011920929,0.1963852196931839,262000
2020-07-06,0.27000001072883606,0.2849999964237213,0.26499998569488525,0.27000001072883606,0.1893714964389801,280000
2020-07-07,0.27000001072883606,0.2800000011920929,0.2549999952316284,0.25999999046325684,0.18235771358013153,554000
2020-07-08,0.2549999952316284,0.26499998569488525,0.2549999952316284,0.26499998569488525,0.18586459755897522,134000
2020-07-09,0.25999999046325684,0.25999999046325684,0.24799999594688416,0.25,0.17534394562244415,1312000
2020-07-10,0.25,0.25,0.24500000476837158,0.24799999594688416,0.1739412099123001,318000
2020-07-13,0.24799999594688416,0.2549999952316284,0.24799999594688416,0.24899999797344208,0.17464257776737213,122000
2020-07-14,0.24899999797344208,0.24899999797344208,0.24899999797344208,0.24899999797344208,0.17464257776737213,0
2020-07-15,0.24899999797344208,0.24899999797344208,0.24300000071525574,0.24899999797344208,0.17464257776737213,26000
2020-07-16,0.24899999797344208,0.24899999797344208,0.24899999797344208,0.24899999797344208,0.17464257776737213,0
2020-07-17,0.24799999594688416,0.24799999594688416,0.2460000067949295,0.24699999392032623,0.1732398271560669,68000
2020-07-20,0.24400000274181366,0.2549999952316284,0.24300000071525574,0.24899999797344208,0.17464257776737213,350000
2020-07-21,0.24899999797344208,0.2549999952316284,0.24500000476837158,0.25,0.17534394562244415,104000
2020-07-22,0.25,0.25,0.25,0.25,0.17534394562244415,0
2020-07-23,0.23999999463558197,0.26499998569488525,0.2370000034570694,0.2549999952316284,0.17885082960128784,504000
2020-07-24,0.2549999952316284,0.2549999952316284,0.24400000274181366,0.24799999594688416,0.1739412099123001,340000
2020-07-27,0.25,0.2800000011920929,0.24799999594688416,0.24799999594688416,0.1739412099123001,500000
2020-07-28,0.26499998569488525,0.26499998569488525,0.2549999952316284,0.2549999952316284,0.17885082960128784,455000
2020-07-29,0.2549999952316284,0.2549999952316284,0.2549999952316284,0.2549999952316284,0.17885082960128784,0
2020-07-30,0.25999999046325684,0.2800000011920929,0.2549999952316284,0.25999999046325684,0.18235771358013153,387000
2020-07-31,0.25999999046325684,0.27000001072883606,0.25999999046325684,0.25999999046325684,0.18235771358013153,330000
2020-08-03,0.25999999046325684,0.27000001072883606,0.25999999046325684,0.26499998569488525,0.18586459755897522,32000
2020-08-04,0.2549999952316284,0.25999999046325684,0.24899999797344208,0.2549999952316284,0.17885082960128784,900000
2020-08-05,0.2549999952316284,0.26499998569488525,0.2549999952316284,0.26499998569488525,0.18586459755897522,30000
2020-08-06,0.26499998569488525,0.26499998569488525,0.26499998569488525,0.26499998569488525,0.18586459755897522,0
2020-08-07,0.25999999046325684,0.25999999046325684,0.25999999046325684,0.25999999046325684,0.18235771358013153,0
2020-08-10,0.25999999046325684,0.26499998569488525,0.25999999046325684,0.25999999046325684,0.18235771358013153,92000
2020-08-11,0.26499998569488525,0.2849999964237213,0.25999999046325684,0.27000001072883606,0.1893714964389801,1162000
2020-08-12,0.27000001072883606,0.2750000059604645,0.26499998569488525,0.2750000059604645,0.1928783655166626,40000
2020-08-13,0.2750000059604645,0.2750000059604645,0.27000001072883606,0.27000001072883606,0.1893714964389801,38000
2020-08-14,0.27000001072883606,0.28999999165534973,0.27000001072883606,0.2800000011920929,0.1963852196931839,76000
2020-08-17,0.2750000059604645,0.2800000011920929,0.27000001072883606,0.2750000059604645,0.1928783655166626,18000
2020-08-18,0.2800000011920929,0.2849999964237213,0.2750000059604645,0.2750000059604645,0.1928783655166626,18000
2020-08-19,0.2750000059604645,0.28999999165534973,0.2750000059604645,0.2849999964237213,0.1998921036720276,10000
2020-08-20,0.2849999964237213,0.2849999964237213,0.2849999964237213,0.2849999964237213,0.1998921036720276,0
2020-08-21,0.27000001072883606,0.28999999165534973,0.27000001072883606,0.2800000011920929,0.1963852196931839,58000
2020-08-24,0.2800000011920929,0.2800000011920929,0.27000001072883606,0.27000001072883606,0.1893714964389801,244000
2020-08-25,0.27000001072883606,0.27000001072883606,0.27000001072883606,0.27000001072883606,0.1893714964389801,0
2020-08-26,0.27000001072883606,0.2750000059604645,0.2549999952316284,0.25999999046325684,0.18235771358013153,167395
2020-08-27,0.27000001072883606,0.2849999964237213,0.2549999952316284,0.2800000011920929,0.1963852196931839,184000
2020-08-28,0.26499998569488525,0.2849999964237213,0.26499998569488525,0.2750000059604645,0.1928783655166626,593000
2020-08-31,0.2849999964237213,0.29499998688697815,0.2800000011920929,0.28999999165534973,0.20339900255203247,200000
2020-09-01,0.28999999165534973,0.29499998688697815,0.2750000059604645,0.2750000059604645,0.1928783655166626,208000
2020-09-02,0.2849999964237213,0.28999999165534973,0.2800000011920929,0.2800000011920929,0.1963852196931839,44000
2020-09-03,0.28999999165534973,0.29499998688697815,0.2849999964237213,0.29499998688697815,0.20690587162971497,150000
2020-09-04,0.29499998688697815,0.30000001192092896,0.2800000011920929,0.29499998688697815,0.20690587162971497,128000
2020-09-07,0.29499998688697815,0.3100000023841858,0.2849999964237213,0.3100000023841858,0.21742650866508484,200000
2020-09-08,0.3100000023841858,0.3100000023841858,0.29499998688697815,0.3100000023841858,0.21742650866508484,355758
2020-09-09,0.3100000023841858,0.3100000023841858,0.28999999165534973,0.3050000071525574,0.21391962468624115,690000
2020-09-10,0.29499998688697815,0.29499998688697815,0.2800000011920929,0.28999999165534973,0.20339900255203247,446000
2020-09-11,0.2800000011920929,0.2800000011920929,0.27000001072883606,0.2800000011920929,0.1963852196931839,487000
2020-09-14,0.2750000059604645,0.29499998688697815,0.27000001072883606,0.29499998688697815,0.20690587162971497,326846
2020-09-15,0.2800000011920929,0.28999999165534973,0.2800000011920929,0.2800000011920929,0.19772574305534363,1062002
2020-09-16,0.2800000011920929,0.2800000011920929,0.2750000059604645,0.2750000059604645,0.1941949427127838,20000
2020-09-17,0.2750000059604645,0.30000001192092896,0.2750000059604645,0.2849999964237213,0.20125654339790344,252000
2020-09-18,0.29499998688697815,0.29499998688697815,0.2800000011920929,0.2849999964237213,0.20125654339790344,146000
2020-09-21,0.2800000011920929,0.28999999165534973,0.2800000011920929,0.28999999165534973,0.20478738844394684,512000
2020-09-22,0.2800000011920929,0.2800000011920929,0.2750000059604645,0.2800000011920929,0.19772574305534363,94000
2020-09-23,0.2800000011920929,0.2800000011920929,0.2800000011920929,0.2800000011920929,0.19772574305534363,0
2020-09-24,0.2750000059604645,0.2750000059604645,0.27000001072883606,0.2750000059604645,0.1941949427127838,152000
2020-09-25,0.2750000059604645,0.2750000059604645,0.2750000059604645,0.2750000059604645,0.1941949427127838,0
2020-09-28,0.2849999964237213,0.29499998688697815,0.2849999964237213,0.29499998688697815,0.20831820368766785,124000
2020-09-29,0.28999999165534973,0.29499998688697815,0.2849999964237213,0.2849999964237213,0.20125654339790344,68000
2020-09-30,0.28999999165534973,0.28999999165534973,0.28999999165534973,0.28999999165534973,0.20478738844394684,0
2020-10-05,0.28999999165534973,0.28999999165534973,0.28999999165534973,0.28999999165534973,0.20478738844394684,0
2020-10-06,0.30000001192092896,0.30000001192092896,0.30000001192092896,0.30000001192092896,0.21184904873371124,0
2020-10-07,0.30000001192092896,0.3100000023841858,0.30000001192092896,0.3050000071525574,0.21537984907627106,70000
2020-10-08,0.28999999165534973,0.3050000071525574,0.2849999964237213,0.3050000071525574,0.21537984907627106,134000
2020-10-09,0.29499998688697815,0.30000001192092896,0.28999999165534973,0.30000001192092896,0.21184904873371124,73000
2020-10-12,0.30000001192092896,0.30000001192092896,0.28999999165534973,0.28999999165534973,0.20478738844394684,88000
2020-10-14,0.28999999165534973,0.3050000071525574,0.2849999964237213,0.2849999964237213,0.20125654339790344,46000
2020-10-15,0.30000001192092896,0.30000001192092896,0.2849999964237213,0.2849999964237213,0.20125654339790344,1072854
2020-10-16,0.2849999964237213,0.30000001192092896,0.2849999964237213,0.30000001192092896,0.21184904873371124,1854000
2020-10-19,0.29499998688697815,0.29499998688697815,0.29499998688697815,0.29499998688697815,0.20831820368766785,0
2020-10-20,0.2849999964237213,0.28999999165534973,0.2800000011920929,0.28999999165534973,0.20478738844394684,66000
2020-10-21,0.2849999964237213,0.30000001192092896,0.2750000059604645,0.2849999964237213,0.20125654339790344,62000
2020-10-22,0.2849999964237213,0.28999999165534973,0.2849999964237213,0.28999999165534973,0.20478738844394684,30000
2020-10-23,0.28999999165534973,0.28999999165534973,0.2800000011920929,0.2849999964237213,0.20125654339790344,172000
2020-10-27,0.2800000011920929,0.2800000011920929,0.2800000011920929,0.2800000011920929,0.19772574305534363,0
2020-10-28,0.2849999964237213,0.2849999964237213,0.2849999964237213,0.2849999964237213,0.20125654339790344,0
2020-10-29,0.2849999964237213,0.2849999964237213,0.2849999964237213,0.2849999964237213,0.20125654339790344,0
2020-10-30,0.2849999964237213,0.2849999964237213,0.2849999964237213,0.2849999964237213,0.20125654339790344,0
2020-11-02,0.2750000059604645,0.2849999964237213,0.2750000059604645,0.2849999964237213,0.20125654339790344,30000
2020-11-03,0.2849999964237213,0.28999999165534973,0.2849999964237213,0.2849999964237213,0.20125654339790344,104000
2020-11-04,0.2849999964237213,0.2849999964237213,0.2849999964237213,0.2849999964237213,0.20125654339790344,0
2020-11-05,0.30000001192092896,0.32499998807907104,0.29499998688697815,0.3050000071525574,0.21537984907627106,780000
2020-11-06,0.30000001192092896,0.30000001192092896,0.30000001192092896,0.30000001192092896,0.21184904873371124,0
2020-11-09,0.29499998688697815,0.29499998688697815,0.29499998688697815,0.29499998688697815,0.20831820368766785,0
2020-11-10,0.30000001192092896,0.3149999976158142,0.2849999964237213,0.28999999165534973,0.20478738844394684,344616
2020-11-11,0.28999999165534973,0.30000001192092896,0.2849999964237213,0.2849999964237213,0.20125654339790344,126000
2020-11-12,0.2849999964237213,0.28999999165534973,0.2849999964237213,0.2849999964237213,0.20125654339790344,14000
2020-11-13,0.2849999964237213,0.2849999964237213,0.2849999964237213,0.2849999964237213,0.20125654339790344,0
2020-11-16,0.29499998688697815,0.3100000023841858,0.29499998688697815,0.29499998688697815,0.20831820368766785,510000
2020-11-17,0.30000001192092896,0.30000001192092896,0.2849999964237213,0.28999999165534973,0.20478738844394684,417000
2020-11-18,0.28999999165534973,0.29499998688697815,0.2800000011920929,0.2800000011920929,0.19772574305534363,495135
2020-11-19,0.2800000011920929,0.2800000011920929,0.2800000011920929,0.2800000011920929,0.19772574305534363,0
2020-11-20,0.2849999964237213,0.30000001192092896,0.2849999964237213,0.28999999165534973,0.20478738844394684,204000
2020-11-23,0.2849999964237213,0.28999999165534973,0.2800000011920929,0.2800000011920929,0.19772574305534363,234000
2020-11-24,0.2800000011920929,0.2800000011920929,0.27000001072883606,0.2750000059604645,0.1941949427127838,278000
2020-11-25,0.2750000059604645,0.2849999964237213,0.2750000059604645,0.2750000059604645,0.1941949427127838,136000
2020-11-26,0.2800000011920929,0.2800000011920929,0.2800000011920929,0.2800000011920929,0.19772574305534363,104000
2020-11-27,0.2849999964237213,0.28999999165534973,0.2800000011920929,0.28999999165534973,0.20478738844394684,382000
2020-11-30,0.2849999964237213,0.2849999964237213,0.26499998569488525,0.26499998569488525,0.1871332973241806,146000
2020-12-01,0.2800000011920929,0.28999999165534973,0.2750000059604645,0.2849999964237213,0.20125654339790344,443712
2020-12-02,0.2800000011920929,0.28999999165534973,0.2800000011920929,0.28999999165534973,0.20478738844394684,72000
2020-12-03,0.28999999165534973,0.28999999165534973,0.28999999165534973,0.28999999165534973,0.20478738844394684,0
2020-12-04,0.2800000011920929,0.29499998688697815,0.2800000011920929,0.28999999165534973,0.20478738844394684,122000
2020-12-07,0.28999999165534973,0.28999999165534973,0.27000001072883606,0.2800000011920929,0.19772574305534363,636000
2020-12-08,0.2800000011920929,0.28999999165534973,0.2800000011920929,0.28999999165534973,0.20478738844394684,19142
2020-12-09,0.28999999165534973,0.28999999165534973,0.28999999165534973,0.28999999165534973,0.20478738844394684,0
2020-12-10,0.2849999964237213,0.2849999964237213,0.27000001072883606,0.2849999964237213,0.20125654339790344,836000
2020-12-11,0.2849999964237213,0.28999999165534973,0.2750000059604645,0.2849999964237213,0.20125654339790344,479711
2020-12-14,0.2849999964237213,0.2849999964237213,0.26499998569488525,0.26499998569488525,0.1871332973241806,22000
2020-12-15,0.2750000059604645,0.2849999964237213,0.27000001072883606,0.2750000059604645,0.1941949427127838,54000
2020-12-16,0.27000001072883606,0.2849999964237213,0.25999999046325684,0.2800000011920929,0.19772574305534363,336000
2020-12-17,0.2800000011920929,0.28999999165534973,0.2800000011920929,0.28999999165534973,0.20478738844394684,26000
2020-12-18,0.2800000011920929,0.2800000011920929,0.27000001072883606,0.2750000059604645,0.1941949427127838,182000
2020-12-21,0.27000001072883606,0.27000001072883606,0.27000001072883606,0.27000001072883606,0.1906641274690628,0
2020-12-22,0.27000001072883606,0.27000001072883606,0.27000001072883606,0.27000001072883606,0.1906641274690628,0
2020-12-23,0.27000001072883606,0.27000001072883606,0.27000001072883606,0.27000001072883606,0.1906641274690628,0
2020-12-24,0.2849999964237213,0.2849999964237213,0.2849999964237213,0.2849999964237213,0.20125654339790344,0
2020-12-28,0.2750000059604645,0.2750000059604645,0.27000001072883606,0.27000001072883606,0.1906641274690628,96000
2020-12-29,0.2750000059604645,0.2849999964237213,0.2750000059604645,0.2800000011920929,0.19772574305534363,138000
2020-12-30,0.2800000011920929,0.28999999165534973,0.27000001072883606,0.2849999964237213,0.20125654339790344,88000
2020-12-31,0.28999999165534973,0.28999999165534973,0.28999999165534973,0.28999999165534973,0.20478738844394684,0
2021-01-04,0.2849999964237213,0.28999999165534973,0.2849999964237213,0.2849999964237213,0.20125654339790344,102000
2021-01-05,0.2849999964237213,0.29499998688697815,0.2800000011920929,0.2849999964237213,0.20125654339790344,1650000
2021-01-06,0.28999999165534973,0.3100000023841858,0.2800000011920929,0.29499998688697815,0.20831820368766785,300000
2021-01-07,0.2800000011920929,0.2800000011920929,0.2800000011920929,0.2800000011920929,0.19772574305534363,0
2021-01-08,0.2849999964237213,0.28999999165534973,0.2800000011920929,0.2800000011920929,0.19772574305534363,511142
2021-01-11,0.28999999165534973,0.28999999165534973,0.2750000059604645,0.2849999964237213,0.20125654339790344,318000
2021-01-12,0.28999999165534973,0.29499998688697815,0.2800000011920929,0.2849999964237213,0.20125654339790344,448000
2021-01-13,0.2849999964237213,0.2849999964237213,0.2800000011920929,0.2800000011920929,0.19772574305534363,232000
2021-01-14,0.2800000011920929,0.29499998688697815,0.2800000011920929,0.2849999964237213,0.20125654339790344,202000
2021-01-15,0.28999999165534973,0.29499998688697815,0.2849999964237213,0.2849999964237213,0.20125654339790344,90000
2021-01-18,0.2849999964237213,0.30000001192092896,0.2849999964237213,0.30000001192092896,0.21184904873371124,273142
2021-01-19,0.29499998688697815,0.3199999928474426,0.28999999165534973,0.29499998688697815,0.20831820368766785,726000
2021-01-20,0.3100000023841858,0.3100000023841858,0.2849999964237213,0.29499998688697815,0.20831820368766785,1013000
2021-01-21,0.28999999165534973,0.29499998688697815,0.2849999964237213,0.28999999165534973,0.20478738844394684,546000
2021-01-22,0.28999999165534973,0.3100000023841858,0.28999999165534973,0.29499998688697815,0.20831820368766785,126000
2021-01-25,0.29499998688697815,0.3050000071525574,0.29499998688697815,0.29499998688697815,0.20831820368766785,35000
2021-01-26,0.30000001192092896,0.30000001192092896,0.2849999964237213,0.28999999165534973,0.20478738844394684,216000
2021-01-27,0.29499998688697815,0.29499998688697815,0.2849999964237213,0.29499998688697815,0.20831820368766785,386000
2021-01-28,0.29499998688697815,0.3050000071525574,0.2800000011920929,0.29499998688697815,0.20831820368766785,902000
2021-01-29,0.29499998688697815,0.30000001192092896,0.28999999165534973,0.28999999165534973,0.20478738844394684,77000
2021-02-01,0.28999999165534973,0.29499998688697815,0.2849999964237213,0.28999999165534973,0.20478738844394684,256000
2021-02-02,0.2849999964237213,0.28999999165534973,0.2800000011920929,0.2849999964237213,0.20125654339790344,136000
2021-02-03,0.2849999964237213,0.28999999165534973,0.2750000059604645,0.2849999964237213,0.20125654339790344,1120000
2021-02-04,0.2849999964237213,0.28999999165534973,0.2800000011920929,0.2849999964237213,0.20125654339790344,158000
2021-02-05,0.2800000011920929,0.2849999964237213,0.27000001072883606,0.2800000011920929,0.19772574305534363,922000
2021-02-08,0.2800000011920929,0.2800000011920929,0.27000001072883606,0.2750000059604645,0.1941949427127838,748000
2021-02-09,0.2800000011920929,0.2849999964237213,0.27000001072883606,0.2750000059604645,0.1941949427127838,258000
2021-02-10,0.2750000059604645,0.2849999964237213,0.2750000059604645,0.2849999964237213,0.20125654339790344,725000
2021-02-11,0.2750000059604645,0.2750000059604645,0.2750000059604645,0.2750000059604645,0.1941949427127838,0
2021-02-16,0.2800000011920929,0.29499998688697815,0.2800000011920929,0.28999999165534973,0.20478738844394684,1552000
2021-02-17,0.29499998688697815,0.30000001192092896,0.2849999964237213,0.2849999964237213,0.20125654339790344,480000
2021-02-18,0.28999999165534973,0.3050000071525574,0.2849999964237213,0.29499998688697815,0.20831820368766785,1015000
2021-02-19,0.3050000071525574,0.3149999976158142,0.3050000071525574,0.3050000071525574,0.21537984907627106,1738000
2021-02-22,0.3100000023841858,0.3199999928474426,0.30000001192092896,0.30000001192092896,0.21184904873371124,346000
2021-02-23,0.30000001192092896,0.3199999928474426,0.30000001192092896,0.3100000023841858,0.21891064941883087,374000
2021-02-24,0.3199999928474426,0.38499999046325684,0.3050000071525574,0.33500000834465027,0.2365647405385971,7336000
2021-02-25,0.3400000035762787,0.3799999952316284,0.3400000035762787,0.36500000953674316,0.2577497065067291,7198000
2021-02-26,0.36500000953674316,0.375,0.33500000834465027,0.3449999988079071,0.24362635612487793,2784000
2021-03-01,0.3449999988079071,0.35499998927116394,0.33500000834465027,0.3499999940395355,0.24715720117092133,1218000
2021-03-02,0.33500000834465027,0.3449999988079071,0.33000001311302185,0.3400000035762787,0.2400955855846405,394000
2021-03-03,0.3400000035762787,0.3499999940395355,0.33500000834465027,0.3400000035762787,0.2400955855846405,344000
2021-03-04,0.3400000035762787,0.3499999940395355,0.32499998807907104,0.3499999940395355,0.24715720117092133,970000
2021-03-05,0.3400000035762787,0.36000001430511475,0.3400000035762787,0.36000001430511475,0.25421881675720215,404000
2021-03-08,0.3499999940395355,0.3499999940395355,0.3199999928474426,0.33500000834465027,0.2365647405385971,1728000
2021-03-09,0.33000001311302185,0.33500000834465027,0.3199999928474426,0.33500000834465027,0.2365647405385971,164000
2021-03-10,0.33000001311302185,0.3400000035762787,0.33000001311302185,0.3400000035762787,0.2400955855846405,240000
2021-03-11,0.3400000035762787,0.36000001430511475,0.33500000834465027,0.33500000834465027,0.2365647405385971,1368427
2021-03-12,0.33500000834465027,0.3449999988079071,0.3199999928474426,0.32499998807907104,0.2295030802488327,198000
2021-03-15,0.32499998807907104,0.3400000035762787,0.3199999928474426,0.33000001311302185,0.2330339103937149,1042000
2021-03-16,0.33500000834465027,0.3449999988079071,0.33000001311302185,0.3449999988079071,0.24362635612487793,282000
2021-03-17,0.3400000035762787,0.3400000035762787,0.32499998807907104,0.32499998807907104,0.2295030802488327,300000
2021-03-18,0.33500000834465027,0.33500000834465027,0.3199999928474426,0.33000001311302185,0.2330339103937149,28000
2021-03-19,0.3199999928474426,0.33000001311302185,0.3149999976158142,0.33000001311302185,0.2330339103937149,1920000
2021-03-22,0.33000001311302185,0.33000001311302185,0.33000001311302185,0.33000001311302185,0.2330339103937149,0
2021-03-23,0.32499998807907104,0.32499998807907104,0.32499998807907104,0.32499998807907104,0.2295030802488327,0
2021-03-24,0.32499998807907104,0.33000001311302185,0.3149999976158142,0.3199999928474426,0.2259722650051117,88000
2021-03-25,0.32499998807907104,0.32499998807907104,0.3199999928474426,0.3199999928474426,0.2259722650051117,8000
2021-03-26,0.32499998807907104,0.32499998807907104,0.3100000023841858,0.32499998807907104,0.2295030802488327,348000
2021-03-29,0.32499998807907104,0.33000001311302185,0.3149999976158142,0.33000001311302185,0.2330339103937149,952000
2021-03-30,0.3149999976158142,0.33500000834465027,0.3149999976158142,0.33000001311302185,0.2330339103937149,46000
2021-03-31,0.33000001311302185,0.33000001311302185,0.3050000071525574,0.3149999976158142,0.22244149446487427,478000
2021-04-01,0.3100000023841858,0.3149999976158142,0.3100000023841858,0.3149999976158142,0.22244149446487427,106000
2021-04-07,0.3149999976158142,0.32499998807907104,0.3100000023841858,0.3199999928474426,0.2259722650051117,128000
2021-04-08,0.3149999976158142,0.32499998807907104,0.3149999976158142,0.3199999928474426,0.2259722650051117,410000
2021-04-09,0.3199999928474426,0.32499998807907104,0.3149999976158142,0.3149999976158142,0.22244149446487427,468000
2021-04-12,0.3199999928474426,0.33500000834465027,0.3149999976158142,0.33000001311302185,0.2330339103937149,324000
2021-04-13,0.33000001311302185,0.33500000834465027,0.3199999928474426,0.32499998807907104,0.2295030802488327,1016000
2021-04-14,0.3199999928474426,0.3499999940395355,0.3199999928474426,0.3400000035762787,0.2400955855846405,1200000
2021-04-15,0.33000001311302185,0.33500000834465027,0.3199999928474426,0.33000001311302185,0.2330339103937149,1154000
2021-04-16,0.33000001311302185,0.33000001311302185,0.32499998807907104,0.32499998807907104,0.2295030802488327,466000
2021-04-19,0.32499998807907104,0.33000001311302185,0.32499998807907104,0.33000001311302185,0.2330339103937149,296000
2021-04-20,0.33000001311302185,0.33000001311302185,0.3199999928474426,0.32499998807907104,0.2295030802488327,310000
2021-04-21,0.32499998807907104,0.33000001311302185,0.3199999928474426,0.3199999928474426,0.2259722650051117,110000
2021-04-22,0.32499998807907104,0.32499998807907104,0.3149999976158142,0.32499998807907104,0.2295030802488327,1463142
2021-04-23,0.32499998807907104,0.32499998807907104,0.32499998807907104,0.32499998807907104,0.2295030802488327,0
2021-04-26,0.32499998807907104,0.33000001311302185,0.3199999928474426,0.3199999928474426,0.2259722650051117,70000
2021-04-27,0.3199999928474426,0.3199999928474426,0.3199999928474426,0.3199999928474426,0.2259722650051117,208000
2021-04-28,0.32499998807907104,0.33000001311302185,0.3199999928474426,0.32499998807907104,0.2295030802488327,184000
2021-04-29,0.33000001311302185,0.35499998927116394,0.33000001311302185,0.33500000834465027,0.2365647405385971,4598000
2021-04-30,0.33500000834465027,0.3400000035762787,0.33000001311302185,0.33000001311302185,0.2330339103937149,380000
2021-05-03,0.33500000834465027,0.3400000035762787,0.32499998807907104,0.3400000035762787,0.2400955855846405,270000
2021-05-04,0.33000001311302185,0.3449999988079071,0.33000001311302185,0.33000001311302185,0.2330339103937149,284000
2021-05-05,0.33000001311302185,0.3400000035762787,0.33000001311302185,0.33500000834465027,0.2365647405385971,258000
2021-05-06,0.33000001311302185,0.3400000035762787,0.33000001311302185,0.3400000035762787,0.2400955855846405,970000
2021-05-07,0.33000001311302185,0.33500000834465027,0.33000001311302185,0.33000001311302185,0.2330339103937149,143600
2021-05-10,0.33500000834465027,0.33500000834465027,0.32499998807907104,0.32499998807907104,0.2295030802488327,214000
2021-05-11,0.32499998807907104,0.33000001311302185,0.32499998807907104,0.32499998807907104,0.2295030802488327,249000
2021-05-12,0.33000001311302185,0.33500000834465027,0.32499998807907104,0.33500000834465027,0.2365647405385971,177000
2021-05-13,0.33000001311302185,0.33000001311302185,0.3199999928474426,0.33000001311302185,0.2330339103937149,154000
2021-05-14,0.3199999928474426,0.33500000834465027,0.3199999928474426,0.32499998807907104,0.2295030802488327,128000
2021-05-17,0.32499998807907104,0.33000001311302185,0.3199999928474426,0.3199999928474426,0.2259722650051117,44000
2021-05-18,0.32499998807907104,0.33000001311302185,0.3199999928474426,0.3199999928474426,0.2259722650051117,30000
2021-05-20,0.32499998807907104,0.33000001311302185,0.3199999928474426,0.32499998807907104,0.2295030802488327,392400
2021-05-21,0.32499998807907104,0.33000001311302185,0.3199999928474426,0.3199999928474426,0.2259722650051117,86000
2021-05-24,0.3400000035762787,0.3449999988079071,0.32499998807907104,0.33000001311302185,0.2330339103937149,1956000
2021-05-25,0.3400000035762787,0.3449999988079071,0.33000001311302185,0.33500000834465027,0.2365647405385971,490000
2021-05-26,0.3400000035762787,0.3400000035762787,0.33000001311302185,0.33000001311302185,0.2330339103937149,92000
2021-05-27,0.33000001311302185,0.3400000035762787,0.32499998807907104,0.3400000035762787,0.2400955855846405,670000
2021-05-28,0.33000001311302185,0.33500000834465027,0.33000001311302185,0.33500000834465027,0.2365647405385971,28000
2021-05-31,0.33500000834465027,0.3400000035762787,0.33000001311302185,0.33000001311302185,0.2330339103937149,156000
2021-06-01,0.33000001311302185,0.3400000035762787,0.33000001311302185,0.33500000834465027,0.2365647405385971,230000
2021-06-02,0.33000001311302185,0.3449999988079071,0.33000001311302185,0.33000001311302185,0.2330339103937149,804000
2021-06-03,0.33000001311302185,0.3400000035762787,0.33000001311302185,0.33500000834465027,0.2365647405385971,50000
2021-06-04,0.33500000834465027,0.3400000035762787,0.33000001311302185,0.3400000035762787,0.2400955855846405,12000
2021-06-07,0.33000001311302185,0.3400000035762787,0.33000001311302185,0.33000001311302185,0.2330339103937149,316000
2021-06-08,0.33500000834465027,0.5099999904632568,0.33500000834465027,0.44999998807907104,0.3177734911441803,54894142
2021-06-09,0.44999998807907104,0.46000000834465027,0.4000000059604645,0.4050000011920929,0.2859961688518524,24283989
2021-06-10,0.4050000011920929,0.4050000011920929,0.3799999952316284,0.38499999046325684,0.271872878074646,4280000
2021-06-11,0.38999998569488525,0.4699999988079071,0.38999998569488525,0.46000000834465027,0.3248351216316223,29610000
2021-06-15,0.46000000834465027,0.5299999713897705,0.4449999928474426,0.5099999904632568,0.3601433336734772,23107537
2021-06-16,0.5099999904632568,0.5299999713897705,0.4699999988079071,0.47999998927116394,0.3389584422111511,12062000
2021-06-17,0.4650000035762787,0.49000000953674316,0.46000000834465027,0.47999998927116394,0.3389584422111511,3204000
2021-06-18,0.4749999940395355,0.5699999928474426,0.4650000035762787,0.5699999928474426,0.4025130867958069,19679000
2021-06-21,0.5600000023841858,0.5799999833106995,0.5299999713897705,0.5699999928474426,0.4025130867958069,14605000
2021-06-22,0.5699999928474426,0.6000000238418579,0.5600000023841858,0.5899999737739563,0.4166364073753357,11258000
2021-06-23,0.5899999737739563,0.6299999952316284,0.5899999737739563,0.5899999737739563,0.4166364073753357,10570000
2021-06-24,0.5799999833106995,0.5899999737739563,0.5600000023841858,0.5799999833106995,0.4095747768878937,5797200
2021-06-25,0.5799999833106995,0.6000000238418579,0.5699999928474426,0.5899999737739563,0.4166364073753357,3528000
2021-06-28,0.5899999737739563,0.6000000238418579,0.5400000214576721,0.550000011920929,0.3883898854255676,4260000
2021-06-29,0.5400000214576721,0.5400000214576721,0.5199999809265137,0.5199999809265137,0.3672049641609192,3808000
2021-06-30,0.5099999904632568,0.5199999809265137,0.48500001430511475,0.5099999904632568,0.3601433336734772,4638000
2021-07-02,0.5,0.5199999809265137,0.49000000953674316,0.5199999809265137,0.3672049641609192,2298000
2021-07-05,0.5299999713897705,0.5299999713897705,0.5,0.5199999809265137,0.3672049641609192,1572000
2021-07-06,0.5199999809265137,0.5299999713897705,0.5,0.5099999904632568,0.3601433336734772,1094000
2021-07-07,0.5,0.5199999809265137,0.4950000047683716,0.4950000047683716,0.34955087304115295,1112000
2021-07-08,0.4950000047683716,0.5099999904632568,0.47999998927116394,0.48500001430511475,0.34248921275138855,2486000
2021-07-09,0.4749999940395355,0.49000000953674316,0.4699999988079071,0.47999998927116394,0.3389584422111511,1966000
2021-07-12,0.48500001430511475,0.49000000953674316,0.4699999988079071,0.4749999940395355,0.33542758226394653,1272000
2021-07-13,0.4749999940395355,0.48500001430511475,0.4650000035762787,0.4699999988079071,0.3318967819213867,614000
2021-07-14,0.4699999988079071,0.4950000047683716,0.4699999988079071,0.4950000047683716,0.34955087304115295,1526000
2021-07-15,0.48500001430511475,0.4950000047683716,0.47999998927116394,0.48500001430511475,0.34248921275138855,798000
2021-07-16,0.4749999940395355,0.4950000047683716,0.4749999940395355,0.48500001430511475,0.34248921275138855,548000
2021-07-19,0.47999998927116394,0.4950000047683716,0.4749999940395355,0.47999998927116394,0.3389584422111511,676000
2021-07-20,0.4749999940395355,0.47999998927116394,0.44999998807907104,0.44999998807907104,0.3177734911441803,2870000
2021-07-21,0.4650000035762787,0.4650000035762787,0.4300000071525574,0.4449999928474426,0.31424272060394287,3122000
2021-07-22,0.4650000035762787,0.4650000035762787,0.4300000071525574,0.44999998807907104,0.3177734911441803,830000
2021-07-23,0.4449999928474426,0.44999998807907104,0.4300000071525574,0.4399999976158142,0.31071192026138306,636000
2021-07-26,0.4350000023841858,0.4650000035762787,0.41499999165534973,0.41999998688697815,0.29658862948417664,1488000
2021-07-27,0.4350000023841858,0.4350000023841858,0.4000000059604645,0.41499999165534973,0.2930578291416168,1398000
2021-07-28,0.4050000011920929,0.41999998688697815,0.4000000059604645,0.41999998688697815,0.29658862948417664,522000
2021-07-29,0.4099999964237213,0.41499999165534973,0.4050000011920929,0.4050000011920929,0.2859961688518524,1030000
2021-07-30,0.39500001072883606,0.41499999165534973,0.38999998569488525,0.4099999964237213,0.28952696919441223,556000
2021-08-02,0.4050000011920929,0.41999998688697815,0.39500001072883606,0.41999998688697815,0.29658862948417664,608000
2021-08-03,0.4099999964237213,0.41999998688697815,0.4000000059604645,0.4000000059604645,0.2824653387069702,542000
2021-08-04,0.4000000059604645,0.41499999165534973,0.38999998569488525,0.4050000011920929,0.2859961688518524,308000
2021-08-05,0.39500001072883606,0.45500001311302185,0.39500001072883606,0.4350000023841858,0.30718106031417847,5250000
2021-08-06,0.4350000023841858,0.5,0.42500001192092896,0.4950000047683716,0.34955087304115295,14223855
2021-08-09,0.48500001430511475,0.5600000023841858,0.47999998927116394,0.5099999904632568,0.3601433336734772,12984066
2021-08-10,0.5099999904632568,0.5299999713897705,0.4950000047683716,0.5,0.35308167338371277,2876000
2021-08-11,0.5099999904632568,0.5099999904632568,0.49000000953674316,0.4950000047683716,0.34955087304115295,2569000
2021-08-12,0.4950000047683716,0.5400000214576721,0.49000000953674316,0.5199999809265137,0.3672049641609192,4688000
2021-08-13,0.5099999904632568,0.5099999904632568,0.4950000047683716,0.5,0.35308167338371277,838000
2021-08-16,0.5,0.5299999713897705,0.4950000047683716,0.5,0.35308167338371277,1956000
2021-08-17,0.4950000047683716,0.5099999904632568,0.47999998927116394,0.4950000047683716,0.34955087304115295,3444000
2021-08-18,0.49000000953674316,0.5099999904632568,0.49000000953674316,0.49000000953674316,0.34602007269859314,1068000
2021-08-19,0.49000000953674316,0.5,0.47999998927116394,0.47999998927116394,0.3389584422111511,1218000
2021-08-20,0.47999998927116394,0.49000000953674316,0.46000000834465027,0.4650000035762787,0.3283660411834717,1454000
2021-08-23,0.4650000035762787,0.48500001430511475,0.45500001311302185,0.46000000834465027,0.3248351216316223,1195000
2021-08-24,0.46000000834465027,0.4699999988079071,0.45500001311302185,0.45500001311302185,0.3213043808937073,306000
2021-08-25,0.45500001311302185,0.4699999988079071,0.45500001311302185,0.45500001311302185,0.3213043808937073,275000
2021-08-26,0.45500001311302185,0.4699999988079071,0.44999998807907104,0.44999998807907104,0.3177734911441803,524000
2021-08-27,0.44999998807907104,0.4650000035762787,0.44999998807907104,0.4650000035762787,0.3283660411834717,280000
2021-08-30,0.4650000035762787,0.4650000035762787,0.4449999928474426,0.46000000834465027,0.3248351216316223,1378000
2021-08-31,0.46000000834465027,0.46000000834465027,0.4399999976158142,0.4449999928474426,0.31424272060394287,154000
2021-09-01,0.46000000834465027,0.46000000834465027,0.44999998807907104,0.44999998807907104,0.3177734911441803,72000
2021-09-02,0.4449999928474426,0.44999998807907104,0.4350000023841858,0.4399999976158142,0.31071192026138306,752000
2021-09-03,0.4350000023841858,0.44999998807907104,0.4300000071525574,0.4449999928474426,0.31424272060394287,1070000
2021-09-06,0.44999998807907104,0.44999998807907104,0.4350000023841858,0.4399999976158142,0.31071192026138306,248000
2021-09-07,0.4399999976158142,0.46000000834465027,0.4350000023841858,0.4449999928474426,0.31424272060394287,714000
2021-09-08,0.44999998807907104,0.44999998807907104,0.4350000023841858,0.4449999928474426,0.31424272060394287,334000
2021-09-09,0.4399999976158142,0.45500001311302185,0.4300000071525574,0.4399999976158142,0.31071192026138306,670018
2021-09-10,0.4399999976158142,0.44999998807907104,0.4300000071525574,0.4449999928474426,0.31424272060394287,664000
2021-09-13,0.4350000023841858,0.4350000023841858,0.42500001192092896,0.4300000071525574,0.31063076853752136,322000
2021-09-14,0.42500001192092896,0.4350000023841858,0.41999998688697815,0.4300000071525574,0.31063076853752136,598000
2021-09-15,0.41999998688697815,0.4300000071525574,0.41499999165534973,0.41999998688697815,0.3034067451953888,328000
2021-09-16,0.4300000071525574,0.4399999976158142,0.41499999165534973,0.4350000023841858,0.3142426908016205,364000
2021-09-17,0.4350000023841858,0.4449999928474426,0.42500001192092896,0.4350000023841858,0.3142426908016205,776000
2021-09-20,0.4399999976158142,0.4399999976158142,0.41999998688697815,0.4300000071525574,0.31063076853752136,512000
2021-09-21,0.42500001192092896,0.4350000023841858,0.41999998688697815,0.42500001192092896,0.3070187270641327,166000
2021-09-23,0.42500001192092896,0.4300000071525574,0.41499999165534973,0.41999998688697815,0.3034067451953888,142000
2021-09-24,0.42500001192092896,0.4300000071525574,0.41499999165534973,0.41999998688697815,0.3034067451953888,498000
2021-09-27,0.41999998688697815,0.42500001192092896,0.41999998688697815,0.42500001192092896,0.3070187270641327,276000
2021-09-28,0.42500001192092896,0.4350000023841858,0.41999998688697815,0.4300000071525574,0.31063076853752136,102000
2021-09-29,0.41999998688697815,0.42500001192092896,0.41999998688697815,0.42500001192092896,0.3070187270641327,354000
2021-09-30,0.4300000071525574,0.4300000071525574,0.42500001192092896,0.4300000071525574,0.31063076853752136,796000
2021-10-04,0.4300000071525574,0.4300000071525574,0.41999998688697815,0.42500001192092896,0.3070187270641327,253000
2021-10-05,0.42500001192092896,0.4350000023841858,0.41999998688697815,0.42500001192092896,0.3070187270641327,380000
2021-10-06,0.42500001192092896,0.4350000023841858,0.41499999165534973,0.41999998688697815,0.3034067451953888,492000
2021-10-07,0.41999998688697815,0.4300000071525574,0.41999998688697815,0.42500001192092896,0.3070187270641327,434000
2021-10-08,0.42500001192092896,0.4300000071525574,0.41999998688697815,0.41999998688697815,0.3034067451953888,178000
2021-10-11,0.42500001192092896,0.4300000071525574,0.41999998688697815,0.4300000071525574,0.31063076853752136,396000
2021-10-12,0.4300000071525574,0.4300000071525574,0.41999998688697815,0.41999998688697815,0.3034067451953888,336000
2021-10-15,0.4300000071525574,0.45500001311302185,0.4300000071525574,0.4449999928474426,0.32146668434143066,1886000
2021-10-18,0.4399999976158142,0.4449999928474426,0.4300000071525574,0.4300000071525574,0.31063076853752136,364000
2021-10-19,0.4300000071525574,0.4399999976158142,0.4300000071525574,0.4350000023841858,0.3142426908016205,326000
2021-10-20,0.4350000023841858,0.45500001311302185,0.4350000023841858,0.4399999976158142,0.31785473227500916,1184000
2021-10-21,0.4350000023841858,0.46000000834465027,0.4350000023841858,0.4399999976158142,0.31785473227500916,298000
2021-10-22,0.4350000023841858,0.44999998807907104,0.4350000023841858,0.4350000023841858,0.3142426908016205,170000
2021-10-25,0.4399999976158142,0.4449999928474426,0.4350000023841858,0.4350000023841858,0.3142426908016205,310000
2021-10-26,0.4350000023841858,0.4449999928474426,0.4350000023841858,0.4350000023841858,0.3142426908016205,116000
2021-10-27,0.4350000023841858,0.4350000023841858,0.4300000071525574,0.4300000071525574,0.31063076853752136,352000
2021-10-28,0.4300000071525574,0.4399999976158142,0.4300000071525574,0.4350000023841858,0.3142426908016205,134000
2021-10-29,0.4300000071525574,0.4350000023841858,0.42500001192092896,0.42500001192092896,0.3070187270641327,374000
2021-11-01,0.4350000023841858,0.44999998807907104,0.4350000023841858,0.4399999976158142,0.31785473227500916,584000
2021-11-02,0.4449999928474426,0.44999998807907104,0.4399999976158142,0.4449999928474426,0.32146668434143066,204000
2021-11-03,0.44999998807907104,0.44999998807907104,0.4350000023841858,0.4399999976158142,0.31785473227500916,222000
2021-11-04,0.44999998807907104,0.4950000047683716,0.4449999928474426,0.48500001430511475,0.35036253929138184,9566000
2021-11-05,0.4749999940395355,0.5,0.4650000035762787,0.4699999988079071,0.33952659368515015,5948000
2021-11-08,0.4650000035762787,0.4749999940395355,0.46000000834465027,0.4699999988079071,0.33952659368515015,824000
2021-11-09,0.4749999940395355,0.5099999904632568,0.4650000035762787,0.47999998927116394,0.3467505872249603,3328000
2021-11-10,0.47999998927116394,0.49000000953674316,0.4699999988079071,0.4749999940395355,0.34313854575157166,1514000
2021-11-11,0.48500001430511475,0.48500001430511475,0.47999998927116394,0.47999998927116394,0.3467505872249603,48000
2021-11-12,0.47999998927116394,0.49000000953674316,0.4749999940395355,0.47999998927116394,0.3467505872249603,832000
2021-11-15,0.47999998927116394,0.4950000047683716,0.4749999940395355,0.47999998927116394,0.3467505872249603,590000
2021-11-16,0.47999998927116394,0.5,0.4749999940395355,0.47999998927116394,0.3467505872249603,1364000
2021-11-17,0.48500001430511475,0.4950000047683716,0.47999998927116394,0.47999998927116394,0.3467505872249603,298000
2021-11-18,0.47999998927116394,0.5199999809265137,0.4749999940395355,0.5099999904632568,0.3684224784374237,2902000
2021-11-19,0.5099999904632568,0.5400000214576721,0.5,0.5299999713897705,0.3828704357147217,6412000
2021-11-22,0.5299999713897705,0.5299999713897705,0.5,0.5199999809265137,0.3756464421749115,1570000
2021-11-23,0.5,0.5,0.49000000953674316,0.4950000047683716,0.357586532831192,1840000
2021-11-24,0.4950000047683716,0.5099999904632568,0.49000000953674316,0.4950000047683716,0.357586532831192,902000
2021-11-25,0.5099999904632568,0.5099999904632568,0.48500001430511475,0.48500001430511475,0.35036253929138184,1544000
2021-11-26,0.49000000953674316,0.5,0.4699999988079071,0.47999998927116394,0.3467505872249603,1530000
2021-11-29,0.4699999988079071,0.4749999940395355,0.44999998807907104,0.44999998807907104,0.3250786364078522,5186000
2021-11-30,0.44999998807907104,0.44999998807907104,0.4300000071525574,0.4399999976158142,0.31785473227500916,2132000
2021-12-01,0.4350000023841858,0.4449999928474426,0.4350000023841858,0.4350000023841858,0.3142426908016205,612000
2021-12-02,0.4300000071525574,0.4449999928474426,0.4300000071525574,0.4300000071525574,0.31063076853752136,1630000
2021-12-03,0.4350000023841858,0.4399999976158142,0.42500001192092896,0.4350000023841858,0.3142426908016205,442000
2021-12-06,0.42500001192092896,0.42500001192092896,0.41999998688697815,0.41999998688697815,0.3034067451953888,1174000
2021-12-07,0.42500001192092896,0.4399999976158142,0.41499999165534973,0.4350000023841858,0.3142426908016205,668000
2021-12-08,0.4300000071525574,0.4350000023841858,0.41999998688697815,0.4350000023841858,0.3142426908016205,900000
2021-12-09,0.4350000023841858,0.4399999976158142,0.41999998688697815,0.4300000071525574,0.3135136365890503,364000
2021-12-10,0.42500001192092896,0.4300000071525574,0.41999998688697815,0.41999998688697815,0.3062225878238678,118000
2021-12-13,0.42500001192092896,0.4350000023841858,0.41999998688697815,0.4300000071525574,0.3135136365890503,274000
2021-12-14,0.41999998688697815,0.4300000071525574,0.41999998688697815,0.4300000071525574,0.3135136365890503,296000
2021-12-15,0.41999998688697815,0.42500001192092896,0.41499999165534973,0.41499999165534973,0.30257707834243774,206000
2021-12-16,0.41999998688697815,0.42500001192092896,0.4099999964237213,0.41999998688697815,0.3062225878238678,150000
2021-12-17,0.4050000011920929,0.41999998688697815,0.4000000059604645,0.41499999165534973,0.30257707834243774,378000
2021-12-20,0.4050000011920929,0.4099999964237213,0.4000000059604645,0.4000000059604645,0.29164057970046997,526000
2021-12-21,0.39500001072883606,0.4050000011920929,0.38999998569488525,0.4000000059604645,0.29164057970046997,318000
2021-12-22,0.4050000011920929,0.4099999964237213,0.38999998569488525,0.4000000059604645,0.29164057970046997,104000
2021-12-23,0.4099999964237213,0.4099999964237213,0.39500001072883606,0.4050000011920929,0.2952860891819,186000
2021-12-24,0.38999998569488525,0.4099999964237213,0.38999998569488525,0.4000000059604645,0.29164057970046997,58000
2021-12-28,0.4000000059604645,0.4000000059604645,0.38999998569488525,0.38999998569488525,0.2843495309352875,90000
2021-12-29,0.38999998569488525,0.4000000059604645,0.3799999952316284,0.4000000059604645,0.29164057970046997,134000
2021-12-30,0.4000000059604645,0.41499999165534973,0.4000000059604645,0.4050000011920929,0.2952860891819,286000
2021-12-31,0.4000000059604645,0.41999998688697815,0.38999998569488525,0.4000000059604645,0.29164057970046997,44000
2022-01-03,0.4099999964237213,0.4099999964237213,0.38999998569488525,0.39500001072883606,0.28799504041671753,172000
2022-01-04,0.4000000059604645,0.4099999964237213,0.38999998569488525,0.4050000011920929,0.2952860891819,254500
2022-01-05,0.39500001072883606,0.41499999165534973,0.39500001072883606,0.39500001072883606,0.28799504041671753,90200
2022-01-06,0.39500001072883606,0.4099999964237213,0.39500001072883606,0.39500001072883606,0.28799504041671753,386000
2022-01-07,0.4050000011920929,0.4099999964237213,0.38999998569488525,0.38999998569488525,0.2843495309352875,720000
2022-01-10,0.39500001072883606,0.41499999165534973,0.39500001072883606,0.41499999165534973,0.30257707834243774,135712
2022-01-11,0.4000000059604645,0.41999998688697815,0.4000000059604645,0.4000000059604645,0.29164057970046997,20000
2022-01-12,0.4000000059604645,0.41999998688697815,0.4000000059604645,0.41499999165534973,0.30257707834243774,256000
2022-01-13,0.41499999165534973,0.41999998688697815,0.4000000059604645,0.4050000011920929,0.2952860891819,324000
2022-01-14,0.4099999964237213,0.41999998688697815,0.4050000011920929,0.4050000011920929,0.2952860891819,174000
2022-01-17,0.4099999964237213,0.4099999964237213,0.4000000059604645,0.4050000011920929,0.2952860891819,64000
2022-01-18,0.41499999165534973,0.41499999165534973,0.4050000011920929,0.41499999165534973,0.30257707834243774,240000
2022-01-19,0.41499999165534973,0.4300000071525574,0.4050000011920929,0.4050000011920929,0.2952860891819,530000
2022-01-20,0.42500001192092896,0.42500001192092896,0.4050000011920929,0.4099999964237213,0.2989315986633301,60000
2022-01-21,0.41499999165534973,0.42500001192092896,0.4099999964237213,0.4099999964237213,0.2989315986633301,154000
2022-01-24,0.4050000011920929,0.41499999165534973,0.4050000011920929,0.4050000011920929,0.2952860891819,30000
2022-01-25,0.4099999964237213,0.4399999976158142,0.4000000059604645,0.4050000011920929,0.2952860891819,694000
2022-01-26,0.4000000059604645,0.42500001192092896,0.4000000059604645,0.4050000011920929,0.2952860891819,52000
2022-01-27,0.41999998688697815,0.41999998688697815,0.4000000059604645,0.4050000011920929,0.2952860891819,294000
2022-01-28,0.4000000059604645,0.4099999964237213,0.39500001072883606,0.4050000011920929,0.2952860891819,72000
2022-01-31,0.4000000059604645,0.4000000059604645,0.4000000059604645,0.4000000059604645,0.29164057970046997,0
2022-02-04,0.41999998688697815,0.41999998688697815,0.4000000059604645,0.4050000011920929,0.2952860891819,58000
2022-02-07,0.4000000059604645,0.4099999964237213,0.4000000059604645,0.4000000059604645,0.29164057970046997,244000
2022-02-08,0.4050000011920929,0.42500001192092896,0.4000000059604645,0.4050000011920929,0.2952860891819,682000
2022-02-09,0.41499999165534973,0.41999998688697815,0.4000000059604645,0.4050000011920929,0.2952860891819,158000
2022-02-10,0.4099999964237213,0.42500001192092896,0.4050000011920929,0.4050000011920929,0.2952860891819,142000
2022-02-11,0.4099999964237213,0.4399999976158142,0.4050000011920929,0.4050000011920929,0.2952860891819,716000
2022-02-14,0.4350000023841858,0.4399999976158142,0.4050000011920929,0.4099999964237213,0.2989315986633301,214000
2022-02-15,0.4099999964237213,0.4099999964237213,0.4099999964237213,0.4099999964237213,0.2989315986633301,20000
2022-02-16,0.41999998688697815,0.4300000071525574,0.41499999165534973,0.41499999165534973,0.30257707834243774,132000
2022-02-17,0.4099999964237213,0.41999998688697815,0.4099999964237213,0.4099999964237213,0.2989315986633301,114000
2022-02-18,0.4099999964237213,0.41499999165534973,0.4050000011920929,0.4099999964237213,0.2989315986633301,120000
2022-02-21,0.4099999964237213,0.4099999964237213,0.4000000059604645,0.4000000059604645,0.29164057970046997,64000
2022-02-22,0.4000000059604645,0.4050000011920929,0.38999998569488525,0.4050000011920929,0.2952860891819,314000
2022-02-23,0.4000000059604645,0.41499999165534973,0.39500001072883606,0.4099999964237213,0.2989315986633301,278000
2022-02-24,0.41499999165534973,0.41499999165534973,0.38499999046325684,0.38999998569488525,0.2843495309352875,418000
2022-02-25,0.3799999952316284,0.4000000059604645,0.3799999952316284,0.38999998569488525,0.2843495309352875,34000
2022-02-28,0.3799999952316284,0.38499999046325684,0.3799999952316284,0.38499999046325684,0.2807040512561798,56000
2022-03-01,0.375,0.38499999046325684,0.36000001430511475,0.3799999952316284,0.27705854177474976,1698739
2022-03-02,0.3700000047683716,0.375,0.36500000953674316,0.3700000047683716,0.26976752281188965,214000
2022-03-03,0.3700000047683716,0.38499999046325684,0.36500000953674316,0.3700000047683716,0.26976752281188965,182020
2022-03-04,0.36500000953674316,0.3700000047683716,0.36000001430511475,0.36500000953674316,0.266122043132782,182000
2022-03-07,0.36000001430511475,0.36500000953674316,0.33500000834465027,0.3449999988079071,0.2515399754047394,564000
2022-03-08,0.3449999988079071,0.3799999952316284,0.33500000834465027,0.3499999940395355,0.25518548488616943,528000
2022-03-09,0.3499999940395355,0.35499998927116394,0.3050000071525574,0.3400000035762787,0.24789448082447052,118000
2022-03-10,0.3400000035762787,0.36500000953674316,0.3400000035762787,0.36000001430511475,0.26247650384902954,244000
2022-03-11,0.3499999940395355,0.36000001430511475,0.3449999988079071,0.36000001430511475,0.26247650384902954,626000
2022-03-14,0.3499999940395355,0.36500000953674316,0.33000001311302185,0.33000001311302185,0.2406034618616104,964000
2022-03-15,0.32499998807907104,0.32499998807907104,0.3050000071525574,0.3100000023841858,0.2260214388370514,616000
2022-03-16,0.3199999928474426,0.33500000834465027,0.3100000023841858,0.3199999928474426,0.2333124428987503,1362100
2022-03-17,0.32499998807907104,0.3400000035762787,0.32499998807907104,0.33000001311302185,0.2406034618616104,286000
2022-03-18,0.33500000834465027,0.3449999988079071,0.32499998807907104,0.33000001311302185,0.2406034618616104,140000
2022-03-21,0.3400000035762787,0.35499998927116394,0.33500000834465027,0.3499999940395355,0.25518548488616943,302000
2022-03-22,0.3400000035762787,0.3499999940395355,0.33500000834465027,0.33500000834465027,0.24424897134304047,94000
2022-03-23,0.3400000035762787,0.35499998927116394,0.3400000035762787,0.3449999988079071,0.2515399754047394,204000
2022-03-24,0.3499999940395355,0.38499999046325684,0.3499999940395355,0.3799999952316284,0.27705854177474976,862000
2022-03-25,0.38499999046325684,0.4000000059604645,0.38499999046325684,0.4000000059604645,0.29164057970046997,1074000
2022-03-28,0.4000000059604645,0.4050000011920929,0.39500001072883606,0.4050000011920929,0.2952860891819,302000
2022-03-29,0.4099999964237213,0.4099999964237213,0.4000000059604645,0.4000000059604645,0.29164057970046997,76000
2022-03-30,0.4000000059604645,0.4099999964237213,0.38499999046325684,0.4050000011920929,0.2952860891819,184000
2022-03-31,0.4050000011920929,0.4099999964237213,0.38999998569488525,0.4099999964237213,0.2989315986633301,704140
2022-04-01,0.41499999165534973,0.41499999165534973,0.39500001072883606,0.39500001072883606,0.28799504041671753,146000
2022-04-04,0.4000000059604645,0.4099999964237213,0.38499999046325684,0.39500001072883606,0.28799504041671753,162000
2022-04-06,0.38999998569488525,0.4099999964237213,0.38999998569488525,0.38999998569488525,0.2843495309352875,238000
2022-04-07,0.39500001072883606,0.39500001072883606,0.39500001072883606,0.39500001072883606,0.28799504041671753,10000
2022-04-08,0.39500001072883606,0.4000000059604645,0.38999998569488525,0.4000000059604645,0.29164057970046997,188000
2022-04-11,0.38999998569488525,0.39500001072883606,0.3799999952316284,0.39500001072883606,0.28799504041671753,138000
2022-04-12,0.39500001072883606,0.4099999964237213,0.38999998569488525,0.38999998569488525,0.2843495309352875,58000
2022-04-13,0.38499999046325684,0.39500001072883606,0.3799999952316284,0.39500001072883606,0.28799504041671753,308000
2022-04-14,0.3799999952316284,0.4000000059604645,0.3799999952316284,0.39500001072883606,0.28799504041671753,30000
2022-04-19,0.38499999046325684,0.39500001072883606,0.3799999952316284,0.38999998569488525,0.2843495309352875,68000
2022-04-20,0.38499999046325684,0.38499999046325684,0.38499999046325684,0.38499999046325684,0.2807040512561798,0
2022-04-21,0.38999998569488525,0.4050000011920929,0.38499999046325684,0.38499999046325684,0.2807040512561798,86000
2022-04-22,0.38999998569488525,0.38999998569488525,0.375,0.38499999046325684,0.2807040512561798,104000
2022-04-25,0.3799999952316284,0.38999998569488525,0.3799999952316284,0.3799999952316284,0.27705854177474976,150000
2022-04-26,0.38999998569488525,0.4000000059604645,0.3700000047683716,0.375,0.2734130024909973,840000
2022-04-27,0.38499999046325684,0.4000000059604645,0.375,0.39500001072883606,0.28799504041671753,482000
2022-04-28,0.39500001072883606,0.4050000011920929,0.38499999046325684,0.38999998569488525,0.2843495309352875,244000
2022-04-29,0.38999998569488525,0.41499999165534973,0.38999998569488525,0.4000000059604645,0.29164057970046997,332000
2022-05-03,0.4050000011920929,0.4099999964237213,0.39500001072883606,0.4000000059604645,0.29164057970046997,128000
2022-05-04,0.39500001072883606,0.4099999964237213,0.39500001072883606,0.4050000011920929,0.2952860891819,76000
2022-05-05,0.4000000059604645,0.4099999964237213,0.4000000059604645,0.4099999964237213,0.2989315986633301,108000
2022-05-06,0.41499999165534973,0.4399999976158142,0.41499999165534973,0.42500001192092896,0.30986806750297546,2621920
2022-05-10,0.41499999165534973,0.4350000023841858,0.4099999964237213,0.4300000071525574,0.3135136365890503,490000
2022-05-11,0.4350000023841858,0.4350000023841858,0.41999998688697815,0.41999998688697815,0.3062225878238678,60000
2022-05-12,0.41499999165534973,0.42500001192092896,0.4099999964237213,0.4099999964237213,0.2989315986633301,554000
2022-05-13,0.41499999165534973,0.42500001192092896,0.4099999964237213,0.4099999964237213,0.2989315986633301,348000
2022-05-16,0.4099999964237213,0.41499999165534973,0.4099999964237213,0.4099999964237213,0.2989315986633301,78000
2022-05-17,0.4099999964237213,0.41499999165534973,0.4099999964237213,0.41499999165534973,0.30257707834243774,28000
2022-05-18,0.4099999964237213,0.41499999165534973,0.4099999964237213,0.41499999165534973,0.30257707834243774,24000
2022-05-19,0.4050000011920929,0.4099999964237213,0.4050000011920929,0.4050000011920929,0.2952860891819,202000
2022-05-20,0.4099999964237213,0.41999998688697815,0.4050000011920929,0.4099999964237213,0.2989315986633301,22000
2022-05-23,0.39500001072883606,0.42500001192092896,0.38499999046325684,0.4050000011920929,0.2952860891819,422000
2022-05-24,0.39500001072883606,0.4050000011920929,0.38999998569488525,0.38999998569488525,0.2843495309352875,208980
2022-05-25,0.38999998569488525,0.4050000011920929,0.38999998569488525,0.39500001072883606,0.28799504041671753,218000
2022-05-26,0.39500001072883606,0.4050000011920929,0.38499999046325684,0.38999998569488525,0.2843495309352875,366000
2022-05-27,0.38999998569488525,0.4000000059604645,0.38999998569488525,0.38999998569488525,0.2843495309352875,178000
2022-05-30,0.39500001072883606,0.4099999964237213,0.38499999046325684,0.4000000059604645,0.29164057970046997,781000
2022-05-31,0.39500001072883606,0.4050000011920929,0.38999998569488525,0.38999998569488525,0.2843495309352875,192000
2022-06-01,0.39500001072883606,0.4050000011920929,0.38999998569488525,0.4000000059604645,0.29164057970046997,194000
2022-06-02,0.4000000059604645,0.4050000011920929,0.39500001072883606,0.4000000059604645,0.29164057970046997,228000
2022-06-06,0.4050000011920929,0.4050000011920929,0.39500001072883606,0.4000000059604645,0.29164057970046997,94000
2022-06-07,0.39500001072883606,0.4099999964237213,0.39500001072883606,0.4099999964237213,0.2989315986633301,400000
2022-06-08,0.4099999964237213,0.4449999928474426,0.4050000011920929,0.41999998688697815,0.3062225878238678,1810000
2022-06-09,0.41999998688697815,0.42500001192092896,0.41499999165534973,0.41999998688697815,0.3062225878238678,804000
2022-06-10,0.41499999165534973,0.4300000071525574,0.4099999964237213,0.42500001192092896,0.30986806750297546,456000
2022-06-13,0.41999998688697815,0.42500001192092896,0.4099999964237213,0.4099999964237213,0.2989315986633301,830000
2022-06-14,0.42500001192092896,0.42500001192092896,0.4050000011920929,0.4099999964237213,0.2989315986633301,304000
2022-06-15,0.4099999964237213,0.4099999964237213,0.4099999964237213,0.41499999165534973,0.30257707834243774,10000
2022-06-16,0.4099999964237213,0.41499999165534973,0.4099999964237213,0.4099999964237213,0.2989315986633301,12000
2022-06-17,0.42500001192092896,0.42500001192092896,0.4000000059604645,0.4000000059604645,0.29164057970046997,416000
2022-06-20,0.4099999964237213,0.41499999165534973,0.4000000059604645,0.41499999165534973,0.30257707834243774,46000
2022-06-21,0.41499999165534973,0.42500001192092896,0.4099999964237213,0.41499999165534973,0.30257707834243774,290000
2022-06-22,0.41999998688697815,0.4300000071525574,0.41499999165534973,0.41499999165534973,0.30257707834243774,346000
2022-06-23,0.41499999165534973,0.4300000071525574,0.41499999165534973,0.41999998688697815,0.3062225878238678,426000
2022-06-24,0.41999998688697815,0.4399999976158142,0.41999998688697815,0.4300000071525574,0.3135136365890503,806000
2022-06-27,0.4399999976158142,0.4449999928474426,0.41999998688697815,0.4350000023841858,0.31715908646583557,2081143
2022-06-28,0.4300000071525574,0.4350000023841858,0.42500001192092896,0.42500001192092896,0.30986806750297546,254000
2022-06-29,0.41999998688697815,0.4300000071525574,0.4099999964237213,0.4099999964237213,0.2989315986633301,454000
2022-06-30,0.4099999964237213,0.4399999976158142,0.4000000059604645,0.4099999964237213,0.2989315986633301,33815400
2022-07-04,0.41499999165534973,0.41499999165534973,0.4050000011920929,0.4099999964237213,0.2989315986633301,298000
2022-07-05,0.4099999964237213,0.41499999165534973,0.4050000011920929,0.4050000011920929,0.2952860891819,208404
2022-07-06,0.4050000011920929,0.41499999165534973,0.4000000059604645,0.4000000059604645,0.29164057970046997,854000
2022-07-07,0.4000000059604645,0.41999998688697815,0.4000000059604645,0.4099999964237213,0.2989315986633301,410008
2022-07-08,0.4099999964237213,0.41499999165534973,0.4000000059604645,0.41499999165534973,0.30257707834243774,82000
2022-07-11,0.4050000011920929,0.4099999964237213,0.4050000011920929,0.4099999964237213,0.2989315986633301,8000
2022-07-12,0.4050000011920929,0.4050000011920929,0.4050000011920929,0.4050000011920929,0.2952860891819,112008
2022-07-13,0.4099999964237213,0.41499999165534973,0.4099999964237213,0.41499999165534973,0.30257707834243774,58000
2022-07-14,0.4099999964237213,0.41499999165534973,0.4050000011920929,0.4099999964237213,0.2989315986633301,116008
2022-07-15,0.4050000011920929,0.4050000011920929,0.4050000011920929,0.4050000011920929,0.2952860891819,0
2022-07-18,0.4000000059604645,0.41499999165534973,0.39500001072883606,0.4050000011920929,0.2952860891819,128000
2022-07-19,0.4050000011920929,0.41499999165534973,0.4000000059604645,0.4050000011920929,0.2952860891819,334032
2022-07-20,0.4050000011920929,0.41499999165534973,0.39500001072883606,0.4000000059604645,0.29164057970046997,498002
2022-07-21,0.4000000059604645,0.4099999964237213,0.39500001072883606,0.39500001072883606,0.28799504041671753,298000
2022-07-22,0.4000000059604645,0.4050000011920929,0.38499999046325684,0.38499999046325684,0.2807040512561798,394008
2022-07-25,0.38999998569488525,0.39500001072883606,0.3799999952316284,0.38499999046325684,0.2807040512561798,502000
2022-07-26,0.38499999046325684,0.39500001072883606,0.3799999952316284,0.38499999046325684,0.2807040512561798,596000
2022-07-27,0.39500001072883606,0.4000000059604645,0.38499999046325684,0.4000000059604645,0.29164057970046997,800000
2022-07-28,0.4000000059604645,0.4050000011920929,0.4000000059604645,0.4000000059604645,0.29164057970046997,108000
2022-07-29,0.4000000059604645,0.4000000059604645,0.38999998569488525,0.39500001072883606,0.28799504041671753,150000
2022-08-01,0.39500001072883606,0.4000000059604645,0.4000000059604645,0.4000000059604645,0.29164057970046997,8000
2022-08-02,0.39500001072883606,0.39500001072883606,0.3799999952316284,0.38499999046325684,0.2807040512561798,294000
2022-08-03,0.39500001072883606,0.4099999964237213,0.38999998569488525,0.4000000059604645,0.29164057970046997,188000
2022-08-04,0.38999998569488525,0.41499999165534973,0.38999998569488525,0.4050000011920929,0.2952860891819,410000
2022-08-05,0.4050000011920929,0.4099999964237213,0.38999998569488525,0.4000000059604645,0.29164057970046997,651000
2022-08-08,0.4099999964237213,0.4099999964237213,0.38499999046325684,0.38999998569488525,0.2843495309352875,190000
2022-08-09,0.38499999046325684,0.38999998569488525,0.38499999046325684,0.38999998569488525,0.2843495309352875,132000
2022-08-10,0.38999998569488525,0.39500001072883606,0.38499999046325684,0.38499999046325684,0.2807040512561798,12000
2022-08-11,0.38499999046325684,0.39500001072883606,0.38499999046325684,0.38499999046325684,0.2807040512561798,68000
2022-08-12,0.38499999046325684,0.39500001072883606,0.38499999046325684,0.38499999046325684,0.2807040512561798,70000
2022-08-15,0.3799999952316284,0.38499999046325684,0.3799999952316284,0.38499999046325684,0.2807040512561798,24000
2022-08-16,0.38499999046325684,0.39500001072883606,0.38499999046325684,0.38499999046325684,0.2807040512561798,28000
2022-08-17,0.38499999046325684,0.39500001072883606,0.38499999046325684,0.38499999046325684,0.2807040512561798,204000
2022-08-18,0.38499999046325684,0.38999998569488525,0.3799999952316284,0.3799999952316284,0.27705854177474976,70000
2022-08-19,0.3799999952316284,0.38999998569488525,0.3799999952316284,0.3799999952316284,0.27705854177474976,46000
2022-08-22,0.38499999046325684,0.38999998569488525,0.3799999952316284,0.38999998569488525,0.2843495309352875,150000
2022-08-23,0.3799999952316284,0.38999998569488525,0.3799999952316284,0.38999998569488525,0.2843495309352875,28000
2022-08-24,0.38499999046325684,0.39500001072883606,0.3799999952316284,0.3799999952316284,0.27705854177474976,312000
2022-08-25,0.38999998569488525,0.4000000059604645,0.38999998569488525,0.38999998569488525,0.2843495309352875,368000
2022-08-26,0.38999998569488525,0.38999998569488525,0.38499999046325684,0.38499999046325684,0.2807040512561798,302000
2022-08-29,0.38499999046325684,0.38499999046325684,0.38499999046325684,0.38499999046325684,0.2807040512561798,0
2022-08-30,0.3799999952316284,0.3799999952316284,0.375,0.375,0.2734130024909973,106000
2022-08-31,0.3799999952316284,0.38499999046325684,0.3700000047683716,0.375,0.2734130024909973,136000
2022-09-01,0.3799999952316284,0.38499999046325684,0.375,0.375,0.2734130024909973,102000
2022-09-02,0.375,0.38499999046325684,0.375,0.375,0.2734130024909973,134000
2022-09-05,0.3799999952316284,0.3799999952316284,0.375,0.3799999952316284,0.27705854177474976,170000
2022-09-06,0.3799999952316284,0.38999998569488525,0.375,0.38999998569488525,0.2843495309352875,518000
2022-09-07,0.3700000047683716,0.3799999952316284,0.36000001430511475,0.3799999952316284,0.2889113128185272,132000
2022-09-08,0.36500000953674316,0.3799999952316284,0.36500000953674316,0.3700000047683716,0.2813083827495575,162000
2022-09-09,0.3700000047683716,0.375,0.36500000953674316,0.36500000953674316,0.277506947517395,30000
2022-09-13,0.36500000953674316,0.3799999952316284,0.36500000953674316,0.3700000047683716,0.2813083827495575,98000
2022-09-14,0.3700000047683716,0.375,0.36500000953674316,0.36500000953674316,0.277506947517395,306000
2022-09-15,0.3700000047683716,0.375,0.36500000953674316,0.36500000953674316,0.277506947517395,44000
2022-09-16,0.3700000047683716,0.38999998569488525,0.36500000953674316,0.38999998569488525,0.29651421308517456,248000
2022-09-19,0.3799999952316284,0.38999998569488525,0.3799999952316284,0.38999998569488525,0.29651421308517456,4000
2022-09-20,0.3799999952316284,0.3799999952316284,0.375,0.375,0.28510981798171997,22000
2022-09-21,0.3700000047683716,0.375,0.36500000953674316,0.375,0.28510981798171997,74000
2022-09-22,0.38499999046325684,0.38499999046325684,0.36500000953674316,0.3799999952316284,0.2889113128185272,18000
2022-09-23,0.375,0.375,0.36500000953674316,0.36500000953674316,0.277506947517395,12000
2022-09-26,0.375,0.3799999952316284,0.3700000047683716,0.3799999952316284,0.2889113128185272,28000
2022-09-27,0.3799999952316284,0.38499999046325684,0.3700000047683716,0.3799999952316284,0.2889113128185272,120000
2022-09-28,0.375,0.375,0.35499998927116394,0.3700000047683716,0.2813083827495575,30000
2022-09-29,0.36000001430511475,0.38499999046325684,0.36000001430511475,0.3700000047683716,0.2813083827495575,214000
2022-09-30,0.36500000953674316,0.36500000953674316,0.36000001430511475,0.36000001430511475,0.27370545268058777,56000
2022-10-03,0.3700000047683716,0.3700000047683716,0.3499999940395355,0.36500000953674316,0.277506947517395,60000
2022-10-05,0.3700000047683716,0.375,0.36500000953674316,0.3700000047683716,0.2813083827495575,428000
2022-10-06,0.36500000953674316,0.375,0.36500000953674316,0.36500000953674316,0.277506947517395,20000
2022-10-07,0.3700000047683716,0.3700000047683716,0.36000001430511475,0.36000001430511475,0.27370545268058777,412000
2022-10-10,0.36000001430511475,0.3700000047683716,0.3499999940395355,0.36000001430511475,0.27370545268058777,352000
2022-10-11,0.36000001430511475,0.3700000047683716,0.35499998927116394,0.35499998927116394,0.2699039876461029,165000
2022-10-12,0.36000001430511475,0.36000001430511475,0.3499999940395355,0.36000001430511475,0.27370545268058777,264000
2022-10-13,0.36000001430511475,0.36500000953674316,0.36000001430511475,0.36500000953674316,0.277506947517395,146000
2022-10-14,0.36000001430511475,0.36000001430511475,0.36000001430511475,0.36000001430511475,0.27370545268058777,0
2022-10-17,0.36000001430511475,0.36000001430511475,0.35499998927116394,0.36000001430511475,0.27370545268058777,42000
2022-10-18,0.35499998927116394,0.36500000953674316,0.35499998927116394,0.36500000953674316,0.277506947517395,46000
2022-10-19,0.36500000953674316,0.3799999952316284,0.36500000953674316,0.375,0.28510981798171997,336000
2022-10-20,0.3700000047683716,0.375,0.36000001430511475,0.3700000047683716,0.2813083827495575,100000
2022-10-21,0.375,0.375,0.3700000047683716,0.375,0.28510981798171997,108000
2022-10-24,0.36500000953674316,0.36500000953674316,0.36000001430511475,0.36000001430511475,0.27370545268058777,166000
2022-10-25,0.36000001430511475,0.36000001430511475,0.35499998927116394,0.36000001430511475,0.27370545268058777,30000
2022-10-26,0.36000001430511475,0.3700000047683716,0.36000001430511475,0.36500000953674316,0.277506947517395,38000
2022-10-27,0.375,0.375,0.36500000953674316,0.375,0.28510981798171997,32000
2022-10-28,0.3700000047683716,0.3700000047683716,0.36500000953674316,0.36500000953674316,0.277506947517395,34000
2022-10-31,0.36000001430511475,0.36000001430511475,0.36000001430511475,0.36000001430511475,0.27370545268058777,7000
2022-11-01,0.36000001430511475,0.375,0.35499998927116394,0.35499998927116394,0.2699039876461029,128000
2022-11-02,0.35499998927116394,0.35499998927116394,0.35499998927116394,0.35499998927116394,0.2699039876461029,0
2022-11-03,0.35499998927116394,0.35499998927116394,0.35499998927116394,0.35499998927116394,0.2699039876461029,0
2022-11-04,0.36000001430511475,0.36000001430511475,0.36000001430511475,0.36000001430511475,0.27370545268058777,0
2022-11-07,0.36500000953674316,0.375,0.35499998927116394,0.35499998927116394,0.2699039876461029,34000
2022-11-08,0.36000001430511475,0.36000001430511475,0.36000001430511475,0.36000001430511475,0.27370545268058777,0
2022-11-09,0.375,0.375,0.35499998927116394,0.3700000047683716,0.2813083827495575,190000
2022-11-10,0.375,0.3799999952316284,0.36500000953674316,0.375,0.28510981798171997,236000
2022-11-11,0.38499999046325684,0.39500001072883606,0.3700000047683716,0.38999998569488525,0.29651421308517456,852000
2022-11-14,0.39500001072883606,0.4050000011920929,0.39500001072883606,0.4000000059604645,0.3041171729564667,434000
2022-11-15,0.4050000011920929,0.4099999964237213,0.4050000011920929,0.4050000011920929,0.30791863799095154,127000
2022-11-16,0.41499999165534973,0.41499999165534973,0.4000000059604645,0.4099999964237213,0.3117201030254364,216000
2022-11-17,0.4050000011920929,0.4099999964237213,0.4050000011920929,0.4099999964237213,0.3117201030254364,138000
2022-11-18,0.4050000011920929,0.4099999964237213,0.4000000059604645,0.4099999964237213,0.3117201030254364,128000
2022-11-21,0.41499999165534973,0.41499999165534973,0.38499999046325684,0.41499999165534973,0.3155215382575989,342000
2022-11-22,0.41999998688697815,0.41999998688697815,0.41999998688697815,0.41999998688697815,0.31932300329208374,0
2022-11-23,0.41999998688697815,0.41999998688697815,0.4050000011920929,0.41499999165534973,0.3155215382575989,188000
2022-11-24,0.41999998688697815,0.41999998688697815,0.4000000059604645,0.41499999165534973,0.3155215382575989,122000
2022-11-25,0.41999998688697815,0.41999998688697815,0.4000000059604645,0.4099999964237213,0.3117201030254364,296000
2022-11-28,0.39500001072883606,0.4099999964237213,0.38499999046325684,0.38499999046325684,0.2927127778530121,738000
2022-11-29,0.38499999046325684,0.4000000059604645,0.38499999046325684,0.38999998569488525,0.29651421308517456,434000
2022-11-30,0.39500001072883606,0.4000000059604645,0.38499999046325684,0.39500001072883606,0.3003156781196594,344000
2022-12-01,0.4000000059604645,0.4000000059604645,0.38499999046325684,0.38499999046325684,0.2927127778530121,24000
2022-12-02,0.38999998569488525,0.4000000059604645,0.38999998569488525,0.39500001072883606,0.3003156781196594,12000
2022-12-05,0.38999998569488525,0.4000000059604645,0.38999998569488525,0.38999998569488525,0.29651421308517456,880000
2022-12-06,0.39500001072883606,0.41499999165534973,0.39500001072883606,0.4000000059604645,0.3041171729564667,472000
2022-12-07,0.4000000059604645,0.41499999165534973,0.39500001072883606,0.4000000059604645,0.3041171729564667,134000
2022-12-08,0.39500001072883606,0.4050000011920929,0.38999998569488525,0.4000000059604645,0.30718904733657837,466000
2022-12-09,0.4000000059604645,0.4050000011920929,0.38999998569488525,0.4050000011920929,0.31102892756462097,590000
2022-12-12,0.39500001072883606,0.4050000011920929,0.39500001072883606,0.4050000011920929,0.31102892756462097,112000
2022-12-13,0.4050000011920929,0.4300000071525574,0.4000000059604645,0.4300000071525574,0.3302282691001892,3454000
2022-12-14,0.42500001192092896,0.4350000023841858,0.4099999964237213,0.4099999964237213,0.3148687779903412,828000
2022-12-15,0.4099999964237213,0.41999998688697815,0.4050000011920929,0.4099999964237213,0.3148687779903412,332000
2022-12-16,0.41499999165534973,0.42500001192092896,0.4000000059604645,0.4099999964237213,0.3148687779903412,604000
2022-12-19,0.41499999165534973,0.41999998688697815,0.4000000059604645,0.4050000011920929,0.31102892756462097,550000
2022-12-20,0.4050000011920929,0.41999998688697815,0.4050000011920929,0.4050000011920929,0.31102892756462097,162000
2022-12-21,0.4099999964237213,0.41999998688697815,0.4050000011920929,0.41499999165534973,0.3187086284160614,118000
2022-12-22,0.41499999165534973,0.41999998688697815,0.4099999964237213,0.4099999964237213,0.3148687779903412,194000
2022-12-23,0.41499999165534973,0.4300000071525574,0.4099999964237213,0.41999998688697815,0.3225484788417816,440000
2022-12-28,0.4300000071525574,0.4350000023841858,0.41999998688697815,0.4300000071525574,0.3302282691001892,462000
2022-12-29,0.41999998688697815,0.4350000023841858,0.41499999165534973,0.42500001192092896,0.3263883590698242,474000
2022-12-30,0.42500001192092896,0.4300000071525574,0.41999998688697815,0.4300000071525574,0.3302282691001892,336000
2023-01-03,0.4300000071525574,0.4449999928474426,0.41499999165534973,0.4300000071525574,0.3302282691001892,1756000
2023-01-04,0.4350000023841858,0.4350000023841858,0.42500001192092896,0.4300000071525574,0.3302282691001892,382000
2023-01-05,0.4350000023841858,0.4350000023841858,0.42500001192092896,0.4350000023841858,0.33406808972358704,510000
2023-01-06,0.4300000071525574,0.4350000023841858,0.42500001192092896,0.4300000071525574,0.3302282691001892,328000
2023-01-09,0.4350000023841858,0.4399999976158142,0.4300000071525574,0.4399999976158142,0.33790794014930725,754000
2023-01-10,0.4350000023841858,0.4399999976158142,0.4300000071525574,0.4350000023841858,0.33406808972358704,260000
2023-01-11,0.4350000023841858,0.4350000023841858,0.41999998688697815,0.41999998688697815,0.3225484788417816,299404
2023-01-12,0.41999998688697815,0.4350000023841858,0.41499999165534973,0.42500001192092896,0.3263883590698242,390000
2023-01-13,0.42500001192092896,0.42500001192092896,0.41499999165534973,0.42500001192092896,0.3263883590698242,116000
2023-01-16,0.42500001192092896,0.4300000071525574,0.41999998688697815,0.41999998688697815,0.3225484788417816,348000
2023-01-17,0.41999998688697815,0.42500001192092896,0.41499999165534973,0.41999998688697815,0.3225484788417816,328000
2023-01-18,0.41499999165534973,0.42500001192092896,0.41499999165534973,0.41999998688697815,0.3225484788417816,90000
2023-01-19,0.41999998688697815,0.42500001192092896,0.41499999165534973,0.41499999165534973,0.3187086284160614,250000
2023-01-20,0.41999998688697815,0.41999998688697815,0.41499999165534973,0.41499999165534973,0.3187086284160614,8000
2023-01-26,0.41499999165534973,0.42500001192092896,0.41499999165534973,0.41999998688697815,0.3225484788417816,265712
2023-01-27,0.41999998688697815,0.4300000071525574,0.4099999964237213,0.41999998688697815,0.3225484788417816,454000
2023-01-30,0.41999998688697815,0.42500001192092896,0.41499999165534973,0.41999998688697815,0.3225484788417816,196000
2023-01-31,0.41999998688697815,0.42500001192092896,0.41499999165534973,0.41499999165534973,0.3187086284160614,142000
2023-02-01,0.41999998688697815,0.42500001192092896,0.41499999165534973,0.41499999165534973,0.3187086284160614,816000
2023-02-02,0.41999998688697815,0.42500001192092896,0.41999998688697815,0.41999998688697815,0.3225484788417816,378000
2023-02-03,0.41999998688697815,0.42500001192092896,0.41999998688697815,0.42500001192092896,0.3263883590698242,224000
2023-02-06,0.41999998688697815,0.41999998688697815,0.41499999165534973,0.41499999165534973,0.3187086284160614,144000
2023-02-07,0.41999998688697815,0.42500001192092896,0.4099999964237213,0.4099999964237213,0.3148687779903412,576000
2023-02-08,0.41499999165534973,0.41999998688697815,0.41499999165534973,0.41499999165534973,0.3187086284160614,114000
2023-02-09,0.41499999165534973,0.41499999165534973,0.4099999964237213,0.4099999964237213,0.3148687779903412,794000
2023-02-10,0.4050000011920929,0.41499999165534973,0.4050000011920929,0.4050000011920929,0.31102892756462097,92000
2023-02-13,0.4050000011920929,0.41499999165534973,0.39500001072883606,0.4000000059604645,0.30718904733657837,188000
2023-02-14,0.4000000059604645,0.41499999165534973,0.39500001072883606,0.4000000059604645,0.30718904733657837,106000
2023-02-15,0.39500001072883606,0.4000000059604645,0.38999998569488525,0.38999998569488525,0.29950931668281555,520000
2023-02-16,0.38999998569488525,0.38999998569488525,0.38999998569488525,0.38999998569488525,0.29950931668281555,0
2023-02-17,0.38999998569488525,0.4000000059604645,0.3799999952316284,0.4000000059604645,0.30718904733657837,282000
2023-02-20,0.38499999046325684,0.4000000059604645,0.38499999046325684,0.39500001072883606,0.30334916710853577,196000
2023-02-21,0.3799999952316284,0.39500001072883606,0.3799999952316284,0.38499999046325684,0.29566946625709534,60000
2023-02-22,0.3799999952316284,0.39500001072883606,0.3799999952316284,0.38499999046325684,0.29566946625709534,72000
2023-02-23,0.38999998569488525,0.39500001072883606,0.3799999952316284,0.38499999046325684,0.29566946625709534,160000
2023-02-24,0.4000000059604645,0.4000000059604645,0.3799999952316284,0.38999998569488525,0.29950931668281555,6000
2023-02-27,0.38999998569488525,0.38999998569488525,0.375,0.3799999952316284,0.2918296158313751,24000
2023-02-28,0.375,0.4000000059604645,0.375,0.3799999952316284,0.2918296158313751,6000
2023-03-01,0.38499999046325684,0.38499999046325684,0.38499999046325684,0.38499999046325684,0.29566946625709534,0
2023-03-02,0.38499999046325684,0.38499999046325684,0.3799999952316284,0.3799999952316284,0.2918296158313751,24000
2023-03-03,0.4000000059604645,0.4000000059604645,0.3799999952316284,0.38999998569488525,0.29950931668281555,10100
2023-03-06,0.3799999952316284,0.4000000059604645,0.3799999952316284,0.38999998569488525,0.29950931668281555,8000
2023-03-07,0.3799999952316284,0.3799999952316284,0.3799999952316284,0.3799999952316284,0.2918296158313751,0
2023-03-08,0.3799999952316284,0.38999998569488525,0.3799999952316284,0.3799999952316284,0.2918296158313751,162000
2023-03-09,0.38499999046325684,0.4000000059604645,0.38499999046325684,0.4000000059604645,0.30718904733657837,190000
2023-03-10,0.3799999952316284,0.38999998569488525,0.3799999952316284,0.3799999952316284,0.2918296158313751,578000
2023-03-13,0.3799999952316284,0.38999998569488525,0.3799999952316284,0.3799999952316284,0.2918296158313751,158000
2023-03-14,0.3799999952316284,0.38499999046325684,0.36500000953674316,0.3700000047683716,0.2841498851776123,158000
2023-03-15,0.3700000047683716,0.3799999952316284,0.3700000047683716,0.3799999952316284,0.2918296158313751,150000
2023-03-16,0.3799999952316284,0.3799999952316284,0.375,0.375,0.28798970580101013,106000
2023-03-17,0.36000001430511475,0.3799999952316284,0.36000001430511475,0.3799999952316284,0.2918296158313751,154000
2023-03-20,0.3799999952316284,0.3799999952316284,0.3700000047683716,0.3700000047683716,0.2841498851776123,88000
2023-03-21,0.39500001072883606,0.39500001072883606,0.375,0.38999998569488525,0.29950931668281555,26000
2023-03-22,0.39500001072883606,0.39500001072883606,0.3799999952316284,0.39500001072883606,0.30334916710853577,8000
2023-03-23,0.3799999952316284,0.38499999046325684,0.375,0.3799999952316284,0.2918296158313751,66000
2023-03-24,0.375,0.38999998569488525,0.375,0.3799999952316284,0.2918296158313751,162000
2023-03-27,0.375,0.38499999046325684,0.3499999940395355,0.38499999046325684,0.29566946625709534,630000
2023-03-28,0.36500000953674316,0.3700000047683716,0.36500000953674316,0.3700000047683716,0.2841498851776123,38000
2023-03-29,0.36500000953674316,0.3700000047683716,0.36000001430511475,0.3700000047683716,0.2841498851776123,116000
2023-03-30,0.36500000953674316,0.3700000047683716,0.36000001430511475,0.3700000047683716,0.2841498851776123,121000
2023-03-31,0.3700000047683716,0.38499999046325684,0.36000001430511475,0.3799999952316284,0.2918296158313751,700000
2023-04-03,0.3799999952316284,0.3799999952316284,0.36000001430511475,0.3700000047683716,0.2841498851776123,172000
2023-04-04,0.3700000047683716,0.3700000047683716,0.36500000953674316,0.36500000953674316,0.2803100347518921,96000
2023-04-06,0.3700000047683716,0.3700000047683716,0.3700000047683716,0.3700000047683716,0.2841498851776123,0
2023-04-11,0.36500000953674316,0.375,0.36000001430511475,0.36000001430511475,0.2764701545238495,48000
2023-04-12,0.36000001430511475,0.36000001430511475,0.36000001430511475,0.36000001430511475,0.2764701545238495,0
2023-04-13,0.36000001430511475,0.36000001430511475,0.36000001430511475,0.36000001430511475,0.2764701545238495,6000
2023-04-14,0.36000001430511475,0.36500000953674316,0.3449999988079071,0.35499998927116394,0.2726302742958069,386000
2023-04-17,0.36000001430511475,0.36000001430511475,0.35499998927116394,0.36000001430511475,0.2764701545238495,204000
2023-04-18,0.35499998927116394,0.36500000953674316,0.35499998927116394,0.35499998927116394,0.2726302742958069,334000
2023-04-19,0.36000001430511475,0.36500000953674316,0.36000001430511475,0.36500000953674316,0.2803100347518921,224000
2023-04-20,0.35499998927116394,0.35499998927116394,0.35499998927116394,0.35499998927116394,0.2726302742958069,30000
2023-04-21,0.35499998927116394,0.36000001430511475,0.3400000035762787,0.3499999940395355,0.26879042387008667,30000
2023-04-24,0.3499999940395355,0.36500000953674316,0.3449999988079071,0.3499999940395355,0.26879042387008667,244000
2023-04-25,0.3499999940395355,0.36000001430511475,0.3449999988079071,0.36000001430511475,0.2764701545238495,116000
2023-04-26,0.3449999988079071,0.35499998927116394,0.3449999988079071,0.3499999940395355,0.26879042387008667,160000
2023-04-27,0.3449999988079071,0.35499998927116394,0.3449999988079071,0.3499999940395355,0.26879042387008667,74000
2023-04-28,0.35499998927116394,0.36000001430511475,0.3449999988079071,0.36000001430511475,0.2764701545238495,298000
2023-05-02,0.36500000953674316,0.3799999952316284,0.36500000953674316,0.375,0.28798970580101013,260000
2023-05-03,0.3799999952316284,0.4300000071525574,0.375,0.42500001192092896,0.3263883590698242,3038400
2023-05-04,0.41499999165534973,0.42500001192092896,0.4050000011920929,0.4099999964237213,0.3148687779903412,1391000
2023-05-05,0.4099999964237213,0.4099999964237213,0.4000000059604645,0.4000000059604645,0.30718904733657837,20000
2023-05-08,0.39500001072883606,0.4000000059604645,0.38999998569488525,0.39500001072883606,0.30334916710853577,90000
2023-05-09,0.39500001072883606,0.4000000059604645,0.3799999952316284,0.38999998569488525,0.29950931668281555,458000
2023-05-10,0.3799999952316284,0.3799999952316284,0.3799999952316284,0.3799999952316284,0.2918296158313751,0
2023-05-11,0.3799999952316284,0.38499999046325684,0.3700000047683716,0.38499999046325684,0.29566946625709534,44000
2023-05-12,0.3700000047683716,0.39500001072883606,0.3700000047683716,0.375,0.28798970580101013,176000
2023-05-15,0.3700000047683716,0.375,0.3700000047683716,0.375,0.28798970580101013,18000
2023-05-16,0.375,0.38499999046325684,0.3700000047683716,0.375,0.28798970580101013,124000
2023-05-17,0.36500000953674316,0.375,0.36500000953674316,0.3700000047683716,0.2841498851776123,40000
2023-05-18,0.3700000047683716,0.3700000047683716,0.3700000047683716,0.3700000047683716,0.2841498851776123,5000
2023-05-19,0.3700000047683716,0.375,0.3700000047683716,0.3700000047683716,0.2841498851776123,68000
2023-05-22,0.375,0.375,0.3700000047683716,0.3700000047683716,0.2841498851776123,16000
2023-05-23,0.3700000047683716,0.3700000047683716,0.3700000047683716,0.3700000047683716,0.2841498851776123,0
2023-05-24,0.36500000953674316,0.38499999046325684,0.36500000953674316,0.36500000953674316,0.2803100347518921,16000
2023-05-25,0.36500000953674316,0.375,0.36500000953674316,0.36500000953674316,0.2803100347518921,8000
2023-05-29,0.3700000047683716,0.375,0.3700000047683716,0.3700000047683716,0.2841498851776123,20000
2023-05-30,0.36500000953674316,0.36500000953674316,0.36000001430511475,0.36000001430511475,0.2764701545238495,308000
2023-05-31,0.35499998927116394,0.36000001430511475,0.35499998927116394,0.36000001430511475,0.2764701545238495,20000
2023-06-01,0.3499999940395355,0.36500000953674316,0.3499999940395355,0.36000001430511475,0.2764701545238495,46000
2023-06-02,0.36000001430511475,0.36000001430511475,0.36000001430511475,0.36000001430511475,0.2764701545238495,0
2023-06-05,0.35499998927116394,0.3700000047683716,0.3449999988079071,0.36500000953674316,0.2803100347518921,74000
2023-06-06,0.35499998927116394,0.36500000953674316,0.35499998927116394,0.36000001430511475,0.2764701545238495,60000
2023-06-07,0.36000001430511475,0.36000001430511475,0.36000001430511475,0.36000001430511475,0.2764701545238495,0
2023-06-08,0.36000001430511475,0.375,0.3499999940395355,0.36000001430511475,0.2764701545238495,42000
2023-06-09,0.36000001430511475,0.36000001430511475,0.36000001430511475,0.36500000953674316,0.2803100347518921,4000
2023-06-12,0.36000001430511475,0.375,0.36000001430511475,0.36000001430511475,0.2764701545238495,38000
2023-06-13,0.36000001430511475,0.3799999952316284,0.36000001430511475,0.3799999952316284,0.2918296158313751,20000
2023-06-14,0.3700000047683716,0.3799999952316284,0.3700000047683716,0.3700000047683716,0.2841498851776123,8000
2023-06-15,0.3799999952316284,0.3799999952316284,0.3700000047683716,0.3700000047683716,0.2841498851776123,110000
2023-06-16,0.35499998927116394,0.38499999046325684,0.35499998927116394,0.3700000047683716,0.2841498851776123,14000
2023-06-19,0.36500000953674316,0.36500000953674316,0.36500000953674316,0.36500000953674316,0.2803100347518921,6000
2023-06-20,0.3799999952316284,0.3799999952316284,0.36500000953674316,0.375,0.28798970580101013,162000
2023-06-21,0.36000001430511475,0.3700000047683716,0.35499998927116394,0.36500000953674316,0.2803100347518921,14000
2023-06-23,0.36000001430511475,0.36000001430511475,0.3499999940395355,0.35499998927116394,0.2726302742958069,52000
2023-06-26,0.4050000011920929,0.4749999940395355,0.4050000011920929,0.4650000035762787,0.3571072816848755,12173424
2023-06-27,0.4699999988079071,0.47999998927116394,0.45500001311302185,0.45500001311302185,0.34942755103111267,3050000
2023-06-28,0.45500001311302185,0.46000000834465027,0.44999998807907104,0.46000000834465027,0.3532674014568329,1642000
2023-06-29,0.46000000834465027,0.4650000035762787,0.44999998807907104,0.46000000834465027,0.3532674014568329,1474000
2023-06-30,0.4650000035762787,0.4749999940395355,0.46000000834465027,0.4699999988079071,0.3609471321105957,1688000
2023-07-03,0.47999998927116394,0.5099999904632568,0.47999998927116394,0.4950000047683716,0.38014647364616394,3106000
2023-07-04,0.5,0.5099999904632568,0.49000000953674316,0.5,0.38398629426956177,1569000
2023-07-05,0.4950000047683716,0.5099999904632568,0.47999998927116394,0.47999998927116394,0.36862683296203613,1805000
2023-07-06,0.47999998927116394,0.47999998927116394,0.4749999940395355,0.4749999940395355,0.3647869825363159,496000
2023-07-07,0.4749999940395355,0.49000000953674316,0.4699999988079071,0.47999998927116394,0.36862683296203613,712000
2023-07-10,0.47999998927116394,0.49000000953674316,0.47999998927116394,0.48500001430511475,0.3724667429924011,654000
2023-07-11,0.48500001430511475,0.48500001430511475,0.4749999940395355,0.47999998927116394,0.36862683296203613,540000
2023-07-12,0.47999998927116394,0.47999998927116394,0.4749999940395355,0.4749999940395355,0.3647869825363159,364000
2023-07-13,0.4749999940395355,0.47999998927116394,0.4749999940395355,0.47999998927116394,0.36862683296203613,596000
2023-07-14,0.47999998927116394,0.5099999904632568,0.47999998927116394,0.48500001430511475,0.3724667429924011,2362000
2023-07-18,0.47999998927116394,0.49000000953674316,0.47999998927116394,0.47999998927116394,0.36862683296203613,1268000
2023-07-19,0.48500001430511475,0.4950000047683716,0.48500001430511475,0.48500001430511475,0.3724667429924011,832000
2023-07-20,0.49000000953674316,0.49000000953674316,0.47999998927116394,0.49000000953674316,0.37630659341812134,228000
2023-07-21,0.49000000953674316,0.4950000047683716,0.47999998927116394,0.47999998927116394,0.36862683296203613,1220000
2023-07-24,0.48500001430511475,0.48500001430511475,0.4749999940395355,0.47999998927116394,0.36862683296203613,630700
2023-07-25,0.47999998927116394,0.48500001430511475,0.4749999940395355,0.47999998927116394,0.36862683296203613,850000
2023-07-26,0.47999998927116394,0.48500001430511475,0.4749999940395355,0.47999998927116394,0.36862683296203613,758000
2023-07-27,0.48500001430511475,0.48500001430511475,0.47999998927116394,0.48500001430511475,0.3724667429924011,246000
2023-07-28,0.48500001430511475,0.4950000047683716,0.48500001430511475,0.4950000047683716,0.38014647364616394,798000
2023-07-31,0.49000000953674316,0.5099999904632568,0.49000000953674316,0.5,0.38398629426956177,1770000
2023-08-01,0.5,0.5099999904632568,0.49000000953674316,0.5,0.38398629426956177,1540000
2023-08-02,0.5099999904632568,0.5099999904632568,0.4950000047683716,0.5099999904632568,0.391666054725647,1230000
2023-08-03,0.5099999904632568,0.5099999904632568,0.5,0.5099999904632568,0.391666054725647,164000
2023-08-04,0.5099999904632568,0.5099999904632568,0.5,0.5099999904632568,0.391666054725647,190000
2023-08-07,0.5099999904632568,0.5099999904632568,0.5,0.5099999904632568,0.391666054725647,54000
2023-08-08,0.5,0.5,0.4950000047683716,0.4950000047683716,0.38014647364616394,856000
2023-08-09,0.5,0.5099999904632568,0.4950000047683716,0.5,0.38398629426956177,626000
2023-08-10,0.5,0.5099999904632568,0.5,0.5,0.38398629426956177,168000
2023-08-11,0.5,0.5099999904632568,0.5,0.5099999904632568,0.391666054725647,236000
2023-08-14,0.5,0.5099999904632568,0.4950000047683716,0.5,0.38398629426956177,955000
2023-08-15,0.5,0.5,0.5,0.5,0.38398629426956177,450000
2023-08-16,0.5,0.5099999904632568,0.5,0.5,0.38398629426956177,132000
2023-08-17,0.4950000047683716,0.5099999904632568,0.4950000047683716,0.5099999904632568,0.391666054725647,282000
2023-08-18,0.5099999904632568,0.5099999904632568,0.5,0.5,0.38398629426956177,220000
2023-08-21,0.5,0.5,0.49000000953674316,0.49000000953674316,0.37630659341812134,696000
2023-08-22,0.4950000047683716,0.5,0.4950000047683716,0.5,0.38398629426956177,316000
2023-08-23,0.5,0.5099999904632568,0.4950000047683716,0.5099999904632568,0.391666054725647,276000
2023-08-24,0.5099999904632568,0.5099999904632568,0.5,0.5099999904632568,0.391666054725647,184000
2023-08-25,0.5099999904632568,0.5099999904632568,0.5,0.5,0.38398629426956177,58000
2023-08-28,0.5,0.5099999904632568,0.4950000047683716,0.5099999904632568,0.391666054725647,114000
2023-08-29,0.5,0.5099999904632568,0.4950000047683716,0.5099999904632568,0.391666054725647,363000
2023-08-30,0.5099999904632568,0.5199999809265137,0.5,0.5199999809265137,0.3993457555770874,556000
2023-08-31,0.5199999809265137,0.5199999809265137,0.5199999809265137,0.5199999809265137,0.3993457555770874,492000
2023-09-04,0.5199999809265137,0.5400000214576721,0.5199999809265137,0.5400000214576721,0.4147052466869354,784000
2023-09-05,0.5400000214576721,0.5400000214576721,0.5099999904632568,0.5199999809265137,0.3993457555770874,2262000
2023-09-06,0.5199999809265137,0.5199999809265137,0.5099999904632568,0.5199999809265137,0.3993457555770874,322000
2023-09-07,0.5199999809265137,0.5199999809265137,0.5099999904632568,0.5199999809265137,0.3993457555770874,276000
2023-09-11,0.5,0.5,0.4749999940395355,0.4950000047683716,0.38014647364616394,3808000
2023-09-12,0.38499999046325684,0.38999998569488525,0.3700000047683716,0.375,0.3435058295726776,1900000
2023-09-13,0.36500000953674316,0.3700000047683716,0.35499998927116394,0.35499998927116394,0.32518550753593445,1254000
2023-09-14,0.35499998927116394,0.3700000047683716,0.35499998927116394,0.36000001430511475,0.32976558804512024,976000
2023-09-15,0.3700000047683716,0.3799999952316284,0.36500000953674316,0.375,0.3435058295726776,358000
2023-09-18,0.36500000953674316,0.3700000047683716,0.36500000953674316,0.36500000953674316,0.33434566855430603,64000
2023-09-19,0.36500000953674316,0.3700000047683716,0.36500000953674316,0.3700000047683716,0.3389257490634918,47142
2023-09-20,0.36000001430511475,0.3700000047683716,0.36000001430511475,0.3700000047683716,0.3389257490634918,110000
2023-09-21,0.36000001430511475,0.375,0.36000001430511475,0.36000001430511475,0.32976558804512024,340000
2023-09-22,0.36000001430511475,0.3700000047683716,0.36000001430511475,0.36000001430511475,0.32976558804512024,68000
2023-09-25,0.36000001430511475,0.36000001430511475,0.36000001430511475,0.36000001430511475,0.32976558804512024,0
2023-09-26,0.36500000953674316,0.375,0.36500000953674316,0.36500000953674316,0.33434566855430603,140000
2023-09-27,0.36000001430511475,0.3700000047683716,0.36000001430511475,0.36500000953674316,0.33434566855430603,410000
2023-09-28,0.36500000953674316,0.375,0.36000001430511475,0.3700000047683716,0.3389257490634918,380000
2023-09-29,0.3700000047683716,0.3799999952316284,0.3700000047683716,0.375,0.3435058295726776,296000
2023-10-03,0.3700000047683716,0.3700000047683716,0.3700000047683716,0.3700000047683716,0.3389257490634918,0
2023-10-04,0.36500000953674316,0.3700000047683716,0.36500000953674316,0.36500000953674316,0.33434566855430603,132000
2023-10-05,0.3700000047683716,0.375,0.36500000953674316,0.36500000953674316,0.33434566855430603,56000
2023-10-06,0.36500000953674316,0.36500000953674316,0.36500000953674316,0.36500000953674316,0.33434566855430603,0
2023-10-09,0.3700000047683716,0.3700000047683716,0.36500000953674316,0.36500000953674316,0.33434566855430603,24000
2023-10-10,0.375,0.375,0.36500000953674316,0.3700000047683716,0.3389257490634918,196000
2023-10-11,0.36500000953674316,0.3700000047683716,0.36500000953674316,0.36500000953674316,0.33434566855430603,44000
2023-10-12,0.3700000047683716,0.375,0.36500000953674316,0.3700000047683716,0.3389257490634918,40000
2023-10-13,0.3700000047683716,0.375,0.36500000953674316,0.3700000047683716,0.3389257490634918,256000
2023-10-16,0.36500000953674316,0.375,0.36500000953674316,0.36500000953674316,0.33434566855430603,44000
2023-10-17,0.36500000953674316,0.375,0.36500000953674316,0.3700000047683716,0.3389257490634918,56000
2023-10-18,0.3799999952316284,0.3799999952316284,0.3700000047683716,0.375,0.3435058295726776,302000
2023-10-19,0.3700000047683716,0.38499999046325684,0.36500000953674316,0.3799999952316284,0.348085880279541,398000
2023-10-20,0.3799999952316284,0.3799999952316284,0.375,0.375,0.3435058295726776,204000
2023-10-24,0.375,0.3799999952316284,0.3700000047683716,0.375,0.3435058295726776,222000
2023-10-25,0.3799999952316284,0.3799999952316284,0.375,0.375,0.3435058295726776,558000
2023-10-26,0.3799999952316284,0.3799999952316284,0.3700000047683716,0.375,0.3435058295726776,106000
2023-10-27,0.36500000953674316,0.3799999952316284,0.36500000953674316,0.375,0.3435058295726776,8000
2023-10-30,0.3700000047683716,0.3799999952316284,0.3700000047683716,0.375,0.3435058295726776,30000
2023-10-31,0.3700000047683716,0.3799999952316284,0.36500000953674316,0.375,0.3435058295726776,244000
2023-11-01,0.375,0.375,0.3700000047683716,0.3700000047683716,0.3389257490634918,98000
2023-11-02,0.375,0.3799999952316284,0.375,0.3799999952316284,0.348085880279541,120000
2023-11-03,0.3799999952316284,0.38499999046325684,0.375,0.38499999046325684,0.3526659607887268,198000
2023-11-06,0.38499999046325684,0.38499999046325684,0.3799999952316284,0.3799999952316284,0.348085880279541,382000
2023-11-07,0.3799999952316284,0.38499999046325684,0.375,0.375,0.3435058295726776,132000
2023-11-08,0.38499999046325684,0.4000000059604645,0.38499999046325684,0.39500001072883606,0.3618261516094208,84000
2023-11-09,0.4000000059604645,0.4050000011920929,0.39500001072883606,0.39500001072883606,0.3618261516094208,108000
2023-11-10,0.3799999952316284,0.39500001072883606,0.3799999952316284,0.38499999046325684,0.3526659607887268,232000
2023-11-13,0.39500001072883606,0.39500001072883606,0.38499999046325684,0.39500001072883606,0.3618261516094208,68000
2023-11-14,0.39500001072883606,0.39500001072883606,0.3799999952316284,0.3799999952316284,0.348085880279541,426000
2023-11-15,0.38499999046325684,0.38499999046325684,0.38499999046325684,0.38499999046325684,0.3526659607887268,0
2023-11-16,0.38999998569488525,0.38999998569488525,0.3799999952316284,0.3799999952316284,0.348085880279541,226000
2023-11-17,0.3799999952316284,0.38999998569488525,0.375,0.3799999952316284,0.348085880279541,268000
2023-11-20,0.3799999952316284,0.3799999952316284,0.375,0.3799999952316284,0.348085880279541,52000
2023-11-21,0.375,0.3799999952316284,0.375,0.375,0.3435058295726776,506000
2023-11-22,0.3700000047683716,0.3700000047683716,0.35499998927116394,0.36000001430511475,0.32976558804512024,1372000
2023-11-23,0.36000001430511475,0.38499999046325684,0.36000001430511475,0.38499999046325684,0.3526659607887268,1946000
2023-11-24,0.375,0.3799999952316284,0.3700000047683716,0.3799999952316284,0.348085880279541,848000
2023-11-27,0.3799999952316284,0.38499999046325684,0.3700000047683716,0.375,0.3435058295726776,686000
2023-11-28,0.3700000047683716,0.375,0.36500000953674316,0.3700000047683716,0.3389257490634918,632000
2023-11-29,0.3700000047683716,0.3700000047683716,0.36000001430511475,0.36000001430511475,0.32976558804512024,536000
2023-11-30,0.36000001430511475,0.36000001430511475,0.36000001430511475,0.36000001430511475,0.32976558804512024,266000
2023-12-01,0.36000001430511475,0.36500000953674316,0.35499998927116394,0.35499998927116394,0.32518550753593445,236000
2023-12-04,0.36000001430511475,0.36500000953674316,0.3449999988079071,0.3449999988079071,0.31602537631988525,458000
2023-12-05,0.3449999988079071,0.3499999940395355,0.3400000035762787,0.3449999988079071,0.31602537631988525,500000
2023-12-06,0.3400000035762787,0.3400000035762787,0.32499998807907104,0.33500000834465027,0.3104647994041443,584000
2023-12-07,0.33000001311302185,0.3400000035762787,0.33000001311302185,0.33000001311302185,0.3058309853076935,654000
2023-12-08,0.33000001311302185,0.3400000035762787,0.33000001311302185,0.33500000834465027,0.3104647994041443,562000
2023-12-11,0.33000001311302185,0.3400000035762787,0.32499998807907104,0.3400000035762787,0.3150985836982727,150000
2023-12-12,0.33000001311302185,0.33500000834465027,0.33000001311302185,0.33000001311302185,0.3058309853076935,178000
2023-12-13,0.32499998807907104,0.32499998807907104,0.32499998807907104,0.32499998807907104,0.3011971712112427,77000
2023-12-14,0.32499998807907104,0.33000001311302185,0.32499998807907104,0.32499998807907104,0.3011971712112427,8000
2023-12-15,0.32499998807907104,0.3400000035762787,0.32499998807907104,0.33000001311302185,0.3058309853076935,170000
2023-12-18,0.33000001311302185,0.3400000035762787,0.33000001311302185,0.33000001311302185,0.3058309853076935,270000
2023-12-19,0.33000001311302185,0.3400000035762787,0.32499998807907104,0.33000001311302185,0.3058309853076935,36000
2023-12-20,0.33000001311302185,0.3400000035762787,0.33000001311302185,0.33000001311302185,0.3058309853076935,78000
2023-12-21,0.33000001311302185,0.3400000035762787,0.33000001311302185,0.3400000035762787,0.3150985836982727,162000
2023-12-22,0.33500000834465027,0.33500000834465027,0.33000001311302185,0.33000001311302185,0.3058309853076935,270000
2023-12-27,0.33000001311302185,0.3400000035762787,0.32499998807907104,0.32499998807907104,0.3011971712112427,174000
2023-12-28,0.32499998807907104,0.33500000834465027,0.32499998807907104,0.33000001311302185,0.3058309853076935,20000
2023-12-29,0.32499998807907104,0.33500000834465027,0.32499998807907104,0.33000001311302185,0.3058309853076935,512000
2024-01-02,0.32499998807907104,0.33500000834465027,0.32499998807907104,0.33000001311302185,0.3058309853076935,12000
2024-01-03,0.32499998807907104,0.33500000834465027,0.32499998807907104,0.33500000834465027,0.3104647994041443,14000
2024-01-04,0.33500000834465027,0.33500000834465027,0.32499998807907104,0.33000001311302185,0.3058309853076935,156000
2024-01-05,0.32499998807907104,0.3449999988079071,0.32499998807907104,0.33500000834465027,0.3104647994041443,258000
2024-01-08,0.3400000035762787,0.3449999988079071,0.32499998807907104,0.33000001311302185,0.3058309853076935,188000
2024-01-09,0.33500000834465027,0.3400000035762787,0.33000001311302185,0.3400000035762787,0.3150985836982727,146000
2024-01-10,0.33000001311302185,0.36000001430511475,0.33000001311302185,0.3449999988079071,0.3197323977947235,366000
2024-01-11,0.3449999988079071,0.3499999940395355,0.3400000035762787,0.3400000035762787,0.3150985836982727,340000
2024-01-12,0.3400000035762787,0.3449999988079071,0.33500000834465027,0.33500000834465027,0.3104647994041443,178000
2024-01-15,0.33500000834465027,0.33500000834465027,0.33500000834465027,0.33500000834465027,0.3104647994041443,0
2024-01-16,0.3400000035762787,0.35499998927116394,0.3400000035762787,0.3499999940395355,0.32436618208885193,548132
2024-01-17,0.3449999988079071,0.3499999940395355,0.33500000834465027,0.33500000834465027,0.3104647994041443,856000
2024-01-18,0.3400000035762787,0.3499999940395355,0.3400000035762787,0.3499999940395355,0.32436618208885193,350000
2024-01-19,0.3449999988079071,0.3499999940395355,0.3400000035762787,0.3400000035762787,0.3150985836982727,127000
2024-01-22,0.3400000035762787,0.3449999988079071,0.33500000834465027,0.3449999988079071,0.3197323977947235,342000
2024-01-23,0.3449999988079071,0.3449999988079071,0.3449999988079071,0.3449999988079071,0.3197323977947235,92000
2024-01-24,0.3400000035762787,0.3449999988079071,0.33500000834465027,0.3400000035762787,0.3150985836982727,262000
2024-01-25,0.33500000834465027,0.3499999940395355,0.33500000834465027,0.3499999940395355,0.32436618208885193,348000
2024-01-26,0.3400000035762787,0.3400000035762787,0.3400000035762787,0.3400000035762787,0.3150985836982727,0
2024-01-29,0.3400000035762787,0.35499998927116394,0.3400000035762787,0.3449999988079071,0.3197323977947235,320000
2024-01-30,0.3449999988079071,0.3449999988079071,0.3449999988079071,0.3449999988079071,0.3197323977947235,0
2024-01-31,0.3499999940395355,0.35499998927116394,0.3499999940395355,0.3499999940395355,0.32436618208885193,78000
2024-02-01,0.3449999988079071,0.3449999988079071,0.30000001192092896,0.3400000035762787,0.3150985836982727,1694000
2024-02-02,0.3400000035762787,0.3449999988079071,0.33500000834465027,0.3400000035762787,0.3150985836982727,129000
2024-02-05,0.3400000035762787,0.3400000035762787,0.3400000035762787,0.3400000035762787,0.3150985836982727,2000
2024-02-06,0.3449999988079071,0.3449999988079071,0.3400000035762787,0.3400000035762787,0.3150985836982727,300000
2024-02-07,0.3499999940395355,0.36000001430511475,0.3499999940395355,0.36000001430511475,0.33363381028175354,760000
2024-02-08,0.3499999940395355,0.35499998927116394,0.3499999940395355,0.35499998927116394,0.32899999618530273,592000
2024-02-09,0.35499998927116394,0.35499998927116394,0.35499998927116394,0.35499998927116394,0.32899999618530273,0
2024-02-14,0.3499999940395355,0.36000001430511475,0.3499999940395355,0.35499998927116394,0.32899999618530273,164000
2024-02-15,0.36500000953674316,0.39500001072883606,0.36500000953674316,0.38499999046325684,0.3568027913570404,540000
2024-02-16,0.3799999952316284,0.3799999952316284,0.36500000953674316,0.375,0.3475351929664612,568000
2024-02-19,0.375,0.375,0.3700000047683716,0.375,0.3475351929664612,142000
2024-02-20,0.375,0.375,0.375,0.375,0.3475351929664612,82000
2024-02-21,0.375,0.375,0.375,0.375,0.3475351929664612,0
2024-02-22,0.375,0.375,0.375,0.375,0.3475351929664612,0
2024-02-23,0.375,0.3799999952316284,0.3700000047683716,0.3700000047683716,0.34290140867233276,103000
2024-02-26,0.3700000047683716,0.3700000047683716,0.3700000047683716,0.3700000047683716,0.34290140867233276,112000
2024-02-27,0.3700000047683716,0.3799999952316284,0.3700000047683716,0.3799999952316284,0.352169007062912,126000
2024-02-28,0.3799999952316284,0.3799999952316284,0.375,0.375,0.3475351929664612,158000
2024-02-29,0.3700000047683716,0.3700000047683716,0.3700000047683716,0.3700000047683716,0.34290140867233276,20000
2024-03-01,0.3700000047683716,0.3700000047683716,0.3700000047683716,0.3700000047683716,0.34290140867233276,0
2024-03-04,0.3700000047683716,0.3700000047683716,0.3700000047683716,0.3700000047683716,0.34290140867233276,0
2024-03-05,0.3700000047683716,0.3700000047683716,0.3700000047683716,0.3700000047683716,0.34290140867233276,0
2024-03-06,0.3700000047683716,0.3700000047683716,0.3700000047683716,0.3700000047683716,0.34290140867233276,132000
2024-03-07,0.3700000047683716,0.3700000047683716,0.3700000047683716,0.3700000047683716,0.34290140867233276,240000
2024-03-08,0.3700000047683716,0.3700000047683716,0.3700000047683716,0.3700000047683716,0.34290140867233276,219000
2024-03-11,0.375,0.4099999964237213,0.375,0.38999998569488525,0.3614366054534912,808000
2024-03-12,0.38999998569488525,0.41999998688697815,0.38499999046325684,0.41499999165534973,0.38460561633110046,912000
2024-03-13,0.41499999165534973,0.4350000023841858,0.41499999165534973,0.41999998688697815,0.38923943042755127,1803000
2024-03-14,0.41499999165534973,0.41499999165534973,0.4050000011920929,0.4099999964237213,0.37997183203697205,652000
2024-03-15,0.4050000011920929,0.41999998688697815,0.4050000011920929,0.41499999165534973,0.38460561633110046,913000
2024-03-18,0.4099999964237213,0.4099999964237213,0.4099999964237213,0.4099999964237213,0.37997183203697205,272000
2024-03-19,0.4050000011920929,0.4050000011920929,0.4050000011920929,0.4050000011920929,0.37533801794052124,200000
2024-03-20,0.4099999964237213,0.41499999165534973,0.4050000011920929,0.4050000011920929,0.37533801794052124,1520000
2024-03-21,0.4099999964237213,0.4099999964237213,0.4000000059604645,0.4099999964237213,0.37997183203697205,480001
2024-03-22,0.41999998688697815,0.41999998688697815,0.4050000011920929,0.4099999964237213,0.37997183203697205,2098000
2024-03-25,0.4050000011920929,0.4050000011920929,0.4050000011920929,0.4050000011920929,0.37533801794052124,362000
2024-03-26,0.4000000059604645,0.4050000011920929,0.4000000059604645,0.4050000011920929,0.37533801794052124,234000
2024-03-27,0.4099999964237213,0.4099999964237213,0.38999998569488525,0.4050000011920929,0.37533801794052124,282000
2024-03-28,0.4050000011920929,0.4050000011920929,0.39500001072883606,0.39500001072883606,0.366070419549942,400000
2024-04-02,0.39500001072883606,0.39500001072883606,0.3799999952316284,0.39500001072883606,0.366070419549942,148000
2024-04-03,0.38999998569488525,0.4050000011920929,0.38499999046325684,0.4000000059604645,0.3707042336463928,1570000
2024-04-05,0.4000000059604645,0.4099999964237213,0.3799999952316284,0.38999998569488525,0.3614366054534912,756000
2024-04-08,0.38999998569488525,0.38999998569488525,0.38499999046325684,0.38499999046325684,0.3568027913570404,72000
2024-04-09,0.38999998569488525,0.4050000011920929,0.38999998569488525,0.4050000011920929,0.37533801794052124,414000
2024-04-10,0.4050000011920929,0.4050000011920929,0.38999998569488525,0.39500001072883606,0.366070419549942,752000
2024-04-11,0.39500001072883606,0.4000000059604645,0.38499999046325684,0.4000000059604645,0.3707042336463928,122000
2024-04-12,0.38999998569488525,0.4000000059604645,0.38499999046325684,0.4000000059604645,0.3707042336463928,78000
2024-04-15,0.38999998569488525,0.4000000059604645,0.38999998569488525,0.4000000059604645,0.3707042336463928,22000
2024-04-16,0.38999998569488525,0.4000000059604645,0.3799999952316284,0.38499999046325684,0.3568027913570404,54000
2024-04-17,0.38999998569488525,0.4000000059604645,0.38999998569488525,0.4000000059604645,0.3707042336463928,260000
2024-04-18,0.4000000059604645,0.4000000059604645,0.38999998569488525,0.4000000059604645,0.3707042336463928,412000
2024-04-19,0.4000000059604645,0.4000000059604645,0.4000000059604645,0.4000000059604645,0.3707042336463928,118000
2024-04-22,0.4000000059604645,0.4099999964237213,0.39500001072883606,0.4050000011920929,0.37533801794052124,628000
2024-04-23,0.4000000059604645,0.4099999964237213,0.4000000059604645,0.4050000011920929,0.37533801794052124,730000
2024-04-24,0.4050000011920929,0.4099999964237213,0.4050000011920929,0.4099999964237213,0.37997183203697205,870000
2024-04-25,0.4099999964237213,0.4099999964237213,0.4000000059604645,0.4099999964237213,0.37997183203697205,743300
2024-04-26,0.4099999964237213,0.41499999165534973,0.39500001072883606,0.4000000059604645,0.3707042336463928,738000
2024-04-29,0.39500001072883606,0.4000000059604645,0.39500001072883606,0.39500001072883606,0.366070419549942,478000
2024-04-30,0.39500001072883606,0.4000000059604645,0.39500001072883606,0.4000000059604645,0.3707042336463928,86000
2024-05-02,0.4000000059604645,0.4000000059604645,0.4000000059604645,0.4000000059604645,0.3707042336463928,22000
2024-05-03,0.4000000059604645,0.4000000059604645,0.38999998569488525,0.4000000059604645,0.3707042336463928,722000
2024-05-06,0.4000000059604645,0.4000000059604645,0.3799999952316284,0.4000000059604645,0.3707042336463928,1116000
2024-05-07,0.39500001072883606,0.4000000059604645,0.39500001072883606,0.4000000059604645,0.3707042336463928,152000
2024-05-08,0.4000000059604645,0.4000000059604645,0.39500001072883606,0.4000000059604645,0.3707042336463928,404000
2024-05-09,0.38999998569488525,0.39500001072883606,0.38999998569488525,0.39500001072883606,0.366070419549942,424000
2024-05-10,0.39500001072883606,0.4050000011920929,0.39500001072883606,0.4000000059604645,0.3707042336463928,522000
2024-05-13,0.4050000011920929,0.4050000011920929,0.4000000059604645,0.4000000059604645,0.3707042336463928,182000
2024-05-14,0.4000000059604645,0.4099999964237213,0.4000000059604645,0.4099999964237213,0.37997183203697205,1202000
2024-05-16,0.4099999964237213,0.4099999964237213,0.4050000011920929,0.4099999964237213,0.37997183203697205,372000
2024-05-17,0.4099999964237213,0.4099999964237213,0.4000000059604645,0.4099999964237213,0.37997183203697205,488000
2024-05-20,0.4099999964237213,0.41499999165534973,0.4050000011920929,0.41499999165534973,0.38460561633110046,548000
2024-05-21,0.4099999964237213,0.41499999165534973,0.4050000011920929,0.4050000011920929,0.37533801794052124,688000
2024-05-22,0.4050000011920929,0.4099999964237213,0.4050000011920929,0.4099999964237213,0.37997183203697205,607000
2024-05-23,0.4050000011920929,0.41499999165534973,0.4050000011920929,0.4099999964237213,0.37997183203697205,720000
2024-05-24,0.41499999165534973,0.41499999165534973,0.4000000059604645,0.4099999964237213,0.37997183203697205,350000
2024-05-27,0.4099999964237213,0.41499999165534973,0.4050000011920929,0.4099999964237213,0.37997183203697205,626000
2024-05-28,0.4050000011920929,0.41499999165534973,0.4050000011920929,0.4099999964237213,0.37997183203697205,888000
2024-05-29,0.4050000011920929,0.4099999964237213,0.4050000011920929,0.4099999964237213,0.37997183203697205,884000
2024-05-30,0.4050000011920929,0.4099999964237213,0.4000000059604645,0.4099999964237213,0.37997183203697205,428000
2024-05-31,0.4000000059604645,0.4099999964237213,0.4000000059604645,0.4099999964237213,0.37997183203697205,534000
2024-06-03,0.4099999964237213,0.4099999964237213,0.4000000059604645,0.4050000011920929,0.37533801794052124,480000
2024-06-04,0.4050000011920929,0.4050000011920929,0.4000000059604645,0.4000000059604645,0.3707042336463928,134000
2024-06-05,0.4000000059604645,0.4000000059604645,0.4000000059604645,0.4000000059604645,0.3707042336463928,512000
2024-06-06,0.39500001072883606,0.4000000059604645,0.38499999046325684,0.4000000059604645,0.3707042336463928,630000
2024-06-07,0.39500001072883606,0.4000000059604645,0.39500001072883606,0.4000000059604645,0.3707042336463928,1278000
2024-06-11,0.4000000059604645,0.4000000059604645,0.4000000059604645,0.4000000059604645,0.3707042336463928,12000
2024-06-12,0.39500001072883606,0.4050000011920929,0.38999998569488525,0.4000000059604645,0.3707042336463928,336200
2024-06-13,0.39500001072883606,0.4000000059604645,0.38499999046325684,0.4000000059604645,0.3707042336463928,903000
2024-06-14,0.4000000059604645,0.4000000059604645,0.39500001072883606,0.39500001072883606,0.366070419549942,460000
2024-06-17,0.4000000059604645,0.4399999976158142,0.4000000059604645,0.4350000023841858,0.4031408429145813,1812000
2024-06-18,0.41499999165534973,0.41499999165534973,0.38499999046325684,0.38999998569488525,0.3614366054534912,3722000
2024-06-19,0.38999998569488525,0.39500001072883606,0.38499999046325684,0.38999998569488525,0.3614366054534912,376000
2024-06-20,0.38499999046325684,0.38499999046325684,0.3799999952316284,0.38499999046325684,0.3568027913570404,1882000
2024-06-21,0.38499999046325684,0.38499999046325684,0.3799999952316284,0.38499999046325684,0.3568027913570404,240000
2024-06-24,0.38499999046325684,0.38499999046325684,0.3799999952316284,0.3799999952316284,0.352169007062912,90000
2024-06-25,0.3799999952316284,0.38499999046325684,0.3799999952316284,0.38499999046325684,0.3568027913570404,244000
2024-06-26,0.3799999952316284,0.38499999046325684,0.3799999952316284,0.3799999952316284,0.352169007062912,564000
2024-06-27,0.3799999952316284,0.38499999046325684,0.375,0.3799999952316284,0.352169007062912,324000
2024-06-28,0.3799999952316284,0.3799999952316284,0.3700000047683716,0.375,0.3475351929664612,192000
2024-07-02,0.3799999952316284,0.3799999952316284,0.3700000047683716,0.3700000047683716,0.34290140867233276,2134000
2024-07-03,0.375,0.375,0.36000001430511475,0.36000001430511475,0.33363381028175354,1078000
2024-07-04,0.36000001430511475,0.3700000047683716,0.36000001430511475,0.36500000953674316,0.33826762437820435,604000
2024-07-08,0.36500000953674316,0.36500000953674316,0.36500000953674316,0.36500000953674316,0.33826762437820435,88000
2024-07-09,0.36000001430511475,0.36500000953674316,0.36000001430511475,0.36500000953674316,0.33826762437820435,322000
2024-07-10,0.3700000047683716,0.375,0.36500000953674316,0.36500000953674316,0.33826762437820435,258000
2024-07-11,0.36500000953674316,0.36500000953674316,0.36500000953674316,0.36500000953674316,0.33826762437820435,112000
2024-07-12,0.36000001430511475,0.36500000953674316,0.36000001430511475,0.36000001430511475,0.33363381028175354,755000
2024-07-15,0.36000001430511475,0.36500000953674316,0.36000001430511475,0.36000001430511475,0.33363381028175354,180000
2024-07-16,0.36000001430511475,0.36000001430511475,0.36000001430511475,0.36000001430511475,0.33363381028175354,0
2024-07-17,0.36500000953674316,0.3700000047683716,0.36000001430511475,0.36000001430511475,0.33363381028175354,120000
2024-07-18,0.36000001430511475,0.36000001430511475,0.3499999940395355,0.36000001430511475,0.33363381028175354,614000
2024-07-19,0.3499999940395355,0.36000001430511475,0.3499999940395355,0.35499998927116394,0.32899999618530273,152000
2024-07-22,0.36000001430511475,0.36000001430511475,0.3499999940395355,0.3499999940395355,0.32436618208885193,641000
2024-07-23,0.3499999940395355,0.35499998927116394,0.3449999988079071,0.3499999940395355,0.32436618208885193,388000
2024-07-24,0.3449999988079071,0.3449999988079071,0.3449999988079071,0.3449999988079071,0.3197323977947235,96000
2024-07-25,0.3400000035762787,0.3400000035762787,0.33000001311302185,0.33500000834465027,0.3104647994041443,1160000
2024-07-26,0.33000001311302185,0.33500000834465027,0.33000001311302185,0.33500000834465027,0.3104647994041443,810000
2024-07-29,0.3400000035762787,0.3499999940395355,0.33000001311302185,0.33500000834465027,0.3104647994041443,974000
2024-07-30,0.3400000035762787,0.3449999988079071,0.33500000834465027,0.33500000834465027,0.3104647994041443,538000
2024-07-31,0.3400000035762787,0.3449999988079071,0.33500000834465027,0.3449999988079071,0.3197323977947235,328000
2024-08-01,0.3449999988079071,0.3499999940395355,0.3400000035762787,0.3499999940395355,0.32436618208885193,282000
2024-08-02,0.3400000035762787,0.3449999988079071,0.33500000834465027,0.3400000035762787,0.3150985836982727,246000
2024-08-05,0.33500000834465027,0.3449999988079071,0.33000001311302185,0.33000001311302185,0.3058309853076935,566000
2024-08-06,0.33500000834465027,0.33500000834465027,0.33000001311302185,0.33500000834465027,0.3104647994041443,36000
2024-08-07,0.33500000834465027,0.33500000834465027,0.33000001311302185,0.33000001311302185,0.3058309853076935,378000
2024-08-08,0.33000001311302185,0.33500000834465027,0.32499998807907104,0.33500000834465027,0.3104647994041443,308000
2024-08-09,0.33500000834465027,0.3400000035762787,0.33000001311302185,0.33000001311302185,0.3058309853076935,272000
2024-08-12,0.33000001311302185,0.3400000035762787,0.33000001311302185,0.33000001311302185,0.3058309853076935,232000
2024-08-13,0.33500000834465027,0.3400000035762787,0.33000001311302185,0.33000001311302185,0.3058309853076935,42000
2024-08-14,0.3400000035762787,0.3449999988079071,0.33000001311302185,0.33500000834465027,0.3104647994041443,412000
2024-08-15,0.3400000035762787,0.3400000035762787,0.33000001311302185,0.33000001311302185,0.3058309853076935,98000
2024-08-16,0.33000001311302185,0.33000001311302185,0.33000001311302185,0.33000001311302185,0.3058309853076935,0
2024-08-19,0.3400000035762787,0.3400000035762787,0.33000001311302185,0.33000001311302185,0.3058309853076935,266000
2024-08-20,0.3400000035762787,0.3400000035762787,0.33500000834465027,0.3400000035762787,0.3150985836982727,60000
2024-08-21,0.3499999940395355,0.3700000047683716,0.3400000035762787,0.36000001430511475,0.33363381028175354,356000
2024-08-22,0.36000001430511475,0.36500000953674316,0.36000001430511475,0.36500000953674316,0.33826762437820435,835000
2024-08-23,0.375,0.375,0.36000001430511475,0.3700000047683716,0.34290140867233276,18000
2024-08-26,0.3700000047683716,0.3700000047683716,0.3700000047683716,0.3700000047683716,0.34290140867233276,0
2024-08-27,0.36500000953674316,0.36500000953674316,0.35499998927116394,0.35499998927116394,0.32899999618530273,160000
2024-08-28,0.35499998927116394,0.35499998927116394,0.3499999940395355,0.35499998927116394,0.32899999618530273,56000
2024-08-29,0.36000001430511475,0.36000001430511475,0.3499999940395355,0.36000001430511475,0.33363381028175354,42000
2024-08-30,0.36000001430511475,0.36000001430511475,0.3499999940395355,0.3499999940395355,0.32436618208885193,162000
2024-09-02,0.3499999940395355,0.36000001430511475,0.3449999988079071,0.3499999940395355,0.32436618208885193,150000
2024-09-03,0.3499999940395355,0.35499998927116394,0.3449999988079071,0.3499999940395355,0.32436618208885193,238000
2024-09-04,0.3499999940395355,0.35499998927116394,0.3449999988079071,0.35499998927116394,0.32899999618530273,170000
2024-09-05,0.3449999988079071,0.3449999988079071,0.3449999988079071,0.3449999988079071,0.3197323977947235,0
2024-09-09,0.3499999940395355,0.36000001430511475,0.3449999988079071,0.3499999940395355,0.32436618208885193,198000
2024-09-10,0.3499999940395355,0.3499999940395355,0.3449999988079071,0.3499999940395355,0.32436618208885193,360000
2024-09-11,0.3449999988079071,0.35499998927116394,0.3400000035762787,0.35499998927116394,0.32899999618530273,188000
2024-09-12,0.33000001311302185,0.33000001311302185,0.3199999928474426,0.32499998807907104,0.32499998807907104,288000
2024-09-13,0.33000001311302185,0.3499999940395355,0.33000001311302185,0.3400000035762787,0.3400000035762787,410000
2024-09-16,0.3400000035762787,0.3400000035762787,0.3400000035762787,0.3400000035762787,0.3400000035762787,6000
2024-09-17,0.3499999940395355,0.3499999940395355,0.33000001311302185,0.33000001311302185,0.33000001311302185,384000
2024-09-19,0.33000001311302185,0.33000001311302185,0.33000001311302185,0.33000001311302185,0.33000001311302185,0
2024-09-20,0.33000001311302185,0.33000001311302185,0.33000001311302185,0.33000001311302185,0.33000001311302185,64000
2024-09-23,0.33500000834465027,0.3449999988079071,0.33500000834465027,0.3400000035762787,0.3400000035762787,158000
2024-09-24,0.33500000834465027,0.3449999988079071,0.33000001311302185,0.3400000035762787,0.3400000035762787,694000
2024-09-25,0.3400000035762787,0.3499999940395355,0.33000001311302185,0.3449999988079071,0.3449999988079071,1744000
2024-09-26,0.3400000035762787,0.3400000035762787,0.33500000834465027,0.3400000035762787,0.3400000035762787,182000
2024-09-27,0.3449999988079071,0.3499999940395355,0.3400000035762787,0.3499999940395355,0.3499999940395355,64000
