Date,Open,High,Low,Close,Adj Close,Volume
2010-12-17,10.600000381469727,10.800000190734863,9.8100004196167,10.399999618530273,7.333443641662598,54352000
2010-12-20,10.600000381469727,11.0600004196167,10.4399995803833,10.979999542236328,7.742423057556152,12963500
2010-12-21,10.979999542236328,10.979999542236328,10.5,10.859999656677246,7.657809257507324,3438500
2010-12-22,10.800000190734863,11.020000457763672,10.760000228881836,11.0,7.756528854370117,6181000
2010-12-23,11.039999961853027,11.539999961853027,10.899999618530273,11.479999542236328,8.094995498657227,10873000
2010-12-24,11.479999542236328,11.65999984741211,11.319999694824219,11.319999694824219,7.982172966003418,2865500
2010-12-28,11.140000343322754,11.279999732971191,10.800000190734863,10.899999618530273,7.686014175415039,2580000
2010-12-29,10.979999542236328,11.079999923706055,10.859999656677246,10.880000114440918,7.671912670135498,865000
2010-12-30,10.899999618530273,10.899999618530273,10.5600004196167,10.880000114440918,7.671912670135498,2772500
2010-12-31,10.899999618530273,11.0,10.859999656677246,11.0,7.756528854370117,1753000
2011-01-03,10.9399995803833,11.140000343322754,10.800000190734863,11.079999923706055,7.812939643859863,1106000
2011-01-04,10.960000038146973,11.199999809265137,10.779999732971191,11.0,7.756528854370117,1828500
2011-01-05,11.0,11.140000343322754,10.859999656677246,11.100000381469727,7.827042102813721,1109000
2011-01-06,11.15999984741211,11.180000305175781,11.0,11.020000457763672,7.770629405975342,1202500
2011-01-07,11.020000457763672,11.100000381469727,10.9399995803833,11.020000457763672,7.770629405975342,2136000
2011-01-10,11.020000457763672,11.260000228881836,10.979999542236328,11.0,7.756528854370117,1158000
2011-01-11,10.920000076293945,11.0600004196167,10.920000076293945,10.979999542236328,7.742423057556152,2434000
2011-01-12,11.0,11.020000457763672,10.819999694824219,10.979999542236328,7.742423057556152,1204500
2011-01-13,10.979999542236328,11.020000457763672,10.859999656677246,10.899999618530273,7.686014175415039,1460500
2011-01-14,10.899999618530273,11.0,10.84000015258789,10.859999656677246,7.657809257507324,772500
2011-01-17,10.880000114440918,11.0600004196167,10.720000267028809,11.020000457763672,7.770629405975342,2517000
2011-01-18,10.979999542236328,11.100000381469727,10.899999618530273,10.920000076293945,7.700117111206055,1141500
2011-01-19,10.979999542236328,11.020000457763672,10.899999618530273,10.899999618530273,7.686014175415039,862500
2011-01-20,10.859999656677246,10.859999656677246,10.640000343322754,10.779999732971191,7.6013994216918945,2049000
2011-01-21,10.800000190734863,10.84000015258789,10.699999809265137,10.84000015258789,7.643706798553467,786500
2011-01-24,10.819999694824219,10.899999618530273,10.600000381469727,10.680000305175781,7.530884742736816,794000
2011-01-25,10.600000381469727,10.800000190734863,10.140000343322754,10.220000267028809,7.206519603729248,764500
2011-01-26,10.140000343322754,10.199999809265137,9.9399995803833,10.079999923706055,7.107799053192139,701500
2011-01-27,10.100000381469727,10.5,10.079999923706055,10.199999809265137,7.192416667938232,932500
2011-01-28,10.100000381469727,10.319999694824219,9.949999809265137,10.300000190734863,7.2629313468933105,595000
2011-01-31,10.300000190734863,10.520000457763672,10.140000343322754,10.5,7.403958797454834,781500
2011-02-01,10.5,10.84000015258789,10.5,10.800000190734863,7.6155009269714355,793500
2011-02-02,10.800000190734863,10.800000190734863,10.600000381469727,10.699999809265137,7.544986248016357,270500
2011-02-07,10.699999809265137,10.800000190734863,10.5600004196167,10.65999984741211,7.516780853271484,503500
2011-02-08,10.600000381469727,10.720000267028809,10.5,10.699999809265137,7.544986248016357,847500
2011-02-09,10.600000381469727,10.739999771118164,10.600000381469727,10.640000343322754,7.502678871154785,1681000
2011-02-10,10.640000343322754,10.65999984741211,10.479999542236328,10.5,7.403958797454834,1319000
2011-02-11,10.5,10.520000457763672,10.319999694824219,10.5,7.403958797454834,947000
2011-02-14,10.239999771118164,10.720000267028809,10.239999771118164,10.699999809265137,7.544986248016357,601500
2011-02-15,10.600000381469727,10.699999809265137,10.600000381469727,10.699999809265137,7.544986248016357,627000
2011-02-16,10.520000457763672,10.800000190734863,10.520000457763672,10.800000190734863,7.6155009269714355,1211500
2011-02-17,10.720000267028809,10.819999694824219,10.699999809265137,10.760000228881836,7.587296009063721,1810500
2011-02-18,10.699999809265137,11.0,10.699999809265137,11.0,7.756528854370117,632000
2011-02-21,11.0,11.319999694824219,10.899999618530273,11.319999694824219,7.982172966003418,2719000
2011-02-22,11.319999694824219,11.319999694824219,11.119999885559082,11.279999732971191,7.95396614074707,3564500
2011-02-23,11.279999732971191,11.279999732971191,11.079999923706055,11.199999809265137,7.897556304931641,841000
2011-02-24,11.079999923706055,11.539999961853027,11.079999923706055,11.100000381469727,7.827042102813721,3152500
2011-02-25,11.4399995803833,11.5,11.199999809265137,11.399999618530273,8.03858470916748,1007000
2011-02-28,11.399999618530273,11.539999961853027,11.300000190734863,11.5,8.10909652709961,2802500
2011-03-01,11.5,11.539999961853027,11.420000076293945,11.479999542236328,8.094995498657227,514500
2011-03-02,11.460000038146973,11.460000038146973,11.100000381469727,11.260000228881836,7.939864635467529,267000
2011-03-03,11.300000190734863,11.380000114440918,11.279999732971191,11.279999732971191,7.95396614074707,304500
2011-03-04,11.279999732971191,11.300000190734863,11.0,11.279999732971191,7.95396614074707,637500
2011-03-07,11.279999732971191,11.300000190734863,11.15999984741211,11.15999984741211,7.869351387023926,244000
2011-03-08,11.380000114440918,11.380000114440918,11.119999885559082,11.15999984741211,7.869351387023926,334000
2011-03-09,11.15999984741211,11.15999984741211,10.960000038146973,11.0600004196167,7.798837661743164,1455000
2011-03-10,11.0600004196167,11.199999809265137,11.0,11.180000305175781,7.8834547996521,981000
2011-03-11,11.180000305175781,11.180000305175781,11.0,11.0600004196167,7.798837661743164,183500
2011-03-14,11.0,11.079999923706055,10.819999694824219,11.039999961853027,7.78473424911499,228500
2011-03-15,10.9399995803833,10.9399995803833,10.399999618530273,10.520000457763672,7.418062210083008,1245500
2011-03-16,10.520000457763672,10.800000190734863,10.5,10.739999771118164,7.573193550109863,291500
2011-03-17,10.5,10.619999885559082,10.399999618530273,10.539999961853027,7.432165145874023,177500
2011-03-18,10.539999961853027,10.680000305175781,10.5,10.579999923706055,7.460370063781738,263500
2011-03-21,11.0,11.0,10.680000305175781,10.760000228881836,7.587296009063721,435500
2011-03-22,10.9399995803833,10.9399995803833,10.65999984741211,10.699999809265137,7.544986248016357,251000
2011-03-23,10.699999809265137,10.819999694824219,10.680000305175781,10.699999809265137,7.544986248016357,729500
2011-03-24,10.739999771118164,10.899999618530273,10.739999771118164,10.800000190734863,7.6155009269714355,196000
2011-03-25,10.899999618530273,11.279999732971191,10.899999618530273,11.220000267028809,7.911660671234131,1463500
2011-03-28,11.199999809265137,11.300000190734863,11.119999885559082,11.140000343322754,7.855248928070068,396500
2011-03-29,11.140000343322754,11.399999618530273,11.0,11.180000305175781,7.8834547996521,741000
2011-03-30,11.279999732971191,11.300000190734863,10.979999542236328,11.039999961853027,7.78473424911499,1114000
2011-03-31,11.0,11.300000190734863,10.800000190734863,11.300000190734863,7.9680705070495605,378000
2011-04-01,11.300000190734863,11.300000190734863,11.100000381469727,11.199999809265137,7.897556304931641,740000
2011-04-04,11.199999809265137,11.319999694824219,11.039999961853027,11.039999961853027,7.78473424911499,917500
2011-04-06,11.100000381469727,11.279999732971191,11.039999961853027,11.140000343322754,7.855248928070068,734000
2011-04-07,11.199999809265137,11.960000038146973,11.180000305175781,11.920000076293945,8.405257225036621,3049000
2011-04-08,12.0,12.34000015258789,11.960000038146973,12.279999732971191,8.659107208251953,6901500
2011-04-11,12.260000228881836,12.380000114440918,11.880000114440918,11.979999542236328,8.447565078735352,1723500
2011-04-12,12.0,12.199999809265137,11.960000038146973,11.979999542236328,8.447565078735352,1569500
2011-04-13,11.880000114440918,12.239999771118164,11.880000114440918,12.0,8.46166706085205,1806500
2011-04-14,12.079999923706055,12.119999885559082,12.039999961853027,12.119999885559082,8.546282768249512,1825000
2011-04-15,12.079999923706055,12.180000305175781,11.9399995803833,12.0,8.46166706085205,2317000
2011-04-18,12.0,13.34000015258789,12.0,13.300000190734863,9.378348350524902,4530500
2011-04-19,13.279999732971191,14.0,13.100000381469727,13.800000190734863,9.730916976928711,4621500
2011-04-20,13.720000267028809,13.9399995803833,13.34000015258789,13.579999923706055,9.575785636901855,1187500
2011-04-21,13.5600004196167,13.920000076293945,13.5,13.699999809265137,9.660402297973633,963000
2011-04-26,13.699999809265137,14.5,13.600000381469727,13.979999542236328,9.857839584350586,1576000
2011-04-27,14.0,14.380000114440918,13.300000190734863,13.319999694824219,9.392451286315918,1045500
2011-04-28,13.479999542236328,13.5,13.34000015258789,13.399999618530273,9.448861122131348,416000
2011-04-29,13.399999618530273,13.760000228881836,13.180000305175781,13.300000190734863,9.378348350524902,430500
2011-05-03,13.5,13.619999885559082,13.300000190734863,13.5,9.519376754760742,500500
2011-05-04,13.5,13.5600004196167,13.239999771118164,13.420000076293945,9.462965965270996,411000
2011-05-05,13.180000305175781,13.460000038146973,12.739999771118164,12.800000190734863,9.025778770446777,731500
2011-05-06,12.600000381469727,12.65999984741211,12.180000305175781,12.600000381469727,8.884750366210938,904000
2011-05-09,12.800000190734863,13.600000381469727,12.800000190734863,13.579999923706055,9.575785636901855,1485500
2011-05-11,13.699999809265137,14.260000228881836,13.640000343322754,14.220000267028809,10.027078628540039,1714500
2011-05-12,13.899999618530273,14.100000381469727,13.859999656677246,14.039999961853027,9.900152206420898,797500
2011-05-13,14.079999923706055,14.180000305175781,13.899999618530273,14.079999923706055,9.928356170654297,714000
2011-05-16,14.079999923706055,14.079999923706055,12.800000190734863,13.720000267028809,9.674506187438965,778000
2011-05-17,13.619999885559082,14.039999961853027,13.619999885559082,13.9399995803833,9.829636573791504,1463000
2011-05-18,13.800000190734863,14.699999809265137,13.800000190734863,14.65999984741211,10.337337493896484,3415000
2011-05-19,14.979999542236328,14.979999542236328,14.65999984741211,14.65999984741211,10.337337493896484,1597000
2011-05-20,14.680000305175781,14.760000228881836,14.640000343322754,14.760000228881836,10.407851219177246,872500
2011-05-23,14.680000305175781,14.859999656677246,14.5,14.859999656677246,10.478365898132324,658500
2011-05-24,14.880000114440918,14.880000114440918,14.539999961853027,14.699999809265137,10.365543365478516,1223500
2011-05-25,14.680000305175781,14.680000305175781,14.359999656677246,14.479999542236328,10.21041202545166,905500
2011-05-26,15.0,15.0,14.300000190734863,14.699999809265137,10.365543365478516,466000
2011-05-27,14.460000038146973,14.699999809265137,14.460000038146973,14.680000305175781,10.351441383361816,231000
2011-05-30,14.699999809265137,15.359999656677246,14.680000305175781,15.300000190734863,10.788625717163086,2257000
2011-05-31,15.479999542236328,16.059999465942383,15.300000190734863,16.0,11.28222370147705,2800000
2011-06-01,16.1200008392334,16.459999084472656,15.600000381469727,15.699999809265137,11.070680618286133,1473798
2011-06-02,15.65999984741211,15.699999809265137,14.979999542236328,15.220000267028809,10.870694160461426,1100500
2011-06-03,15.220000267028809,15.300000190734863,15.039999961853027,15.300000190734863,10.927833557128906,217500
2011-06-07,15.300000190734863,15.300000190734863,14.920000076293945,15.140000343322754,10.813555717468262,217500
2011-06-08,15.0,15.279999732971191,14.819999694824219,15.199999809265137,10.85641098022461,276500
2011-06-09,15.199999809265137,15.460000038146973,15.0600004196167,15.140000343322754,10.813555717468262,1176000
2011-06-10,15.0,15.880000114440918,15.0,15.84000015258789,11.313522338867188,495000
2011-06-13,15.819999694824219,15.819999694824219,15.300000190734863,15.359999656677246,10.970687866210938,628000
2011-06-14,15.199999809265137,15.520000457763672,15.020000457763672,15.300000190734863,10.927833557128906,441000
2011-06-15,15.279999732971191,15.319999694824219,15.15999984741211,15.300000190734863,10.927833557128906,312500
2011-06-16,15.140000343322754,15.199999809265137,14.779999732971191,15.020000457763672,10.727848052978516,630000
2011-06-17,15.0,15.0,14.380000114440918,14.5,10.356446266174316,799000
2011-06-20,14.600000381469727,15.0,14.420000076293945,14.479999542236328,10.342159271240234,503000
2011-06-21,14.720000267028809,15.0,14.460000038146973,14.479999542236328,10.342159271240234,424000
2011-06-22,14.65999984741211,14.680000305175781,14.520000457763672,14.539999961853027,10.385015487670898,582000
2011-06-23,14.640000343322754,14.65999984741211,14.399999618530273,14.5,10.356446266174316,765500
2011-06-24,14.5,15.180000305175781,14.359999656677246,15.119999885559082,10.799270629882812,1011500
2011-06-27,15.020000457763672,15.460000038146973,15.020000457763672,15.399999618530273,10.99925708770752,1947500
2011-06-28,15.5,15.5,15.359999656677246,15.4399995803833,11.027827262878418,993000
2011-06-29,15.4399995803833,15.680000305175781,15.399999618530273,15.600000381469727,11.142106056213379,974500
2011-06-30,15.699999809265137,16.200000762939453,15.699999809265137,16.1200008392334,11.513508796691895,490500
2011-07-04,16.280000686645508,16.559999465942383,16.280000686645508,16.459999084472656,11.756349563598633,355000
2011-07-05,16.5,16.540000915527344,16.299999237060547,16.420000076293945,11.727779388427734,399500
2011-07-06,16.299999237060547,16.299999237060547,15.600000381469727,16.15999984741211,11.542078971862793,162000
2011-07-07,16.15999984741211,16.420000076293945,16.079999923706055,16.299999237060547,11.642071723937988,370000
2011-07-08,16.299999237060547,16.299999237060547,16.100000381469727,16.1200008392334,11.513508796691895,95000
2011-07-11,16.139999389648438,16.260000228881836,16.079999923706055,16.1200008392334,11.513508796691895,228000
2011-07-12,15.819999694824219,16.31999969482422,15.819999694824219,16.15999984741211,11.542078971862793,559000
2011-07-13,16.260000228881836,16.979999542236328,16.260000228881836,16.739999771118164,11.95633602142334,746000
2011-07-14,16.760000228881836,16.760000228881836,16.399999618530273,16.739999771118164,11.95633602142334,103500
2011-07-15,16.700000762939453,16.700000762939453,16.299999237060547,16.5,11.784918785095215,258000
2011-07-18,16.280000686645508,16.3799991607666,16.15999984741211,16.299999237060547,11.642071723937988,411500
2011-07-19,16.020000457763672,16.18000030517578,16.0,16.020000457763672,11.442084312438965,195000
2011-07-20,16.299999237060547,16.700000762939453,16.020000457763672,16.299999237060547,11.642071723937988,189000
2011-07-21,16.299999237060547,16.479999542236328,16.299999237060547,16.31999969482422,11.656354904174805,223000
2011-07-22,16.559999465942383,16.6200008392334,16.3799991607666,16.579999923706055,11.842058181762695,203700
2011-07-25,16.700000762939453,16.700000762939453,16.5,16.520000457763672,11.799203872680664,157000
2011-07-26,16.5,16.559999465942383,16.459999084472656,16.520000457763672,11.799203872680664,186500
2011-07-27,16.459999084472656,16.5,16.219999313354492,16.420000076293945,11.727779388427734,228000
2011-07-28,17.059999465942383,17.5,16.399999618530273,17.219999313354492,12.299168586730957,798500
2011-07-29,17.1200008392334,17.34000015258789,16.979999542236328,17.059999465942383,12.184890747070312,1607000
2011-08-01,17.100000381469727,17.440000534057617,16.739999771118164,17.299999237060547,12.356306076049805,429500
2011-08-02,17.700000762939453,17.799999237060547,17.440000534057617,17.68000030517578,12.627718925476074,938500
2011-08-03,17.940000534057617,18.299999237060547,17.799999237060547,18.100000381469727,12.927699089050293,995500
2011-08-04,18.299999237060547,18.299999237060547,16.959999084472656,17.079999923706055,12.199176788330078,1126503
2011-08-05,16.299999237060547,16.8799991607666,15.899999618530273,16.600000381469727,11.856343269348145,1001500
2011-08-08,16.600000381469727,16.739999771118164,15.800000190734863,16.200000762939453,11.570649147033691,599100
2011-08-09,16.0,16.18000030517578,15.420000076293945,16.040000915527344,11.456368446350098,910500
2011-08-10,16.15999984741211,16.600000381469727,16.15999984741211,16.399999618530273,11.713494300842285,894000
2011-08-11,16.200000762939453,16.360000610351562,15.899999618530273,16.280000686645508,11.627787590026855,606200
2011-08-12,16.200000762939453,16.959999084472656,16.200000762939453,16.440000534057617,11.7420654296875,411500
2011-08-15,17.3799991607666,17.3799991607666,17.020000457763672,17.18000030517578,12.270599365234375,332000
2011-08-16,17.5,17.5,16.979999542236328,17.059999465942383,12.184890747070312,351500
2011-08-17,17.040000915527344,17.219999313354492,17.020000457763672,17.059999465942383,12.184890747070312,249000
2011-08-18,17.020000457763672,17.219999313354492,16.979999542236328,17.100000381469727,12.213462829589844,1622000
2011-08-19,17.200000762939453,17.200000762939453,16.780000686645508,17.0,12.142038345336914,920000
2011-08-22,16.299999237060547,16.799999237060547,13.699999809265137,14.600000381469727,10.42786693572998,2329000
2011-08-23,14.640000343322754,15.460000038146973,14.640000343322754,15.260000228881836,10.899267196655273,1215000
2011-08-24,15.279999732971191,16.1200008392334,14.979999542236328,15.779999732971191,11.270669937133789,1393500
2011-08-25,16.399999618530273,16.399999618530273,15.859999656677246,16.100000381469727,11.499224662780762,573500
2011-08-26,16.100000381469727,16.219999313354492,15.920000076293945,16.040000915527344,11.456368446350098,880000
2011-08-29,16.0,16.100000381469727,15.9399995803833,15.960000038146973,11.399230003356934,504500
2011-08-30,16.020000457763672,16.040000915527344,15.640000343322754,15.960000038146973,11.399230003356934,210000
2011-08-31,15.960000038146973,16.040000915527344,15.279999732971191,16.0,11.427801132202148,397000
2011-09-01,16.0,16.1200008392334,15.859999656677246,15.960000038146973,11.399230003356934,355500
2011-09-02,15.800000190734863,15.979999542236328,15.5600004196167,15.699999809265137,11.21352767944336,107500
2011-09-05,15.520000457763672,15.520000457763672,14.600000381469727,14.800000190734863,10.679553031921387,365000
2011-09-06,14.800000190734863,15.779999732971191,14.039999961853027,15.199999809265137,10.968188285827637,298000
2011-09-07,14.720000267028809,15.100000381469727,14.720000267028809,15.079999923706055,10.881597518920898,328500
2011-09-08,14.859999656677246,15.0,14.859999656677246,14.979999542236328,10.809438705444336,67000
2011-09-09,14.460000038146973,15.039999961853027,14.460000038146973,14.920000076293945,10.766141891479492,1520500
2011-09-12,14.4399995803833,14.920000076293945,14.34000015258789,14.5,10.4630765914917,216000
2011-09-14,14.380000114440918,14.579999923706055,13.800000190734863,14.0,10.102278709411621,1062500
2011-09-15,13.880000114440918,14.5,13.880000114440918,14.279999732971191,10.30432415008545,614001
2011-09-16,14.579999923706055,14.579999923706055,14.399999618530273,14.5600004196167,10.506367683410645,921000
2011-09-19,14.680000305175781,14.680000305175781,14.260000228881836,14.34000015258789,10.347617149353027,350500
2011-09-20,14.220000267028809,14.220000267028809,13.600000381469727,13.960000038146973,10.07341480255127,301500
2011-09-21,13.819999694824219,13.9399995803833,13.699999809265137,13.800000190734863,9.957959175109863,821500
2011-09-22,13.65999984741211,13.65999984741211,13.300000190734863,13.359999656677246,9.640459060668945,645001
2011-09-23,13.5,13.5,12.279999732971191,12.859999656677246,9.279664039611816,668001
2011-09-26,12.899999618530273,12.899999618530273,11.520000457763672,11.680000305175781,8.42818546295166,1633500
2011-09-27,11.739999771118164,12.979999542236328,11.739999771118164,12.359999656677246,8.918868064880371,372500
2011-09-28,12.4399995803833,12.520000457763672,12.300000190734863,12.479999542236328,9.00545883178711,1110000
2011-09-30,12.600000381469727,13.039999961853027,12.0,13.039999961853027,9.409552574157715,2356300
2011-10-03,12.039999961853027,12.319999694824219,11.539999961853027,12.0,8.65909481048584,329503
2011-10-04,11.640000343322754,12.220000267028809,11.5,12.0,8.65909481048584,259000
2011-10-06,12.0,12.600000381469727,12.0,12.600000381469727,9.092050552368164,444500
2011-10-07,12.859999656677246,12.899999618530273,12.640000343322754,12.65999984741211,9.135346412658691,144500
2011-10-10,12.579999923706055,12.699999809265137,12.260000228881836,12.699999809265137,9.164210319519043,480000
2011-10-11,12.960000038146973,13.65999984741211,12.960000038146973,13.640000343322754,9.842506408691406,225144
2011-10-12,13.399999618530273,14.319999694824219,12.859999656677246,14.199999809265137,10.246597290039062,251000
2011-10-13,14.119999885559082,14.180000305175781,13.920000076293945,14.119999885559082,10.188867568969727,125000
2011-10-14,14.0,14.0,13.079999923706055,13.15999984741211,9.496140480041504,259500
2011-10-17,13.380000114440918,14.260000228881836,13.380000114440918,14.199999809265137,10.246597290039062,280000
2011-10-18,14.0,14.199999809265137,13.539999961853027,13.819999694824219,9.972392082214355,269500
2011-10-19,13.800000190734863,13.9399995803833,13.600000381469727,13.819999694824219,9.972392082214355,26000
2011-10-20,13.5600004196167,13.5600004196167,13.0,13.039999961853027,9.409552574157715,309500
2011-10-21,13.020000457763672,13.319999694824219,12.979999542236328,13.140000343322754,9.481710433959961,50500
2011-10-24,13.199999809265137,13.720000267028809,13.199999809265137,13.4399995803833,9.698186874389648,121000
2011-10-25,13.279999732971191,13.520000457763672,13.100000381469727,13.460000038146973,9.71261978149414,270500
2011-10-26,13.199999809265137,13.600000381469727,13.199999809265137,13.460000038146973,9.71261978149414,278000
2011-10-27,13.300000190734863,14.020000457763672,13.300000190734863,13.960000038146973,10.07341480255127,665000
2011-10-28,14.0600004196167,18.5,14.0600004196167,14.65999984741211,10.578529357910156,644000
2011-10-31,14.479999542236328,14.479999542236328,13.5,13.979999542236328,10.087843894958496,530000
2011-11-01,13.800000190734863,13.800000190734863,13.539999961853027,13.65999984741211,9.856937408447266,728000
2011-11-02,13.380000114440918,13.380000114440918,12.600000381469727,13.039999961853027,9.409552574157715,2882000
2011-11-03,13.0,13.0,12.5,12.739999771118164,9.193074226379395,865500
2011-11-04,13.260000228881836,13.300000190734863,12.880000114440918,13.220000267028809,9.539436340332031,432500
2011-11-07,13.260000228881836,13.5,13.020000457763672,13.15999984741211,9.496140480041504,197000
2011-11-08,13.140000343322754,13.140000343322754,12.680000305175781,12.920000076293945,9.322958946228027,835000
2011-11-09,13.100000381469727,13.100000381469727,12.899999618530273,13.0,9.38068675994873,534500
2011-11-10,12.359999656677246,12.600000381469727,12.199999809265137,12.5,9.019889831542969,1381000
2011-11-11,12.5,12.699999809265137,12.460000038146973,12.5600004196167,9.063185691833496,204500
2011-11-14,12.699999809265137,13.0,12.399999618530273,12.399999618530273,8.94773006439209,55825
2011-11-15,12.260000228881836,12.300000190734863,11.920000076293945,12.0,8.65909481048584,314500
2011-11-16,12.0,12.0600004196167,11.960000038146973,11.979999542236328,8.644664764404297,219500
2011-11-17,11.880000114440918,11.880000114440918,11.579999923706055,11.600000381469727,8.37045955657959,249000
2011-11-18,11.579999923706055,11.579999923706055,11.079999923706055,11.079999923706055,7.995231628417969,509500
2011-11-21,11.079999923706055,11.5,10.899999618530273,11.260000228881836,8.125117301940918,274000
2011-11-22,11.239999771118164,11.420000076293945,10.979999542236328,10.979999542236328,7.923069953918457,582000
2011-11-23,10.920000076293945,10.920000076293945,10.5,10.619999885559082,7.663299560546875,413000
2011-11-24,10.699999809265137,11.140000343322754,10.699999809265137,11.0,7.93750524520874,255000
2011-11-25,11.0,11.020000457763672,10.760000228881836,10.779999732971191,7.778756141662598,104500
2011-11-28,10.920000076293945,11.15999984741211,10.920000076293945,11.119999885559082,8.024094581604004,262000
2011-11-29,11.039999961853027,11.640000343322754,10.979999542236328,11.520000457763672,8.312732696533203,1261000
2011-11-30,11.180000305175781,12.520000457763672,11.180000305175781,12.5,9.019889831542969,686500
2011-12-01,12.899999618530273,12.899999618530273,12.5,12.800000190734863,9.236368179321289,497500
2011-12-02,12.800000190734863,12.880000114440918,12.399999618530273,12.600000381469727,9.092050552368164,68500
2011-12-05,12.600000381469727,12.760000228881836,12.5600004196167,12.600000381469727,9.092050552368164,120000
2011-12-06,12.600000381469727,12.600000381469727,12.100000381469727,12.359999656677246,8.918868064880371,107000
2011-12-07,12.399999618530273,12.699999809265137,12.399999618530273,12.699999809265137,9.164210319519043,299500
2011-12-08,12.739999771118164,12.739999771118164,12.0600004196167,12.600000381469727,9.092050552368164,33500
2011-12-09,12.239999771118164,12.579999923706055,11.0,12.140000343322754,8.760120391845703,255000
2011-12-12,12.0600004196167,12.0600004196167,11.800000190734863,11.920000076293945,8.601367950439453,660000
2011-12-13,11.119999885559082,11.979999542236328,11.119999885559082,11.65999984741211,8.413755416870117,17500
2011-12-14,11.65999984741211,11.880000114440918,11.5600004196167,11.680000305175781,8.42818546295166,26000
2011-12-15,11.359999656677246,11.9399995803833,11.359999656677246,11.520000457763672,8.312732696533203,428500
2011-12-16,11.319999694824219,12.699999809265137,11.319999694824219,12.119999885559082,8.745685577392578,206000
2011-12-19,12.300000190734863,12.65999984741211,12.300000190734863,12.34000015258789,8.904436111450195,140000
2011-12-20,12.300000190734863,12.800000190734863,12.300000190734863,12.600000381469727,9.092050552368164,204000
2011-12-21,12.65999984741211,13.0,12.65999984741211,12.960000038146973,9.351822853088379,302000
2011-12-22,12.800000190734863,13.180000305175781,12.800000190734863,13.180000305175781,9.510574340820312,115500
2011-12-23,13.239999771118164,13.779999732971191,13.239999771118164,13.680000305175781,9.87137222290039,313000
2011-12-28,13.680000305175781,14.0,13.119999885559082,13.600000381469727,9.813642501831055,284500
2011-12-29,13.119999885559082,13.520000457763672,13.119999885559082,13.399999618530273,9.66932201385498,193520
2011-12-30,13.359999656677246,14.0,13.359999656677246,13.699999809265137,9.885799407958984,957510
2012-01-03,13.899999618530273,14.0,13.779999732971191,13.899999618530273,10.030119895935059,450874
2012-01-04,13.779999732971191,16.5,13.520000457763672,13.600000381469727,9.813642501831055,128000
2012-01-05,13.5,13.979999542236328,13.380000114440918,13.460000038146973,9.71261978149414,92500
2012-01-06,13.300000190734863,13.699999809265137,13.300000190734863,13.579999923706055,9.79920768737793,49500
2012-01-09,13.579999923706055,13.699999809265137,13.5,13.699999809265137,9.885799407958984,156500
2012-01-10,13.699999809265137,13.9399995803833,13.699999809265137,13.760000228881836,9.929095268249512,317000
2012-01-11,13.800000190734863,13.800000190734863,13.680000305175781,13.720000267028809,9.900232315063477,355000
2012-01-12,13.720000267028809,13.899999618530273,13.720000267028809,13.819999694824219,9.972392082214355,238500
2012-01-13,13.800000190734863,13.859999656677246,13.739999771118164,13.84000015258789,9.986823081970215,136000
2012-01-16,13.779999732971191,13.899999618530273,13.699999809265137,13.739999771118164,9.914665222167969,816500
2012-01-17,13.739999771118164,14.5,13.739999771118164,14.5,10.4630765914917,217500
2012-01-18,14.399999618530273,14.760000228881836,13.899999618530273,14.720000267028809,10.62182331085205,329500
2012-01-19,14.680000305175781,14.800000190734863,14.65999984741211,14.739999771118164,10.636253356933594,207000
2012-01-20,14.699999809265137,14.699999809265137,14.119999885559082,14.300000190734863,10.318754196166992,651500
2012-01-26,15.119999885559082,15.119999885559082,14.520000457763672,14.800000190734863,10.679553031921387,701500
2012-01-27,14.899999618530273,14.899999618530273,14.5600004196167,14.640000343322754,10.56409740447998,355500
2012-01-30,14.539999961853027,14.640000343322754,13.600000381469727,14.539999961853027,10.491938591003418,417500
2012-01-31,14.600000381469727,14.779999732971191,14.5600004196167,14.680000305175781,10.592962265014648,24000
2012-02-01,14.399999618530273,14.680000305175781,14.399999618530273,14.479999542236328,10.448641777038574,22000
2012-02-02,14.600000381469727,14.699999809265137,14.420000076293945,14.539999961853027,10.491938591003418,108000
2012-02-03,14.5,14.920000076293945,14.5,14.619999885559082,10.549665451049805,230500
2012-02-06,14.720000267028809,14.819999694824219,14.579999923706055,14.600000381469727,10.535232543945312,378000
2012-02-07,14.699999809265137,14.699999809265137,14.539999961853027,14.699999809265137,10.607393264770508,84710
2012-02-08,14.65999984741211,14.960000038146973,14.640000343322754,14.800000190734863,10.679553031921387,856500
2012-02-09,15.0,15.180000305175781,14.600000381469727,14.640000343322754,10.56409740447998,545002
2012-02-10,14.520000457763672,14.619999885559082,13.800000190734863,14.079999923706055,10.160005569458008,954000
2012-02-13,14.0,14.0600004196167,13.600000381469727,13.760000228881836,9.929095268249512,403002
2012-02-14,13.640000343322754,13.920000076293945,13.5,13.880000114440918,10.015686988830566,183506
2012-02-15,13.899999618530273,14.100000381469727,13.800000190734863,14.0,10.102278709411621,263500
2012-02-16,13.819999694824219,13.899999618530273,13.600000381469727,13.619999885559082,9.828073501586914,270500
2012-02-17,13.640000343322754,13.84000015258789,13.180000305175781,13.220000267028809,9.539436340332031,926000
2012-02-20,13.65999984741211,13.65999984741211,13.300000190734863,13.380000114440918,9.654891967773438,289500
2012-02-21,13.380000114440918,13.600000381469727,13.260000228881836,13.260000228881836,9.5683012008667,170000
2012-02-22,13.199999809265137,13.520000457763672,13.199999809265137,13.5,9.741482734680176,200000
2012-02-23,13.699999809265137,13.899999618530273,13.520000457763672,13.739999771118164,9.914665222167969,450000
2012-02-24,13.800000190734863,14.220000267028809,13.800000190734863,14.199999809265137,10.246597290039062,355500
2012-02-27,14.199999809265137,14.199999809265137,13.800000190734863,13.84000015258789,9.986823081970215,225000
2012-02-28,13.739999771118164,14.359999656677246,13.739999771118164,14.199999809265137,10.246597290039062,231000
2012-02-29,14.100000381469727,15.0,14.100000381469727,14.920000076293945,10.766141891479492,665688
2012-03-01,14.899999618530273,15.199999809265137,14.319999694824219,14.420000076293945,10.405345916748047,897000
2012-03-02,14.579999923706055,14.760000228881836,14.34000015258789,14.65999984741211,10.578529357910156,305500
2012-03-05,14.600000381469727,14.880000114440918,14.5,14.720000267028809,10.62182331085205,270500
2012-03-06,14.520000457763672,14.779999732971191,14.199999809265137,14.399999618530273,10.390914916992188,298500
2012-03-07,14.220000267028809,14.579999923706055,14.15999984741211,14.319999694824219,10.333189964294434,455000
2012-03-08,14.220000267028809,14.899999618530273,14.220000267028809,14.859999656677246,10.722848892211914,190500
2012-03-09,14.979999542236328,16.15999984741211,14.979999542236328,16.100000381469727,11.617620468139648,1762900
2012-03-12,16.0,16.0,15.399999618530273,15.460000038146973,11.155801773071289,246500
2012-03-13,15.5,16.040000915527344,15.5,15.800000190734863,11.401143074035645,203500
2012-03-14,15.800000190734863,15.819999694824219,15.520000457763672,15.619999885559082,11.271257400512695,185500
2012-03-15,15.460000038146973,16.100000381469727,15.460000038146973,16.0,11.54546070098877,2231500
2012-03-16,15.819999694824219,17.15999984741211,15.800000190734863,17.0,12.267051696777344,1356038
2012-03-20,16.520000457763672,16.799999237060547,16.479999542236328,16.600000381469727,11.97841739654541,584486
2012-03-21,17.399999618530273,17.799999237060547,17.0,17.719999313354492,12.78659725189209,1734500
2012-03-22,17.780000686645508,19.540000915527344,17.700000762939453,19.139999389648438,13.811257362365723,2786802
2012-03-23,19.059999465942383,20.200000762939453,18.799999237060547,19.540000915527344,14.099892616271973,2959500
2012-03-26,19.5,19.540000915527344,18.780000686645508,19.079999923706055,13.767961502075195,1255000
2012-03-27,19.020000457763672,20.299999237060547,19.0,20.200000762939453,14.576143264770508,528400
2012-03-28,20.350000381469727,20.75,19.84000015258789,20.399999618530273,14.72046184539795,626000
2012-03-29,20.399999618530273,20.399999618530273,19.399999618530273,19.5,14.071032524108887,446000
2012-03-30,19.079999923706055,20.350000381469727,19.0,19.979999542236328,14.417390823364258,307793
2012-04-02,19.979999542236328,20.5,19.299999237060547,19.399999618530273,13.998872756958008,301366
2012-04-03,19.719999313354492,20.0,19.260000228881836,19.399999618530273,13.998872756958008,367503
2012-04-05,19.479999542236328,19.5,19.0,19.399999618530273,13.998872756958008,424000
2012-04-10,19.459999084472656,19.459999084472656,19.079999923706055,19.239999771118164,13.883416175842285,201595
2012-04-11,19.100000381469727,19.520000457763672,19.100000381469727,19.520000457763672,14.085463523864746,498000
2012-04-12,19.920000076293945,19.920000076293945,19.420000076293945,19.799999237060547,14.287505149841309,737500
2012-04-13,20.399999618530273,20.950000762939453,19.899999618530273,20.350000381469727,14.6843843460083,717000
2012-04-16,20.25,21.649999618530273,20.100000381469727,21.0,15.153414726257324,608000
2012-04-17,21.100000381469727,21.799999237060547,21.049999237060547,21.75,15.694611549377441,934000
2012-04-18,21.799999237060547,22.149999618530273,21.5,21.799999237060547,15.73068904876709,1570705
2012-04-19,21.799999237060547,22.100000381469727,21.799999237060547,21.950000762939453,15.838924407958984,835000
2012-04-20,21.799999237060547,22.600000381469727,21.549999237060547,21.799999237060547,15.73068904876709,1289000
2012-04-23,22.049999237060547,22.049999237060547,21.100000381469727,21.799999237060547,15.73068904876709,754500
2012-04-24,21.600000381469727,22.149999618530273,21.299999237060547,21.5,15.51421070098877,746000
2012-04-25,21.25,21.600000381469727,20.450000762939453,21.049999237060547,15.189497947692871,375346
2012-04-26,21.299999237060547,21.299999237060547,20.549999237060547,20.950000762939453,15.117339134216309,158000
2012-04-27,20.700000762939453,21.200000762939453,20.399999618530273,20.899999618530273,15.081254959106445,274536
2012-04-30,21.0,22.5,20.899999618530273,22.350000381469727,16.1275634765625,589500
2012-05-02,22.549999237060547,23.200000762939453,22.149999618530273,23.0,16.59659767150879,1543006
2012-05-03,22.5,22.5,21.399999618530273,21.799999237060547,15.917550086975098,490000
2012-05-04,21.799999237060547,22.950000762939453,21.700000762939453,22.799999237060547,16.647708892822266,763500
2012-05-07,22.75,22.950000762939453,21.899999618530273,21.950000762939453,16.02707290649414,404000
2012-05-08,22.399999618530273,22.399999618530273,20.700000762939453,22.100000381469727,16.136598587036133,1296000
2012-05-09,21.549999237060547,21.799999237060547,20.700000762939453,21.049999237060547,15.369927406311035,1529000
2012-05-10,20.75,21.100000381469727,20.25,20.450000762939453,14.931828498840332,829500
2012-05-11,20.100000381469727,21.149999618530273,20.049999237060547,20.350000381469727,14.85881233215332,448000
2012-05-14,20.5,20.799999237060547,19.899999618530273,20.25,14.785797119140625,397000
2012-05-15,19.899999618530273,20.5,19.700000762939453,20.299999237060547,14.822307586669922,555500
2012-05-16,20.0,20.25,19.360000610351562,19.399999618530273,14.165159225463867,614000
2012-05-17,19.200000762939453,19.6200008392334,18.65999984741211,18.68000030517578,13.639442443847656,848361
2012-05-18,18.5,18.600000381469727,18.0,18.459999084472656,13.478803634643555,571500
2012-05-21,19.200000762939453,19.200000762939453,18.719999313354492,19.0,13.873092651367188,381000
2012-05-22,19.200000762939453,19.780000686645508,19.200000762939453,19.559999465942383,14.281984329223633,743000
2012-05-23,19.15999984741211,19.799999237060547,19.15999984741211,19.65999984741211,14.355000495910645,334500
2012-05-24,19.459999084472656,19.84000015258789,19.34000015258789,19.360000610351562,14.135952949523926,292500
2012-05-25,19.31999969482422,19.399999618530273,18.65999984741211,18.65999984741211,13.624839782714844,866500
2012-05-28,18.65999984741211,19.399999618530273,18.639999389648438,19.399999618530273,14.165159225463867,236500
2012-05-29,19.219999313354492,19.719999313354492,19.219999313354492,19.579999923706055,14.296588897705078,184500
2012-05-30,19.34000015258789,20.5,19.34000015258789,20.0,14.603255271911621,529500
2012-05-31,19.8799991607666,19.920000076293945,19.3799991607666,19.479999542236328,14.223572731018066,307000
2012-06-01,19.100000381469727,19.799999237060547,19.100000381469727,19.639999389648438,14.340394973754883,163000
2012-06-04,19.020000457763672,19.299999237060547,18.440000534057617,18.780000686645508,13.712457656860352,283500
2012-06-05,19.020000457763672,19.280000686645508,18.739999771118164,18.920000076293945,13.814681053161621,159500
2012-06-06,19.260000228881836,19.260000228881836,18.899999618530273,18.979999542236328,13.858489036560059,427173
2012-06-07,19.200000762939453,19.440000534057617,18.81999969482422,18.84000015258789,13.756268501281738,1066815
2012-06-08,18.860000610351562,19.34000015258789,18.860000610351562,18.959999084472656,13.843886375427246,1105000
2012-06-11,19.84000015258789,19.579999923706055,19.15999984741211,19.239999771118164,14.048332214355469,98000
2012-06-12,18.899999618530273,19.239999771118164,18.68000030517578,18.760000228881836,13.69785213470459,1038000
2012-06-13,18.81999969482422,18.899999618530273,18.600000381469727,18.600000381469727,13.581028938293457,292000
2012-06-14,18.600000381469727,19.1200008392334,18.5,18.540000915527344,13.537219047546387,303000
2012-06-15,18.540000915527344,19.100000381469727,18.540000915527344,19.0,13.873092651367188,281000
2012-06-18,19.020000457763672,19.719999313354492,19.0,19.420000076293945,14.179760932922363,797000
2012-06-19,19.65999984741211,20.0,19.440000534057617,19.479999542236328,14.223572731018066,683500
2012-06-20,19.520000457763672,19.68000030517578,18.860000610351562,19.219999313354492,14.03372573852539,173000
2012-06-21,19.200000762939453,19.579999923706055,19.020000457763672,19.3799991607666,14.150554656982422,174500
2012-06-22,19.31999969482422,19.360000610351562,19.1200008392334,19.280000686645508,14.077536582946777,219300
2012-06-25,19.280000686645508,19.520000457763672,18.959999084472656,18.979999542236328,13.858489036560059,133000
2012-06-26,18.979999542236328,19.0,18.799999237060547,18.799999237060547,13.727058410644531,102000
2012-06-27,18.799999237060547,19.079999923706055,18.799999237060547,18.940000534057617,13.829282760620117,729000
2012-06-28,19.299999237060547,19.459999084472656,19.079999923706055,19.3799991607666,14.150554656982422,549500
2012-06-29,19.200000762939453,20.399999618530273,19.200000762939453,20.200000762939453,14.749289512634277,490000
2012-07-03,20.299999237060547,21.200000762939453,19.84000015258789,21.149999618530273,15.44294548034668,1732500
2012-07-04,21.399999618530273,21.399999618530273,20.549999237060547,20.850000381469727,15.223894119262695,573500
2012-07-05,20.700000762939453,21.149999618530273,20.299999237060547,21.0,15.333416938781738,142500
2012-07-06,21.0,21.0,19.979999542236328,20.600000381469727,15.04135513305664,290500
2012-07-09,20.399999618530273,20.950000762939453,20.149999618530273,20.549999237060547,15.004844665527344,112000
2012-07-10,20.75,20.850000381469727,19.799999237060547,20.149999618530273,14.71277904510498,551500
2012-07-11,20.149999618530273,20.149999618530273,19.299999237060547,19.5,14.238176345825195,590000
2012-07-12,19.299999237060547,19.459999084472656,19.0,19.020000457763672,13.887699127197266,231000
2012-07-13,19.0,19.020000457763672,18.360000610351562,18.559999465942383,13.5518217086792,981500
2012-07-16,18.700000762939453,18.899999618530273,18.700000762939453,18.760000228881836,13.69785213470459,466500
2012-07-17,18.799999237060547,19.540000915527344,18.799999237060547,19.3799991607666,14.150554656982422,347900
2012-07-18,19.299999237060547,19.520000457763672,18.739999771118164,18.959999084472656,13.843886375427246,360000
2012-07-19,19.079999923706055,19.079999923706055,18.040000915527344,18.040000915527344,13.172139167785645,639357
2012-07-20,18.100000381469727,18.479999542236328,18.0,18.0,13.142928123474121,695100
2012-07-23,17.520000457763672,17.84000015258789,17.31999969482422,17.5,12.777850151062012,337000
2012-07-24,17.5,17.68000030517578,17.020000457763672,17.020000457763672,12.42737102508545,212000
2012-07-25,17.0,17.079999923706055,16.31999969482422,16.700000762939453,12.193719863891602,672000
2012-07-26,16.719999313354492,16.739999771118164,16.0,16.3799991607666,11.960065841674805,472500
2012-07-27,16.700000762939453,16.760000228881836,16.5,16.540000915527344,12.07689094543457,601000
2012-07-30,16.65999984741211,17.520000457763672,16.65999984741211,16.899999618530273,12.339750289916992,433500
2012-07-31,16.959999084472656,17.5,16.940000534057617,17.399999618530273,12.704830169677734,506506
2012-08-01,17.600000381469727,17.940000534057617,17.100000381469727,17.700000762939453,12.923881530761719,232099
2012-08-02,17.520000457763672,17.940000534057617,17.440000534057617,17.719999313354492,12.938484191894531,236000
2012-08-03,17.899999618530273,18.1200008392334,17.520000457763672,17.760000228881836,12.967692375183105,1039592
2012-08-06,17.979999542236328,18.0,17.559999465942383,17.979999542236328,13.128327369689941,281000
2012-08-07,18.0,18.479999542236328,17.899999618530273,18.34000015258789,13.391186714172363,616282
2012-08-08,18.399999618530273,18.600000381469727,18.299999237060547,18.31999969482422,13.376585006713867,862524
2012-08-09,18.31999969482422,18.600000381469727,18.299999237060547,18.399999618530273,13.43499755859375,736100
2012-08-10,18.280000686645508,18.31999969482422,18.100000381469727,18.18000030517578,13.274356842041016,136500
2012-08-13,18.280000686645508,18.280000686645508,18.020000457763672,18.15999984741211,13.259754180908203,160000
2012-08-14,18.200000762939453,18.399999618530273,18.0,18.34000015258789,13.391186714172363,256500
2012-08-15,18.34000015258789,18.760000228881836,18.31999969482422,18.600000381469727,13.581028938293457,730279
2012-08-16,18.600000381469727,18.8799991607666,17.600000381469727,18.81999969482422,13.74166202545166,1483000
2012-08-17,18.739999771118164,19.100000381469727,18.5,18.760000228881836,13.69785213470459,1088516
2012-08-20,18.860000610351562,18.899999618530273,18.600000381469727,18.639999389648438,13.610234260559082,585000
2012-08-21,18.700000762939453,18.899999618530273,18.540000915527344,18.8799991607666,13.78547191619873,1354000
2012-08-22,18.959999084472656,18.959999084472656,18.760000228881836,18.8799991607666,13.78547191619873,206850
2012-08-23,19.0,19.239999771118164,18.799999237060547,19.200000762939453,14.019124031066895,905500
2012-08-24,19.399999618530273,19.399999618530273,19.219999313354492,19.280000686645508,14.077536582946777,357000
2012-08-27,19.5,19.5,19.059999465942383,19.15999984741211,13.98991584777832,274505
2012-08-28,19.239999771118164,19.239999771118164,19.139999389648438,19.200000762939453,14.019124031066895,428000
2012-08-29,19.18000030517578,19.280000686645508,19.18000030517578,19.280000686645508,14.077536582946777,180000
2012-08-30,19.239999771118164,19.399999618530273,19.1200008392334,19.139999389648438,14.144047737121582,205500
2012-08-31,19.299999237060547,19.299999237060547,19.040000915527344,19.100000381469727,14.114485740661621,933000
2012-09-03,19.1200008392334,19.15999984741211,18.739999771118164,18.899999618530273,13.966689109802246,455506
2012-09-04,19.5,19.799999237060547,19.31999969482422,19.5,14.410079956054688,1011500
2012-09-05,19.5,19.700000762939453,19.299999237060547,19.700000762939453,14.557873725891113,933000
2012-09-06,19.700000762939453,19.959999084472656,19.600000381469727,19.780000686645508,14.616991996765137,328000
2012-09-07,20.0,20.850000381469727,19.979999542236328,20.799999237060547,15.370747566223145,1913000
2012-09-10,21.350000381469727,21.350000381469727,20.600000381469727,20.850000381469727,15.407698631286621,694000
2012-09-11,21.0,21.100000381469727,20.049999237060547,20.100000381469727,14.853466987609863,467500
2012-09-12,20.299999237060547,20.549999237060547,20.299999237060547,20.549999237060547,15.186005592346191,338000
2012-09-13,20.700000762939453,21.200000762939453,20.5,20.950000762939453,15.481599807739258,736500
2012-09-14,21.0,21.399999618530273,20.799999237060547,21.350000381469727,15.777191162109375,825550
2012-09-17,21.350000381469727,21.5,21.049999237060547,21.5,15.888035774230957,1109000
2012-09-18,21.5,21.600000381469727,21.200000762939453,21.299999237060547,15.740239143371582,339000
2012-09-19,21.200000762939453,21.700000762939453,20.600000381469727,20.75,15.333800315856934,453000
2012-09-20,20.700000762939453,20.950000762939453,19.780000686645508,20.149999618530273,14.890417098999023,325000
2012-09-21,20.450000762939453,20.899999618530273,20.200000762939453,20.600000381469727,15.222955703735352,376500
2012-09-24,20.149999618530273,20.299999237060547,19.600000381469727,19.780000686645508,14.616991996765137,631400
2012-09-25,19.700000762939453,20.200000762939453,19.399999618530273,20.100000381469727,14.853466987609863,260218
2012-09-26,20.399999618530273,20.600000381469727,19.579999923706055,19.940000534057617,14.735230445861816,670000
2012-09-27,19.719999313354492,20.399999618530273,19.700000762939453,19.700000762939453,14.557873725891113,246000
2012-09-28,20.299999237060547,20.299999237060547,19.700000762939453,19.8799991607666,14.690889358520508,338500
2012-10-03,19.81999969482422,19.860000610351562,19.420000076293945,19.5,14.410079956054688,1454000
2012-10-04,19.5,19.5,18.899999618530273,18.959999084472656,14.011031150817871,725500
2012-10-05,19.100000381469727,19.3799991607666,19.100000381469727,19.34000015258789,14.291842460632324,2016003
2012-10-08,19.219999313354492,19.540000915527344,19.219999313354492,19.479999542236328,14.39530086517334,443503
2012-10-09,19.420000076293945,19.520000457763672,19.200000762939453,19.280000686645508,14.247501373291016,1418500
2012-10-10,19.1200008392334,19.540000915527344,19.100000381469727,19.520000457763672,14.424859046936035,3416554
2012-10-11,19.219999313354492,20.799999237060547,19.219999313354492,20.399999618530273,15.075161933898926,1535022
2012-10-12,20.450000762939453,21.0,20.200000762939453,20.899999618530273,15.444647789001465,595000
2012-10-15,20.899999618530273,21.100000381469727,20.549999237060547,20.799999237060547,15.370747566223145,644500
2012-10-16,20.649999618530273,21.25,20.5,20.549999237060547,15.186005592346191,348500
2012-10-17,20.5,20.600000381469727,20.049999237060547,20.600000381469727,15.222955703735352,527500
2012-10-18,20.5,20.600000381469727,20.399999618530273,20.5,15.149059295654297,671500
2012-10-19,20.5,20.600000381469727,19.81999969482422,19.81999969482422,14.646551132202148,556500
2012-10-22,19.8799991607666,20.399999618530273,19.780000686645508,20.25,14.964314460754395,262000
2012-10-24,20.350000381469727,20.850000381469727,20.149999618530273,20.5,15.149059295654297,686500
2012-10-25,20.5,20.549999237060547,19.959999084472656,20.200000762939453,14.927363395690918,612040
2012-10-26,20.0,20.25,19.920000076293945,19.940000534057617,14.735230445861816,263000
2012-10-29,20.0,20.399999618530273,19.920000076293945,19.979999542236328,14.764787673950195,100000
2012-10-30,20.0,20.0,19.780000686645508,19.799999237060547,14.6317720413208,142500
2012-10-31,19.8799991607666,20.100000381469727,19.799999237060547,19.8799991607666,14.690889358520508,172000
2012-11-01,20.0,20.149999618530273,19.81999969482422,19.8799991607666,14.690889358520508,536420
2012-11-02,20.25,20.25,19.8799991607666,20.0,14.779568672180176,546279
2012-11-05,20.0,20.049999237060547,19.81999969482422,19.979999542236328,14.764787673950195,141500
2012-11-06,20.0,20.149999618530273,19.799999237060547,19.979999542236328,14.764787673950195,384500
2012-11-07,19.979999542236328,20.350000381469727,19.81999969482422,19.979999542236328,14.764787673950195,885000
2012-11-08,19.84000015258789,20.149999618530273,19.799999237060547,19.979999542236328,14.764787673950195,276502
2012-11-09,20.0,20.350000381469727,19.899999618530273,19.979999542236328,14.764787673950195,703500
2012-11-12,20.049999237060547,20.350000381469727,19.940000534057617,19.979999542236328,14.764787673950195,375500
2012-11-13,19.81999969482422,20.100000381469727,19.81999969482422,19.979999542236328,14.764787673950195,484000
2012-11-14,19.940000534057617,20.5,19.860000610351562,20.399999618530273,15.075161933898926,1849367
2012-11-15,20.350000381469727,21.75,20.350000381469727,21.649999618530273,15.998881340026855,1673000
2012-11-16,21.75,22.5,21.75,22.0,16.257524490356445,628997
2012-11-19,21.899999618530273,22.200000762939453,21.5,21.700000762939453,16.035831451416016,261500
2012-11-20,21.700000762939453,22.049999237060547,21.700000762939453,22.0,16.257524490356445,370000
2012-11-21,22.0,22.149999618530273,21.350000381469727,21.549999237060547,15.924983978271484,387500
2012-11-22,21.799999237060547,23.100000381469727,21.700000762939453,22.899999618530273,16.922605514526367,692000
2012-11-23,22.899999618530273,23.399999618530273,22.799999237060547,23.100000381469727,17.070396423339844,506000
2012-11-26,22.700000762939453,23.649999618530273,22.700000762939453,23.649999618530273,17.476839065551758,1034500
2012-11-27,23.649999618530273,24.700000762939453,23.649999618530273,24.649999618530273,18.215818405151367,2563191
2012-11-28,24.899999618530273,24.899999618530273,23.5,23.850000381469727,17.624637603759766,251339
2012-11-29,23.950000762939453,24.350000381469727,23.399999618530273,23.5,17.365991592407227,579500
2012-11-30,23.75,24.399999618530273,23.299999237060547,23.450000762939453,17.32904815673828,666002
2012-12-03,24.200000762939453,24.399999618530273,23.5,24.100000381469727,17.809377670288086,768500
2012-12-04,24.100000381469727,25.399999618530273,24.049999237060547,25.25,18.659208297729492,3264006
2012-12-05,25.0,25.0,24.350000381469727,24.950000762939453,18.437511444091797,1544005
2012-12-06,24.75,25.200000762939453,24.75,25.100000381469727,18.548357009887695,1224004
2012-12-07,25.100000381469727,25.100000381469727,24.649999618530273,24.700000762939453,18.252765655517578,535504
2012-12-10,24.5,24.5,23.75,23.799999237060547,17.587682723999023,611000
2012-12-11,23.600000381469727,24.25,23.399999618530273,23.850000381469727,17.624637603759766,333000
2012-12-12,24.5,24.5,23.600000381469727,24.299999237060547,17.957172393798828,832000
2012-12-13,24.200000762939453,24.350000381469727,24.0,24.299999237060547,17.957172393798828,384398
2012-12-14,24.299999237060547,24.299999237060547,23.799999237060547,24.0,17.73548126220703,727500
2012-12-17,24.149999618530273,24.5,23.299999237060547,23.600000381469727,17.439891815185547,586000
2012-12-18,23.649999618530273,23.799999237060547,22.700000762939453,22.899999618530273,16.922605514526367,1347000
2012-12-19,23.0,23.049999237060547,22.299999237060547,22.399999618530273,16.553115844726562,795509
2012-12-20,22.799999237060547,22.850000381469727,22.299999237060547,22.600000381469727,16.700912475585938,901500
2012-12-21,22.5,23.0,22.299999237060547,22.700000762939453,16.774805068969727,540500
2012-12-24,22.450000762939453,23.049999237060547,22.299999237060547,22.950000762939453,16.959556579589844,273500
2012-12-27,23.0,24.149999618530273,23.0,24.0,17.73548126220703,1435706
2012-12-28,24.049999237060547,24.600000381469727,23.649999618530273,24.299999237060547,17.957172393798828,463018
2012-12-31,24.299999237060547,24.350000381469727,24.100000381469727,24.200000762939453,17.88327980041504,47000
2013-01-02,24.450000762939453,25.649999618530273,24.450000762939453,25.5,18.843948364257812,610506
2013-01-03,25.649999618530273,27.600000381469727,25.649999618530273,27.200000762939453,20.10021209716797,1642500
2013-01-04,27.0,28.5,26.549999237060547,28.25,20.876140594482422,1211003
2013-01-07,28.5,29.950000762939453,27.850000381469727,29.5,21.799861907958984,1632508
2013-01-08,29.149999618530273,29.149999618530273,27.899999618530273,28.200000762939453,20.839189529418945,1093008
2013-01-09,28.200000762939453,28.200000762939453,26.649999618530273,27.450000762939453,20.284955978393555,1379500
2013-01-10,27.700000762939453,28.450000762939453,27.600000381469727,28.399999618530273,20.986989974975586,1620500
2013-01-11,28.600000381469727,30.799999237060547,28.799999237060547,29.700000762939453,21.94765853881836,1169500
2013-01-14,30.0,30.649999618530273,29.75,30.0,22.169347763061523,2013503
2013-01-15,30.299999237060547,30.350000381469727,29.600000381469727,29.75,21.984603881835938,889000
2013-01-16,29.75,29.899999618530273,29.049999237060547,29.399999618530273,21.725963592529297,356500
2013-01-17,29.299999237060547,29.299999237060547,28.200000762939453,29.049999237060547,21.467323303222656,526000
2013-01-18,29.850000381469727,29.850000381469727,29.200000762939453,29.450000762939453,21.762914657592773,281500
2013-01-21,29.600000381469727,29.899999618530273,29.200000762939453,29.5,21.799861907958984,435500
2013-01-22,29.950000762939453,30.450000762939453,29.549999237060547,30.049999237060547,22.206298828125,591214
2013-01-23,30.049999237060547,30.899999618530273,30.0,30.649999618530273,22.649688720703125,630517
2013-01-24,30.850000381469727,32.54999923706055,30.0,32.45000076293945,23.979848861694336,1177500
2013-01-25,32.29999923706055,32.45000076293945,29.700000762939453,31.049999237060547,22.945280075073242,2114500
2013-01-28,31.25,31.899999618530273,31.0,31.600000381469727,23.351716995239258,955000
2013-01-29,31.549999237060547,32.54999923706055,31.549999237060547,32.5,24.01679801940918,567500
2013-01-30,32.099998474121094,32.400001525878906,31.799999237060547,32.20000076293945,23.79510498046875,452044
2013-01-31,32.0,33.20000076293945,31.299999237060547,32.150001525878906,23.758155822753906,982500
2013-02-01,32.29999923706055,33.0,32.25,32.54999923706055,24.05374526977539,417200
2013-02-04,32.599998474121094,34.0,32.70000076293945,33.5,24.755775451660156,1143800
2013-02-05,33.599998474121094,33.599998474121094,33.099998474121094,33.54999923706055,24.792722702026367,474500
2013-02-06,33.54999923706055,35.70000076293945,33.29999923706055,35.25,26.048992156982422,826258
2013-02-07,35.25,35.25,33.849998474121094,34.45000076293945,25.457807540893555,995600
2013-02-08,34.29999923706055,34.29999923706055,32.0,33.5,24.755775451660156,945000
2013-02-14,33.45000076293945,33.79999923706055,33.45000076293945,33.650001525878906,24.866619110107422,554500
2013-02-15,33.849998474121094,34.150001525878906,33.400001525878906,33.900001525878906,25.051368713378906,2012300
2013-02-18,33.95000076293945,34.0,33.29999923706055,33.54999923706055,24.792722702026367,332500
2013-02-19,33.79999923706055,34.150001525878906,33.599998474121094,33.75,24.940521240234375,352000
2013-02-20,33.75,34.0,32.400001525878906,33.70000076293945,24.903575897216797,855000
2013-02-21,33.099998474121094,33.599998474121094,32.45000076293945,33.0,24.38628578186035,321000
2013-02-22,33.099998474121094,33.650001525878906,32.79999923706055,33.29999923706055,24.607980728149414,220504
2013-02-25,33.54999923706055,33.79999923706055,33.29999923706055,33.70000076293945,24.903575897216797,178700
2013-02-26,33.099998474121094,33.70000076293945,32.20000076293945,32.650001525878906,24.127647399902344,594302
2013-02-27,32.5,33.79999923706055,32.45000076293945,33.349998474121094,24.644929885864258,83404
2013-02-28,33.349998474121094,34.29999923706055,33.349998474121094,34.0,25.125267028808594,2164000
2013-03-01,34.29999923706055,34.29999923706055,33.599998474121094,33.79999923706055,24.97746467590332,344702
2013-03-04,34.29999923706055,34.349998474121094,33.099998474121094,33.849998474121094,25.014423370361328,498815
2013-03-05,33.650001525878906,35.900001525878906,33.599998474121094,34.95000076293945,25.82729721069336,829750
2013-03-06,35.5,37.400001525878906,35.45000076293945,36.95000076293945,27.305248260498047,788000
2013-03-07,36.95000076293945,36.95000076293945,36.29999923706055,36.29999923706055,26.82491111755371,521063
2013-03-08,37.900001525878906,37.900001525878906,35.150001525878906,36.20000076293945,26.751020431518555,416500
2013-03-11,36.20000076293945,36.79999923706055,35.04999923706055,35.150001525878906,25.97509002685547,317000
2013-03-12,35.150001525878906,35.150001525878906,33.099998474121094,34.099998474121094,25.199161529541016,1325500
2013-03-13,33.849998474121094,34.04999923706055,33.04999923706055,33.79999923706055,24.97746467590332,484930
2013-03-14,33.79999923706055,34.400001525878906,33.20000076293945,34.349998474121094,25.3839111328125,566530
2013-03-15,34.75,35.5,33.650001525878906,34.54999923706055,25.531702041625977,977850
2013-03-18,34.349998474121094,34.95000076293945,33.650001525878906,34.099998474121094,25.199161529541016,255202
2013-03-19,33.5,34.95000076293945,33.29999923706055,33.900001525878906,25.051368713378906,356500
2013-03-20,35.20000076293945,37.04999923706055,35.20000076293945,35.849998474121094,26.49237632751465,842005
2013-03-21,36.150001525878906,36.95000076293945,36.099998474121094,36.54999923706055,27.00965690612793,927500
2013-03-22,36.95000076293945,40.25,36.95000076293945,39.79999923706055,29.41134262084961,2733000
2013-03-25,40.5,40.5,39.0,39.900001525878906,29.485240936279297,583500
2013-03-26,39.79999923706055,43.0,39.400001525878906,42.5,31.40657615661621,792000
2013-03-27,42.0,43.0,41.400001525878906,41.5,30.667600631713867,501167
2013-03-28,42.0,42.0,40.400001525878906,40.45000076293945,29.89167594909668,609700
2013-04-02,40.45000076293945,41.20000076293945,38.5,39.20000076293945,28.96794891357422,814002
2013-04-03,39.349998474121094,41.20000076293945,39.349998474121094,40.54999923706055,29.965574264526367,1013731
2013-04-05,39.95000076293945,40.900001525878906,39.0,39.150001525878906,28.931001663208008,999500
2013-04-08,39.099998474121094,40.349998474121094,38.0,40.0,29.55913734436035,552000
2013-04-09,40.0,40.75,39.79999923706055,40.0,29.55913734436035,859608
2013-04-10,40.400001525878906,41.70000076293945,39.79999923706055,40.70000076293945,30.076417922973633,1737383
2013-04-11,41.349998474121094,41.400001525878906,39.849998474121094,40.099998474121094,29.633026123046875,933497
2013-04-12,40.0,41.20000076293945,39.75,41.0,30.298118591308594,275503
2013-04-15,41.0,41.400001525878906,40.400001525878906,40.70000076293945,30.076417922973633,469501
2013-04-16,40.0,40.849998474121094,39.599998474121094,40.5,29.92862892150879,187500
2013-04-17,40.599998474121094,41.599998474121094,40.5,41.45000076293945,30.630653381347656,507402
2013-04-18,40.75,43.849998474121094,40.75,42.849998474121094,31.66521644592285,2290900
2013-04-19,43.099998474121094,46.349998474121094,42.900001525878906,44.5,32.88453674316406,1299702
2013-04-22,46.0,46.0,43.54999923706055,43.849998474121094,32.40419387817383,305700
2013-04-23,43.20000076293945,44.650001525878906,42.849998474121094,44.349998474121094,32.773681640625,499000
2013-04-24,43.5,43.79999923706055,43.04999923706055,43.349998474121094,32.03471374511719,1179500
2013-04-25,43.5,43.54999923706055,42.099998474121094,42.54999923706055,31.443527221679688,795000
2013-04-26,42.849998474121094,43.650001525878906,42.650001525878906,43.5,32.14556121826172,517742
2013-04-29,43.20000076293945,44.0,42.849998474121094,43.650001525878906,32.25640869140625,407690
2013-04-30,43.95000076293945,45.54999923706055,43.75,44.70000076293945,33.03232955932617,691000
2013-05-02,44.79999923706055,45.70000076293945,43.75,45.25,33.43877410888672,716000
2013-05-03,45.95000076293945,45.95000076293945,44.70000076293945,45.25,33.43877410888672,519003
2013-05-06,45.25,45.75,44.54999923706055,45.349998474121094,33.51266860961914,509500
2013-05-07,45.20000076293945,45.75,42.650001525878906,43.599998474121094,32.21946334838867,1518016
2013-05-08,43.5,44.0,43.099998474121094,43.900001525878906,32.44114685058594,375300
2013-05-09,43.95000076293945,44.0,43.0,43.099998474121094,31.84996795654297,442500
2013-05-10,42.79999923706055,43.95000076293945,42.79999923706055,43.849998474121094,32.40419387817383,293000
2013-05-13,43.849998474121094,43.849998474121094,43.150001525878906,43.349998474121094,32.374332427978516,366500
2013-05-14,43.900001525878906,43.900001525878906,43.25,43.70000076293945,32.63571548461914,366237
2013-05-15,43.70000076293945,43.70000076293945,43.0,43.150001525878906,32.22496795654297,440995
2013-05-16,43.5,43.79999923706055,42.5,42.599998474121094,31.8142147064209,632200
2013-05-20,43.849998474121094,45.54999923706055,43.400001525878906,44.75,33.419864654541016,907500
2013-05-21,44.349998474121094,44.45000076293945,43.0,43.0,32.112945556640625,776000
2013-05-22,42.900001525878906,43.099998474121094,41.349998474121094,41.95000076293945,31.32879066467285,827500
2013-05-23,41.349998474121094,42.599998474121094,41.29999923706055,42.0,31.366132736206055,551040
2013-05-24,41.70000076293945,42.70000076293945,41.70000076293945,42.599998474121094,31.8142147064209,321000
2013-05-27,42.29999923706055,43.20000076293945,41.400001525878906,42.400001525878906,31.664859771728516,207200
2013-05-28,42.5,44.0,42.400001525878906,43.95000076293945,32.82242202758789,327000
2013-05-29,44.20000076293945,48.0,44.20000076293945,47.0,35.100196838378906,2098375
2013-05-30,46.79999923706055,47.150001525878906,45.099998474121094,46.04999923706055,34.390724182128906,655500
2013-05-31,46.04999923706055,46.95000076293945,43.0,43.29999923706055,32.33699035644531,1939000
2013-06-03,43.650001525878906,44.45000076293945,43.29999923706055,44.150001525878906,32.971778869628906,547786
2013-06-04,43.79999923706055,44.099998474121094,43.04999923706055,43.70000076293945,32.63571548461914,208500
2013-06-05,43.650001525878906,44.400001525878906,43.54999923706055,44.150001525878906,32.971778869628906,416000
2013-06-06,43.75,43.79999923706055,42.599998474121094,43.29999923706055,32.33699035644531,406026
2013-06-07,43.099998474121094,43.29999923706055,42.29999923706055,43.099998474121094,32.1876220703125,293000
2013-06-10,43.5,43.95000076293945,43.0,43.349998474121094,32.374332427978516,250000
2013-06-11,44.0,44.5,42.70000076293945,42.849998474121094,32.000919342041016,618078
2013-06-13,42.79999923706055,42.79999923706055,40.20000076293945,42.400001525878906,31.664859771728516,1459995
2013-06-14,42.79999923706055,43.79999923706055,41.45000076293945,42.0,31.366132736206055,722500
2013-06-17,42.0,43.0,42.0,42.099998474121094,31.440818786621094,511640
2013-06-18,41.900001525878906,44.29999923706055,41.5,43.099998474121094,32.1876220703125,623710
2013-06-19,43.5,46.75,43.5,46.0,34.35338592529297,1463793
2013-06-20,45.0,46.20000076293945,44.599998474121094,45.650001525878906,34.09199905395508,1095000
2013-06-21,45.0,48.400001525878906,44.599998474121094,47.650001525878906,35.585628509521484,1797500
2013-06-24,46.5,47.20000076293945,45.04999923706055,45.70000076293945,34.12934112548828,1361500
2013-06-25,45.0,45.5,44.0,44.5,33.2331657409668,1294710
2013-06-26,44.70000076293945,47.400001525878906,44.70000076293945,46.75,34.91349411010742,1120520
2013-06-27,48.099998474121094,48.099998474121094,46.75,47.04999923706055,35.137535095214844,553208
2013-06-28,43.5,44.900001525878906,42.150001525878906,43.5,32.486351013183594,5847068
2013-07-02,44.0,44.45000076293945,42.20000076293945,43.04999923706055,32.15028381347656,2338945
2013-07-03,42.0,42.5,35.0,37.45000076293945,27.9681339263916,8937094
2013-07-04,35.5,35.599998474121094,30.700000762939453,31.0,23.15119171142578,11724840
2013-07-05,29.799999237060547,33.20000076293945,29.75,32.45000076293945,24.234071731567383,8655156
2013-07-08,32.599998474121094,33.400001525878906,31.549999237060547,31.649999618530273,23.636619567871094,3996000
2013-07-09,31.649999618530273,33.599998474121094,29.5,33.0,24.644817352294922,4585872
2013-07-10,33.0,33.900001525878906,32.400001525878906,33.0,24.644817352294922,6178032
2013-07-11,33.29999923706055,35.25,32.900001525878906,34.79999923706055,25.98908233642578,2934500
2013-07-12,35.400001525878906,37.04999923706055,35.099998474121094,35.650001525878906,26.623872756958008,3059800
2013-07-15,35.650001525878906,36.599998474121094,35.400001525878906,35.54999923706055,26.5491886138916,4340000
2013-07-16,36.5,38.95000076293945,36.349998474121094,38.599998474121094,28.82697296142578,4419000
2013-07-17,38.400001525878906,41.75,38.400001525878906,40.900001525878906,30.544639587402344,5286800
2013-07-18,41.0,41.79999923706055,38.349998474121094,39.099998474121094,29.200374603271484,2608768
2013-07-19,39.099998474121094,39.5,38.150001525878906,38.650001525878906,28.864315032958984,1032200
2013-07-22,38.400001525878906,39.79999923706055,38.099998474121094,39.599998474121094,29.57378387451172,514000
2013-07-23,39.599998474121094,39.79999923706055,38.54999923706055,38.70000076293945,28.90165901184082,2491675
2013-07-24,38.45000076293945,38.45000076293945,35.650001525878906,38.29999923706055,28.602930068969727,4499900
2013-07-25,38.29999923706055,38.54999923706055,37.150001525878906,37.150001525878906,27.744091033935547,1901140
2013-07-26,37.849998474121094,37.849998474121094,36.54999923706055,36.95000076293945,27.594730377197266,1026000
2013-07-29,36.25,36.54999923706055,35.54999923706055,35.75,26.69855499267578,1756000
2013-07-30,35.75,37.45000076293945,35.75,37.400001525878906,27.930795669555664,1604071
2013-07-31,37.29999923706055,37.79999923706055,36.849998474121094,37.45000076293945,27.9681339263916,2400300
2013-08-01,38.0,38.70000076293945,36.849998474121094,38.599998474121094,28.82697296142578,1444649
2013-08-02,39.5,39.70000076293945,38.599998474121094,39.5,29.499099731445312,2311340
2013-08-05,41.5,43.5,41.5,43.349998474121094,32.374332427978516,4609470
2013-08-06,43.349998474121094,43.349998474121094,41.150001525878906,41.79999923706055,31.216768264770508,192500
2013-08-07,41.20000076293945,45.150001525878906,40.54999923706055,44.5,33.2331657409668,4296500
2013-08-08,44.0,44.25,42.400001525878906,43.70000076293945,32.63571548461914,1812350
2013-08-09,43.45000076293945,43.75,42.75,43.25,32.29964828491211,1302750
2013-08-12,42.5,43.099998474121094,41.75,42.54999923706055,31.776874542236328,1501500
2013-08-13,43.0,43.29999923706055,42.54999923706055,43.0,32.112945556640625,966135
2013-08-14,43.0,43.0,43.0,43.0,32.112945556640625,0
2013-08-15,43.29999923706055,43.29999923706055,42.0,42.150001525878906,31.478160858154297,771925
2013-08-16,42.099998474121094,43.75,41.54999923706055,43.54999923706055,32.5236930847168,831500
2013-08-19,44.0,44.5,43.79999923706055,43.95000076293945,32.82242202758789,864700
2013-08-20,44.0,44.29999923706055,41.79999923706055,42.349998474121094,31.627519607543945,1056610
2013-08-21,43.150001525878906,46.150001525878906,43.04999923706055,45.599998474121094,34.054656982421875,1667270
2013-08-22,44.849998474121094,44.900001525878906,43.849998474121094,44.849998474121094,33.494544982910156,971232
2013-08-23,44.849998474121094,48.0,44.849998474121094,46.75,34.91349411010742,1585713
2013-08-26,47.0,47.599998474121094,45.25,46.0,34.35338592529297,487760
2013-08-27,46.0,46.25,45.150001525878906,45.79999923706055,34.204017639160156,433650
2013-08-28,45.099998474121094,46.29999923706055,44.650001525878906,45.95000076293945,34.3160400390625,698000
2013-08-29,45.25,46.849998474121094,45.20000076293945,46.150001525878906,34.46540832519531,518677
2013-08-30,46.150001525878906,46.70000076293945,45.79999923706055,46.29999923706055,34.57742691040039,685500
2013-09-02,45.95000076293945,46.70000076293945,45.70000076293945,46.0,34.49494171142578,976500
2013-09-03,46.79999923706055,47.650001525878906,46.20000076293945,47.650001525878906,35.73225784301758,793000
2013-09-04,48.0,48.25,47.04999923706055,47.650001525878906,35.73225784301758,1782000
2013-09-05,47.650001525878906,49.29999923706055,47.650001525878906,48.79999923706055,36.594635009765625,841500
2013-09-06,48.79999923706055,49.349998474121094,48.099998474121094,49.20000076293945,36.894588470458984,1055500
2013-09-09,49.0,49.5,48.349998474121094,48.45000076293945,36.33216857910156,405008
2013-09-10,48.150001525878906,49.150001525878906,47.79999923706055,48.95000076293945,36.70711135864258,1212033
2013-09-11,49.099998474121094,49.79999923706055,48.099998474121094,48.79999923706055,36.594635009765625,731205
2013-09-12,48.95000076293945,49.79999923706055,48.29999923706055,49.75,37.30702590942383,476500
2013-09-13,49.650001525878906,50.54999923706055,48.70000076293945,50.349998474121094,37.756961822509766,538000
2013-09-16,50.25,52.95000076293945,50.25,52.79999923706055,39.59418869018555,710750
2013-09-17,53.5,54.70000076293945,52.95000076293945,53.29999923706055,39.96913146972656,687840
2013-09-18,52.900001525878906,54.25,51.900001525878906,53.599998474121094,40.194095611572266,808000
2013-09-19,53.79999923706055,54.70000076293945,53.79999923706055,54.70000076293945,41.018985748291016,747000
2013-09-23,54.0,57.79999923706055,54.0,56.04999923706055,42.03133773803711,1231165
2013-09-24,57.099998474121094,59.20000076293945,56.849998474121094,59.04999923706055,44.281002044677734,1731430
2013-09-25,58.900001525878906,59.45000076293945,57.95000076293945,58.150001525878906,43.60609436035156,932500
2013-09-26,58.54999923706055,60.25,57.04999923706055,59.5,44.61845397949219,917175
2013-09-27,59.5,59.599998474121094,58.150001525878906,59.5,44.61845397949219,506250
2013-09-30,58.0,60.0,58.0,58.650001525878906,43.98104476928711,1149695
2013-10-02,59.79999923706055,61.5,58.0,60.5,45.368350982666016,1434107
2013-10-03,61.349998474121094,64.5,60.650001525878906,63.75,47.805484771728516,1638831
2013-10-04,63.70000076293945,64.80000305175781,61.0,64.19999694824219,48.1429328918457,1112258
2013-10-07,62.95000076293945,64.25,61.75,62.54999923706055,46.905616760253906,1427000
2013-10-08,63.70000076293945,63.70000076293945,62.099998474121094,62.54999923706055,46.905616760253906,669625
2013-10-09,62.900001525878906,62.900001525878906,60.45000076293945,61.099998474121094,45.81827926635742,909000
2013-10-10,61.900001525878906,65.30000305175781,61.849998474121094,64.5,48.36790466308594,2634500
2013-10-11,65.0,67.0999984741211,65.0,66.69999694824219,50.01765823364258,1887020
2013-10-15,66.30000305175781,68.44999694824219,65.94999694824219,67.1500015258789,50.35511016845703,1452700
2013-10-16,67.0,68.0,64.80000305175781,65.5,49.117794036865234,1417406
2013-10-17,64.19999694824219,67.0,64.0,64.5,48.36790466308594,2491241
2013-10-18,64.80000305175781,65.5,64.1500015258789,64.30000305175781,48.217926025390625,1348126
2013-10-21,65.19999694824219,65.30000305175781,63.5,63.54999923706055,47.6555061340332,1293450
2013-10-22,63.5,64.80000305175781,63.20000076293945,64.30000305175781,48.217926025390625,1100406
2013-10-23,64.05000305175781,65.0,61.79999923706055,62.54999923706055,46.905616760253906,1255000
2013-10-24,62.70000076293945,63.25,57.849998474121094,58.0,43.493621826171875,3254155
2013-10-25,58.0,58.95000076293945,55.0,57.900001525878906,43.41863250732422,3424000
2013-10-28,58.04999923706055,60.45000076293945,58.04999923706055,58.79999923706055,44.09353256225586,1297391
2013-10-29,59.79999923706055,60.29999923706055,56.599998474121094,58.349998474121094,43.75608444213867,1821155
2013-10-30,58.349998474121094,59.349998474121094,57.54999923706055,58.45000076293945,43.8310661315918,760000
2013-10-31,57.650001525878906,59.599998474121094,56.900001525878906,58.75,44.0560302734375,1285000
2013-11-01,58.20000076293945,61.95000076293945,58.20000076293945,61.79999923706055,46.343196868896484,1756500
2013-11-04,62.0,62.79999923706055,60.099998474121094,61.849998474121094,46.38069152832031,993750
2013-11-05,61.79999923706055,63.45000076293945,60.5,63.150001525878906,47.35555648803711,1172601
2013-11-06,63.150001525878906,63.70000076293945,62.45000076293945,63.150001525878906,47.35555648803711,616500
2013-11-07,62.599998474121094,63.75,62.29999923706055,62.95000076293945,47.2055778503418,618480
2013-11-08,62.900001525878906,63.5,60.95000076293945,61.54999923706055,46.155731201171875,651245
2013-11-11,61.54999923706055,63.400001525878906,60.5,62.650001525878906,46.98060989379883,865500
2013-11-12,62.400001525878906,63.95000076293945,62.20000076293945,62.95000076293945,47.2055778503418,752100
2013-11-13,63.5,63.5,62.04999923706055,62.75,47.05559539794922,804712
2013-11-14,62.5,64.44999694824219,62.29999923706055,64.19999694824219,48.1429328918457,1070171
2013-11-15,63.75,65.1500015258789,63.70000076293945,64.25,48.18043518066406,1754666
2013-11-18,67.0,68.5,66.05000305175781,68.4000015258789,51.29247283935547,3621100
2013-11-19,70.0,70.0,66.19999694824219,67.94999694824219,50.95500946044922,1736060
2013-11-20,67.5,69.4000015258789,67.25,69.30000305175781,51.96738052368164,899348
2013-11-21,70.0,72.0,68.44999694824219,69.0999984741211,51.81740188598633,1459300
2013-11-22,69.0,69.3499984741211,68.05000305175781,69.05000305175781,51.779903411865234,1231705
2013-11-25,69.9000015258789,69.94999694824219,68.30000305175781,69.55000305175781,52.15485382080078,1754319
2013-11-26,69.9000015258789,69.9000015258789,68.75,69.5999984741211,52.192344665527344,10900820
2013-11-27,69.0,69.0,65.19999694824219,65.5,49.117794036865234,5162557
2013-11-28,65.5,67.69999694824219,65.5,66.75,50.05515670776367,1105294
2013-11-29,66.30000305175781,66.75,64.25,64.69999694824219,48.517879486083984,2227100
2013-12-02,64.69999694824219,64.9000015258789,62.54999923706055,62.75,47.05559539794922,1357563
2013-12-03,63.5,63.599998474121094,60.75,62.20000076293945,46.64315414428711,1580929
2013-12-04,62.400001525878906,64.30000305175781,61.349998474121094,64.0,47.992958068847656,1124079
2013-12-05,64.80000305175781,65.5,63.900001525878906,64.19999694824219,48.1429328918457,1698911
2013-12-06,63.650001525878906,64.69999694824219,63.25,64.6500015258789,48.48038864135742,1221677
2013-12-09,64.94999694824219,65.5,64.19999694824219,64.6500015258789,48.48038864135742,424700
2013-12-10,67.0,67.0,64.94999694824219,66.3499984741211,49.75520324707031,1085757
2013-12-11,65.94999694824219,67.1500015258789,65.05000305175781,67.1500015258789,50.35511016845703,1065801
2013-12-12,67.0,67.0,65.4000015258789,66.05000305175781,49.53022766113281,517500
2013-12-13,66.05000305175781,68.05000305175781,65.94999694824219,68.0,50.992523193359375,985183
2013-12-16,68.0,68.55000305175781,66.6500015258789,67.94999694824219,50.95500946044922,642125
2013-12-17,67.5,67.5,66.30000305175781,67.19999694824219,50.392601013183594,744919
2013-12-18,67.9000015258789,67.9000015258789,67.0999984741211,67.69999694824219,50.767555236816406,218732
2013-12-19,69.0999984741211,69.1500015258789,67.19999694824219,67.5999984741211,50.69255447387695,713012
2013-12-20,68.0,68.0,65.75,67.5,50.61758041381836,461304
2013-12-23,68.0,68.0,66.55000305175781,67.9000015258789,50.91753387451172,252208
2013-12-24,67.9000015258789,68.0,67.4000015258789,67.9000015258789,50.91753387451172,153365
2013-12-27,67.80000305175781,69.44999694824219,67.5999984741211,68.80000305175781,51.59242630004883,929500
2013-12-30,69.4000015258789,69.9000015258789,68.19999694824219,68.9000015258789,51.66741943359375,329310
2013-12-31,70.0,71.69999694824219,69.0,69.1500015258789,51.854888916015625,871267
2014-01-02,70.0,70.19999694824219,67.75,69.6500015258789,52.229835510253906,858500
2014-01-03,69.9000015258789,71.55000305175781,69.19999694824219,70.9000015258789,53.167198181152344,1111367
2014-01-06,70.80000305175781,71.5,70.05000305175781,70.44999694824219,52.82974624633789,766130
2014-01-07,72.55000305175781,72.5999984741211,70.5,71.1500015258789,53.35467529296875,474149
2014-01-08,71.0,72.0,70.69999694824219,71.0,53.2421875,516400
2014-01-09,71.0,71.0,69.0,69.4000015258789,52.0423698425293,522766
2014-01-10,70.0999984741211,72.30000305175781,70.05000305175781,71.4000015258789,53.54214859008789,842743
2014-01-13,74.0,75.0,71.5,71.55000305175781,53.65461730957031,681949
2014-01-14,71.0,71.6500015258789,70.55000305175781,71.25,53.42966842651367,482730
2014-01-15,68.5,70.0,67.75,69.94999694824219,52.45479965209961,2841632
2014-01-16,69.75,70.80000305175781,69.69999694824219,70.6500015258789,52.9797248840332,1052506
2014-01-17,71.0,71.9000015258789,70.44999694824219,71.5,53.61713790893555,784058
2014-01-20,71.5,72.44999694824219,71.30000305175781,72.4000015258789,54.29203796386719,548834
2014-01-21,73.0,73.0,71.3499984741211,71.75,53.80460739135742,603715
2014-01-22,71.69999694824219,72.05000305175781,68.1500015258789,69.6500015258789,52.229835510253906,1882360
2014-01-23,70.0,70.55000305175781,69.6500015258789,70.05000305175781,52.52980041503906,764647
2014-01-24,70.0,70.0,67.05000305175781,67.30000305175781,50.467594146728516,1674500
2014-01-27,64.30000305175781,66.5,61.0,66.25,49.68021011352539,1541600
2014-01-28,65.75,68.19999694824219,65.75,67.0,50.24262237548828,799221
2014-01-29,67.0,67.44999694824219,64.19999694824219,67.0,50.24262237548828,1345568
2014-01-30,66.9000015258789,66.94999694824219,65.0,66.8499984741211,50.1301383972168,663155
2014-02-04,66.8499984741211,67.9000015258789,65.94999694824219,67.44999694824219,50.580074310302734,2227727
2014-02-05,67.44999694824219,68.5,65.8499984741211,66.25,49.68021011352539,677617
2014-02-06,66.5,67.0,65.6500015258789,66.75,50.05515670776367,547653
2014-02-07,67.5,68.4000015258789,66.0,68.4000015258789,51.29247283935547,644398
2014-02-10,69.25,70.44999694824219,67.94999694824219,69.19999694824219,51.89237594604492,558665
2014-02-11,69.6500015258789,70.0,66.0,66.30000305175781,49.717708587646484,1741814
2014-02-12,66.30000305175781,68.19999694824219,66.30000305175781,66.6500015258789,49.980167388916016,1298359
2014-02-13,66.6500015258789,67.5999984741211,66.5,66.6500015258789,49.980167388916016,500391
2014-02-14,66.0999984741211,67.44999694824219,65.0,66.5,49.86768341064453,1112443
2014-02-17,65.80000305175781,66.5,65.4000015258789,65.94999694824219,49.455238342285156,368500
2014-02-18,66.55000305175781,66.55000305175781,64.5999984741211,65.25,48.93031692504883,625640
2014-02-19,65.94999694824219,65.94999694824219,64.55000305175781,65.25,48.93031692504883,422500
2014-02-20,65.25,66.0,64.5,65.0,48.74285888671875,651550
2014-02-21,65.0,68.1500015258789,64.9000015258789,65.80000305175781,49.34275817871094,2358447
2014-02-24,65.5,67.80000305175781,65.4000015258789,66.4000015258789,49.79269790649414,1123000
2014-02-25,66.5,68.5,65.0,67.5,50.61758041381836,882102
2014-02-26,67.19999694824219,68.19999694824219,66.25,68.0,50.992523193359375,945458
2014-02-27,68.30000305175781,69.6500015258789,67.80000305175781,69.0999984741211,51.81740188598633,1500605
2014-02-28,69.5,69.5,68.4000015258789,69.25,51.929874420166016,880289
2014-03-03,69.25,69.80000305175781,66.75,69.4000015258789,52.0423698425293,1512980
2014-03-04,69.0999984741211,69.3499984741211,67.5,69.0,51.74240493774414,1018520
2014-03-05,69.69999694824219,69.69999694824219,67.0,67.25,50.43009948730469,1018623
2014-03-06,66.9000015258789,68.44999694824219,65.9000015258789,67.25,50.43009948730469,1666200
2014-03-07,68.0,68.0,64.5999984741211,64.94999694824219,48.705352783203125,2026088
2014-03-10,64.94999694824219,65.4000015258789,63.099998474121094,63.70000076293945,47.76798629760742,1219240
2014-03-11,63.95000076293945,64.94999694824219,63.29999923706055,63.849998474121094,47.88047790527344,1306447
2014-03-12,63.349998474121094,63.400001525878906,62.54999923706055,62.650001525878906,46.98060989379883,1028266
2014-03-13,62.04999923706055,63.400001525878906,61.5,62.54999923706055,46.905616760253906,1226662
2014-03-14,61.400001525878906,62.349998474121094,61.400001525878906,62.20000076293945,46.64315414428711,1027520
2014-03-17,61.400001525878906,61.95000076293945,60.099998474121094,60.599998474121094,45.44333267211914,1225285
2014-03-18,62.0,62.599998474121094,59.849998474121094,61.5,46.11823272705078,1713500
2014-03-19,62.0,63.599998474121094,60.150001525878906,60.54999923706055,45.40583038330078,1326061
2014-03-20,61.150001525878906,62.29999923706055,60.29999923706055,60.849998474121094,45.63080978393555,1663757
2014-03-21,60.29999923706055,60.599998474121094,57.150001525878906,57.5,43.11867141723633,4251568
2014-03-24,57.5,58.900001525878906,56.849998474121094,57.54999923706055,43.15616989135742,2289615
2014-03-25,57.54999923706055,57.599998474121094,55.400001525878906,56.349998474121094,42.256290435791016,1974400
2014-03-26,55.29999923706055,56.25,51.599998474121094,54.349998474121094,40.75652313232422,3507600
2014-03-27,53.900001525878906,54.20000076293945,51.849998474121094,52.54999923706055,39.406715393066406,2992792
2014-03-28,52.0,52.400001525878906,49.599998474121094,49.900001525878906,37.41950988769531,3658921
2014-03-31,50.5,53.25,50.099998474121094,53.20000076293945,39.89414978027344,2275122
2014-04-01,56.900001525878906,58.0,53.25,54.29999923706055,40.71902847290039,2846968
2014-04-02,55.5,55.79999923706055,54.29999923706055,54.79999923706055,41.093971252441406,1472337
2014-04-03,55.0,55.0,53.400001525878906,54.150001525878906,40.606544494628906,1353300
2014-04-04,54.349998474121094,54.349998474121094,53.0,53.5,40.119110107421875,732500
2014-04-07,53.25,53.25,50.0,51.0,38.244388580322266,1892700
2014-04-08,50.0,51.349998474121094,49.20000076293945,50.75,38.056915283203125,1322600
2014-04-09,51.0,52.75,50.599998474121094,52.75,39.556697845458984,1530750
2014-04-10,52.79999923706055,53.29999923706055,50.79999923706055,50.95000076293945,38.20689392089844,1898575
2014-04-11,51.0,52.150001525878906,49.650001525878906,51.70000076293945,38.76931381225586,1251126
2014-04-14,51.70000076293945,51.70000076293945,50.400001525878906,51.349998474121094,38.50684356689453,832410
2014-04-15,52.0,52.45000076293945,51.150001525878906,51.849998474121094,38.881797790527344,1587267
2014-04-16,50.650001525878906,51.0,49.79999923706055,50.79999923706055,38.094417572021484,1425202
2014-04-17,51.0,52.349998474121094,50.95000076293945,52.150001525878906,39.10676193237305,853200
2014-04-22,52.0,52.0,50.599998474121094,51.650001525878906,38.73181915283203,1310767
2014-04-23,52.0,53.54999923706055,51.70000076293945,53.400001525878906,40.04412078857422,1417417
2014-04-24,53.900001525878906,56.150001525878906,53.54999923706055,55.45000076293945,41.58140182495117,2643192
2014-04-25,56.5,56.75,54.04999923706055,56.25,42.181312561035156,2098826
2014-04-28,56.79999923706055,56.79999923706055,53.0,53.79999923706055,40.344078063964844,814830
2014-04-29,53.5,53.70000076293945,51.20000076293945,52.900001525878906,39.669185638427734,1163900
2014-04-30,52.95000076293945,53.45000076293945,51.45000076293945,51.5,38.619327545166016,1204478
2014-05-02,51.20000076293945,52.5,50.900001525878906,51.20000076293945,38.39436721801758,643694
2014-05-05,51.20000076293945,52.0,50.54999923706055,51.599998474121094,38.69432067871094,370500
2014-05-07,51.20000076293945,51.75,48.25,49.04999923706055,36.782100677490234,2347800
2014-05-08,48.900001525878906,49.5,46.650001525878906,48.099998474121094,36.06969451904297,1961454
2014-05-09,47.5,47.5,46.0,46.29999923706055,34.71990203857422,1526000
2014-05-12,45.599998474121094,47.79999923706055,44.5,47.0,35.497840881347656,2222910
2014-05-13,47.650001525878906,48.349998474121094,46.79999923706055,47.70000076293945,36.02653121948242,1618648
2014-05-14,48.20000076293945,48.20000076293945,46.79999923706055,47.5,35.87547302246094,1180493
2014-05-15,47.5,48.54999923706055,47.04999923706055,48.150001525878906,36.36640167236328,555392
2014-05-16,48.150001525878906,48.599998474121094,47.849998474121094,48.54999923706055,36.66850662231445,852673
2014-05-19,48.5,48.54999923706055,47.54999923706055,47.70000076293945,36.02653121948242,632731
2014-05-20,47.099998474121094,47.900001525878906,47.099998474121094,47.54999923706055,35.91323471069336,533200
2014-05-21,48.29999923706055,48.29999923706055,47.349998474121094,47.400001525878906,35.79994583129883,612184
2014-05-22,48.5,49.79999923706055,47.70000076293945,49.20000076293945,37.15944290161133,1193519
2014-05-23,50.0,50.0,48.849998474121094,49.650001525878906,37.49931335449219,712661
2014-05-26,49.650001525878906,50.95000076293945,49.20000076293945,50.849998474121094,38.40563201904297,693268
2014-05-27,51.400001525878906,51.400001525878906,50.099998474121094,50.150001525878906,37.87694549560547,413771
2014-05-28,50.75,50.900001525878906,49.75,50.599998474121094,38.216819763183594,975401
2014-05-29,51.0,51.29999923706055,50.599998474121094,51.099998474121094,38.594459533691406,823732
2014-05-30,51.650001525878906,53.0,50.650001525878906,52.29999923706055,39.50077819824219,1748499
2014-06-03,53.5,53.5,49.75,51.0,38.51892852783203,2069431
2014-06-04,51.0,51.0,50.0,50.25,37.95247268676758,584313
2014-06-05,50.650001525878906,50.650001525878906,49.25,49.400001525878906,37.310489654541016,908655
2014-06-06,49.5,49.900001525878906,48.5,48.95000076293945,36.97061538696289,1405199
2014-06-09,49.25,52.29999923706055,49.25,52.04999923706055,39.31196975708008,1179678
2014-06-10,52.70000076293945,52.70000076293945,51.0,51.400001525878906,38.821041107177734,644024
2014-06-11,51.29999923706055,52.20000076293945,50.75,51.900001525878906,39.198673248291016,476629
2014-06-12,51.95000076293945,52.0,50.599998474121094,50.650001525878906,38.25458526611328,1645500
2014-06-13,50.0,50.29999923706055,48.650001525878906,49.0,37.00838088989258,2586887
2014-06-16,49.29999923706055,50.0,47.95000076293945,48.0,36.253108978271484,1975337
2014-06-17,48.25,48.29999923706055,46.45000076293945,46.849998474121094,35.38454055786133,1968454
2014-06-18,47.0,47.20000076293945,46.0,46.0,34.7425651550293,1458860
2014-06-19,46.0,46.0,44.599998474121094,44.70000076293945,33.760704040527344,1217407
2014-06-20,45.25,45.5,44.0,44.099998474121094,33.30754089355469,1441865
2014-06-23,44.349998474121094,44.95000076293945,44.20000076293945,44.45000076293945,33.5718879699707,1415028
2014-06-24,44.599998474121094,45.0,44.150001525878906,45.0,33.9872932434082,1192568
2014-06-25,44.75,45.150001525878906,44.0,44.0,33.232017517089844,1206585
2014-06-26,44.0,44.79999923706055,43.54999923706055,44.349998474121094,33.49635696411133,1585673
2014-06-27,44.099998474121094,44.650001525878906,43.650001525878906,44.29999923706055,33.458595275878906,506668
2014-06-30,44.75,44.75,42.400001525878906,43.0,32.476741790771484,3480720
2014-07-02,43.5,43.54999923706055,41.650001525878906,41.70000076293945,31.49488639831543,3275019
2014-07-03,42.0,42.150001525878906,39.70000076293945,40.349998474121094,30.47526741027832,4930158
2014-07-04,40.70000076293945,42.20000076293945,40.20000076293945,41.79999923706055,31.570417404174805,2056459
2014-07-07,42.0,42.349998474121094,40.75,40.95000076293945,30.928436279296875,2940613
2014-07-08,40.599998474121094,41.400001525878906,40.54999923706055,40.900001525878906,30.89067268371582,1018984
2014-07-09,40.599998474121094,40.79999923706055,39.70000076293945,40.04999923706055,30.24868392944336,1684491
2014-07-10,40.25,41.04999923706055,39.95000076293945,40.79999923706055,30.81514549255371,1235000
2014-07-11,40.5,40.75,40.0,40.04999923706055,30.24868392944336,1304207
2014-07-14,40.04999923706055,40.400001525878906,38.0,38.45000076293945,29.040254592895508,3297585
2014-07-15,38.79999923706055,39.349998474121094,38.54999923706055,39.0,29.455657958984375,1538672
2014-07-16,38.599998474121094,39.349998474121094,38.599998474121094,38.79999923706055,29.304597854614258,1243200
2014-07-17,38.900001525878906,39.0,37.400001525878906,37.79999923706055,28.549320220947266,1479700
2014-07-18,37.599998474121094,38.29999923706055,36.5,38.20000076293945,28.851430892944336,1100888
2014-07-21,38.0,38.5,37.0,37.04999923706055,27.98287010192871,1597600
2014-07-22,37.70000076293945,37.70000076293945,36.900001525878906,37.20000076293945,28.09616470336914,1263129
2014-07-23,37.5,38.349998474121094,37.150001525878906,37.849998474121094,28.587085723876953,1477400
2014-07-24,37.900001525878906,37.900001525878906,36.099998474121094,36.25,27.3786563873291,3123500
2014-07-25,36.5,36.70000076293945,36.0,36.20000076293945,27.34088897705078,1821300
2014-07-28,36.20000076293945,36.29999923706055,34.849998474121094,35.099998474121094,26.510086059570312,2672000
2014-07-29,35.29999923706055,35.95000076293945,35.29999923706055,35.400001525878906,26.73666763305664,1338750
2014-07-30,35.400001525878906,36.25,35.0,35.79999923706055,27.03877830505371,1888410
2014-07-31,36.150001525878906,36.150001525878906,35.25,35.45000076293945,26.774431228637695,793000
2014-08-01,35.20000076293945,38.95000076293945,34.75,38.79999923706055,29.304597854614258,3349600
2014-08-04,38.0,38.0,36.70000076293945,37.20000076293945,28.09616470336914,2344114
2014-08-05,37.20000076293945,38.0,37.20000076293945,37.29999923706055,28.17168617248535,1503000
2014-08-06,37.650001525878906,37.650001525878906,36.54999923706055,36.95000076293945,27.90734100341797,858145
2014-08-07,37.150001525878906,37.20000076293945,36.5,37.150001525878906,28.05839729309082,829629
2014-08-08,36.75,37.400001525878906,36.54999923706055,37.0,27.945106506347656,768450
2014-08-11,36.79999923706055,37.849998474121094,36.650001525878906,37.70000076293945,28.47379493713379,1738500
2014-08-12,38.0,38.0,36.79999923706055,37.25,28.133920669555664,1179629
2014-08-13,37.400001525878906,37.849998474121094,36.900001525878906,37.75,28.511564254760742,735242
2014-08-14,37.900001525878906,37.900001525878906,36.849998474121094,37.849998474121094,28.587085723876953,849500
2014-08-15,37.599998474121094,38.400001525878906,37.599998474121094,38.04999923706055,28.738143920898438,967662
2014-08-18,38.099998474121094,38.150001525878906,37.20000076293945,37.5,28.32274055480957,1384000
2014-08-19,37.45000076293945,37.70000076293945,36.75,37.099998474121094,28.0206356048584,2374400
2014-08-20,34.0,34.5,32.5,33.04999923706055,24.961774826049805,15662382
2014-08-21,33.04999923706055,33.04999923706055,30.049999237060547,30.25,22.847013473510742,9044951
2014-08-22,29.899999618530273,30.950000762939453,28.5,30.350000381469727,22.92253875732422,6467403
2014-08-25,30.399999618530273,31.25,30.350000381469727,31.0,23.413463592529297,3002250
2014-08-26,30.899999618530273,31.0,29.700000762939453,30.600000381469727,23.11135482788086,2805000
2014-08-27,30.549999237060547,30.850000381469727,29.899999618530273,30.049999237060547,22.695955276489258,4162857
2014-08-28,30.5,30.5,28.850000381469727,29.0,21.902923583984375,3354500
2014-08-29,29.049999237060547,29.299999237060547,28.450000762939453,28.950000762939453,21.86515998840332,3044702
2014-09-01,28.950000762939453,29.200000762939453,28.049999237060547,28.200000762939453,21.2987003326416,1869513
2014-09-02,28.0,28.149999618530273,27.200000762939453,28.049999237060547,21.382553100585938,2308432
2014-09-03,28.0,28.25,27.399999618530273,27.950000762939453,21.306325912475586,2199658
2014-09-04,27.700000762939453,28.450000762939453,27.600000381469727,28.350000381469727,21.61124610900879,1813100
2014-09-05,28.350000381469727,28.399999618530273,27.899999618530273,28.049999237060547,21.382553100585938,1160201
2014-09-08,28.350000381469727,29.600000381469727,28.049999237060547,29.200000762939453,22.25920295715332,2318100
2014-09-10,29.200000762939453,29.200000762939453,28.200000762939453,28.25,21.535015106201172,1437500
2014-09-11,28.399999618530273,28.75,27.899999618530273,27.899999618530273,21.26820945739746,1182700
2014-09-12,28.0,28.0,27.350000381469727,27.450000762939453,20.925174713134766,1075607
2014-09-15,27.25,27.25,25.950000762939453,25.950000762939453,19.781723022460938,2530554
2014-09-16,25.549999237060547,26.049999237060547,25.25,25.299999237060547,19.28622817993164,1598000
2014-09-17,25.299999237060547,25.649999618530273,24.049999237060547,24.700000762939453,18.828845977783203,3132503
2014-09-18,24.600000381469727,25.549999237060547,24.350000381469727,24.799999237060547,18.905075073242188,1776000
2014-09-19,24.799999237060547,25.5,24.700000762939453,25.299999237060547,19.28622817993164,2965500
2014-09-22,25.049999237060547,25.600000381469727,24.600000381469727,25.5,19.438688278198242,2249000
2014-09-23,25.200000762939453,26.450000762939453,25.200000762939453,26.200000762939453,19.972301483154297,2643700
2014-09-24,25.899999618530273,26.200000762939453,25.700000762939453,26.0,19.819835662841797,1589000
2014-09-25,25.950000762939453,26.649999618530273,25.299999237060547,25.549999237060547,19.47679901123047,1557200
2014-09-26,25.950000762939453,25.950000762939453,25.0,25.5,19.438688278198242,879000
2014-09-29,25.200000762939453,25.200000762939453,24.0,24.549999237060547,18.714500427246094,1075702
2014-09-30,24.0,24.450000762939453,23.5,24.149999618530273,18.40958023071289,1518663
2014-10-03,24.0,25.0,23.700000762939453,24.0,18.29523277282715,1656942
2014-10-06,24.100000381469727,24.5,23.850000381469727,24.25,18.48581314086914,673700
2014-10-07,24.200000762939453,25.399999618530273,24.200000762939453,25.049999237060547,19.09564971923828,772500
2014-10-08,24.899999618530273,25.299999237060547,24.600000381469727,24.700000762939453,18.828845977783203,1498114
2014-10-09,25.25,25.450000762939453,25.0,25.049999237060547,19.09564971923828,624915
2014-10-10,24.5,25.049999237060547,24.200000762939453,25.049999237060547,19.09564971923828,952100
2014-10-13,24.950000762939453,24.950000762939453,24.25,24.299999237060547,18.523927688598633,803361
2014-10-14,24.450000762939453,24.549999237060547,24.149999618530273,24.200000762939453,18.447694778442383,481000
2014-10-15,24.0,24.200000762939453,23.049999237060547,23.049999237060547,17.571046829223633,1363371
2014-10-16,23.0,23.350000381469727,21.200000762939453,21.25,16.19890785217285,2256500
2014-10-17,21.75,21.799999237060547,20.5,20.950000762939453,15.970213890075684,4334800
2014-10-20,20.799999237060547,21.5,20.299999237060547,20.649999618530273,15.741522789001465,2302000
2014-10-21,20.850000381469727,20.850000381469727,19.639999389648438,19.899999618530273,15.169797897338867,2521500
2014-10-22,19.959999084472656,21.149999618530273,19.8799991607666,21.0,16.008333206176758,2277000
2014-10-23,21.0,21.100000381469727,20.549999237060547,21.0,16.008333206176758,1285500
2014-10-24,21.0,21.0,20.0,20.649999618530273,15.741522789001465,1995000
2014-10-27,20.399999618530273,21.5,20.399999618530273,21.049999237060547,16.046443939208984,2153144
2014-10-28,20.899999618530273,21.0,18.719999313354492,18.799999237060547,14.331266403198242,4180000
2014-10-29,18.5,18.760000228881836,17.559999465942383,17.940000534057617,13.675687789916992,4552280
2014-10-30,17.959999084472656,18.040000915527344,17.200000762939453,17.260000228881836,13.15732479095459,2909961
2014-10-31,17.479999542236328,17.940000534057617,17.399999618530273,17.559999465942383,13.38601303100586,2341049
2014-11-03,17.81999969482422,18.860000610351562,17.81999969482422,18.559999465942383,14.148313522338867,2972900
2014-11-04,18.5,18.65999984741211,17.760000228881836,17.84000015258789,13.599458694458008,1989300
2014-11-05,17.8799991607666,17.8799991607666,17.399999618530273,17.6200008392334,13.43175220489502,730500
2014-11-06,17.65999984741211,18.059999465942383,17.600000381469727,17.65999984741211,13.462244033813477,660500
2014-11-07,17.899999618530273,17.899999618530273,17.239999771118164,17.360000610351562,13.233552932739258,1393170
2014-11-10,17.399999618530273,17.540000915527344,16.059999465942383,16.34000015258789,12.456005096435547,2656000
2014-11-11,16.34000015258789,17.5,16.34000015258789,17.219999313354492,13.1268310546875,2095300
2014-11-12,17.1200008392334,17.3799991607666,16.8799991607666,17.139999389648438,13.065847396850586,3337000
2014-11-13,17.139999389648438,18.1200008392334,17.139999389648438,18.0,13.721426963806152,3204000
2014-11-14,18.020000457763672,18.81999969482422,18.020000457763672,18.68000030517578,14.239792823791504,3806900
2014-11-17,19.0,19.399999618530273,18.700000762939453,19.100000381469727,14.559957504272461,2221100
2014-11-18,19.200000762939453,19.34000015258789,18.299999237060547,18.420000076293945,14.041592597961426,2065350
2014-11-19,18.239999771118164,18.5,17.040000915527344,17.139999389648438,13.065847396850586,1974376
2014-11-20,17.0,17.579999923706055,16.940000534057617,17.299999237060547,13.187814712524414,1225500
2014-11-21,17.34000015258789,17.440000534057617,16.739999771118164,16.8799991607666,12.867647171020508,1983644
2014-11-24,16.920000076293945,17.239999771118164,16.5,16.579999923706055,12.638956069946289,4045609
2014-11-25,16.600000381469727,17.799999237060547,16.600000381469727,17.219999313354492,13.1268310546875,16412449
2014-11-26,17.579999923706055,18.700000762939453,17.520000457763672,18.579999923706055,14.163557052612305,8631126
2014-11-27,18.700000762939453,18.959999084472656,18.0,18.420000076293945,14.041592597961426,4446060
2014-11-28,18.559999465942383,18.65999984741211,18.31999969482422,18.520000457763672,14.117822647094727,3093107
2014-12-01,18.540000915527344,18.780000686645508,17.639999389648438,18.0,13.721426963806152,2827000
2014-12-02,17.799999237060547,18.0,17.18000030517578,17.200000762939453,13.11158561706543,3403305
2014-12-03,17.219999313354492,17.559999465942383,16.299999237060547,16.559999465942383,12.623712539672852,5311616
2014-12-04,16.559999465942383,16.68000030517578,15.760000228881836,15.899999618530273,12.12059211730957,4127300
2014-12-05,15.960000038146973,16.399999618530273,15.739999771118164,15.800000190734863,12.044361114501953,2882610
2014-12-08,15.699999809265137,16.200000762939453,15.699999809265137,15.800000190734863,12.044361114501953,2028380
2014-12-09,15.680000305175781,15.84000015258789,15.0,15.020000457763672,11.449767112731934,3298500
2014-12-10,15.020000457763672,15.5,14.619999885559082,15.420000076293945,11.75468635559082,2585500
2014-12-11,15.180000305175781,15.300000190734863,14.979999542236328,15.279999732971191,11.647967338562012,1138500
2014-12-12,15.420000076293945,15.65999984741211,15.180000305175781,15.399999618530273,11.739442825317383,2711100
2014-12-15,15.0,15.699999809265137,15.0,15.520000457763672,11.830918312072754,1097800
2014-12-16,15.65999984741211,15.65999984741211,15.220000267028809,15.300000190734863,11.663212776184082,2816010
2014-12-17,15.399999618530273,15.5,15.220000267028809,15.399999618530273,11.739442825317383,2324035
2014-12-18,15.319999694824219,15.760000228881836,15.300000190734863,15.4399995803833,11.76993465423584,1528500
2014-12-19,15.5,15.720000267028809,15.399999618530273,15.579999923706055,11.876657485961914,2422100
2014-12-22,15.600000381469727,15.739999771118164,15.380000114440918,15.619999885559082,11.907148361206055,1097500
2014-12-23,15.479999542236328,15.5600004196167,15.220000267028809,15.300000190734863,11.663212776184082,831504
2014-12-24,15.460000038146973,15.600000381469727,15.319999694824219,15.399999618530273,11.739442825317383,399000
2014-12-29,15.5,15.539999961853027,15.279999732971191,15.5,11.815671920776367,1116000
2014-12-30,15.380000114440918,15.739999771118164,15.380000114440918,15.5,11.815671920776367,513000
2014-12-31,15.539999961853027,16.0,15.520000457763672,15.9399995803833,12.151086807250977,785005
2015-01-02,16.020000457763672,16.799999237060547,16.020000457763672,16.260000228881836,12.395021438598633,2147500
2015-01-05,16.459999084472656,17.260000228881836,16.459999084472656,17.100000381469727,13.035356521606445,3118000
2015-01-06,17.15999984741211,17.280000686645508,16.799999237060547,16.979999542236328,12.943876266479492,3182000
2015-01-07,16.739999771118164,16.799999237060547,16.520000457763672,16.559999465942383,12.623712539672852,2018500
2015-01-08,16.780000686645508,16.780000686645508,16.040000915527344,16.200000762939453,12.349284172058105,1468180
2015-01-09,16.420000076293945,16.799999237060547,16.200000762939453,16.540000915527344,12.608466148376465,1975900
2015-01-12,16.700000762939453,16.799999237060547,16.239999771118164,16.280000686645508,12.41026782989502,812553
2015-01-13,16.299999237060547,16.5,15.9399995803833,16.040000915527344,12.227314949035645,1639000
2015-01-14,16.0,16.040000915527344,15.800000190734863,15.920000076293945,12.135839462280273,452500
2015-01-15,15.800000190734863,15.899999618530273,15.5,15.520000457763672,11.830918312072754,1656859
2015-01-16,15.600000381469727,15.880000114440918,15.380000114440918,15.420000076293945,11.75468635559082,604000
2015-01-19,15.300000190734863,15.680000305175781,15.020000457763672,15.0600004196167,11.480257987976074,942500
2015-01-20,15.760000228881836,15.760000228881836,15.300000190734863,15.5600004196167,11.861410140991211,488000
2015-01-21,15.5600004196167,16.219999313354492,15.199999809265137,16.079999923706055,12.257806777954102,1675000
2015-01-22,15.960000038146973,16.760000228881836,15.960000038146973,16.639999389648438,12.684694290161133,4349495
2015-01-23,16.979999542236328,18.780000686645508,16.799999237060547,18.6200008392334,14.194051742553711,8633700
2015-01-26,19.0,22.299999237060547,19.0,21.5,16.389476776123047,12419250
2015-01-27,22.100000381469727,22.850000381469727,20.399999618530273,21.649999618530273,16.503828048706055,8029946
2015-01-28,21.600000381469727,22.049999237060547,21.299999237060547,21.799999237060547,16.6181697845459,2838680
2015-01-29,21.799999237060547,22.0,20.75,21.299999237060547,16.23702049255371,2998000
2015-01-30,21.299999237060547,21.450000762939453,20.549999237060547,21.100000381469727,16.08456039428711,1846405
2015-02-02,21.100000381469727,21.299999237060547,20.649999618530273,21.200000762939453,16.160791397094727,1937500
2015-02-03,21.5,24.200000762939453,21.350000381469727,24.100000381469727,18.3714656829834,8071273
2015-02-04,24.200000762939453,24.700000762939453,23.149999618530273,23.600000381469727,17.990312576293945,5950000
2015-02-05,23.5,24.100000381469727,22.850000381469727,22.950000762939453,17.49481964111328,2344000
2015-02-06,23.450000762939453,23.899999618530273,23.0,23.399999618530273,17.837852478027344,2316500
2015-02-09,23.399999618530273,23.75,22.950000762939453,23.299999237060547,17.76162338256836,1165000
2015-02-10,23.399999618530273,23.5,22.799999237060547,23.350000381469727,17.799739837646484,1628820
2015-02-11,24.0,25.149999618530273,23.049999237060547,24.75,18.866960525512695,7085000
2015-02-12,25.100000381469727,25.5,24.399999618530273,25.0,19.057537078857422,4589000
2015-02-13,25.049999237060547,26.5,25.0,25.799999237060547,19.667377471923828,3104500
2015-02-16,26.0,26.0,24.850000381469727,25.350000381469727,19.324342727661133,1170500
2015-02-17,25.100000381469727,25.549999237060547,24.950000762939453,25.049999237060547,19.09564971923828,1041500
2015-02-18,24.950000762939453,25.549999237060547,24.950000762939453,25.450000762939453,19.40057373046875,491000
2015-02-23,25.5,25.5,24.899999618530273,25.0,19.057537078857422,1041100
2015-02-24,24.899999618530273,24.899999618530273,23.299999237060547,23.600000381469727,17.990312576293945,3419530
2015-02-25,24.0,24.450000762939453,23.299999237060547,24.450000762939453,18.63827133178711,2724500
2015-02-26,24.450000762939453,24.5,23.899999618530273,24.200000762939453,18.447694778442383,628000
2015-02-27,23.799999237060547,24.200000762939453,23.600000381469727,23.899999618530273,18.219003677368164,1244000
2015-03-02,24.0,24.450000762939453,23.549999237060547,23.950000762939453,18.25712013244629,909500
2015-03-03,24.0,24.0,23.549999237060547,23.899999618530273,18.219003677368164,951000
2015-03-04,23.700000762939453,25.200000762939453,23.549999237060547,24.450000762939453,18.63827133178711,3871000
2015-03-05,24.450000762939453,24.700000762939453,23.700000762939453,24.299999237060547,18.523927688598633,1381500
2015-03-06,23.950000762939453,25.0,23.950000762939453,24.450000762939453,18.63827133178711,930227
2015-03-09,24.100000381469727,25.25,24.0,25.100000381469727,19.133769989013672,3042600
2015-03-10,25.100000381469727,26.0,24.600000381469727,25.700000762939453,19.591144561767578,3260540
2015-03-11,26.0,26.149999618530273,25.299999237060547,25.350000381469727,19.324342727661133,1338750
2015-03-12,25.350000381469727,25.549999237060547,25.0,25.0,19.057537078857422,1321500
2015-03-13,25.0,25.350000381469727,23.950000762939453,24.600000381469727,18.75261688232422,1267805
2015-03-16,24.649999618530273,24.700000762939453,24.0,24.0,18.29523277282715,1645997
2015-03-17,24.049999237060547,24.100000381469727,22.950000762939453,23.100000381469727,17.609161376953125,2472190
2015-03-18,23.100000381469727,23.5,22.700000762939453,23.25,17.723506927490234,1643159
2015-03-19,23.049999237060547,23.950000762939453,22.899999618530273,23.850000381469727,18.180891036987305,2072500
2015-03-20,23.549999237060547,25.0,23.350000381469727,24.899999618530273,18.981306076049805,2481570
2015-03-23,24.899999618530273,25.600000381469727,24.899999618530273,25.5,19.438688278198242,2339500
2015-03-24,25.5,25.899999618530273,23.899999618530273,25.850000381469727,19.705493927001953,1695000
2015-03-25,25.799999237060547,30.0,24.450000762939453,29.850000381469727,22.754695892333984,10693925
2015-03-26,30.0,32.20000076293945,29.649999618530273,31.899999618530273,24.31741714477539,7888431
2015-03-27,32.20000076293945,32.5,31.100000381469727,32.0,24.39365005493164,4120977
2015-03-30,32.5,33.900001525878906,31.600000381469727,33.599998474121094,25.613327026367188,5426350
2015-03-31,34.0,34.25,32.45000076293945,32.5,24.774797439575195,2714652
2015-04-01,32.0,32.5,31.450000762939453,32.0,24.39365005493164,3009095
2015-04-02,32.25,33.349998474121094,32.25,33.29999923706055,25.384634017944336,4071995
2015-04-08,34.25,37.150001525878906,34.25,37.0,28.205150604248047,7635128
2015-04-09,38.5,41.900001525878906,38.20000076293945,41.0,31.254362106323242,9800831
2015-04-10,42.0,42.0,37.79999923706055,40.0,30.4920597076416,8473272
2015-04-13,40.0,40.0,37.25,37.400001525878906,28.510074615478516,5296751
2015-04-14,36.20000076293945,38.45000076293945,36.0,36.95000076293945,28.16703987121582,3846602
2015-04-15,37.0,38.150001525878906,36.0,36.349998474121094,27.709653854370117,4827092
2015-04-16,36.0,36.45000076293945,35.04999923706055,35.95000076293945,27.404735565185547,2976234
2015-04-17,36.0,36.29999923706055,35.0,35.54999923706055,27.099817276000977,2364871
2015-04-20,35.04999923706055,35.20000076293945,32.95000076293945,34.400001525878906,26.22317123413086,4421184
2015-04-21,34.5,36.79999923706055,34.5,36.54999923706055,27.86211395263672,3348315
2015-04-22,37.79999923706055,37.79999923706055,36.54999923706055,37.150001525878906,28.319501876831055,1642105
2015-04-23,37.75,38.099998474121094,37.29999923706055,37.900001525878906,28.89122772216797,2689750
2015-04-24,38.20000076293945,38.349998474121094,36.95000076293945,37.25,28.395727157592773,1478288
2015-04-27,37.0,37.5,36.349998474121094,36.849998474121094,28.09080696105957,2712794
2015-04-28,36.20000076293945,36.5,35.099998474121094,35.79999923706055,27.290390014648438,2098127
2015-04-29,36.099998474121094,36.099998474121094,34.70000076293945,35.400001525878906,26.985475540161133,1496295
2015-04-30,35.400001525878906,36.150001525878906,34.5,35.599998474121094,27.13792610168457,1290926
2015-05-04,35.79999923706055,35.79999923706055,34.849998474121094,35.150001525878906,26.79489517211914,1293916
2015-05-05,34.849998474121094,35.45000076293945,34.599998474121094,34.900001525878906,26.604318618774414,1144344
2015-05-06,34.45000076293945,35.5,34.150001525878906,34.95000076293945,26.64243507385254,1820092
2015-05-07,35.0,35.0,33.54999923706055,33.599998474121094,25.613327026367188,1782400
2015-05-08,34.20000076293945,34.79999923706055,33.54999923706055,33.849998474121094,25.80390167236328,1044552
2015-05-11,34.0,34.150001525878906,32.599998474121094,33.20000076293945,25.308408737182617,2196772
2015-05-12,33.20000076293945,33.5,32.75,32.79999923706055,25.00348472595215,1279700
2015-05-13,32.849998474121094,33.150001525878906,32.099998474121094,32.29999923706055,24.622333526611328,1686700
2015-05-14,32.29999923706055,33.45000076293945,32.29999923706055,32.900001525878906,25.079721450805664,1564000
2015-05-15,32.70000076293945,33.25,32.0,32.5,24.774797439575195,550000
2015-05-18,32.599998474121094,33.45000076293945,32.599998474121094,33.0,25.155946731567383,721542
2015-05-19,33.0,33.54999923706055,32.75,32.900001525878906,25.079721450805664,919268
2015-05-20,32.650001525878906,32.900001525878906,31.149999618530273,31.200000762939453,24.083940505981445,1724533
2015-05-21,31.450000762939453,31.799999237060547,30.450000762939453,31.200000762939453,24.083940505981445,1116744
2015-05-22,31.450000762939453,31.5,30.299999237060547,30.700000762939453,23.697978973388672,980101
2015-05-26,31.0,32.400001525878906,31.0,31.399999618530273,24.238323211669922,2208656
2015-05-27,31.25,33.75,31.200000762939453,33.0,25.473398208618164,1792700
2015-05-28,33.0,33.150001525878906,31.799999237060547,32.599998474121094,25.164628982543945,1823600
2015-05-29,32.70000076293945,32.75,31.399999618530273,32.5,25.08743667602539,1135495
2015-06-01,32.5,32.5,31.600000381469727,31.700000762939453,24.46990203857422,1107015
2015-06-02,31.200000762939453,32.04999923706055,27.0,27.549999237060547,21.266429901123047,7374984
2015-06-03,27.649999618530273,28.399999618530273,25.549999237060547,26.0,20.069948196411133,2917000
2015-06-04,26.200000762939453,26.25,24.700000762939453,26.049999237060547,20.108545303344727,2515200
2015-06-05,26.0,28.0,26.0,27.450000762939453,21.18923568725586,2390531
2015-06-08,27.450000762939453,27.649999618530273,25.850000381469727,26.200000762939453,20.224336624145508,1746000
2015-06-09,26.200000762939453,26.5,24.200000762939453,24.5,18.91206932067871,1511590
2015-06-10,24.5,25.299999237060547,24.200000762939453,24.600000381469727,18.989261627197266,968358
2015-06-11,25.0,25.399999618530273,24.700000762939453,25.100000381469727,19.37522315979004,1074230
2015-06-12,24.850000381469727,25.75,24.850000381469727,25.5,19.683990478515625,1075543
2015-06-15,25.899999618530273,25.899999618530273,24.899999618530273,25.25,19.491004943847656,661500
2015-06-16,24.75,26.200000762939453,24.75,25.350000381469727,19.568201065063477,709000
2015-06-17,25.350000381469727,27.299999237060547,25.350000381469727,27.299999237060547,21.073448181152344,1654500
2015-06-18,28.200000762939453,28.200000762939453,26.75,27.5,21.227828979492188,1210500
2015-06-19,27.5,27.5,26.549999237060547,26.700000762939453,20.61029624938965,391056
2015-06-22,26.700000762939453,27.549999237060547,25.799999237060547,26.549999237060547,20.4945068359375,533762
2015-06-23,26.0,26.100000381469727,25.450000762939453,25.75,19.87696647644043,797708
2015-06-24,25.899999618530273,26.0,23.950000762939453,24.0,18.526105880737305,5406000
2015-06-25,24.0,24.049999237060547,22.549999237060547,22.899999618530273,17.676992416381836,4444670
2015-06-26,22.899999618530273,23.399999618530273,22.299999237060547,22.899999618530273,17.676992416381836,2028503
2015-06-29,22.600000381469727,22.899999618530273,21.100000381469727,21.399999618530273,16.51911163330078,2737500
2015-06-30,21.399999618530273,23.299999237060547,21.0,22.700000762939453,17.52260971069336,4322000
2015-07-02,22.649999618530273,23.75,22.649999618530273,22.950000762939453,17.715593338012695,1539300
2015-07-03,22.950000762939453,23.350000381469727,21.649999618530273,22.25,17.17524528503418,1205500
2015-07-06,21.299999237060547,22.75,19.020000457763672,20.350000381469727,15.708593368530273,3490525
2015-07-07,20.5,21.0,19.81999969482422,20.5,15.824384689331055,2365956
2015-07-08,20.5,21.100000381469727,18.1200008392334,19.940000534057617,15.392107963562012,4097000
2015-07-09,19.940000534057617,21.899999618530273,19.940000534057617,20.850000381469727,16.09455680847168,2752974
2015-07-10,20.600000381469727,22.5,20.600000381469727,22.049999237060547,17.02086067199707,2456300
2015-07-13,22.700000762939453,22.700000762939453,21.100000381469727,21.399999618530273,16.51911163330078,3892640
2015-07-14,21.299999237060547,21.5,21.149999618530273,21.200000762939453,16.364728927612305,2173000
2015-07-15,21.200000762939453,21.299999237060547,19.799999237060547,20.450000762939453,15.785787582397461,2029837
2015-07-16,20.75,21.049999237060547,19.959999084472656,21.0,16.21034812927246,1126000
2015-07-17,21.0,21.799999237060547,21.0,21.649999618530273,16.712093353271484,2109800
2015-07-20,22.100000381469727,22.5,21.5,21.799999237060547,16.827878952026367,985000
2015-07-21,21.799999237060547,22.25,21.350000381469727,22.049999237060547,17.02086067199707,1969850
2015-07-22,22.0,23.600000381469727,21.5,21.950000762939453,16.943668365478516,8749200
2015-07-23,21.799999237060547,22.5,21.600000381469727,21.600000381469727,16.673498153686523,2798000
2015-07-24,18.899999618530273,18.899999618530273,16.899999618530273,16.940000534057617,13.07634449005127,19427700
2015-07-27,16.5,16.520000457763672,14.739999771118164,15.0,11.578817367553711,10559329
2015-07-28,15.0,15.84000015258789,14.84000015258789,15.039999961853027,11.60969352722168,5938100
2015-07-29,15.100000381469727,15.479999542236328,14.819999694824219,14.960000038146973,11.547940254211426,3645200
2015-07-30,15.039999961853027,15.140000343322754,14.619999885559082,14.619999885559082,11.285489082336426,3737700
2015-07-31,14.619999885559082,14.920000076293945,14.460000038146973,14.539999961853027,11.223733901977539,4834131
2015-08-03,14.699999809265137,14.779999732971191,14.079999923706055,14.119999885559082,10.899526596069336,3002000
2015-08-04,14.039999961853027,14.479999542236328,14.039999961853027,14.119999885559082,10.899526596069336,3245500
2015-08-05,14.380000114440918,15.279999732971191,14.319999694824219,14.640000343322754,11.300926208496094,5701500
2015-08-06,15.020000457763672,15.020000457763672,14.380000114440918,14.640000343322754,11.300926208496094,3892925
2015-08-07,14.760000228881836,15.0600004196167,14.619999885559082,14.920000076293945,11.517064094543457,4822500
2015-08-10,15.100000381469727,15.420000076293945,14.699999809265137,15.380000114440918,11.872147560119629,2822341
2015-08-11,15.5,15.600000381469727,14.84000015258789,15.039999961853027,11.60969352722168,3235000
2015-08-12,14.960000038146973,15.15999984741211,14.579999923706055,14.960000038146973,11.547940254211426,3545000
2015-08-13,14.960000038146973,15.039999961853027,14.800000190734863,14.979999542236328,11.563380241394043,941128
2015-08-14,14.779999732971191,14.960000038146973,14.640000343322754,14.720000267028809,11.362680435180664,1400000
2015-08-17,14.779999732971191,14.859999656677246,14.319999694824219,14.359999656677246,11.084787368774414,1048000
2015-08-18,14.399999618530273,14.520000457763672,13.819999694824219,13.979999542236328,10.79145622253418,1909300
2015-08-19,13.579999923706055,13.800000190734863,13.039999961853027,13.220000267028809,10.20479679107666,3925235
2015-08-20,13.479999542236328,14.279999732971191,13.15999984741211,14.119999885559082,10.899526596069336,4116531
2015-08-21,13.979999542236328,14.100000381469727,13.34000015258789,14.020000457763672,10.822334289550781,2787121
2015-08-24,13.119999885559082,13.680000305175781,12.739999771118164,12.920000076293945,9.973219871520996,2708800
2015-08-25,12.880000114440918,13.239999771118164,12.0600004196167,12.640000343322754,9.757083892822266,3374500
2015-08-26,12.880000114440918,13.199999809265137,12.34000015258789,12.420000076293945,9.587261199951172,2100727
2015-08-27,12.800000190734863,13.0,12.619999885559082,12.960000038146973,10.004096031188965,1184617
2015-08-28,13.239999771118164,13.359999656677246,12.779999732971191,12.800000190734863,9.880590438842773,1042159
2015-08-31,12.84000015258789,12.979999542236328,12.380000114440918,12.779999732971191,9.865152359008789,687800
2015-09-01,12.399999618530273,12.920000076293945,12.220000267028809,12.319999694824219,9.510069847106934,595822
2015-09-02,12.199999809265137,12.300000190734863,11.859999656677246,12.300000190734863,9.494630813598633,1235060
2015-09-04,12.100000381469727,12.300000190734863,11.960000038146973,11.979999542236328,9.247613906860352,1485600
2015-09-07,12.0,12.520000457763672,11.720000267028809,12.420000076293945,9.587261199951172,918500
2015-09-08,12.359999656677246,12.600000381469727,12.279999732971191,12.579999923706055,9.71076774597168,1104500
2015-09-09,12.760000228881836,13.300000190734863,12.65999984741211,13.140000343322754,10.143044471740723,1933500
2015-09-10,12.920000076293945,13.4399995803833,12.819999694824219,13.239999771118164,10.220236778259277,1154500
2015-09-11,13.239999771118164,13.800000190734863,13.220000267028809,13.399999618530273,10.343743324279785,1142500
2015-09-14,13.680000305175781,13.960000038146973,13.260000228881836,13.9399995803833,10.760579109191895,879500
2015-09-15,13.880000114440918,13.920000076293945,13.300000190734863,13.4399995803833,10.37462043762207,635000
2015-09-16,13.600000381469727,13.880000114440918,13.399999618530273,13.5,10.420933723449707,839500
2015-09-17,13.5,13.5,13.5,13.5,10.420933723449707,0
2015-09-18,14.180000305175781,18.079999923706055,14.180000305175781,16.139999389648438,12.458806991577148,23312680
2015-09-21,16.5,16.8799991607666,16.200000762939453,16.780000686645508,12.952836036682129,3186667
2015-09-22,16.979999542236328,17.0,16.059999465942383,16.5,12.736699104309082,3890170
2015-09-23,16.440000534057617,16.5,15.319999694824219,15.5,11.964777946472168,4476500
2015-09-24,15.520000457763672,15.600000381469727,14.800000190734863,15.15999984741211,11.702323913574219,1869500
2015-09-25,15.100000381469727,15.800000190734863,15.100000381469727,15.300000190734863,11.810394287109375,1343000
2015-09-29,14.699999809265137,15.199999809265137,14.600000381469727,14.859999656677246,11.470747947692871,1336958
2015-09-30,15.0,15.0,14.399999618530273,14.859999656677246,11.470747947692871,1137500
2015-10-02,15.0,15.899999618530273,14.899999618530273,15.34000015258789,11.841270446777344,1718500
2015-10-05,15.399999618530273,15.699999809265137,14.899999618530273,15.119999885559082,11.67144775390625,1823500
2015-10-06,15.479999542236328,15.600000381469727,14.800000190734863,15.260000228881836,11.779516220092773,2202000
2015-10-07,15.300000190734863,15.5600004196167,15.039999961853027,15.359999656677246,11.856709480285645,1460500
2015-10-08,15.380000114440918,15.739999771118164,15.119999885559082,15.520000457763672,11.980216026306152,4165500
2015-10-09,15.520000457763672,15.779999732971191,15.199999809265137,15.260000228881836,11.779516220092773,1793500
2015-10-12,15.359999656677246,15.5,15.0,15.15999984741211,11.702323913574219,2178160
2015-10-13,15.15999984741211,15.420000076293945,15.020000457763672,15.140000343322754,11.686884880065918,1326500
2015-10-14,15.0600004196167,15.100000381469727,14.600000381469727,14.819999694824219,11.439871788024902,1825078
2015-10-15,14.819999694824219,15.180000305175781,14.800000190734863,15.039999961853027,11.60969352722168,1353000
2015-10-16,15.34000015258789,16.399999618530273,15.140000343322754,16.0,12.350739479064941,9182732
2015-10-19,16.020000457763672,16.799999237060547,16.020000457763672,16.15999984741211,12.474244117736816,4868000
2015-10-20,16.18000030517578,16.34000015258789,15.680000305175781,16.260000228881836,12.551437377929688,3399460
2015-10-22,16.100000381469727,16.100000381469727,15.279999732971191,15.84000015258789,12.2272310256958,2403380
2015-10-23,15.979999542236328,16.3799991607666,15.760000228881836,16.260000228881836,12.551437377929688,3129500
2015-10-26,16.540000915527344,16.579999923706055,16.1200008392334,16.260000228881836,12.551437377929688,2204400
2015-10-27,16.459999084472656,16.479999542236328,15.779999732971191,16.139999389648438,12.458806991577148,1626500
2015-10-28,15.920000076293945,16.100000381469727,15.380000114440918,15.579999923706055,12.026532173156738,2266800
2015-10-29,15.819999694824219,16.719999313354492,15.640000343322754,16.440000534057617,12.690383911132812,4270370
2015-10-30,18.3799991607666,18.899999618530273,17.219999313354492,17.280000686645508,13.338797569274902,12395800
2015-11-02,17.200000762939453,17.200000762939453,16.239999771118164,16.559999465942383,12.783014297485352,4025772
2015-11-03,16.81999969482422,16.81999969482422,16.200000762939453,16.360000610351562,12.628630638122559,2644000
2015-11-04,16.559999465942383,17.079999923706055,16.239999771118164,16.68000030517578,12.87564468383789,3300763
2015-11-05,16.700000762939453,16.860000610351562,16.399999618530273,16.559999465942383,12.783014297485352,1280784
2015-11-06,16.559999465942383,16.739999771118164,16.239999771118164,16.399999618530273,12.659504890441895,2201000
2015-11-09,16.440000534057617,16.600000381469727,16.079999923706055,16.5,12.736699104309082,2152400
2015-11-10,16.68000030517578,16.68000030517578,16.219999313354492,16.459999084472656,12.705820083618164,1254500
2015-11-11,16.579999923706055,16.579999923706055,16.079999923706055,16.15999984741211,12.474244117736816,1860200
2015-11-12,16.31999969482422,16.34000015258789,16.079999923706055,16.280000686645508,12.566876411437988,2200000
2015-11-13,16.219999313354492,16.219999313354492,15.65999984741211,15.800000190734863,12.196352005004883,1461400
2015-11-16,13.920000076293945,13.920000076293945,12.680000305175781,13.65999984741211,10.544443130493164,14451918
2015-11-17,14.199999809265137,14.199999809265137,13.539999961853027,13.720000267028809,10.590758323669434,7749710
2015-11-18,13.720000267028809,13.739999771118164,13.319999694824219,13.539999961853027,10.451812744140625,3602000
2015-11-19,13.779999732971191,13.779999732971191,13.380000114440918,13.460000038146973,10.390059471130371,3867500
2015-11-20,13.4399995803833,13.5,12.920000076293945,13.119999885559082,10.127603530883789,4457500
2015-11-23,13.539999961853027,13.680000305175781,13.180000305175781,13.460000038146973,10.390059471130371,2130750
2015-11-24,13.4399995803833,13.65999984741211,13.300000190734863,13.4399995803833,10.37462043762207,1356966
2015-11-25,13.460000038146973,13.699999809265137,13.319999694824219,13.520000457763672,10.43637466430664,1365165
2015-11-26,13.420000076293945,13.600000381469727,13.319999694824219,13.399999618530273,10.343743324279785,930500
2015-11-27,13.319999694824219,13.34000015258789,12.979999542236328,13.079999923706055,10.096728324890137,2145900
2015-11-30,12.979999542236328,13.260000228881836,12.920000076293945,13.0600004196167,10.081291198730469,871500
2015-12-01,13.199999809265137,13.199999809265137,12.800000190734863,13.100000381469727,10.112168312072754,881879
2015-12-02,13.039999961853027,13.039999961853027,12.640000343322754,12.920000076293945,9.973219871520996,1399448
2015-12-03,12.84000015258789,12.859999656677246,12.479999542236328,12.680000305175781,9.78796100616455,2104000
2015-12-04,12.640000343322754,13.0600004196167,12.579999923706055,12.960000038146973,10.004096031188965,1289500
2015-12-07,13.100000381469727,13.600000381469727,13.0,13.399999618530273,10.343743324279785,2435704
2015-12-08,13.399999618530273,13.899999618530273,13.300000190734863,13.600000381469727,10.498127937316895,2828413
2015-12-09,13.380000114440918,13.579999923706055,13.0,13.239999771118164,10.220236778259277,1345292
2015-12-10,13.100000381469727,13.600000381469727,13.079999923706055,13.079999923706055,10.096728324890137,1741494
2015-12-11,13.0600004196167,13.319999694824219,12.899999618530273,13.15999984741211,10.15848159790039,920004
2015-12-14,12.819999694824219,13.359999656677246,12.800000190734863,13.0,10.034974098205566,1821950
2015-12-15,12.859999656677246,13.100000381469727,12.699999809265137,12.739999771118164,9.834275245666504,1968805
2015-12-16,13.0,13.180000305175781,12.739999771118164,13.140000343322754,10.143044471740723,1027432
2015-12-17,13.220000267028809,13.520000457763672,13.140000343322754,13.399999618530273,10.343743324279785,1507500
2015-12-18,13.460000038146973,13.619999885559082,13.319999694824219,13.520000457763672,10.43637466430664,2664033
2015-12-21,13.479999542236328,13.859999656677246,13.479999542236328,13.539999961853027,10.451812744140625,1796500
2015-12-22,13.680000305175781,13.720000267028809,13.180000305175781,13.4399995803833,10.37462043762207,1172500
2015-12-23,13.600000381469727,13.859999656677246,13.460000038146973,13.699999809265137,10.575321197509766,1255366
2015-12-24,13.819999694824219,14.300000190734863,13.819999694824219,14.079999923706055,10.868648529052734,1019430
2015-12-28,14.079999923706055,14.979999542236328,14.079999923706055,14.640000343322754,11.300926208496094,4154180
2015-12-29,14.579999923706055,15.859999656677246,14.579999923706055,15.579999923706055,12.026532173156738,4713760
2015-12-30,15.640000343322754,16.440000534057617,15.380000114440918,15.399999618530273,11.88758659362793,5838740
2015-12-31,15.399999618530273,16.079999923706055,15.399999618530273,15.979999542236328,12.335298538208008,1581302
2016-01-04,16.079999923706055,16.399999618530273,15.199999809265137,15.380000114440918,11.872147560119629,2863427
2016-01-05,15.399999618530273,16.399999618530273,15.279999732971191,16.280000686645508,12.566876411437988,3833680
2016-01-06,16.65999984741211,17.399999618530273,16.5,17.139999389648438,13.230728149414062,5770100
2016-01-07,17.139999389648438,17.200000762939453,16.020000457763672,16.540000915527344,12.767576217651367,3670382
2016-01-08,16.479999542236328,16.860000610351562,16.200000762939453,16.540000915527344,12.767576217651367,2168662
2016-01-11,16.479999542236328,17.059999465942383,15.899999618530273,17.040000915527344,13.153534889221191,4028600
2016-01-12,17.020000457763672,17.299999237060547,16.360000610351562,16.65999984741211,12.86020565032959,7690000
2016-01-13,17.0,17.100000381469727,16.540000915527344,16.68000030517578,12.87564468383789,2263500
2016-01-14,16.399999618530273,16.6200008392334,16.0,16.139999389648438,12.458806991577148,2879000
2016-01-15,16.020000457763672,16.280000686645508,15.579999923706055,15.739999771118164,12.150038719177246,2735000
2016-01-18,15.600000381469727,16.739999771118164,15.5,16.68000030517578,12.87564468383789,2824000
2016-01-19,16.65999984741211,17.31999969482422,16.440000534057617,17.299999237060547,13.354235649108887,2383500
2016-01-20,17.5,17.5,16.420000076293945,16.68000030517578,12.87564468383789,3532818
2016-01-21,16.899999618530273,17.399999618530273,16.040000915527344,16.280000686645508,12.566876411437988,1874500
2016-01-22,16.459999084472656,17.559999465942383,16.459999084472656,17.3799991607666,13.41598892211914,4760043
2016-01-25,17.739999771118164,19.799999237060547,17.6200008392334,19.739999771118164,15.237723350524902,8512470
2016-01-26,19.5,21.600000381469727,19.0,21.399999618530273,16.51911163330078,7049700
2016-01-27,22.0,23.25,21.399999618530273,23.100000381469727,17.831377029418945,6848073
2016-01-28,23.0,24.100000381469727,21.049999237060547,22.149999618530273,17.098052978515625,8699301
2016-01-29,22.0,23.299999237060547,21.450000762939453,22.5,17.368227005004883,5300284
2016-02-01,22.450000762939453,23.850000381469727,22.25,22.600000381469727,17.445419311523438,4222500
2016-02-02,23.200000762939453,23.5,22.450000762939453,23.25,17.94716453552246,3167543
2016-02-03,22.600000381469727,23.700000762939453,22.450000762939453,23.5,18.140146255493164,2424670
2016-02-04,23.5,23.899999618530273,22.75,22.899999618530273,17.676992416381836,1584710
2016-02-05,22.700000762939453,22.950000762939453,21.600000381469727,21.649999618530273,16.712093353271484,1915580
2016-02-11,21.149999618530273,21.799999237060547,20.200000762939453,21.549999237060547,16.634899139404297,2179000
2016-02-12,21.0,22.450000762939453,20.950000762939453,22.100000381469727,17.059457778930664,2061500
2016-02-15,22.5,23.700000762939453,22.350000381469727,23.350000381469727,18.02436065673828,3534700
2016-02-16,23.200000762939453,24.049999237060547,22.450000762939453,22.75,17.561206817626953,3667000
2016-02-17,22.600000381469727,23.299999237060547,22.5,23.200000762939453,17.908571243286133,3206500
2016-02-18,23.299999237060547,25.100000381469727,23.149999618530273,24.700000762939453,19.06645393371582,6180000
2016-02-19,24.700000762939453,26.200000762939453,24.700000762939453,25.299999237060547,19.529605865478516,3322600
2016-02-22,25.600000381469727,26.049999237060547,24.700000762939453,25.350000381469727,19.568201065063477,1247000
2016-02-23,25.649999618530273,25.799999237060547,25.049999237060547,25.5,19.683990478515625,2692891
2016-02-24,25.5,25.549999237060547,24.299999237060547,24.850000381469727,19.182239532470703,1483000
2016-02-25,24.700000762939453,24.850000381469727,22.700000762939453,23.299999237060547,17.985763549804688,3218500
2016-02-26,23.700000762939453,24.200000762939453,23.399999618530273,23.649999618530273,18.255935668945312,1606000
2016-02-29,23.25,24.450000762939453,22.799999237060547,24.399999618530273,18.834877014160156,1925033
2016-03-01,24.600000381469727,25.950000762939453,24.450000762939453,25.350000381469727,19.568201065063477,3769500
2016-03-02,25.75,25.899999618530273,24.5,24.950000762939453,19.259429931640625,2107000
2016-03-03,24.75,25.149999618530273,24.149999618530273,24.600000381469727,18.989261627197266,1654500
2016-03-04,24.649999618530273,24.950000762939453,23.600000381469727,23.600000381469727,18.217336654663086,3372310
2016-03-07,23.899999618530273,24.399999618530273,23.200000762939453,24.149999618530273,18.641897201538086,2544500
2016-03-08,24.299999237060547,25.049999237060547,24.299999237060547,24.700000762939453,19.06645393371582,2326791
2016-03-09,24.399999618530273,25.350000381469727,24.399999618530273,25.049999237060547,19.33662223815918,2037000
2016-03-10,25.350000381469727,25.850000381469727,24.200000762939453,24.350000381469727,18.796279907226562,1380000
2016-03-11,24.549999237060547,25.700000762939453,24.5,25.350000381469727,19.568201065063477,1959060
2016-03-14,25.5,26.5,25.200000762939453,25.600000381469727,19.761180877685547,2634076
2016-03-15,25.850000381469727,25.950000762939453,25.350000381469727,25.450000762939453,19.64539337158203,561500
2016-03-16,25.549999237060547,25.950000762939453,25.149999618530273,25.299999237060547,19.529605865478516,733500
2016-03-17,25.549999237060547,26.200000762939453,25.299999237060547,25.600000381469727,19.761180877685547,837300
2016-03-18,25.600000381469727,26.549999237060547,25.600000381469727,25.899999618530273,19.992755889892578,2419253
2016-03-21,25.950000762939453,27.399999618530273,25.799999237060547,27.0,20.841867446899414,2737500
2016-03-22,27.0,28.0,26.799999237060547,27.0,20.841867446899414,1929500
2016-03-23,27.049999237060547,27.5,26.350000381469727,26.899999618530273,20.764677047729492,1319000
2016-03-24,26.850000381469727,27.0,26.200000762939453,26.549999237060547,20.4945068359375,1619400
2016-03-29,26.25,27.75,26.25,27.5,21.227828979492188,2465650
2016-03-30,28.799999237060547,29.149999618530273,27.649999618530273,28.799999237060547,22.231325149536133,6754788
2016-03-31,28.899999618530273,29.350000381469727,28.0,28.5,21.999752044677734,2320401
2016-04-01,28.850000381469727,29.799999237060547,28.200000762939453,29.649999618530273,22.887460708618164,4669702
2016-04-05,29.899999618530273,31.799999237060547,29.450000762939453,30.850000381469727,23.81376838684082,6058150
2016-04-06,30.799999237060547,30.899999618530273,29.700000762939453,29.799999237060547,23.00324821472168,2768946
2016-04-07,29.899999618530273,30.600000381469727,29.5,30.149999618530273,23.273420333862305,1704775
2016-04-08,29.5,30.299999237060547,27.649999618530273,29.950000762939453,23.119037628173828,5447548
2016-04-11,29.850000381469727,29.850000381469727,26.600000381469727,27.75,21.420812606811523,9407415
2016-04-12,27.649999618530273,27.649999618530273,25.950000762939453,26.899999618530273,20.764677047729492,5280292
2016-04-13,26.950000762939453,28.149999618530273,26.799999237060547,27.549999237060547,21.266429901123047,2739000
2016-04-14,27.700000762939453,28.100000381469727,25.149999618530273,25.200000762939453,19.452411651611328,5895562
2016-04-15,25.0,25.549999237060547,23.799999237060547,23.950000762939453,18.487512588500977,9006929
2016-04-18,24.100000381469727,25.399999618530273,23.950000762939453,25.149999618530273,19.413814544677734,3840500
2016-04-19,25.200000762939453,25.600000381469727,24.600000381469727,25.0,19.29802894592285,3836359
2016-04-20,24.0,24.450000762939453,23.0,23.649999618530273,18.255935668945312,6713635
2016-04-21,23.5,23.950000762939453,21.600000381469727,21.649999618530273,16.712093353271484,8762868
2016-04-22,21.350000381469727,22.200000762939453,20.5,20.649999618530273,15.940170288085938,9251800
2016-04-25,20.799999237060547,22.399999618530273,20.799999237060547,21.75,16.78928565979004,4663890
2016-04-26,21.399999618530273,22.149999618530273,20.549999237060547,20.950000762939453,16.1717472076416,3562950
2016-04-27,21.0,21.149999618530273,20.350000381469727,20.399999618530273,15.7471923828125,1414770
2016-04-28,20.299999237060547,21.149999618530273,20.25,20.549999237060547,15.862977981567383,1503879
2016-04-29,20.5,21.950000762939453,20.25,21.600000381469727,16.673498153686523,4413500
2016-05-03,21.799999237060547,21.899999618530273,20.799999237060547,20.950000762939453,16.1717472076416,1901620
2016-05-04,21.049999237060547,22.100000381469727,20.850000381469727,21.75,16.78928565979004,3303950
2016-05-05,21.799999237060547,22.100000381469727,21.200000762939453,21.200000762939453,16.364728927612305,2068456
2016-05-06,21.049999237060547,21.450000762939453,20.649999618530273,21.350000381469727,16.480518341064453,1538000
2016-05-09,21.350000381469727,23.700000762939453,21.350000381469727,23.700000762939453,18.294530868530273,7651000
2016-05-10,23.5,24.649999618530273,22.600000381469727,22.799999237060547,17.599802017211914,6513500
2016-05-11,22.649999618530273,23.549999237060547,22.25,23.25,17.94716453552246,1773000
2016-05-12,23.25,23.75,22.75,23.549999237060547,18.178743362426758,1197000
2016-05-13,23.299999237060547,23.600000381469727,23.0,23.25,17.94716453552246,1009737
2016-05-16,23.0,23.5,23.0,23.25,17.94716453552246,1173000
2016-05-17,22.950000762939453,23.350000381469727,22.75,23.049999237060547,17.792781829833984,957000
2016-05-18,22.649999618530273,22.649999618530273,20.5,20.799999237060547,16.055959701538086,3903411
2016-05-19,20.5,21.399999618530273,20.25,21.25,16.4033260345459,2051000
2016-05-20,21.450000762939453,21.549999237060547,20.649999618530273,20.700000762939453,15.978766441345215,1178000
2016-05-23,21.100000381469727,21.799999237060547,20.399999618530273,21.549999237060547,16.634899139404297,2151000
2016-05-24,21.549999237060547,21.700000762939453,21.0,21.399999618530273,16.51911163330078,1361100
2016-05-25,21.549999237060547,23.5,21.450000762939453,23.0,17.754186630249023,2874500
2016-05-26,23.0,24.5,23.0,24.149999618530273,18.641897201538086,3381936
2016-05-27,24.200000762939453,24.200000762939453,23.049999237060547,23.649999618530273,18.255935668945312,1189700
2016-05-30,23.350000381469727,23.799999237060547,22.5,23.450000762939453,18.101551055908203,2304032
2016-05-31,23.0,24.100000381469727,22.700000762939453,23.75,18.333127975463867,1561000
2016-06-01,23.399999618530273,24.600000381469727,23.100000381469727,24.549999237060547,18.950664520263672,3388500
2016-06-02,24.5,25.799999237060547,24.25,25.350000381469727,19.568201065063477,2336950
2016-06-03,25.399999618530273,25.649999618530273,24.799999237060547,25.399999618530273,19.606796264648438,916684
2016-06-06,25.5,26.200000762939453,24.450000762939453,24.600000381469727,18.989261627197266,1573800
2016-06-07,25.649999618530273,26.399999618530273,25.5,25.799999237060547,19.915565490722656,3670500
2016-06-08,26.200000762939453,26.25,25.399999618530273,25.75,19.87696647644043,688000
2016-06-10,26.0,26.100000381469727,25.350000381469727,25.649999618530273,19.799776077270508,434500
2016-06-13,25.100000381469727,25.5,24.799999237060547,24.899999618530273,19.220836639404297,1502000
2016-06-14,24.5,25.649999618530273,24.5,25.0,19.29802894592285,1638500
2016-06-15,24.899999618530273,26.100000381469727,24.649999618530273,25.299999237060547,19.529605865478516,1505500
2016-06-16,25.299999237060547,25.649999618530273,24.5,25.399999618530273,19.606796264648438,1590619
2016-06-17,25.350000381469727,26.299999237060547,25.149999618530273,26.100000381469727,20.147138595581055,1945000
2016-06-20,26.200000762939453,26.25,25.399999618530273,25.899999618530273,19.992755889892578,1242000
2016-06-21,26.200000762939453,26.299999237060547,25.549999237060547,26.0,20.069948196411133,597116
2016-06-22,25.799999237060547,25.799999237060547,25.0,25.399999618530273,19.606796264648438,1575500
2016-06-23,25.399999618530273,25.399999618530273,25.399999618530273,25.399999618530273,19.606796264648438,0
2016-06-24,24.200000762939453,25.450000762939453,23.149999618530273,24.200000762939453,18.680492401123047,4091826
2016-06-27,24.200000762939453,25.5,23.75,25.25,19.491004943847656,1465522
2016-06-28,24.850000381469727,25.25,24.600000381469727,25.200000762939453,19.452411651611328,493500
2016-06-29,25.200000762939453,25.549999237060547,24.799999237060547,25.149999618530273,19.413814544677734,976000
2016-06-30,25.149999618530273,26.0,24.850000381469727,25.899999618530273,19.992755889892578,1185500
2016-07-04,25.649999618530273,26.100000381469727,25.5,26.0,20.069948196411133,1458718
2016-07-05,25.700000762939453,26.0,25.399999618530273,25.600000381469727,19.761180877685547,510400
2016-07-06,25.200000762939453,26.100000381469727,25.100000381469727,25.399999618530273,19.606796264648438,491372
2016-07-07,25.850000381469727,25.850000381469727,25.399999618530273,25.5,19.683990478515625,356000
2016-07-08,25.649999618530273,25.700000762939453,25.399999618530273,25.5,19.683990478515625,264500
2016-07-11,25.799999237060547,28.200000762939453,25.799999237060547,27.700000762939453,21.38221549987793,5303488
2016-07-12,27.799999237060547,29.0,27.75,28.799999237060547,22.231325149536133,2466796
2016-07-13,28.5,29.0,28.299999237060547,28.649999618530273,22.11553955078125,1148000
2016-07-14,28.649999618530273,28.850000381469727,27.799999237060547,28.200000762939453,21.768173217773438,592500
2016-07-15,28.200000762939453,28.549999237060547,27.899999618530273,28.100000381469727,21.690982818603516,381300
2016-07-18,28.399999618530273,28.5,27.149999618530273,27.399999618530273,21.15064239501953,794000
2016-07-19,27.450000762939453,27.450000762939453,26.399999618530273,26.5,20.455909729003906,1426000
2016-07-20,26.450000762939453,27.049999237060547,26.399999618530273,26.700000762939453,20.61029624938965,718000
2016-07-21,26.950000762939453,27.149999618530273,26.649999618530273,26.799999237060547,20.68748664855957,561269
2016-07-22,26.799999237060547,27.549999237060547,26.399999618530273,27.100000381469727,20.919065475463867,609080
2016-07-25,27.100000381469727,27.350000381469727,26.850000381469727,26.899999618530273,20.764677047729492,200000
2016-07-26,26.399999618530273,27.299999237060547,26.399999618530273,27.0,20.841867446899414,651000
2016-07-27,26.899999618530273,26.950000762939453,26.049999237060547,26.5,20.455909729003906,792000
2016-07-28,26.950000762939453,26.950000762939453,26.100000381469727,26.600000381469727,20.53310203552246,487500
2016-07-29,26.600000381469727,26.850000381469727,24.649999618530273,25.149999618530273,19.413814544677734,2471500
2016-08-01,25.700000762939453,25.700000762939453,24.450000762939453,24.600000381469727,18.989261627197266,2017500
2016-08-02,24.600000381469727,24.600000381469727,24.600000381469727,24.600000381469727,18.989261627197266,0
2016-08-03,23.899999618530273,24.399999618530273,23.549999237060547,23.850000381469727,18.410322189331055,2573414
2016-08-04,23.850000381469727,24.350000381469727,23.149999618530273,23.399999618530273,18.06295394897461,1979071
2016-08-05,23.600000381469727,24.549999237060547,23.5,24.200000762939453,18.680492401123047,1802200
2016-08-08,24.5,24.5,22.75,22.899999618530273,17.676992416381836,5590500
2016-08-09,23.149999618530273,23.799999237060547,22.299999237060547,23.549999237060547,18.178743362426758,2694500
2016-08-10,23.549999237060547,24.0,23.25,23.299999237060547,17.985763549804688,1583000
2016-08-11,23.200000762939453,23.299999237060547,22.450000762939453,23.100000381469727,17.831377029418945,3295037
2016-08-12,23.0,23.600000381469727,22.850000381469727,23.549999237060547,18.178743362426758,2040000
2016-08-15,23.600000381469727,23.649999618530273,23.0,23.200000762939453,17.908571243286133,2227000
2016-08-16,23.450000762939453,23.450000762939453,22.649999618530273,22.649999618530273,17.484010696411133,2178000
2016-08-17,22.799999237060547,23.600000381469727,22.799999237060547,23.299999237060547,17.985763549804688,2457000
2016-08-18,23.600000381469727,23.600000381469727,22.75,23.100000381469727,17.831377029418945,2544000
2016-08-19,23.100000381469727,23.100000381469727,21.950000762939453,22.799999237060547,17.599802017211914,5082500
2016-08-22,23.0,23.0,22.299999237060547,22.850000381469727,17.638397216796875,1056000
2016-08-23,22.600000381469727,22.950000762939453,22.399999618530273,22.649999618530273,17.484010696411133,1070700
2016-08-24,22.850000381469727,22.899999618530273,20.649999618530273,21.0,16.21034812927246,17204600
2016-08-25,20.700000762939453,20.950000762939453,20.0,20.5,15.824384689331055,6084500
2016-08-26,20.5,21.299999237060547,20.299999237060547,20.399999618530273,15.7471923828125,4257500
2016-08-29,20.200000762939453,20.25,19.1200008392334,19.920000076293945,15.376667976379395,4176000
2016-08-30,20.0,20.399999618530273,20.0,20.200000762939453,15.59280776977539,3372000
2016-08-31,20.299999237060547,20.299999237060547,19.520000457763672,19.719999313354492,15.222282409667969,3210500
2016-09-01,19.5,19.719999313354492,19.239999771118164,19.440000534057617,15.006149291992188,2012500
2016-09-02,19.479999542236328,19.559999465942383,19.260000228881836,19.399999618530273,14.97526741027832,1331710
2016-09-05,19.459999084472656,19.860000610351562,19.459999084472656,19.780000686645508,15.268599510192871,1072732
2016-09-06,19.579999923706055,21.5,19.579999923706055,21.149999618530273,16.32613182067871,7440900
2016-09-07,21.149999618530273,22.100000381469727,21.049999237060547,21.649999618530273,16.712093353271484,4618880
2016-09-08,22.0,22.049999237060547,20.899999618530273,21.399999618530273,16.51911163330078,3094000
2016-09-09,21.5,22.149999618530273,21.450000762939453,21.799999237060547,16.827878952026367,2812148
2016-09-12,21.200000762939453,21.5,20.700000762939453,21.049999237060547,16.248939514160156,1846664
2016-09-13,21.25,21.799999237060547,20.799999237060547,20.850000381469727,16.09455680847168,782773
2016-09-14,20.649999618530273,20.899999618530273,20.649999618530273,20.899999618530273,16.13315200805664,570500
2016-09-15,21.0,22.149999618530273,20.950000762939453,21.899999618530273,16.905071258544922,1471500
2016-09-19,22.0,22.0,21.5,21.700000762939453,16.75068473815918,2198300
2016-09-20,21.700000762939453,21.700000762939453,21.100000381469727,21.450000762939453,16.557708740234375,1209000
2016-09-21,21.5,21.799999237060547,21.0,21.5,16.596302032470703,733000
2016-09-22,21.75,21.799999237060547,21.299999237060547,21.450000762939453,16.557708740234375,1227500
2016-09-23,21.25,21.399999618530273,21.049999237060547,21.299999237060547,16.441919326782227,881647
2016-09-26,21.100000381469727,21.100000381469727,20.549999237060547,20.899999618530273,16.13315200805664,1698000
2016-09-27,20.950000762939453,21.399999618530273,20.399999618530273,21.149999618530273,16.32613182067871,2318000
2016-09-28,20.950000762939453,21.299999237060547,20.450000762939453,20.600000381469727,15.901573181152344,1775000
2016-09-29,20.899999618530273,20.899999618530273,20.25,20.649999618530273,15.940170288085938,512000
2016-09-30,20.25,20.350000381469727,20.049999237060547,20.149999618530273,15.55420970916748,788000
2016-10-03,20.200000762939453,20.600000381469727,20.200000762939453,20.5,15.824384689331055,337500
2016-10-04,20.600000381469727,20.649999618530273,20.100000381469727,20.549999237060547,15.862977981567383,317500
2016-10-05,20.25,20.549999237060547,20.25,20.350000381469727,15.708593368530273,188508
2016-10-06,20.5,20.5,20.200000762939453,20.350000381469727,15.708593368530273,348500
2016-10-07,20.350000381469727,20.399999618530273,20.100000381469727,20.350000381469727,15.708593368530273,615000
2016-10-11,20.299999237060547,20.899999618530273,20.200000762939453,20.450000762939453,15.785787582397461,857000
2016-10-12,20.350000381469727,20.450000762939453,20.200000762939453,20.299999237060547,15.670000076293945,577930
2016-10-13,20.299999237060547,20.299999237060547,19.899999618530273,20.149999618530273,15.55420970916748,856500
2016-10-14,20.200000762939453,20.200000762939453,19.479999542236328,20.100000381469727,15.515615463256836,1955500
2016-10-17,19.940000534057617,19.940000534057617,19.459999084472656,19.700000762939453,15.206850051879883,1147500
2016-10-18,19.8799991607666,19.8799991607666,19.639999389648438,19.739999771118164,15.237723350524902,1055000
2016-10-19,19.559999465942383,19.780000686645508,19.520000457763672,19.520000457763672,15.067901611328125,673000
2016-10-20,19.5,19.700000762939453,19.280000686645508,19.520000457763672,15.067901611328125,2238290
2016-10-21,19.520000457763672,19.520000457763672,19.520000457763672,19.520000457763672,15.067901611328125,0
2016-10-24,19.420000076293945,19.520000457763672,19.139999389648438,19.139999389648438,14.774569511413574,3120278
2016-10-25,19.239999771118164,19.780000686645508,19.200000762939453,19.559999465942383,15.098777770996094,1841378
2016-10-26,19.579999923706055,19.579999923706055,19.31999969482422,19.31999969482422,14.9135160446167,457000
2016-10-27,19.440000534057617,19.440000534057617,18.8799991607666,19.15999984741211,14.790010452270508,1065000
2016-10-28,19.15999984741211,19.31999969482422,18.8799991607666,19.059999465942383,14.71281623840332,867000
2016-10-31,19.059999465942383,19.399999618530273,18.940000534057617,19.079999923706055,14.728252410888672,1010700
2016-11-01,19.200000762939453,20.799999237060547,19.139999389648438,20.399999618530273,15.7471923828125,5228500
2016-11-02,20.25,21.100000381469727,20.049999237060547,21.0,16.21034812927246,4177581
2016-11-03,20.799999237060547,21.0,20.450000762939453,20.600000381469727,15.901573181152344,813944
2016-11-04,20.700000762939453,20.75,20.399999618530273,20.649999618530273,15.940170288085938,635516
2016-11-07,20.600000381469727,21.799999237060547,20.600000381469727,21.649999618530273,16.712093353271484,2709500
2016-11-08,21.850000381469727,22.0,21.350000381469727,21.75,16.78928565979004,1221500
2016-11-09,21.75,22.0,20.899999618530273,21.649999618530273,16.712093353271484,1874540
2016-11-10,21.799999237060547,22.799999237060547,21.799999237060547,22.149999618530273,17.098052978515625,3071646
2016-11-11,21.899999618530273,22.100000381469727,21.600000381469727,21.799999237060547,16.827878952026367,571000
2016-11-14,21.75,22.350000381469727,21.5,22.0,16.98226547241211,1069750
2016-11-15,22.149999618530273,22.950000762939453,22.149999618530273,22.649999618530273,17.484010696411133,2133580
2016-11-16,23.0,23.450000762939453,22.700000762939453,23.0,17.754186630249023,2284000
2016-11-17,23.0,23.299999237060547,22.450000762939453,22.899999618530273,17.676992416381836,1389004
2016-11-18,22.799999237060547,23.5,22.799999237060547,22.899999618530273,17.676992416381836,1949889
2016-11-21,22.899999618530273,23.200000762939453,22.549999237060547,23.200000762939453,17.908571243286133,1177500
2016-11-22,23.399999618530273,24.200000762939453,23.200000762939453,24.200000762939453,18.680492401123047,3465500
2016-11-23,24.350000381469727,25.299999237060547,24.100000381469727,25.25,19.491004943847656,4551000
2016-11-24,25.25,25.25,24.5,24.700000762939453,19.06645393371582,1003400
2016-11-25,24.649999618530273,25.200000762939453,24.0,25.049999237060547,19.33662223815918,2739946
2016-11-28,25.0,25.200000762939453,24.350000381469727,25.0,19.29802894592285,1273980
2016-11-29,24.75,25.549999237060547,24.75,25.299999237060547,19.529605865478516,1512500
2016-11-30,25.75,25.75,24.850000381469727,25.350000381469727,19.568201065063477,692400
2016-12-01,25.350000381469727,25.399999618530273,24.850000381469727,25.350000381469727,19.568201065063477,1842000
2016-12-02,25.100000381469727,25.100000381469727,24.0,24.299999237060547,18.757686614990234,1870500
2016-12-05,23.899999618530273,24.600000381469727,23.899999618530273,24.450000762939453,18.873472213745117,666000
2016-12-06,24.350000381469727,24.450000762939453,24.0,24.399999618530273,18.834877014160156,693500
2016-12-07,24.299999237060547,24.299999237060547,24.0,24.200000762939453,18.680492401123047,601404
2016-12-08,24.200000762939453,24.350000381469727,23.850000381469727,24.100000381469727,18.603302001953125,526802
2016-12-09,24.100000381469727,24.100000381469727,23.549999237060547,23.600000381469727,18.217336654663086,874500
2016-12-12,23.549999237060547,23.950000762939453,22.649999618530273,22.950000762939453,17.715593338012695,1161950
2016-12-13,22.649999618530273,23.200000762939453,22.549999237060547,23.200000762939453,17.908571243286133,580000
2016-12-14,23.450000762939453,23.549999237060547,22.549999237060547,22.850000381469727,17.638397216796875,626000
2016-12-15,22.649999618530273,23.850000381469727,22.549999237060547,23.649999618530273,18.255935668945312,1269000
2016-12-16,23.600000381469727,23.850000381469727,23.0,23.049999237060547,17.792781829833984,593106
2016-12-19,23.200000762939453,23.75,22.75,23.450000762939453,18.101551055908203,474500
2016-12-20,23.25,23.549999237060547,22.950000762939453,23.0,17.754186630249023,843600
2016-12-21,23.299999237060547,23.350000381469727,22.649999618530273,22.75,17.561206817626953,575000
2016-12-22,22.600000381469727,22.600000381469727,22.100000381469727,22.600000381469727,17.445419311523438,574500
2016-12-23,22.350000381469727,23.5,22.299999237060547,23.299999237060547,17.985763549804688,1141270
2016-12-28,23.299999237060547,23.850000381469727,23.0,23.350000381469727,18.02436065673828,585713
2016-12-29,23.5,23.549999237060547,23.149999618530273,23.549999237060547,18.178743362426758,160228
2016-12-30,23.100000381469727,24.100000381469727,23.100000381469727,23.950000762939453,18.487512588500977,965000
2017-01-03,23.950000762939453,24.0,22.75,23.0,17.754186630249023,980698
2017-01-04,22.899999618530273,23.899999618530273,22.899999618530273,23.5,18.140146255493164,738200
2017-01-05,23.950000762939453,23.950000762939453,23.200000762939453,23.600000381469727,18.217336654663086,675577
2017-01-06,23.700000762939453,23.799999237060547,23.100000381469727,23.25,17.94716453552246,1611090
2017-01-09,23.25,23.350000381469727,22.700000762939453,23.200000762939453,17.908571243286133,1042431
2017-01-10,23.25,24.450000762939453,22.950000762939453,24.399999618530273,18.834877014160156,2155189
2017-01-11,24.649999618530273,24.950000762939453,24.25,24.799999237060547,19.14364242553711,1601636
2017-01-12,24.950000762939453,25.25,24.649999618530273,24.899999618530273,19.220836639404297,1195928
2017-01-13,25.0,25.0,24.649999618530273,24.850000381469727,19.182239532470703,328441
2017-01-16,24.549999237060547,24.75,23.950000762939453,24.149999618530273,18.641897201538086,825704
2017-01-17,24.399999618530273,24.549999237060547,24.149999618530273,24.299999237060547,18.757686614990234,541500
2017-01-18,24.700000762939453,24.700000762939453,24.100000381469727,24.299999237060547,18.757686614990234,428150
2017-01-19,24.350000381469727,24.350000381469727,23.850000381469727,24.049999237060547,18.5647029876709,319000
2017-01-20,23.899999618530273,24.25,23.899999618530273,24.0,18.526105880737305,297548
2017-01-23,23.899999618530273,24.450000762939453,23.899999618530273,24.149999618530273,18.641897201538086,481372
2017-01-24,24.100000381469727,24.899999618530273,23.899999618530273,24.649999618530273,19.027854919433594,1046000
2017-01-25,24.700000762939453,25.25,24.450000762939453,25.100000381469727,19.37522315979004,721358
2017-01-26,25.350000381469727,26.649999618530273,25.350000381469727,26.450000762939453,20.417316436767578,4625513
2017-01-27,26.75,26.75,26.399999618530273,26.600000381469727,20.53310203552246,451900
2017-02-01,26.600000381469727,26.600000381469727,26.0,26.600000381469727,20.53310203552246,628500
2017-02-02,26.600000381469727,27.0,26.5,26.799999237060547,20.68748664855957,834024
2017-02-03,26.950000762939453,27.049999237060547,26.149999618530273,26.850000381469727,20.726083755493164,707270
2017-02-06,26.899999618530273,27.0,25.850000381469727,27.0,20.841867446899414,1716000
2017-02-07,27.0,27.100000381469727,26.25,26.850000381469727,20.726083755493164,575000
2017-02-08,26.850000381469727,27.0,26.399999618530273,27.0,20.841867446899414,503500
2017-02-09,26.850000381469727,27.200000762939453,26.600000381469727,27.0,20.841867446899414,913000
2017-02-10,27.0,27.25,26.450000762939453,26.850000381469727,20.726083755493164,864743
2017-02-13,27.0,27.0,26.649999618530273,27.0,20.841867446899414,476000
2017-02-14,26.850000381469727,27.200000762939453,26.299999237060547,26.950000762939453,20.80327606201172,602430
2017-02-15,27.049999237060547,27.049999237060547,26.100000381469727,26.149999618530273,20.18573570251465,1556500
2017-02-16,26.149999618530273,26.149999618530273,25.75,25.950000762939453,20.031352996826172,634198
2017-02-17,25.899999618530273,25.899999618530273,25.299999237060547,25.5,19.683990478515625,1088405
2017-02-20,25.299999237060547,26.25,25.299999237060547,25.75,19.87696647644043,1043500
2017-02-21,25.549999237060547,26.149999618530273,25.350000381469727,25.700000762939453,19.83837127685547,884239
2017-02-22,25.600000381469727,25.899999618530273,25.100000381469727,25.350000381469727,19.568201065063477,1123500
2017-02-23,25.799999237060547,25.799999237060547,25.25,25.700000762939453,19.83837127685547,586086
2017-02-24,25.450000762939453,25.549999237060547,24.850000381469727,25.450000762939453,19.64539337158203,804000
2017-02-27,25.149999618530273,25.700000762939453,24.899999618530273,25.600000381469727,19.761180877685547,899500
2017-02-28,25.049999237060547,25.75,25.049999237060547,25.75,19.87696647644043,1232500
2017-03-01,25.75,26.600000381469727,25.75,26.299999237060547,20.301525115966797,3026677
2017-03-02,26.600000381469727,26.799999237060547,26.0,26.25,20.262929916381836,753500
2017-03-03,26.299999237060547,26.299999237060547,25.700000762939453,26.0,20.069948196411133,526500
2017-03-06,26.0,26.0,25.5,25.700000762939453,19.83837127685547,677000
2017-03-07,25.549999237060547,26.0,25.399999618530273,25.799999237060547,19.915565490722656,376405
2017-03-08,26.0,26.200000762939453,25.100000381469727,25.25,19.491004943847656,986425
2017-03-09,25.450000762939453,25.549999237060547,24.5,25.399999618530273,19.606796264648438,1103500
2017-03-10,25.700000762939453,25.950000762939453,25.399999618530273,25.649999618530273,19.799776077270508,711730
2017-03-13,25.899999618530273,25.899999618530273,24.950000762939453,25.399999618530273,19.606796264648438,906000
2017-03-14,25.700000762939453,25.700000762939453,25.100000381469727,25.5,19.683990478515625,881270
2017-03-15,25.549999237060547,25.649999618530273,25.0,25.5,19.683990478515625,394400
2017-03-16,25.5,25.75,25.049999237060547,25.5,19.683990478515625,640500
2017-03-17,25.5,25.700000762939453,24.600000381469727,25.100000381469727,19.37522315979004,1230500
2017-03-20,25.450000762939453,25.5,24.850000381469727,25.149999618530273,19.413814544677734,1836800
2017-03-21,26.0,27.600000381469727,25.850000381469727,26.100000381469727,20.147138595581055,6813534
2017-03-22,25.75,26.0,24.75,25.299999237060547,19.529605865478516,3916300
2017-03-23,25.299999237060547,25.399999618530273,24.700000762939453,24.75,19.10504913330078,2812500
2017-03-24,24.950000762939453,25.5,24.700000762939453,25.049999237060547,19.33662223815918,2489405
2017-03-27,25.0,25.149999618530273,24.399999618530273,24.850000381469727,19.182239532470703,1872000
2017-03-28,26.5,26.950000762939453,24.75,25.0,19.29802894592285,8584990
2017-03-29,25.799999237060547,26.149999618530273,25.0,25.399999618530273,19.606796264648438,5670640
2017-03-30,25.600000381469727,26.0,25.399999618530273,25.899999618530273,19.992755889892578,1303597
2017-03-31,25.5,26.149999618530273,25.5,25.850000381469727,19.95416259765625,1394153
2017-04-03,25.850000381469727,26.149999618530273,24.950000762939453,25.0,19.29802894592285,1639042
2017-04-05,25.0,25.799999237060547,25.0,25.75,19.87696647644043,2030147
2017-04-06,25.850000381469727,26.0,25.299999237060547,25.950000762939453,20.031352996826172,3142452
2017-04-07,25.850000381469727,26.100000381469727,25.799999237060547,26.100000381469727,20.147138595581055,926293
2017-04-10,25.899999618530273,26.0,25.600000381469727,26.0,20.069948196411133,650324
2017-04-11,26.100000381469727,26.100000381469727,25.549999237060547,25.75,19.87696647644043,446495
2017-04-12,25.799999237060547,25.850000381469727,25.350000381469727,25.850000381469727,19.95416259765625,537200
2017-04-13,26.0,26.0,25.549999237060547,25.649999618530273,19.799776077270508,648951
2017-04-18,25.649999618530273,26.0,25.299999237060547,25.5,19.683990478515625,903126
2017-04-19,25.600000381469727,25.549999237060547,24.75,25.0,19.29802894592285,2314000
2017-04-20,25.100000381469727,25.299999237060547,24.799999237060547,25.0,19.29802894592285,729670
2017-04-21,25.0,25.0,24.600000381469727,24.700000762939453,19.06645393371582,1751000
2017-04-24,24.799999237060547,25.350000381469727,24.450000762939453,24.899999618530273,19.220836639404297,2432395
2017-04-25,24.950000762939453,24.950000762939453,24.5,24.700000762939453,19.06645393371582,1295722
2017-04-26,24.75,24.799999237060547,24.450000762939453,24.5,18.91206932067871,1037625
2017-04-27,24.600000381469727,25.149999618530273,24.450000762939453,25.0,19.29802894592285,1566563
2017-04-28,24.899999618530273,25.399999618530273,24.700000762939453,25.25,19.491004943847656,1293000
2017-05-02,24.950000762939453,25.350000381469727,24.649999618530273,24.649999618530273,19.027854919433594,727000
2017-05-04,24.649999618530273,24.799999237060547,24.5,24.600000381469727,18.989261627197266,943607
2017-05-05,24.649999618530273,24.649999618530273,24.350000381469727,24.450000762939453,18.873472213745117,951251
2017-05-08,24.5,24.75,24.350000381469727,24.600000381469727,18.989261627197266,577961
2017-05-09,24.600000381469727,24.700000762939453,24.25,24.600000381469727,18.989261627197266,735500
2017-05-10,24.5,25.0,24.450000762939453,24.700000762939453,19.06645393371582,590000
2017-05-11,24.700000762939453,24.899999618530273,24.399999618530273,24.799999237060547,19.14364242553711,549500
2017-05-12,24.700000762939453,25.0,20.600000381469727,21.649999618530273,16.712093353271484,10747300
2017-05-15,21.200000762939453,21.950000762939453,19.979999542236328,20.25,15.631402015686035,13466403
2017-05-16,20.25,21.75,20.25,21.75,16.78928565979004,5300569
2017-05-17,21.75,21.950000762939453,21.049999237060547,21.600000381469727,16.673498153686523,1874000
2017-05-18,21.200000762939453,21.700000762939453,21.0,21.399999618530273,16.51911163330078,1158000
2017-05-19,21.399999618530273,21.899999618530273,21.399999618530273,21.700000762939453,16.75068473815918,1074674
2017-05-22,21.700000762939453,21.850000381469727,21.399999618530273,21.649999618530273,16.712093353271484,687500
2017-05-23,21.450000762939453,21.799999237060547,21.0,21.200000762939453,16.364728927612305,1035000
2017-05-24,21.200000762939453,21.450000762939453,21.0,21.25,16.4033260345459,646702
2017-05-25,21.450000762939453,21.450000762939453,20.799999237060547,21.399999618530273,16.51911163330078,629900
2017-05-26,21.200000762939453,21.399999618530273,20.850000381469727,21.149999618530273,16.32613182067871,864245
2017-05-29,20.850000381469727,21.100000381469727,20.850000381469727,20.899999618530273,16.13315200805664,316000
2017-05-31,20.700000762939453,21.149999618530273,20.649999618530273,21.149999618530273,16.32613182067871,1049000
2017-06-01,20.950000762939453,20.950000762939453,20.5,20.75,16.017364501953125,938000
2017-06-02,20.75,20.950000762939453,20.149999618530273,20.700000762939453,15.978766441345215,3010750
2017-06-05,20.899999618530273,20.899999618530273,20.149999618530273,20.350000381469727,15.708593368530273,1096391
2017-06-06,20.549999237060547,20.549999237060547,19.799999237060547,20.100000381469727,15.515615463256836,1359000
2017-06-07,20.100000381469727,20.350000381469727,19.899999618530273,20.299999237060547,15.670000076293945,678300
2017-06-08,20.100000381469727,20.850000381469727,20.100000381469727,20.649999618530273,15.940170288085938,1728900
2017-06-09,20.700000762939453,21.149999618530273,20.700000762939453,21.0,16.21034812927246,1468080
2017-06-12,21.100000381469727,21.25,20.450000762939453,20.5,15.824384689331055,1138496
2017-06-13,20.549999237060547,20.899999618530273,20.5,20.649999618530273,15.940170288085938,688500
2017-06-14,20.850000381469727,21.049999237060547,20.600000381469727,20.700000762939453,15.978766441345215,399500
2017-06-15,20.850000381469727,21.200000762939453,20.399999618530273,21.049999237060547,16.248939514160156,1878763
2017-06-16,21.100000381469727,21.200000762939453,20.399999618530273,20.399999618530273,15.7471923828125,1302351
2017-06-19,20.5,20.75,20.5,20.649999618530273,15.940170288085938,487000
2017-06-20,20.5,20.700000762939453,20.350000381469727,20.350000381469727,15.708593368530273,976000
2017-06-21,20.25,20.600000381469727,20.25,20.350000381469727,15.708593368530273,599000
2017-06-22,20.5,20.600000381469727,20.25,20.350000381469727,15.708593368530273,729500
2017-06-23,20.350000381469727,20.399999618530273,20.049999237060547,20.149999618530273,15.55420970916748,1152000
2017-06-26,20.100000381469727,20.350000381469727,20.0,20.299999237060547,15.670000076293945,1344619
2017-06-27,20.299999237060547,20.399999618530273,19.8799991607666,19.920000076293945,15.376667976379395,1424000
2017-06-28,19.8799991607666,20.100000381469727,19.5,19.700000762939453,15.206850051879883,4818572
2017-06-29,19.979999542236328,20.0,19.600000381469727,19.81999969482422,15.299478530883789,2561400
2017-06-30,19.799999237060547,19.920000076293945,19.520000457763672,19.760000228881836,15.253162384033203,384815
2017-07-03,19.700000762939453,21.0,19.600000381469727,20.600000381469727,15.901573181152344,1877831
2017-07-04,20.600000381469727,20.799999237060547,20.049999237060547,20.299999237060547,15.670000076293945,361687
2017-07-05,20.299999237060547,20.649999618530273,20.200000762939453,20.5,15.824384689331055,1005957
2017-07-06,20.450000762939453,21.399999618530273,20.450000762939453,21.100000381469727,16.28753662109375,2623195
2017-07-07,21.0,22.600000381469727,21.0,22.149999618530273,17.098052978515625,4398790
2017-07-10,22.5,22.850000381469727,21.950000762939453,22.0,16.98226547241211,2582000
2017-07-11,21.799999237060547,22.700000762939453,21.799999237060547,22.549999237060547,17.40682029724121,1081853
2017-07-12,22.350000381469727,22.600000381469727,22.100000381469727,22.399999618530273,17.29102897644043,758500
2017-07-13,22.5,23.200000762939453,22.200000762939453,22.700000762939453,17.52260971069336,1955589
2017-07-14,23.100000381469727,23.100000381469727,22.649999618530273,22.950000762939453,17.715593338012695,991500
2017-07-17,22.450000762939453,23.149999618530273,22.149999618530273,23.100000381469727,17.831377029418945,1716000
2017-07-18,22.850000381469727,23.700000762939453,22.850000381469727,23.649999618530273,18.255935668945312,1929595
2017-07-19,23.649999618530273,23.899999618530273,23.299999237060547,23.700000762939453,18.294530868530273,1146500
2017-07-20,23.899999618530273,24.0,23.600000381469727,23.950000762939453,18.487512588500977,1125015
2017-07-21,24.0,24.0,23.75,23.850000381469727,18.410322189331055,432773
2017-07-24,23.799999237060547,24.0,23.75,23.950000762939453,18.487512588500977,993150
2017-07-25,23.950000762939453,23.950000762939453,23.649999618530273,23.899999618530273,18.448915481567383,903000
2017-07-26,23.950000762939453,24.600000381469727,23.649999618530273,24.450000762939453,18.873472213745117,1559500
2017-07-27,24.399999618530273,25.700000762939453,24.200000762939453,25.450000762939453,19.64539337158203,2769431
2017-07-28,25.399999618530273,25.75,25.0,25.450000762939453,19.64539337158203,1770000
2017-07-31,24.950000762939453,25.399999618530273,24.899999618530273,25.25,19.491004943847656,1074097
2017-08-01,25.25,25.299999237060547,24.950000762939453,25.049999237060547,19.33662223815918,1341100
2017-08-02,25.0,25.5,24.700000762939453,25.399999618530273,19.606796264648438,1232000
2017-08-03,25.649999618530273,25.700000762939453,25.399999618530273,25.549999237060547,19.72258186340332,712900
2017-08-04,25.700000762939453,25.75,25.049999237060547,25.200000762939453,19.452411651611328,446851
2017-08-07,25.25,25.5,25.149999618530273,25.350000381469727,19.568201065063477,450880
2017-08-08,25.399999618530273,25.799999237060547,25.200000762939453,25.649999618530273,19.799776077270508,1075500
2017-08-09,25.25,25.700000762939453,25.25,25.700000762939453,19.83837127685547,881000
2017-08-10,25.399999618530273,25.700000762939453,24.75,25.5,19.683990478515625,1339000
2017-08-11,25.0,25.399999618530273,24.299999237060547,25.350000381469727,19.568201065063477,1093500
2017-08-14,25.149999618530273,25.700000762939453,25.049999237060547,25.549999237060547,19.72258186340332,460700
2017-08-15,25.5,25.799999237060547,25.5,25.649999618530273,19.799776077270508,375000
2017-08-16,25.299999237060547,25.899999618530273,25.299999237060547,25.75,19.87696647644043,244300
2017-08-17,25.549999237060547,26.5,25.549999237060547,26.25,20.262929916381836,1388700
2017-08-18,26.0,26.5,25.700000762939453,26.350000381469727,20.34012222290039,729000
2017-08-21,26.350000381469727,28.25,26.0,27.799999237060547,21.459409713745117,2625000
2017-08-22,27.649999618530273,28.200000762939453,26.649999618530273,26.75,20.648889541625977,879791
2017-08-23,26.75,26.75,26.75,26.75,20.648889541625977,0
2017-08-24,27.299999237060547,29.850000381469727,27.299999237060547,29.25,22.578691482543945,8032819
2017-08-25,29.399999618530273,29.700000762939453,28.850000381469727,29.0,22.385711669921875,4785875
2017-08-28,28.75,29.0,27.5,28.5,21.999752044677734,902650
2017-08-29,28.100000381469727,28.700000762939453,28.0,28.649999618530273,22.11553955078125,511480
2017-08-30,28.549999237060547,28.950000762939453,28.299999237060547,28.649999618530273,22.11553955078125,369847
2017-08-31,28.649999618530273,28.649999618530273,27.25,28.0,21.613794326782227,738500
2017-09-01,28.200000762939453,28.450000762939453,27.75,28.100000381469727,21.690982818603516,552923
2017-09-04,27.899999618530273,27.899999618530273,27.350000381469727,27.850000381469727,21.498004913330078,472223
2017-09-05,28.0,28.0,27.350000381469727,27.75,21.420812606811523,362619
2017-09-06,27.850000381469727,28.0,27.399999618530273,28.0,21.613794326782227,311300
2017-09-07,28.0,28.149999618530273,27.75,28.100000381469727,21.690982818603516,415895
2017-09-08,28.0,28.950000762939453,27.950000762939453,28.950000762939453,22.347116470336914,1092509
2017-09-11,28.549999237060547,29.450000762939453,28.600000381469727,29.100000381469727,22.462905883789062,643914
2017-09-12,29.049999237060547,29.600000381469727,28.5,29.600000381469727,22.84886932373047,1464123
2017-09-13,29.600000381469727,30.549999237060547,29.049999237060547,30.149999618530273,23.273420333862305,1325195
2017-09-14,30.0,31.5,29.950000762939453,30.850000381469727,23.81376838684082,973800
2017-09-15,30.5,32.349998474121094,30.5,32.20000076293945,24.855863571166992,1691188
2017-09-18,32.25,33.20000076293945,31.799999237060547,33.099998474121094,25.550586700439453,1415900
2017-09-19,32.650001525878906,34.95000076293945,32.5,34.400001525878906,26.554088592529297,1613989
2017-09-20,34.0,35.20000076293945,34.0,34.5,26.63128089904785,1512374
2017-09-21,34.5,35.099998474121094,34.0,35.0,27.01723861694336,1047143
2017-09-22,35.099998474121094,35.95000076293945,34.54999923706055,35.79999923706055,27.634775161743164,1181000
2017-09-25,35.95000076293945,36.5,33.95000076293945,34.79999923706055,26.862855911254883,1583731
2017-09-26,34.79999923706055,36.0,33.75,33.849998474121094,26.12952995300293,2164518
2017-09-27,34.150001525878906,36.900001525878906,34.150001525878906,36.900001525878906,28.483890533447266,1632223
2017-09-28,37.0,37.0,35.79999923706055,36.0,27.78916358947754,687714
2017-09-29,35.79999923706055,38.150001525878906,35.70000076293945,38.150001525878906,29.448787689208984,1035240
2017-10-03,37.5,38.75,36.79999923706055,38.0,29.3330020904541,664835
2017-10-04,38.0,38.5,37.150001525878906,38.45000076293945,29.68037223815918,295000
2017-10-06,38.79999923706055,39.95000076293945,38.400001525878906,38.900001525878906,30.027732849121094,985258
2017-10-09,38.900001525878906,39.75,38.599998474121094,39.20000076293945,30.259307861328125,1796395
2017-10-10,39.79999923706055,41.900001525878906,39.5,40.75,31.455787658691406,2648944
2017-10-11,41.20000076293945,41.20000076293945,39.70000076293945,40.0,30.876848220825195,1060457
2017-10-12,40.0,40.150001525878906,38.0,39.599998474121094,30.56807518005371,1035188
2017-10-13,39.54999923706055,40.5,38.400001525878906,38.95000076293945,30.066326141357422,723900
2017-10-16,38.79999923706055,39.599998474121094,38.349998474121094,39.0,30.10492706298828,642000
2017-10-17,38.849998474121094,38.900001525878906,37.5,38.0,29.3330020904541,1051016
2017-10-18,38.29999923706055,41.0,37.75,41.0,31.64876937866211,1764000
2017-10-19,41.0,41.29999923706055,39.29999923706055,40.20000076293945,31.031230926513672,1267941
2017-10-20,40.95000076293945,40.95000076293945,39.849998474121094,40.150001525878906,30.992633819580078,556500
2017-10-23,40.95000076293945,40.95000076293945,39.099998474121094,39.70000076293945,30.645265579223633,669446
2017-10-24,39.849998474121094,41.75,39.0,39.79999923706055,30.72245979309082,2102372
2017-10-25,39.79999923706055,40.20000076293945,38.70000076293945,39.349998474121094,30.375093460083008,541000
2017-10-26,39.5,40.0,39.0,39.650001525878906,30.606672286987305,816500
2017-10-27,39.900001525878906,39.900001525878906,36.099998474121094,36.599998474121094,28.25231170654297,2937964
2017-10-30,37.54999923706055,38.5,37.04999923706055,37.70000076293945,29.101423263549805,1553000
2017-10-31,38.0,40.79999923706055,37.75,40.75,31.455787658691406,3095452
2017-11-01,41.0,41.400001525878906,40.349998474121094,41.0,31.64876937866211,676500
2017-11-02,41.25,41.5,39.900001525878906,40.150001525878906,30.992633819580078,427500
2017-11-03,40.900001525878906,41.0,39.95000076293945,40.20000076293945,31.031230926513672,705992
2017-11-06,41.0,42.29999923706055,39.5,41.599998474121094,32.11191940307617,1769300
2017-11-07,41.599998474121094,43.79999923706055,41.599998474121094,42.79999923706055,33.03822326660156,1438304
2017-11-08,42.79999923706055,43.79999923706055,42.54999923706055,42.900001525878906,33.11541748046875,1561500
2017-11-09,42.29999923706055,42.70000076293945,40.900001525878906,41.849998474121094,32.304901123046875,749800
2017-11-10,41.349998474121094,41.400001525878906,40.099998474121094,40.45000076293945,31.224210739135742,1143000
2017-11-13,40.5,41.900001525878906,39.45000076293945,39.900001525878906,30.799657821655273,1245000
2017-11-14,42.20000076293945,44.0,40.45000076293945,43.79999923706055,33.810142517089844,6002246
2017-11-15,43.849998474121094,44.75,42.04999923706055,43.20000076293945,33.34699630737305,2136375
2017-11-16,42.150001525878906,43.5,42.150001525878906,43.20000076293945,33.34699630737305,787660
2017-11-17,43.5,44.45000076293945,43.20000076293945,43.650001525878906,33.694358825683594,712300
2017-11-20,43.79999923706055,43.900001525878906,42.5,43.79999923706055,33.810142517089844,526748
2017-11-21,43.650001525878906,44.5,42.900001525878906,44.25,34.157508850097656,1002215
2017-11-22,44.45000076293945,45.900001525878906,44.25,45.5,35.122413635253906,1539906
2017-11-23,44.849998474121094,45.900001525878906,44.5,45.400001525878906,35.04521942138672,1334114
2017-11-24,46.900001525878906,47.75,45.0,45.849998474121094,35.392581939697266,2896802
2017-11-27,45.150001525878906,46.95000076293945,45.150001525878906,45.349998474121094,35.006622314453125,956723
2017-11-28,45.70000076293945,45.70000076293945,43.5,45.04999923706055,34.775054931640625,965985
2017-11-29,43.70000076293945,44.900001525878906,43.70000076293945,44.25,34.157508850097656,328028
2017-11-30,43.75,44.0,42.400001525878906,42.849998474121094,33.07681655883789,2993679
2017-12-01,43.400001525878906,44.45000076293945,42.599998474121094,44.0,33.96453094482422,2019274
2017-12-04,45.099998474121094,46.95000076293945,44.75,46.95000076293945,36.24169921875,2034741
2017-12-05,46.95000076293945,47.45000076293945,46.650001525878906,47.099998474121094,36.357486724853516,829500
2017-12-06,47.04999923706055,47.04999923706055,44.099998474121094,45.599998474121094,35.19960403442383,1125000
2017-12-07,45.0,47.400001525878906,45.0,46.25,35.701351165771484,765300
2017-12-08,46.25,47.400001525878906,46.25,47.25,36.4732780456543,1321770
2017-12-11,46.0,50.04999923706055,46.0,49.849998474121094,38.48026657104492,1001283
2017-12-12,50.54999923706055,51.29999923706055,49.29999923706055,49.650001525878906,38.32588577270508,1137000
2017-12-13,49.599998474121094,51.0,49.599998474121094,50.400001525878906,38.904823303222656,675800
2017-12-14,50.0,50.54999923706055,49.650001525878906,50.5,38.98200988769531,386060
2017-12-15,50.5,50.5,49.29999923706055,49.29999923706055,38.05570983886719,826987
2017-12-18,49.20000076293945,51.349998474121094,49.20000076293945,50.45000076293945,38.943416595458984,609769
2017-12-19,50.5,51.45000076293945,49.70000076293945,50.04999923706055,38.63465118408203,447940
2017-12-20,50.54999923706055,50.95000076293945,49.54999923706055,50.54999923706055,39.02061462402344,739958
2017-12-21,50.54999923706055,51.45000076293945,49.45000076293945,49.54999923706055,38.24869155883789,765392
2017-12-22,49.54999923706055,50.29999923706055,49.29999923706055,50.0,38.5960578918457,616000
2017-12-27,50.0,50.79999923706055,49.20000076293945,49.900001525878906,38.51885986328125,568330
2017-12-28,50.45000076293945,50.54999923706055,49.29999923706055,50.0,38.5960578918457,630500
2017-12-29,49.349998474121094,52.150001525878906,49.20000076293945,51.900001525878906,40.062705993652344,2424046
2018-01-02,51.900001525878906,52.79999923706055,50.400001525878906,51.400001525878906,39.67674255371094,869000
2018-01-03,51.400001525878906,51.400001525878906,49.650001525878906,50.0,38.5960578918457,989300
2018-01-04,50.0,50.45000076293945,49.400001525878906,49.900001525878906,38.51885986328125,557300
2018-01-05,50.25,50.25,48.0,50.0,38.5960578918457,965211
2018-01-08,50.0,51.45000076293945,49.400001525878906,49.54999923706055,38.24869155883789,914626
2018-01-09,48.95000076293945,50.400001525878906,48.25,49.0,37.82413864135742,772706
2018-01-10,49.20000076293945,50.150001525878906,48.900001525878906,49.54999923706055,38.24869155883789,656489
2018-01-11,50.0,50.0,46.54999923706055,47.29999923706055,36.511871337890625,1747435
2018-01-12,47.25,48.099998474121094,46.54999923706055,47.0,36.28029251098633,1283650
2018-01-15,47.0,47.0,45.5,46.400001525878906,35.817142486572266,1163022
2018-01-16,46.150001525878906,48.900001525878906,46.150001525878906,47.849998474121094,36.936424255371094,1381500
2018-01-17,47.900001525878906,49.349998474121094,47.900001525878906,48.900001525878906,37.746944427490234,1498272
2018-01-18,49.150001525878906,49.95000076293945,48.54999923706055,48.79999923706055,37.66975402832031,1273500
2018-01-19,48.599998474121094,48.79999923706055,46.29999923706055,48.54999923706055,37.476768493652344,871500
2018-01-22,48.599998474121094,49.29999923706055,48.349998474121094,49.150001525878906,37.93992614746094,518121
2018-01-23,50.0,50.900001525878906,49.54999923706055,50.849998474121094,39.2521858215332,1586027
2018-01-24,51.150001525878906,52.650001525878906,50.349998474121094,52.099998474121094,40.21709060668945,1514950
2018-01-25,52.79999923706055,53.45000076293945,50.25,52.70000076293945,40.68024444580078,1361430
2018-01-26,53.0,54.599998474121094,53.0,53.75,41.49076461791992,1511823
2018-01-29,54.650001525878906,54.650001525878906,52.099998474121094,53.5,41.29777908325195,849700
2018-01-30,53.29999923706055,53.29999923706055,52.0,53.04999923706055,40.950416564941406,932200
2018-01-31,52.099998474121094,54.95000076293945,52.0,54.95000076293945,42.41707229614258,1348000
2018-02-01,54.599998474121094,54.75,52.650001525878906,53.5,41.29777908325195,845429
2018-02-02,53.04999923706055,53.45000076293945,52.0,53.349998474121094,41.18199157714844,519029
2018-02-05,52.5,53.0,51.5,52.75,40.718841552734375,648260
2018-02-06,51.599998474121094,51.599998474121094,49.20000076293945,49.75,38.40306854248047,3201000
2018-02-07,48.150001525878906,50.900001525878906,48.150001525878906,48.79999923706055,37.66975402832031,1782000
2018-02-08,48.400001525878906,49.79999923706055,48.400001525878906,49.099998474121094,37.901329040527344,509000
2018-02-09,48.0,48.29999923706055,46.04999923706055,48.0,37.05221176147461,2252920
2018-02-12,47.25,49.45000076293945,47.599998474121094,49.20000076293945,37.97852325439453,605660
2018-02-13,49.29999923706055,50.75,47.650001525878906,48.79999923706055,37.66975402832031,377388
2018-02-14,49.0,49.70000076293945,47.5,48.29999923706055,37.28379440307617,685579
2018-02-15,48.0,49.849998474121094,48.0,49.0,37.82413864135742,389000
2018-02-20,50.0,51.0,48.70000076293945,49.5,38.21009826660156,236600
2018-02-21,50.5,50.5,48.29999923706055,48.349998474121094,37.322383880615234,739275
2018-02-22,49.099998474121094,49.25,48.04999923706055,48.400001525878906,37.360984802246094,538500
2018-02-23,49.0,49.95000076293945,48.5,49.29999923706055,38.05570983886719,892226
2018-02-26,50.0,50.0,48.900001525878906,48.95000076293945,37.78553771972656,321846
2018-02-27,49.0,49.400001525878906,47.5,48.650001525878906,37.55397033691406,617945
2018-02-28,48.650001525878906,48.650001525878906,46.79999923706055,47.150001525878906,36.39608383178711,909500
2018-03-01,45.54999923706055,48.79999923706055,45.150001525878906,48.75,37.63115310668945,1046272
2018-03-02,48.75,48.900001525878906,47.45000076293945,48.70000076293945,37.592559814453125,253500
2018-03-05,48.20000076293945,49.849998474121094,46.54999923706055,47.150001525878906,36.39608383178711,621500
2018-03-06,48.150001525878906,48.70000076293945,47.5,48.54999923706055,37.476768493652344,568118
2018-03-07,48.650001525878906,49.849998474121094,47.75,49.25,38.017120361328125,1026000
2018-03-08,48.599998474121094,50.0,48.45000076293945,49.79999923706055,38.441673278808594,540500
2018-03-09,49.650001525878906,50.900001525878906,48.0,49.29999923706055,38.05570983886719,924732
2018-03-12,50.0,50.5,47.5,50.20000076293945,38.75044631958008,761300
2018-03-13,49.95000076293945,50.599998474121094,49.29999923706055,50.150001525878906,38.71184539794922,418300
2018-03-14,50.5,50.70000076293945,49.29999923706055,49.900001525878906,38.51885986328125,620000
2018-03-15,49.5,52.29999923706055,49.150001525878906,51.70000076293945,39.9083251953125,1065315
2018-03-16,51.400001525878906,54.29999923706055,52.29999923706055,53.849998474121094,41.56795120239258,1449000
2018-03-19,53.849998474121094,53.849998474121094,52.04999923706055,52.5,40.52585983276367,466500
2018-03-20,53.04999923706055,53.04999923706055,51.29999923706055,52.29999923706055,40.3714714050293,260500
2018-03-21,52.54999923706055,54.900001525878906,52.54999923706055,53.25,41.10480499267578,749800
2018-03-22,53.400001525878906,54.95000076293945,53.04999923706055,53.70000076293945,41.45216751098633,839500
2018-03-23,52.849998474121094,52.849998474121094,50.349998474121094,52.0,40.139896392822266,827000
2018-03-26,52.0,53.849998474121094,48.25,53.400001525878906,41.2205924987793,1819608
2018-03-27,54.0,58.25,54.0,58.150001525878906,44.887210845947266,4850339
2018-03-28,57.54999923706055,59.650001525878906,57.0,58.54999923706055,45.195980072021484,1832847
2018-03-29,58.79999923706055,59.95000076293945,57.599998474121094,59.75,46.12228775024414,1916249
2018-04-03,60.0,60.0,57.400001525878906,59.54999923706055,45.96790313720703,1901006
2018-04-04,59.0,60.5,58.29999923706055,59.400001525878906,45.85212326049805,981191
2018-04-06,60.400001525878906,62.5,59.79999923706055,62.29999923706055,48.09069061279297,1987231
2018-04-09,62.0,62.599998474121094,60.599998474121094,62.5,48.24507141113281,1496804
2018-04-10,62.79999923706055,62.79999923706055,61.5,62.650001525878906,48.360862731933594,1242316
2018-04-11,58.79999923706055,59.95000076293945,57.0,58.0,44.77142333984375,26636917
2018-04-12,58.0,59.5,57.599998474121094,58.29999923706055,45.00300598144531,1910365
2018-04-13,58.54999923706055,59.75,58.20000076293945,59.5,45.92930221557617,1360593
2018-04-16,60.0,60.099998474121094,58.349998474121094,59.099998474121094,45.62053680419922,954137
2018-04-17,59.5,60.79999923706055,58.79999923706055,60.150001525878906,46.431053161621094,2169073
2018-04-18,60.599998474121094,61.79999923706055,59.04999923706055,59.95000076293945,46.27667236328125,1482663
2018-04-19,60.25,62.5,59.900001525878906,61.400001525878906,47.395957946777344,1825045
2018-04-20,61.04999923706055,61.04999923706055,58.54999923706055,59.0,45.5433464050293,1195000
2018-04-23,59.29999923706055,59.599998474121094,55.70000076293945,56.650001525878906,43.729331970214844,2649000
2018-04-24,55.900001525878906,57.70000076293945,55.900001525878906,56.25,43.42055892944336,1357113
2018-04-25,55.20000076293945,56.900001525878906,55.0,56.849998474121094,43.88371658325195,1075542
2018-04-26,55.849998474121094,58.79999923706055,54.04999923706055,55.70000076293945,42.996009826660156,902423
2018-04-27,55.20000076293945,57.849998474121094,54.900001525878906,57.79999923706055,44.617042541503906,1453050
2018-04-30,57.79999923706055,57.79999923706055,56.0,56.5,43.61354064941406,588417
2018-05-02,55.79999923706055,58.04999923706055,55.400001525878906,57.45000076293945,44.34687423706055,1405800
2018-05-03,57.5,57.900001525878906,55.099998474121094,56.70000076293945,43.76792907714844,2676972
2018-05-04,56.20000076293945,56.5,54.599998474121094,54.95000076293945,42.41707229614258,1460500
2018-05-07,54.95000076293945,57.5,54.400001525878906,56.70000076293945,43.76792907714844,2412224
2018-05-08,56.04999923706055,58.650001525878906,56.04999923706055,57.70000076293945,44.539852142333984,1227784
2018-05-09,58.75,59.849998474121094,58.70000076293945,59.79999923706055,46.160884857177734,1197400
2018-05-10,59.79999923706055,60.099998474121094,58.54999923706055,59.04999923706055,45.581939697265625,427007
2018-05-11,59.29999923706055,59.45000076293945,57.79999923706055,59.099998474121094,45.62053680419922,347500
2018-05-14,60.0,60.04999923706055,58.79999923706055,58.79999923706055,45.38896179199219,431895
2018-05-15,57.79999923706055,59.849998474121094,57.79999923706055,58.75,45.350364685058594,485368
2018-05-16,58.79999923706055,59.45000076293945,57.70000076293945,58.900001525878906,45.46615219116211,650495
2018-05-17,58.20000076293945,58.5,57.0,57.0,43.99950408935547,1045887
2018-05-18,56.099998474121094,57.849998474121094,56.0,57.599998474121094,44.462650299072266,464864
2018-05-21,56.79999923706055,58.099998474121094,56.29999923706055,57.5,44.385467529296875,339000
2018-05-23,59.29999923706055,60.75,59.04999923706055,59.849998474121094,46.1994743347168,2682515
2018-05-24,60.79999923706055,60.79999923706055,57.79999923706055,58.599998474121094,45.23457336425781,900607
2018-05-25,59.099998474121094,60.04999923706055,58.150001525878906,59.599998474121094,46.00649642944336,1039241
2018-05-28,59.70000076293945,64.25,59.70000076293945,61.849998474121094,47.743324279785156,2227159
2018-05-29,61.25,64.5,61.0,62.349998474121094,48.12928009033203,1445819
2018-05-30,62.29999923706055,62.29999923706055,59.20000076293945,60.0,46.315269470214844,1334500
2018-05-31,59.099998474121094,61.650001525878906,59.099998474121094,61.650001525878906,47.58893585205078,1392726
2018-06-01,61.650001525878906,62.150001525878906,60.0,61.79999923706055,47.70472717285156,1300205
2018-06-04,61.79999923706055,62.349998474121094,60.0,60.45000076293945,46.662628173828125,1190386
2018-06-05,61.29999923706055,61.29999923706055,60.0,60.599998474121094,46.778419494628906,687764
2018-06-06,61.75,61.75,59.70000076293945,60.04999923706055,46.35386657714844,1290403
2018-06-07,60.25,61.0,59.75,60.95000076293945,47.04859924316406,1605400
2018-06-08,61.0,61.0,58.79999923706055,59.45000076293945,45.890708923339844,1056500
2018-06-11,59.45000076293945,61.25,58.5,60.599998474121094,46.778419494628906,1110000
2018-06-12,61.20000076293945,61.400001525878906,60.04999923706055,60.900001525878906,47.01000213623047,574156
2018-06-13,61.70000076293945,61.70000076293945,59.900001525878906,60.79999923706055,46.93280792236328,556950
2018-06-14,61.0,61.0,58.849998474121094,59.45000076293945,45.890708923339844,1077500
2018-06-15,60.0,60.0,56.900001525878906,57.650001525878906,44.501258850097656,2486909
2018-06-19,58.79999923706055,58.79999923706055,54.0,54.95000076293945,42.41707229614258,1766500
2018-06-20,55.5,58.20000076293945,55.0,56.400001525878906,43.536346435546875,1419431
2018-06-21,57.54999923706055,58.20000076293945,56.20000076293945,57.099998474121094,44.076690673828125,1116500
2018-06-22,58.20000076293945,58.20000076293945,56.29999923706055,57.29999923706055,44.2310791015625,792500
2018-06-25,58.29999923706055,58.29999923706055,56.599998474121094,57.29999923706055,44.2310791015625,436000
2018-06-26,56.75,57.95000076293945,55.29999923706055,57.79999923706055,44.617042541503906,852785
2018-06-27,57.150001525878906,57.29999923706055,55.0,56.70000076293945,43.76792907714844,1796689
2018-06-28,56.45000076293945,57.29999923706055,53.400001525878906,54.20000076293945,41.838130950927734,1760313
2018-06-29,53.20000076293945,56.0,53.20000076293945,54.099998474121094,41.76093673706055,836646
2018-07-03,55.79999923706055,56.0,49.400001525878906,50.95000076293945,39.32938003540039,3687537
2018-07-04,50.95000076293945,52.650001525878906,50.150001525878906,50.25,38.789031982421875,882606
2018-07-05,49.900001525878906,50.45000076293945,47.20000076293945,50.150001525878906,38.71184539794922,2318245
2018-07-06,51.099998474121094,53.45000076293945,50.099998474121094,52.20000076293945,40.29427719116211,1314711
2018-07-09,53.349998474121094,53.650001525878906,52.150001525878906,52.5,40.52585983276367,751000
2018-07-10,52.0,53.54999923706055,50.95000076293945,52.5,40.52585983276367,1230490
2018-07-11,52.5,52.5,50.75,52.0,40.139896392822266,827000
2018-07-12,52.650001525878906,53.849998474121094,52.099998474121094,53.75,41.49076461791992,978476
2018-07-13,53.099998474121094,56.79999923706055,53.099998474121094,56.150001525878906,43.34337615966797,1846313
2018-07-16,56.150001525878906,56.79999923706055,55.400001525878906,56.25,43.42055892944336,1445242
2018-07-17,55.599998474121094,56.400001525878906,53.70000076293945,56.400001525878906,43.536346435546875,1411500
2018-07-18,55.5,58.70000076293945,55.20000076293945,57.900001525878906,44.69423294067383,1360000
2018-07-19,57.0,58.150001525878906,56.599998474121094,56.95000076293945,43.960906982421875,316095
2018-07-20,57.5,58.5,55.70000076293945,58.349998474121094,45.04159927368164,713281
2018-07-23,57.0,58.79999923706055,55.45000076293945,56.25,43.42055892944336,762700
2018-07-24,56.150001525878906,59.5,55.599998474121094,58.79999923706055,45.38896179199219,1314400
2018-07-25,59.70000076293945,59.900001525878906,57.849998474121094,58.349998474121094,45.04159927368164,1111955
2018-07-26,58.900001525878906,59.849998474121094,58.54999923706055,59.04999923706055,45.581939697265625,719800
2018-07-27,60.45000076293945,61.75,59.400001525878906,61.70000076293945,47.62753677368164,1077833
2018-07-30,61.5,61.54999923706055,59.150001525878906,59.900001525878906,46.238075256347656,774580
2018-07-31,60.0,60.0,58.04999923706055,58.29999923706055,45.00300598144531,1096000
2018-08-01,59.0,60.0,57.900001525878906,58.70000076293945,45.311771392822266,1150000
2018-08-02,58.29999923706055,59.099998474121094,55.75,58.099998474121094,44.848609924316406,1344400
2018-08-03,57.70000076293945,58.150001525878906,55.599998474121094,56.099998474121094,43.30477523803711,1154500
2018-08-06,56.599998474121094,58.45000076293945,54.099998474121094,54.150001525878906,41.79953384399414,1791651
2018-08-07,54.5,56.849998474121094,54.150001525878906,55.0,42.455657958984375,1370700
2018-08-08,55.04999923706055,55.900001525878906,53.29999923706055,53.45000076293945,41.259185791015625,1070280
2018-08-09,53.650001525878906,54.849998474121094,52.5,54.849998474121094,42.33986282348633,843500
2018-08-10,54.79999923706055,55.400001525878906,53.70000076293945,54.0,41.68373489379883,562000
2018-08-13,53.70000076293945,53.70000076293945,51.599998474121094,52.599998474121094,40.603050231933594,641556
2018-08-14,52.599998474121094,52.599998474121094,50.849998474121094,51.0,39.36798095703125,858500
2018-08-15,51.150001525878906,51.150001525878906,46.099998474121094,46.099998474121094,35.58556365966797,3392696
2018-08-16,46.349998474121094,48.150001525878906,44.0,47.900001525878906,36.97502517700195,2233743
2018-08-17,48.79999923706055,50.400001525878906,45.599998474121094,46.04999923706055,35.546966552734375,1403121
2018-08-20,46.650001525878906,47.5,45.650001525878906,45.79999923706055,35.35398483276367,815700
2018-08-21,45.75,51.400001525878906,45.75,50.400001525878906,38.904823303222656,1242000
2018-08-22,50.400001525878906,50.849998474121094,48.70000076293945,49.29999923706055,38.05570983886719,1231967
2018-08-23,49.75,53.25,49.0,51.650001525878906,39.869728088378906,1828300
2018-08-24,50.849998474121094,50.849998474121094,48.0,50.25,38.789031982421875,1556505
2018-08-27,50.79999923706055,52.0,50.400001525878906,51.70000076293945,39.9083251953125,596086
2018-08-28,51.70000076293945,51.75,50.0,51.150001525878906,39.48377227783203,1074500
2018-08-29,51.70000076293945,53.099998474121094,50.95000076293945,52.25,40.33287811279297,1412910
2018-08-30,53.0,53.400001525878906,52.45000076293945,52.650001525878906,40.64164733886719,1299085
2018-08-31,52.54999923706055,52.54999923706055,49.29999923706055,49.75,38.40306854248047,2035100
2018-09-03,50.0,50.0,47.29999923706055,48.5,37.43818283081055,1437067
2018-09-04,48.29999923706055,49.20000076293945,47.25,48.400001525878906,37.360984802246094,708108
2018-09-05,48.900001525878906,48.900001525878906,46.5,47.0,36.28029251098633,787463
2018-09-06,47.150001525878906,47.29999923706055,46.0,46.54999923706055,35.93293380737305,1154000
2018-09-07,46.54999923706055,47.650001525878906,45.95000076293945,46.29999923706055,35.73994827270508,737500
2018-09-10,46.54999923706055,46.599998474121094,45.099998474121094,46.04999923706055,35.546966552734375,784500
2018-09-11,46.150001525878906,46.150001525878906,44.29999923706055,45.150001525878906,34.852237701416016,1262000
2018-09-12,45.20000076293945,45.20000076293945,43.0,43.849998474121094,33.84873580932617,1420120
2018-09-13,44.0,45.0,42.29999923706055,44.25,34.157508850097656,1624000
2018-09-14,45.599998474121094,45.599998474121094,44.45000076293945,45.0,34.736454010009766,1043000
2018-09-17,44.95000076293945,44.95000076293945,43.400001525878906,44.150001525878906,34.080322265625,571000
2018-09-18,44.20000076293945,44.650001525878906,42.650001525878906,44.099998474121094,34.04172134399414,360800
2018-09-19,43.45000076293945,45.45000076293945,43.45000076293945,45.150001525878906,34.852237701416016,916771
2018-09-20,44.45000076293945,48.0,44.45000076293945,45.849998474121094,35.392581939697266,585638
2018-09-21,45.95000076293945,48.599998474121094,46.150001525878906,48.599998474121094,37.51537322998047,727940
2018-09-24,48.0,48.650001525878906,47.5,48.5,37.43818283081055,947000
2018-09-26,48.349998474121094,48.349998474121094,46.599998474121094,47.25,36.4732780456543,983400
2018-09-27,47.599998474121094,47.79999923706055,46.150001525878906,46.150001525878906,35.62416076660156,338594
2018-09-28,46.150001525878906,47.45000076293945,46.150001525878906,47.0,36.28029251098633,820388
2018-10-02,46.75,46.79999923706055,46.04999923706055,46.29999923706055,35.73994827270508,317972
2018-10-03,47.0,47.25,46.04999923706055,46.5,35.89432907104492,284500
2018-10-04,47.099998474121094,47.099998474121094,46.0,46.29999923706055,35.73994827270508,381992
2018-10-05,46.0,46.70000076293945,43.599998474121094,44.25,34.157508850097656,678992
2018-10-08,43.900001525878906,44.25,42.29999923706055,42.70000076293945,32.961036682128906,1514592
2018-10-09,43.349998474121094,43.349998474121094,41.70000076293945,43.349998474121094,33.46278381347656,735418
2018-10-10,42.79999923706055,44.150001525878906,42.400001525878906,43.099998474121094,33.269798278808594,1690502
2018-10-11,41.849998474121094,42.400001525878906,40.70000076293945,41.54999923706055,32.07332992553711,748700
2018-10-12,41.54999923706055,43.599998474121094,41.0,43.20000076293945,33.34699630737305,718365
2018-10-15,43.400001525878906,43.75,41.900001525878906,42.349998474121094,32.69086456298828,643500
2018-10-16,41.75,42.70000076293945,40.400001525878906,40.900001525878906,31.571575164794922,746000
2018-10-18,40.79999923706055,40.900001525878906,39.20000076293945,39.20000076293945,30.259307861328125,1629500
2018-10-19,38.349998474121094,38.349998474121094,36.29999923706055,37.54999923706055,28.985641479492188,2625100
2018-10-22,38.04999923706055,43.75,38.04999923706055,42.45000076293945,32.7680549621582,1814600
2018-10-23,42.650001525878906,42.79999923706055,40.849998474121094,41.75,32.22770690917969,1662747
2018-10-24,42.400001525878906,42.400001525878906,40.54999923706055,40.599998474121094,31.34000015258789,1883960
2018-10-25,38.599998474121094,41.54999923706055,38.599998474121094,39.95000076293945,30.838253021240234,749700
2018-10-26,40.29999923706055,40.849998474121094,39.099998474121094,39.650001525878906,30.606672286987305,1205603
2018-10-29,41.400001525878906,41.400001525878906,38.900001525878906,39.650001525878906,30.606672286987305,629228
2018-10-30,39.599998474121094,41.0,38.20000076293945,40.70000076293945,31.417186737060547,1127501
2018-10-31,41.20000076293945,44.599998474121094,41.04999923706055,44.599998474121094,34.42768096923828,1370684
2018-11-01,44.650001525878906,45.0,42.5,43.400001525878906,33.50136947631836,2202001
2018-11-02,42.099998474121094,48.45000076293945,42.099998474121094,47.45000076293945,36.62765884399414,2538571
2018-11-05,45.599998474121094,47.400001525878906,43.25,47.20000076293945,36.43467330932617,2346000
2018-11-06,45.400001525878906,47.0,45.0,47.0,36.28029251098633,746503
2018-11-07,46.25,48.20000076293945,45.150001525878906,47.45000076293945,36.62765884399414,1134500
2018-11-08,47.79999923706055,47.79999923706055,45.400001525878906,46.29999923706055,35.73994827270508,1395541
2018-11-09,45.5,46.349998474121094,45.45000076293945,45.75,35.31539535522461,917483
2018-11-12,45.29999923706055,46.5,44.29999923706055,46.150001525878906,35.62416076660156,693893
2018-11-13,45.0,48.150001525878906,44.45000076293945,48.150001525878906,37.16800308227539,1076000
2018-11-14,48.400001525878906,49.5,47.349998474121094,47.650001525878906,36.782047271728516,1085649
2018-11-15,48.0,51.099998474121094,47.95000076293945,50.95000076293945,39.32938003540039,2195500
2018-11-16,49.95000076293945,51.099998474121094,48.900001525878906,50.04999923706055,38.63465118408203,1368000
2018-11-19,50.29999923706055,50.95000076293945,48.04999923706055,50.349998474121094,38.86623001098633,906001
2018-11-20,49.95000076293945,50.150001525878906,48.599998474121094,49.0,37.82413864135742,907000
2018-11-21,47.04999923706055,49.29999923706055,47.04999923706055,48.95000076293945,37.78553771972656,1028500
2018-11-22,53.0,54.0,50.75,51.75,39.94691848754883,5424543
2018-11-23,51.0,52.849998474121094,51.0,52.599998474121094,40.603050231933594,2016358
2018-11-26,52.79999923706055,53.54999923706055,51.849998474121094,52.5,40.52585983276367,867182
2018-11-27,53.5,53.5,51.650001525878906,52.0,40.139896392822266,1334001
2018-11-28,53.0,53.0,51.5,52.04999923706055,40.17849349975586,357900
2018-11-29,52.0,52.900001525878906,52.0,52.29999923706055,40.3714714050293,1157130
2018-11-30,50.599998474121094,50.75,48.099998474121094,50.29999923706055,38.82762908935547,5374000
2018-12-03,50.75,52.45000076293945,50.75,51.0,39.36798095703125,1474000
2018-12-04,50.70000076293945,52.25,49.29999923706055,50.099998474121094,38.67324447631836,1354006
2018-12-05,49.79999923706055,51.45000076293945,49.79999923706055,51.400001525878906,39.67674255371094,995549
2018-12-06,51.29999923706055,51.29999923706055,50.04999923706055,50.599998474121094,39.05921173095703,636304
2018-12-07,50.79999923706055,50.849998474121094,49.900001525878906,50.349998474121094,38.86623001098633,386150
2018-12-10,50.29999923706055,50.400001525878906,50.04999923706055,50.150001525878906,38.71184539794922,621100
2018-12-11,50.099998474121094,51.400001525878906,50.04999923706055,50.150001525878906,38.71184539794922,815500
2018-12-12,51.0,51.70000076293945,50.20000076293945,50.70000076293945,39.13640213012695,305362
2018-12-13,51.70000076293945,52.0,50.650001525878906,51.04999923706055,39.406578063964844,770000
2018-12-14,51.400001525878906,51.650001525878906,50.5,50.650001525878906,39.097801208496094,423000
2018-12-17,50.650001525878906,51.349998474121094,49.150001525878906,50.849998474121094,39.2521858215332,603500
2018-12-18,50.0,50.400001525878906,49.70000076293945,49.900001525878906,38.51885986328125,619500
2018-12-19,50.5,51.04999923706055,46.400001525878906,46.5,35.89432907104492,1357350
2018-12-20,46.5,48.0,45.0,46.79999923706055,36.12590789794922,1436000
2018-12-21,45.95000076293945,46.150001525878906,44.54999923706055,45.650001525878906,35.238197326660156,1085000
2018-12-24,44.650001525878906,45.95000076293945,44.650001525878906,45.79999923706055,35.35398483276367,222020
2018-12-27,45.79999923706055,47.0,43.150001525878906,43.75,33.77154541015625,840000
2018-12-28,42.95000076293945,44.54999923706055,42.349998474121094,44.349998474121094,34.23469543457031,553806
2018-12-31,44.0,44.900001525878906,43.5,44.70000076293945,34.5048713684082,181000
2019-01-02,45.599998474121094,45.599998474121094,42.0,42.29999923706055,32.65226364135742,740352
2019-01-03,42.29999923706055,42.849998474121094,38.79999923706055,40.70000076293945,31.417186737060547,4624929
2019-01-04,39.650001525878906,41.79999923706055,39.5,41.349998474121094,31.91893768310547,734881
2019-01-07,42.04999923706055,42.70000076293945,39.54999923706055,41.0,31.64876937866211,831000
2019-01-08,40.29999923706055,42.150001525878906,40.150001525878906,41.70000076293945,32.18911361694336,298880
2019-01-09,41.849998474121094,44.20000076293945,41.849998474121094,43.0,33.192604064941406,912500
2019-01-10,42.75,44.650001525878906,42.29999923706055,44.150001525878906,34.080322265625,574999
2019-01-11,44.150001525878906,45.5,43.400001525878906,45.0,34.736454010009766,477880
2019-01-14,44.650001525878906,47.45000076293945,42.54999923706055,43.0,33.192604064941406,604000
2019-01-15,43.04999923706055,43.70000076293945,42.54999923706055,43.349998474121094,33.46278381347656,373500
2019-01-16,42.650001525878906,44.5,42.650001525878906,44.0,33.96453094482422,262500
2019-01-17,44.0,44.20000076293945,42.95000076293945,43.20000076293945,33.34699630737305,436600
2019-01-18,43.70000076293945,43.70000076293945,41.75,43.0,33.192604064941406,959000
2019-01-21,43.5,43.849998474121094,42.0,42.5,32.8066520690918,528000
2019-01-22,42.900001525878906,43.29999923706055,42.5,42.75,32.999629974365234,580900
2019-01-23,42.900001525878906,43.650001525878906,42.849998474121094,43.349998474121094,33.46278381347656,504500
2019-01-24,43.349998474121094,44.0,43.150001525878906,43.70000076293945,33.73295593261719,326500
2019-01-25,42.650001525878906,45.20000076293945,42.650001525878906,44.400001525878906,34.27329635620117,502000
2019-01-28,44.04999923706055,44.04999923706055,43.0,43.75,33.77154541015625,958000
2019-01-29,43.400001525878906,45.79999923706055,42.29999923706055,45.70000076293945,35.27679443359375,751000
2019-01-30,45.650001525878906,45.75,44.5,45.400001525878906,35.04521942138672,928974
2019-01-31,45.0,48.0,44.0,47.79999923706055,36.897830963134766,1476251
2019-02-01,47.95000076293945,48.95000076293945,46.900001525878906,48.900001525878906,37.746944427490234,830951
2019-02-04,48.650001525878906,48.650001525878906,46.25,47.5,36.666255950927734,377779
2019-02-08,46.45000076293945,47.349998474121094,46.04999923706055,46.849998474121094,36.16450881958008,633987
2019-02-11,46.29999923706055,47.75,45.5,47.45000076293945,36.62765884399414,249556
2019-02-12,46.849998474121094,48.25,46.349998474121094,48.150001525878906,37.16800308227539,592780
2019-02-13,48.349998474121094,49.79999923706055,48.29999923706055,49.70000076293945,38.364479064941406,1110869
2019-02-14,49.70000076293945,50.04999923706055,48.79999923706055,49.650001525878906,38.32588577270508,326000
2019-02-15,49.04999923706055,49.29999923706055,47.70000076293945,48.5,37.43818283081055,1340294
2019-02-18,48.75,49.900001525878906,48.25,49.54999923706055,38.24869155883789,198900
2019-02-19,48.79999923706055,48.849998474121094,47.20000076293945,47.5,36.666255950927734,3156500
2019-02-20,47.0,48.150001525878906,46.849998474121094,47.900001525878906,36.97502517700195,2076200
2019-02-21,47.5,49.349998474121094,46.29999923706055,48.5,37.43818283081055,1035100
2019-02-22,48.599998474121094,50.099998474121094,48.04999923706055,49.95000076293945,38.55746078491211,776900
2019-02-25,49.95000076293945,50.95000076293945,48.79999923706055,48.849998474121094,37.70834732055664,509500
2019-02-26,48.599998474121094,50.54999923706055,48.5,49.79999923706055,38.441673278808594,617274
2019-02-27,49.150001525878906,49.150001525878906,48.349998474121094,49.150001525878906,37.93992614746094,953000
2019-02-28,49.400001525878906,52.5,49.400001525878906,50.650001525878906,39.097801208496094,1251417
2019-03-01,50.5,50.5,49.20000076293945,49.95000076293945,38.55746078491211,601401
2019-03-04,50.04999923706055,51.599998474121094,49.599998474121094,50.45000076293945,38.943416595458984,1203000
2019-03-05,51.25,51.25,49.5,49.5,38.21009826660156,620000
2019-03-06,49.54999923706055,50.25,48.5,48.95000076293945,37.78553771972656,1434835
2019-03-07,49.0,49.599998474121094,48.54999923706055,49.29999923706055,38.05570983886719,386500
2019-03-08,49.0,49.0,46.79999923706055,46.849998474121094,36.16450881958008,546532
2019-03-11,47.45000076293945,47.79999923706055,46.5,47.45000076293945,36.62765884399414,884100
2019-03-12,47.5,49.650001525878906,47.150001525878906,49.0,37.82413864135742,995500
2019-03-13,49.54999923706055,49.54999923706055,47.400001525878906,48.70000076293945,37.592559814453125,557500
2019-03-14,48.349998474121094,48.70000076293945,47.70000076293945,48.29999923706055,37.28379440307617,632000
2019-03-15,48.29999923706055,49.650001525878906,47.95000076293945,48.79999923706055,37.66975402832031,674400
2019-03-18,48.54999923706055,48.95000076293945,47.400001525878906,48.29999923706055,37.28379440307617,1030000
2019-03-19,47.650001525878906,49.45000076293945,47.349998474121094,48.900001525878906,37.746944427490234,606231
2019-03-20,46.45000076293945,46.599998474121094,40.0,45.0,34.736454010009766,9325950
2019-03-21,45.29999923706055,45.95000076293945,45.04999923706055,45.79999923706055,35.35398483276367,2201780
2019-03-22,46.0,46.150001525878906,44.20000076293945,45.849998474121094,35.392581939697266,2980860
2019-03-25,44.25,47.04999923706055,44.25,46.099998474121094,35.58556365966797,1206983
2019-03-26,45.5,47.900001525878906,45.20000076293945,47.45000076293945,36.62765884399414,1219100
2019-03-27,47.5,49.29999923706055,47.5,49.0,37.82413864135742,1528345
2019-03-28,49.0,49.5,48.150001525878906,48.95000076293945,37.78553771972656,1259668
2019-03-29,49.0,49.150001525878906,48.599998474121094,49.150001525878906,37.93992614746094,839000
2019-04-01,49.5,49.54999923706055,48.150001525878906,49.25,38.017120361328125,1153000
2019-04-02,50.25,50.25,48.900001525878906,49.25,38.017120361328125,861501
2019-04-03,48.5,49.349998474121094,48.5,49.099998474121094,37.901329040527344,972701
2019-04-04,49.5,49.5,48.849998474121094,49.0,37.82413864135742,1831245
2019-04-08,49.0,49.150001525878906,48.5,48.75,37.63115310668945,3458871
2019-04-09,48.20000076293945,49.0,48.20000076293945,48.5,37.43818283081055,1438337
2019-04-10,48.900001525878906,48.900001525878906,48.04999923706055,48.45000076293945,37.39958190917969,1074530
2019-04-11,48.900001525878906,49.75,48.25,48.75,37.63115310668945,1598639
2019-04-12,48.25,48.5,47.5,47.900001525878906,36.97502517700195,1143131
2019-04-15,48.0,48.29999923706055,43.45000076293945,46.70000076293945,36.04872131347656,3112661
2019-04-16,47.599998474121094,47.599998474121094,45.79999923706055,46.25,35.701351165771484,2102377
2019-04-17,46.29999923706055,46.349998474121094,45.0,45.29999923706055,34.968021392822266,4662625
2019-04-18,45.79999923706055,45.79999923706055,44.900001525878906,45.0,34.736454010009766,2000874
2019-04-23,44.5,45.0,43.0,43.400001525878906,33.50136947631836,2296056
2019-04-24,43.70000076293945,44.70000076293945,43.70000076293945,44.5,34.35049057006836,2151176
2019-04-25,44.349998474121094,44.79999923706055,42.95000076293945,44.599998474121094,34.42768096923828,1547992
2019-04-26,44.650001525878906,47.5,44.45000076293945,47.349998474121094,36.55046463012695,1931950
2019-04-29,47.0,48.20000076293945,46.29999923706055,48.20000076293945,37.20660400390625,1080830
2019-04-30,47.75,48.20000076293945,47.099998474121094,48.099998474121094,37.1294059753418,412165
2019-05-02,47.599998474121094,47.599998474121094,46.5,47.099998474121094,36.357486724853516,621425
2019-05-03,47.0,47.099998474121094,46.45000076293945,47.0,36.28029251098633,345500
2019-05-06,46.0,46.29999923706055,43.45000076293945,44.75,34.5434684753418,1986536
2019-05-07,44.75,45.20000076293945,44.0,44.45000076293945,34.311893463134766,1259020
2019-05-08,44.20000076293945,44.5,43.75,43.79999923706055,33.810142517089844,1523228
2019-05-09,43.849998474121094,44.099998474121094,42.0,42.54999923706055,32.845245361328125,1062300
2019-05-10,43.54999923706055,43.599998474121094,42.0,43.20000076293945,33.34699630737305,1603500
2019-05-14,43.099998474121094,43.95000076293945,41.400001525878906,43.099998474121094,33.269798278808594,979907
2019-05-15,43.70000076293945,44.0,42.79999923706055,44.0,34.34705352783203,936016
2019-05-16,43.70000076293945,45.20000076293945,43.70000076293945,45.150001525878906,35.244754791259766,623966
2019-05-17,45.0,45.0,42.650001525878906,43.04999923706055,33.605464935302734,817000
2019-05-20,42.79999923706055,43.0,42.0,42.20000076293945,32.94194030761719,767500
2019-05-21,42.349998474121094,43.54999923706055,42.349998474121094,43.04999923706055,33.605464935302734,280900
2019-05-22,43.25,43.29999923706055,42.650001525878906,43.0,33.56643295288086,225146
2019-05-23,43.25,43.70000076293945,42.45000076293945,42.79999923706055,33.410308837890625,406138
2019-05-24,43.599998474121094,43.599998474121094,41.79999923706055,43.04999923706055,33.605464935302734,666900
2019-05-27,42.650001525878906,42.650001525878906,41.0,41.400001525878906,32.31745147705078,827500
2019-05-28,41.95000076293945,43.150001525878906,41.599998474121094,43.0,33.56643295288086,1048895
2019-05-29,43.0,43.0,41.54999923706055,41.650001525878906,32.512603759765625,255531
2019-05-30,41.599998474121094,42.25,41.0,42.25,32.98097229003906,350000
2019-05-31,42.349998474121094,43.79999923706055,42.0,42.79999923706055,33.410308837890625,462200
2019-06-03,43.04999923706055,44.400001525878906,42.70000076293945,44.25,34.542205810546875,662000
2019-06-04,44.79999923706055,45.400001525878906,43.75,43.900001525878906,34.268985748291016,1061406
2019-06-05,44.79999923706055,45.29999923706055,42.54999923706055,42.650001525878906,33.2932243347168,817930
2019-06-06,43.099998474121094,43.099998474121094,41.79999923706055,42.5,33.176124572753906,412000
2019-06-10,43.400001525878906,43.400001525878906,42.04999923706055,42.849998474121094,33.449337005615234,811500
2019-06-11,42.25,43.900001525878906,42.900001525878906,43.849998474121094,34.229949951171875,336308
2019-06-12,43.0,43.25,42.79999923706055,43.0,33.56643295288086,482085
2019-06-13,44.45000076293945,44.45000076293945,42.5,43.150001525878906,33.68352508544922,266228
2019-06-14,42.400001525878906,43.099998474121094,42.20000076293945,42.54999923706055,33.21515655517578,493264
2019-06-17,43.20000076293945,43.20000076293945,42.150001525878906,42.45000076293945,33.1370964050293,193500
2019-06-18,42.900001525878906,42.900001525878906,41.849998474121094,42.20000076293945,32.94194030761719,482531
2019-06-19,42.400001525878906,43.150001525878906,42.349998474121094,42.349998474121094,33.05903244018555,375357
2019-06-20,42.29999923706055,44.099998474121094,42.04999923706055,43.70000076293945,34.11286544799805,306500
2019-06-21,43.400001525878906,44.45000076293945,43.400001525878906,44.0,34.34705352783203,1111080
2019-06-24,44.0,44.45000076293945,44.0,44.400001525878906,34.6592903137207,164500
2019-06-25,44.599998474121094,44.599998474121094,43.349998474121094,43.599998474121094,34.0348014831543,341700
2019-06-26,43.599998474121094,44.25,43.54999923706055,44.099998474121094,34.425106048583984,704000
2019-06-27,44.70000076293945,44.70000076293945,44.0,44.45000076293945,34.698326110839844,448775
2019-06-28,44.0,44.45000076293945,44.0,44.349998474121094,34.62025833129883,270132
2019-07-02,46.0,46.0,44.5,45.25,35.32281494140625,243522
2019-07-03,44.75,45.45000076293945,44.70000076293945,45.25,35.32281494140625,93500
2019-07-04,46.04999923706055,47.900001525878906,45.599998474121094,47.0,36.68889617919922,930598
2019-07-05,47.150001525878906,47.25,46.25,46.45000076293945,36.25955581665039,352500
2019-07-08,46.20000076293945,46.20000076293945,44.79999923706055,45.0,35.12766647338867,845772
2019-07-09,45.099998474121094,45.099998474121094,42.95000076293945,43.650001525878906,34.07383728027344,1396400
2019-07-10,44.599998474121094,45.54999923706055,43.75,45.0,35.12766647338867,1301000
2019-07-11,45.099998474121094,47.20000076293945,44.95000076293945,45.349998474121094,35.400882720947266,1859034
2019-07-12,45.400001525878906,45.400001525878906,43.150001525878906,43.5,33.95674514770508,1595000
2019-07-15,43.849998474121094,43.849998474121094,42.04999923706055,43.150001525878906,33.68352508544922,935500
2019-07-16,43.099998474121094,43.099998474121094,42.099998474121094,42.599998474121094,33.254188537597656,1154000
2019-07-17,42.349998474121094,42.45000076293945,41.849998474121094,42.45000076293945,33.1370964050293,956790
2019-07-18,42.20000076293945,42.20000076293945,41.54999923706055,41.849998474121094,32.66872787475586,912500
2019-07-19,42.099998474121094,43.599998474121094,42.0,43.150001525878906,33.68352508544922,1398500
2019-07-22,42.95000076293945,44.5,42.95000076293945,43.95000076293945,34.308021545410156,507500
2019-07-23,44.099998474121094,44.20000076293945,43.5,44.0,34.34705352783203,311501
2019-07-24,44.29999923706055,45.5,44.29999923706055,45.20000076293945,35.283790588378906,821900
2019-07-25,45.900001525878906,46.75,45.349998474121094,46.45000076293945,36.25955581665039,1410921
2019-07-26,46.0,46.75,45.20000076293945,45.29999923706055,35.361846923828125,498086
2019-07-29,44.5,46.150001525878906,44.5,46.099998474121094,35.9863395690918,308194
2019-07-30,46.79999923706055,48.349998474121094,46.25,46.5,36.298583984375,294500
2019-07-31,45.70000076293945,46.5,45.70000076293945,45.95000076293945,35.86924743652344,232000
2019-08-01,46.0,46.0,44.900001525878906,45.400001525878906,35.43990707397461,510497
2019-08-02,44.45000076293945,45.349998474121094,44.45000076293945,45.04999923706055,35.16669845581055,405501
2019-08-05,44.29999923706055,45.04999923706055,43.650001525878906,44.20000076293945,34.503173828125,440893
2019-08-06,43.70000076293945,43.70000076293945,42.0,43.0,33.56643295288086,996414
2019-08-07,44.150001525878906,44.150001525878906,42.70000076293945,42.70000076293945,33.33224868774414,518000
2019-08-08,43.400001525878906,43.400001525878906,42.599998474121094,43.04999923706055,33.605464935302734,381050
2019-08-09,42.599998474121094,44.0,42.29999923706055,43.150001525878906,33.68352508544922,116369
2019-08-12,42.79999923706055,43.599998474121094,42.599998474121094,43.20000076293945,33.72256088256836,325500
2019-08-13,43.0,43.0,41.70000076293945,41.79999923706055,32.62969207763672,750300
2019-08-14,42.0,42.400001525878906,39.599998474121094,39.95000076293945,31.185562133789062,1432400
2019-08-15,38.29999923706055,39.349998474121094,38.29999923706055,39.20000076293945,30.600099563598633,455600
2019-08-16,39.95000076293945,40.5,38.75,39.900001525878906,31.146533966064453,421000
2019-08-19,40.099998474121094,41.0,39.599998474121094,40.349998474121094,31.497804641723633,1184130
2019-08-20,40.599998474121094,40.79999923706055,39.29999923706055,39.599998474121094,30.91234588623047,990300
2019-08-21,39.599998474121094,40.099998474121094,35.900001525878906,35.95000076293945,28.063100814819336,6630000
2019-08-22,35.5,36.349998474121094,33.849998474121094,36.29999923706055,28.336315155029297,3039000
2019-08-23,36.599998474121094,36.70000076293945,34.79999923706055,34.849998474121094,27.204421997070312,2372250
2019-08-26,34.0,34.0,32.75,32.79999923706055,25.604162216186523,1753450
2019-08-27,32.79999923706055,33.54999923706055,31.899999618530273,32.20000076293945,25.13579750061035,1979759
2019-08-28,33.04999923706055,33.04999923706055,31.950000762939453,32.650001525878906,25.48707389831543,822500
2019-08-29,33.20000076293945,33.20000076293945,31.850000381469727,32.349998474121094,25.252887725830078,548000
2019-08-30,33.0,33.900001525878906,32.5,32.650001525878906,25.48707389831543,1455086
2019-09-02,32.75,33.75,32.349998474121094,33.650001525878906,26.26768684387207,958508
2019-09-03,33.650001525878906,33.650001525878906,33.04999923706055,33.04999923706055,25.799320220947266,189500
2019-09-04,33.25,33.650001525878906,32.900001525878906,33.400001525878906,26.072534561157227,558323
2019-09-05,33.75,34.79999923706055,33.20000076293945,33.849998474121094,26.423809051513672,1067479
2019-09-06,34.70000076293945,35.650001525878906,33.150001525878906,33.849998474121094,26.423809051513672,555000
2019-09-09,33.45000076293945,33.75,32.75,32.95000076293945,25.72126007080078,893000
2019-09-10,33.25,33.25,32.04999923706055,32.29999923706055,25.21385383605957,487500
2019-09-11,32.0,32.95000076293945,31.799999237060547,32.29999923706055,25.21385383605957,826000
2019-09-12,32.79999923706055,33.599998474121094,32.45000076293945,33.45000076293945,26.1115665435791,515237
2019-09-13,33.400001525878906,33.650001525878906,32.900001525878906,33.650001525878906,26.26768684387207,134500
2019-09-16,33.5,33.5,32.25,33.29999923706055,25.994470596313477,1401600
2019-09-17,33.5,33.599998474121094,32.70000076293945,33.25,25.9554386138916,395380
2019-09-18,33.04999923706055,34.25,32.599998474121094,34.25,26.736051559448242,1496000
2019-09-19,34.25,34.25,33.400001525878906,33.849998474121094,26.423809051513672,436000
2019-09-20,34.20000076293945,34.20000076293945,33.150001525878906,33.45000076293945,26.1115665435791,1532400
2019-09-23,33.75,34.150001525878906,33.099998474121094,33.95000076293945,26.501873016357422,1471935
2019-09-24,34.04999923706055,34.400001525878906,33.45000076293945,34.29999923706055,26.77508544921875,536995
2019-09-25,33.79999923706055,34.04999923706055,33.25,33.29999923706055,25.994470596313477,332500
2019-09-26,33.900001525878906,34.20000076293945,33.25,33.25,25.9554386138916,833000
2019-09-27,32.95000076293945,33.400001525878906,31.649999618530273,31.899999618530273,24.901613235473633,594747
2019-09-30,32.04999923706055,33.099998474121094,31.549999237060547,33.04999923706055,25.799320220947266,557000
2019-10-02,33.0,33.29999923706055,32.25,32.45000076293945,25.330951690673828,303377
2019-10-03,32.45000076293945,32.900001525878906,32.099998474121094,32.70000076293945,25.52610206604004,2260728
2019-10-04,33.150001525878906,33.349998474121094,32.20000076293945,32.45000076293945,25.330951690673828,338273
2019-10-08,32.45000076293945,32.75,31.25,31.649999618530273,24.706457138061523,1217000
2019-10-09,31.700000762939453,32.400001525878906,31.350000381469727,32.349998474121094,25.252887725830078,664500
2019-10-10,32.04999923706055,32.75,32.0,32.0,24.97967529296875,594500
2019-10-11,32.45000076293945,32.70000076293945,32.099998474121094,32.25,25.174827575683594,407000
2019-10-14,32.29999923706055,32.5,31.5,31.5,24.589365005493164,506000
2019-10-15,31.549999237060547,31.600000381469727,30.049999237060547,30.75,24.003902435302734,853500
2019-10-16,30.75,30.850000381469727,29.5,30.149999618530273,23.535533905029297,1020500
2019-10-17,30.350000381469727,30.350000381469727,29.799999237060547,30.299999237060547,23.652626037597656,928524
2019-10-18,30.600000381469727,30.700000762939453,29.700000762939453,29.950000762939453,23.379409790039062,900500
2019-10-21,29.950000762939453,29.950000762939453,28.75,28.899999618530273,22.55976676940918,634000
2019-10-22,28.950000762939453,29.149999618530273,28.5,28.950000762939453,22.598798751831055,809075
2019-10-23,28.600000381469727,29.0,28.350000381469727,28.700000762939453,22.403644561767578,526983
2019-10-24,28.649999618530273,30.149999618530273,28.450000762939453,30.100000381469727,23.496505737304688,460100
2019-10-25,30.549999237060547,30.549999237060547,29.100000381469727,29.5,23.028135299682617,372500
2019-10-28,30.0,30.0,29.25,29.649999618530273,23.145227432250977,172000
2019-10-29,29.850000381469727,30.0,28.5,28.850000381469727,22.520736694335938,958992
2019-10-30,29.350000381469727,30.649999618530273,28.649999618530273,30.049999237060547,23.457473754882812,565500
2019-10-31,30.649999618530273,31.100000381469727,29.950000762939453,31.100000381469727,24.27712059020996,770500
2019-11-01,31.200000762939453,31.75,30.850000381469727,31.149999618530273,24.31614875793457,1023000
2019-11-04,31.75,31.799999237060547,30.950000762939453,31.100000381469727,24.27712059020996,879439
2019-11-05,30.75,31.950000762939453,30.75,31.899999618530273,24.901613235473633,1484095
2019-11-06,31.799999237060547,34.099998474121094,31.700000762939453,33.900001525878906,26.46284294128418,2829116
2019-11-07,34.0,35.70000076293945,33.70000076293945,35.5,27.711824417114258,4688528
2019-11-08,35.75,35.75,34.70000076293945,35.0,27.321516036987305,1604000
2019-11-11,34.95000076293945,34.95000076293945,32.5,33.150001525878906,25.87738037109375,701000
2019-11-12,33.20000076293945,33.25,32.20000076293945,32.650001525878906,25.48707389831543,727500
2019-11-13,32.650001525878906,32.650001525878906,31.200000762939453,31.450000762939453,24.55033302307129,633000
2019-11-14,32.0,32.0,30.850000381469727,31.0,24.19905662536621,375000
2019-11-15,31.799999237060547,31.799999237060547,31.0,31.149999618530273,24.31614875793457,479251
2019-11-18,31.75,31.75,30.950000762939453,31.0,24.19905662536621,519500
2019-11-19,31.649999618530273,32.29999923706055,31.049999237060547,32.25,25.174827575683594,1460000
2019-11-20,32.25,32.25,31.5,31.549999237060547,24.628395080566406,558000
2019-11-21,31.0,31.299999237060547,30.0,31.0,24.19905662536621,802142
2019-11-22,31.549999237060547,31.549999237060547,30.450000762939453,30.649999618530273,23.92584228515625,504000
2019-11-25,30.450000762939453,32.099998474121094,30.450000762939453,31.700000762939453,24.7454891204834,639500
2019-11-26,31.549999237060547,32.29999923706055,30.950000762939453,32.150001525878906,25.09676742553711,1482500
2019-11-27,31.899999618530273,33.75,31.850000381469727,33.45000076293945,26.1115665435791,691000
2019-11-28,33.45000076293945,34.599998474121094,33.04999923706055,34.20000076293945,26.6970272064209,685000
2019-11-29,34.20000076293945,34.400001525878906,33.54999923706055,34.099998474121094,26.618961334228516,604356
2019-12-02,34.25,34.5,33.150001525878906,33.95000076293945,26.501873016357422,1113000
2019-12-03,33.5,34.45000076293945,32.849998474121094,33.0,25.760286331176758,825730
2019-12-04,33.0,33.29999923706055,32.650001525878906,32.900001525878906,25.682228088378906,793952
2019-12-05,33.29999923706055,33.29999923706055,32.25,33.0,25.760286331176758,765866
2019-12-06,33.900001525878906,33.900001525878906,32.150001525878906,32.45000076293945,25.330951690673828,1082600
2019-12-09,32.650001525878906,32.79999923706055,31.700000762939453,32.25,25.174827575683594,663500
2019-12-10,32.349998474121094,32.849998474121094,32.150001525878906,32.5,25.369977951049805,384200
2019-12-11,32.54999923706055,32.54999923706055,31.700000762939453,32.0,24.97967529296875,455000
2019-12-12,32.599998474121094,32.599998474121094,31.549999237060547,31.899999618530273,24.901613235473633,294500
2019-12-13,32.349998474121094,32.349998474121094,32.0,32.099998474121094,25.057729721069336,227501
2019-12-16,32.20000076293945,32.5,31.049999237060547,31.399999618530273,24.511302947998047,698500
2019-12-17,31.350000381469727,32.599998474121094,31.049999237060547,32.599998474121094,25.448041915893555,389000
2019-12-18,32.599998474121094,33.45000076293945,32.20000076293945,32.70000076293945,25.52610206604004,469372
2019-12-19,32.45000076293945,33.0,32.400001525878906,32.95000076293945,25.72126007080078,1103326
2019-12-20,32.900001525878906,33.650001525878906,32.900001525878906,33.349998474121094,26.03350257873535,638479
2019-12-23,33.0,33.45000076293945,32.650001525878906,32.900001525878906,25.682228088378906,480415
2019-12-24,32.45000076293945,32.650001525878906,31.899999618530273,31.950000762939453,24.940641403198242,261500
2019-12-27,32.04999923706055,32.20000076293945,31.649999618530273,31.799999237060547,24.823545455932617,602906
2019-12-30,32.54999923706055,32.54999923706055,31.700000762939453,32.45000076293945,25.330951690673828,245500
2019-12-31,31.700000762939453,32.54999923706055,31.649999618530273,32.25,25.174827575683594,259700
2020-01-02,32.349998474121094,34.20000076293945,32.349998474121094,33.75,26.345748901367188,1503300
2020-01-03,33.75,33.900001525878906,33.25,33.45000076293945,26.1115665435791,405400
2020-01-06,33.45000076293945,34.04999923706055,32.54999923706055,32.849998474121094,25.6431884765625,517117
2020-01-07,33.29999923706055,33.45000076293945,32.70000076293945,33.45000076293945,26.1115665435791,626000
2020-01-08,32.849998474121094,34.0,32.599998474121094,33.900001525878906,26.46284294128418,1328500
2020-01-09,34.0,36.599998474121094,34.0,35.95000076293945,28.063100814819336,1583932
2020-01-10,35.650001525878906,37.900001525878906,35.650001525878906,37.0,28.88274574279785,2321413
2020-01-13,37.0,38.20000076293945,36.70000076293945,36.70000076293945,28.648563385009766,2108655
2020-01-14,37.25,37.25,36.29999923706055,36.79999923706055,28.72661781311035,590199
2020-01-15,36.79999923706055,37.349998474121094,35.95000076293945,36.29999923706055,28.336315155029297,982034
2020-01-16,36.0,36.849998474121094,36.0,36.849998474121094,28.76565170288086,313400
2020-01-17,37.20000076293945,38.349998474121094,37.150001525878906,38.04999923706055,29.702396392822266,1107564
2020-01-20,38.099998474121094,38.25,36.400001525878906,37.0,28.88274574279785,1170900
2020-01-21,36.400001525878906,37.349998474121094,36.20000076293945,36.75,28.687593460083008,982637
2020-01-22,36.75,37.150001525878906,35.5,36.5,28.4924373626709,1154000
2020-01-23,35.599998474121094,35.95000076293945,34.95000076293945,35.79999923706055,27.946008682250977,792000
2020-01-24,35.900001525878906,36.099998474121094,34.599998474121094,35.79999923706055,27.946008682250977,191500
2020-01-29,34.599998474121094,34.70000076293945,33.849998474121094,33.900001525878906,26.46284294128418,397500
2020-01-30,35.5,35.95000076293945,33.25,33.900001525878906,26.46284294128418,1739500
2020-01-31,34.400001525878906,34.400001525878906,32.099998474121094,32.95000076293945,25.72126007080078,934500
2020-02-03,32.79999923706055,33.0,31.350000381469727,31.600000381469727,24.66742515563965,1251086
2020-02-04,31.5,32.349998474121094,31.5,32.0,24.97967529296875,1467000
2020-02-05,33.599998474121094,33.75,33.0,33.54999923706055,26.189624786376953,3848000
2020-02-06,33.900001525878906,34.70000076293945,33.349998474121094,34.400001525878906,26.8531494140625,1374000
2020-02-07,34.849998474121094,34.849998474121094,32.849998474121094,34.20000076293945,26.6970272064209,871500
2020-02-10,33.75,34.79999923706055,33.599998474121094,34.04999923706055,26.579933166503906,400000
2020-02-11,34.25,34.54999923706055,33.900001525878906,34.25,26.736051559448242,410000
2020-02-12,34.29999923706055,34.29999923706055,33.45000076293945,33.70000076293945,26.306716918945312,662536
2020-02-13,33.849998474121094,33.95000076293945,33.349998474121094,33.650001525878906,26.26768684387207,773000
2020-02-14,34.400001525878906,34.400001525878906,33.349998474121094,33.45000076293945,26.1115665435791,1216148
2020-02-17,33.70000076293945,33.900001525878906,32.650001525878906,32.79999923706055,25.604162216186523,2547500
2020-02-18,33.04999923706055,33.25,32.349998474121094,33.150001525878906,25.87738037109375,1278000
2020-02-19,33.79999923706055,34.29999923706055,33.45000076293945,34.099998474121094,26.618961334228516,2150446
2020-02-20,34.150001525878906,36.29999923706055,34.150001525878906,36.29999923706055,28.336315155029297,893000
2020-02-21,36.5,36.79999923706055,34.900001525878906,35.349998474121094,27.594728469848633,1660135
2020-02-24,35.599998474121094,36.79999923706055,34.70000076293945,36.5,28.4924373626709,1367800
2020-02-25,36.400001525878906,36.400001525878906,34.95000076293945,36.20000076293945,28.258255004882812,949000
2020-02-26,35.150001525878906,35.75,34.900001525878906,34.900001525878906,27.24345588684082,610687
2020-02-27,35.0,35.349998474121094,34.25,34.70000076293945,27.087329864501953,491601
2020-02-28,34.5,34.5,32.900001525878906,33.54999923706055,26.189624786376953,693286
2020-03-02,34.400001525878906,34.400001525878906,33.0,33.54999923706055,26.189624786376953,629985
2020-03-03,34.400001525878906,35.349998474121094,33.650001525878906,33.70000076293945,26.306716918945312,793640
2020-03-04,34.20000076293945,34.70000076293945,33.5,34.70000076293945,27.087329864501953,837000
2020-03-05,35.0,35.54999923706055,35.0,35.5,27.711824417114258,688511
2020-03-06,35.5,35.650001525878906,34.5,35.150001525878906,27.438608169555664,469075
2020-03-09,34.25,34.599998474121094,33.20000076293945,33.400001525878906,26.072534561157227,787604
2020-03-10,34.45000076293945,34.45000076293945,33.04999923706055,33.20000076293945,25.916410446166992,752845
2020-03-11,33.04999923706055,33.349998474121094,32.04999923706055,32.29999923706055,25.21385383605957,1116864
2020-03-12,32.20000076293945,32.20000076293945,28.600000381469727,28.75,22.442672729492188,2294500
2020-03-13,28.25,28.25,25.25,28.0,21.857213973999023,2450355
2020-03-16,28.0,28.0,26.200000762939453,26.950000762939453,21.037569046020508,1501900
2020-03-17,26.950000762939453,26.950000762939453,26.950000762939453,26.950000762939453,21.037569046020508,0
2020-03-18,25.950000762939453,27.950000762939453,23.799999237060547,25.0,19.515369415283203,2947000
2020-03-19,25.0,25.5,22.649999618530273,25.399999618530273,19.827613830566406,2426500
2020-03-20,26.399999618530273,26.450000762939453,23.299999237060547,24.700000762939453,19.281185150146484,3486970
2020-03-23,24.5,24.950000762939453,22.899999618530273,22.899999618530273,17.876075744628906,1142000
2020-03-24,23.700000762939453,27.549999237060547,23.200000762939453,24.850000381469727,19.398277282714844,7330950
2020-03-25,26.799999237060547,27.799999237060547,24.5,26.100000381469727,20.374042510986328,4785500
2020-03-26,26.200000762939453,27.299999237060547,25.950000762939453,26.799999237060547,20.920473098754883,2401323
2020-03-27,27.799999237060547,27.850000381469727,26.75,27.75,21.662059783935547,2096995
2020-03-30,26.600000381469727,27.899999618530273,26.399999618530273,27.549999237060547,21.505939483642578,897954
2020-03-31,27.149999618530273,28.75,27.149999618530273,28.649999618530273,22.364612579345703,1344859
2020-04-01,28.850000381469727,29.450000762939453,27.950000762939453,28.600000381469727,22.325580596923828,2904000
2020-04-02,29.25,30.450000762939453,28.25,30.0,23.418441772460938,1482000
2020-04-03,29.0,31.200000762939453,29.0,30.5,23.80875015258789,1391763
2020-04-06,30.600000381469727,30.700000762939453,30.100000381469727,30.549999237060547,23.8477783203125,779000
2020-04-07,30.100000381469727,32.400001525878906,30.100000381469727,31.549999237060547,24.628395080566406,1953321
2020-04-08,31.450000762939453,32.150001525878906,30.0,30.399999618530273,23.730690002441406,1180000
2020-04-09,30.399999618530273,31.100000381469727,30.100000381469727,30.850000381469727,24.081966400146484,598665
2020-04-14,30.149999618530273,30.850000381469727,29.899999618530273,30.25,23.613597869873047,523500
2020-04-15,30.25,31.149999618530273,30.149999618530273,30.350000381469727,23.69165802001953,450697
2020-04-16,29.399999618530273,30.600000381469727,29.399999618530273,29.899999618530273,23.340383529663086,611000
2020-04-17,30.0,31.200000762939453,28.799999237060547,29.350000381469727,22.911043167114258,1752230
2020-04-20,29.350000381469727,30.600000381469727,29.299999237060547,30.600000381469727,23.886812210083008,895950
2020-04-21,30.600000381469727,30.600000381469727,29.049999237060547,29.200000762939453,22.79395294189453,544640
2020-04-22,28.850000381469727,29.899999618530273,28.600000381469727,29.700000762939453,23.18425941467285,773000
2020-04-23,29.799999237060547,30.600000381469727,27.950000762939453,28.299999237060547,22.09139633178711,2018000
2020-04-24,28.299999237060547,29.850000381469727,28.299999237060547,29.600000381469727,23.106197357177734,1559321
2020-04-27,29.100000381469727,30.700000762939453,28.75,30.700000762939453,23.964874267578125,741008
2020-04-28,30.5,30.5,29.200000762939453,29.299999237060547,22.87200927734375,698104
2020-04-29,29.5,30.0,29.149999618530273,29.549999237060547,23.06716537475586,1317435
2020-05-04,29.5,30.0,28.799999237060547,29.899999618530273,23.340383529663086,1350943
2020-05-05,29.549999237060547,31.899999618530273,29.549999237060547,31.899999618530273,24.901613235473633,907500
2020-05-06,32.0,33.20000076293945,31.600000381469727,32.04999923706055,25.018701553344727,1813000
2020-05-07,32.0,32.95000076293945,32.0,32.75,25.565134048461914,854784
2020-05-08,32.75,36.5,32.5,35.20000076293945,27.47763442993164,2243000
2020-05-11,36.29999923706055,36.54999923706055,35.29999923706055,36.0,28.102130889892578,931312
2020-05-12,36.0,36.20000076293945,35.099998474121094,35.20000076293945,28.14210319519043,523626
2020-05-13,35.25,36.349998474121094,35.04999923706055,36.20000076293945,28.941598892211914,1024386
2020-05-14,36.0,37.0,35.70000076293945,36.79999923706055,29.42129135131836,1343500
2020-05-15,36.5,37.0,34.79999923706055,35.150001525878906,28.102130889892578,1857760
2020-05-18,35.150001525878906,35.349998474121094,34.599998474121094,35.20000076293945,28.14210319519043,499500
2020-05-19,35.5,36.54999923706055,35.0,35.29999923706055,28.222055435180664,244400
2020-05-20,35.29999923706055,35.29999923706055,34.0,34.400001525878906,27.50251579284668,526894
2020-05-21,34.95000076293945,35.20000076293945,34.400001525878906,34.650001525878906,27.702383041381836,1217223
2020-05-22,33.79999923706055,34.54999923706055,32.75,33.0,26.383224487304688,2276711
2020-05-25,34.0,34.599998474121094,32.70000076293945,34.599998474121094,27.66240882873535,483278
2020-05-26,35.099998474121094,35.45000076293945,34.400001525878906,35.29999923706055,28.222055435180664,1095000
2020-05-27,34.54999923706055,34.849998474121094,34.0,34.650001525878906,27.702383041381836,821164
2020-05-28,34.70000076293945,36.04999923706055,34.650001525878906,35.5,28.381954193115234,1549500
2020-05-29,35.650001525878906,35.650001525878906,34.400001525878906,35.400001525878906,28.302005767822266,882041
2020-06-01,35.599998474121094,35.599998474121094,34.5,35.099998474121094,28.062156677246094,838500
2020-06-02,34.95000076293945,36.75,34.70000076293945,36.70000076293945,29.341344833374023,1132980
2020-06-03,36.45000076293945,36.650001525878906,35.150001525878906,35.29999923706055,28.222055435180664,646000
2020-06-04,35.95000076293945,36.099998474121094,35.150001525878906,35.45000076293945,28.34197998046875,275414
2020-06-05,35.79999923706055,38.79999923706055,35.79999923706055,37.70000076293945,30.140836715698242,2794905
2020-06-08,38.04999923706055,39.349998474121094,36.650001525878906,37.150001525878906,29.70111846923828,1010084
2020-06-09,37.45000076293945,38.45000076293945,37.0,37.5,29.98093605041504,3154770
2020-06-10,37.849998474121094,37.849998474121094,37.150001525878906,37.29999923706055,29.82103729248047,555392
2020-06-11,37.349998474121094,37.349998474121094,34.79999923706055,34.95000076293945,27.942235946655273,1235064
2020-06-12,34.900001525878906,35.5,34.0,34.849998474121094,27.86228370666504,955432
2020-06-15,33.79999923706055,34.150001525878906,32.849998474121094,33.849998474121094,27.062793731689453,1849044
2020-06-16,34.150001525878906,34.849998474121094,33.54999923706055,34.29999923706055,27.422563552856445,783662
2020-06-17,34.95000076293945,34.95000076293945,33.900001525878906,34.099998474121094,27.262662887573242,418000
2020-06-18,34.150001525878906,34.5,33.70000076293945,34.29999923706055,27.422563552856445,463000
2020-06-19,34.5,34.900001525878906,34.099998474121094,34.5,27.582462310791016,759405
2020-06-22,34.599998474121094,34.79999923706055,33.0,33.29999923706055,26.623071670532227,1871666
2020-06-23,33.29999923706055,34.099998474121094,32.54999923706055,33.95000076293945,27.142742156982422,695455
2020-06-24,33.95000076293945,35.20000076293945,33.95000076293945,34.900001525878906,27.902259826660156,536741
2020-06-26,34.54999923706055,36.150001525878906,34.150001525878906,36.150001525878906,28.901628494262695,1130153
2020-06-29,36.0,36.0,34.29999923706055,34.54999923706055,27.622434616088867,826526
2020-06-30,34.0,35.400001525878906,33.400001525878906,35.04999923706055,28.022178649902344,2519162
2020-07-02,35.0,36.25,34.650001525878906,34.650001525878906,27.702383041381836,1025696
2020-07-03,34.20000076293945,35.20000076293945,34.20000076293945,35.150001525878906,28.102130889892578,368000
2020-07-06,34.29999923706055,35.79999923706055,34.29999923706055,35.29999923706055,28.222055435180664,851373
2020-07-07,38.79999923706055,38.79999923706055,35.0,35.45000076293945,28.34197998046875,1403820
2020-07-08,35.150001525878906,35.900001525878906,35.0,35.400001525878906,28.302005767822266,812000
2020-07-09,35.79999923706055,36.29999923706055,35.650001525878906,36.04999923706055,28.821672439575195,781867
2020-07-10,35.900001525878906,35.900001525878906,35.099998474121094,35.400001525878906,28.302005767822266,407020
2020-07-13,34.650001525878906,36.75,34.650001525878906,36.400001525878906,29.101497650146484,659238
2020-07-14,35.5,36.0,35.0,35.75,28.581825256347656,869000
2020-07-15,35.95000076293945,36.04999923706055,34.29999923706055,35.0,27.982208251953125,1454000
2020-07-16,35.400001525878906,35.400001525878906,33.54999923706055,34.0,27.182716369628906,2123000
2020-07-17,33.650001525878906,34.29999923706055,33.29999923706055,34.29999923706055,27.422563552856445,575700
2020-07-20,34.650001525878906,35.0,33.650001525878906,34.099998474121094,27.262662887573242,912975
2020-07-21,33.95000076293945,35.0,33.900001525878906,34.95000076293945,27.942235946655273,400077
2020-07-22,35.400001525878906,36.599998474121094,34.099998474121094,34.349998474121094,27.462535858154297,1111500
2020-07-23,34.20000076293945,34.650001525878906,32.900001525878906,33.04999923706055,26.423198699951172,1162325
2020-07-24,33.0,33.0,31.450000762939453,31.5,25.183988571166992,1758346
2020-07-27,31.100000381469727,32.29999923706055,31.100000381469727,31.649999618530273,25.303909301757812,985139
2020-07-28,32.0,32.45000076293945,31.75,32.04999923706055,25.623706817626953,407000
2020-07-29,32.79999923706055,32.79999923706055,31.149999618530273,31.549999237060547,25.223960876464844,1265000
2020-07-30,32.29999923706055,32.45000076293945,31.700000762939453,32.0,25.5837345123291,508500
2020-07-31,32.349998474121094,32.349998474121094,30.799999237060547,31.0,24.784242630004883,745711
2020-08-03,30.799999237060547,31.549999237060547,30.399999618530273,31.25,24.984111785888672,471000
2020-08-04,31.649999618530273,31.649999618530273,30.899999618530273,31.299999237060547,25.024089813232422,349508
2020-08-05,31.5,32.20000076293945,31.049999237060547,32.150001525878906,25.703659057617188,1096000
2020-08-06,32.79999923706055,32.79999923706055,31.0,31.700000762939453,25.343887329101562,600478
2020-08-07,32.25,32.25,30.350000381469727,31.899999618530273,25.5037841796875,1072500
2020-08-10,31.450000762939453,31.600000381469727,30.549999237060547,30.850000381469727,24.664318084716797,260000
2020-08-11,30.899999618530273,31.350000381469727,30.649999618530273,31.100000381469727,24.864192962646484,308225
2020-08-12,31.299999237060547,31.299999237060547,30.100000381469727,30.5,24.384496688842773,175500
2020-08-13,30.299999237060547,31.450000762939453,30.299999237060547,31.299999237060547,25.024089813232422,579493
2020-08-14,31.0,32.150001525878906,31.0,31.899999618530273,25.5037841796875,453135
2020-08-17,32.5,32.5,31.200000762939453,31.5,25.183988571166992,261612
2020-08-18,31.5,31.899999618530273,31.350000381469727,31.649999618530273,25.303909301757812,210500
2020-08-19,32.0,32.099998474121094,30.850000381469727,31.549999237060547,25.223960876464844,386000
2020-08-20,30.700000762939453,31.5,30.549999237060547,31.399999618530273,25.104036331176758,721456
2020-08-21,31.899999618530273,31.899999618530273,30.799999237060547,30.799999237060547,24.62434196472168,151500
2020-08-24,31.0,31.649999618530273,30.700000762939453,31.5,25.183988571166992,1099151
2020-08-25,31.850000381469727,32.650001525878906,31.799999237060547,32.25,25.783605575561523,344000
2020-08-26,33.900001525878906,33.900001525878906,32.5,33.5,26.782974243164062,2598000
2020-08-27,33.849998474121094,34.400001525878906,33.400001525878906,34.25,27.38258934020996,1325845
2020-08-28,34.25,35.5,33.75,34.54999923706055,27.622434616088867,1446500
2020-08-31,34.349998474121094,35.349998474121094,33.5,33.95000076293945,27.142742156982422,604816
2020-09-01,34.599998474121094,34.599998474121094,33.29999923706055,33.650001525878906,26.902894973754883,598000
2020-09-02,34.20000076293945,34.650001525878906,33.400001525878906,33.70000076293945,26.942869186401367,244180
2020-09-03,33.5,34.150001525878906,33.099998474121094,33.650001525878906,26.902894973754883,154500
2020-09-04,32.79999923706055,33.849998474121094,32.04999923706055,33.45000076293945,26.742998123168945,449000
2020-09-07,33.45000076293945,33.5,32.95000076293945,33.150001525878906,26.503149032592773,325111
2020-09-08,33.599998474121094,33.79999923706055,32.75,33.599998474121094,27.383329391479492,246476
2020-09-09,33.599998474121094,34.20000076293945,33.0,34.099998474121094,27.790813446044922,558500
2020-09-10,34.099998474121094,35.099998474121094,34.04999923706055,34.29999923706055,27.953811645507812,880500
2020-09-11,34.25,34.70000076293945,34.0,34.70000076293945,28.27980613708496,139340
2020-09-14,34.650001525878906,34.70000076293945,34.099998474121094,34.400001525878906,28.03531265258789,234492
2020-09-15,34.20000076293945,34.849998474121094,33.79999923706055,34.099998474121094,27.790813446044922,331000
2020-09-16,33.95000076293945,34.400001525878906,33.95000076293945,34.099998474121094,27.790813446044922,184500
2020-09-17,33.45000076293945,35.20000076293945,33.45000076293945,34.599998474121094,28.198305130004883,704518
2020-09-18,34.5,34.70000076293945,34.0,34.70000076293945,28.27980613708496,280712
2020-09-21,34.099998474121094,34.349998474121094,33.75,34.0,27.709318161010742,276000
2020-09-22,33.95000076293945,33.95000076293945,33.400001525878906,33.599998474121094,27.383329391479492,266000
2020-09-23,33.45000076293945,34.04999923706055,33.099998474121094,33.25,27.098081588745117,486983
2020-09-24,33.25,33.79999923706055,33.150001525878906,33.5,27.30183219909668,175000
2020-09-25,34.0,34.0,33.150001525878906,33.25,27.098081588745117,533500
2020-09-28,33.349998474121094,33.599998474121094,33.099998474121094,33.20000076293945,27.05733871459961,2140321
2020-09-29,34.20000076293945,34.20000076293945,33.25,33.54999923706055,27.34257698059082,428000
2020-09-30,33.25,35.0,33.25,33.349998474121094,27.17957878112793,273698
2020-10-05,34.599998474121094,34.599998474121094,33.099998474121094,33.400001525878906,27.220335006713867,1107000
2020-10-06,33.400001525878906,34.0,33.29999923706055,33.79999923706055,27.546321868896484,641021
2020-10-07,33.79999923706055,34.04999923706055,33.349998474121094,33.45000076293945,27.26108169555664,334000
2020-10-08,33.95000076293945,33.95000076293945,33.25,33.29999923706055,27.138832092285156,289500
2020-10-09,31.799999237060547,32.75,31.799999237060547,32.400001525878906,26.405353546142578,387000
2020-10-12,32.099998474121094,33.0,31.799999237060547,32.099998474121094,26.16085433959961,1163887
2020-10-14,32.20000076293945,33.0,31.5,32.45000076293945,26.44610023498535,965000
2020-10-15,32.29999923706055,32.599998474121094,31.100000381469727,31.5,25.6718692779541,801834
2020-10-16,31.299999237060547,31.399999618530273,30.600000381469727,31.0,25.264379501342773,914952
2020-10-19,31.149999618530273,31.200000762939453,30.100000381469727,30.200000762939453,24.612394332885742,416655
2020-10-20,30.5,31.049999237060547,30.0,31.049999237060547,25.30512809753418,710500
2020-10-21,30.899999618530273,31.0,30.700000762939453,30.899999618530273,25.182880401611328,203855
2020-10-22,31.100000381469727,31.100000381469727,30.5,30.75,25.060636520385742,342000
2020-10-23,30.850000381469727,31.5,30.799999237060547,31.5,25.6718692779541,190862
2020-10-27,30.799999237060547,31.25,30.100000381469727,30.850000381469727,25.142131805419922,719500
2020-10-28,30.950000762939453,31.549999237060547,30.399999618530273,31.5,25.6718692779541,273500
2020-10-29,31.450000762939453,31.450000762939453,30.649999618530273,31.350000381469727,25.54962158203125,149579
2020-10-30,31.5,31.5,30.549999237060547,30.799999237060547,25.101381301879883,323076
2020-11-02,30.549999237060547,30.899999618530273,29.799999237060547,30.799999237060547,25.101381301879883,827957
2020-11-03,30.799999237060547,32.0,30.350000381469727,31.0,25.264379501342773,512500
2020-11-04,31.0,31.299999237060547,30.75,30.950000762939453,25.223630905151367,575500
2020-11-05,31.25,34.349998474121094,31.25,33.150001525878906,27.016586303710938,1979900
2020-11-06,33.20000076293945,34.099998474121094,32.29999923706055,32.45000076293945,26.44610023498535,1474000
2020-11-09,32.45000076293945,33.45000076293945,32.45000076293945,32.849998474121094,26.77208709716797,939423
2020-11-10,32.650001525878906,33.04999923706055,32.54999923706055,32.849998474121094,26.77208709716797,444500
2020-11-11,33.04999923706055,33.04999923706055,31.799999237060547,31.850000381469727,25.957111358642578,637000
2020-11-12,32.099998474121094,32.099998474121094,31.200000762939453,31.5,25.6718692779541,272848
2020-11-13,31.0,31.25,30.649999618530273,30.950000762939453,25.223630905151367,797500
2020-11-16,31.0,32.04999923706055,30.799999237060547,31.549999237060547,25.712617874145508,1019500
2020-11-17,32.0,32.0,30.950000762939453,31.149999618530273,25.386625289916992,720168
2020-11-18,31.0,32.04999923706055,30.5,31.100000381469727,25.34587860107422,1000860
2020-11-19,31.25,31.649999618530273,31.049999237060547,31.25,25.468120574951172,1830801
2020-11-20,31.200000762939453,32.400001525878906,31.149999618530273,32.20000076293945,26.24235725402832,2729000
2020-11-23,32.5,33.25,32.0,32.0,26.079360961914062,907414
2020-11-24,32.0,32.400001525878906,31.700000762939453,32.099998474121094,26.16085433959961,986962
2020-11-25,32.0,32.20000076293945,31.549999237060547,31.700000762939453,25.834867477416992,1034500
2020-11-26,31.700000762939453,31.75,31.549999237060547,31.700000762939453,25.834867477416992,123000
2020-11-27,31.75,32.0,31.700000762939453,31.899999618530273,25.997861862182617,556513
2020-11-30,31.549999237060547,31.950000762939453,31.100000381469727,31.700000762939453,25.834867477416992,973394
2020-12-01,31.600000381469727,32.45000076293945,31.600000381469727,32.0,26.079360961914062,1080230
2020-12-02,32.20000076293945,33.04999923706055,31.5,32.0,26.079360961914062,1081089
2020-12-03,31.399999618530273,32.20000076293945,31.399999618530273,32.0,26.079360961914062,551579
2020-12-04,31.950000762939453,32.25,31.600000381469727,32.099998474121094,26.16085433959961,886500
2020-12-07,31.899999618530273,32.20000076293945,31.450000762939453,31.700000762939453,25.834867477416992,880370
2020-12-08,31.299999237060547,31.549999237060547,30.899999618530273,31.299999237060547,25.508872985839844,583400
2020-12-09,31.0,31.399999618530273,30.5,30.850000381469727,25.142131805419922,926500
2020-12-10,30.75,31.649999618530273,30.700000762939453,31.399999618530273,25.590368270874023,1045500
2020-12-11,31.0,32.0,31.0,31.649999618530273,25.79411506652832,715500
2020-12-14,31.350000381469727,31.950000762939453,31.350000381469727,31.5,25.6718692779541,271000
2020-12-15,31.049999237060547,31.899999618530273,31.149999618530273,31.350000381469727,25.54962158203125,362200
2020-12-16,31.350000381469727,31.450000762939453,30.649999618530273,31.100000381469727,25.34587860107422,1311300
2020-12-17,31.100000381469727,31.350000381469727,30.600000381469727,30.75,25.060636520385742,587000
2020-12-18,30.75,30.950000762939453,30.549999237060547,30.899999618530273,25.182880401611328,395802
2020-12-21,30.799999237060547,30.950000762939453,30.549999237060547,30.75,25.060636520385742,659302
2020-12-22,30.799999237060547,30.799999237060547,29.950000762939453,30.200000762939453,24.612394332885742,466500
2020-12-23,30.75,30.75,30.100000381469727,30.25,24.653141021728516,521243
2020-12-24,30.149999618530273,30.149999618530273,30.149999618530273,30.149999618530273,24.571643829345703,0
2020-12-28,30.149999618530273,30.149999618530273,28.549999237060547,29.049999237060547,23.6751651763916,574000
2020-12-29,29.0,29.799999237060547,29.0,29.549999237060547,24.082656860351562,334610
2020-12-30,29.5,31.0,29.5,29.700000762939453,24.204906463623047,2725000
2020-12-31,28.850000381469727,28.850000381469727,28.850000381469727,28.850000381469727,23.51217269897461,0
2021-01-04,29.0,29.950000762939453,29.0,29.649999618530273,24.164155960083008,1295206
2021-01-05,29.700000762939453,29.950000762939453,29.549999237060547,29.850000381469727,24.327152252197266,335637
2021-01-06,30.100000381469727,31.350000381469727,29.899999618530273,31.100000381469727,25.34587860107422,1029000
2021-01-07,31.299999237060547,31.450000762939453,29.700000762939453,30.700000762939453,25.019886016845703,671658
2021-01-08,31.0,31.649999618530273,30.600000381469727,31.600000381469727,25.75336456298828,591535
2021-01-11,32.20000076293945,32.599998474121094,30.899999618530273,31.75,25.8756160736084,1871940
2021-01-12,32.150001525878906,33.400001525878906,31.850000381469727,33.29999923706055,27.138832092285156,1934615
2021-01-13,33.29999923706055,34.150001525878906,33.29999923706055,34.0,27.709318161010742,1394803
2021-01-14,33.79999923706055,37.0,33.79999923706055,36.20000076293945,29.502275466918945,3175028
2021-01-15,36.400001525878906,36.70000076293945,35.599998474121094,36.099998474121094,29.4207763671875,1725797
2021-01-18,35.900001525878906,38.099998474121094,35.150001525878906,37.0,30.15425682067871,2012924
2021-01-19,37.0,37.900001525878906,35.900001525878906,37.29999923706055,30.39875030517578,1881751
2021-01-20,37.45000076293945,37.70000076293945,36.54999923706055,37.599998474121094,30.643247604370117,919638
2021-01-21,37.849998474121094,37.849998474121094,36.650001525878906,36.79999923706055,29.991260528564453,608000
2021-01-22,36.95000076293945,37.25,36.04999923706055,37.099998474121094,30.23575782775879,702000
2021-01-25,37.5,40.20000076293945,37.5,38.849998474121094,31.661968231201172,1671000
2021-01-26,38.849998474121094,39.29999923706055,37.5,37.70000076293945,30.724746704101562,607000
2021-01-27,38.29999923706055,38.75,36.20000076293945,36.95000076293945,30.113510131835938,1665836
2021-01-28,36.54999923706055,38.54999923706055,36.25,38.099998474121094,31.05073356628418,1100500
2021-01-29,38.54999923706055,39.349998474121094,37.650001525878906,37.849998474121094,30.846988677978516,714257
2021-02-01,37.849998474121094,38.150001525878906,37.04999923706055,37.5,30.56174659729004,496040
2021-02-02,37.20000076293945,38.45000076293945,36.849998474121094,37.54999923706055,30.602495193481445,1710300
2021-02-03,37.400001525878906,38.25,36.849998474121094,37.0,30.15425682067871,542800
2021-02-04,37.900001525878906,38.45000076293945,36.599998474121094,38.400001525878906,31.29522705078125,1266442
2021-02-05,38.400001525878906,38.400001525878906,36.5,38.0,30.96923828125,646000
2021-02-08,37.79999923706055,38.79999923706055,37.650001525878906,37.95000076293945,30.928489685058594,440495
2021-02-09,39.099998474121094,39.099998474121094,37.75,38.400001525878906,31.29522705078125,250904
2021-02-10,39.0,39.0,37.5,38.099998474121094,31.05073356628418,280800
2021-02-11,37.54999923706055,37.54999923706055,37.54999923706055,37.54999923706055,30.602495193481445,0
2021-02-16,38.20000076293945,39.95000076293945,38.20000076293945,39.400001525878906,32.1102180480957,1132314
2021-02-17,39.099998474121094,39.400001525878906,34.70000076293945,37.04999923706055,30.195005416870117,1000360
2021-02-18,37.45000076293945,37.599998474121094,35.95000076293945,36.29999923706055,29.583770751953125,1153000
2021-02-19,36.349998474121094,36.79999923706055,34.95000076293945,35.20000076293945,28.687292098999023,1075500
2021-02-22,35.75,35.79999923706055,33.54999923706055,34.099998474121094,27.790813446044922,1115940
2021-02-23,34.0,34.400001525878906,33.0,33.150001525878906,27.016586303710938,866000
2021-02-24,33.150001525878906,33.20000076293945,30.350000381469727,31.549999237060547,25.712617874145508,3940600
2021-02-25,31.5,32.29999923706055,31.0,31.600000381469727,25.75336456298828,2466400
2021-02-26,31.399999618530273,31.399999618530273,30.399999618530273,30.799999237060547,25.101381301879883,1050500
2021-03-01,31.0,31.850000381469727,30.75,31.149999618530273,25.386625289916992,873000
2021-03-02,31.950000762939453,32.0,30.350000381469727,30.700000762939453,25.019886016845703,1085089
2021-03-03,30.700000762939453,31.5,30.200000762939453,30.450000762939453,24.81614112854004,355628
2021-03-04,30.5,31.049999237060547,29.25,29.25,23.838165283203125,909000
2021-03-05,29.25,30.149999618530273,28.0,30.0,24.449398040771484,1005500
2021-03-08,30.0,32.79999923706055,28.899999618530273,28.899999618530273,23.552921295166016,1256500
2021-03-09,29.600000381469727,31.149999618530273,28.799999237060547,30.450000762939453,24.81614112854004,1207000
2021-03-10,30.899999618530273,30.950000762939453,29.950000762939453,30.25,24.653141021728516,624179
2021-03-11,30.950000762939453,30.950000762939453,30.149999618530273,30.5,24.856889724731445,203000
2021-03-12,30.799999237060547,30.799999237060547,29.700000762939453,29.799999237060547,24.28640365600586,377000
2021-03-15,29.899999618530273,30.299999237060547,29.450000762939453,29.700000762939453,24.204906463623047,917533
2021-03-16,30.0,30.850000381469727,29.700000762939453,30.799999237060547,25.101381301879883,1488000
2021-03-17,31.200000762939453,31.200000762939453,29.850000381469727,30.549999237060547,24.89763641357422,759500
2021-03-18,30.799999237060547,30.950000762939453,29.75,29.850000381469727,24.327152252197266,924500
2021-03-19,29.850000381469727,30.5,29.299999237060547,29.850000381469727,24.327152252197266,627000
2021-03-22,30.0,30.200000762939453,29.450000762939453,29.649999618530273,24.164155960083008,660500
2021-03-23,29.899999618530273,30.200000762939453,29.200000762939453,29.700000762939453,24.204906463623047,654000
2021-03-24,29.0,29.549999237060547,28.100000381469727,28.700000762939453,23.389925003051758,1342363
2021-03-25,28.350000381469727,29.899999618530273,28.100000381469727,29.899999618530273,24.367902755737305,746590
2021-03-26,29.950000762939453,30.450000762939453,29.75,29.899999618530273,24.367902755737305,756700
2021-03-29,29.899999618530273,29.950000762939453,28.850000381469727,28.950000762939453,23.593669891357422,410800
2021-03-30,28.950000762939453,30.100000381469727,28.950000762939453,29.950000762939453,24.408647537231445,790000
2021-03-31,29.950000762939453,30.0,29.100000381469727,29.5,24.041908264160156,676500
2021-04-01,29.299999237060547,30.25,29.049999237060547,30.100000381469727,24.530899047851562,848135
2021-04-07,30.100000381469727,30.5,29.299999237060547,29.399999618530273,23.960411071777344,652440
2021-04-08,29.399999618530273,30.200000762939453,29.399999618530273,30.0,24.449398040771484,466100
2021-04-09,30.0,30.399999618530273,29.899999618530273,30.200000762939453,24.612394332885742,643500
2021-04-12,29.75,30.399999618530273,28.950000762939453,29.450000762939453,24.001161575317383,1448409
2021-04-13,29.850000381469727,29.850000381469727,28.799999237060547,29.5,24.041908264160156,691591
2021-04-14,29.399999618530273,29.399999618530273,28.850000381469727,29.149999618530273,23.756664276123047,278198
2021-04-15,29.200000762939453,29.799999237060547,28.799999237060547,28.950000762939453,23.593669891357422,278490
2021-04-16,29.0,29.899999618530273,29.0,29.700000762939453,24.204906463623047,649900
2021-04-19,29.950000762939453,29.950000762939453,29.0,29.0,23.63442039489746,464939
2021-04-20,29.450000762939453,29.450000762939453,28.850000381469727,29.0,23.63442039489746,360735
2021-04-21,28.700000762939453,28.950000762939453,28.450000762939453,28.700000762939453,23.389925003051758,302500
2021-04-22,28.700000762939453,29.100000381469727,28.25,29.100000381469727,23.71591567993164,494000
2021-04-23,29.100000381469727,29.100000381469727,28.399999618530273,28.600000381469727,23.30842399597168,370500
2021-04-26,28.350000381469727,28.549999237060547,28.049999237060547,28.100000381469727,22.900936126708984,357766
2021-04-27,28.200000762939453,28.399999618530273,27.850000381469727,28.200000762939453,22.982433319091797,396277
2021-04-28,28.200000762939453,28.600000381469727,27.600000381469727,27.950000762939453,22.778690338134766,775000
2021-04-29,27.950000762939453,28.100000381469727,27.799999237060547,28.0,22.819438934326172,152182
2021-04-30,28.0,28.149999618530273,27.549999237060547,28.0,22.819438934326172,264000
2021-05-03,27.799999237060547,28.0,27.450000762939453,27.549999237060547,22.452695846557617,249000
2021-05-04,27.799999237060547,28.049999237060547,27.399999618530273,27.450000762939453,22.371200561523438,228000
2021-05-05,27.700000762939453,28.5,27.700000762939453,28.399999618530273,23.145429611206055,412000
2021-05-06,28.0,28.049999237060547,27.25,28.0,22.819438934326172,505547
2021-05-07,28.0,28.0,27.25,27.5,22.41194725036621,364000
2021-05-10,27.799999237060547,28.0,27.25,27.299999237060547,22.248950958251953,157500
2021-05-11,27.350000381469727,28.0,26.649999618530273,28.0,22.819438934326172,1601677
2021-05-12,27.450000762939453,28.299999237060547,27.399999618530273,27.600000381469727,22.49344825744629,972705
2021-05-13,27.75,28.450000762939453,27.350000381469727,27.950000762939453,22.778690338134766,541500
2021-05-14,27.950000762939453,28.25,27.549999237060547,27.950000762939453,22.778690338134766,903154
2021-05-17,27.649999618530273,28.5,27.549999237060547,28.299999237060547,23.390310287475586,2058727
2021-05-18,28.200000762939453,29.200000762939453,28.149999618530273,29.0,23.968868255615234,553000
2021-05-20,29.350000381469727,29.950000762939453,29.149999618530273,29.950000762939453,24.754056930541992,760940
2021-05-21,30.299999237060547,30.350000381469727,29.600000381469727,30.049999237060547,24.836706161499023,448500
2021-05-24,30.200000762939453,30.200000762939453,29.549999237060547,30.0,24.795379638671875,655000
2021-05-25,29.549999237060547,30.100000381469727,29.549999237060547,30.100000381469727,24.87803077697754,325500
2021-05-26,30.100000381469727,30.149999618530273,29.649999618530273,30.0,24.795379638671875,401846
2021-05-27,30.0,30.0,29.700000762939453,29.950000762939453,24.754056930541992,782000
2021-05-28,29.600000381469727,30.200000762939453,29.5,30.049999237060547,24.836706161499023,532500
2021-05-31,30.049999237060547,32.400001525878906,29.950000762939453,31.799999237060547,26.283103942871094,1935000
2021-06-01,31.700000762939453,31.700000762939453,29.850000381469727,30.299999237060547,25.0433349609375,1947082
2021-06-02,30.299999237060547,30.399999618530273,29.600000381469727,30.25,25.002010345458984,1901850
2021-06-03,30.600000381469727,31.25,30.450000762939453,30.950000762939453,25.580568313598633,1214000
2021-06-04,30.899999618530273,31.450000762939453,30.649999618530273,31.100000381469727,25.704545974731445,417650
2021-06-07,31.100000381469727,31.75,30.649999618530273,30.950000762939453,25.580568313598633,239500
2021-06-08,30.75,31.0,30.600000381469727,30.75,25.415267944335938,148000
2021-06-09,30.899999618530273,31.549999237060547,30.25,30.549999237060547,25.249963760375977,968500
2021-06-10,30.25,30.75,30.25,30.600000381469727,25.291288375854492,515296
2021-06-11,30.5,30.700000762939453,29.850000381469727,30.350000381469727,25.08466339111328,1147030
2021-06-15,29.950000762939453,30.850000381469727,29.899999618530273,30.25,25.002010345458984,744500
2021-06-16,30.149999618530273,30.25,28.950000762939453,29.149999618530273,24.092844009399414,402000
2021-06-17,29.149999618530273,30.350000381469727,29.149999618530273,30.299999237060547,25.0433349609375,792000
2021-06-18,30.299999237060547,30.299999237060547,29.799999237060547,30.299999237060547,25.0433349609375,416668
2021-06-21,30.0,31.350000381469727,30.0,30.450000762939453,25.167312622070312,295303
2021-06-22,30.200000762939453,31.200000762939453,30.049999237060547,30.450000762939453,25.167312622070312,293000
2021-06-23,30.450000762939453,31.549999237060547,30.350000381469727,31.350000381469727,25.91117286682129,615999
2021-06-24,31.350000381469727,31.399999618530273,30.700000762939453,31.399999618530273,25.952499389648438,476876
2021-06-25,31.399999618530273,32.29999923706055,31.350000381469727,32.099998474121094,26.531057357788086,805094
2021-06-28,31.5,32.400001525878906,31.049999237060547,32.400001525878906,26.77901268005371,399500
2021-06-29,32.400001525878906,32.79999923706055,32.0,32.349998474121094,26.737686157226562,268989
2021-06-30,32.349998474121094,32.79999923706055,32.349998474121094,32.54999923706055,26.902990341186523,394000
2021-07-02,32.0,32.5,31.200000762939453,31.700000762939453,26.200454711914062,621000
2021-07-05,31.700000762939453,32.20000076293945,31.0,32.099998474121094,26.531057357788086,208500
2021-07-06,31.5,32.099998474121094,30.5,30.799999237060547,25.45659065246582,418500
2021-07-07,30.799999237060547,31.299999237060547,30.5,31.049999237060547,25.66322135925293,853000
2021-07-08,31.049999237060547,31.25,30.649999618530273,31.049999237060547,25.66322135925293,591000
2021-07-09,31.200000762939453,31.200000762939453,30.0,31.100000381469727,25.704545974731445,164509
2021-07-12,31.100000381469727,31.649999618530273,31.0,31.100000381469727,25.704545974731445,146999
2021-07-13,30.600000381469727,30.600000381469727,29.850000381469727,30.049999237060547,24.836706161499023,721000
2021-07-14,30.149999618530273,30.850000381469727,30.149999618530273,30.75,25.415267944335938,766500
2021-07-15,30.200000762939453,30.600000381469727,29.549999237060547,29.700000762939453,24.54743003845215,2402380
2021-07-16,30.200000762939453,30.200000762939453,29.350000381469727,29.899999618530273,24.712730407714844,345000
2021-07-19,29.899999618530273,29.950000762939453,29.549999237060547,29.600000381469727,24.46477699279785,506000
2021-07-20,29.899999618530273,29.899999618530273,28.799999237060547,28.899999618530273,23.88621711730957,476500
2021-07-21,28.899999618530273,29.100000381469727,28.0,28.299999237060547,23.390310287475586,574429
2021-07-22,28.299999237060547,28.899999618530273,28.200000762939453,28.350000381469727,23.431636810302734,297300
2021-07-23,29.149999618530273,29.149999618530273,28.5,29.0,23.968868255615234,685521
2021-07-26,29.100000381469727,30.0,27.799999237060547,28.299999237060547,23.390310287475586,606950
2021-07-27,28.299999237060547,28.299999237060547,25.299999237060547,26.25,21.695960998535156,1033603
2021-07-28,26.0,28.0,26.0,27.75,22.935726165771484,1195605
2021-07-29,28.299999237060547,28.600000381469727,27.950000762939453,28.399999618530273,23.47296142578125,165369
2021-07-30,28.450000762939453,28.799999237060547,27.399999618530273,27.899999618530273,23.05970573425293,781500
2021-08-02,28.049999237060547,28.850000381469727,27.649999618530273,28.649999618530273,23.679588317871094,562000
2021-08-03,28.75,28.75,28.100000381469727,28.350000381469727,23.431636810302734,234000
2021-08-04,28.0,28.350000381469727,27.950000762939453,28.100000381469727,23.225006103515625,130000
2021-08-05,28.100000381469727,28.100000381469727,27.25,27.350000381469727,22.60512351989746,202742
2021-08-06,27.049999237060547,27.100000381469727,26.549999237060547,26.649999618530273,22.02656364440918,184568
2021-08-09,26.25,26.350000381469727,25.350000381469727,26.0,21.489330291748047,582500
2021-08-10,26.299999237060547,26.299999237060547,25.799999237060547,25.950000762939453,21.448007583618164,658000
2021-08-11,26.600000381469727,26.600000381469727,26.200000762939453,26.350000381469727,21.778610229492188,532500
2021-08-12,26.350000381469727,26.350000381469727,25.350000381469727,25.600000381469727,21.15872573852539,433500
2021-08-13,26.0,26.350000381469727,25.600000381469727,26.0,21.489330291748047,463289
2021-08-16,26.299999237060547,26.299999237060547,25.600000381469727,25.799999237060547,21.324026107788086,317290
2021-08-17,26.0,26.0,25.350000381469727,25.649999618530273,21.200050354003906,342800
2021-08-18,25.75,25.75,24.950000762939453,25.25,20.86944580078125,288880
2021-08-19,25.25,25.299999237060547,24.200000762939453,24.350000381469727,20.125585556030273,873200
2021-08-20,24.450000762939453,24.450000762939453,22.549999237060547,23.0,19.009790420532227,905500
2021-08-23,23.5,23.799999237060547,22.899999618530273,23.399999618530273,19.340396881103516,1492000
2021-08-24,23.399999618530273,24.850000381469727,23.399999618530273,23.600000381469727,19.50570297241211,2140940
2021-08-25,23.600000381469727,23.75,22.700000762939453,23.5,19.42304801940918,1046000
2021-08-26,23.600000381469727,23.600000381469727,21.799999237060547,21.799999237060547,18.017976760864258,1096500
2021-08-27,22.100000381469727,22.600000381469727,21.700000762939453,21.950000762939453,18.14195442199707,716500
2021-08-30,22.450000762939453,22.600000381469727,21.850000381469727,22.149999618530273,18.307254791259766,542975
2021-08-31,22.5,22.5,21.549999237060547,22.25,18.389907836914062,1240500
2021-09-01,21.950000762939453,22.850000381469727,21.850000381469727,22.799999237060547,18.84449005126953,502568
2021-09-02,22.799999237060547,23.799999237060547,21.850000381469727,23.799999237060547,19.671001434326172,2823722
2021-09-03,23.100000381469727,24.549999237060547,22.799999237060547,23.700000762939453,19.58835220336914,1417000
2021-09-06,23.700000762939453,24.600000381469727,22.600000381469727,23.399999618530273,19.340396881103516,2011000
2021-09-07,23.049999237060547,23.600000381469727,21.950000762939453,22.450000762939453,18.853321075439453,2800500
2021-09-08,23.25,23.450000762939453,21.399999618530273,21.700000762939453,18.22347640991211,3155000
2021-09-09,21.75,21.75,21.0,21.200000762939453,17.803579330444336,916680
2021-09-10,21.399999618530273,21.5,21.100000381469727,21.350000381469727,17.929548263549805,375800
2021-09-13,21.200000762939453,21.450000762939453,20.399999618530273,20.549999237060547,17.257715225219727,512500
2021-09-14,20.649999618530273,20.649999618530273,20.100000381469727,20.25,17.00577735900879,367418
2021-09-15,20.600000381469727,20.600000381469727,19.399999618530273,19.579999923706055,16.443119049072266,749500
2021-09-16,19.059999465942383,19.479999542236328,18.719999313354492,18.899999618530273,15.872056007385254,353000
2021-09-17,19.0,19.360000610351562,18.540000915527344,19.079999923706055,16.023221969604492,653500
2021-09-20,19.15999984741211,19.15999984741211,17.719999313354492,18.260000228881836,15.33459186553955,420000
2021-09-21,18.299999237060547,18.81999969482422,17.84000015258789,18.780000686645508,15.771286010742188,411000
2021-09-23,19.020000457763672,19.200000762939453,17.979999542236328,18.139999389648438,15.23381519317627,885000
2021-09-24,18.6200008392334,18.65999984741211,18.219999313354492,18.3799991607666,15.435367584228516,1455500
2021-09-27,18.520000457763672,18.600000381469727,17.5,18.1200008392334,15.217022895812988,965000
2021-09-28,18.260000228881836,19.139999389648438,18.059999465942383,18.559999465942383,15.586530685424805,628600
2021-09-29,18.600000381469727,18.600000381469727,18.260000228881836,18.399999618530273,15.452162742614746,224500
2021-09-30,18.520000457763672,18.780000686645508,18.399999618530273,18.559999465942383,15.586530685424805,318000
2021-10-04,18.760000228881836,18.760000228881836,18.020000457763672,18.280000686645508,15.351387977600098,377500
2021-10-05,18.459999084472656,18.459999084472656,18.079999923706055,18.219999313354492,15.300999641418457,67500
2021-10-06,18.719999313354492,18.719999313354492,18.0,18.15999984741211,15.25061321258545,281629
2021-10-07,18.520000457763672,18.739999771118164,18.239999771118164,18.739999771118164,15.737692832946777,924000
2021-10-08,19.0,19.100000381469727,18.68000030517578,18.860000610351562,15.838468551635742,814000
2021-10-11,19.040000915527344,19.139999389648438,18.6200008392334,18.780000686645508,15.771286010742188,434000
2021-10-12,18.799999237060547,19.219999313354492,18.799999237060547,19.200000762939453,16.12399673461914,535500
2021-10-15,19.280000686645508,19.799999237060547,18.399999618530273,18.68000030517578,15.68730354309082,1542621
2021-10-18,18.959999084472656,19.079999923706055,18.68000030517578,18.8799991607666,15.855260848999023,369500
2021-10-19,19.079999923706055,19.3799991607666,18.940000534057617,19.360000610351562,16.25836181640625,446500
2021-10-20,19.540000915527344,19.68000030517578,18.979999542236328,19.0,15.956038475036621,819000
2021-10-21,19.0,19.360000610351562,18.719999313354492,18.959999084472656,15.922445297241211,1420340
2021-10-22,19.100000381469727,19.18000030517578,18.739999771118164,19.18000030517578,16.107200622558594,1004800
2021-10-25,19.18000030517578,19.18000030517578,18.780000686645508,18.920000076293945,15.888855934143066,88000
2021-10-26,18.940000534057617,18.940000534057617,18.200000762939453,18.479999542236328,15.519346237182617,276762
2021-10-27,18.219999313354492,18.420000076293945,17.84000015258789,18.0,15.116246223449707,459128
2021-10-28,18.0,18.15999984741211,17.68000030517578,17.959999084472656,15.082653999328613,687000
2021-10-29,17.959999084472656,18.260000228881836,17.719999313354492,18.260000228881836,15.33459186553955,251000
2021-11-01,18.360000610351562,18.3799991607666,17.520000457763672,17.520000457763672,14.713147163391113,253500
2021-11-02,17.799999237060547,17.84000015258789,17.040000915527344,17.200000762939453,14.444413185119629,477500
2021-11-03,17.139999389648438,17.360000610351562,16.799999237060547,17.239999771118164,14.478005409240723,493282
2021-11-04,17.0,17.239999771118164,16.719999313354492,16.84000015258789,14.142087936401367,474000
2021-11-05,17.31999969482422,17.31999969482422,16.020000457763672,16.219999313354492,13.621417045593262,861861
2021-11-08,16.260000228881836,16.600000381469727,16.0,16.579999923706055,13.92374324798584,839861
2021-11-09,16.719999313354492,16.760000228881836,16.18000030517578,16.6200008392334,13.957334518432617,481500
2021-11-10,16.6200008392334,16.700000762939453,15.9399995803833,16.700000762939453,14.024517059326172,407844
2021-11-11,16.5,16.940000534057617,16.18000030517578,16.760000228881836,14.074905395507812,687250
2021-11-12,16.600000381469727,16.780000686645508,16.520000457763672,16.739999771118164,14.058107376098633,376000
2021-11-15,16.600000381469727,17.100000381469727,15.779999732971191,16.81999969482422,14.12529182434082,413648
2021-11-16,16.8799991607666,17.3799991607666,16.8799991607666,17.100000381469727,14.360433578491211,396000
2021-11-17,17.100000381469727,17.31999969482422,16.420000076293945,16.520000457763672,13.873355865478516,1036082
2021-11-18,16.65999984741211,17.299999237060547,16.639999389648438,17.18000030517578,14.427617073059082,436000
2021-11-19,17.18000030517578,17.18000030517578,16.0,16.200000762939453,13.604622840881348,845080
2021-11-22,16.0,16.139999389648438,15.300000190734863,15.420000076293945,12.9495849609375,1031262
2021-11-23,15.319999694824219,16.059999465942383,15.100000381469727,15.979999542236328,13.419866561889648,1065000
2021-11-24,15.819999694824219,15.960000038146973,15.260000228881836,15.619999885559082,13.117542266845703,889000
2021-11-25,15.539999961853027,15.619999885559082,15.039999961853027,15.140000343322754,12.71444320678711,1550500
2021-11-26,15.300000190734863,15.300000190734863,14.4399995803833,14.640000343322754,12.294547080993652,715200
2021-11-29,14.4399995803833,14.600000381469727,14.119999885559082,14.199999809265137,11.925040245056152,731500
2021-11-30,14.520000457763672,14.619999885559082,14.0600004196167,14.279999732971191,11.992222785949707,1493602
2021-12-01,14.0,14.460000038146973,13.779999732971191,13.84000015258789,11.62271499633789,719960
2021-12-02,14.0,14.0,13.479999542236328,13.699999809265137,11.505144119262695,952000
2021-12-03,13.4399995803833,13.640000343322754,13.220000267028809,13.399999618530273,11.253206253051758,583259
2021-12-06,13.819999694824219,13.819999694824219,13.079999923706055,13.140000343322754,11.034859657287598,750500
2021-12-07,13.140000343322754,13.460000038146973,12.760000228881836,13.220000267028809,11.102044105529785,1690300
2021-12-08,13.180000305175781,13.239999771118164,12.760000228881836,13.100000381469727,11.00126838684082,1393500
2021-12-09,13.579999923706055,14.180000305175781,13.520000457763672,14.119999885559082,11.857856750488281,2141000
2021-12-10,13.899999618530273,14.4399995803833,13.720000267028809,13.739999771118164,11.538735389709473,782512
2021-12-13,14.420000076293945,14.420000076293945,13.5,13.5600004196167,11.3875732421875,470902
2021-12-14,13.5600004196167,13.5600004196167,12.5,12.520000457763672,10.514188766479492,1382000
2021-12-15,12.520000457763672,13.140000343322754,12.460000038146973,12.479999542236328,10.480597496032715,1979616
2021-12-16,12.819999694824219,12.819999694824219,12.319999694824219,12.460000038146973,10.463802337646484,859000
2021-12-17,12.279999732971191,12.460000038146973,12.0600004196167,12.100000381469727,10.161476135253906,771998
2021-12-20,12.0,12.220000267028809,11.899999618530273,12.0600004196167,10.127885818481445,542600
2021-12-21,12.220000267028809,12.4399995803833,11.920000076293945,12.100000381469727,10.161476135253906,1170500
2021-12-22,11.920000076293945,12.260000228881836,11.760000228881836,12.239999771118164,10.279047966003418,1877960
2021-12-23,12.300000190734863,12.520000457763672,12.199999809265137,12.300000190734863,10.329435348510742,1065295
2021-12-24,12.300000190734863,12.380000114440918,12.039999961853027,12.220000267028809,10.262252807617188,171000
2021-12-28,12.220000267028809,12.5,12.220000267028809,12.279999732971191,10.312639236450195,556000
2021-12-29,12.0600004196167,12.199999809265137,11.5600004196167,11.640000343322754,9.77517318725586,650392
2021-12-30,11.680000305175781,12.15999984741211,11.5600004196167,12.100000381469727,10.161476135253906,1010160
2021-12-31,12.15999984741211,12.199999809265137,12.020000457763672,12.079999923706055,10.144680976867676,312500
2022-01-03,12.100000381469727,12.100000381469727,11.699999809265137,11.779999732971191,9.892743110656738,264500
2022-01-04,11.739999771118164,12.0,11.739999771118164,11.920000076293945,10.010315895080566,933590
2022-01-05,11.699999809265137,12.100000381469727,11.699999809265137,12.0,10.077497482299805,1518500
2022-01-06,12.0,12.600000381469727,12.0,12.539999961853027,10.530985832214355,1739500
2022-01-07,12.760000228881836,12.779999732971191,12.020000457763672,12.279999732971191,10.312639236450195,942840
2022-01-10,12.420000076293945,12.699999809265137,12.279999732971191,12.5,10.497393608093262,1018020
2022-01-11,12.5600004196167,12.859999656677246,12.039999961853027,12.720000267028809,10.682147979736328,1571043
2022-01-12,12.819999694824219,13.4399995803833,12.779999732971191,13.399999618530273,11.253206253051758,1017800
2022-01-13,13.699999809265137,13.699999809265137,13.0600004196167,13.0600004196167,10.967677116394043,1329500
2022-01-14,13.34000015258789,13.5600004196167,13.100000381469727,13.180000305175781,11.068452835083008,1107500
2022-01-17,13.199999809265137,13.220000267028809,12.819999694824219,13.039999961853027,10.950881958007812,712500
2022-01-18,13.039999961853027,13.399999618530273,13.0,13.199999809265137,11.085247993469238,804000
2022-01-19,13.300000190734863,13.600000381469727,12.539999961853027,12.619999885559082,10.59816837310791,798000
2022-01-20,12.619999885559082,13.0600004196167,12.619999885559082,13.0,10.917290687561035,1178000
2022-01-21,12.920000076293945,13.199999809265137,12.920000076293945,13.079999923706055,10.984474182128906,586500
2022-01-24,13.119999885559082,13.779999732971191,13.100000381469727,13.680000305175781,11.488347053527832,1120500
2022-01-25,13.680000305175781,13.699999809265137,12.960000038146973,13.0600004196167,10.967677116394043,1239000
2022-01-26,13.279999732971191,13.4399995803833,13.15999984741211,13.180000305175781,11.068452835083008,1071100
2022-01-27,13.039999961853027,13.0600004196167,12.600000381469727,12.859999656677246,10.799718856811523,512500
2022-01-28,13.0,13.0,12.699999809265137,12.779999732971191,10.732534408569336,435000
2022-01-31,13.180000305175781,13.180000305175781,13.180000305175781,13.180000305175781,11.068452835083008,0
2022-02-04,13.199999809265137,13.199999809265137,12.699999809265137,13.0,10.917290687561035,1615500
2022-02-07,12.800000190734863,13.199999809265137,12.779999732971191,13.039999961853027,10.950881958007812,1201500
2022-02-08,12.819999694824219,13.15999984741211,12.800000190734863,12.920000076293945,10.850106239318848,243000
2022-02-09,12.880000114440918,13.359999656677246,12.880000114440918,13.0600004196167,10.967677116394043,1673000
2022-02-10,12.960000038146973,13.0600004196167,12.84000015258789,12.979999542236328,10.900492668151855,1003500
2022-02-11,12.899999618530273,13.180000305175781,12.819999694824219,12.960000038146973,10.883698463439941,486300
2022-02-14,12.819999694824219,13.140000343322754,12.600000381469727,12.699999809265137,10.665350914001465,1619000
2022-02-15,12.680000305175781,13.180000305175781,12.680000305175781,13.0,10.917290687561035,1611000
2022-02-16,13.300000190734863,13.300000190734863,12.760000228881836,13.0,10.917290687561035,1210000
2022-02-17,12.920000076293945,13.720000267028809,12.899999618530273,13.479999542236328,11.320388793945312,1518500
2022-02-18,13.199999809265137,13.520000457763672,13.180000305175781,13.380000114440918,11.236410140991211,447500
2022-02-21,13.34000015258789,13.34000015258789,12.859999656677246,13.0,10.917290687561035,410500
2022-02-22,12.800000190734863,12.800000190734863,12.100000381469727,12.380000114440918,10.396617889404297,1136500
2022-02-23,12.479999542236328,13.079999923706055,12.140000343322754,13.0,10.917290687561035,1138000
2022-02-24,12.800000190734863,12.960000038146973,12.239999771118164,12.300000190734863,10.329435348510742,509000
2022-02-25,12.300000190734863,12.760000228881836,12.020000457763672,12.239999771118164,10.279047966003418,856000
2022-02-28,12.34000015258789,12.34000015258789,11.720000267028809,12.100000381469727,10.161476135253906,1349000
2022-03-01,12.100000381469727,12.5,11.9399995803833,12.039999961853027,10.111089706420898,1521000
2022-03-02,11.920000076293945,12.119999885559082,11.619999885559082,11.779999732971191,9.892743110656738,847000
2022-03-03,12.079999923706055,12.079999923706055,11.65999984741211,11.880000114440918,9.976723670959473,411500
2022-03-04,11.5600004196167,11.699999809265137,11.100000381469727,11.119999885559082,9.338479995727539,1575507
2022-03-07,11.119999885559082,11.119999885559082,10.5,10.520000457763672,8.834606170654297,787500
2022-03-08,10.520000457763672,10.65999984741211,10.260000228881836,10.399999618530273,8.733830451965332,994630
2022-03-09,10.4399995803833,10.4399995803833,9.600000381469727,9.869999885559082,8.288741111755371,1426000
2022-03-10,10.0,10.180000305175781,9.869999885559082,9.979999542236328,8.381118774414062,801000
2022-03-11,9.75,9.8100004196167,9.399999618530273,9.710000038146973,8.154376029968262,1095500
2022-03-14,9.5,9.5,9.0600004196167,9.109999656677246,7.6504998207092285,1351500
2022-03-15,9.100000381469727,9.15999984741211,8.289999961853027,8.319999694824219,6.987064361572266,1786669
2022-03-16,8.399999618530273,8.619999885559082,7.889999866485596,8.5600004196167,7.188615322113037,4346500
2022-03-17,8.850000381469727,9.569999694824219,8.850000381469727,9.40999984741211,7.902437686920166,3179500
2022-03-18,9.15999984741211,9.680000305175781,8.960000038146973,9.100000381469727,7.6421027183532715,6710235
2022-03-21,9.15999984741211,9.3100004196167,8.989999771118164,9.130000114440918,7.667295932769775,2854078
2022-03-22,9.149999618530273,9.720000267028809,9.069999694824219,9.470000267028809,7.952826499938965,3180460
2022-03-23,9.649999618530273,9.760000228881836,9.149999618530273,9.510000228881836,7.9864182472229,2268500
2022-03-24,9.489999771118164,9.850000381469727,9.399999618530273,9.449999809265137,7.936028003692627,1825500
2022-03-25,9.329999923706055,9.640000343322754,8.9399995803833,8.960000038146973,7.524532318115234,1124726
2022-03-28,9.029999732971191,9.520000457763672,8.8100004196167,9.4399995803833,7.927630424499512,2507000
2022-03-29,9.4399995803833,9.489999771118164,9.100000381469727,9.300000190734863,7.810060501098633,1148506
2022-03-30,9.300000190734863,10.420000076293945,9.300000190734863,10.140000343322754,8.515485763549805,2139000
2022-03-31,10.079999923706055,11.319999694824219,10.039999961853027,11.020000457763672,9.25450325012207,2586500
2022-04-01,10.880000114440918,11.34000015258789,10.5,11.180000305175781,9.388869285583496,1875000
2022-04-04,11.220000267028809,12.819999694824219,11.220000267028809,12.800000190734863,10.7493314743042,2760500
2022-04-06,12.260000228881836,12.279999732971191,11.880000114440918,11.979999542236328,10.060700416564941,7254100
2022-04-07,11.9399995803833,12.420000076293945,11.84000015258789,11.899999618530273,9.993517875671387,3772850
2022-04-08,11.899999618530273,12.15999984741211,11.579999923706055,11.9399995803833,10.027109146118164,901000
2022-04-11,11.899999618530273,11.899999618530273,11.479999542236328,11.65999984741211,9.791967391967773,1102500
2022-04-12,11.65999984741211,11.84000015258789,11.140000343322754,11.239999771118164,9.439255714416504,1804296
2022-04-13,11.199999809265137,11.359999656677246,11.0600004196167,11.119999885559082,9.338479995727539,1076781
2022-04-14,11.140000343322754,11.359999656677246,11.039999961853027,11.15999984741211,9.37207317352295,702658
2022-04-19,11.260000228881836,11.260000228881836,10.15999984741211,10.300000190734863,8.649852752685547,974344
2022-04-20,10.199999809265137,10.380000114440918,10.0600004196167,10.15999984741211,8.532281875610352,463500
2022-04-21,10.140000343322754,10.220000267028809,9.600000381469727,9.699999809265137,8.145977973937988,682000
2022-04-22,9.5,9.710000038146973,9.25,9.6899995803833,8.137578964233398,684000
2022-04-25,9.479999542236328,9.579999923706055,8.960000038146973,9.149999618530273,7.6840925216674805,688500
2022-04-26,9.149999618530273,9.300000190734863,8.8100004196167,8.850000381469727,7.432155132293701,505000
2022-04-27,9.0,9.0,8.59000015258789,8.829999923706055,7.415359020233154,892852
2022-04-28,8.819999694824219,8.9399995803833,8.539999961853027,8.770000457763672,7.36497163772583,296500
2022-04-29,8.770000457763672,8.9399995803833,8.380000114440918,8.699999809265137,7.306185722351074,1327000
2022-05-03,8.699999809265137,9.029999732971191,8.510000228881836,8.869999885559082,7.448949813842773,378500
2022-05-04,8.869999885559082,9.029999732971191,8.699999809265137,8.789999961853027,7.3817667961120605,758000
2022-05-05,8.949999809265137,9.25,8.819999694824219,8.949999809265137,7.5161333084106445,798000
2022-05-06,8.800000190734863,8.800000190734863,8.300000190734863,8.34000015258789,7.003860950469971,819783
2022-05-10,8.319999694824219,8.319999694824219,7.940000057220459,8.199999809265137,6.886290073394775,1152000
2022-05-11,8.279999732971191,8.649999618530273,8.09000015258789,8.630000114440918,7.247400283813477,1074500
2022-05-12,8.65999984741211,8.670000076293945,8.380000114440918,8.5600004196167,7.188615322113037,700000
2022-05-13,8.5600004196167,8.6899995803833,8.369999885559082,8.680000305175781,7.289390563964844,889000
2022-05-16,8.880000114440918,9.199999809265137,8.880000114440918,9.0,7.5581231117248535,525177
2022-05-17,8.970000267028809,9.170000076293945,8.930000305175781,9.119999885559082,7.806351184844971,759000
2022-05-18,9.100000381469727,9.100000381469727,8.869999885559082,8.949999809265137,7.6608381271362305,339615
2022-05-19,8.84000015258789,8.979999542236328,8.680000305175781,8.6899995803833,7.438287734985352,280200
2022-05-20,8.869999885559082,8.869999885559082,8.65999984741211,8.84000015258789,7.566682815551758,179500
2022-05-23,8.930000305175781,8.930000305175781,8.670000076293945,8.75,7.489646911621094,774000
2022-05-24,8.800000190734863,8.880000114440918,8.399999618530273,8.479999542236328,7.2585368156433105,363500
2022-05-25,8.510000228881836,8.510000228881836,8.279999732971191,8.34000015258789,7.138702869415283,525500
2022-05-26,8.449999809265137,8.449999809265137,8.100000381469727,8.25,7.061666965484619,254500
2022-05-27,8.390000343322754,8.470000267028809,8.329999923706055,8.420000076293945,7.207180023193359,719499
2022-05-30,8.470000267028809,8.979999542236328,8.470000267028809,8.710000038146973,7.455407619476318,525000
2022-05-31,8.6899995803833,9.199999809265137,8.6899995803833,9.100000381469727,7.78923225402832,956500
2022-06-01,9.199999809265137,9.75,9.119999885559082,9.739999771118164,8.33704662322998,1514598
2022-06-02,9.75,10.479999542236328,9.510000228881836,9.6899995803833,8.294248580932617,810000
2022-06-06,10.0,10.100000381469727,9.59000015258789,10.020000457763672,8.576715469360352,446356
2022-06-07,10.020000457763672,10.020000457763672,9.6899995803833,9.739999771118164,8.33704662322998,406040
2022-06-08,9.899999618530273,10.300000190734863,9.899999618530273,10.279999732971191,8.799263954162598,1280630
2022-06-09,10.279999732971191,10.399999618530273,10.020000457763672,10.15999984741211,8.696550369262695,596472
2022-06-10,9.899999618530273,10.479999542236328,9.899999618530273,10.460000038146973,8.953337669372559,717000
2022-06-13,10.119999885559082,10.619999885559082,10.119999885559082,10.239999771118164,8.765026092529297,564000
2022-06-14,10.100000381469727,10.180000305175781,9.819999694824219,10.0,8.559596061706543,498500
2022-06-15,10.15999984741211,10.220000267028809,9.949999809265137,10.100000381469727,8.64519214630127,423000
2022-06-16,10.300000190734863,10.300000190734863,9.5,9.550000190734863,8.174413681030273,299500
2022-06-17,9.800000190734863,9.800000190734863,9.170000076293945,9.170000076293945,7.849148750305176,730000
2022-06-20,9.239999771118164,9.4399995803833,9.0600004196167,9.260000228881836,7.926186561584473,340340
2022-06-21,9.369999885559082,9.390000343322754,9.220000267028809,9.369999885559082,8.020341873168945,290501
2022-06-22,9.40999984741211,9.40999984741211,9.239999771118164,9.279999732971191,7.943305015563965,311000
2022-06-23,9.4399995803833,9.4399995803833,9.149999618530273,9.369999885559082,8.020341873168945,153500
2022-06-24,9.460000038146973,9.720000267028809,9.329999923706055,9.720000267028809,8.319927215576172,285500
2022-06-27,9.880000114440918,10.180000305175781,9.880000114440918,10.140000343322754,8.679431915283203,436000
2022-06-28,10.220000267028809,10.279999732971191,9.960000038146973,10.279999732971191,8.799263954162598,176500
2022-06-29,10.260000228881836,10.600000381469727,10.220000267028809,10.420000076293945,8.919099807739258,471500
2022-06-30,10.619999885559082,10.619999885559082,10.199999809265137,10.34000015258789,8.850622177124023,303000
2022-07-04,10.380000114440918,10.579999923706055,10.300000190734863,10.539999961853027,9.021814346313477,313000
2022-07-05,10.720000267028809,10.800000190734863,10.380000114440918,10.65999984741211,9.124529838562012,609255
2022-07-06,10.65999984741211,10.739999771118164,10.020000457763672,10.199999809265137,8.73078727722168,512256
2022-07-07,10.220000267028809,10.239999771118164,9.630000114440918,9.779999732971191,8.371284484863281,518500
2022-07-08,10.0,10.199999809265137,9.930000305175781,10.100000381469727,8.64519214630127,331000
2022-07-11,10.100000381469727,10.260000228881836,9.520000457763672,9.710000038146973,8.311367988586426,315000
2022-07-12,9.760000228881836,9.760000228881836,9.319999694824219,9.489999771118164,8.123056411743164,321500
2022-07-13,9.680000305175781,10.100000381469727,9.630000114440918,9.890000343322754,8.465441703796387,501500
2022-07-14,9.6899995803833,9.970000267028809,9.430000305175781,9.65999984741211,8.268569946289062,345000
2022-07-15,9.670000076293945,9.670000076293945,9.15999984741211,9.199999809265137,7.874828338623047,496500
2022-07-18,9.3100004196167,9.579999923706055,9.100000381469727,9.449999809265137,8.088817596435547,384710
2022-07-19,9.449999809265137,9.470000267028809,9.0,9.470000267028809,8.105937004089355,461500
2022-07-20,9.600000381469727,10.199999809265137,9.470000267028809,10.140000343322754,8.679431915283203,530400
2022-07-21,10.039999961853027,10.600000381469727,10.039999961853027,10.140000343322754,8.679431915283203,371987
2022-07-22,10.0600004196167,10.279999732971191,9.8100004196167,10.119999885559082,8.662311553955078,188000
2022-07-25,9.880000114440918,10.399999618530273,9.880000114440918,10.380000114440918,8.884861946105957,310000
2022-07-26,10.100000381469727,10.460000038146973,9.739999771118164,9.800000190734863,8.38840389251709,648027
2022-07-27,9.800000190734863,9.859999656677246,9.319999694824219,9.319999694824219,7.977542877197266,460500
2022-07-28,9.489999771118164,9.619999885559082,9.279999732971191,9.5600004196167,8.182973861694336,316500
2022-07-29,9.75,9.75,9.279999732971191,9.430000305175781,8.071699142456055,335717
2022-08-01,9.319999694824219,9.329999923706055,9.210000038146973,9.260000228881836,7.926186561584473,324000
2022-08-02,9.079999923706055,9.149999618530273,8.930000305175781,8.970000267028809,7.677957534790039,598500
2022-08-03,9.199999809265137,9.40999984741211,9.050000190734863,9.300000190734863,7.960424423217773,306400
2022-08-04,9.760000228881836,9.760000228881836,9.350000381469727,9.65999984741211,8.268569946289062,196108
2022-08-05,9.75,10.0,9.600000381469727,9.699999809265137,8.302807807922363,398500
2022-08-08,9.670000076293945,10.239999771118164,9.640000343322754,10.15999984741211,8.696550369262695,401589
2022-08-09,10.100000381469727,10.119999885559082,9.770000457763672,9.789999961853027,8.379844665527344,250500
2022-08-10,9.75,9.789999961853027,9.5,9.699999809265137,8.302807807922363,412737
2022-08-11,9.699999809265137,10.0,9.699999809265137,9.920000076293945,8.491120338439941,146000
2022-08-12,10.0,10.899999618530273,9.9399995803833,10.260000228881836,8.782145500183105,775500
2022-08-15,10.399999618530273,10.399999618530273,10.0,10.119999885559082,8.662311553955078,191000
2022-08-16,9.979999542236328,10.460000038146973,9.920000076293945,10.0600004196167,8.610954284667969,230000
2022-08-17,10.100000381469727,10.140000343322754,9.899999618530273,10.0600004196167,8.610954284667969,157500
2022-08-18,9.6899995803833,9.949999809265137,9.6899995803833,9.949999809265137,8.516797065734863,198237
2022-08-19,9.789999961853027,9.979999542236328,9.710000038146973,9.859999656677246,8.4397611618042,194000
2022-08-22,9.890000343322754,10.0600004196167,9.640000343322754,9.949999809265137,8.516797065734863,490500
2022-08-23,9.979999542236328,9.979999542236328,9.729999542236328,9.829999923706055,8.414083480834961,88500
2022-08-24,10.119999885559082,10.380000114440918,9.59000015258789,10.119999885559082,8.662311553955078,370500
2022-08-25,10.199999809265137,10.600000381469727,10.039999961853027,10.380000114440918,8.884861946105957,381500
2022-08-26,10.579999923706055,10.680000305175781,10.300000190734863,10.359999656677246,8.867741584777832,309500
2022-08-29,10.65999984741211,10.65999984741211,10.199999809265137,10.5,8.98757553100586,226000
2022-08-30,10.600000381469727,10.699999809265137,10.359999656677246,10.579999923706055,9.056053161621094,358000
2022-08-31,10.5600004196167,10.720000267028809,10.520000457763672,10.520000457763672,9.004694938659668,267000
2022-09-01,10.399999618530273,10.619999885559082,10.0600004196167,10.220000267028809,8.747907638549805,698500
2022-09-02,10.279999732971191,10.359999656677246,10.020000457763672,10.039999961853027,8.593833923339844,157980
2022-09-05,10.420000076293945,10.4399995803833,9.720000267028809,9.880000114440918,8.456880569458008,369000
2022-09-06,10.0,10.0,9.619999885559082,9.699999809265137,8.302807807922363,504000
2022-09-07,9.699999809265137,9.8100004196167,9.59000015258789,9.800000190734863,8.38840389251709,199500
2022-09-08,9.760000228881836,9.760000228881836,9.59000015258789,9.729999542236328,8.328487396240234,329500
2022-09-09,9.460000038146973,9.84000015258789,9.460000038146973,9.789999961853027,8.600831985473633,144990
2022-09-13,9.760000228881836,9.920000076293945,9.699999809265137,9.699999809265137,8.521763801574707,160253
2022-09-14,9.710000038146973,9.800000190734863,9.510000228881836,9.699999809265137,8.521763801574707,242000
2022-09-15,9.970000267028809,10.180000305175781,9.890000343322754,10.039999961853027,8.820465087890625,391500
2022-09-16,9.739999771118164,10.180000305175781,9.710000038146973,9.800000190734863,8.609617233276367,542000
2022-09-19,9.850000381469727,9.979999542236328,9.210000038146973,9.550000190734863,8.389983177185059,498000
2022-09-20,9.600000381469727,10.0,9.600000381469727,9.779999732971191,8.592046737670898,173000
2022-09-21,9.680000305175781,9.859999656677246,9.34000015258789,9.359999656677246,8.223062515258789,903000
2022-09-22,8.850000381469727,9.289999961853027,8.25,8.329999923706055,7.318173885345459,1037500
2022-09-23,8.350000381469727,8.350000381469727,7.929999828338623,8.069999694824219,7.089755535125732,566500
2022-09-26,8.079999923706055,8.079999923706055,7.690000057220459,7.849999904632568,6.89647912979126,596500
2022-09-27,7.860000133514404,7.860000133514404,7.5,7.670000076293945,6.738343238830566,1506500
2022-09-28,7.679999828338623,8.069999694824219,7.639999866485596,7.920000076293945,6.957976341247559,1608000
2022-09-29,7.949999809265137,7.949999809265137,6.960000038146973,7.489999771118164,6.580206871032715,1726000
2022-09-30,7.599999904632568,7.650000095367432,7.349999904632568,7.380000114440918,6.4835686683654785,755000
2022-10-03,7.159999847412109,7.369999885559082,7.0,7.130000114440918,6.2639360427856445,581500
2022-10-05,7.340000152587891,7.550000190734863,7.340000152587891,7.46999979019165,6.562636375427246,639000
2022-10-06,7.570000171661377,7.579999923706055,7.210000038146973,7.320000171661377,6.430857181549072,186500
2022-10-07,7.800000190734863,7.800000190734863,6.989999771118164,7.050000190734863,6.193653583526611,417500
2022-10-10,7.010000228881836,7.010000228881836,6.300000190734863,6.75,5.930093288421631,4491000
2022-10-11,6.869999885559082,6.960000038146973,6.769999980926514,6.920000076293945,6.079444408416748,765500
2022-10-12,6.889999866485596,7.179999828338623,6.769999980926514,7.139999866485596,6.272721290588379,2617500
2022-10-13,7.019999980926514,7.170000076293945,6.900000095367432,7.0,6.149726867675781,331000
2022-10-14,7.260000228881836,7.309999942779541,7.0,7.199999809265137,6.325433254241943,584000
2022-10-17,7.050000190734863,7.400000095367432,7.050000190734863,7.28000020980835,6.395715236663818,562346
2022-10-18,7.269999980926514,7.5,7.269999980926514,7.460000038146973,6.55385160446167,198500
2022-10-19,7.380000114440918,7.489999771118164,7.03000020980835,7.340000152587891,6.448427677154541,259500
2022-10-20,7.230000019073486,7.5,7.119999885559082,7.369999885559082,6.474783420562744,1915404
2022-10-21,7.369999885559082,7.5,7.369999885559082,7.429999828338623,6.52749490737915,77000
2022-10-24,7.230000019073486,7.599999904632568,7.230000019073486,7.309999942779541,6.422071933746338,2164000
2022-10-25,7.349999904632568,7.429999828338623,7.110000133514404,7.429999828338623,6.52749490737915,1037800
2022-10-26,7.5,7.599999904632568,7.409999847412109,7.5,6.588992595672607,602000
2022-10-27,7.570000171661377,7.650000095367432,7.400000095367432,7.5,6.588992595672607,539000
2022-10-28,7.699999809265137,7.699999809265137,6.679999828338623,7.289999961853027,6.404500961303711,983500
2022-10-31,7.199999809265137,7.690000057220459,7.199999809265137,7.400000095367432,6.501139163970947,271500
2022-11-01,7.610000133514404,7.650000095367432,7.400000095367432,7.550000190734863,6.6329193115234375,170500
2022-11-02,7.71999979019165,7.71999979019165,7.559999942779541,7.619999885559082,6.694416522979736,70000
2022-11-03,7.690000057220459,7.690000057220459,7.300000190734863,7.389999866485596,6.492353916168213,79000
2022-11-04,7.489999771118164,7.539999961853027,7.360000133514404,7.460000038146973,6.55385160446167,750000
2022-11-07,7.5,7.800000190734863,7.489999771118164,7.75,6.8086256980896,1101508
2022-11-08,7.619999885559082,7.699999809265137,7.340000152587891,7.420000076293945,6.518709659576416,686000
2022-11-09,7.5,7.579999923706055,7.239999771118164,7.289999961853027,6.404500961303711,520000
2022-11-10,7.269999980926514,7.389999866485596,7.079999923706055,7.320000171661377,6.430857181549072,267000
2022-11-11,7.590000152587891,7.739999771118164,7.519999980926514,7.730000019073486,6.791054725646973,697500
2022-11-14,8.170000076293945,8.829999923706055,7.920000076293945,8.800000190734863,7.731085300445557,1294499
2022-11-15,8.359999656677246,9.180000305175781,8.359999656677246,9.119999885559082,8.012214660644531,1223032
2022-11-16,9.140000343322754,9.670000076293945,9.0,9.199999809265137,8.082497596740723,928011
2022-11-17,9.199999809265137,9.569999694824219,9.119999885559082,9.3100004196167,8.179137229919434,705000
2022-11-18,9.479999542236328,9.5,9.15999984741211,9.3100004196167,8.179137229919434,1580564
2022-11-21,9.050000190734863,9.550000190734863,8.710000038146973,9.470000267028809,8.319701194763184,953000
2022-11-22,9.420000076293945,9.819999694824219,9.210000038146973,9.350000381469727,8.214278221130371,949000
2022-11-23,9.460000038146973,9.5,8.90999984741211,9.170000076293945,8.056140899658203,278500
2022-11-24,9.170000076293945,9.539999961853027,9.130000114440918,9.40999984741211,8.266989707946777,408500
2022-11-25,9.399999618530273,9.40999984741211,9.270000457763672,9.34000015258789,8.205492973327637,421500
2022-11-28,8.960000038146973,9.390000343322754,8.960000038146973,9.350000381469727,8.214278221130371,440500
2022-11-29,9.489999771118164,9.510000228881836,9.300000190734863,9.5,8.346056938171387,585500
2022-11-30,9.5600004196167,9.569999694824219,9.210000038146973,9.399999618530273,8.258203506469727,1763922
2022-12-01,9.779999732971191,10.300000190734863,9.609999656677246,10.239999771118164,8.996171951293945,1124500
2022-12-02,10.34000015258789,10.34000015258789,10.0,10.300000190734863,9.048884391784668,269848
2022-12-05,10.720000267028809,11.479999542236328,10.260000228881836,11.359999656677246,9.98012638092041,1245696
2022-12-06,11.319999694824219,11.979999542236328,11.140000343322754,11.720000267028809,10.296399116516113,916849
2022-12-07,11.65999984741211,12.539999961853027,11.65999984741211,11.859999656677246,10.419392585754395,1209000
2022-12-08,11.880000114440918,12.600000381469727,11.880000114440918,12.460000038146973,10.946514129638672,1083500
2022-12-09,12.65999984741211,14.220000267028809,12.5,13.880000114440918,12.194029808044434,4496499
2022-12-12,13.920000076293945,14.279999732971191,13.399999618530273,13.760000228881836,12.088605880737305,1032500
2022-12-13,13.699999809265137,14.5,13.479999542236328,13.880000114440918,12.194029808044434,1866486
2022-12-14,14.119999885559082,14.9399995803833,13.84000015258789,14.699999809265137,12.91442584991455,2597813
2022-12-15,14.699999809265137,16.459999084472656,14.460000038146973,15.319999694824219,13.459115028381348,4448730
2022-12-16,15.640000343322754,17.940000534057617,15.420000076293945,16.899999618530273,14.847196578979492,6366700
2022-12-19,17.0,17.200000762939453,15.800000190734863,16.440000534057617,14.443072319030762,4316015
2022-12-20,16.920000076293945,17.31999969482422,16.18000030517578,16.3799991607666,14.390359878540039,1952500
2022-12-21,16.520000457763672,18.399999618530273,16.200000762939453,17.299999237060547,15.198609352111816,1999700
2022-12-22,17.700000762939453,17.700000762939453,16.799999237060547,17.5,15.374317169189453,1198344
2022-12-23,17.200000762939453,18.1200008392334,17.200000762939453,18.0,15.813582420349121,1449714
2022-12-28,18.18000030517578,19.200000762939453,15.020000457763672,15.220000267028809,13.37126350402832,3338451
2022-12-29,15.100000381469727,17.5,15.100000381469727,16.260000228881836,14.284936904907227,2585701
2022-12-30,16.5,16.8799991607666,16.100000381469727,16.65999984741211,14.636347770690918,523508
2023-01-03,16.68000030517578,17.459999084472656,16.200000762939453,16.420000076293945,14.425501823425293,859398
2023-01-04,16.420000076293945,16.579999923706055,15.319999694824219,16.459999084472656,14.46064281463623,1237887
2023-01-05,16.600000381469727,17.399999618530273,16.239999771118164,17.0,14.935049057006836,1037774
2023-01-06,17.399999618530273,17.399999618530273,15.920000076293945,16.68000030517578,14.653919219970703,1903100
2023-01-09,16.780000686645508,18.100000381469727,16.780000686645508,17.299999237060547,15.198609352111816,2568000
2023-01-10,17.899999618530273,17.899999618530273,15.960000038146973,16.18000030517578,14.214653968811035,2170500
2023-01-11,16.440000534057617,16.440000534057617,15.119999885559082,15.180000305175781,13.336121559143066,2699500
2023-01-12,15.079999923706055,15.65999984741211,14.399999618530273,14.800000190734863,13.002278327941895,3075998
2023-01-13,14.960000038146973,15.979999542236328,14.800000190734863,15.920000076293945,13.986234664916992,1256495
2023-01-16,15.699999809265137,16.479999542236328,15.699999809265137,16.079999923706055,14.126800537109375,1694000
2023-01-17,15.5,16.280000686645508,15.5,16.079999923706055,14.126800537109375,728500
2023-01-18,15.800000190734863,16.440000534057617,15.720000267028809,16.020000457763672,14.074089050292969,1169302
2023-01-19,15.920000076293945,16.15999984741211,15.760000228881836,15.859999656677246,13.933523178100586,333500
2023-01-20,15.859999656677246,16.239999771118164,15.800000190734863,16.040000915527344,14.091660499572754,435500
2023-01-26,16.0,17.040000915527344,16.0,16.860000610351562,14.812056541442871,663500
2023-01-27,16.1200008392334,16.719999313354492,15.420000076293945,15.640000343322754,13.740246772766113,1337500
2023-01-30,15.479999542236328,15.5,14.0,14.15999984741211,12.440018653869629,3544000
2023-01-31,14.100000381469727,14.680000305175781,14.100000381469727,14.619999885559082,12.844143867492676,2597499
2023-02-01,14.760000228881836,15.220000267028809,14.359999656677246,14.979999542236328,13.16041374206543,1019500
2023-02-02,14.5,15.300000190734863,14.5,14.699999809265137,12.91442584991455,792999
2023-02-03,14.5600004196167,15.0600004196167,14.279999732971191,14.600000381469727,12.826573371887207,994065
2023-02-06,14.220000267028809,15.119999885559082,14.119999885559082,14.279999732971191,12.545442581176758,1220500
2023-02-07,14.319999694824219,14.65999984741211,14.119999885559082,14.579999923706055,12.809001922607422,544500
2023-02-08,14.520000457763672,14.880000114440918,14.239999771118164,14.399999618530273,12.650866508483887,563000
2023-02-09,14.100000381469727,14.520000457763672,14.100000381469727,14.279999732971191,12.545442581176758,327000
2023-02-10,14.140000343322754,14.5,13.899999618530273,14.0600004196167,12.352166175842285,327000
2023-02-13,13.739999771118164,14.140000343322754,13.600000381469727,13.65999984741211,12.000752449035645,1263000
2023-02-14,13.5600004196167,13.880000114440918,13.4399995803833,13.5,11.860186576843262,875500
2023-02-15,13.920000076293945,13.920000076293945,13.100000381469727,13.4399995803833,11.807475090026855,800208
2023-02-16,13.4399995803833,13.579999923706055,13.100000381469727,13.239999771118164,11.631768226623535,693000
2023-02-17,13.020000457763672,13.319999694824219,12.920000076293945,13.079999923706055,11.491203308105469,605000
2023-02-20,13.0,13.260000228881836,12.880000114440918,13.239999771118164,11.631768226623535,1409000
2023-02-21,13.0,13.84000015258789,13.0,13.699999809265137,12.035894393920898,456000
2023-02-22,13.199999809265137,13.720000267028809,13.199999809265137,13.539999961853027,11.895328521728516,1252289
2023-02-23,13.380000114440918,14.460000038146973,13.380000114440918,13.9399995803833,12.246740341186523,1037000
2023-02-24,13.680000305175781,13.899999618530273,13.239999771118164,13.600000381469727,11.948040008544922,656000
2023-02-27,13.600000381469727,13.979999542236328,13.380000114440918,13.699999809265137,12.035894393920898,464500
2023-02-28,13.600000381469727,13.680000305175781,13.020000457763672,13.220000267028809,11.614197731018066,796500
2023-03-01,13.800000190734863,13.800000190734863,13.199999809265137,13.680000305175781,12.018322944641113,1228500
2023-03-02,13.300000190734863,13.760000228881836,13.119999885559082,13.34000015258789,11.719622611999512,1026000
2023-03-03,13.34000015258789,14.4399995803833,13.220000267028809,14.399999618530273,12.650866508483887,1756500
2023-03-06,14.380000114440918,14.380000114440918,12.800000190734863,13.199999809265137,11.596626281738281,2406000
2023-03-07,13.119999885559082,14.239999771118164,12.9399995803833,14.039999961853027,12.3345947265625,2509500
2023-03-08,13.680000305175781,13.779999732971191,12.600000381469727,12.720000267028809,11.174932479858398,1439500
2023-03-09,12.720000267028809,13.220000267028809,12.619999885559082,12.819999694824219,11.262784957885742,769500
2023-03-10,12.720000267028809,12.720000267028809,12.0600004196167,12.079999923706055,10.6126708984375,489500
2023-03-13,12.220000267028809,12.779999732971191,12.100000381469727,12.300000190734863,10.805947303771973,624500
2023-03-14,12.199999809265137,12.300000190734863,11.720000267028809,11.739999771118164,10.313968658447266,505000
2023-03-15,11.960000038146973,12.380000114440918,11.960000038146973,12.319999694824219,10.823517799377441,345500
2023-03-16,12.119999885559082,12.600000381469727,11.920000076293945,12.479999542236328,10.964083671569824,595100
2023-03-17,12.479999542236328,12.65999984741211,12.260000228881836,12.600000381469727,11.069507598876953,372000
2023-03-20,12.4399995803833,12.779999732971191,12.020000457763672,12.300000190734863,10.805947303771973,502000
2023-03-21,12.119999885559082,12.699999809265137,12.119999885559082,12.300000190734863,10.805947303771973,625000
2023-03-22,12.319999694824219,13.020000457763672,12.180000305175781,12.260000228881836,10.770806312561035,668500
2023-03-23,12.15999984741211,12.199999809265137,11.359999656677246,11.859999656677246,10.419392585754395,1166500
2023-03-24,11.859999656677246,12.5,11.859999656677246,12.100000381469727,10.630242347717285,1198500
2023-03-27,12.34000015258789,13.079999923706055,12.039999961853027,12.819999694824219,11.262784957885742,1966500
2023-03-28,12.819999694824219,13.260000228881836,12.640000343322754,13.140000343322754,11.543915748596191,740500
2023-03-29,13.140000343322754,13.880000114440918,12.920000076293945,13.539999961853027,11.895328521728516,1132000
2023-03-30,13.420000076293945,13.420000076293945,12.0,12.720000267028809,11.174932479858398,834000
2023-03-31,12.720000267028809,13.220000267028809,12.520000457763672,13.140000343322754,11.543915748596191,864500
2023-04-03,13.0600004196167,13.0600004196167,12.399999618530273,12.539999961853027,11.016796112060547,605500
2023-04-04,12.539999961853027,12.979999542236328,12.539999961853027,12.920000076293945,11.350638389587402,634000
2023-04-06,12.880000114440918,13.359999656677246,12.65999984741211,13.140000343322754,11.543915748596191,540000
2023-04-11,13.0,13.260000228881836,12.680000305175781,13.0,11.420920372009277,333500
2023-04-12,13.0,13.479999542236328,12.760000228881836,13.279999732971191,11.666910171508789,933500
2023-04-13,13.119999885559082,14.0,13.039999961853027,13.65999984741211,12.000752449035645,1147500
2023-04-14,13.65999984741211,13.739999771118164,13.239999771118164,13.5,11.860186576843262,392000
2023-04-17,13.140000343322754,14.119999885559082,13.119999885559082,14.100000381469727,12.387307167053223,1105000
2023-04-18,13.979999542236328,14.699999809265137,13.899999618530273,14.0600004196167,12.352166175842285,1381000
2023-04-19,13.880000114440918,13.920000076293945,13.100000381469727,13.539999961853027,11.895328521728516,1773000
2023-04-20,13.300000190734863,13.859999656677246,13.199999809265137,13.600000381469727,11.948040008544922,342000
2023-04-21,13.5600004196167,13.399999618530273,13.039999961853027,13.079999923706055,11.491203308105469,452174
2023-04-24,13.079999923706055,13.460000038146973,13.039999961853027,13.239999771118164,11.631768226623535,274500
2023-04-25,13.239999771118164,13.239999771118164,12.800000190734863,13.15999984741211,11.561485290527344,341000
2023-04-26,13.15999984741211,13.520000457763672,13.020000457763672,13.319999694824219,11.702051162719727,871000
2023-04-27,13.039999961853027,13.680000305175781,12.960000038146973,13.460000038146973,11.825045585632324,565241
2023-04-28,13.15999984741211,13.800000190734863,13.079999923706055,13.399999618530273,11.772334098815918,1031500
2023-05-02,13.479999542236328,13.479999542236328,13.15999984741211,13.380000114440918,11.75476360321045,220000
2023-05-03,13.180000305175781,13.180000305175781,12.779999732971191,13.140000343322754,11.543915748596191,399500
2023-05-04,13.039999961853027,13.460000038146973,13.039999961853027,13.100000381469727,11.508774757385254,459500
2023-05-05,13.0600004196167,13.239999771118164,12.819999694824219,12.84000015258789,11.280356407165527,261000
2023-05-08,12.84000015258789,13.239999771118164,12.800000190734863,12.899999618530273,11.333066940307617,380000
2023-05-09,12.800000190734863,13.0600004196167,12.199999809265137,12.359999656677246,10.858659744262695,480500
2023-05-10,12.260000228881836,12.260000228881836,11.800000190734863,12.020000457763672,10.559959411621094,961500
2023-05-11,12.020000457763672,12.260000228881836,11.9399995803833,12.0600004196167,10.595100402832031,398723
2023-05-12,11.9399995803833,12.0600004196167,11.720000267028809,11.779999732971191,10.34911060333252,370000
2023-05-15,12.0600004196167,12.800000190734863,11.619999885559082,12.020000457763672,10.559959411621094,1101000
2023-05-16,11.640000343322754,12.119999885559082,11.640000343322754,11.979999542236328,10.86841106414795,259500
2023-05-17,11.84000015258789,12.0,11.579999923706055,11.9399995803833,10.832121849060059,505500
2023-05-18,11.720000267028809,12.220000267028809,11.720000267028809,11.800000190734863,10.70511245727539,436500
2023-05-19,11.800000190734863,11.960000038146973,11.65999984741211,11.859999656677246,10.759544372558594,292500
2023-05-22,11.699999809265137,12.100000381469727,11.699999809265137,11.760000228881836,10.668824195861816,135000
2023-05-23,11.739999771118164,11.800000190734863,11.100000381469727,11.239999771118164,10.197072982788086,315000
2023-05-24,11.260000228881836,11.260000228881836,10.800000190734863,10.920000076293945,9.906765937805176,782500
2023-05-25,10.720000267028809,10.84000015258789,10.380000114440918,10.460000038146973,9.489447593688965,646500
2023-05-29,10.979999542236328,11.420000076293945,10.460000038146973,10.819999694824219,9.816043853759766,744600
2023-05-30,10.819999694824219,11.199999809265137,10.760000228881836,10.899999618530273,9.88862133026123,319500
2023-05-31,11.0,11.239999771118164,10.319999694824219,10.619999885559082,9.634601593017578,585000
2023-06-01,10.9399995803833,11.180000305175781,10.180000305175781,10.279999732971191,9.326148986816406,396000
2023-06-02,10.600000381469727,10.899999618530273,10.5,10.859999656677246,9.85233211517334,778500
2023-06-05,10.859999656677246,11.0,10.479999542236328,10.619999885559082,9.634601593017578,278500
2023-06-06,10.699999809265137,10.9399995803833,10.399999618530273,10.4399995803833,9.47130298614502,254500
2023-06-07,10.699999809265137,10.800000190734863,10.300000190734863,10.359999656677246,9.398725509643555,425585
2023-06-08,10.420000076293945,10.579999923706055,9.199999809265137,9.520000457763672,8.636667251586914,3722500
2023-06-09,9.680000305175781,10.0600004196167,9.600000381469727,9.829999923706055,8.917902946472168,559000
2023-06-12,9.920000076293945,9.989999771118164,9.510000228881836,9.9399995803833,9.017696380615234,606000
2023-06-13,9.970000267028809,10.0600004196167,9.600000381469727,9.649999618530273,8.754605293273926,257500
2023-06-14,9.65999984741211,10.0600004196167,9.65999984741211,9.819999694824219,8.908830642700195,481500
2023-06-15,9.949999809265137,10.420000076293945,9.960000038146973,10.399999618530273,9.435014724731445,550000
2023-06-16,10.600000381469727,10.600000381469727,10.279999732971191,10.34000015258789,9.380581855773926,542000
2023-06-19,11.039999961853027,11.039999961853027,9.930000305175781,10.460000038146973,9.489447593688965,319500
2023-06-20,10.5,11.199999809265137,10.300000190734863,11.039999961853027,10.015631675720215,1079000
2023-06-21,10.84000015258789,10.9399995803833,10.15999984741211,10.319999694824219,9.36243724822998,605000
2023-06-23,10.479999542236328,10.65999984741211,9.850000381469727,9.850000381469727,8.93604850769043,355500
2023-06-26,10.140000343322754,10.319999694824219,9.949999809265137,10.140000343322754,9.199140548706055,276000
2023-06-27,10.399999618530273,10.399999618530273,10.0600004196167,10.239999771118164,9.289860725402832,274500
2023-06-28,10.119999885559082,10.119999885559082,9.539999961853027,10.039999961853027,9.108417510986328,803000
2023-06-29,10.119999885559082,10.119999885559082,9.779999732971191,9.979999542236328,9.053984642028809,191000
2023-06-30,10.020000457763672,10.15999984741211,9.819999694824219,10.079999923706055,9.144705772399902,150000
2023-07-03,10.220000267028809,10.220000267028809,9.899999618530273,10.0,9.072129249572754,250000
2023-07-04,10.079999923706055,10.260000228881836,9.920000076293945,10.260000228881836,9.308005332946777,151500
2023-07-05,10.260000228881836,10.260000228881836,9.739999771118164,9.800000190734863,8.890686988830566,283500
2023-07-06,9.760000228881836,9.770000457763672,9.539999961853027,9.770000457763672,8.863471031188965,429500
2023-07-07,9.59000015258789,9.699999809265137,9.529999732971191,9.569999694824219,8.682026863098145,255000
2023-07-10,9.4399995803833,9.890000343322754,9.4399995803833,9.720000267028809,8.818110466003418,141000
2023-07-11,9.619999885559082,9.869999885559082,9.539999961853027,9.619999885559082,8.727388381958008,243500
2023-07-12,9.649999618530273,9.90999984741211,9.569999694824219,9.760000228881836,8.854398727416992,261500
2023-07-13,9.760000228881836,9.970000267028809,9.760000228881836,9.770000457763672,8.863471031188965,281500
2023-07-14,9.8100004196167,9.890000343322754,9.550000190734863,9.609999656677246,8.718316078186035,336000
2023-07-18,9.8100004196167,10.300000190734863,9.670000076293945,9.960000038146973,9.03584098815918,380500
2023-07-19,10.15999984741211,10.15999984741211,9.800000190734863,9.960000038146973,9.03584098815918,117500
2023-07-20,10.0600004196167,10.100000381469727,9.819999694824219,9.920000076293945,8.999552726745605,161000
2023-07-21,9.880000114440918,10.020000457763672,9.710000038146973,9.880000114440918,8.963264465332031,313500
2023-07-24,9.829999923706055,9.899999618530273,9.420000076293945,9.619999885559082,8.727388381958008,403130
2023-07-25,9.869999885559082,9.869999885559082,9.430000305175781,9.640000343322754,8.745532989501953,554115
2023-07-26,9.710000038146973,10.15999984741211,9.710000038146973,9.960000038146973,9.03584098815918,238000
2023-07-27,10.0,10.34000015258789,10.0,10.300000190734863,9.344293594360352,278773
2023-07-28,10.0600004196167,10.359999656677246,10.0600004196167,10.359999656677246,9.398725509643555,199500
2023-07-31,10.539999961853027,10.539999961853027,10.180000305175781,10.199999809265137,9.253572463989258,315500
2023-08-01,10.460000038146973,10.880000114440918,10.4399995803833,10.699999809265137,9.707179069519043,659000
2023-08-02,10.720000267028809,10.720000267028809,10.319999694824219,10.5,9.525735855102539,462000
2023-08-03,10.5,10.680000305175781,10.199999809265137,10.460000038146973,9.489447593688965,400099
2023-08-04,10.699999809265137,10.800000190734863,10.359999656677246,10.460000038146973,9.489447593688965,238000
2023-08-07,10.520000457763672,10.65999984741211,10.180000305175781,10.479999542236328,9.507591247558594,267055
2023-08-08,10.479999542236328,10.479999542236328,9.899999618530273,10.199999809265137,9.253572463989258,370469
2023-08-09,10.239999771118164,10.399999618530273,10.0,10.300000190734863,9.344293594360352,193000
2023-08-10,10.319999694824219,10.359999656677246,10.039999961853027,10.220000267028809,9.271717071533203,208838
2023-08-11,10.279999732971191,10.279999732971191,9.970000267028809,9.989999771118164,9.063056945800781,136500
2023-08-14,10.039999961853027,10.039999961853027,9.5600004196167,9.770000457763672,8.863471031188965,241000
2023-08-15,9.789999961853027,9.789999961853027,9.4399995803833,9.510000228881836,8.627594947814941,262000
2023-08-16,9.520000457763672,9.520000457763672,9.0,9.050000190734863,8.21027660369873,1012000
2023-08-17,9.130000114440918,9.199999809265137,8.680000305175781,9.199999809265137,8.346359252929688,1148000
2023-08-18,9.25,9.760000228881836,9.15999984741211,9.229999542236328,8.373575210571289,618582
2023-08-21,9.220000267028809,9.359999656677246,8.890000343322754,9.010000228881836,8.173988342285156,516500
2023-08-22,9.180000305175781,9.5600004196167,9.0,9.390000343322754,8.518730163574219,841000
2023-08-23,9.640000343322754,10.760000228881836,9.640000343322754,10.180000305175781,9.235428810119629,2949000
2023-08-24,10.319999694824219,10.479999542236328,9.819999694824219,9.850000381469727,8.93604850769043,1145919
2023-08-25,9.819999694824219,9.920000076293945,9.630000114440918,9.850000381469727,8.93604850769043,474000
2023-08-28,10.0600004196167,10.220000267028809,9.729999542236328,9.75,8.84532642364502,475000
2023-08-29,9.859999656677246,10.020000457763672,9.600000381469727,9.979999542236328,9.053984642028809,651419
2023-08-30,10.079999923706055,10.140000343322754,9.920000076293945,10.119999885559082,9.18099594116211,618000
2023-08-31,10.140000343322754,10.359999656677246,10.020000457763672,10.199999809265137,9.253572463989258,564000
2023-09-04,9.760000228881836,10.279999732971191,9.760000228881836,10.199999809265137,9.670741081237793,484000
2023-09-05,10.0,10.0,9.710000038146973,9.90999984741211,9.39578914642334,472000
2023-09-06,9.739999771118164,9.890000343322754,9.699999809265137,9.850000381469727,9.338902473449707,192000
2023-09-07,9.930000305175781,9.930000305175781,9.630000114440918,9.720000267028809,9.21564769744873,114500
2023-09-11,9.600000381469727,9.84000015258789,9.600000381469727,9.720000267028809,9.21564769744873,305000
2023-09-12,9.579999923706055,9.949999809265137,9.489999771118164,9.869999885559082,9.357864379882812,155540
2023-09-13,9.869999885559082,9.970000267028809,9.619999885559082,9.65999984741211,9.158761024475098,160000
2023-09-14,9.640000343322754,9.819999694824219,9.5,9.680000305175781,9.17772388458252,297500
2023-09-15,9.65999984741211,10.319999694824219,9.579999923706055,10.15999984741211,9.632817268371582,1082000
2023-09-18,10.0600004196167,10.359999656677246,9.800000190734863,9.869999885559082,9.357864379882812,381000
2023-09-19,9.710000038146973,9.8100004196167,9.65999984741211,9.779999732971191,9.272534370422363,157500
2023-09-20,9.6899995803833,9.930000305175781,9.380000114440918,9.699999809265137,9.196684837341309,465000
2023-09-21,9.899999618530273,9.899999618530273,9.579999923706055,9.8100004196167,9.30097770690918,316000
2023-09-22,9.510000228881836,9.890000343322754,9.510000228881836,9.800000190734863,9.291497230529785,767500
2023-09-25,9.989999771118164,10.039999961853027,9.729999542236328,9.770000457763672,9.263053894042969,503500
2023-09-26,9.710000038146973,10.260000228881836,9.710000038146973,10.0,9.481119155883789,528500
2023-09-27,9.960000038146973,10.0600004196167,9.800000190734863,9.890000343322754,9.376827239990234,466000
2023-09-28,10.079999923706055,10.079999923706055,9.649999618530273,9.859999656677246,9.348382949829102,253500
2023-09-29,9.800000190734863,9.859999656677246,9.5600004196167,9.720000267028809,9.21564769744873,244500
2023-10-03,9.510000228881836,9.609999656677246,8.819999694824219,9.359999656677246,8.874326705932617,163518
2023-10-04,9.09000015258789,9.130000114440918,8.90999984741211,9.100000381469727,8.62781810760498,182500
2023-10-05,9.109999656677246,9.170000076293945,8.880000114440918,8.9399995803833,8.476119995117188,115000
2023-10-06,9.100000381469727,9.149999618530273,8.880000114440918,9.0,8.53300666809082,146000
2023-10-09,8.800000190734863,9.520000457763672,8.729999542236328,9.319999694824219,8.836402893066406,246500
2023-10-10,9.319999694824219,9.529999732971191,9.319999694824219,9.359999656677246,8.874326705932617,134000
2023-10-11,9.479999542236328,9.75,9.40999984741211,9.670000076293945,9.168242454528809,165500
2023-10-12,10.199999809265137,10.199999809265137,9.4399995803833,9.600000381469727,9.101874351501465,247500
2023-10-13,9.600000381469727,9.609999656677246,9.0600004196167,9.260000228881836,8.779516220092773,486000
2023-10-16,9.260000228881836,9.3100004196167,9.180000305175781,9.199999809265137,8.72262954711914,171000
2023-10-17,9.279999732971191,9.300000190734863,9.119999885559082,9.130000114440918,8.656261444091797,312500
2023-10-18,9.25,9.260000228881836,9.069999694824219,9.069999694824219,8.599374771118164,311000
2023-10-19,9.0600004196167,9.140000343322754,8.899999618530273,8.9399995803833,8.476119995117188,373000
2023-10-20,8.9399995803833,9.140000343322754,8.859999656677246,9.0,8.53300666809082,508500
2023-10-24,9.020000457763672,9.020000457763672,8.680000305175781,8.880000114440918,8.419233322143555,667581
2023-10-25,8.930000305175781,9.34000015258789,8.930000305175781,9.119999885559082,8.646780014038086,282000
2023-10-26,9.180000305175781,9.180000305175781,8.800000190734863,8.920000076293945,8.457158088684082,463500
2023-10-27,8.970000267028809,8.970000267028809,8.710000038146973,8.880000114440918,8.419233322143555,1328000
2023-10-30,8.899999618530273,9.069999694824219,8.899999618530273,9.020000457763672,8.551969528198242,620000
2023-10-31,9.100000381469727,9.170000076293945,8.800000190734863,8.84000015258789,8.381309509277344,863500
2023-11-01,9.010000228881836,11.15999984741211,8.829999923706055,10.640000343322754,10.087911605834961,4079298
2023-11-02,10.899999618530273,11.119999885559082,10.420000076293945,10.600000381469727,10.049986839294434,1944000
2023-11-03,10.539999961853027,11.100000381469727,10.420000076293945,11.0600004196167,10.48611831665039,903179
2023-11-06,10.859999656677246,11.380000114440918,10.859999656677246,11.199999809265137,10.618853569030762,1320500
2023-11-07,11.260000228881836,11.579999923706055,10.9399995803833,11.100000381469727,10.524043083190918,822000
2023-11-08,11.479999542236328,11.800000190734863,11.0,11.65999984741211,11.054984092712402,1518000
2023-11-09,11.819999694824219,11.819999694824219,11.520000457763672,11.65999984741211,11.054984092712402,477500
2023-11-10,11.739999771118164,11.65999984741211,11.300000190734863,11.479999542236328,10.884324073791504,488500
2023-11-13,11.600000381469727,11.600000381469727,10.899999618530273,11.180000305175781,10.59989070892334,458500
2023-11-14,11.0,11.279999732971191,10.920000076293945,11.100000381469727,10.524043083190918,446000
2023-11-15,11.180000305175781,11.479999542236328,11.079999923706055,11.380000114440918,10.789512634277344,1138500
2023-11-16,11.34000015258789,11.380000114440918,10.960000038146973,11.199999809265137,10.618853569030762,505626
2023-11-17,11.479999542236328,11.520000457763672,10.800000190734863,10.899999618530273,10.334419250488281,449500
2023-11-20,10.899999618530273,10.899999618530273,10.619999885559082,10.739999771118164,10.182722091674805,556500
2023-11-21,10.739999771118164,10.920000076293945,10.600000381469727,10.800000190734863,10.239608764648438,1826500
2023-11-22,10.760000228881836,10.859999656677246,10.600000381469727,10.800000190734863,10.239608764648438,327500
2023-11-23,10.880000114440918,11.380000114440918,10.760000228881836,11.34000015258789,10.751588821411133,600000
2023-11-24,11.399999618530273,11.760000228881836,11.34000015258789,11.4399995803833,10.846399307250977,1006000
2023-11-27,11.699999809265137,11.880000114440918,11.4399995803833,11.5,10.90328598022461,893500
2023-11-28,11.4399995803833,11.4399995803833,10.960000038146973,11.020000457763672,10.448193550109863,1204500
2023-11-29,11.0,11.199999809265137,10.800000190734863,11.180000305175781,10.59989070892334,584500
2023-11-30,11.100000381469727,11.199999809265137,10.920000076293945,10.920000076293945,10.353382110595703,1056478
2023-12-01,11.0,11.079999923706055,10.699999809265137,10.859999656677246,10.29649543762207,481622
2023-12-04,10.779999732971191,10.899999618530273,10.420000076293945,10.899999618530273,10.334419250488281,685000
2023-12-05,10.819999694824219,11.399999618530273,10.420000076293945,10.420000076293945,9.879325866699219,562500
2023-12-06,10.020000457763672,10.859999656677246,10.020000457763672,10.5600004196167,10.012062072753906,322000
2023-12-07,10.399999618530273,10.579999923706055,10.260000228881836,10.420000076293945,9.879325866699219,367500
2023-12-08,10.359999656677246,10.65999984741211,10.239999771118164,10.300000190734863,9.765552520751953,925033
2023-12-11,10.279999732971191,10.739999771118164,10.199999809265137,10.520000457763672,9.974138259887695,758600
2023-12-12,10.460000038146973,10.859999656677246,10.460000038146973,10.680000305175781,10.125835418701172,931989
2023-12-13,10.680000305175781,11.039999961853027,10.640000343322754,10.640000343322754,10.087911605834961,430487
2023-12-14,10.619999885559082,11.539999961853027,10.619999885559082,11.460000038146973,10.865362167358398,740500
2023-12-15,11.460000038146973,12.300000190734863,11.4399995803833,12.100000381469727,11.472153663635254,1593500
2023-12-18,11.960000038146973,12.699999809265137,11.899999618530273,11.979999542236328,11.358379364013672,1064500
2023-12-19,11.819999694824219,12.100000381469727,11.380000114440918,11.420000076293945,10.827437400817871,592000
2023-12-20,11.4399995803833,11.859999656677246,11.300000190734863,11.420000076293945,10.827437400817871,496000
2023-12-21,11.319999694824219,11.819999694824219,11.319999694824219,11.65999984741211,11.054984092712402,878500
2023-12-22,11.579999923706055,12.380000114440918,11.579999923706055,11.84000015258789,11.225645065307617,1510500
2023-12-27,11.84000015258789,11.979999542236328,11.34000015258789,11.760000228881836,11.149795532226562,440500
2023-12-28,11.760000228881836,12.4399995803833,11.760000228881836,12.180000305175781,11.548003196716309,472000
2023-12-29,12.180000305175781,12.220000267028809,12.0,12.100000381469727,11.472153663635254,537000
2024-01-02,12.119999885559082,12.460000038146973,12.0,12.079999923706055,11.453191757202148,586000
2024-01-03,12.079999923706055,12.5,12.079999923706055,12.239999771118164,11.604888916015625,784500
2024-01-04,12.239999771118164,12.420000076293945,11.9399995803833,12.199999809265137,11.566965103149414,897500
2024-01-05,12.199999809265137,12.579999923706055,11.859999656677246,11.960000038146973,11.339418411254883,1055000
2024-01-08,12.199999809265137,12.199999809265137,11.5,11.640000343322754,11.036022186279297,674500
2024-01-09,11.619999885559082,12.0,11.479999542236328,11.479999542236328,10.884324073791504,482500
2024-01-10,11.479999542236328,11.539999961853027,11.15999984741211,11.180000305175781,10.59989070892334,884000
2024-01-11,11.180000305175781,11.619999885559082,11.020000457763672,11.5,10.90328598022461,586500
2024-01-12,11.300000190734863,11.859999656677246,11.300000190734863,11.600000381469727,10.998098373413086,584000
2024-01-15,11.600000381469727,11.600000381469727,11.600000381469727,11.600000381469727,10.998098373413086,0
2024-01-16,12.0,12.180000305175781,11.579999923706055,11.699999809265137,11.09290885925293,1298000
2024-01-17,11.699999809265137,11.9399995803833,11.260000228881836,11.319999694824219,10.732625961303711,1740420
2024-01-18,11.220000267028809,11.260000228881836,10.739999771118164,10.979999542236328,10.410268783569336,1379085
2024-01-19,11.0600004196167,11.0600004196167,10.779999732971191,10.899999618530273,10.334419250488281,493500
2024-01-22,10.819999694824219,10.819999694824219,10.220000267028809,10.34000015258789,9.80347728729248,1730500
2024-01-23,10.319999694824219,10.760000228881836,10.319999694824219,10.5,9.955175399780273,1085533
2024-01-24,10.800000190734863,11.100000381469727,10.539999961853027,11.020000457763672,10.448193550109863,684273
2024-01-25,11.279999732971191,11.279999732971191,10.9399995803833,11.15999984741211,10.580928802490234,588000
2024-01-26,11.020000457763672,11.180000305175781,10.739999771118164,10.84000015258789,10.277533531188965,542000
2024-01-29,10.84000015258789,11.380000114440918,10.800000190734863,10.960000038146973,10.39130687713623,790000
2024-01-30,10.899999618530273,10.960000038146973,10.600000381469727,10.619999885559082,10.068948745727539,360500
2024-01-31,10.460000038146973,11.100000381469727,10.0600004196167,10.220000267028809,9.689703941345215,960500
2024-02-01,10.359999656677246,10.539999961853027,10.220000267028809,10.460000038146973,9.917250633239746,495000
2024-02-02,10.479999542236328,10.539999961853027,10.140000343322754,10.319999694824219,9.784514427185059,487500
2024-02-05,10.260000228881836,10.600000381469727,10.079999923706055,10.399999618530273,9.860363960266113,726500
2024-02-06,10.420000076293945,10.760000228881836,10.34000015258789,10.619999885559082,10.068948745727539,503500
2024-02-07,10.600000381469727,10.960000038146973,10.539999961853027,10.800000190734863,10.239608764648438,749500
2024-02-08,10.699999809265137,11.100000381469727,10.720000267028809,10.880000114440918,10.315458297729492,277000
2024-02-09,10.880000114440918,10.880000114440918,10.880000114440918,10.880000114440918,10.315458297729492,0
2024-02-14,10.859999656677246,10.859999656677246,10.079999923706055,10.380000114440918,9.841402053833008,524750
2024-02-15,10.380000114440918,10.5600004196167,10.260000228881836,10.460000038146973,9.917250633239746,265500
2024-02-16,10.460000038146973,10.859999656677246,10.460000038146973,10.739999771118164,10.182722091674805,151750
2024-02-19,10.899999618530273,10.899999618530273,10.600000381469727,10.760000228881836,10.201684951782227,471400
2024-02-20,10.880000114440918,10.880000114440918,10.420000076293945,10.65999984741211,10.10687255859375,596000
2024-02-21,10.65999984741211,11.5,10.65999984741211,11.199999809265137,10.618853569030762,994012
2024-02-22,11.260000228881836,11.319999694824219,10.9399995803833,11.140000343322754,10.561966896057129,909675
2024-02-23,11.180000305175781,11.479999542236328,11.180000305175781,11.420000076293945,10.827437400817871,566000
2024-02-26,11.680000305175781,11.960000038146973,11.600000381469727,11.739999771118164,11.13083267211914,770045
2024-02-27,11.319999694824219,12.399999618530273,10.760000228881836,11.699999809265137,11.09290885925293,360519
2024-02-28,11.760000228881836,11.859999656677246,11.5,11.600000381469727,10.998098373413086,305500
2024-02-29,11.279999732971191,11.880000114440918,11.279999732971191,11.699999809265137,11.09290885925293,304500
2024-03-01,11.979999542236328,11.979999542236328,11.5600004196167,11.65999984741211,11.054984092712402,426000
2024-03-04,11.479999542236328,11.84000015258789,11.220000267028809,11.600000381469727,10.998098373413086,1054500
2024-03-05,11.5,11.680000305175781,11.4399995803833,11.65999984741211,11.054984092712402,526000
2024-03-06,11.460000038146973,11.899999618530273,11.020000457763672,11.420000076293945,10.827437400817871,1781500
2024-03-07,11.5,11.600000381469727,11.260000228881836,11.420000076293945,10.827437400817871,1097000
2024-03-08,11.5,11.579999923706055,11.34000015258789,11.34000015258789,10.751588821411133,255500
2024-03-11,11.600000381469727,11.600000381469727,11.199999809265137,11.460000038146973,10.865362167358398,618000
2024-03-12,10.899999618530273,11.640000343322754,10.899999618530273,11.579999923706055,10.979135513305664,610000
2024-03-13,11.579999923706055,11.680000305175781,11.319999694824219,11.319999694824219,10.732625961303711,415500
2024-03-14,11.880000114440918,11.880000114440918,11.239999771118164,11.359999656677246,10.770550727844238,285366
2024-03-15,11.399999618530273,11.399999618530273,11.15999984741211,11.279999732971191,10.694701194763184,195320
2024-03-18,11.279999732971191,11.34000015258789,10.920000076293945,11.300000190734863,10.713664054870605,1104500
2024-03-19,11.600000381469727,11.600000381469727,10.9399995803833,10.960000038146973,10.39130687713623,387523
2024-03-20,11.0,11.220000267028809,10.800000190734863,11.119999885559082,10.543004989624023,437500
2024-03-21,11.140000343322754,11.619999885559082,11.140000343322754,11.319999694824219,10.732625961303711,372000
2024-03-22,11.319999694824219,11.4399995803833,10.880000114440918,11.239999771118164,10.656777381896973,590500
2024-03-25,11.34000015258789,11.34000015258789,10.779999732971191,10.859999656677246,10.29649543762207,479500
2024-03-26,10.960000038146973,11.140000343322754,10.819999694824219,11.140000343322754,10.561966896057129,408250
2024-03-27,10.760000228881836,11.119999885559082,10.279999732971191,10.979999542236328,10.410268783569336,1565250
2024-03-28,10.720000267028809,10.960000038146973,10.34000015258789,10.5,9.955175399780273,2124500
2024-04-02,10.279999732971191,10.800000190734863,10.279999732971191,10.739999771118164,10.182722091674805,816000
2024-04-03,11.199999809265137,11.399999618530273,10.479999542236328,10.84000015258789,10.277533531188965,508000
2024-04-05,10.819999694824219,10.859999656677246,9.600000381469727,9.609999656677246,9.11135482788086,1049000
2024-04-08,9.75,10.300000190734863,9.699999809265137,10.119999885559082,9.594892501831055,1038500
2024-04-09,10.079999923706055,10.140000343322754,9.960000038146973,10.020000457763672,9.500082015991211,673500
2024-04-10,9.880000114440918,10.140000343322754,9.880000114440918,10.079999923706055,9.556967735290527,625500
2024-04-11,9.979999542236328,10.15999984741211,9.819999694824219,10.079999923706055,9.556967735290527,477500
2024-04-12,9.890000343322754,10.079999923706055,9.890000343322754,10.0,9.481119155883789,477000
2024-04-15,9.970000267028809,10.020000457763672,9.84000015258789,9.960000038146973,9.443194389343262,638500
2024-04-16,9.859999656677246,10.020000457763672,9.6899995803833,9.729999542236328,9.225128173828125,580500
2024-04-17,9.729999542236328,9.850000381469727,9.649999618530273,9.699999809265137,9.196684837341309,503698
2024-04-18,9.739999771118164,10.039999961853027,9.739999771118164,10.039999961853027,9.519043922424316,340500
2024-04-19,10.039999961853027,10.180000305175781,9.90999984741211,10.079999923706055,9.556967735290527,457000
2024-04-22,10.420000076293945,10.420000076293945,10.0600004196167,10.15999984741211,9.632817268371582,287019
2024-04-23,10.020000457763672,10.300000190734863,10.020000457763672,10.15999984741211,9.632817268371582,199000
2024-04-24,10.039999961853027,10.34000015258789,10.039999961853027,10.199999809265137,9.670741081237793,145510
2024-04-25,10.199999809265137,10.260000228881836,10.039999961853027,10.0600004196167,9.538005828857422,181000
2024-04-26,10.460000038146973,10.479999542236328,10.039999961853027,10.220000267028809,9.689703941345215,342500
2024-04-29,10.359999656677246,10.520000457763672,10.279999732971191,10.279999732971191,9.746590614318848,644500
2024-04-30,10.279999732971191,10.300000190734863,10.119999885559082,10.220000267028809,9.689703941345215,284500
2024-05-02,10.760000228881836,10.760000228881836,10.079999923706055,10.079999923706055,9.556967735290527,182000
2024-05-03,10.140000343322754,10.199999809265137,9.9399995803833,9.9399995803833,9.42423152923584,170000
2024-05-06,9.979999542236328,10.5600004196167,9.970000267028809,10.359999656677246,9.822439193725586,745000
2024-05-07,10.880000114440918,10.880000114440918,10.420000076293945,10.5,9.955175399780273,476500
2024-05-08,10.539999961853027,10.600000381469727,10.239999771118164,10.279999732971191,9.746590614318848,176000
2024-05-09,10.239999771118164,10.539999961853027,10.220000267028809,10.479999542236328,9.936212539672852,578000
2024-05-10,10.479999542236328,10.779999732971191,10.15999984741211,10.720000267028809,10.1637601852417,808000
2024-05-13,10.979999542236328,11.0600004196167,10.619999885559082,11.020000457763672,10.448193550109863,367500
2024-05-14,11.0,11.199999809265137,10.779999732971191,11.0,10.602410316467285,1071500
2024-05-16,11.0,11.239999771118164,10.800000190734863,10.960000038146973,10.56385612487793,1408500
2024-05-17,11.15999984741211,11.180000305175781,10.699999809265137,10.899999618530273,10.506024360656738,1319399
2024-05-20,10.84000015258789,10.859999656677246,10.600000381469727,10.760000228881836,10.371085166931152,755500
2024-05-21,10.640000343322754,10.699999809265137,10.399999618530273,10.479999542236328,10.101204872131348,559000
2024-05-22,10.5600004196167,10.600000381469727,10.239999771118164,10.5600004196167,10.178314208984375,946500
2024-05-23,10.539999961853027,10.539999961853027,10.300000190734863,10.359999656677246,9.985542297363281,259500
2024-05-24,10.319999694824219,10.4399995803833,10.279999732971191,10.279999732971191,9.90843391418457,441000
2024-05-27,10.300000190734863,10.420000076293945,10.239999771118164,10.319999694824219,9.946988105773926,186500
2024-05-28,10.300000190734863,10.579999923706055,10.239999771118164,10.319999694824219,9.946988105773926,103500
2024-05-29,10.579999923706055,10.579999923706055,10.039999961853027,10.399999618530273,10.024096488952637,482000
2024-05-30,10.399999618530273,10.420000076293945,10.199999809265137,10.34000015258789,9.966265678405762,530500
2024-05-31,10.380000114440918,10.5,10.15999984741211,10.199999809265137,9.83132553100586,456439
2024-06-03,10.180000305175781,10.539999961853027,10.180000305175781,10.359999656677246,9.985542297363281,214500
2024-06-04,10.220000267028809,10.460000038146973,10.220000267028809,10.319999694824219,9.946988105773926,61000
2024-06-05,10.479999542236328,10.479999542236328,10.279999732971191,10.359999656677246,9.985542297363281,112000
2024-06-06,10.399999618530273,10.539999961853027,10.34000015258789,10.399999618530273,10.024096488952637,200000
2024-06-07,10.579999923706055,10.579999923706055,10.34000015258789,10.399999618530273,10.024096488952637,262500
2024-06-11,10.15999984741211,10.399999618530273,10.079999923706055,10.199999809265137,9.83132553100586,316500
2024-06-12,10.380000114440918,10.380000114440918,10.039999961853027,10.15999984741211,9.792771339416504,418000
2024-06-13,10.380000114440918,10.380000114440918,10.0600004196167,10.180000305175781,9.81204891204834,772000
2024-06-14,10.0,10.239999771118164,9.75,9.829999923706055,9.474699020385742,570000
2024-06-17,9.65999984741211,9.729999542236328,9.550000190734863,9.65999984741211,9.310843467712402,418000
2024-06-18,9.65999984741211,9.84000015258789,9.5600004196167,9.609999656677246,9.262650489807129,212500
2024-06-19,9.600000381469727,9.75,9.4399995803833,9.6899995803833,9.33975887298584,243500
2024-06-20,9.75,9.84000015258789,9.529999732971191,9.529999732971191,9.185542106628418,152500
2024-06-21,9.449999809265137,9.760000228881836,9.380000114440918,9.520000457763672,9.175904273986816,418000
2024-06-24,9.510000228881836,9.510000228881836,9.0600004196167,9.130000114440918,8.800000190734863,531500
2024-06-25,9.050000190734863,9.289999961853027,9.039999961853027,9.119999885559082,8.790361404418945,129000
2024-06-26,9.0600004196167,9.170000076293945,8.899999618530273,9.119999885559082,8.790361404418945,136000
2024-06-27,9.109999656677246,9.109999656677246,8.899999618530273,8.920000076293945,8.597590446472168,139000
2024-06-28,9.380000114440918,9.380000114440918,8.880000114440918,8.9399995803833,8.616867065429688,176000
2024-07-02,8.869999885559082,9.029999732971191,8.770000457763672,8.859999656677246,8.539758682250977,322979
2024-07-03,8.880000114440918,8.9399995803833,8.6899995803833,8.75,8.433734893798828,284479
2024-07-04,8.75,8.890000343322754,8.75,8.84000015258789,8.520482063293457,93000
2024-07-08,8.890000343322754,8.890000343322754,8.289999961853027,8.449999809265137,8.144577980041504,236500
2024-07-09,8.4399995803833,8.489999771118164,8.359999656677246,8.449999809265137,8.144577980041504,109000
2024-07-10,8.770000457763672,8.770000457763672,8.460000038146973,8.6899995803833,8.375903129577637,185500
2024-07-11,8.880000114440918,8.970000267028809,8.609999656677246,8.890000343322754,8.56867504119873,80500
2024-07-12,9.079999923706055,9.270000457763672,8.850000381469727,9.0600004196167,8.73253059387207,398500
2024-07-15,8.890000343322754,8.949999809265137,8.710000038146973,8.710000038146973,8.395180702209473,185000
2024-07-16,8.510000228881836,8.84000015258789,8.510000228881836,8.75,8.433734893798828,76500
2024-07-17,8.720000267028809,8.819999694824219,8.579999923706055,8.760000228881836,8.443373680114746,94500
2024-07-18,8.949999809265137,9.050000190734863,8.699999809265137,8.880000114440918,8.559036254882812,61000
2024-07-19,8.619999885559082,8.800000190734863,8.550000190734863,8.550000190734863,8.24096393585205,491100
2024-07-22,8.550000190734863,8.680000305175781,8.3100004196167,8.350000381469727,8.048192977905273,389000
2024-07-23,8.350000381469727,8.350000381469727,7.929999828338623,8.0,7.710843563079834,773601
2024-07-24,8.0,8.130000114440918,7.829999923706055,8.010000228881836,7.720482349395752,592500
2024-07-25,8.1899995803833,8.199999809265137,8.039999961853027,8.079999923706055,7.787951946258545,313500
2024-07-26,8.010000228881836,8.149999618530273,8.010000228881836,8.09000015258789,7.797590732574463,117000
2024-07-29,8.100000381469727,8.279999732971191,7.96999979019165,8.220000267028809,7.922892093658447,184500
2024-07-30,8.15999984741211,8.3100004196167,8.09000015258789,8.170000076293945,7.874699115753174,136000
2024-07-31,8.289999961853027,8.65999984741211,8.279999732971191,8.59000015258789,8.279518127441406,264500
2024-08-01,8.789999961853027,8.789999961853027,8.399999618530273,8.5,8.192770957946777,108500
2024-08-02,8.5,8.5,8.270000457763672,8.380000114440918,8.077108383178711,54000
2024-08-05,8.300000190734863,8.479999542236328,8.289999961853027,8.470000267028809,8.16385555267334,173000
2024-08-06,8.489999771118164,8.569999694824219,8.34000015258789,8.34000015258789,8.038554191589355,165000
2024-08-07,8.600000381469727,8.600000381469727,8.279999732971191,8.529999732971191,8.221686363220215,84000
2024-08-08,8.289999961853027,8.609999656677246,8.289999961853027,8.579999923706055,8.269879341125488,162500
2024-08-09,8.579999923706055,8.760000228881836,8.5600004196167,8.5600004196167,8.250602722167969,139000
2024-08-12,8.510000228881836,8.579999923706055,8.3100004196167,8.449999809265137,8.144577980041504,172500
2024-08-13,8.460000038146973,8.609999656677246,8.0,8.460000038146973,8.154216766357422,99000
2024-08-14,8.489999771118164,8.619999885559082,8.489999771118164,8.59000015258789,8.279518127441406,129500
2024-08-15,8.600000381469727,8.800000190734863,8.600000381469727,8.729999542236328,8.414457321166992,112500
2024-08-16,8.699999809265137,8.90999984741211,8.619999885559082,8.699999809265137,8.385541915893555,376000
2024-08-19,8.699999809265137,8.800000190734863,8.649999618530273,8.699999809265137,8.385541915893555,46500
2024-08-20,8.699999809265137,8.699999809265137,8.539999961853027,8.699999809265137,8.385541915893555,119519
2024-08-21,8.699999809265137,9.0,8.699999809265137,8.720000267028809,8.40481948852539,85500
2024-08-22,8.579999923706055,8.760000228881836,8.579999923706055,8.75,8.433734893798828,67500
2024-08-23,8.649999618530273,8.739999771118164,8.59000015258789,8.630000114440918,8.318072319030762,63500
2024-08-26,8.829999923706055,9.0,8.800000190734863,8.949999809265137,8.626505851745605,99000
2024-08-27,8.949999809265137,8.989999771118164,8.75,8.880000114440918,8.559036254882812,608500
2024-08-28,8.84000015258789,8.84000015258789,8.5,8.5600004196167,8.250602722167969,355500
2024-08-29,8.579999923706055,8.579999923706055,8.199999809265137,8.369999885559082,8.067469596862793,429500
2024-08-30,8.390000343322754,8.630000114440918,8.300000190734863,8.329999923706055,8.028915405273438,415092
2024-09-02,8.399999618530273,8.600000381469727,8.199999809265137,8.550000190734863,8.24096393585205,259500
2024-09-03,8.630000114440918,8.920000076293945,8.5,8.800000190734863,8.481927871704102,432500
2024-09-04,8.600000381469727,8.710000038146973,8.5,8.5,8.192770957946777,83000
2024-09-05,8.390000343322754,8.40999984741211,8.3100004196167,8.350000381469727,8.048192977905273,98500
2024-09-09,8.359999656677246,8.359999656677246,8.039999961853027,8.300000190734863,8.0,280500
2024-09-10,7.96999979019165,8.0,7.78000020980835,7.78000020980835,7.78000020980835,111000
2024-09-11,7.699999809265137,7.78000020980835,7.599999904632568,7.599999904632568,7.599999904632568,231000
2024-09-12,7.659999847412109,8.09000015258789,7.659999847412109,7.960000038146973,7.960000038146973,183500
2024-09-13,7.960000038146973,8.119999885559082,7.829999923706055,7.840000152587891,7.840000152587891,82000
2024-09-16,7.860000133514404,8.069999694824219,7.849999904632568,7.96999979019165,7.96999979019165,37998
2024-09-17,7.96999979019165,7.96999979019165,7.96999979019165,7.96999979019165,7.96999979019165,0
2024-09-19,8.039999961853027,8.260000228881836,7.900000095367432,8.119999885559082,8.119999885559082,144000
2024-09-20,8.100000381469727,8.609999656677246,8.09000015258789,8.609999656677246,8.609999656677246,380000
2024-09-23,8.470000267028809,8.640000343322754,8.399999618530273,8.449999809265137,8.449999809265137,130000
2024-09-24,7.900000095367432,8.5,7.900000095367432,8.399999618530273,8.399999618530273,236000
2024-09-25,8.510000228881836,9.789999961853027,8.510000228881836,9.300000190734863,9.300000190734863,1393500
2024-09-26,9.0,10.260000228881836,9.0,9.970000267028809,9.970000267028809,1755800
2024-09-27,10.300000190734863,10.760000228881836,10.140000343322754,10.140000343322754,10.140000343322754,1169500
2024-09-30,10.5600004196167,12.0,10.420000076293945,11.420000076293945,11.420000076293945,2157500
2024-10-02,11.420000076293945,11.859999656677246,11.15999984741211,11.4399995803833,11.4399995803833,1183500
2024-10-03,11.4399995803833,11.4399995803833,10.5,10.779999732971191,10.779999732971191,329500
2024-10-04,10.819999694824219,10.979999542236328,10.720000267028809,10.979999542236328,10.979999542236328,324500
