Date,Open,High,Low,Close,Adj Close,Volume
2002-12-09,0.10000000149011612,0.10000000149011612,0.10000000149011612,0.10000000149011612,0.10000000149011612,1000000
2002-12-10,0.10000000149011612,0.10000000149011612,0.10000000149011612,0.10000000149011612,0.10000000149011612,0
2002-12-11,0.10000000149011612,0.10000000149011612,0.10000000149011612,0.10000000149011612,0.10000000149011612,0
2002-12-12,0.10999999940395355,0.2070000022649765,0.10499999672174454,0.20399999618530273,0.20399999618530273,338716100
2002-12-13,0.19900000095367432,0.20900000631809235,0.19900000095367432,0.20399999618530273,0.20399999618530273,578112000
2002-12-16,0.2029999941587448,0.2160000056028366,0.2029999941587448,0.20900000631809235,0.20900000631809235,174550500
2002-12-17,0.2070000022649765,0.20900000631809235,0.17499999701976776,0.18199999630451202,0.18199999630451202,180947000
2002-12-18,0.18199999630451202,0.20399999618530273,0.18199999630451202,0.1889999955892563,0.1889999955892563,222986000
2002-12-19,0.18700000643730164,0.18700000643730164,0.1589999943971634,0.17800000309944153,0.17800000309944153,18977500
2002-12-20,0.17499999701976776,0.17499999701976776,0.16300000250339508,0.16500000655651093,0.16500000655651093,10904500
2002-12-23,0.17000000178813934,0.17000000178813934,0.1589999943971634,0.1589999943971634,0.1589999943971634,3656500
2002-12-24,0.16899999976158142,0.16899999976158142,0.1550000011920929,0.1550000011920929,0.1550000011920929,1364500
2002-12-25,0.1550000011920929,0.1550000011920929,0.1550000011920929,0.1550000011920929,0.1550000011920929,0
2002-12-26,0.1550000011920929,0.1550000011920929,0.1550000011920929,0.1550000011920929,0.1550000011920929,0
2002-12-27,0.16899999976158142,0.17000000178813934,0.12999999523162842,0.16300000250339508,0.16300000250339508,129497000
2002-12-30,0.16300000250339508,0.16699999570846558,0.14499999582767487,0.15800000727176666,0.15800000727176666,172901400
2002-12-31,0.15000000596046448,0.1589999943971634,0.15000000596046448,0.1509999930858612,0.1509999930858612,38342000
2003-01-01,0.1509999930858612,0.1509999930858612,0.1509999930858612,0.1509999930858612,0.1509999930858612,0
2003-01-02,0.15000000596046448,0.15299999713897705,0.15000000596046448,0.15199999511241913,0.15199999511241913,52325200
2003-01-03,0.15399999916553497,0.15399999916553497,0.15000000596046448,0.15199999511241913,0.15199999511241913,42548500
2003-01-06,0.14499999582767487,0.16200000047683716,0.14499999582767487,0.15800000727176666,0.15800000727176666,34597500
2003-01-07,0.15800000727176666,0.15800000727176666,0.15299999713897705,0.15299999713897705,0.15299999713897705,4000400
2003-01-08,0.15700000524520874,0.16300000250339508,0.1550000011920929,0.16099999845027924,0.16099999845027924,17142500
2003-01-09,0.16200000047683716,0.16599999368190765,0.16099999845027924,0.16300000250339508,0.16300000250339508,47637000
2003-01-10,0.16099999845027924,0.1679999977350235,0.1550000011920929,0.16300000250339508,0.16300000250339508,108795200
2003-01-13,0.16599999368190765,0.16599999368190765,0.16099999845027924,0.16300000250339508,0.16300000250339508,69096500
2003-01-14,0.16099999845027924,0.16099999845027924,0.16099999845027924,0.16099999845027924,0.16099999845027924,0
2003-01-15,0.16099999845027924,0.16099999845027924,0.16099999845027924,0.16099999845027924,0.16099999845027924,0
2003-01-16,0.16099999845027924,0.16099999845027924,0.16099999845027924,0.16099999845027924,0.16099999845027924,0
2003-01-17,0.16099999845027924,0.16099999845027924,0.16099999845027924,0.16099999845027924,0.16099999845027924,0
2003-01-20,0.16099999845027924,0.16099999845027924,0.16099999845027924,0.16099999845027924,0.16099999845027924,0
2003-01-21,0.15800000727176666,0.15800000727176666,0.15800000727176666,0.15800000727176666,0.15800000727176666,3440000
2003-01-22,0.15399999916553497,0.15700000524520874,0.1509999930858612,0.15700000524520874,0.15700000524520874,2335000
2003-01-23,0.15299999713897705,0.15800000727176666,0.1509999930858612,0.1550000011920929,0.1550000011920929,3357500
2003-01-24,0.15299999713897705,0.1550000011920929,0.1509999930858612,0.1550000011920929,0.1550000011920929,550000
2003-01-27,0.1509999930858612,0.15299999713897705,0.1509999930858612,0.15299999713897705,0.15299999713897705,4350000
2003-01-28,0.1509999930858612,0.15399999916553497,0.1509999930858612,0.15399999916553497,0.15399999916553497,2060000
2003-01-29,0.15399999916553497,0.1550000011920929,0.15199999511241913,0.1550000011920929,0.1550000011920929,880000
2003-01-30,0.15199999511241913,0.15399999916553497,0.1509999930858612,0.15399999916553497,0.15399999916553497,3560000
2003-01-31,0.15399999916553497,0.15399999916553497,0.15399999916553497,0.15399999916553497,0.15399999916553497,0
2003-02-03,0.15399999916553497,0.15399999916553497,0.15399999916553497,0.15399999916553497,0.15399999916553497,0
2003-02-04,0.15700000524520874,0.15700000524520874,0.14800000190734863,0.14800000190734863,0.14800000190734863,2400
2003-02-05,0.1469999998807907,0.1599999964237213,0.1469999998807907,0.1469999998807907,0.1469999998807907,0
2003-02-06,0.15000000596046448,0.15199999511241913,0.1469999998807907,0.1509999930858612,0.1509999930858612,1839500
2003-02-07,0.15000000596046448,0.15199999511241913,0.14499999582767487,0.15000000596046448,0.15000000596046448,3065000
2003-02-10,0.14399999380111694,0.15299999713897705,0.14399999380111694,0.1459999978542328,0.1459999978542328,825000
2003-02-11,0.14900000393390656,0.14900000393390656,0.14499999582767487,0.14800000190734863,0.14800000190734863,2620000
2003-02-12,0.14800000190734863,0.15199999511241913,0.14499999582767487,0.15199999511241913,0.15199999511241913,4563000
2003-02-13,0.15000000596046448,0.15299999713897705,0.1469999998807907,0.1509999930858612,0.1509999930858612,2011000
2003-02-14,0.1469999998807907,0.15000000596046448,0.1469999998807907,0.15000000596046448,0.15000000596046448,440000
2003-02-17,0.1509999930858612,0.15600000321865082,0.15000000596046448,0.1550000011920929,0.1550000011920929,141105000
2003-02-18,0.15299999713897705,0.15800000727176666,0.15299999713897705,0.15600000321865082,0.15600000321865082,94020000
2003-02-19,0.15399999916553497,0.15600000321865082,0.15399999916553497,0.1550000011920929,0.1550000011920929,37831000
2003-02-20,0.15399999916553497,0.1550000011920929,0.15199999511241913,0.15299999713897705,0.15299999713897705,13800000
2003-02-21,0.1509999930858612,0.15399999916553497,0.14900000393390656,0.15299999713897705,0.15299999713897705,216300000
2003-02-24,0.15199999511241913,0.15700000524520874,0.15199999511241913,0.15399999916553497,0.15399999916553497,53603100
2003-02-25,0.15299999713897705,0.15399999916553497,0.1509999930858612,0.15299999713897705,0.15299999713897705,38810000
2003-02-26,0.15299999713897705,0.15399999916553497,0.15199999511241913,0.15299999713897705,0.15299999713897705,36820000
2003-02-27,0.15299999713897705,0.15299999713897705,0.15199999511241913,0.15299999713897705,0.15299999713897705,15330000
2003-02-28,0.15299999713897705,0.15299999713897705,0.15199999511241913,0.15299999713897705,0.15299999713897705,11003500
2003-03-03,0.15299999713897705,0.15299999713897705,0.15199999511241913,0.15299999713897705,0.15299999713897705,30670000
2003-03-04,0.15299999713897705,0.15299999713897705,0.15199999511241913,0.15299999713897705,0.15299999713897705,15383600
2003-03-05,0.15299999713897705,0.15399999916553497,0.15199999511241913,0.15399999916553497,0.15399999916553497,159745000
2003-03-06,0.15299999713897705,0.1550000011920929,0.15299999713897705,0.15299999713897705,0.15299999713897705,30335000
2003-03-07,0.15299999713897705,0.15299999713897705,0.15199999511241913,0.15299999713897705,0.15299999713897705,14060000
2003-03-10,0.15299999713897705,0.15600000321865082,0.15199999511241913,0.15299999713897705,0.15299999713897705,35680000
2003-03-11,0.1550000011920929,0.1550000011920929,0.15199999511241913,0.15399999916553497,0.15399999916553497,59822500
2003-03-12,0.15299999713897705,0.15600000321865082,0.15299999713897705,0.15399999916553497,0.15399999916553497,44291500
2003-03-13,0.15399999916553497,0.15399999916553497,0.15199999511241913,0.15399999916553497,0.15399999916553497,31990000
2003-03-14,0.15299999713897705,0.15399999916553497,0.15199999511241913,0.15399999916553497,0.15399999916553497,39525000
2003-03-17,0.15299999713897705,0.15399999916553497,0.15299999713897705,0.15399999916553497,0.15399999916553497,20020000
2003-03-18,0.15299999713897705,0.15399999916553497,0.15199999511241913,0.15399999916553497,0.15399999916553497,13175000
2003-03-19,0.15299999713897705,0.15399999916553497,0.15199999511241913,0.15399999916553497,0.15399999916553497,22808500
2003-03-20,0.15299999713897705,0.15299999713897705,0.1509999930858612,0.15299999713897705,0.15299999713897705,115380000
2003-03-21,0.15299999713897705,0.15299999713897705,0.15199999511241913,0.15299999713897705,0.15299999713897705,17520000
2003-03-24,0.15299999713897705,0.15299999713897705,0.15199999511241913,0.15299999713897705,0.15299999713897705,16534000
2003-03-25,0.15299999713897705,0.15299999713897705,0.15199999511241913,0.15299999713897705,0.15299999713897705,18350000
2003-03-26,0.15299999713897705,0.15299999713897705,0.15199999511241913,0.15299999713897705,0.15299999713897705,20148000
2003-03-27,0.15299999713897705,0.15299999713897705,0.15199999511241913,0.15299999713897705,0.15299999713897705,14377000
2003-03-28,0.15299999713897705,0.15299999713897705,0.15199999511241913,0.15299999713897705,0.15299999713897705,92820000
2003-03-31,0.15299999713897705,0.15299999713897705,0.15199999511241913,0.15299999713897705,0.15299999713897705,6870500
2003-04-01,0.15299999713897705,0.15299999713897705,0.15199999511241913,0.15299999713897705,0.15299999713897705,5011500
2003-04-02,0.15299999713897705,0.15299999713897705,0.15199999511241913,0.15299999713897705,0.15299999713897705,1740000
2003-04-03,0.15299999713897705,0.15299999713897705,0.15199999511241913,0.15299999713897705,0.15299999713897705,3080000
2003-04-04,0.15299999713897705,0.15399999916553497,0.15199999511241913,0.15399999916553497,0.15399999916553497,28623000
2003-04-07,0.15299999713897705,0.15299999713897705,0.15199999511241913,0.15199999511241913,0.15199999511241913,14265000
2003-04-08,0.15299999713897705,0.15299999713897705,0.15199999511241913,0.15299999713897705,0.15299999713897705,8800000
2003-04-09,0.15199999511241913,0.15299999713897705,0.15199999511241913,0.15299999713897705,0.15299999713897705,4434400
2003-04-10,0.15199999511241913,0.15199999511241913,0.15199999511241913,0.15199999511241913,0.15199999511241913,1460000
2003-04-11,0.15299999713897705,0.15299999713897705,0.15199999511241913,0.15299999713897705,0.15299999713897705,3679000
2003-04-14,0.15199999511241913,0.15299999713897705,0.1509999930858612,0.15299999713897705,0.15299999713897705,9029800
2003-04-15,0.14800000190734863,0.1509999930858612,0.13600000739097595,0.14800000190734863,0.14800000190734863,7210000
2003-04-16,0.15000000596046448,0.15199999511241913,0.15000000596046448,0.15000000596046448,0.15000000596046448,1620000
2003-04-17,0.14800000190734863,0.14800000190734863,0.14800000190734863,0.14800000190734863,0.14800000190734863,0
2003-04-18,0.14800000190734863,0.14800000190734863,0.14800000190734863,0.14800000190734863,0.14800000190734863,0
2003-04-21,0.14800000190734863,0.14800000190734863,0.14800000190734863,0.14800000190734863,0.14800000190734863,0
2003-04-22,0.1469999998807907,0.1469999998807907,0.14300000667572021,0.1459999978542328,0.1459999978542328,3335000
2003-04-23,0.15000000596046448,0.15000000596046448,0.1420000046491623,0.15000000596046448,0.15000000596046448,6422500
2003-04-24,0.1469999998807907,0.1469999998807907,0.1469999998807907,0.1469999998807907,0.1469999998807907,200000
2003-04-25,0.14300000667572021,0.1469999998807907,0.14300000667572021,0.1469999998807907,0.1469999998807907,1984000
2003-04-28,0.14900000393390656,0.14900000393390656,0.14499999582767487,0.1469999998807907,0.1469999998807907,2450000
2003-04-29,0.1469999998807907,0.1469999998807907,0.14100000262260437,0.1469999998807907,0.1469999998807907,740000
2003-04-30,0.1459999978542328,0.1469999998807907,0.14499999582767487,0.1469999998807907,0.1469999998807907,305000
2003-05-01,0.1469999998807907,0.1469999998807907,0.1469999998807907,0.1469999998807907,0.1469999998807907,0
2003-05-02,0.14300000667572021,0.15000000596046448,0.14100000262260437,0.15000000596046448,0.15000000596046448,1465000
2003-05-05,0.14800000190734863,0.15000000596046448,0.14800000190734863,0.14800000190734863,0.14800000190734863,3480000
2003-05-06,0.14000000059604645,0.14800000190734863,0.14000000059604645,0.14800000190734863,0.14800000190734863,1290000
2003-05-07,0.13899999856948853,0.14499999582767487,0.13899999856948853,0.14499999582767487,0.14499999582767487,822500
2003-05-08,0.14499999582767487,0.14499999582767487,0.14499999582767487,0.14499999582767487,0.14499999582767487,0
2003-05-09,0.14100000262260437,0.1469999998807907,0.14100000262260437,0.1469999998807907,0.1469999998807907,1180000
2003-05-12,0.14300000667572021,0.1469999998807907,0.14300000667572021,0.1469999998807907,0.1469999998807907,590000
2003-05-13,0.14300000667572021,0.14499999582767487,0.14300000667572021,0.14499999582767487,0.14499999582767487,910000
2003-05-14,0.1420000046491623,0.1459999978542328,0.14000000059604645,0.1459999978542328,0.1459999978542328,1735000
2003-05-15,0.14300000667572021,0.1459999978542328,0.1420000046491623,0.1459999978542328,0.1459999978542328,380000
2003-05-16,0.14100000262260437,0.1459999978542328,0.14100000262260437,0.1459999978542328,0.1459999978542328,692500
2003-05-19,0.14100000262260437,0.14499999582767487,0.14100000262260437,0.14499999582767487,0.14499999582767487,980000
2003-05-20,0.14000000059604645,0.14499999582767487,0.13899999856948853,0.14499999582767487,0.14499999582767487,2045000
2003-05-21,0.13899999856948853,0.14399999380111694,0.13699999451637268,0.14399999380111694,0.14399999380111694,1685000
2003-05-22,0.14000000059604645,0.14499999582767487,0.13600000739097595,0.14499999582767487,0.14499999582767487,8708800
2003-05-23,0.1459999978542328,0.1459999978542328,0.1420000046491623,0.14499999582767487,0.14499999582767487,2126000
2003-05-26,0.14100000262260437,0.14399999380111694,0.14000000059604645,0.14399999380111694,0.14399999380111694,4125000
2003-05-27,0.14100000262260437,0.14399999380111694,0.14100000262260437,0.14399999380111694,0.14399999380111694,1300000
2003-05-28,0.14800000190734863,0.15000000596046448,0.1420000046491623,0.14499999582767487,0.14499999582767487,4666400
2003-05-29,0.1420000046491623,0.14399999380111694,0.1420000046491623,0.14399999380111694,0.14399999380111694,700000
2003-05-30,0.1420000046491623,0.14399999380111694,0.1420000046491623,0.14399999380111694,0.14399999380111694,155500
2003-06-02,0.1420000046491623,0.14300000667572021,0.1340000033378601,0.1420000046491623,0.1420000046491623,8510000
2003-06-03,0.13300000131130219,0.1379999965429306,0.13300000131130219,0.1379999965429306,0.1379999965429306,2590000
2003-06-04,0.1379999965429306,0.1379999965429306,0.1379999965429306,0.1379999965429306,0.1379999965429306,0
2003-06-05,0.13099999725818634,0.13199999928474426,0.12800000607967377,0.12999999523162842,0.12999999523162842,2371000
2003-06-06,0.11999999731779099,0.12800000607967377,0.11999999731779099,0.12600000202655792,0.12600000202655792,1259000
2003-06-09,0.11800000071525574,0.125,0.11100000143051147,0.125,0.125,4655000
2003-06-10,0.11699999868869781,0.12300000339746475,0.11699999868869781,0.12300000339746475,0.12300000339746475,815000
2003-06-11,0.11800000071525574,0.11999999731779099,0.11599999666213989,0.11999999731779099,0.11999999731779099,901500
2003-06-12,0.12099999934434891,0.12099999934434891,0.11500000208616257,0.11900000274181366,0.11900000274181366,1220000
2003-06-13,0.1120000034570694,0.11699999868869781,0.10499999672174454,0.11699999868869781,0.11699999868869781,4718000
2003-06-16,0.11100000143051147,0.11500000208616257,0.10499999672174454,0.11299999803304672,0.11299999803304672,29318000
2003-06-17,0.10499999672174454,0.11400000005960464,0.10499999672174454,0.1120000034570694,0.1120000034570694,14379000
2003-06-18,0.10199999809265137,0.11400000005960464,0.10199999809265137,0.11299999803304672,0.11299999803304672,33400500
2003-06-19,0.10599999874830246,0.11500000208616257,0.10599999874830246,0.11500000208616257,0.11500000208616257,23784700
2003-06-20,0.1120000034570694,0.11599999666213989,0.1120000034570694,0.11599999666213989,0.11599999666213989,17500000
2003-06-23,0.11100000143051147,0.11299999803304672,0.10999999940395355,0.11299999803304672,0.11299999803304672,11906500
2003-06-24,0.10999999940395355,0.1120000034570694,0.10999999940395355,0.1120000034570694,0.1120000034570694,490000
2003-06-25,0.10999999940395355,0.10999999940395355,0.10999999940395355,0.10999999940395355,0.10999999940395355,1900000
2003-06-26,0.1120000034570694,0.11299999803304672,0.10999999940395355,0.11299999803304672,0.11299999803304672,1770000
2003-06-27,0.10999999940395355,0.1120000034570694,0.10599999874830246,0.1120000034570694,0.1120000034570694,903400
2003-06-30,0.10499999672174454,0.1120000034570694,0.10199999809265137,0.10999999940395355,0.10999999940395355,1574000
2003-07-01,0.10999999940395355,0.10999999940395355,0.10999999940395355,0.10999999940395355,0.10999999940395355,0
2003-07-02,0.1080000028014183,0.11100000143051147,0.1080000028014183,0.10999999940395355,0.10999999940395355,620000
2003-07-03,0.10999999940395355,0.11100000143051147,0.10999999940395355,0.10999999940395355,0.10999999940395355,1080000
2003-07-04,0.10899999737739563,0.10899999737739563,0.1080000028014183,0.1080000028014183,0.1080000028014183,322500
2003-07-07,0.1080000028014183,0.10899999737739563,0.10499999672174454,0.1080000028014183,0.1080000028014183,1378500
2003-07-08,0.1080000028014183,0.11999999731779099,0.1080000028014183,0.11800000071525574,0.11800000071525574,18372000
2003-07-09,0.1120000034570694,0.11500000208616257,0.1080000028014183,0.11500000208616257,0.11500000208616257,1945000
2003-07-10,0.10899999737739563,0.11599999666213989,0.1080000028014183,0.11500000208616257,0.11500000208616257,4350000
2003-07-11,0.11500000208616257,0.1379999965429306,0.1120000034570694,0.1379999965429306,0.1379999965429306,86178000
2003-07-14,0.1379999965429306,0.16300000250339508,0.1379999965429306,0.16200000047683716,0.16200000047683716,143030000
2003-07-15,0.16099999845027924,0.17399999499320984,0.16099999845027924,0.16599999368190765,0.16599999368190765,146551000
2003-07-16,0.16899999976158142,0.18299999833106995,0.16599999368190765,0.17399999499320984,0.17399999499320984,138006000
2003-07-17,0.17499999701976776,0.18299999833106995,0.16599999368190765,0.17100000381469727,0.17100000381469727,115415000
2003-07-18,0.1679999977350235,0.1720000058412552,0.1599999964237213,0.16200000047683716,0.16200000047683716,76627000
2003-07-21,0.16099999845027924,0.16699999570846558,0.15000000596046448,0.16300000250339508,0.16300000250339508,100880000
2003-07-22,0.16300000250339508,0.164000004529953,0.1550000011920929,0.1589999943971634,0.1589999943971634,22350000
2003-07-23,0.1599999964237213,0.16200000047683716,0.13899999856948853,0.14800000190734863,0.14800000190734863,18770000
2003-07-24,0.15000000596046448,0.15199999511241913,0.14000000059604645,0.1469999998807907,0.1469999998807907,8750000
2003-07-25,0.14800000190734863,0.15199999511241913,0.13300000131130219,0.1420000046491623,0.1420000046491623,70020000
2003-07-28,0.14000000059604645,0.14499999582767487,0.14000000059604645,0.1420000046491623,0.1420000046491623,49797500
2003-07-29,0.1420000046491623,0.14399999380111694,0.1379999965429306,0.14100000262260437,0.14100000262260437,32507000
2003-07-30,0.14100000262260437,0.14499999582767487,0.1379999965429306,0.14300000667572021,0.14300000667572021,93537000
2003-07-31,0.14100000262260437,0.1459999978542328,0.13899999856948853,0.14300000667572021,0.14300000667572021,23922500
2003-08-01,0.14399999380111694,0.1459999978542328,0.14100000262260437,0.14300000667572021,0.14300000667572021,21655000
2003-08-04,0.14000000059604645,0.14300000667572021,0.14000000059604645,0.14300000667572021,0.14300000667572021,26432500
2003-08-05,0.14000000059604645,0.1420000046491623,0.13899999856948853,0.13899999856948853,0.13899999856948853,2520000
2003-08-06,0.13899999856948853,0.15299999713897705,0.1379999965429306,0.15299999713897705,0.15299999713897705,71843000
2003-08-07,0.15399999916553497,0.1589999943971634,0.15000000596046448,0.15600000321865082,0.15600000321865082,37631000
2003-08-08,0.15600000321865082,0.16099999845027924,0.1550000011920929,0.1599999964237213,0.1599999964237213,86936000
2003-08-11,0.16200000047683716,0.16500000655651093,0.1589999943971634,0.16099999845027924,0.16099999845027924,35541000
2003-08-12,0.16200000047683716,0.16500000655651093,0.16099999845027924,0.164000004529953,0.164000004529953,12906000
2003-08-13,0.164000004529953,0.16599999368190765,0.16099999845027924,0.16099999845027924,0.16099999845027924,23170000
2003-08-14,0.1599999964237213,0.1599999964237213,0.15199999511241913,0.15199999511241913,0.15199999511241913,5360000
2003-08-15,0.16699999570846558,0.1720000058412552,0.16699999570846558,0.16699999570846558,0.16699999570846558,153100000
2003-08-18,0.16500000655651093,0.16699999570846558,0.164000004529953,0.164000004529953,0.164000004529953,25857000
2003-08-19,0.164000004529953,0.164000004529953,0.16099999845027924,0.16099999845027924,0.16099999845027924,13485000
2003-08-20,0.1599999964237213,0.16500000655651093,0.1589999943971634,0.16200000047683716,0.16200000047683716,32722500
2003-08-21,0.16099999845027924,0.16200000047683716,0.1599999964237213,0.16200000047683716,0.16200000047683716,10275000
2003-08-22,0.16099999845027924,0.16500000655651093,0.1599999964237213,0.164000004529953,0.164000004529953,19011500
2003-08-25,0.16200000047683716,0.16200000047683716,0.15700000524520874,0.15700000524520874,0.15700000524520874,13317500
2003-08-26,0.15700000524520874,0.16300000250339508,0.15700000524520874,0.16200000047683716,0.16200000047683716,32080000
2003-08-27,0.16099999845027924,0.16099999845027924,0.15600000321865082,0.1589999943971634,0.1589999943971634,26793000
2003-08-28,0.15700000524520874,0.15700000524520874,0.15600000321865082,0.15600000321865082,0.15600000321865082,2403000
2003-08-29,0.1599999964237213,0.164000004529953,0.15700000524520874,0.15700000524520874,0.15700000524520874,10421000
2003-09-01,0.1599999964237213,0.16500000655651093,0.1589999943971634,0.16300000250339508,0.16300000250339508,35495000
2003-09-02,0.1599999964237213,0.16200000047683716,0.1589999943971634,0.1599999964237213,0.1599999964237213,5165000
2003-09-03,0.1599999964237213,0.16300000250339508,0.1589999943971634,0.16300000250339508,0.16300000250339508,6880000
2003-09-04,0.16500000655651093,0.1679999977350235,0.1599999964237213,0.16300000250339508,0.16300000250339508,24197500
2003-09-05,0.16099999845027924,0.164000004529953,0.16099999845027924,0.16200000047683716,0.16200000047683716,3446500
2003-09-08,0.1599999964237213,0.1599999964237213,0.1589999943971634,0.1589999943971634,0.1589999943971634,2606000
2003-09-09,0.1589999943971634,0.18000000715255737,0.15800000727176666,0.1589999943971634,0.1589999943971634,12680000
2003-09-10,0.17499999701976776,0.17499999701976776,0.15800000727176666,0.15800000727176666,0.15800000727176666,4290000
2003-09-11,0.1599999964237213,0.1679999977350235,0.1599999964237213,0.16200000047683716,0.16200000047683716,1419000
2003-09-12,0.16200000047683716,0.16200000047683716,0.16200000047683716,0.16200000047683716,0.16200000047683716,0
2003-09-15,0.16200000047683716,0.16200000047683716,0.1589999943971634,0.1589999943971634,0.1589999943971634,1110000
2003-09-16,0.1589999943971634,0.1589999943971634,0.1589999943971634,0.1589999943971634,0.1589999943971634,125000
2003-09-17,0.1599999964237213,0.1599999964237213,0.1599999964237213,0.1599999964237213,0.1599999964237213,305000
2003-09-18,0.15800000727176666,0.15800000727176666,0.15700000524520874,0.15700000524520874,0.15700000524520874,1402500
2003-09-19,0.1550000011920929,0.15800000727176666,0.1550000011920929,0.1550000011920929,0.1550000011920929,965000
2003-09-22,0.15299999713897705,0.15299999713897705,0.15000000596046448,0.15000000596046448,0.15000000596046448,2800000
2003-09-23,0.14900000393390656,0.14900000393390656,0.14499999582767487,0.1469999998807907,0.1469999998807907,2140000
2003-09-24,0.1459999978542328,0.1469999998807907,0.14499999582767487,0.14499999582767487,0.14499999582767487,805000
2003-09-25,0.15199999511241913,0.15399999916553497,0.15199999511241913,0.15399999916553497,0.15399999916553497,307000
2003-09-26,0.15199999511241913,0.15199999511241913,0.14900000393390656,0.14900000393390656,0.14900000393390656,870000
2003-09-29,0.1459999978542328,0.1459999978542328,0.1459999978542328,0.1459999978542328,0.1459999978542328,167000
2003-09-30,0.14499999582767487,0.14900000393390656,0.14499999582767487,0.14900000393390656,0.14900000393390656,546000
2003-10-01,0.14900000393390656,0.14900000393390656,0.14900000393390656,0.14900000393390656,0.14900000393390656,0
2003-10-02,0.15600000321865082,0.15600000321865082,0.14499999582767487,0.14499999582767487,0.14499999582767487,7000
2003-10-03,0.1469999998807907,0.1469999998807907,0.1459999978542328,0.1459999978542328,0.1459999978542328,1280000
2003-10-06,0.14800000190734863,0.14800000190734863,0.14499999582767487,0.14499999582767487,0.14499999582767487,1721000
2003-10-07,0.14499999582767487,0.15000000596046448,0.14499999582767487,0.14499999582767487,0.14499999582767487,2086100
2003-10-08,0.14300000667572021,0.15600000321865082,0.1420000046491623,0.15000000596046448,0.15000000596046448,2082500
2003-10-09,0.14499999582767487,0.14499999582767487,0.14000000059604645,0.14499999582767487,0.14499999582767487,888000
2003-10-10,0.14300000667572021,0.1459999978542328,0.14000000059604645,0.1459999978542328,0.1459999978542328,2894000
2003-10-13,0.14900000393390656,0.15000000596046448,0.14900000393390656,0.15000000596046448,0.15000000596046448,2185000
2003-10-14,0.14499999582767487,0.14499999582767487,0.14499999582767487,0.14499999582767487,0.14499999582767487,178000
2003-10-15,0.1420000046491623,0.1420000046491623,0.1420000046491623,0.1420000046491623,0.1420000046491623,1350000
2003-10-16,0.14000000059604645,0.14000000059604645,0.13199999928474426,0.14000000059604645,0.14000000059604645,3055900
2003-10-17,0.14499999582767487,0.14499999582767487,0.13199999928474426,0.13600000739097595,0.13600000739097595,2382500
2003-10-20,0.12800000607967377,0.13600000739097595,0.12600000202655792,0.13600000739097595,0.13600000739097595,1547500
2003-10-21,0.1340000033378601,0.13500000536441803,0.1340000033378601,0.13500000536441803,0.13500000536441803,260000
2003-10-22,0.12700000405311584,0.12700000405311584,0.12700000405311584,0.12700000405311584,0.12700000405311584,120000
2003-10-23,0.12700000405311584,0.12700000405311584,0.10899999737739563,0.10899999737739563,0.10899999737739563,4815000
2003-10-24,0.10999999940395355,0.11800000071525574,0.10499999672174454,0.11800000071525574,0.11800000071525574,1854500
2003-10-27,0.125,0.125,0.11800000071525574,0.11999999731779099,0.11999999731779099,1200000
2003-10-28,0.10999999940395355,0.11999999731779099,0.10999999940395355,0.11400000005960464,0.11400000005960464,1913000
2003-10-29,0.11900000274181366,0.11999999731779099,0.11299999803304672,0.11999999731779099,0.11999999731779099,1732500
2003-10-30,0.11800000071525574,0.12099999934434891,0.11800000071525574,0.12099999934434891,0.12099999934434891,600000
2003-10-31,0.12099999934434891,0.12600000202655792,0.12099999934434891,0.12600000202655792,0.12600000202655792,1046000
2003-11-03,0.12600000202655792,0.12600000202655792,0.12600000202655792,0.12600000202655792,0.12600000202655792,0
2003-11-04,0.12700000405311584,0.12700000405311584,0.12099999934434891,0.125,0.125,855000
2003-11-05,0.12200000137090683,0.12200000137090683,0.12099999934434891,0.12099999934434891,0.12099999934434891,481500
2003-11-06,0.11999999731779099,0.12399999797344208,0.11999999731779099,0.11999999731779099,0.11999999731779099,1407500
2003-11-07,0.11299999803304672,0.11299999803304672,0.11299999803304672,0.11299999803304672,0.11299999803304672,300000
2003-11-10,0.10999999940395355,0.10999999940395355,0.10999999940395355,0.10999999940395355,0.10999999940395355,38000
2003-11-11,0.10199999809265137,0.11999999731779099,0.10199999809265137,0.11999999731779099,0.11999999731779099,1406000
2003-11-12,0.11699999868869781,0.11999999731779099,0.11699999868869781,0.11699999868869781,0.11699999868869781,1100000
2003-11-13,0.1120000034570694,0.1120000034570694,0.1120000034570694,0.1120000034570694,0.1120000034570694,208900
2003-11-14,0.11500000208616257,0.11500000208616257,0.11299999803304672,0.11299999803304672,0.11299999803304672,302500
2003-11-17,0.1120000034570694,0.11699999868869781,0.1120000034570694,0.1120000034570694,0.1120000034570694,0
2003-11-18,0.1120000034570694,0.11699999868869781,0.1120000034570694,0.1120000034570694,0.1120000034570694,0
2003-11-19,0.11999999731779099,0.11999999731779099,0.11699999868869781,0.11699999868869781,0.11699999868869781,180000
2003-11-20,0.11699999868869781,0.11699999868869781,0.1120000034570694,0.1120000034570694,0.1120000034570694,5000
2003-11-21,0.11599999666213989,0.11599999666213989,0.11599999666213989,0.11599999666213989,0.11599999666213989,0
2003-11-24,0.10999999940395355,0.10999999940395355,0.10999999940395355,0.10999999940395355,0.10999999940395355,551500
2003-11-25,0.10999999940395355,0.11299999803304672,0.10999999940395355,0.10999999940395355,0.10999999940395355,600000
2003-11-26,0.10300000011920929,0.11699999868869781,0.10300000011920929,0.10300000011920929,0.10300000011920929,0
2003-11-27,0.10300000011920929,0.11400000005960464,0.10300000011920929,0.11400000005960464,0.11400000005960464,687500
2003-11-28,0.11500000208616257,0.11500000208616257,0.1120000034570694,0.1120000034570694,0.1120000034570694,2500
2003-12-01,0.1120000034570694,0.1120000034570694,0.1120000034570694,0.1120000034570694,0.1120000034570694,20000
2003-12-02,0.10999999940395355,0.10999999940395355,0.10999999940395355,0.10999999940395355,0.10999999940395355,405000
2003-12-03,0.10999999940395355,0.10999999940395355,0.10000000149011612,0.10999999940395355,0.10999999940395355,1116000
2003-12-04,0.10100000351667404,0.11500000208616257,0.10100000351667404,0.11500000208616257,0.11500000208616257,1300000
2003-12-05,0.11800000071525574,0.11999999731779099,0.11500000208616257,0.11500000208616257,0.11500000208616257,606631
2003-12-08,0.11500000208616257,0.11500000208616257,0.11100000143051147,0.11500000208616257,0.11500000208616257,420700
2003-12-09,0.125,0.125,0.12300000339746475,0.12300000339746475,0.12300000339746475,1168038
2003-12-10,0.10999999940395355,0.10999999940395355,0.10999999940395355,0.10999999940395355,0.10999999940395355,880000
2003-12-11,0.12300000339746475,0.12300000339746475,0.1120000034570694,0.1120000034570694,0.1120000034570694,23500
2003-12-12,0.10999999940395355,0.11999999731779099,0.10999999940395355,0.11999999731779099,0.11999999731779099,350000
2003-12-15,0.12099999934434891,0.12099999934434891,0.12099999934434891,0.12099999934434891,0.12099999934434891,21011600
2003-12-16,0.11900000274181366,0.11900000274181366,0.10999999940395355,0.10999999940395355,0.10999999940395355,930000
2003-12-17,0.10999999940395355,0.11500000208616257,0.10999999940395355,0.11500000208616257,0.11500000208616257,1540000
2003-12-18,0.11100000143051147,0.11500000208616257,0.11100000143051147,0.11100000143051147,0.11100000143051147,0
2003-12-19,0.10999999940395355,0.11500000208616257,0.10999999940395355,0.10999999940395355,0.10999999940395355,0
2003-12-22,0.10300000011920929,0.11100000143051147,0.10199999809265137,0.10999999940395355,0.10999999940395355,340000
2003-12-23,0.10199999809265137,0.11699999868869781,0.08399999886751175,0.11699999868869781,0.11699999868869781,2420000
2003-12-24,0.10300000011920929,0.10300000011920929,0.10300000011920929,0.10300000011920929,0.10300000011920929,160000
2003-12-25,0.10300000011920929,0.10300000011920929,0.10300000011920929,0.10300000011920929,0.10300000011920929,0
2003-12-26,0.10300000011920929,0.10300000011920929,0.10300000011920929,0.10300000011920929,0.10300000011920929,0
2003-12-29,0.10100000351667404,0.1120000034570694,0.10100000351667404,0.10100000351667404,0.10100000351667404,0
2003-12-30,0.10999999940395355,0.10999999940395355,0.09000000357627869,0.10499999672174454,0.10499999672174454,3710400
2003-12-31,0.09700000286102295,0.10199999809265137,0.09600000083446503,0.10199999809265137,0.10199999809265137,1440000
2004-01-01,0.10199999809265137,0.10199999809265137,0.10199999809265137,0.10199999809265137,0.10199999809265137,0
2004-01-02,0.10100000351667404,0.10100000351667404,0.09099999815225601,0.0949999988079071,0.0949999988079071,4393800
2004-01-05,0.09200000017881393,0.09200000017881393,0.09000000357627869,0.09200000017881393,0.09200000017881393,2389000
2004-01-06,0.09200000017881393,0.0949999988079071,0.09000000357627869,0.09000000357627869,0.09000000357627869,3365000
2004-01-07,0.09099999815225601,0.09200000017881393,0.08699999749660492,0.09000000357627869,0.09000000357627869,3100000
2004-01-08,0.08500000089406967,0.08900000154972076,0.08299999684095383,0.08900000154972076,0.08900000154972076,4690000
2004-01-09,0.08799999952316284,0.09099999815225601,0.0820000022649765,0.09000000357627869,0.09000000357627869,4011000
2004-01-12,0.0860000029206276,0.0860000029206276,0.08500000089406967,0.0860000029206276,0.0860000029206276,1090000
2004-01-13,0.08399999886751175,0.09000000357627869,0.08299999684095383,0.09000000357627869,0.09000000357627869,7406500
2004-01-14,0.08500000089406967,0.08699999749660492,0.08500000089406967,0.08699999749660492,0.08699999749660492,313500
2004-01-15,0.08699999749660492,0.08699999749660492,0.08500000089406967,0.0860000029206276,0.0860000029206276,175000
2004-01-16,0.09000000357627869,0.0989999994635582,0.09000000357627869,0.0989999994635582,0.0989999994635582,2970000
2004-01-19,0.0989999994635582,0.10499999672174454,0.0989999994635582,0.10400000214576721,0.10400000214576721,1741500
2004-01-20,0.0989999994635582,0.10499999672174454,0.0989999994635582,0.10499999672174454,0.10499999672174454,4240000
2004-01-21,0.10499999672174454,0.1080000028014183,0.10499999672174454,0.1080000028014183,0.1080000028014183,243317
2004-01-22,0.1080000028014183,0.1080000028014183,0.1080000028014183,0.1080000028014183,0.1080000028014183,0
2004-01-23,0.1080000028014183,0.1080000028014183,0.1080000028014183,0.1080000028014183,0.1080000028014183,0
2004-01-26,0.10400000214576721,0.10400000214576721,0.0949999988079071,0.0949999988079071,0.0949999988079071,5000
2004-01-27,0.09300000220537186,0.11100000143051147,0.09300000220537186,0.11100000143051147,0.11100000143051147,2560000
2004-01-28,0.10499999672174454,0.10499999672174454,0.10000000149011612,0.10000000149011612,0.10000000149011612,300000
2004-01-29,0.10000000149011612,0.1080000028014183,0.10000000149011612,0.1080000028014183,0.1080000028014183,2150000
2004-01-30,0.1120000034570694,0.1120000034570694,0.11100000143051147,0.1120000034570694,0.1120000034570694,6860000
2004-02-02,0.1120000034570694,0.1120000034570694,0.10999999940395355,0.10999999940395355,0.10999999940395355,2500000
2004-02-03,0.12800000607967377,0.12800000607967377,0.10499999672174454,0.10499999672174454,0.10499999672174454,10000
2004-02-04,0.12800000607967377,0.12800000607967377,0.12800000607967377,0.12800000607967377,0.12800000607967377,20000
2004-02-05,0.10999999940395355,0.10999999940395355,0.10999999940395355,0.10999999940395355,0.10999999940395355,356000
2004-02-06,0.10999999940395355,0.10999999940395355,0.10400000214576721,0.10999999940395355,0.10999999940395355,3790000
2004-02-09,0.1120000034570694,0.1120000034570694,0.10999999940395355,0.10999999940395355,0.10999999940395355,2193000
2004-02-10,0.11999999731779099,0.11999999731779099,0.10999999940395355,0.10999999940395355,0.10999999940395355,2500000
2004-02-11,0.11999999731779099,0.11999999731779099,0.10499999672174454,0.10999999940395355,0.10999999940395355,1220000
2004-02-12,0.10999999940395355,0.11999999731779099,0.10999999940395355,0.11999999731779099,0.11999999731779099,5990000
2004-02-13,0.11500000208616257,0.12399999797344208,0.11500000208616257,0.12399999797344208,0.12399999797344208,1402000
2004-02-16,0.11999999731779099,0.125,0.11999999731779099,0.125,0.125,2840000
2004-02-17,0.125,0.15000000596046448,0.12399999797344208,0.125,0.125,6162000
2004-02-18,0.14000000059604645,0.14800000190734863,0.13600000739097595,0.13899999856948853,0.13899999856948853,2885000
2004-02-19,0.13300000131130219,0.1379999965429306,0.12800000607967377,0.1379999965429306,0.1379999965429306,1760000
2004-02-20,0.13500000536441803,0.14000000059604645,0.13099999725818634,0.13099999725818634,0.13099999725818634,1640000
2004-02-23,0.10999999940395355,0.11299999803304672,0.0949999988079071,0.10400000214576721,0.10400000214576721,24480000
2004-02-24,0.10000000149011612,0.10199999809265137,0.08500000089406967,0.0989999994635582,0.0989999994635582,28140000
2004-02-25,0.09000000357627869,0.14000000059604645,0.07900000363588333,0.0989999994635582,0.0989999994635582,67720000
2004-02-26,0.09799999743700027,0.10100000351667404,0.0860000029206276,0.10000000149011612,0.10000000149011612,8840000
2004-02-27,0.09000000357627869,0.0989999994635582,0.09000000357627869,0.0989999994635582,0.0989999994635582,13180000
2004-03-01,0.09099999815225601,0.09799999743700027,0.09000000357627869,0.09799999743700027,0.09799999743700027,3103111
2004-03-02,0.09200000017881393,0.09399999678134918,0.09099999815225601,0.09399999678134918,0.09399999678134918,700000
2004-03-03,0.09200000017881393,0.09200000017881393,0.0860000029206276,0.0860000029206276,0.0860000029206276,470000
2004-03-04,0.08799999952316284,0.09399999678134918,0.08399999886751175,0.09000000357627869,0.09000000357627869,3245000
2004-03-05,0.09000000357627869,0.09099999815225601,0.0860000029206276,0.09099999815225601,0.09099999815225601,1897500
2004-03-08,0.08799999952316284,0.09200000017881393,0.0860000029206276,0.09200000017881393,0.09200000017881393,564000
2004-03-09,0.08699999749660492,0.09200000017881393,0.0860000029206276,0.09200000017881393,0.09200000017881393,1320200
2004-03-10,0.08699999749660492,0.09099999815225601,0.0860000029206276,0.09099999815225601,0.09099999815225601,2400000
2004-03-11,0.0860000029206276,0.09799999743700027,0.0860000029206276,0.09799999743700027,0.09799999743700027,3255000
2004-03-12,0.09700000286102295,0.09700000286102295,0.0860000029206276,0.09600000083446503,0.09600000083446503,3280000
2004-03-15,0.0860000029206276,0.09700000286102295,0.0860000029206276,0.09000000357627869,0.09000000357627869,13012000
2004-03-16,0.09600000083446503,0.09799999743700027,0.09399999678134918,0.09700000286102295,0.09700000286102295,8520000
2004-03-17,0.09200000017881393,0.09600000083446503,0.09200000017881393,0.0949999988079071,0.0949999988079071,1390000
2004-03-18,0.08900000154972076,0.09099999815225601,0.08500000089406967,0.09099999815225601,0.09099999815225601,3500000
2004-03-19,0.08399999886751175,0.08799999952316284,0.0820000022649765,0.08799999952316284,0.08799999952316284,4600000
2004-03-22,0.08299999684095383,0.09099999815225601,0.0820000022649765,0.09099999815225601,0.09099999815225601,2300000
2004-03-23,0.08299999684095383,0.08799999952316284,0.08299999684095383,0.08299999684095383,0.08299999684095383,0
2004-03-24,0.08799999952316284,0.08799999952316284,0.08399999886751175,0.08799999952316284,0.08799999952316284,1900000
2004-03-25,0.0860000029206276,0.0860000029206276,0.08299999684095383,0.08299999684095383,0.08299999684095383,10000
2004-03-26,0.0820000022649765,0.08699999749660492,0.0820000022649765,0.08699999749660492,0.08699999749660492,920000
2004-03-29,0.08699999749660492,0.08699999749660492,0.08699999749660492,0.08699999749660492,0.08699999749660492,315000
2004-03-30,0.0820000022649765,0.08500000089406967,0.0820000022649765,0.08500000089406967,0.08500000089406967,805000
2004-03-31,0.0820000022649765,0.08500000089406967,0.0820000022649765,0.08500000089406967,0.08500000089406967,740000
2004-04-01,0.0820000022649765,0.08399999886751175,0.0820000022649765,0.08399999886751175,0.08399999886751175,1600000
2004-04-02,0.08299999684095383,0.08399999886751175,0.0820000022649765,0.08399999886751175,0.08399999886751175,810000
2004-04-05,0.08399999886751175,0.08399999886751175,0.08399999886751175,0.08399999886751175,0.08399999886751175,0
2004-04-06,0.08399999886751175,0.0860000029206276,0.08399999886751175,0.08399999886751175,0.08399999886751175,2200000
2004-04-07,0.08399999886751175,0.08799999952316284,0.08399999886751175,0.08699999749660492,0.08699999749660492,1900000
2004-04-08,0.0820000022649765,0.09000000357627869,0.0820000022649765,0.0820000022649765,0.0820000022649765,0
2004-04-09,0.0820000022649765,0.0820000022649765,0.0820000022649765,0.0820000022649765,0.0820000022649765,0
2004-04-12,0.0820000022649765,0.0820000022649765,0.0820000022649765,0.0820000022649765,0.0820000022649765,0
2004-04-13,0.08799999952316284,0.08799999952316284,0.0820000022649765,0.08500000089406967,0.08500000089406967,1605000
2004-04-14,0.07999999821186066,0.08699999749660492,0.07900000363588333,0.08699999749660492,0.08699999749660492,2600000
2004-04-15,0.07999999821186066,0.0860000029206276,0.07999999821186066,0.07999999821186066,0.07999999821186066,0
2004-04-16,0.07999999821186066,0.0860000029206276,0.07999999821186066,0.07999999821186066,0.07999999821186066,0
2004-04-19,0.07999999821186066,0.08500000089406967,0.07999999821186066,0.07999999821186066,0.07999999821186066,0
2004-04-20,0.07999999821186066,0.08100000023841858,0.07400000095367432,0.08100000023841858,0.08100000023841858,2720000
2004-04-21,0.07400000095367432,0.07599999755620956,0.0729999989271164,0.07599999755620956,0.07599999755620956,715000
2004-04-22,0.07999999821186066,0.07999999821186066,0.07999999821186066,0.07999999821186066,0.07999999821186066,100000
2004-04-23,0.07999999821186066,0.07999999821186066,0.07199999690055847,0.07900000363588333,0.07900000363588333,625800
2004-04-26,0.07199999690055847,0.07500000298023224,0.07199999690055847,0.07199999690055847,0.07199999690055847,0
2004-04-27,0.07000000029802322,0.0729999989271164,0.06499999761581421,0.0729999989271164,0.0729999989271164,2770000
2004-04-28,0.06599999964237213,0.0729999989271164,0.06599999964237213,0.06599999964237213,0.06599999964237213,0
2004-04-29,0.06700000166893005,0.0729999989271164,0.06700000166893005,0.06700000166893005,0.06700000166893005,0
2004-04-30,0.05999999865889549,0.06800000369548798,0.05999999865889549,0.06800000369548798,0.06800000369548798,1880000
2004-05-03,0.06599999964237213,0.06599999964237213,0.061000000685453415,0.06599999964237213,0.06599999964237213,500000
2004-05-04,0.06499999761581421,0.06499999761581421,0.06400000303983688,0.06400000303983688,0.06400000303983688,120000
2004-05-05,0.07100000232458115,0.07100000232458115,0.07100000232458115,0.07100000232458115,0.07100000232458115,100000
2004-05-06,0.06300000101327896,0.07199999690055847,0.06300000101327896,0.06300000101327896,0.06300000101327896,0
2004-05-07,0.06199999898672104,0.06700000166893005,0.050999999046325684,0.06700000166893005,0.06700000166893005,1380000
2004-05-10,0.07000000029802322,0.07000000029802322,0.06400000303983688,0.07000000029802322,0.07000000029802322,600000
2004-05-11,0.06499999761581421,0.0689999982714653,0.06400000303983688,0.0689999982714653,0.0689999982714653,700000
2004-05-12,0.06199999898672104,0.06599999964237213,0.06199999898672104,0.06599999964237213,0.06599999964237213,1800000
2004-05-13,0.06199999898672104,0.0729999989271164,0.06199999898672104,0.0729999989271164,0.0729999989271164,1260000
2004-05-14,0.06300000101327896,0.07000000029802322,0.061000000685453415,0.07000000029802322,0.07000000029802322,1340500
2004-05-17,0.06300000101327896,0.07800000160932541,0.06199999898672104,0.07800000160932541,0.07800000160932541,3100000
2004-05-18,0.07000000029802322,0.07599999755620956,0.07000000029802322,0.07599999755620956,0.07599999755620956,200000
2004-05-19,0.07100000232458115,0.0820000022649765,0.07100000232458115,0.0820000022649765,0.0820000022649765,2385000
2004-05-20,0.07500000298023224,0.08299999684095383,0.07500000298023224,0.08299999684095383,0.08299999684095383,540000
2004-05-21,0.07800000160932541,0.08299999684095383,0.07800000160932541,0.07800000160932541,0.07800000160932541,0
2004-05-24,0.07900000363588333,0.08299999684095383,0.07900000363588333,0.07900000363588333,0.07900000363588333,0
2004-05-25,0.07699999958276749,0.08900000154972076,0.07699999958276749,0.08900000154972076,0.08900000154972076,1998500
2004-05-26,0.08900000154972076,0.08900000154972076,0.08900000154972076,0.08900000154972076,0.08900000154972076,0
2004-05-27,0.08900000154972076,0.09099999815225601,0.08900000154972076,0.09099999815225601,0.09099999815225601,1900000
2004-05-28,0.08100000023841858,0.09200000017881393,0.08100000023841858,0.09200000017881393,0.09200000017881393,2220000
2004-05-31,0.08500000089406967,0.09300000220537186,0.08500000089406967,0.09300000220537186,0.09300000220537186,1820000
2004-06-01,0.08900000154972076,0.09099999815225601,0.08900000154972076,0.09000000357627869,0.09000000357627869,215000
2004-06-02,0.09000000357627869,0.09000000357627869,0.0860000029206276,0.0860000029206276,0.0860000029206276,9200
2004-06-03,0.0860000029206276,0.09000000357627869,0.08500000089406967,0.09000000357627869,0.09000000357627869,490000
2004-06-04,0.08100000023841858,0.09000000357627869,0.08100000023841858,0.08100000023841858,0.08100000023841858,0
2004-06-07,0.08799999952316284,0.08799999952316284,0.08299999684095383,0.08299999684095383,0.08299999684095383,1500
2004-06-08,0.08299999684095383,0.09000000357627869,0.08299999684095383,0.08299999684095383,0.08299999684095383,0
2004-06-09,0.08299999684095383,0.08699999749660492,0.07999999821186066,0.08699999749660492,0.08699999749660492,560000
2004-06-10,0.08900000154972076,0.08900000154972076,0.0860000029206276,0.08699999749660492,0.08699999749660492,660000
2004-06-11,0.08299999684095383,0.08699999749660492,0.08299999684095383,0.08299999684095383,0.08299999684095383,0
2004-06-14,0.08299999684095383,0.0860000029206276,0.0820000022649765,0.0860000029206276,0.0860000029206276,345000
2004-06-15,0.08799999952316284,0.08799999952316284,0.07999999821186066,0.07999999821186066,0.07999999821186066,710000
2004-06-16,0.08100000023841858,0.08299999684095383,0.08100000023841858,0.08299999684095383,0.08299999684095383,700000
2004-06-17,0.07699999958276749,0.08500000089406967,0.07699999958276749,0.08100000023841858,0.08100000023841858,960000
2004-06-18,0.07800000160932541,0.08399999886751175,0.07800000160932541,0.08399999886751175,0.08399999886751175,430000
2004-06-21,0.07999999821186066,0.08100000023841858,0.07999999821186066,0.07999999821186066,0.07999999821186066,200000
2004-06-22,0.07999999821186066,0.07999999821186066,0.07999999821186066,0.07999999821186066,0.07999999821186066,0
2004-06-23,0.07699999958276749,0.08399999886751175,0.07699999958276749,0.07699999958276749,0.07699999958276749,0
2004-06-24,0.07699999958276749,0.08299999684095383,0.07699999958276749,0.07699999958276749,0.07699999958276749,0
2004-06-25,0.07999999821186066,0.07999999821186066,0.07999999821186066,0.07999999821186066,0.07999999821186066,503500
2004-06-28,0.07999999821186066,0.08100000023841858,0.07599999755620956,0.08100000023841858,0.08100000023841858,1500
2004-06-29,0.07999999821186066,0.07999999821186066,0.07500000298023224,0.07500000298023224,0.07500000298023224,1500
2004-06-30,0.07500000298023224,0.07999999821186066,0.07500000298023224,0.07500000298023224,0.07500000298023224,0
2004-07-01,0.07500000298023224,0.07500000298023224,0.07500000298023224,0.07500000298023224,0.07500000298023224,0
2004-07-02,0.07800000160932541,0.07900000363588333,0.07800000160932541,0.07900000363588333,0.07900000363588333,290000
2004-07-05,0.07999999821186066,0.08299999684095383,0.07999999821186066,0.08299999684095383,0.08299999684095383,700000
2004-07-06,0.07699999958276749,0.0820000022649765,0.07699999958276749,0.07699999958276749,0.07699999958276749,0
2004-07-07,0.07599999755620956,0.07800000160932541,0.07400000095367432,0.07699999958276749,0.07699999958276749,1870000
2004-07-08,0.0729999989271164,0.07800000160932541,0.0729999989271164,0.07800000160932541,0.07800000160932541,205000
2004-07-09,0.07699999958276749,0.07999999821186066,0.07699999958276749,0.07999999821186066,0.07999999821186066,960000
2004-07-12,0.07400000095367432,0.0820000022649765,0.07400000095367432,0.07400000095367432,0.07400000095367432,0
2004-07-13,0.08100000023841858,0.08100000023841858,0.08100000023841858,0.08100000023841858,0.08100000023841858,60000
2004-07-14,0.07400000095367432,0.07800000160932541,0.07400000095367432,0.07400000095367432,0.07400000095367432,0
2004-07-15,0.07199999690055847,0.07800000160932541,0.07199999690055847,0.07199999690055847,0.07199999690055847,19949000
2004-07-16,0.07000000029802322,0.07900000363588333,0.07000000029802322,0.07000000029802322,0.07000000029802322,0
2004-07-19,0.07800000160932541,0.07800000160932541,0.07500000298023224,0.07800000160932541,0.07800000160932541,101000
2004-07-20,0.07900000363588333,0.07900000363588333,0.07000000029802322,0.07000000029802322,0.07000000029802322,10000
2004-07-21,0.08100000023841858,0.08100000023841858,0.08100000023841858,0.08100000023841858,0.08100000023841858,40000
2004-07-22,0.08100000023841858,0.08100000023841858,0.07000000029802322,0.07000000029802322,0.07000000029802322,1000
2004-07-23,0.07199999690055847,0.07999999821186066,0.07199999690055847,0.07199999690055847,0.07199999690055847,0
2004-07-26,0.08100000023841858,0.08100000023841858,0.07199999690055847,0.07199999690055847,0.07199999690055847,15000
2004-07-27,0.07000000029802322,0.07900000363588333,0.07000000029802322,0.07000000029802322,0.07000000029802322,0
2004-07-28,0.07800000160932541,0.08100000023841858,0.07800000160932541,0.08100000023841858,0.08100000023841858,83000
2004-07-29,0.07199999690055847,0.08100000023841858,0.07199999690055847,0.07199999690055847,0.07199999690055847,0
2004-07-30,0.0820000022649765,0.08299999684095383,0.0820000022649765,0.08299999684095383,0.08299999684095383,60000
2004-08-02,0.07000000029802322,0.08299999684095383,0.07000000029802322,0.07000000029802322,0.07000000029802322,0
2004-08-03,0.07199999690055847,0.0820000022649765,0.07199999690055847,0.07199999690055847,0.07199999690055847,0
2004-08-04,0.0820000022649765,0.0820000022649765,0.07000000029802322,0.07000000029802322,0.07000000029802322,1500
2004-08-05,0.08100000023841858,0.08299999684095383,0.07100000232458115,0.08299999684095383,0.08299999684095383,3430000
2004-08-06,0.08299999684095383,0.08299999684095383,0.07500000298023224,0.07500000298023224,0.07500000298023224,6500
2004-08-09,0.0820000022649765,0.0820000022649765,0.07000000029802322,0.07000000029802322,0.07000000029802322,5000
2004-08-10,0.0820000022649765,0.0820000022649765,0.0820000022649765,0.0820000022649765,0.0820000022649765,1190000
2004-08-11,0.07500000298023224,0.07900000363588333,0.07500000298023224,0.07900000363588333,0.07900000363588333,1100000
2004-08-12,0.07199999690055847,0.07599999755620956,0.07199999690055847,0.07199999690055847,0.07199999690055847,0
2004-08-13,0.07599999755620956,0.07599999755620956,0.07199999690055847,0.07199999690055847,0.07199999690055847,18500
2004-08-16,0.07199999690055847,0.07500000298023224,0.07199999690055847,0.07199999690055847,0.07199999690055847,0
2004-08-17,0.07599999755620956,0.07599999755620956,0.07500000298023224,0.07599999755620956,0.07599999755620956,505000
2004-08-18,0.07199999690055847,0.07999999821186066,0.07000000029802322,0.07999999821186066,0.07999999821186066,3500000
2004-08-19,0.07100000232458115,0.07900000363588333,0.07100000232458115,0.07100000232458115,0.07100000232458115,0
2004-08-20,0.07000000029802322,0.07900000363588333,0.07000000029802322,0.07000000029802322,0.07000000029802322,0
2004-08-23,0.07400000095367432,0.10100000351667404,0.0729999989271164,0.0989999994635582,0.0989999994635582,633041500
2004-08-24,0.10000000149011612,0.10700000077486038,0.0989999994635582,0.10700000077486038,0.10700000077486038,59335000
2004-08-25,0.10499999672174454,0.1080000028014183,0.10300000011920929,0.10499999672174454,0.10499999672174454,21512000
2004-08-26,0.10499999672174454,0.10999999940395355,0.10499999672174454,0.10700000077486038,0.10700000077486038,27292000
2004-08-27,0.10700000077486038,0.1080000028014183,0.10100000351667404,0.10100000351667404,0.10100000351667404,15996500
2004-08-30,0.10000000149011612,0.10300000011920929,0.09600000083446503,0.10300000011920929,0.10300000011920929,200475000
2004-08-31,0.10000000149011612,0.10300000011920929,0.10000000149011612,0.10300000011920929,0.10300000011920929,17400000
2004-09-01,0.10000000149011612,0.10199999809265137,0.0989999994635582,0.10199999809265137,0.10199999809265137,5225000
2004-09-02,0.10199999809265137,0.10300000011920929,0.10100000351667404,0.10199999809265137,0.10199999809265137,110530000
2004-09-03,0.10100000351667404,0.10199999809265137,0.0989999994635582,0.10199999809265137,0.10199999809265137,2680000
2004-09-06,0.0989999994635582,0.10199999809265137,0.0989999994635582,0.10199999809265137,0.10199999809265137,1410000
2004-09-07,0.10199999809265137,0.10999999940395355,0.10199999809265137,0.10499999672174454,0.10499999672174454,174427500
2004-09-08,0.10100000351667404,0.10400000214576721,0.10100000351667404,0.10400000214576721,0.10400000214576721,7050000
2004-09-09,0.10400000214576721,0.10400000214576721,0.0989999994635582,0.10400000214576721,0.10400000214576721,4202500
2004-09-10,0.10499999672174454,0.10499999672174454,0.10100000351667404,0.10199999809265137,0.10199999809265137,295720000
2004-09-13,0.10199999809265137,0.10300000011920929,0.10000000149011612,0.10300000011920929,0.10300000011920929,3740000
2004-09-14,0.0989999994635582,0.10000000149011612,0.09600000083446503,0.0989999994635582,0.0989999994635582,3150000
2004-09-15,0.09000000357627869,0.10000000149011612,0.09000000357627869,0.10000000149011612,0.10000000149011612,152700000
2004-09-16,0.0949999988079071,0.10000000149011612,0.0949999988079071,0.10000000149011612,0.10000000149011612,760000
2004-09-17,0.0949999988079071,0.0989999994635582,0.0949999988079071,0.0989999994635582,0.0989999994635582,1263000
2004-09-20,0.09399999678134918,0.0989999994635582,0.09399999678134918,0.09799999743700027,0.09799999743700027,105611000
2004-09-21,0.09300000220537186,0.10000000149011612,0.09300000220537186,0.10000000149011612,0.10000000149011612,239000
2004-09-22,0.09300000220537186,0.10000000149011612,0.09300000220537186,0.10000000149011612,0.10000000149011612,104500
2004-09-23,0.09300000220537186,0.09300000220537186,0.09300000220537186,0.09300000220537186,0.09300000220537186,5000
2004-09-24,0.09300000220537186,0.09300000220537186,0.09300000220537186,0.09300000220537186,0.09300000220537186,0
2004-09-27,0.09300000220537186,0.09300000220537186,0.09300000220537186,0.09300000220537186,0.09300000220537186,0
2004-09-28,0.09300000220537186,0.09099999815225601,0.09000000357627869,0.09000000357627869,0.09000000357627869,230000
2004-09-29,0.09000000357627869,0.09000000357627869,0.09000000357627869,0.09000000357627869,0.09000000357627869,0
2004-09-30,0.09000000357627869,0.09000000357627869,0.09000000357627869,0.09000000357627869,0.09000000357627869,442500
2004-10-01,0.09000000357627869,0.09000000357627869,0.09000000357627869,0.09000000357627869,0.09000000357627869,0
2004-10-04,0.09000000357627869,0.09000000357627869,0.09000000357627869,0.09000000357627869,0.09000000357627869,0
2004-10-05,0.09200000017881393,0.09200000017881393,0.09200000017881393,0.09200000017881393,0.09200000017881393,100000
2004-10-06,0.09000000357627869,0.0989999994635582,0.08900000154972076,0.0989999994635582,0.0989999994635582,456000
2004-10-07,0.08900000154972076,0.0949999988079071,0.08900000154972076,0.0949999988079071,0.0949999988079071,502500
2004-10-08,0.09000000357627869,0.0989999994635582,0.09000000357627869,0.0989999994635582,0.0989999994635582,257000
2004-10-11,0.0989999994635582,0.0989999994635582,0.0989999994635582,0.0989999994635582,0.0989999994635582,0
2004-10-12,0.0989999994635582,0.0989999994635582,0.0989999994635582,0.0989999994635582,0.0989999994635582,0
2004-10-13,0.09099999815225601,0.0989999994635582,0.09099999815225601,0.0989999994635582,0.0989999994635582,85000
2004-10-14,0.09000000357627869,0.0989999994635582,0.08500000089406967,0.0989999994635582,0.0989999994635582,300000
2004-10-15,0.08900000154972076,0.09399999678134918,0.08799999952316284,0.09300000220537186,0.09300000220537186,342500
2004-10-18,0.09300000220537186,0.09300000220537186,0.09300000220537186,0.09300000220537186,0.09300000220537186,0
2004-10-19,0.09300000220537186,0.09300000220537186,0.09300000220537186,0.09300000220537186,0.09300000220537186,0
2004-10-20,0.09000000357627869,0.09399999678134918,0.09000000357627869,0.09399999678134918,0.09399999678134918,500000
2004-10-21,0.09000000357627869,0.09000000357627869,0.09000000357627869,0.09000000357627869,0.09000000357627869,0
2004-10-22,0.09000000357627869,0.09000000357627869,0.09000000357627869,0.09000000357627869,0.09000000357627869,0
2004-10-25,0.08500000089406967,0.09000000357627869,0.08500000089406967,0.09000000357627869,0.09000000357627869,262000
2004-10-26,0.08500000089406967,0.09300000220537186,0.08500000089406967,0.09300000220537186,0.09300000220537186,80000
2004-10-27,0.08500000089406967,0.08500000089406967,0.08500000089406967,0.08500000089406967,0.08500000089406967,10000
2004-10-28,0.08500000089406967,0.08500000089406967,0.08500000089406967,0.08500000089406967,0.08500000089406967,0
2004-10-29,0.08500000089406967,0.08500000089406967,0.08500000089406967,0.08500000089406967,0.08500000089406967,7500
2004-11-01,0.08500000089406967,0.08500000089406967,0.08500000089406967,0.08500000089406967,0.08500000089406967,3000
2004-11-02,0.08500000089406967,0.08500000089406967,0.08500000089406967,0.08500000089406967,0.08500000089406967,0
2004-11-03,0.08500000089406967,0.09200000017881393,0.08500000089406967,0.09200000017881393,0.09200000017881393,200000
2004-11-04,0.09000000357627869,0.09000000357627869,0.08500000089406967,0.09000000357627869,0.09000000357627869,1412000
2004-11-05,0.09000000357627869,0.12300000339746475,0.09000000357627869,0.11999999731779099,0.11999999731779099,38172500
2004-11-08,0.11800000071525574,0.11999999731779099,0.11400000005960464,0.11500000208616257,0.11500000208616257,19234500
2004-11-09,0.1120000034570694,0.11400000005960464,0.10899999737739563,0.11400000005960464,0.11400000005960464,4330000
2004-11-10,0.11500000208616257,0.12399999797344208,0.1120000034570694,0.11699999868869781,0.11699999868869781,30205000
2004-11-11,0.11699999868869781,0.11699999868869781,0.11699999868869781,0.11699999868869781,0.11699999868869781,0
2004-11-12,0.11699999868869781,0.11699999868869781,0.11699999868869781,0.11699999868869781,0.11699999868869781,0
2004-11-15,0.13099999725818634,0.18000000715255737,0.13099999725818634,0.1720000058412552,0.1720000058412552,145653000
2004-11-16,0.1770000010728836,0.18199999630451202,0.16500000655651093,0.16500000655651093,0.16500000655651093,42292000
2004-11-17,0.1509999930858612,0.1679999977350235,0.1509999930858612,0.16500000655651093,0.16500000655651093,13231500
2004-11-18,0.16699999570846558,0.16699999570846558,0.1599999964237213,0.16200000047683716,0.16200000047683716,4471500
2004-11-19,0.16899999976158142,0.1720000058412552,0.1599999964237213,0.1720000058412552,0.1720000058412552,9041800
2004-11-22,0.16500000655651093,0.1720000058412552,0.16500000655651093,0.1720000058412552,0.1720000058412552,6916000
2004-11-23,0.16599999368190765,0.18000000715255737,0.16599999368190765,0.1770000010728836,0.1770000010728836,11223000
2004-11-24,0.1770000010728836,0.18799999356269836,0.1770000010728836,0.18400000035762787,0.18400000035762787,19030000
2004-11-25,0.1850000023841858,0.18700000643730164,0.17499999701976776,0.17900000512599945,0.17900000512599945,13850600
2004-11-26,0.17900000512599945,0.18199999630451202,0.17100000381469727,0.17100000381469727,0.17100000381469727,8613000
2004-11-29,0.1720000058412552,0.1720000058412552,0.1679999977350235,0.17000000178813934,0.17000000178813934,4660000
2004-11-30,0.16899999976158142,0.1720000058412552,0.16500000655651093,0.1720000058412552,0.1720000058412552,7183000
2004-12-01,0.16599999368190765,0.16599999368190765,0.164000004529953,0.16500000655651093,0.16500000655651093,2645000
2004-12-02,0.16500000655651093,0.17299999296665192,0.16500000655651093,0.16599999368190765,0.16599999368190765,12742500
2004-12-03,0.16599999368190765,0.16599999368190765,0.16300000250339508,0.16300000250339508,0.16300000250339508,962000
2004-12-06,0.1589999943971634,0.17100000381469727,0.15800000727176666,0.17100000381469727,0.17100000381469727,3240000
2004-12-07,0.19200000166893005,0.1979999989271164,0.17000000178813934,0.1770000010728836,0.1770000010728836,41711500
2004-12-08,0.17499999701976776,0.17599999904632568,0.1679999977350235,0.1679999977350235,0.1679999977350235,6220000
2004-12-09,0.16500000655651093,0.17499999701976776,0.1599999964237213,0.17000000178813934,0.17000000178813934,1620000
2004-12-10,0.17000000178813934,0.17599999904632568,0.1679999977350235,0.1679999977350235,0.1679999977350235,82240000
2004-12-13,0.18299999833106995,0.1899999976158142,0.1720000058412552,0.1889999955892563,0.1889999955892563,69228500
2004-12-14,0.1899999976158142,0.1979999989271164,0.18700000643730164,0.19200000166893005,0.19200000166893005,198390000
2004-12-15,0.20000000298023224,0.20800000429153442,0.1940000057220459,0.19699999690055847,0.19699999690055847,246225000
2004-12-16,0.19599999487400055,0.19599999487400055,0.19599999487400055,0.19599999487400055,0.19599999487400055,0
2004-12-17,0.19599999487400055,0.19599999487400055,0.19599999487400055,0.19599999487400055,0.19599999487400055,0
2004-12-20,0.19599999487400055,0.19599999487400055,0.19599999487400055,0.19599999487400055,0.19599999487400055,0
2004-12-21,0.25,0.2750000059604645,0.2150000035762787,0.23999999463558197,0.23999999463558197,917694000
2004-12-22,0.23999999463558197,0.24500000476837158,0.20999999344348907,0.2150000035762787,0.2150000035762787,369017000
2004-12-23,0.2150000035762787,0.22200000286102295,0.1770000010728836,0.1889999955892563,0.1889999955892563,297484000
2004-12-24,0.1889999955892563,0.20100000500679016,0.18299999833106995,0.1850000023841858,0.1850000023841858,80870000
2004-12-27,0.1850000023841858,0.1850000023841858,0.1850000023841858,0.1850000023841858,0.1850000023841858,0
2004-12-28,0.1860000044107437,0.20000000298023224,0.1860000044107437,0.1889999955892563,0.1889999955892563,91021500
2004-12-29,0.1889999955892563,0.19300000369548798,0.1850000023841858,0.19099999964237213,0.19099999964237213,46211000
2004-12-30,0.19300000369548798,0.19300000369548798,0.18299999833106995,0.18400000035762787,0.18400000035762787,24520000
2004-12-31,0.18299999833106995,0.1899999976158142,0.17299999296665192,0.1899999976158142,0.1899999976158142,28440000
2005-01-03,0.19599999487400055,0.20600000023841858,0.19499999284744263,0.2029999941587448,0.2029999941587448,153130000
2005-01-04,0.20200000703334808,0.20499999821186066,0.1850000023841858,0.1899999976158142,0.1899999976158142,70560000
2005-01-05,0.1850000023841858,0.1899999976158142,0.17000000178813934,0.17599999904632568,0.17599999904632568,62570000
2005-01-06,0.1720000058412552,0.18299999833106995,0.1720000058412552,0.17599999904632568,0.17599999904632568,47920000
2005-01-07,0.17499999701976776,0.1770000010728836,0.11999999731779099,0.12800000607967377,0.12800000607967377,73085120
2005-01-10,0.12999999523162842,0.13600000739097595,0.12099999934434891,0.12300000339746475,0.12300000339746475,35983000
2005-01-11,0.12200000137090683,0.12200000137090683,0.09200000017881393,0.0989999994635582,0.0989999994635582,72210000
2005-01-12,0.09200000017881393,0.10000000149011612,0.08799999952316284,0.09600000083446503,0.09600000083446503,76100000
2005-01-13,0.0989999994635582,0.10300000011920929,0.09000000357627869,0.09200000017881393,0.09200000017881393,118248000
2005-01-14,0.09000000357627869,0.10499999672174454,0.07999999821186066,0.08399999886751175,0.08399999886751175,452242500
2005-01-17,0.08500000089406967,0.09099999815225601,0.07999999821186066,0.0820000022649765,0.0820000022649765,216581500
2005-01-18,0.0820000022649765,0.08500000089406967,0.07699999958276749,0.07999999821186066,0.07999999821186066,143820000
2005-01-19,0.08100000023841858,0.0860000029206276,0.07800000160932541,0.08399999886751175,0.08399999886751175,70340000
2005-01-20,0.0860000029206276,0.09300000220537186,0.08500000089406967,0.08699999749660492,0.08699999749660492,231610000
2005-01-21,0.08799999952316284,0.08900000154972076,0.0820000022649765,0.08299999684095383,0.08299999684095383,41370000
2005-01-24,0.08500000089406967,0.08500000089406967,0.07500000298023224,0.07800000160932541,0.07800000160932541,71360000
2005-01-25,0.07500000298023224,0.08399999886751175,0.07500000298023224,0.07900000363588333,0.07900000363588333,45740000
2005-01-26,0.07999999821186066,0.08100000023841858,0.0729999989271164,0.0729999989271164,0.0729999989271164,35384000
2005-01-27,0.07500000298023224,0.08900000154972076,0.07500000298023224,0.07999999821186066,0.07999999821186066,329820000
2005-01-28,0.08299999684095383,0.08399999886751175,0.07999999821186066,0.08299999684095383,0.08299999684095383,28965000
2005-01-31,0.0820000022649765,0.08299999684095383,0.07999999821186066,0.07999999821186066,0.07999999821186066,14960000
2005-02-01,0.0820000022649765,0.0860000029206276,0.0689999982714653,0.0729999989271164,0.0729999989271164,294680000
2005-02-02,0.07199999690055847,0.07400000095367432,0.0689999982714653,0.0729999989271164,0.0729999989271164,45112500
2005-02-03,0.07199999690055847,0.0729999989271164,0.06400000303983688,0.06499999761581421,0.06499999761581421,276110000
2005-02-04,0.06499999761581421,0.07100000232458115,0.06400000303983688,0.06599999964237213,0.06599999964237213,44580000
2005-02-07,0.06800000369548798,0.06800000369548798,0.06599999964237213,0.06800000369548798,0.06800000369548798,7914370
2005-02-08,0.06800000369548798,0.07199999690055847,0.06800000369548798,0.07199999690055847,0.07199999690055847,18455000
2005-02-14,0.07500000298023224,0.07500000298023224,0.07100000232458115,0.07199999690055847,0.07199999690055847,13987500
2005-02-15,0.07199999690055847,0.0729999989271164,0.07000000029802322,0.07000000029802322,0.07000000029802322,13720000
2005-02-16,0.07000000029802322,0.0820000022649765,0.07000000029802322,0.07400000095367432,0.07400000095367432,80902500
2005-02-17,0.07699999958276749,0.08399999886751175,0.07599999755620956,0.07699999958276749,0.07699999958276749,271740000
2005-02-18,0.07699999958276749,0.07699999958276749,0.07500000298023224,0.07599999755620956,0.07599999755620956,21461000
2005-02-21,0.07699999958276749,0.07699999958276749,0.07000000029802322,0.0729999989271164,0.0729999989271164,186150000
2005-02-22,0.0729999989271164,0.07599999755620956,0.07199999690055847,0.07199999690055847,0.07199999690055847,18500000
2005-02-23,0.07000000029802322,0.07100000232458115,0.0689999982714653,0.0689999982714653,0.0689999982714653,22365000
2005-02-24,0.07100000232458115,0.07100000232458115,0.06800000369548798,0.06800000369548798,0.06800000369548798,13373000
2005-02-25,0.07000000029802322,0.07000000029802322,0.06800000369548798,0.06800000369548798,0.06800000369548798,23340000
2005-02-28,0.0689999982714653,0.07000000029802322,0.06800000369548798,0.07000000029802322,0.07000000029802322,6240000
2005-03-01,0.07000000029802322,0.07000000029802322,0.06800000369548798,0.06800000369548798,0.06800000369548798,6550000
2005-03-02,0.0689999982714653,0.0689999982714653,0.06400000303983688,0.06400000303983688,0.06400000303983688,24740000
2005-03-03,0.06300000101327896,0.06599999964237213,0.06300000101327896,0.06599999964237213,0.06599999964237213,3800000
2005-03-04,0.06700000166893005,0.06700000166893005,0.06300000101327896,0.06400000303983688,0.06400000303983688,8360000
2005-03-07,0.06400000303983688,0.0689999982714653,0.06400000303983688,0.06599999964237213,0.06599999964237213,32780000
2005-03-08,0.06700000166893005,0.06800000369548798,0.06599999964237213,0.06599999964237213,0.06599999964237213,42880000
2005-03-09,0.06599999964237213,0.06599999964237213,0.06499999761581421,0.06499999761581421,0.06499999761581421,5990000
2005-03-10,0.06400000303983688,0.06499999761581421,0.06300000101327896,0.06300000101327896,0.06300000101327896,7920000
2005-03-11,0.06300000101327896,0.06499999761581421,0.06199999898672104,0.06499999761581421,0.06499999761581421,6122500
2005-03-14,0.06300000101327896,0.06300000101327896,0.06300000101327896,0.06300000101327896,0.06300000101327896,4030000
2005-03-15,0.06300000101327896,0.06400000303983688,0.06199999898672104,0.06199999898672104,0.06199999898672104,2691100
2005-03-16,0.06199999898672104,0.06199999898672104,0.05999999865889549,0.06199999898672104,0.06199999898672104,13740000
2005-03-17,0.06199999898672104,0.06199999898672104,0.05999999865889549,0.06199999898672104,0.06199999898672104,3060000
2005-03-18,0.05999999865889549,0.06199999898672104,0.05999999865889549,0.061000000685453415,0.061000000685453415,1860000
2005-03-21,0.06199999898672104,0.06400000303983688,0.05999999865889549,0.06199999898672104,0.06199999898672104,15040000
2005-03-22,0.05999999865889549,0.05999999865889549,0.05700000002980232,0.057999998331069946,0.057999998331069946,17920000
2005-03-23,0.05400000140070915,0.06599999964237213,0.05400000140070915,0.06300000101327896,0.06300000101327896,85620000
2005-03-24,0.061000000685453415,0.061000000685453415,0.054999999701976776,0.0560000017285347,0.0560000017285347,70302500
2005-03-29,0.0560000017285347,0.0560000017285347,0.04800000041723251,0.05000000074505806,0.05000000074505806,111590000
2005-03-30,0.04699999839067459,0.05000000074505806,0.04399999976158142,0.04600000008940697,0.04600000008940697,103640000
2005-03-31,0.04600000008940697,0.04600000008940697,0.035999998450279236,0.03799999877810478,0.03799999877810478,314344500
2005-04-01,0.035999998450279236,0.04100000113248825,0.035999998450279236,0.03700000047683716,0.03700000047683716,192090000
2005-04-04,0.03700000047683716,0.03700000047683716,0.03400000184774399,0.03400000184774399,0.03400000184774399,98040000
2005-04-06,0.03400000184774399,0.03500000014901161,0.032999999821186066,0.03500000014901161,0.03500000014901161,37440000
2005-04-07,0.03500000014901161,0.035999998450279236,0.03400000184774399,0.03500000014901161,0.03500000014901161,41880000
2005-04-08,0.03500000014901161,0.03999999910593033,0.03500000014901161,0.03799999877810478,0.03799999877810478,81306000
2005-04-11,0.03799999877810478,0.04100000113248825,0.03700000047683716,0.03799999877810478,0.03799999877810478,102982500
2005-04-12,0.03799999877810478,0.039000000804662704,0.032999999821186066,0.03400000184774399,0.03400000184774399,110540000
2005-04-13,0.03400000184774399,0.03700000047683716,0.032999999821186066,0.03400000184774399,0.03400000184774399,93720000
2005-04-14,0.03400000184774399,0.03500000014901161,0.03200000151991844,0.032999999821186066,0.032999999821186066,107543000
2005-04-15,0.032999999821186066,0.032999999821186066,0.029999999329447746,0.032999999821186066,0.032999999821186066,97100000
2005-04-18,0.032999999821186066,0.032999999821186066,0.03099999949336052,0.032999999821186066,0.032999999821186066,26180000
2005-04-19,0.032999999821186066,0.035999998450279236,0.029999999329447746,0.029999999329447746,0.029999999329447746,159180000
2005-04-20,0.03099999949336052,0.03099999949336052,0.02800000086426735,0.028999999165534973,0.028999999165534973,68680000
2005-04-21,0.028999999165534973,0.028999999165534973,0.02800000086426735,0.028999999165534973,0.028999999165534973,27000000
2005-04-22,0.028999999165534973,0.028999999165534973,0.02800000086426735,0.028999999165534973,0.028999999165534973,17080000
2005-04-25,0.028999999165534973,0.028999999165534973,0.02800000086426735,0.028999999165534973,0.028999999165534973,12200000
2005-04-26,0.02800000086426735,0.028999999165534973,0.02800000086426735,0.02800000086426735,0.02800000086426735,10940000
2005-04-27,0.02800000086426735,0.028999999165534973,0.02800000086426735,0.02800000086426735,0.02800000086426735,16927000
2005-04-28,0.02800000086426735,0.03200000151991844,0.02800000086426735,0.029999999329447746,0.029999999329447746,31900000
2005-04-29,0.029999999329447746,0.03099999949336052,0.028999999165534973,0.03099999949336052,0.03099999949336052,14740000
2005-05-03,0.03099999949336052,0.03099999949336052,0.029999999329447746,0.03099999949336052,0.03099999949336052,20680000
2005-05-04,0.029999999329447746,0.032999999821186066,0.029999999329447746,0.029999999329447746,0.029999999329447746,58600000
2005-05-05,0.029999999329447746,0.03099999949336052,0.029999999329447746,0.03099999949336052,0.03099999949336052,8615000
2005-05-06,0.029999999329447746,0.032999999821186066,0.029999999329447746,0.03099999949336052,0.03099999949336052,7300000
2005-05-09,0.029999999329447746,0.03099999949336052,0.029999999329447746,0.029999999329447746,0.029999999329447746,1620000
2005-05-10,0.029999999329447746,0.03099999949336052,0.029999999329447746,0.03099999949336052,0.03099999949336052,6180000
2005-05-11,0.029999999329447746,0.03099999949336052,0.028999999165534973,0.03099999949336052,0.03099999949336052,12235000
2005-05-12,0.028999999165534973,0.03099999949336052,0.028999999165534973,0.03099999949336052,0.03099999949336052,2205000
2005-05-13,0.03099999949336052,0.029999999329447746,0.028999999165534973,0.028999999165534973,0.028999999165534973,2940000
2005-05-17,0.029999999329447746,0.03099999949336052,0.029999999329447746,0.029999999329447746,0.029999999329447746,11730000
2005-05-18,0.029999999329447746,0.029999999329447746,0.029999999329447746,0.029999999329447746,0.029999999329447746,5680000
2005-05-19,0.029999999329447746,0.029999999329447746,0.029999999329447746,0.029999999329447746,0.029999999329447746,4260000
2005-05-20,0.029999999329447746,0.029999999329447746,0.028999999165534973,0.028999999165534973,0.028999999165534973,2100000
2005-05-23,0.028999999165534973,0.03200000151991844,0.028999999165534973,0.03200000151991844,0.03200000151991844,24465000
2005-05-24,0.029999999329447746,0.03200000151991844,0.029999999329447746,0.03200000151991844,0.03200000151991844,16280000
2005-05-25,0.03099999949336052,0.0430000014603138,0.03099999949336052,0.03400000184774399,0.03400000184774399,522360000
2005-05-26,0.03400000184774399,0.03400000184774399,0.03099999949336052,0.03099999949336052,0.03099999949336052,128660000
2005-05-27,0.03200000151991844,0.03200000151991844,0.03099999949336052,0.03099999949336052,0.03099999949336052,34100000
2005-05-30,0.032999999821186066,0.032999999821186066,0.03099999949336052,0.03200000151991844,0.03200000151991844,17460000
2005-05-31,0.03200000151991844,0.032999999821186066,0.03099999949336052,0.032999999821186066,0.032999999821186066,24220000
2005-06-01,0.03200000151991844,0.03200000151991844,0.029999999329447746,0.03099999949336052,0.03099999949336052,13300000
2005-06-02,0.029999999329447746,0.03099999949336052,0.028999999165534973,0.03099999949336052,0.03099999949336052,15380000
2005-06-03,0.03099999949336052,0.03500000014901161,0.03099999949336052,0.03400000184774399,0.03400000184774399,44200000
2005-06-06,0.03500000014901161,0.03500000014901161,0.03200000151991844,0.032999999821186066,0.032999999821186066,14840000
2005-06-07,0.03200000151991844,0.032999999821186066,0.03200000151991844,0.03200000151991844,0.03200000151991844,10900000
2005-06-08,0.03200000151991844,0.032999999821186066,0.03099999949336052,0.03200000151991844,0.03200000151991844,15160000
2005-06-09,0.03200000151991844,0.03200000151991844,0.03099999949336052,0.03099999949336052,0.03099999949336052,33720000
2005-06-10,0.03099999949336052,0.03099999949336052,0.028999999165534973,0.03099999949336052,0.03099999949336052,64927500
2005-06-13,0.029999999329447746,0.029999999329447746,0.028999999165534973,0.029999999329447746,0.029999999329447746,12302500
2005-06-14,0.028999999165534973,0.029999999329447746,0.027000000700354576,0.02800000086426735,0.02800000086426735,61240000
2005-06-15,0.027000000700354576,0.02800000086426735,0.023000000044703484,0.02500000037252903,0.02500000037252903,82460000
2005-06-16,0.02500000037252903,0.02500000037252903,0.023000000044703484,0.02500000037252903,0.02500000037252903,19160000
2005-06-17,0.024000000208616257,0.026000000536441803,0.024000000208616257,0.02500000037252903,0.02500000037252903,18565000
2005-06-20,0.026000000536441803,0.02800000086426735,0.026000000536441803,0.02800000086426735,0.02800000086426735,35485000
2005-06-21,0.02800000086426735,0.028999999165534973,0.027000000700354576,0.027000000700354576,0.027000000700354576,11844500
2005-06-22,0.027000000700354576,0.027000000700354576,0.027000000700354576,0.027000000700354576,0.027000000700354576,7100000
2005-06-23,0.027000000700354576,0.027000000700354576,0.027000000700354576,0.027000000700354576,0.027000000700354576,10780000
2005-06-24,0.027000000700354576,0.027000000700354576,0.02500000037252903,0.026000000536441803,0.026000000536441803,10170000
2005-06-27,0.02500000037252903,0.027000000700354576,0.02500000037252903,0.027000000700354576,0.027000000700354576,2311000
2005-06-28,0.02800000086426735,0.02800000086426735,0.027000000700354576,0.027000000700354576,0.027000000700354576,4147500
2005-06-29,0.027000000700354576,0.03099999949336052,0.026000000536441803,0.028999999165534973,0.028999999165534973,50825000
2005-06-30,0.028999999165534973,0.028999999165534973,0.02800000086426735,0.028999999165534973,0.028999999165534973,15760000
2005-07-04,0.028999999165534973,0.03400000184774399,0.02800000086426735,0.029999999329447746,0.029999999329447746,209520000
2005-07-05,0.029999999329447746,0.029999999329447746,0.02500000037252903,0.027000000700354576,0.027000000700354576,66180000
2005-07-06,0.02800000086426735,0.03099999949336052,0.023000000044703484,0.02500000037252903,0.02500000037252903,269565000
2005-07-07,0.02500000037252903,0.027000000700354576,0.02500000037252903,0.02500000037252903,0.02500000037252903,55560000
2005-07-08,0.026000000536441803,0.026000000536441803,0.024000000208616257,0.024000000208616257,0.024000000208616257,80860000
2005-07-11,0.02500000037252903,0.029999999329447746,0.02500000037252903,0.02800000086426735,0.02800000086426735,103470000
2005-07-12,0.02800000086426735,0.029999999329447746,0.02800000086426735,0.02800000086426735,0.02800000086426735,17010000
2005-07-13,0.02800000086426735,0.028999999165534973,0.026000000536441803,0.026000000536441803,0.026000000536441803,3870000
2005-07-14,0.027000000700354576,0.029999999329447746,0.026000000536441803,0.02800000086426735,0.02800000086426735,17740000
2005-07-15,0.02800000086426735,0.028999999165534973,0.026000000536441803,0.026000000536441803,0.026000000536441803,7140000
2005-07-18,0.02800000086426735,0.028999999165534973,0.02800000086426735,0.02800000086426735,0.02800000086426735,7900000
2005-07-19,0.028999999165534973,0.028999999165534973,0.02800000086426735,0.02800000086426735,0.02800000086426735,6530000
2005-07-20,0.028999999165534973,0.029999999329447746,0.028999999165534973,0.028999999165534973,0.028999999165534973,23600000
2005-07-21,0.028999999165534973,0.028999999165534973,0.02800000086426735,0.02800000086426735,0.02800000086426735,10300000
2005-07-22,0.028999999165534973,0.028999999165534973,0.02800000086426735,0.028999999165534973,0.028999999165534973,24160000
2005-07-25,0.028999999165534973,0.029999999329447746,0.028999999165534973,0.029999999329447746,0.029999999329447746,15465000
2005-07-26,0.028999999165534973,0.028999999165534973,0.028999999165534973,0.028999999165534973,0.028999999165534973,1600000
2005-07-27,0.028999999165534973,0.029999999329447746,0.028999999165534973,0.029999999329447746,0.029999999329447746,17040000
2005-07-28,0.029999999329447746,0.029999999329447746,0.02800000086426735,0.028999999165534973,0.028999999165534973,24100000
2005-07-29,0.02800000086426735,0.02800000086426735,0.02800000086426735,0.02800000086426735,0.02800000086426735,2080000
2005-08-01,0.028999999165534973,0.032999999821186066,0.028999999165534973,0.03099999949336052,0.03099999949336052,248800000
2005-08-02,0.03099999949336052,0.03200000151991844,0.029999999329447746,0.03099999949336052,0.03099999949336052,804690000
2005-08-03,0.03200000151991844,0.03400000184774399,0.03200000151991844,0.03200000151991844,0.03200000151991844,27590000
2005-08-04,0.032999999821186066,0.03500000014901161,0.032999999821186066,0.03400000184774399,0.03400000184774399,35220000
2005-08-05,0.03400000184774399,0.03700000047683716,0.03400000184774399,0.03500000014901161,0.03500000014901161,77940000
2005-08-08,0.03500000014901161,0.03700000047683716,0.032999999821186066,0.035999998450279236,0.035999998450279236,32520000
2005-08-09,0.03700000047683716,0.0430000014603138,0.03700000047683716,0.039000000804662704,0.039000000804662704,204360000
2005-08-10,0.03999999910593033,0.03999999910593033,0.035999998450279236,0.03700000047683716,0.03700000047683716,47920000
2005-08-11,0.03799999877810478,0.03799999877810478,0.035999998450279236,0.035999998450279236,0.035999998450279236,23330000
2005-08-12,0.03700000047683716,0.03700000047683716,0.03400000184774399,0.035999998450279236,0.035999998450279236,25375000
2005-08-15,0.035999998450279236,0.035999998450279236,0.03200000151991844,0.032999999821186066,0.032999999821186066,31710000
2005-08-16,0.032999999821186066,0.03500000014901161,0.032999999821186066,0.03400000184774399,0.03400000184774399,24670000
2005-08-17,0.03500000014901161,0.03500000014901161,0.03400000184774399,0.03400000184774399,0.03400000184774399,16120000
2005-08-18,0.03500000014901161,0.035999998450279236,0.03400000184774399,0.03500000014901161,0.03500000014901161,32520000
2005-08-19,0.03500000014901161,0.035999998450279236,0.03500000014901161,0.03500000014901161,0.03500000014901161,13602000
2005-08-22,0.03500000014901161,0.03500000014901161,0.03500000014901161,0.03500000014901161,0.03500000014901161,6105000
2005-08-23,0.03500000014901161,0.03500000014901161,0.032999999821186066,0.032999999821186066,0.032999999821186066,4920000
2005-08-24,0.035999998450279236,0.035999998450279236,0.03400000184774399,0.03400000184774399,0.03400000184774399,5880000
2005-08-25,0.032999999821186066,0.03500000014901161,0.032999999821186066,0.03400000184774399,0.03400000184774399,4180000
2005-08-26,0.032999999821186066,0.03500000014901161,0.032999999821186066,0.03400000184774399,0.03400000184774399,5100000
2005-08-29,0.03400000184774399,0.03400000184774399,0.032999999821186066,0.032999999821186066,0.032999999821186066,5280000
2005-08-30,0.03400000184774399,0.03400000184774399,0.03200000151991844,0.032999999821186066,0.032999999821186066,11978000
2005-08-31,0.03400000184774399,0.03400000184774399,0.03200000151991844,0.032999999821186066,0.032999999821186066,7970000
2005-09-01,0.032999999821186066,0.03500000014901161,0.032999999821186066,0.03500000014901161,0.03500000014901161,15240000
2005-09-02,0.03400000184774399,0.04699999839067459,0.03400000184774399,0.04100000113248825,0.04100000113248825,401040000
2005-09-05,0.03999999910593033,0.0430000014603138,0.039000000804662704,0.039000000804662704,0.039000000804662704,38660000
2005-09-06,0.03999999910593033,0.04500000178813934,0.039000000804662704,0.03999999910593033,0.03999999910593033,100555000
2005-09-07,0.041999999433755875,0.041999999433755875,0.03700000047683716,0.039000000804662704,0.039000000804662704,208380000
2005-09-08,0.03999999910593033,0.03999999910593033,0.039000000804662704,0.039000000804662704,0.039000000804662704,8100000
2005-09-09,0.039000000804662704,0.03999999910593033,0.039000000804662704,0.039000000804662704,0.039000000804662704,5562000
2005-09-12,0.039000000804662704,0.04100000113248825,0.03799999877810478,0.04100000113248825,0.04100000113248825,21886000
2005-09-13,0.04100000113248825,0.041999999433755875,0.03999999910593033,0.04100000113248825,0.04100000113248825,42900000
2005-09-14,0.0430000014603138,0.0430000014603138,0.03999999910593033,0.04100000113248825,0.04100000113248825,9360000
2005-09-15,0.041999999433755875,0.041999999433755875,0.04100000113248825,0.041999999433755875,0.041999999433755875,14160000
2005-09-16,0.041999999433755875,0.041999999433755875,0.03999999910593033,0.04100000113248825,0.04100000113248825,31410000
2005-09-20,0.03999999910593033,0.04100000113248825,0.039000000804662704,0.03999999910593033,0.03999999910593033,28242000
2005-09-21,0.041999999433755875,0.0430000014603138,0.03999999910593033,0.03999999910593033,0.03999999910593033,18620000
2005-09-22,0.03999999910593033,0.03999999910593033,0.03799999877810478,0.03799999877810478,0.03799999877810478,20180000
2005-09-23,0.03799999877810478,0.03799999877810478,0.03700000047683716,0.03700000047683716,0.03700000047683716,15300000
2005-09-26,0.03700000047683716,0.03700000047683716,0.03500000014901161,0.035999998450279236,0.035999998450279236,23120000
2005-09-27,0.035999998450279236,0.03999999910593033,0.035999998450279236,0.03999999910593033,0.03999999910593033,117810100
2005-09-28,0.03999999910593033,0.04100000113248825,0.035999998450279236,0.03700000047683716,0.03700000047683716,39620000
2005-09-29,0.035999998450279236,0.03799999877810478,0.035999998450279236,0.035999998450279236,0.035999998450279236,16260000
2005-09-30,0.03500000014901161,0.035999998450279236,0.03400000184774399,0.03500000014901161,0.03500000014901161,18100000
2005-10-03,0.03400000184774399,0.03400000184774399,0.03400000184774399,0.03400000184774399,0.03400000184774399,2500000
2005-10-04,0.03400000184774399,0.03500000014901161,0.03400000184774399,0.03500000014901161,0.03500000014901161,3060000
2005-10-05,0.03400000184774399,0.03400000184774399,0.03400000184774399,0.03400000184774399,0.03400000184774399,1960000
2005-10-06,0.03400000184774399,0.03400000184774399,0.03400000184774399,0.03400000184774399,0.03400000184774399,3300000
2005-10-07,0.032999999821186066,0.03400000184774399,0.03200000151991844,0.032999999821186066,0.032999999821186066,37120000
2005-10-10,0.032999999821186066,0.032999999821186066,0.03200000151991844,0.032999999821186066,0.032999999821186066,2600000
2005-10-12,0.032999999821186066,0.032999999821186066,0.029999999329447746,0.03099999949336052,0.03099999949336052,59060000
2005-10-13,0.03099999949336052,0.03500000014901161,0.03099999949336052,0.03200000151991844,0.03200000151991844,46200000
2005-10-14,0.03200000151991844,0.032999999821186066,0.029999999329447746,0.029999999329447746,0.029999999329447746,22260
2005-10-17,0.03099999949336052,0.03099999949336052,0.03099999949336052,0.03099999949336052,0.03099999949336052,1880000
2005-10-18,0.03099999949336052,0.03099999949336052,0.029999999329447746,0.029999999329447746,0.029999999329447746,9025000
2005-10-19,0.028999999165534973,0.03200000151991844,0.02800000086426735,0.028999999165534973,0.028999999165534973,44200000
2005-10-20,0.028999999165534973,0.028999999165534973,0.028999999165534973,0.028999999165534973,0.028999999165534973,0
2005-10-21,0.028999999165534973,0.028999999165534973,0.028999999165534973,0.028999999165534973,0.028999999165534973,400000
2005-10-24,0.02800000086426735,0.02800000086426735,0.027000000700354576,0.027000000700354576,0.027000000700354576,28200000
2005-10-25,0.02800000086426735,0.028999999165534973,0.02800000086426735,0.028999999165534973,0.028999999165534973,3660000
2005-10-26,0.028999999165534973,0.028999999165534973,0.02800000086426735,0.028999999165534973,0.028999999165534973,2860000
2005-10-27,0.02800000086426735,0.02800000086426735,0.02800000086426735,0.02800000086426735,0.02800000086426735,1980000
2005-10-28,0.027000000700354576,0.02800000086426735,0.027000000700354576,0.027000000700354576,0.027000000700354576,15500000
2005-10-31,0.027000000700354576,0.027000000700354576,0.027000000700354576,0.027000000700354576,0.027000000700354576,305000
2005-11-01,0.02800000086426735,0.028999999165534973,0.027000000700354576,0.02800000086426735,0.02800000086426735,4780000
2005-11-02,0.027000000700354576,0.027000000700354576,0.027000000700354576,0.027000000700354576,0.027000000700354576,1180000
2005-11-03,0.02800000086426735,0.02800000086426735,0.02800000086426735,0.02800000086426735,0.02800000086426735,1000000
2005-11-04,0.028999999165534973,0.029999999329447746,0.028999999165534973,0.028999999165534973,0.028999999165534973,3300000
2005-11-07,0.02800000086426735,0.028999999165534973,0.02800000086426735,0.02800000086426735,0.02800000086426735,7340000
2005-11-08,0.02800000086426735,0.029999999329447746,0.02800000086426735,0.028999999165534973,0.028999999165534973,5620000
2005-11-09,0.029999999329447746,0.03200000151991844,0.029999999329447746,0.03099999949336052,0.03099999949336052,52620000
2005-11-10,0.03200000151991844,0.03400000184774399,0.03099999949336052,0.03200000151991844,0.03200000151991844,25405000
2005-11-11,0.032999999821186066,0.032999999821186066,0.03099999949336052,0.03099999949336052,0.03099999949336052,4820000
2005-11-14,0.029999999329447746,0.029999999329447746,0.029999999329447746,0.029999999329447746,0.029999999329447746,0
2005-11-15,0.028999999165534973,0.028999999165534973,0.028999999165534973,0.028999999165534973,0.028999999165534973,900000
2005-11-16,0.028999999165534973,0.028999999165534973,0.028999999165534973,0.028999999165534973,0.028999999165534973,2200000
2005-11-17,0.028999999165534973,0.028999999165534973,0.028999999165534973,0.028999999165534973,0.028999999165534973,1580000
2005-11-18,0.028999999165534973,0.029999999329447746,0.028999999165534973,0.029999999329447746,0.029999999329447746,10745000
2005-11-21,0.028999999165534973,0.028999999165534973,0.028999999165534973,0.028999999165534973,0.028999999165534973,6700000
2005-11-22,0.028999999165534973,0.029999999329447746,0.02800000086426735,0.02800000086426735,0.02800000086426735,8755000
2005-11-23,0.02800000086426735,0.028999999165534973,0.02800000086426735,0.028999999165534973,0.028999999165534973,3800000
2005-11-24,0.028999999165534973,0.032999999821186066,0.028999999165534973,0.03099999949336052,0.03099999949336052,40840000
2005-11-25,0.03099999949336052,0.03200000151991844,0.029999999329447746,0.03200000151991844,0.03200000151991844,9560000
2005-11-28,0.03099999949336052,0.03099999949336052,0.03099999949336052,0.03099999949336052,0.03099999949336052,8900000
2005-11-29,0.03099999949336052,0.03500000014901161,0.03099999949336052,0.03400000184774399,0.03400000184774399,55140000
2005-11-30,0.03400000184774399,0.03400000184774399,0.03099999949336052,0.03099999949336052,0.03099999949336052,57740000
2005-12-01,0.03099999949336052,0.03200000151991844,0.029999999329447746,0.029999999329447746,0.029999999329447746,23200000
2005-12-02,0.029999999329447746,0.029999999329447746,0.028999999165534973,0.029999999329447746,0.029999999329447746,1540000
2005-12-05,0.029999999329447746,0.029999999329447746,0.02800000086426735,0.02800000086426735,0.02800000086426735,18460
2005-12-06,0.028999999165534973,0.028999999165534973,0.02800000086426735,0.028999999165534973,0.028999999165534973,5700
2005-12-07,0.028999999165534973,0.028999999165534973,0.02800000086426735,0.028999999165534973,0.028999999165534973,3800000
2005-12-08,0.028999999165534973,0.029999999329447746,0.02800000086426735,0.029999999329447746,0.029999999329447746,3505000
2005-12-09,0.028999999165534973,0.028999999165534973,0.02800000086426735,0.02800000086426735,0.02800000086426735,9795000
2005-12-12,0.028999999165534973,0.028999999165534973,0.02800000086426735,0.02800000086426735,0.02800000086426735,4420000
2005-12-13,0.02800000086426735,0.02800000086426735,0.02800000086426735,0.02800000086426735,0.02800000086426735,9840000
2005-12-14,0.02800000086426735,0.02800000086426735,0.02800000086426735,0.02800000086426735,0.02800000086426735,2300000
2005-12-15,0.02800000086426735,0.028999999165534973,0.02800000086426735,0.02800000086426735,0.02800000086426735,5305000
2005-12-16,0.02800000086426735,0.02800000086426735,0.027000000700354576,0.027000000700354576,0.027000000700354576,5005000
2005-12-19,0.027000000700354576,0.027000000700354576,0.027000000700354576,0.027000000700354576,0.027000000700354576,716000
2005-12-20,0.027000000700354576,0.027000000700354576,0.026000000536441803,0.026000000536441803,0.026000000536441803,6340000
2005-12-21,0.026000000536441803,0.028999999165534973,0.02500000037252903,0.02500000037252903,0.02500000037252903,31160000
2005-12-22,0.02500000037252903,0.026000000536441803,0.023000000044703484,0.023000000044703484,0.023000000044703484,58500000
2005-12-23,0.023000000044703484,0.024000000208616257,0.023000000044703484,0.023000000044703484,0.023000000044703484,7420
2005-12-28,0.023000000044703484,0.023000000044703484,0.023000000044703484,0.023000000044703484,0.023000000044703484,0
2005-12-29,0.023000000044703484,0.023000000044703484,0.023000000044703484,0.023000000044703484,0.023000000044703484,0
2005-12-30,0.023000000044703484,0.023000000044703484,0.023000000044703484,0.023000000044703484,0.023000000044703484,0
2006-01-03,0.026000000536441803,0.026000000536441803,0.024000000208616257,0.024000000208616257,0.024000000208616257,13931300
2006-01-04,0.026000000536441803,0.027000000700354576,0.024000000208616257,0.02500000037252903,0.02500000037252903,19995000
2006-01-05,0.026000000536441803,0.026000000536441803,0.024000000208616257,0.024000000208616257,0.024000000208616257,12550000
2006-01-06,0.024000000208616257,0.026000000536441803,0.024000000208616257,0.024000000208616257,0.024000000208616257,32700000
2006-01-09,0.024000000208616257,0.02500000037252903,0.023000000044703484,0.024000000208616257,0.024000000208616257,57840000
2006-01-10,0.023000000044703484,0.024000000208616257,0.023000000044703484,0.024000000208616257,0.024000000208616257,8200000
2006-01-11,0.023000000044703484,0.024000000208616257,0.023000000044703484,0.023000000044703484,0.023000000044703484,2260000
2006-01-12,0.023000000044703484,0.024000000208616257,0.02199999988079071,0.02199999988079071,0.02199999988079071,9540000
2006-01-13,0.023000000044703484,0.023000000044703484,0.023000000044703484,0.023000000044703484,0.023000000044703484,3300000
2006-01-16,0.02199999988079071,0.023000000044703484,0.02199999988079071,0.023000000044703484,0.023000000044703484,300000
2006-01-17,0.02199999988079071,0.023000000044703484,0.02199999988079071,0.023000000044703484,0.023000000044703484,4140000
2006-01-18,0.02199999988079071,0.023000000044703484,0.02199999988079071,0.023000000044703484,0.023000000044703484,8280
2006-01-19,0.020999999716877937,0.023000000044703484,0.020999999716877937,0.023000000044703484,0.023000000044703484,9680000
2006-01-20,0.020999999716877937,0.023000000044703484,0.020999999716877937,0.023000000044703484,0.023000000044703484,19020000
2006-01-23,0.02199999988079071,0.023000000044703484,0.02199999988079071,0.023000000044703484,0.023000000044703484,4418000
2006-01-24,0.02199999988079071,0.023000000044703484,0.02199999988079071,0.023000000044703484,0.023000000044703484,2201000
2006-01-25,0.02199999988079071,0.023000000044703484,0.02199999988079071,0.023000000044703484,0.023000000044703484,1410000
2006-01-26,0.023000000044703484,0.023000000044703484,0.023000000044703484,0.023000000044703484,0.023000000044703484,1200000
2006-01-27,0.023000000044703484,0.02199999988079071,0.020999999716877937,0.02199999988079071,0.02199999988079071,5480000
2006-02-01,0.02199999988079071,0.02199999988079071,0.020999999716877937,0.020999999716877937,0.020999999716877937,5746500
2006-02-02,0.020999999716877937,0.02199999988079071,0.020999999716877937,0.02199999988079071,0.02199999988079071,1400000
2006-02-03,0.02199999988079071,0.02199999988079071,0.02199999988079071,0.02199999988079071,0.02199999988079071,800000
2006-02-06,0.02199999988079071,0.023000000044703484,0.02199999988079071,0.023000000044703484,0.023000000044703484,7120000
2006-02-07,0.02199999988079071,0.023000000044703484,0.02199999988079071,0.023000000044703484,0.023000000044703484,930000
2006-02-08,0.023000000044703484,0.027000000700354576,0.023000000044703484,0.027000000700354576,0.027000000700354576,41590000
2006-02-09,0.02800000086426735,0.02800000086426735,0.02500000037252903,0.026000000536441803,0.026000000536441803,20908
2006-02-10,0.02500000037252903,0.02500000037252903,0.023000000044703484,0.024000000208616257,0.024000000208616257,8350000
2006-02-13,0.024000000208616257,0.024000000208616257,0.024000000208616257,0.024000000208616257,0.024000000208616257,1520000
2006-02-14,0.024000000208616257,0.02500000037252903,0.024000000208616257,0.02500000037252903,0.02500000037252903,3680000
2006-02-15,0.02500000037252903,0.02500000037252903,0.024000000208616257,0.02500000037252903,0.02500000037252903,9880000
2006-02-16,0.02500000037252903,0.026000000536441803,0.024000000208616257,0.02500000037252903,0.02500000037252903,8530000
2006-02-17,0.024000000208616257,0.024000000208616257,0.024000000208616257,0.024000000208616257,0.024000000208616257,7200000
2006-02-20,0.02500000037252903,0.026000000536441803,0.02500000037252903,0.026000000536441803,0.026000000536441803,7060000
2006-02-21,0.024000000208616257,0.026000000536441803,0.024000000208616257,0.026000000536441803,0.026000000536441803,2240000
2006-02-22,0.024000000208616257,0.024000000208616257,0.024000000208616257,0.024000000208616257,0.024000000208616257,600000
2006-02-23,0.026000000536441803,0.026000000536441803,0.02500000037252903,0.026000000536441803,0.026000000536441803,6580000
2006-02-24,0.02500000037252903,0.026000000536441803,0.02500000037252903,0.026000000536441803,0.026000000536441803,3040000
2006-02-27,0.02500000037252903,0.02500000037252903,0.024000000208616257,0.024000000208616257,0.024000000208616257,2100000
2006-02-28,0.024000000208616257,0.02500000037252903,0.024000000208616257,0.02500000037252903,0.02500000037252903,6760000
2006-03-01,0.024000000208616257,0.024000000208616257,0.024000000208616257,0.024000000208616257,0.024000000208616257,13150000
2006-03-02,0.026000000536441803,0.026000000536441803,0.02500000037252903,0.02500000037252903,0.02500000037252903,7540000
2006-03-03,0.026000000536441803,0.026000000536441803,0.024000000208616257,0.02500000037252903,0.02500000037252903,10340000
2006-03-06,0.02500000037252903,0.026000000536441803,0.024000000208616257,0.026000000536441803,0.026000000536441803,10480000
2006-03-07,0.026000000536441803,0.029999999329447746,0.026000000536441803,0.02800000086426735,0.02800000086426735,85217
2006-03-08,0.028999999165534973,0.03099999949336052,0.026000000536441803,0.02800000086426735,0.02800000086426735,31180000
2006-03-09,0.02800000086426735,0.02800000086426735,0.026000000536441803,0.027000000700354576,0.027000000700354576,9040000
2006-03-10,0.027000000700354576,0.027000000700354576,0.027000000700354576,0.027000000700354576,0.027000000700354576,3300000
2006-03-13,0.027000000700354576,0.027000000700354576,0.027000000700354576,0.027000000700354576,0.027000000700354576,1812000
2006-03-14,0.026000000536441803,0.026000000536441803,0.026000000536441803,0.026000000536441803,0.026000000536441803,5600000
2006-03-15,0.026000000536441803,0.027000000700354576,0.026000000536441803,0.027000000700354576,0.027000000700354576,240000
2006-03-16,0.026000000536441803,0.026000000536441803,0.026000000536441803,0.026000000536441803,0.026000000536441803,1910000
2006-03-17,0.026000000536441803,0.027000000700354576,0.026000000536441803,0.027000000700354576,0.027000000700354576,3000000
2006-03-20,0.026000000536441803,0.027000000700354576,0.026000000536441803,0.027000000700354576,0.027000000700354576,3440000
2006-03-21,0.027000000700354576,0.027000000700354576,0.026000000536441803,0.026000000536441803,0.026000000536441803,2860000
2006-03-22,0.027000000700354576,0.02800000086426735,0.026000000536441803,0.027000000700354576,0.027000000700354576,13600
2006-03-23,0.026000000536441803,0.03099999949336052,0.026000000536441803,0.029999999329447746,0.029999999329447746,60200000
2006-03-24,0.029999999329447746,0.029999999329447746,0.027000000700354576,0.027000000700354576,0.027000000700354576,21040000
2006-03-27,0.02800000086426735,0.03400000184774399,0.02800000086426735,0.03400000184774399,0.03400000184774399,82070000
2006-03-28,0.035999998450279236,0.03700000047683716,0.032999999821186066,0.032999999821186066,0.032999999821186066,104600000
2006-03-29,0.03400000184774399,0.03400000184774399,0.03099999949336052,0.03200000151991844,0.03200000151991844,22740000
2006-03-30,0.03099999949336052,0.03400000184774399,0.03099999949336052,0.03200000151991844,0.03200000151991844,23320000
2006-03-31,0.03200000151991844,0.032999999821186066,0.029999999329447746,0.029999999329447746,0.029999999329447746,15200000
2006-04-03,0.029999999329447746,0.032999999821186066,0.029999999329447746,0.032999999821186066,0.032999999821186066,3406000
2006-04-04,0.032999999821186066,0.032999999821186066,0.03200000151991844,0.03200000151991844,0.03200000151991844,10360000
2006-04-06,0.032999999821186066,0.03400000184774399,0.03200000151991844,0.03200000151991844,0.03200000151991844,11040000
2006-04-07,0.03200000151991844,0.04100000113248825,0.03099999949336052,0.03999999910593033,0.03999999910593033,141700
2006-04-10,0.04100000113248825,0.06400000303983688,0.03999999910593033,0.06300000101327896,0.06300000101327896,734778500
2006-04-11,0.06300000101327896,0.0729999989271164,0.052000001072883606,0.05400000140070915,0.05400000140070915,369459500
2006-04-12,0.05400000140070915,0.05900000035762787,0.052000001072883606,0.05700000002980232,0.05700000002980232,95923500
2006-04-13,0.05700000002980232,0.061000000685453415,0.050999999046325684,0.054999999701976776,0.054999999701976776,311850000
2006-04-18,0.05700000002980232,0.06700000166893005,0.05700000002980232,0.061000000685453415,0.061000000685453415,409335000
2006-04-19,0.06300000101327896,0.06599999964237213,0.057999998331069946,0.05900000035762787,0.05900000035762787,92980000
2006-04-20,0.05900000035762787,0.05999999865889549,0.052000001072883606,0.05400000140070915,0.05400000140070915,108630000
2006-04-21,0.052000001072883606,0.0560000017285347,0.050999999046325684,0.054999999701976776,0.054999999701976776,22365000
2006-04-24,0.05299999937415123,0.057999998331069946,0.052000001072883606,0.05299999937415123,0.05299999937415123,19108000
2006-04-25,0.052000001072883606,0.052000001072883606,0.04500000178813934,0.04600000008940697,0.04600000008940697,60523500
2006-04-26,0.04600000008940697,0.050999999046325684,0.04500000178813934,0.05000000074505806,0.05000000074505806,22280000
2006-04-27,0.05000000074505806,0.05299999937415123,0.04899999871850014,0.05000000074505806,0.05000000074505806,77220000
2006-04-28,0.04899999871850014,0.04899999871850014,0.0430000014603138,0.04399999976158142,0.04399999976158142,158300000
2006-05-02,0.04500000178813934,0.04699999839067459,0.04100000113248825,0.04600000008940697,0.04600000008940697,26712
2006-05-03,0.04600000008940697,0.04699999839067459,0.04399999976158142,0.04500000178813934,0.04500000178813934,16030
2006-05-04,0.04500000178813934,0.04800000041723251,0.04399999976158142,0.04500000178813934,0.04500000178813934,21375000
2006-05-08,0.04500000178813934,0.04899999871850014,0.04500000178813934,0.04899999871850014,0.04899999871850014,11442500
2006-05-09,0.04800000041723251,0.04800000041723251,0.04500000178813934,0.04699999839067459,0.04699999839067459,13423000
2006-05-10,0.04500000178813934,0.04600000008940697,0.04399999976158142,0.04600000008940697,0.04600000008940697,9100000
2006-05-11,0.04699999839067459,0.04800000041723251,0.04600000008940697,0.04699999839067459,0.04699999839067459,6245000
2006-05-12,0.04800000041723251,0.04800000041723251,0.0430000014603138,0.04500000178813934,0.04500000178813934,12145000
2006-05-15,0.04500000178813934,0.04500000178813934,0.04500000178813934,0.04500000178813934,0.04500000178813934,0
2006-05-16,0.04500000178813934,0.04500000178813934,0.04500000178813934,0.04500000178813934,0.04500000178813934,0
2006-05-17,0.04500000178813934,0.04500000178813934,0.04500000178813934,0.04500000178813934,0.04500000178813934,0
2006-05-18,0.04800000041723251,0.06300000101327896,0.04800000041723251,0.06199999898672104,0.06199999898672104,162725000
2006-05-19,0.06300000101327896,0.06400000303983688,0.054999999701976776,0.057999998331069946,0.057999998331069946,228180000
2006-05-22,0.05700000002980232,0.061000000685453415,0.050999999046325684,0.052000001072883606,0.052000001072883606,165927
2006-05-23,0.05000000074505806,0.050999999046325684,0.04600000008940697,0.04800000041723251,0.04800000041723251,40240000
2006-05-24,0.05000000074505806,0.05700000002980232,0.04899999871850014,0.05299999937415123,0.05299999937415123,52820000
2006-05-25,0.05400000140070915,0.054999999701976776,0.050999999046325684,0.05400000140070915,0.05400000140070915,9280000
2006-05-26,0.05400000140070915,0.0560000017285347,0.05400000140070915,0.05400000140070915,0.05400000140070915,37385000
2006-05-29,0.05400000140070915,0.054999999701976776,0.052000001072883606,0.052000001072883606,0.052000001072883606,18210000
2006-05-30,0.052000001072883606,0.05000000074505806,0.04899999871850014,0.05000000074505806,0.05000000074505806,3802700
2006-06-01,0.04699999839067459,0.04899999871850014,0.04699999839067459,0.04899999871850014,0.04899999871850014,1245000
2006-06-02,0.04600000008940697,0.05000000074505806,0.04600000008940697,0.05000000074505806,0.05000000074505806,5040000
2006-06-05,0.052000001072883606,0.05700000002980232,0.05000000074505806,0.0560000017285347,0.0560000017285347,66897500
2006-06-06,0.054999999701976776,0.0560000017285347,0.050999999046325684,0.05299999937415123,0.05299999937415123,20600000
2006-06-07,0.052000001072883606,0.05299999937415123,0.052000001072883606,0.05299999937415123,0.05299999937415123,32100000
2006-06-08,0.05299999937415123,0.054999999701976776,0.050999999046325684,0.05299999937415123,0.05299999937415123,35460000
2006-06-09,0.05299999937415123,0.05299999937415123,0.05299999937415123,0.05299999937415123,0.05299999937415123,0
2006-06-12,0.05299999937415123,0.05299999937415123,0.05299999937415123,0.05299999937415123,0.05299999937415123,0
2006-06-13,0.05400000140070915,0.05999999865889549,0.05299999937415123,0.05299999937415123,0.05299999937415123,164460000
2006-06-14,0.05299999937415123,0.06300000101327896,0.050999999046325684,0.05900000035762787,0.05900000035762787,70480000
2006-06-15,0.05999999865889549,0.061000000685453415,0.054999999701976776,0.054999999701976776,0.054999999701976776,86330000
2006-06-16,0.05700000002980232,0.05700000002980232,0.05299999937415123,0.05400000140070915,0.05400000140070915,26379000
2006-06-19,0.05299999937415123,0.05700000002980232,0.05299999937415123,0.054999999701976776,0.054999999701976776,78775000
2006-06-20,0.054999999701976776,0.054999999701976776,0.05299999937415123,0.054999999701976776,0.054999999701976776,6461000
2006-06-21,0.05299999937415123,0.05299999937415123,0.05000000074505806,0.05000000074505806,0.05000000074505806,24202500
2006-06-22,0.05000000074505806,0.05000000074505806,0.029999999329447746,0.03099999949336052,0.03099999949336052,616800000
2006-06-23,0.03099999949336052,0.03200000151991844,0.028999999165534973,0.029999999329447746,0.029999999329447746,141766000
2006-06-26,0.029999999329447746,0.032999999821186066,0.023000000044703484,0.023000000044703484,0.023000000044703484,495308
2006-06-27,0.02199999988079071,0.024000000208616257,0.01899999938905239,0.02199999988079071,0.02199999988079071,737002500
2006-06-28,0.020999999716877937,0.023000000044703484,0.019999999552965164,0.020999999716877937,0.020999999716877937,93581000
2006-06-29,0.02199999988079071,0.023000000044703484,0.020999999716877937,0.02199999988079071,0.02199999988079071,115000000
2006-06-30,0.02199999988079071,0.023000000044703484,0.02199999988079071,0.02199999988079071,0.02199999988079071,90040000
2006-07-03,0.02199999988079071,0.023000000044703484,0.020999999716877937,0.02199999988079071,0.02199999988079071,58990000
2006-07-04,0.020999999716877937,0.02199999988079071,0.020999999716877937,0.02199999988079071,0.02199999988079071,20780000
2006-07-05,0.02199999988079071,0.02199999988079071,0.019999999552965164,0.02199999988079071,0.02199999988079071,26185000
2006-07-06,0.02199999988079071,0.02199999988079071,0.019999999552965164,0.02199999988079071,0.02199999988079071,11180000
2006-07-07,0.02199999988079071,0.02500000037252903,0.02199999988079071,0.023000000044703484,0.023000000044703484,200720
2006-07-10,0.023000000044703484,0.024000000208616257,0.02199999988079071,0.023000000044703484,0.023000000044703484,27572000
2006-07-11,0.023000000044703484,0.023000000044703484,0.02199999988079071,0.023000000044703484,0.023000000044703484,8660
2006-07-12,0.023000000044703484,0.023000000044703484,0.02199999988079071,0.023000000044703484,0.023000000044703484,11940
2006-07-13,0.023000000044703484,0.023000000044703484,0.020999999716877937,0.02199999988079071,0.02199999988079071,59240000
2006-07-14,0.020999999716877937,0.02199999988079071,0.020999999716877937,0.020999999716877937,0.020999999716877937,12185
2006-07-17,0.020999999716877937,0.02199999988079071,0.020999999716877937,0.02199999988079071,0.02199999988079071,31140000
2006-07-18,0.02199999988079071,0.02199999988079071,0.020999999716877937,0.020999999716877937,0.020999999716877937,11780000
2006-07-19,0.020999999716877937,0.020999999716877937,0.019999999552965164,0.020999999716877937,0.020999999716877937,31200000
2006-07-20,0.020999999716877937,0.02199999988079071,0.020999999716877937,0.02199999988079071,0.02199999988079071,36240000
2006-07-21,0.02199999988079071,0.02199999988079071,0.020999999716877937,0.02199999988079071,0.02199999988079071,23780000
2006-07-24,0.020999999716877937,0.020999999716877937,0.019999999552965164,0.020999999716877937,0.020999999716877937,27060000
2006-07-25,0.020999999716877937,0.020999999716877937,0.019999999552965164,0.020999999716877937,0.020999999716877937,17740000
2006-07-26,0.019999999552965164,0.020999999716877937,0.019999999552965164,0.019999999552965164,0.019999999552965164,56305000
2006-07-27,0.019999999552965164,0.019999999552965164,0.01899999938905239,0.019999999552965164,0.019999999552965164,16360000
2006-07-28,0.019999999552965164,0.020999999716877937,0.01899999938905239,0.019999999552965164,0.019999999552965164,28140000
2006-07-31,0.019999999552965164,0.019999999552965164,0.019999999552965164,0.019999999552965164,0.019999999552965164,2215
2006-08-01,0.019999999552965164,0.020999999716877937,0.01899999938905239,0.020999999716877937,0.020999999716877937,4100000
2006-08-02,0.019999999552965164,0.020999999716877937,0.019999999552965164,0.019999999552965164,0.019999999552965164,3340000
2006-08-03,0.019999999552965164,0.019999999552965164,0.01899999938905239,0.019999999552965164,0.019999999552965164,6092500
2006-08-04,0.019999999552965164,0.020999999716877937,0.019999999552965164,0.019999999552965164,0.019999999552965164,3525000
2006-08-07,0.019999999552965164,0.019999999552965164,0.01899999938905239,0.01899999938905239,0.01899999938905239,6305
2006-08-08,0.01899999938905239,0.019999999552965164,0.01899999938905239,0.019999999552965164,0.019999999552965164,12560000
2006-08-09,0.019999999552965164,0.019999999552965164,0.01899999938905239,0.019999999552965164,0.019999999552965164,7900000
2006-08-10,0.019999999552965164,0.020999999716877937,0.01899999938905239,0.020999999716877937,0.020999999716877937,16520000
2006-08-11,0.019999999552965164,0.020999999716877937,0.019999999552965164,0.019999999552965164,0.019999999552965164,23340
2006-08-14,0.020999999716877937,0.020999999716877937,0.019999999552965164,0.019999999552965164,0.019999999552965164,18650000
2006-08-15,0.019999999552965164,0.019999999552965164,0.019999999552965164,0.019999999552965164,0.019999999552965164,17260000
2006-08-16,0.020999999716877937,0.020999999716877937,0.019999999552965164,0.020999999716877937,0.020999999716877937,21325000
2006-08-17,0.019999999552965164,0.019999999552965164,0.01899999938905239,0.019999999552965164,0.019999999552965164,3860000
2006-08-18,0.019999999552965164,0.019999999552965164,0.01899999938905239,0.019999999552965164,0.019999999552965164,1140000
2006-08-21,0.01899999938905239,0.019999999552965164,0.01899999938905239,0.019999999552965164,0.019999999552965164,20365000
2006-08-22,0.019999999552965164,0.019999999552965164,0.01899999938905239,0.019999999552965164,0.019999999552965164,3260000
2006-08-23,0.019999999552965164,0.019999999552965164,0.01899999938905239,0.01899999938905239,0.01899999938905239,11400000
2006-08-24,0.019999999552965164,0.019999999552965164,0.01899999938905239,0.01899999938905239,0.01899999938905239,4506
2006-08-25,0.019999999552965164,0.019999999552965164,0.01899999938905239,0.01899999938905239,0.01899999938905239,30280000
2006-08-28,0.01899999938905239,0.019999999552965164,0.01899999938905239,0.01899999938905239,0.01899999938905239,1820000
2006-08-29,0.01899999938905239,0.019999999552965164,0.01899999938905239,0.01899999938905239,0.01899999938905239,9760
2006-08-30,0.01899999938905239,0.01899999938905239,0.01899999938905239,0.01899999938905239,0.01899999938905239,9640000
2006-08-31,0.017999999225139618,0.01899999938905239,0.017999999225139618,0.01899999938905239,0.01899999938905239,7617500
2006-09-01,0.01899999938905239,0.01899999938905239,0.01899999938905239,0.01899999938905239,0.01899999938905239,6440000
2006-09-04,0.01899999938905239,0.019999999552965164,0.01899999938905239,0.019999999552965164,0.019999999552965164,9000000
2006-09-05,0.01899999938905239,0.01899999938905239,0.01899999938905239,0.01899999938905239,0.01899999938905239,600257
2006-09-06,0.01899999938905239,0.019999999552965164,0.01899999938905239,0.019999999552965164,0.019999999552965164,1380000
2006-09-07,0.019999999552965164,0.019999999552965164,0.01899999938905239,0.01899999938905239,0.01899999938905239,1000000
2006-09-08,0.01899999938905239,0.019999999552965164,0.01899999938905239,0.019999999552965164,0.019999999552965164,21870000
2006-09-11,0.019999999552965164,0.019999999552965164,0.017000000923871994,0.01899999938905239,0.01899999938905239,69109000
2006-09-12,0.01899999938905239,0.01899999938905239,0.017999999225139618,0.017999999225139618,0.017999999225139618,4900000
2006-09-13,0.017000000923871994,0.01899999938905239,0.017000000923871994,0.01899999938905239,0.01899999938905239,7120000
2006-09-14,0.017999999225139618,0.01899999938905239,0.017999999225139618,0.01899999938905239,0.01899999938905239,9360000
2006-09-15,0.017999999225139618,0.019999999552965164,0.017999999225139618,0.019999999552965164,0.019999999552965164,44840000
2006-09-18,0.01899999938905239,0.019999999552965164,0.01899999938905239,0.01899999938905239,0.01899999938905239,29280000
2006-09-19,0.01899999938905239,0.02199999988079071,0.01899999938905239,0.02199999988079071,0.02199999988079071,60680000
2006-09-20,0.020999999716877937,0.024000000208616257,0.020999999716877937,0.02199999988079071,0.02199999988079071,158027000
2006-09-21,0.023000000044703484,0.024000000208616257,0.02199999988079071,0.02199999988079071,0.02199999988079071,45610000
2006-09-22,0.023000000044703484,0.023000000044703484,0.020999999716877937,0.02199999988079071,0.02199999988079071,44890000
2006-09-25,0.02199999988079071,0.02199999988079071,0.020999999716877937,0.020999999716877937,0.020999999716877937,5020000
2006-09-26,0.02199999988079071,0.02199999988079071,0.020999999716877937,0.020999999716877937,0.020999999716877937,19620
2006-09-27,0.019999999552965164,0.019999999552965164,0.019999999552965164,0.019999999552965164,0.019999999552965164,10380000
2006-09-28,0.019999999552965164,0.020999999716877937,0.019999999552965164,0.019999999552965164,0.019999999552965164,8600000
2006-09-29,0.019999999552965164,0.020999999716877937,0.020999999716877937,0.020999999716877937,0.020999999716877937,6420000
2006-10-03,0.020999999716877937,0.02199999988079071,0.020999999716877937,0.02199999988079071,0.02199999988079071,4525000
2006-10-04,0.020999999716877937,0.02199999988079071,0.020999999716877937,0.020999999716877937,0.020999999716877937,4207500
2006-10-05,0.019999999552965164,0.02199999988079071,0.019999999552965164,0.020999999716877937,0.020999999716877937,14295000
2006-10-06,0.020999999716877937,0.02199999988079071,0.020999999716877937,0.02199999988079071,0.02199999988079071,5640000
2006-10-09,0.020999999716877937,0.023000000044703484,0.020999999716877937,0.02199999988079071,0.02199999988079071,25759000
2006-10-10,0.02199999988079071,0.02199999988079071,0.020999999716877937,0.02199999988079071,0.02199999988079071,15625000
2006-10-11,0.02199999988079071,0.02199999988079071,0.020999999716877937,0.02199999988079071,0.02199999988079071,8000000
2006-10-12,0.020999999716877937,0.02199999988079071,0.020999999716877937,0.020999999716877937,0.020999999716877937,6440000
2006-10-13,0.02199999988079071,0.02199999988079071,0.020999999716877937,0.02199999988079071,0.02199999988079071,11600000
2006-10-16,0.02199999988079071,0.02199999988079071,0.01899999938905239,0.020999999716877937,0.020999999716877937,82260000
2006-10-17,0.019999999552965164,0.020999999716877937,0.019999999552965164,0.019999999552965164,0.019999999552965164,15640000
2006-10-18,0.019999999552965164,0.020999999716877937,0.019999999552965164,0.020999999716877937,0.020999999716877937,16080000
2006-10-19,0.019999999552965164,0.02500000037252903,0.019999999552965164,0.02500000037252903,0.02500000037252903,78120
2006-10-20,0.024000000208616257,0.02500000037252903,0.023000000044703484,0.023000000044703484,0.023000000044703484,50460000
2006-10-23,0.02199999988079071,0.024000000208616257,0.02199999988079071,0.02199999988079071,0.02199999988079071,9300000
2006-10-24,0.023000000044703484,0.024000000208616257,0.023000000044703484,0.024000000208616257,0.024000000208616257,28920000
2006-10-25,0.024000000208616257,0.02500000037252903,0.023000000044703484,0.023000000044703484,0.023000000044703484,46700000
2006-10-26,0.023000000044703484,0.023000000044703484,0.02199999988079071,0.023000000044703484,0.023000000044703484,7350000
2006-10-27,0.023000000044703484,0.023000000044703484,0.02199999988079071,0.02199999988079071,0.02199999988079071,12355000
2006-10-31,0.02199999988079071,0.023000000044703484,0.02199999988079071,0.023000000044703484,0.023000000044703484,6090000
2006-11-01,0.02199999988079071,0.023000000044703484,0.02199999988079071,0.02199999988079071,0.02199999988079071,1925000
2006-11-02,0.023000000044703484,0.023000000044703484,0.02199999988079071,0.02199999988079071,0.02199999988079071,3800000
2006-11-03,0.02199999988079071,0.023000000044703484,0.02199999988079071,0.023000000044703484,0.023000000044703484,1900000
2006-11-06,0.02199999988079071,0.023000000044703484,0.02199999988079071,0.02199999988079071,0.02199999988079071,9660000
2006-11-07,0.02199999988079071,0.02199999988079071,0.02199999988079071,0.02199999988079071,0.02199999988079071,7160000
2006-11-08,0.02199999988079071,0.02199999988079071,0.02199999988079071,0.02199999988079071,0.02199999988079071,6020000
2006-11-09,0.020999999716877937,0.02199999988079071,0.020999999716877937,0.020999999716877937,0.020999999716877937,18580
2006-11-10,0.020999999716877937,0.023000000044703484,0.020999999716877937,0.02199999988079071,0.02199999988079071,33503000
2006-11-13,0.02199999988079071,0.024000000208616257,0.02199999988079071,0.023000000044703484,0.023000000044703484,39105
2006-11-14,0.024000000208616257,0.02500000037252903,0.023000000044703484,0.023000000044703484,0.023000000044703484,53340000
2006-11-15,0.023000000044703484,0.024000000208616257,0.023000000044703484,0.024000000208616257,0.024000000208616257,19400000
2006-11-16,0.024000000208616257,0.024000000208616257,0.02199999988079071,0.023000000044703484,0.023000000044703484,40042500
2006-11-17,0.023000000044703484,0.023000000044703484,0.02199999988079071,0.023000000044703484,0.023000000044703484,8475000
2006-11-20,0.02199999988079071,0.023000000044703484,0.02199999988079071,0.02199999988079071,0.02199999988079071,11080000
2006-11-21,0.023000000044703484,0.023000000044703484,0.02199999988079071,0.023000000044703484,0.023000000044703484,18680000
2006-11-22,0.023000000044703484,0.024000000208616257,0.023000000044703484,0.023000000044703484,0.023000000044703484,8190000
2006-11-23,0.023000000044703484,0.024000000208616257,0.023000000044703484,0.024000000208616257,0.024000000208616257,27522500
2006-11-24,0.023000000044703484,0.024000000208616257,0.023000000044703484,0.023000000044703484,0.023000000044703484,6800000
2006-11-27,0.023000000044703484,0.024000000208616257,0.023000000044703484,0.023000000044703484,0.023000000044703484,14500
2006-11-28,0.024000000208616257,0.02500000037252903,0.023000000044703484,0.023000000044703484,0.023000000044703484,72220
2006-11-29,0.024000000208616257,0.02500000037252903,0.023000000044703484,0.02500000037252903,0.02500000037252903,102260000
2006-11-30,0.02500000037252903,0.029999999329447746,0.02500000037252903,0.028999999165534973,0.028999999165534973,246980000
2006-12-01,0.029999999329447746,0.03099999949336052,0.02800000086426735,0.028999999165534973,0.028999999165534973,137460000
2006-12-04,0.029999999329447746,0.03099999949336052,0.028999999165534973,0.029999999329447746,0.029999999329447746,36120
2006-12-05,0.03099999949336052,0.03700000047683716,0.029999999329447746,0.032999999821186066,0.032999999821186066,288780000
2006-12-06,0.03400000184774399,0.035999998450279236,0.03200000151991844,0.03200000151991844,0.03200000151991844,94403
2006-12-07,0.032999999821186066,0.032999999821186066,0.028999999165534973,0.029999999329447746,0.029999999329447746,48120000
2006-12-08,0.029999999329447746,0.03400000184774399,0.029999999329447746,0.03400000184774399,0.03400000184774399,106647500
2006-12-11,0.035999998450279236,0.04100000113248825,0.035999998450279236,0.03799999877810478,0.03799999877810478,220860
2006-12-12,0.041999999433755875,0.0430000014603138,0.039000000804662704,0.041999999433755875,0.041999999433755875,129340000
2006-12-13,0.041999999433755875,0.041999999433755875,0.03700000047683716,0.03999999910593033,0.03999999910593033,131680000
2006-12-14,0.03999999910593033,0.04100000113248825,0.039000000804662704,0.03999999910593033,0.03999999910593033,48660000
2006-12-15,0.041999999433755875,0.041999999433755875,0.03799999877810478,0.039000000804662704,0.039000000804662704,33225000
2006-12-18,0.03999999910593033,0.041999999433755875,0.039000000804662704,0.04100000113248825,0.04100000113248825,38861
2006-12-19,0.03999999910593033,0.04100000113248825,0.039000000804662704,0.03999999910593033,0.03999999910593033,33743000
2006-12-20,0.04100000113248825,0.04100000113248825,0.03999999910593033,0.03999999910593033,0.03999999910593033,30401200
2006-12-21,0.03999999910593033,0.04100000113248825,0.039000000804662704,0.03999999910593033,0.03999999910593033,28872500
2006-12-22,0.03999999910593033,0.03999999910593033,0.039000000804662704,0.03999999910593033,0.03999999910593033,31392500
2006-12-27,0.039000000804662704,0.03999999910593033,0.03799999877810478,0.03799999877810478,0.03799999877810478,41390000
2006-12-28,0.03799999877810478,0.03999999910593033,0.03799999877810478,0.03799999877810478,0.03799999877810478,40970000
2006-12-29,0.03999999910593033,0.03999999910593033,0.03799999877810478,0.039000000804662704,0.039000000804662704,34820
2007-01-02,0.039000000804662704,0.03999999910593033,0.03799999877810478,0.03799999877810478,0.03799999877810478,20692300
2007-01-03,0.039000000804662704,0.05000000074505806,0.03799999877810478,0.04399999976158142,0.04399999976158142,244670000
2007-01-04,0.04500000178813934,0.04600000008940697,0.04100000113248825,0.04500000178813934,0.04500000178813934,158660000
2007-01-05,0.0430000014603138,0.04899999871850014,0.0430000014603138,0.04899999871850014,0.04899999871850014,105628500
2007-01-08,0.05000000074505806,0.061000000685453415,0.05000000074505806,0.05999999865889549,0.05999999865889549,285425000
2007-01-09,0.06400000303983688,0.06700000166893005,0.0560000017285347,0.05999999865889549,0.05999999865889549,263287500
2007-01-10,0.061000000685453415,0.061000000685453415,0.057999998331069946,0.05999999865889549,0.05999999865889549,128089000
2007-01-11,0.05999999865889549,0.06199999898672104,0.05700000002980232,0.05700000002980232,0.05700000002980232,65398000
2007-01-12,0.05700000002980232,0.05700000002980232,0.052000001072883606,0.05400000140070915,0.05400000140070915,115928000
2007-01-15,0.054999999701976776,0.06499999761581421,0.04800000041723251,0.054999999701976776,0.054999999701976776,619933
2007-01-16,0.05700000002980232,0.06199999898672104,0.0560000017285347,0.057999998331069946,0.057999998331069946,236280000
2007-01-17,0.05900000035762787,0.05900000035762787,0.054999999701976776,0.054999999701976776,0.054999999701976776,52420000
2007-01-18,0.054999999701976776,0.0560000017285347,0.052000001072883606,0.054999999701976776,0.054999999701976776,70500000
2007-01-19,0.054999999701976776,0.05999999865889549,0.054999999701976776,0.05900000035762787,0.05900000035762787,55020000
2007-01-22,0.061000000685453415,0.061000000685453415,0.057999998331069946,0.05999999865889549,0.05999999865889549,60067000
2007-01-23,0.05999999865889549,0.06400000303983688,0.05999999865889549,0.06300000101327896,0.06300000101327896,437800000
2007-01-24,0.06300000101327896,0.06300000101327896,0.05900000035762787,0.061000000685453415,0.061000000685453415,59109000
2007-01-25,0.06199999898672104,0.06300000101327896,0.061000000685453415,0.061000000685453415,0.061000000685453415,69940400
2007-01-26,0.061000000685453415,0.06800000369548798,0.05999999865889549,0.06400000303983688,0.06400000303983688,243040000
2007-01-29,0.06400000303983688,0.07199999690055847,0.06400000303983688,0.0689999982714653,0.0689999982714653,224210
2007-01-30,0.07199999690055847,0.07199999690055847,0.06599999964237213,0.06700000166893005,0.06700000166893005,114145000
2007-01-31,0.06800000369548798,0.06800000369548798,0.06400000303983688,0.06800000369548798,0.06800000369548798,79101000
2007-02-01,0.07000000029802322,0.07000000029802322,0.06499999761581421,0.06800000369548798,0.06800000369548798,84140000
2007-02-02,0.06800000369548798,0.06800000369548798,0.06599999964237213,0.06599999964237213,0.06599999964237213,104082500
2007-02-05,0.06800000369548798,0.07000000029802322,0.06800000369548798,0.07000000029802322,0.07000000029802322,86296600
2007-02-06,0.07000000029802322,0.07800000160932541,0.07000000029802322,0.07599999755620956,0.07599999755620956,192415000
2007-02-07,0.07699999958276749,0.0949999988079071,0.07599999755620956,0.08699999749660492,0.08699999749660492,263045000
2007-02-08,0.09000000357627869,0.11299999803304672,0.08900000154972076,0.10300000011920929,0.10300000011920929,582280000
2007-02-09,0.1080000028014183,0.11400000005960464,0.10599999874830246,0.11100000143051147,0.11100000143051147,294937500
2007-02-12,0.11299999803304672,0.1469999998807907,0.1120000034570694,0.13099999725818634,0.13099999725818634,321520000
2007-02-13,0.13099999725818634,0.13099999725818634,0.13099999725818634,0.13099999725818634,0.13099999725818634,0
2007-02-14,0.14499999582767487,0.15000000596046448,0.11999999731779099,0.13899999856948853,0.13899999856948853,575767000
2007-02-15,0.14399999380111694,0.14499999582767487,0.13500000536441803,0.1420000046491623,0.1420000046491623,168847500
2007-02-16,0.1420000046491623,0.15800000727176666,0.1420000046491623,0.14800000190734863,0.14800000190734863,230714000
2007-02-21,0.15000000596046448,0.15800000727176666,0.14100000262260437,0.14499999582767487,0.14499999582767487,118190
2007-02-22,0.14499999582767487,0.14900000393390656,0.14000000059604645,0.1420000046491623,0.1420000046491623,55905
2007-02-23,0.14399999380111694,0.1599999964237213,0.14399999380111694,0.15800000727176666,0.15800000727176666,169187500
2007-02-26,0.16200000047683716,0.18000000715255737,0.16099999845027924,0.17900000512599945,0.17900000512599945,210972500
2007-02-27,0.18400000035762787,0.19200000166893005,0.17499999701976776,0.18799999356269836,0.18799999356269836,213443100
2007-02-28,0.16899999976158142,0.19699999690055847,0.1550000011920929,0.19699999690055847,0.19699999690055847,193095500
2007-03-01,0.19599999487400055,0.23199999332427979,0.19499999284744263,0.21699999272823334,0.21699999272823334,359895500
2007-03-02,0.22499999403953552,0.2280000001192093,0.20000000298023224,0.21899999678134918,0.21899999678134918,362498500
2007-03-05,0.20999999344348907,0.20999999344348907,0.14100000262260437,0.15000000596046448,0.15000000596046448,317659000
2007-03-06,0.14800000190734863,0.1940000057220459,0.14800000190734863,0.19099999964237213,0.19099999964237213,181492000
2007-03-07,0.20000000298023224,0.22599999606609344,0.19499999284744263,0.20100000500679016,0.20100000500679016,204569000
2007-03-08,0.20499999821186066,0.21400000154972076,0.1899999976158142,0.19099999964237213,0.19099999964237213,114028500
2007-03-09,0.19200000166893005,0.19900000095367432,0.18199999630451202,0.1860000044107437,0.1860000044107437,62670000
2007-03-12,0.19499999284744263,0.19499999284744263,0.16899999976158142,0.17800000309944153,0.17800000309944153,84280000
2007-03-13,0.17299999296665192,0.1899999976158142,0.17000000178813934,0.18799999356269836,0.18799999356269836,97429500
2007-03-14,0.17499999701976776,0.18700000643730164,0.17000000178813934,0.18299999833106995,0.18299999833106995,32460000
2007-03-15,0.20000000298023224,0.20499999821186066,0.19099999964237213,0.19200000166893005,0.19200000166893005,98309500
2007-03-16,0.18299999833106995,0.20000000298023224,0.18299999833106995,0.1940000057220459,0.1940000057220459,94797500
2007-03-19,0.1899999976158142,0.20999999344348907,0.18199999630451202,0.19599999487400055,0.19599999487400055,128425000
2007-03-20,0.20100000500679016,0.20499999821186066,0.1850000023841858,0.1850000023841858,0.1850000023841858,53860500
2007-03-21,0.1940000057220459,0.2370000034570694,0.18799999356269836,0.23100000619888306,0.23100000619888306,337718
2007-03-22,0.25,0.2750000059604645,0.2409999966621399,0.24799999594688416,0.24799999594688416,508107700
2007-03-23,0.25,0.2849999964237213,0.24699999392032623,0.2849999964237213,0.2849999964237213,242687500
2007-03-26,0.3100000023841858,0.38499999046325684,0.3100000023841858,0.38499999046325684,0.38499999046325684,770308700
2007-03-27,0.375,0.41499999165534973,0.25999999046325684,0.3199999928474426,0.3199999928474426,1200779500
2007-03-28,0.32499998807907104,0.3400000035762787,0.3050000071525574,0.33000001311302185,0.33000001311302185,229037000
2007-03-29,0.33000001311302185,0.35499998927116394,0.3050000071525574,0.3149999976158142,0.3149999976158142,400909000
2007-03-30,0.3199999928474426,0.3400000035762787,0.24799999594688416,0.25999999046325684,0.25999999046325684,578182500
2007-04-02,0.27000001072883606,0.3199999928474426,0.25999999046325684,0.28999999165534973,0.28999999165534973,697376500
2007-04-03,0.29499998688697815,0.3050000071525574,0.2750000059604645,0.28999999165534973,0.28999999165534973,268470000
2007-04-04,0.29499998688697815,0.30000001192092896,0.24899999797344208,0.25999999046325684,0.25999999046325684,350765000
2007-04-10,0.26499998569488525,0.27000001072883606,0.21400000154972076,0.21400000154972076,0.21400000154972076,447289000
2007-04-11,0.2160000056028366,0.23499999940395355,0.21299999952316284,0.2150000035762787,0.2150000035762787,379585300
2007-04-12,0.21299999952316284,0.22200000286102295,0.2029999941587448,0.20999999344348907,0.20999999344348907,220286000
2007-04-13,0.21400000154972076,0.24400000274181366,0.20900000631809235,0.20999999344348907,0.20999999344348907,810300000
2007-04-16,0.22499999403953552,0.2290000021457672,0.2160000056028366,0.22499999403953552,0.22499999403953552,549910000
2007-04-17,0.2280000001192093,0.3100000023841858,0.2280000001192093,0.3050000071525574,0.3050000071525574,2060205000
2007-04-18,0.3100000023841858,0.3400000035762787,0.2849999964237213,0.2849999964237213,0.2849999964237213,1078345000
2007-04-19,0.28999999165534973,0.3199999928474426,0.2800000011920929,0.30000001192092896,0.30000001192092896,654039000
2007-04-20,0.3149999976158142,0.3199999928474426,0.30000001192092896,0.3050000071525574,0.3050000071525574,332489000
2007-04-23,0.3149999976158142,0.32499998807907104,0.2849999964237213,0.28999999165534973,0.28999999165534973,290270000
2007-04-24,0.2849999964237213,0.29499998688697815,0.27000001072883606,0.2750000059604645,0.2750000059604645,154750000
2007-04-25,0.2800000011920929,0.2800000011920929,0.23800000548362732,0.25,0.25,306973500
2007-04-26,0.25999999046325684,0.2849999964237213,0.25,0.27000001072883606,0.27000001072883606,202763500
2007-04-27,0.2800000011920929,0.2849999964237213,0.2750000059604645,0.2800000011920929,0.2800000011920929,133792500
2007-04-30,0.2800000011920929,0.2849999964237213,0.2549999952316284,0.27000001072883606,0.27000001072883606,82687500
2007-05-02,0.26499998569488525,0.30000001192092896,0.26499998569488525,0.2800000011920929,0.2800000011920929,239803000
2007-05-03,0.2800000011920929,0.28999999165534973,0.27000001072883606,0.27000001072883606,0.27000001072883606,74772000
2007-05-04,0.2750000059604645,0.2800000011920929,0.26499998569488525,0.27000001072883606,0.27000001072883606,85355000
2007-05-07,0.27000001072883606,0.2750000059604645,0.26499998569488525,0.27000001072883606,0.27000001072883606,85874000
2007-05-08,0.27000001072883606,0.27000001072883606,0.25999999046325684,0.25999999046325684,0.25999999046325684,48773500
2007-05-09,0.25999999046325684,0.26499998569488525,0.25,0.2549999952316284,0.2549999952316284,68322500
2007-05-10,0.2549999952316284,0.27000001072883606,0.25,0.26499998569488525,0.26499998569488525,119022000
2007-05-11,0.25999999046325684,0.25999999046325684,0.25,0.2549999952316284,0.2549999952316284,74425000
2007-05-14,0.26499998569488525,0.30000001192092896,0.2549999952316284,0.30000001192092896,0.30000001192092896,653405000
2007-05-15,0.3050000071525574,0.3149999976158142,0.2800000011920929,0.28999999165534973,0.28999999165534973,638269500
2007-05-16,0.29499998688697815,0.3199999928474426,0.2849999964237213,0.3149999976158142,0.3149999976158142,493114500
2007-05-17,0.3199999928474426,0.33500000834465027,0.3100000023841858,0.33000001311302185,0.33000001311302185,702689000
2007-05-18,0.33000001311302185,0.33000001311302185,0.3050000071525574,0.3199999928474426,0.3199999928474426,330609000
2007-05-21,0.33000001311302185,0.36000001430511475,0.32499998807907104,0.36000001430511475,0.36000001430511475,1153252000
2007-05-22,0.36000001430511475,0.4050000011920929,0.35499998927116394,0.4000000059604645,0.4000000059604645,1510315696
2007-05-23,0.4050000011920929,0.4050000011920929,0.36000001430511475,0.3799999952316284,0.3799999952316284,999649000
2007-05-25,0.36500000953674316,0.3799999952316284,0.36000001430511475,0.375,0.375,315598500
2007-05-28,0.38499999046325684,0.4000000059604645,0.3799999952316284,0.38999998569488525,0.38999998569488525,606327500
2007-05-29,0.4050000011920929,0.44999998807907104,0.4050000011920929,0.4399999976158142,0.4399999976158142,1652475000
2007-05-30,0.42500001192092896,0.4350000023841858,0.3700000047683716,0.4000000059604645,0.4000000059604645,881261000
2007-05-31,0.4099999964237213,0.42500001192092896,0.4050000011920929,0.41499999165534973,0.41499999165534973,327901000
2007-06-01,0.41999998688697815,0.42500001192092896,0.38999998569488525,0.39500001072883606,0.39500001072883606,269551500
2007-06-04,0.39500001072883606,0.39500001072883606,0.36500000953674316,0.3799999952316284,0.3799999952316284,249865000
2007-06-05,0.3700000047683716,0.375,0.3149999976158142,0.36000001430511475,0.36000001430511475,400265000
2007-06-06,0.36000001430511475,0.38999998569488525,0.35499998927116394,0.375,0.375,222002500
2007-06-07,0.3499999940395355,0.3799999952316284,0.3499999940395355,0.375,0.375,98497500
2007-06-08,0.36000001430511475,0.38499999046325684,0.36000001430511475,0.3799999952316284,0.3799999952316284,149530000
2007-06-11,0.38999998569488525,0.39500001072883606,0.375,0.3799999952316284,0.3799999952316284,244545000
2007-06-12,0.38499999046325684,0.41999998688697815,0.3700000047683716,0.38499999046325684,0.38499999046325684,892050000
2007-06-13,0.38499999046325684,0.4000000059604645,0.38499999046325684,0.38499999046325684,0.38499999046325684,264684500
2007-06-14,0.4000000059604645,0.4000000059604645,0.375,0.38499999046325684,0.38499999046325684,190562500
2007-06-15,0.38499999046325684,0.38499999046325684,0.36000001430511475,0.36500000953674316,0.36500000953674316,193185000
2007-06-18,0.36000001430511475,0.36500000953674316,0.3100000023841858,0.33500000834465027,0.33500000834465027,264939000
2007-06-20,0.33500000834465027,0.35499998927116394,0.33000001311302185,0.3400000035762787,0.3400000035762787,119590000
2007-06-21,0.3449999988079071,0.3499999940395355,0.33500000834465027,0.33500000834465027,0.33500000834465027,77826000
2007-06-22,0.3400000035762787,0.3449999988079071,0.33000001311302185,0.3400000035762787,0.3400000035762787,66220500
2007-06-25,0.3400000035762787,0.3400000035762787,0.3199999928474426,0.33000001311302185,0.33000001311302185,71583000
2007-06-26,0.32499998807907104,0.3449999988079071,0.3199999928474426,0.32499998807907104,0.32499998807907104,98168500
2007-06-27,0.3199999928474426,0.32499998807907104,0.2849999964237213,0.29499998688697815,0.29499998688697815,204256000
2007-06-28,0.30000001192092896,0.32499998807907104,0.30000001192092896,0.3100000023841858,0.3100000023841858,121570000
2007-06-29,0.3149999976158142,0.3199999928474426,0.2849999964237213,0.30000001192092896,0.30000001192092896,81316500
2007-07-03,0.3050000071525574,0.3100000023841858,0.2849999964237213,0.28999999165534973,0.28999999165534973,70150000
2007-07-04,0.28999999165534973,0.28999999165534973,0.25999999046325684,0.2849999964237213,0.2849999964237213,184060000
2007-07-05,0.2800000011920929,0.2800000011920929,0.26499998569488525,0.27000001072883606,0.27000001072883606,73481000
2007-07-06,0.27000001072883606,0.28999999165534973,0.27000001072883606,0.2800000011920929,0.2800000011920929,98525000
2007-07-09,0.28999999165534973,0.3100000023841858,0.28999999165534973,0.30000001192092896,0.30000001192092896,111650000
2007-07-10,0.3100000023841858,0.3100000023841858,0.2849999964237213,0.28999999165534973,0.28999999165534973,69520000
2007-07-11,0.2800000011920929,0.28999999165534973,0.2750000059604645,0.2800000011920929,0.2800000011920929,91640000
2007-07-12,0.2800000011920929,0.2800000011920929,0.27000001072883606,0.27000001072883606,0.27000001072883606,56025300
2007-07-13,0.2750000059604645,0.29499998688697815,0.26499998569488525,0.2800000011920929,0.2800000011920929,94081000
2007-07-16,0.2849999964237213,0.29499998688697815,0.2800000011920929,0.2849999964237213,0.2849999964237213,94682500
2007-07-17,0.28999999165534973,0.3100000023841858,0.2849999964237213,0.30000001192092896,0.30000001192092896,154358360
2007-07-18,0.30000001192092896,0.3199999928474426,0.29499998688697815,0.30000001192092896,0.30000001192092896,136028500
2007-07-19,0.30000001192092896,0.3100000023841858,0.28999999165534973,0.29499998688697815,0.29499998688697815,67235000
2007-07-20,0.30000001192092896,0.3050000071525574,0.29499998688697815,0.30000001192092896,0.30000001192092896,56302500
2007-07-23,0.30000001192092896,0.30000001192092896,0.2849999964237213,0.2849999964237213,0.2849999964237213,58125000
2007-07-24,0.28999999165534973,0.29499998688697815,0.2800000011920929,0.2849999964237213,0.2849999964237213,48065000
2007-07-25,0.2849999964237213,0.30000001192092896,0.2800000011920929,0.29499998688697815,0.29499998688697815,115832500
2007-07-26,0.29499998688697815,0.29499998688697815,0.2849999964237213,0.28999999165534973,0.28999999165534973,57542500
2007-07-27,0.27000001072883606,0.2800000011920929,0.26499998569488525,0.2750000059604645,0.2750000059604645,102820000
2007-07-30,0.27000001072883606,0.2849999964237213,0.26499998569488525,0.2849999964237213,0.2849999964237213,77084000
2007-07-31,0.2849999964237213,0.3100000023841858,0.2750000059604645,0.3050000071525574,0.3050000071525574,241066500
2007-08-01,0.3050000071525574,0.3050000071525574,0.27000001072883606,0.2849999964237213,0.2849999964237213,133230000
2007-08-02,0.28999999165534973,0.3050000071525574,0.2750000059604645,0.2800000011920929,0.2800000011920929,119545000
2007-08-03,0.2849999964237213,0.28999999165534973,0.2750000059604645,0.2800000011920929,0.2800000011920929,63500000
2007-08-06,0.27000001072883606,0.2750000059604645,0.26499998569488525,0.27000001072883606,0.27000001072883606,75495000
2007-08-07,0.27000001072883606,0.2800000011920929,0.20999999344348907,0.23100000619888306,0.23100000619888306,157585000
2007-08-08,0.23399999737739563,0.24500000476837158,0.20200000703334808,0.2280000001192093,0.2280000001192093,96173000
2007-08-09,0.23899999260902405,0.25999999046325684,0.23399999737739563,0.23999999463558197,0.23999999463558197,77870000
2007-08-10,0.20999999344348907,0.23000000417232513,0.20200000703334808,0.22499999403953552,0.22499999403953552,37340000
2007-08-13,0.22499999403953552,0.23100000619888306,0.2199999988079071,0.23000000417232513,0.23000000417232513,46712500
2007-08-14,0.23199999332427979,0.2460000067949295,0.2290000021457672,0.24300000071525574,0.24300000071525574,44600000
2007-08-15,0.22699999809265137,0.2409999966621399,0.22699999809265137,0.23000000417232513,0.23000000417232513,27680000
2007-08-16,0.2150000035762787,0.22499999403953552,0.20100000500679016,0.2070000022649765,0.2070000022649765,57745000
2007-08-17,0.19200000166893005,0.20800000429153442,0.12999999523162842,0.1770000010728836,0.1770000010728836,71610000
2007-08-20,0.1850000023841858,0.1979999989271164,0.1850000023841858,0.19099999964237213,0.19099999964237213,48160000
2007-08-21,0.2029999941587448,0.21199999749660492,0.20000000298023224,0.20100000500679016,0.20100000500679016,42405000
2007-08-22,0.20100000500679016,0.20900000631809235,0.20000000298023224,0.20499999821186066,0.20499999821186066,22270396
2007-08-23,0.20999999344348907,0.2160000056028366,0.20600000023841858,0.21199999749660492,0.21199999749660492,43950000
2007-08-24,0.21299999952316284,0.24500000476837158,0.20800000429153442,0.24199999868869781,0.24199999868869781,79805000
2007-08-27,0.25,0.2750000059604645,0.25,0.25999999046325684,0.25999999046325684,79085000
2007-08-28,0.2750000059604645,0.2750000059604645,0.24199999868869781,0.2460000067949295,0.2460000067949295,45350000
2007-08-29,0.22100000083446503,0.2549999952316284,0.2199999988079071,0.24899999797344208,0.24899999797344208,50850000
2007-08-30,0.2549999952316284,0.27000001072883606,0.25,0.2549999952316284,0.2549999952316284,90202500
2007-08-31,0.2549999952316284,0.26499998569488525,0.25,0.25,0.25,57590000
2007-09-03,0.25,0.25,0.23999999463558197,0.24899999797344208,0.24899999797344208,55180000
2007-09-04,0.24799999594688416,0.2549999952316284,0.24500000476837158,0.24500000476837158,0.24500000476837158,37680000
2007-09-05,0.24500000476837158,0.25,0.23800000548362732,0.23999999463558197,0.23999999463558197,33665000
2007-09-06,0.23800000548362732,0.23999999463558197,0.23499999940395355,0.23800000548362732,0.23800000548362732,20656000
2007-09-07,0.23999999463558197,0.2460000067949295,0.23800000548362732,0.23999999463558197,0.23999999463558197,30382000
2007-09-10,0.23999999463558197,0.24899999797344208,0.23000000417232513,0.24500000476837158,0.24500000476837158,28890000
2007-09-11,0.2460000067949295,0.2549999952316284,0.24199999868869781,0.24500000476837158,0.24500000476837158,27976000
2007-09-12,0.2460000067949295,0.2549999952316284,0.24500000476837158,0.24699999392032623,0.24699999392032623,26601000
2007-09-13,0.2460000067949295,0.24699999392032623,0.23499999940395355,0.23999999463558197,0.23999999463558197,20380000
2007-09-14,0.23999999463558197,0.23999999463558197,0.2329999953508377,0.23499999940395355,0.23499999940395355,26542500
2007-09-17,0.23399999737739563,0.23899999260902405,0.23399999737739563,0.23600000143051147,0.23600000143051147,16862500
2007-09-18,0.2329999953508377,0.24699999392032623,0.2329999953508377,0.23899999260902405,0.23899999260902405,40405000
2007-09-19,0.24199999868869781,0.24799999594688416,0.23600000143051147,0.2370000034570694,0.2370000034570694,23242500
2007-09-20,0.23800000548362732,0.23999999463558197,0.23000000417232513,0.2329999953508377,0.2329999953508377,25339000
2007-09-21,0.2370000034570694,0.2370000034570694,0.22499999403953552,0.23100000619888306,0.23100000619888306,36645000
2007-09-24,0.2280000001192093,0.2280000001192093,0.20200000703334808,0.2199999988079071,0.2199999988079071,44755000
2007-09-25,0.22200000286102295,0.23600000143051147,0.21400000154972076,0.2150000035762787,0.2150000035762787,50710000
2007-09-27,0.20000000298023224,0.2290000021457672,0.20000000298023224,0.21299999952316284,0.21299999952316284,25947000
2007-09-28,0.21299999952316284,0.2150000035762787,0.20499999821186066,0.20900000631809235,0.20900000631809235,30920000
2007-10-02,0.21899999678134918,0.21899999678134918,0.2029999941587448,0.20499999821186066,0.20499999821186066,43540000
2007-10-03,0.20399999618530273,0.20999999344348907,0.1899999976158142,0.19200000166893005,0.19200000166893005,37987500
2007-10-04,0.19200000166893005,0.19200000166893005,0.18000000715255737,0.1889999955892563,0.1889999955892563,28112000
2007-10-05,0.1899999976158142,0.21400000154972076,0.1889999955892563,0.21299999952316284,0.21299999952316284,67095000
2007-10-08,0.2199999988079071,0.22599999606609344,0.20499999821186066,0.20800000429153442,0.20800000429153442,37760000
2007-10-09,0.20200000703334808,0.20999999344348907,0.20000000298023224,0.20900000631809235,0.20900000631809235,26360000
2007-10-10,0.20900000631809235,0.20900000631809235,0.20499999821186066,0.20900000631809235,0.20900000631809235,22000000
2007-10-11,0.20499999821186066,0.210999995470047,0.2029999941587448,0.20399999618530273,0.20399999618530273,26465000
2007-10-12,0.19499999284744263,0.20499999821186066,0.19499999284744263,0.19900000095367432,0.19900000095367432,32406500
2007-10-15,0.20000000298023224,0.20000000298023224,0.1889999955892563,0.1889999955892563,0.1889999955892563,30262500
2007-10-16,0.1860000044107437,0.19200000166893005,0.1850000023841858,0.1860000044107437,0.1860000044107437,30181000
2007-10-17,0.1809999942779541,0.1889999955892563,0.1809999942779541,0.18799999356269836,0.18799999356269836,20780000
2007-10-18,0.19300000369548798,0.19300000369548798,0.1860000044107437,0.1899999976158142,0.1899999976158142,23862500
2007-10-22,0.18400000035762787,0.19300000369548798,0.17499999701976776,0.18400000035762787,0.18400000035762787,33402500
2007-10-23,0.18799999356269836,0.1899999976158142,0.18400000035762787,0.18400000035762787,0.18400000035762787,21176000
2007-10-24,0.18000000715255737,0.1850000023841858,0.17599999904632568,0.1850000023841858,0.1850000023841858,24124000
2007-10-25,0.1899999976158142,0.22499999403953552,0.1809999942779541,0.21299999952316284,0.21299999952316284,146291000
2007-10-26,0.22200000286102295,0.22499999403953552,0.21400000154972076,0.21400000154972076,0.21400000154972076,77035000
2007-10-29,0.2150000035762787,0.2199999988079071,0.20399999618530273,0.2070000022649765,0.2070000022649765,28404000
2007-10-30,0.20999999344348907,0.21299999952316284,0.19599999487400055,0.19900000095367432,0.19900000095367432,27712500
2007-10-31,0.20200000703334808,0.2070000022649765,0.19699999690055847,0.19699999690055847,0.19699999690055847,26202100
2007-11-01,0.20200000703334808,0.20999999344348907,0.19499999284744263,0.20000000298023224,0.20000000298023224,31630000
2007-11-02,0.20000000298023224,0.20200000703334808,0.1940000057220459,0.19699999690055847,0.19699999690055847,19370000
2007-11-05,0.19499999284744263,0.20600000023841858,0.19200000166893005,0.19699999690055847,0.19699999690055847,27260000
2007-11-06,0.19699999690055847,0.20000000298023224,0.19200000166893005,0.19599999487400055,0.19599999487400055,11280000
2007-11-07,0.20000000298023224,0.20200000703334808,0.19599999487400055,0.1979999989271164,0.1979999989271164,17602500
2007-11-08,0.1979999989271164,0.20100000500679016,0.19300000369548798,0.1940000057220459,0.1940000057220459,30545000
2007-11-09,0.19499999284744263,0.19699999690055847,0.19200000166893005,0.1940000057220459,0.1940000057220459,14700000
2007-11-12,0.19300000369548798,0.19900000095367432,0.1860000044107437,0.19200000166893005,0.19200000166893005,37590000
2007-11-13,0.1899999976158142,0.19099999964237213,0.17100000381469727,0.18700000643730164,0.18700000643730164,36000000
2007-11-14,0.18700000643730164,0.19499999284744263,0.18700000643730164,0.19200000166893005,0.19200000166893005,29980000
2007-11-15,0.1899999976158142,0.19599999487400055,0.1899999976158142,0.19099999964237213,0.19099999964237213,9570000
2007-11-16,0.1889999955892563,0.1889999955892563,0.18000000715255737,0.18199999630451202,0.18199999630451202,12825000
2007-11-19,0.18000000715255737,0.1850000023841858,0.17299999296665192,0.18000000715255737,0.18000000715255737,22505000
2007-11-20,0.17499999701976776,0.18000000715255737,0.1720000058412552,0.17599999904632568,0.17599999904632568,16600000
2007-11-21,0.1770000010728836,0.19499999284744263,0.1770000010728836,0.17800000309944153,0.17800000309944153,28631096
2007-11-22,0.17100000381469727,0.1860000044107437,0.17100000381469727,0.17100000381469727,0.17100000381469727,15340000
2007-11-23,0.17900000512599945,0.18799999356269836,0.17100000381469727,0.17399999499320984,0.17399999499320984,17940000
2007-11-26,0.1850000023841858,0.1850000023841858,0.16099999845027924,0.16300000250339508,0.16300000250339508,37100000
2007-11-27,0.15800000727176666,0.1720000058412552,0.15000000596046448,0.16099999845027924,0.16099999845027924,105560000
2007-11-28,0.16099999845027924,0.16500000655651093,0.15000000596046448,0.15199999511241913,0.15199999511241913,49710000
2007-11-29,0.1550000011920929,0.15800000727176666,0.14300000667572021,0.14900000393390656,0.14900000393390656,106436496
2007-11-30,0.1469999998807907,0.1469999998807907,0.13199999928474426,0.13500000536441803,0.13500000536441803,82860000
2007-12-03,0.12800000607967377,0.13099999725818634,0.12399999797344208,0.12999999523162842,0.12999999523162842,120640000
2007-12-04,0.12999999523162842,0.12999999523162842,0.12999999523162842,0.12999999523162842,0.12999999523162842,40000
2007-12-05,0.15700000524520874,0.1889999955892563,0.15700000524520874,0.1860000044107437,0.1860000044107437,302592500
2007-12-06,0.1860000044107437,0.20800000429153442,0.1860000044107437,0.20200000703334808,0.20200000703334808,163985000
2007-12-07,0.20600000023841858,0.20600000023841858,0.1850000023841858,0.1860000044107437,0.1860000044107437,67420000
2007-12-10,0.20600000023841858,0.20600000023841858,0.18400000035762787,0.1850000023841858,0.1850000023841858,35640000
2007-12-11,0.1850000023841858,0.1850000023841858,0.17499999701976776,0.17800000309944153,0.17800000309944153,20747500
2007-12-12,0.17299999296665192,0.1770000010728836,0.17100000381469727,0.1770000010728836,0.1770000010728836,16780000
2007-12-13,0.17599999904632568,0.17599999904632568,0.16500000655651093,0.16599999368190765,0.16599999368190765,23925000
2007-12-14,0.16599999368190765,0.16699999570846558,0.16200000047683716,0.164000004529953,0.164000004529953,12130000
2007-12-17,0.17000000178813934,0.17000000178813934,0.16099999845027924,0.16099999845027924,0.16099999845027924,15990000
2007-12-18,0.16099999845027924,0.16099999845027924,0.15000000596046448,0.1550000011920929,0.1550000011920929,14060000
2007-12-19,0.1550000011920929,0.1679999977350235,0.1550000011920929,0.16699999570846558,0.16699999570846558,13340000
2007-12-20,0.1679999977350235,0.1770000010728836,0.1679999977350235,0.17599999904632568,0.17599999904632568,22580000
2007-12-21,0.1770000010728836,0.18299999833106995,0.1770000010728836,0.18199999630451202,0.18199999630451202,26660000
2007-12-24,0.18199999630451202,0.2029999941587448,0.18199999630451202,0.19599999487400055,0.19599999487400055,49610000
2007-12-27,0.18199999630451202,0.20100000500679016,0.18199999630451202,0.19599999487400055,0.19599999487400055,39195000
2007-12-28,0.19900000095367432,0.19900000095367432,0.1860000044107437,0.18799999356269836,0.18799999356269836,11650000
2007-12-31,0.1850000023841858,0.1899999976158142,0.1850000023841858,0.1889999955892563,0.1889999955892563,2520000
2008-01-02,0.1899999976158142,0.1899999976158142,0.18199999630451202,0.18199999630451202,0.18199999630451202,8420000
2008-01-03,0.1599999964237213,0.18000000715255737,0.1599999964237213,0.17900000512599945,0.17900000512599945,4968000
2008-01-04,0.17900000512599945,0.18199999630451202,0.17800000309944153,0.18000000715255737,0.18000000715255737,7340000
2008-01-07,0.1809999942779541,0.19300000369548798,0.17499999701976776,0.18799999356269836,0.18799999356269836,23440000
2008-01-08,0.18400000035762787,0.20499999821186066,0.18400000035762787,0.19499999284744263,0.19499999284744263,42585000
2008-01-09,0.1850000023841858,0.19900000095367432,0.1850000023841858,0.19699999690055847,0.19699999690055847,21260000
2008-01-10,0.19599999487400055,0.19599999487400055,0.19099999964237213,0.19300000369548798,0.19300000369548798,8685000
2008-01-11,0.19200000166893005,0.19900000095367432,0.19200000166893005,0.19599999487400055,0.19599999487400055,11320000
2008-01-14,0.19599999487400055,0.19900000095367432,0.19300000369548798,0.19300000369548798,0.19300000369548798,30240000
2008-01-15,0.1940000057220459,0.1940000057220459,0.18199999630451202,0.19200000166893005,0.19200000166893005,13800000
2008-01-16,0.1850000023841858,0.1889999955892563,0.17000000178813934,0.18000000715255737,0.18000000715255737,21638000
2008-01-17,0.18000000715255737,0.18000000715255737,0.17000000178813934,0.17800000309944153,0.17800000309944153,5820000
2008-01-18,0.17800000309944153,0.18299999833106995,0.17000000178813934,0.18299999833106995,0.18299999833106995,11930000
2008-01-21,0.1860000044107437,0.1860000044107437,0.17299999296665192,0.18000000715255737,0.18000000715255737,8000000
2008-01-22,0.17000000178813934,0.18199999630451202,0.15600000321865082,0.1679999977350235,0.1679999977350235,46935000
2008-01-23,0.17000000178813934,0.17900000512599945,0.17000000178813934,0.17599999904632568,0.17599999904632568,24080000
2008-01-24,0.1720000058412552,0.17800000309944153,0.1720000058412552,0.1770000010728836,0.1770000010728836,11460000
2008-01-25,0.17599999904632568,0.1850000023841858,0.17299999296665192,0.18000000715255737,0.18000000715255737,19120000
2008-01-28,0.17900000512599945,0.20200000703334808,0.1720000058412552,0.19499999284744263,0.19499999284744263,73300000
2008-01-29,0.1979999989271164,0.23399999737739563,0.19599999487400055,0.23199999332427979,0.23199999332427979,211525000
2008-01-30,0.23199999332427979,0.23199999332427979,0.23199999332427979,0.23199999332427979,0.23199999332427979,0
2008-01-31,0.23199999332427979,0.23199999332427979,0.23199999332427979,0.23199999332427979,0.23199999332427979,0
2008-02-01,0.23199999332427979,0.23199999332427979,0.23199999332427979,0.23199999332427979,0.23199999332427979,0
2008-02-04,0.23199999332427979,0.23199999332427979,0.23199999332427979,0.23199999332427979,0.23199999332427979,0
2008-02-05,0.23199999332427979,0.23199999332427979,0.23199999332427979,0.23199999332427979,0.23199999332427979,0
2008-02-06,0.23199999332427979,0.23199999332427979,0.23199999332427979,0.23199999332427979,0.23199999332427979,0
2008-02-11,0.23199999332427979,0.23199999332427979,0.23199999332427979,0.23199999332427979,0.23199999332427979,0
2008-02-12,0.23199999332427979,0.23199999332427979,0.23199999332427979,0.23199999332427979,0.23199999332427979,0
2008-02-13,0.23199999332427979,0.23199999332427979,0.23199999332427979,0.23199999332427979,0.23199999332427979,0
2008-02-14,0.23199999332427979,0.23199999332427979,0.23199999332427979,0.23199999332427979,0.23199999332427979,0
2008-02-15,0.23199999332427979,0.23199999332427979,0.23199999332427979,0.23199999332427979,0.23199999332427979,0
2008-02-18,0.23199999332427979,0.23199999332427979,0.23199999332427979,0.23199999332427979,0.23199999332427979,0
2008-02-19,0.23199999332427979,0.23199999332427979,0.23199999332427979,0.23199999332427979,0.23199999332427979,0
2008-02-20,0.23199999332427979,0.23199999332427979,0.23199999332427979,0.23199999332427979,0.23199999332427979,0
2008-02-21,0.23199999332427979,0.23199999332427979,0.23199999332427979,0.23199999332427979,0.23199999332427979,0
2008-02-22,0.23199999332427979,0.23199999332427979,0.23199999332427979,0.23199999332427979,0.23199999332427979,0
2008-02-25,0.23199999332427979,0.23199999332427979,0.23199999332427979,0.23199999332427979,0.23199999332427979,0
2008-02-26,0.23199999332427979,0.23199999332427979,0.23199999332427979,0.23199999332427979,0.23199999332427979,0
2008-02-27,0.23199999332427979,0.23199999332427979,0.23199999332427979,0.23199999332427979,0.23199999332427979,0
2008-02-28,0.23199999332427979,0.23199999332427979,0.23199999332427979,0.23199999332427979,0.23199999332427979,0
2008-02-29,0.23199999332427979,0.23199999332427979,0.23199999332427979,0.23199999332427979,0.23199999332427979,0
2008-03-03,0.23199999332427979,0.23199999332427979,0.23199999332427979,0.23199999332427979,0.23199999332427979,0
2008-03-04,0.23199999332427979,0.23199999332427979,0.23199999332427979,0.23199999332427979,0.23199999332427979,0
2008-03-05,0.23199999332427979,0.23199999332427979,0.23199999332427979,0.23199999332427979,0.23199999332427979,0
2008-03-06,0.23199999332427979,0.23199999332427979,0.23199999332427979,0.23199999332427979,0.23199999332427979,0
2008-03-07,0.2370000034570694,0.23800000548362732,0.20499999821186066,0.23499999940395355,0.23499999940395355,152612000
2008-03-10,0.23499999940395355,0.23499999940395355,0.23499999940395355,0.23499999940395355,0.23499999940395355,0
2008-03-11,0.23000000417232513,0.24500000476837158,0.2199999988079071,0.2409999966621399,0.2409999966621399,150755000
2008-03-12,0.24500000476837158,0.25,0.2240000069141388,0.22499999403953552,0.22499999403953552,52130000
2008-03-13,0.22200000286102295,0.22200000286102295,0.20000000298023224,0.20999999344348907,0.20999999344348907,21700000
2008-03-14,0.20999999344348907,0.21299999952316284,0.19300000369548798,0.19699999690055847,0.19699999690055847,18900000
2008-03-17,0.18000000715255737,0.18000000715255737,0.16899999976158142,0.17000000178813934,0.17000000178813934,16830000
2008-03-18,0.18700000643730164,0.18700000643730164,0.15000000596046448,0.1679999977350235,0.1679999977350235,17055000
2008-03-19,0.1679999977350235,0.18000000715255737,0.1679999977350235,0.1720000058412552,0.1720000058412552,4960000
2008-03-20,0.16500000655651093,0.1679999977350235,0.15000000596046448,0.16099999845027924,0.16099999845027924,3150000
2008-03-25,0.1599999964237213,0.16699999570846558,0.1599999964237213,0.1599999964237213,0.1599999964237213,12780000
2008-03-26,0.16899999976158142,0.16899999976158142,0.15800000727176666,0.1679999977350235,0.1679999977350235,4640000
2008-03-27,0.1599999964237213,0.16599999368190765,0.1599999964237213,0.16200000047683716,0.16200000047683716,5500000
2008-03-28,0.16200000047683716,0.16500000655651093,0.16200000047683716,0.164000004529953,0.164000004529953,4080000
2008-03-31,0.1770000010728836,0.1770000010728836,0.16899999976158142,0.1720000058412552,0.1720000058412552,10440000
2008-04-01,0.17100000381469727,0.17100000381469727,0.16200000047683716,0.16899999976158142,0.16899999976158142,6740000
2008-04-02,0.17000000178813934,0.17499999701976776,0.16899999976158142,0.16899999976158142,0.16899999976158142,11120000
2008-04-03,0.17000000178813934,0.17000000178813934,0.16200000047683716,0.16599999368190765,0.16599999368190765,4020000
2008-04-07,0.17000000178813934,0.17000000178813934,0.164000004529953,0.16500000655651093,0.16500000655651093,1695000
2008-04-08,0.16599999368190765,0.17000000178813934,0.16500000655651093,0.16500000655651093,0.16500000655651093,2680000
2008-04-09,0.17000000178813934,0.17000000178813934,0.16200000047683716,0.16500000655651093,0.16500000655651093,4820000
2008-04-10,0.16300000250339508,0.16899999976158142,0.16200000047683716,0.1679999977350235,0.1679999977350235,14295000
2008-04-11,0.17000000178813934,0.17000000178813934,0.16500000655651093,0.17000000178813934,0.17000000178813934,4040000
2008-04-14,0.17000000178813934,0.17000000178813934,0.16500000655651093,0.16500000655651093,0.16500000655651093,13040000
2008-04-15,0.164000004529953,0.164000004529953,0.16099999845027924,0.16300000250339508,0.16300000250339508,9260000
2008-04-16,0.16500000655651093,0.1679999977350235,0.16200000047683716,0.16200000047683716,0.16200000047683716,8668000
2008-04-17,0.16300000250339508,0.16899999976158142,0.16300000250339508,0.164000004529953,0.164000004529953,4200000
2008-04-18,0.16500000655651093,0.1679999977350235,0.16500000655651093,0.16699999570846558,0.16699999570846558,7650000
2008-04-21,0.1679999977350235,0.16899999976158142,0.16300000250339508,0.16599999368190765,0.16599999368190765,8203400
2008-04-22,0.16300000250339508,0.16899999976158142,0.16300000250339508,0.16599999368190765,0.16599999368190765,12720000
2008-04-23,0.164000004529953,0.16500000655651093,0.16300000250339508,0.164000004529953,0.164000004529953,6865000
2008-04-24,0.164000004529953,0.16699999570846558,0.164000004529953,0.16500000655651093,0.16500000655651093,4562500
2008-04-25,0.16500000655651093,0.17499999701976776,0.16500000655651093,0.17100000381469727,0.17100000381469727,23862000
2008-04-28,0.17100000381469727,0.17299999296665192,0.16500000655651093,0.16599999368190765,0.16599999368190765,8400000
2008-04-29,0.16599999368190765,0.17000000178813934,0.16599999368190765,0.16599999368190765,0.16599999368190765,5005000
2008-04-30,0.17000000178813934,0.17000000178813934,0.164000004529953,0.164000004529953,0.164000004529953,5680000
2008-05-02,0.16599999368190765,0.16699999570846558,0.164000004529953,0.164000004529953,0.164000004529953,3580000
2008-05-05,0.164000004529953,0.17000000178813934,0.16200000047683716,0.17000000178813934,0.17000000178813934,13820000
2008-05-06,0.17000000178813934,0.17499999701976776,0.16500000655651093,0.17399999499320984,0.17399999499320984,30440000
2008-05-07,0.17499999701976776,0.17800000309944153,0.16899999976158142,0.16899999976158142,0.16899999976158142,19945000
2008-05-08,0.17000000178813934,0.1850000023841858,0.1679999977350235,0.1770000010728836,0.1770000010728836,27660000
2008-05-09,0.1770000010728836,0.18700000643730164,0.17599999904632568,0.18400000035762787,0.18400000035762787,51647500
2008-05-13,0.1850000023841858,0.21299999952316284,0.18299999833106995,0.20800000429153442,0.20800000429153442,187166000
2008-05-14,0.20800000429153442,0.2150000035762787,0.19499999284744263,0.19699999690055847,0.19699999690055847,99590000
2008-05-15,0.19900000095367432,0.20600000023841858,0.19300000369548798,0.2029999941587448,0.2029999941587448,37090000
2008-05-16,0.20499999821186066,0.20499999821186066,0.19900000095367432,0.20000000298023224,0.20000000298023224,15202600
2008-05-19,0.19699999690055847,0.19900000095367432,0.1850000023841858,0.19200000166893005,0.19200000166893005,17740000
2008-05-20,0.1899999976158142,0.1899999976158142,0.17900000512599945,0.1809999942779541,0.1809999942779541,20360000
2008-05-21,0.17800000309944153,0.18000000715255737,0.17399999499320984,0.17800000309944153,0.17800000309944153,18460000
2008-05-22,0.1770000010728836,0.1809999942779541,0.17399999499320984,0.1770000010728836,0.1770000010728836,26180000
2008-05-23,0.17900000512599945,0.18000000715255737,0.1720000058412552,0.17399999499320984,0.17399999499320984,37844000
2008-05-26,0.17800000309944153,0.1850000023841858,0.17399999499320984,0.17399999499320984,0.17399999499320984,147500000
2008-05-27,0.17399999499320984,0.17399999499320984,0.17399999499320984,0.17399999499320984,0.17399999499320984,0
2008-05-28,0.1850000023841858,0.21199999749660492,0.18199999630451202,0.19300000369548798,0.19300000369548798,161320000
2008-05-29,0.19300000369548798,0.19900000095367432,0.18299999833106995,0.18799999356269836,0.18799999356269836,44620000
2008-05-30,0.1899999976158142,0.1899999976158142,0.18400000035762787,0.1850000023841858,0.1850000023841858,21640000
2008-06-02,0.1850000023841858,0.1899999976158142,0.18199999630451202,0.18700000643730164,0.18700000643730164,20440000
2008-06-03,0.18700000643730164,0.1899999976158142,0.18400000035762787,0.1889999955892563,0.1889999955892563,11202000
2008-06-04,0.1889999955892563,0.1889999955892563,0.18299999833106995,0.1850000023841858,0.1850000023841858,27620000
2008-06-05,0.1850000023841858,0.1850000023841858,0.18199999630451202,0.1850000023841858,0.1850000023841858,6900000
2008-06-06,0.1850000023841858,0.18799999356269836,0.18299999833106995,0.18400000035762787,0.18400000035762787,8162500
2008-06-10,0.18299999833106995,0.1899999976158142,0.17599999904632568,0.17900000512599945,0.17900000512599945,20760000
2008-06-11,0.17900000512599945,0.17900000512599945,0.17599999904632568,0.17599999904632568,0.17599999904632568,5880000
2008-06-12,0.17599999904632568,0.17599999904632568,0.1679999977350235,0.17100000381469727,0.17100000381469727,8600000
2008-06-13,0.17100000381469727,0.17100000381469727,0.16699999570846558,0.16699999570846558,0.16699999570846558,6340000
2008-06-16,0.17000000178813934,0.17499999701976776,0.17000000178813934,0.17100000381469727,0.17100000381469727,4020000
2008-06-17,0.17000000178813934,0.1720000058412552,0.16099999845027924,0.16699999570846558,0.16699999570846558,4330000
2008-06-18,0.16500000655651093,0.1720000058412552,0.16500000655651093,0.17000000178813934,0.17000000178813934,2480000
2008-06-19,0.16699999570846558,0.16699999570846558,0.16500000655651093,0.16500000655651093,0.16500000655651093,1941851
2008-06-20,0.16699999570846558,0.1679999977350235,0.164000004529953,0.164000004529953,0.164000004529953,4400000
2008-06-23,0.1599999964237213,0.16899999976158142,0.1599999964237213,0.164000004529953,0.164000004529953,2925000
2008-06-24,0.164000004529953,0.1679999977350235,0.16200000047683716,0.16300000250339508,0.16300000250339508,2820000
2008-06-25,0.16300000250339508,0.16300000250339508,0.16200000047683716,0.16300000250339508,0.16300000250339508,3043000
2008-06-26,0.16300000250339508,0.16300000250339508,0.1599999964237213,0.16099999845027924,0.16099999845027924,4240000
2008-06-27,0.16099999845027924,0.16200000047683716,0.1599999964237213,0.1599999964237213,0.1599999964237213,6680000
2008-06-30,0.1599999964237213,0.16300000250339508,0.1599999964237213,0.1599999964237213,0.1599999964237213,6820000
2008-07-02,0.16200000047683716,0.16300000250339508,0.1599999964237213,0.1599999964237213,0.1599999964237213,8900000
2008-07-03,0.16099999845027924,0.16099999845027924,0.15600000321865082,0.15600000321865082,0.15600000321865082,7300000
2008-07-04,0.1509999930858612,0.1550000011920929,0.14800000190734863,0.15000000596046448,0.15000000596046448,4620000
2008-07-07,0.15000000596046448,0.15000000596046448,0.12800000607967377,0.14399999380111694,0.14399999380111694,6880000
2008-07-08,0.14499999582767487,0.14800000190734863,0.1379999965429306,0.14499999582767487,0.14499999582767487,5683500
2008-07-09,0.14499999582767487,0.15000000596046448,0.14000000059604645,0.15000000596046448,0.15000000596046448,5740000
2008-07-10,0.15000000596046448,0.1550000011920929,0.1420000046491623,0.1550000011920929,0.1550000011920929,4580000
2008-07-11,0.15600000321865082,0.1599999964237213,0.15600000321865082,0.1589999943971634,0.1589999943971634,5332500
2008-07-14,0.1589999943971634,0.16200000047683716,0.15199999511241913,0.1550000011920929,0.1550000011920929,2240000
2008-07-15,0.15600000321865082,0.15600000321865082,0.1459999978542328,0.15299999713897705,0.15299999713897705,3120000
2008-07-16,0.14499999582767487,0.15299999713897705,0.14499999582767487,0.14900000393390656,0.14900000393390656,5580000
2008-07-17,0.15000000596046448,0.15199999511241913,0.1469999998807907,0.15199999511241913,0.15199999511241913,1780000
2008-07-18,0.1459999978542328,0.15000000596046448,0.1459999978542328,0.15000000596046448,0.15000000596046448,1320000
2008-07-21,0.14499999582767487,0.15000000596046448,0.14000000059604645,0.14499999582767487,0.14499999582767487,5440000
2008-07-22,0.14499999582767487,0.15199999511241913,0.14499999582767487,0.14900000393390656,0.14900000393390656,3900000
2008-07-23,0.14900000393390656,0.15000000596046448,0.14499999582767487,0.15000000596046448,0.15000000596046448,3462400
2008-07-24,0.15199999511241913,0.15299999713897705,0.14300000667572021,0.14900000393390656,0.14900000393390656,13300000
2008-07-25,0.14000000059604645,0.14800000190734863,0.14000000059604645,0.14499999582767487,0.14499999582767487,1640000
2008-07-28,0.14100000262260437,0.1459999978542328,0.14000000059604645,0.14499999582767487,0.14499999582767487,3560000
2008-07-29,0.14000000059604645,0.14499999582767487,0.14000000059604645,0.14000000059604645,0.14000000059604645,8520000
2008-07-30,0.1420000046491623,0.1459999978542328,0.14100000262260437,0.14300000667572021,0.14300000667572021,4420000
2008-07-31,0.14300000667572021,0.14800000190734863,0.14300000667572021,0.1469999998807907,0.1469999998807907,5040000
2008-08-01,0.1469999998807907,0.15299999713897705,0.1469999998807907,0.15199999511241913,0.15199999511241913,11520000
2008-08-04,0.15000000596046448,0.15199999511241913,0.14800000190734863,0.14800000190734863,0.14800000190734863,4180000
2008-08-05,0.1469999998807907,0.15199999511241913,0.14499999582767487,0.14800000190734863,0.14800000190734863,1600000
2008-08-06,0.14800000190734863,0.14800000190734863,0.14800000190734863,0.14800000190734863,0.14800000190734863,0
2008-08-07,0.14499999582767487,0.14800000190734863,0.1420000046491623,0.14800000190734863,0.14800000190734863,4160000
2008-08-08,0.14000000059604645,0.14499999582767487,0.1379999965429306,0.14000000059604645,0.14000000059604645,4580000
2008-08-11,0.13500000536441803,0.14000000059604645,0.13300000131130219,0.13500000536441803,0.13500000536441803,6540000
2008-08-12,0.1379999965429306,0.1379999965429306,0.13199999928474426,0.13699999451637268,0.13699999451637268,4880000
2008-08-13,0.1340000033378601,0.1340000033378601,0.13099999725818634,0.13300000131130219,0.13300000131130219,3740000
2008-08-14,0.14000000059604645,0.14000000059604645,0.13099999725818634,0.13500000536441803,0.13500000536441803,2360000
2008-08-15,0.13600000739097595,0.13600000739097595,0.1289999932050705,0.13500000536441803,0.13500000536441803,2220000
2008-08-18,0.13099999725818634,0.13099999725818634,0.12700000405311584,0.12999999523162842,0.12999999523162842,3378000
2008-08-19,0.12999999523162842,0.12999999523162842,0.12300000339746475,0.12800000607967377,0.12800000607967377,2400000
2008-08-20,0.12200000137090683,0.12999999523162842,0.12200000137090683,0.12800000607967377,0.12800000607967377,3700000
2008-08-21,0.12300000339746475,0.12999999523162842,0.12300000339746475,0.12999999523162842,0.12999999523162842,3220000
2008-08-22,0.12999999523162842,0.12999999523162842,0.12999999523162842,0.12999999523162842,0.12999999523162842,0
2008-08-25,0.13300000131130219,0.15000000596046448,0.13300000131130219,0.14499999582767487,0.14499999582767487,11725000
2008-08-26,0.11999999731779099,0.14399999380111694,0.11999999731779099,0.14300000667572021,0.14300000667572021,5425000
2008-08-27,0.13300000131130219,0.15399999916553497,0.13300000131130219,0.15399999916553497,0.15399999916553497,10700000
2008-08-28,0.1550000011920929,0.17399999499320984,0.1550000011920929,0.16899999976158142,0.16899999976158142,44000000
2008-08-29,0.16899999976158142,0.17399999499320984,0.16500000655651093,0.1679999977350235,0.1679999977350235,13920000
2008-09-01,0.17000000178813934,0.1770000010728836,0.164000004529953,0.17399999499320984,0.17399999499320984,15420000
2008-09-02,0.17299999296665192,0.18000000715255737,0.17299999296665192,0.17499999701976776,0.17499999701976776,20080000
2008-09-03,0.17499999701976776,0.1770000010728836,0.16300000250339508,0.16699999570846558,0.16699999570846558,13780000
2008-09-04,0.17000000178813934,0.17399999499320984,0.16599999368190765,0.16599999368190765,0.16599999368190765,10390000
2008-09-05,0.1599999964237213,0.1599999964237213,0.1550000011920929,0.15800000727176666,0.15800000727176666,5260000
2008-09-08,0.15800000727176666,0.15800000727176666,0.14100000262260437,0.15000000596046448,0.15000000596046448,11500000
2008-09-09,0.15000000596046448,0.15000000596046448,0.1420000046491623,0.1459999978542328,0.1459999978542328,6805000
2008-09-10,0.14300000667572021,0.14800000190734863,0.1379999965429306,0.14800000190734863,0.14800000190734863,1540500
2008-09-11,0.1469999998807907,0.14800000190734863,0.14100000262260437,0.1459999978542328,0.1459999978542328,5820000
2008-09-12,0.1459999978542328,0.1550000011920929,0.14300000667572021,0.15399999916553497,0.15399999916553497,9680000
2008-09-16,0.14499999582767487,0.15000000596046448,0.14100000262260437,0.14900000393390656,0.14900000393390656,17440000
2008-09-17,0.15000000596046448,0.15000000596046448,0.1459999978542328,0.1459999978542328,0.1459999978542328,19330000
2008-09-18,0.12999999523162842,0.1469999998807907,0.125,0.13699999451637268,0.13699999451637268,27605000
2008-09-19,0.1459999978542328,0.1459999978542328,0.13500000536441803,0.14499999582767487,0.14499999582767487,13780000
2008-09-22,0.14900000393390656,0.1509999930858612,0.1420000046491623,0.1509999930858612,0.1509999930858612,27680000
2008-09-23,0.15199999511241913,0.15199999511241913,0.14399999380111694,0.14499999582767487,0.14499999582767487,7380000
2008-09-24,0.14000000059604645,0.14800000190734863,0.14000000059604645,0.14800000190734863,0.14800000190734863,11060000
2008-09-25,0.1459999978542328,0.14800000190734863,0.14499999582767487,0.14499999582767487,0.14499999582767487,2360000
2008-09-26,0.14499999582767487,0.1469999998807907,0.14100000262260437,0.14499999582767487,0.14499999582767487,2780000
2008-09-29,0.13500000536441803,0.14300000667572021,0.13500000536441803,0.1379999965429306,0.1379999965429306,7128000
2008-09-30,0.12399999797344208,0.13600000739097595,0.12399999797344208,0.13600000739097595,0.13600000739097595,12947500
2008-10-02,0.1379999965429306,0.1379999965429306,0.13099999725818634,0.1379999965429306,0.1379999965429306,3250000
2008-10-03,0.13199999928474426,0.1379999965429306,0.12999999523162842,0.1340000033378601,0.1340000033378601,3140000
2008-10-06,0.13099999725818634,0.13300000131130219,0.125,0.12700000405311584,0.12700000405311584,8720000
2008-10-08,0.12800000607967377,0.12800000607967377,0.11500000208616257,0.11500000208616257,0.11500000208616257,42860000
2008-10-09,0.125,0.125,0.10999999940395355,0.12200000137090683,0.12200000137090683,14120000
2008-10-10,0.11500000208616257,0.11900000274181366,0.10999999940395355,0.11299999803304672,0.11299999803304672,19945000
2008-10-13,0.11900000274181366,0.11900000274181366,0.1120000034570694,0.11400000005960464,0.11400000005960464,6890000
2008-10-14,0.11599999666213989,0.11999999731779099,0.0989999994635582,0.10000000149011612,0.10000000149011612,27521000
2008-10-15,0.10000000149011612,0.10000000149011612,0.09000000357627869,0.10000000149011612,0.10000000149011612,18860000
2008-10-16,0.0949999988079071,0.10000000149011612,0.08799999952316284,0.09200000017881393,0.09200000017881393,17160000
2008-10-17,0.09000000357627869,0.0989999994635582,0.08900000154972076,0.09799999743700027,0.09799999743700027,11060000
2008-10-20,0.09200000017881393,0.09700000286102295,0.09200000017881393,0.0949999988079071,0.0949999988079071,6480000
2008-10-21,0.09099999815225601,0.09700000286102295,0.09099999815225601,0.0949999988079071,0.0949999988079071,5590000
2008-10-22,0.09099999815225601,0.09700000286102295,0.09000000357627869,0.09700000286102295,0.09700000286102295,13050000
2008-10-23,0.09000000357627869,0.0949999988079071,0.09000000357627869,0.0949999988079071,0.0949999988079071,11480000
2008-10-24,0.09300000220537186,0.09399999678134918,0.09000000357627869,0.09399999678134918,0.09399999678134918,15720000
2008-10-27,0.09399999678134918,0.09399999678134918,0.08799999952316284,0.09000000357627869,0.09000000357627869,23190000
2008-10-28,0.08900000154972076,0.08900000154972076,0.0820000022649765,0.08299999684095383,0.08299999684095383,20800000
2008-10-29,0.08399999886751175,0.08799999952316284,0.08299999684095383,0.08500000089406967,0.08500000089406967,8300000
2008-10-30,0.0860000029206276,0.09099999815225601,0.08500000089406967,0.09099999815225601,0.09099999815225601,9300000
2008-10-31,0.09399999678134918,0.10999999940395355,0.09300000220537186,0.10199999809265137,0.10199999809265137,17661000
2008-11-03,0.10199999809265137,0.11999999731779099,0.10199999809265137,0.11599999666213989,0.11599999666213989,32852500
2008-11-04,0.10000000149011612,0.11999999731779099,0.10000000149011612,0.11999999731779099,0.11999999731779099,12810000
2008-11-05,0.12099999934434891,0.13099999725818634,0.11900000274181366,0.12800000607967377,0.12800000607967377,21660000
2008-11-06,0.125,0.12600000202655792,0.11500000208616257,0.11900000274181366,0.11900000274181366,11460000
2008-11-07,0.11299999803304672,0.11299999803304672,0.10400000214576721,0.11299999803304672,0.11299999803304672,24100000
2008-11-10,0.11500000208616257,0.12300000339746475,0.11299999803304672,0.11999999731779099,0.11999999731779099,18560000
2008-11-11,0.11599999666213989,0.11800000071525574,0.10999999940395355,0.11599999666213989,0.11599999666213989,6140000
2008-11-12,0.11599999666213989,0.11699999868869781,0.11400000005960464,0.11699999868869781,0.11699999868869781,3220000
2008-11-13,0.11900000274181366,0.125,0.11800000071525574,0.12300000339746475,0.12300000339746475,22800000
2008-11-14,0.12399999797344208,0.125,0.11900000274181366,0.12099999934434891,0.12099999934434891,8180000
2008-11-17,0.11999999731779099,0.12099999934434891,0.11900000274181366,0.11999999731779099,0.11999999731779099,5920000
2008-11-18,0.11800000071525574,0.11800000071525574,0.11500000208616257,0.11800000071525574,0.11800000071525574,5360000
2008-11-19,0.11800000071525574,0.12700000405311584,0.11599999666213989,0.11999999731779099,0.11999999731779099,3960000
2008-11-20,0.11699999868869781,0.11900000274181366,0.11400000005960464,0.11599999666213989,0.11599999666213989,5080000
2008-11-21,0.11500000208616257,0.11699999868869781,0.11299999803304672,0.11599999666213989,0.11599999666213989,3660000
2008-11-24,0.11400000005960464,0.11599999666213989,0.11299999803304672,0.11500000208616257,0.11500000208616257,3400000
2008-11-25,0.11800000071525574,0.11800000071525574,0.11500000208616257,0.11599999666213989,0.11599999666213989,3500000
2008-11-26,0.11500000208616257,0.11599999666213989,0.11299999803304672,0.11500000208616257,0.11500000208616257,5760000
2008-11-27,0.11500000208616257,0.11999999731779099,0.1120000034570694,0.11400000005960464,0.11400000005960464,5080000
2008-11-28,0.11100000143051147,0.11400000005960464,0.10999999940395355,0.1120000034570694,0.1120000034570694,2580000
2008-12-01,0.10999999940395355,0.11400000005960464,0.10999999940395355,0.11100000143051147,0.11100000143051147,5820000
2008-12-02,0.10999999940395355,0.1120000034570694,0.10899999737739563,0.1120000034570694,0.1120000034570694,5782500
2008-12-03,0.1120000034570694,0.11699999868869781,0.11100000143051147,0.11299999803304672,0.11299999803304672,14580000
2008-12-04,0.1120000034570694,0.11500000208616257,0.10999999940395355,0.11299999803304672,0.11299999803304672,3680000
2008-12-05,0.11599999666213989,0.11900000274181366,0.1120000034570694,0.11599999666213989,0.11599999666213989,19420000
2008-12-08,0.11699999868869781,0.11699999868869781,0.11299999803304672,0.11599999666213989,0.11599999666213989,14100000
2008-12-09,0.11599999666213989,0.11599999666213989,0.11100000143051147,0.11100000143051147,0.11100000143051147,10080000
2008-12-10,0.11100000143051147,0.11800000071525574,0.10899999737739563,0.11800000071525574,0.11800000071525574,25140000
2008-12-11,0.11800000071525574,0.12300000339746475,0.11500000208616257,0.11900000274181366,0.11900000274181366,26690000
2008-12-12,0.12099999934434891,0.12099999934434891,0.1120000034570694,0.11500000208616257,0.11500000208616257,9993000
2008-12-15,0.11400000005960464,0.11699999868869781,0.11400000005960464,0.11599999666213989,0.11599999666213989,18600000
2008-12-16,0.11599999666213989,0.11800000071525574,0.11400000005960464,0.11500000208616257,0.11500000208616257,9540000
2008-12-17,0.11500000208616257,0.11699999868869781,0.11400000005960464,0.11500000208616257,0.11500000208616257,8520000
2008-12-18,0.11599999666213989,0.11699999868869781,0.11299999803304672,0.11500000208616257,0.11500000208616257,10345000
2008-12-19,0.11299999803304672,0.11999999731779099,0.11299999803304672,0.11800000071525574,0.11800000071525574,14690000
2008-12-22,0.12300000339746475,0.13199999928474426,0.12099999934434891,0.12800000607967377,0.12800000607967377,36660000
2008-12-23,0.12800000607967377,0.12800000607967377,0.11900000274181366,0.12200000137090683,0.12200000137090683,12460000
2008-12-24,0.12399999797344208,0.1340000033378601,0.12099999934434891,0.13199999928474426,0.13199999928474426,14580000
2008-12-29,0.1289999932050705,0.1420000046491623,0.12600000202655792,0.13899999856948853,0.13899999856948853,40680000
2008-12-30,0.14300000667572021,0.1509999930858612,0.13600000739097595,0.1469999998807907,0.1469999998807907,55840000
2008-12-31,0.14800000190734863,0.15199999511241913,0.14399999380111694,0.14800000190734863,0.14800000190734863,28840000
2009-01-02,0.14800000190734863,0.17399999499320984,0.14800000190734863,0.1720000058412552,0.1720000058412552,145653500
2009-01-05,0.1850000023841858,0.2329999953508377,0.1850000023841858,0.23199999332427979,0.23199999332427979,345402500
2009-01-06,0.23199999332427979,0.23199999332427979,0.23199999332427979,0.23199999332427979,0.23199999332427979,0
2009-01-07,0.23199999332427979,0.23199999332427979,0.23199999332427979,0.23199999332427979,0.23199999332427979,0
2009-01-08,0.23199999332427979,0.23199999332427979,0.23199999332427979,0.23199999332427979,0.23199999332427979,0
2009-01-09,0.23199999332427979,0.23199999332427979,0.23199999332427979,0.23199999332427979,0.23199999332427979,0
2009-01-12,0.23199999332427979,0.23199999332427979,0.23199999332427979,0.23199999332427979,0.23199999332427979,0
2009-01-13,0.23199999332427979,0.23199999332427979,0.23199999332427979,0.23199999332427979,0.23199999332427979,0
2009-01-14,0.23199999332427979,0.23199999332427979,0.23199999332427979,0.23199999332427979,0.23199999332427979,0
2009-01-15,0.23199999332427979,0.23199999332427979,0.23199999332427979,0.23199999332427979,0.23199999332427979,0
2009-01-16,0.3700000047683716,0.39500001072883606,0.23800000548362732,0.26499998569488525,0.26499998569488525,667819100
2009-01-19,0.26499998569488525,0.29499998688697815,0.25999999046325684,0.2800000011920929,0.2800000011920929,217041408
2009-01-20,0.27000001072883606,0.2750000059604645,0.24500000476837158,0.25,0.25,101206000
2009-01-21,0.23999999463558197,0.27000001072883606,0.22499999403953552,0.26499998569488525,0.26499998569488525,216290000
2009-01-22,0.2750000059604645,0.29499998688697815,0.27000001072883606,0.2750000059604645,0.2750000059604645,149030000
2009-01-23,0.2750000059604645,0.2800000011920929,0.26499998569488525,0.2750000059604645,0.2750000059604645,42580000
2009-01-29,0.2849999964237213,0.2849999964237213,0.26499998569488525,0.26499998569488525,0.26499998569488525,37272549
2009-01-30,0.26499998569488525,0.27000001072883606,0.25999999046325684,0.26499998569488525,0.26499998569488525,47000000
2009-02-02,0.25999999046325684,0.26499998569488525,0.25,0.25999999046325684,0.25999999046325684,55480000
2009-02-03,0.25999999046325684,0.2800000011920929,0.2549999952316284,0.27000001072883606,0.27000001072883606,45100000
2009-02-04,0.2750000059604645,0.2750000059604645,0.26499998569488525,0.27000001072883606,0.27000001072883606,24820000
2009-02-05,0.27000001072883606,0.2849999964237213,0.27000001072883606,0.2750000059604645,0.2750000059604645,58150000
2009-02-06,0.2750000059604645,0.2800000011920929,0.27000001072883606,0.2750000059604645,0.2750000059604645,34560000
2009-02-09,0.2750000059604645,0.2800000011920929,0.27000001072883606,0.2750000059604645,0.2750000059604645,64180000
2009-02-10,0.2750000059604645,0.2750000059604645,0.27000001072883606,0.2750000059604645,0.2750000059604645,29380000
2009-02-11,0.27000001072883606,0.2750000059604645,0.26499998569488525,0.27000001072883606,0.27000001072883606,26211000
2009-02-12,0.27000001072883606,0.27000001072883606,0.26499998569488525,0.26499998569488525,0.26499998569488525,25240000
2009-02-13,0.27000001072883606,0.36500000953674316,0.25999999046325684,0.3400000035762787,0.3400000035762787,426153408
2009-02-16,0.3449999988079071,0.36000001430511475,0.33500000834465027,0.3449999988079071,0.3449999988079071,265819000
2009-02-17,0.3400000035762787,0.3400000035762787,0.3199999928474426,0.32499998807907104,0.32499998807907104,114822500
2009-02-18,0.32499998807907104,0.3449999988079071,0.3199999928474426,0.33500000834465027,0.33500000834465027,93520000
2009-02-19,0.33500000834465027,0.3499999940395355,0.33000001311302185,0.3449999988079071,0.3449999988079071,121865000
2009-02-20,0.3400000035762787,0.3499999940395355,0.33000001311302185,0.33500000834465027,0.33500000834465027,100854000
2009-02-23,0.33500000834465027,0.35499998927116394,0.33000001311302185,0.33500000834465027,0.33500000834465027,178550000
2009-02-24,0.3199999928474426,0.33000001311302185,0.3100000023841858,0.3149999976158142,0.3149999976158142,133320000
2009-02-25,0.3199999928474426,0.33000001311302185,0.3100000023841858,0.3149999976158142,0.3149999976158142,48200000
2009-02-26,0.3149999976158142,0.3199999928474426,0.2750000059604645,0.2800000011920929,0.2800000011920929,102133300
2009-02-27,0.2800000011920929,0.29499998688697815,0.2800000011920929,0.2800000011920929,0.2800000011920929,40960000
2009-03-02,0.27000001072883606,0.2800000011920929,0.2549999952316284,0.26499998569488525,0.26499998569488525,44320000
2009-03-03,0.25,0.2800000011920929,0.24199999868869781,0.2800000011920929,0.2800000011920929,107708740
2009-03-04,0.2800000011920929,0.29499998688697815,0.2750000059604645,0.28999999165534973,0.28999999165534973,47710000
2009-03-05,0.28999999165534973,0.28999999165534973,0.2800000011920929,0.2800000011920929,0.2800000011920929,15990000
2009-03-06,0.2750000059604645,0.2800000011920929,0.26499998569488525,0.26499998569488525,0.26499998569488525,15620000
2009-03-09,0.27000001072883606,0.2849999964237213,0.27000001072883606,0.27000001072883606,0.27000001072883606,30840000
2009-03-10,0.2750000059604645,0.2800000011920929,0.27000001072883606,0.2800000011920929,0.2800000011920929,15700000
2009-03-11,0.2849999964237213,0.2849999964237213,0.27000001072883606,0.2750000059604645,0.2750000059604645,9240000
2009-03-12,0.2750000059604645,0.2750000059604645,0.27000001072883606,0.2750000059604645,0.2750000059604645,5020000
2009-03-13,0.2750000059604645,0.28999999165534973,0.27000001072883606,0.2800000011920929,0.2800000011920929,37840000
2009-03-16,0.2849999964237213,0.28999999165534973,0.2750000059604645,0.2849999964237213,0.2849999964237213,20992500
2009-03-17,0.28999999165534973,0.28999999165534973,0.2750000059604645,0.2750000059604645,0.2750000059604645,18042500
2009-03-18,0.2800000011920929,0.3149999976158142,0.2800000011920929,0.3149999976158142,0.3149999976158142,153620000
2009-03-19,0.3149999976158142,0.33000001311302185,0.30000001192092896,0.3100000023841858,0.3100000023841858,84198500
2009-03-20,0.3149999976158142,0.3149999976158142,0.30000001192092896,0.30000001192092896,0.30000001192092896,46561000
2009-03-23,0.29499998688697815,0.3149999976158142,0.28999999165534973,0.3100000023841858,0.3100000023841858,36398000
2009-03-24,0.3149999976158142,0.3149999976158142,0.30000001192092896,0.30000001192092896,0.30000001192092896,23827500
2009-03-25,0.30000001192092896,0.3050000071525574,0.29499998688697815,0.29499998688697815,0.29499998688697815,17280000
2009-03-26,0.30000001192092896,0.3100000023841858,0.29499998688697815,0.30000001192092896,0.30000001192092896,30220000
2009-03-27,0.3050000071525574,0.33500000834465027,0.3050000071525574,0.3100000023841858,0.3100000023841858,106000000
2009-03-30,0.3100000023841858,0.3199999928474426,0.3100000023841858,0.3100000023841858,0.3100000023841858,24020000
2009-03-31,0.3100000023841858,0.3199999928474426,0.3100000023841858,0.3100000023841858,0.3100000023841858,27450600
2009-04-01,0.3199999928474426,0.3199999928474426,0.3100000023841858,0.3149999976158142,0.3149999976158142,10760000
2009-04-02,0.3149999976158142,0.33000001311302185,0.3149999976158142,0.3149999976158142,0.3149999976158142,86989000
2009-04-03,0.3050000071525574,0.3050000071525574,0.28999999165534973,0.30000001192092896,0.30000001192092896,105852500
2009-04-06,0.3050000071525574,0.3050000071525574,0.28999999165534973,0.30000001192092896,0.30000001192092896,30290000
2009-04-07,0.29499998688697815,0.3050000071525574,0.28999999165534973,0.29499998688697815,0.29499998688697815,23882200
2009-04-08,0.30000001192092896,0.30000001192092896,0.30000001192092896,0.30000001192092896,0.30000001192092896,19410000
2009-04-09,0.30000001192092896,0.30000001192092896,0.30000001192092896,0.30000001192092896,0.30000001192092896,20430000
2009-04-14,0.30000001192092896,0.30000001192092896,0.28999999165534973,0.30000001192092896,0.30000001192092896,25280000
2009-04-15,0.3050000071525574,0.3100000023841858,0.29499998688697815,0.3050000071525574,0.3050000071525574,46940000
2009-04-16,0.3050000071525574,0.3100000023841858,0.29499998688697815,0.3050000071525574,0.3050000071525574,78352000
2009-04-17,0.3050000071525574,0.3100000023841858,0.29499998688697815,0.3050000071525574,0.3050000071525574,50682500
2009-04-20,0.3050000071525574,0.3149999976158142,0.30000001192092896,0.3050000071525574,0.3050000071525574,56477000
2009-04-21,0.30000001192092896,0.3050000071525574,0.2849999964237213,0.29499998688697815,0.29499998688697815,54925000
2009-04-22,0.2849999964237213,0.29499998688697815,0.2800000011920929,0.29499998688697815,0.29499998688697815,70580000
2009-04-23,0.2849999964237213,0.29499998688697815,0.2800000011920929,0.29499998688697815,0.29499998688697815,29060000
2009-04-24,0.29499998688697815,0.29499998688697815,0.2800000011920929,0.2849999964237213,0.2849999964237213,29960000
2009-04-27,0.28999999165534973,0.28999999165534973,0.2549999952316284,0.2549999952316284,0.2549999952316284,95150000
2009-04-28,0.2549999952316284,0.25999999046325684,0.23800000548362732,0.24500000476837158,0.24500000476837158,80580000
2009-04-29,0.24500000476837158,0.2549999952316284,0.23999999463558197,0.25,0.25,44140000
2009-04-30,0.25,0.25999999046325684,0.24899999797344208,0.25,0.25,35860000
2009-05-04,0.2549999952316284,0.27000001072883606,0.2549999952316284,0.26499998569488525,0.26499998569488525,41830000
2009-05-05,0.26499998569488525,0.27000001072883606,0.25,0.26499998569488525,0.26499998569488525,50260000
2009-05-06,0.26499998569488525,0.28999999165534973,0.25999999046325684,0.28999999165534973,0.28999999165534973,104690000
2009-05-07,0.29499998688697815,0.29499998688697815,0.27000001072883606,0.2800000011920929,0.2800000011920929,50820000
2009-05-08,0.27000001072883606,0.29499998688697815,0.27000001072883606,0.2849999964237213,0.2849999964237213,45905000
2009-05-11,0.28999999165534973,0.3149999976158142,0.2800000011920929,0.29499998688697815,0.29499998688697815,165484992
2009-05-12,0.29499998688697815,0.3149999976158142,0.29499998688697815,0.3149999976158142,0.3149999976158142,114689504
2009-05-13,0.3199999928474426,0.3400000035762787,0.3149999976158142,0.3199999928474426,0.3199999928474426,192960000
2009-05-14,0.3149999976158142,0.3199999928474426,0.30000001192092896,0.3149999976158142,0.3149999976158142,63480000
2009-05-15,0.3199999928474426,0.33500000834465027,0.3149999976158142,0.33000001311302185,0.33000001311302185,169506000
2009-05-18,0.32499998807907104,0.33000001311302185,0.28999999165534973,0.3050000071525574,0.3050000071525574,251605000
2009-05-19,0.3100000023841858,0.3100000023841858,0.2800000011920929,0.29499998688697815,0.29499998688697815,164300000
2009-05-20,0.30000001192092896,0.3100000023841858,0.2849999964237213,0.30000001192092896,0.30000001192092896,195173000
2009-05-21,0.3100000023841858,0.3149999976158142,0.28999999165534973,0.29499998688697815,0.29499998688697815,123262000
2009-05-22,0.29499998688697815,0.29499998688697815,0.2849999964237213,0.28999999165534973,0.28999999165534973,113320000
2009-05-25,0.29499998688697815,0.29499998688697815,0.2849999964237213,0.28999999165534973,0.28999999165534973,57056000
2009-05-26,0.28999999165534973,0.30000001192092896,0.2800000011920929,0.28999999165534973,0.28999999165534973,62200000
2009-05-27,0.28999999165534973,0.28999999165534973,0.27000001072883606,0.2800000011920929,0.2800000011920929,145464000
2009-05-29,0.2800000011920929,0.2800000011920929,0.25999999046325684,0.26499998569488525,0.26499998569488525,114580000
2009-06-01,0.25999999046325684,0.2849999964237213,0.25999999046325684,0.2800000011920929,0.2800000011920929,141240000
2009-06-02,0.2800000011920929,0.2849999964237213,0.27000001072883606,0.2750000059604645,0.2750000059604645,53945000
2009-06-03,0.2750000059604645,0.3050000071525574,0.27000001072883606,0.29499998688697815,0.29499998688697815,325920000
2009-06-04,0.3050000071525574,0.3100000023841858,0.28999999165534973,0.30000001192092896,0.30000001192092896,198377500
2009-06-05,0.3050000071525574,0.3050000071525574,0.28999999165534973,0.28999999165534973,0.28999999165534973,72370000
2009-06-08,0.29499998688697815,0.29499998688697815,0.2800000011920929,0.2849999964237213,0.2849999964237213,72520000
2009-06-09,0.2849999964237213,0.28999999165534973,0.27000001072883606,0.2800000011920929,0.2800000011920929,80400000
2009-06-10,0.2800000011920929,0.2800000011920929,0.27000001072883606,0.2750000059604645,0.2750000059604645,60980000
2009-06-11,0.2750000059604645,0.2800000011920929,0.27000001072883606,0.2800000011920929,0.2800000011920929,27900000
2009-06-12,0.28999999165534973,0.3199999928474426,0.28999999165534973,0.30000001192092896,0.30000001192092896,380298000
2009-06-15,0.30000001192092896,0.3050000071525574,0.2800000011920929,0.28999999165534973,0.28999999165534973,126393000
2009-06-16,0.2800000011920929,0.2800000011920929,0.2549999952316284,0.2750000059604645,0.2750000059604645,187677500
2009-06-17,0.27000001072883606,0.27000001072883606,0.2549999952316284,0.27000001072883606,0.27000001072883606,95052000
2009-06-18,0.26499998569488525,0.26499998569488525,0.25999999046325684,0.26499998569488525,0.26499998569488525,27279500
2009-06-19,0.26499998569488525,0.27000001072883606,0.25,0.25999999046325684,0.25999999046325684,78162500
2009-06-22,0.2549999952316284,0.25999999046325684,0.24199999868869781,0.24400000274181366,0.24400000274181366,97842700
2009-06-23,0.23800000548362732,0.25,0.22599999606609344,0.24500000476837158,0.24500000476837158,98227500
2009-06-24,0.24799999594688416,0.25999999046325684,0.23999999463558197,0.25,0.25,35740000
2009-06-25,0.2549999952316284,0.25999999046325684,0.25,0.2549999952316284,0.2549999952316284,22440000
2009-06-26,0.2549999952316284,0.2549999952316284,0.24500000476837158,0.25,0.25,34640000
2009-06-29,0.25,0.25,0.23999999463558197,0.24699999392032623,0.24699999392032623,28430000
2009-06-30,0.25,0.25,0.24199999868869781,0.24699999392032623,0.24699999392032623,26880000
2009-07-02,0.2460000067949295,0.25,0.23600000143051147,0.2370000034570694,0.2370000034570694,36330000
2009-07-03,0.22699999809265137,0.24300000071525574,0.22599999606609344,0.23999999463558197,0.23999999463558197,25582500
2009-07-06,0.23999999463558197,0.2549999952316284,0.23499999940395355,0.25,0.25,44202500
2009-07-07,0.25,0.25,0.24400000274181366,0.2460000067949295,0.2460000067949295,20842500
2009-07-08,0.24400000274181366,0.24699999392032623,0.2409999966621399,0.24500000476837158,0.24500000476837158,21760000
2009-07-09,0.2409999966621399,0.25,0.2409999966621399,0.24699999392032623,0.24699999392032623,22685000
2009-07-10,0.24699999392032623,0.2549999952316284,0.24400000274181366,0.2460000067949295,0.2460000067949295,21715000
2009-07-13,0.24300000071525574,0.24799999594688416,0.2409999966621399,0.24300000071525574,0.24300000071525574,26260900
2009-07-14,0.24500000476837158,0.25,0.24300000071525574,0.24799999594688416,0.24799999594688416,24880000
2009-07-15,0.24699999392032623,0.27000001072883606,0.24500000476837158,0.25999999046325684,0.25999999046325684,66065000
2009-07-16,0.26499998569488525,0.26499998569488525,0.2549999952316284,0.2549999952316284,0.2549999952316284,32569500
2009-07-17,0.25999999046325684,0.25999999046325684,0.25,0.2549999952316284,0.2549999952316284,26255000
2009-07-20,0.25999999046325684,0.26499998569488525,0.25,0.25,0.25,57924000
2009-07-21,0.25,0.25999999046325684,0.25,0.25999999046325684,0.25999999046325684,39422400
2009-07-22,0.2549999952316284,0.26499998569488525,0.25,0.25,0.25,47396500
2009-07-23,0.2549999952316284,0.2750000059604645,0.2549999952316284,0.26499998569488525,0.26499998569488525,103660000
2009-07-24,0.27000001072883606,0.3050000071525574,0.2549999952316284,0.29499998688697815,0.29499998688697815,270345000
2009-07-27,0.30000001192092896,0.3149999976158142,0.30000001192092896,0.3100000023841858,0.3100000023841858,256895000
2009-07-28,0.3100000023841858,0.3149999976158142,0.30000001192092896,0.30000001192092896,0.30000001192092896,105422500
2009-07-29,0.3050000071525574,0.3050000071525574,0.2800000011920929,0.28999999165534973,0.28999999165534973,122230000
2009-07-30,0.29499998688697815,0.30000001192092896,0.28999999165534973,0.30000001192092896,0.30000001192092896,58660000
2009-07-31,0.30000001192092896,0.3050000071525574,0.28999999165534973,0.30000001192092896,0.30000001192092896,78732500
2009-08-03,0.30000001192092896,0.3050000071525574,0.29499998688697815,0.30000001192092896,0.30000001192092896,75776000
2009-08-04,0.3050000071525574,0.3100000023841858,0.30000001192092896,0.3050000071525574,0.3050000071525574,83880000
2009-08-05,0.3050000071525574,0.32499998807907104,0.3050000071525574,0.3149999976158142,0.3149999976158142,180790000
2009-08-06,0.32499998807907104,0.39500001072883606,0.3199999928474426,0.38499999046325684,0.38499999046325684,590872500
2009-08-07,0.39500001072883606,0.4050000011920929,0.35499998927116394,0.36500000953674316,0.36500000953674316,516490000
2009-08-10,0.3799999952316284,0.3799999952316284,0.3499999940395355,0.35499998927116394,0.35499998927116394,257425000
2009-08-11,0.35499998927116394,0.41499999165534973,0.35499998927116394,0.4099999964237213,0.4099999964237213,747930000
2009-08-12,0.4099999964237213,0.49000000953674316,0.4050000011920929,0.4449999928474426,0.4449999928474426,904147200
2009-08-13,0.45500001311302185,0.4749999940395355,0.42500001192092896,0.4449999928474426,0.4449999928474426,354210000
2009-08-14,0.44999998807907104,0.4699999988079071,0.41499999165534973,0.4650000035762787,0.4650000035762787,405585500
2009-08-17,0.45500001311302185,0.48500001430511475,0.4449999928474426,0.47999998927116394,0.47999998927116394,527948500
2009-08-18,0.47999998927116394,0.48500001430511475,0.42500001192092896,0.4300000071525574,0.4300000071525574,412094000
2009-08-19,0.41999998688697815,0.41999998688697815,0.36500000953674316,0.3700000047683716,0.3700000047683716,646600000
2009-08-20,0.3799999952316284,0.4050000011920929,0.3799999952316284,0.38999998569488525,0.38999998569488525,258900300
2009-08-21,0.4000000059604645,0.45500001311302185,0.38499999046325684,0.4449999928474426,0.4449999928474426,348723000
2009-08-24,0.45500001311302185,0.45500001311302185,0.41499999165534973,0.41999998688697815,0.41999998688697815,243745000
2009-08-25,0.4099999964237213,0.4300000071525574,0.39500001072883606,0.41499999165534973,0.41499999165534973,159480000
2009-08-26,0.41999998688697815,0.41999998688697815,0.3799999952316284,0.38999998569488525,0.38999998569488525,223751000
2009-08-27,0.38499999046325684,0.4099999964237213,0.3799999952316284,0.38499999046325684,0.38499999046325684,138061500
2009-08-28,0.38999998569488525,0.38999998569488525,0.36500000953674316,0.375,0.375,118775000
2009-08-31,0.3799999952316284,0.39500001072883606,0.36500000953674316,0.3799999952316284,0.3799999952316284,163216167
2009-09-01,0.38999998569488525,0.38999998569488525,0.3799999952316284,0.3799999952316284,0.3799999952316284,53540000
2009-09-02,0.3799999952316284,0.3799999952316284,0.36000001430511475,0.36500000953674316,0.36500000953674316,102760000
2009-09-03,0.36500000953674316,0.3799999952316284,0.36500000953674316,0.3799999952316284,0.3799999952316284,68880300
2009-09-04,0.38499999046325684,0.38999998569488525,0.3700000047683716,0.38499999046325684,0.38499999046325684,81680000
2009-09-07,0.38999998569488525,0.4399999976158142,0.38499999046325684,0.41999998688697815,0.41999998688697815,410375488
2009-09-08,0.41999998688697815,0.42500001192092896,0.38499999046325684,0.38999998569488525,0.38999998569488525,207621200
2009-09-09,0.38999998569488525,0.4000000059604645,0.38499999046325684,0.38999998569488525,0.38999998569488525,60230000
2009-09-10,0.38999998569488525,0.4099999964237213,0.3799999952316284,0.39500001072883606,0.39500001072883606,112660000
2009-09-11,0.4000000059604645,0.38999998569488525,0.39500001072883606,0.4050000011920929,0.4050000011920929,46092500
2009-09-14,0.4000000059604645,0.4000000059604645,0.38499999046325684,0.4000000059604645,0.4000000059604645,57343000
2009-09-15,0.4000000059604645,0.38499999046325684,0.4000000059604645,0.4000000059604645,0.4000000059604645,24740000
2009-09-16,0.4000000059604645,0.4000000059604645,0.38999998569488525,0.4000000059604645,0.4000000059604645,38245000
2009-09-17,0.4099999964237213,0.4300000071525574,0.3700000047683716,0.375,0.375,277340000
2009-09-18,0.375,0.3799999952316284,0.36500000953674316,0.375,0.375,86260000
2009-09-21,0.375,0.38999998569488525,0.3700000047683716,0.375,0.375,54805000
2009-09-22,0.375,0.375,0.375,0.38499999046325684,0.38499999046325684,31840000
2009-09-23,0.3799999952316284,0.3799999952316284,0.3700000047683716,0.375,0.375,38734800
2009-09-24,0.3700000047683716,0.3700000047683716,0.35499998927116394,0.36000001430511475,0.36000001430511475,78840000
2009-09-25,0.36000001430511475,0.36000001430511475,0.33000001311302185,0.33500000834465027,0.33500000834465027,99840000
2009-09-28,0.33500000834465027,0.33500000834465027,0.28999999165534973,0.3100000023841858,0.3100000023841858,171020000
2009-09-29,0.3100000023841858,0.3199999928474426,0.3050000071525574,0.3149999976158142,0.3149999976158142,44040000
2009-09-30,0.3149999976158142,0.3149999976158142,0.3050000071525574,0.3100000023841858,0.3100000023841858,21810003
2009-10-02,0.30000001192092896,0.3100000023841858,0.28999999165534973,0.3100000023841858,0.3100000023841858,26320000
2009-10-05,0.3100000023841858,0.3199999928474426,0.3050000071525574,0.3100000023841858,0.3100000023841858,14120000
2009-10-06,0.3149999976158142,0.3400000035762787,0.3149999976158142,0.3400000035762787,0.3400000035762787,47040000
2009-10-07,0.3449999988079071,0.3499999940395355,0.33000001311302185,0.33000001311302185,0.33000001311302185,33103000
2009-10-08,0.33000001311302185,0.33500000834465027,0.3149999976158142,0.3199999928474426,0.3199999928474426,45760000
2009-10-09,0.32499998807907104,0.33000001311302185,0.3199999928474426,0.32499998807907104,0.32499998807907104,43480000
2009-10-12,0.33000001311302185,0.33000001311302185,0.3149999976158142,0.32499998807907104,0.32499998807907104,23066000
2009-10-13,0.3199999928474426,0.35499998927116394,0.3199999928474426,0.33000001311302185,0.33000001311302185,107040000
2009-10-14,0.33500000834465027,0.3400000035762787,0.32499998807907104,0.33000001311302185,0.33000001311302185,34335000
2009-10-15,0.33000001311302185,0.33000001311302185,0.3199999928474426,0.3199999928474426,0.3199999928474426,21961000
2009-10-16,0.32499998807907104,0.32499998807907104,0.3050000071525574,0.3100000023841858,0.3100000023841858,106830000
2009-10-19,0.3050000071525574,0.3149999976158142,0.30000001192092896,0.3100000023841858,0.3100000023841858,56210000
2009-10-20,0.3100000023841858,0.3199999928474426,0.3100000023841858,0.3149999976158142,0.3149999976158142,44460000
2009-10-21,0.3100000023841858,0.3199999928474426,0.3100000023841858,0.3199999928474426,0.3199999928474426,20460000
2009-10-22,0.3149999976158142,0.3149999976158142,0.3149999976158142,0.3199999928474426,0.3199999928474426,22085000
2009-10-23,0.3199999928474426,0.3400000035762787,0.3199999928474426,0.33500000834465027,0.33500000834465027,105862000
2009-10-27,0.33000001311302185,0.33500000834465027,0.3199999928474426,0.33000001311302185,0.33000001311302185,43522500
2009-10-28,0.33000001311302185,0.3449999988079071,0.32499998807907104,0.32499998807907104,0.32499998807907104,39860000
2009-10-29,0.32499998807907104,0.33000001311302185,0.3100000023841858,0.3149999976158142,0.3149999976158142,38840000
2009-10-30,0.32499998807907104,0.33000001311302185,0.3149999976158142,0.3149999976158142,0.3149999976158142,21860000
2009-11-02,0.3050000071525574,0.3149999976158142,0.3050000071525574,0.3149999976158142,0.3149999976158142,13680000
2009-11-03,0.3199999928474426,0.3199999928474426,0.3050000071525574,0.3050000071525574,0.3050000071525574,26140000
2009-11-04,0.3100000023841858,0.3149999976158142,0.3050000071525574,0.3050000071525574,0.3050000071525574,16140000
2009-11-05,0.3050000071525574,0.32499998807907104,0.30000001192092896,0.32499998807907104,0.32499998807907104,75070000
2009-11-06,0.32499998807907104,0.33000001311302185,0.3149999976158142,0.32499998807907104,0.32499998807907104,33460000
2009-11-09,0.32499998807907104,0.3400000035762787,0.3199999928474426,0.33000001311302185,0.33000001311302185,74485000
2009-11-10,0.33000001311302185,0.3400000035762787,0.3199999928474426,0.3199999928474426,0.3199999928474426,50140000
2009-11-11,0.32499998807907104,0.3700000047683716,0.32499998807907104,0.36500000953674316,0.36500000953674316,206895008
2009-11-12,0.3700000047683716,0.38999998569488525,0.35499998927116394,0.3700000047683716,0.3700000047683716,165640000
2009-11-13,0.3700000047683716,0.39500001072883606,0.3700000047683716,0.38999998569488525,0.38999998569488525,134230000
2009-11-16,0.38999998569488525,0.39500001072883606,0.375,0.38499999046325684,0.38499999046325684,101172500
2009-11-17,0.38499999046325684,0.38499999046325684,0.35499998927116394,0.3700000047683716,0.3700000047683716,59800000
2009-11-18,0.3700000047683716,0.3700000047683716,0.35499998927116394,0.36000001430511475,0.36000001430511475,37712500
2009-11-19,0.35499998927116394,0.36500000953674316,0.3499999940395355,0.35499998927116394,0.35499998927116394,16765000
2009-11-20,0.35499998927116394,0.35499998927116394,0.3400000035762787,0.3449999988079071,0.3449999988079071,37000000
2009-11-23,0.3499999940395355,0.375,0.3499999940395355,0.3700000047683716,0.3700000047683716,47380000
2009-11-24,0.3700000047683716,0.3700000047683716,0.36000001430511475,0.36000001430511475,0.36000001430511475,24203000
2009-11-25,0.36500000953674316,0.38499999046325684,0.36500000953674316,0.38499999046325684,0.38499999046325684,70516700
2009-11-26,0.38499999046325684,0.39500001072883606,0.3799999952316284,0.3799999952316284,0.3799999952316284,57865000
2009-11-27,0.375,0.3799999952316284,0.35499998927116394,0.35499998927116394,0.35499998927116394,81010000
2009-11-30,0.3700000047683716,0.375,0.36500000953674316,0.3700000047683716,0.3700000047683716,16522000
2009-12-01,0.3700000047683716,0.38999998569488525,0.3700000047683716,0.3799999952316284,0.3799999952316284,61070000
2009-12-02,0.38999998569488525,0.4099999964237213,0.38499999046325684,0.4000000059604645,0.4000000059604645,239220496
2009-12-03,0.4000000059604645,0.41499999165534973,0.4000000059604645,0.4000000059604645,0.4000000059604645,127996500
2009-12-04,0.4050000011920929,0.4300000071525574,0.4000000059604645,0.42500001192092896,0.42500001192092896,150973900
2009-12-07,0.4300000071525574,0.4449999928474426,0.4300000071525574,0.4350000023841858,0.4350000023841858,129981504
2009-12-08,0.4399999976158142,0.4399999976158142,0.4099999964237213,0.41499999165534973,0.41499999165534973,104070000
2009-12-09,0.41499999165534973,0.42500001192092896,0.4099999964237213,0.41999998688697815,0.41999998688697815,41450000
2009-12-10,0.42500001192092896,0.4300000071525574,0.4000000059604645,0.4050000011920929,0.4050000011920929,80549800
2009-12-11,0.4099999964237213,0.41499999165534973,0.38999998569488525,0.4000000059604645,0.4000000059604645,69540000
2009-12-14,0.4000000059604645,0.4000000059604645,0.38499999046325684,0.38499999046325684,0.38499999046325684,33060000
2009-12-15,0.38999998569488525,0.4000000059604645,0.38499999046325684,0.4000000059604645,0.4000000059604645,22000000
2009-12-16,0.4000000059604645,0.41499999165534973,0.3799999952316284,0.39500001072883606,0.39500001072883606,65990000
2009-12-17,0.38999998569488525,0.38999998569488525,0.3700000047683716,0.375,0.375,46040000
2009-12-18,0.3700000047683716,0.375,0.36000001430511475,0.3700000047683716,0.3700000047683716,26540000
2009-12-21,0.3700000047683716,0.375,0.36000001430511475,0.36000001430511475,0.36000001430511475,10140000
2009-12-22,0.3700000047683716,0.375,0.36000001430511475,0.3700000047683716,0.3700000047683716,43840000
2009-12-23,0.375,0.375,0.3499999940395355,0.36000001430511475,0.36000001430511475,51611600
2009-12-24,0.36000001430511475,0.375,0.36000001430511475,0.375,0.375,7020000
2009-12-28,0.375,0.3799999952316284,0.36500000953674316,0.375,0.375,24052500
2009-12-29,0.3700000047683716,0.38999998569488525,0.36500000953674316,0.3799999952316284,0.3799999952316284,60202500
2009-12-30,0.38499999046325684,0.38499999046325684,0.36500000953674316,0.3700000047683716,0.3700000047683716,53940000
2009-12-31,0.375,0.3799999952316284,0.3700000047683716,0.3799999952316284,0.3799999952316284,13600000
2010-01-04,0.375,0.3799999952316284,0.36500000953674316,0.3700000047683716,0.3700000047683716,32340000
2010-01-05,0.375,0.3799999952316284,0.3700000047683716,0.375,0.375,35060000
2010-01-06,0.3799999952316284,0.3799999952316284,0.36500000953674316,0.36500000953674316,0.36500000953674316,46460000
2010-01-07,0.3700000047683716,0.3799999952316284,0.36000001430511475,0.36000001430511475,0.36000001430511475,87882500
2010-01-08,0.36500000953674316,0.3700000047683716,0.36000001430511475,0.3700000047683716,0.3700000047683716,24280000
2010-01-11,0.3700000047683716,0.3700000047683716,0.36500000953674316,0.3700000047683716,0.3700000047683716,29005000
2010-01-12,0.3700000047683716,0.375,0.36500000953674316,0.3700000047683716,0.3700000047683716,20853500
2010-01-13,0.3700000047683716,0.36000001430511475,0.3700000047683716,0.3700000047683716,0.3700000047683716,25980000
2010-01-14,0.3700000047683716,0.41499999165534973,0.36500000953674316,0.4000000059604645,0.4000000059604645,189760000
2010-01-15,0.4050000011920929,0.4099999964237213,0.38499999046325684,0.38499999046325684,0.38499999046325684,72760000
2010-01-18,0.38999998569488525,0.39500001072883606,0.3799999952316284,0.38499999046325684,0.38499999046325684,34400000
2010-01-19,0.38499999046325684,0.38999998569488525,0.3799999952316284,0.38499999046325684,0.38499999046325684,35320000
2010-01-20,0.38499999046325684,0.4050000011920929,0.38499999046325684,0.39500001072883606,0.39500001072883606,81055000
2010-01-21,0.4000000059604645,0.4000000059604645,0.3700000047683716,0.375,0.375,58085000
2010-01-22,0.3700000047683716,0.375,0.36000001430511475,0.36500000953674316,0.36500000953674316,55380000
2010-01-25,0.36000001430511475,0.3700000047683716,0.36000001430511475,0.36500000953674316,0.36500000953674316,14740000
2010-01-26,0.3700000047683716,0.3700000047683716,0.3449999988079071,0.3449999988079071,0.3449999988079071,61420000
2010-01-27,0.3499999940395355,0.35499998927116394,0.33500000834465027,0.33500000834465027,0.33500000834465027,29374000
2010-01-28,0.3449999988079071,0.3499999940395355,0.3400000035762787,0.3400000035762787,0.3400000035762787,13200000
2010-01-29,0.33500000834465027,0.35499998927116394,0.33500000834465027,0.3499999940395355,0.3499999940395355,23680000
2010-02-01,0.3449999988079071,0.35499998927116394,0.3400000035762787,0.35499998927116394,0.35499998927116394,18980000
2010-02-02,0.3499999940395355,0.35499998927116394,0.3449999988079071,0.3499999940395355,0.3499999940395355,12580500
2010-02-03,0.35499998927116394,0.36000001430511475,0.3499999940395355,0.35499998927116394,0.35499998927116394,11570000
2010-02-04,0.35499998927116394,0.36000001430511475,0.3449999988079071,0.3449999988079071,0.3449999988079071,14544000
2010-02-05,0.33500000834465027,0.3499999940395355,0.33500000834465027,0.33500000834465027,0.33500000834465027,22240000
2010-02-08,0.3400000035762787,0.36500000953674316,0.33500000834465027,0.36500000953674316,0.36500000953674316,35101000
2010-02-09,0.36000001430511475,0.36000001430511475,0.3449999988079071,0.3499999940395355,0.3499999940395355,16850000
2010-02-10,0.35499998927116394,0.36000001430511475,0.3499999940395355,0.35499998927116394,0.35499998927116394,10441000
2010-02-11,0.35499998927116394,0.36500000953674316,0.35499998927116394,0.36000001430511475,0.36000001430511475,10940000
2010-02-12,0.35499998927116394,0.36500000953674316,0.35499998927116394,0.36500000953674316,0.36500000953674316,7220000
2010-02-17,0.36500000953674316,0.36500000953674316,0.36000001430511475,0.36000001430511475,0.36000001430511475,2600000
2010-02-18,0.35499998927116394,0.36000001430511475,0.35499998927116394,0.36000001430511475,0.36000001430511475,5560000
2010-02-19,0.35499998927116394,0.36500000953674316,0.3499999940395355,0.3499999940395355,0.3499999940395355,9520000
2010-02-22,0.36000001430511475,0.3700000047683716,0.35499998927116394,0.36500000953674316,0.36500000953674316,8560000
2010-02-23,0.36000001430511475,0.3700000047683716,0.35499998927116394,0.36000001430511475,0.36000001430511475,11000000
2010-02-24,0.36000001430511475,0.36500000953674316,0.35499998927116394,0.36500000953674316,0.36500000953674316,6020000
2010-02-25,0.36500000953674316,0.36500000953674316,0.35499998927116394,0.36000001430511475,0.36000001430511475,10860000
2010-02-26,0.35499998927116394,0.36000001430511475,0.35499998927116394,0.36000001430511475,0.36000001430511475,12842000
2010-03-01,0.36000001430511475,0.36000001430511475,0.35499998927116394,0.35499998927116394,0.35499998927116394,11340000
2010-03-02,0.3499999940395355,0.36000001430511475,0.3449999988079071,0.3499999940395355,0.3499999940395355,23040000
2010-03-03,0.3499999940395355,0.35499998927116394,0.3449999988079071,0.3449999988079071,0.3449999988079071,23642500
2010-03-04,0.3499999940395355,0.35499998927116394,0.3449999988079071,0.3449999988079071,0.3449999988079071,20600000
2010-03-05,0.3499999940395355,0.36000001430511475,0.3499999940395355,0.35499998927116394,0.35499998927116394,14085800
2010-03-08,0.35499998927116394,0.36000001430511475,0.3499999940395355,0.36000001430511475,0.36000001430511475,14320000
2010-03-09,0.36000001430511475,0.375,0.35499998927116394,0.3700000047683716,0.3700000047683716,41441000
2010-03-10,0.3700000047683716,0.3700000047683716,0.36000001430511475,0.3700000047683716,0.3700000047683716,10620000
2010-03-11,0.3700000047683716,0.38499999046325684,0.36500000953674316,0.3799999952316284,0.3799999952316284,61860000
2010-03-12,0.3799999952316284,0.38499999046325684,0.3700000047683716,0.38499999046325684,0.38499999046325684,37850000
2010-03-15,0.38999998569488525,0.38999998569488525,0.375,0.375,0.375,31600000
2010-03-16,0.3799999952316284,0.38999998569488525,0.375,0.3799999952316284,0.3799999952316284,53481500
2010-03-17,0.3799999952316284,0.3799999952316284,0.36500000953674316,0.3700000047683716,0.3700000047683716,26720000
2010-03-18,0.375,0.375,0.36500000953674316,0.3700000047683716,0.3700000047683716,28605000
2010-03-19,0.36500000953674316,0.3799999952316284,0.36500000953674316,0.3799999952316284,0.3799999952316284,35960000
2010-03-22,0.375,0.3799999952316284,0.3700000047683716,0.375,0.375,12120000
2010-03-23,0.375,0.375,0.36000001430511475,0.36500000953674316,0.36500000953674316,39138500
2010-03-24,0.36500000953674316,0.375,0.36000001430511475,0.36500000953674316,0.36500000953674316,47415000
2010-03-25,0.36000001430511475,0.36500000953674316,0.3499999940395355,0.36500000953674316,0.36500000953674316,17100000
2010-03-26,0.36500000953674316,0.36500000953674316,0.3449999988079071,0.3449999988079071,0.3449999988079071,54200000
2010-03-29,0.3499999940395355,0.36000001430511475,0.3400000035762787,0.3449999988079071,0.3449999988079071,46827500
2010-03-30,0.3499999940395355,0.36000001430511475,0.3499999940395355,0.3499999940395355,0.3499999940395355,94860000
2010-03-31,0.35499998927116394,0.36000001430511475,0.3499999940395355,0.3499999940395355,0.3499999940395355,78385000
2010-04-01,0.35499998927116394,0.36000001430511475,0.3449999988079071,0.35499998927116394,0.35499998927116394,31645500
2010-04-07,0.36500000953674316,0.36500000953674316,0.33500000834465027,0.33500000834465027,0.33500000834465027,144140000
2010-04-08,0.3400000035762787,0.3499999940395355,0.33500000834465027,0.3499999940395355,0.3499999940395355,59760000
2010-04-09,0.3449999988079071,0.35499998927116394,0.3400000035762787,0.3400000035762787,0.3400000035762787,49860000
2010-04-12,0.3400000035762787,0.3449999988079071,0.32499998807907104,0.33000001311302185,0.33000001311302185,83685500
2010-04-13,0.33000001311302185,0.33500000834465027,0.32499998807907104,0.32499998807907104,0.32499998807907104,34602800
2010-04-14,0.33000001311302185,0.3449999988079071,0.32499998807907104,0.33500000834465027,0.33500000834465027,61000000
2010-04-15,0.3400000035762787,0.3400000035762787,0.33000001311302185,0.33000001311302185,0.33000001311302185,43245000
2010-04-16,0.33000001311302185,0.33500000834465027,0.3199999928474426,0.32499998807907104,0.32499998807907104,26375000
2010-04-19,0.32499998807907104,0.33000001311302185,0.3149999976158142,0.32499998807907104,0.32499998807907104,37060000
2010-04-20,0.32499998807907104,0.3400000035762787,0.3199999928474426,0.32499998807907104,0.32499998807907104,31300000
2010-04-21,0.33000001311302185,0.33500000834465027,0.32499998807907104,0.32499998807907104,0.32499998807907104,30480000
2010-04-22,0.32499998807907104,0.33500000834465027,0.32499998807907104,0.33000001311302185,0.33000001311302185,20840000
2010-04-23,0.32499998807907104,0.3449999988079071,0.32499998807907104,0.3400000035762787,0.3400000035762787,79295000
2010-04-26,0.3400000035762787,0.3400000035762787,0.33000001311302185,0.33000001311302185,0.33000001311302185,29242000
2010-04-27,0.33000001311302185,0.3199999928474426,0.3199999928474426,0.33000001311302185,0.33000001311302185,22102500
2010-04-28,0.3199999928474426,0.3199999928474426,0.3100000023841858,0.3149999976158142,0.3149999976158142,30737000
2010-04-29,0.3149999976158142,0.32499998807907104,0.3100000023841858,0.3149999976158142,0.3149999976158142,35635000
2010-04-30,0.3149999976158142,0.32499998807907104,0.3149999976158142,0.3199999928474426,0.3199999928474426,19500000
2010-05-03,0.3149999976158142,0.3149999976158142,0.29499998688697815,0.30000001192092896,0.30000001192092896,40000000
2010-05-04,0.30000001192092896,0.30000001192092896,0.2800000011920929,0.28999999165534973,0.28999999165534973,62220000
2010-05-05,0.2849999964237213,0.3050000071525574,0.2800000011920929,0.30000001192092896,0.30000001192092896,60467000
2010-05-06,0.30000001192092896,0.3050000071525574,0.28999999165534973,0.29499998688697815,0.29499998688697815,36516500
2010-05-07,0.28999999165534973,0.30000001192092896,0.2800000011920929,0.2849999964237213,0.2849999964237213,58580000
2010-05-10,0.28999999165534973,0.30000001192092896,0.27000001072883606,0.29499998688697815,0.29499998688697815,33562500
2010-05-11,0.30000001192092896,0.30000001192092896,0.28999999165534973,0.28999999165534973,0.28999999165534973,9101500
2010-05-12,0.28999999165534973,0.30000001192092896,0.28999999165534973,0.28999999165534973,0.28999999165534973,10960000
2010-05-13,0.29499998688697815,0.30000001192092896,0.28999999165534973,0.30000001192092896,0.30000001192092896,14560000
2010-05-14,0.29499998688697815,0.29499998688697815,0.28999999165534973,0.29499998688697815,0.29499998688697815,9512500
2010-05-17,0.28999999165534973,0.28999999165534973,0.2849999964237213,0.2849999964237213,0.2849999964237213,18450000
2010-05-18,0.2849999964237213,0.28999999165534973,0.2849999964237213,0.2849999964237213,0.2849999964237213,13240000
2010-05-19,0.2849999964237213,0.2750000059604645,0.2800000011920929,0.2849999964237213,0.2849999964237213,10680000
2010-05-20,0.2800000011920929,0.28999999165534973,0.25,0.25999999046325684,0.25999999046325684,57250000
2010-05-24,0.25999999046325684,0.27000001072883606,0.2549999952316284,0.26499998569488525,0.26499998569488525,10900000
2010-05-25,0.25999999046325684,0.26499998569488525,0.2549999952316284,0.2549999952316284,0.2549999952316284,10080000
2010-05-26,0.2549999952316284,0.25999999046325684,0.25,0.2549999952316284,0.2549999952316284,12620000
2010-05-27,0.2549999952316284,0.25999999046325684,0.25,0.25999999046325684,0.25999999046325684,11580000
2010-05-28,0.26499998569488525,0.26499998569488525,0.2549999952316284,0.25999999046325684,0.25999999046325684,9425000
2010-05-31,0.25999999046325684,0.25999999046325684,0.25,0.2549999952316284,0.2549999952316284,16220000
2010-06-01,0.25,0.2549999952316284,0.25,0.2549999952316284,0.2549999952316284,17660000
2010-06-02,0.2549999952316284,0.2549999952316284,0.24699999392032623,0.24899999797344208,0.24899999797344208,7840000
2010-06-03,0.24899999797344208,0.2549999952316284,0.2460000067949295,0.24799999594688416,0.24799999594688416,7760000
2010-06-04,0.25,0.2549999952316284,0.24799999594688416,0.2549999952316284,0.2549999952316284,8880000
2010-06-07,0.24699999392032623,0.2549999952316284,0.2460000067949295,0.24899999797344208,0.24899999797344208,10100000
2010-06-08,0.24699999392032623,0.2849999964237213,0.24699999392032623,0.2800000011920929,0.2800000011920929,85840000
2010-06-09,0.2849999964237213,0.30000001192092896,0.2800000011920929,0.2849999964237213,0.2849999964237213,43600000
2010-06-10,0.2849999964237213,0.29499998688697815,0.2750000059604645,0.28999999165534973,0.28999999165534973,25081500
2010-06-11,0.29499998688697815,0.30000001192092896,0.2849999964237213,0.2849999964237213,0.2849999964237213,17242000
2010-06-14,0.28999999165534973,0.29499998688697815,0.2849999964237213,0.2849999964237213,0.2849999964237213,12100000
2010-06-15,0.2849999964237213,0.2849999964237213,0.2800000011920929,0.2849999964237213,0.2849999964237213,1860000
2010-06-17,0.2849999964237213,0.2800000011920929,0.2849999964237213,0.2849999964237213,0.2849999964237213,6240000
2010-06-18,0.2849999964237213,0.2849999964237213,0.2800000011920929,0.2849999964237213,0.2849999964237213,4660000
2010-06-21,0.2849999964237213,0.2849999964237213,0.2750000059604645,0.2849999964237213,0.2849999964237213,7660000
2010-06-22,0.2800000011920929,0.2800000011920929,0.2750000059604645,0.2750000059604645,0.2750000059604645,5020000
2010-06-23,0.2750000059604645,0.2800000011920929,0.2750000059604645,0.2750000059604645,0.2750000059604645,4440000
2010-06-24,0.2750000059604645,0.2750000059604645,0.26499998569488525,0.2750000059604645,0.2750000059604645,8240000
2010-06-25,0.26499998569488525,0.2750000059604645,0.25999999046325684,0.26499998569488525,0.26499998569488525,7980000
2010-06-28,0.26499998569488525,0.27000001072883606,0.25999999046325684,0.26499998569488525,0.26499998569488525,13380000
2010-06-29,0.26499998569488525,0.26499998569488525,0.24899999797344208,0.25,0.25,27860000
2010-06-30,0.25,0.27000001072883606,0.24799999594688416,0.26499998569488525,0.26499998569488525,8850000
2010-07-02,0.25999999046325684,0.27000001072883606,0.25999999046325684,0.26499998569488525,0.26499998569488525,6130000
2010-07-05,0.25999999046325684,0.27000001072883606,0.25999999046325684,0.27000001072883606,0.27000001072883606,9040000
2010-07-06,0.26499998569488525,0.2800000011920929,0.25999999046325684,0.2800000011920929,0.2800000011920929,15560000
2010-07-07,0.2750000059604645,0.2849999964237213,0.2750000059604645,0.2750000059604645,0.2750000059604645,10700000
2010-07-08,0.2750000059604645,0.2849999964237213,0.2750000059604645,0.2849999964237213,0.2849999964237213,15140000
2010-07-09,0.2849999964237213,0.2849999964237213,0.2750000059604645,0.2800000011920929,0.2800000011920929,14240000
2010-07-12,0.2800000011920929,0.28999999165534973,0.27000001072883606,0.2800000011920929,0.2800000011920929,16420000
2010-07-13,0.2800000011920929,0.2849999964237213,0.2800000011920929,0.2800000011920929,0.2800000011920929,9120000
2010-07-14,0.2800000011920929,0.29499998688697815,0.2800000011920929,0.29499998688697815,0.29499998688697815,16480000
2010-07-15,0.28999999165534973,0.2849999964237213,0.2849999964237213,0.28999999165534973,0.28999999165534973,10161300
2010-07-16,0.28999999165534973,0.29499998688697815,0.2849999964237213,0.2849999964237213,0.2849999964237213,5822500
2010-07-19,0.2800000011920929,0.28999999165534973,0.2800000011920929,0.2849999964237213,0.2849999964237213,5600000
2010-07-20,0.2849999964237213,0.2849999964237213,0.2800000011920929,0.2800000011920929,0.2800000011920929,10620000
2010-07-21,0.2849999964237213,0.2849999964237213,0.2800000011920929,0.2800000011920929,0.2800000011920929,7927400
2010-07-22,0.2800000011920929,0.32499998807907104,0.2800000011920929,0.32499998807907104,0.32499998807907104,32500000
2010-07-23,0.33000001311302185,0.33000001311302185,0.30000001192092896,0.3149999976158142,0.3149999976158142,21740000
2010-07-26,0.3050000071525574,0.3050000071525574,0.30000001192092896,0.30000001192092896,0.30000001192092896,13620000
2010-07-27,0.3050000071525574,0.3149999976158142,0.30000001192092896,0.3100000023841858,0.3100000023841858,11400000
2010-07-28,0.3050000071525574,0.3100000023841858,0.3050000071525574,0.3050000071525574,0.3050000071525574,6825000
2010-07-29,0.3050000071525574,0.3050000071525574,0.30000001192092896,0.3050000071525574,0.3050000071525574,2940000
2010-07-30,0.30000001192092896,0.3149999976158142,0.29499998688697815,0.30000001192092896,0.30000001192092896,23820000
2010-08-02,0.30000001192092896,0.3100000023841858,0.30000001192092896,0.3100000023841858,0.3100000023841858,10450200
2010-08-03,0.3050000071525574,0.3050000071525574,0.30000001192092896,0.3050000071525574,0.3050000071525574,15520000
2010-08-04,0.3050000071525574,0.3050000071525574,0.28999999165534973,0.30000001192092896,0.30000001192092896,29240000
2010-08-05,0.30000001192092896,0.30000001192092896,0.2849999964237213,0.29499998688697815,0.29499998688697815,25300000
2010-08-06,0.28999999165534973,0.28999999165534973,0.2849999964237213,0.28999999165534973,0.28999999165534973,17160000
2010-08-09,0.2849999964237213,0.29499998688697815,0.2800000011920929,0.28999999165534973,0.28999999165534973,28020000
2010-08-10,0.2849999964237213,0.28999999165534973,0.2800000011920929,0.2849999964237213,0.2849999964237213,56420000
2010-08-11,0.2849999964237213,0.28999999165534973,0.2800000011920929,0.2849999964237213,0.2849999964237213,17452500
2010-08-12,0.2800000011920929,0.2849999964237213,0.2750000059604645,0.2800000011920929,0.2800000011920929,9040000
2010-08-13,0.2800000011920929,0.2849999964237213,0.2800000011920929,0.2849999964237213,0.2849999964237213,4580000
2010-08-16,0.2750000059604645,0.2750000059604645,0.25999999046325684,0.26499998569488525,0.26499998569488525,32660000
2010-08-17,0.26499998569488525,0.26499998569488525,0.25,0.25999999046325684,0.25999999046325684,29960000
2010-08-18,0.25999999046325684,0.27000001072883606,0.25999999046325684,0.26499998569488525,0.26499998569488525,8560000
2010-08-19,0.26499998569488525,0.27000001072883606,0.26499998569488525,0.27000001072883606,0.27000001072883606,3160000
2010-08-20,0.26499998569488525,0.26499998569488525,0.2549999952316284,0.2549999952316284,0.2549999952316284,9381000
2010-08-23,0.2549999952316284,0.26499998569488525,0.2549999952316284,0.25999999046325684,0.25999999046325684,7020000
2010-08-24,0.25999999046325684,0.26499998569488525,0.2549999952316284,0.25999999046325684,0.25999999046325684,9420000
2010-08-25,0.25999999046325684,0.25999999046325684,0.2549999952316284,0.2549999952316284,0.2549999952316284,8220000
2010-08-26,0.2549999952316284,0.25999999046325684,0.2549999952316284,0.25999999046325684,0.25999999046325684,2660000
2010-08-27,0.2549999952316284,0.26499998569488525,0.2549999952316284,0.26499998569488525,0.26499998569488525,9560000
2010-08-30,0.26499998569488525,0.26499998569488525,0.25999999046325684,0.25999999046325684,0.25999999046325684,6487500
2010-08-31,0.25999999046325684,0.26499998569488525,0.25,0.25999999046325684,0.25999999046325684,27480000
2010-09-01,0.26499998569488525,0.27000001072883606,0.25999999046325684,0.27000001072883606,0.27000001072883606,18962000
2010-09-02,0.27000001072883606,0.28999999165534973,0.26499998569488525,0.28999999165534973,0.28999999165534973,42980000
2010-09-03,0.28999999165534973,0.28999999165534973,0.2800000011920929,0.2800000011920929,0.2800000011920929,12860000
2010-09-06,0.2800000011920929,0.2849999964237213,0.2750000059604645,0.2849999964237213,0.2849999964237213,12305000
2010-09-07,0.28999999165534973,0.28999999165534973,0.2800000011920929,0.2800000011920929,0.2800000011920929,4980000
2010-09-08,0.2800000011920929,0.2849999964237213,0.27000001072883606,0.2800000011920929,0.2800000011920929,8120000
2010-09-09,0.2800000011920929,0.28999999165534973,0.2800000011920929,0.2849999964237213,0.2849999964237213,8400000
2010-09-10,0.2849999964237213,0.2849999964237213,0.2800000011920929,0.2800000011920929,0.2800000011920929,7380000
2010-09-13,0.2800000011920929,0.2800000011920929,0.27000001072883606,0.27000001072883606,0.27000001072883606,19320000
2010-09-14,0.27000001072883606,0.2750000059604645,0.26499998569488525,0.27000001072883606,0.27000001072883606,6762500
2010-09-15,0.2750000059604645,0.2750000059604645,0.26499998569488525,0.26499998569488525,0.26499998569488525,4660000
2010-09-16,0.26499998569488525,0.27000001072883606,0.26499998569488525,0.26499998569488525,0.26499998569488525,2940000
2010-09-17,0.26499998569488525,0.2800000011920929,0.26499998569488525,0.27000001072883606,0.27000001072883606,27670000
2010-09-20,0.27000001072883606,0.2800000011920929,0.27000001072883606,0.2800000011920929,0.2800000011920929,2760000
2010-09-21,0.2750000059604645,0.2800000011920929,0.27000001072883606,0.2750000059604645,0.2750000059604645,8980000
2010-09-22,0.27000001072883606,0.2750000059604645,0.27000001072883606,0.2750000059604645,0.2750000059604645,1085000
2010-09-24,0.2800000011920929,0.2849999964237213,0.27000001072883606,0.2849999964237213,0.2849999964237213,16100000
2010-09-27,0.28999999165534973,0.28999999165534973,0.2800000011920929,0.2800000011920929,0.2800000011920929,17702500
2010-09-28,0.2750000059604645,0.2800000011920929,0.27000001072883606,0.2800000011920929,0.2800000011920929,12280000
2010-09-29,0.2800000011920929,0.2800000011920929,0.27000001072883606,0.2750000059604645,0.2750000059604645,12340000
2010-09-30,0.2750000059604645,0.2750000059604645,0.27000001072883606,0.2750000059604645,0.2750000059604645,7140000
2010-10-04,0.2750000059604645,0.2750000059604645,0.27000001072883606,0.27000001072883606,0.27000001072883606,4440000
2010-10-05,0.27000001072883606,0.2750000059604645,0.27000001072883606,0.2750000059604645,0.2750000059604645,6120000
2010-10-06,0.2750000059604645,0.2800000011920929,0.2750000059604645,0.2750000059604645,0.2750000059604645,15422000
2010-10-07,0.2800000011920929,0.2800000011920929,0.2750000059604645,0.2750000059604645,0.2750000059604645,9904500
2010-10-08,0.2750000059604645,0.2750000059604645,0.27000001072883606,0.27000001072883606,0.27000001072883606,5127500
2010-10-11,0.27000001072883606,0.2750000059604645,0.27000001072883606,0.27000001072883606,0.27000001072883606,14740000
2010-10-12,0.27000001072883606,0.2750000059604645,0.26499998569488525,0.2750000059604645,0.2750000059604645,12741000
2010-10-13,0.2750000059604645,0.2849999964237213,0.27000001072883606,0.2849999964237213,0.2849999964237213,28421000
2010-10-14,0.2849999964237213,0.2849999964237213,0.27000001072883606,0.27000001072883606,0.27000001072883606,13859900
2010-10-15,0.27000001072883606,0.2750000059604645,0.26499998569488525,0.2750000059604645,0.2750000059604645,11980000
2010-10-18,0.27000001072883606,0.2750000059604645,0.26499998569488525,0.27000001072883606,0.27000001072883606,6420000
2010-10-19,0.27000001072883606,0.2750000059604645,0.26499998569488525,0.2750000059604645,0.2750000059604645,10400000
2010-10-20,0.27000001072883606,0.2750000059604645,0.26499998569488525,0.27000001072883606,0.27000001072883606,18085800
2010-10-21,0.2750000059604645,0.2750000059604645,0.26499998569488525,0.26499998569488525,0.26499998569488525,18640000
2010-10-22,0.26499998569488525,0.27000001072883606,0.26499998569488525,0.26499998569488525,0.26499998569488525,13685000
2010-10-25,0.26499998569488525,0.27000001072883606,0.26499998569488525,0.26499998569488525,0.26499998569488525,7870000
2010-10-26,0.26499998569488525,0.26499998569488525,0.25999999046325684,0.26499998569488525,0.26499998569488525,4600000
2010-10-27,0.26499998569488525,0.26499998569488525,0.25999999046325684,0.25999999046325684,0.25999999046325684,16665000
2010-10-28,0.2549999952316284,0.26499998569488525,0.2549999952316284,0.25999999046325684,0.25999999046325684,21320000
2010-10-29,0.2549999952316284,0.26499998569488525,0.2549999952316284,0.25999999046325684,0.25999999046325684,33247500
2010-11-01,0.25,0.25999999046325684,0.2460000067949295,0.24899999797344208,0.24899999797344208,17960000
2010-11-02,0.24899999797344208,0.2549999952316284,0.24899999797344208,0.2549999952316284,0.2549999952316284,9200000
2010-11-03,0.25999999046325684,0.2750000059604645,0.2549999952316284,0.25999999046325684,0.25999999046325684,24585000
2010-11-04,0.26499998569488525,0.2750000059604645,0.26499998569488525,0.27000001072883606,0.27000001072883606,24710000
2010-11-05,0.27000001072883606,0.27000001072883606,0.26499998569488525,0.27000001072883606,0.27000001072883606,9060000
2010-11-08,0.26499998569488525,0.27000001072883606,0.25999999046325684,0.27000001072883606,0.27000001072883606,19810000
2010-11-09,0.26499998569488525,0.28999999165534973,0.26499998569488525,0.28999999165534973,0.28999999165534973,43560000
2010-11-10,0.28999999165534973,0.28999999165534973,0.2800000011920929,0.2849999964237213,0.2849999964237213,24900000
2010-11-11,0.2849999964237213,0.2849999964237213,0.27000001072883606,0.2800000011920929,0.2800000011920929,23285000
2010-11-12,0.2800000011920929,0.2800000011920929,0.27000001072883606,0.2750000059604645,0.2750000059604645,18080000
2010-11-15,0.2750000059604645,0.2750000059604645,0.27000001072883606,0.2750000059604645,0.2750000059604645,3420000
2010-11-16,0.2750000059604645,0.2800000011920929,0.26499998569488525,0.26499998569488525,0.26499998569488525,6880000
2010-11-17,0.26499998569488525,0.26499998569488525,0.2549999952316284,0.25999999046325684,0.25999999046325684,19800000
2010-11-18,0.25999999046325684,0.26499998569488525,0.25999999046325684,0.25999999046325684,0.25999999046325684,7880000
2010-11-19,0.25999999046325684,0.27000001072883606,0.25999999046325684,0.25999999046325684,0.25999999046325684,2840000
2010-11-22,0.26499998569488525,0.26499998569488525,0.25999999046325684,0.25999999046325684,0.25999999046325684,3160000
2010-11-23,0.25999999046325684,0.26499998569488525,0.2549999952316284,0.25999999046325684,0.25999999046325684,10904600
2010-11-24,0.26499998569488525,0.26499998569488525,0.25999999046325684,0.25999999046325684,0.25999999046325684,6245000
2010-11-25,0.25999999046325684,0.25999999046325684,0.2549999952316284,0.2549999952316284,0.2549999952316284,4020000
2010-11-26,0.25999999046325684,0.25999999046325684,0.2549999952316284,0.25999999046325684,0.25999999046325684,6980000
2010-11-29,0.25999999046325684,0.25999999046325684,0.2549999952316284,0.2549999952316284,0.2549999952316284,3460000
2010-11-30,0.2549999952316284,0.25999999046325684,0.25,0.25999999046325684,0.25999999046325684,6060000
2010-12-01,0.25999999046325684,0.26499998569488525,0.2549999952316284,0.2549999952316284,0.2549999952316284,9360000
2010-12-02,0.2549999952316284,0.2750000059604645,0.2549999952316284,0.2750000059604645,0.2750000059604645,18680000
2010-12-03,0.2750000059604645,0.2750000059604645,0.25999999046325684,0.25999999046325684,0.25999999046325684,10000000
2010-12-06,0.26499998569488525,0.2750000059604645,0.26499998569488525,0.27000001072883606,0.27000001072883606,21162500
2010-12-07,0.2750000059604645,0.2750000059604645,0.26499998569488525,0.27000001072883606,0.27000001072883606,14352500
2010-12-08,0.27000001072883606,0.2750000059604645,0.27000001072883606,0.2750000059604645,0.2750000059604645,7320000
2010-12-09,0.2750000059604645,0.2750000059604645,0.27000001072883606,0.27000001072883606,0.27000001072883606,4680000
2010-12-10,0.2750000059604645,0.2750000059604645,0.26499998569488525,0.27000001072883606,0.27000001072883606,6285000
2010-12-13,0.27000001072883606,0.27000001072883606,0.26499998569488525,0.26499998569488525,0.26499998569488525,10950000
2010-12-14,0.27000001072883606,0.27000001072883606,0.25999999046325684,0.26499998569488525,0.26499998569488525,7460000
2010-12-15,0.26499998569488525,0.27000001072883606,0.25999999046325684,0.26499998569488525,0.26499998569488525,10900000
2010-12-16,0.26499998569488525,0.26499998569488525,0.25999999046325684,0.25999999046325684,0.25999999046325684,10180000
2010-12-17,0.26499998569488525,0.26499998569488525,0.25999999046325684,0.25999999046325684,0.25999999046325684,2582500
2010-12-20,0.25999999046325684,0.26499998569488525,0.2549999952316284,0.2549999952316284,0.2549999952316284,6080000
2010-12-21,0.2549999952316284,0.25999999046325684,0.2549999952316284,0.2549999952316284,0.2549999952316284,4682500
2010-12-22,0.25999999046325684,0.25999999046325684,0.2549999952316284,0.25999999046325684,0.25999999046325684,5280000
2010-12-23,0.25999999046325684,0.25999999046325684,0.2549999952316284,0.2549999952316284,0.2549999952316284,3780000
2010-12-24,0.2549999952316284,0.2549999952316284,0.25,0.25,0.25,4960000
2010-12-28,0.2549999952316284,0.2549999952316284,0.25,0.25,0.25,26140000
2010-12-29,0.25,0.25999999046325684,0.25,0.2549999952316284,0.2549999952316284,8240000
2010-12-30,0.2549999952316284,0.25999999046325684,0.2549999952316284,0.25999999046325684,0.25999999046325684,6782000
2010-12-31,0.26499998569488525,0.26499998569488525,0.2549999952316284,0.26499998569488525,0.26499998569488525,5580000
2011-01-03,0.26499998569488525,0.26499998569488525,0.2549999952316284,0.25999999046325684,0.25999999046325684,4470000
2011-01-04,0.25999999046325684,0.27000001072883606,0.25999999046325684,0.27000001072883606,0.27000001072883606,8560000
2011-01-05,0.27000001072883606,0.27000001072883606,0.25999999046325684,0.25999999046325684,0.25999999046325684,8360000
2011-01-06,0.26499998569488525,0.26499998569488525,0.25999999046325684,0.26499998569488525,0.26499998569488525,3280000
2011-01-07,0.26499998569488525,0.27000001072883606,0.25999999046325684,0.26499998569488525,0.26499998569488525,5541000
2011-01-10,0.27000001072883606,0.27000001072883606,0.25999999046325684,0.27000001072883606,0.27000001072883606,3261000
2011-01-11,0.27000001072883606,0.27000001072883606,0.26499998569488525,0.26499998569488525,0.26499998569488525,640000
2011-01-12,0.26499998569488525,0.26499998569488525,0.25999999046325684,0.26499998569488525,0.26499998569488525,2220000
2011-01-13,0.26499998569488525,0.26499998569488525,0.25999999046325684,0.25999999046325684,0.25999999046325684,3060000
2011-01-14,0.26499998569488525,0.26499998569488525,0.25999999046325684,0.25999999046325684,0.25999999046325684,3470000
2011-01-17,0.25999999046325684,0.26499998569488525,0.2549999952316284,0.25999999046325684,0.25999999046325684,17700000
2011-01-18,0.25999999046325684,0.27000001072883606,0.2549999952316284,0.27000001072883606,0.27000001072883606,24330000
2011-01-19,0.27000001072883606,0.2750000059604645,0.25999999046325684,0.2750000059604645,0.2750000059604645,31340000
2011-01-20,0.2750000059604645,0.2800000011920929,0.27000001072883606,0.2750000059604645,0.2750000059604645,34440000
2011-01-21,0.2750000059604645,0.2849999964237213,0.2750000059604645,0.2800000011920929,0.2800000011920929,15880000
2011-01-24,0.2849999964237213,0.2849999964237213,0.25999999046325684,0.26499998569488525,0.26499998569488525,20320000
2011-01-25,0.26499998569488525,0.26499998569488525,0.2549999952316284,0.25999999046325684,0.25999999046325684,24440000
2011-01-26,0.26499998569488525,0.2750000059604645,0.25999999046325684,0.2750000059604645,0.2750000059604645,13900000
2011-01-27,0.27000001072883606,0.2750000059604645,0.27000001072883606,0.27000001072883606,0.27000001072883606,720000
2011-01-28,0.26499998569488525,0.27000001072883606,0.26499998569488525,0.26499998569488525,0.26499998569488525,760000
2011-01-31,0.27000001072883606,0.27000001072883606,0.25999999046325684,0.25999999046325684,0.25999999046325684,2080000
2011-02-01,0.25999999046325684,0.25999999046325684,0.25999999046325684,0.25999999046325684,0.25999999046325684,1300000
2011-02-02,0.25999999046325684,0.27000001072883606,0.25999999046325684,0.27000001072883606,0.27000001072883606,3520000
2011-02-07,0.26499998569488525,0.26499998569488525,0.25999999046325684,0.25999999046325684,0.25999999046325684,2740000
2011-02-08,0.26499998569488525,0.27000001072883606,0.25999999046325684,0.27000001072883606,0.27000001072883606,6680000
2011-02-09,0.26499998569488525,0.27000001072883606,0.26499998569488525,0.26499998569488525,0.26499998569488525,3946500
2011-02-10,0.26499998569488525,0.26499998569488525,0.25999999046325684,0.25999999046325684,0.25999999046325684,4540000
2011-02-11,0.25999999046325684,0.26499998569488525,0.25999999046325684,0.25999999046325684,0.25999999046325684,1140000
2011-02-14,0.25999999046325684,0.25999999046325684,0.2549999952316284,0.25999999046325684,0.25999999046325684,1040000
2011-02-15,0.25999999046325684,0.2750000059604645,0.25999999046325684,0.26499998569488525,0.26499998569488525,12284000
2011-02-16,0.26499998569488525,0.27000001072883606,0.25999999046325684,0.26499998569488525,0.26499998569488525,920000
2011-02-17,0.27000001072883606,0.27000001072883606,0.25999999046325684,0.26499998569488525,0.26499998569488525,2980000
2011-02-18,0.25999999046325684,0.26499998569488525,0.25999999046325684,0.26499998569488525,0.26499998569488525,1360000
2011-02-21,0.26499998569488525,0.26499998569488525,0.25999999046325684,0.26499998569488525,0.26499998569488525,7160000
2011-02-22,0.26499998569488525,0.26499998569488525,0.2549999952316284,0.2549999952316284,0.2549999952316284,6570000
2011-02-23,0.25999999046325684,0.2750000059604645,0.25999999046325684,0.2750000059604645,0.2750000059604645,33540000
2011-02-24,0.2750000059604645,0.2750000059604645,0.25999999046325684,0.25999999046325684,0.25999999046325684,9320000
2011-02-25,0.27000001072883606,0.27000001072883606,0.25999999046325684,0.26499998569488525,0.26499998569488525,14592000
2011-02-28,0.26499998569488525,0.26499998569488525,0.25999999046325684,0.26499998569488525,0.26499998569488525,16500000
2011-03-01,0.26499998569488525,0.27000001072883606,0.25999999046325684,0.25999999046325684,0.25999999046325684,6240000
2011-03-02,0.25999999046325684,0.27000001072883606,0.25999999046325684,0.26499998569488525,0.26499998569488525,27020000
2011-03-03,0.25999999046325684,0.26499998569488525,0.25999999046325684,0.25999999046325684,0.25999999046325684,10960000
2011-03-04,0.25999999046325684,0.26499998569488525,0.25999999046325684,0.25999999046325684,0.25999999046325684,4040000
2011-03-07,0.2549999952316284,0.25999999046325684,0.2549999952316284,0.25999999046325684,0.25999999046325684,9665000
2011-03-08,0.25999999046325684,0.25999999046325684,0.2549999952316284,0.25999999046325684,0.25999999046325684,9980000
2011-03-09,0.25999999046325684,0.25999999046325684,0.2549999952316284,0.25999999046325684,0.25999999046325684,10580000
2011-03-10,0.25999999046325684,0.25999999046325684,0.2549999952316284,0.2549999952316284,0.2549999952316284,6440000
2011-03-11,0.2549999952316284,0.2549999952316284,0.25,0.25,0.25,7380000
2011-03-14,0.25,0.2549999952316284,0.24899999797344208,0.2549999952316284,0.2549999952316284,23680000
2011-03-15,0.25,0.25,0.24500000476837158,0.24500000476837158,0.24500000476837158,8840000
2011-03-16,0.24699999392032623,0.24899999797344208,0.24400000274181366,0.24500000476837158,0.24500000476837158,11481500
2011-03-17,0.24199999868869781,0.24500000476837158,0.23800000548362732,0.23899999260902405,0.23899999260902405,4600000
2011-03-18,0.23800000548362732,0.24500000476837158,0.2370000034570694,0.24199999868869781,0.24199999868869781,6680000
2011-03-21,0.24300000071525574,0.25,0.23999999463558197,0.24699999392032623,0.24699999392032623,2080000
2011-03-22,0.25,0.25,0.24300000071525574,0.24799999594688416,0.24799999594688416,1170000
2011-03-23,0.24500000476837158,0.25,0.24199999868869781,0.24199999868869781,0.24199999868869781,5520000
2011-03-24,0.25,0.25,0.24400000274181366,0.24799999594688416,0.24799999594688416,7200000
2011-03-25,0.2460000067949295,0.24899999797344208,0.24400000274181366,0.24699999392032623,0.24699999392032623,7045000
2011-03-28,0.24199999868869781,0.24500000476837158,0.23999999463558197,0.23999999463558197,0.23999999463558197,5080000
2011-03-29,0.23999999463558197,0.23999999463558197,0.2280000001192093,0.23999999463558197,0.23999999463558197,6221000
2011-03-30,0.23499999940395355,0.24300000071525574,0.23499999940395355,0.23999999463558197,0.23999999463558197,9880000
2011-03-31,0.23899999260902405,0.24400000274181366,0.23899999260902405,0.24400000274181366,0.24400000274181366,6522500
2011-04-01,0.23999999463558197,0.24500000476837158,0.23499999940395355,0.2370000034570694,0.2370000034570694,1289000
2011-04-04,0.2370000034570694,0.24500000476837158,0.23199999332427979,0.2370000034570694,0.2370000034570694,4545000
2011-04-06,0.2370000034570694,0.23999999463558197,0.2370000034570694,0.23800000548362732,0.23800000548362732,9380000
2011-04-07,0.23399999737739563,0.23399999737739563,0.22200000286102295,0.2240000069141388,0.2240000069141388,17080000
2011-04-08,0.2240000069141388,0.2240000069141388,0.2150000035762787,0.2199999988079071,0.2199999988079071,12804000
2011-04-11,0.2199999988079071,0.23499999940395355,0.2199999988079071,0.2240000069141388,0.2240000069141388,13000000
2011-04-12,0.2240000069141388,0.2240000069141388,0.21799999475479126,0.2199999988079071,0.2199999988079071,2920000
2011-04-13,0.21799999475479126,0.2199999988079071,0.2150000035762787,0.2199999988079071,0.2199999988079071,3300000
2011-04-14,0.2199999988079071,0.2280000001192093,0.21699999272823334,0.22499999403953552,0.22499999403953552,20000000
2011-04-15,0.2280000001192093,0.25999999046325684,0.2280000001192093,0.2549999952316284,0.2549999952316284,61964000
2011-04-18,0.25999999046325684,0.28999999165534973,0.2549999952316284,0.2849999964237213,0.2849999964237213,116507000
2011-04-19,0.2849999964237213,0.28999999165534973,0.2750000059604645,0.28999999165534973,0.28999999165534973,65680000
2011-04-20,0.28999999165534973,0.29499998688697815,0.2750000059604645,0.2849999964237213,0.2849999964237213,53560000
2011-04-21,0.2849999964237213,0.28999999165534973,0.2800000011920929,0.28999999165534973,0.28999999165534973,34155000
2011-04-26,0.2849999964237213,0.28999999165534973,0.2800000011920929,0.2849999964237213,0.2849999964237213,29140000
2011-04-27,0.2849999964237213,0.28999999165534973,0.27000001072883606,0.2849999964237213,0.2849999964237213,20360000
2011-04-28,0.2800000011920929,0.29499998688697815,0.2750000059604645,0.29499998688697815,0.29499998688697815,46640000
2011-04-29,0.28999999165534973,0.3149999976158142,0.2849999964237213,0.3100000023841858,0.3100000023841858,134200000
2011-05-03,0.3100000023841858,0.32499998807907104,0.30000001192092896,0.3100000023841858,0.3100000023841858,73582500
2011-05-04,0.3050000071525574,0.3050000071525574,0.29499998688697815,0.3050000071525574,0.3050000071525574,20121000
2011-05-05,0.3100000023841858,0.3100000023841858,0.30000001192092896,0.3050000071525574,0.3050000071525574,13160000
2011-05-06,0.30000001192092896,0.30000001192092896,0.28999999165534973,0.30000001192092896,0.30000001192092896,11400000
2011-05-09,0.30000001192092896,0.3050000071525574,0.29499998688697815,0.3050000071525574,0.3050000071525574,9670000
2011-05-11,0.30000001192092896,0.3050000071525574,0.29499998688697815,0.30000001192092896,0.30000001192092896,27400000
2011-05-12,0.29499998688697815,0.29499998688697815,0.2849999964237213,0.2849999964237213,0.2849999964237213,32990000
2011-05-13,0.28999999165534973,0.3050000071525574,0.28999999165534973,0.3050000071525574,0.3050000071525574,27620000
2011-05-16,0.30000001192092896,0.30000001192092896,0.29499998688697815,0.29499998688697815,0.29499998688697815,10025000
2011-05-17,0.29499998688697815,0.3050000071525574,0.29499998688697815,0.30000001192092896,0.30000001192092896,14880000
2011-05-18,0.29499998688697815,0.29499998688697815,0.28999999165534973,0.29499998688697815,0.29499998688697815,11710000
2011-05-19,0.28999999165534973,0.28999999165534973,0.2800000011920929,0.2800000011920929,0.2800000011920929,15740000
2011-05-20,0.2800000011920929,0.2800000011920929,0.27000001072883606,0.27000001072883606,0.27000001072883606,22442000
2011-05-23,0.26499998569488525,0.2849999964237213,0.26499998569488525,0.27000001072883606,0.27000001072883606,18720000
2011-05-24,0.27000001072883606,0.27000001072883606,0.27000001072883606,0.27000001072883606,0.27000001072883606,10200000
2011-05-25,0.27000001072883606,0.2750000059604645,0.25999999046325684,0.27000001072883606,0.27000001072883606,2900000
2011-05-26,0.27000001072883606,0.2750000059604645,0.27000001072883606,0.2750000059604645,0.2750000059604645,7020000
2011-05-27,0.2800000011920929,0.2800000011920929,0.27000001072883606,0.2800000011920929,0.2800000011920929,6340000
2011-05-30,0.2800000011920929,0.2800000011920929,0.27000001072883606,0.27000001072883606,0.27000001072883606,5862500
2011-05-31,0.27000001072883606,0.2800000011920929,0.26499998569488525,0.2750000059604645,0.2750000059604645,11640000
2011-06-01,0.2750000059604645,0.2800000011920929,0.27000001072883606,0.2800000011920929,0.2800000011920929,9586500
2011-06-02,0.27000001072883606,0.28999999165534973,0.27000001072883606,0.28999999165534973,0.28999999165534973,13105000
2011-06-03,0.2800000011920929,0.28999999165534973,0.2800000011920929,0.2849999964237213,0.2849999964237213,12823000
2011-06-07,0.28999999165534973,0.28999999165534973,0.2800000011920929,0.2849999964237213,0.2849999964237213,9100000
2011-06-08,0.2800000011920929,0.2849999964237213,0.2750000059604645,0.2750000059604645,0.2750000059604645,11942500
2011-06-09,0.27000001072883606,0.2849999964237213,0.27000001072883606,0.2800000011920929,0.2800000011920929,28020000
2011-06-10,0.2800000011920929,0.2800000011920929,0.27000001072883606,0.27000001072883606,0.27000001072883606,20020000
2011-06-13,0.27000001072883606,0.2750000059604645,0.27000001072883606,0.2750000059604645,0.2750000059604645,8840000
2011-06-14,0.2750000059604645,0.2800000011920929,0.2750000059604645,0.2800000011920929,0.2800000011920929,2080000
2011-06-15,0.2750000059604645,0.2800000011920929,0.2750000059604645,0.2800000011920929,0.2800000011920929,7580000
2011-06-16,0.2750000059604645,0.2800000011920929,0.27000001072883606,0.2800000011920929,0.2800000011920929,30620000
2011-06-17,0.2750000059604645,0.2750000059604645,0.26499998569488525,0.2750000059604645,0.2750000059604645,12040000
2011-06-20,0.27000001072883606,0.27000001072883606,0.25999999046325684,0.25999999046325684,0.25999999046325684,7060000
2011-06-21,0.26499998569488525,0.26499998569488525,0.25999999046325684,0.26499998569488525,0.26499998569488525,1720000
2011-06-22,0.26499998569488525,0.27000001072883606,0.25999999046325684,0.25999999046325684,0.25999999046325684,2680000
2011-06-23,0.25999999046325684,0.2800000011920929,0.25999999046325684,0.27000001072883606,0.27000001072883606,9410000
2011-06-24,0.27000001072883606,0.2800000011920929,0.26499998569488525,0.2800000011920929,0.2800000011920929,5800000
2011-06-27,0.2750000059604645,0.2750000059604645,0.27000001072883606,0.2750000059604645,0.2750000059604645,1160000
2011-06-28,0.2750000059604645,0.2750000059604645,0.27000001072883606,0.2750000059604645,0.2750000059604645,1020000
2011-06-29,0.2750000059604645,0.2750000059604645,0.27000001072883606,0.2750000059604645,0.2750000059604645,2400000
2011-06-30,0.2750000059604645,0.28999999165534973,0.2750000059604645,0.2800000011920929,0.2800000011920929,30680000
2011-07-04,0.2800000011920929,0.2849999964237213,0.2750000059604645,0.2800000011920929,0.2800000011920929,11140000
2011-07-05,0.2800000011920929,0.2800000011920929,0.2750000059604645,0.2800000011920929,0.2800000011920929,3264000
2011-07-06,0.2750000059604645,0.2800000011920929,0.2750000059604645,0.2800000011920929,0.2800000011920929,1700000
2011-07-07,0.2750000059604645,0.2800000011920929,0.27000001072883606,0.2800000011920929,0.2800000011920929,6220000
2011-07-08,0.2800000011920929,0.2800000011920929,0.27000001072883606,0.2800000011920929,0.2800000011920929,3940000
2011-07-11,0.2750000059604645,0.2750000059604645,0.27000001072883606,0.2750000059604645,0.2750000059604645,12720000
2011-07-12,0.26499998569488525,0.2750000059604645,0.26499998569488525,0.27000001072883606,0.27000001072883606,12400000
2011-07-13,0.27000001072883606,0.27000001072883606,0.26499998569488525,0.27000001072883606,0.27000001072883606,8520000
2011-07-14,0.27000001072883606,0.2750000059604645,0.26499998569488525,0.27000001072883606,0.27000001072883606,9150000
2011-07-15,0.26499998569488525,0.27000001072883606,0.25999999046325684,0.27000001072883606,0.27000001072883606,7020000
2011-07-18,0.27000001072883606,0.2750000059604645,0.25999999046325684,0.27000001072883606,0.27000001072883606,9261500
2011-07-19,0.26499998569488525,0.27000001072883606,0.25999999046325684,0.27000001072883606,0.27000001072883606,13280000
2011-07-20,0.25999999046325684,0.25999999046325684,0.2549999952316284,0.25999999046325684,0.25999999046325684,14040000
2011-07-21,0.25999999046325684,0.26499998569488525,0.25999999046325684,0.26499998569488525,0.26499998569488525,2320000
2011-07-22,0.26499998569488525,0.26499998569488525,0.25,0.2549999952316284,0.2549999952316284,22580000
2011-07-25,0.2549999952316284,0.2549999952316284,0.2460000067949295,0.2460000067949295,0.2460000067949295,10660000
2011-07-26,0.24300000071525574,0.24899999797344208,0.2409999966621399,0.24500000476837158,0.24500000476837158,2260000
2011-07-27,0.24199999868869781,0.2549999952316284,0.2409999966621399,0.25,0.25,9620000
2011-07-28,0.24300000071525574,0.2549999952316284,0.24300000071525574,0.24500000476837158,0.24500000476837158,9504000
2011-07-29,0.24500000476837158,0.25,0.2409999966621399,0.24699999392032623,0.24699999392032623,1360000
2011-08-01,0.24199999868869781,0.24500000476837158,0.2409999966621399,0.24199999868869781,0.24199999868869781,3700000
2011-08-02,0.24199999868869781,0.24699999392032623,0.2370000034570694,0.24500000476837158,0.24500000476837158,4380000
2011-08-03,0.24300000071525574,0.2549999952316284,0.23999999463558197,0.2549999952316284,0.2549999952316284,10800000
2011-08-04,0.2549999952316284,0.2549999952316284,0.24500000476837158,0.25,0.25,11267000
2011-08-05,0.24500000476837158,0.24500000476837158,0.2290000021457672,0.23800000548362732,0.23800000548362732,17180000
2011-08-08,0.23000000417232513,0.24500000476837158,0.22499999403953552,0.23000000417232513,0.23000000417232513,9740000
2011-08-09,0.2199999988079071,0.2329999953508377,0.21299999952316284,0.23199999332427979,0.23199999332427979,10080000
2011-08-10,0.23499999940395355,0.23499999940395355,0.22499999403953552,0.23199999332427979,0.23199999332427979,1960000
2011-08-11,0.2280000001192093,0.2280000001192093,0.2150000035762787,0.22499999403953552,0.22499999403953552,3220000
2011-08-12,0.23000000417232513,0.23499999940395355,0.2280000001192093,0.23100000619888306,0.23100000619888306,1420000
2011-08-15,0.22599999606609344,0.24300000071525574,0.22599999606609344,0.23999999463558197,0.23999999463558197,7760000
2011-08-16,0.23499999940395355,0.2460000067949295,0.23499999940395355,0.24400000274181366,0.24400000274181366,2520000
2011-08-17,0.23999999463558197,0.24500000476837158,0.23499999940395355,0.23800000548362732,0.23800000548362732,8400000
2011-08-18,0.24199999868869781,0.24500000476837158,0.2370000034570694,0.24500000476837158,0.24500000476837158,3040000
2011-08-19,0.23999999463558197,0.23999999463558197,0.23499999940395355,0.23600000143051147,0.23600000143051147,2360000
2011-08-22,0.2409999966621399,0.2409999966621399,0.22599999606609344,0.23000000417232513,0.23000000417232513,4880000
2011-08-23,0.23199999332427979,0.23199999332427979,0.22499999403953552,0.2290000021457672,0.2290000021457672,4182000
2011-08-24,0.2280000001192093,0.2280000001192093,0.22499999403953552,0.22499999403953552,0.22499999403953552,7220000
2011-08-25,0.2280000001192093,0.23000000417232513,0.22100000083446503,0.2290000021457672,0.2290000021457672,5660000
2011-08-26,0.23100000619888306,0.24799999594688416,0.23100000619888306,0.24500000476837158,0.24500000476837158,27040000
2011-08-29,0.23999999463558197,0.2409999966621399,0.2290000021457672,0.2290000021457672,0.2290000021457672,6120000
2011-08-30,0.23399999737739563,0.23499999940395355,0.23000000417232513,0.23000000417232513,0.23000000417232513,4300000
2011-08-31,0.2280000001192093,0.23399999737739563,0.2280000001192093,0.2329999953508377,0.2329999953508377,2722500
2011-09-01,0.22699999809265137,0.23000000417232513,0.22699999809265137,0.23000000417232513,0.23000000417232513,500000
2011-09-02,0.2329999953508377,0.24500000476837158,0.2329999953508377,0.2370000034570694,0.2370000034570694,5545000
2011-09-05,0.23199999332427979,0.23800000548362732,0.23100000619888306,0.23800000548362732,0.23800000548362732,620000
2011-09-06,0.23100000619888306,0.23100000619888306,0.2199999988079071,0.2199999988079071,0.2199999988079071,2765000
2011-09-07,0.22599999606609344,0.23199999332427979,0.22499999403953552,0.23100000619888306,0.23100000619888306,4780000
2011-09-08,0.23100000619888306,0.23100000619888306,0.23100000619888306,0.23100000619888306,0.23100000619888306,0
2011-09-09,0.23000000417232513,0.23000000417232513,0.22699999809265137,0.23000000417232513,0.23000000417232513,1660000
2011-09-12,0.22499999403953552,0.2280000001192093,0.22300000488758087,0.2280000001192093,0.2280000001192093,240000
2011-09-14,0.23000000417232513,0.23100000619888306,0.2199999988079071,0.2199999988079071,0.2199999988079071,9980000
2011-09-15,0.21400000154972076,0.2199999988079071,0.21400000154972076,0.21899999678134918,0.21899999678134918,1580000
2011-09-16,0.21799999475479126,0.22599999606609344,0.21199999749660492,0.22300000488758087,0.22300000488758087,1080000
2011-09-19,0.2150000035762787,0.2199999988079071,0.20999999344348907,0.21799999475479126,0.21799999475479126,3940000
2011-09-20,0.21299999952316284,0.21299999952316284,0.20499999821186066,0.20999999344348907,0.20999999344348907,2530000
2011-09-21,0.20499999821186066,0.21699999272823334,0.20100000500679016,0.20800000429153442,0.20800000429153442,2700000
2011-09-22,0.21299999952316284,0.21299999952316284,0.1770000010728836,0.18799999356269836,0.18799999356269836,9700000
2011-09-23,0.18799999356269836,0.18799999356269836,0.17000000178813934,0.1720000058412552,0.1720000058412552,4661000
2011-09-26,0.17000000178813934,0.1720000058412552,0.1550000011920929,0.16599999368190765,0.16599999368190765,700000
2011-09-27,0.16599999368190765,0.1860000044107437,0.164000004529953,0.164000004529953,0.164000004529953,5885000
2011-09-28,0.1679999977350235,0.17000000178813934,0.16300000250339508,0.16500000655651093,0.16500000655651093,4800000
2011-09-30,0.1599999964237213,0.16500000655651093,0.15800000727176666,0.1599999964237213,0.1599999964237213,2780000
2011-10-03,0.1599999964237213,0.16599999368190765,0.15700000524520874,0.16599999368190765,0.16599999368190765,580000
2011-10-04,0.16500000655651093,0.16500000655651093,0.15000000596046448,0.15800000727176666,0.15800000727176666,5120000
2011-10-06,0.1589999943971634,0.1599999964237213,0.1469999998807907,0.1509999930858612,0.1509999930858612,2360000
2011-10-07,0.12999999523162842,0.16200000047683716,0.12999999523162842,0.15199999511241913,0.15199999511241913,7240000
2011-10-10,0.14399999380111694,0.1550000011920929,0.14399999380111694,0.15000000596046448,0.15000000596046448,6087000
2011-10-11,0.15000000596046448,0.15600000321865082,0.14800000190734863,0.1509999930858612,0.1509999930858612,9060000
2011-10-12,0.15000000596046448,0.15399999916553497,0.15000000596046448,0.15299999713897705,0.15299999713897705,4120000
2011-10-13,0.15199999511241913,0.16500000655651093,0.15199999511241913,0.1589999943971634,0.1589999943971634,6420000
2011-10-14,0.1550000011920929,0.1589999943971634,0.14800000190734863,0.15000000596046448,0.15000000596046448,2760000
2011-10-17,0.15299999713897705,0.15800000727176666,0.15199999511241913,0.15800000727176666,0.15800000727176666,2345000
2011-10-18,0.15700000524520874,0.15700000524520874,0.15000000596046448,0.15000000596046448,0.15000000596046448,5520000
2011-10-19,0.15399999916553497,0.1589999943971634,0.15199999511241913,0.1589999943971634,0.1589999943971634,3540000
2011-10-20,0.15299999713897705,0.15800000727176666,0.14900000393390656,0.14900000393390656,0.14900000393390656,12780000
2011-10-21,0.14800000190734863,0.1509999930858612,0.1459999978542328,0.14800000190734863,0.14800000190734863,1820000
2011-10-24,0.15000000596046448,0.15600000321865082,0.1459999978542328,0.15600000321865082,0.15600000321865082,12960000
2011-10-25,0.15600000321865082,0.16200000047683716,0.15600000321865082,0.16200000047683716,0.16200000047683716,8440000
2011-10-26,0.16200000047683716,0.1720000058412552,0.16099999845027924,0.17000000178813934,0.17000000178813934,25880000
2011-10-27,0.1720000058412552,0.1850000023841858,0.1720000058412552,0.18400000035762787,0.18400000035762787,10440000
2011-10-28,0.1899999976158142,0.19200000166893005,0.18199999630451202,0.18199999630451202,0.18199999630451202,9921000
2011-10-31,0.1770000010728836,0.18199999630451202,0.17399999499320984,0.18000000715255737,0.18000000715255737,7660000
2011-11-01,0.17800000309944153,0.20000000298023224,0.17800000309944153,0.19200000166893005,0.19200000166893005,8960000
2011-11-02,0.19200000166893005,0.20000000298023224,0.19200000166893005,0.20000000298023224,0.20000000298023224,3780000
2011-11-03,0.19699999690055847,0.20999999344348907,0.19599999487400055,0.20200000703334808,0.20200000703334808,8640000
2011-11-04,0.20000000298023224,0.210999995470047,0.20000000298023224,0.20399999618530273,0.20399999618530273,6835000
2011-11-07,0.20399999618530273,0.2070000022649765,0.20000000298023224,0.20499999821186066,0.20499999821186066,4040000
2011-11-08,0.20000000298023224,0.20000000298023224,0.19499999284744263,0.19499999284744263,0.19499999284744263,6920000
2011-11-09,0.19499999284744263,0.1979999989271164,0.19499999284744263,0.19499999284744263,0.19499999284744263,1780000
2011-11-10,0.19499999284744263,0.19499999284744263,0.18400000035762787,0.19200000166893005,0.19200000166893005,3360000
2011-11-11,0.1899999976158142,0.1899999976158142,0.1889999955892563,0.1889999955892563,0.1889999955892563,940000
2011-11-14,0.19200000166893005,0.19200000166893005,0.1899999976158142,0.1899999976158142,0.1899999976158142,1140000
2011-11-15,0.1899999976158142,0.1899999976158142,0.1899999976158142,0.1899999976158142,0.1899999976158142,0
2011-11-16,0.18799999356269836,0.18799999356269836,0.18799999356269836,0.18799999356269836,0.18799999356269836,120000
2011-11-17,0.1850000023841858,0.1850000023841858,0.18199999630451202,0.18400000035762787,0.18400000035762787,2020000
2011-11-18,0.18000000715255737,0.18400000035762787,0.18000000715255737,0.1809999942779541,0.1809999942779541,2040000
2011-11-21,0.1850000023841858,0.1850000023841858,0.17800000309944153,0.18000000715255737,0.18000000715255737,4340000
2011-11-22,0.18199999630451202,0.1850000023841858,0.17000000178813934,0.17499999701976776,0.17499999701976776,8080000
2011-11-23,0.17000000178813934,0.17000000178813934,0.1589999943971634,0.16699999570846558,0.16699999570846558,4540000
2011-11-24,0.1679999977350235,0.1720000058412552,0.16699999570846558,0.1720000058412552,0.1720000058412552,800000
2011-11-25,0.1720000058412552,0.17800000309944153,0.1720000058412552,0.17499999701976776,0.17499999701976776,2521400
2011-11-28,0.17900000512599945,0.18199999630451202,0.17000000178813934,0.17599999904632568,0.17599999904632568,2840000
2011-11-29,0.17000000178813934,0.18000000715255737,0.17000000178813934,0.17100000381469727,0.17100000381469727,6440000
2011-11-30,0.17100000381469727,0.17499999701976776,0.16599999368190765,0.17499999701976776,0.17499999701976776,2880000
2011-12-01,0.1770000010728836,0.1809999942779541,0.17499999701976776,0.1809999942779541,0.1809999942779541,5280000
2011-12-02,0.17900000512599945,0.17900000512599945,0.17000000178813934,0.17900000512599945,0.17900000512599945,1300000
2011-12-05,0.17100000381469727,0.17399999499320984,0.16699999570846558,0.17399999499320984,0.17399999499320984,1020000
2011-12-06,0.17000000178813934,0.17000000178813934,0.1599999964237213,0.16599999368190765,0.16599999368190765,1520000
2011-12-07,0.16500000655651093,0.1679999977350235,0.16500000655651093,0.1679999977350235,0.1679999977350235,205000
2011-12-08,0.164000004529953,0.164000004529953,0.16200000047683716,0.164000004529953,0.164000004529953,1600000
2011-12-09,0.16099999845027924,0.17299999296665192,0.15600000321865082,0.15600000321865082,0.15600000321865082,6520000
2011-12-12,0.15700000524520874,0.164000004529953,0.15700000524520874,0.164000004529953,0.164000004529953,2100000
2011-12-13,0.16200000047683716,0.16300000250339508,0.16099999845027924,0.16300000250339508,0.16300000250339508,370000
2011-12-14,0.16500000655651093,0.16500000655651093,0.1599999964237213,0.1599999964237213,0.1599999964237213,120000
2011-12-15,0.1550000011920929,0.1599999964237213,0.1550000011920929,0.15700000524520874,0.15700000524520874,923200
2011-12-16,0.1550000011920929,0.15600000321865082,0.15199999511241913,0.15299999713897705,0.15299999713897705,1140000
2011-12-19,0.1509999930858612,0.1599999964237213,0.15000000596046448,0.1550000011920929,0.1550000011920929,8100000
2011-12-20,0.1509999930858612,0.16099999845027924,0.1509999930858612,0.1589999943971634,0.1589999943971634,24660000
2011-12-21,0.1589999943971634,0.16500000655651093,0.1589999943971634,0.16500000655651093,0.16500000655651093,1900000
2011-12-22,0.1599999964237213,0.1679999977350235,0.1599999964237213,0.1679999977350235,0.1679999977350235,2000000
2011-12-23,0.17000000178813934,0.1770000010728836,0.17000000178813934,0.17299999296665192,0.17299999296665192,1820000
2011-12-28,0.17299999296665192,0.18199999630451202,0.1720000058412552,0.17399999499320984,0.17399999499320984,7540000
2011-12-29,0.17499999701976776,0.17499999701976776,0.17100000381469727,0.17399999499320984,0.17399999499320984,2360000
2011-12-30,0.17499999701976776,0.1809999942779541,0.17499999701976776,0.17800000309944153,0.17800000309944153,2420000
2012-01-03,0.17499999701976776,0.17900000512599945,0.17499999701976776,0.17900000512599945,0.17900000512599945,80000
2012-01-04,0.17499999701976776,0.18000000715255737,0.17499999701976776,0.17900000512599945,0.17900000512599945,480000
2012-01-05,0.18000000715255737,0.1850000023841858,0.17800000309944153,0.17800000309944153,0.17800000309944153,4445000
2012-01-06,0.17800000309944153,0.1860000044107437,0.17499999701976776,0.1860000044107437,0.1860000044107437,3960000
2012-01-09,0.1889999955892563,0.19099999964237213,0.1850000023841858,0.1850000023841858,0.1850000023841858,4280000
2012-01-10,0.18799999356269836,0.19099999964237213,0.18799999356269836,0.19099999964237213,0.19099999964237213,14822500
2012-01-11,0.19099999964237213,0.19200000166893005,0.1899999976158142,0.19099999964237213,0.19099999964237213,1600000
2012-01-12,0.18299999833106995,0.19499999284744263,0.18299999833106995,0.19099999964237213,0.19099999964237213,4740000
2012-01-13,0.19200000166893005,0.1940000057220459,0.19200000166893005,0.1940000057220459,0.1940000057220459,2860000
2012-01-16,0.19599999487400055,0.19599999487400055,0.1899999976158142,0.19599999487400055,0.19599999487400055,7640000
2012-01-17,0.19599999487400055,0.19599999487400055,0.19599999487400055,0.19599999487400055,0.19599999487400055,3180000
2012-01-18,0.19599999487400055,0.19900000095367432,0.19300000369548798,0.19599999487400055,0.19599999487400055,3540000
2012-01-19,0.19599999487400055,0.19599999487400055,0.19300000369548798,0.19599999487400055,0.19599999487400055,3260000
2012-01-20,0.1940000057220459,0.1940000057220459,0.1899999976158142,0.1899999976158142,0.1899999976158142,5820000
2012-01-26,0.1899999976158142,0.1899999976158142,0.1899999976158142,0.1899999976158142,0.1899999976158142,700000
2012-01-27,0.18700000643730164,0.1899999976158142,0.1860000044107437,0.1899999976158142,0.1899999976158142,441500
2012-01-30,0.18700000643730164,0.18700000643730164,0.1809999942779541,0.1850000023841858,0.1850000023841858,2100000
2012-01-31,0.18299999833106995,0.1860000044107437,0.18299999833106995,0.1860000044107437,0.1860000044107437,920000
2012-02-01,0.18799999356269836,0.18799999356269836,0.1850000023841858,0.1850000023841858,0.1850000023841858,360000
2012-02-02,0.1809999942779541,0.1850000023841858,0.1809999942779541,0.18400000035762787,0.18400000035762787,4080000
2012-02-03,0.18299999833106995,0.1860000044107437,0.18199999630451202,0.1850000023841858,0.1850000023841858,4260000
2012-02-06,0.1850000023841858,0.1850000023841858,0.18199999630451202,0.18199999630451202,0.18199999630451202,560000
2012-02-07,0.1809999942779541,0.18199999630451202,0.1809999942779541,0.18199999630451202,0.18199999630451202,4720000
2012-02-08,0.1850000023841858,0.1860000044107437,0.18199999630451202,0.1850000023841858,0.1850000023841858,4100000
2012-02-09,0.18799999356269836,0.19900000095367432,0.1860000044107437,0.19900000095367432,0.19900000095367432,17205000
2012-02-10,0.19699999690055847,0.1979999989271164,0.19499999284744263,0.19699999690055847,0.19699999690055847,2360000
2012-02-13,0.19300000369548798,0.19499999284744263,0.19300000369548798,0.1940000057220459,0.1940000057220459,480000
2012-02-14,0.1940000057220459,0.19499999284744263,0.1899999976158142,0.19200000166893005,0.19200000166893005,520000
2012-02-15,0.19200000166893005,0.1940000057220459,0.1899999976158142,0.1940000057220459,0.1940000057220459,1280000
2012-02-16,0.1940000057220459,0.1940000057220459,0.1940000057220459,0.1940000057220459,0.1940000057220459,720000
2012-02-17,0.1889999955892563,0.19300000369548798,0.1889999955892563,0.19200000166893005,0.19200000166893005,680000
2012-02-20,0.19200000166893005,0.19499999284744263,0.19099999964237213,0.19099999964237213,0.19099999964237213,960000
2012-02-21,0.18799999356269836,0.19200000166893005,0.18299999833106995,0.19200000166893005,0.19200000166893005,2320000
2012-02-22,0.1850000023841858,0.19099999964237213,0.1850000023841858,0.19099999964237213,0.19099999964237213,400000
2012-02-23,0.19099999964237213,0.19699999690055847,0.19099999964237213,0.19699999690055847,0.19699999690055847,7340000
2012-02-24,0.19200000166893005,0.19699999690055847,0.19200000166893005,0.19599999487400055,0.19599999487400055,900000
2012-02-27,0.19099999964237213,0.20000000298023224,0.19099999964237213,0.1979999989271164,0.1979999989271164,1800000
2012-02-28,0.1979999989271164,0.20000000298023224,0.19699999690055847,0.19900000095367432,0.19900000095367432,3040000
2012-02-29,0.1940000057220459,0.19900000095367432,0.19300000369548798,0.19900000095367432,0.19900000095367432,3980000
2012-03-01,0.19499999284744263,0.20999999344348907,0.19499999284744263,0.20900000631809235,0.20900000631809235,31520000
2012-03-02,0.21299999952316284,0.2150000035762787,0.20999999344348907,0.21299999952316284,0.21299999952316284,17660300
2012-03-05,0.21699999272823334,0.21699999272823334,0.210999995470047,0.21400000154972076,0.21400000154972076,8420000
2012-03-06,0.210999995470047,0.21400000154972076,0.20499999821186066,0.2070000022649765,0.2070000022649765,20502500
2012-03-07,0.2029999941587448,0.21299999952316284,0.2029999941587448,0.20800000429153442,0.20800000429153442,21200000
2012-03-08,0.20999999344348907,0.22200000286102295,0.20900000631809235,0.2199999988079071,0.2199999988079071,15665000
2012-03-09,0.2199999988079071,0.22499999403953552,0.2160000056028366,0.21899999678134918,0.21899999678134918,5160000
2012-03-12,0.2150000035762787,0.22499999403953552,0.2150000035762787,0.22300000488758087,0.22300000488758087,1580000
2012-03-13,0.22300000488758087,0.23000000417232513,0.22200000286102295,0.22300000488758087,0.22300000488758087,14620000
2012-03-14,0.22300000488758087,0.22599999606609344,0.22300000488758087,0.2240000069141388,0.2240000069141388,2422500
2012-03-15,0.2240000069141388,0.2280000001192093,0.2199999988079071,0.2240000069141388,0.2240000069141388,11002700
2012-03-16,0.2199999988079071,0.2280000001192093,0.2160000056028366,0.2280000001192093,0.2280000001192093,11880000
2012-03-20,0.2199999988079071,0.22300000488758087,0.21299999952316284,0.21299999952316284,0.21299999952316284,10020000
2012-03-21,0.22499999403953552,0.22499999403953552,0.21199999749660492,0.21199999749660492,0.21199999749660492,340000
2012-03-22,0.2150000035762787,0.21699999272823334,0.210999995470047,0.2160000056028366,0.2160000056028366,3360000
2012-03-23,0.210999995470047,0.21299999952316284,0.2070000022649765,0.21299999952316284,0.21299999952316284,4580000
2012-03-26,0.21299999952316284,0.21299999952316284,0.20600000023841858,0.2070000022649765,0.2070000022649765,360000
2012-03-27,0.20499999821186066,0.21199999749660492,0.20499999821186066,0.20600000023841858,0.20600000023841858,2441400
2012-03-28,0.20499999821186066,0.20999999344348907,0.20100000500679016,0.20999999344348907,0.20999999344348907,3400000
2012-03-29,0.20200000703334808,0.20900000631809235,0.20100000500679016,0.20600000023841858,0.20600000023841858,7400000
2012-03-30,0.20499999821186066,0.20800000429153442,0.2029999941587448,0.20499999821186066,0.20499999821186066,5360000
2012-04-02,0.2029999941587448,0.20600000023841858,0.20100000500679016,0.20100000500679016,0.20100000500679016,1048000
2012-04-03,0.20100000500679016,0.20800000429153442,0.20100000500679016,0.20100000500679016,0.20100000500679016,860000
2012-04-05,0.19499999284744263,0.2070000022649765,0.19499999284744263,0.20600000023841858,0.20600000023841858,3100000
2012-04-10,0.20000000298023224,0.20999999344348907,0.20000000298023224,0.20399999618530273,0.20399999618530273,6620000
2012-04-11,0.20000000298023224,0.2029999941587448,0.20000000298023224,0.2029999941587448,0.2029999941587448,2380000
2012-04-12,0.20399999618530273,0.20800000429153442,0.2029999941587448,0.20800000429153442,0.20800000429153442,3600000
2012-04-13,0.20100000500679016,0.20800000429153442,0.20100000500679016,0.20399999618530273,0.20399999618530273,4060000
2012-04-16,0.20399999618530273,0.20600000023841858,0.20399999618530273,0.20399999618530273,0.20399999618530273,2160000
2012-04-17,0.19499999284744263,0.20399999618530273,0.19499999284744263,0.20399999618530273,0.20399999618530273,700000
2012-04-18,0.20399999618530273,0.20399999618530273,0.20399999618530273,0.20399999618530273,0.20399999618530273,20000
2012-04-19,0.20499999821186066,0.21699999272823334,0.20399999618530273,0.2070000022649765,0.2070000022649765,8060000
2012-04-20,0.210999995470047,0.210999995470047,0.20800000429153442,0.20800000429153442,0.20800000429153442,3120000
2012-04-23,0.2070000022649765,0.2070000022649765,0.2029999941587448,0.2029999941587448,0.2029999941587448,380000
2012-04-24,0.210999995470047,0.210999995470047,0.2029999941587448,0.20800000429153442,0.20800000429153442,4581500
2012-04-25,0.20999999344348907,0.20999999344348907,0.20200000703334808,0.2029999941587448,0.2029999941587448,2200000
2012-04-26,0.20600000023841858,0.20600000023841858,0.20200000703334808,0.20499999821186066,0.20499999821186066,3680000
2012-04-27,0.20499999821186066,0.20499999821186066,0.2029999941587448,0.20399999618530273,0.20399999618530273,800000
2012-04-30,0.2070000022649765,0.2070000022649765,0.20100000500679016,0.2029999941587448,0.2029999941587448,3320000
2012-05-02,0.20399999618530273,0.20999999344348907,0.20399999618530273,0.2070000022649765,0.2070000022649765,2800000
2012-05-03,0.20499999821186066,0.20499999821186066,0.20499999821186066,0.20499999821186066,0.20499999821186066,1020000
2012-05-04,0.20399999618530273,0.20600000023841858,0.20200000703334808,0.20600000023841858,0.20600000023841858,2390000
2012-05-07,0.20200000703334808,0.20499999821186066,0.1979999989271164,0.20000000298023224,0.20000000298023224,1020000
2012-05-08,0.20200000703334808,0.20200000703334808,0.19200000166893005,0.19499999284744263,0.19499999284744263,3500000
2012-05-09,0.20000000298023224,0.20800000429153442,0.1940000057220459,0.1940000057220459,0.1940000057220459,7420000
2012-05-10,0.20000000298023224,0.20499999821186066,0.20000000298023224,0.20000000298023224,0.20000000298023224,6740000
2012-05-11,0.2029999941587448,0.20999999344348907,0.20000000298023224,0.20200000703334808,0.20200000703334808,4260000
2012-05-14,0.20200000703334808,0.2029999941587448,0.1979999989271164,0.1979999989271164,0.1979999989271164,460000
2012-05-15,0.20499999821186066,0.20499999821186066,0.19900000095367432,0.20100000500679016,0.20100000500679016,8480000
2012-05-16,0.20000000298023224,0.20399999618530273,0.20000000298023224,0.20000000298023224,0.20000000298023224,580000
2012-05-17,0.1899999976158142,0.20499999821186066,0.1899999976158142,0.20000000298023224,0.20000000298023224,4420000
2012-05-18,0.2029999941587448,0.2029999941587448,0.19599999487400055,0.19599999487400055,0.19599999487400055,4460000
2012-05-21,0.20000000298023224,0.20000000298023224,0.1940000057220459,0.19599999487400055,0.19599999487400055,2500000
2012-05-22,0.19599999487400055,0.20100000500679016,0.19499999284744263,0.20100000500679016,0.20100000500679016,2840000
2012-05-23,0.19599999487400055,0.19900000095367432,0.19300000369548798,0.19900000095367432,0.19900000095367432,2620000
2012-05-24,0.1979999989271164,0.20000000298023224,0.1940000057220459,0.19900000095367432,0.19900000095367432,1922500
2012-05-25,0.1940000057220459,0.19900000095367432,0.1940000057220459,0.19900000095367432,0.19900000095367432,420000
2012-05-28,0.19900000095367432,0.19900000095367432,0.19900000095367432,0.19900000095367432,0.19900000095367432,0
2012-05-29,0.19099999964237213,0.1979999989271164,0.19099999964237213,0.1979999989271164,0.1979999989271164,163000
2012-05-30,0.1979999989271164,0.1979999989271164,0.19300000369548798,0.19300000369548798,0.19300000369548798,780000
2012-05-31,0.19499999284744263,0.20600000023841858,0.19499999284744263,0.2029999941587448,0.2029999941587448,6083500
2012-06-01,0.19699999690055847,0.20499999821186066,0.19599999487400055,0.20100000500679016,0.20100000500679016,541879
2012-06-04,0.19499999284744263,0.19900000095367432,0.1940000057220459,0.19699999690055847,0.19699999690055847,1940000
2012-06-05,0.19900000095367432,0.20100000500679016,0.19599999487400055,0.19599999487400055,0.19599999487400055,6350000
2012-06-06,0.19599999487400055,0.19599999487400055,0.1899999976158142,0.19599999487400055,0.19599999487400055,4520000
2012-06-07,0.20000000298023224,0.20100000500679016,0.19499999284744263,0.19599999487400055,0.19599999487400055,4740000
2012-06-08,0.19599999487400055,0.2029999941587448,0.19499999284744263,0.19599999487400055,0.19599999487400055,4820000
2012-06-11,0.1979999989271164,0.20200000703334808,0.1940000057220459,0.19699999690055847,0.19699999690055847,7040000
2012-06-12,0.19499999284744263,0.20200000703334808,0.19300000369548798,0.20200000703334808,0.20200000703334808,5887500
2012-06-13,0.20200000703334808,0.20200000703334808,0.20200000703334808,0.20200000703334808,0.20200000703334808,0
2012-06-14,0.20000000298023224,0.20499999821186066,0.20000000298023224,0.20499999821186066,0.20499999821186066,7400000
2012-06-15,0.20499999821186066,0.20499999821186066,0.20499999821186066,0.20499999821186066,0.20499999821186066,0
2012-06-18,0.20499999821186066,0.20600000023841858,0.20399999618530273,0.20399999618530273,0.20399999618530273,3700000
2012-06-19,0.20600000023841858,0.20800000429153442,0.20499999821186066,0.20800000429153442,0.20800000429153442,6980000
2012-06-20,0.20100000500679016,0.20100000500679016,0.20100000500679016,0.20100000500679016,0.20100000500679016,41000
2012-06-21,0.20100000500679016,0.20499999821186066,0.20100000500679016,0.20399999618530273,0.20399999618530273,1240000
2012-06-22,0.20000000298023224,0.20200000703334808,0.19599999487400055,0.20100000500679016,0.20100000500679016,2860000
2012-06-25,0.19699999690055847,0.20399999618530273,0.19699999690055847,0.20399999618530273,0.20399999618530273,1660000
2012-06-26,0.20200000703334808,0.2029999941587448,0.1979999989271164,0.1979999989271164,0.1979999989271164,600000
2012-06-27,0.2029999941587448,0.2070000022649765,0.19900000095367432,0.20399999618530273,0.20399999618530273,5060000
2012-06-28,0.20399999618530273,0.20600000023841858,0.20000000298023224,0.20000000298023224,0.20000000298023224,2260000
2012-06-29,0.20100000500679016,0.20499999821186066,0.19900000095367432,0.20499999821186066,0.20499999821186066,6922203
2012-07-03,0.20499999821186066,0.20900000631809235,0.20200000703334808,0.20800000429153442,0.20800000429153442,2632500
2012-07-04,0.20499999821186066,0.20999999344348907,0.20499999821186066,0.20900000631809235,0.20900000631809235,6166500
2012-07-05,0.20600000023841858,0.20999999344348907,0.2029999941587448,0.20499999821186066,0.20499999821186066,6560000
2012-07-06,0.20900000631809235,0.20900000631809235,0.20399999618530273,0.2070000022649765,0.2070000022649765,1300000
2012-07-09,0.20399999618530273,0.2070000022649765,0.2029999941587448,0.2029999941587448,0.2029999941587448,840000
2012-07-10,0.20200000703334808,0.20600000023841858,0.20000000298023224,0.20100000500679016,0.20100000500679016,2420000
2012-07-11,0.20000000298023224,0.20200000703334808,0.20000000298023224,0.20000000298023224,0.20000000298023224,600000
2012-07-12,0.20000000298023224,0.20100000500679016,0.1979999989271164,0.20000000298023224,0.20000000298023224,1440000
2012-07-13,0.1979999989271164,0.1979999989271164,0.19599999487400055,0.19699999690055847,0.19699999690055847,680000
2012-07-16,0.19499999284744263,0.19699999690055847,0.19499999284744263,0.19499999284744263,0.19499999284744263,120000
2012-07-17,0.19499999284744263,0.19499999284744263,0.19499999284744263,0.19499999284744263,0.19499999284744263,0
2012-07-18,0.19499999284744263,0.19499999284744263,0.19499999284744263,0.19499999284744263,0.19499999284744263,0
2012-07-19,0.19099999964237213,0.20000000298023224,0.1899999976158142,0.19099999964237213,0.19099999964237213,920000
2012-07-20,0.18799999356269836,0.19499999284744263,0.18799999356269836,0.19300000369548798,0.19300000369548798,260000
2012-07-23,0.18299999833106995,0.20000000298023224,0.18299999833106995,0.19900000095367432,0.19900000095367432,1620000
2012-07-24,0.19900000095367432,0.19900000095367432,0.19900000095367432,0.19900000095367432,0.19900000095367432,140000
2012-07-25,0.19099999964237213,0.1979999989271164,0.19099999964237213,0.19599999487400055,0.19599999487400055,260000
2012-07-26,0.19499999284744263,0.1979999989271164,0.19099999964237213,0.19499999284744263,0.19499999284744263,2200000
2012-07-27,0.1940000057220459,0.1940000057220459,0.18799999356269836,0.18799999356269836,0.18799999356269836,764000
2012-07-30,0.1889999955892563,0.19499999284744263,0.1850000023841858,0.1860000044107437,0.1860000044107437,6720000
2012-07-31,0.1850000023841858,0.19900000095367432,0.18299999833106995,0.1899999976158142,0.1899999976158142,10325000
2012-08-01,0.1850000023841858,0.20000000298023224,0.1850000023841858,0.1899999976158142,0.1899999976158142,9800000
2012-08-02,0.19499999284744263,0.20000000298023224,0.19499999284744263,0.19900000095367432,0.19900000095367432,6920000
2012-08-03,0.1940000057220459,0.20000000298023224,0.1940000057220459,0.20000000298023224,0.20000000298023224,1440000
2012-08-06,0.19599999487400055,0.2029999941587448,0.19300000369548798,0.19300000369548798,0.19300000369548798,3520000
2012-08-07,0.19499999284744263,0.19599999487400055,0.19200000166893005,0.19499999284744263,0.19499999284744263,600000
2012-08-08,0.19499999284744263,0.19900000095367432,0.18700000643730164,0.18700000643730164,0.18700000643730164,11820000
2012-08-09,0.18799999356269836,0.1899999976158142,0.18700000643730164,0.1899999976158142,0.1899999976158142,580000
2012-08-10,0.1899999976158142,0.1979999989271164,0.1899999976158142,0.1899999976158142,0.1899999976158142,4700000
2012-08-13,0.18799999356269836,0.19699999690055847,0.1850000023841858,0.1899999976158142,0.1899999976158142,5960000
2012-08-14,0.18700000643730164,0.19599999487400055,0.18700000643730164,0.19499999284744263,0.19499999284744263,4420000
2012-08-15,0.1899999976158142,0.19900000095367432,0.18799999356269836,0.19099999964237213,0.19099999964237213,12500000
2012-08-16,0.19499999284744263,0.20000000298023224,0.19300000369548798,0.19499999284744263,0.19499999284744263,8080000
2012-08-17,0.19499999284744263,0.20000000298023224,0.19300000369548798,0.19599999487400055,0.19599999487400055,9040000
2012-08-20,0.1979999989271164,0.20000000298023224,0.19499999284744263,0.19900000095367432,0.19900000095367432,9660000
2012-08-21,0.20100000500679016,0.20100000500679016,0.19699999690055847,0.19699999690055847,0.19699999690055847,120000
2012-08-22,0.19699999690055847,0.19900000095367432,0.19599999487400055,0.19900000095367432,0.19900000095367432,1100000
2012-08-23,0.19599999487400055,0.19599999487400055,0.19599999487400055,0.19599999487400055,0.19599999487400055,180000
2012-08-24,0.19499999284744263,0.20000000298023224,0.19300000369548798,0.1979999989271164,0.1979999989271164,6520000
2012-08-27,0.19900000095367432,0.20000000298023224,0.19599999487400055,0.19599999487400055,0.19599999487400055,5480000
2012-08-28,0.19900000095367432,0.20499999821186066,0.19599999487400055,0.20000000298023224,0.20000000298023224,6260000
2012-08-29,0.2029999941587448,0.20999999344348907,0.20200000703334808,0.20200000703334808,0.20200000703334808,3340000
2012-08-30,0.20000000298023224,0.20200000703334808,0.20000000298023224,0.20000000298023224,0.20000000298023224,4100000
2012-08-31,0.20200000703334808,0.20600000023841858,0.20100000500679016,0.20499999821186066,0.20499999821186066,6580000
2012-09-03,0.20100000500679016,0.20999999344348907,0.20000000298023224,0.20900000631809235,0.20900000631809235,10880000
2012-09-04,0.20499999821186066,0.20800000429153442,0.20200000703334808,0.20399999618530273,0.20399999618530273,3600000
2012-09-05,0.20200000703334808,0.20900000631809235,0.20000000298023224,0.2029999941587448,0.2029999941587448,11500000
2012-09-06,0.20200000703334808,0.20600000023841858,0.20200000703334808,0.20200000703334808,0.20200000703334808,7900000
2012-09-07,0.20200000703334808,0.20999999344348907,0.20200000703334808,0.20399999618530273,0.20399999618530273,7840000
2012-09-10,0.20399999618530273,0.2070000022649765,0.20399999618530273,0.20399999618530273,0.20399999618530273,1360000
2012-09-11,0.2070000022649765,0.20999999344348907,0.20100000500679016,0.20399999618530273,0.20399999618530273,10120000
2012-09-12,0.20499999821186066,0.20999999344348907,0.20499999821186066,0.20800000429153442,0.20800000429153442,8100000
2012-09-13,0.21199999749660492,0.21199999749660492,0.20600000023841858,0.2070000022649765,0.2070000022649765,11940000
2012-09-14,0.210999995470047,0.210999995470047,0.20600000023841858,0.20800000429153442,0.20800000429153442,4320000
2012-09-17,0.20999999344348907,0.21199999749660492,0.2070000022649765,0.20800000429153442,0.20800000429153442,7260000
2012-09-18,0.20800000429153442,0.20800000429153442,0.20399999618530273,0.20399999618530273,0.20399999618530273,3460000
2012-09-19,0.20399999618530273,0.2070000022649765,0.20399999618530273,0.20399999618530273,0.20399999618530273,5780000
2012-09-20,0.20399999618530273,0.20399999618530273,0.2029999941587448,0.20399999618530273,0.20399999618530273,3300000
2012-09-21,0.2029999941587448,0.20399999618530273,0.20200000703334808,0.2029999941587448,0.2029999941587448,5360000
2012-09-24,0.20200000703334808,0.20900000631809235,0.20200000703334808,0.2070000022649765,0.2070000022649765,10080000
2012-09-25,0.20499999821186066,0.20499999821186066,0.20399999618530273,0.20399999618530273,0.20399999618530273,740000
2012-09-26,0.20399999618530273,0.210999995470047,0.20399999618530273,0.20800000429153442,0.20800000429153442,5300000
2012-09-27,0.20800000429153442,0.21199999749660492,0.20800000429153442,0.210999995470047,0.210999995470047,4160000
2012-09-28,0.21199999749660492,0.21299999952316284,0.20999999344348907,0.21299999952316284,0.21299999952316284,8070000
2012-10-03,0.21199999749660492,0.2150000035762787,0.20999999344348907,0.21299999952316284,0.21299999952316284,2200000
2012-10-04,0.21299999952316284,0.21400000154972076,0.20999999344348907,0.21400000154972076,0.21400000154972076,340000
2012-10-05,0.21400000154972076,0.21400000154972076,0.20999999344348907,0.20999999344348907,0.20999999344348907,880000
2012-10-08,0.20999999344348907,0.20999999344348907,0.20999999344348907,0.20999999344348907,0.20999999344348907,267500
2012-10-09,0.20999999344348907,0.21299999952316284,0.2070000022649765,0.20999999344348907,0.20999999344348907,6465000
2012-10-10,0.20800000429153442,0.21199999749660492,0.20800000429153442,0.20999999344348907,0.20999999344348907,1000000
2012-10-11,0.20800000429153442,0.20800000429153442,0.20800000429153442,0.20800000429153442,0.20800000429153442,80000
2012-10-12,0.20999999344348907,0.21400000154972076,0.20999999344348907,0.21400000154972076,0.21400000154972076,4500000
2012-10-15,0.21400000154972076,0.21400000154972076,0.210999995470047,0.21299999952316284,0.21299999952316284,5580000
2012-10-16,0.21299999952316284,0.21299999952316284,0.20600000023841858,0.20600000023841858,0.20600000023841858,2720000
2012-10-17,0.20900000631809235,0.20999999344348907,0.20800000429153442,0.20800000429153442,0.20800000429153442,5307400
2012-10-18,0.20999999344348907,0.2150000035762787,0.20900000631809235,0.2150000035762787,0.2150000035762787,4500000
2012-10-19,0.21299999952316284,0.2150000035762787,0.21199999749660492,0.21299999952316284,0.21299999952316284,2580000
2012-10-22,0.2150000035762787,0.2160000056028366,0.210999995470047,0.210999995470047,0.210999995470047,3360000
2012-10-24,0.20999999344348907,0.2160000056028366,0.20999999344348907,0.2160000056028366,0.2160000056028366,17151000
2012-10-25,0.21799999475479126,0.21799999475479126,0.21400000154972076,0.21400000154972076,0.21400000154972076,2720000
2012-10-26,0.21199999749660492,0.21199999749660492,0.20999999344348907,0.20999999344348907,0.20999999344348907,900000
2012-10-29,0.20800000429153442,0.21199999749660492,0.20800000429153442,0.20900000631809235,0.20900000631809235,480000
2012-10-30,0.20800000429153442,0.21199999749660492,0.20800000429153442,0.21199999749660492,0.21199999749660492,97500
2012-10-31,0.21199999749660492,0.21199999749660492,0.20800000429153442,0.20999999344348907,0.20999999344348907,1700000
2012-11-01,0.20999999344348907,0.20999999344348907,0.20000000298023224,0.20200000703334808,0.20200000703334808,12360000
2012-11-02,0.20200000703334808,0.20999999344348907,0.20200000703334808,0.20600000023841858,0.20600000023841858,4160000
2012-11-05,0.2029999941587448,0.2070000022649765,0.20000000298023224,0.20600000023841858,0.20600000023841858,5080000
2012-11-06,0.20399999618530273,0.2070000022649765,0.20399999618530273,0.20499999821186066,0.20499999821186066,1540000
2012-11-07,0.20499999821186066,0.20600000023841858,0.20399999618530273,0.20600000023841858,0.20600000023841858,1365000
2012-11-08,0.20200000703334808,0.20200000703334808,0.20200000703334808,0.20200000703334808,0.20200000703334808,460000
2012-11-09,0.20100000500679016,0.20999999344348907,0.20000000298023224,0.20499999821186066,0.20499999821186066,10660000
2012-11-12,0.2029999941587448,0.20499999821186066,0.20200000703334808,0.20200000703334808,0.20200000703334808,2740000
2012-11-13,0.2029999941587448,0.20600000023841858,0.20100000500679016,0.20600000023841858,0.20600000023841858,2140000
2012-11-14,0.20600000023841858,0.20600000023841858,0.20399999618530273,0.20399999618530273,0.20399999618530273,1060000
2012-11-15,0.2029999941587448,0.2029999941587448,0.2029999941587448,0.2029999941587448,0.2029999941587448,140000
2012-11-16,0.2029999941587448,0.2029999941587448,0.2029999941587448,0.2029999941587448,0.2029999941587448,0
2012-11-19,0.2029999941587448,0.210999995470047,0.2029999941587448,0.20999999344348907,0.20999999344348907,5245000
2012-11-20,0.20800000429153442,0.20800000429153442,0.20800000429153442,0.20800000429153442,0.20800000429153442,1400000
2012-11-21,0.20800000429153442,0.20800000429153442,0.20800000429153442,0.20800000429153442,0.20800000429153442,400000
2012-11-22,0.20800000429153442,0.21299999952316284,0.2070000022649765,0.20999999344348907,0.20999999344348907,1900000
2012-11-23,0.20999999344348907,0.20999999344348907,0.2070000022649765,0.2070000022649765,0.2070000022649765,1160000
2012-11-26,0.2070000022649765,0.2070000022649765,0.20399999618530273,0.20399999618530273,0.20399999618530273,635000
2012-11-27,0.20399999618530273,0.20399999618530273,0.20200000703334808,0.20200000703334808,0.20200000703334808,7541500
2012-11-28,0.20399999618530273,0.20399999618530273,0.20399999618530273,0.20399999618530273,0.20399999618530273,80000
2012-11-29,0.20399999618530273,0.20399999618530273,0.20399999618530273,0.20399999618530273,0.20399999618530273,0
2012-11-30,0.20399999618530273,0.20499999821186066,0.20399999618530273,0.20399999618530273,0.20399999618530273,561000
2012-12-03,0.20100000500679016,0.20200000703334808,0.19900000095367432,0.19900000095367432,0.19900000095367432,1870500
2012-12-04,0.19900000095367432,0.2029999941587448,0.19900000095367432,0.19900000095367432,0.19900000095367432,200000
2012-12-05,0.20200000703334808,0.20200000703334808,0.20000000298023224,0.20000000298023224,0.20000000298023224,265000
2012-12-06,0.20200000703334808,0.20200000703334808,0.20200000703334808,0.20200000703334808,0.20200000703334808,20000
2012-12-07,0.20200000703334808,0.20200000703334808,0.19599999487400055,0.20000000298023224,0.20000000298023224,1181000
2012-12-10,0.19699999690055847,0.1979999989271164,0.19599999487400055,0.19699999690055847,0.19699999690055847,3991000
2012-12-11,0.1940000057220459,0.1979999989271164,0.1940000057220459,0.19599999487400055,0.19599999487400055,3360000
2012-12-12,0.1940000057220459,0.19900000095367432,0.1940000057220459,0.19599999487400055,0.19599999487400055,140000
2012-12-13,0.19499999284744263,0.19599999487400055,0.19200000166893005,0.19599999487400055,0.19599999487400055,4380000
2012-12-14,0.1979999989271164,0.1979999989271164,0.19300000369548798,0.19599999487400055,0.19599999487400055,220000
2012-12-17,0.19300000369548798,0.19300000369548798,0.1860000044107437,0.19300000369548798,0.19300000369548798,5880000
2012-12-18,0.18799999356269836,0.19200000166893005,0.1850000023841858,0.18799999356269836,0.18799999356269836,7640000
2012-12-19,0.1899999976158142,0.19699999690055847,0.1899999976158142,0.19499999284744263,0.19499999284744263,5320000
2012-12-20,0.19599999487400055,0.19900000095367432,0.1889999955892563,0.19300000369548798,0.19300000369548798,8320000
2012-12-21,0.19300000369548798,0.19499999284744263,0.1850000023841858,0.1899999976158142,0.1899999976158142,16680000
2012-12-24,0.19300000369548798,0.19699999690055847,0.19300000369548798,0.19300000369548798,0.19300000369548798,5700000
2012-12-27,0.1979999989271164,0.20000000298023224,0.1940000057220459,0.1940000057220459,0.1940000057220459,9480000
2012-12-28,0.20100000500679016,0.20100000500679016,0.19699999690055847,0.19699999690055847,0.19699999690055847,3720000
2012-12-31,0.20100000500679016,0.20800000429153442,0.20000000298023224,0.20000000298023224,0.20000000298023224,5380000
2013-01-02,0.20000000298023224,0.20000000298023224,0.20000000298023224,0.20100000500679016,0.20100000500679016,120000
2013-01-03,0.20000000298023224,0.2029999941587448,0.20000000298023224,0.2029999941587448,0.2029999941587448,1660000
2013-01-04,0.20499999821186066,0.21199999749660492,0.2029999941587448,0.20499999821186066,0.20499999821186066,4460000
2013-01-07,0.20999999344348907,0.2160000056028366,0.2070000022649765,0.2070000022649765,0.2070000022649765,5467500
2013-01-08,0.21199999749660492,0.21799999475479126,0.20900000631809235,0.20999999344348907,0.20999999344348907,8160000
2013-01-09,0.2150000035762787,0.21699999272823334,0.20800000429153442,0.20999999344348907,0.20999999344348907,3842963
2013-01-10,0.20600000023841858,0.20600000023841858,0.20600000023841858,0.20600000023841858,0.20600000023841858,360000
2013-01-11,0.20399999618530273,0.20900000631809235,0.20399999618530273,0.20900000631809235,0.20900000631809235,1260000
2013-01-14,0.20399999618530273,0.20900000631809235,0.2029999941587448,0.20900000631809235,0.20900000631809235,765000
2013-01-15,0.2029999941587448,0.2070000022649765,0.20100000500679016,0.2029999941587448,0.2029999941587448,3160000
2013-01-16,0.20000000298023224,0.20000000298023224,0.19499999284744263,0.19499999284744263,0.19499999284744263,3860000
2013-01-17,0.19499999284744263,0.19499999284744263,0.19499999284744263,0.19499999284744263,0.19499999284744263,0
2013-01-18,0.19300000369548798,0.19499999284744263,0.19099999964237213,0.19499999284744263,0.19499999284744263,2052500
2013-01-21,0.19499999284744263,0.19699999690055847,0.19499999284744263,0.19499999284744263,0.19499999284744263,1320000
2013-01-22,0.1979999989271164,0.1979999989271164,0.19300000369548798,0.19300000369548798,0.19300000369548798,1300000
2013-01-23,0.1979999989271164,0.1979999989271164,0.19300000369548798,0.1979999989271164,0.1979999989271164,660000
2013-01-24,0.1940000057220459,0.19699999690055847,0.1899999976158142,0.19099999964237213,0.19099999964237213,5420000
2013-01-25,0.19200000166893005,0.19200000166893005,0.1899999976158142,0.1899999976158142,0.1899999976158142,1900000
2013-01-28,0.1850000023841858,0.1899999976158142,0.1850000023841858,0.1899999976158142,0.1899999976158142,460000
2013-01-29,0.19099999964237213,0.19300000369548798,0.1899999976158142,0.19099999964237213,0.19099999964237213,2260000
2013-01-30,0.18700000643730164,0.19300000369548798,0.18000000715255737,0.19200000166893005,0.19200000166893005,9125000
2013-01-31,0.1899999976158142,0.19599999487400055,0.1899999976158142,0.19099999964237213,0.19099999964237213,6202500
2013-02-01,0.19499999284744263,0.19499999284744263,0.1899999976158142,0.19200000166893005,0.19200000166893005,1720000
2013-02-04,0.19200000166893005,0.19499999284744263,0.19200000166893005,0.19499999284744263,0.19499999284744263,2760000
2013-02-05,0.19499999284744263,0.20800000429153442,0.19499999284744263,0.1940000057220459,0.1940000057220459,4702500
2013-02-06,0.19099999964237213,0.1979999989271164,0.19099999964237213,0.19699999690055847,0.19699999690055847,480000
2013-02-07,0.19099999964237213,0.19900000095367432,0.19099999964237213,0.1940000057220459,0.1940000057220459,2100000
2013-02-08,0.19099999964237213,0.20000000298023224,0.1899999976158142,0.1979999989271164,0.1979999989271164,7320000
2013-02-14,0.1979999989271164,0.19900000095367432,0.1979999989271164,0.19900000095367432,0.19900000095367432,600000
2013-02-15,0.19300000369548798,0.19599999487400055,0.19300000369548798,0.19599999487400055,0.19599999487400055,520000
2013-02-18,0.19599999487400055,0.19900000095367432,0.19300000369548798,0.19900000095367432,0.19900000095367432,3420000
2013-02-19,0.19499999284744263,0.20000000298023224,0.19499999284744263,0.19499999284744263,0.19499999284744263,2020000
2013-02-20,0.19499999284744263,0.19599999487400055,0.19499999284744263,0.19499999284744263,0.19499999284744263,1180000
2013-02-21,0.19200000166893005,0.19300000369548798,0.19200000166893005,0.19300000369548798,0.19300000369548798,580000
2013-02-22,0.1899999976158142,0.19900000095367432,0.1899999976158142,0.1940000057220459,0.1940000057220459,2960000
2013-02-25,0.19499999284744263,0.19499999284744263,0.19499999284744263,0.19499999284744263,0.19499999284744263,60000
2013-02-26,0.19200000166893005,0.19900000095367432,0.19200000166893005,0.1979999989271164,0.1979999989271164,10240000
2013-02-27,0.1979999989271164,0.20000000298023224,0.1979999989271164,0.20000000298023224,0.20000000298023224,6850000
2013-02-28,0.20000000298023224,0.20000000298023224,0.1979999989271164,0.20000000298023224,0.20000000298023224,8240000
2013-03-01,0.20000000298023224,0.20000000298023224,0.1940000057220459,0.1940000057220459,0.1940000057220459,1580000
2013-03-04,0.19300000369548798,0.20000000298023224,0.19200000166893005,0.19699999690055847,0.19699999690055847,5720000
2013-03-05,0.1979999989271164,0.20000000298023224,0.1979999989271164,0.19699999690055847,0.19699999690055847,6800000
2013-03-06,0.19499999284744263,0.20999999344348907,0.19699999690055847,0.1979999989271164,0.1979999989271164,9917842
2013-03-07,0.19900000095367432,0.19900000095367432,0.19699999690055847,0.19900000095367432,0.19900000095367432,545000
2013-03-08,0.19699999690055847,0.19699999690055847,0.19499999284744263,0.19599999487400055,0.19599999487400055,1280000
2013-03-11,0.19300000369548798,0.20000000298023224,0.19300000369548798,0.19499999284744263,0.19499999284744263,5780000
2013-03-12,0.19499999284744263,0.2070000022649765,0.19499999284744263,0.1979999989271164,0.1979999989271164,9950000
2013-03-13,0.19599999487400055,0.20999999344348907,0.1940000057220459,0.20900000631809235,0.20900000631809235,12040000
2013-03-14,0.20800000429153442,0.20800000429153442,0.19900000095367432,0.20399999618530273,0.20399999618530273,4120000
2013-03-15,0.20499999821186066,0.21400000154972076,0.19300000369548798,0.19599999487400055,0.19599999487400055,22440000
2013-03-18,0.19300000369548798,0.2070000022649765,0.19200000166893005,0.2029999941587448,0.2029999941587448,8962842
2013-03-19,0.19699999690055847,0.19900000095367432,0.19499999284744263,0.1979999989271164,0.1979999989271164,2680000
2013-03-20,0.19499999284744263,0.19900000095367432,0.1940000057220459,0.19499999284744263,0.19499999284744263,2500000
2013-03-21,0.19300000369548798,0.19300000369548798,0.18799999356269836,0.1899999976158142,0.1899999976158142,7420000
2013-03-22,0.1940000057220459,0.20200000703334808,0.1899999976158142,0.20100000500679016,0.20100000500679016,7800000
2013-03-25,0.19499999284744263,0.19499999284744263,0.19499999284744263,0.19499999284744263,0.19499999284744263,700000
2013-03-26,0.1940000057220459,0.19499999284744263,0.1940000057220459,0.1940000057220459,0.1940000057220459,1402000
2013-03-27,0.1940000057220459,0.1940000057220459,0.1940000057220459,0.1940000057220459,0.1940000057220459,730000
2013-03-28,0.19300000369548798,0.20600000023841858,0.19300000369548798,0.20000000298023224,0.20000000298023224,6400000
2013-04-02,0.19599999487400055,0.19599999487400055,0.19599999487400055,0.19599999487400055,0.19599999487400055,240000
2013-04-03,0.19599999487400055,0.19599999487400055,0.1940000057220459,0.1940000057220459,0.1940000057220459,681000
2013-04-05,0.20000000298023224,0.20999999344348907,0.19599999487400055,0.20000000298023224,0.20000000298023224,7360000
2013-04-08,0.20000000298023224,0.20000000298023224,0.19599999487400055,0.19599999487400055,0.19599999487400055,740000
2013-04-09,0.19599999487400055,0.20000000298023224,0.19599999487400055,0.20000000298023224,0.20000000298023224,1340000
2013-04-10,0.20000000298023224,0.20200000703334808,0.19599999487400055,0.19599999487400055,0.19599999487400055,965000
2013-04-11,0.19599999487400055,0.19599999487400055,0.1940000057220459,0.19599999487400055,0.19599999487400055,1180000
2013-04-12,0.19300000369548798,0.19300000369548798,0.1889999955892563,0.1889999955892563,0.1889999955892563,6480000
2013-04-15,0.1889999955892563,0.20000000298023224,0.1889999955892563,0.19900000095367432,0.19900000095367432,4180000
2013-04-16,0.1979999989271164,0.1979999989271164,0.19200000166893005,0.19499999284744263,0.19499999284744263,4200000
2013-04-17,0.19300000369548798,0.19300000369548798,0.19300000369548798,0.19300000369548798,0.19300000369548798,220000
2013-04-18,0.19200000166893005,0.19200000166893005,0.19099999964237213,0.19099999964237213,0.19099999964237213,985000
2013-04-19,0.1899999976158142,0.1899999976158142,0.18400000035762787,0.1850000023841858,0.1850000023841858,7680000
2013-04-22,0.1899999976158142,0.19900000095367432,0.1899999976158142,0.1940000057220459,0.1940000057220459,6250000
2013-04-23,0.1940000057220459,0.19599999487400055,0.19099999964237213,0.19200000166893005,0.19200000166893005,3540000
2013-04-24,0.19200000166893005,0.19599999487400055,0.1899999976158142,0.1940000057220459,0.1940000057220459,5502500
2013-04-25,0.19099999964237213,0.19099999964237213,0.1899999976158142,0.19099999964237213,0.19099999964237213,1240000
2013-04-26,0.1899999976158142,0.19300000369548798,0.1889999955892563,0.1889999955892563,0.1889999955892563,3400000
2013-04-29,0.19300000369548798,0.1979999989271164,0.1889999955892563,0.19099999964237213,0.19099999964237213,5800000
2013-04-30,0.19300000369548798,0.19900000095367432,0.19300000369548798,0.19900000095367432,0.19900000095367432,5340000
2013-05-02,0.19300000369548798,0.19300000369548798,0.19200000166893005,0.19300000369548798,0.19300000369548798,880000
2013-05-03,0.19300000369548798,0.19499999284744263,0.19200000166893005,0.19499999284744263,0.19499999284744263,1673500
2013-05-06,0.19499999284744263,0.19499999284744263,0.1889999955892563,0.1899999976158142,0.1899999976158142,6988000
2013-05-07,0.1899999976158142,0.19900000095367432,0.1889999955892563,0.1940000057220459,0.1940000057220459,16403000
2013-05-08,0.19200000166893005,0.19200000166893005,0.1899999976158142,0.19099999964237213,0.19099999964237213,1440000
2013-05-09,0.19099999964237213,0.19300000369548798,0.19099999964237213,0.19200000166893005,0.19200000166893005,2502500
2013-05-10,0.19099999964237213,0.19099999964237213,0.1899999976158142,0.1899999976158142,0.1899999976158142,1940000
2013-05-13,0.1899999976158142,0.1899999976158142,0.18799999356269836,0.18799999356269836,0.18799999356269836,445000
2013-05-14,0.18799999356269836,0.1899999976158142,0.18299999833106995,0.1850000023841858,0.1850000023841858,13286000
2013-05-15,0.1850000023841858,0.1850000023841858,0.18199999630451202,0.18199999630451202,0.18199999630451202,7582500
2013-05-16,0.18000000715255737,0.19699999690055847,0.17900000512599945,0.1889999955892563,0.1889999955892563,8322500
2013-05-20,0.18799999356269836,0.18799999356269836,0.18400000035762787,0.1850000023841858,0.1850000023841858,19180000
2013-05-21,0.18299999833106995,0.18700000643730164,0.18199999630451202,0.18299999833106995,0.18299999833106995,22280000
2013-05-22,0.18000000715255737,0.18799999356269836,0.18000000715255737,0.18700000643730164,0.18700000643730164,800000
2013-05-23,0.1850000023841858,0.1860000044107437,0.18299999833106995,0.18299999833106995,0.18299999833106995,5040000
2013-05-24,0.18700000643730164,0.1940000057220459,0.18199999630451202,0.18400000035762787,0.18400000035762787,20640000
2013-05-27,0.18299999833106995,0.18299999833106995,0.18299999833106995,0.18299999833106995,0.18299999833106995,160000
2013-05-28,0.18299999833106995,0.1940000057220459,0.18299999833106995,0.1850000023841858,0.1850000023841858,8940000
2013-05-29,0.1850000023841858,0.1899999976158142,0.1850000023841858,0.1889999955892563,0.1889999955892563,785000
2013-05-30,0.18799999356269836,0.1889999955892563,0.18400000035762787,0.1850000023841858,0.1850000023841858,1360000
2013-05-31,0.18400000035762787,0.1860000044107437,0.18299999833106995,0.1850000023841858,0.1850000023841858,5620000
2013-06-03,0.1860000044107437,0.1940000057220459,0.1860000044107437,0.1860000044107437,0.1860000044107437,5560000
2013-06-04,0.1850000023841858,0.19300000369548798,0.18299999833106995,0.1860000044107437,0.1860000044107437,9780000
2013-06-05,0.1850000023841858,0.1899999976158142,0.18299999833106995,0.18400000035762787,0.18400000035762787,8810000
2013-06-06,0.18700000643730164,0.1979999989271164,0.18400000035762787,0.1860000044107437,0.1860000044107437,13080000
2013-06-07,0.1860000044107437,0.1860000044107437,0.18400000035762787,0.1850000023841858,0.1850000023841858,3320000
2013-06-10,0.1850000023841858,0.1860000044107437,0.18400000035762787,0.1850000023841858,0.1850000023841858,1400000
2013-06-11,0.18299999833106995,0.18299999833106995,0.18199999630451202,0.18199999630451202,0.18199999630451202,3000000
2013-06-13,0.1809999942779541,0.1809999942779541,0.17800000309944153,0.17800000309944153,0.17800000309944153,1760000
2013-06-14,0.17800000309944153,0.17800000309944153,0.17599999904632568,0.17599999904632568,0.17599999904632568,3100000
2013-06-17,0.17599999904632568,0.1889999955892563,0.17599999904632568,0.18199999630451202,0.18199999630451202,5900000
2013-06-18,0.18000000715255737,0.18000000715255737,0.18000000715255737,0.18000000715255737,0.18000000715255737,1300000
2013-06-19,0.18400000035762787,0.18400000035762787,0.18400000035762787,0.18400000035762787,0.18400000035762787,40000
2013-06-20,0.18000000715255737,0.18000000715255737,0.18000000715255737,0.18000000715255737,0.18000000715255737,1280000
2013-06-21,0.1850000023841858,0.19699999690055847,0.17800000309944153,0.19499999284744263,0.19499999284744263,21840000
2013-06-24,0.1850000023841858,0.1850000023841858,0.18400000035762787,0.18400000035762787,0.18400000035762787,1000000
2013-06-25,0.18400000035762787,0.19900000095367432,0.17900000512599945,0.1850000023841858,0.1850000023841858,26860000
2013-06-26,0.1850000023841858,0.19099999964237213,0.18400000035762787,0.19099999964237213,0.19099999964237213,1985000
2013-06-27,0.1889999955892563,0.1899999976158142,0.1850000023841858,0.1860000044107437,0.1860000044107437,1430000
2013-06-28,0.1899999976158142,0.19900000095367432,0.18400000035762787,0.18700000643730164,0.18700000643730164,7440000
2013-07-02,0.18700000643730164,0.18700000643730164,0.18700000643730164,0.18700000643730164,0.18700000643730164,105000
2013-07-03,0.1860000044107437,0.1860000044107437,0.18400000035762787,0.1850000023841858,0.1850000023841858,3440000
2013-07-04,0.1850000023841858,0.1850000023841858,0.1850000023841858,0.1850000023841858,0.1850000023841858,300000
2013-07-05,0.1860000044107437,0.1860000044107437,0.1860000044107437,0.1860000044107437,0.1860000044107437,20000
2013-07-08,0.1850000023841858,0.1889999955892563,0.18299999833106995,0.1889999955892563,0.1889999955892563,1120000
2013-07-09,0.1850000023841858,0.18400000035762787,0.18400000035762787,0.18400000035762787,0.18400000035762787,1580000
2013-07-10,0.1860000044107437,0.1940000057220459,0.1809999942779541,0.18400000035762787,0.18400000035762787,7500000
2013-07-11,0.18400000035762787,0.1889999955892563,0.18400000035762787,0.1889999955892563,0.1889999955892563,1675000
2013-07-12,0.1860000044107437,0.1860000044107437,0.18400000035762787,0.1850000023841858,0.1850000023841858,360000
2013-07-15,0.18400000035762787,0.1940000057220459,0.18199999630451202,0.1850000023841858,0.1850000023841858,11520000
2013-07-16,0.18700000643730164,0.18700000643730164,0.18299999833106995,0.18299999833106995,0.18299999833106995,3464000
2013-07-17,0.18299999833106995,0.19300000369548798,0.1809999942779541,0.18400000035762787,0.18400000035762787,13680000
2013-07-18,0.1850000023841858,0.1860000044107437,0.18400000035762787,0.1850000023841858,0.1850000023841858,5300000
2013-07-19,0.1850000023841858,0.1899999976158142,0.18199999630451202,0.18299999833106995,0.18299999833106995,12862000
2013-07-22,0.18199999630451202,0.18299999833106995,0.18199999630451202,0.18299999833106995,0.18299999833106995,860000
2013-07-23,0.18199999630451202,0.18799999356269836,0.18199999630451202,0.18199999630451202,0.18199999630451202,13120000
2013-07-24,0.18199999630451202,0.1899999976158142,0.18199999630451202,0.1850000023841858,0.1850000023841858,17480000
2013-07-25,0.1850000023841858,0.1850000023841858,0.18400000035762787,0.1850000023841858,0.1850000023841858,3340000
2013-07-26,0.18799999356269836,0.19300000369548798,0.18799999356269836,0.19200000166893005,0.19200000166893005,6820000
2013-07-29,0.19099999964237213,0.19099999964237213,0.1860000044107437,0.1860000044107437,0.1860000044107437,200000
2013-07-30,0.1860000044107437,0.1860000044107437,0.1860000044107437,0.1860000044107437,0.1860000044107437,3140000
2013-07-31,0.1850000023841858,0.1940000057220459,0.18400000035762787,0.1889999955892563,0.1889999955892563,7860000
2013-08-01,0.18799999356269836,0.19599999487400055,0.18700000643730164,0.1899999976158142,0.1899999976158142,9770000
2013-08-02,0.19300000369548798,0.1979999989271164,0.19099999964237213,0.19099999964237213,0.19099999964237213,7060000
2013-08-05,0.1899999976158142,0.1899999976158142,0.1899999976158142,0.1899999976158142,0.1899999976158142,25000
2013-08-06,0.1889999955892563,0.1889999955892563,0.18799999356269836,0.18799999356269836,0.18799999356269836,2441000
2013-08-07,0.1889999955892563,0.19499999284744263,0.1889999955892563,0.1940000057220459,0.1940000057220459,5250000
2013-08-08,0.1899999976158142,0.1899999976158142,0.1899999976158142,0.1899999976158142,0.1899999976158142,42000
2013-08-09,0.1899999976158142,0.1899999976158142,0.1899999976158142,0.1899999976158142,0.1899999976158142,550000
2013-08-12,0.19099999964237213,0.19099999964237213,0.19099999964237213,0.19099999964237213,0.19099999964237213,41000
2013-08-13,0.1940000057220459,0.1940000057220459,0.1899999976158142,0.19099999964237213,0.19099999964237213,365000
2013-08-14,0.19099999964237213,0.19099999964237213,0.19099999964237213,0.19099999964237213,0.19099999964237213,0
2013-08-15,0.19099999964237213,0.19099999964237213,0.1889999955892563,0.1889999955892563,0.1889999955892563,2780000
2013-08-16,0.1899999976158142,0.1940000057220459,0.1899999976158142,0.1940000057220459,0.1940000057220459,6600000
2013-08-19,0.19499999284744263,0.1979999989271164,0.19200000166893005,0.19200000166893005,0.19200000166893005,3560000
2013-08-20,0.19099999964237213,0.19099999964237213,0.19099999964237213,0.19099999964237213,0.19099999964237213,1740000
2013-08-21,0.1899999976158142,0.19599999487400055,0.1899999976158142,0.19499999284744263,0.19499999284744263,8440000
2013-08-22,0.19200000166893005,0.19200000166893005,0.19200000166893005,0.19499999284744263,0.19499999284744263,103000
2013-08-23,0.19499999284744263,0.19699999690055847,0.19200000166893005,0.19200000166893005,0.19200000166893005,2680000
2013-08-26,0.19200000166893005,0.1940000057220459,0.1899999976158142,0.1899999976158142,0.1899999976158142,2532500
2013-08-27,0.19499999284744263,0.1979999989271164,0.19099999964237213,0.19200000166893005,0.19200000166893005,10000000
2013-08-28,0.19200000166893005,0.1940000057220459,0.19200000166893005,0.19200000166893005,0.19200000166893005,1200000
2013-08-29,0.19499999284744263,0.2029999941587448,0.1940000057220459,0.1940000057220459,0.1940000057220459,7460000
2013-08-30,0.1940000057220459,0.19699999690055847,0.1940000057220459,0.19499999284744263,0.19499999284744263,397500
2013-09-02,0.19499999284744263,0.19499999284744263,0.1940000057220459,0.19499999284744263,0.19499999284744263,2025583
2013-09-03,0.1940000057220459,0.19499999284744263,0.1940000057220459,0.19499999284744263,0.19499999284744263,12630000
2013-09-04,0.1940000057220459,0.20399999618530273,0.1940000057220459,0.1940000057220459,0.1940000057220459,14200000
2013-09-05,0.19499999284744263,0.19699999690055847,0.1940000057220459,0.19699999690055847,0.19699999690055847,2360000
2013-09-06,0.19699999690055847,0.19699999690055847,0.1940000057220459,0.1940000057220459,0.1940000057220459,5420000
2013-09-09,0.19300000369548798,0.2029999941587448,0.19300000369548798,0.1940000057220459,0.1940000057220459,7860000
2013-09-10,0.1940000057220459,0.2029999941587448,0.1940000057220459,0.20000000298023224,0.20000000298023224,5660000
2013-09-11,0.19699999690055847,0.2029999941587448,0.19699999690055847,0.20000000298023224,0.20000000298023224,680000
2013-09-12,0.19699999690055847,0.20000000298023224,0.19499999284744263,0.19699999690055847,0.19699999690055847,10800000
2013-09-13,0.19499999284744263,0.19599999487400055,0.19499999284744263,0.19599999487400055,0.19599999487400055,300000
2013-09-16,0.1940000057220459,0.1979999989271164,0.1940000057220459,0.19499999284744263,0.19499999284744263,9720000
2013-09-17,0.19900000095367432,0.20200000703334808,0.19699999690055847,0.19699999690055847,0.19699999690055847,5640000
2013-09-18,0.1940000057220459,0.20000000298023224,0.1940000057220459,0.19499999284744263,0.19499999284744263,2440000
2013-09-19,0.19499999284744263,0.19499999284744263,0.19499999284744263,0.19499999284744263,0.19499999284744263,0
2013-09-23,0.19499999284744263,0.19499999284744263,0.19499999284744263,0.19499999284744263,0.19499999284744263,200000
2013-09-24,0.19499999284744263,0.19900000095367432,0.19499999284744263,0.19900000095367432,0.19900000095367432,442000
2013-09-25,0.19499999284744263,0.19599999487400055,0.19300000369548798,0.19599999487400055,0.19599999487400055,5180000
2013-09-26,0.1979999989271164,0.20000000298023224,0.1940000057220459,0.1940000057220459,0.1940000057220459,5140000
2013-09-27,0.1940000057220459,0.1940000057220459,0.1940000057220459,0.1940000057220459,0.1940000057220459,0
2013-09-30,0.1940000057220459,0.1940000057220459,0.1940000057220459,0.1940000057220459,0.1940000057220459,0
2013-10-02,0.19300000369548798,0.19599999487400055,0.1850000023841858,0.1860000044107437,0.1860000044107437,8680000
2013-10-03,0.1860000044107437,0.1860000044107437,0.1850000023841858,0.1850000023841858,0.1850000023841858,1820000
2013-10-04,0.1850000023841858,0.1940000057220459,0.1850000023841858,0.19300000369548798,0.19300000369548798,6720000
2013-10-07,0.19200000166893005,0.1979999989271164,0.19200000166893005,0.1979999989271164,0.1979999989271164,4080000
2013-10-08,0.1889999955892563,0.19499999284744263,0.1889999955892563,0.19499999284744263,0.19499999284744263,1060000
2013-10-09,0.19499999284744263,0.19499999284744263,0.1899999976158142,0.1899999976158142,0.1899999976158142,460000
2013-10-10,0.19499999284744263,0.19699999690055847,0.1940000057220459,0.19499999284744263,0.19499999284744263,2335000
2013-10-11,0.19099999964237213,0.19300000369548798,0.19099999964237213,0.19200000166893005,0.19200000166893005,2384500
2013-10-15,0.19099999964237213,0.1940000057220459,0.1899999976158142,0.19099999964237213,0.19099999964237213,2260000
2013-10-16,0.19200000166893005,0.19200000166893005,0.18700000643730164,0.1899999976158142,0.1899999976158142,4050000
2013-10-17,0.1889999955892563,0.19099999964237213,0.1889999955892563,0.1899999976158142,0.1899999976158142,1680000
2013-10-18,0.1889999955892563,0.1899999976158142,0.1889999955892563,0.1899999976158142,0.1899999976158142,1060000
2013-10-21,0.1899999976158142,0.1899999976158142,0.1860000044107437,0.1889999955892563,0.1889999955892563,2700000
2013-10-22,0.18700000643730164,0.19200000166893005,0.18700000643730164,0.19099999964237213,0.19099999964237213,7720000
2013-10-23,0.1889999955892563,0.19099999964237213,0.1889999955892563,0.19099999964237213,0.19099999964237213,1403000
2013-10-24,0.1899999976158142,0.19099999964237213,0.1889999955892563,0.1889999955892563,0.1889999955892563,2760000
2013-10-25,0.1889999955892563,0.1899999976158142,0.1889999955892563,0.1899999976158142,0.1899999976158142,920000
2013-10-28,0.1889999955892563,0.1899999976158142,0.18799999356269836,0.1889999955892563,0.1889999955892563,2520000
2013-10-29,0.1889999955892563,0.19699999690055847,0.18799999356269836,0.1899999976158142,0.1899999976158142,12449100
2013-10-30,0.1899999976158142,0.19499999284744263,0.1889999955892563,0.1889999955892563,0.1889999955892563,11460000
2013-10-31,0.1889999955892563,0.1899999976158142,0.1889999955892563,0.1899999976158142,0.1899999976158142,1500000
2013-11-01,0.1899999976158142,0.1899999976158142,0.1889999955892563,0.1889999955892563,0.1889999955892563,5285000
2013-11-04,0.18799999356269836,0.19099999964237213,0.18799999356269836,0.1899999976158142,0.1899999976158142,1150000
2013-11-05,0.1899999976158142,0.1899999976158142,0.1889999955892563,0.1889999955892563,0.1889999955892563,7640000
2013-11-06,0.18799999356269836,0.1899999976158142,0.18799999356269836,0.1899999976158142,0.1899999976158142,4940000
2013-11-07,0.1889999955892563,0.1899999976158142,0.18799999356269836,0.1889999955892563,0.1889999955892563,3700000
2013-11-08,0.1899999976158142,0.1899999976158142,0.18700000643730164,0.18799999356269836,0.18799999356269836,1480000
2013-11-11,0.18799999356269836,0.1899999976158142,0.18799999356269836,0.1889999955892563,0.1889999955892563,2560000
2013-11-12,0.18799999356269836,0.18799999356269836,0.18799999356269836,0.18799999356269836,0.18799999356269836,13190000
2013-11-13,0.18799999356269836,0.18799999356269836,0.18799999356269836,0.18799999356269836,0.18799999356269836,260000
2013-11-14,0.18799999356269836,0.1940000057220459,0.18700000643730164,0.1940000057220459,0.1940000057220459,9860000
2013-11-15,0.1899999976158142,0.1899999976158142,0.1889999955892563,0.1889999955892563,0.1889999955892563,200000
2013-11-18,0.1899999976158142,0.19599999487400055,0.1889999955892563,0.19499999284744263,0.19499999284744263,11810000
2013-11-19,0.19499999284744263,0.19599999487400055,0.1899999976158142,0.1899999976158142,0.1899999976158142,18460000
2013-11-20,0.1899999976158142,0.19499999284744263,0.1899999976158142,0.19099999964237213,0.19099999964237213,10600000
2013-11-21,0.19200000166893005,0.19499999284744263,0.1899999976158142,0.19200000166893005,0.19200000166893005,200000
2013-11-22,0.19200000166893005,0.19200000166893005,0.19200000166893005,0.19200000166893005,0.19200000166893005,2200000
2013-11-25,0.19200000166893005,0.19499999284744263,0.18799999356269836,0.1889999955892563,0.1889999955892563,4520000
2013-11-26,0.1899999976158142,0.19499999284744263,0.1899999976158142,0.19499999284744263,0.19499999284744263,6420000
2013-11-27,0.19099999964237213,0.20399999618530273,0.1899999976158142,0.20000000298023224,0.20000000298023224,23868000
2013-11-28,0.19599999487400055,0.19599999487400055,0.19599999487400055,0.19599999487400055,0.19599999487400055,302500
2013-11-29,0.19599999487400055,0.19599999487400055,0.19599999487400055,0.19599999487400055,0.19599999487400055,420000
2013-12-02,0.19499999284744263,0.20000000298023224,0.19499999284744263,0.19499999284744263,0.19499999284744263,3270000
2013-12-03,0.19499999284744263,0.19699999690055847,0.19499999284744263,0.19699999690055847,0.19699999690055847,60000
2013-12-04,0.19200000166893005,0.1940000057220459,0.19300000369548798,0.19300000369548798,0.19300000369548798,1340000
2013-12-05,0.19300000369548798,0.1940000057220459,0.19300000369548798,0.1940000057220459,0.1940000057220459,120000
2013-12-06,0.19900000095367432,0.20200000703334808,0.1940000057220459,0.20100000500679016,0.20100000500679016,7227500
2013-12-09,0.20000000298023224,0.20000000298023224,0.19699999690055847,0.19699999690055847,0.19699999690055847,1985000
2013-12-10,0.19699999690055847,0.20000000298023224,0.19599999487400055,0.19900000095367432,0.19900000095367432,3620000
2013-12-11,0.1979999989271164,0.20100000500679016,0.1979999989271164,0.20100000500679016,0.20100000500679016,6680000
2013-12-12,0.19900000095367432,0.20000000298023224,0.19699999690055847,0.19699999690055847,0.19699999690055847,2600000
2013-12-13,0.19699999690055847,0.19699999690055847,0.19699999690055847,0.1979999989271164,0.1979999989271164,500000
2013-12-16,0.1979999989271164,0.1979999989271164,0.1979999989271164,0.1979999989271164,0.1979999989271164,860000
2013-12-17,0.20100000500679016,0.20100000500679016,0.19900000095367432,0.19900000095367432,0.19900000095367432,2300000
2013-12-18,0.20100000500679016,0.20100000500679016,0.19699999690055847,0.19699999690055847,0.19699999690055847,220000
2013-12-19,0.19900000095367432,0.19900000095367432,0.19699999690055847,0.19699999690055847,0.19699999690055847,3460000
2013-12-20,0.1979999989271164,0.20000000298023224,0.19599999487400055,0.20000000298023224,0.20000000298023224,2810000
2013-12-23,0.19900000095367432,0.19900000095367432,0.19300000369548798,0.19599999487400055,0.19599999487400055,6740000
2013-12-24,0.20100000500679016,0.2029999941587448,0.19599999487400055,0.19699999690055847,0.19699999690055847,2460000
2013-12-27,0.1979999989271164,0.1979999989271164,0.19599999487400055,0.19699999690055847,0.19699999690055847,3400000
2013-12-30,0.19900000095367432,0.20399999618530273,0.19699999690055847,0.19900000095367432,0.19900000095367432,11620500
2013-12-31,0.1979999989271164,0.20200000703334808,0.19699999690055847,0.20100000500679016,0.20100000500679016,3660000
2014-01-02,0.20100000500679016,0.20100000500679016,0.19699999690055847,0.1979999989271164,0.1979999989271164,2540000
2014-01-03,0.19599999487400055,0.1979999989271164,0.19499999284744263,0.19599999487400055,0.19599999487400055,6724000
2014-01-06,0.19499999284744263,0.19499999284744263,0.1940000057220459,0.1940000057220459,0.1940000057220459,1400000
2014-01-07,0.19499999284744263,0.19599999487400055,0.19200000166893005,0.19300000369548798,0.19300000369548798,6280000
2014-01-08,0.19099999964237213,0.20000000298023224,0.19099999964237213,0.19300000369548798,0.19300000369548798,9975000
2014-01-09,0.19300000369548798,0.19300000369548798,0.19300000369548798,0.19300000369548798,0.19300000369548798,20000
2014-01-10,0.19300000369548798,0.19499999284744263,0.18700000643730164,0.1940000057220459,0.1940000057220459,2240000
2014-01-13,0.1899999976158142,0.1899999976158142,0.1899999976158142,0.1899999976158142,0.1899999976158142,380000
2014-01-14,0.1899999976158142,0.1899999976158142,0.1899999976158142,0.1899999976158142,0.1899999976158142,0
2014-01-15,0.1940000057220459,0.19499999284744263,0.1940000057220459,0.19300000369548798,0.19300000369548798,580000
2014-01-16,0.18799999356269836,0.1899999976158142,0.18799999356269836,0.1899999976158142,0.1899999976158142,1460000
2014-01-17,0.1899999976158142,0.1899999976158142,0.1899999976158142,0.1899999976158142,0.1899999976158142,40000
2014-01-20,0.1860000044107437,0.18700000643730164,0.1860000044107437,0.18799999356269836,0.18799999356269836,9300000
2014-01-21,0.1860000044107437,0.19499999284744263,0.1860000044107437,0.19099999964237213,0.19099999964237213,4080000
2014-01-22,0.19099999964237213,0.19099999964237213,0.18799999356269836,0.18799999356269836,0.18799999356269836,580000
2014-01-23,0.18799999356269836,0.18799999356269836,0.18799999356269836,0.18799999356269836,0.18799999356269836,205000
2014-01-24,0.1860000044107437,0.1860000044107437,0.17599999904632568,0.1809999942779541,0.1809999942779541,8800000
2014-01-27,0.18299999833106995,0.18299999833106995,0.18000000715255737,0.18299999833106995,0.18299999833106995,1040000
2014-01-28,0.18299999833106995,0.18299999833106995,0.18299999833106995,0.18299999833106995,0.18299999833106995,0
2014-01-29,0.18299999833106995,0.18299999833106995,0.18299999833106995,0.18299999833106995,0.18299999833106995,0
2014-01-30,0.18299999833106995,0.18299999833106995,0.18299999833106995,0.18299999833106995,0.18299999833106995,0
2014-02-04,0.18299999833106995,0.18299999833106995,0.18299999833106995,0.18299999833106995,0.18299999833106995,0
2014-02-05,0.17499999701976776,0.1770000010728836,0.17299999296665192,0.17599999904632568,0.17599999904632568,660000
2014-02-06,0.17599999904632568,0.17599999904632568,0.17599999904632568,0.17599999904632568,0.17599999904632568,0
2014-02-07,0.17299999296665192,0.17399999499320984,0.17299999296665192,0.17299999296665192,0.17299999296665192,1960000
2014-02-10,0.1720000058412552,0.17299999296665192,0.17000000178813934,0.17299999296665192,0.17299999296665192,1300000
2014-02-11,0.17499999701976776,0.17499999701976776,0.17399999499320984,0.17399999499320984,0.17399999499320984,1360000
2014-02-12,0.18000000715255737,0.1809999942779541,0.18000000715255737,0.18000000715255737,0.18000000715255737,2021500
2014-02-13,0.17399999499320984,0.17399999499320984,0.17399999499320984,0.17499999701976776,0.17499999701976776,260000
2014-02-14,0.17499999701976776,0.17499999701976776,0.1679999977350235,0.17100000381469727,0.17100000381469727,2840000
2014-02-17,0.17100000381469727,0.17100000381469727,0.16500000655651093,0.16500000655651093,0.16500000655651093,1540000
2014-02-18,0.16500000655651093,0.17299999296665192,0.16500000655651093,0.17100000381469727,0.17100000381469727,2160000
2014-02-19,0.16899999976158142,0.17100000381469727,0.16899999976158142,0.16899999976158142,0.16899999976158142,185000
2014-02-20,0.16500000655651093,0.16500000655651093,0.16099999845027924,0.16200000047683716,0.16200000047683716,1000000
2014-02-21,0.16599999368190765,0.17000000178813934,0.16599999368190765,0.16699999570846558,0.16699999570846558,723000
2014-02-24,0.1679999977350235,0.1679999977350235,0.1599999964237213,0.16300000250339508,0.16300000250339508,1060000
2014-02-25,0.164000004529953,0.1679999977350235,0.16300000250339508,0.16300000250339508,0.16300000250339508,1360000
2014-02-26,0.16500000655651093,0.16699999570846558,0.16599999368190765,0.16599999368190765,0.16599999368190765,200000
2014-02-27,0.1599999964237213,0.16899999976158142,0.1599999964237213,0.16899999976158142,0.16899999976158142,2261800
2014-02-28,0.16300000250339508,0.1679999977350235,0.16300000250339508,0.16500000655651093,0.16500000655651093,1045000
2014-03-03,0.16300000250339508,0.16300000250339508,0.16099999845027924,0.16200000047683716,0.16200000047683716,2460000
2014-03-04,0.1599999964237213,0.16599999368190765,0.1599999964237213,0.16599999368190765,0.16599999368190765,1820000
2014-03-05,0.16599999368190765,0.16599999368190765,0.1599999964237213,0.16200000047683716,0.16200000047683716,2560000
2014-03-06,0.1599999964237213,0.16599999368190765,0.1599999964237213,0.16200000047683716,0.16200000047683716,180000
2014-03-07,0.16200000047683716,0.16200000047683716,0.16200000047683716,0.16200000047683716,0.16200000047683716,0
2014-03-10,0.1599999964237213,0.1599999964237213,0.15800000727176666,0.15800000727176666,0.15800000727176666,500000
2014-03-11,0.16200000047683716,0.16200000047683716,0.1599999964237213,0.1589999943971634,0.1589999943971634,521500
2014-03-12,0.15399999916553497,0.1550000011920929,0.15299999713897705,0.15399999916553497,0.15399999916553497,660000
2014-03-13,0.1589999943971634,0.1589999943971634,0.15399999916553497,0.15399999916553497,0.15399999916553497,460000
2014-03-14,0.15399999916553497,0.15399999916553497,0.15199999511241913,0.15399999916553497,0.15399999916553497,1240000
2014-03-17,0.1509999930858612,0.15800000727176666,0.1469999998807907,0.15800000727176666,0.15800000727176666,1800000
2014-03-18,0.15800000727176666,0.164000004529953,0.15000000596046448,0.15299999713897705,0.15299999713897705,1300000
2014-03-19,0.1469999998807907,0.15199999511241913,0.1459999978542328,0.1509999930858612,0.1509999930858612,580000
2014-03-20,0.16099999845027924,0.164000004529953,0.15800000727176666,0.15800000727176666,0.15800000727176666,2660000
2014-03-21,0.15600000321865082,0.15600000321865082,0.15600000321865082,0.15600000321865082,0.15600000321865082,200000
2014-03-24,0.15399999916553497,0.164000004529953,0.14800000190734863,0.15199999511241913,0.15199999511241913,4220000
2014-03-25,0.15299999713897705,0.15399999916553497,0.1459999978542328,0.15299999713897705,0.15299999713897705,1520000
2014-03-26,0.15000000596046448,0.15000000596046448,0.15000000596046448,0.15000000596046448,0.15000000596046448,0
2014-03-27,0.14300000667572021,0.14300000667572021,0.14100000262260437,0.14100000262260437,0.14100000262260437,1060000
2014-03-28,0.12300000339746475,0.16500000655651093,0.12300000339746475,0.15600000321865082,0.15600000321865082,8220000
2014-03-31,0.1599999964237213,0.18000000715255737,0.1599999964237213,0.1720000058412552,0.1720000058412552,10700000
2014-04-01,0.17100000381469727,0.17100000381469727,0.1599999964237213,0.1599999964237213,0.1599999964237213,965000
2014-04-02,0.15800000727176666,0.15800000727176666,0.15700000524520874,0.15700000524520874,0.15700000524520874,1000000
2014-04-03,0.15800000727176666,0.16300000250339508,0.15700000524520874,0.15700000524520874,0.15700000524520874,1220000
2014-04-04,0.15700000524520874,0.15700000524520874,0.15700000524520874,0.15700000524520874,0.15700000524520874,0
2014-04-07,0.15700000524520874,0.15800000727176666,0.15700000524520874,0.15700000524520874,0.15700000524520874,640000
2014-04-08,0.1550000011920929,0.1550000011920929,0.15000000596046448,0.1509999930858612,0.1509999930858612,940000
2014-04-09,0.14900000393390656,0.15800000727176666,0.14900000393390656,0.15700000524520874,0.15700000524520874,3510000
2014-04-10,0.1550000011920929,0.1550000011920929,0.1550000011920929,0.1550000011920929,0.1550000011920929,0
2014-04-11,0.15000000596046448,0.1599999964237213,0.15000000596046448,0.15800000727176666,0.15800000727176666,1380000
2014-04-14,0.1509999930858612,0.1509999930858612,0.15000000596046448,0.1509999930858612,0.1509999930858612,415500
2014-04-15,0.15000000596046448,0.15000000596046448,0.15000000596046448,0.15000000596046448,0.15000000596046448,120000
2014-04-16,0.15000000596046448,0.15000000596046448,0.14000000059604645,0.14000000059604645,0.14000000059604645,2300000
2014-04-17,0.14499999582767487,0.1459999978542328,0.14399999380111694,0.1459999978542328,0.1459999978542328,1200000
2014-04-22,0.13899999856948853,0.14399999380111694,0.1379999965429306,0.14399999380111694,0.14399999380111694,1560000
2014-04-23,0.13899999856948853,0.14000000059604645,0.13899999856948853,0.14000000059604645,0.14000000059604645,401000
2014-04-24,0.13699999451637268,0.13699999451637268,0.13600000739097595,0.13699999451637268,0.13699999451637268,820000
2014-04-25,0.13199999928474426,0.14000000059604645,0.13199999928474426,0.13500000536441803,0.13500000536441803,2300000
2014-04-28,0.1340000033378601,0.14100000262260437,0.1340000033378601,0.14100000262260437,0.14100000262260437,1180000
2014-04-29,0.13600000739097595,0.14499999582767487,0.13600000739097595,0.14499999582767487,0.14499999582767487,2165000
2014-04-30,0.14900000393390656,0.15800000727176666,0.14399999380111694,0.14399999380111694,0.14399999380111694,5940000
2014-05-02,0.14800000190734863,0.1509999930858612,0.14800000190734863,0.1509999930858612,0.1509999930858612,440000
2014-05-05,0.1509999930858612,0.1509999930858612,0.1509999930858612,0.1509999930858612,0.1509999930858612,0
2014-05-07,0.1509999930858612,0.1509999930858612,0.1509999930858612,0.1509999930858612,0.1509999930858612,0
2014-05-08,0.1509999930858612,0.1509999930858612,0.1509999930858612,0.1509999930858612,0.1509999930858612,0
2014-05-09,0.15000000596046448,0.15000000596046448,0.15000000596046448,0.15000000596046448,0.15000000596046448,102000
2014-05-12,0.13899999856948853,0.13899999856948853,0.13899999856948853,0.14100000262260437,0.14100000262260437,720000
2014-05-13,0.1420000046491623,0.1420000046491623,0.1420000046491623,0.1420000046491623,0.1420000046491623,0
2014-05-14,0.1379999965429306,0.13899999856948853,0.13699999451637268,0.13699999451637268,0.13699999451637268,680000
2014-05-15,0.1379999965429306,0.1379999965429306,0.13699999451637268,0.13699999451637268,0.13699999451637268,1421000
2014-05-16,0.13699999451637268,0.13699999451637268,0.13699999451637268,0.13699999451637268,0.13699999451637268,100000
2014-05-19,0.1340000033378601,0.1340000033378601,0.1340000033378601,0.1340000033378601,0.1340000033378601,20000
2014-05-20,0.13600000739097595,0.14499999582767487,0.13600000739097595,0.1379999965429306,0.1379999965429306,700000
2014-05-21,0.13699999451637268,0.1469999998807907,0.13600000739097595,0.1379999965429306,0.1379999965429306,1800000
2014-05-22,0.14000000059604645,0.14300000667572021,0.13699999451637268,0.13699999451637268,0.13699999451637268,195000
2014-05-23,0.13600000739097595,0.13600000739097595,0.13300000131130219,0.13300000131130219,0.13300000131130219,880000
2014-05-26,0.13099999725818634,0.13099999725818634,0.125,0.125,0.125,4340000
2014-05-27,0.12300000339746475,0.12700000405311584,0.10999999940395355,0.11500000208616257,0.11500000208616257,10020000
2014-05-28,0.11599999666213989,0.11599999666213989,0.10400000214576721,0.10700000077486038,0.10700000077486038,8138300
2014-05-29,0.1080000028014183,0.11100000143051147,0.1080000028014183,0.1080000028014183,0.1080000028014183,5039000
2014-05-30,0.10899999737739563,0.10899999737739563,0.08799999952316284,0.08900000154972076,0.08900000154972076,59352579
2014-06-03,0.09000000357627869,0.10100000351667404,0.09000000357627869,0.09700000286102295,0.09700000286102295,44060000
2014-06-04,0.09700000286102295,0.09700000286102295,0.09700000286102295,0.09700000286102295,0.09700000286102295,0
2014-06-05,0.09700000286102295,0.09700000286102295,0.09700000286102295,0.09700000286102295,0.09700000286102295,0
2014-06-06,0.09700000286102295,0.09700000286102295,0.09700000286102295,0.09700000286102295,0.09700000286102295,0
2014-06-09,0.09700000286102295,0.09700000286102295,0.09700000286102295,0.09700000286102295,0.09700000286102295,0
2014-06-10,0.09700000286102295,0.09700000286102295,0.09700000286102295,0.09700000286102295,0.09700000286102295,0
2014-06-11,0.09700000286102295,0.09700000286102295,0.09700000286102295,0.09700000286102295,0.09700000286102295,0
2014-06-12,0.09700000286102295,0.09700000286102295,0.09700000286102295,0.09700000286102295,0.09700000286102295,0
2014-06-13,0.09700000286102295,0.09700000286102295,0.09700000286102295,0.09700000286102295,0.09700000286102295,0
2014-06-16,0.09700000286102295,0.09700000286102295,0.09700000286102295,0.09700000286102295,0.09700000286102295,0
2014-06-17,0.11500000208616257,0.19900000095367432,0.10999999940395355,0.15700000524520874,0.15700000524520874,346891965
2014-06-18,0.15299999713897705,0.15700000524520874,0.13500000536441803,0.1469999998807907,0.1469999998807907,51280000
2014-06-19,0.1420000046491623,0.17299999296665192,0.13899999856948853,0.15399999916553497,0.15399999916553497,102740000
2014-06-20,0.15700000524520874,0.1599999964237213,0.1469999998807907,0.1509999930858612,0.1509999930858612,21500000
2014-06-23,0.1509999930858612,0.15299999713897705,0.14000000059604645,0.14100000262260437,0.14100000262260437,9852500
2014-06-24,0.14100000262260437,0.15000000596046448,0.13199999928474426,0.1459999978542328,0.1459999978542328,29040000
2014-06-25,0.14000000059604645,0.1599999964237213,0.13899999856948853,0.1420000046491623,0.1420000046491623,31120000
2014-06-26,0.1379999965429306,0.15700000524520874,0.1379999965429306,0.1459999978542328,0.1459999978542328,37620000
2014-06-27,0.1459999978542328,0.14900000393390656,0.14000000059604645,0.14800000190734863,0.14800000190734863,9520000
2014-06-30,0.1459999978542328,0.15399999916553497,0.1459999978542328,0.1509999930858612,0.1509999930858612,9060000
2014-07-02,0.14800000190734863,0.1720000058412552,0.1459999978542328,0.1599999964237213,0.1599999964237213,98300000
2014-07-03,0.16200000047683716,0.1679999977350235,0.15299999713897705,0.15399999916553497,0.15399999916553497,33080000
2014-07-04,0.15399999916553497,0.16099999845027924,0.14800000190734863,0.15199999511241913,0.15199999511241913,15460000
2014-07-07,0.15399999916553497,0.1599999964237213,0.14800000190734863,0.1550000011920929,0.1550000011920929,18062500
2014-07-08,0.15299999713897705,0.15800000727176666,0.15299999713897705,0.15700000524520874,0.15700000524520874,4840000
2014-07-09,0.15299999713897705,0.164000004529953,0.15299999713897705,0.15600000321865082,0.15600000321865082,16440000
2014-07-10,0.15199999511241913,0.15700000524520874,0.15000000596046448,0.15199999511241913,0.15199999511241913,5803500
2014-07-11,0.1550000011920929,0.15600000321865082,0.1459999978542328,0.15000000596046448,0.15000000596046448,7640000
2014-07-14,0.15000000596046448,0.15299999713897705,0.13500000536441803,0.14100000262260437,0.14100000262260437,35260000
2014-07-15,0.1420000046491623,0.1420000046491623,0.1379999965429306,0.14000000059604645,0.14000000059604645,2560000
2014-07-16,0.14000000059604645,0.15199999511241913,0.13699999451637268,0.14499999582767487,0.14499999582767487,9780000
2014-07-17,0.1469999998807907,0.1469999998807907,0.14100000262260437,0.14100000262260437,0.14100000262260437,1620000
2014-07-18,0.14100000262260437,0.14100000262260437,0.13500000536441803,0.13899999856948853,0.13899999856948853,4045000
2014-07-21,0.13600000739097595,0.13600000739097595,0.13500000536441803,0.13600000739097595,0.13600000739097595,2080000
2014-07-22,0.1379999965429306,0.1379999965429306,0.1340000033378601,0.13699999451637268,0.13699999451637268,1880000
2014-07-23,0.1340000033378601,0.13600000739097595,0.13199999928474426,0.1340000033378601,0.1340000033378601,2520000
2014-07-24,0.13300000131130219,0.1340000033378601,0.1289999932050705,0.1340000033378601,0.1340000033378601,7440000
2014-07-25,0.1340000033378601,0.1340000033378601,0.12800000607967377,0.13199999928474426,0.13199999928474426,2340000
2014-07-28,0.1340000033378601,0.1340000033378601,0.12800000607967377,0.12999999523162842,0.12999999523162842,1302500
2014-07-29,0.12999999523162842,0.13199999928474426,0.12600000202655792,0.12800000607967377,0.12800000607967377,3890000
2014-07-30,0.12700000405311584,0.1289999932050705,0.11900000274181366,0.12700000405311584,0.12700000405311584,4740000
2014-07-31,0.12600000202655792,0.12700000405311584,0.125,0.12700000405311584,0.12700000405311584,950000
2014-08-01,0.125,0.125,0.12200000137090683,0.125,0.125,980000
2014-08-04,0.12300000339746475,0.13300000131130219,0.11999999731779099,0.13300000131130219,0.13300000131130219,5400000
2014-08-05,0.13300000131130219,0.14399999380111694,0.13300000131130219,0.14000000059604645,0.14000000059604645,17980000
2014-08-06,0.14000000059604645,0.14000000059604645,0.1340000033378601,0.13699999451637268,0.13699999451637268,3400000
2014-08-07,0.13699999451637268,0.13699999451637268,0.13199999928474426,0.1340000033378601,0.1340000033378601,1760000
2014-08-08,0.1340000033378601,0.1340000033378601,0.12999999523162842,0.13099999725818634,0.13099999725818634,1065000
2014-08-11,0.12999999523162842,0.13300000131130219,0.12399999797344208,0.1289999932050705,0.1289999932050705,4620000
2014-08-12,0.12999999523162842,0.12999999523162842,0.12700000405311584,0.1289999932050705,0.1289999932050705,2260000
2014-08-13,0.12700000405311584,0.12800000607967377,0.125,0.12700000405311584,0.12700000405311584,3960000
2014-08-14,0.12700000405311584,0.12999999523162842,0.12700000405311584,0.13099999725818634,0.13099999725818634,240000
2014-08-15,0.13099999725818634,0.13199999928474426,0.1289999932050705,0.12999999523162842,0.12999999523162842,4020000
2014-08-18,0.12700000405311584,0.12999999523162842,0.12700000405311584,0.13099999725818634,0.13099999725818634,850000
2014-08-19,0.13199999928474426,0.13199999928474426,0.12800000607967377,0.12999999523162842,0.12999999523162842,640000
2014-08-20,0.12999999523162842,0.13199999928474426,0.12999999523162842,0.12999999523162842,0.12999999523162842,300000
2014-08-21,0.13199999928474426,0.13199999928474426,0.125,0.12700000405311584,0.12700000405311584,6340000
2014-08-22,0.12800000607967377,0.13199999928474426,0.12700000405311584,0.12800000607967377,0.12800000607967377,2288400
2014-08-25,0.12800000607967377,0.12999999523162842,0.12700000405311584,0.12999999523162842,0.12999999523162842,3287500
2014-08-26,0.1289999932050705,0.14000000059604645,0.1289999932050705,0.13899999856948853,0.13899999856948853,4020000
2014-08-27,0.13899999856948853,0.15000000596046448,0.12999999523162842,0.14399999380111694,0.14399999380111694,30560500
2014-08-28,0.1459999978542328,0.1459999978542328,0.13500000536441803,0.13500000536441803,0.13500000536441803,1080000
2014-08-29,0.13699999451637268,0.14100000262260437,0.13300000131130219,0.1340000033378601,0.1340000033378601,1170000
2014-09-01,0.13199999928474426,0.13300000131130219,0.13099999725818634,0.13199999928474426,0.13199999928474426,1000000
2014-09-02,0.13099999725818634,0.13099999725818634,0.12700000405311584,0.12999999523162842,0.12999999523162842,1860000
2014-09-03,0.12999999523162842,0.13199999928474426,0.1289999932050705,0.13199999928474426,0.13199999928474426,1300000
2014-09-04,0.13099999725818634,0.13099999725818634,0.13099999725818634,0.13099999725818634,0.13099999725818634,0
2014-09-05,0.12800000607967377,0.12999999523162842,0.12800000607967377,0.12999999523162842,0.12999999523162842,740000
2014-09-08,0.12999999523162842,0.13600000739097595,0.12600000202655792,0.13500000536441803,0.13500000536441803,600000
2014-09-10,0.13600000739097595,0.13600000739097595,0.12800000607967377,0.12999999523162842,0.12999999523162842,1980000
2014-09-11,0.12999999523162842,0.13199999928474426,0.12999999523162842,0.13199999928474426,0.13199999928474426,1540000
2014-09-12,0.13099999725818634,0.13099999725818634,0.1289999932050705,0.1289999932050705,0.1289999932050705,480000
2014-09-15,0.13199999928474426,0.13199999928474426,0.12600000202655792,0.12800000607967377,0.12800000607967377,2190000
2014-09-16,0.12600000202655792,0.12600000202655792,0.12600000202655792,0.12600000202655792,0.12600000202655792,180000
2014-09-17,0.12600000202655792,0.12700000405311584,0.12600000202655792,0.12600000202655792,0.12600000202655792,1005000
2014-09-18,0.12600000202655792,0.12800000607967377,0.12600000202655792,0.12800000607967377,0.12800000607967377,582500
2014-09-19,0.12600000202655792,0.12600000202655792,0.12600000202655792,0.12600000202655792,0.12600000202655792,540000
2014-09-22,0.125,0.13199999928474426,0.125,0.1289999932050705,0.1289999932050705,1820000
2014-09-23,0.12600000202655792,0.12600000202655792,0.12600000202655792,0.12600000202655792,0.12600000202655792,657500
2014-09-24,0.125,0.125,0.125,0.125,0.125,1305000
2014-09-25,0.125,0.12800000607967377,0.125,0.12800000607967377,0.12800000607967377,1360000
2014-09-26,0.125,0.12700000405311584,0.125,0.12600000202655792,0.12600000202655792,680000
2014-09-29,0.12200000137090683,0.12300000339746475,0.11999999731779099,0.12300000339746475,0.12300000339746475,1380000
2014-09-30,0.12099999934434891,0.12099999934434891,0.12099999934434891,0.12099999934434891,0.12099999934434891,140000
2014-10-03,0.11900000274181366,0.11900000274181366,0.11900000274181366,0.12200000137090683,0.12200000137090683,200000
2014-10-06,0.12200000137090683,0.12200000137090683,0.11999999731779099,0.12200000137090683,0.12200000137090683,445000
2014-10-07,0.12200000137090683,0.12200000137090683,0.12200000137090683,0.12200000137090683,0.12200000137090683,0
2014-10-08,0.12099999934434891,0.12099999934434891,0.11800000071525574,0.11800000071525574,0.11800000071525574,1340000
2014-10-09,0.11599999666213989,0.125,0.11599999666213989,0.125,0.125,800000
2014-10-10,0.12399999797344208,0.12399999797344208,0.12399999797344208,0.12399999797344208,0.12399999797344208,0
2014-10-13,0.11500000208616257,0.11699999868869781,0.10999999940395355,0.11699999868869781,0.11699999868869781,3380000
2014-10-14,0.11699999868869781,0.11699999868869781,0.11699999868869781,0.11699999868869781,0.11699999868869781,840000
2014-10-15,0.11699999868869781,0.11999999731779099,0.11699999868869781,0.11999999731779099,0.11999999731779099,660000
2014-10-16,0.11299999803304672,0.11299999803304672,0.11299999803304672,0.11400000005960464,0.11400000005960464,120000
2014-10-17,0.11400000005960464,0.11400000005960464,0.11400000005960464,0.11400000005960464,0.11400000005960464,0
2014-10-20,0.11400000005960464,0.11400000005960464,0.1080000028014183,0.11100000143051147,0.11100000143051147,2960000
2014-10-21,0.10700000077486038,0.11299999803304672,0.10000000149011612,0.1080000028014183,0.1080000028014183,5500000
2014-10-22,0.1080000028014183,0.1080000028014183,0.10000000149011612,0.10199999809265137,0.10199999809265137,10040000
2014-10-23,0.10000000149011612,0.10300000011920929,0.0989999994635582,0.10100000351667404,0.10100000351667404,4590000
2014-10-24,0.10000000149011612,0.10300000011920929,0.10000000149011612,0.10100000351667404,0.10100000351667404,1060000
2014-10-27,0.10100000351667404,0.10300000011920929,0.0989999994635582,0.10100000351667404,0.10100000351667404,1500000
2014-10-28,0.09799999743700027,0.09799999743700027,0.09799999743700027,0.0989999994635582,0.0989999994635582,100000
2014-10-29,0.09799999743700027,0.10100000351667404,0.09799999743700027,0.09799999743700027,0.09799999743700027,3015000
2014-10-30,0.09799999743700027,0.10000000149011612,0.09799999743700027,0.0989999994635582,0.0989999994635582,1240000
2014-10-31,0.09799999743700027,0.10300000011920929,0.09600000083446503,0.10199999809265137,0.10199999809265137,2140000
2014-11-03,0.10000000149011612,0.10000000149011612,0.09700000286102295,0.09700000286102295,0.09700000286102295,1120000
2014-11-04,0.09700000286102295,0.0989999994635582,0.0949999988079071,0.09799999743700027,0.09799999743700027,1406000
2014-11-05,0.09799999743700027,0.0989999994635582,0.09799999743700027,0.0989999994635582,0.0989999994635582,161500
2014-11-06,0.0989999994635582,0.10300000011920929,0.0989999994635582,0.10300000011920929,0.10300000011920929,4220000
2014-11-07,0.10300000011920929,0.10300000011920929,0.10000000149011612,0.10100000351667404,0.10100000351667404,2340000
2014-11-10,0.10599999874830246,0.10599999874830246,0.10100000351667404,0.10100000351667404,0.10100000351667404,40000
2014-11-11,0.0989999994635582,0.0989999994635582,0.09600000083446503,0.09700000286102295,0.09700000286102295,2520000
2014-11-12,0.09600000083446503,0.10300000011920929,0.09600000083446503,0.10199999809265137,0.10199999809265137,3880000
2014-11-13,0.10199999809265137,0.10400000214576721,0.10199999809265137,0.10300000011920929,0.10300000011920929,2880000
2014-11-14,0.10599999874830246,0.10599999874830246,0.09799999743700027,0.10000000149011612,0.10000000149011612,3402500
2014-11-17,0.09700000286102295,0.10000000149011612,0.09700000286102295,0.10000000149011612,0.10000000149011612,781000
2014-11-18,0.09799999743700027,0.10300000011920929,0.09700000286102295,0.10300000011920929,0.10300000011920929,2420000
2014-11-19,0.10100000351667404,0.10100000351667404,0.0989999994635582,0.0989999994635582,0.0989999994635582,2735000
2014-11-20,0.09700000286102295,0.10400000214576721,0.09700000286102295,0.0989999994635582,0.0989999994635582,2660000
2014-11-21,0.09700000286102295,0.10400000214576721,0.09399999678134918,0.09600000083446503,0.09600000083446503,4660000
2014-11-24,0.10000000149011612,0.10000000149011612,0.09600000083446503,0.09600000083446503,0.09600000083446503,2200000
2014-11-25,0.09799999743700027,0.09799999743700027,0.0949999988079071,0.09600000083446503,0.09600000083446503,500000
2014-11-26,0.09600000083446503,0.09600000083446503,0.09000000357627869,0.09600000083446503,0.09600000083446503,7440000
2014-11-27,0.09399999678134918,0.0989999994635582,0.09399999678134918,0.0949999988079071,0.0949999988079071,1440000
2014-11-28,0.0949999988079071,0.0949999988079071,0.09399999678134918,0.09399999678134918,0.09399999678134918,5920000
2014-12-01,0.09200000017881393,0.09200000017881393,0.09200000017881393,0.09200000017881393,0.09200000017881393,320000
2014-12-02,0.09200000017881393,0.09300000220537186,0.09000000357627869,0.09300000220537186,0.09300000220537186,4340000
2014-12-03,0.09099999815225601,0.10100000351667404,0.09099999815225601,0.0949999988079071,0.0949999988079071,945000
2014-12-04,0.09700000286102295,0.09700000286102295,0.09300000220537186,0.09300000220537186,0.09300000220537186,800000
2014-12-05,0.09200000017881393,0.09600000083446503,0.08799999952316284,0.09000000357627869,0.09000000357627869,12060000
2014-12-08,0.09000000357627869,0.09200000017881393,0.08900000154972076,0.08900000154972076,0.08900000154972076,1220000
2014-12-09,0.09200000017881393,0.09200000017881393,0.08799999952316284,0.08799999952316284,0.08799999952316284,140000
2014-12-10,0.09000000357627869,0.09099999815225601,0.08799999952316284,0.09000000357627869,0.09000000357627869,1020000
2014-12-11,0.08699999749660492,0.08699999749660492,0.08399999886751175,0.08500000089406967,0.08500000089406967,3220000
2014-12-12,0.0820000022649765,0.0860000029206276,0.08100000023841858,0.08500000089406967,0.08500000089406967,1080000
2014-12-15,0.08399999886751175,0.08500000089406967,0.08399999886751175,0.08500000089406967,0.08500000089406967,2560000
2014-12-16,0.08500000089406967,0.08500000089406967,0.08100000023841858,0.08100000023841858,0.08100000023841858,5642500
2014-12-17,0.07800000160932541,0.07800000160932541,0.07800000160932541,0.07800000160932541,0.07800000160932541,440000
2014-12-18,0.07900000363588333,0.09300000220537186,0.07900000363588333,0.08799999952316284,0.08799999952316284,5080000
2014-12-19,0.0860000029206276,0.0860000029206276,0.08399999886751175,0.08399999886751175,0.08399999886751175,4640000
2014-12-22,0.0820000022649765,0.0820000022649765,0.07800000160932541,0.07900000363588333,0.07900000363588333,1000000
2014-12-23,0.07800000160932541,0.07800000160932541,0.07699999958276749,0.07800000160932541,0.07800000160932541,580000
2014-12-24,0.07900000363588333,0.07900000363588333,0.07900000363588333,0.07999999821186066,0.07999999821186066,80000
2014-12-29,0.07999999821186066,0.08100000023841858,0.07500000298023224,0.07699999958276749,0.07699999958276749,3140000
2014-12-30,0.07599999755620956,0.07599999755620956,0.07599999755620956,0.07599999755620956,0.07599999755620956,200000
2014-12-31,0.07500000298023224,0.07500000298023224,0.07199999690055847,0.0729999989271164,0.0729999989271164,1660000
2015-01-02,0.07500000298023224,0.07800000160932541,0.07400000095367432,0.07800000160932541,0.07800000160932541,1200000
2015-01-05,0.0729999989271164,0.08399999886751175,0.0729999989271164,0.07800000160932541,0.07800000160932541,5280000
2015-01-06,0.07699999958276749,0.07999999821186066,0.07699999958276749,0.07999999821186066,0.07999999821186066,1280000
2015-01-07,0.07800000160932541,0.08100000023841858,0.07800000160932541,0.08100000023841858,0.08100000023841858,3900000
2015-01-08,0.07999999821186066,0.0820000022649765,0.07999999821186066,0.0820000022649765,0.0820000022649765,1302500
2015-01-09,0.0820000022649765,0.08299999684095383,0.0820000022649765,0.08299999684095383,0.08299999684095383,2680000
2015-01-12,0.08100000023841858,0.08100000023841858,0.07999999821186066,0.08100000023841858,0.08100000023841858,740000
2015-01-13,0.08100000023841858,0.08100000023841858,0.07999999821186066,0.07999999821186066,0.07999999821186066,1440000
2015-01-14,0.07900000363588333,0.09200000017881393,0.07900000363588333,0.08299999684095383,0.08299999684095383,7760300
2015-01-15,0.08100000023841858,0.08900000154972076,0.08100000023841858,0.0820000022649765,0.0820000022649765,7740000
2015-01-16,0.0820000022649765,0.0820000022649765,0.07999999821186066,0.0820000022649765,0.0820000022649765,300000
2015-01-19,0.0820000022649765,0.0820000022649765,0.07999999821186066,0.0820000022649765,0.0820000022649765,820000
2015-01-20,0.07999999821186066,0.0820000022649765,0.07999999821186066,0.0820000022649765,0.0820000022649765,85000
2015-01-21,0.07999999821186066,0.0820000022649765,0.07999999821186066,0.0820000022649765,0.0820000022649765,2200000
2015-01-22,0.0820000022649765,0.0820000022649765,0.0820000022649765,0.0820000022649765,0.0820000022649765,0
2015-01-23,0.08100000023841858,0.08100000023841858,0.08100000023841858,0.0820000022649765,0.0820000022649765,102500
2015-01-26,0.08299999684095383,0.08299999684095383,0.07999999821186066,0.08100000023841858,0.08100000023841858,3560000
2015-01-27,0.0820000022649765,0.0820000022649765,0.07999999821186066,0.08100000023841858,0.08100000023841858,2600000
2015-01-28,0.0820000022649765,0.0820000022649765,0.0820000022649765,0.0820000022649765,0.0820000022649765,40000
2015-01-29,0.08100000023841858,0.08100000023841858,0.08100000023841858,0.0820000022649765,0.0820000022649765,60000
2015-01-30,0.07999999821186066,0.0820000022649765,0.07999999821186066,0.0820000022649765,0.0820000022649765,640000
2015-02-02,0.07999999821186066,0.07999999821186066,0.07999999821186066,0.0820000022649765,0.0820000022649765,460000
2015-02-03,0.0820000022649765,0.0820000022649765,0.07999999821186066,0.07999999821186066,0.07999999821186066,1620000
2015-02-04,0.0820000022649765,0.08299999684095383,0.08100000023841858,0.0820000022649765,0.0820000022649765,860000
2015-02-05,0.0820000022649765,0.0820000022649765,0.07999999821186066,0.0820000022649765,0.0820000022649765,3920000
2015-02-06,0.0820000022649765,0.0820000022649765,0.0820000022649765,0.0820000022649765,0.0820000022649765,0
2015-02-09,0.07999999821186066,0.07999999821186066,0.07800000160932541,0.07800000160932541,0.07800000160932541,3700000
2015-02-10,0.07800000160932541,0.07800000160932541,0.07800000160932541,0.07800000160932541,0.07800000160932541,0
2015-02-11,0.07800000160932541,0.07999999821186066,0.07400000095367432,0.07599999755620956,0.07599999755620956,3460000
2015-02-12,0.07400000095367432,0.07599999755620956,0.0729999989271164,0.07699999958276749,0.07699999958276749,420000
2015-02-13,0.07500000298023224,0.07699999958276749,0.07500000298023224,0.07699999958276749,0.07699999958276749,880000
2015-02-16,0.07800000160932541,0.07800000160932541,0.07800000160932541,0.07800000160932541,0.07800000160932541,0
2015-02-17,0.07500000298023224,0.07999999821186066,0.07500000298023224,0.07999999821186066,0.07999999821186066,1000000
2015-02-18,0.07800000160932541,0.07800000160932541,0.07800000160932541,0.07800000160932541,0.07800000160932541,40000
2015-02-23,0.08500000089406967,0.11999999731779099,0.08500000089406967,0.10599999874830246,0.10599999874830246,51522500
2015-02-24,0.10700000077486038,0.1080000028014183,0.0989999994635582,0.10300000011920929,0.10300000011920929,11920000
2015-02-25,0.0989999994635582,0.10199999809265137,0.0949999988079071,0.10000000149011612,0.10000000149011612,7470000
2015-02-26,0.0989999994635582,0.10000000149011612,0.0949999988079071,0.0989999994635582,0.0989999994635582,4960000
2015-02-27,0.0989999994635582,0.0989999994635582,0.08799999952316284,0.09200000017881393,0.09200000017881393,7905000
2015-03-02,0.09000000357627869,0.09200000017881393,0.08799999952316284,0.09099999815225601,0.09099999815225601,4360000
2015-03-03,0.09099999815225601,0.09200000017881393,0.08900000154972076,0.09099999815225601,0.09099999815225601,3060000
2015-03-04,0.08900000154972076,0.08900000154972076,0.0860000029206276,0.08900000154972076,0.08900000154972076,3085000
2015-03-05,0.08699999749660492,0.08900000154972076,0.08699999749660492,0.08699999749660492,0.08699999749660492,740000
2015-03-06,0.0860000029206276,0.09000000357627869,0.08399999886751175,0.09000000357627869,0.09000000357627869,1800000
2015-03-09,0.08900000154972076,0.08900000154972076,0.08699999749660492,0.08799999952316284,0.08799999952316284,780000
2015-03-10,0.0860000029206276,0.08799999952316284,0.08500000089406967,0.08799999952316284,0.08799999952316284,1472500
2015-03-11,0.08799999952316284,0.09000000357627869,0.08699999749660492,0.08900000154972076,0.08900000154972076,1580000
2015-03-12,0.09300000220537186,0.10400000214576721,0.08799999952316284,0.10100000351667404,0.10100000351667404,26600000
2015-03-13,0.10100000351667404,0.10100000351667404,0.09300000220537186,0.0949999988079071,0.0949999988079071,6940000
2015-03-16,0.09300000220537186,0.09399999678134918,0.09300000220537186,0.09399999678134918,0.09399999678134918,280000
2015-03-17,0.09600000083446503,0.10199999809265137,0.09200000017881393,0.10000000149011612,0.10000000149011612,10300000
2015-03-18,0.10000000149011612,0.10199999809265137,0.0989999994635582,0.0989999994635582,0.0989999994635582,3360000
2015-03-19,0.10199999809265137,0.10199999809265137,0.09700000286102295,0.09700000286102295,0.09700000286102295,2920000
2015-03-20,0.09399999678134918,0.10499999672174454,0.09399999678134918,0.10400000214576721,0.10400000214576721,11240000
2015-03-23,0.10599999874830246,0.12800000607967377,0.10400000214576721,0.11800000071525574,0.11800000071525574,59100000
2015-03-24,0.11800000071525574,0.11800000071525574,0.11100000143051147,0.11299999803304672,0.11299999803304672,3945000
2015-03-25,0.11100000143051147,0.11999999731779099,0.11100000143051147,0.11500000208616257,0.11500000208616257,4420000
2015-03-26,0.11500000208616257,0.125,0.11299999803304672,0.11500000208616257,0.11500000208616257,16120000
2015-03-27,0.11699999868869781,0.12399999797344208,0.11500000208616257,0.12200000137090683,0.12200000137090683,8740000
2015-03-30,0.12200000137090683,0.12200000137090683,0.1120000034570694,0.1120000034570694,0.1120000034570694,2240000
2015-03-31,0.11800000071525574,0.13199999928474426,0.11800000071525574,0.12999999523162842,0.12999999523162842,16030000
2015-04-01,0.12999999523162842,0.13300000131130219,0.12099999934434891,0.12200000137090683,0.12200000137090683,3560000
2015-04-02,0.12200000137090683,0.1289999932050705,0.12200000137090683,0.125,0.125,4200000
2015-04-08,0.12700000405311584,0.13300000131130219,0.12200000137090683,0.12399999797344208,0.12399999797344208,6431000
2015-04-09,0.12399999797344208,0.12700000405311584,0.12200000137090683,0.12300000339746475,0.12300000339746475,9355000
2015-04-10,0.12399999797344208,0.1289999932050705,0.12300000339746475,0.12700000405311584,0.12700000405311584,4369700
2015-04-13,0.12800000607967377,0.13600000739097595,0.12700000405311584,0.1340000033378601,0.1340000033378601,14496500
2015-04-14,0.1340000033378601,0.14000000059604645,0.12399999797344208,0.12999999523162842,0.12999999523162842,9143000
2015-04-15,0.13300000131130219,0.13300000131130219,0.12600000202655792,0.13199999928474426,0.13199999928474426,1800000
2015-04-16,0.12600000202655792,0.12999999523162842,0.12399999797344208,0.12600000202655792,0.12600000202655792,8401000
2015-04-17,0.1289999932050705,0.12999999523162842,0.12300000339746475,0.12600000202655792,0.12600000202655792,7297500
2015-04-20,0.11800000071525574,0.12099999934434891,0.11299999803304672,0.11500000208616257,0.11500000208616257,9248000
2015-04-21,0.11500000208616257,0.12099999934434891,0.11400000005960464,0.11599999666213989,0.11599999666213989,9692500
2015-04-22,0.11999999731779099,0.1289999932050705,0.11699999868869781,0.125,0.125,21455000
2015-04-23,0.12399999797344208,0.1289999932050705,0.12200000137090683,0.12399999797344208,0.12399999797344208,6980000
2015-04-24,0.12399999797344208,0.12800000607967377,0.11800000071525574,0.12600000202655792,0.12600000202655792,11420000
2015-04-27,0.1289999932050705,0.12999999523162842,0.12600000202655792,0.12800000607967377,0.12800000607967377,7630000
2015-04-28,0.1289999932050705,0.15000000596046448,0.12800000607967377,0.14100000262260437,0.14100000262260437,40562500
2015-04-29,0.14100000262260437,0.16099999845027924,0.13500000536441803,0.15700000524520874,0.15700000524520874,45400000
2015-04-30,0.15800000727176666,0.16200000047683716,0.15199999511241913,0.1550000011920929,0.1550000011920929,23360000
2015-05-04,0.1550000011920929,0.1550000011920929,0.14499999582767487,0.15000000596046448,0.15000000596046448,18240000
2015-05-05,0.15000000596046448,0.15000000596046448,0.14100000262260437,0.14900000393390656,0.14900000393390656,16200000
2015-05-06,0.1469999998807907,0.15000000596046448,0.14399999380111694,0.1459999978542328,0.1459999978542328,6780000
2015-05-07,0.1459999978542328,0.1850000023841858,0.1459999978542328,0.16699999570846558,0.16699999570846558,128330500
2015-05-08,0.17000000178813934,0.17499999701976776,0.1550000011920929,0.1599999964237213,0.1599999964237213,28300000
2015-05-11,0.16500000655651093,0.16899999976158142,0.1550000011920929,0.16200000047683716,0.16200000047683716,15882500
2015-05-12,0.16500000655651093,0.17800000309944153,0.16300000250339508,0.16899999976158142,0.16899999976158142,23340000
2015-05-13,0.1720000058412552,0.1809999942779541,0.17000000178813934,0.17000000178813934,0.17000000178813934,15660000
2015-05-14,0.17499999701976776,0.17599999904632568,0.17000000178813934,0.17100000381469727,0.17100000381469727,20560000
2015-05-15,0.17599999904632568,0.17599999904632568,0.16899999976158142,0.16899999976158142,0.16899999976158142,8460000
2015-05-18,0.16699999570846558,0.19300000369548798,0.16699999570846558,0.19300000369548798,0.19300000369548798,31242500
2015-05-19,0.19499999284744263,0.20900000631809235,0.18400000035762787,0.19099999964237213,0.19099999964237213,29760000
2015-05-20,0.19699999690055847,0.19699999690055847,0.18400000035762787,0.19099999964237213,0.19099999964237213,16000000
2015-05-21,0.19099999964237213,0.19499999284744263,0.18799999356269836,0.19099999964237213,0.19099999964237213,10520000
2015-05-22,0.19499999284744263,0.20600000023841858,0.18799999356269836,0.1899999976158142,0.1899999976158142,16590000
2015-05-26,0.1899999976158142,0.19599999487400055,0.18799999356269836,0.1940000057220459,0.1940000057220459,18040000
2015-05-27,0.1940000057220459,0.1940000057220459,0.18799999356269836,0.18799999356269836,0.18799999356269836,12220000
2015-05-28,0.18799999356269836,0.18799999356269836,0.18799999356269836,0.18799999356269836,0.18799999356269836,0
2015-05-29,0.18799999356269836,0.18799999356269836,0.18799999356269836,0.18799999356269836,0.18799999356269836,0
2015-06-01,0.18799999356269836,0.18799999356269836,0.18799999356269836,0.18799999356269836,0.18799999356269836,0
2015-06-02,0.18799999356269836,0.18799999356269836,0.18799999356269836,0.18799999356269836,0.18799999356269836,0
2015-06-03,0.18799999356269836,0.18799999356269836,0.18799999356269836,0.18799999356269836,0.18799999356269836,0
2015-06-04,0.18799999356269836,0.18799999356269836,0.18799999356269836,0.18799999356269836,0.18799999356269836,0
2015-06-05,0.18799999356269836,0.18799999356269836,0.18799999356269836,0.18799999356269836,0.18799999356269836,0
2015-06-08,0.18799999356269836,0.18799999356269836,0.18799999356269836,0.18799999356269836,0.18799999356269836,0
2015-06-09,0.18799999356269836,0.18799999356269836,0.18799999356269836,0.18799999356269836,0.18799999356269836,0
2015-06-10,0.18799999356269836,0.18799999356269836,0.18799999356269836,0.18799999356269836,0.18799999356269836,0
2015-06-11,0.18799999356269836,0.18799999356269836,0.18799999356269836,0.18799999356269836,0.18799999356269836,0
2015-06-12,0.18799999356269836,0.18799999356269836,0.18799999356269836,0.18799999356269836,0.18799999356269836,0
2015-06-15,0.18799999356269836,0.18799999356269836,0.18799999356269836,0.18799999356269836,0.18799999356269836,0
2015-06-16,0.18799999356269836,0.18799999356269836,0.18799999356269836,0.18799999356269836,0.18799999356269836,0
2015-06-17,0.18799999356269836,0.18799999356269836,0.18799999356269836,0.18799999356269836,0.18799999356269836,0
2015-06-18,0.18799999356269836,0.18799999356269836,0.18799999356269836,0.18799999356269836,0.18799999356269836,0
2015-06-19,0.18799999356269836,0.18799999356269836,0.18799999356269836,0.18799999356269836,0.18799999356269836,0
2015-06-22,0.18799999356269836,0.18799999356269836,0.18799999356269836,0.18799999356269836,0.18799999356269836,0
2015-06-23,0.18799999356269836,0.18799999356269836,0.18799999356269836,0.18799999356269836,0.18799999356269836,0
2015-06-24,0.18799999356269836,0.18799999356269836,0.18799999356269836,0.18799999356269836,0.18799999356269836,0
2015-06-25,0.18799999356269836,0.18799999356269836,0.18799999356269836,0.18799999356269836,0.18799999356269836,0
2015-06-26,0.18799999356269836,0.18799999356269836,0.18799999356269836,0.18799999356269836,0.18799999356269836,0
2015-06-29,0.18799999356269836,0.18799999356269836,0.18799999356269836,0.18799999356269836,0.18799999356269836,0
2015-06-30,0.18799999356269836,0.18799999356269836,0.18799999356269836,0.18799999356269836,0.18799999356269836,0
2015-07-02,0.18799999356269836,0.18799999356269836,0.18799999356269836,0.18799999356269836,0.18799999356269836,0
2015-07-03,0.18799999356269836,0.18799999356269836,0.18799999356269836,0.18799999356269836,0.18799999356269836,0
2015-07-06,0.18799999356269836,0.18799999356269836,0.18799999356269836,0.18799999356269836,0.18799999356269836,0
2015-07-07,0.18799999356269836,0.18799999356269836,0.18799999356269836,0.18799999356269836,0.18799999356269836,0
2015-07-08,0.18799999356269836,0.18799999356269836,0.18799999356269836,0.18799999356269836,0.18799999356269836,0
2015-07-09,0.10999999940395355,0.15399999916553497,0.0989999994635582,0.1379999965429306,0.1379999965429306,104120000
2015-07-10,0.14499999582767487,0.1550000011920929,0.13699999451637268,0.14100000262260437,0.14100000262260437,34910000
2015-07-13,0.13099999725818634,0.1420000046491623,0.12999999523162842,0.13699999451637268,0.13699999451637268,13740000
2015-07-14,0.13300000131130219,0.13600000739097595,0.13199999928474426,0.13300000131130219,0.13300000131130219,8600000
2015-07-15,0.13300000131130219,0.13300000131130219,0.12200000137090683,0.12399999797344208,0.12399999797344208,4620000
2015-07-16,0.12399999797344208,0.13099999725818634,0.12399999797344208,0.1289999932050705,0.1289999932050705,1040000
2015-07-17,0.1340000033378601,0.13500000536441803,0.12999999523162842,0.12999999523162842,0.12999999523162842,3580000
2015-07-20,0.12999999523162842,0.12999999523162842,0.125,0.125,0.125,4020000
2015-07-21,0.12300000339746475,0.125,0.1120000034570694,0.125,0.125,6480000
2015-07-22,0.11999999731779099,0.1289999932050705,0.11999999731779099,0.1289999932050705,0.1289999932050705,1120000
2015-07-23,0.125,0.125,0.10599999874830246,0.11599999666213989,0.11599999666213989,84340000
2015-07-24,0.11599999666213989,0.11599999666213989,0.10899999737739563,0.11500000208616257,0.11500000208616257,15040000
2015-07-27,0.11500000208616257,0.11900000274181366,0.1080000028014183,0.11100000143051147,0.11100000143051147,13980000
2015-07-28,0.1080000028014183,0.11599999666213989,0.1080000028014183,0.11599999666213989,0.11599999666213989,11320000
2015-07-29,0.11100000143051147,0.11400000005960464,0.10999999940395355,0.10999999940395355,0.10999999940395355,2980000
2015-07-30,0.10999999940395355,0.11400000005960464,0.10999999940395355,0.1120000034570694,0.1120000034570694,5020000
2015-07-31,0.1080000028014183,0.11299999803304672,0.10599999874830246,0.10700000077486038,0.10700000077486038,5880000
2015-08-03,0.10499999672174454,0.10599999874830246,0.09799999743700027,0.10499999672174454,0.10499999672174454,3660000
2015-08-04,0.10400000214576721,0.10400000214576721,0.09799999743700027,0.10400000214576721,0.10400000214576721,7040000
2015-08-05,0.10100000351667404,0.10100000351667404,0.10000000149011612,0.10000000149011612,0.10000000149011612,1980000
2015-08-06,0.10000000149011612,0.10599999874830246,0.10000000149011612,0.10599999874830246,0.10599999874830246,3360000
2015-08-07,0.10400000214576721,0.10599999874830246,0.10000000149011612,0.10599999874830246,0.10599999874830246,2280000
2015-08-10,0.10100000351667404,0.1080000028014183,0.10000000149011612,0.1080000028014183,0.1080000028014183,5280000
2015-08-11,0.10999999940395355,0.11500000208616257,0.1080000028014183,0.11500000208616257,0.11500000208616257,7425000
2015-08-12,0.11299999803304672,0.11299999803304672,0.1080000028014183,0.1080000028014183,0.1080000028014183,400000
2015-08-13,0.1080000028014183,0.1080000028014183,0.1080000028014183,0.1080000028014183,0.1080000028014183,440000
2015-08-14,0.1080000028014183,0.1080000028014183,0.1080000028014183,0.1080000028014183,0.1080000028014183,1000000
2015-08-17,0.10199999809265137,0.10499999672174454,0.10100000351667404,0.10499999672174454,0.10499999672174454,3380000
2015-08-18,0.10199999809265137,0.10199999809265137,0.09399999678134918,0.10000000149011612,0.10000000149011612,8180000
2015-08-19,0.10100000351667404,0.10199999809265137,0.10000000149011612,0.10100000351667404,0.10100000351667404,3260000
2015-08-20,0.0949999988079071,0.09600000083446503,0.0949999988079071,0.09600000083446503,0.09600000083446503,1260000
2015-08-21,0.09600000083446503,0.09600000083446503,0.08799999952316284,0.08900000154972076,0.08900000154972076,2740000
2015-08-24,0.08799999952316284,0.08799999952316284,0.07800000160932541,0.07800000160932541,0.07800000160932541,8140000
2015-08-25,0.07599999755620956,0.07999999821186066,0.07400000095367432,0.07599999755620956,0.07599999755620956,6440000
2015-08-26,0.07599999755620956,0.07999999821186066,0.07599999755620956,0.07699999958276749,0.07699999958276749,4040000
2015-08-27,0.07699999958276749,0.0820000022649765,0.07699999958276749,0.08100000023841858,0.08100000023841858,420000
2015-08-28,0.09200000017881393,0.09200000017881393,0.08100000023841858,0.08299999684095383,0.08299999684095383,582500
2015-08-31,0.07999999821186066,0.08500000089406967,0.07800000160932541,0.08500000089406967,0.08500000089406967,300000
2015-09-01,0.08500000089406967,0.08500000089406967,0.08500000089406967,0.08500000089406967,0.08500000089406967,0
2015-09-02,0.07999999821186066,0.0820000022649765,0.07699999958276749,0.07900000363588333,0.07900000363588333,596000
2015-09-04,0.08399999886751175,0.08399999886751175,0.07400000095367432,0.07699999958276749,0.07699999958276749,740000
2015-09-07,0.07699999958276749,0.0949999988079071,0.07699999958276749,0.07800000160932541,0.07800000160932541,1280000
2015-09-08,0.07800000160932541,0.07999999821186066,0.07800000160932541,0.07999999821186066,0.07999999821186066,240000
2015-09-09,0.07999999821186066,0.07999999821186066,0.07199999690055847,0.07500000298023224,0.07500000298023224,4500000
2015-09-10,0.0729999989271164,0.0729999989271164,0.0729999989271164,0.0729999989271164,0.0729999989271164,100000
2015-09-11,0.07599999755620956,0.07599999755620956,0.07500000298023224,0.07500000298023224,0.07500000298023224,1420000
2015-09-14,0.07500000298023224,0.07800000160932541,0.07400000095367432,0.07400000095367432,0.07400000095367432,1160000
2015-09-15,0.07400000095367432,0.07400000095367432,0.0729999989271164,0.0729999989271164,0.0729999989271164,140000
2015-09-16,0.07400000095367432,0.07400000095367432,0.07400000095367432,0.07400000095367432,0.07400000095367432,200000
2015-09-17,0.07400000095367432,0.07900000363588333,0.07400000095367432,0.07800000160932541,0.07800000160932541,760000
2015-09-18,0.07800000160932541,0.07999999821186066,0.07800000160932541,0.07999999821186066,0.07999999821186066,965000
2015-09-21,0.08100000023841858,0.08100000023841858,0.07999999821186066,0.07999999821186066,0.07999999821186066,420000
2015-09-22,0.07999999821186066,0.07999999821186066,0.07699999958276749,0.07800000160932541,0.07800000160932541,180000
2015-09-23,0.07400000095367432,0.08100000023841858,0.07400000095367432,0.07599999755620956,0.07599999755620956,140000
2015-09-24,0.07500000298023224,0.07500000298023224,0.07500000298023224,0.07500000298023224,0.07500000298023224,60000
2015-09-25,0.07699999958276749,0.07699999958276749,0.07599999755620956,0.07599999755620956,0.07599999755620956,580000
2015-09-29,0.07599999755620956,0.07599999755620956,0.07599999755620956,0.07699999958276749,0.07699999958276749,700000
2015-09-30,0.07699999958276749,0.0820000022649765,0.07699999958276749,0.07800000160932541,0.07800000160932541,1140000
2015-10-02,0.0820000022649765,0.0820000022649765,0.07900000363588333,0.07900000363588333,0.07900000363588333,540000
2015-10-05,0.07699999958276749,0.0820000022649765,0.07900000363588333,0.07999999821186066,0.07999999821186066,300000
2015-10-06,0.07999999821186066,0.07999999821186066,0.07999999821186066,0.07999999821186066,0.07999999821186066,0
2015-10-07,0.07800000160932541,0.07900000363588333,0.07800000160932541,0.07900000363588333,0.07900000363588333,400000
2015-10-08,0.07599999755620956,0.08100000023841858,0.07599999755620956,0.07800000160932541,0.07800000160932541,1360000
2015-10-09,0.07599999755620956,0.09000000357627869,0.07599999755620956,0.08100000023841858,0.08100000023841858,361000
2015-10-12,0.07900000363588333,0.08399999886751175,0.07800000160932541,0.08399999886751175,0.08399999886751175,280000
2015-10-13,0.07900000363588333,0.08299999684095383,0.07800000160932541,0.08299999684095383,0.08299999684095383,300000
2015-10-14,0.0820000022649765,0.0820000022649765,0.07800000160932541,0.07900000363588333,0.07900000363588333,140000
2015-10-15,0.07900000363588333,0.07900000363588333,0.07800000160932541,0.07999999821186066,0.07999999821186066,540000
2015-10-16,0.07900000363588333,0.08100000023841858,0.07599999755620956,0.07900000363588333,0.07900000363588333,2180000
2015-10-19,0.08500000089406967,0.09000000357627869,0.07999999821186066,0.07999999821186066,0.07999999821186066,3420000
2015-10-20,0.08100000023841858,0.08100000023841858,0.08100000023841858,0.08100000023841858,0.08100000023841858,120000
2015-10-22,0.07900000363588333,0.07999999821186066,0.07800000160932541,0.07999999821186066,0.07999999821186066,1240000
2015-10-23,0.08100000023841858,0.08500000089406967,0.07999999821186066,0.08100000023841858,0.08100000023841858,260000
2015-10-26,0.0820000022649765,0.0860000029206276,0.07800000160932541,0.07800000160932541,0.07800000160932541,1720000
2015-10-27,0.07800000160932541,0.07800000160932541,0.07800000160932541,0.07800000160932541,0.07800000160932541,260000
2015-10-28,0.07999999821186066,0.08100000023841858,0.07800000160932541,0.07900000363588333,0.07900000363588333,3780000
2015-10-29,0.07800000160932541,0.0820000022649765,0.07800000160932541,0.07999999821186066,0.07999999821186066,1860000
2015-10-30,0.07999999821186066,0.07999999821186066,0.07999999821186066,0.07999999821186066,0.07999999821186066,400000
2015-11-02,0.07699999958276749,0.07699999958276749,0.07699999958276749,0.07699999958276749,0.07699999958276749,280000
2015-11-03,0.07900000363588333,0.07900000363588333,0.07900000363588333,0.07900000363588333,0.07900000363588333,180000
2015-11-04,0.07999999821186066,0.07999999821186066,0.07699999958276749,0.07800000160932541,0.07800000160932541,3380000
2015-11-05,0.07800000160932541,0.07999999821186066,0.07699999958276749,0.07999999821186066,0.07999999821186066,1371000
2015-11-06,0.07599999755620956,0.07599999755620956,0.07599999755620956,0.07599999755620956,0.07599999755620956,500000
2015-11-09,0.07900000363588333,0.07999999821186066,0.07699999958276749,0.07699999958276749,0.07699999958276749,2920000
2015-11-10,0.07699999958276749,0.07699999958276749,0.07699999958276749,0.07699999958276749,0.07699999958276749,360000
2015-11-11,0.07599999755620956,0.07599999755620956,0.07599999755620956,0.07599999755620956,0.07599999755620956,280000
2015-11-12,0.07599999755620956,0.08100000023841858,0.07599999755620956,0.07999999821186066,0.07999999821186066,1880000
2015-11-13,0.07999999821186066,0.07999999821186066,0.07999999821186066,0.07999999821186066,0.07999999821186066,1080000
2015-11-16,0.07599999755620956,0.07999999821186066,0.07599999755620956,0.07999999821186066,0.07999999821186066,600000
2015-11-17,0.07699999958276749,0.07699999958276749,0.07699999958276749,0.07699999958276749,0.07699999958276749,200000
2015-11-18,0.07699999958276749,0.07699999958276749,0.07699999958276749,0.07699999958276749,0.07699999958276749,0
2015-11-19,0.07699999958276749,0.07699999958276749,0.07599999755620956,0.07699999958276749,0.07699999958276749,220000
2015-11-20,0.07900000363588333,0.07900000363588333,0.07900000363588333,0.07900000363588333,0.07900000363588333,140000
2015-11-23,0.07599999755620956,0.07999999821186066,0.07599999755620956,0.07999999821186066,0.07999999821186066,185000
2015-11-24,0.07599999755620956,0.07999999821186066,0.07599999755620956,0.07999999821186066,0.07999999821186066,100000
2015-11-25,0.07599999755620956,0.07599999755620956,0.07400000095367432,0.07599999755620956,0.07599999755620956,440000
2015-11-26,0.07599999755620956,0.07599999755620956,0.07599999755620956,0.07599999755620956,0.07599999755620956,100000
2015-11-27,0.07900000363588333,0.07900000363588333,0.07900000363588333,0.07900000363588333,0.07900000363588333,62500
2015-11-30,0.07599999755620956,0.07599999755620956,0.07400000095367432,0.07400000095367432,0.07400000095367432,100000
2015-12-01,0.07400000095367432,0.07500000298023224,0.07400000095367432,0.07500000298023224,0.07500000298023224,80000
2015-12-02,0.07500000298023224,0.07500000298023224,0.07500000298023224,0.07500000298023224,0.07500000298023224,0
2015-12-03,0.07500000298023224,0.07500000298023224,0.07400000095367432,0.07500000298023224,0.07500000298023224,320000
2015-12-04,0.07500000298023224,0.07500000298023224,0.07100000232458115,0.07400000095367432,0.07400000095367432,1220000
2015-12-07,0.0729999989271164,0.07400000095367432,0.0729999989271164,0.07400000095367432,0.07400000095367432,80000
2015-12-08,0.07599999755620956,0.07599999755620956,0.07599999755620956,0.07500000298023224,0.07500000298023224,80000
2015-12-09,0.07199999690055847,0.0729999989271164,0.07000000029802322,0.07500000298023224,0.07500000298023224,1680500
2015-12-10,0.07500000298023224,0.07500000298023224,0.07400000095367432,0.07400000095367432,0.07400000095367432,100000
2015-12-11,0.07400000095367432,0.07400000095367432,0.07400000095367432,0.07400000095367432,0.07400000095367432,0
2015-12-14,0.07000000029802322,0.07000000029802322,0.07000000029802322,0.07199999690055847,0.07199999690055847,400000
2015-12-15,0.0729999989271164,0.0729999989271164,0.0729999989271164,0.07199999690055847,0.07199999690055847,20000
2015-12-16,0.07000000029802322,0.07400000095367432,0.07000000029802322,0.07100000232458115,0.07100000232458115,440000
2015-12-17,0.07000000029802322,0.07000000029802322,0.07000000029802322,0.07000000029802322,0.07000000029802322,660000
2015-12-18,0.07000000029802322,0.07800000160932541,0.07000000029802322,0.07599999755620956,0.07599999755620956,2340000
2015-12-21,0.07599999755620956,0.07599999755620956,0.07199999690055847,0.07500000298023224,0.07500000298023224,2060000
2015-12-22,0.07500000298023224,0.07500000298023224,0.07500000298023224,0.07500000298023224,0.07500000298023224,0
2015-12-23,0.07500000298023224,0.07500000298023224,0.07500000298023224,0.07500000298023224,0.07500000298023224,0
2015-12-24,0.07500000298023224,0.07500000298023224,0.07500000298023224,0.07500000298023224,0.07500000298023224,0
2015-12-28,0.07100000232458115,0.07000000029802322,0.07000000029802322,0.07000000029802322,0.07000000029802322,200000
2015-12-29,0.07500000298023224,0.07500000298023224,0.07000000029802322,0.07000000029802322,0.07000000029802322,521500
2015-12-30,0.07199999690055847,0.07199999690055847,0.07199999690055847,0.07199999690055847,0.07199999690055847,400000
2015-12-31,0.07000000029802322,0.07100000232458115,0.0689999982714653,0.0689999982714653,0.0689999982714653,2680000
2016-01-04,0.07000000029802322,0.07000000029802322,0.06700000166893005,0.06700000166893005,0.06700000166893005,3540000
2016-01-05,0.06700000166893005,0.06700000166893005,0.06700000166893005,0.06700000166893005,0.06700000166893005,0
2016-01-06,0.06700000166893005,0.06700000166893005,0.06700000166893005,0.06700000166893005,0.06700000166893005,0
2016-01-07,0.06700000166893005,0.06700000166893005,0.06700000166893005,0.06700000166893005,0.06700000166893005,0
2016-01-08,0.07999999821186066,0.10999999940395355,0.07999999821186066,0.09399999678134918,0.09399999678134918,193702500
2016-01-11,0.0949999988079071,0.0949999988079071,0.07199999690055847,0.07699999958276749,0.07699999958276749,29540000
2016-01-12,0.07900000363588333,0.07999999821186066,0.06499999761581421,0.06700000166893005,0.06700000166893005,34680000
2016-01-13,0.06700000166893005,0.07400000095367432,0.06700000166893005,0.0689999982714653,0.0689999982714653,15480000
2016-01-14,0.06800000369548798,0.08500000089406967,0.06300000101327896,0.07199999690055847,0.07199999690055847,28340000
2016-01-15,0.07100000232458115,0.07500000298023224,0.06800000369548798,0.0689999982714653,0.0689999982714653,4780000
2016-01-18,0.06300000101327896,0.06800000369548798,0.06300000101327896,0.06599999964237213,0.06599999964237213,2620000
2016-01-19,0.06599999964237213,0.06599999964237213,0.05999999865889549,0.06499999761581421,0.06499999761581421,6960000
2016-01-20,0.06300000101327896,0.06400000303983688,0.061000000685453415,0.06400000303983688,0.06400000303983688,9920000
2016-01-21,0.06499999761581421,0.07500000298023224,0.06199999898672104,0.06300000101327896,0.06300000101327896,14060000
2016-01-22,0.06700000166893005,0.07199999690055847,0.05999999865889549,0.06199999898672104,0.06199999898672104,7140000
2016-01-25,0.05999999865889549,0.06199999898672104,0.05999999865889549,0.06199999898672104,0.06199999898672104,3220000
2016-01-26,0.061000000685453415,0.06199999898672104,0.057999998331069946,0.06199999898672104,0.06199999898672104,2840000
2016-01-27,0.05999999865889549,0.06199999898672104,0.05900000035762787,0.05999999865889549,0.05999999865889549,1080000
2016-01-28,0.05999999865889549,0.05999999865889549,0.0560000017285347,0.05900000035762787,0.05900000035762787,2260000
2016-01-29,0.06199999898672104,0.06199999898672104,0.057999998331069946,0.061000000685453415,0.061000000685453415,2060000
2016-02-01,0.05700000002980232,0.05900000035762787,0.0560000017285347,0.05700000002980232,0.05700000002980232,3020000
2016-02-02,0.06700000166893005,0.06700000166893005,0.05900000035762787,0.05999999865889549,0.05999999865889549,825000
2016-02-03,0.05999999865889549,0.05999999865889549,0.05999999865889549,0.05999999865889549,0.05999999865889549,0
2016-02-04,0.057999998331069946,0.05999999865889549,0.05700000002980232,0.057999998331069946,0.057999998331069946,4175000
2016-02-05,0.0560000017285347,0.061000000685453415,0.054999999701976776,0.061000000685453415,0.061000000685453415,3500000
2016-02-11,0.05999999865889549,0.05999999865889549,0.05999999865889549,0.05999999865889549,0.05999999865889549,740000
2016-02-12,0.05999999865889549,0.05999999865889549,0.05999999865889549,0.05999999865889549,0.05999999865889549,240000
2016-02-15,0.05999999865889549,0.05999999865889549,0.05999999865889549,0.05999999865889549,0.05999999865889549,0
2016-02-16,0.06599999964237213,0.06599999964237213,0.06499999761581421,0.06400000303983688,0.06400000303983688,220000
2016-02-17,0.06400000303983688,0.06400000303983688,0.057999998331069946,0.05900000035762787,0.05900000035762787,940000
2016-02-18,0.06499999761581421,0.05999999865889549,0.057999998331069946,0.05900000035762787,0.05900000035762787,1180000
2016-02-19,0.057999998331069946,0.06400000303983688,0.057999998331069946,0.06400000303983688,0.06400000303983688,3120000
2016-02-22,0.061000000685453415,0.06499999761581421,0.061000000685453415,0.06400000303983688,0.06400000303983688,4160000
2016-02-23,0.06199999898672104,0.06199999898672104,0.061000000685453415,0.06199999898672104,0.06199999898672104,2880000
2016-02-24,0.06599999964237213,0.06599999964237213,0.061000000685453415,0.06300000101327896,0.06300000101327896,2680000
2016-02-25,0.06300000101327896,0.06499999761581421,0.05999999865889549,0.061000000685453415,0.061000000685453415,3680000
2016-02-26,0.06300000101327896,0.06300000101327896,0.05900000035762787,0.05999999865889549,0.05999999865889549,1020000
2016-02-29,0.05999999865889549,0.05999999865889549,0.0560000017285347,0.05700000002980232,0.05700000002980232,8560000
2016-03-01,0.05999999865889549,0.05999999865889549,0.05400000140070915,0.05700000002980232,0.05700000002980232,2420000
2016-03-02,0.05700000002980232,0.06199999898672104,0.05700000002980232,0.05900000035762787,0.05900000035762787,7060000
2016-03-03,0.057999998331069946,0.05900000035762787,0.057999998331069946,0.05900000035762787,0.05900000035762787,900000
2016-03-04,0.05900000035762787,0.05900000035762787,0.057999998331069946,0.057999998331069946,0.057999998331069946,1660000
2016-03-07,0.05999999865889549,0.061000000685453415,0.0560000017285347,0.05999999865889549,0.05999999865889549,300000
2016-03-08,0.05999999865889549,0.05999999865889549,0.05999999865889549,0.05999999865889549,0.05999999865889549,300000
2016-03-09,0.057999998331069946,0.057999998331069946,0.05700000002980232,0.05700000002980232,0.05700000002980232,440000
2016-03-10,0.05700000002980232,0.05999999865889549,0.05700000002980232,0.05999999865889549,0.05999999865889549,1740000
2016-03-11,0.05999999865889549,0.06400000303983688,0.05999999865889549,0.06300000101327896,0.06300000101327896,3580000
2016-03-14,0.06300000101327896,0.06300000101327896,0.06300000101327896,0.06300000101327896,0.06300000101327896,2540000
2016-03-15,0.05999999865889549,0.05999999865889549,0.05999999865889549,0.05999999865889549,0.05999999865889549,27500
2016-03-16,0.057999998331069946,0.06300000101327896,0.057999998331069946,0.06300000101327896,0.06300000101327896,40000
2016-03-17,0.06300000101327896,0.06300000101327896,0.06300000101327896,0.06199999898672104,0.06199999898672104,160000
2016-03-18,0.06199999898672104,0.06199999898672104,0.05999999865889549,0.05999999865889549,0.05999999865889549,920000
2016-03-21,0.057999998331069946,0.06199999898672104,0.057999998331069946,0.06199999898672104,0.06199999898672104,160000
2016-03-22,0.06199999898672104,0.06199999898672104,0.06199999898672104,0.06199999898672104,0.06199999898672104,0
2016-03-23,0.05900000035762787,0.061000000685453415,0.05900000035762787,0.061000000685453415,0.061000000685453415,620000
2016-03-24,0.061000000685453415,0.061000000685453415,0.061000000685453415,0.061000000685453415,0.061000000685453415,0
2016-03-29,0.057999998331069946,0.05999999865889549,0.057999998331069946,0.05999999865889549,0.05999999865889549,620000
2016-03-30,0.05999999865889549,0.05999999865889549,0.05999999865889549,0.05999999865889549,0.05999999865889549,240000
2016-03-31,0.05900000035762787,0.05999999865889549,0.0560000017285347,0.05999999865889549,0.05999999865889549,26380000
2016-04-01,0.05999999865889549,0.05999999865889549,0.0560000017285347,0.05999999865889549,0.05999999865889549,200000
2016-04-05,0.0560000017285347,0.05900000035762787,0.057999998331069946,0.05900000035762787,0.05900000035762787,406000
2016-04-06,0.05900000035762787,0.05900000035762787,0.05900000035762787,0.05900000035762787,0.05900000035762787,0
2016-04-07,0.057999998331069946,0.057999998331069946,0.05700000002980232,0.057999998331069946,0.057999998331069946,960000
2016-04-08,0.057999998331069946,0.057999998331069946,0.057999998331069946,0.057999998331069946,0.057999998331069946,131257
2016-04-11,0.0560000017285347,0.054999999701976776,0.054999999701976776,0.057999998331069946,0.057999998331069946,180000
2016-04-12,0.0560000017285347,0.057999998331069946,0.054999999701976776,0.0560000017285347,0.0560000017285347,820000
2016-04-13,0.057999998331069946,0.057999998331069946,0.057999998331069946,0.057999998331069946,0.057999998331069946,680000
2016-04-14,0.05900000035762787,0.05999999865889549,0.05900000035762787,0.05900000035762787,0.05900000035762787,1160000
2016-04-15,0.05700000002980232,0.05700000002980232,0.05299999937415123,0.0560000017285347,0.0560000017285347,12620000
2016-04-18,0.05999999865889549,0.05999999865889549,0.0560000017285347,0.0560000017285347,0.0560000017285347,1300000
2016-04-19,0.054999999701976776,0.057999998331069946,0.05400000140070915,0.057999998331069946,0.057999998331069946,4360000
2016-04-20,0.05900000035762787,0.05999999865889549,0.05400000140070915,0.05700000002980232,0.05700000002980232,3030000
2016-04-21,0.05400000140070915,0.05700000002980232,0.05400000140070915,0.05700000002980232,0.05700000002980232,540000
2016-04-22,0.0560000017285347,0.0560000017285347,0.054999999701976776,0.0560000017285347,0.0560000017285347,2860000
2016-04-25,0.0560000017285347,0.05700000002980232,0.054999999701976776,0.05700000002980232,0.05700000002980232,1340000
2016-04-26,0.054999999701976776,0.05900000035762787,0.05700000002980232,0.057999998331069946,0.057999998331069946,740000
2016-04-27,0.0560000017285347,0.0560000017285347,0.054999999701976776,0.0560000017285347,0.0560000017285347,7280000
2016-04-28,0.054999999701976776,0.0560000017285347,0.054999999701976776,0.054999999701976776,0.054999999701976776,1540000
2016-04-29,0.05400000140070915,0.05400000140070915,0.05299999937415123,0.05400000140070915,0.05400000140070915,720000
2016-05-03,0.05700000002980232,0.061000000685453415,0.0560000017285347,0.05700000002980232,0.05700000002980232,6120000
2016-05-04,0.054999999701976776,0.057999998331069946,0.054999999701976776,0.05700000002980232,0.05700000002980232,1380000
2016-05-05,0.057999998331069946,0.057999998331069946,0.0560000017285347,0.05700000002980232,0.05700000002980232,220000
2016-05-06,0.05299999937415123,0.05700000002980232,0.04699999839067459,0.05299999937415123,0.05299999937415123,8440000
2016-05-09,0.05299999937415123,0.05299999937415123,0.04699999839067459,0.04899999871850014,0.04899999871850014,8860000
2016-05-10,0.04899999871850014,0.05000000074505806,0.04800000041723251,0.05000000074505806,0.05000000074505806,2800000
2016-05-11,0.04800000041723251,0.050999999046325684,0.04800000041723251,0.05000000074505806,0.05000000074505806,740000
2016-05-12,0.04899999871850014,0.04899999871850014,0.04699999839067459,0.04699999839067459,0.04699999839067459,1000000
2016-05-13,0.05000000074505806,0.05299999937415123,0.04800000041723251,0.050999999046325684,0.050999999046325684,3960000
2016-05-16,0.05000000074505806,0.05000000074505806,0.05000000074505806,0.05000000074505806,0.05000000074505806,960000
2016-05-17,0.05299999937415123,0.05299999937415123,0.04899999871850014,0.050999999046325684,0.050999999046325684,880000
2016-05-18,0.05000000074505806,0.050999999046325684,0.04800000041723251,0.04899999871850014,0.04899999871850014,2640000
2016-05-19,0.04899999871850014,0.05000000074505806,0.04899999871850014,0.05000000074505806,0.05000000074505806,1320000
2016-05-20,0.052000001072883606,0.052000001072883606,0.05000000074505806,0.052000001072883606,0.052000001072883606,360000
2016-05-23,0.05000000074505806,0.05299999937415123,0.05000000074505806,0.052000001072883606,0.052000001072883606,840000
2016-05-24,0.052000001072883606,0.052000001072883606,0.05000000074505806,0.05000000074505806,0.05000000074505806,440000
2016-05-25,0.05299999937415123,0.05299999937415123,0.05000000074505806,0.050999999046325684,0.050999999046325684,2140000
2016-05-26,0.050999999046325684,0.05400000140070915,0.050999999046325684,0.05400000140070915,0.05400000140070915,615000
2016-05-27,0.05000000074505806,0.05400000140070915,0.04899999871850014,0.05299999937415123,0.05299999937415123,340000
2016-05-30,0.052000001072883606,0.052000001072883606,0.050999999046325684,0.050999999046325684,0.050999999046325684,210000
2016-05-31,0.052000001072883606,0.052000001072883606,0.050999999046325684,0.050999999046325684,0.050999999046325684,540000
2016-06-01,0.0560000017285347,0.0560000017285347,0.052000001072883606,0.052000001072883606,0.052000001072883606,600000
2016-06-02,0.050999999046325684,0.050999999046325684,0.050999999046325684,0.050999999046325684,0.050999999046325684,100000
2016-06-03,0.05000000074505806,0.05000000074505806,0.04800000041723251,0.05000000074505806,0.05000000074505806,4580000
2016-06-06,0.050999999046325684,0.050999999046325684,0.050999999046325684,0.050999999046325684,0.050999999046325684,100000
2016-06-07,0.052000001072883606,0.052000001072883606,0.050999999046325684,0.050999999046325684,0.050999999046325684,280000
2016-06-08,0.05000000074505806,0.05000000074505806,0.05000000074505806,0.05000000074505806,0.05000000074505806,200000
2016-06-10,0.05000000074505806,0.05000000074505806,0.05000000074505806,0.05000000074505806,0.05000000074505806,0
2016-06-13,0.05400000140070915,0.05400000140070915,0.05000000074505806,0.05000000074505806,0.05000000074505806,1515000
2016-06-14,0.05000000074505806,0.05299999937415123,0.05000000074505806,0.05000000074505806,0.05000000074505806,1600000
2016-06-15,0.050999999046325684,0.05400000140070915,0.05000000074505806,0.052000001072883606,0.052000001072883606,1500000
2016-06-16,0.052000001072883606,0.052000001072883606,0.05000000074505806,0.052000001072883606,0.052000001072883606,960000
2016-06-17,0.052000001072883606,0.052000001072883606,0.052000001072883606,0.052000001072883606,0.052000001072883606,40000
2016-06-20,0.054999999701976776,0.054999999701976776,0.054999999701976776,0.05400000140070915,0.05400000140070915,60000
2016-06-21,0.052000001072883606,0.05400000140070915,0.050999999046325684,0.05400000140070915,0.05400000140070915,600000
2016-06-22,0.05400000140070915,0.05400000140070915,0.052000001072883606,0.052000001072883606,0.052000001072883606,860000
2016-06-23,0.05000000074505806,0.05000000074505806,0.05000000074505806,0.05000000074505806,0.05000000074505806,560000
2016-06-24,0.05000000074505806,0.050999999046325684,0.04600000008940697,0.05000000074505806,0.05000000074505806,3665000
2016-06-27,0.05000000074505806,0.05000000074505806,0.05000000074505806,0.05000000074505806,0.05000000074505806,0
2016-06-28,0.05000000074505806,0.05000000074505806,0.04699999839067459,0.05000000074505806,0.05000000074505806,2960000
2016-06-29,0.04800000041723251,0.05000000074505806,0.04800000041723251,0.05000000074505806,0.05000000074505806,2140000
2016-06-30,0.04800000041723251,0.05000000074505806,0.04699999839067459,0.05000000074505806,0.05000000074505806,3940000
2016-07-04,0.05000000074505806,0.05000000074505806,0.04800000041723251,0.05000000074505806,0.05000000074505806,600000
2016-07-05,0.04800000041723251,0.05000000074505806,0.04800000041723251,0.05000000074505806,0.05000000074505806,760000
2016-07-06,0.04800000041723251,0.04899999871850014,0.04600000008940697,0.04800000041723251,0.04800000041723251,1960000
2016-07-07,0.04600000008940697,0.04800000041723251,0.04600000008940697,0.04800000041723251,0.04800000041723251,1360000
2016-07-08,0.04699999839067459,0.04800000041723251,0.04600000008940697,0.04800000041723251,0.04800000041723251,360000
2016-07-11,0.04800000041723251,0.04800000041723251,0.04600000008940697,0.04800000041723251,0.04800000041723251,1060000
2016-07-12,0.04699999839067459,0.04800000041723251,0.04600000008940697,0.04800000041723251,0.04800000041723251,580000
2016-07-13,0.04699999839067459,0.04800000041723251,0.04600000008940697,0.04699999839067459,0.04699999839067459,380000
2016-07-14,0.04600000008940697,0.04600000008940697,0.04600000008940697,0.04600000008940697,0.04600000008940697,300000
2016-07-15,0.04600000008940697,0.05000000074505806,0.04600000008940697,0.04800000041723251,0.04800000041723251,1640000
2016-07-18,0.05000000074505806,0.05000000074505806,0.05000000074505806,0.05000000074505806,0.05000000074505806,200000
2016-07-19,0.05000000074505806,0.05000000074505806,0.04699999839067459,0.04699999839067459,0.04699999839067459,220500
2016-07-20,0.04899999871850014,0.04899999871850014,0.04800000041723251,0.04800000041723251,0.04800000041723251,340000
2016-07-21,0.04800000041723251,0.04800000041723251,0.04699999839067459,0.04699999839067459,0.04699999839067459,140000
2016-07-22,0.04699999839067459,0.04699999839067459,0.04600000008940697,0.04699999839067459,0.04699999839067459,720000
2016-07-25,0.04699999839067459,0.04899999871850014,0.04699999839067459,0.04899999871850014,0.04899999871850014,400000
2016-07-26,0.04699999839067459,0.04800000041723251,0.0430000014603138,0.04399999976158142,0.04399999976158142,16700000
2016-07-27,0.04500000178813934,0.04699999839067459,0.03999999910593033,0.04500000178813934,0.04500000178813934,16839000
2016-07-28,0.041999999433755875,0.04500000178813934,0.041999999433755875,0.0430000014603138,0.0430000014603138,2000000
2016-07-29,0.0430000014603138,0.0430000014603138,0.03999999910593033,0.0430000014603138,0.0430000014603138,1700000
2016-08-01,0.041999999433755875,0.0430000014603138,0.041999999433755875,0.0430000014603138,0.0430000014603138,1440000
2016-08-02,0.0430000014603138,0.0430000014603138,0.0430000014603138,0.0430000014603138,0.0430000014603138,0
2016-08-03,0.041999999433755875,0.04500000178813934,0.041999999433755875,0.04399999976158142,0.04399999976158142,6000000
2016-08-04,0.04600000008940697,0.04800000041723251,0.04500000178813934,0.04600000008940697,0.04600000008940697,9162500
2016-08-05,0.04399999976158142,0.04800000041723251,0.04399999976158142,0.04600000008940697,0.04600000008940697,3760000
2016-08-08,0.04500000178813934,0.05000000074505806,0.04399999976158142,0.04500000178813934,0.04500000178813934,1740000
2016-08-09,0.050999999046325684,0.050999999046325684,0.04600000008940697,0.04699999839067459,0.04699999839067459,2020000
2016-08-10,0.04600000008940697,0.04600000008940697,0.04500000178813934,0.04600000008940697,0.04600000008940697,2770000
2016-08-11,0.04600000008940697,0.04600000008940697,0.04500000178813934,0.04500000178813934,0.04500000178813934,1180000
2016-08-12,0.04500000178813934,0.04600000008940697,0.04500000178813934,0.04600000008940697,0.04600000008940697,2520000
2016-08-15,0.04600000008940697,0.04800000041723251,0.04600000008940697,0.04800000041723251,0.04800000041723251,640000
2016-08-16,0.05000000074505806,0.05000000074505806,0.04500000178813934,0.04600000008940697,0.04600000008940697,2560000
2016-08-17,0.04500000178813934,0.04500000178813934,0.04500000178813934,0.04500000178813934,0.04500000178813934,120000
2016-08-18,0.04500000178813934,0.04600000008940697,0.0430000014603138,0.04500000178813934,0.04500000178813934,525000
2016-08-19,0.04600000008940697,0.04699999839067459,0.04600000008940697,0.04699999839067459,0.04699999839067459,1144000
2016-08-22,0.04500000178813934,0.04600000008940697,0.04399999976158142,0.04600000008940697,0.04600000008940697,2820000
2016-08-23,0.04399999976158142,0.04699999839067459,0.04399999976158142,0.04699999839067459,0.04699999839067459,140000
2016-08-24,0.04699999839067459,0.04699999839067459,0.04699999839067459,0.04699999839067459,0.04699999839067459,700000
2016-08-25,0.04399999976158142,0.04600000008940697,0.04399999976158142,0.04500000178813934,0.04500000178813934,9200000
2016-08-26,0.04500000178813934,0.04600000008940697,0.04500000178813934,0.04600000008940697,0.04600000008940697,2240000
2016-08-29,0.04600000008940697,0.04699999839067459,0.04500000178813934,0.04600000008940697,0.04600000008940697,460000
2016-08-30,0.04600000008940697,0.04699999839067459,0.04399999976158142,0.04500000178813934,0.04500000178813934,9160000
2016-08-31,0.05000000074505806,0.05000000074505806,0.0430000014603138,0.04500000178813934,0.04500000178813934,7820000
2016-09-01,0.04500000178813934,0.04500000178813934,0.04500000178813934,0.04500000178813934,0.04500000178813934,860000
2016-09-02,0.04500000178813934,0.04500000178813934,0.0430000014603138,0.04399999976158142,0.04399999976158142,1780000
2016-09-05,0.04500000178813934,0.04500000178813934,0.0430000014603138,0.04500000178813934,0.04500000178813934,3720000
2016-09-06,0.04399999976158142,0.04500000178813934,0.0430000014603138,0.04500000178813934,0.04500000178813934,360000
2016-09-07,0.04399999976158142,0.04500000178813934,0.0430000014603138,0.04399999976158142,0.04399999976158142,1560000
2016-09-08,0.04500000178813934,0.04600000008940697,0.04500000178813934,0.04600000008940697,0.04600000008940697,4380000
2016-09-09,0.04600000008940697,0.04600000008940697,0.04500000178813934,0.04600000008940697,0.04600000008940697,2980000
2016-09-12,0.04500000178813934,0.04500000178813934,0.04500000178813934,0.04500000178813934,0.04500000178813934,1000000
2016-09-13,0.0430000014603138,0.04699999839067459,0.0430000014603138,0.04699999839067459,0.04699999839067459,2700000
2016-09-14,0.04399999976158142,0.04699999839067459,0.04399999976158142,0.04500000178813934,0.04500000178813934,230000
2016-09-15,0.04500000178813934,0.04500000178813934,0.04500000178813934,0.04500000178813934,0.04500000178813934,1100000
2016-09-19,0.04600000008940697,0.04600000008940697,0.04500000178813934,0.04500000178813934,0.04500000178813934,440000
2016-09-20,0.04500000178813934,0.04500000178813934,0.04399999976158142,0.04399999976158142,0.04399999976158142,1240000
2016-09-21,0.04399999976158142,0.04600000008940697,0.04399999976158142,0.04600000008940697,0.04600000008940697,300000
2016-09-22,0.04500000178813934,0.04500000178813934,0.04399999976158142,0.04399999976158142,0.04399999976158142,940000
2016-09-23,0.04399999976158142,0.04399999976158142,0.04399999976158142,0.04399999976158142,0.04399999976158142,0
2016-09-26,0.04500000178813934,0.04600000008940697,0.04500000178813934,0.04500000178813934,0.04500000178813934,620000
2016-09-27,0.04500000178813934,0.04500000178813934,0.04500000178813934,0.04500000178813934,0.04500000178813934,620000
2016-09-28,0.04699999839067459,0.05299999937415123,0.04699999839067459,0.05000000074505806,0.05000000074505806,14480000
2016-09-29,0.050999999046325684,0.05400000140070915,0.04800000041723251,0.04800000041723251,0.04800000041723251,6400000
2016-09-30,0.04899999871850014,0.04899999871850014,0.04699999839067459,0.04699999839067459,0.04699999839067459,2600000
2016-10-03,0.04800000041723251,0.10999999940395355,0.04800000041723251,0.1080000028014183,0.1080000028014183,275130000
2016-10-04,0.11500000208616257,0.13600000739097595,0.09000000357627869,0.09600000083446503,0.09600000083446503,379240000
2016-10-05,0.09000000357627869,0.10700000077486038,0.09000000357627869,0.09300000220537186,0.09300000220537186,77767500
2016-10-06,0.09300000220537186,0.10100000351667404,0.08900000154972076,0.09300000220537186,0.09300000220537186,50542500
2016-10-07,0.0949999988079071,0.0949999988079071,0.09000000357627869,0.09099999815225601,0.09099999815225601,21350000
2016-10-11,0.09000000357627869,0.09300000220537186,0.07999999821186066,0.07999999821186066,0.07999999821186066,61280500
2016-10-12,0.07999999821186066,0.08699999749660492,0.07900000363588333,0.07999999821186066,0.07999999821186066,25580000
2016-10-13,0.07999999821186066,0.0860000029206276,0.07699999958276749,0.07900000363588333,0.07900000363588333,28980000
2016-10-14,0.07900000363588333,0.07900000363588333,0.07400000095367432,0.07500000298023224,0.07500000298023224,22110000
2016-10-17,0.07500000298023224,0.08299999684095383,0.07500000298023224,0.07599999755620956,0.07599999755620956,10620000
2016-10-18,0.07699999958276749,0.0820000022649765,0.07100000232458115,0.07500000298023224,0.07500000298023224,20640000
2016-10-19,0.0729999989271164,0.07500000298023224,0.07000000029802322,0.07000000029802322,0.07000000029802322,13760000
2016-10-20,0.07000000029802322,0.09600000083446503,0.07000000029802322,0.0820000022649765,0.0820000022649765,204160000
2016-10-21,0.0820000022649765,0.0820000022649765,0.0820000022649765,0.0820000022649765,0.0820000022649765,0
2016-10-24,0.0820000022649765,0.08299999684095383,0.07699999958276749,0.07999999821186066,0.07999999821186066,37600000
2016-10-25,0.07999999821186066,0.08100000023841858,0.07699999958276749,0.07999999821186066,0.07999999821186066,14900000
2016-10-26,0.07699999958276749,0.07900000363588333,0.07599999755620956,0.07800000160932541,0.07800000160932541,7120000
2016-10-27,0.07699999958276749,0.08799999952316284,0.07400000095367432,0.08399999886751175,0.08399999886751175,54980000
2016-10-28,0.08399999886751175,0.08500000089406967,0.07500000298023224,0.08299999684095383,0.08299999684095383,36340000
2016-10-31,0.0820000022649765,0.09399999678134918,0.07900000363588333,0.08799999952316284,0.08799999952316284,75120000
2016-11-01,0.08699999749660492,0.12600000202655792,0.0860000029206276,0.11299999803304672,0.11299999803304672,469700000
2016-11-02,0.1120000034570694,0.13600000739097595,0.10999999940395355,0.11299999803304672,0.11299999803304672,351770000
2016-11-03,0.11400000005960464,0.12399999797344208,0.10400000214576721,0.10700000077486038,0.10700000077486038,85780000
2016-11-04,0.10899999737739563,0.11299999803304672,0.09799999743700027,0.10199999809265137,0.10199999809265137,40280000
2016-11-07,0.10199999809265137,0.12099999934434891,0.10199999809265137,0.11400000005960464,0.11400000005960464,87405000
2016-11-08,0.11400000005960464,0.11400000005960464,0.10400000214576721,0.10499999672174454,0.10499999672174454,20140000
2016-11-09,0.10499999672174454,0.10499999672174454,0.08900000154972076,0.10100000351667404,0.10100000351667404,67960000
2016-11-10,0.10499999672174454,0.11800000071525574,0.10199999809265137,0.10899999737739563,0.10899999737739563,52902500
2016-11-11,0.10899999737739563,0.1120000034570694,0.10599999874830246,0.11100000143051147,0.11100000143051147,16690000
2016-11-14,0.1080000028014183,0.10899999737739563,0.10199999809265137,0.10400000214576721,0.10400000214576721,10741500
2016-11-15,0.10400000214576721,0.10499999672174454,0.0989999994635582,0.10199999809265137,0.10199999809265137,15490000
2016-11-16,0.10199999809265137,0.10899999737739563,0.10100000351667404,0.10300000011920929,0.10300000011920929,14120000
2016-11-17,0.10199999809265137,0.10499999672174454,0.10100000351667404,0.10199999809265137,0.10199999809265137,5300000
2016-11-18,0.10300000011920929,0.10400000214576721,0.10000000149011612,0.10100000351667404,0.10100000351667404,4560000
2016-11-21,0.0989999994635582,0.10199999809265137,0.0949999988079071,0.09700000286102295,0.09700000286102295,9720000
2016-11-22,0.0989999994635582,0.10000000149011612,0.09600000083446503,0.09700000286102295,0.09700000286102295,6520000
2016-11-23,0.09700000286102295,0.11599999666213989,0.0949999988079071,0.11100000143051147,0.11100000143051147,52400000
2016-11-24,0.11100000143051147,0.12600000202655792,0.10300000011920929,0.10599999874830246,0.10599999874830246,116082000
2016-11-25,0.10400000214576721,0.1080000028014183,0.10100000351667404,0.10599999874830246,0.10599999874830246,7002700
2016-11-28,0.1080000028014183,0.1080000028014183,0.10100000351667404,0.10400000214576721,0.10400000214576721,10561500
2016-11-29,0.10599999874830246,0.11100000143051147,0.10199999809265137,0.10400000214576721,0.10400000214576721,25463000
2016-11-30,0.10400000214576721,0.10499999672174454,0.10199999809265137,0.10300000011920929,0.10300000011920929,8280000
2016-12-01,0.10599999874830246,0.10599999874830246,0.10300000011920929,0.10400000214576721,0.10400000214576721,6201500
2016-12-02,0.10400000214576721,0.10599999874830246,0.10199999809265137,0.10300000011920929,0.10300000011920929,17120000
2016-12-05,0.10100000351667404,0.10199999809265137,0.09700000286102295,0.10100000351667404,0.10100000351667404,9944800
2016-12-06,0.10300000011920929,0.10599999874830246,0.09799999743700027,0.10100000351667404,0.10100000351667404,8400000
2016-12-07,0.0989999994635582,0.0989999994635582,0.09600000083446503,0.09799999743700027,0.09799999743700027,9660000
2016-12-08,0.09799999743700027,0.09799999743700027,0.09399999678134918,0.0949999988079071,0.0949999988079071,5240000
2016-12-09,0.09700000286102295,0.10000000149011612,0.09300000220537186,0.09799999743700027,0.09799999743700027,11180000
2016-12-12,0.0949999988079071,0.0949999988079071,0.09200000017881393,0.09300000220537186,0.09300000220537186,4960000
2016-12-13,0.09300000220537186,0.09399999678134918,0.08900000154972076,0.09399999678134918,0.09399999678134918,5320000
2016-12-14,0.09300000220537186,0.09300000220537186,0.09000000357627869,0.09200000017881393,0.09200000017881393,1897500
2016-12-15,0.09099999815225601,0.09200000017881393,0.08900000154972076,0.09099999815225601,0.09099999815225601,1260000
2016-12-16,0.09000000357627869,0.0989999994635582,0.08699999749660492,0.09200000017881393,0.09200000017881393,13580000
2016-12-19,0.09200000017881393,0.09200000017881393,0.08500000089406967,0.09000000357627869,0.09000000357627869,5220000
2016-12-20,0.0860000029206276,0.09099999815225601,0.0860000029206276,0.08900000154972076,0.08900000154972076,2140000
2016-12-21,0.08699999749660492,0.08900000154972076,0.08699999749660492,0.08900000154972076,0.08900000154972076,2660000
2016-12-22,0.08799999952316284,0.08900000154972076,0.08799999952316284,0.08900000154972076,0.08900000154972076,40000
2016-12-23,0.0860000029206276,0.09000000357627869,0.08399999886751175,0.08699999749660492,0.08699999749660492,1200000
2016-12-28,0.08500000089406967,0.0860000029206276,0.08299999684095383,0.08299999684095383,0.08299999684095383,4980000
2016-12-29,0.0820000022649765,0.08399999886751175,0.07900000363588333,0.0820000022649765,0.0820000022649765,1925000
2016-12-30,0.07999999821186066,0.08399999886751175,0.07999999821186066,0.08399999886751175,0.08399999886751175,4180000
2017-01-03,0.0860000029206276,0.0860000029206276,0.08399999886751175,0.08399999886751175,0.08399999886751175,1300000
2017-01-04,0.08699999749660492,0.08699999749660492,0.08299999684095383,0.08500000089406967,0.08500000089406967,140000
2017-01-05,0.08500000089406967,0.0860000029206276,0.08500000089406967,0.08500000089406967,0.08500000089406967,120000
2017-01-06,0.0820000022649765,0.08299999684095383,0.0820000022649765,0.08299999684095383,0.08299999684095383,740000
2017-01-09,0.08100000023841858,0.0820000022649765,0.07999999821186066,0.08100000023841858,0.08100000023841858,844000
2017-01-10,0.07999999821186066,0.0820000022649765,0.07900000363588333,0.07999999821186066,0.07999999821186066,1280000
2017-01-11,0.07999999821186066,0.08399999886751175,0.07999999821186066,0.08100000023841858,0.08100000023841858,2420000
2017-01-12,0.08100000023841858,0.0820000022649765,0.07999999821186066,0.0820000022649765,0.0820000022649765,340000
2017-01-13,0.07999999821186066,0.0820000022649765,0.07999999821186066,0.07999999821186066,0.07999999821186066,400000
2017-01-16,0.07999999821186066,0.08299999684095383,0.07699999958276749,0.07999999821186066,0.07999999821186066,520000
2017-01-17,0.07999999821186066,0.09000000357627869,0.07900000363588333,0.08399999886751175,0.08399999886751175,4680000
2017-01-18,0.08299999684095383,0.08500000089406967,0.08100000023841858,0.08399999886751175,0.08399999886751175,2840000
2017-01-19,0.0820000022649765,0.08299999684095383,0.07999999821186066,0.08100000023841858,0.08100000023841858,1120000
2017-01-20,0.08100000023841858,0.08500000089406967,0.08100000023841858,0.0820000022649765,0.0820000022649765,2100000
2017-01-23,0.08699999749660492,0.08699999749660492,0.08100000023841858,0.08500000089406967,0.08500000089406967,720000
2017-01-24,0.0820000022649765,0.08399999886751175,0.08100000023841858,0.08399999886751175,0.08399999886751175,440000
2017-01-25,0.08100000023841858,0.08299999684095383,0.08100000023841858,0.08299999684095383,0.08299999684095383,160000
2017-01-26,0.08299999684095383,0.08299999684095383,0.07999999821186066,0.08299999684095383,0.08299999684095383,900000
2017-01-27,0.08299999684095383,0.08500000089406967,0.08100000023841858,0.08500000089406967,0.08500000089406967,880000
2017-02-01,0.08299999684095383,0.08399999886751175,0.08299999684095383,0.08399999886751175,0.08399999886751175,760000
2017-02-02,0.08500000089406967,0.08500000089406967,0.0820000022649765,0.08399999886751175,0.08399999886751175,640000
2017-02-03,0.08399999886751175,0.08500000089406967,0.08299999684095383,0.08399999886751175,0.08399999886751175,1680000
2017-02-06,0.08399999886751175,0.08500000089406967,0.0820000022649765,0.08399999886751175,0.08399999886751175,920000
2017-02-07,0.07999999821186066,0.0820000022649765,0.07999999821186066,0.07999999821186066,0.07999999821186066,3500000
2017-02-08,0.07900000363588333,0.07999999821186066,0.07800000160932541,0.07999999821186066,0.07999999821186066,5080000
2017-02-09,0.07999999821186066,0.0820000022649765,0.07800000160932541,0.0820000022649765,0.0820000022649765,2400000
2017-02-10,0.07900000363588333,0.07999999821186066,0.07900000363588333,0.07999999821186066,0.07999999821186066,180000
2017-02-13,0.07999999821186066,0.08100000023841858,0.07999999821186066,0.07999999821186066,0.07999999821186066,1100000
2017-02-14,0.07999999821186066,0.08399999886751175,0.07599999755620956,0.07999999821186066,0.07999999821186066,3530000
2017-02-15,0.07800000160932541,0.08100000023841858,0.07800000160932541,0.07900000363588333,0.07900000363588333,2980000
2017-02-16,0.07800000160932541,0.08100000023841858,0.07800000160932541,0.07999999821186066,0.07999999821186066,2040000
2017-02-17,0.07800000160932541,0.07900000363588333,0.07699999958276749,0.07900000363588333,0.07900000363588333,2780000
2017-02-20,0.07699999958276749,0.07900000363588333,0.07400000095367432,0.07699999958276749,0.07699999958276749,7080000
2017-02-21,0.07699999958276749,0.08900000154972076,0.07500000298023224,0.08699999749660492,0.08699999749660492,63360000
2017-02-22,0.08799999952316284,0.09799999743700027,0.08799999952316284,0.09399999678134918,0.09399999678134918,61520000
2017-02-23,0.09399999678134918,0.09399999678134918,0.08699999749660492,0.08799999952316284,0.08799999952316284,18540000
2017-02-24,0.08799999952316284,0.09099999815225601,0.0860000029206276,0.09099999815225601,0.09099999815225601,9860000
2017-02-27,0.08699999749660492,0.09200000017881393,0.08699999749660492,0.08799999952316284,0.08799999952316284,6120000
2017-02-28,0.08900000154972076,0.08900000154972076,0.08699999749660492,0.08900000154972076,0.08900000154972076,3620000
2017-03-01,0.08799999952316284,0.08900000154972076,0.0860000029206276,0.08699999749660492,0.08699999749660492,2340000
2017-03-02,0.08500000089406967,0.08900000154972076,0.08500000089406967,0.08799999952316284,0.08799999952316284,3660000
2017-03-03,0.08799999952316284,0.09099999815225601,0.08799999952316284,0.08900000154972076,0.08900000154972076,5300000
2017-03-06,0.08500000089406967,0.08799999952316284,0.08500000089406967,0.08799999952316284,0.08799999952316284,1760000
2017-03-07,0.08900000154972076,0.09200000017881393,0.08699999749660492,0.08699999749660492,0.08699999749660492,1720000
2017-03-08,0.08699999749660492,0.08699999749660492,0.08699999749660492,0.08699999749660492,0.08699999749660492,1260000
2017-03-09,0.08699999749660492,0.08699999749660492,0.0860000029206276,0.08699999749660492,0.08699999749660492,9080000
2017-03-10,0.0860000029206276,0.08699999749660492,0.08399999886751175,0.08399999886751175,0.08399999886751175,2961500
2017-03-13,0.07900000363588333,0.08699999749660492,0.07900000363588333,0.08500000089406967,0.08500000089406967,2340000
2017-03-14,0.08500000089406967,0.0860000029206276,0.08399999886751175,0.08500000089406967,0.08500000089406967,2000000
2017-03-15,0.08500000089406967,0.08500000089406967,0.07999999821186066,0.07999999821186066,0.07999999821186066,2220000
2017-03-16,0.08399999886751175,0.08399999886751175,0.07800000160932541,0.08100000023841858,0.08100000023841858,6440000
2017-03-17,0.07900000363588333,0.08799999952316284,0.07800000160932541,0.07999999821186066,0.07999999821186066,16760000
2017-03-20,0.08399999886751175,0.08399999886751175,0.07900000363588333,0.08100000023841858,0.08100000023841858,2340000
2017-03-21,0.08100000023841858,0.08100000023841858,0.07900000363588333,0.07900000363588333,0.07900000363588333,5360000
2017-03-22,0.07900000363588333,0.08299999684095383,0.07900000363588333,0.08299999684095383,0.08299999684095383,980000
2017-03-23,0.08399999886751175,0.08399999886751175,0.07999999821186066,0.07999999821186066,0.07999999821186066,5580000
2017-03-24,0.07999999821186066,0.0820000022649765,0.07999999821186066,0.0820000022649765,0.0820000022649765,3780000
2017-03-27,0.08299999684095383,0.08399999886751175,0.0820000022649765,0.0820000022649765,0.0820000022649765,2700000
2017-03-28,0.08100000023841858,0.08100000023841858,0.07900000363588333,0.07900000363588333,0.07900000363588333,1445000
2017-03-29,0.07900000363588333,0.08100000023841858,0.07900000363588333,0.08100000023841858,0.08100000023841858,1680000
2017-03-30,0.07999999821186066,0.07999999821186066,0.07800000160932541,0.07999999821186066,0.07999999821186066,4900000
2017-03-31,0.07800000160932541,0.07900000363588333,0.07400000095367432,0.07900000363588333,0.07900000363588333,4280000
2017-04-03,0.07900000363588333,0.07900000363588333,0.07699999958276749,0.07699999958276749,0.07699999958276749,915000
2017-04-05,0.07699999958276749,0.07800000160932541,0.07400000095367432,0.07599999755620956,0.07599999755620956,6780000
2017-04-06,0.07800000160932541,0.07800000160932541,0.07800000160932541,0.07800000160932541,0.07800000160932541,260000
2017-04-07,0.07999999821186066,0.07999999821186066,0.07800000160932541,0.07999999821186066,0.07999999821186066,692500
2017-04-10,0.07999999821186066,0.09399999678134918,0.07999999821186066,0.08699999749660492,0.08699999749660492,29980000
2017-04-11,0.08799999952316284,0.09000000357627869,0.0860000029206276,0.08699999749660492,0.08699999749660492,33010000
2017-04-12,0.08399999886751175,0.09300000220537186,0.08399999886751175,0.09000000357627869,0.09000000357627869,11560000
2017-04-13,0.08799999952316284,0.0949999988079071,0.08799999952316284,0.0949999988079071,0.0949999988079071,24020000
2017-04-18,0.0949999988079071,0.0949999988079071,0.08799999952316284,0.09000000357627869,0.09000000357627869,16880000
2017-04-19,0.08900000154972076,0.08900000154972076,0.08399999886751175,0.08699999749660492,0.08699999749660492,2725000
2017-04-20,0.09300000220537186,0.09300000220537186,0.08100000023841858,0.0860000029206276,0.0860000029206276,5120000
2017-04-21,0.0860000029206276,0.0860000029206276,0.0860000029206276,0.0860000029206276,0.0860000029206276,0
2017-04-24,0.0820000022649765,0.08500000089406967,0.07999999821186066,0.08299999684095383,0.08299999684095383,1380000
2017-04-25,0.08299999684095383,0.08399999886751175,0.08299999684095383,0.08399999886751175,0.08399999886751175,840000
2017-04-26,0.08100000023841858,0.08299999684095383,0.07900000363588333,0.08299999684095383,0.08299999684095383,3100000
2017-04-27,0.08100000023841858,0.08299999684095383,0.08100000023841858,0.08299999684095383,0.08299999684095383,280000
2017-04-28,0.08100000023841858,0.08500000089406967,0.08100000023841858,0.08500000089406967,0.08500000089406967,400000
2017-05-02,0.08399999886751175,0.08500000089406967,0.08299999684095383,0.08500000089406967,0.08500000089406967,1140000
2017-05-04,0.08299999684095383,0.08500000089406967,0.08299999684095383,0.08500000089406967,0.08500000089406967,1380000
2017-05-05,0.08399999886751175,0.08699999749660492,0.08299999684095383,0.08500000089406967,0.08500000089406967,9000000
2017-05-08,0.08100000023841858,0.08500000089406967,0.08100000023841858,0.08299999684095383,0.08299999684095383,3920000
2017-05-09,0.0820000022649765,0.0820000022649765,0.07999999821186066,0.07999999821186066,0.07999999821186066,3002000
2017-05-10,0.08100000023841858,0.08100000023841858,0.07800000160932541,0.07900000363588333,0.07900000363588333,8600000
2017-05-11,0.08100000023841858,0.0820000022649765,0.07699999958276749,0.07999999821186066,0.07999999821186066,2080000
2017-05-12,0.07900000363588333,0.07900000363588333,0.07800000160932541,0.07800000160932541,0.07800000160932541,360000
2017-05-15,0.07699999958276749,0.07900000363588333,0.07699999958276749,0.07900000363588333,0.07900000363588333,2340000
2017-05-16,0.07699999958276749,0.07800000160932541,0.07699999958276749,0.07800000160932541,0.07800000160932541,2160000
2017-05-17,0.07900000363588333,0.07900000363588333,0.07800000160932541,0.07900000363588333,0.07900000363588333,2322000
2017-05-18,0.07800000160932541,0.08299999684095383,0.07599999755620956,0.08100000023841858,0.08100000023841858,7080000
2017-05-19,0.08100000023841858,0.08299999684095383,0.08100000023841858,0.0820000022649765,0.0820000022649765,1325000
2017-05-22,0.0820000022649765,0.0820000022649765,0.07800000160932541,0.07900000363588333,0.07900000363588333,4822500
2017-05-23,0.07599999755620956,0.07800000160932541,0.07599999755620956,0.07699999958276749,0.07699999958276749,5340000
2017-05-24,0.07800000160932541,0.08100000023841858,0.07699999958276749,0.07999999821186066,0.07999999821186066,2260000
2017-05-25,0.07999999821186066,0.07999999821186066,0.07699999958276749,0.07699999958276749,0.07699999958276749,2820000
2017-05-26,0.07699999958276749,0.07900000363588333,0.07699999958276749,0.07900000363588333,0.07900000363588333,345000
2017-05-29,0.07900000363588333,0.07900000363588333,0.07900000363588333,0.07900000363588333,0.07900000363588333,0
2017-05-31,0.07699999958276749,0.07699999958276749,0.07400000095367432,0.07500000298023224,0.07500000298023224,2940000
2017-06-01,0.07500000298023224,0.08100000023841858,0.07400000095367432,0.07699999958276749,0.07699999958276749,1781500
2017-06-02,0.07500000298023224,0.07699999958276749,0.07400000095367432,0.07599999755620956,0.07599999755620956,2820000
2017-06-05,0.07400000095367432,0.07500000298023224,0.0729999989271164,0.07500000298023224,0.07500000298023224,2235370
2017-06-06,0.0729999989271164,0.07599999755620956,0.07199999690055847,0.07199999690055847,0.07199999690055847,2360000
2017-06-07,0.07199999690055847,0.0729999989271164,0.07000000029802322,0.07199999690055847,0.07199999690055847,2140000
2017-06-08,0.07000000029802322,0.0729999989271164,0.07000000029802322,0.0729999989271164,0.0729999989271164,500000
2017-06-09,0.0729999989271164,0.07400000095367432,0.0729999989271164,0.07400000095367432,0.07400000095367432,100000
2017-06-12,0.07100000232458115,0.07400000095367432,0.07100000232458115,0.07400000095367432,0.07400000095367432,900000
2017-06-13,0.07000000029802322,0.07199999690055847,0.07000000029802322,0.07199999690055847,0.07199999690055847,3020000
2017-06-14,0.0729999989271164,0.07800000160932541,0.0729999989271164,0.0729999989271164,0.0729999989271164,3860000
2017-06-15,0.07100000232458115,0.07100000232458115,0.07000000029802322,0.07100000232458115,0.07100000232458115,920000
2017-06-16,0.07199999690055847,0.07199999690055847,0.07199999690055847,0.0729999989271164,0.0729999989271164,200000
2017-06-19,0.07199999690055847,0.07400000095367432,0.0689999982714653,0.07400000095367432,0.07400000095367432,1680000
2017-06-20,0.07000000029802322,0.0729999989271164,0.07000000029802322,0.07199999690055847,0.07199999690055847,1580000
2017-06-21,0.0729999989271164,0.0729999989271164,0.07000000029802322,0.07000000029802322,0.07000000029802322,3006000
2017-06-22,0.07100000232458115,0.07100000232458115,0.07100000232458115,0.07100000232458115,0.07100000232458115,40000
2017-06-23,0.07100000232458115,0.07500000298023224,0.07100000232458115,0.07400000095367432,0.07400000095367432,1482500
2017-06-26,0.07400000095367432,0.07400000095367432,0.07000000029802322,0.07199999690055847,0.07199999690055847,3360000
2017-06-27,0.0689999982714653,0.07100000232458115,0.06800000369548798,0.07100000232458115,0.07100000232458115,1982500
2017-06-28,0.0689999982714653,0.07100000232458115,0.0689999982714653,0.07100000232458115,0.07100000232458115,680000
2017-06-29,0.0689999982714653,0.0689999982714653,0.054999999701976776,0.06599999964237213,0.06599999964237213,5166000
2017-06-30,0.06800000369548798,0.07000000029802322,0.06599999964237213,0.07000000029802322,0.07000000029802322,1440000
2017-07-03,0.06199999898672104,0.06800000369548798,0.06199999898672104,0.06800000369548798,0.06800000369548798,1740000
2017-07-04,0.06700000166893005,0.06800000369548798,0.06700000166893005,0.06800000369548798,0.06800000369548798,2900000
2017-07-05,0.06800000369548798,0.06800000369548798,0.06800000369548798,0.06800000369548798,0.06800000369548798,200000
2017-07-06,0.06800000369548798,0.06800000369548798,0.06800000369548798,0.06800000369548798,0.06800000369548798,400000
2017-07-07,0.06800000369548798,0.06800000369548798,0.06800000369548798,0.06800000369548798,0.06800000369548798,0
2017-07-10,0.06800000369548798,0.06800000369548798,0.06800000369548798,0.06800000369548798,0.06800000369548798,0
2017-07-11,0.06800000369548798,0.07199999690055847,0.06700000166893005,0.06700000166893005,0.06700000166893005,640000
2017-07-12,0.07100000232458115,0.07100000232458115,0.07100000232458115,0.07100000232458115,0.07100000232458115,80000
2017-07-13,0.07000000029802322,0.07000000029802322,0.07000000029802322,0.0689999982714653,0.0689999982714653,100000
2017-07-14,0.06300000101327896,0.06300000101327896,0.06300000101327896,0.06300000101327896,0.06300000101327896,20000
2017-07-17,0.06499999761581421,0.0689999982714653,0.061000000685453415,0.0689999982714653,0.0689999982714653,200000
2017-07-18,0.0689999982714653,0.0689999982714653,0.0689999982714653,0.0689999982714653,0.0689999982714653,0
2017-07-19,0.0689999982714653,0.0689999982714653,0.0689999982714653,0.0689999982714653,0.0689999982714653,0
2017-07-20,0.06300000101327896,0.07199999690055847,0.06199999898672104,0.07000000029802322,0.07000000029802322,1641000
2017-07-21,0.0689999982714653,0.0689999982714653,0.061000000685453415,0.06499999761581421,0.06499999761581421,140000
2017-07-24,0.05700000002980232,0.06800000369548798,0.05700000002980232,0.06599999964237213,0.06599999964237213,1100000
2017-07-25,0.06700000166893005,0.06700000166893005,0.06199999898672104,0.06700000166893005,0.06700000166893005,900000
2017-07-26,0.06700000166893005,0.06700000166893005,0.06700000166893005,0.06700000166893005,0.06700000166893005,0
2017-07-27,0.05999999865889549,0.07000000029802322,0.05900000035762787,0.06800000369548798,0.06800000369548798,1200000
2017-07-28,0.06199999898672104,0.06700000166893005,0.05900000035762787,0.06199999898672104,0.06199999898672104,4160000
2017-07-31,0.06199999898672104,0.06300000101327896,0.06199999898672104,0.06300000101327896,0.06300000101327896,300000
2017-08-01,0.06300000101327896,0.06300000101327896,0.06300000101327896,0.06300000101327896,0.06300000101327896,0
2017-08-02,0.0560000017285347,0.06800000369548798,0.0560000017285347,0.05999999865889549,0.05999999865889549,400000
2017-08-03,0.057999998331069946,0.06300000101327896,0.057999998331069946,0.061000000685453415,0.061000000685453415,460000
2017-08-04,0.06599999964237213,0.06700000166893005,0.06499999761581421,0.06700000166893005,0.06700000166893005,6060000
2017-08-07,0.06199999898672104,0.06700000166893005,0.06199999898672104,0.06700000166893005,0.06700000166893005,40000
2017-08-08,0.06300000101327896,0.06700000166893005,0.06199999898672104,0.06300000101327896,0.06300000101327896,2620000
2017-08-09,0.06300000101327896,0.06300000101327896,0.06300000101327896,0.06300000101327896,0.06300000101327896,485000
2017-08-10,0.06300000101327896,0.06300000101327896,0.06300000101327896,0.06300000101327896,0.06300000101327896,0
2017-08-11,0.05999999865889549,0.06400000303983688,0.05999999865889549,0.05999999865889549,0.05999999865889549,2100000
2017-08-14,0.06300000101327896,0.06300000101327896,0.05999999865889549,0.05999999865889549,0.05999999865889549,820000
2017-08-15,0.06400000303983688,0.06400000303983688,0.0560000017285347,0.05900000035762787,0.05900000035762787,1370000
2017-08-16,0.05900000035762787,0.05900000035762787,0.05900000035762787,0.05900000035762787,0.05900000035762787,200000
2017-08-17,0.05900000035762787,0.05900000035762787,0.05900000035762787,0.05900000035762787,0.05900000035762787,0
2017-08-18,0.06400000303983688,0.06400000303983688,0.05999999865889549,0.06300000101327896,0.06300000101327896,740000
2017-08-21,0.06499999761581421,0.06499999761581421,0.06499999761581421,0.06499999761581421,0.06499999761581421,20000
2017-08-22,0.05999999865889549,0.06400000303983688,0.05999999865889549,0.061000000685453415,0.061000000685453415,140000
2017-08-23,0.061000000685453415,0.061000000685453415,0.061000000685453415,0.061000000685453415,0.061000000685453415,0
2017-08-24,0.06499999761581421,0.06499999761581421,0.06499999761581421,0.06199999898672104,0.06199999898672104,60000
2017-08-25,0.057999998331069946,0.06400000303983688,0.05700000002980232,0.057999998331069946,0.057999998331069946,760000
2017-08-28,0.05700000002980232,0.05999999865889549,0.0560000017285347,0.05900000035762787,0.05900000035762787,1660000
2017-08-29,0.05900000035762787,0.05900000035762787,0.05900000035762787,0.05900000035762787,0.05900000035762787,0
2017-08-30,0.05900000035762787,0.05900000035762787,0.0560000017285347,0.05900000035762787,0.05900000035762787,260000
2017-08-31,0.0560000017285347,0.05900000035762787,0.0560000017285347,0.05900000035762787,0.05900000035762787,3150000
2017-09-01,0.05900000035762787,0.05900000035762787,0.05900000035762787,0.05900000035762787,0.05900000035762787,200000
2017-09-04,0.05700000002980232,0.05999999865889549,0.05700000002980232,0.05900000035762787,0.05900000035762787,900000
2017-09-05,0.06199999898672104,0.06499999761581421,0.06499999761581421,0.06199999898672104,0.06199999898672104,60000
2017-09-06,0.057999998331069946,0.061000000685453415,0.057999998331069946,0.061000000685453415,0.061000000685453415,716500
2017-09-07,0.06499999761581421,0.06499999761581421,0.061000000685453415,0.06300000101327896,0.06300000101327896,660000
2017-09-08,0.05999999865889549,0.06300000101327896,0.05999999865889549,0.06300000101327896,0.06300000101327896,1700000
2017-09-11,0.06300000101327896,0.06300000101327896,0.06300000101327896,0.06300000101327896,0.06300000101327896,0
2017-09-12,0.061000000685453415,0.06300000101327896,0.061000000685453415,0.06199999898672104,0.06199999898672104,220000
2017-09-13,0.05999999865889549,0.06199999898672104,0.0560000017285347,0.05999999865889549,0.05999999865889549,1980000
2017-09-14,0.05900000035762787,0.05900000035762787,0.05900000035762787,0.05900000035762787,0.05900000035762787,480000
2017-09-15,0.05999999865889549,0.05999999865889549,0.05999999865889549,0.05999999865889549,0.05999999865889549,1040000
2017-09-18,0.0560000017285347,0.05900000035762787,0.0560000017285347,0.05900000035762787,0.05900000035762787,160000
2017-09-19,0.05700000002980232,0.05700000002980232,0.0560000017285347,0.05700000002980232,0.05700000002980232,5320000
2017-09-20,0.057999998331069946,0.057999998331069946,0.0560000017285347,0.057999998331069946,0.057999998331069946,2000000
2017-09-21,0.05700000002980232,0.057999998331069946,0.05700000002980232,0.057999998331069946,0.057999998331069946,1540000
2017-09-22,0.0560000017285347,0.0560000017285347,0.0560000017285347,0.05700000002980232,0.05700000002980232,300000
2017-09-25,0.05700000002980232,0.05700000002980232,0.05700000002980232,0.05700000002980232,0.05700000002980232,0
2017-09-26,0.054999999701976776,0.05900000035762787,0.054999999701976776,0.05900000035762787,0.05900000035762787,60000
2017-09-27,0.05900000035762787,0.06199999898672104,0.054999999701976776,0.05999999865889549,0.05999999865889549,700000
2017-09-28,0.05999999865889549,0.05999999865889549,0.05999999865889549,0.05999999865889549,0.05999999865889549,140000
2017-09-29,0.05900000035762787,0.05900000035762787,0.05900000035762787,0.05900000035762787,0.05900000035762787,0
2017-10-03,0.05700000002980232,0.06499999761581421,0.05700000002980232,0.061000000685453415,0.061000000685453415,540000
2017-10-04,0.05999999865889549,0.05999999865889549,0.05999999865889549,0.05999999865889549,0.05999999865889549,140000
2017-10-06,0.06499999761581421,0.05999999865889549,0.05999999865889549,0.05999999865889549,0.05999999865889549,120000
2017-10-09,0.06300000101327896,0.06300000101327896,0.05700000002980232,0.05999999865889549,0.05999999865889549,640000
2017-10-10,0.05900000035762787,0.05900000035762787,0.057999998331069946,0.05900000035762787,0.05900000035762787,240000
2017-10-11,0.057999998331069946,0.05900000035762787,0.054999999701976776,0.0560000017285347,0.0560000017285347,5080000
2017-10-12,0.0560000017285347,0.05700000002980232,0.0560000017285347,0.05700000002980232,0.05700000002980232,902000
2017-10-13,0.0560000017285347,0.05900000035762787,0.0560000017285347,0.05900000035762787,0.05900000035762787,1120000
2017-10-16,0.0560000017285347,0.05700000002980232,0.0560000017285347,0.05700000002980232,0.05700000002980232,800000
2017-10-17,0.0560000017285347,0.057999998331069946,0.054999999701976776,0.057999998331069946,0.057999998331069946,5760000
2017-10-18,0.05700000002980232,0.05900000035762787,0.05700000002980232,0.05700000002980232,0.05700000002980232,460000
2017-10-19,0.05700000002980232,0.05700000002980232,0.0560000017285347,0.0560000017285347,0.0560000017285347,300000
2017-10-20,0.0560000017285347,0.05700000002980232,0.0560000017285347,0.0560000017285347,0.0560000017285347,1640000
2017-10-23,0.054999999701976776,0.0560000017285347,0.054999999701976776,0.0560000017285347,0.0560000017285347,240000
2017-10-24,0.0560000017285347,0.0560000017285347,0.0560000017285347,0.0560000017285347,0.0560000017285347,0
2017-10-25,0.05400000140070915,0.05700000002980232,0.05400000140070915,0.05700000002980232,0.05700000002980232,5700000
2017-10-26,0.057999998331069946,0.06199999898672104,0.057999998331069946,0.05900000035762787,0.05900000035762787,3280000
2017-10-27,0.05700000002980232,0.05700000002980232,0.0560000017285347,0.0560000017285347,0.0560000017285347,1800000
2017-10-30,0.05400000140070915,0.0560000017285347,0.05400000140070915,0.0560000017285347,0.0560000017285347,1490000
2017-10-31,0.05400000140070915,0.054999999701976776,0.052000001072883606,0.054999999701976776,0.054999999701976776,3060000
2017-11-01,0.054999999701976776,0.054999999701976776,0.054999999701976776,0.054999999701976776,0.054999999701976776,500000
2017-11-02,0.05299999937415123,0.05700000002980232,0.05299999937415123,0.054999999701976776,0.054999999701976776,730000
2017-11-03,0.054999999701976776,0.057999998331069946,0.054999999701976776,0.054999999701976776,0.054999999701976776,1420000
2017-11-06,0.054999999701976776,0.054999999701976776,0.052000001072883606,0.05400000140070915,0.05400000140070915,1300000
2017-11-07,0.05400000140070915,0.05400000140070915,0.052000001072883606,0.05299999937415123,0.05299999937415123,310000
2017-11-08,0.052000001072883606,0.05299999937415123,0.052000001072883606,0.05299999937415123,0.05299999937415123,1420000
2017-11-09,0.05299999937415123,0.054999999701976776,0.05299999937415123,0.05400000140070915,0.05400000140070915,2060000
2017-11-10,0.0560000017285347,0.057999998331069946,0.0560000017285347,0.05700000002980232,0.05700000002980232,140000
2017-11-13,0.05299999937415123,0.05299999937415123,0.05299999937415123,0.05400000140070915,0.05400000140070915,420000
2017-11-14,0.052000001072883606,0.05400000140070915,0.052000001072883606,0.052000001072883606,0.052000001072883606,1880000
2017-11-15,0.05299999937415123,0.05299999937415123,0.052000001072883606,0.05299999937415123,0.05299999937415123,1740000
2017-11-16,0.05299999937415123,0.05299999937415123,0.05299999937415123,0.05299999937415123,0.05299999937415123,0
2017-11-17,0.052000001072883606,0.05400000140070915,0.052000001072883606,0.05400000140070915,0.05400000140070915,2380000
2017-11-20,0.05299999937415123,0.054999999701976776,0.052000001072883606,0.054999999701976776,0.054999999701976776,5780000
2017-11-21,0.05900000035762787,0.06400000303983688,0.054999999701976776,0.05900000035762787,0.05900000035762787,17790000
2017-11-22,0.054999999701976776,0.05900000035762787,0.054999999701976776,0.057999998331069946,0.057999998331069946,2560000
2017-11-23,0.0560000017285347,0.057999998331069946,0.054999999701976776,0.057999998331069946,0.057999998331069946,1246000
2017-11-24,0.057999998331069946,0.057999998331069946,0.05400000140070915,0.057999998331069946,0.057999998331069946,280000
2017-11-27,0.054999999701976776,0.054999999701976776,0.05299999937415123,0.05400000140070915,0.05400000140070915,1520000
2017-11-28,0.05299999937415123,0.054999999701976776,0.05299999937415123,0.05299999937415123,0.05299999937415123,640000
2017-11-29,0.05299999937415123,0.0560000017285347,0.050999999046325684,0.052000001072883606,0.052000001072883606,3540000
2017-11-30,0.052000001072883606,0.05299999937415123,0.052000001072883606,0.052000001072883606,0.052000001072883606,980000
2017-12-01,0.052000001072883606,0.05700000002980232,0.052000001072883606,0.05299999937415123,0.05299999937415123,240000
2017-12-04,0.052000001072883606,0.052000001072883606,0.05000000074505806,0.052000001072883606,0.052000001072883606,2520000
2017-12-05,0.05000000074505806,0.05400000140070915,0.05000000074505806,0.052000001072883606,0.052000001072883606,9280000
2017-12-06,0.050999999046325684,0.050999999046325684,0.05000000074505806,0.050999999046325684,0.050999999046325684,5380000
2017-12-07,0.05000000074505806,0.06199999898672104,0.04899999871850014,0.06199999898672104,0.06199999898672104,4540000
2017-12-08,0.06199999898672104,0.06199999898672104,0.05299999937415123,0.05400000140070915,0.05400000140070915,9440000
2017-12-11,0.05400000140070915,0.05400000140070915,0.050999999046325684,0.050999999046325684,0.050999999046325684,960000
2017-12-12,0.05000000074505806,0.05400000140070915,0.05000000074505806,0.052000001072883606,0.052000001072883606,1500000
2017-12-13,0.05299999937415123,0.05299999937415123,0.05000000074505806,0.05000000074505806,0.05000000074505806,2540000
2017-12-14,0.04899999871850014,0.050999999046325684,0.04899999871850014,0.04899999871850014,0.04899999871850014,1825000
2017-12-15,0.04800000041723251,0.04800000041723251,0.04600000008940697,0.04699999839067459,0.04699999839067459,6405000
2017-12-18,0.04800000041723251,0.04899999871850014,0.04600000008940697,0.04699999839067459,0.04699999839067459,920000
2017-12-19,0.04699999839067459,0.04899999871850014,0.04600000008940697,0.04800000041723251,0.04800000041723251,540000
2017-12-20,0.04800000041723251,0.04800000041723251,0.04800000041723251,0.04800000041723251,0.04800000041723251,0
2017-12-21,0.04699999839067459,0.04899999871850014,0.04699999839067459,0.04899999871850014,0.04899999871850014,580000
2017-12-22,0.04699999839067459,0.04899999871850014,0.04600000008940697,0.04899999871850014,0.04899999871850014,1120000
2017-12-27,0.04899999871850014,0.04899999871850014,0.04899999871850014,0.04899999871850014,0.04899999871850014,0
2017-12-28,0.04699999839067459,0.050999999046325684,0.04699999839067459,0.04800000041723251,0.04800000041723251,620000
2017-12-29,0.04699999839067459,0.04899999871850014,0.04699999839067459,0.04899999871850014,0.04899999871850014,322500
2018-01-02,0.04899999871850014,0.04899999871850014,0.04699999839067459,0.04800000041723251,0.04800000041723251,2920000
2018-01-03,0.04800000041723251,0.04800000041723251,0.04600000008940697,0.04699999839067459,0.04699999839067459,2263000
2018-01-04,0.04800000041723251,0.050999999046325684,0.04800000041723251,0.05000000074505806,0.05000000074505806,3420000
2018-01-05,0.05299999937415123,0.05299999937415123,0.05000000074505806,0.050999999046325684,0.050999999046325684,3860000
2018-01-08,0.05000000074505806,0.05000000074505806,0.05000000074505806,0.05000000074505806,0.05000000074505806,1040000
2018-01-09,0.052000001072883606,0.052000001072883606,0.04899999871850014,0.050999999046325684,0.050999999046325684,127500
2018-01-10,0.050999999046325684,0.050999999046325684,0.04800000041723251,0.05000000074505806,0.05000000074505806,2800000
2018-01-11,0.04699999839067459,0.05000000074505806,0.04699999839067459,0.05000000074505806,0.05000000074505806,1140000
2018-01-12,0.05000000074505806,0.05000000074505806,0.04800000041723251,0.04800000041723251,0.04800000041723251,620000
2018-01-15,0.04800000041723251,0.04899999871850014,0.04800000041723251,0.04800000041723251,0.04800000041723251,2180000
2018-01-16,0.04699999839067459,0.04800000041723251,0.04600000008940697,0.04600000008940697,0.04600000008940697,1680000
2018-01-17,0.04500000178813934,0.04800000041723251,0.04500000178813934,0.04699999839067459,0.04699999839067459,1880000
2018-01-18,0.04699999839067459,0.04800000041723251,0.04699999839067459,0.04699999839067459,0.04699999839067459,300000
2018-01-19,0.04600000008940697,0.04899999871850014,0.04600000008940697,0.04899999871850014,0.04899999871850014,2400000
2018-01-22,0.04800000041723251,0.05000000074505806,0.04699999839067459,0.05000000074505806,0.05000000074505806,620000
2018-01-23,0.04800000041723251,0.05900000035762787,0.04800000041723251,0.05900000035762787,0.05900000035762787,3960000
2018-01-24,0.05700000002980232,0.05700000002980232,0.050999999046325684,0.05299999937415123,0.05299999937415123,15360000
2018-01-25,0.05299999937415123,0.05400000140070915,0.050999999046325684,0.050999999046325684,0.050999999046325684,1069000
2018-01-26,0.050999999046325684,0.05400000140070915,0.04899999871850014,0.052000001072883606,0.052000001072883606,2502000
2018-01-29,0.05000000074505806,0.050999999046325684,0.04899999871850014,0.05000000074505806,0.05000000074505806,1200000
2018-01-30,0.04699999839067459,0.05000000074505806,0.04699999839067459,0.04800000041723251,0.04800000041723251,960000
2018-01-31,0.04800000041723251,0.05000000074505806,0.04699999839067459,0.04899999871850014,0.04899999871850014,955000
2018-02-01,0.04899999871850014,0.04899999871850014,0.04899999871850014,0.04899999871850014,0.04899999871850014,1000000
2018-02-02,0.04699999839067459,0.04800000041723251,0.04699999839067459,0.04800000041723251,0.04800000041723251,340000
2018-02-05,0.05000000074505806,0.05000000074505806,0.04899999871850014,0.04899999871850014,0.04899999871850014,760000
2018-02-06,0.05000000074505806,0.05000000074505806,0.04600000008940697,0.04800000041723251,0.04800000041723251,5380000
2018-02-07,0.04699999839067459,0.04899999871850014,0.04399999976158142,0.04699999839067459,0.04699999839067459,4120000
2018-02-08,0.04600000008940697,0.04600000008940697,0.04600000008940697,0.04600000008940697,0.04600000008940697,1040000
2018-02-09,0.04600000008940697,0.04600000008940697,0.04399999976158142,0.04600000008940697,0.04600000008940697,2000000
2018-02-12,0.04600000008940697,0.04600000008940697,0.04600000008940697,0.04600000008940697,0.04600000008940697,0
2018-02-13,0.04600000008940697,0.04600000008940697,0.04600000008940697,0.04600000008940697,0.04600000008940697,400000
2018-02-14,0.04699999839067459,0.04699999839067459,0.04699999839067459,0.04699999839067459,0.04699999839067459,420000
2018-02-15,0.04699999839067459,0.04699999839067459,0.04699999839067459,0.04699999839067459,0.04699999839067459,0
2018-02-20,0.04699999839067459,0.04699999839067459,0.04699999839067459,0.04699999839067459,0.04699999839067459,0
2018-02-21,0.04699999839067459,0.04699999839067459,0.04699999839067459,0.04699999839067459,0.04699999839067459,340000
2018-02-22,0.04500000178813934,0.04800000041723251,0.04500000178813934,0.04600000008940697,0.04600000008940697,1120000
2018-02-23,0.04500000178813934,0.04800000041723251,0.04500000178813934,0.04800000041723251,0.04800000041723251,540000
2018-02-26,0.04800000041723251,0.04800000041723251,0.04600000008940697,0.04600000008940697,0.04600000008940697,905000
2018-02-27,0.04600000008940697,0.0560000017285347,0.04500000178813934,0.054999999701976776,0.054999999701976776,13880000
2018-02-28,0.054999999701976776,0.05900000035762787,0.05000000074505806,0.05400000140070915,0.05400000140070915,5480000
2018-03-01,0.05400000140070915,0.05700000002980232,0.04800000041723251,0.05299999937415123,0.05299999937415123,10240000
2018-03-02,0.052000001072883606,0.052000001072883606,0.04899999871850014,0.052000001072883606,0.052000001072883606,1000000
2018-03-05,0.052000001072883606,0.052000001072883606,0.04899999871850014,0.05000000074505806,0.05000000074505806,500000
2018-03-06,0.052000001072883606,0.052000001072883606,0.04899999871850014,0.050999999046325684,0.050999999046325684,1220000
2018-03-07,0.05000000074505806,0.05000000074505806,0.04699999839067459,0.04899999871850014,0.04899999871850014,3120000
2018-03-08,0.04899999871850014,0.04899999871850014,0.04899999871850014,0.04899999871850014,0.04899999871850014,500000
2018-03-09,0.05000000074505806,0.05000000074505806,0.04899999871850014,0.04899999871850014,0.04899999871850014,2040000
2018-03-12,0.04800000041723251,0.052000001072883606,0.04800000041723251,0.052000001072883606,0.052000001072883606,1480000
2018-03-13,0.050999999046325684,0.050999999046325684,0.050999999046325684,0.050999999046325684,0.050999999046325684,0
2018-03-14,0.05000000074505806,0.05000000074505806,0.05000000074505806,0.05000000074505806,0.05000000074505806,300000
2018-03-15,0.050999999046325684,0.050999999046325684,0.05000000074505806,0.05000000074505806,0.05000000074505806,2840000
2018-03-16,0.050999999046325684,0.052000001072883606,0.04899999871850014,0.05000000074505806,0.05000000074505806,180000
2018-03-19,0.052000001072883606,0.054999999701976776,0.052000001072883606,0.052000001072883606,0.052000001072883606,3880000
2018-03-20,0.05400000140070915,0.05400000140070915,0.050999999046325684,0.050999999046325684,0.050999999046325684,360000
2018-03-21,0.050999999046325684,0.05400000140070915,0.04899999871850014,0.05400000140070915,0.05400000140070915,7580000
2018-03-22,0.05400000140070915,0.05700000002980232,0.052000001072883606,0.05400000140070915,0.05400000140070915,2740000
2018-03-23,0.05400000140070915,0.0560000017285347,0.05400000140070915,0.0560000017285347,0.0560000017285347,4700000
2018-03-26,0.05700000002980232,0.05700000002980232,0.05299999937415123,0.0560000017285347,0.0560000017285347,1780000
2018-03-27,0.0560000017285347,0.05700000002980232,0.052000001072883606,0.054999999701976776,0.054999999701976776,12180000
2018-03-28,0.052000001072883606,0.054999999701976776,0.052000001072883606,0.052000001072883606,0.052000001072883606,5740000
2018-03-29,0.05299999937415123,0.05299999937415123,0.05299999937415123,0.05299999937415123,0.05299999937415123,0
2018-04-03,0.05299999937415123,0.05400000140070915,0.05299999937415123,0.05400000140070915,0.05400000140070915,222000
2018-04-04,0.05400000140070915,0.05400000140070915,0.05400000140070915,0.05400000140070915,0.05400000140070915,0
2018-04-06,0.05299999937415123,0.05299999937415123,0.05000000074505806,0.05299999937415123,0.05299999937415123,260000
2018-04-09,0.057999998331069946,0.057999998331069946,0.050999999046325684,0.05299999937415123,0.05299999937415123,400000
2018-04-10,0.054999999701976776,0.054999999701976776,0.050999999046325684,0.050999999046325684,0.050999999046325684,1925000
2018-04-11,0.05000000074505806,0.05400000140070915,0.04899999871850014,0.05299999937415123,0.05299999937415123,4580000
2018-04-12,0.05299999937415123,0.05400000140070915,0.05299999937415123,0.05299999937415123,0.05299999937415123,10025000
2018-04-13,0.05299999937415123,0.05299999937415123,0.04699999839067459,0.05299999937415123,0.05299999937415123,3900000
2018-04-16,0.05299999937415123,0.05299999937415123,0.05299999937415123,0.05299999937415123,0.05299999937415123,0
2018-04-17,0.05299999937415123,0.05299999937415123,0.05299999937415123,0.05299999937415123,0.05299999937415123,0
2018-04-18,0.05299999937415123,0.05299999937415123,0.05299999937415123,0.05299999937415123,0.05299999937415123,0
2018-04-19,0.05299999937415123,0.05299999937415123,0.05299999937415123,0.05299999937415123,0.05299999937415123,0
2018-04-20,0.09000000357627869,0.0989999994635582,0.06499999761581421,0.07000000029802322,0.07000000029802322,171445000
2018-04-23,0.07000000029802322,0.07000000029802322,0.05700000002980232,0.05999999865889549,0.05999999865889549,33840000
2018-04-24,0.05700000002980232,0.05700000002980232,0.05000000074505806,0.05299999937415123,0.05299999937415123,25421000
2018-04-25,0.05299999937415123,0.05900000035762787,0.05299999937415123,0.0560000017285347,0.0560000017285347,20240000
2018-04-26,0.054999999701976776,0.054999999701976776,0.04899999871850014,0.050999999046325684,0.050999999046325684,12940000
2018-04-27,0.052000001072883606,0.05299999937415123,0.052000001072883606,0.05299999937415123,0.05299999937415123,1700000
2018-04-30,0.052000001072883606,0.05400000140070915,0.05000000074505806,0.052000001072883606,0.052000001072883606,3960000
2018-05-02,0.052000001072883606,0.052000001072883606,0.05000000074505806,0.052000001072883606,0.052000001072883606,5160000
2018-05-03,0.050999999046325684,0.050999999046325684,0.050999999046325684,0.050999999046325684,0.050999999046325684,580000
2018-05-04,0.050999999046325684,0.050999999046325684,0.05000000074505806,0.050999999046325684,0.050999999046325684,3680000
2018-05-07,0.050999999046325684,0.050999999046325684,0.050999999046325684,0.050999999046325684,0.050999999046325684,160000
2018-05-08,0.05000000074505806,0.052000001072883606,0.05000000074505806,0.052000001072883606,0.052000001072883606,2822500
2018-05-09,0.050999999046325684,0.052000001072883606,0.050999999046325684,0.052000001072883606,0.052000001072883606,100000
2018-05-10,0.05000000074505806,0.052000001072883606,0.04800000041723251,0.05000000074505806,0.05000000074505806,1060000
2018-05-11,0.05000000074505806,0.050999999046325684,0.05000000074505806,0.05000000074505806,0.05000000074505806,5225000
2018-05-14,0.05000000074505806,0.052000001072883606,0.05000000074505806,0.052000001072883606,0.052000001072883606,2940000
2018-05-15,0.052000001072883606,0.052000001072883606,0.04899999871850014,0.050999999046325684,0.050999999046325684,2120000
2018-05-16,0.04899999871850014,0.04899999871850014,0.04699999839067459,0.04899999871850014,0.04899999871850014,4000000
2018-05-17,0.04800000041723251,0.04899999871850014,0.04699999839067459,0.04899999871850014,0.04899999871850014,1800000
2018-05-18,0.04899999871850014,0.04899999871850014,0.04899999871850014,0.04899999871850014,0.04899999871850014,0
2018-05-21,0.04899999871850014,0.05000000074505806,0.04800000041723251,0.04899999871850014,0.04899999871850014,1580000
2018-05-23,0.05000000074505806,0.050999999046325684,0.04899999871850014,0.050999999046325684,0.050999999046325684,300000
2018-05-24,0.04899999871850014,0.050999999046325684,0.04899999871850014,0.050999999046325684,0.050999999046325684,1141700
2018-05-25,0.05000000074505806,0.05400000140070915,0.04899999871850014,0.050999999046325684,0.050999999046325684,2800000
2018-05-28,0.050999999046325684,0.05299999937415123,0.05000000074505806,0.05299999937415123,0.05299999937415123,18460000
2018-05-29,0.050999999046325684,0.05299999937415123,0.05000000074505806,0.050999999046325684,0.050999999046325684,280000
2018-05-30,0.050999999046325684,0.050999999046325684,0.05000000074505806,0.05000000074505806,0.05000000074505806,2220000
2018-05-31,0.05000000074505806,0.05400000140070915,0.052000001072883606,0.052000001072883606,0.052000001072883606,2861500
2018-06-01,0.05400000140070915,0.05400000140070915,0.05400000140070915,0.05400000140070915,0.05400000140070915,860000
2018-06-04,0.05299999937415123,0.0560000017285347,0.05299999937415123,0.054999999701976776,0.054999999701976776,660000
2018-06-05,0.054999999701976776,0.054999999701976776,0.050999999046325684,0.05400000140070915,0.05400000140070915,2480000
2018-06-06,0.054999999701976776,0.057999998331069946,0.050999999046325684,0.05299999937415123,0.05299999937415123,10417000
2018-06-07,0.050999999046325684,0.05299999937415123,0.050999999046325684,0.05299999937415123,0.05299999937415123,782500
2018-06-08,0.05299999937415123,0.06199999898672104,0.05299999937415123,0.054999999701976776,0.054999999701976776,20140000
2018-06-11,0.05999999865889549,0.06599999964237213,0.0560000017285347,0.06300000101327896,0.06300000101327896,22882000
2018-06-12,0.06300000101327896,0.06599999964237213,0.05999999865889549,0.06499999761581421,0.06499999761581421,11400000
2018-06-13,0.06499999761581421,0.08399999886751175,0.06400000303983688,0.07800000160932541,0.07800000160932541,85200000
2018-06-14,0.07599999755620956,0.08100000023841858,0.07199999690055847,0.07999999821186066,0.07999999821186066,17600000
2018-06-15,0.07800000160932541,0.07900000363588333,0.0729999989271164,0.07900000363588333,0.07900000363588333,4840000
2018-06-19,0.07100000232458115,0.07500000298023224,0.06599999964237213,0.07000000029802322,0.07000000029802322,7720000
2018-06-20,0.07699999958276749,0.07699999958276749,0.0729999989271164,0.0729999989271164,0.0729999989271164,740000
2018-06-21,0.07900000363588333,0.07900000363588333,0.06700000166893005,0.07000000029802322,0.07000000029802322,2680000
2018-06-22,0.06800000369548798,0.07199999690055847,0.06700000166893005,0.06800000369548798,0.06800000369548798,1640000
2018-06-25,0.06499999761581421,0.07100000232458115,0.06499999761581421,0.06800000369548798,0.06800000369548798,320000
2018-06-26,0.061000000685453415,0.07100000232458115,0.061000000685453415,0.06499999761581421,0.06499999761581421,1420000
2018-06-27,0.06499999761581421,0.06800000369548798,0.06400000303983688,0.06499999761581421,0.06499999761581421,1760000
2018-06-28,0.07400000095367432,0.07400000095367432,0.061000000685453415,0.06499999761581421,0.06499999761581421,780000
2018-06-29,0.06400000303983688,0.0689999982714653,0.06400000303983688,0.06599999964237213,0.06599999964237213,860000
2018-07-03,0.06400000303983688,0.07199999690055847,0.06400000303983688,0.0689999982714653,0.0689999982714653,2580000
2018-07-04,0.06700000166893005,0.06800000369548798,0.06599999964237213,0.06800000369548798,0.06800000369548798,2460000
2018-07-05,0.06700000166893005,0.06800000369548798,0.06700000166893005,0.06700000166893005,0.06700000166893005,880000
2018-07-06,0.06700000166893005,0.06800000369548798,0.06599999964237213,0.06800000369548798,0.06800000369548798,3260000
2018-07-09,0.06599999964237213,0.06800000369548798,0.06300000101327896,0.06800000369548798,0.06800000369548798,4580000
2018-07-10,0.06400000303983688,0.06700000166893005,0.06300000101327896,0.06400000303983688,0.06400000303983688,480000
2018-07-11,0.06199999898672104,0.06599999964237213,0.061000000685453415,0.06599999964237213,0.06599999964237213,1160000
2018-07-12,0.06300000101327896,0.06499999761581421,0.061000000685453415,0.06300000101327896,0.06300000101327896,320000
2018-07-13,0.06599999964237213,0.06599999964237213,0.06199999898672104,0.06400000303983688,0.06400000303983688,1360000
2018-07-16,0.06300000101327896,0.06300000101327896,0.05999999865889549,0.06300000101327896,0.06300000101327896,260000
2018-07-17,0.05999999865889549,0.06300000101327896,0.057999998331069946,0.06300000101327896,0.06300000101327896,540500
2018-07-18,0.05999999865889549,0.05999999865889549,0.0560000017285347,0.0560000017285347,0.0560000017285347,4680000
2018-07-19,0.05900000035762787,0.061000000685453415,0.057999998331069946,0.05900000035762787,0.05900000035762787,360000
2018-07-20,0.06300000101327896,0.06400000303983688,0.061000000685453415,0.06300000101327896,0.06300000101327896,960000
2018-07-23,0.06300000101327896,0.06300000101327896,0.06300000101327896,0.06300000101327896,0.06300000101327896,0
2018-07-24,0.06300000101327896,0.06300000101327896,0.06300000101327896,0.06300000101327896,0.06300000101327896,0
2018-07-25,0.06400000303983688,0.06400000303983688,0.06400000303983688,0.06400000303983688,0.06400000303983688,200000
2018-07-26,0.06300000101327896,0.06300000101327896,0.06300000101327896,0.06300000101327896,0.06300000101327896,0
2018-07-27,0.06300000101327896,0.06400000303983688,0.061000000685453415,0.06199999898672104,0.06199999898672104,520000
2018-07-30,0.05700000002980232,0.06199999898672104,0.05700000002980232,0.06199999898672104,0.06199999898672104,600000
2018-07-31,0.057999998331069946,0.061000000685453415,0.057999998331069946,0.061000000685453415,0.061000000685453415,220000
2018-08-01,0.05999999865889549,0.05999999865889549,0.05999999865889549,0.05999999865889549,0.05999999865889549,0
2018-08-02,0.0560000017285347,0.06300000101327896,0.0560000017285347,0.06199999898672104,0.06199999898672104,620000
2018-08-03,0.06300000101327896,0.06300000101327896,0.06300000101327896,0.06300000101327896,0.06300000101327896,0
2018-08-06,0.0560000017285347,0.06499999761581421,0.0560000017285347,0.06300000101327896,0.06300000101327896,1380000
2018-08-07,0.05900000035762787,0.06599999964237213,0.05900000035762787,0.06599999964237213,0.06599999964237213,420000
2018-08-08,0.06499999761581421,0.06499999761581421,0.05999999865889549,0.06199999898672104,0.06199999898672104,1053000
2018-08-09,0.06199999898672104,0.06199999898672104,0.06199999898672104,0.06199999898672104,0.06199999898672104,0
2018-08-10,0.05900000035762787,0.06199999898672104,0.05900000035762787,0.06199999898672104,0.06199999898672104,760000
2018-08-13,0.05999999865889549,0.05999999865889549,0.05999999865889549,0.05999999865889549,0.05999999865889549,0
2018-08-14,0.05999999865889549,0.05999999865889549,0.050999999046325684,0.05400000140070915,0.05400000140070915,1300000
2018-08-15,0.05400000140070915,0.05700000002980232,0.05400000140070915,0.0560000017285347,0.0560000017285347,980000
2018-08-16,0.057999998331069946,0.061000000685453415,0.054999999701976776,0.05900000035762787,0.05900000035762787,1060000
2018-08-17,0.06199999898672104,0.06199999898672104,0.054999999701976776,0.061000000685453415,0.061000000685453415,300000
2018-08-20,0.05299999937415123,0.05700000002980232,0.05299999937415123,0.05400000140070915,0.05400000140070915,2600000
2018-08-21,0.061000000685453415,0.061000000685453415,0.061000000685453415,0.061000000685453415,0.061000000685453415,0
2018-08-22,0.05900000035762787,0.05900000035762787,0.05900000035762787,0.05900000035762787,0.05900000035762787,0
2018-08-23,0.05900000035762787,0.061000000685453415,0.05900000035762787,0.05900000035762787,0.05900000035762787,2120000
2018-08-24,0.05700000002980232,0.061000000685453415,0.05700000002980232,0.05999999865889549,0.05999999865889549,3040000
2018-08-27,0.057999998331069946,0.05999999865889549,0.05700000002980232,0.05999999865889549,0.05999999865889549,320000
2018-08-28,0.057999998331069946,0.061000000685453415,0.057999998331069946,0.05999999865889549,0.05999999865889549,400000
2018-08-29,0.057999998331069946,0.05999999865889549,0.057999998331069946,0.05999999865889549,0.05999999865889549,540000
2018-08-30,0.05999999865889549,0.05999999865889549,0.05999999865889549,0.05999999865889549,0.05999999865889549,0
2018-08-31,0.05900000035762787,0.05999999865889549,0.05900000035762787,0.05900000035762787,0.05900000035762787,40000
2018-09-03,0.05900000035762787,0.05900000035762787,0.05900000035762787,0.05900000035762787,0.05900000035762787,0
2018-09-04,0.05900000035762787,0.05900000035762787,0.05900000035762787,0.05900000035762787,0.05900000035762787,0
2018-09-05,0.05900000035762787,0.05999999865889549,0.054999999701976776,0.05900000035762787,0.05900000035762787,880000
2018-09-06,0.05999999865889549,0.05999999865889549,0.05999999865889549,0.05999999865889549,0.05999999865889549,0
2018-09-07,0.054999999701976776,0.05999999865889549,0.054999999701976776,0.05999999865889549,0.05999999865889549,2300000
2018-09-10,0.05700000002980232,0.061000000685453415,0.054999999701976776,0.05999999865889549,0.05999999865889549,200000
2018-09-11,0.0560000017285347,0.057999998331069946,0.054999999701976776,0.057999998331069946,0.057999998331069946,200000
2018-09-12,0.054999999701976776,0.057999998331069946,0.054999999701976776,0.057999998331069946,0.057999998331069946,200000
2018-09-13,0.057999998331069946,0.057999998331069946,0.057999998331069946,0.057999998331069946,0.057999998331069946,0
2018-09-14,0.054999999701976776,0.057999998331069946,0.054999999701976776,0.05700000002980232,0.05700000002980232,1880000
2018-09-17,0.05400000140070915,0.05700000002980232,0.05299999937415123,0.054999999701976776,0.054999999701976776,1360000
2018-09-18,0.054999999701976776,0.05700000002980232,0.054999999701976776,0.0560000017285347,0.0560000017285347,3145000
2018-09-19,0.054999999701976776,0.05700000002980232,0.054999999701976776,0.054999999701976776,0.054999999701976776,4635000
2018-09-20,0.05700000002980232,0.057999998331069946,0.05700000002980232,0.057999998331069946,0.057999998331069946,602500
2018-09-21,0.0560000017285347,0.057999998331069946,0.0560000017285347,0.0560000017285347,0.0560000017285347,84000
2018-09-24,0.054999999701976776,0.054999999701976776,0.050999999046325684,0.05400000140070915,0.05400000140070915,2880000
2018-09-26,0.05400000140070915,0.05400000140070915,0.05400000140070915,0.05400000140070915,0.05400000140070915,700000
2018-09-27,0.05400000140070915,0.05400000140070915,0.05400000140070915,0.05400000140070915,0.05400000140070915,0
2018-09-28,0.052000001072883606,0.05299999937415123,0.050999999046325684,0.052000001072883606,0.052000001072883606,2362000
2018-10-02,0.052000001072883606,0.052000001072883606,0.052000001072883606,0.052000001072883606,0.052000001072883606,0
2018-10-03,0.052000001072883606,0.052000001072883606,0.052000001072883606,0.052000001072883606,0.052000001072883606,0
2018-10-04,0.04899999871850014,0.052000001072883606,0.04899999871850014,0.05000000074505806,0.05000000074505806,800000
2018-10-05,0.052000001072883606,0.052000001072883606,0.05000000074505806,0.05000000074505806,0.05000000074505806,1320000
2018-10-08,0.052000001072883606,0.052000001072883606,0.04800000041723251,0.05000000074505806,0.05000000074505806,300000
2018-10-09,0.052000001072883606,0.052000001072883606,0.052000001072883606,0.052000001072883606,0.052000001072883606,0
2018-10-10,0.05000000074505806,0.050999999046325684,0.04600000008940697,0.04899999871850014,0.04899999871850014,600000
2018-10-11,0.04600000008940697,0.050999999046325684,0.04500000178813934,0.050999999046325684,0.050999999046325684,2560000
2018-10-12,0.04600000008940697,0.05000000074505806,0.04600000008940697,0.05000000074505806,0.05000000074505806,140000
2018-10-15,0.05000000074505806,0.05000000074505806,0.05000000074505806,0.05000000074505806,0.05000000074505806,0
2018-10-16,0.04699999839067459,0.04899999871850014,0.04600000008940697,0.04600000008940697,0.04600000008940697,660000
2018-10-18,0.0430000014603138,0.04800000041723251,0.0430000014603138,0.04699999839067459,0.04699999839067459,3160000
2018-10-19,0.04600000008940697,0.04600000008940697,0.04600000008940697,0.04600000008940697,0.04600000008940697,0
2018-10-22,0.04600000008940697,0.04699999839067459,0.04600000008940697,0.04699999839067459,0.04699999839067459,160000
2018-10-23,0.04699999839067459,0.05400000140070915,0.04699999839067459,0.04800000041723251,0.04800000041723251,660000
2018-10-24,0.05000000074505806,0.05000000074505806,0.05000000074505806,0.05000000074505806,0.05000000074505806,0
2018-10-25,0.04600000008940697,0.04899999871850014,0.04500000178813934,0.04899999871850014,0.04899999871850014,1360000
2018-10-26,0.04600000008940697,0.04899999871850014,0.0430000014603138,0.04699999839067459,0.04699999839067459,3241000
2018-10-29,0.04800000041723251,0.052000001072883606,0.04699999839067459,0.05000000074505806,0.05000000074505806,200000
2018-10-30,0.04800000041723251,0.05000000074505806,0.04600000008940697,0.05000000074505806,0.05000000074505806,1000000
2018-10-31,0.05000000074505806,0.05000000074505806,0.05000000074505806,0.05000000074505806,0.05000000074505806,0
2018-11-01,0.04699999839067459,0.05000000074505806,0.04699999839067459,0.04899999871850014,0.04899999871850014,600000
2018-11-02,0.04600000008940697,0.04899999871850014,0.04600000008940697,0.04600000008940697,0.04600000008940697,3260000
2018-11-05,0.04899999871850014,0.04899999871850014,0.04899999871850014,0.04899999871850014,0.04899999871850014,0
2018-11-06,0.04600000008940697,0.04899999871850014,0.04600000008940697,0.04699999839067459,0.04699999839067459,1640000
2018-11-07,0.04699999839067459,0.04699999839067459,0.04699999839067459,0.04699999839067459,0.04699999839067459,200000
2018-11-08,0.04800000041723251,0.04800000041723251,0.04699999839067459,0.04699999839067459,0.04699999839067459,462000
2018-11-09,0.04699999839067459,0.04699999839067459,0.04699999839067459,0.04699999839067459,0.04699999839067459,0
2018-11-12,0.04600000008940697,0.04600000008940697,0.04600000008940697,0.04600000008940697,0.04600000008940697,0
2018-11-13,0.04500000178813934,0.04800000041723251,0.04399999976158142,0.04600000008940697,0.04600000008940697,240000
2018-11-14,0.04600000008940697,0.05000000074505806,0.04600000008940697,0.04899999871850014,0.04899999871850014,1260000
2018-11-15,0.04800000041723251,0.04800000041723251,0.04800000041723251,0.04800000041723251,0.04800000041723251,0
2018-11-16,0.04800000041723251,0.04800000041723251,0.04800000041723251,0.04800000041723251,0.04800000041723251,0
2018-11-19,0.04899999871850014,0.05299999937415123,0.04600000008940697,0.04899999871850014,0.04899999871850014,2660000
2018-11-20,0.05000000074505806,0.05000000074505806,0.05000000074505806,0.05000000074505806,0.05000000074505806,0
2018-11-21,0.04699999839067459,0.050999999046325684,0.04699999839067459,0.04899999871850014,0.04899999871850014,1040000
2018-11-22,0.04800000041723251,0.050999999046325684,0.04800000041723251,0.05000000074505806,0.05000000074505806,496000
2018-11-23,0.04899999871850014,0.04899999871850014,0.04699999839067459,0.04899999871850014,0.04899999871850014,6900000
2018-11-26,0.04899999871850014,0.04899999871850014,0.04899999871850014,0.04899999871850014,0.04899999871850014,0
2018-11-27,0.04600000008940697,0.04800000041723251,0.04600000008940697,0.04800000041723251,0.04800000041723251,540000
2018-11-28,0.04699999839067459,0.04899999871850014,0.04699999839067459,0.04699999839067459,0.04699999839067459,360000
2018-11-29,0.04699999839067459,0.04699999839067459,0.04699999839067459,0.04699999839067459,0.04699999839067459,620000
2018-11-30,0.04899999871850014,0.04899999871850014,0.04899999871850014,0.04899999871850014,0.04899999871850014,80000
2018-12-03,0.04899999871850014,0.05000000074505806,0.04800000041723251,0.05000000074505806,0.05000000074505806,2260000
2018-12-04,0.052000001072883606,0.052000001072883606,0.052000001072883606,0.052000001072883606,0.052000001072883606,0
2018-12-05,0.05000000074505806,0.05299999937415123,0.05000000074505806,0.052000001072883606,0.052000001072883606,220000
2018-12-06,0.04899999871850014,0.05000000074505806,0.04800000041723251,0.04800000041723251,0.04800000041723251,2040000
2018-12-07,0.04899999871850014,0.04899999871850014,0.04899999871850014,0.04899999871850014,0.04899999871850014,0
2018-12-10,0.04699999839067459,0.04899999871850014,0.04699999839067459,0.04899999871850014,0.04899999871850014,260000
2018-12-11,0.04899999871850014,0.04899999871850014,0.04899999871850014,0.04899999871850014,0.04899999871850014,0
2018-12-12,0.04800000041723251,0.05000000074505806,0.04800000041723251,0.05000000074505806,0.05000000074505806,500000
2018-12-13,0.04600000008940697,0.04600000008940697,0.04600000008940697,0.04600000008940697,0.04600000008940697,200000
2018-12-14,0.04800000041723251,0.05000000074505806,0.04699999839067459,0.04800000041723251,0.04800000041723251,100000
2018-12-17,0.04800000041723251,0.04800000041723251,0.04800000041723251,0.04800000041723251,0.04800000041723251,0
2018-12-18,0.04500000178813934,0.04500000178813934,0.04500000178813934,0.04500000178813934,0.04500000178813934,730000
2018-12-19,0.04600000008940697,0.05299999937415123,0.04600000008940697,0.04899999871850014,0.04899999871850014,4120000
2018-12-20,0.050999999046325684,0.052000001072883606,0.04800000041723251,0.050999999046325684,0.050999999046325684,100000
2018-12-21,0.050999999046325684,0.050999999046325684,0.050999999046325684,0.050999999046325684,0.050999999046325684,0
2018-12-24,0.05000000074505806,0.05000000074505806,0.05000000074505806,0.05000000074505806,0.05000000074505806,0
2018-12-27,0.052000001072883606,0.052000001072883606,0.04600000008940697,0.04699999839067459,0.04699999839067459,740000
2018-12-28,0.05000000074505806,0.05000000074505806,0.04500000178813934,0.04699999839067459,0.04699999839067459,1180000
2018-12-31,0.04800000041723251,0.05000000074505806,0.04800000041723251,0.04800000041723251,0.04800000041723251,40000
2019-01-02,0.04800000041723251,0.04800000041723251,0.04600000008940697,0.04600000008940697,0.04600000008940697,380000
2019-01-03,0.04699999839067459,0.05000000074505806,0.04699999839067459,0.05000000074505806,0.05000000074505806,200000
2019-01-04,0.04899999871850014,0.04899999871850014,0.04899999871850014,0.04899999871850014,0.04899999871850014,0
2019-01-07,0.04800000041723251,0.04800000041723251,0.04800000041723251,0.04800000041723251,0.04800000041723251,0
2019-01-08,0.04800000041723251,0.04800000041723251,0.04800000041723251,0.04800000041723251,0.04800000041723251,2000000
2019-01-09,0.04800000041723251,0.04800000041723251,0.04800000041723251,0.04800000041723251,0.04800000041723251,0
2019-01-10,0.04800000041723251,0.04800000041723251,0.04800000041723251,0.04800000041723251,0.04800000041723251,0
2019-01-11,0.04699999839067459,0.04899999871850014,0.04699999839067459,0.04800000041723251,0.04800000041723251,941500
2019-01-14,0.04800000041723251,0.05000000074505806,0.04800000041723251,0.04800000041723251,0.04800000041723251,1060000
2019-01-15,0.05000000074505806,0.05999999865889549,0.04899999871850014,0.05900000035762787,0.05900000035762787,4410000
2019-01-16,0.0560000017285347,0.05700000002980232,0.0560000017285347,0.05700000002980232,0.05700000002980232,60000
2019-01-17,0.0560000017285347,0.0560000017285347,0.0560000017285347,0.0560000017285347,0.0560000017285347,0
2019-01-18,0.05299999937415123,0.0560000017285347,0.050999999046325684,0.052000001072883606,0.052000001072883606,1000000
2019-01-21,0.05299999937415123,0.054999999701976776,0.052000001072883606,0.05299999937415123,0.05299999937415123,1440000
2019-01-22,0.0560000017285347,0.0560000017285347,0.052000001072883606,0.052000001072883606,0.052000001072883606,590890
2019-01-23,0.050999999046325684,0.052000001072883606,0.050999999046325684,0.052000001072883606,0.052000001072883606,340000
2019-01-24,0.050999999046325684,0.05299999937415123,0.050999999046325684,0.05299999937415123,0.05299999937415123,280000
2019-01-25,0.05299999937415123,0.05299999937415123,0.05299999937415123,0.05299999937415123,0.05299999937415123,0
2019-01-28,0.05700000002980232,0.05900000035762787,0.05400000140070915,0.054999999701976776,0.054999999701976776,280000
2019-01-29,0.050999999046325684,0.054999999701976776,0.050999999046325684,0.054999999701976776,0.054999999701976776,200000
2019-01-30,0.057999998331069946,0.057999998331069946,0.054999999701976776,0.05700000002980232,0.05700000002980232,620000
2019-01-31,0.05299999937415123,0.05700000002980232,0.052000001072883606,0.054999999701976776,0.054999999701976776,3480000
2019-02-01,0.05700000002980232,0.0689999982714653,0.054999999701976776,0.05700000002980232,0.05700000002980232,10870000
2019-02-04,0.052000001072883606,0.05400000140070915,0.050999999046325684,0.05400000140070915,0.05400000140070915,1065000
2019-02-08,0.05400000140070915,0.057999998331069946,0.05400000140070915,0.0560000017285347,0.0560000017285347,2580000
2019-02-11,0.05400000140070915,0.054999999701976776,0.050999999046325684,0.05400000140070915,0.05400000140070915,2900000
2019-02-12,0.05700000002980232,0.05700000002980232,0.05299999937415123,0.05299999937415123,0.05299999937415123,1120000
2019-02-13,0.054999999701976776,0.054999999701976776,0.05400000140070915,0.05400000140070915,0.05400000140070915,300000
2019-02-14,0.05400000140070915,0.0560000017285347,0.052000001072883606,0.054999999701976776,0.054999999701976776,1940000
2019-02-15,0.05299999937415123,0.054999999701976776,0.05299999937415123,0.05400000140070915,0.05400000140070915,280000
2019-02-18,0.054999999701976776,0.057999998331069946,0.054999999701976776,0.05700000002980232,0.05700000002980232,1800000
2019-02-19,0.0560000017285347,0.05700000002980232,0.05400000140070915,0.05700000002980232,0.05700000002980232,720000
2019-02-20,0.06199999898672104,0.06199999898672104,0.0560000017285347,0.0560000017285347,0.0560000017285347,1420000
2019-02-21,0.05999999865889549,0.05999999865889549,0.05900000035762787,0.057999998331069946,0.057999998331069946,60000
2019-02-22,0.05700000002980232,0.05900000035762787,0.0560000017285347,0.05700000002980232,0.05700000002980232,780000
2019-02-25,0.0560000017285347,0.05900000035762787,0.054999999701976776,0.05900000035762787,0.05900000035762787,3980000
2019-02-26,0.05999999865889549,0.061000000685453415,0.05400000140070915,0.057999998331069946,0.057999998331069946,3620000
2019-02-27,0.054999999701976776,0.057999998331069946,0.054999999701976776,0.057999998331069946,0.057999998331069946,480000
2019-02-28,0.054999999701976776,0.05700000002980232,0.054999999701976776,0.05700000002980232,0.05700000002980232,300000
2019-03-01,0.0560000017285347,0.05700000002980232,0.0560000017285347,0.05700000002980232,0.05700000002980232,340000
2019-03-04,0.05900000035762787,0.05900000035762787,0.0560000017285347,0.05900000035762787,0.05900000035762787,280000
2019-03-05,0.05900000035762787,0.061000000685453415,0.0560000017285347,0.05700000002980232,0.05700000002980232,960000
2019-03-06,0.05999999865889549,0.05999999865889549,0.057999998331069946,0.057999998331069946,0.057999998331069946,60000
2019-03-07,0.05700000002980232,0.06499999761581421,0.0560000017285347,0.05999999865889549,0.05999999865889549,5260000
2019-03-08,0.06400000303983688,0.06400000303983688,0.05700000002980232,0.057999998331069946,0.057999998331069946,440000
2019-03-11,0.06199999898672104,0.06199999898672104,0.05900000035762787,0.05900000035762787,0.05900000035762787,40000
2019-03-12,0.05700000002980232,0.05999999865889549,0.05700000002980232,0.05999999865889549,0.05999999865889549,1380000
2019-03-13,0.05700000002980232,0.05900000035762787,0.05400000140070915,0.0560000017285347,0.0560000017285347,5120000
2019-03-14,0.0560000017285347,0.0560000017285347,0.0560000017285347,0.0560000017285347,0.0560000017285347,0
2019-03-15,0.054999999701976776,0.057999998331069946,0.054999999701976776,0.05700000002980232,0.05700000002980232,1160000
2019-03-18,0.0560000017285347,0.057999998331069946,0.05400000140070915,0.0560000017285347,0.0560000017285347,1165000
2019-03-19,0.054999999701976776,0.0560000017285347,0.04899999871850014,0.05400000140070915,0.05400000140070915,7660000
2019-03-20,0.050999999046325684,0.05400000140070915,0.05000000074505806,0.05400000140070915,0.05400000140070915,4080000
2019-03-21,0.05000000074505806,0.05299999937415123,0.05000000074505806,0.052000001072883606,0.052000001072883606,172500
2019-03-22,0.05299999937415123,0.054999999701976776,0.05299999937415123,0.05400000140070915,0.05400000140070915,540000
2019-03-25,0.05400000140070915,0.054999999701976776,0.052000001072883606,0.05400000140070915,0.05400000140070915,585000
2019-03-26,0.054999999701976776,0.054999999701976776,0.052000001072883606,0.05400000140070915,0.05400000140070915,240000
2019-03-27,0.05400000140070915,0.05400000140070915,0.05299999937415123,0.05400000140070915,0.05400000140070915,1660000
2019-03-28,0.052000001072883606,0.0560000017285347,0.052000001072883606,0.054999999701976776,0.054999999701976776,100000
2019-03-29,0.05299999937415123,0.054999999701976776,0.052000001072883606,0.05400000140070915,0.05400000140070915,180000
2019-04-01,0.05999999865889549,0.05999999865889549,0.054999999701976776,0.0560000017285347,0.0560000017285347,8940000
2019-04-02,0.054999999701976776,0.057999998331069946,0.05299999937415123,0.05700000002980232,0.05700000002980232,1100000
2019-04-03,0.05400000140070915,0.05700000002980232,0.05299999937415123,0.0560000017285347,0.0560000017285347,970000
2019-04-04,0.05700000002980232,0.057999998331069946,0.0560000017285347,0.05700000002980232,0.05700000002980232,1780000
2019-04-08,0.0560000017285347,0.0560000017285347,0.0560000017285347,0.0560000017285347,0.0560000017285347,0
2019-04-09,0.05299999937415123,0.0560000017285347,0.05299999937415123,0.0560000017285347,0.0560000017285347,687000
2019-04-10,0.05299999937415123,0.054999999701976776,0.052000001072883606,0.054999999701976776,0.054999999701976776,460000
2019-04-11,0.052000001072883606,0.05400000140070915,0.050999999046325684,0.05299999937415123,0.05299999937415123,3560000
2019-04-12,0.05299999937415123,0.05299999937415123,0.05299999937415123,0.05299999937415123,0.05299999937415123,0
2019-04-15,0.05299999937415123,0.05400000140070915,0.05000000074505806,0.052000001072883606,0.052000001072883606,3810000
2019-04-16,0.05299999937415123,0.05900000035762787,0.052000001072883606,0.05400000140070915,0.05400000140070915,3320000
2019-04-17,0.05299999937415123,0.054999999701976776,0.052000001072883606,0.054999999701976776,0.054999999701976776,100000
2019-04-18,0.05299999937415123,0.054999999701976776,0.05299999937415123,0.054999999701976776,0.054999999701976776,440000
2019-04-23,0.054999999701976776,0.054999999701976776,0.05299999937415123,0.05400000140070915,0.05400000140070915,1920000
2019-04-24,0.05299999937415123,0.05700000002980232,0.05299999937415123,0.054999999701976776,0.054999999701976776,5500000
2019-04-25,0.054999999701976776,0.054999999701976776,0.052000001072883606,0.05299999937415123,0.05299999937415123,2860000
2019-04-26,0.05299999937415123,0.05400000140070915,0.05299999937415123,0.05400000140070915,0.05400000140070915,140000
2019-04-29,0.05400000140070915,0.054999999701976776,0.05299999937415123,0.054999999701976776,0.054999999701976776,380000
2019-04-30,0.05299999937415123,0.05400000140070915,0.05299999937415123,0.05400000140070915,0.05400000140070915,360000
2019-05-02,0.05400000140070915,0.05400000140070915,0.052000001072883606,0.05400000140070915,0.05400000140070915,1426500
2019-05-03,0.05299999937415123,0.05299999937415123,0.052000001072883606,0.052000001072883606,0.052000001072883606,1360000
2019-05-06,0.052000001072883606,0.05299999937415123,0.05000000074505806,0.05299999937415123,0.05299999937415123,2900000
2019-05-07,0.052000001072883606,0.05299999937415123,0.05000000074505806,0.050999999046325684,0.050999999046325684,2600000
2019-05-08,0.05000000074505806,0.050999999046325684,0.04899999871850014,0.050999999046325684,0.050999999046325684,1540000
2019-05-09,0.04899999871850014,0.05000000074505806,0.04899999871850014,0.05000000074505806,0.05000000074505806,820000
2019-05-10,0.05000000074505806,0.05400000140070915,0.04899999871850014,0.05000000074505806,0.05000000074505806,1120000
2019-05-14,0.05000000074505806,0.052000001072883606,0.05000000074505806,0.05000000074505806,0.05000000074505806,1440000
2019-05-15,0.05400000140070915,0.054999999701976776,0.05299999937415123,0.05400000140070915,0.05400000140070915,400000
2019-05-16,0.050999999046325684,0.05299999937415123,0.05000000074505806,0.052000001072883606,0.052000001072883606,200000
2019-05-17,0.0560000017285347,0.0560000017285347,0.050999999046325684,0.052000001072883606,0.052000001072883606,1280000
2019-05-20,0.052000001072883606,0.052000001072883606,0.052000001072883606,0.052000001072883606,0.052000001072883606,0
2019-05-21,0.052000001072883606,0.052000001072883606,0.052000001072883606,0.052000001072883606,0.052000001072883606,0
2019-05-22,0.052000001072883606,0.052000001072883606,0.052000001072883606,0.052000001072883606,0.052000001072883606,0
2019-05-23,0.052000001072883606,0.052000001072883606,0.052000001072883606,0.052000001072883606,0.052000001072883606,0
2019-05-24,0.0560000017285347,0.054999999701976776,0.054999999701976776,0.05400000140070915,0.05400000140070915,40000
2019-05-27,0.05000000074505806,0.0560000017285347,0.05000000074505806,0.05400000140070915,0.05400000140070915,220000
2019-05-28,0.050999999046325684,0.052000001072883606,0.05000000074505806,0.052000001072883606,0.052000001072883606,360000
2019-05-29,0.052000001072883606,0.052000001072883606,0.052000001072883606,0.052000001072883606,0.052000001072883606,0
2019-05-30,0.04899999871850014,0.052000001072883606,0.04899999871850014,0.050999999046325684,0.050999999046325684,300000
2019-05-31,0.04800000041723251,0.052000001072883606,0.04800000041723251,0.050999999046325684,0.050999999046325684,860000
2019-06-03,0.050999999046325684,0.050999999046325684,0.050999999046325684,0.050999999046325684,0.050999999046325684,0
2019-06-04,0.04800000041723251,0.050999999046325684,0.04800000041723251,0.05000000074505806,0.05000000074505806,940000
2019-06-05,0.05000000074505806,0.052000001072883606,0.04899999871850014,0.052000001072883606,0.052000001072883606,520000
2019-06-06,0.05000000074505806,0.05000000074505806,0.04699999839067459,0.04899999871850014,0.04899999871850014,1220000
2019-06-10,0.05000000074505806,0.05000000074505806,0.05000000074505806,0.05000000074505806,0.05000000074505806,0
2019-06-11,0.04899999871850014,0.05000000074505806,0.04800000041723251,0.04899999871850014,0.04899999871850014,1160000
2019-06-12,0.04699999839067459,0.05000000074505806,0.04699999839067459,0.04899999871850014,0.04899999871850014,200000
2019-06-13,0.04699999839067459,0.04899999871850014,0.04699999839067459,0.04899999871850014,0.04899999871850014,40000
2019-06-14,0.04600000008940697,0.052000001072883606,0.04600000008940697,0.05000000074505806,0.05000000074505806,1160000
2019-06-17,0.04800000041723251,0.04899999871850014,0.04699999839067459,0.04800000041723251,0.04800000041723251,1000000
2019-06-18,0.04899999871850014,0.04899999871850014,0.04699999839067459,0.04899999871850014,0.04899999871850014,240000
2019-06-19,0.04699999839067459,0.04899999871850014,0.04699999839067459,0.04699999839067459,0.04699999839067459,1100000
2019-06-20,0.04699999839067459,0.04800000041723251,0.04699999839067459,0.04800000041723251,0.04800000041723251,460000
2019-06-21,0.04600000008940697,0.04800000041723251,0.04600000008940697,0.04800000041723251,0.04800000041723251,320000
2019-06-24,0.04399999976158142,0.04699999839067459,0.04399999976158142,0.04699999839067459,0.04699999839067459,1900000
2019-06-25,0.04600000008940697,0.04800000041723251,0.04600000008940697,0.04600000008940697,0.04600000008940697,300000
2019-06-26,0.04500000178813934,0.04500000178813934,0.041999999433755875,0.04399999976158142,0.04399999976158142,2179000
2019-06-27,0.04100000113248825,0.04100000113248825,0.03799999877810478,0.039000000804662704,0.039000000804662704,2280000
2019-06-28,0.03799999877810478,0.041999999433755875,0.03799999877810478,0.041999999433755875,0.041999999433755875,2060000
2019-07-02,0.041999999433755875,0.041999999433755875,0.041999999433755875,0.041999999433755875,0.041999999433755875,0
2019-07-03,0.039000000804662704,0.04399999976158142,0.039000000804662704,0.03999999910593033,0.03999999910593033,603000
2019-07-04,0.04100000113248825,0.04600000008940697,0.03999999910593033,0.04500000178813934,0.04500000178813934,617000
2019-07-05,0.0430000014603138,0.0430000014603138,0.04100000113248825,0.04100000113248825,0.04100000113248825,1400000
2019-07-08,0.04100000113248825,0.04100000113248825,0.03799999877810478,0.03999999910593033,0.03999999910593033,860000
2019-07-09,0.03799999877810478,0.03999999910593033,0.035999998450279236,0.03999999910593033,0.03999999910593033,2680000
2019-07-10,0.03999999910593033,0.041999999433755875,0.03999999910593033,0.03999999910593033,0.03999999910593033,660000
2019-07-11,0.04100000113248825,0.041999999433755875,0.039000000804662704,0.041999999433755875,0.041999999433755875,680000
2019-07-12,0.04100000113248825,0.04500000178813934,0.03700000047683716,0.04100000113248825,0.04100000113248825,880000
2019-07-15,0.04100000113248825,0.041999999433755875,0.04100000113248825,0.039000000804662704,0.039000000804662704,740000
2019-07-16,0.039000000804662704,0.04100000113248825,0.03799999877810478,0.039000000804662704,0.039000000804662704,880000
2019-07-17,0.03799999877810478,0.03999999910593033,0.03799999877810478,0.039000000804662704,0.039000000804662704,665000
2019-07-18,0.03799999877810478,0.04399999976158142,0.03799999877810478,0.039000000804662704,0.039000000804662704,740000
2019-07-19,0.03799999877810478,0.04100000113248825,0.04100000113248825,0.04100000113248825,0.04100000113248825,80000
2019-07-22,0.03799999877810478,0.041999999433755875,0.03799999877810478,0.041999999433755875,0.041999999433755875,1120000
2019-07-23,0.039000000804662704,0.0430000014603138,0.039000000804662704,0.0430000014603138,0.0430000014603138,230000
2019-07-24,0.04100000113248825,0.04100000113248825,0.04100000113248825,0.04100000113248825,0.04100000113248825,0
2019-07-25,0.039000000804662704,0.04699999839067459,0.039000000804662704,0.03999999910593033,0.03999999910593033,549000
2019-07-26,0.0430000014603138,0.0430000014603138,0.0430000014603138,0.0430000014603138,0.0430000014603138,0
2019-07-29,0.04600000008940697,0.04600000008940697,0.04600000008940697,0.04600000008940697,0.04600000008940697,0
2019-07-30,0.04100000113248825,0.04600000008940697,0.04100000113248825,0.0430000014603138,0.0430000014603138,520000
2019-07-31,0.0430000014603138,0.0430000014603138,0.0430000014603138,0.0430000014603138,0.0430000014603138,0
2019-08-01,0.04100000113248825,0.04399999976158142,0.03799999877810478,0.039000000804662704,0.039000000804662704,2380000
2019-08-02,0.03799999877810478,0.039000000804662704,0.035999998450279236,0.03799999877810478,0.03799999877810478,5960000
2019-08-05,0.03799999877810478,0.03999999910593033,0.028999999165534973,0.029999999329447746,0.029999999329447746,7700000
2019-08-06,0.029999999329447746,0.03400000184774399,0.029999999329447746,0.032999999821186066,0.032999999821186066,6440000
2019-08-07,0.032999999821186066,0.03700000047683716,0.032999999821186066,0.03400000184774399,0.03400000184774399,1040000
2019-08-08,0.03099999949336052,0.03700000047683716,0.03099999949336052,0.03400000184774399,0.03400000184774399,1020000
2019-08-09,0.03500000014901161,0.03500000014901161,0.028999999165534973,0.03099999949336052,0.03099999949336052,3120000
2019-08-12,0.03099999949336052,0.03099999949336052,0.03099999949336052,0.03099999949336052,0.03099999949336052,0
2019-08-13,0.03099999949336052,0.03099999949336052,0.028999999165534973,0.028999999165534973,0.028999999165534973,1720000
2019-08-14,0.028999999165534973,0.03400000184774399,0.028999999165534973,0.029999999329447746,0.029999999329447746,3820000
2019-08-15,0.028999999165534973,0.03099999949336052,0.028999999165534973,0.03099999949336052,0.03099999949336052,760000
2019-08-16,0.029999999329447746,0.03200000151991844,0.028999999165534973,0.029999999329447746,0.029999999329447746,6700000
2019-08-19,0.028999999165534973,0.03099999949336052,0.028999999165534973,0.03099999949336052,0.03099999949336052,80000
2019-08-20,0.03099999949336052,0.03200000151991844,0.03099999949336052,0.03200000151991844,0.03200000151991844,200000
2019-08-21,0.032999999821186066,0.032999999821186066,0.032999999821186066,0.032999999821186066,0.032999999821186066,0
2019-08-22,0.032999999821186066,0.032999999821186066,0.032999999821186066,0.032999999821186066,0.032999999821186066,0
2019-08-23,0.032999999821186066,0.032999999821186066,0.032999999821186066,0.032999999821186066,0.032999999821186066,220000
2019-08-26,0.032999999821186066,0.03400000184774399,0.03200000151991844,0.03400000184774399,0.03400000184774399,2480000
2019-08-27,0.03400000184774399,0.03400000184774399,0.03400000184774399,0.03400000184774399,0.03400000184774399,0
2019-08-28,0.029999999329447746,0.03200000151991844,0.029999999329447746,0.029999999329447746,0.029999999329447746,720000
2019-08-29,0.03200000151991844,0.03200000151991844,0.03099999949336052,0.03099999949336052,0.03099999949336052,140000
2019-08-30,0.03099999949336052,0.03099999949336052,0.03099999949336052,0.03099999949336052,0.03099999949336052,0
2019-09-02,0.03099999949336052,0.03400000184774399,0.03099999949336052,0.03400000184774399,0.03400000184774399,120000
2019-09-03,0.032999999821186066,0.032999999821186066,0.032999999821186066,0.032999999821186066,0.032999999821186066,0
2019-09-04,0.03099999949336052,0.03400000184774399,0.03099999949336052,0.032999999821186066,0.032999999821186066,660000
2019-09-05,0.032999999821186066,0.032999999821186066,0.032999999821186066,0.032999999821186066,0.032999999821186066,0
2019-09-06,0.032999999821186066,0.032999999821186066,0.032999999821186066,0.032999999821186066,0.032999999821186066,0
2019-09-09,0.032999999821186066,0.032999999821186066,0.032999999821186066,0.032999999821186066,0.032999999821186066,920000
2019-09-10,0.03200000151991844,0.03200000151991844,0.03200000151991844,0.03200000151991844,0.03200000151991844,0
2019-09-11,0.029999999329447746,0.03200000151991844,0.028999999165534973,0.03200000151991844,0.03200000151991844,1200000
2019-09-12,0.032999999821186066,0.032999999821186066,0.032999999821186066,0.032999999821186066,0.032999999821186066,500000
2019-09-13,0.032999999821186066,0.032999999821186066,0.032999999821186066,0.032999999821186066,0.032999999821186066,0
2019-09-16,0.032999999821186066,0.032999999821186066,0.032999999821186066,0.032999999821186066,0.032999999821186066,0
2019-09-17,0.032999999821186066,0.04899999871850014,0.032999999821186066,0.03500000014901161,0.03500000014901161,7340000
2019-09-18,0.03200000151991844,0.032999999821186066,0.03200000151991844,0.03200000151991844,0.03200000151991844,380000
2019-09-19,0.03200000151991844,0.03200000151991844,0.03200000151991844,0.032999999821186066,0.032999999821186066,200000
2019-09-20,0.032999999821186066,0.032999999821186066,0.032999999821186066,0.032999999821186066,0.032999999821186066,0
2019-09-23,0.032999999821186066,0.032999999821186066,0.032999999821186066,0.032999999821186066,0.032999999821186066,0
2019-09-24,0.03200000151991844,0.03200000151991844,0.03200000151991844,0.03200000151991844,0.03200000151991844,40000
2019-09-25,0.03200000151991844,0.03200000151991844,0.03200000151991844,0.03200000151991844,0.03200000151991844,0
2019-09-26,0.03200000151991844,0.03200000151991844,0.03200000151991844,0.03200000151991844,0.03200000151991844,0
2019-09-27,0.03400000184774399,0.03400000184774399,0.03400000184774399,0.03400000184774399,0.03400000184774399,0
2019-09-30,0.03500000014901161,0.03500000014901161,0.03099999949336052,0.03200000151991844,0.03200000151991844,440000
2019-10-02,0.03200000151991844,0.03200000151991844,0.03200000151991844,0.03200000151991844,0.03200000151991844,0
2019-10-03,0.03099999949336052,0.03099999949336052,0.03099999949336052,0.03200000151991844,0.03200000151991844,230000
2019-10-04,0.03500000014901161,0.03500000014901161,0.03200000151991844,0.03200000151991844,0.03200000151991844,420000
2019-10-08,0.03200000151991844,0.03200000151991844,0.03200000151991844,0.03200000151991844,0.03200000151991844,680000
2019-10-09,0.029999999329447746,0.03799999877810478,0.029999999329447746,0.03799999877810478,0.03799999877810478,3540000
2019-10-10,0.032999999821186066,0.032999999821186066,0.032999999821186066,0.032999999821186066,0.032999999821186066,0
2019-10-11,0.03099999949336052,0.03099999949336052,0.03099999949336052,0.03200000151991844,0.03200000151991844,40000
2019-10-14,0.03099999949336052,0.03099999949336052,0.029999999329447746,0.029999999329447746,0.029999999329447746,1260000
2019-10-15,0.029999999329447746,0.029999999329447746,0.029999999329447746,0.029999999329447746,0.029999999329447746,120000
2019-10-16,0.03099999949336052,0.03200000151991844,0.02800000086426735,0.03200000151991844,0.03200000151991844,3720000
2019-10-17,0.029999999329447746,0.029999999329447746,0.028999999165534973,0.029999999329447746,0.029999999329447746,360000
2019-10-18,0.03099999949336052,0.03099999949336052,0.03099999949336052,0.03099999949336052,0.03099999949336052,60000
2019-10-21,0.028999999165534973,0.029999999329447746,0.028999999165534973,0.028999999165534973,0.028999999165534973,1600000
2019-10-22,0.028999999165534973,0.029999999329447746,0.02800000086426735,0.029999999329447746,0.029999999329447746,1660000
2019-10-23,0.02800000086426735,0.029999999329447746,0.027000000700354576,0.029999999329447746,0.029999999329447746,5260000
2019-10-24,0.028999999165534973,0.03099999949336052,0.028999999165534973,0.03099999949336052,0.03099999949336052,1760000
2019-10-25,0.03099999949336052,0.03099999949336052,0.03099999949336052,0.03099999949336052,0.03099999949336052,20000
2019-10-28,0.029999999329447746,0.029999999329447746,0.029999999329447746,0.029999999329447746,0.029999999329447746,0
2019-10-29,0.029999999329447746,0.03200000151991844,0.029999999329447746,0.03200000151991844,0.03200000151991844,40000
2019-10-30,0.03200000151991844,0.03200000151991844,0.029999999329447746,0.029999999329447746,0.029999999329447746,135000
2019-10-31,0.03200000151991844,0.03200000151991844,0.02800000086426735,0.02800000086426735,0.02800000086426735,2200000
2019-11-01,0.028999999165534973,0.028999999165534973,0.028999999165534973,0.028999999165534973,0.028999999165534973,460000
2019-11-04,0.029999999329447746,0.03099999949336052,0.029999999329447746,0.03099999949336052,0.03099999949336052,1000000
2019-11-05,0.03099999949336052,0.03099999949336052,0.029999999329447746,0.029999999329447746,0.029999999329447746,2220000
2019-11-06,0.029999999329447746,0.029999999329447746,0.029999999329447746,0.029999999329447746,0.029999999329447746,0
2019-11-07,0.029999999329447746,0.029999999329447746,0.029999999329447746,0.029999999329447746,0.029999999329447746,0
2019-11-08,0.032999999821186066,0.03400000184774399,0.029999999329447746,0.029999999329447746,0.029999999329447746,5380000
2019-11-11,0.029999999329447746,0.03099999949336052,0.029999999329447746,0.03200000151991844,0.03200000151991844,840000
2019-11-12,0.03099999949336052,0.03099999949336052,0.03099999949336052,0.03099999949336052,0.03099999949336052,0
2019-11-13,0.029999999329447746,0.03200000151991844,0.029999999329447746,0.03200000151991844,0.03200000151991844,520000
2019-11-14,0.03099999949336052,0.03099999949336052,0.03099999949336052,0.03099999949336052,0.03099999949336052,2000000
2019-11-15,0.03099999949336052,0.03099999949336052,0.03099999949336052,0.03099999949336052,0.03099999949336052,0
2019-11-18,0.03099999949336052,0.03099999949336052,0.03099999949336052,0.03099999949336052,0.03099999949336052,900000
2019-11-19,0.029999999329447746,0.029999999329447746,0.029999999329447746,0.029999999329447746,0.029999999329447746,30000
2019-11-20,0.029999999329447746,0.03099999949336052,0.029999999329447746,0.03099999949336052,0.03099999949336052,520000
2019-11-21,0.028999999165534973,0.028999999165534973,0.028999999165534973,0.029999999329447746,0.029999999329447746,100000
2019-11-22,0.029999999329447746,0.03099999949336052,0.029999999329447746,0.03099999949336052,0.03099999949336052,440000
2019-11-25,0.03099999949336052,0.03099999949336052,0.03099999949336052,0.03099999949336052,0.03099999949336052,0
2019-11-26,0.028999999165534973,0.028999999165534973,0.028999999165534973,0.028999999165534973,0.028999999165534973,40000
2019-11-27,0.028999999165534973,0.028999999165534973,0.028999999165534973,0.028999999165534973,0.028999999165534973,1000000
2019-11-28,0.029999999329447746,0.03500000014901161,0.029999999329447746,0.03400000184774399,0.03400000184774399,6420000
2019-11-29,0.03500000014901161,0.035999998450279236,0.032999999821186066,0.03400000184774399,0.03400000184774399,1820000
2019-12-02,0.03400000184774399,0.03400000184774399,0.03400000184774399,0.03400000184774399,0.03400000184774399,0
2019-12-03,0.03099999949336052,0.03099999949336052,0.03099999949336052,0.03099999949336052,0.03099999949336052,160000
2019-12-04,0.03200000151991844,0.03200000151991844,0.029999999329447746,0.03099999949336052,0.03099999949336052,2660000
2019-12-05,0.03099999949336052,0.03099999949336052,0.03099999949336052,0.03099999949336052,0.03099999949336052,0
2019-12-06,0.03099999949336052,0.03099999949336052,0.03099999949336052,0.03099999949336052,0.03099999949336052,0
2019-12-09,0.029999999329447746,0.029999999329447746,0.027000000700354576,0.027000000700354576,0.027000000700354576,3500000
2019-12-10,0.02800000086426735,0.02800000086426735,0.02800000086426735,0.02800000086426735,0.02800000086426735,0
2019-12-11,0.029999999329447746,0.029999999329447746,0.029999999329447746,0.029999999329447746,0.029999999329447746,200000
2019-12-12,0.03099999949336052,0.03200000151991844,0.028999999165534973,0.028999999165534973,0.028999999165534973,4300000
2019-12-13,0.028999999165534973,0.029999999329447746,0.028999999165534973,0.028999999165534973,0.028999999165534973,880000
2019-12-16,0.028999999165534973,0.029999999329447746,0.028999999165534973,0.028999999165534973,0.028999999165534973,1000000
2019-12-17,0.028999999165534973,0.028999999165534973,0.028999999165534973,0.028999999165534973,0.028999999165534973,0
2019-12-18,0.028999999165534973,0.029999999329447746,0.027000000700354576,0.029999999329447746,0.029999999329447746,5040000
2019-12-19,0.03099999949336052,0.03099999949336052,0.028999999165534973,0.028999999165534973,0.028999999165534973,1300000
2019-12-20,0.028999999165534973,0.03099999949336052,0.028999999165534973,0.03099999949336052,0.03099999949336052,2760000
2019-12-23,0.032999999821186066,0.032999999821186066,0.029999999329447746,0.029999999329447746,0.029999999329447746,800000
2019-12-24,0.029999999329447746,0.029999999329447746,0.029999999329447746,0.029999999329447746,0.029999999329447746,0
2019-12-27,0.028999999165534973,0.03099999949336052,0.028999999165534973,0.03099999949336052,0.03099999949336052,400000
2019-12-30,0.03099999949336052,0.03099999949336052,0.03099999949336052,0.03099999949336052,0.03099999949336052,0
2019-12-31,0.03099999949336052,0.03099999949336052,0.029999999329447746,0.029999999329447746,0.029999999329447746,340000
2020-01-02,0.029999999329447746,0.029999999329447746,0.029999999329447746,0.029999999329447746,0.029999999329447746,320000
2020-01-03,0.032999999821186066,0.032999999821186066,0.03200000151991844,0.03200000151991844,0.03200000151991844,2965000
2020-01-06,0.032999999821186066,0.03400000184774399,0.032999999821186066,0.032999999821186066,0.032999999821186066,3720000
2020-01-07,0.03400000184774399,0.03799999877810478,0.032999999821186066,0.03500000014901161,0.03500000014901161,4240000
2020-01-08,0.03500000014901161,0.03500000014901161,0.03500000014901161,0.03500000014901161,0.03500000014901161,4200000
2020-01-09,0.03500000014901161,0.035999998450279236,0.03500000014901161,0.03500000014901161,0.03500000014901161,4280000
2020-01-10,0.03700000047683716,0.041999999433755875,0.03500000014901161,0.041999999433755875,0.041999999433755875,18715000
2020-01-13,0.0430000014603138,0.054999999701976776,0.039000000804662704,0.05000000074505806,0.05000000074505806,40680000
2020-01-14,0.05400000140070915,0.05400000140070915,0.04500000178813934,0.04800000041723251,0.04800000041723251,18300000
2020-01-15,0.04800000041723251,0.04800000041723251,0.04399999976158142,0.04500000178813934,0.04500000178813934,5780000
2020-01-16,0.0430000014603138,0.04699999839067459,0.041999999433755875,0.04500000178813934,0.04500000178813934,4060000
2020-01-17,0.041999999433755875,0.04600000008940697,0.041999999433755875,0.04600000008940697,0.04600000008940697,1420000
2020-01-20,0.04500000178813934,0.04699999839067459,0.04500000178813934,0.04600000008940697,0.04600000008940697,460000
2020-01-21,0.0430000014603138,0.04600000008940697,0.03799999877810478,0.039000000804662704,0.039000000804662704,5120000
2020-01-22,0.039000000804662704,0.039000000804662704,0.039000000804662704,0.039000000804662704,0.039000000804662704,0
2020-01-23,0.04600000008940697,0.04899999871850014,0.04600000008940697,0.04699999839067459,0.04699999839067459,4760000
2020-01-24,0.04699999839067459,0.04699999839067459,0.04699999839067459,0.04699999839067459,0.04699999839067459,0
2020-01-29,0.04699999839067459,0.04899999871850014,0.04699999839067459,0.04899999871850014,0.04899999871850014,2040000
2020-01-30,0.04899999871850014,0.04899999871850014,0.04600000008940697,0.04800000041723251,0.04800000041723251,540000
2020-01-31,0.04800000041723251,0.04800000041723251,0.04800000041723251,0.04800000041723251,0.04800000041723251,0
2020-02-03,0.04800000041723251,0.04899999871850014,0.039000000804662704,0.04100000113248825,0.04100000113248825,2460000
2020-02-04,0.04399999976158142,0.04800000041723251,0.04399999976158142,0.04399999976158142,0.04399999976158142,1660000
2020-02-05,0.04899999871850014,0.04899999871850014,0.04500000178813934,0.04899999871850014,0.04899999871850014,4180000
2020-02-06,0.04899999871850014,0.04899999871850014,0.04899999871850014,0.04899999871850014,0.04899999871850014,0
2020-02-07,0.04899999871850014,0.04899999871850014,0.04800000041723251,0.04800000041723251,0.04800000041723251,400000
2020-02-10,0.04800000041723251,0.04800000041723251,0.04800000041723251,0.04800000041723251,0.04800000041723251,0
2020-02-11,0.04600000008940697,0.04800000041723251,0.035999998450279236,0.041999999433755875,0.041999999433755875,6240000
2020-02-12,0.041999999433755875,0.04899999871850014,0.041999999433755875,0.04800000041723251,0.04800000041723251,880000
2020-02-13,0.04800000041723251,0.04800000041723251,0.04800000041723251,0.04800000041723251,0.04800000041723251,0
2020-02-14,0.04800000041723251,0.04800000041723251,0.04500000178813934,0.04500000178813934,0.04500000178813934,80000
2020-02-17,0.04500000178813934,0.04500000178813934,0.04500000178813934,0.04500000178813934,0.04500000178813934,0
2020-02-18,0.04600000008940697,0.04899999871850014,0.04600000008940697,0.04699999839067459,0.04699999839067459,1000000
2020-02-19,0.04699999839067459,0.04699999839067459,0.04699999839067459,0.04699999839067459,0.04699999839067459,0
2020-02-20,0.04699999839067459,0.05000000074505806,0.04500000178813934,0.05000000074505806,0.05000000074505806,2360000
2020-02-21,0.04800000041723251,0.05000000074505806,0.04600000008940697,0.04899999871850014,0.04899999871850014,2720000
2020-02-24,0.04899999871850014,0.04899999871850014,0.04899999871850014,0.04899999871850014,0.04899999871850014,0
2020-02-25,0.04899999871850014,0.04899999871850014,0.04899999871850014,0.04899999871850014,0.04899999871850014,0
2020-02-26,0.04399999976158142,0.04399999976158142,0.04399999976158142,0.04500000178813934,0.04500000178813934,40000
2020-02-27,0.04500000178813934,0.04500000178813934,0.04399999976158142,0.04399999976158142,0.04399999976158142,800000
2020-02-28,0.04500000178813934,0.04500000178813934,0.04100000113248825,0.04500000178813934,0.04500000178813934,7860000
2020-03-02,0.04500000178813934,0.04800000041723251,0.04500000178813934,0.04500000178813934,0.04500000178813934,660000
2020-03-03,0.04500000178813934,0.04500000178813934,0.04500000178813934,0.04500000178813934,0.04500000178813934,0
2020-03-04,0.04500000178813934,0.04500000178813934,0.04500000178813934,0.04500000178813934,0.04500000178813934,0
2020-03-05,0.04600000008940697,0.04600000008940697,0.041999999433755875,0.04500000178813934,0.04500000178813934,200000
2020-03-06,0.04500000178813934,0.04500000178813934,0.0430000014603138,0.0430000014603138,0.0430000014603138,1920000
2020-03-09,0.041999999433755875,0.0430000014603138,0.039000000804662704,0.0430000014603138,0.0430000014603138,240000
2020-03-10,0.0430000014603138,0.0430000014603138,0.0430000014603138,0.0430000014603138,0.0430000014603138,0
2020-03-11,0.04600000008940697,0.04600000008940697,0.04500000178813934,0.04500000178813934,0.04500000178813934,2680000
2020-03-12,0.04500000178813934,0.04800000041723251,0.04500000178813934,0.04800000041723251,0.04800000041723251,1640000
2020-03-13,0.04500000178813934,0.04500000178813934,0.04500000178813934,0.04500000178813934,0.04500000178813934,2900000
2020-03-16,0.04100000113248825,0.04399999976158142,0.03999999910593033,0.04399999976158142,0.04399999976158142,1780000
2020-03-17,0.04399999976158142,0.04399999976158142,0.04399999976158142,0.04399999976158142,0.04399999976158142,0
2020-03-18,0.03999999910593033,0.03999999910593033,0.03999999910593033,0.03999999910593033,0.03999999910593033,200000
2020-03-19,0.03500000014901161,0.03799999877810478,0.03500000014901161,0.03799999877810478,0.03799999877810478,5900000
2020-03-20,0.03799999877810478,0.03799999877810478,0.029999999329447746,0.03200000151991844,0.03200000151991844,6380000
2020-03-23,0.03200000151991844,0.03400000184774399,0.03200000151991844,0.03400000184774399,0.03400000184774399,5089700
2020-03-24,0.03400000184774399,0.041999999433755875,0.03400000184774399,0.041999999433755875,0.041999999433755875,4120000
2020-03-25,0.039000000804662704,0.04699999839067459,0.039000000804662704,0.04399999976158142,0.04399999976158142,5520000
2020-03-26,0.04399999976158142,0.04699999839067459,0.04399999976158142,0.04399999976158142,0.04399999976158142,5540000
2020-03-27,0.04699999839067459,0.04699999839067459,0.0430000014603138,0.0430000014603138,0.0430000014603138,6700000
2020-03-30,0.0430000014603138,0.04699999839067459,0.0430000014603138,0.04600000008940697,0.04600000008940697,7380000
2020-03-31,0.04600000008940697,0.04600000008940697,0.04600000008940697,0.04600000008940697,0.04600000008940697,0
2020-04-01,0.04100000113248825,0.04600000008940697,0.03999999910593033,0.04600000008940697,0.04600000008940697,5980000
2020-04-02,0.03999999910593033,0.03999999910593033,0.03999999910593033,0.03999999910593033,0.03999999910593033,160000
2020-04-03,0.03999999910593033,0.04399999976158142,0.03999999910593033,0.041999999433755875,0.041999999433755875,3000000
2020-04-06,0.03999999910593033,0.0430000014603138,0.03999999910593033,0.0430000014603138,0.0430000014603138,200000
2020-04-07,0.0430000014603138,0.0430000014603138,0.041999999433755875,0.0430000014603138,0.0430000014603138,1440000
2020-04-08,0.0430000014603138,0.04399999976158142,0.0430000014603138,0.04399999976158142,0.04399999976158142,1040000
2020-04-09,0.04399999976158142,0.04399999976158142,0.04399999976158142,0.04399999976158142,0.04399999976158142,0
2020-04-14,0.04399999976158142,0.04399999976158142,0.04399999976158142,0.04399999976158142,0.04399999976158142,0
2020-04-15,0.04100000113248825,0.0430000014603138,0.03999999910593033,0.0430000014603138,0.0430000014603138,1940000
2020-04-16,0.0430000014603138,0.04500000178813934,0.0430000014603138,0.04500000178813934,0.04500000178813934,3000000
2020-04-17,0.04500000178813934,0.04699999839067459,0.04500000178813934,0.04600000008940697,0.04600000008940697,2600000
2020-04-20,0.04600000008940697,0.04600000008940697,0.04600000008940697,0.04600000008940697,0.04600000008940697,1140000
2020-04-21,0.04600000008940697,0.04699999839067459,0.04600000008940697,0.04600000008940697,0.04600000008940697,2621000
2020-04-22,0.04600000008940697,0.04600000008940697,0.04600000008940697,0.04600000008940697,0.04600000008940697,1620000
2020-04-23,0.04600000008940697,0.04600000008940697,0.04600000008940697,0.04600000008940697,0.04600000008940697,0
2020-04-24,0.04500000178813934,0.04699999839067459,0.04500000178813934,0.04600000008940697,0.04600000008940697,645000
2020-04-27,0.04699999839067459,0.04699999839067459,0.04699999839067459,0.04699999839067459,0.04699999839067459,0
2020-04-28,0.04500000178813934,0.04699999839067459,0.04500000178813934,0.04699999839067459,0.04699999839067459,4680000
2020-04-29,0.04500000178813934,0.04600000008940697,0.04500000178813934,0.04600000008940697,0.04600000008940697,260000
2020-05-04,0.04500000178813934,0.04500000178813934,0.04500000178813934,0.04500000178813934,0.04500000178813934,0
2020-05-05,0.04600000008940697,0.04800000041723251,0.04600000008940697,0.04800000041723251,0.04800000041723251,160000
2020-05-06,0.04500000178813934,0.04699999839067459,0.04500000178813934,0.04699999839067459,0.04699999839067459,5020000
2020-05-07,0.04699999839067459,0.04699999839067459,0.04699999839067459,0.04699999839067459,0.04699999839067459,0
2020-05-08,0.0430000014603138,0.04600000008940697,0.0430000014603138,0.04600000008940697,0.04600000008940697,100000
2020-05-11,0.04500000178813934,0.04500000178813934,0.04500000178813934,0.04500000178813934,0.04500000178813934,0
2020-05-12,0.04500000178813934,0.04600000008940697,0.0430000014603138,0.0430000014603138,0.0430000014603138,122500
2020-05-13,0.041999999433755875,0.04500000178813934,0.041999999433755875,0.04399999976158142,0.04399999976158142,1200000
2020-05-14,0.04399999976158142,0.04399999976158142,0.04399999976158142,0.04399999976158142,0.04399999976158142,0
2020-05-15,0.04399999976158142,0.04399999976158142,0.04399999976158142,0.04399999976158142,0.04399999976158142,740000
2020-05-18,0.0430000014603138,0.04399999976158142,0.03999999910593033,0.04399999976158142,0.04399999976158142,840000
2020-05-19,0.041999999433755875,0.041999999433755875,0.03999999910593033,0.041999999433755875,0.041999999433755875,3140000
2020-05-20,0.041999999433755875,0.04399999976158142,0.041999999433755875,0.04399999976158142,0.04399999976158142,1980000
2020-05-21,0.04399999976158142,0.04399999976158142,0.04399999976158142,0.04399999976158142,0.04399999976158142,240000
2020-05-22,0.04399999976158142,0.04399999976158142,0.04399999976158142,0.04399999976158142,0.04399999976158142,2240000
2020-05-25,0.04399999976158142,0.04699999839067459,0.04399999976158142,0.04600000008940697,0.04600000008940697,4720000
2020-05-26,0.04600000008940697,0.04600000008940697,0.04399999976158142,0.04600000008940697,0.04600000008940697,500000
2020-05-27,0.04600000008940697,0.04600000008940697,0.04600000008940697,0.04600000008940697,0.04600000008940697,0
2020-05-28,0.04500000178813934,0.04600000008940697,0.04500000178813934,0.04500000178813934,0.04500000178813934,5460000
2020-05-29,0.04500000178813934,0.04600000008940697,0.04500000178813934,0.04600000008940697,0.04600000008940697,2287500
2020-06-01,0.04600000008940697,0.04600000008940697,0.041999999433755875,0.0430000014603138,0.0430000014603138,3220000
2020-06-02,0.0430000014603138,0.04699999839067459,0.0430000014603138,0.04699999839067459,0.04699999839067459,760000
2020-06-03,0.0430000014603138,0.04699999839067459,0.04100000113248825,0.041999999433755875,0.041999999433755875,3200000
2020-06-04,0.041999999433755875,0.041999999433755875,0.041999999433755875,0.041999999433755875,0.041999999433755875,0
2020-06-05,0.041999999433755875,0.04699999839067459,0.041999999433755875,0.04399999976158142,0.04399999976158142,3060000
2020-06-08,0.04399999976158142,0.04399999976158142,0.04399999976158142,0.04399999976158142,0.04399999976158142,0
2020-06-09,0.04600000008940697,0.04600000008940697,0.04600000008940697,0.04600000008940697,0.04600000008940697,0
2020-06-10,0.04699999839067459,0.04699999839067459,0.04699999839067459,0.04699999839067459,0.04699999839067459,2282500
2020-06-11,0.04699999839067459,0.04699999839067459,0.04699999839067459,0.04699999839067459,0.04699999839067459,0
2020-06-12,0.04699999839067459,0.04800000041723251,0.04600000008940697,0.04800000041723251,0.04800000041723251,4060000
2020-06-15,0.04699999839067459,0.04899999871850014,0.04699999839067459,0.04899999871850014,0.04899999871850014,6260000
2020-06-16,0.04500000178813934,0.05000000074505806,0.04500000178813934,0.05000000074505806,0.05000000074505806,80000
2020-06-17,0.04899999871850014,0.04899999871850014,0.04899999871850014,0.04899999871850014,0.04899999871850014,440000
2020-06-18,0.04500000178813934,0.04500000178813934,0.04500000178813934,0.04500000178813934,0.04500000178813934,0
2020-06-19,0.04500000178813934,0.04500000178813934,0.04500000178813934,0.04500000178813934,0.04500000178813934,0
2020-06-22,0.04500000178813934,0.04899999871850014,0.04500000178813934,0.04500000178813934,0.04500000178813934,4720000
2020-06-23,0.04500000178813934,0.04500000178813934,0.04500000178813934,0.04500000178813934,0.04500000178813934,0
2020-06-24,0.04500000178813934,0.04500000178813934,0.04500000178813934,0.04500000178813934,0.04500000178813934,0
2020-06-26,0.04500000178813934,0.04699999839067459,0.04500000178813934,0.04699999839067459,0.04699999839067459,1660000
2020-06-29,0.04699999839067459,0.04699999839067459,0.04699999839067459,0.04699999839067459,0.04699999839067459,240000
2020-06-30,0.04699999839067459,0.04699999839067459,0.04699999839067459,0.04699999839067459,0.04699999839067459,0
2020-07-02,0.04699999839067459,0.04800000041723251,0.04699999839067459,0.04800000041723251,0.04800000041723251,4740000
2020-07-03,0.04800000041723251,0.05900000035762787,0.04800000041723251,0.05700000002980232,0.05700000002980232,18800000
2020-07-06,0.05299999937415123,0.057999998331069946,0.05299999937415123,0.05700000002980232,0.05700000002980232,2060000
2020-07-07,0.052000001072883606,0.05400000140070915,0.04899999871850014,0.04899999871850014,0.04899999871850014,4800000
2020-07-08,0.05000000074505806,0.05400000140070915,0.05000000074505806,0.052000001072883606,0.052000001072883606,4200000
2020-07-09,0.052000001072883606,0.052000001072883606,0.04800000041723251,0.05000000074505806,0.05000000074505806,3040000
2020-07-10,0.04699999839067459,0.05000000074505806,0.04600000008940697,0.05000000074505806,0.05000000074505806,1160000
2020-07-13,0.05000000074505806,0.05000000074505806,0.05000000074505806,0.05000000074505806,0.05000000074505806,300000
2020-07-14,0.05000000074505806,0.05000000074505806,0.05000000074505806,0.05000000074505806,0.05000000074505806,0
2020-07-15,0.05000000074505806,0.05000000074505806,0.05000000074505806,0.05000000074505806,0.05000000074505806,0
2020-07-16,0.04600000008940697,0.04699999839067459,0.04600000008940697,0.04699999839067459,0.04699999839067459,400000
2020-07-17,0.04600000008940697,0.04800000041723251,0.04500000178813934,0.04800000041723251,0.04800000041723251,2480000
2020-07-20,0.04800000041723251,0.04800000041723251,0.04800000041723251,0.04800000041723251,0.04800000041723251,0
2020-07-21,0.04399999976158142,0.04800000041723251,0.04399999976158142,0.04800000041723251,0.04800000041723251,2420000
2020-07-22,0.04800000041723251,0.04800000041723251,0.04800000041723251,0.04800000041723251,0.04800000041723251,0
2020-07-23,0.04699999839067459,0.04699999839067459,0.04699999839067459,0.04699999839067459,0.04699999839067459,0
2020-07-24,0.04500000178813934,0.04500000178813934,0.04500000178813934,0.04500000178813934,0.04500000178813934,0
2020-07-27,0.04500000178813934,0.054999999701976776,0.04500000178813934,0.04899999871850014,0.04899999871850014,2600000
2020-07-28,0.04899999871850014,0.04899999871850014,0.04899999871850014,0.04899999871850014,0.04899999871850014,0
2020-07-29,0.04899999871850014,0.04899999871850014,0.04899999871850014,0.04899999871850014,0.04899999871850014,0
2020-07-30,0.04899999871850014,0.04899999871850014,0.04899999871850014,0.04899999871850014,0.04899999871850014,0
2020-07-31,0.04899999871850014,0.050999999046325684,0.04899999871850014,0.050999999046325684,0.050999999046325684,2060000
2020-08-03,0.04500000178813934,0.04899999871850014,0.04500000178813934,0.04899999871850014,0.04899999871850014,760000
2020-08-04,0.05000000074505806,0.05000000074505806,0.04500000178813934,0.04699999839067459,0.04699999839067459,1300000
2020-08-05,0.04699999839067459,0.04899999871850014,0.04699999839067459,0.04800000041723251,0.04800000041723251,40000
2020-08-06,0.04800000041723251,0.04800000041723251,0.04800000041723251,0.04800000041723251,0.04800000041723251,20000
2020-08-07,0.04600000008940697,0.04699999839067459,0.04600000008940697,0.04699999839067459,0.04699999839067459,160000
2020-08-10,0.04800000041723251,0.04800000041723251,0.04600000008940697,0.04699999839067459,0.04699999839067459,1480000
2020-08-11,0.04600000008940697,0.04899999871850014,0.04500000178813934,0.04899999871850014,0.04899999871850014,4700000
2020-08-12,0.04699999839067459,0.04699999839067459,0.04500000178813934,0.04600000008940697,0.04600000008940697,780000
2020-08-13,0.04500000178813934,0.04699999839067459,0.04500000178813934,0.04600000008940697,0.04600000008940697,3220000
2020-08-14,0.04600000008940697,0.04600000008940697,0.04600000008940697,0.04600000008940697,0.04600000008940697,0
2020-08-17,0.04500000178813934,0.04500000178813934,0.04500000178813934,0.04500000178813934,0.04500000178813934,0
2020-08-18,0.04500000178813934,0.04500000178813934,0.04500000178813934,0.04500000178813934,0.04500000178813934,0
2020-08-19,0.04600000008940697,0.04600000008940697,0.04600000008940697,0.04600000008940697,0.04600000008940697,240000
2020-08-20,0.04600000008940697,0.04600000008940697,0.04600000008940697,0.04600000008940697,0.04600000008940697,0
2020-08-21,0.04399999976158142,0.04600000008940697,0.04399999976158142,0.04600000008940697,0.04600000008940697,160000
2020-08-24,0.0430000014603138,0.04399999976158142,0.0430000014603138,0.04399999976158142,0.04399999976158142,1080000
2020-08-25,0.04399999976158142,0.04399999976158142,0.04399999976158142,0.04500000178813934,0.04500000178813934,300000
2020-08-26,0.04500000178813934,0.04500000178813934,0.04500000178813934,0.04500000178813934,0.04500000178813934,0
2020-08-27,0.0430000014603138,0.04500000178813934,0.0430000014603138,0.0430000014603138,0.0430000014603138,880000
2020-08-28,0.0430000014603138,0.0430000014603138,0.0430000014603138,0.0430000014603138,0.0430000014603138,620000
2020-08-31,0.0430000014603138,0.0430000014603138,0.0430000014603138,0.0430000014603138,0.0430000014603138,0
2020-09-01,0.04399999976158142,0.04399999976158142,0.04399999976158142,0.04399999976158142,0.04399999976158142,300000
2020-09-02,0.04399999976158142,0.04399999976158142,0.04399999976158142,0.04399999976158142,0.04399999976158142,0
2020-09-03,0.04399999976158142,0.04399999976158142,0.04399999976158142,0.04399999976158142,0.04399999976158142,0
2020-09-04,0.0430000014603138,0.04399999976158142,0.041999999433755875,0.04399999976158142,0.04399999976158142,140000
2020-09-07,0.04100000113248825,0.04399999976158142,0.04100000113248825,0.04399999976158142,0.04399999976158142,60000
2020-09-08,0.0430000014603138,0.0430000014603138,0.0430000014603138,0.0430000014603138,0.0430000014603138,0
2020-09-09,0.0430000014603138,0.0430000014603138,0.0430000014603138,0.0430000014603138,0.0430000014603138,0
2020-09-10,0.041999999433755875,0.0430000014603138,0.041999999433755875,0.0430000014603138,0.0430000014603138,300000
2020-09-11,0.041999999433755875,0.04399999976158142,0.041999999433755875,0.04399999976158142,0.04399999976158142,500000
2020-09-14,0.04399999976158142,0.04399999976158142,0.04399999976158142,0.04399999976158142,0.04399999976158142,0
2020-09-15,0.04399999976158142,0.04399999976158142,0.04399999976158142,0.04399999976158142,0.04399999976158142,0
2020-09-16,0.0430000014603138,0.0430000014603138,0.0430000014603138,0.0430000014603138,0.0430000014603138,500000
2020-09-17,0.0430000014603138,0.0430000014603138,0.0430000014603138,0.0430000014603138,0.0430000014603138,0
2020-09-18,0.0430000014603138,0.0430000014603138,0.0430000014603138,0.0430000014603138,0.0430000014603138,20000
2020-09-21,0.041999999433755875,0.0430000014603138,0.04100000113248825,0.0430000014603138,0.0430000014603138,60000
2020-09-22,0.0430000014603138,0.0430000014603138,0.0430000014603138,0.0430000014603138,0.0430000014603138,0
2020-09-23,0.0430000014603138,0.0430000014603138,0.0430000014603138,0.0430000014603138,0.0430000014603138,360000
2020-09-24,0.041999999433755875,0.041999999433755875,0.04100000113248825,0.04100000113248825,0.04100000113248825,200000
2020-09-25,0.04100000113248825,0.04100000113248825,0.04100000113248825,0.04100000113248825,0.04100000113248825,0
2020-09-28,0.04100000113248825,0.04100000113248825,0.04100000113248825,0.04100000113248825,0.04100000113248825,0
2020-09-29,0.03700000047683716,0.041999999433755875,0.03700000047683716,0.041999999433755875,0.041999999433755875,2440000
2020-09-30,0.041999999433755875,0.041999999433755875,0.041999999433755875,0.041999999433755875,0.041999999433755875,0
2020-10-05,0.041999999433755875,0.041999999433755875,0.041999999433755875,0.041999999433755875,0.041999999433755875,0
2020-10-06,0.03799999877810478,0.0430000014603138,0.03799999877810478,0.0430000014603138,0.0430000014603138,80000
2020-10-07,0.0430000014603138,0.0430000014603138,0.0430000014603138,0.0430000014603138,0.0430000014603138,0
2020-10-08,0.0430000014603138,0.0430000014603138,0.0430000014603138,0.0430000014603138,0.0430000014603138,0
2020-10-09,0.0430000014603138,0.0430000014603138,0.0430000014603138,0.0430000014603138,0.0430000014603138,0
2020-10-12,0.041999999433755875,0.041999999433755875,0.041999999433755875,0.041999999433755875,0.041999999433755875,0
2020-10-14,0.03999999910593033,0.041999999433755875,0.03999999910593033,0.041999999433755875,0.041999999433755875,640000
2020-10-15,0.041999999433755875,0.04600000008940697,0.041999999433755875,0.04500000178813934,0.04500000178813934,520000
2020-10-16,0.041999999433755875,0.041999999433755875,0.041999999433755875,0.041999999433755875,0.041999999433755875,107500
2020-10-19,0.03999999910593033,0.03999999910593033,0.03999999910593033,0.041999999433755875,0.041999999433755875,20000
2020-10-20,0.03999999910593033,0.03999999910593033,0.03999999910593033,0.04100000113248825,0.04100000113248825,1400000
2020-10-21,0.03999999910593033,0.03999999910593033,0.03999999910593033,0.03999999910593033,0.03999999910593033,0
2020-10-22,0.03999999910593033,0.03999999910593033,0.03999999910593033,0.03999999910593033,0.03999999910593033,0
2020-10-23,0.03999999910593033,0.03999999910593033,0.03999999910593033,0.03999999910593033,0.03999999910593033,0
2020-10-27,0.03999999910593033,0.03999999910593033,0.03999999910593033,0.03999999910593033,0.03999999910593033,0
2020-10-28,0.03999999910593033,0.03999999910593033,0.03999999910593033,0.03999999910593033,0.03999999910593033,0
2020-10-29,0.03799999877810478,0.03799999877810478,0.03799999877810478,0.039000000804662704,0.039000000804662704,51900
2020-10-30,0.03799999877810478,0.03999999910593033,0.03799999877810478,0.03999999910593033,0.03999999910593033,1180000
2020-11-02,0.03999999910593033,0.03999999910593033,0.03999999910593033,0.03999999910593033,0.03999999910593033,0
2020-11-03,0.03799999877810478,0.03799999877810478,0.03799999877810478,0.03799999877810478,0.03799999877810478,0
2020-11-04,0.03700000047683716,0.03700000047683716,0.03700000047683716,0.03799999877810478,0.03799999877810478,449000
2020-11-05,0.03799999877810478,0.03799999877810478,0.03799999877810478,0.03799999877810478,0.03799999877810478,0
2020-11-06,0.03799999877810478,0.03799999877810478,0.03799999877810478,0.03799999877810478,0.03799999877810478,0
2020-11-09,0.03700000047683716,0.03700000047683716,0.03700000047683716,0.03700000047683716,0.03700000047683716,40000
2020-11-10,0.03700000047683716,0.04500000178813934,0.03700000047683716,0.04500000178813934,0.04500000178813934,620000
2020-11-11,0.04500000178813934,0.04500000178813934,0.04500000178813934,0.04500000178813934,0.04500000178813934,0
2020-11-12,0.041999999433755875,0.041999999433755875,0.041999999433755875,0.041999999433755875,0.041999999433755875,0
2020-11-13,0.039000000804662704,0.039000000804662704,0.03700000047683716,0.03999999910593033,0.03999999910593033,240000
2020-11-16,0.03999999910593033,0.03999999910593033,0.03999999910593033,0.03999999910593033,0.03999999910593033,0
2020-11-17,0.03799999877810478,0.03799999877810478,0.03799999877810478,0.03799999877810478,0.03799999877810478,2240000
2020-11-18,0.039000000804662704,0.039000000804662704,0.039000000804662704,0.039000000804662704,0.039000000804662704,0
2020-11-19,0.03799999877810478,0.03799999877810478,0.03799999877810478,0.039000000804662704,0.039000000804662704,1000000
2020-11-20,0.039000000804662704,0.039000000804662704,0.039000000804662704,0.039000000804662704,0.039000000804662704,0
2020-11-23,0.03799999877810478,0.03799999877810478,0.03799999877810478,0.03799999877810478,0.03799999877810478,0
2020-11-24,0.03799999877810478,0.03799999877810478,0.03700000047683716,0.03799999877810478,0.03799999877810478,660000
2020-11-25,0.03799999877810478,0.03799999877810478,0.03799999877810478,0.03799999877810478,0.03799999877810478,0
2020-11-26,0.03799999877810478,0.03799999877810478,0.035999998450279236,0.03799999877810478,0.03799999877810478,1080000
2020-11-27,0.035999998450279236,0.03799999877810478,0.035999998450279236,0.039000000804662704,0.039000000804662704,2040000
2020-11-30,0.039000000804662704,0.039000000804662704,0.039000000804662704,0.039000000804662704,0.039000000804662704,0
2020-12-01,0.039000000804662704,0.039000000804662704,0.039000000804662704,0.039000000804662704,0.039000000804662704,0
2020-12-02,0.039000000804662704,0.039000000804662704,0.039000000804662704,0.039000000804662704,0.039000000804662704,540000
2020-12-03,0.039000000804662704,0.04500000178813934,0.039000000804662704,0.04399999976158142,0.04399999976158142,5740000
2020-12-04,0.04500000178813934,0.04699999839067459,0.03999999910593033,0.041999999433755875,0.041999999433755875,3060000
2020-12-07,0.041999999433755875,0.041999999433755875,0.041999999433755875,0.041999999433755875,0.041999999433755875,0
2020-12-08,0.039000000804662704,0.039000000804662704,0.039000000804662704,0.03999999910593033,0.03999999910593033,35000
2020-12-09,0.03999999910593033,0.03999999910593033,0.03999999910593033,0.03999999910593033,0.03999999910593033,0
2020-12-10,0.03999999910593033,0.03999999910593033,0.03999999910593033,0.03999999910593033,0.03999999910593033,0
2020-12-11,0.03799999877810478,0.03799999877810478,0.03700000047683716,0.03799999877810478,0.03799999877810478,242500
2020-12-14,0.03799999877810478,0.03799999877810478,0.03799999877810478,0.03799999877810478,0.03799999877810478,0
2020-12-15,0.03799999877810478,0.03799999877810478,0.03799999877810478,0.03799999877810478,0.03799999877810478,0
2020-12-16,0.03999999910593033,0.03999999910593033,0.03799999877810478,0.03799999877810478,0.03799999877810478,260000
2020-12-17,0.03799999877810478,0.03799999877810478,0.03799999877810478,0.03799999877810478,0.03799999877810478,0
2020-12-18,0.03700000047683716,0.03700000047683716,0.03700000047683716,0.03700000047683716,0.03700000047683716,380000
2020-12-21,0.03700000047683716,0.03700000047683716,0.03700000047683716,0.03700000047683716,0.03700000047683716,760000
2020-12-22,0.03999999910593033,0.03999999910593033,0.03999999910593033,0.03999999910593033,0.03999999910593033,0
2020-12-23,0.03999999910593033,0.03999999910593033,0.03999999910593033,0.03999999910593033,0.03999999910593033,0
2020-12-24,0.03999999910593033,0.03999999910593033,0.03999999910593033,0.03999999910593033,0.03999999910593033,0
2020-12-28,0.03999999910593033,0.04899999871850014,0.03999999910593033,0.04699999839067459,0.04699999839067459,4560000
2020-12-29,0.04699999839067459,0.05400000140070915,0.039000000804662704,0.03999999910593033,0.03999999910593033,24180000
2020-12-30,0.04100000113248825,0.04100000113248825,0.03799999877810478,0.03999999910593033,0.03999999910593033,1260000
2020-12-31,0.039000000804662704,0.039000000804662704,0.039000000804662704,0.039000000804662704,0.039000000804662704,0
2021-01-04,0.039000000804662704,0.03999999910593033,0.039000000804662704,0.039000000804662704,0.039000000804662704,150000
2021-01-05,0.03799999877810478,0.041999999433755875,0.03799999877810478,0.03999999910593033,0.03999999910593033,3000000
2021-01-06,0.03999999910593033,0.03999999910593033,0.03700000047683716,0.03999999910593033,0.03999999910593033,6620000
2021-01-07,0.03799999877810478,0.041999999433755875,0.03700000047683716,0.03799999877810478,0.03799999877810478,7580000
2021-01-08,0.039000000804662704,0.04100000113248825,0.039000000804662704,0.04100000113248825,0.04100000113248825,970000
2021-01-11,0.039000000804662704,0.03999999910593033,0.039000000804662704,0.03999999910593033,0.03999999910593033,600000
2021-01-12,0.03799999877810478,0.0430000014603138,0.03799999877810478,0.041999999433755875,0.041999999433755875,6840000
2021-01-13,0.041999999433755875,0.041999999433755875,0.041999999433755875,0.041999999433755875,0.041999999433755875,420000
2021-01-14,0.041999999433755875,0.041999999433755875,0.041999999433755875,0.041999999433755875,0.041999999433755875,0
2021-01-15,0.039000000804662704,0.04600000008940697,0.03799999877810478,0.04500000178813934,0.04500000178813934,12600000
2021-01-18,0.04500000178813934,0.04800000041723251,0.0430000014603138,0.04699999839067459,0.04699999839067459,5740000
2021-01-19,0.04699999839067459,0.04800000041723251,0.04500000178813934,0.04500000178813934,0.04500000178813934,3100000
2021-01-20,0.04500000178813934,0.04899999871850014,0.04399999976158142,0.04600000008940697,0.04600000008940697,5100000
2021-01-21,0.04500000178813934,0.04600000008940697,0.04399999976158142,0.04600000008940697,0.04600000008940697,900000
2021-01-22,0.04600000008940697,0.04600000008940697,0.04600000008940697,0.04600000008940697,0.04600000008940697,0
2021-01-25,0.04399999976158142,0.04600000008940697,0.04399999976158142,0.04500000178813934,0.04500000178813934,900000
2021-01-26,0.04399999976158142,0.04600000008940697,0.04399999976158142,0.04600000008940697,0.04600000008940697,4390000
2021-01-27,0.04399999976158142,0.04399999976158142,0.0430000014603138,0.04500000178813934,0.04500000178813934,180000
2021-01-28,0.04500000178813934,0.04600000008940697,0.04399999976158142,0.04399999976158142,0.04399999976158142,5700000
2021-01-29,0.04399999976158142,0.04500000178813934,0.04399999976158142,0.04500000178813934,0.04500000178813934,160000
2021-02-01,0.04500000178813934,0.04600000008940697,0.04399999976158142,0.04399999976158142,0.04399999976158142,1180000
2021-02-02,0.04399999976158142,0.04399999976158142,0.041999999433755875,0.04399999976158142,0.04399999976158142,1260000
2021-02-03,0.04500000178813934,0.04699999839067459,0.04500000178813934,0.04600000008940697,0.04600000008940697,2100000
2021-02-04,0.04699999839067459,0.04699999839067459,0.04699999839067459,0.04699999839067459,0.04699999839067459,4920000
2021-02-05,0.04800000041723251,0.04800000041723251,0.04399999976158142,0.04800000041723251,0.04800000041723251,4780000
2021-02-08,0.04800000041723251,0.04800000041723251,0.04399999976158142,0.04600000008940697,0.04600000008940697,300000
2021-02-09,0.0430000014603138,0.04500000178813934,0.0430000014603138,0.04500000178813934,0.04500000178813934,140000
2021-02-10,0.04399999976158142,0.04399999976158142,0.04399999976158142,0.04399999976158142,0.04399999976158142,0
2021-02-11,0.04399999976158142,0.04399999976158142,0.04399999976158142,0.04399999976158142,0.04399999976158142,0
2021-02-16,0.041999999433755875,0.04399999976158142,0.041999999433755875,0.04399999976158142,0.04399999976158142,120000
2021-02-17,0.04500000178813934,0.04600000008940697,0.04399999976158142,0.04600000008940697,0.04600000008940697,2020000
2021-02-18,0.04500000178813934,0.04600000008940697,0.0430000014603138,0.04600000008940697,0.04600000008940697,3200000
2021-02-19,0.04699999839067459,0.050999999046325684,0.04600000008940697,0.04800000041723251,0.04800000041723251,4690001
2021-02-22,0.04800000041723251,0.04800000041723251,0.04399999976158142,0.04500000178813934,0.04500000178813934,5245000
2021-02-23,0.04500000178813934,0.04500000178813934,0.0430000014603138,0.04399999976158142,0.04399999976158142,1360000
2021-02-24,0.04399999976158142,0.04699999839067459,0.03999999910593033,0.0430000014603138,0.0430000014603138,14360000
2021-02-25,0.0430000014603138,0.04500000178813934,0.041999999433755875,0.04500000178813934,0.04500000178813934,340000
2021-02-26,0.0430000014603138,0.04500000178813934,0.041999999433755875,0.04399999976158142,0.04399999976158142,3420000
2021-03-01,0.041999999433755875,0.0430000014603138,0.041999999433755875,0.0430000014603138,0.0430000014603138,821000
2021-03-02,0.04100000113248825,0.04399999976158142,0.04100000113248825,0.04399999976158142,0.04399999976158142,560000
2021-03-03,0.04399999976158142,0.04500000178813934,0.04399999976158142,0.04500000178813934,0.04500000178813934,180000
2021-03-04,0.041999999433755875,0.04399999976158142,0.04100000113248825,0.04399999976158142,0.04399999976158142,3080000
2021-03-05,0.04100000113248825,0.04399999976158142,0.04100000113248825,0.04399999976158142,0.04399999976158142,140000
2021-03-08,0.04100000113248825,0.0430000014603138,0.03999999910593033,0.0430000014603138,0.0430000014603138,2260000
2021-03-09,0.041999999433755875,0.04399999976158142,0.041999999433755875,0.0430000014603138,0.0430000014603138,3840000
2021-03-10,0.04399999976158142,0.04399999976158142,0.03999999910593033,0.0430000014603138,0.0430000014603138,4080000
2021-03-11,0.0430000014603138,0.0430000014603138,0.0430000014603138,0.0430000014603138,0.0430000014603138,0
2021-03-12,0.04100000113248825,0.0430000014603138,0.04100000113248825,0.041999999433755875,0.041999999433755875,2600000
2021-03-15,0.041999999433755875,0.041999999433755875,0.041999999433755875,0.041999999433755875,0.041999999433755875,0
2021-03-16,0.041999999433755875,0.041999999433755875,0.041999999433755875,0.041999999433755875,0.041999999433755875,0
2021-03-17,0.04100000113248825,0.041999999433755875,0.03999999910593033,0.041999999433755875,0.041999999433755875,540000
2021-03-18,0.041999999433755875,0.041999999433755875,0.041999999433755875,0.041999999433755875,0.041999999433755875,0
2021-03-19,0.041999999433755875,0.041999999433755875,0.041999999433755875,0.041999999433755875,0.041999999433755875,0
2021-03-22,0.041999999433755875,0.041999999433755875,0.041999999433755875,0.041999999433755875,0.041999999433755875,0
2021-03-23,0.03999999910593033,0.041999999433755875,0.03999999910593033,0.041999999433755875,0.041999999433755875,1100000
2021-03-24,0.041999999433755875,0.041999999433755875,0.041999999433755875,0.041999999433755875,0.041999999433755875,0
2021-03-25,0.03999999910593033,0.04100000113248825,0.03999999910593033,0.04100000113248825,0.04100000113248825,1460000
2021-03-26,0.04100000113248825,0.04100000113248825,0.04100000113248825,0.04100000113248825,0.04100000113248825,0
2021-03-29,0.03999999910593033,0.04100000113248825,0.03999999910593033,0.03999999910593033,0.03999999910593033,660000
2021-03-30,0.04100000113248825,0.041999999433755875,0.03999999910593033,0.041999999433755875,0.041999999433755875,3125000
2021-03-31,0.03999999910593033,0.04100000113248825,0.03999999910593033,0.04100000113248825,0.04100000113248825,320000
2021-04-01,0.03999999910593033,0.04100000113248825,0.03999999910593033,0.04100000113248825,0.04100000113248825,1280000
2021-04-07,0.039000000804662704,0.04100000113248825,0.039000000804662704,0.04100000113248825,0.04100000113248825,61200
2021-04-08,0.039000000804662704,0.04100000113248825,0.039000000804662704,0.04100000113248825,0.04100000113248825,1960000
2021-04-09,0.04100000113248825,0.04100000113248825,0.04100000113248825,0.04100000113248825,0.04100000113248825,160000
2021-04-12,0.03999999910593033,0.04100000113248825,0.03999999910593033,0.04100000113248825,0.04100000113248825,820000
2021-04-13,0.04100000113248825,0.04100000113248825,0.04100000113248825,0.04100000113248825,0.04100000113248825,0
2021-04-14,0.039000000804662704,0.04100000113248825,0.039000000804662704,0.04100000113248825,0.04100000113248825,160000
2021-04-15,0.04100000113248825,0.04100000113248825,0.04100000113248825,0.04100000113248825,0.04100000113248825,0
2021-04-16,0.03999999910593033,0.03999999910593033,0.03999999910593033,0.03999999910593033,0.03999999910593033,0
2021-04-19,0.03999999910593033,0.03999999910593033,0.03999999910593033,0.03999999910593033,0.03999999910593033,0
2021-04-20,0.03999999910593033,0.04699999839067459,0.03999999910593033,0.04600000008940697,0.04600000008940697,7160000
2021-04-21,0.04500000178813934,0.04500000178813934,0.04500000178813934,0.04500000178813934,0.04500000178813934,1440000
2021-04-22,0.04100000113248825,0.041999999433755875,0.04100000113248825,0.041999999433755875,0.041999999433755875,300000
2021-04-23,0.04100000113248825,0.04100000113248825,0.04100000113248825,0.04100000113248825,0.04100000113248825,240000
2021-04-26,0.041999999433755875,0.041999999433755875,0.04100000113248825,0.04100000113248825,0.04100000113248825,860000
2021-04-27,0.04100000113248825,0.04100000113248825,0.04100000113248825,0.04100000113248825,0.04100000113248825,0
2021-04-28,0.041999999433755875,0.04500000178813934,0.03999999910593033,0.04100000113248825,0.04100000113248825,3400000
2021-04-29,0.04100000113248825,0.041999999433755875,0.04100000113248825,0.04100000113248825,0.04100000113248825,4820000
2021-04-30,0.03999999910593033,0.04100000113248825,0.03999999910593033,0.04100000113248825,0.04100000113248825,1480000
2021-05-03,0.04100000113248825,0.04100000113248825,0.04100000113248825,0.04100000113248825,0.04100000113248825,0
2021-05-04,0.04100000113248825,0.04100000113248825,0.04100000113248825,0.04100000113248825,0.04100000113248825,0
2021-05-05,0.04100000113248825,0.04100000113248825,0.04100000113248825,0.04100000113248825,0.04100000113248825,0
2021-05-06,0.04100000113248825,0.04100000113248825,0.04100000113248825,0.04100000113248825,0.04100000113248825,0
2021-05-07,0.04100000113248825,0.04100000113248825,0.04100000113248825,0.04100000113248825,0.04100000113248825,0
2021-05-10,0.04100000113248825,0.04100000113248825,0.04100000113248825,0.04100000113248825,0.04100000113248825,0
2021-05-11,0.039000000804662704,0.04100000113248825,0.039000000804662704,0.03999999910593033,0.03999999910593033,1920000
2021-05-12,0.04100000113248825,0.0430000014603138,0.04100000113248825,0.0430000014603138,0.0430000014603138,80000
2021-05-13,0.0430000014603138,0.0430000014603138,0.0430000014603138,0.0430000014603138,0.0430000014603138,0
2021-05-14,0.04100000113248825,0.04100000113248825,0.03999999910593033,0.03999999910593033,0.03999999910593033,2260000
2021-05-17,0.039000000804662704,0.03999999910593033,0.039000000804662704,0.03999999910593033,0.03999999910593033,800000
2021-05-18,0.03999999910593033,0.03999999910593033,0.03999999910593033,0.03999999910593033,0.03999999910593033,0
2021-05-20,0.03999999910593033,0.03999999910593033,0.03999999910593033,0.03999999910593033,0.03999999910593033,0
2021-05-21,0.03999999910593033,0.03999999910593033,0.03999999910593033,0.03999999910593033,0.03999999910593033,0
2021-05-24,0.03799999877810478,0.03999999910593033,0.03799999877810478,0.03999999910593033,0.03999999910593033,65000
2021-05-25,0.0430000014603138,0.0430000014603138,0.0430000014603138,0.0430000014603138,0.0430000014603138,0
2021-05-26,0.03999999910593033,0.041999999433755875,0.03999999910593033,0.041999999433755875,0.041999999433755875,560000
2021-05-27,0.041999999433755875,0.041999999433755875,0.041999999433755875,0.041999999433755875,0.041999999433755875,0
2021-05-28,0.03999999910593033,0.04100000113248825,0.03999999910593033,0.04100000113248825,0.04100000113248825,120000
2021-05-31,0.041999999433755875,0.041999999433755875,0.03999999910593033,0.03999999910593033,0.03999999910593033,2160000
2021-06-01,0.04100000113248825,0.04399999976158142,0.04100000113248825,0.041999999433755875,0.041999999433755875,1080000
2021-06-02,0.041999999433755875,0.041999999433755875,0.041999999433755875,0.041999999433755875,0.041999999433755875,0
2021-06-03,0.03999999910593033,0.04100000113248825,0.03999999910593033,0.04100000113248825,0.04100000113248825,1100000
2021-06-04,0.04100000113248825,0.04100000113248825,0.04100000113248825,0.04100000113248825,0.04100000113248825,0
2021-06-07,0.04100000113248825,0.04100000113248825,0.04100000113248825,0.04100000113248825,0.04100000113248825,0
2021-06-08,0.04100000113248825,0.04100000113248825,0.04100000113248825,0.04100000113248825,0.04100000113248825,0
2021-06-09,0.03999999910593033,0.03999999910593033,0.039000000804662704,0.03999999910593033,0.03999999910593033,1580000
2021-06-10,0.03999999910593033,0.04600000008940697,0.03999999910593033,0.03999999910593033,0.03999999910593033,9260000
2021-06-11,0.0430000014603138,0.0430000014603138,0.039000000804662704,0.03999999910593033,0.03999999910593033,5480000
2021-06-15,0.039000000804662704,0.03999999910593033,0.03799999877810478,0.03999999910593033,0.03999999910593033,2680000
2021-06-16,0.03999999910593033,0.03999999910593033,0.03999999910593033,0.03999999910593033,0.03999999910593033,0
2021-06-17,0.03999999910593033,0.03999999910593033,0.03999999910593033,0.03999999910593033,0.03999999910593033,0
2021-06-18,0.03799999877810478,0.03999999910593033,0.03799999877810478,0.03999999910593033,0.03999999910593033,280000
2021-06-21,0.03999999910593033,0.03999999910593033,0.03999999910593033,0.03999999910593033,0.03999999910593033,0
2021-06-22,0.03999999910593033,0.03999999910593033,0.03999999910593033,0.03999999910593033,0.03999999910593033,0
2021-06-23,0.03799999877810478,0.039000000804662704,0.03700000047683716,0.039000000804662704,0.039000000804662704,762900
2021-06-24,0.03799999877810478,0.039000000804662704,0.03799999877810478,0.039000000804662704,0.039000000804662704,100000
2021-06-25,0.039000000804662704,0.039000000804662704,0.039000000804662704,0.039000000804662704,0.039000000804662704,0
2021-06-28,0.039000000804662704,0.039000000804662704,0.039000000804662704,0.039000000804662704,0.039000000804662704,0
2021-06-29,0.039000000804662704,0.0430000014603138,0.039000000804662704,0.03999999910593033,0.03999999910593033,4380000
2021-06-30,0.03999999910593033,0.03999999910593033,0.03999999910593033,0.03999999910593033,0.03999999910593033,0
2021-07-02,0.03999999910593033,0.04100000113248825,0.03999999910593033,0.03999999910593033,0.03999999910593033,500000
2021-07-05,0.03999999910593033,0.03999999910593033,0.03999999910593033,0.03999999910593033,0.03999999910593033,0
2021-07-06,0.03999999910593033,0.03999999910593033,0.03999999910593033,0.03999999910593033,0.03999999910593033,0
2021-07-07,0.03999999910593033,0.03999999910593033,0.03999999910593033,0.03999999910593033,0.03999999910593033,0
2021-07-08,0.03999999910593033,0.03999999910593033,0.03999999910593033,0.03999999910593033,0.03999999910593033,0
2021-07-09,0.03799999877810478,0.03999999910593033,0.03799999877810478,0.03999999910593033,0.03999999910593033,820000
2021-07-12,0.03999999910593033,0.03999999910593033,0.03999999910593033,0.03999999910593033,0.03999999910593033,0
2021-07-13,0.03799999877810478,0.03999999910593033,0.03799999877810478,0.03999999910593033,0.03999999910593033,45000
2021-07-14,0.03999999910593033,0.03999999910593033,0.03999999910593033,0.03999999910593033,0.03999999910593033,0
2021-07-15,0.03799999877810478,0.03999999910593033,0.03799999877810478,0.03999999910593033,0.03999999910593033,420000
2021-07-16,0.03999999910593033,0.03999999910593033,0.03999999910593033,0.03999999910593033,0.03999999910593033,0
2021-07-19,0.03999999910593033,0.03999999910593033,0.03999999910593033,0.03999999910593033,0.03999999910593033,0
2021-07-20,0.03799999877810478,0.03799999877810478,0.035999998450279236,0.03799999877810478,0.03799999877810478,2000000
2021-07-21,0.03799999877810478,0.03799999877810478,0.03700000047683716,0.03799999877810478,0.03799999877810478,1441500
2021-07-22,0.03799999877810478,0.03799999877810478,0.03799999877810478,0.03799999877810478,0.03799999877810478,120000
2021-07-23,0.03700000047683716,0.03700000047683716,0.03700000047683716,0.03700000047683716,0.03700000047683716,0
2021-07-26,0.035999998450279236,0.03999999910593033,0.035999998450279236,0.03700000047683716,0.03700000047683716,3540000
2021-07-27,0.03700000047683716,0.03700000047683716,0.03700000047683716,0.03700000047683716,0.03700000047683716,0
2021-07-28,0.03700000047683716,0.03700000047683716,0.03700000047683716,0.03700000047683716,0.03700000047683716,0
2021-07-29,0.03700000047683716,0.03700000047683716,0.03700000047683716,0.03700000047683716,0.03700000047683716,0
2021-07-30,0.035999998450279236,0.035999998450279236,0.035999998450279236,0.035999998450279236,0.035999998450279236,350000
2021-08-02,0.03500000014901161,0.035999998450279236,0.03099999949336052,0.035999998450279236,0.035999998450279236,8700000
2021-08-03,0.035999998450279236,0.035999998450279236,0.035999998450279236,0.035999998450279236,0.035999998450279236,0
2021-08-04,0.039000000804662704,0.039000000804662704,0.039000000804662704,0.039000000804662704,0.039000000804662704,0
2021-08-05,0.03799999877810478,0.03799999877810478,0.03799999877810478,0.03799999877810478,0.03799999877810478,0
2021-08-06,0.03799999877810478,0.03799999877810478,0.03799999877810478,0.03799999877810478,0.03799999877810478,0
2021-08-09,0.03700000047683716,0.03700000047683716,0.03700000047683716,0.03700000047683716,0.03700000047683716,0
2021-08-10,0.03700000047683716,0.03700000047683716,0.03700000047683716,0.03700000047683716,0.03700000047683716,0
2021-08-11,0.03400000184774399,0.035999998450279236,0.03400000184774399,0.035999998450279236,0.035999998450279236,41000
2021-08-12,0.035999998450279236,0.035999998450279236,0.035999998450279236,0.035999998450279236,0.035999998450279236,0
2021-08-13,0.03799999877810478,0.03799999877810478,0.03799999877810478,0.03799999877810478,0.03799999877810478,40000
2021-08-16,0.03700000047683716,0.03700000047683716,0.03700000047683716,0.03700000047683716,0.03700000047683716,0
2021-08-17,0.03700000047683716,0.03700000047683716,0.03700000047683716,0.03700000047683716,0.03700000047683716,0
2021-08-18,0.03400000184774399,0.03700000047683716,0.03400000184774399,0.03700000047683716,0.03700000047683716,340000
2021-08-19,0.03400000184774399,0.03400000184774399,0.03400000184774399,0.03400000184774399,0.03400000184774399,300000
2021-08-20,0.03400000184774399,0.03400000184774399,0.03400000184774399,0.03500000014901161,0.03500000014901161,140000
2021-08-23,0.032999999821186066,0.039000000804662704,0.032999999821186066,0.03700000047683716,0.03700000047683716,1520000
2021-08-24,0.03700000047683716,0.03700000047683716,0.03700000047683716,0.03700000047683716,0.03700000047683716,0
2021-08-25,0.03700000047683716,0.03700000047683716,0.03700000047683716,0.03700000047683716,0.03700000047683716,0
2021-08-26,0.03500000014901161,0.03799999877810478,0.03099999949336052,0.03799999877810478,0.03799999877810478,1640000
2021-08-27,0.03400000184774399,0.03500000014901161,0.03200000151991844,0.03500000014901161,0.03500000014901161,3920000
2021-08-30,0.032999999821186066,0.04500000178813934,0.03200000151991844,0.04399999976158142,0.04399999976158142,14280000
2021-08-31,0.0430000014603138,0.0430000014603138,0.03400000184774399,0.03700000047683716,0.03700000047683716,20580000
2021-09-01,0.03700000047683716,0.03700000047683716,0.03700000047683716,0.03700000047683716,0.03700000047683716,0
2021-09-02,0.03500000014901161,0.03500000014901161,0.03099999949336052,0.03500000014901161,0.03500000014901161,8240000
2021-09-03,0.03400000184774399,0.03500000014901161,0.032999999821186066,0.03500000014901161,0.03500000014901161,960000
2021-09-06,0.032999999821186066,0.039000000804662704,0.03200000151991844,0.035999998450279236,0.035999998450279236,1520000
2021-09-07,0.03700000047683716,0.03700000047683716,0.03700000047683716,0.03700000047683716,0.03700000047683716,0
2021-09-08,0.03700000047683716,0.03700000047683716,0.03700000047683716,0.03700000047683716,0.03700000047683716,0
2021-09-09,0.03400000184774399,0.039000000804662704,0.03400000184774399,0.03799999877810478,0.03799999877810478,1160000
2021-09-10,0.03500000014901161,0.039000000804662704,0.03500000014901161,0.039000000804662704,0.039000000804662704,220000
2021-09-13,0.03799999877810478,0.039000000804662704,0.03799999877810478,0.039000000804662704,0.039000000804662704,40000
2021-09-14,0.039000000804662704,0.039000000804662704,0.039000000804662704,0.039000000804662704,0.039000000804662704,0
2021-09-15,0.039000000804662704,0.039000000804662704,0.03799999877810478,0.039000000804662704,0.039000000804662704,220000
2021-09-16,0.03500000014901161,0.03799999877810478,0.03500000014901161,0.03799999877810478,0.03799999877810478,60000
2021-09-17,0.03799999877810478,0.03799999877810478,0.03799999877810478,0.03799999877810478,0.03799999877810478,0
2021-09-20,0.03799999877810478,0.03799999877810478,0.03799999877810478,0.03799999877810478,0.03799999877810478,0
2021-09-21,0.03500000014901161,0.039000000804662704,0.03500000014901161,0.03799999877810478,0.03799999877810478,420000
2021-09-23,0.03999999910593033,0.03999999910593033,0.03999999910593033,0.03999999910593033,0.03999999910593033,0
2021-09-24,0.039000000804662704,0.039000000804662704,0.039000000804662704,0.039000000804662704,0.039000000804662704,0
2021-09-27,0.039000000804662704,0.039000000804662704,0.039000000804662704,0.039000000804662704,0.039000000804662704,0
2021-09-28,0.03500000014901161,0.039000000804662704,0.03500000014901161,0.039000000804662704,0.039000000804662704,800000
2021-09-29,0.039000000804662704,0.039000000804662704,0.039000000804662704,0.039000000804662704,0.039000000804662704,0
2021-09-30,0.039000000804662704,0.039000000804662704,0.039000000804662704,0.039000000804662704,0.039000000804662704,0
2021-10-04,0.03999999910593033,0.03999999910593033,0.03999999910593033,0.03999999910593033,0.03999999910593033,20000
2021-10-05,0.03999999910593033,0.03999999910593033,0.03999999910593033,0.03999999910593033,0.03999999910593033,0
2021-10-06,0.03999999910593033,0.03999999910593033,0.03999999910593033,0.03999999910593033,0.03999999910593033,0
2021-10-07,0.039000000804662704,0.03999999910593033,0.039000000804662704,0.03999999910593033,0.03999999910593033,60001
2021-10-08,0.03999999910593033,0.03999999910593033,0.03999999910593033,0.03999999910593033,0.03999999910593033,0
2021-10-11,0.035999998450279236,0.03999999910593033,0.035999998450279236,0.03999999910593033,0.03999999910593033,60000
2021-10-12,0.03999999910593033,0.03999999910593033,0.03999999910593033,0.03999999910593033,0.03999999910593033,0
2021-10-15,0.03700000047683716,0.03999999910593033,0.03700000047683716,0.03999999910593033,0.03999999910593033,520000
2021-10-18,0.03999999910593033,0.03999999910593033,0.03999999910593033,0.03999999910593033,0.03999999910593033,0
2021-10-19,0.03999999910593033,0.03999999910593033,0.03999999910593033,0.03999999910593033,0.03999999910593033,0
2021-10-20,0.03999999910593033,0.03999999910593033,0.03999999910593033,0.03999999910593033,0.03999999910593033,0
2021-10-21,0.03999999910593033,0.03999999910593033,0.03999999910593033,0.03999999910593033,0.03999999910593033,0
2021-10-22,0.039000000804662704,0.039000000804662704,0.039000000804662704,0.039000000804662704,0.039000000804662704,0
2021-10-25,0.03700000047683716,0.03999999910593033,0.03700000047683716,0.03799999877810478,0.03799999877810478,1440000
2021-10-26,0.03999999910593033,0.03999999910593033,0.03700000047683716,0.03799999877810478,0.03799999877810478,240000
2021-10-27,0.03799999877810478,0.03999999910593033,0.035999998450279236,0.03999999910593033,0.03999999910593033,4640000
2021-10-28,0.03700000047683716,0.03999999910593033,0.03700000047683716,0.03999999910593033,0.03999999910593033,100000
2021-10-29,0.03999999910593033,0.03999999910593033,0.03999999910593033,0.03999999910593033,0.03999999910593033,0
2021-11-01,0.03700000047683716,0.041999999433755875,0.03700000047683716,0.041999999433755875,0.041999999433755875,360000
2021-11-02,0.04399999976158142,0.04399999976158142,0.03400000184774399,0.035999998450279236,0.035999998450279236,7540000
2021-11-03,0.03700000047683716,0.03700000047683716,0.035999998450279236,0.03700000047683716,0.03700000047683716,260000
2021-11-04,0.032999999821186066,0.03700000047683716,0.032999999821186066,0.03700000047683716,0.03700000047683716,600000
2021-11-05,0.03700000047683716,0.03799999877810478,0.03500000014901161,0.03799999877810478,0.03799999877810478,1200000
2021-11-08,0.03799999877810478,0.03799999877810478,0.03799999877810478,0.03799999877810478,0.03799999877810478,0
2021-11-09,0.03799999877810478,0.03799999877810478,0.03799999877810478,0.03799999877810478,0.03799999877810478,0
2021-11-10,0.03799999877810478,0.03799999877810478,0.03799999877810478,0.03799999877810478,0.03799999877810478,0
2021-11-11,0.03400000184774399,0.04100000113248825,0.03400000184774399,0.039000000804662704,0.039000000804662704,562000
2021-11-12,0.03999999910593033,0.03999999910593033,0.035999998450279236,0.039000000804662704,0.039000000804662704,1480000
2021-11-15,0.035999998450279236,0.03700000047683716,0.03400000184774399,0.03700000047683716,0.03700000047683716,15800000
2021-11-16,0.03500000014901161,0.03700000047683716,0.03500000014901161,0.03700000047683716,0.03700000047683716,180000
2021-11-17,0.03500000014901161,0.035999998450279236,0.03500000014901161,0.035999998450279236,0.035999998450279236,2600000
2021-11-18,0.035999998450279236,0.035999998450279236,0.035999998450279236,0.035999998450279236,0.035999998450279236,0
2021-11-19,0.035999998450279236,0.035999998450279236,0.035999998450279236,0.035999998450279236,0.035999998450279236,0
2021-11-22,0.035999998450279236,0.035999998450279236,0.035999998450279236,0.035999998450279236,0.035999998450279236,0
2021-11-23,0.035999998450279236,0.035999998450279236,0.035999998450279236,0.035999998450279236,0.035999998450279236,0
2021-11-24,0.03400000184774399,0.035999998450279236,0.03400000184774399,0.035999998450279236,0.035999998450279236,700000
2021-11-25,0.03500000014901161,0.03500000014901161,0.03500000014901161,0.03500000014901161,0.03500000014901161,0
2021-11-26,0.03400000184774399,0.03500000014901161,0.032999999821186066,0.03500000014901161,0.03500000014901161,1840000
2021-11-29,0.03500000014901161,0.03500000014901161,0.03200000151991844,0.03400000184774399,0.03400000184774399,3520000
2021-11-30,0.032999999821186066,0.03400000184774399,0.032999999821186066,0.03400000184774399,0.03400000184774399,141200
2021-12-01,0.032999999821186066,0.032999999821186066,0.032999999821186066,0.032999999821186066,0.032999999821186066,0
2021-12-02,0.032999999821186066,0.032999999821186066,0.032999999821186066,0.032999999821186066,0.032999999821186066,0
2021-12-03,0.032999999821186066,0.032999999821186066,0.032999999821186066,0.032999999821186066,0.032999999821186066,0
2021-12-06,0.032999999821186066,0.032999999821186066,0.032999999821186066,0.032999999821186066,0.032999999821186066,0
2021-12-07,0.032999999821186066,0.032999999821186066,0.032999999821186066,0.032999999821186066,0.032999999821186066,0
2021-12-08,0.032999999821186066,0.032999999821186066,0.032999999821186066,0.032999999821186066,0.032999999821186066,0
2021-12-09,0.032999999821186066,0.032999999821186066,0.032999999821186066,0.032999999821186066,0.032999999821186066,3100000
2021-12-10,0.032999999821186066,0.032999999821186066,0.032999999821186066,0.032999999821186066,0.032999999821186066,0
2021-12-13,0.032999999821186066,0.032999999821186066,0.032999999821186066,0.032999999821186066,0.032999999821186066,0
2021-12-14,0.032999999821186066,0.032999999821186066,0.032999999821186066,0.032999999821186066,0.032999999821186066,0
2021-12-15,0.03099999949336052,0.03099999949336052,0.03099999949336052,0.03099999949336052,0.03099999949336052,40000
2021-12-16,0.03200000151991844,0.03200000151991844,0.03200000151991844,0.03200000151991844,0.03200000151991844,260000
2021-12-17,0.03200000151991844,0.03200000151991844,0.03200000151991844,0.03200000151991844,0.03200000151991844,200000
2021-12-20,0.03099999949336052,0.03099999949336052,0.029999999329447746,0.03099999949336052,0.03099999949336052,665500
2021-12-21,0.028999999165534973,0.03200000151991844,0.02500000037252903,0.03200000151991844,0.03200000151991844,25220000
2021-12-22,0.03200000151991844,0.03200000151991844,0.03200000151991844,0.03200000151991844,0.03200000151991844,0
2021-12-23,0.03200000151991844,0.03200000151991844,0.03200000151991844,0.03200000151991844,0.03200000151991844,0
2021-12-24,0.03200000151991844,0.03200000151991844,0.03200000151991844,0.03200000151991844,0.03200000151991844,20000
2021-12-28,0.03200000151991844,0.03200000151991844,0.03200000151991844,0.03200000151991844,0.03200000151991844,0
2021-12-29,0.03200000151991844,0.03200000151991844,0.03200000151991844,0.03200000151991844,0.03200000151991844,0
2021-12-30,0.03200000151991844,0.03200000151991844,0.03200000151991844,0.03200000151991844,0.03200000151991844,0
2021-12-31,0.03200000151991844,0.03200000151991844,0.03200000151991844,0.03200000151991844,0.03200000151991844,0
2022-01-03,0.029999999329447746,0.029999999329447746,0.029999999329447746,0.029999999329447746,0.029999999329447746,0
2022-01-04,0.02800000086426735,0.02800000086426735,0.02800000086426735,0.02800000086426735,0.02800000086426735,1000000
2022-01-05,0.02800000086426735,0.02800000086426735,0.026000000536441803,0.02800000086426735,0.02800000086426735,4181000
2022-01-06,0.02800000086426735,0.02800000086426735,0.026000000536441803,0.02800000086426735,0.02800000086426735,2380000
2022-01-07,0.02800000086426735,0.02800000086426735,0.02800000086426735,0.02800000086426735,0.02800000086426735,0
2022-01-10,0.02800000086426735,0.02800000086426735,0.02800000086426735,0.02800000086426735,0.02800000086426735,0
2022-01-11,0.026000000536441803,0.02800000086426735,0.026000000536441803,0.02800000086426735,0.02800000086426735,120000
2022-01-12,0.027000000700354576,0.027000000700354576,0.027000000700354576,0.027000000700354576,0.027000000700354576,3000000
2022-01-13,0.026000000536441803,0.02800000086426735,0.02500000037252903,0.02500000037252903,0.02500000037252903,3040000
2022-01-14,0.02500000037252903,0.026000000536441803,0.02500000037252903,0.026000000536441803,0.026000000536441803,960000
2022-01-17,0.026000000536441803,0.026000000536441803,0.026000000536441803,0.026000000536441803,0.026000000536441803,40000
2022-01-18,0.026000000536441803,0.029999999329447746,0.026000000536441803,0.029999999329447746,0.029999999329447746,4090000
2022-01-19,0.029999999329447746,0.029999999329447746,0.029999999329447746,0.029999999329447746,0.029999999329447746,1000000
2022-01-20,0.027000000700354576,0.02800000086426735,0.027000000700354576,0.02800000086426735,0.02800000086426735,400000
2022-01-21,0.02800000086426735,0.02800000086426735,0.02800000086426735,0.02800000086426735,0.02800000086426735,0
2022-01-24,0.02800000086426735,0.02800000086426735,0.02800000086426735,0.02800000086426735,0.02800000086426735,0
2022-01-25,0.02800000086426735,0.02800000086426735,0.02800000086426735,0.02800000086426735,0.02800000086426735,0
2022-01-26,0.02800000086426735,0.02800000086426735,0.02800000086426735,0.02800000086426735,0.02800000086426735,0
2022-01-27,0.02800000086426735,0.03500000014901161,0.02800000086426735,0.02800000086426735,0.02800000086426735,1500000
2022-01-28,0.026000000536441803,0.02800000086426735,0.026000000536441803,0.02800000086426735,0.02800000086426735,560000
2022-01-31,0.02800000086426735,0.02800000086426735,0.02800000086426735,0.02800000086426735,0.02800000086426735,0
2022-02-04,0.02800000086426735,0.02800000086426735,0.02800000086426735,0.02800000086426735,0.02800000086426735,0
2022-02-07,0.02800000086426735,0.02800000086426735,0.02800000086426735,0.028999999165534973,0.028999999165534973,420000
2022-02-08,0.028999999165534973,0.028999999165534973,0.028999999165534973,0.028999999165534973,0.028999999165534973,0
2022-02-09,0.028999999165534973,0.028999999165534973,0.028999999165534973,0.028999999165534973,0.028999999165534973,0
2022-02-10,0.028999999165534973,0.028999999165534973,0.028999999165534973,0.028999999165534973,0.028999999165534973,0
2022-02-11,0.026000000536441803,0.026000000536441803,0.026000000536441803,0.026000000536441803,0.026000000536441803,20000
2022-02-14,0.026000000536441803,0.026000000536441803,0.026000000536441803,0.026000000536441803,0.026000000536441803,20000
2022-02-15,0.026000000536441803,0.026000000536441803,0.026000000536441803,0.026000000536441803,0.026000000536441803,380000
2022-02-16,0.02500000037252903,0.027000000700354576,0.02500000037252903,0.026000000536441803,0.026000000536441803,660000
2022-02-17,0.027000000700354576,0.02800000086426735,0.027000000700354576,0.02800000086426735,0.02800000086426735,500000
2022-02-18,0.02800000086426735,0.02800000086426735,0.02800000086426735,0.02800000086426735,0.02800000086426735,180000
2022-02-21,0.02800000086426735,0.02800000086426735,0.02800000086426735,0.02800000086426735,0.02800000086426735,0
2022-02-22,0.02800000086426735,0.02800000086426735,0.02800000086426735,0.02800000086426735,0.02800000086426735,600000
2022-02-23,0.027000000700354576,0.03400000184774399,0.026000000536441803,0.027000000700354576,0.027000000700354576,4080000
2022-02-24,0.027000000700354576,0.027000000700354576,0.027000000700354576,0.027000000700354576,0.027000000700354576,0
2022-02-25,0.027000000700354576,0.027000000700354576,0.027000000700354576,0.027000000700354576,0.027000000700354576,0
2022-02-28,0.027000000700354576,0.027000000700354576,0.027000000700354576,0.027000000700354576,0.027000000700354576,0
2022-03-01,0.027000000700354576,0.027000000700354576,0.027000000700354576,0.027000000700354576,0.027000000700354576,0
2022-03-02,0.027000000700354576,0.027000000700354576,0.027000000700354576,0.027000000700354576,0.027000000700354576,0
2022-03-03,0.027000000700354576,0.027000000700354576,0.027000000700354576,0.027000000700354576,0.027000000700354576,0
2022-03-04,0.027000000700354576,0.027000000700354576,0.027000000700354576,0.027000000700354576,0.027000000700354576,0
2022-03-07,0.027000000700354576,0.027000000700354576,0.027000000700354576,0.027000000700354576,0.027000000700354576,0
2022-03-08,0.027000000700354576,0.027000000700354576,0.027000000700354576,0.027000000700354576,0.027000000700354576,0
2022-03-09,0.027000000700354576,0.027000000700354576,0.027000000700354576,0.027000000700354576,0.027000000700354576,0
2022-03-10,0.02500000037252903,0.027000000700354576,0.024000000208616257,0.027000000700354576,0.027000000700354576,920000
2022-03-11,0.027000000700354576,0.027000000700354576,0.027000000700354576,0.027000000700354576,0.027000000700354576,0
2022-03-14,0.02500000037252903,0.02500000037252903,0.024000000208616257,0.02500000037252903,0.02500000037252903,480000
2022-03-15,0.02500000037252903,0.02500000037252903,0.02500000037252903,0.02500000037252903,0.02500000037252903,2702000
2022-03-16,0.02500000037252903,0.02500000037252903,0.02500000037252903,0.02500000037252903,0.02500000037252903,0
2022-03-17,0.026000000536441803,0.026000000536441803,0.026000000536441803,0.026000000536441803,0.026000000536441803,20000
2022-03-18,0.026000000536441803,0.026000000536441803,0.026000000536441803,0.026000000536441803,0.026000000536441803,0
2022-03-21,0.026000000536441803,0.026000000536441803,0.026000000536441803,0.026000000536441803,0.026000000536441803,0
2022-03-22,0.026000000536441803,0.026000000536441803,0.026000000536441803,0.026000000536441803,0.026000000536441803,0
2022-03-23,0.02500000037252903,0.026000000536441803,0.02500000037252903,0.026000000536441803,0.026000000536441803,520000
2022-03-24,0.026000000536441803,0.026000000536441803,0.026000000536441803,0.026000000536441803,0.026000000536441803,0
2022-03-25,0.026000000536441803,0.026000000536441803,0.026000000536441803,0.026000000536441803,0.026000000536441803,0
2022-03-28,0.026000000536441803,0.026000000536441803,0.026000000536441803,0.026000000536441803,0.026000000536441803,0
2022-03-29,0.026000000536441803,0.026000000536441803,0.026000000536441803,0.026000000536441803,0.026000000536441803,0
2022-03-30,0.02500000037252903,0.026000000536441803,0.024000000208616257,0.026000000536441803,0.026000000536441803,345000
2022-03-31,0.026000000536441803,0.026000000536441803,0.026000000536441803,0.026000000536441803,0.026000000536441803,0
2022-04-01,0.024000000208616257,0.029999999329447746,0.024000000208616257,0.028999999165534973,0.028999999165534973,60000
2022-04-04,0.028999999165534973,0.028999999165534973,0.028999999165534973,0.028999999165534973,0.028999999165534973,0
2022-04-06,0.026000000536441803,0.027000000700354576,0.026000000536441803,0.026000000536441803,0.026000000536441803,2180000
2022-04-07,0.024000000208616257,0.026000000536441803,0.024000000208616257,0.026000000536441803,0.026000000536441803,40000
2022-04-08,0.026000000536441803,0.026000000536441803,0.026000000536441803,0.026000000536441803,0.026000000536441803,0
2022-04-11,0.024000000208616257,0.026000000536441803,0.024000000208616257,0.024000000208616257,0.024000000208616257,500000
2022-04-12,0.02500000037252903,0.02500000037252903,0.02500000037252903,0.02500000037252903,0.02500000037252903,0
2022-04-13,0.026000000536441803,0.026000000536441803,0.024000000208616257,0.024000000208616257,0.024000000208616257,80000
2022-04-14,0.02500000037252903,0.02500000037252903,0.02500000037252903,0.02500000037252903,0.02500000037252903,0
2022-04-19,0.024000000208616257,0.024000000208616257,0.024000000208616257,0.024000000208616257,0.024000000208616257,0
2022-04-20,0.024000000208616257,0.02500000037252903,0.024000000208616257,0.02500000037252903,0.02500000037252903,1460000
2022-04-21,0.02500000037252903,0.02500000037252903,0.02500000037252903,0.02500000037252903,0.02500000037252903,0
2022-04-22,0.02500000037252903,0.02500000037252903,0.02500000037252903,0.02500000037252903,0.02500000037252903,325500
2022-04-25,0.02500000037252903,0.02500000037252903,0.02500000037252903,0.02500000037252903,0.02500000037252903,0
2022-04-26,0.02500000037252903,0.02500000037252903,0.02500000037252903,0.02500000037252903,0.02500000037252903,0
2022-04-27,0.024000000208616257,0.026000000536441803,0.024000000208616257,0.026000000536441803,0.026000000536441803,80000
2022-04-28,0.026000000536441803,0.026000000536441803,0.026000000536441803,0.026000000536441803,0.026000000536441803,0
2022-04-29,0.024000000208616257,0.024000000208616257,0.024000000208616257,0.02500000037252903,0.02500000037252903,200000
2022-05-03,0.024000000208616257,0.026000000536441803,0.024000000208616257,0.026000000536441803,0.026000000536441803,220000
2022-05-04,0.024000000208616257,0.024000000208616257,0.024000000208616257,0.024000000208616257,0.024000000208616257,0
2022-05-05,0.026000000536441803,0.026000000536441803,0.026000000536441803,0.026000000536441803,0.026000000536441803,0
2022-05-06,0.026000000536441803,0.026000000536441803,0.026000000536441803,0.026000000536441803,0.026000000536441803,0
2022-05-10,0.02500000037252903,0.02500000037252903,0.02500000037252903,0.02500000037252903,0.02500000037252903,1700000
2022-05-11,0.02500000037252903,0.02500000037252903,0.02500000037252903,0.02500000037252903,0.02500000037252903,0
2022-05-12,0.02500000037252903,0.02500000037252903,0.02500000037252903,0.02500000037252903,0.02500000037252903,0
2022-05-13,0.02500000037252903,0.02500000037252903,0.02500000037252903,0.02500000037252903,0.02500000037252903,0
2022-05-16,0.024000000208616257,0.026000000536441803,0.024000000208616257,0.026000000536441803,0.026000000536441803,40000
2022-05-17,0.029999999329447746,0.027000000700354576,0.026000000536441803,0.026000000536441803,0.026000000536441803,2100000
2022-05-18,0.026000000536441803,0.026000000536441803,0.026000000536441803,0.026000000536441803,0.026000000536441803,0
2022-05-19,0.024000000208616257,0.026000000536441803,0.024000000208616257,0.026000000536441803,0.026000000536441803,280000
2022-05-20,0.026000000536441803,0.026000000536441803,0.02500000037252903,0.026000000536441803,0.026000000536441803,380000
2022-05-23,0.026000000536441803,0.02800000086426735,0.02500000037252903,0.027000000700354576,0.027000000700354576,80000
2022-05-24,0.027000000700354576,0.027000000700354576,0.027000000700354576,0.027000000700354576,0.027000000700354576,0
2022-05-25,0.026000000536441803,0.02800000086426735,0.026000000536441803,0.027000000700354576,0.027000000700354576,2580000
2022-05-26,0.027000000700354576,0.027000000700354576,0.027000000700354576,0.027000000700354576,0.027000000700354576,0
2022-05-27,0.026000000536441803,0.026000000536441803,0.026000000536441803,0.026000000536441803,0.026000000536441803,0
2022-05-30,0.026000000536441803,0.026000000536441803,0.026000000536441803,0.026000000536441803,0.026000000536441803,0
2022-05-31,0.026000000536441803,0.026000000536441803,0.026000000536441803,0.026000000536441803,0.026000000536441803,102500
2022-06-01,0.024000000208616257,0.026000000536441803,0.023000000044703484,0.026000000536441803,0.026000000536441803,700000
2022-06-02,0.027000000700354576,0.027000000700354576,0.027000000700354576,0.027000000700354576,0.027000000700354576,0
2022-06-06,0.027000000700354576,0.027000000700354576,0.027000000700354576,0.027000000700354576,0.027000000700354576,0
2022-06-07,0.024000000208616257,0.026000000536441803,0.024000000208616257,0.026000000536441803,0.026000000536441803,3760000
2022-06-08,0.026000000536441803,0.026000000536441803,0.026000000536441803,0.026000000536441803,0.026000000536441803,0
2022-06-09,0.026000000536441803,0.026000000536441803,0.026000000536441803,0.026000000536441803,0.026000000536441803,0
2022-06-10,0.026000000536441803,0.026000000536441803,0.026000000536441803,0.026000000536441803,0.026000000536441803,0
2022-06-13,0.026000000536441803,0.027000000700354576,0.024000000208616257,0.02500000037252903,0.02500000037252903,2140000
2022-06-14,0.024000000208616257,0.024000000208616257,0.024000000208616257,0.024000000208616257,0.024000000208616257,1360000
2022-06-15,0.024000000208616257,0.024000000208616257,0.024000000208616257,0.024000000208616257,0.024000000208616257,0
2022-06-16,0.023000000044703484,0.02500000037252903,0.023000000044703484,0.02500000037252903,0.02500000037252903,4760000
2022-06-17,0.02500000037252903,0.02500000037252903,0.02500000037252903,0.02500000037252903,0.02500000037252903,0
2022-06-20,0.02500000037252903,0.02500000037252903,0.02500000037252903,0.02500000037252903,0.02500000037252903,0
2022-06-21,0.023000000044703484,0.024000000208616257,0.023000000044703484,0.024000000208616257,0.024000000208616257,150000
2022-06-22,0.024000000208616257,0.05000000074505806,0.024000000208616257,0.02800000086426735,0.02800000086426735,23370000
2022-06-23,0.02800000086426735,0.02800000086426735,0.02500000037252903,0.027000000700354576,0.027000000700354576,640000
2022-06-24,0.027000000700354576,0.027000000700354576,0.024000000208616257,0.02500000037252903,0.02500000037252903,3880000
2022-06-27,0.02500000037252903,0.02800000086426735,0.02500000037252903,0.027000000700354576,0.027000000700354576,2820000
2022-06-28,0.02500000037252903,0.026000000536441803,0.02500000037252903,0.026000000536441803,0.026000000536441803,360000
2022-06-29,0.026000000536441803,0.026000000536441803,0.026000000536441803,0.026000000536441803,0.026000000536441803,0
2022-06-30,0.02500000037252903,0.02500000037252903,0.02500000037252903,0.02500000037252903,0.02500000037252903,0
2022-07-04,0.026000000536441803,0.02800000086426735,0.02500000037252903,0.026000000536441803,0.026000000536441803,7420000
2022-07-05,0.026000000536441803,0.026000000536441803,0.024000000208616257,0.02500000037252903,0.02500000037252903,321000
2022-07-06,0.02500000037252903,0.02500000037252903,0.02500000037252903,0.02500000037252903,0.02500000037252903,0
2022-07-07,0.026000000536441803,0.026000000536441803,0.026000000536441803,0.026000000536441803,0.026000000536441803,0
2022-07-08,0.02500000037252903,0.02500000037252903,0.02199999988079071,0.02500000037252903,0.02500000037252903,3820000
2022-07-11,0.024000000208616257,0.02500000037252903,0.024000000208616257,0.02500000037252903,0.02500000037252903,220000
2022-07-12,0.02500000037252903,0.02500000037252903,0.02500000037252903,0.02500000037252903,0.02500000037252903,0
2022-07-13,0.023000000044703484,0.024000000208616257,0.023000000044703484,0.024000000208616257,0.024000000208616257,880000
2022-07-14,0.024000000208616257,0.024000000208616257,0.024000000208616257,0.024000000208616257,0.024000000208616257,20500
2022-07-15,0.024000000208616257,0.024000000208616257,0.024000000208616257,0.024000000208616257,0.024000000208616257,60000
2022-07-18,0.024000000208616257,0.024000000208616257,0.024000000208616257,0.024000000208616257,0.024000000208616257,0
2022-07-19,0.023000000044703484,0.024000000208616257,0.02199999988079071,0.024000000208616257,0.024000000208616257,5780000
2022-07-20,0.024000000208616257,0.024000000208616257,0.023000000044703484,0.024000000208616257,0.024000000208616257,760000
2022-07-21,0.024000000208616257,0.024000000208616257,0.023000000044703484,0.024000000208616257,0.024000000208616257,820000
2022-07-22,0.024000000208616257,0.02500000037252903,0.024000000208616257,0.02500000037252903,0.02500000037252903,4120000
2022-07-25,0.023000000044703484,0.024000000208616257,0.023000000044703484,0.023000000044703484,0.023000000044703484,920000
2022-07-26,0.023000000044703484,0.023000000044703484,0.023000000044703484,0.023000000044703484,0.023000000044703484,0
2022-07-27,0.023000000044703484,0.02500000037252903,0.023000000044703484,0.02500000037252903,0.02500000037252903,320000
2022-07-28,0.023000000044703484,0.024000000208616257,0.023000000044703484,0.024000000208616257,0.024000000208616257,560000
2022-07-29,0.023000000044703484,0.023000000044703484,0.02199999988079071,0.023000000044703484,0.023000000044703484,890000
2022-08-01,0.023000000044703484,0.023000000044703484,0.023000000044703484,0.023000000044703484,0.023000000044703484,0
2022-08-02,0.023000000044703484,0.023000000044703484,0.023000000044703484,0.023000000044703484,0.023000000044703484,0
2022-08-03,0.020999999716877937,0.023000000044703484,0.020999999716877937,0.023000000044703484,0.023000000044703484,560000
2022-08-04,0.023000000044703484,0.023000000044703484,0.023000000044703484,0.023000000044703484,0.023000000044703484,0
2022-08-05,0.02199999988079071,0.023000000044703484,0.02199999988079071,0.023000000044703484,0.023000000044703484,2840000
2022-08-08,0.020999999716877937,0.02199999988079071,0.020999999716877937,0.020999999716877937,0.020999999716877937,1900000
2022-08-09,0.020999999716877937,0.02199999988079071,0.020999999716877937,0.02199999988079071,0.02199999988079071,1120000
2022-08-10,0.02199999988079071,0.02199999988079071,0.02199999988079071,0.02199999988079071,0.02199999988079071,180000
2022-08-11,0.020999999716877937,0.023000000044703484,0.020999999716877937,0.023000000044703484,0.023000000044703484,160000
2022-08-12,0.020999999716877937,0.02199999988079071,0.020999999716877937,0.02199999988079071,0.02199999988079071,3321000
2022-08-15,0.02199999988079071,0.02199999988079071,0.02199999988079071,0.02199999988079071,0.02199999988079071,0
2022-08-16,0.020999999716877937,0.02199999988079071,0.020999999716877937,0.02199999988079071,0.02199999988079071,680000
2022-08-17,0.02199999988079071,0.02199999988079071,0.02199999988079071,0.02199999988079071,0.02199999988079071,0
2022-08-18,0.02199999988079071,0.02199999988079071,0.019999999552965164,0.02199999988079071,0.02199999988079071,2940000
2022-08-19,0.024000000208616257,0.024000000208616257,0.024000000208616257,0.024000000208616257,0.024000000208616257,0
2022-08-22,0.023000000044703484,0.023000000044703484,0.02199999988079071,0.02199999988079071,0.02199999988079071,360000
2022-08-23,0.020999999716877937,0.020999999716877937,0.020999999716877937,0.02199999988079071,0.02199999988079071,0
2022-08-24,0.02199999988079071,0.02199999988079071,0.02199999988079071,0.02199999988079071,0.02199999988079071,0
2022-08-25,0.02199999988079071,0.02199999988079071,0.020999999716877937,0.02199999988079071,0.02199999988079071,300000
2022-08-26,0.020999999716877937,0.020999999716877937,0.020999999716877937,0.02199999988079071,0.02199999988079071,202000
2022-08-29,0.02199999988079071,0.02199999988079071,0.020999999716877937,0.02199999988079071,0.02199999988079071,460000
2022-08-30,0.020999999716877937,0.02199999988079071,0.01899999938905239,0.02199999988079071,0.02199999988079071,2300000
2022-08-31,0.020999999716877937,0.02199999988079071,0.020999999716877937,0.02199999988079071,0.02199999988079071,1320000
2022-09-01,0.019999999552965164,0.020999999716877937,0.019999999552965164,0.020999999716877937,0.020999999716877937,480000
2022-09-02,0.019999999552965164,0.020999999716877937,0.01899999938905239,0.020999999716877937,0.020999999716877937,4240000
2022-09-05,0.020999999716877937,0.020999999716877937,0.020999999716877937,0.020999999716877937,0.020999999716877937,0
2022-09-06,0.020999999716877937,0.020999999716877937,0.020999999716877937,0.020999999716877937,0.020999999716877937,0
2022-09-07,0.019999999552965164,0.019999999552965164,0.019999999552965164,0.020999999716877937,0.020999999716877937,120000
2022-09-08,0.020999999716877937,0.020999999716877937,0.020999999716877937,0.020999999716877937,0.020999999716877937,0
2022-09-09,0.020999999716877937,0.020999999716877937,0.020999999716877937,0.020999999716877937,0.020999999716877937,0
2022-09-13,0.020999999716877937,0.020999999716877937,0.020999999716877937,0.020999999716877937,0.020999999716877937,0
2022-09-14,0.019999999552965164,0.020999999716877937,0.019999999552965164,0.019999999552965164,0.019999999552965164,1721000
2022-09-15,0.019999999552965164,0.019999999552965164,0.019999999552965164,0.019999999552965164,0.019999999552965164,0
2022-09-16,0.019999999552965164,0.019999999552965164,0.019999999552965164,0.019999999552965164,0.019999999552965164,0
2022-09-19,0.01899999938905239,0.01899999938905239,0.01899999938905239,0.019999999552965164,0.019999999552965164,220000
2022-09-20,0.019999999552965164,0.019999999552965164,0.01899999938905239,0.019999999552965164,0.019999999552965164,880000
2022-09-21,0.01899999938905239,0.01899999938905239,0.01899999938905239,0.019999999552965164,0.019999999552965164,220000
2022-09-22,0.01899999938905239,0.019999999552965164,0.01899999938905239,0.019999999552965164,0.019999999552965164,2380000
2022-09-23,0.019999999552965164,0.019999999552965164,0.019999999552965164,0.019999999552965164,0.019999999552965164,0
2022-09-26,0.019999999552965164,0.019999999552965164,0.019999999552965164,0.019999999552965164,0.019999999552965164,0
2022-09-27,0.019999999552965164,0.019999999552965164,0.019999999552965164,0.019999999552965164,0.019999999552965164,0
2022-09-28,0.019999999552965164,0.019999999552965164,0.019999999552965164,0.019999999552965164,0.019999999552965164,0
2022-09-29,0.019999999552965164,0.019999999552965164,0.01899999938905239,0.019999999552965164,0.019999999552965164,1660000
2022-09-30,0.019999999552965164,0.019999999552965164,0.019999999552965164,0.019999999552965164,0.019999999552965164,0
2022-10-03,0.019999999552965164,0.019999999552965164,0.019999999552965164,0.019999999552965164,0.019999999552965164,0
2022-10-05,0.019999999552965164,0.019999999552965164,0.019999999552965164,0.019999999552965164,0.019999999552965164,0
2022-10-06,0.019999999552965164,0.019999999552965164,0.019999999552965164,0.019999999552965164,0.019999999552965164,0
2022-10-07,0.019999999552965164,0.019999999552965164,0.019999999552965164,0.019999999552965164,0.019999999552965164,0
2022-10-10,0.019999999552965164,0.019999999552965164,0.019999999552965164,0.019999999552965164,0.019999999552965164,0
2022-10-11,0.01899999938905239,0.019999999552965164,0.01899999938905239,0.019999999552965164,0.019999999552965164,720000
2022-10-12,0.017999999225139618,0.01899999938905239,0.017000000923871994,0.01899999938905239,0.01899999938905239,8080000
2022-10-13,0.01899999938905239,0.01899999938905239,0.01899999938905239,0.01899999938905239,0.01899999938905239,0
2022-10-14,0.019999999552965164,0.019999999552965164,0.017000000923871994,0.01899999938905239,0.01899999938905239,80000
2022-10-17,0.01899999938905239,0.023000000044703484,0.017000000923871994,0.023000000044703484,0.023000000044703484,7840000
2022-10-18,0.02199999988079071,0.02199999988079071,0.017999999225139618,0.019999999552965164,0.019999999552965164,3400000
2022-10-19,0.01899999938905239,0.01899999938905239,0.017999999225139618,0.01899999938905239,0.01899999938905239,1180000
2022-10-20,0.020999999716877937,0.02199999988079071,0.01899999938905239,0.01899999938905239,0.01899999938905239,4620000
2022-10-21,0.01899999938905239,0.019999999552965164,0.01899999938905239,0.019999999552965164,0.019999999552965164,3040000
2022-10-24,0.019999999552965164,0.023000000044703484,0.01899999938905239,0.020999999716877937,0.020999999716877937,15420000
2022-10-25,0.01899999938905239,0.020999999716877937,0.01899999938905239,0.020999999716877937,0.020999999716877937,580000
2022-10-26,0.017999999225139618,0.01899999938905239,0.017999999225139618,0.01899999938905239,0.01899999938905239,340000
2022-10-27,0.01899999938905239,0.01899999938905239,0.01899999938905239,0.01899999938905239,0.01899999938905239,0
2022-10-28,0.01899999938905239,0.01899999938905239,0.01899999938905239,0.01899999938905239,0.01899999938905239,0
2022-10-31,0.01899999938905239,0.01899999938905239,0.01899999938905239,0.01899999938905239,0.01899999938905239,0
2022-11-01,0.017000000923871994,0.01899999938905239,0.017000000923871994,0.01899999938905239,0.01899999938905239,2760000
2022-11-02,0.017000000923871994,0.017999999225139618,0.017000000923871994,0.017999999225139618,0.017999999225139618,340000
2022-11-03,0.017000000923871994,0.017999999225139618,0.017000000923871994,0.017999999225139618,0.017999999225139618,605000
2022-11-04,0.017999999225139618,0.017999999225139618,0.017999999225139618,0.017999999225139618,0.017999999225139618,280000
2022-11-07,0.017000000923871994,0.017999999225139618,0.017000000923871994,0.017999999225139618,0.017999999225139618,1400000
2022-11-08,0.017999999225139618,0.017999999225139618,0.017999999225139618,0.017999999225139618,0.017999999225139618,0
2022-11-09,0.017000000923871994,0.017000000923871994,0.017000000923871994,0.017000000923871994,0.017000000923871994,1440000
2022-11-10,0.017999999225139618,0.01899999938905239,0.017999999225139618,0.017999999225139618,0.017999999225139618,6640000
2022-11-11,0.017999999225139618,0.01899999938905239,0.017999999225139618,0.01899999938905239,0.01899999938905239,860000
2022-11-14,0.01899999938905239,0.020999999716877937,0.017999999225139618,0.020999999716877937,0.020999999716877937,100000
2022-11-15,0.019999999552965164,0.019999999552965164,0.019999999552965164,0.019999999552965164,0.019999999552965164,0
2022-11-16,0.01899999938905239,0.019999999552965164,0.01899999938905239,0.020999999716877937,0.020999999716877937,442500
2022-11-17,0.020999999716877937,0.020999999716877937,0.020999999716877937,0.020999999716877937,0.020999999716877937,0
2022-11-18,0.01899999938905239,0.019999999552965164,0.017000000923871994,0.019999999552965164,0.019999999552965164,440000
2022-11-21,0.019999999552965164,0.019999999552965164,0.019999999552965164,0.019999999552965164,0.019999999552965164,0
2022-11-22,0.019999999552965164,0.019999999552965164,0.019999999552965164,0.019999999552965164,0.019999999552965164,0
2022-11-23,0.017999999225139618,0.017999999225139618,0.017999999225139618,0.01899999938905239,0.01899999938905239,50000
2022-11-24,0.017999999225139618,0.017999999225139618,0.017999999225139618,0.017999999225139618,0.017999999225139618,0
2022-11-25,0.01899999938905239,0.01899999938905239,0.01899999938905239,0.01899999938905239,0.01899999938905239,0
2022-11-28,0.01899999938905239,0.01899999938905239,0.01899999938905239,0.01899999938905239,0.01899999938905239,0
2022-11-29,0.01899999938905239,0.01899999938905239,0.01899999938905239,0.01899999938905239,0.01899999938905239,0
2022-11-30,0.019999999552965164,0.019999999552965164,0.019999999552965164,0.019999999552965164,0.019999999552965164,0
2022-12-01,0.019999999552965164,0.019999999552965164,0.019999999552965164,0.019999999552965164,0.019999999552965164,0
2022-12-02,0.019999999552965164,0.019999999552965164,0.019999999552965164,0.019999999552965164,0.019999999552965164,0
2022-12-05,0.01899999938905239,0.020999999716877937,0.01899999938905239,0.02199999988079071,0.02199999988079071,360000
2022-12-06,0.020999999716877937,0.020999999716877937,0.019999999552965164,0.02199999988079071,0.02199999988079071,2160000
2022-12-07,0.019999999552965164,0.019999999552965164,0.019999999552965164,0.020999999716877937,0.020999999716877937,100000
2022-12-08,0.02199999988079071,0.02199999988079071,0.02199999988079071,0.02199999988079071,0.02199999988079071,0
2022-12-09,0.020999999716877937,0.020999999716877937,0.01899999938905239,0.020999999716877937,0.020999999716877937,980000
2022-12-12,0.020999999716877937,0.020999999716877937,0.020999999716877937,0.020999999716877937,0.020999999716877937,0
2022-12-13,0.01899999938905239,0.019999999552965164,0.01899999938905239,0.020999999716877937,0.020999999716877937,300000
2022-12-14,0.020999999716877937,0.020999999716877937,0.020999999716877937,0.020999999716877937,0.020999999716877937,0
2022-12-15,0.020999999716877937,0.020999999716877937,0.020999999716877937,0.020999999716877937,0.020999999716877937,0
2022-12-16,0.02199999988079071,0.02199999988079071,0.02199999988079071,0.02199999988079071,0.02199999988079071,140000
2022-12-19,0.02199999988079071,0.02199999988079071,0.02199999988079071,0.02199999988079071,0.02199999988079071,0
2022-12-20,0.02199999988079071,0.02199999988079071,0.02199999988079071,0.02199999988079071,0.02199999988079071,0
2022-12-21,0.024000000208616257,0.024000000208616257,0.019999999552965164,0.023000000044703484,0.023000000044703484,80000
2022-12-22,0.019999999552965164,0.020999999716877937,0.017000000923871994,0.019999999552965164,0.019999999552965164,1400000
2022-12-23,0.017999999225139618,0.017999999225139618,0.017000000923871994,0.01899999938905239,0.01899999938905239,1020000
2022-12-28,0.01899999938905239,0.01899999938905239,0.01899999938905239,0.01899999938905239,0.01899999938905239,0
2022-12-29,0.01899999938905239,0.019999999552965164,0.01600000075995922,0.019999999552965164,0.019999999552965164,140000
2022-12-30,0.019999999552965164,0.019999999552965164,0.019999999552965164,0.019999999552965164,0.019999999552965164,0
2023-01-03,0.019999999552965164,0.019999999552965164,0.019999999552965164,0.019999999552965164,0.019999999552965164,0
2023-01-04,0.020999999716877937,0.02500000037252903,0.020999999716877937,0.02500000037252903,0.02500000037252903,2360000
2023-01-05,0.026000000536441803,0.026000000536441803,0.023000000044703484,0.024000000208616257,0.024000000208616257,495000
2023-01-06,0.024000000208616257,0.024000000208616257,0.024000000208616257,0.024000000208616257,0.024000000208616257,0
2023-01-09,0.02199999988079071,0.02199999988079071,0.020999999716877937,0.023000000044703484,0.023000000044703484,2340000
2023-01-10,0.02199999988079071,0.02199999988079071,0.02199999988079071,0.023000000044703484,0.023000000044703484,200000
2023-01-11,0.02199999988079071,0.02199999988079071,0.02199999988079071,0.023000000044703484,0.023000000044703484,220000
2023-01-12,0.02199999988079071,0.029999999329447746,0.019999999552965164,0.024000000208616257,0.024000000208616257,26080000
2023-01-13,0.026000000536441803,0.026000000536441803,0.02199999988079071,0.024000000208616257,0.024000000208616257,2960000
2023-01-16,0.02199999988079071,0.024000000208616257,0.02199999988079071,0.024000000208616257,0.024000000208616257,880000
2023-01-17,0.024000000208616257,0.024000000208616257,0.024000000208616257,0.024000000208616257,0.024000000208616257,20000
2023-01-18,0.024000000208616257,0.024000000208616257,0.024000000208616257,0.024000000208616257,0.024000000208616257,0
2023-01-19,0.02199999988079071,0.023000000044703484,0.02199999988079071,0.023000000044703484,0.023000000044703484,1620000
2023-01-20,0.02199999988079071,0.024000000208616257,0.02199999988079071,0.024000000208616257,0.024000000208616257,1520000
2023-01-26,0.02199999988079071,0.02500000037252903,0.02199999988079071,0.02500000037252903,0.02500000037252903,1000000
2023-01-27,0.02500000037252903,0.02500000037252903,0.02500000037252903,0.02500000037252903,0.02500000037252903,0
2023-01-30,0.02199999988079071,0.023000000044703484,0.020999999716877937,0.023000000044703484,0.023000000044703484,900000
2023-01-31,0.020999999716877937,0.02199999988079071,0.020999999716877937,0.02199999988079071,0.02199999988079071,140000
2023-02-01,0.02199999988079071,0.02199999988079071,0.020999999716877937,0.02199999988079071,0.02199999988079071,620000
2023-02-02,0.02199999988079071,0.02500000037252903,0.02199999988079071,0.02500000037252903,0.02500000037252903,1410000
2023-02-03,0.020999999716877937,0.02199999988079071,0.020999999716877937,0.02199999988079071,0.02199999988079071,1721500
2023-02-06,0.02199999988079071,0.02199999988079071,0.020999999716877937,0.023000000044703484,0.023000000044703484,1380000
2023-02-07,0.023000000044703484,0.024000000208616257,0.023000000044703484,0.024000000208616257,0.024000000208616257,120000
2023-02-08,0.024000000208616257,0.024000000208616257,0.024000000208616257,0.024000000208616257,0.024000000208616257,0
2023-02-09,0.020999999716877937,0.02199999988079071,0.020999999716877937,0.02199999988079071,0.02199999988079071,3550000
2023-02-10,0.020999999716877937,0.02199999988079071,0.020999999716877937,0.02199999988079071,0.02199999988079071,740000
2023-02-13,0.02199999988079071,0.02199999988079071,0.02199999988079071,0.02199999988079071,0.02199999988079071,20000
2023-02-14,0.020999999716877937,0.02199999988079071,0.020999999716877937,0.02199999988079071,0.02199999988079071,240000
2023-02-15,0.020999999716877937,0.020999999716877937,0.01899999938905239,0.020999999716877937,0.020999999716877937,985500
2023-02-16,0.020999999716877937,0.020999999716877937,0.020999999716877937,0.020999999716877937,0.020999999716877937,0
2023-02-17,0.020999999716877937,0.020999999716877937,0.020999999716877937,0.020999999716877937,0.020999999716877937,0
2023-02-20,0.019999999552965164,0.020999999716877937,0.017999999225139618,0.019999999552965164,0.019999999552965164,2280000
2023-02-21,0.019999999552965164,0.019999999552965164,0.017999999225139618,0.019999999552965164,0.019999999552965164,80000
2023-02-22,0.019999999552965164,0.019999999552965164,0.019999999552965164,0.019999999552965164,0.019999999552965164,0
2023-02-23,0.02199999988079071,0.02199999988079071,0.02199999988079071,0.02199999988079071,0.02199999988079071,0
2023-02-24,0.01899999938905239,0.02199999988079071,0.01899999938905239,0.02199999988079071,0.02199999988079071,420000
2023-02-27,0.01899999938905239,0.01899999938905239,0.01899999938905239,0.01899999938905239,0.01899999938905239,280000
2023-02-28,0.019999999552965164,0.019999999552965164,0.019999999552965164,0.019999999552965164,0.019999999552965164,40000
2023-03-01,0.019999999552965164,0.019999999552965164,0.017000000923871994,0.017999999225139618,0.017999999225139618,3780000
2023-03-02,0.017999999225139618,0.017999999225139618,0.017999999225139618,0.017999999225139618,0.017999999225139618,900200
2023-03-03,0.01899999938905239,0.01899999938905239,0.017999999225139618,0.01899999938905239,0.01899999938905239,1180000
2023-03-06,0.01899999938905239,0.01899999938905239,0.01899999938905239,0.01899999938905239,0.01899999938905239,0
2023-03-07,0.01899999938905239,0.01899999938905239,0.01899999938905239,0.01899999938905239,0.01899999938905239,0
2023-03-08,0.01899999938905239,0.01899999938905239,0.01899999938905239,0.01899999938905239,0.01899999938905239,0
2023-03-09,0.017999999225139618,0.01899999938905239,0.017000000923871994,0.01899999938905239,0.01899999938905239,1220000
2023-03-10,0.01899999938905239,0.01899999938905239,0.01899999938905239,0.01899999938905239,0.01899999938905239,0
2023-03-13,0.01899999938905239,0.01899999938905239,0.01899999938905239,0.01899999938905239,0.01899999938905239,0
2023-03-14,0.01899999938905239,0.01899999938905239,0.01899999938905239,0.01899999938905239,0.01899999938905239,0
2023-03-15,0.017999999225139618,0.017999999225139618,0.01600000075995922,0.017999999225139618,0.017999999225139618,4880000
2023-03-16,0.017999999225139618,0.017999999225139618,0.017999999225139618,0.017999999225139618,0.017999999225139618,0
2023-03-17,0.017999999225139618,0.017999999225139618,0.017999999225139618,0.017999999225139618,0.017999999225139618,0
2023-03-20,0.017999999225139618,0.017999999225139618,0.017999999225139618,0.017999999225139618,0.017999999225139618,0
2023-03-21,0.017999999225139618,0.017999999225139618,0.01600000075995922,0.017999999225139618,0.017999999225139618,1520000
2023-03-22,0.017999999225139618,0.017999999225139618,0.017999999225139618,0.017999999225139618,0.017999999225139618,0
2023-03-23,0.017000000923871994,0.017999999225139618,0.017000000923871994,0.017999999225139618,0.017999999225139618,1880000
2023-03-24,0.017999999225139618,0.017999999225139618,0.017999999225139618,0.017999999225139618,0.017999999225139618,0
2023-03-27,0.017999999225139618,0.017999999225139618,0.017999999225139618,0.017999999225139618,0.017999999225139618,0
2023-03-28,0.017999999225139618,0.017999999225139618,0.017999999225139618,0.017999999225139618,0.017999999225139618,0
2023-03-29,0.017999999225139618,0.017999999225139618,0.017999999225139618,0.017999999225139618,0.017999999225139618,0
2023-03-30,0.017000000923871994,0.017000000923871994,0.017000000923871994,0.01899999938905239,0.01899999938905239,40000
2023-03-31,0.01600000075995922,0.017000000923871994,0.01600000075995922,0.01899999938905239,0.01899999938905239,1060000
2023-04-03,0.01899999938905239,0.01899999938905239,0.01899999938905239,0.01899999938905239,0.01899999938905239,0
2023-04-04,0.01600000075995922,0.01899999938905239,0.01600000075995922,0.01899999938905239,0.01899999938905239,60000
2023-04-06,0.017000000923871994,0.01899999938905239,0.017000000923871994,0.01899999938905239,0.01899999938905239,1420000
2023-04-11,0.017000000923871994,0.017999999225139618,0.014999999664723873,0.017000000923871994,0.017000000923871994,9200000
2023-04-12,0.017000000923871994,0.017000000923871994,0.017000000923871994,0.017000000923871994,0.017000000923871994,0
2023-04-13,0.017000000923871994,0.017000000923871994,0.017000000923871994,0.017000000923871994,0.017000000923871994,0
2023-04-14,0.017000000923871994,0.017000000923871994,0.017000000923871994,0.017000000923871994,0.017000000923871994,0
2023-04-17,0.017000000923871994,0.017000000923871994,0.017000000923871994,0.017000000923871994,0.017000000923871994,0
2023-04-18,0.017000000923871994,0.017000000923871994,0.017000000923871994,0.017000000923871994,0.017000000923871994,0
2023-04-19,0.017000000923871994,0.017000000923871994,0.017000000923871994,0.017000000923871994,0.017000000923871994,0
2023-04-20,0.01600000075995922,0.017999999225139618,0.01600000075995922,0.017000000923871994,0.017000000923871994,1760000
2023-04-21,0.014999999664723873,0.017000000923871994,0.014999999664723873,0.017000000923871994,0.017000000923871994,1000000
2023-04-24,0.017000000923871994,0.017000000923871994,0.017000000923871994,0.017000000923871994,0.017000000923871994,0
2023-04-25,0.014999999664723873,0.017999999225139618,0.014999999664723873,0.017000000923871994,0.017000000923871994,60000
2023-04-26,0.014999999664723873,0.017000000923871994,0.014999999664723873,0.017000000923871994,0.017000000923871994,420000
2023-04-27,0.01600000075995922,0.017000000923871994,0.01600000075995922,0.017000000923871994,0.017000000923871994,900000
2023-04-28,0.01600000075995922,0.017000000923871994,0.01600000075995922,0.017000000923871994,0.017000000923871994,361000
2023-05-02,0.017000000923871994,0.017000000923871994,0.017000000923871994,0.017000000923871994,0.017000000923871994,0
2023-05-03,0.017000000923871994,0.017000000923871994,0.017000000923871994,0.017000000923871994,0.017000000923871994,0
2023-05-04,0.017000000923871994,0.017000000923871994,0.017000000923871994,0.017000000923871994,0.017000000923871994,0
2023-05-05,0.017000000923871994,0.017000000923871994,0.017000000923871994,0.017000000923871994,0.017000000923871994,0
2023-05-08,0.01600000075995922,0.01600000075995922,0.014999999664723873,0.014999999664723873,0.014999999664723873,11602500
2023-05-09,0.014999999664723873,0.01600000075995922,0.014999999664723873,0.01600000075995922,0.01600000075995922,140000
2023-05-10,0.01600000075995922,0.01600000075995922,0.014999999664723873,0.01600000075995922,0.01600000075995922,740000
2023-05-11,0.01600000075995922,0.01600000075995922,0.014999999664723873,0.01600000075995922,0.01600000075995922,260000
2023-05-12,0.01600000075995922,0.01600000075995922,0.01600000075995922,0.01600000075995922,0.01600000075995922,0
2023-05-15,0.01600000075995922,0.01600000075995922,0.01600000075995922,0.01600000075995922,0.01600000075995922,0
2023-05-16,0.01600000075995922,0.01600000075995922,0.01600000075995922,0.01600000075995922,0.01600000075995922,0
2023-05-17,0.01600000075995922,0.01600000075995922,0.01600000075995922,0.01600000075995922,0.01600000075995922,0
2023-05-18,0.014000000432133675,0.014999999664723873,0.014000000432133675,0.014999999664723873,0.014999999664723873,2480000
2023-05-19,0.014999999664723873,0.014999999664723873,0.014999999664723873,0.014999999664723873,0.014999999664723873,0
2023-05-22,0.01600000075995922,0.01600000075995922,0.01600000075995922,0.01600000075995922,0.01600000075995922,80000
2023-05-23,0.01600000075995922,0.01600000075995922,0.01600000075995922,0.01600000075995922,0.01600000075995922,0
2023-05-24,0.01600000075995922,0.01600000075995922,0.01600000075995922,0.01600000075995922,0.01600000075995922,0
2023-05-25,0.014999999664723873,0.014999999664723873,0.014999999664723873,0.01600000075995922,0.01600000075995922,220000
2023-05-29,0.01600000075995922,0.01600000075995922,0.01600000075995922,0.01600000075995922,0.01600000075995922,0
2023-05-30,0.01600000075995922,0.01600000075995922,0.01600000075995922,0.01600000075995922,0.01600000075995922,0
2023-05-31,0.014000000432133675,0.01600000075995922,0.014000000432133675,0.01600000075995922,0.01600000075995922,670000
2023-06-01,0.01600000075995922,0.01600000075995922,0.01600000075995922,0.01600000075995922,0.01600000075995922,0
2023-06-02,0.014999999664723873,0.01600000075995922,0.014999999664723873,0.01600000075995922,0.01600000075995922,500000
2023-06-05,0.01600000075995922,0.01600000075995922,0.01600000075995922,0.01600000075995922,0.01600000075995922,0
2023-06-06,0.014999999664723873,0.014999999664723873,0.014999999664723873,0.014999999664723873,0.014999999664723873,20000
2023-06-07,0.014000000432133675,0.017000000923871994,0.014000000432133675,0.017000000923871994,0.017000000923871994,280000
2023-06-08,0.017000000923871994,0.017000000923871994,0.017000000923871994,0.017000000923871994,0.017000000923871994,0
2023-06-09,0.014999999664723873,0.017000000923871994,0.014999999664723873,0.017000000923871994,0.017000000923871994,700000
2023-06-12,0.017000000923871994,0.017000000923871994,0.014000000432133675,0.017000000923871994,0.017000000923871994,165000
2023-06-13,0.014000000432133675,0.017000000923871994,0.014000000432133675,0.017000000923871994,0.017000000923871994,80000
2023-06-14,0.017000000923871994,0.017000000923871994,0.017000000923871994,0.017000000923871994,0.017000000923871994,960000
2023-06-15,0.014999999664723873,0.014999999664723873,0.014999999664723873,0.014999999664723873,0.014999999664723873,120000
2023-06-16,0.017000000923871994,0.017000000923871994,0.017000000923871994,0.017000000923871994,0.017000000923871994,0
2023-06-19,0.014999999664723873,0.017000000923871994,0.014999999664723873,0.017000000923871994,0.017000000923871994,1540000
2023-06-20,0.017000000923871994,0.017000000923871994,0.017000000923871994,0.017000000923871994,0.017000000923871994,0
2023-06-21,0.014999999664723873,0.014999999664723873,0.014999999664723873,0.014999999664723873,0.014999999664723873,200000
2023-06-23,0.01600000075995922,0.01600000075995922,0.014000000432133675,0.014999999664723873,0.014999999664723873,4043000
2023-06-26,0.014000000432133675,0.014000000432133675,0.013000000268220901,0.014000000432133675,0.014000000432133675,6940000
2023-06-27,0.014000000432133675,0.01600000075995922,0.013000000268220901,0.01600000075995922,0.01600000075995922,5160000
2023-06-28,0.01600000075995922,0.01600000075995922,0.01600000075995922,0.01600000075995922,0.01600000075995922,0
2023-06-29,0.014999999664723873,0.01600000075995922,0.013000000268220901,0.01600000075995922,0.01600000075995922,20000
2023-06-30,0.014999999664723873,0.017999999225139618,0.014999999664723873,0.01600000075995922,0.01600000075995922,3440000
2023-07-03,0.014999999664723873,0.01899999938905239,0.014999999664723873,0.01899999938905239,0.01899999938905239,1960000
2023-07-04,0.019999999552965164,0.02199999988079071,0.019999999552965164,0.02199999988079071,0.02199999988079071,3200000
2023-07-05,0.02199999988079071,0.02199999988079071,0.017999999225139618,0.019999999552965164,0.019999999552965164,7180000
2023-07-06,0.017000000923871994,0.019999999552965164,0.017000000923871994,0.019999999552965164,0.019999999552965164,1020000
2023-07-07,0.017999999225139618,0.019999999552965164,0.017000000923871994,0.019999999552965164,0.019999999552965164,241000
2023-07-10,0.019999999552965164,0.019999999552965164,0.019999999552965164,0.019999999552965164,0.019999999552965164,0
2023-07-11,0.019999999552965164,0.019999999552965164,0.017000000923871994,0.019999999552965164,0.019999999552965164,560000
2023-07-12,0.019999999552965164,0.019999999552965164,0.019999999552965164,0.019999999552965164,0.019999999552965164,0
2023-07-13,0.019999999552965164,0.019999999552965164,0.019999999552965164,0.019999999552965164,0.019999999552965164,0
2023-07-14,0.019999999552965164,0.019999999552965164,0.019999999552965164,0.019999999552965164,0.019999999552965164,0
2023-07-18,0.019999999552965164,0.019999999552965164,0.019999999552965164,0.019999999552965164,0.019999999552965164,0
2023-07-19,0.019999999552965164,0.019999999552965164,0.019999999552965164,0.019999999552965164,0.019999999552965164,0
2023-07-20,0.019999999552965164,0.019999999552965164,0.019999999552965164,0.019999999552965164,0.019999999552965164,0
2023-07-21,0.019999999552965164,0.019999999552965164,0.017000000923871994,0.019999999552965164,0.019999999552965164,480000
2023-07-24,0.019999999552965164,0.019999999552965164,0.019999999552965164,0.019999999552965164,0.019999999552965164,0
2023-07-25,0.019999999552965164,0.019999999552965164,0.019999999552965164,0.019999999552965164,0.019999999552965164,0
2023-07-26,0.019999999552965164,0.019999999552965164,0.019999999552965164,0.019999999552965164,0.019999999552965164,0
2023-07-27,0.019999999552965164,0.019999999552965164,0.019999999552965164,0.019999999552965164,0.019999999552965164,0
2023-07-28,0.01899999938905239,0.019999999552965164,0.017999999225139618,0.019999999552965164,0.019999999552965164,4020000
2023-07-31,0.019999999552965164,0.019999999552965164,0.019999999552965164,0.019999999552965164,0.019999999552965164,0
2023-08-01,0.019999999552965164,0.019999999552965164,0.019999999552965164,0.019999999552965164,0.019999999552965164,0
2023-08-02,0.019999999552965164,0.019999999552965164,0.019999999552965164,0.019999999552965164,0.019999999552965164,0
2023-08-03,0.017999999225139618,0.019999999552965164,0.017999999225139618,0.019999999552965164,0.019999999552965164,1300000
2023-08-04,0.017999999225139618,0.01899999938905239,0.017000000923871994,0.01899999938905239,0.01899999938905239,1120000
2023-08-07,0.01899999938905239,0.01899999938905239,0.017999999225139618,0.017999999225139618,0.017999999225139618,1180000
2023-08-08,0.020999999716877937,0.020999999716877937,0.020999999716877937,0.020999999716877937,0.020999999716877937,0
2023-08-09,0.020999999716877937,0.020999999716877937,0.020999999716877937,0.020999999716877937,0.020999999716877937,0
2023-08-10,0.017999999225139618,0.02199999988079071,0.017999999225139618,0.02199999988079071,0.02199999988079071,580000
2023-08-11,0.017999999225139618,0.017999999225139618,0.017999999225139618,0.017999999225139618,0.017999999225139618,1100000
2023-08-14,0.017000000923871994,0.017999999225139618,0.017000000923871994,0.017999999225139618,0.017999999225139618,2600000
2023-08-15,0.017999999225139618,0.017999999225139618,0.017999999225139618,0.017999999225139618,0.017999999225139618,0
2023-08-16,0.017000000923871994,0.017999999225139618,0.017000000923871994,0.017999999225139618,0.017999999225139618,1480000
2023-08-17,0.01899999938905239,0.01899999938905239,0.01899999938905239,0.01899999938905239,0.01899999938905239,0
2023-08-18,0.01899999938905239,0.01899999938905239,0.01899999938905239,0.01899999938905239,0.01899999938905239,0
2023-08-21,0.017000000923871994,0.01899999938905239,0.01600000075995922,0.01899999938905239,0.01899999938905239,880000
2023-08-22,0.01899999938905239,0.01899999938905239,0.01899999938905239,0.01899999938905239,0.01899999938905239,0
2023-08-23,0.01899999938905239,0.01899999938905239,0.01899999938905239,0.01899999938905239,0.01899999938905239,0
2023-08-24,0.01899999938905239,0.01899999938905239,0.01899999938905239,0.01899999938905239,0.01899999938905239,0
2023-08-25,0.017000000923871994,0.01899999938905239,0.01600000075995922,0.01899999938905239,0.01899999938905239,180000
2023-08-28,0.01899999938905239,0.01899999938905239,0.01899999938905239,0.01899999938905239,0.01899999938905239,0
2023-08-29,0.017000000923871994,0.017000000923871994,0.017000000923871994,0.017000000923871994,0.017000000923871994,360000
2023-08-30,0.017999999225139618,0.017999999225139618,0.017999999225139618,0.017999999225139618,0.017999999225139618,0
2023-08-31,0.017999999225139618,0.017999999225139618,0.017999999225139618,0.017999999225139618,0.017999999225139618,0
2023-09-04,0.017000000923871994,0.017000000923871994,0.017000000923871994,0.017999999225139618,0.017999999225139618,0
2023-09-05,0.017999999225139618,0.017999999225139618,0.017999999225139618,0.017999999225139618,0.017999999225139618,0
2023-09-06,0.019999999552965164,0.019999999552965164,0.017000000923871994,0.01899999938905239,0.01899999938905239,900000
2023-09-07,0.01899999938905239,0.01899999938905239,0.01899999938905239,0.01899999938905239,0.01899999938905239,0
2023-09-11,0.01899999938905239,0.01899999938905239,0.01899999938905239,0.01899999938905239,0.01899999938905239,0
2023-09-12,0.01899999938905239,0.01899999938905239,0.01899999938905239,0.01899999938905239,0.01899999938905239,0
2023-09-13,0.01899999938905239,0.01899999938905239,0.01899999938905239,0.01899999938905239,0.01899999938905239,0
2023-09-14,0.01899999938905239,0.01899999938905239,0.01899999938905239,0.01899999938905239,0.01899999938905239,0
2023-09-15,0.01899999938905239,0.019999999552965164,0.01899999938905239,0.019999999552965164,0.019999999552965164,3060000
2023-09-18,0.017999999225139618,0.01899999938905239,0.017999999225139618,0.01899999938905239,0.01899999938905239,260000
2023-09-19,0.01899999938905239,0.01899999938905239,0.01899999938905239,0.01899999938905239,0.01899999938905239,0
2023-09-20,0.017000000923871994,0.01899999938905239,0.01600000075995922,0.01899999938905239,0.01899999938905239,380000
2023-09-21,0.020999999716877937,0.020999999716877937,0.020999999716877937,0.020999999716877937,0.020999999716877937,0
2023-09-22,0.019999999552965164,0.019999999552965164,0.017000000923871994,0.01899999938905239,0.01899999938905239,60000
2023-09-25,0.01899999938905239,0.01899999938905239,0.01899999938905239,0.01899999938905239,0.01899999938905239,0
2023-09-26,0.01899999938905239,0.01899999938905239,0.01899999938905239,0.01899999938905239,0.01899999938905239,0
2023-09-27,0.01899999938905239,0.01899999938905239,0.017999999225139618,0.017999999225139618,0.017999999225139618,80000
2023-09-28,0.017000000923871994,0.01899999938905239,0.01600000075995922,0.01899999938905239,0.01899999938905239,180000
2023-09-29,0.01899999938905239,0.01899999938905239,0.01899999938905239,0.01899999938905239,0.01899999938905239,0
2023-10-03,0.017000000923871994,0.017999999225139618,0.017000000923871994,0.017999999225139618,0.017999999225139618,0
2023-10-04,0.017999999225139618,0.017999999225139618,0.017999999225139618,0.017999999225139618,0.017999999225139618,0
2023-10-05,0.017999999225139618,0.017999999225139618,0.017999999225139618,0.017999999225139618,0.017999999225139618,0
2023-10-06,0.017000000923871994,0.01899999938905239,0.017000000923871994,0.020999999716877937,0.020999999716877937,180000
2023-10-09,0.020999999716877937,0.020999999716877937,0.020999999716877937,0.020999999716877937,0.020999999716877937,0
2023-10-10,0.019999999552965164,0.019999999552965164,0.019999999552965164,0.019999999552965164,0.019999999552965164,0
2023-10-11,0.017999999225139618,0.01899999938905239,0.017000000923871994,0.01899999938905239,0.01899999938905239,162500
2023-10-12,0.01899999938905239,0.01899999938905239,0.01899999938905239,0.01899999938905239,0.01899999938905239,0
2023-10-13,0.01899999938905239,0.01899999938905239,0.01899999938905239,0.01899999938905239,0.01899999938905239,0
2023-10-16,0.01899999938905239,0.01899999938905239,0.01899999938905239,0.01899999938905239,0.01899999938905239,0
2023-10-17,0.017000000923871994,0.017000000923871994,0.01600000075995922,0.017000000923871994,0.017000000923871994,2300000
2023-10-18,0.017999999225139618,0.019999999552965164,0.01600000075995922,0.017999999225139618,0.017999999225139618,1440000
2023-10-19,0.017999999225139618,0.017999999225139618,0.017999999225139618,0.017999999225139618,0.017999999225139618,0
2023-10-20,0.01899999938905239,0.01899999938905239,0.01899999938905239,0.01899999938905239,0.01899999938905239,20000
2023-10-24,0.01899999938905239,0.01899999938905239,0.01899999938905239,0.01899999938905239,0.01899999938905239,0
2023-10-25,0.01899999938905239,0.01899999938905239,0.01899999938905239,0.01899999938905239,0.01899999938905239,0
2023-10-26,0.01600000075995922,0.019999999552965164,0.01600000075995922,0.01899999938905239,0.01899999938905239,140000
2023-10-27,0.01899999938905239,0.01899999938905239,0.01899999938905239,0.01899999938905239,0.01899999938905239,0
2023-10-30,0.01899999938905239,0.01899999938905239,0.01899999938905239,0.01899999938905239,0.01899999938905239,0
2023-10-31,0.019999999552965164,0.019999999552965164,0.01600000075995922,0.01899999938905239,0.01899999938905239,1640000
2023-11-01,0.01899999938905239,0.01899999938905239,0.01899999938905239,0.01899999938905239,0.01899999938905239,0
2023-11-02,0.017000000923871994,0.017000000923871994,0.014000000432133675,0.014000000432133675,0.014000000432133675,3960000
2023-11-03,0.014999999664723873,0.017000000923871994,0.014000000432133675,0.017000000923871994,0.017000000923871994,2520000
2023-11-06,0.017000000923871994,0.017000000923871994,0.017000000923871994,0.017000000923871994,0.017000000923871994,0
2023-11-07,0.017000000923871994,0.017000000923871994,0.017000000923871994,0.017000000923871994,0.017000000923871994,0
2023-11-08,0.014999999664723873,0.01600000075995922,0.014999999664723873,0.01600000075995922,0.01600000075995922,140000
2023-11-09,0.01600000075995922,0.01600000075995922,0.01600000075995922,0.01600000075995922,0.01600000075995922,0
2023-11-10,0.01600000075995922,0.01600000075995922,0.01600000075995922,0.01600000075995922,0.01600000075995922,0
2023-11-13,0.017000000923871994,0.017000000923871994,0.014000000432133675,0.017000000923871994,0.017000000923871994,980000
2023-11-14,0.017999999225139618,0.017999999225139618,0.017999999225139618,0.017999999225139618,0.017999999225139618,20000
2023-11-15,0.01899999938905239,0.01899999938905239,0.01899999938905239,0.01899999938905239,0.01899999938905239,0
2023-11-16,0.01899999938905239,0.01899999938905239,0.01899999938905239,0.01899999938905239,0.01899999938905239,0
2023-11-17,0.01600000075995922,0.017999999225139618,0.01600000075995922,0.017999999225139618,0.017999999225139618,80000
2023-11-20,0.017999999225139618,0.017999999225139618,0.01600000075995922,0.01899999938905239,0.01899999938905239,280000
2023-11-21,0.01899999938905239,0.01899999938905239,0.01899999938905239,0.01899999938905239,0.01899999938905239,0
2023-11-22,0.01600000075995922,0.01899999938905239,0.014999999664723873,0.01899999938905239,0.01899999938905239,1220000
2023-11-23,0.01899999938905239,0.01899999938905239,0.01899999938905239,0.01899999938905239,0.01899999938905239,0
2023-11-24,0.01899999938905239,0.01899999938905239,0.01899999938905239,0.01899999938905239,0.01899999938905239,0
2023-11-27,0.01899999938905239,0.01899999938905239,0.01899999938905239,0.01899999938905239,0.01899999938905239,0
2023-11-28,0.01600000075995922,0.01899999938905239,0.01600000075995922,0.01899999938905239,0.01899999938905239,240000
2023-11-29,0.01899999938905239,0.01899999938905239,0.01899999938905239,0.01899999938905239,0.01899999938905239,0
2023-11-30,0.01899999938905239,0.01899999938905239,0.01899999938905239,0.01899999938905239,0.01899999938905239,0
2023-12-01,0.01600000075995922,0.01899999938905239,0.01600000075995922,0.01899999938905239,0.01899999938905239,2820000
2023-12-04,0.01899999938905239,0.01899999938905239,0.01899999938905239,0.01899999938905239,0.01899999938905239,0
2023-12-05,0.01600000075995922,0.01899999938905239,0.01600000075995922,0.01899999938905239,0.01899999938905239,60000
2023-12-06,0.01899999938905239,0.01899999938905239,0.01899999938905239,0.01899999938905239,0.01899999938905239,0
2023-12-07,0.01899999938905239,0.01899999938905239,0.01899999938905239,0.01899999938905239,0.01899999938905239,0
2023-12-08,0.01899999938905239,0.01899999938905239,0.01899999938905239,0.01899999938905239,0.01899999938905239,0
2023-12-11,0.01899999938905239,0.01899999938905239,0.01899999938905239,0.01899999938905239,0.01899999938905239,0
2023-12-12,0.017999999225139618,0.01899999938905239,0.017999999225139618,0.01899999938905239,0.01899999938905239,1125000
2023-12-13,0.017000000923871994,0.01899999938905239,0.017000000923871994,0.01899999938905239,0.01899999938905239,1040000
2023-12-14,0.01899999938905239,0.01899999938905239,0.01899999938905239,0.01899999938905239,0.01899999938905239,0
2023-12-15,0.01899999938905239,0.01899999938905239,0.01899999938905239,0.01899999938905239,0.01899999938905239,0
2023-12-18,0.01899999938905239,0.01899999938905239,0.01899999938905239,0.01899999938905239,0.01899999938905239,0
2023-12-19,0.01899999938905239,0.01899999938905239,0.01899999938905239,0.01899999938905239,0.01899999938905239,0
2023-12-20,0.01600000075995922,0.017999999225139618,0.01600000075995922,0.017999999225139618,0.017999999225139618,320000
2023-12-21,0.01899999938905239,0.01899999938905239,0.01899999938905239,0.01899999938905239,0.01899999938905239,0
2023-12-22,0.01899999938905239,0.01899999938905239,0.01899999938905239,0.01899999938905239,0.01899999938905239,0
2023-12-27,0.01600000075995922,0.01600000075995922,0.01600000075995922,0.01600000075995922,0.01600000075995922,140000
2023-12-28,0.017000000923871994,0.01899999938905239,0.017000000923871994,0.01899999938905239,0.01899999938905239,900000
2023-12-29,0.01899999938905239,0.01899999938905239,0.01899999938905239,0.01899999938905239,0.01899999938905239,0
2024-01-02,0.017999999225139618,0.01899999938905239,0.017999999225139618,0.01899999938905239,0.01899999938905239,321000
2024-01-03,0.01899999938905239,0.01899999938905239,0.01899999938905239,0.01899999938905239,0.01899999938905239,0
2024-01-04,0.017000000923871994,0.017999999225139618,0.017000000923871994,0.017999999225139618,0.017999999225139618,220000
2024-01-05,0.017999999225139618,0.017999999225139618,0.017999999225139618,0.017999999225139618,0.017999999225139618,0
2024-01-08,0.017000000923871994,0.017000000923871994,0.017000000923871994,0.017000000923871994,0.017000000923871994,0
2024-01-09,0.017000000923871994,0.017000000923871994,0.017000000923871994,0.017000000923871994,0.017000000923871994,0
2024-01-10,0.017000000923871994,0.017000000923871994,0.017000000923871994,0.017000000923871994,0.017000000923871994,0
2024-01-11,0.01600000075995922,0.017000000923871994,0.01600000075995922,0.017000000923871994,0.017000000923871994,307500
2024-01-12,0.017000000923871994,0.017000000923871994,0.017000000923871994,0.017000000923871994,0.017000000923871994,0
2024-01-15,0.01600000075995922,0.017000000923871994,0.01600000075995922,0.017000000923871994,0.017000000923871994,72500
2024-01-16,0.017000000923871994,0.017000000923871994,0.017000000923871994,0.017000000923871994,0.017000000923871994,0
2024-01-17,0.01600000075995922,0.017000000923871994,0.01600000075995922,0.017000000923871994,0.017000000923871994,402500
2024-01-18,0.01600000075995922,0.01600000075995922,0.014999999664723873,0.01600000075995922,0.01600000075995922,1300000
2024-01-19,0.01600000075995922,0.01600000075995922,0.01600000075995922,0.01600000075995922,0.01600000075995922,0
2024-01-22,0.01600000075995922,0.01600000075995922,0.01600000075995922,0.01600000075995922,0.01600000075995922,0
2024-01-23,0.014000000432133675,0.017000000923871994,0.014000000432133675,0.017000000923871994,0.017000000923871994,920000
2024-01-24,0.017000000923871994,0.017000000923871994,0.017000000923871994,0.017000000923871994,0.017000000923871994,0
2024-01-25,0.017000000923871994,0.017000000923871994,0.01600000075995922,0.017000000923871994,0.017000000923871994,100000
2024-01-26,0.017000000923871994,0.017000000923871994,0.017000000923871994,0.017000000923871994,0.017000000923871994,0
2024-01-29,0.014000000432133675,0.01600000075995922,0.014000000432133675,0.01600000075995922,0.01600000075995922,1080000
2024-01-30,0.01600000075995922,0.01600000075995922,0.01600000075995922,0.01600000075995922,0.01600000075995922,100000
2024-01-31,0.01600000075995922,0.01600000075995922,0.01600000075995922,0.01600000075995922,0.01600000075995922,0
2024-02-01,0.01600000075995922,0.01600000075995922,0.01600000075995922,0.01600000075995922,0.01600000075995922,0
2024-02-02,0.01600000075995922,0.01600000075995922,0.01600000075995922,0.01600000075995922,0.01600000075995922,0
2024-02-05,0.01600000075995922,0.01600000075995922,0.01600000075995922,0.01600000075995922,0.01600000075995922,0
2024-02-06,0.014999999664723873,0.017000000923871994,0.014999999664723873,0.017000000923871994,0.017000000923871994,200000
2024-02-07,0.017000000923871994,0.017000000923871994,0.017000000923871994,0.017000000923871994,0.017000000923871994,0
2024-02-08,0.014999999664723873,0.014999999664723873,0.014999999664723873,0.014999999664723873,0.014999999664723873,0
2024-02-09,0.01600000075995922,0.01600000075995922,0.01600000075995922,0.01600000075995922,0.01600000075995922,0
2024-02-14,0.01600000075995922,0.01600000075995922,0.01600000075995922,0.01600000075995922,0.01600000075995922,0
2024-02-15,0.01600000075995922,0.01600000075995922,0.01600000075995922,0.01600000075995922,0.01600000075995922,0
2024-02-16,0.01600000075995922,0.01600000075995922,0.01600000075995922,0.01600000075995922,0.01600000075995922,0
2024-02-19,0.01600000075995922,0.01600000075995922,0.01600000075995922,0.01600000075995922,0.01600000075995922,0
2024-02-20,0.014999999664723873,0.017000000923871994,0.014999999664723873,0.017000000923871994,0.017000000923871994,51500
2024-02-21,0.014999999664723873,0.01600000075995922,0.014999999664723873,0.01600000075995922,0.01600000075995922,800000
2024-02-22,0.01600000075995922,0.01600000075995922,0.01600000075995922,0.01600000075995922,0.01600000075995922,120000
2024-02-23,0.01600000075995922,0.01600000075995922,0.01600000075995922,0.01600000075995922,0.01600000075995922,0
2024-02-26,0.01600000075995922,0.01600000075995922,0.013000000268220901,0.013000000268220901,0.013000000268220901,10720000
2024-02-27,0.014000000432133675,0.01600000075995922,0.014000000432133675,0.014999999664723873,0.014999999664723873,6580000
2024-02-28,0.014999999664723873,0.014999999664723873,0.014000000432133675,0.014999999664723873,0.014999999664723873,1460000
2024-02-29,0.014999999664723873,0.014999999664723873,0.014999999664723873,0.014999999664723873,0.014999999664723873,0
2024-03-01,0.014999999664723873,0.01600000075995922,0.014999999664723873,0.01600000075995922,0.01600000075995922,1480000
2024-03-04,0.01600000075995922,0.01600000075995922,0.01600000075995922,0.01600000075995922,0.01600000075995922,0
2024-03-05,0.01600000075995922,0.01600000075995922,0.01600000075995922,0.01600000075995922,0.01600000075995922,0
2024-03-06,0.01600000075995922,0.01600000075995922,0.01600000075995922,0.01600000075995922,0.01600000075995922,0
2024-03-07,0.014999999664723873,0.014999999664723873,0.014999999664723873,0.014999999664723873,0.014999999664723873,2020000
2024-03-08,0.014999999664723873,0.014999999664723873,0.014999999664723873,0.014999999664723873,0.014999999664723873,0
2024-03-11,0.014000000432133675,0.014999999664723873,0.013000000268220901,0.014999999664723873,0.014999999664723873,1020000
2024-03-12,0.014000000432133675,0.01600000075995922,0.014000000432133675,0.01600000075995922,0.01600000075995922,4260000
2024-03-13,0.017000000923871994,0.017000000923871994,0.017000000923871994,0.017000000923871994,0.017000000923871994,0
2024-03-14,0.017000000923871994,0.017000000923871994,0.017000000923871994,0.017000000923871994,0.017000000923871994,0
2024-03-15,0.017000000923871994,0.017000000923871994,0.017000000923871994,0.017000000923871994,0.017000000923871994,0
2024-03-18,0.017000000923871994,0.017000000923871994,0.017000000923871994,0.017000000923871994,0.017000000923871994,0
2024-03-19,0.017000000923871994,0.017000000923871994,0.017000000923871994,0.017000000923871994,0.017000000923871994,0
2024-03-20,0.01600000075995922,0.01600000075995922,0.01600000075995922,0.01600000075995922,0.01600000075995922,0
2024-03-21,0.01600000075995922,0.01600000075995922,0.01600000075995922,0.01600000075995922,0.01600000075995922,0
2024-03-22,0.014999999664723873,0.017000000923871994,0.014999999664723873,0.017000000923871994,0.017000000923871994,440000
2024-03-25,0.014000000432133675,0.017000000923871994,0.014000000432133675,0.017000000923871994,0.017000000923871994,420000
2024-03-26,0.017000000923871994,0.017000000923871994,0.017000000923871994,0.017000000923871994,0.017000000923871994,0
2024-03-27,0.01600000075995922,0.01600000075995922,0.01600000075995922,0.01600000075995922,0.01600000075995922,0
2024-03-28,0.014000000432133675,0.01600000075995922,0.014000000432133675,0.01600000075995922,0.01600000075995922,380000
2024-04-02,0.014000000432133675,0.01600000075995922,0.014000000432133675,0.01600000075995922,0.01600000075995922,220000
2024-04-03,0.01600000075995922,0.01600000075995922,0.01600000075995922,0.01600000075995922,0.01600000075995922,0
2024-04-05,0.014000000432133675,0.017000000923871994,0.014000000432133675,0.017000000923871994,0.017000000923871994,780000
2024-04-08,0.014999999664723873,0.01600000075995922,0.014999999664723873,0.01600000075995922,0.01600000075995922,120000
2024-04-09,0.014999999664723873,0.01600000075995922,0.014999999664723873,0.01600000075995922,0.01600000075995922,80000
2024-04-10,0.014999999664723873,0.01600000075995922,0.014999999664723873,0.01600000075995922,0.01600000075995922,220000
2024-04-11,0.014999999664723873,0.014999999664723873,0.014999999664723873,0.014999999664723873,0.014999999664723873,0
2024-04-12,0.014999999664723873,0.01600000075995922,0.014999999664723873,0.01600000075995922,0.01600000075995922,40000
2024-04-15,0.01600000075995922,0.01600000075995922,0.01600000075995922,0.01600000075995922,0.01600000075995922,0
2024-04-16,0.014999999664723873,0.014999999664723873,0.014999999664723873,0.014999999664723873,0.014999999664723873,1220000
2024-04-17,0.014999999664723873,0.014999999664723873,0.014999999664723873,0.014999999664723873,0.014999999664723873,0
2024-04-18,0.014000000432133675,0.014999999664723873,0.014000000432133675,0.014999999664723873,0.014999999664723873,7040000
2024-04-19,0.014000000432133675,0.014000000432133675,0.014000000432133675,0.014000000432133675,0.014000000432133675,1460000
2024-04-22,0.014999999664723873,0.014999999664723873,0.014000000432133675,0.014000000432133675,0.014000000432133675,700000
2024-04-23,0.014000000432133675,0.014999999664723873,0.014000000432133675,0.014999999664723873,0.014999999664723873,440000
2024-04-24,0.014000000432133675,0.014999999664723873,0.014000000432133675,0.014999999664723873,0.014999999664723873,280000
2024-04-25,0.014999999664723873,0.014999999664723873,0.014999999664723873,0.014999999664723873,0.014999999664723873,260000
2024-04-26,0.014999999664723873,0.01600000075995922,0.014999999664723873,0.01600000075995922,0.01600000075995922,520000
2024-04-29,0.01600000075995922,0.01600000075995922,0.01600000075995922,0.01600000075995922,0.01600000075995922,0
2024-04-30,0.01600000075995922,0.01600000075995922,0.01600000075995922,0.01600000075995922,0.01600000075995922,0
2024-05-02,0.014000000432133675,0.01600000075995922,0.014000000432133675,0.01600000075995922,0.01600000075995922,110000
2024-05-03,0.01600000075995922,0.01600000075995922,0.01600000075995922,0.01600000075995922,0.01600000075995922,0
2024-05-06,0.01600000075995922,0.01600000075995922,0.01600000075995922,0.01600000075995922,0.01600000075995922,20000
2024-05-07,0.014000000432133675,0.014999999664723873,0.014000000432133675,0.014000000432133675,0.014000000432133675,2290000
2024-05-08,0.014000000432133675,0.014999999664723873,0.014000000432133675,0.014999999664723873,0.014999999664723873,0
2024-05-09,0.01600000075995922,0.01600000075995922,0.01600000075995922,0.01600000075995922,0.01600000075995922,20000
2024-05-10,0.01600000075995922,0.01600000075995922,0.01600000075995922,0.01600000075995922,0.01600000075995922,0
2024-05-13,0.014000000432133675,0.01600000075995922,0.014000000432133675,0.01600000075995922,0.01600000075995922,180000
2024-05-14,0.014999999664723873,0.01600000075995922,0.014999999664723873,0.01600000075995922,0.01600000075995922,760000
2024-05-16,0.01600000075995922,0.01600000075995922,0.01600000075995922,0.01600000075995922,0.01600000075995922,0
2024-05-17,0.01600000075995922,0.01600000075995922,0.01600000075995922,0.01600000075995922,0.01600000075995922,0
2024-05-20,0.01600000075995922,0.01600000075995922,0.01600000075995922,0.01600000075995922,0.01600000075995922,0
2024-05-21,0.017000000923871994,0.017000000923871994,0.014999999664723873,0.017000000923871994,0.017000000923871994,4860000
2024-05-22,0.014999999664723873,0.01600000075995922,0.014999999664723873,0.01600000075995922,0.01600000075995922,605000
2024-05-23,0.01600000075995922,0.017000000923871994,0.014999999664723873,0.01600000075995922,0.01600000075995922,660000
2024-05-24,0.01600000075995922,0.017000000923871994,0.014999999664723873,0.017000000923871994,0.017000000923871994,180000
2024-05-27,0.017000000923871994,0.017000000923871994,0.017000000923871994,0.017000000923871994,0.017000000923871994,0
2024-05-28,0.017000000923871994,0.017000000923871994,0.017000000923871994,0.017000000923871994,0.017000000923871994,0
2024-05-29,0.017000000923871994,0.017000000923871994,0.014999999664723873,0.01600000075995922,0.01600000075995922,2262500
2024-05-30,0.01600000075995922,0.01600000075995922,0.01600000075995922,0.01600000075995922,0.01600000075995922,0
2024-05-31,0.014999999664723873,0.01600000075995922,0.014000000432133675,0.01600000075995922,0.01600000075995922,1240000
2024-06-03,0.01600000075995922,0.01600000075995922,0.01600000075995922,0.01600000075995922,0.01600000075995922,0
2024-06-04,0.014000000432133675,0.01600000075995922,0.014000000432133675,0.01600000075995922,0.01600000075995922,300000
2024-06-05,0.014000000432133675,0.014999999664723873,0.014000000432133675,0.014999999664723873,0.014999999664723873,2020000
2024-06-06,0.01600000075995922,0.01600000075995922,0.01600000075995922,0.01600000075995922,0.01600000075995922,40000
2024-06-07,0.01600000075995922,0.01600000075995922,0.014000000432133675,0.01600000075995922,0.01600000075995922,1180000
2024-06-11,0.014000000432133675,0.014999999664723873,0.014000000432133675,0.014999999664723873,0.014999999664723873,100000
2024-06-12,0.014000000432133675,0.014999999664723873,0.014000000432133675,0.014999999664723873,0.014999999664723873,200000
2024-06-13,0.014999999664723873,0.014999999664723873,0.014999999664723873,0.014999999664723873,0.014999999664723873,0
2024-06-14,0.014999999664723873,0.014999999664723873,0.014999999664723873,0.014999999664723873,0.014999999664723873,0
2024-06-17,0.014999999664723873,0.014999999664723873,0.014999999664723873,0.014999999664723873,0.014999999664723873,0
2024-06-18,0.014999999664723873,0.014999999664723873,0.014999999664723873,0.014999999664723873,0.014999999664723873,0
2024-06-19,0.014000000432133675,0.014999999664723873,0.014000000432133675,0.014999999664723873,0.014999999664723873,405000
2024-06-20,0.014999999664723873,0.014999999664723873,0.014999999664723873,0.014999999664723873,0.014999999664723873,0
2024-06-21,0.014999999664723873,0.014999999664723873,0.014999999664723873,0.014999999664723873,0.014999999664723873,0
2024-06-24,0.01600000075995922,0.01600000075995922,0.01600000075995922,0.01600000075995922,0.01600000075995922,20000
2024-06-25,0.01600000075995922,0.01600000075995922,0.01600000075995922,0.01600000075995922,0.01600000075995922,0
2024-06-26,0.01600000075995922,0.01600000075995922,0.01600000075995922,0.01600000075995922,0.01600000075995922,0
2024-06-27,0.01600000075995922,0.01600000075995922,0.01600000075995922,0.01600000075995922,0.01600000075995922,0
2024-06-28,0.014000000432133675,0.014999999664723873,0.014000000432133675,0.014999999664723873,0.014999999664723873,80000
2024-07-02,0.014999999664723873,0.014999999664723873,0.014999999664723873,0.014999999664723873,0.014999999664723873,0
2024-07-03,0.014999999664723873,0.014999999664723873,0.014000000432133675,0.014999999664723873,0.014999999664723873,1420000
2024-07-04,0.014999999664723873,0.014999999664723873,0.014999999664723873,0.014999999664723873,0.014999999664723873,0
2024-07-08,0.014999999664723873,0.014999999664723873,0.014999999664723873,0.014999999664723873,0.014999999664723873,0
2024-07-09,0.014000000432133675,0.014999999664723873,0.013000000268220901,0.014999999664723873,0.014999999664723873,200000
2024-07-10,0.014000000432133675,0.014999999664723873,0.014000000432133675,0.014999999664723873,0.014999999664723873,500000
2024-07-11,0.014999999664723873,0.014999999664723873,0.014999999664723873,0.014999999664723873,0.014999999664723873,0
2024-07-12,0.014000000432133675,0.014999999664723873,0.014000000432133675,0.014999999664723873,0.014999999664723873,620000
2024-07-15,0.014000000432133675,0.014000000432133675,0.013000000268220901,0.014000000432133675,0.014000000432133675,1120000
2024-07-16,0.013000000268220901,0.014000000432133675,0.013000000268220901,0.014000000432133675,0.014000000432133675,1240000
2024-07-17,0.014000000432133675,0.014999999664723873,0.014000000432133675,0.014999999664723873,0.014999999664723873,320000
2024-07-18,0.014999999664723873,0.014999999664723873,0.014999999664723873,0.014999999664723873,0.014999999664723873,0
2024-07-19,0.014999999664723873,0.014999999664723873,0.014999999664723873,0.014999999664723873,0.014999999664723873,0
2024-07-22,0.014000000432133675,0.014999999664723873,0.013000000268220901,0.014999999664723873,0.014999999664723873,380000
2024-07-23,0.013000000268220901,0.014999999664723873,0.013000000268220901,0.014999999664723873,0.014999999664723873,60000
2024-07-24,0.013000000268220901,0.014999999664723873,0.013000000268220901,0.014999999664723873,0.014999999664723873,420000
2024-07-25,0.014999999664723873,0.014999999664723873,0.014999999664723873,0.014999999664723873,0.014999999664723873,0
2024-07-26,0.014999999664723873,0.014999999664723873,0.014999999664723873,0.014999999664723873,0.014999999664723873,0
2024-07-29,0.013000000268220901,0.014000000432133675,0.013000000268220901,0.014000000432133675,0.014000000432133675,80000
2024-07-30,0.014000000432133675,0.014000000432133675,0.014000000432133675,0.014000000432133675,0.014000000432133675,0
2024-07-31,0.014000000432133675,0.014000000432133675,0.014000000432133675,0.014000000432133675,0.014000000432133675,0
2024-08-01,0.014000000432133675,0.014000000432133675,0.014000000432133675,0.014000000432133675,0.014000000432133675,0
2024-08-02,0.013000000268220901,0.014000000432133675,0.013000000268220901,0.014000000432133675,0.014000000432133675,40000
2024-08-05,0.014000000432133675,0.014000000432133675,0.014000000432133675,0.014000000432133675,0.014000000432133675,0
2024-08-06,0.014000000432133675,0.014000000432133675,0.014000000432133675,0.014000000432133675,0.014000000432133675,0
2024-08-07,0.014000000432133675,0.014000000432133675,0.014000000432133675,0.014000000432133675,0.014000000432133675,0
2024-08-08,0.013000000268220901,0.014000000432133675,0.013000000268220901,0.014000000432133675,0.014000000432133675,220000
2024-08-09,0.013000000268220901,0.014000000432133675,0.012000000104308128,0.013000000268220901,0.013000000268220901,341000
2024-08-12,0.014000000432133675,0.01600000075995922,0.014000000432133675,0.01600000075995922,0.01600000075995922,840000
2024-08-13,0.01600000075995922,0.01600000075995922,0.01600000075995922,0.01600000075995922,0.01600000075995922,0
2024-08-14,0.014000000432133675,0.014999999664723873,0.013000000268220901,0.014999999664723873,0.014999999664723873,861500
2024-08-15,0.014999999664723873,0.014999999664723873,0.014999999664723873,0.014999999664723873,0.014999999664723873,0
2024-08-16,0.014000000432133675,0.014999999664723873,0.014000000432133675,0.014999999664723873,0.014999999664723873,120000
2024-08-19,0.014999999664723873,0.014999999664723873,0.014999999664723873,0.014999999664723873,0.014999999664723873,0
2024-08-20,0.014999999664723873,0.014999999664723873,0.014999999664723873,0.014999999664723873,0.014999999664723873,0
2024-08-21,0.013000000268220901,0.014999999664723873,0.013000000268220901,0.014999999664723873,0.014999999664723873,2940000
2024-08-22,0.013000000268220901,0.014000000432133675,0.013000000268220901,0.014000000432133675,0.014000000432133675,720000
2024-08-23,0.014000000432133675,0.014000000432133675,0.014000000432133675,0.014000000432133675,0.014000000432133675,0
2024-08-26,0.014000000432133675,0.01600000075995922,0.014000000432133675,0.014999999664723873,0.014999999664723873,2700000
2024-08-27,0.01600000075995922,0.01600000075995922,0.01600000075995922,0.01600000075995922,0.01600000075995922,20000
2024-08-28,0.01600000075995922,0.01600000075995922,0.01600000075995922,0.01600000075995922,0.01600000075995922,0
2024-08-29,0.01600000075995922,0.01600000075995922,0.01600000075995922,0.01600000075995922,0.01600000075995922,0
2024-08-30,0.01600000075995922,0.01600000075995922,0.01600000075995922,0.01600000075995922,0.01600000075995922,0
2024-09-02,0.014000000432133675,0.01600000075995922,0.014000000432133675,0.01600000075995922,0.01600000075995922,340000
2024-09-03,0.01600000075995922,0.01600000075995922,0.01600000075995922,0.01600000075995922,0.01600000075995922,0
2024-09-04,0.01600000075995922,0.01600000075995922,0.01600000075995922,0.01600000075995922,0.01600000075995922,0
2024-09-05,0.01600000075995922,0.01600000075995922,0.01600000075995922,0.01600000075995922,0.01600000075995922,0
2024-09-09,0.01600000075995922,0.01600000075995922,0.01600000075995922,0.01600000075995922,0.01600000075995922,0
2024-09-10,0.014000000432133675,0.01600000075995922,0.014000000432133675,0.01600000075995922,0.01600000075995922,60000
2024-09-11,0.01600000075995922,0.01600000075995922,0.01600000075995922,0.01600000075995922,0.01600000075995922,0
2024-09-12,0.01600000075995922,0.01600000075995922,0.01600000075995922,0.01600000075995922,0.01600000075995922,0
2024-09-13,0.014999999664723873,0.014999999664723873,0.014999999664723873,0.014999999664723873,0.014999999664723873,0
2024-09-16,0.014999999664723873,0.014999999664723873,0.014999999664723873,0.014999999664723873,0.014999999664723873,0
2024-09-17,0.01600000075995922,0.01600000075995922,0.01600000075995922,0.01600000075995922,0.01600000075995922,0
2024-09-19,0.014000000432133675,0.01600000075995922,0.014000000432133675,0.01600000075995922,0.01600000075995922,380000
2024-09-20,0.014999999664723873,0.01600000075995922,0.014000000432133675,0.01600000075995922,0.01600000075995922,1060000
2024-09-23,0.014000000432133675,0.01600000075995922,0.014000000432133675,0.01600000075995922,0.01600000075995922,220000
2024-09-24,0.01600000075995922,0.01600000075995922,0.01600000075995922,0.01600000075995922,0.01600000075995922,0
2024-09-25,0.014999999664723873,0.01600000075995922,0.014999999664723873,0.01600000075995922,0.01600000075995922,380000
2024-09-26,0.01600000075995922,0.01600000075995922,0.01600000075995922,0.01600000075995922,0.01600000075995922,0
2024-09-27,0.01600000075995922,0.01600000075995922,0.01600000075995922,0.01600000075995922,0.01600000075995922,320000
