Date,Open,High,Low,Close,Adj Close,Volume
1991-11-08,0.1445309966802597,0.1445309966802597,0.1445309966802597,0.1445309966802597,0.1268145889043808,176057600
1991-11-11,0.1445309966802597,0.1445309966802597,0.1445309966802597,0.1445309966802597,0.1268145889043808,23718400
1991-11-12,0.1445309966802597,0.1445309966802597,0.1445309966802597,0.1445309966802597,0.1268145889043808,26195200
1991-11-13,0.1445309966802597,0.1445309966802597,0.140625,0.140625,0.1233873963356018,38118400
1991-11-14,0.13085900247097015,0.1367190033197403,0.13085900247097015,0.1367190033197403,0.11996021121740341,41670400
1991-11-15,0.1367190033197403,0.1367190033197403,0.1289059966802597,0.1289059966802597,0.113104909658432,43494400
1991-11-18,0.12695300579071045,0.1289059966802597,0.11914099752902985,0.1210940033197403,0.10625050216913223,17747200
1991-11-19,0.1210940033197403,0.125,0.1171879991889,0.1210940033197403,0.10625050216913223,19916800
1991-11-20,0.12304700165987015,0.12304700165987015,0.1210940033197403,0.12304700165987015,0.10796411335468292,1945600
1991-11-21,0.1210940033197403,0.1210940033197403,0.1171879991889,0.1171879991889,0.10282332450151443,3366400
1991-11-22,0.1171879991889,0.1171879991889,0.109375,0.11132799834012985,0.09768157452344894,5222400
1991-11-25,0.1132809966802597,0.1210940033197403,0.109375,0.11523400247097015,0.10110882669687271,11315200
1991-11-26,0.1171879991889,0.11914099752902985,0.11523400247097015,0.11523400247097015,0.10110882669687271,6585600
1991-11-27,0.1171879991889,0.11914099752902985,0.1171879991889,0.11914099752902985,0.10453688353300095,6758400
1991-11-29,0.1171879991889,0.1210940033197403,0.1171879991889,0.1210940033197403,0.10625050216913223,1971200
1991-12-02,0.11914099752902985,0.1289059966802597,0.11914099752902985,0.12304700165987015,0.10796411335468292,4070400
1991-12-03,0.125,0.12695300579071045,0.12304700165987015,0.12695300579071045,0.11139129102230072,4454400
1991-12-04,0.1289059966802597,0.140625,0.1289059966802597,0.13085900247097015,0.1148185059428215,19648000
1991-12-05,0.1289059966802597,0.1367190033197403,0.12695300579071045,0.13476599752902985,0.11824657768011093,10099200
1991-12-06,0.13476599752902985,0.13476599752902985,0.1328130066394806,0.13476599752902985,0.11824657768011093,2899200
1991-12-09,0.13476599752902985,0.13476599752902985,0.1328130066394806,0.1328130066394806,0.11653302609920502,4716800
1991-12-10,0.13085900247097015,0.13085900247097015,0.12695300579071045,0.12695300579071045,0.11139129102230072,4748800
1991-12-11,0.12695300579071045,0.1289059966802597,0.12304700165987015,0.12304700165987015,0.10796411335468292,3961600
1991-12-12,0.125,0.1289059966802597,0.1210940033197403,0.12695300579071045,0.11139129102230072,3955200
1991-12-13,0.1289059966802597,0.1328130066394806,0.1289059966802597,0.13085900247097015,0.1148185059428215,3014400
1991-12-16,0.1328130066394806,0.1328130066394806,0.1289059966802597,0.13085900247097015,0.1148185059428215,5510400
1991-12-17,0.1289059966802597,0.1289059966802597,0.12695300579071045,0.12695300579071045,0.11139129102230072,2195200
1991-12-18,0.12695300579071045,0.12695300579071045,0.1210940033197403,0.12304700165987015,0.10796411335468292,3974400
1991-12-19,0.1210940033197403,0.1210940033197403,0.1171879991889,0.1210940033197403,0.10625050216913223,3161600
1991-12-20,0.12304700165987015,0.12304700165987015,0.1132809966802597,0.1210940033197403,0.10625050216913223,4115200
1991-12-23,0.11914099752902985,0.12695300579071045,0.1171879991889,0.12695300579071045,0.11139129102230072,3833600
1991-12-24,0.125,0.13476599752902985,0.125,0.13476599752902985,0.11824657768011093,4857600
1991-12-26,0.13476599752902985,0.140625,0.13476599752902985,0.140625,0.1233873963356018,4288000
1991-12-27,0.13867199420928955,0.140625,0.1328130066394806,0.140625,0.1233873963356018,6726400
1991-12-30,0.140625,0.140625,0.1367190033197403,0.13867199420928955,0.12167374789714813,5260800
1991-12-31,0.13867199420928955,0.140625,0.1367190033197403,0.140625,0.1233873963356018,12588800
1992-01-02,0.13867199420928955,0.13867199420928955,0.13476599752902985,0.13867199420928955,0.12167374789714813,2912000
1992-01-03,0.13867199420928955,0.14257800579071045,0.13867199420928955,0.140625,0.1233873963356018,12038400
1992-01-06,0.14257800579071045,0.15429699420928955,0.140625,0.1445309966802597,0.1268145889043808,39193600
1992-01-07,0.1445309966802597,0.15039099752902985,0.14257800579071045,0.1484380066394806,0.13024280965328217,23987200
1992-01-08,0.1484380066394806,0.15820300579071045,0.1484380066394806,0.15429699420928955,0.13538359105587006,73504000
1992-01-09,0.15625,0.15625,0.15039099752902985,0.15039099752902985,0.13195635378360748,18982400
1992-01-10,0.1523440033197403,0.1523440033197403,0.15039099752902985,0.15039099752902985,0.13195635378360748,8966400
1992-01-13,0.15039099752902985,0.15429699420928955,0.15039099752902985,0.1523440033197403,0.13366995751857758,5862400
1992-01-14,0.15039099752902985,0.15429699420928955,0.15039099752902985,0.1523440033197403,0.13366995751857758,9676800
1992-01-15,0.1523440033197403,0.15429699420928955,0.15039099752902985,0.1523440033197403,0.13366995751857758,5811200
1992-01-16,0.1523440033197403,0.15820300579071045,0.15039099752902985,0.15820300579071045,0.13881073892116547,61542400
1992-01-17,0.15820300579071045,0.16601599752902985,0.15625,0.15820300579071045,0.13881073892116547,18380800
1992-01-20,0.15820300579071045,0.15820300579071045,0.1523440033197403,0.1523440033197403,0.13366995751857758,8256000
1992-01-21,0.1523440033197403,0.15429699420928955,0.1484380066394806,0.15039099752902985,0.13195635378360748,8211200
1992-01-22,0.15039099752902985,0.15039099752902985,0.14648400247097015,0.14648400247097015,0.1285281926393509,4595200
1992-01-23,0.1484380066394806,0.1484380066394806,0.1445309966802597,0.14648400247097015,0.1285281926393509,4697600
1992-01-24,0.1445309966802597,0.14648400247097015,0.1445309966802597,0.14648400247097015,0.1285281926393509,4256000
1992-01-27,0.1445309966802597,0.14648400247097015,0.14257800579071045,0.14648400247097015,0.1285281926393509,6899200
1992-01-28,0.1445309966802597,0.14648400247097015,0.1445309966802597,0.1445309966802597,0.1268145889043808,2246400
1992-01-29,0.1445309966802597,0.15039099752902985,0.14257800579071045,0.14257800579071045,0.12510105967521667,10880000
1992-01-30,0.140625,0.15429699420928955,0.1328130066394806,0.14648400247097015,0.1285281926393509,15308800
1992-01-31,0.14257800579071045,0.1445309966802597,0.14257800579071045,0.14257800579071045,0.12510105967521667,2342400
1992-02-03,0.140625,0.14648400247097015,0.140625,0.14648400247097015,0.1285281926393509,1139200
1992-02-04,0.13476599752902985,0.1367190033197403,0.125,0.13476599752902985,0.11824657768011093,37568000
1992-02-05,0.13476599752902985,0.13867199420928955,0.13085900247097015,0.13085900247097015,0.1148185059428215,11372800
1992-02-06,0.13085900247097015,0.13476599752902985,0.13085900247097015,0.13085900247097015,0.1148185059428215,3987200
1992-02-07,0.1328130066394806,0.1367190033197403,0.1328130066394806,0.13476599752902985,0.11824657768011093,5395200
1992-02-10,0.1328130066394806,0.13476599752902985,0.1328130066394806,0.1328130066394806,0.11653302609920502,4736000
1992-02-11,0.1328130066394806,0.13476599752902985,0.13085900247097015,0.13085900247097015,0.1148185059428215,8588800
1992-02-12,0.1328130066394806,0.1328130066394806,0.13085900247097015,0.1328130066394806,0.11653302609920502,6086400
1992-02-13,0.1367190033197403,0.1367190033197403,0.1328130066394806,0.1328130066394806,0.11653302609920502,2137600
1992-02-14,0.1328130066394806,0.13476599752902985,0.1289059966802597,0.1289059966802597,0.113104909658432,3059200
1992-02-18,0.13085900247097015,0.13085900247097015,0.1289059966802597,0.1289059966802597,0.113104909658432,2214400
1992-02-19,0.1289059966802597,0.1289059966802597,0.125,0.125,0.10967770218849182,4729600
1992-02-20,0.125,0.12695300579071045,0.1210940033197403,0.125,0.10967770218849182,2323200
1992-02-21,0.12695300579071045,0.1289059966802597,0.125,0.12695300579071045,0.11139129102230072,7046400
1992-02-24,0.12695300579071045,0.12695300579071045,0.12304700165987015,0.12304700165987015,0.10796411335468292,2406400
1992-02-25,0.125,0.125,0.12304700165987015,0.12304700165987015,0.10796411335468292,2438400
1992-02-26,0.125,0.13085900247097015,0.12304700165987015,0.1289059966802597,0.113104909658432,6105600
1992-02-27,0.13085900247097015,0.13085900247097015,0.12695300579071045,0.12695300579071045,0.11139129102230072,2048000
1992-02-28,0.1289059966802597,0.1289059966802597,0.125,0.1289059966802597,0.113104909658432,1683200
1992-03-02,0.12695300579071045,0.12695300579071045,0.125,0.12695300579071045,0.11139129102230072,1548800
1992-03-03,0.12695300579071045,0.1289059966802597,0.12304700165987015,0.12695300579071045,0.11139129102230072,9497600
1992-03-04,0.1289059966802597,0.13476599752902985,0.1289059966802597,0.1328130066394806,0.11653302609920502,6470400
1992-03-05,0.1367190033197403,0.1367190033197403,0.13085900247097015,0.13085900247097015,0.1148185059428215,3564800
1992-03-06,0.1328130066394806,0.1328130066394806,0.12695300579071045,0.1289059966802597,0.113104909658432,2182400
1992-03-09,0.1289059966802597,0.1289059966802597,0.12695300579071045,0.12695300579071045,0.11139129102230072,2630400
1992-03-10,0.1289059966802597,0.13085900247097015,0.12695300579071045,0.12695300579071045,0.11139129102230072,5049600
1992-03-11,0.125,0.12695300579071045,0.1210940033197403,0.12304700165987015,0.10796411335468292,2297600
1992-03-12,0.1210940033197403,0.12304700165987015,0.1210940033197403,0.1210940033197403,0.10625050216913223,2105600
1992-03-13,0.1210940033197403,0.125,0.1210940033197403,0.12304700165987015,0.10796411335468292,4083200
1992-03-16,0.12304700165987015,0.12304700165987015,0.1210940033197403,0.1210940033197403,0.10625050216913223,409600
1992-03-17,0.12304700165987015,0.12304700165987015,0.11914099752902985,0.1210940033197403,0.10625050216913223,3276800
1992-03-18,0.1210940033197403,0.12304700165987015,0.1210940033197403,0.12304700165987015,0.10796411335468292,2022400
1992-03-19,0.1210940033197403,0.12304700165987015,0.11914099752902985,0.11914099752902985,0.10453688353300095,1222400
1992-03-20,0.1210940033197403,0.125,0.1210940033197403,0.12304700165987015,0.10796411335468292,1830400
1992-03-23,0.12304700165987015,0.125,0.11914099752902985,0.125,0.10967770218849182,1772800
1992-03-24,0.125,0.1367190033197403,0.125,0.1328130066394806,0.11653302609920502,14534400
1992-03-25,0.1328130066394806,0.1328130066394806,0.1289059966802597,0.1289059966802597,0.113104909658432,2252800
1992-03-26,0.1289059966802597,0.1289059966802597,0.12304700165987015,0.125,0.10967770218849182,8064000
1992-03-27,0.12695300579071045,0.1289059966802597,0.12695300579071045,0.1289059966802597,0.113104909658432,1996800
1992-03-30,0.1289059966802597,0.1289059966802597,0.12304700165987015,0.125,0.10967770218849182,2553600
1992-03-31,0.12304700165987015,0.12695300579071045,0.12304700165987015,0.12695300579071045,0.11139129102230072,5772800
1992-04-01,0.125,0.1289059966802597,0.125,0.1289059966802597,0.113104909658432,1036800
1992-04-02,0.12695300579071045,0.1289059966802597,0.12695300579071045,0.12695300579071045,0.11139129102230072,1113600
1992-04-03,0.12695300579071045,0.12695300579071045,0.12695300579071045,0.12695300579071045,0.11139129102230072,441600
1992-04-06,0.12695300579071045,0.12695300579071045,0.125,0.12695300579071045,0.11139129102230072,864000
1992-04-07,0.12695300579071045,0.12695300579071045,0.12304700165987015,0.12304700165987015,0.10796411335468292,2246400
1992-04-08,0.12304700165987015,0.12304700165987015,0.11914099752902985,0.12304700165987015,0.10796411335468292,2438400
1992-04-09,0.12304700165987015,0.12695300579071045,0.12304700165987015,0.12695300579071045,0.11139129102230072,1324800
1992-04-10,0.1289059966802597,0.1289059966802597,0.125,0.12695300579071045,0.11139129102230072,8870400
1992-04-13,0.12695300579071045,0.13085900247097015,0.12695300579071045,0.1289059966802597,0.113104909658432,684800
1992-04-14,0.1289059966802597,0.1289059966802597,0.12695300579071045,0.12695300579071045,0.11139129102230072,998400
1992-04-15,0.125,0.12695300579071045,0.11523400247097015,0.1171879991889,0.10282332450151443,2617600
1992-04-16,0.11914099752902985,0.11914099752902985,0.1171879991889,0.1171879991889,0.10282332450151443,1619200
1992-04-20,0.11914099752902985,0.11914099752902985,0.1132809966802597,0.1132809966802597,0.09939520061016083,3648000
1992-04-21,0.11523400247097015,0.11523400247097015,0.1132809966802597,0.11523400247097015,0.10110882669687271,1638400
1992-04-22,0.1132809966802597,0.11523400247097015,0.11132799834012985,0.1132809966802597,0.09939520061016083,2790400
1992-04-23,0.1132809966802597,0.11914099752902985,0.11132799834012985,0.1171879991889,0.10282332450151443,2656000
1992-04-24,0.11523400247097015,0.11523400247097015,0.109375,0.11523400247097015,0.10110882669687271,2118400
1992-04-27,0.11523400247097015,0.1210940033197403,0.11523400247097015,0.1210940033197403,0.10625050216913223,1785600
1992-04-28,0.1210940033197403,0.1210940033197403,0.1171879991889,0.11914099752902985,0.10453688353300095,755200
1992-04-29,0.11914099752902985,0.11914099752902985,0.1171879991889,0.11914099752902985,0.10453688353300095,256000
1992-04-30,0.1171879991889,0.12304700165987015,0.1171879991889,0.12304700165987015,0.10796411335468292,2067200
1992-05-01,0.12304700165987015,0.12304700165987015,0.1210940033197403,0.1210940033197403,0.10625050216913223,121600
1992-05-04,0.12304700165987015,0.125,0.12304700165987015,0.125,0.10967770218849182,512000
1992-05-05,0.12304700165987015,0.12304700165987015,0.1171879991889,0.11914099752902985,0.10453688353300095,4838400
1992-05-06,0.1210940033197403,0.1210940033197403,0.1171879991889,0.11914099752902985,0.10453688353300095,812800
1992-05-07,0.1210940033197403,0.12304700165987015,0.1210940033197403,0.12304700165987015,0.10796411335468292,1939200
1992-05-08,0.12304700165987015,0.12304700165987015,0.1210940033197403,0.1210940033197403,0.10625050216913223,198400
1992-05-11,0.1210940033197403,0.12304700165987015,0.1210940033197403,0.12304700165987015,0.10796411335468292,2054400
1992-05-12,0.1210940033197403,0.12304700165987015,0.11914099752902985,0.11914099752902985,0.10453688353300095,1235200
1992-05-13,0.11914099752902985,0.11914099752902985,0.1171879991889,0.1171879991889,0.10282332450151443,1555200
1992-05-14,0.1171879991889,0.1171879991889,0.11523400247097015,0.1171879991889,0.10282332450151443,1228800
1992-05-15,0.11523400247097015,0.11523400247097015,0.11132799834012985,0.1132809966802597,0.09939520061016083,2182400
1992-05-18,0.1171879991889,0.11914099752902985,0.1171879991889,0.1171879991889,0.10282332450151443,691200
1992-05-19,0.1171879991889,0.1171879991889,0.11523400247097015,0.1171879991889,0.10282332450151443,755200
1992-05-20,0.11523400247097015,0.1171879991889,0.11523400247097015,0.11523400247097015,0.10110882669687271,428800
1992-05-21,0.1171879991889,0.1171879991889,0.11523400247097015,0.1171879991889,0.10282332450151443,409600
1992-05-22,0.11523400247097015,0.11914099752902985,0.11523400247097015,0.1171879991889,0.10282332450151443,1075200
1992-05-26,0.11523400247097015,0.12304700165987015,0.11523400247097015,0.1210940033197403,0.10625050216913223,1913600
1992-05-27,0.11914099752902985,0.12304700165987015,0.11914099752902985,0.11914099752902985,0.10453688353300095,1056000
1992-05-28,0.11914099752902985,0.11914099752902985,0.1171879991889,0.1171879991889,0.10282332450151443,428800
1992-05-29,0.1171879991889,0.1210940033197403,0.1171879991889,0.11914099752902985,0.10453688353300095,1587200
1992-06-01,0.11914099752902985,0.12304700165987015,0.11914099752902985,0.12304700165987015,0.10796411335468292,876800
1992-06-02,0.1210940033197403,0.1289059966802597,0.1210940033197403,0.12695300579071045,0.11139129102230072,3750400
1992-06-03,0.1289059966802597,0.1289059966802597,0.12304700165987015,0.125,0.10967770218849182,4812800
1992-06-04,0.125,0.125,0.12304700165987015,0.125,0.10967770218849182,582400
1992-06-05,0.12304700165987015,0.125,0.11914099752902985,0.11914099752902985,0.10453688353300095,1056000
1992-06-08,0.11914099752902985,0.1210940033197403,0.11914099752902985,0.11914099752902985,0.10453688353300095,1222400
1992-06-09,0.1210940033197403,0.1210940033197403,0.1171879991889,0.11914099752902985,0.10453688353300095,1139200
1992-06-10,0.11914099752902985,0.11914099752902985,0.1171879991889,0.11914099752902985,0.10453688353300095,505600
1992-06-11,0.1171879991889,0.1210940033197403,0.1171879991889,0.1210940033197403,0.10625050216913223,793600
1992-06-12,0.1210940033197403,0.1210940033197403,0.11914099752902985,0.1210940033197403,0.10625050216913223,953600
1992-06-15,0.1210940033197403,0.1210940033197403,0.1171879991889,0.11914099752902985,0.10453688353300095,3347200
1992-06-16,0.11914099752902985,0.1210940033197403,0.1171879991889,0.11914099752902985,0.10453688353300095,1068800
1992-06-17,0.1210940033197403,0.1210940033197403,0.1171879991889,0.1171879991889,0.10282332450151443,736000
1992-06-18,0.11914099752902985,0.11914099752902985,0.11523400247097015,0.11523400247097015,0.10110882669687271,825600
1992-06-19,0.11523400247097015,0.1171879991889,0.11523400247097015,0.11523400247097015,0.10110882669687271,678400
1992-06-22,0.1171879991889,0.1171879991889,0.1132809966802597,0.1132809966802597,0.09939520061016083,160000
1992-06-23,0.109375,0.109375,0.10742200165987015,0.10742200165987015,0.09425435960292816,992000
1992-06-24,0.109375,0.109375,0.10742200165987015,0.10742200165987015,0.09425435960292816,550400
1992-06-25,0.10742200165987015,0.10742200165987015,0.10742200165987015,0.10742200165987015,0.09425435960292816,147200
1992-06-26,0.1054690033197403,0.1054690033197403,0.1015629991889,0.1015629991889,0.08911359310150146,1952000
1992-06-29,0.10351599752902985,0.109375,0.10351599752902985,0.109375,0.09596797078847885,3507200
1992-06-30,0.109375,0.1132809966802597,0.10742200165987015,0.1132809966802597,0.09939520061016083,6406400
1992-07-01,0.11523400247097015,0.11523400247097015,0.10742200165987015,0.109375,0.09596797078847885,2035200
1992-07-02,0.109375,0.109375,0.10351599752902985,0.1054690033197403,0.09254080057144165,1792000
1992-07-06,0.1054690033197403,0.1054690033197403,0.1015629991889,0.10351599752902985,0.09082716703414917,2912000
1992-07-07,0.09960900247097015,0.1015629991889,0.0976559966802597,0.09960900247097015,0.08739910274744034,3603200
1992-07-08,0.0976559966802597,0.0976559966802597,0.09375,0.0976559966802597,0.08568548411130905,1696000
1992-07-09,0.09570299834012985,0.0976559966802597,0.09375,0.0976559966802597,0.08568548411130905,3942400
1992-07-10,0.09960900247097015,0.1015629991889,0.0976559966802597,0.09960900247097015,0.08739910274744034,550400
1992-07-13,0.1015629991889,0.1015629991889,0.1015629991889,0.1015629991889,0.08911359310150146,576000
1992-07-14,0.1015629991889,0.10742200165987015,0.09960900247097015,0.10742200165987015,0.09425435960292816,3110400
1992-07-15,0.10742200165987015,0.109375,0.1054690033197403,0.109375,0.09596797078847885,3737600
1992-07-16,0.10742200165987015,0.10742200165987015,0.1015629991889,0.10351599752902985,0.09082716703414917,5126400
1992-07-17,0.1015629991889,0.10351599752902985,0.1015629991889,0.1015629991889,0.08911359310150146,448000
1992-07-20,0.10351599752902985,0.10351599752902985,0.1015629991889,0.10351599752902985,0.09082716703414917,832000
1992-07-21,0.1015629991889,0.10351599752902985,0.09960900247097015,0.09960900247097015,0.08739910274744034,4595200
1992-07-22,0.1015629991889,0.1015629991889,0.09960900247097015,0.09960900247097015,0.08739910274744034,1715200
1992-07-23,0.09960900247097015,0.1015629991889,0.09960900247097015,0.1015629991889,0.08911359310150146,2214400
1992-07-24,0.1015629991889,0.1015629991889,0.0976559966802597,0.0976559966802597,0.08568548411130905,313600
1992-07-27,0.09960900247097015,0.09960900247097015,0.09570299834012985,0.09960900247097015,0.08739910274744034,1555200
1992-07-28,0.09960900247097015,0.10742200165987015,0.09960900247097015,0.1054690033197403,0.09254080057144165,9836800
1992-07-29,0.10742200165987015,0.109375,0.10742200165987015,0.109375,0.09596797078847885,3174400
1992-07-30,0.10742200165987015,0.1132809966802597,0.10742200165987015,0.1132809966802597,0.09939520061016083,7040000
1992-07-31,0.1132809966802597,0.1132809966802597,0.109375,0.11132799834012985,0.09768157452344894,460800
1992-08-03,0.11132799834012985,0.1171879991889,0.109375,0.1171879991889,0.10282332450151443,1504000
1992-08-04,0.11523400247097015,0.1171879991889,0.1132809966802597,0.11523400247097015,0.10110882669687271,4992000
1992-08-05,0.1132809966802597,0.1132809966802597,0.109375,0.11132799834012985,0.09768157452344894,1369600
1992-08-06,0.11132799834012985,0.11132799834012985,0.109375,0.109375,0.09596797078847885,396800
1992-08-07,0.109375,0.11132799834012985,0.10742200165987015,0.10742200165987015,0.09425435960292816,2035200
1992-08-10,0.10742200165987015,0.109375,0.10742200165987015,0.10742200165987015,0.09425435960292816,4096000
1992-08-11,0.10742200165987015,0.109375,0.1054690033197403,0.109375,0.09596797078847885,5811200
1992-08-12,0.109375,0.109375,0.10742200165987015,0.10742200165987015,0.09425435960292816,2496000
1992-08-13,0.10742200165987015,0.10742200165987015,0.1054690033197403,0.1054690033197403,0.09254080057144165,1836800
1992-08-14,0.10742200165987015,0.10742200165987015,0.1054690033197403,0.1054690033197403,0.09254080057144165,1286400
1992-08-17,0.10742200165987015,0.10742200165987015,0.10351599752902985,0.10351599752902985,0.09082716703414917,16454400
1992-08-18,0.1054690033197403,0.1054690033197403,0.10351599752902985,0.1054690033197403,0.09254080057144165,1203200
1992-08-19,0.10351599752902985,0.1054690033197403,0.10351599752902985,0.1054690033197403,0.09254080057144165,2112000
1992-08-20,0.10351599752902985,0.10351599752902985,0.1015629991889,0.1015629991889,0.08911359310150146,947200
1992-08-21,0.1015629991889,0.1015629991889,0.09960900247097015,0.1015629991889,0.08911359310150146,857600
1992-08-24,0.09960900247097015,0.09960900247097015,0.09960900247097015,0.09960900247097015,0.08739910274744034,1004800
1992-08-25,0.0976559966802597,0.1015629991889,0.0976559966802597,0.09960900247097015,0.08739910274744034,1561600
1992-08-26,0.1015629991889,0.1015629991889,0.09960900247097015,0.1015629991889,0.08911359310150146,544000
1992-08-27,0.10351599752902985,0.10351599752902985,0.09960900247097015,0.1015629991889,0.08911359310150146,1593600
1992-08-28,0.1015629991889,0.1015629991889,0.09960900247097015,0.09960900247097015,0.08739910274744034,844800
1992-08-31,0.09960900247097015,0.1015629991889,0.09960900247097015,0.09960900247097015,0.08739910274744034,448000
1992-09-01,0.1015629991889,0.1054690033197403,0.1015629991889,0.1054690033197403,0.09254080057144165,8960000
1992-09-02,0.1054690033197403,0.1054690033197403,0.10351599752902985,0.10351599752902985,0.09082716703414917,1734400
1992-09-03,0.10351599752902985,0.10351599752902985,0.1015629991889,0.10351599752902985,0.09082716703414917,1638400
1992-09-04,0.1015629991889,0.1054690033197403,0.1015629991889,0.1054690033197403,0.09254080057144165,716800
1992-09-08,0.1054690033197403,0.1054690033197403,0.10351599752902985,0.1054690033197403,0.09254080057144165,1164800
1992-09-09,0.1054690033197403,0.1054690033197403,0.1015629991889,0.1015629991889,0.08911359310150146,1446400
1992-09-10,0.1015629991889,0.1054690033197403,0.1015629991889,0.1054690033197403,0.09254080057144165,23737600
1992-09-11,0.1054690033197403,0.10742200165987015,0.1054690033197403,0.10742200165987015,0.09425435960292816,7673600
1992-09-14,0.109375,0.1132809966802597,0.109375,0.11132799834012985,0.09768157452344894,4800000
1992-09-15,0.10742200165987015,0.109375,0.1054690033197403,0.10742200165987015,0.09425435960292816,3641600
1992-09-16,0.1054690033197403,0.10742200165987015,0.1054690033197403,0.1054690033197403,0.09254080057144165,1260800
1992-09-17,0.1054690033197403,0.11132799834012985,0.1054690033197403,0.11132799834012985,0.09768157452344894,1158400
1992-09-18,0.11132799834012985,0.1132809966802597,0.109375,0.11132799834012985,0.09768157452344894,1926400
1992-09-21,0.11132799834012985,0.11132799834012985,0.109375,0.11132799834012985,0.09768157452344894,1433600
1992-09-22,0.109375,0.11132799834012985,0.109375,0.109375,0.09596797078847885,9068800
1992-09-23,0.11132799834012985,0.1132809966802597,0.11132799834012985,0.11132799834012985,0.09768157452344894,1222400
1992-09-24,0.11132799834012985,0.1132809966802597,0.11132799834012985,0.11132799834012985,0.09768157452344894,620800
1992-09-25,0.11132799834012985,0.1132809966802597,0.11132799834012985,0.11132799834012985,0.09768157452344894,2137600
1992-09-28,0.11132799834012985,0.11132799834012985,0.109375,0.109375,0.09596797078847885,908800
1992-09-29,0.109375,0.109375,0.109375,0.109375,0.09596797078847885,1190400
1992-09-30,0.109375,0.109375,0.10742200165987015,0.109375,0.09596797078847885,2220800
1992-10-01,0.10742200165987015,0.10742200165987015,0.10742200165987015,0.10742200165987015,0.09425435960292816,192000
1992-10-02,0.10742200165987015,0.10742200165987015,0.1054690033197403,0.10742200165987015,0.09425435960292816,6566400
1992-10-05,0.10742200165987015,0.10742200165987015,0.10351599752902985,0.10351599752902985,0.09082716703414917,2854400
1992-10-06,0.1054690033197403,0.10742200165987015,0.10351599752902985,0.10351599752902985,0.09082716703414917,1100800
1992-10-07,0.10351599752902985,0.1054690033197403,0.10351599752902985,0.10351599752902985,0.09082716703414917,1440000
1992-10-08,0.10351599752902985,0.10351599752902985,0.0976559966802597,0.0976559966802597,0.08568548411130905,9388800
1992-10-09,0.0976559966802597,0.0976559966802597,0.09375,0.09375,0.08225826919078827,10886400
1992-10-12,0.09570299834012985,0.09570299834012985,0.09375,0.09375,0.08225826919078827,620800
1992-10-13,0.09375,0.1015629991889,0.09375,0.1015629991889,0.08911359310150146,1670400
1992-10-14,0.1015629991889,0.10351599752902985,0.1015629991889,0.10351599752902985,0.09082716703414917,1094400
1992-10-15,0.1015629991889,0.1015629991889,0.1015629991889,0.1015629991889,0.08911359310150146,832000
1992-10-16,0.09960900247097015,0.09960900247097015,0.09570299834012985,0.09570299834012985,0.08397190272808075,1324800
1992-10-19,0.0976559966802597,0.09960900247097015,0.0976559966802597,0.0976559966802597,0.08568548411130905,1158400
1992-10-20,0.09960900247097015,0.09960900247097015,0.09570299834012985,0.09570299834012985,0.08397190272808075,428800
1992-10-21,0.09375,0.09375,0.09179700165987015,0.09375,0.08225826919078827,2188800
1992-10-22,0.09375,0.09375,0.09179700165987015,0.09179700165987015,0.08054466545581818,307200
1992-10-23,0.09179700165987015,0.10351599752902985,0.09179700165987015,0.09570299834012985,0.08397190272808075,2873600
1992-10-26,0.09570299834012985,0.09570299834012985,0.0898440033197403,0.0898440033197403,0.07883108407258987,3712000
1992-10-27,0.0898440033197403,0.09179700165987015,0.08789099752902985,0.08789099752902985,0.07711747288703918,4166400
1992-10-28,0.0898440033197403,0.0898440033197403,0.08398400247097015,0.08398400247097015,0.07368937134742737,2233600
1992-10-29,0.0859379991889,0.0859379991889,0.08007799834012985,0.0820309966802597,0.07197577506303787,1996800
1992-10-30,0.0820309966802597,0.0859379991889,0.0820309966802597,0.0820309966802597,0.07197577506303787,2272000
1992-11-02,0.08398400247097015,0.08398400247097015,0.08007799834012985,0.0820309966802597,0.07197577506303787,1804800
1992-11-03,0.0820309966802597,0.08398400247097015,0.0820309966802597,0.0820309966802597,0.07197577506303787,3808000
1992-11-04,0.08398400247097015,0.08398400247097015,0.0820309966802597,0.08398400247097015,0.07368937134742737,2195200
1992-11-05,0.0820309966802597,0.0820309966802597,0.08007799834012985,0.0820309966802597,0.07197577506303787,5843200
1992-11-06,0.08007799834012985,0.08398400247097015,0.08007799834012985,0.08398400247097015,0.07368937134742737,1228800
1992-11-09,0.08398400247097015,0.0898440033197403,0.08398400247097015,0.0898440033197403,0.07883108407258987,29401600
1992-11-10,0.0898440033197403,0.09179700165987015,0.08789099752902985,0.08789099752902985,0.07711747288703918,8582400
1992-11-11,0.0898440033197403,0.0898440033197403,0.08789099752902985,0.0898440033197403,0.07883108407258987,1196800
1992-11-12,0.08789099752902985,0.09375,0.08789099752902985,0.09375,0.08225826919078827,3609600
1992-11-13,0.09375,0.09375,0.0859379991889,0.08789099752902985,0.07711747288703918,7308800
1992-11-16,0.0898440033197403,0.0898440033197403,0.0859379991889,0.08789099752902985,0.07711747288703918,2835200
1992-11-17,0.08789099752902985,0.0898440033197403,0.0859379991889,0.0859379991889,0.07540386915206909,4204800
1992-11-18,0.0859379991889,0.0859379991889,0.0820309966802597,0.08398400247097015,0.07368937134742737,2041600
1992-11-19,0.08398400247097015,0.0859379991889,0.0820309966802597,0.08398400247097015,0.07368937134742737,3283200
1992-11-20,0.08398400247097015,0.0859379991889,0.08398400247097015,0.08398400247097015,0.07368937134742737,985600
1992-11-23,0.08398400247097015,0.0859379991889,0.08398400247097015,0.08398400247097015,0.07368937134742737,3411200
1992-11-24,0.0820309966802597,0.0859379991889,0.0820309966802597,0.0859379991889,0.07540386915206909,2412800
1992-11-25,0.0859379991889,0.0859379991889,0.0820309966802597,0.0859379991889,0.07540386915206909,2969600
1992-11-27,0.08398400247097015,0.08398400247097015,0.0820309966802597,0.0820309966802597,0.07197577506303787,1075200
1992-11-30,0.0820309966802597,0.08398400247097015,0.08007799834012985,0.0820309966802597,0.07197577506303787,2233600
1992-12-01,0.08398400247097015,0.0859379991889,0.08398400247097015,0.0859379991889,0.07540386915206909,2028800
1992-12-02,0.0859379991889,0.0859379991889,0.08398400247097015,0.0859379991889,0.07540386915206909,4352000
1992-12-03,0.0859379991889,0.0898440033197403,0.0820309966802597,0.0898440033197403,0.07883108407258987,58560000
1992-12-04,0.0898440033197403,0.09375,0.08789099752902985,0.09179700165987015,0.08054466545581818,17088000
1992-12-07,0.09179700165987015,0.09179700165987015,0.08789099752902985,0.08789099752902985,0.07711747288703918,5382400
1992-12-08,0.0898440033197403,0.0898440033197403,0.08789099752902985,0.08789099752902985,0.07711747288703918,3699200
1992-12-09,0.0898440033197403,0.09375,0.0898440033197403,0.09179700165987015,0.08054466545581818,7020800
1992-12-10,0.09179700165987015,0.1015629991889,0.0898440033197403,0.0976559966802597,0.08568548411130905,7161600
1992-12-11,0.0976559966802597,0.1015629991889,0.09570299834012985,0.0976559966802597,0.08568548411130905,2016000
1992-12-14,0.09570299834012985,0.09960900247097015,0.09375,0.0976559966802597,0.08568548411130905,2758400
1992-12-15,0.09960900247097015,0.1015629991889,0.0976559966802597,0.09960900247097015,0.08739910274744034,3078400
1992-12-16,0.09960900247097015,0.1015629991889,0.0976559966802597,0.09960900247097015,0.08739910274744034,2432000
1992-12-17,0.09960900247097015,0.1015629991889,0.09960900247097015,0.1015629991889,0.08911359310150146,4659200
1992-12-18,0.1015629991889,0.1015629991889,0.09570299834012985,0.0976559966802597,0.08568548411130905,4064000
1992-12-21,0.09570299834012985,0.09960900247097015,0.09570299834012985,0.0976559966802597,0.08568548411130905,4236800
1992-12-22,0.0976559966802597,0.0976559966802597,0.09375,0.09570299834012985,0.08397190272808075,2694400
1992-12-23,0.10351599752902985,0.109375,0.09960900247097015,0.109375,0.09596797078847885,22617600
1992-12-24,0.1132809966802597,0.1210940033197403,0.11132799834012985,0.11523400247097015,0.10110882669687271,9836800
1992-12-28,0.11523400247097015,0.11914099752902985,0.11132799834012985,0.1171879991889,0.10282332450151443,6342400
1992-12-29,0.11914099752902985,0.11914099752902985,0.11132799834012985,0.1132809966802597,0.09939520061016083,5875200
1992-12-30,0.1132809966802597,0.1132809966802597,0.109375,0.11132799834012985,0.09768157452344894,4627200
1992-12-31,0.1132809966802597,0.1132809966802597,0.109375,0.109375,0.09596797078847885,3008000
1993-01-04,0.11132799834012985,0.11523400247097015,0.11132799834012985,0.1132809966802597,0.09939520061016083,5305600
1993-01-05,0.11523400247097015,0.11523400247097015,0.1132809966802597,0.1132809966802597,0.09939520061016083,7142400
1993-01-06,0.1132809966802597,0.11523400247097015,0.11132799834012985,0.11132799834012985,0.09768157452344894,3321600
1993-01-07,0.1132809966802597,0.1132809966802597,0.10742200165987015,0.10742200165987015,0.09425435960292816,2739200
1993-01-08,0.109375,0.11132799834012985,0.1054690033197403,0.109375,0.09596797078847885,5350400
1993-01-11,0.11132799834012985,0.11132799834012985,0.109375,0.11132799834012985,0.09768157452344894,1830400
1993-01-12,0.11132799834012985,0.11132799834012985,0.109375,0.109375,0.09596797078847885,2438400
1993-01-13,0.11132799834012985,0.11132799834012985,0.109375,0.11132799834012985,0.09768157452344894,6406400
1993-01-14,0.11132799834012985,0.1210940033197403,0.11132799834012985,0.1210940033197403,0.10625050216913223,9414400
1993-01-15,0.1210940033197403,0.12695300579071045,0.11914099752902985,0.11914099752902985,0.10453688353300095,10873600
1993-01-18,0.125,0.12695300579071045,0.1210940033197403,0.12304700165987015,0.10796411335468292,5772800
1993-01-19,0.1210940033197403,0.125,0.11914099752902985,0.1210940033197403,0.10625050216913223,4076800
1993-01-20,0.1210940033197403,0.12304700165987015,0.11914099752902985,0.1210940033197403,0.10625050216913223,1638400
1993-01-21,0.1210940033197403,0.1210940033197403,0.11914099752902985,0.1210940033197403,0.10625050216913223,2649600
1993-01-22,0.1210940033197403,0.1328130066394806,0.1210940033197403,0.12695300579071045,0.11139129102230072,15366400
1993-01-25,0.125,0.13085900247097015,0.125,0.1289059966802597,0.113104909658432,6899200
1993-01-26,0.13085900247097015,0.1328130066394806,0.1289059966802597,0.13085900247097015,0.1148185059428215,7168000
1993-01-27,0.1328130066394806,0.1328130066394806,0.12695300579071045,0.1289059966802597,0.113104909658432,9484800
1993-01-28,0.1289059966802597,0.1289059966802597,0.1171879991889,0.125,0.10967770218849182,10598400
1993-01-29,0.12304700165987015,0.12304700165987015,0.1171879991889,0.1210940033197403,0.10625050216913223,2988800
1993-02-01,0.12304700165987015,0.12695300579071045,0.12304700165987015,0.125,0.10967770218849182,6073600
1993-02-02,0.125,0.12695300579071045,0.125,0.12695300579071045,0.11139129102230072,5190400
1993-02-03,0.1289059966802597,0.13085900247097015,0.1289059966802597,0.13085900247097015,0.1148185059428215,4249600
1993-02-04,0.1328130066394806,0.1328130066394806,0.12695300579071045,0.13085900247097015,0.1148185059428215,9651200
1993-02-05,0.1289059966802597,0.1289059966802597,0.12304700165987015,0.12304700165987015,0.10796411335468292,1555200
1993-02-08,0.12304700165987015,0.12304700165987015,0.1210940033197403,0.12304700165987015,0.10796411335468292,934400
1993-02-09,0.12304700165987015,0.12304700165987015,0.11914099752902985,0.1210940033197403,0.10625050216913223,4070400
1993-02-10,0.12304700165987015,0.1289059966802597,0.12304700165987015,0.1289059966802597,0.113104909658432,14387200
1993-02-11,0.12695300579071045,0.1289059966802597,0.12304700165987015,0.12304700165987015,0.10796411335468292,2265600
1993-02-12,0.125,0.12695300579071045,0.12304700165987015,0.125,0.10967770218849182,2022400
1993-02-16,0.13085900247097015,0.13476599752902985,0.12695300579071045,0.13085900247097015,0.1148185059428215,14035200
1993-02-17,0.13085900247097015,0.13085900247097015,0.125,0.1289059966802597,0.113104909658432,5612800
1993-02-18,0.1289059966802597,0.1289059966802597,0.125,0.125,0.10967770218849182,2240000
1993-02-19,0.12695300579071045,0.13085900247097015,0.12695300579071045,0.13085900247097015,0.1148185059428215,23148800
1993-02-22,0.1328130066394806,0.1367190033197403,0.1289059966802597,0.1328130066394806,0.11653302609920502,10150400
1993-02-23,0.1328130066394806,0.13476599752902985,0.1289059966802597,0.13085900247097015,0.1148185059428215,5235200
1993-02-24,0.1289059966802597,0.13085900247097015,0.125,0.13085900247097015,0.1148185059428215,2464000
1993-02-25,0.13085900247097015,0.1328130066394806,0.13085900247097015,0.1328130066394806,0.11653302609920502,1824000
1993-02-26,0.1328130066394806,0.13476599752902985,0.1289059966802597,0.13085900247097015,0.1148185059428215,4646400
1993-03-01,0.1289059966802597,0.13085900247097015,0.12695300579071045,0.12695300579071045,0.11139129102230072,1606400
1993-03-02,0.1289059966802597,0.1328130066394806,0.1289059966802597,0.13085900247097015,0.1148185059428215,5280000
1993-03-03,0.1328130066394806,0.1328130066394806,0.1289059966802597,0.13085900247097015,0.1148185059428215,1036800
1993-03-04,0.1289059966802597,0.13085900247097015,0.12695300579071045,0.13085900247097015,0.1148185059428215,992000
1993-03-05,0.1289059966802597,0.13085900247097015,0.1289059966802597,0.13085900247097015,0.1148185059428215,851200
1993-03-08,0.1328130066394806,0.1328130066394806,0.1289059966802597,0.1289059966802597,0.113104909658432,2297600
1993-03-09,0.1289059966802597,0.13085900247097015,0.1289059966802597,0.13085900247097015,0.1148185059428215,2188800
1993-03-10,0.13085900247097015,0.1328130066394806,0.125,0.125,0.10967770218849182,2572800
1993-03-11,0.1289059966802597,0.13085900247097015,0.12695300579071045,0.12695300579071045,0.11139129102230072,2329600
1993-03-12,0.12695300579071045,0.1289059966802597,0.125,0.12695300579071045,0.11139129102230072,1017600
1993-03-15,0.125,0.12695300579071045,0.125,0.12695300579071045,0.11139129102230072,1049600
1993-03-16,0.125,0.125,0.11523400247097015,0.11914099752902985,0.10453688353300095,7680000
1993-03-17,0.1171879991889,0.12304700165987015,0.1171879991889,0.12304700165987015,0.10796411335468292,10560000
1993-03-18,0.125,0.12695300579071045,0.12304700165987015,0.125,0.10967770218849182,19430400
1993-03-19,0.12304700165987015,0.125,0.12304700165987015,0.125,0.10967770218849182,940800
1993-03-22,0.12304700165987015,0.12304700165987015,0.11914099752902985,0.11914099752902985,0.10453688353300095,2240000
1993-03-23,0.11914099752902985,0.11914099752902985,0.1171879991889,0.11914099752902985,0.10453688353300095,1728000
1993-03-24,0.11914099752902985,0.11914099752902985,0.11523400247097015,0.1171879991889,0.10282332450151443,2534400
1993-03-25,0.11523400247097015,0.11914099752902985,0.1132809966802597,0.1171879991889,0.10282332450151443,4736000
1993-03-26,0.1171879991889,0.1210940033197403,0.1171879991889,0.1210940033197403,0.10625050216913223,2387200
1993-03-29,0.1210940033197403,0.1210940033197403,0.11914099752902985,0.1210940033197403,0.10625050216913223,4409600
1993-03-30,0.11914099752902985,0.11914099752902985,0.11523400247097015,0.1171879991889,0.10282332450151443,966400
1993-03-31,0.1171879991889,0.1171879991889,0.11523400247097015,0.11523400247097015,0.10110882669687271,902400
1993-04-01,0.11523400247097015,0.11914099752902985,0.1132809966802597,0.11523400247097015,0.10110882669687271,18419200
1993-04-02,0.11523400247097015,0.11523400247097015,0.11132799834012985,0.11132799834012985,0.09768157452344894,1241600
1993-04-05,0.11132799834012985,0.1132809966802597,0.11132799834012985,0.1132809966802597,0.09939520061016083,1388800
1993-04-06,0.11132799834012985,0.11132799834012985,0.109375,0.11132799834012985,0.09768157452344894,1350400
1993-04-07,0.109375,0.11132799834012985,0.10351599752902985,0.10351599752902985,0.09082716703414917,3737600
1993-04-08,0.10351599752902985,0.1054690033197403,0.1015629991889,0.10351599752902985,0.09082716703414917,4793600
1993-04-12,0.10742200165987015,0.1132809966802597,0.10742200165987015,0.109375,0.09596797078847885,5388800
1993-04-13,0.11132799834012985,0.11914099752902985,0.11132799834012985,0.11914099752902985,0.10453688353300095,5542400
1993-04-14,0.1210940033197403,0.12304700165987015,0.1171879991889,0.1171879991889,0.10282332450151443,3040000
1993-04-15,0.1171879991889,0.1210940033197403,0.1171879991889,0.11914099752902985,0.10453688353300095,5184000
1993-04-16,0.1210940033197403,0.12304700165987015,0.11914099752902985,0.11914099752902985,0.10453688353300095,2124800
1993-04-19,0.11914099752902985,0.12304700165987015,0.11914099752902985,0.1210940033197403,0.10625050216913223,736000
1993-04-20,0.12304700165987015,0.12304700165987015,0.11914099752902985,0.1210940033197403,0.10625050216913223,4448000
1993-04-21,0.12304700165987015,0.125,0.12304700165987015,0.12304700165987015,0.10796411335468292,1075200
1993-04-22,0.125,0.125,0.11914099752902985,0.12304700165987015,0.10796411335468292,1894400
1993-04-23,0.125,0.125,0.11914099752902985,0.12304700165987015,0.10796411335468292,2176000
1993-04-26,0.12304700165987015,0.12304700165987015,0.1210940033197403,0.12304700165987015,0.10796411335468292,4499200
1993-04-27,0.12304700165987015,0.12304700165987015,0.1210940033197403,0.1210940033197403,0.10625050216913223,1683200
1993-04-28,0.1210940033197403,0.12304700165987015,0.1210940033197403,0.12304700165987015,0.10796411335468292,2528000
1993-04-29,0.12304700165987015,0.1289059966802597,0.12304700165987015,0.12695300579071045,0.11139129102230072,3360000
1993-04-30,0.12695300579071045,0.12695300579071045,0.12304700165987015,0.12304700165987015,0.10796411335468292,652800
1993-05-03,0.125,0.12695300579071045,0.12304700165987015,0.125,0.10967770218849182,1644800
1993-05-04,0.125,0.12695300579071045,0.125,0.12695300579071045,0.11139129102230072,876800
1993-05-05,0.1289059966802597,0.13085900247097015,0.12695300579071045,0.1289059966802597,0.113104909658432,2297600
1993-05-06,0.1289059966802597,0.1289059966802597,0.12695300579071045,0.12695300579071045,0.11139129102230072,1152000
1993-05-07,0.125,0.12695300579071045,0.125,0.125,0.10967770218849182,947200
1993-05-10,0.125,0.13085900247097015,0.125,0.1289059966802597,0.113104909658432,3174400
1993-05-11,0.1289059966802597,0.1289059966802597,0.12695300579071045,0.12695300579071045,0.11139129102230072,4467200
1993-05-12,0.12695300579071045,0.12695300579071045,0.125,0.125,0.10967770218849182,2617600
1993-05-13,0.12695300579071045,0.13476599752902985,0.12695300579071045,0.13476599752902985,0.11824657768011093,5817600
1993-05-14,0.1367190033197403,0.1367190033197403,0.13476599752902985,0.13476599752902985,0.11824657768011093,4601600
1993-05-17,0.13476599752902985,0.13476599752902985,0.1328130066394806,0.1328130066394806,0.11653302609920502,2803200
1993-05-18,0.1328130066394806,0.13476599752902985,0.1328130066394806,0.13476599752902985,0.11824657768011093,2528000
1993-05-19,0.1328130066394806,0.1328130066394806,0.13085900247097015,0.13085900247097015,0.1148185059428215,2348800
1993-05-20,0.1328130066394806,0.13476599752902985,0.13085900247097015,0.1328130066394806,0.11653302609920502,1542400
1993-05-21,0.13476599752902985,0.13476599752902985,0.13085900247097015,0.13085900247097015,0.1148185059428215,1574400
1993-05-24,0.1328130066394806,0.1367190033197403,0.1328130066394806,0.1328130066394806,0.11653302609920502,1081600
1993-05-25,0.13476599752902985,0.1367190033197403,0.1328130066394806,0.13476599752902985,0.11824657768011093,1734400
1993-05-26,0.1367190033197403,0.1523440033197403,0.1367190033197403,0.15039099752902985,0.13195635378360748,15142400
1993-05-27,0.15625,0.15820300579071045,0.15429699420928955,0.15625,0.13709712028503418,23379200
1993-05-28,0.15429699420928955,0.15429699420928955,0.1484380066394806,0.15429699420928955,0.13538359105587006,5958400
1993-06-01,0.1523440033197403,0.1601559966802597,0.15039099752902985,0.15429699420928955,0.13538359105587006,10579200
1993-06-02,0.1523440033197403,0.1601559966802597,0.15039099752902985,0.1601559966802597,0.14052432775497437,9728000
1993-06-03,0.1601559966802597,0.1601559966802597,0.15039099752902985,0.15429699420928955,0.13538359105587006,4934400
1993-06-04,0.15429699420928955,0.15820300579071045,0.1523440033197403,0.15625,0.13709712028503418,1702400
1993-06-07,0.15429699420928955,0.15625,0.15039099752902985,0.15039099752902985,0.13195635378360748,2131200
1993-06-08,0.15039099752902985,0.15625,0.15039099752902985,0.15625,0.13709712028503418,5388800
1993-06-09,0.15820300579071045,0.1679690033197403,0.15429699420928955,0.1640630066394806,0.1439523845911026,8972800
1993-06-10,0.1601559966802597,0.1601559966802597,0.1523440033197403,0.1523440033197403,0.13366995751857758,4550400
1993-06-11,0.15429699420928955,0.16210900247097015,0.15429699420928955,0.15820300579071045,0.13881073892116547,15340800
1993-06-14,0.15625,0.16601599752902985,0.15625,0.16601599752902985,0.14566612243652344,7180800
1993-06-15,0.1640630066394806,0.16601599752902985,0.16210900247097015,0.1640630066394806,0.1439523845911026,4832000
1993-06-16,0.1640630066394806,0.16601599752902985,0.16210900247097015,0.16601599752902985,0.14566612243652344,6496000
1993-06-17,0.1640630066394806,0.16601599752902985,0.16210900247097015,0.1640630066394806,0.1439523845911026,1248000
1993-06-18,0.16210900247097015,0.16210900247097015,0.15429699420928955,0.15429699420928955,0.13538359105587006,2540800
1993-06-21,0.15625,0.16210900247097015,0.15625,0.1601559966802597,0.14052432775497437,4448000
1993-06-22,0.1601559966802597,0.16210900247097015,0.1601559966802597,0.16210900247097015,0.14223793148994446,1113600
1993-06-23,0.16210900247097015,0.1640630066394806,0.1601559966802597,0.1640630066394806,0.1439523845911026,2566400
1993-06-24,0.1640630066394806,0.1640630066394806,0.1601559966802597,0.16210900247097015,0.14223793148994446,4838400
1993-06-25,0.1601559966802597,0.16210900247097015,0.1601559966802597,0.16210900247097015,0.14223793148994446,1971200
1993-06-28,0.1640630066394806,0.17382800579071045,0.1640630066394806,0.171875,0.15080682933330536,9734400
1993-06-29,0.171875,0.17382800579071045,0.1640630066394806,0.1679690033197403,0.14737959206104279,3750400
1993-06-30,0.1679690033197403,0.1679690033197403,0.16210900247097015,0.16210900247097015,0.14223793148994446,2848000
1993-07-01,0.16210900247097015,0.1757809966802597,0.16210900247097015,0.17382800579071045,0.15252044796943665,7212800
1993-07-02,0.17382800579071045,0.1796880066394806,0.16992199420928955,0.16992199420928955,0.14909318089485168,4723200
1993-07-06,0.16601599752902985,0.16601599752902985,0.1640630066394806,0.16601599752902985,0.14566612243652344,3449600
1993-07-07,0.1679690033197403,0.17382800579071045,0.16601599752902985,0.16992199420928955,0.14909318089485168,3321600
1993-07-08,0.1640630066394806,0.1640630066394806,0.1484380066394806,0.1640630066394806,0.1439523845911026,19820800
1993-07-09,0.16210900247097015,0.1640630066394806,0.1601559966802597,0.16210900247097015,0.14223793148994446,4313600
1993-07-12,0.16210900247097015,0.1640630066394806,0.1601559966802597,0.1601559966802597,0.14052432775497437,3852800
1993-07-13,0.1601559966802597,0.16601599752902985,0.1601559966802597,0.16601599752902985,0.14566612243652344,3334400
1993-07-14,0.1679690033197403,0.1757809966802597,0.16601599752902985,0.17382800579071045,0.15252044796943665,8192000
1993-07-15,0.171875,0.1757809966802597,0.171875,0.171875,0.15080682933330536,2835200
1993-07-16,0.171875,0.1835940033197403,0.16992199420928955,0.1757809966802597,0.1542341113090515,9312000
1993-07-19,0.1757809966802597,0.1757809966802597,0.171875,0.171875,0.15080682933330536,3846400
1993-07-20,0.171875,0.1796880066394806,0.171875,0.1757809966802597,0.1542341113090515,5971200
1993-07-21,0.17773400247097015,0.1796880066394806,0.1679690033197403,0.1679690033197403,0.14737959206104279,5715200
1993-07-22,0.16992199420928955,0.171875,0.1679690033197403,0.16992199420928955,0.14909318089485168,1491200
1993-07-23,0.16992199420928955,0.171875,0.1679690033197403,0.16992199420928955,0.14909318089485168,710400
1993-07-26,0.171875,0.17382800579071045,0.1679690033197403,0.17382800579071045,0.15252044796943665,3904000
1993-07-27,0.17382800579071045,0.1757809966802597,0.1679690033197403,0.16992199420928955,0.14909318089485168,1510400
1993-07-28,0.1679690033197403,0.1757809966802597,0.1679690033197403,0.17382800579071045,0.15252044796943665,2566400
1993-07-29,0.171875,0.171875,0.16992199420928955,0.171875,0.15080682933330536,1478400
1993-07-30,0.16992199420928955,0.171875,0.16210900247097015,0.171875,0.15080682933330536,6016000
1993-08-02,0.171875,0.17382800579071045,0.1640630066394806,0.1640630066394806,0.1439523845911026,1836800
1993-08-03,0.1679690033197403,0.17382800579071045,0.1679690033197403,0.171875,0.15080682933330536,3398400
1993-08-04,0.171875,0.171875,0.1679690033197403,0.171875,0.15080682933330536,1305600
1993-08-05,0.16992199420928955,0.171875,0.16601599752902985,0.171875,0.15080682933330536,678400
1993-08-06,0.171875,0.171875,0.16601599752902985,0.1679690033197403,0.14737959206104279,2681600
1993-08-09,0.1679690033197403,0.16992199420928955,0.1679690033197403,0.1679690033197403,0.14737959206104279,1043200
1993-08-10,0.1679690033197403,0.1679690033197403,0.16210900247097015,0.16210900247097015,0.14223793148994446,953600
1993-08-11,0.1601559966802597,0.16210900247097015,0.15625,0.15820300579071045,0.13881073892116547,2854400
1993-08-12,0.1601559966802597,0.16601599752902985,0.15820300579071045,0.1640630066394806,0.1439523845911026,1939200
1993-08-13,0.16601599752902985,0.171875,0.1640630066394806,0.16992199420928955,0.14909318089485168,1760000
1993-08-16,0.171875,0.17773400247097015,0.1679690033197403,0.171875,0.15080682933330536,8172800
1993-08-17,0.171875,0.1796880066394806,0.171875,0.17382800579071045,0.15252044796943665,8467200
1993-08-18,0.171875,0.17773400247097015,0.171875,0.17382800579071045,0.15252044796943665,4947200
1993-08-19,0.171875,0.17773400247097015,0.171875,0.171875,0.15080682933330536,3296000
1993-08-20,0.17382800579071045,0.1757809966802597,0.171875,0.1757809966802597,0.1542341113090515,2419200
1993-08-23,0.17382800579071045,0.1757809966802597,0.16992199420928955,0.171875,0.15080682933330536,3520000
1993-08-24,0.16992199420928955,0.16992199420928955,0.15625,0.15820300579071045,0.13881073892116547,5292800
1993-08-25,0.1601559966802597,0.17382800579071045,0.1601559966802597,0.171875,0.15080682933330536,17977600
1993-08-26,0.17382800579071045,0.1757809966802597,0.171875,0.171875,0.15080682933330536,13043200
1993-08-27,0.17382800579071045,0.18554699420928955,0.17382800579071045,0.18164099752902985,0.15937574207782745,7462400
1993-08-30,0.18554699420928955,0.1953130066394806,0.18554699420928955,0.1914059966802597,0.1679438054561615,12102400
1993-08-31,0.1953130066394806,0.1992190033197403,0.1914059966802597,0.19726599752902985,0.17308549582958221,18668800
1993-09-01,0.1953130066394806,0.203125,0.1953130066394806,0.1992190033197403,0.17479906976222992,12736000
1993-09-02,0.19726599752902985,0.20117199420928955,0.19726599752902985,0.20117199420928955,0.1765126883983612,4256000
1993-09-03,0.20117199420928955,0.20117199420928955,0.19726599752902985,0.20117199420928955,0.1765126883983612,4723200
1993-09-07,0.20117199420928955,0.20117199420928955,0.19726599752902985,0.1992190033197403,0.17479906976222992,7052800
1993-09-08,0.20117199420928955,0.20117199420928955,0.1875,0.1914059966802597,0.1679438054561615,6163200
1993-09-09,0.18945300579071045,0.19726599752902985,0.18945300579071045,0.1953130066394806,0.17137186229228973,1126400
1993-09-10,0.19726599752902985,0.20117199420928955,0.19726599752902985,0.20117199420928955,0.1765126883983612,1708800
1993-09-13,0.20117199420928955,0.20117199420928955,0.1953130066394806,0.1992190033197403,0.17479906976222992,1836800
1993-09-14,0.1953130066394806,0.19726599752902985,0.1914059966802597,0.19335900247097015,0.16965731978416443,2880000
1993-09-15,0.19335900247097015,0.1953130066394806,0.19335900247097015,0.1953130066394806,0.17137186229228973,7801600
1993-09-16,0.19726599752902985,0.203125,0.19726599752902985,0.20117199420928955,0.1765126883983612,6105600
1993-09-17,0.1992190033197403,0.20117199420928955,0.1992190033197403,0.20117199420928955,0.1765126883983612,3430400
1993-09-20,0.20117199420928955,0.20117199420928955,0.1992190033197403,0.20117199420928955,0.1765126883983612,5324800
1993-09-21,0.20117199420928955,0.20117199420928955,0.1953130066394806,0.1953130066394806,0.17137186229228973,2028800
1993-09-22,0.19726599752902985,0.2070309966802597,0.1953130066394806,0.20507800579071045,0.17993992567062378,4576000
1993-09-23,0.2070309966802597,0.21289099752902985,0.2070309966802597,0.21289099752902985,0.18679523468017578,7577600
1993-09-24,0.2109380066394806,0.2109380066394806,0.2070309966802597,0.20898400247097015,0.1833670437335968,2617600
1993-09-27,0.20898400247097015,0.21679699420928955,0.20898400247097015,0.20898400247097015,0.1833670437335968,6848000
1993-09-28,0.2109380066394806,0.21289099752902985,0.20898400247097015,0.20898400247097015,0.1833670437335968,3667200
1993-09-29,0.20898400247097015,0.2109380066394806,0.2070309966802597,0.20898400247097015,0.1833670437335968,1632000
1993-09-30,0.20898400247097015,0.22070300579071045,0.20898400247097015,0.21875,0.1919359415769577,10022400
1993-10-01,0.21875,0.21875,0.21679699420928955,0.21875,0.1919359415769577,8723200
1993-10-04,0.21875,0.21875,0.2148440033197403,0.2148440033197403,0.18850871920585632,5254400
1993-10-05,0.21679699420928955,0.21875,0.2148440033197403,0.2148440033197403,0.18850871920585632,3654400
1993-10-06,0.2148440033197403,0.2148440033197403,0.203125,0.20507800579071045,0.17993992567062378,5267200
1993-10-07,0.2070309966802597,0.21289099752902985,0.2070309966802597,0.21289099752902985,0.18679523468017578,10060800
1993-10-08,0.21289099752902985,0.21875,0.2109380066394806,0.21875,0.1919359415769577,7168000
1993-10-11,0.21875,0.21875,0.2109380066394806,0.2109380066394806,0.1850816011428833,24326400
1993-10-12,0.21289099752902985,0.21875,0.21289099752902985,0.21875,0.1919359415769577,10342400
1993-10-13,0.22070300579071045,0.22851599752902985,0.21875,0.22851599752902985,0.20050492882728577,6963200
1993-10-14,0.22851599752902985,0.23242199420928955,0.22851599752902985,0.2304690033197403,0.20221847295761108,2739200
1993-10-15,0.23242199420928955,0.23242199420928955,0.2265630066394806,0.22851599752902985,0.20050492882728577,4742400
1993-10-18,0.22460900247097015,0.2265630066394806,0.22070300579071045,0.22460900247097015,0.19707676768302917,6137600
1993-10-19,0.22460900247097015,0.2265630066394806,0.21875,0.21875,0.1919359415769577,6060800
1993-10-20,0.21875,0.21875,0.2109380066394806,0.2109380066394806,0.1850816011428833,3027200
1993-10-21,0.21289099752902985,0.21289099752902985,0.2070309966802597,0.2070309966802597,0.18165342509746552,6259200
1993-10-22,0.2070309966802597,0.2070309966802597,0.1953130066394806,0.1953130066394806,0.17137186229228973,11520000
1993-10-25,0.1953130066394806,0.20507800579071045,0.1953130066394806,0.20507800579071045,0.17993992567062378,7820800
1993-10-26,0.20507800579071045,0.21289099752902985,0.203125,0.21289099752902985,0.18679523468017578,6566400
1993-10-27,0.2109380066394806,0.2148440033197403,0.20898400247097015,0.2148440033197403,0.18850871920585632,2726400
1993-10-28,0.21289099752902985,0.2148440033197403,0.20898400247097015,0.2109380066394806,0.1850816011428833,2579200
1993-10-29,0.21289099752902985,0.21679699420928955,0.2109380066394806,0.2148440033197403,0.18850871920585632,6233600
1993-11-01,0.2148440033197403,0.2148440033197403,0.2109380066394806,0.2148440033197403,0.18850871920585632,2579200
1993-11-02,0.21289099752902985,0.2148440033197403,0.21289099752902985,0.2148440033197403,0.18850871920585632,864000
1993-11-03,0.2148440033197403,0.2148440033197403,0.20117199420928955,0.203125,0.1782262921333313,4224000
1993-11-04,0.203125,0.2109380066394806,0.203125,0.2109380066394806,0.1850816011428833,9510400
1993-11-05,0.20898400247097015,0.21289099752902985,0.20898400247097015,0.21289099752902985,0.18679523468017578,1497600
1993-11-08,0.2109380066394806,0.2148440033197403,0.2109380066394806,0.21289099752902985,0.18679523468017578,5593600
1993-11-09,0.2148440033197403,0.2148440033197403,0.21289099752902985,0.2148440033197403,0.18850871920585632,2950400
1993-11-10,0.21289099752902985,0.21289099752902985,0.20898400247097015,0.20898400247097015,0.1833670437335968,4921600
1993-11-11,0.21289099752902985,0.2148440033197403,0.21289099752902985,0.21289099752902985,0.18679523468017578,1996800
1993-11-12,0.2148440033197403,0.21679699420928955,0.2148440033197403,0.21679699420928955,0.1902223527431488,16876800
1993-11-15,0.2148440033197403,0.21875,0.2148440033197403,0.21875,0.1919359415769577,1107200
1993-11-16,0.21875,0.2226559966802597,0.21875,0.21875,0.1919359415769577,5094400
1993-11-17,0.2226559966802597,0.22460900247097015,0.21875,0.21875,0.1919359415769577,3116800
1993-11-18,0.21875,0.21875,0.2148440033197403,0.21679699420928955,0.1902223527431488,7718400
1993-11-19,0.21679699420928955,0.21875,0.2109380066394806,0.21289099752902985,0.18679523468017578,1689600
1993-11-22,0.2070309966802597,0.2070309966802597,0.20117199420928955,0.20117199420928955,0.1765126883983612,9382400
1993-11-23,0.203125,0.20507800579071045,0.19335900247097015,0.20117199420928955,0.1765126883983612,6681600
1993-11-24,0.1992190033197403,0.203125,0.1992190033197403,0.203125,0.1782262921333313,2316800
1993-11-26,0.203125,0.203125,0.203125,0.203125,0.1782262921333313,243200
1993-11-29,0.20507800579071045,0.20507800579071045,0.203125,0.20507800579071045,0.17993992567062378,3193600
1993-11-30,0.20507800579071045,0.20507800579071045,0.203125,0.203125,0.1782262921333313,2342400
1993-12-01,0.20507800579071045,0.20507800579071045,0.203125,0.203125,0.1782262921333313,6720000
1993-12-02,0.203125,0.203125,0.20117199420928955,0.203125,0.1782262921333313,3360000
1993-12-03,0.20507800579071045,0.20507800579071045,0.20117199420928955,0.203125,0.1782262921333313,972800
1993-12-06,0.20507800579071045,0.2070309966802597,0.20117199420928955,0.2070309966802597,0.18165342509746552,992000
1993-12-07,0.2070309966802597,0.22460900247097015,0.2070309966802597,0.2226559966802597,0.1953631490468979,12217600
1993-12-08,0.2226559966802597,0.234375,0.2226559966802597,0.23242199420928955,0.2039320468902588,14124800
1993-12-09,0.234375,0.234375,0.2265630066394806,0.22851599752902985,0.20050492882728577,6304000
1993-12-10,0.2304690033197403,0.2304690033197403,0.2265630066394806,0.22851599752902985,0.20050492882728577,6470400
1993-12-13,0.2304690033197403,0.234375,0.22851599752902985,0.234375,0.20564571022987366,1094400
1993-12-14,0.23242199420928955,0.234375,0.23242199420928955,0.234375,0.20564571022987366,3782400
1993-12-15,0.23242199420928955,0.234375,0.2304690033197403,0.234375,0.20564571022987366,3872000
1993-12-16,0.23632800579071045,0.2421880066394806,0.234375,0.2421880066394806,0.21250100433826447,5516800
1993-12-17,0.25,0.25195300579071045,0.2460940033197403,0.25,0.21935540437698364,4640000
1993-12-20,0.25,0.25,0.2421880066394806,0.2421880066394806,0.21250100433826447,4992000
1993-12-21,0.23632800579071045,0.23632800579071045,0.234375,0.234375,0.20564571022987366,8518400
1993-12-22,0.23632800579071045,0.23632800579071045,0.2304690033197403,0.2304690033197403,0.20221847295761108,2649600
1993-12-23,0.23242199420928955,0.24414099752902985,0.23242199420928955,0.24414099752902985,0.21421460807323456,3718400
1993-12-27,0.2421880066394806,0.24804699420928955,0.24023400247097015,0.24804699420928955,0.21764181554317474,1139200
1993-12-28,0.24804699420928955,0.25,0.2460940033197403,0.25,0.21935540437698364,1523200
1993-12-29,0.24804699420928955,0.25585898756980896,0.24804699420928955,0.25585898756980896,0.22449620068073273,1964800
1993-12-30,0.2539060115814209,0.2578130066394806,0.2539060115814209,0.25585898756980896,0.22449620068073273,1120000
1993-12-31,0.25585898756980896,0.2578130066394806,0.25195300579071045,0.2578130066394806,0.22621071338653564,2988800
1994-01-03,0.2539060115814209,0.2539060115814209,0.24804699420928955,0.25,0.21935540437698364,1945600
1994-01-04,0.25,0.25,0.2382809966802597,0.2460940033197403,0.21592822670936584,8288000
1994-01-05,0.2460940033197403,0.25,0.2460940033197403,0.25,0.21935540437698364,1382400
1994-01-06,0.25195300579071045,0.25585898756980896,0.25,0.2539060115814209,0.22278258204460144,4153600
1994-01-07,0.25,0.2539060115814209,0.2460940033197403,0.2539060115814209,0.22278258204460144,3136000
1994-01-10,0.25585898756980896,0.2578130066394806,0.2539060115814209,0.2539060115814209,0.22278258204460144,3225600
1994-01-11,0.2539060115814209,0.25585898756980896,0.2539060115814209,0.2539060115814209,0.22278258204460144,1932800
1994-01-12,0.25585898756980896,0.2578130066394806,0.2539060115814209,0.2539060115814209,0.22278258204460144,3584000
1994-01-13,0.2539060115814209,0.25585898756980896,0.2539060115814209,0.25585898756980896,0.22449620068073273,864000
1994-01-14,0.2539060115814209,0.26367199420928955,0.2539060115814209,0.26367199420928955,0.2313515990972519,5446400
1994-01-17,0.26367199420928955,0.265625,0.2617189884185791,0.26367199420928955,0.2313515990972519,2675200
1994-01-18,0.26367199420928955,0.265625,0.2617189884185791,0.2617189884185791,0.22963787615299225,1452800
1994-01-19,0.265625,0.26757800579071045,0.26367199420928955,0.26367199420928955,0.2313515990972519,3577600
1994-01-20,0.265625,0.2695310115814209,0.26367199420928955,0.2695310115814209,0.2364923059940338,4384000
1994-01-21,0.27148398756980896,0.27148398756980896,0.2617189884185791,0.26757800579071045,0.2347787469625473,4243200
1994-01-24,0.26757800579071045,0.26757800579071045,0.24414099752902985,0.25,0.21935540437698364,10438400
1994-01-25,0.25,0.25,0.2421880066394806,0.24414099752902985,0.21421460807323456,6848000
1994-01-26,0.24414099752902985,0.2460940033197403,0.2382809966802597,0.2421880066394806,0.21250100433826447,5139200
1994-01-27,0.24023400247097015,0.2460940033197403,0.24023400247097015,0.2460940033197403,0.21592822670936584,3520000
1994-01-28,0.24414099752902985,0.2539060115814209,0.24414099752902985,0.2539060115814209,0.22278258204460144,3916800
1994-01-31,0.25195300579071045,0.25976601243019104,0.25195300579071045,0.2578130066394806,0.22621071338653564,4704000
1994-02-01,0.2617189884185791,0.265625,0.25976601243019104,0.265625,0.2330651432275772,22969600
1994-02-02,0.26367199420928955,0.2695310115814209,0.26367199420928955,0.265625,0.2330651432275772,7795200
1994-02-03,0.265625,0.27148398756980896,0.265625,0.27148398756980896,0.23820598423480988,3993600
1994-02-04,0.2734380066394806,0.28125,0.2734380066394806,0.2773439884185791,0.24334749579429626,34374400
1994-02-07,0.2734380066394806,0.2734380066394806,0.26367199420928955,0.27148398756980896,0.23820598423480988,32243200
1994-02-08,0.27148398756980896,0.2734380066394806,0.26367199420928955,0.265625,0.2330651432275772,9222400
1994-02-09,0.265625,0.26757800579071045,0.265625,0.26757800579071045,0.2347787469625473,6931200
1994-02-10,0.26757800579071045,0.2695310115814209,0.26367199420928955,0.26757800579071045,0.2347787469625473,7072000
1994-02-11,0.265625,0.26757800579071045,0.25976601243019104,0.2617189884185791,0.22963787615299225,11084800
1994-02-14,0.2617189884185791,0.2617189884185791,0.25585898756980896,0.25585898756980896,0.22449620068073273,18950400
1994-02-15,0.2539060115814209,0.2617189884185791,0.25195300579071045,0.25976601243019104,0.2279244065284729,4160000
1994-02-16,0.2617189884185791,0.2617189884185791,0.2539060115814209,0.2539060115814209,0.22278258204460144,12870400
1994-02-17,0.25585898756980896,0.25585898756980896,0.25195300579071045,0.25195300579071045,0.2210690677165985,7603200
1994-02-18,0.25195300579071045,0.25585898756980896,0.24804699420928955,0.25585898756980896,0.22449620068073273,138380800
1994-02-22,0.25585898756980896,0.265625,0.25585898756980896,0.26367199420928955,0.2313515990972519,34662400
1994-02-23,0.26367199420928955,0.265625,0.25976601243019104,0.25976601243019104,0.2279244065284729,23065600
1994-02-24,0.25195300579071045,0.2539060115814209,0.2382809966802597,0.2421880066394806,0.21250100433826447,40486400
1994-02-25,0.24414099752902985,0.2460940033197403,0.24023400247097015,0.2421880066394806,0.21250100433826447,23360000
1994-02-28,0.24414099752902985,0.24414099752902985,0.24023400247097015,0.24414099752902985,0.21421460807323456,11609600
1994-03-01,0.24414099752902985,0.24804699420928955,0.2421880066394806,0.24804699420928955,0.21764181554317474,5785600
1994-03-02,0.2460940033197403,0.2460940033197403,0.2421880066394806,0.2460940033197403,0.21592822670936584,5363200
1994-03-03,0.24414099752902985,0.24804699420928955,0.2421880066394806,0.2460940033197403,0.21592822670936584,7648000
1994-03-04,0.24804699420928955,0.24804699420928955,0.24414099752902985,0.24804699420928955,0.21764181554317474,5555200
1994-03-07,0.25,0.25976601243019104,0.25,0.25585898756980896,0.22449620068073273,9235200
1994-03-08,0.2617189884185791,0.2617189884185791,0.25976601243019104,0.2617189884185791,0.22963787615299225,10451200
1994-03-09,0.26367199420928955,0.26367199420928955,0.2578130066394806,0.2578130066394806,0.22621071338653564,8051200
1994-03-10,0.2578130066394806,0.25976601243019104,0.2578130066394806,0.2578130066394806,0.22621071338653564,9222400
1994-03-11,0.2578130066394806,0.25976601243019104,0.2578130066394806,0.2578130066394806,0.22621071338653564,5600000
1994-03-14,0.2578130066394806,0.25976601243019104,0.25585898756980896,0.2578130066394806,0.22621071338653564,1740800
1994-03-15,0.2617189884185791,0.2617189884185791,0.25195300579071045,0.2578130066394806,0.22621071338653564,3718400
1994-03-16,0.25976601243019104,0.2617189884185791,0.2578130066394806,0.2578130066394806,0.22621071338653564,2176000
1994-03-17,0.25976601243019104,0.2617189884185791,0.2578130066394806,0.25976601243019104,0.2279244065284729,4838400
1994-03-18,0.2617189884185791,0.2617189884185791,0.25195300579071045,0.25195300579071045,0.2210690677165985,3737600
1994-03-21,0.25195300579071045,0.25195300579071045,0.24804699420928955,0.25,0.21935540437698364,4460800
1994-03-22,0.2539060115814209,0.2539060115814209,0.2460940033197403,0.24804699420928955,0.21764181554317474,1638400
1994-03-23,0.24804699420928955,0.25,0.2460940033197403,0.2460940033197403,0.21592822670936584,1100800
1994-03-24,0.2460940033197403,0.24804699420928955,0.24414099752902985,0.24414099752902985,0.21421460807323456,8256000
1994-03-25,0.2421880066394806,0.24804699420928955,0.24023400247097015,0.2460940033197403,0.21592822670936584,7961600
1994-03-28,0.2460940033197403,0.2460940033197403,0.2382809966802597,0.2382809966802597,0.20907290279865265,13510400
1994-03-29,0.2382809966802597,0.24023400247097015,0.22460900247097015,0.2304690033197403,0.20221847295761108,51552000
1994-03-30,0.2265630066394806,0.22851599752902985,0.2226559966802597,0.22851599752902985,0.20050492882728577,25056000
1994-03-31,0.22851599752902985,0.234375,0.22460900247097015,0.2265630066394806,0.1987912952899933,21638400
1994-04-04,0.22460900247097015,0.22851599752902985,0.22070300579071045,0.2265630066394806,0.1987912952899933,6464000
1994-04-05,0.2304690033197403,0.2382809966802597,0.2304690033197403,0.23632800579071045,0.20735931396484375,11046400
1994-04-06,0.23242199420928955,0.2382809966802597,0.23242199420928955,0.23632800579071045,0.20735931396484375,5785600
1994-04-07,0.23632800579071045,0.2421880066394806,0.23632800579071045,0.2421880066394806,0.21250100433826447,1152000
1994-04-08,0.2421880066394806,0.2421880066394806,0.2382809966802597,0.2382809966802597,0.20907290279865265,4102400
1994-04-11,0.24023400247097015,0.24023400247097015,0.23632800579071045,0.2382809966802597,0.20907290279865265,2483200
1994-04-12,0.24023400247097015,0.25195300579071045,0.24023400247097015,0.25195300579071045,0.2210690677165985,16339200
1994-04-13,0.25,0.25,0.2421880066394806,0.2421880066394806,0.21250100433826447,11897600
1994-04-14,0.24414099752902985,0.2539060115814209,0.2382809966802597,0.2539060115814209,0.22278258204460144,3571200
1994-04-15,0.2539060115814209,0.265625,0.25195300579071045,0.265625,0.2330651432275772,21350400
1994-04-18,0.26757800579071045,0.26757800579071045,0.2578130066394806,0.2578130066394806,0.22621071338653564,7270400
1994-04-19,0.2539060115814209,0.2578130066394806,0.24414099752902985,0.25,0.21935540437698364,10041600
1994-04-20,0.25,0.25,0.24414099752902985,0.24804699420928955,0.21764181554317474,7340800
1994-04-21,0.25,0.2578130066394806,0.25,0.2578130066394806,0.22621071338653564,2848000
1994-04-22,0.25976601243019104,0.2617189884185791,0.2578130066394806,0.2617189884185791,0.22963787615299225,10969600
1994-04-25,0.2617189884185791,0.2773439884185791,0.2617189884185791,0.2773439884185791,0.24334749579429626,12249600
1994-04-26,0.27539101243019104,0.27539101243019104,0.26757800579071045,0.2695310115814209,0.2364923059940338,2425600
1994-04-28,0.2695310115814209,0.27148398756980896,0.26367199420928955,0.26757800579071045,0.2347787469625473,2252800
1994-04-29,0.26757800579071045,0.27539101243019104,0.265625,0.27539101243019104,0.24163402616977692,1856000
1994-05-02,0.27539101243019104,0.28320300579071045,0.27148398756980896,0.28125,0.2467747926712036,12441600
1994-05-03,0.28125,0.2890630066394806,0.27539101243019104,0.2773439884185791,0.24334749579429626,27724800
1994-05-04,0.2773439884185791,0.2773439884185791,0.27148398756980896,0.2734380066394806,0.23992042243480682,4979200
1994-05-05,0.2734380066394806,0.2734380066394806,0.2695310115814209,0.2695310115814209,0.2364923059940338,7910400
1994-05-06,0.27148398756980896,0.27148398756980896,0.265625,0.265625,0.2330651432275772,8160000
1994-05-09,0.26757800579071045,0.26757800579071045,0.2617189884185791,0.2617189884185791,0.22963787615299225,1030400
1994-05-10,0.26367199420928955,0.26367199420928955,0.2617189884185791,0.2617189884185791,0.22963787615299225,5689600
1994-05-11,0.26367199420928955,0.265625,0.2617189884185791,0.26367199420928955,0.2313515990972519,2713600
1994-05-12,0.26367199420928955,0.265625,0.2617189884185791,0.265625,0.2330651432275772,11193600
1994-05-13,0.265625,0.265625,0.2617189884185791,0.26367199420928955,0.2313515990972519,15468800
1994-05-16,0.26367199420928955,0.26367199420928955,0.2617189884185791,0.26367199420928955,0.2313515990972519,9766400
1994-05-17,0.26367199420928955,0.26367199420928955,0.2578130066394806,0.2578130066394806,0.22621071338653564,9004800
1994-05-18,0.2617189884185791,0.26367199420928955,0.2617189884185791,0.26367199420928955,0.2313515990972519,8819200
1994-05-19,0.26367199420928955,0.26367199420928955,0.2578130066394806,0.2617189884185791,0.22963787615299225,10425600
1994-05-20,0.26367199420928955,0.26757800579071045,0.26367199420928955,0.265625,0.2330651432275772,14726400
1994-05-23,0.265625,0.265625,0.2617189884185791,0.26367199420928955,0.2313515990972519,6777600
1994-05-24,0.26367199420928955,0.26757800579071045,0.26367199420928955,0.265625,0.2330651432275772,13721600
1994-05-25,0.26757800579071045,0.26757800579071045,0.26367199420928955,0.265625,0.2330651432275772,4160000
1994-05-26,0.265625,0.26757800579071045,0.265625,0.26757800579071045,0.2347787469625473,5536000
1994-05-27,0.26757800579071045,0.2695310115814209,0.26757800579071045,0.2695310115814209,0.2364923059940338,659200
1994-05-31,0.2695310115814209,0.2695310115814209,0.265625,0.265625,0.2330651432275772,3616000
1994-06-01,0.26757800579071045,0.26757800579071045,0.265625,0.26757800579071045,0.2347787469625473,5990400
1994-06-02,0.26757800579071045,0.2695310115814209,0.265625,0.26757800579071045,0.2347787469625473,18662400
1994-06-03,0.265625,0.2695310115814209,0.265625,0.265625,0.2330651432275772,2758400
1994-06-06,0.26757800579071045,0.28125,0.26757800579071045,0.27929699420928955,0.24506112933158875,10464000
1994-06-07,0.27929699420928955,0.27929699420928955,0.2734380066394806,0.27539101243019104,0.24163402616977692,2489600
1994-06-08,0.27539101243019104,0.27539101243019104,0.2695310115814209,0.2695310115814209,0.2364923059940338,3379200
1994-06-09,0.27148398756980896,0.27148398756980896,0.2695310115814209,0.2695310115814209,0.2364923059940338,1068800
1994-06-10,0.27148398756980896,0.27148398756980896,0.2695310115814209,0.27148398756980896,0.23820598423480988,1254400
1994-06-13,0.26757800579071045,0.27148398756980896,0.26757800579071045,0.27148398756980896,0.23820598423480988,17516800
1994-06-14,0.2695310115814209,0.2734380066394806,0.2695310115814209,0.2734380066394806,0.23992042243480682,5568000
1994-06-15,0.2734380066394806,0.2734380066394806,0.265625,0.265625,0.2330651432275772,896000
1994-06-16,0.26757800579071045,0.26757800579071045,0.265625,0.265625,0.2330651432275772,1548800
1994-06-17,0.2695310115814209,0.2695310115814209,0.26367199420928955,0.26367199420928955,0.2313515990972519,4172800
1994-06-20,0.25976601243019104,0.25976601243019104,0.25585898756980896,0.25585898756980896,0.22449620068073273,1964800
1994-06-21,0.25585898756980896,0.25585898756980896,0.25,0.2539060115814209,0.22278258204460144,17145600
1994-06-22,0.2539060115814209,0.2539060115814209,0.25,0.25195300579071045,0.2210690677165985,1644800
1994-06-23,0.2539060115814209,0.2539060115814209,0.25195300579071045,0.25195300579071045,0.2210690677165985,2854400
1994-06-24,0.25,0.25,0.24804699420928955,0.24804699420928955,0.21764181554317474,6867200
1994-06-27,0.24414099752902985,0.24414099752902985,0.24023400247097015,0.24414099752902985,0.21421460807323456,2867200
1994-06-28,0.25,0.2578130066394806,0.25,0.2578130066394806,0.22621071338653564,7443200
1994-06-29,0.2578130066394806,0.26757800579071045,0.2578130066394806,0.26757800579071045,0.2347787469625473,2758400
1994-06-30,0.2695310115814209,0.2695310115814209,0.25,0.25,0.21935540437698364,10329600
1994-07-01,0.2539060115814209,0.26367199420928955,0.2539060115814209,0.26367199420928955,0.2313515990972519,2969600
1994-07-05,0.2617189884185791,0.265625,0.2617189884185791,0.265625,0.2330651432275772,2272000
1994-07-06,0.265625,0.27929699420928955,0.265625,0.27929699420928955,0.24506112933158875,4768000
1994-07-07,0.27929699420928955,0.2851560115814209,0.2773439884185791,0.27929699420928955,0.24506112933158875,16134400
1994-07-08,0.27929699420928955,0.27929699420928955,0.2734380066394806,0.2734380066394806,0.23992042243480682,6643200
1994-07-11,0.27539101243019104,0.2851560115814209,0.27539101243019104,0.28125,0.2467747926712036,34412800
1994-07-12,0.27929699420928955,0.28710898756980896,0.27929699420928955,0.2851560115814209,0.25020211935043335,9299200
1994-07-13,0.2851560115814209,0.29101601243019104,0.2851560115814209,0.2890630066394806,0.253630131483078,10668800
1994-07-14,0.2890630066394806,0.29492199420928955,0.2890630066394806,0.29492199420928955,0.25877106189727783,16371200
1994-07-15,0.29492199420928955,0.296875,0.29492199420928955,0.29492199420928955,0.25877106189727783,6188800
1994-07-18,0.29492199420928955,0.3046880066394806,0.29492199420928955,0.3007810115814209,0.2639118432998657,15699200
1994-07-19,0.30273398756980896,0.31054699420928955,0.30273398756980896,0.30664101243019104,0.26905354857444763,13734400
1994-07-20,0.3085939884185791,0.31054699420928955,0.3046880066394806,0.3046880066394806,0.26733991503715515,11865600
1994-07-21,0.30664101243019104,0.3085939884185791,0.3046880066394806,0.30664101243019104,0.26905354857444763,9427200
1994-07-22,0.30273398756980896,0.30273398756980896,0.29492199420928955,0.296875,0.26048463582992554,9017600
1994-07-25,0.296875,0.296875,0.2929689884185791,0.29492199420928955,0.25877106189727783,2259200
1994-07-26,0.296875,0.296875,0.29101601243019104,0.29101601243019104,0.2553437650203705,787200
1994-07-27,0.2929689884185791,0.29492199420928955,0.29101601243019104,0.29492199420928955,0.25877106189727783,1683200
1994-07-28,0.29492199420928955,0.30273398756980896,0.29492199420928955,0.3007810115814209,0.2639118432998657,7097600
1994-07-29,0.3046880066394806,0.3164060115814209,0.30273398756980896,0.31054699420928955,0.27248069643974304,11289600
1994-08-01,0.31054699420928955,0.3125,0.31054699420928955,0.3125,0.27419424057006836,7718400
1994-08-02,0.3125,0.31445300579071045,0.3085939884185791,0.3085939884185791,0.2707671821117401,1600000
1994-08-03,0.30664101243019104,0.3085939884185791,0.30664101243019104,0.3085939884185791,0.2707671821117401,595200
1994-08-04,0.3085939884185791,0.3085939884185791,0.3046880066394806,0.3085939884185791,0.2707671821117401,1952000
1994-08-05,0.3085939884185791,0.3125,0.30664101243019104,0.31054699420928955,0.27248069643974304,5798400
1994-08-08,0.3125,0.32226601243019104,0.31054699420928955,0.3125,0.27419424057006836,6822400
1994-08-09,0.3125,0.31445300579071045,0.3125,0.3125,0.27419424057006836,7641600
1994-08-10,0.31445300579071045,0.31835898756980896,0.3125,0.31835898756980896,0.279335081577301,5657600
1994-08-11,0.31835898756980896,0.31835898756980896,0.31445300579071045,0.3164060115814209,0.27762147784233093,2163200
1994-08-12,0.3164060115814209,0.31835898756980896,0.3125,0.3125,0.27419424057006836,2828800
1994-08-15,0.31445300579071045,0.31835898756980896,0.31445300579071045,0.31835898756980896,0.279335081577301,6720000
1994-08-16,0.31835898756980896,0.31835898756980896,0.3125,0.31445300579071045,0.2759079039096832,7660800
1994-08-17,0.3125,0.3125,0.30664101243019104,0.30664101243019104,0.26905354857444763,6163200
1994-08-18,0.30273398756980896,0.30664101243019104,0.296875,0.3046880066394806,0.26733991503715515,6784000
1994-08-19,0.3085939884185791,0.3125,0.30664101243019104,0.3125,0.27419424057006836,3116800
1994-08-22,0.3125,0.3125,0.31054699420928955,0.3125,0.27419424057006836,518400
1994-08-23,0.31054699420928955,0.3164060115814209,0.31054699420928955,0.3164060115814209,0.27762147784233093,17888000
1994-08-24,0.31445300579071045,0.3164060115814209,0.3125,0.31445300579071045,0.2759079039096832,10387200
1994-08-25,0.3125,0.3164060115814209,0.3125,0.3164060115814209,0.27762147784233093,4908800
1994-08-26,0.31835898756980896,0.31835898756980896,0.31445300579071045,0.31445300579071045,0.2759079039096832,1401600
1994-08-29,0.3164060115814209,0.3164060115814209,0.31054699420928955,0.3164060115814209,0.27762147784233093,6668800
1994-08-30,0.3125,0.31835898756980896,0.3125,0.31835898756980896,0.279335081577301,3404800
1994-08-31,0.31835898756980896,0.3203130066394806,0.3125,0.3203130066394806,0.28104954957962036,7340800
1994-09-01,0.3203130066394806,0.33007800579071045,0.3164060115814209,0.32617199420928955,0.28619033098220825,7840000
1994-09-02,0.328125,0.33007800579071045,0.3203130066394806,0.3242189884185791,0.28447669744491577,2387200
1994-09-06,0.32226601243019104,0.32617199420928955,0.32226601243019104,0.32617199420928955,0.28619033098220825,1606400
1994-09-07,0.328125,0.3359380066394806,0.328125,0.3359380066394806,0.29475918412208557,6790400
1994-09-08,0.3359380066394806,0.33789101243019104,0.3320310115814209,0.3359380066394806,0.29475918412208557,6502400
1994-09-09,0.3359380066394806,0.3359380066394806,0.33007800579071045,0.3320310115814209,0.2913314700126648,2272000
1994-09-12,0.33007800579071045,0.33398398756980896,0.33007800579071045,0.33398398756980896,0.2930448651313782,1817600
1994-09-13,0.33398398756980896,0.3359380066394806,0.33398398756980896,0.3359380066394806,0.29475918412208557,1228800
1994-09-14,0.33398398756980896,0.3515630066394806,0.33398398756980896,0.3515630066394806,0.3084690570831299,10304000
1994-09-15,0.3515630066394806,0.36523398756980896,0.3515630066394806,0.35351601243019104,0.3101826310157776,5651200
1994-09-16,0.3554689884185791,0.3554689884185791,0.34960898756980896,0.35351601243019104,0.3101826310157776,1843200
1994-09-19,0.34960898756980896,0.35351601243019104,0.34570300579071045,0.3476560115814209,0.3050408959388733,6182400
1994-09-20,0.34570300579071045,0.3515630066394806,0.34570300579071045,0.3515630066394806,0.3084690570831299,3616000
1994-09-21,0.34960898756980896,0.3554689884185791,0.3476560115814209,0.3554689884185791,0.31189605593681335,2560000
1994-09-22,0.35742199420928955,0.3671880066394806,0.35742199420928955,0.36132800579071045,0.3170371353626251,2521600
1994-09-23,0.36523398756980896,0.37304699420928955,0.36523398756980896,0.37304699420928955,0.3273194432258606,13747200
1994-09-26,0.375,0.375,0.3671880066394806,0.37304699420928955,0.3273194432258606,3609600
1994-09-27,0.3710939884185791,0.3710939884185791,0.36523398756980896,0.3671880066394806,0.3221786618232727,1292800
1994-09-28,0.36914101243019104,0.36914101243019104,0.34570300579071045,0.34570300579071045,0.303327351808548,30022400
1994-09-29,0.3476560115814209,0.35351601243019104,0.34179699420928955,0.34375,0.3016136586666107,22041600
1994-09-30,0.34179699420928955,0.3476560115814209,0.34179699420928955,0.34570300579071045,0.303327351808548,12185600
1994-10-03,0.3476560115814209,0.3476560115814209,0.34375,0.34375,0.3016136586666107,5190400
1994-10-04,0.34570300579071045,0.3476560115814209,0.34375,0.34375,0.3016136586666107,8128000
1994-10-05,0.34179699420928955,0.34179699420928955,0.32617199420928955,0.33007800579071045,0.28961771726608276,4883200
1994-10-06,0.33007800579071045,0.33789101243019104,0.33007800579071045,0.33789101243019104,0.2964729368686676,13708800
1994-10-07,0.3398439884185791,0.3476560115814209,0.3398439884185791,0.3476560115814209,0.3050408959388733,11750400
1994-10-10,0.3476560115814209,0.36132800579071045,0.3476560115814209,0.36132800579071045,0.3170371353626251,4486400
1994-10-11,0.3632810115814209,0.36914101243019104,0.359375,0.359375,0.31532347202301025,8742400
1994-10-12,0.36132800579071045,0.36523398756980896,0.3554689884185791,0.36523398756980896,0.3204643726348877,15596800
1994-10-13,0.36523398756980896,0.3671880066394806,0.359375,0.36132800579071045,0.3170371353626251,10790400
1994-10-14,0.36132800579071045,0.3632810115814209,0.359375,0.3632810115814209,0.3187505900859833,2828800
1994-10-17,0.3632810115814209,0.3632810115814209,0.34375,0.34375,0.3016136586666107,4537600
1994-10-18,0.34570300579071045,0.35742199420928955,0.34570300579071045,0.35742199420928955,0.3136098384857178,6022400
1994-10-19,0.35742199420928955,0.36523398756980896,0.3554689884185791,0.36523398756980896,0.3204643726348877,2028800
1994-10-20,0.36914101243019104,0.37695300579071045,0.3671880066394806,0.3671880066394806,0.3221786618232727,10931200
1994-10-21,0.3671880066394806,0.36914101243019104,0.36523398756980896,0.3671880066394806,0.3221786618232727,5984000
1994-10-24,0.3671880066394806,0.36914101243019104,0.3671880066394806,0.3671880066394806,0.3221786618232727,2048000
1994-10-25,0.36914101243019104,0.36914101243019104,0.35742199420928955,0.35742199420928955,0.3136098384857178,4902400
1994-10-26,0.3554689884185791,0.3554689884185791,0.3476560115814209,0.34960898756980896,0.306754469871521,5721600
1994-10-27,0.34960898756980896,0.34960898756980896,0.34375,0.34960898756980896,0.306754469871521,3532800
1994-10-28,0.34960898756980896,0.34960898756980896,0.34179699420928955,0.34179699420928955,0.29989999532699585,4467200
1994-10-31,0.34570300579071045,0.3476560115814209,0.3398439884185791,0.3398439884185791,0.29818636178970337,6214400
1994-11-01,0.34179699420928955,0.34179699420928955,0.33398398756980896,0.3398439884185791,0.29818636178970337,15168000
1994-11-02,0.3398439884185791,0.35742199420928955,0.3398439884185791,0.3515630066394806,0.3084690570831299,8595200
1994-11-03,0.36132800579071045,0.37304699420928955,0.36132800579071045,0.36914101243019104,0.32389241456985474,23475200
1994-11-04,0.3671880066394806,0.3710939884185791,0.3671880066394806,0.36914101243019104,0.32389241456985474,8556800
1994-11-07,0.3671880066394806,0.3710939884185791,0.3671880066394806,0.36914101243019104,0.32389241456985474,3168000
1994-11-08,0.36914101243019104,0.36914101243019104,0.3671880066394806,0.3671880066394806,0.3221786618232727,1209600
1994-11-09,0.36914101243019104,0.37304699420928955,0.36914101243019104,0.36914101243019104,0.32389241456985474,6080000
1994-11-10,0.36914101243019104,0.3789060115814209,0.3671880066394806,0.36914101243019104,0.32389241456985474,4665600
1994-11-11,0.36914101243019104,0.36914101243019104,0.36523398756980896,0.3671880066394806,0.3221786618232727,6585600
1994-11-14,0.3671880066394806,0.3789060115814209,0.3671880066394806,0.3789060115814209,0.33246028423309326,10310400
1994-11-15,0.3828130066394806,0.39257800579071045,0.37304699420928955,0.375,0.3290330767631531,5260800
1994-11-16,0.37695300579071045,0.38085898756980896,0.37304699420928955,0.3789060115814209,0.33246028423309326,3596800
1994-11-17,0.38085898756980896,0.38085898756980896,0.3710939884185791,0.375,0.3290330767631531,1632000
1994-11-18,0.37695300579071045,0.3828130066394806,0.3710939884185791,0.38085898756980896,0.3341739773750305,1068800
1994-11-21,0.3828130066394806,0.3828130066394806,0.3710939884185791,0.3710939884185791,0.32560595870018005,5388800
1994-11-22,0.36914101243019104,0.37304699420928955,0.36523398756980896,0.37304699420928955,0.3273194432258606,4838400
1994-11-23,0.36132800579071045,0.3632810115814209,0.35351601243019104,0.36132800579071045,0.3170371353626251,8416000
1994-11-25,0.3632810115814209,0.37304699420928955,0.3632810115814209,0.37304699420928955,0.3273194432258606,1977600
1994-11-28,0.37304699420928955,0.37304699420928955,0.3710939884185791,0.37304699420928955,0.3273194432258606,691200
1994-11-29,0.3710939884185791,0.37304699420928955,0.36914101243019104,0.36914101243019104,0.32389241456985474,4435200
1994-11-30,0.3710939884185791,0.38085898756980896,0.3710939884185791,0.37304699420928955,0.3273194432258606,4761600
1994-12-01,0.375,0.37695300579071045,0.375,0.37695300579071045,0.3307468593120575,1632000
1994-12-02,0.37695300579071045,0.37695300579071045,0.36523398756980896,0.36523398756980896,0.3204643726348877,6131200
1994-12-05,0.36914101243019104,0.37304699420928955,0.36523398756980896,0.37304699420928955,0.3273194432258606,6291200
1994-12-06,0.37304699420928955,0.3789060115814209,0.37304699420928955,0.3789060115814209,0.33246028423309326,2188800
1994-12-07,0.375,0.38085898756980896,0.36914101243019104,0.36914101243019104,0.32389241456985474,3014400
1994-12-08,0.3671880066394806,0.3710939884185791,0.36132800579071045,0.36132800579071045,0.3170371353626251,1388800
1994-12-09,0.36132800579071045,0.3632810115814209,0.3398439884185791,0.34179699420928955,0.29989999532699585,7526400
1994-12-12,0.34375,0.3554689884185791,0.3320310115814209,0.35351601243019104,0.3101826310157776,9036800
1994-12-13,0.3554689884185791,0.35742199420928955,0.35351601243019104,0.35742199420928955,0.3136098384857178,1068800
1994-12-14,0.35742199420928955,0.359375,0.34375,0.34375,0.3016136586666107,5689600
1994-12-15,0.34570300579071045,0.34960898756980896,0.34570300579071045,0.34960898756980896,0.306754469871521,12076800
1994-12-16,0.34960898756980896,0.3554689884185791,0.34960898756980896,0.34960898756980896,0.306754469871521,1491200
1994-12-19,0.3476560115814209,0.3476560115814209,0.3359380066394806,0.34375,0.3016136586666107,4876800
1994-12-20,0.34375,0.35742199420928955,0.34375,0.35351601243019104,0.3101826310157776,9216000
1994-12-21,0.35351601243019104,0.36132800579071045,0.35351601243019104,0.36132800579071045,0.3170371353626251,3590400
1994-12-22,0.36132800579071045,0.37304699420928955,0.36132800579071045,0.37304699420928955,0.3273194432258606,1907200
1994-12-23,0.37304699420928955,0.37304699420928955,0.36914101243019104,0.37304699420928955,0.3273194432258606,2988800
1994-12-27,0.3710939884185791,0.375,0.3710939884185791,0.375,0.3290330767631531,2259200
1994-12-28,0.37695300579071045,0.38085898756980896,0.36523398756980896,0.375,0.3290330767631531,5100800
1994-12-29,0.375,0.3789060115814209,0.375,0.375,0.3290330767631531,2278400
1994-12-30,0.375,0.37695300579071045,0.3710939884185791,0.375,0.3290330767631531,3155200
1995-01-03,0.375,0.375,0.3671880066394806,0.3671880066394806,0.3221786618232727,1337600
1995-01-04,0.3671880066394806,0.3671880066394806,0.3632810115814209,0.3632810115814209,0.3187505900859833,2604800
1995-01-05,0.36523398756980896,0.36523398756980896,0.3632810115814209,0.36523398756980896,0.3204643726348877,620800
1995-01-06,0.36523398756980896,0.3671880066394806,0.3632810115814209,0.3671880066394806,0.3221786618232727,1561600
1995-01-09,0.36914101243019104,0.3710939884185791,0.3671880066394806,0.36914101243019104,0.32389241456985474,6688000
1995-01-10,0.36914101243019104,0.36914101243019104,0.3632810115814209,0.3671880066394806,0.3221786618232727,1971200
1995-01-11,0.36914101243019104,0.36914101243019104,0.3632810115814209,0.3632810115814209,0.3187505900859833,1670400
1995-01-12,0.3632810115814209,0.3632810115814209,0.359375,0.36132800579071045,0.3170371353626251,2329600
1995-01-13,0.36132800579071045,0.36914101243019104,0.36132800579071045,0.36523398756980896,0.3204643726348877,1945600
1995-01-16,0.3671880066394806,0.375,0.3671880066394806,0.37304699420928955,0.3273194432258606,2668800
1995-01-17,0.37304699420928955,0.38085898756980896,0.37304699420928955,0.37695300579071045,0.3307468593120575,7744000
1995-01-18,0.3710939884185791,0.3710939884185791,0.35351601243019104,0.35742199420928955,0.3136098384857178,4364800
1995-01-19,0.35742199420928955,0.3632810115814209,0.33789101243019104,0.34375,0.3016136586666107,17388800
1995-01-20,0.34570300579071045,0.34570300579071045,0.3398439884185791,0.3398439884185791,0.29818636178970337,4275200
1995-01-23,0.3359380066394806,0.3359380066394806,0.31835898756980896,0.32226601243019104,0.28276315331459045,7206400
1995-01-24,0.32226601243019104,0.32617199420928955,0.3203130066394806,0.3242189884185791,0.28447669744491577,15097600
1995-01-25,0.32226601243019104,0.32226601243019104,0.3125,0.3164060115814209,0.27762147784233093,16550400
1995-01-26,0.3164060115814209,0.31835898756980896,0.3125,0.3164060115814209,0.27762147784233093,11500800
1995-01-27,0.31835898756980896,0.3320310115814209,0.3164060115814209,0.33007800579071045,0.28961771726608276,5619200
1995-01-30,0.33007800579071045,0.33789101243019104,0.33007800579071045,0.3359380066394806,0.29475918412208557,9523200
1995-01-31,0.3398439884185791,0.3554689884185791,0.3398439884185791,0.3554689884185791,0.31189605593681335,12486400
1995-02-01,0.3554689884185791,0.36523398756980896,0.3554689884185791,0.36132800579071045,0.3170371353626251,5152000
1995-02-02,0.359375,0.3632810115814209,0.359375,0.3632810115814209,0.3187505900859833,1644800
1995-02-03,0.36523398756980896,0.36914101243019104,0.36523398756980896,0.36914101243019104,0.32389241456985474,5088000
1995-02-06,0.3671880066394806,0.3710939884185791,0.359375,0.36132800579071045,0.3170371353626251,4601600
1995-02-07,0.36132800579071045,0.36132800579071045,0.3554689884185791,0.359375,0.31532347202301025,5632000
1995-02-08,0.359375,0.359375,0.3554689884185791,0.3554689884185791,0.31189605593681335,1971200
1995-02-09,0.3554689884185791,0.375,0.3554689884185791,0.375,0.3290330767631531,11347200
1995-02-10,0.3710939884185791,0.3828130066394806,0.3710939884185791,0.3828130066394806,0.335888534784317,126739200
1995-02-13,0.3789060115814209,0.3867189884185791,0.3789060115814209,0.3828130066394806,0.335888534784317,28038400
1995-02-14,0.3828130066394806,0.38476601243019104,0.3789060115814209,0.3789060115814209,0.33246028423309326,14028800
1995-02-15,0.3789060115814209,0.38085898756980896,0.37695300579071045,0.38085898756980896,0.3341739773750305,13657600
1995-02-16,0.3789060115814209,0.38085898756980896,0.37695300579071045,0.3789060115814209,0.33246028423309326,10451200
1995-02-17,0.38085898756980896,0.38085898756980896,0.37304699420928955,0.38085898756980896,0.3341739773750305,15833600
1995-02-21,0.3789060115814209,0.38085898756980896,0.37695300579071045,0.3789060115814209,0.33246028423309326,9760000
1995-02-22,0.3789060115814209,0.38085898756980896,0.3789060115814209,0.3789060115814209,0.33246028423309326,13900800
1995-02-23,0.3789060115814209,0.3789060115814209,0.375,0.3789060115814209,0.33246028423309326,22131200
1995-02-24,0.3789060115814209,0.38085898756980896,0.37695300579071045,0.37695300579071045,0.3307468593120575,13478400
1995-02-27,0.37695300579071045,0.3828130066394806,0.37695300579071045,0.3789060115814209,0.33246028423309326,7270400
1995-02-28,0.3789060115814209,0.38476601243019104,0.3789060115814209,0.38476601243019104,0.3376019597053528,2585600
1995-03-01,0.3828130066394806,0.38867199420928955,0.3828130066394806,0.38867199420928955,0.3410291373729706,5536000
1995-03-02,0.390625,0.390625,0.38867199420928955,0.390625,0.3427428603172302,1888000
1995-03-03,0.38867199420928955,0.39257800579071045,0.3867189884185791,0.39257800579071045,0.3444565236568451,7635200
1995-03-06,0.39257800579071045,0.40625,0.38867199420928955,0.40625,0.3564525842666626,12185600
1995-03-07,0.40625,0.40820300579071045,0.40429699420928955,0.40625,0.3564525842666626,11360000
1995-03-08,0.4179689884185791,0.4179689884185791,0.4101560115814209,0.4140630066394806,0.36330780386924744,10214400
1995-03-09,0.4140630066394806,0.4140630066394806,0.4023439884185791,0.4023439884185791,0.3530253767967224,14214400
1995-03-10,0.40429699420928955,0.4101560115814209,0.4023439884185791,0.40625,0.3564525842666626,9273600
1995-03-13,0.4101560115814209,0.41601601243019104,0.4101560115814209,0.41601601243019104,0.3650214970111847,4121600
1995-03-14,0.4179689884185791,0.4179689884185791,0.41601601243019104,0.41601601243019104,0.3650214970111847,5171200
1995-03-15,0.41601601243019104,0.4179689884185791,0.4101560115814209,0.4101560115814209,0.35987985134124756,3699200
1995-03-16,0.41210898756980896,0.41210898756980896,0.4101560115814209,0.4101560115814209,0.35987985134124756,7193600
1995-03-17,0.4101560115814209,0.4101560115814209,0.4023439884185791,0.40429699420928955,0.35473889112472534,6732800
1995-03-20,0.4023439884185791,0.40429699420928955,0.3984380066394806,0.4023439884185791,0.3530253767967224,3174400
1995-03-21,0.4023439884185791,0.4228520095348358,0.4023439884185791,0.40820300579071045,0.3581661880016327,6713600
1995-03-22,0.41210898756980896,0.4140630066394806,0.40625,0.40820300579071045,0.3581661880016327,5292800
1995-03-23,0.40625,0.4101560115814209,0.40625,0.4101560115814209,0.35987985134124756,3987200
1995-03-24,0.4101560115814209,0.41992199420928955,0.4101560115814209,0.4179689884185791,0.36673495173454285,5888000
1995-03-27,0.421875,0.4296880066394806,0.421875,0.421875,0.37016236782073975,6060800
1995-03-28,0.4179689884185791,0.421875,0.4179689884185791,0.41992199420928955,0.3684486150741577,2304000
1995-03-29,0.41992199420928955,0.41992199420928955,0.4101560115814209,0.41210898756980896,0.36159345507621765,16057600
1995-03-30,0.4101560115814209,0.41210898756980896,0.3984380066394806,0.40039101243019104,0.35131171345710754,8102400
1995-03-31,0.40039101243019104,0.40039101243019104,0.390625,0.390625,0.3427428603172302,3571200
1995-04-03,0.390625,0.3945310115814209,0.390625,0.3945310115814209,0.3461700975894928,5126400
1995-04-04,0.3945310115814209,0.3945310115814209,0.375,0.3828130066394806,0.335888534784317,14649600
1995-04-05,0.38476601243019104,0.38476601243019104,0.3710939884185791,0.375,0.3290330767631531,7360000
1995-04-06,0.37695300579071045,0.38867199420928955,0.37695300579071045,0.3867189884185791,0.3393154740333557,6560000
1995-04-07,0.38867199420928955,0.3945310115814209,0.38867199420928955,0.3945310115814209,0.3461700975894928,5241600
1995-04-10,0.390625,0.39648398756980896,0.38476601243019104,0.38476601243019104,0.3376019597053528,7353600
1995-04-11,0.3867189884185791,0.39648398756980896,0.3867189884185791,0.39648398756980896,0.3478836417198181,10636800
1995-04-12,0.421875,0.453125,0.421875,0.453125,0.3975817561149597,33408000
1995-04-13,0.4492189884185791,0.4492189884185791,0.44335898756980896,0.44726601243019104,0.3924408555030823,13779200
1995-04-17,0.4492189884185791,0.4609380066394806,0.44726601243019104,0.4609380066394806,0.40443694591522217,15462400
1995-04-18,0.4570310115814209,0.4570310115814209,0.453125,0.4570310115814209,0.4010089635848999,12249600
1995-04-19,0.4570310115814209,0.4570310115814209,0.4257810115814209,0.42773398756980896,0.3753030002117157,6816000
1995-04-20,0.42382800579071045,0.42382800579071045,0.41601601243019104,0.41601601243019104,0.3650214970111847,8832000
1995-04-21,0.4179689884185791,0.42773398756980896,0.41601601243019104,0.4257810115814209,0.37358954548835754,11641600
1995-04-24,0.42773398756980896,0.4648439884185791,0.4257810115814209,0.4648439884185791,0.4078640937805176,15001600
1995-04-25,0.4648439884185791,0.4648439884185791,0.453125,0.453125,0.3975817561149597,12396800
1995-04-26,0.421875,0.43945300579071045,0.421875,0.4375,0.3838718831539154,38905600
1995-04-27,0.4335939884185791,0.4375,0.43164101243019104,0.43554699420928955,0.38215845823287964,7769600
1995-04-28,0.4375,0.4375,0.4335939884185791,0.4375,0.3838718831539154,8972800
1995-05-01,0.43554699420928955,0.4375,0.42382800579071045,0.4296880066394806,0.37701743841171265,3980800
1995-05-02,0.43164101243019104,0.4492189884185791,0.4296880066394806,0.4492189884185791,0.3941543996334076,4473600
1995-05-03,0.45117199420928955,0.45117199420928955,0.4453130066394806,0.4492189884185791,0.3941543996334076,5510400
1995-05-04,0.4492189884185791,0.453125,0.4414060115814209,0.4492189884185791,0.3941543996334076,3968000
1995-05-05,0.4492189884185791,0.45117199420928955,0.4492189884185791,0.4492189884185791,0.3941543996334076,1126400
1995-05-08,0.4453130066394806,0.44726601243019104,0.4414060115814209,0.44335898756980896,0.38901272416114807,6028800
1995-05-09,0.4492189884185791,0.4492189884185791,0.4296880066394806,0.4296880066394806,0.37701743841171265,7526400
1995-05-10,0.4296880066394806,0.4296880066394806,0.41992199420928955,0.421875,0.37016236782073975,2809600
1995-05-11,0.42382800579071045,0.42382800579071045,0.4101560115814209,0.4101560115814209,0.35987985134124756,11942400
1995-05-12,0.41210898756980896,0.41210898756980896,0.4023439884185791,0.41210898756980896,0.36159345507621765,5222400
1995-05-15,0.4140630066394806,0.421875,0.40820300579071045,0.41210898756980896,0.36159345507621765,6080000
1995-05-16,0.4101560115814209,0.4140630066394806,0.4023439884185791,0.4023439884185791,0.3530253767967224,5651200
1995-05-17,0.40625,0.40820300579071045,0.4023439884185791,0.4023439884185791,0.3530253767967224,7078400
1995-05-18,0.4023439884185791,0.4023439884185791,0.3945310115814209,0.39648398756980896,0.3478836417198181,9760000
1995-05-19,0.39648398756980896,0.39648398756980896,0.38476601243019104,0.390625,0.3427428603172302,4512000
1995-05-22,0.390625,0.390625,0.3867189884185791,0.390625,0.3427428603172302,4652800
1995-05-23,0.390625,0.41992199420928955,0.390625,0.41601601243019104,0.3650214970111847,17248000
1995-05-24,0.4296880066394806,0.4335939884185791,0.4296880066394806,0.4296880066394806,0.37701743841171265,14265600
1995-05-25,0.4296880066394806,0.43554699420928955,0.4296880066394806,0.43554699420928955,0.38215845823287964,6905600
1995-05-26,0.4375,0.43945300579071045,0.4335939884185791,0.43554699420928955,0.38215845823287964,6124800
1995-05-30,0.4335939884185791,0.43554699420928955,0.42773398756980896,0.4335939884185791,0.3804447054862976,5376000
1995-05-31,0.43164101243019104,0.43554699420928955,0.43164101243019104,0.43164101243019104,0.3787311613559723,3622400
1995-06-01,0.43164101243019104,0.43554699420928955,0.43164101243019104,0.4335939884185791,0.3804447054862976,3846400
1995-06-02,0.4296880066394806,0.4375,0.4296880066394806,0.43554699420928955,0.38215845823287964,4448000
1995-06-05,0.4375,0.4453130066394806,0.43554699420928955,0.4375,0.3838718831539154,5792000
1995-06-06,0.43945300579071045,0.45117199420928955,0.43945300579071045,0.44335898756980896,0.38901272416114807,9107200
1995-06-07,0.4453130066394806,0.4453130066394806,0.43164101243019104,0.4335939884185791,0.3804447054862976,2931200
1995-06-08,0.43554699420928955,0.43945300579071045,0.4335939884185791,0.4375,0.3838718831539154,2656000
1995-06-09,0.4296880066394806,0.4296880066394806,0.4179689884185791,0.4179689884185791,0.36673495173454285,3424000
1995-06-12,0.4257810115814209,0.42773398756980896,0.42382800579071045,0.4257810115814209,0.37358954548835754,3590400
1995-06-13,0.4257810115814209,0.4257810115814209,0.41992199420928955,0.41992199420928955,0.3684486150741577,1280000
1995-06-14,0.421875,0.43554699420928955,0.41992199420928955,0.4335939884185791,0.3804447054862976,7116800
1995-06-15,0.4335939884185791,0.4335939884185791,0.43164101243019104,0.4335939884185791,0.3804447054862976,1696000
1995-06-16,0.43164101243019104,0.4414060115814209,0.43164101243019104,0.43945300579071045,0.3855855464935303,4172800
1995-06-19,0.43945300579071045,0.4492189884185791,0.43945300579071045,0.4492189884185791,0.3941543996334076,8678400
1995-06-20,0.4570310115814209,0.4609380066394806,0.453125,0.45898398756980896,0.4027225375175476,4435200
1995-06-21,0.4648439884185791,0.47070300579071045,0.46289101243019104,0.46875,0.4112914204597473,4588800
1995-06-22,0.46875,0.47070300579071045,0.4648439884185791,0.47070300579071045,0.41300493478775024,3916800
1995-06-23,0.47070300579071045,0.4726560115814209,0.46679699420928955,0.47070300579071045,0.41300493478775024,2444800
1995-06-26,0.4726560115814209,0.47460898756980896,0.46289101243019104,0.4648439884185791,0.4078640937805176,6252800
1995-06-27,0.4648439884185791,0.4648439884185791,0.45117199420928955,0.453125,0.3975817561149597,5395200
1995-06-28,0.45117199420928955,0.4609380066394806,0.44726601243019104,0.4609380066394806,0.40443694591522217,4192000
1995-06-29,0.4609380066394806,0.46289101243019104,0.45898398756980896,0.4609380066394806,0.40443694591522217,4723200
1995-06-30,0.46289101243019104,0.4648439884185791,0.45507800579071045,0.45507800579071045,0.3992953896522522,6694400
1995-07-03,0.45507800579071045,0.45507800579071045,0.453125,0.453125,0.3975817561149597,3257600
1995-07-05,0.453125,0.45507800579071045,0.453125,0.453125,0.3975817561149597,1952000
1995-07-06,0.453125,0.453125,0.4492189884185791,0.4492189884185791,0.3941543996334076,5779200
1995-07-07,0.45117199420928955,0.4570310115814209,0.44726601243019104,0.44726601243019104,0.3924408555030823,2163200
1995-07-10,0.4492189884185791,0.4570310115814209,0.44335898756980896,0.4570310115814209,0.4010089635848999,3168000
1995-07-11,0.4570310115814209,0.4570310115814209,0.4414060115814209,0.4414060115814209,0.387299120426178,5478400
1995-07-12,0.4453130066394806,0.4609380066394806,0.4453130066394806,0.45507800579071045,0.3992953896522522,4544000
1995-07-13,0.4570310115814209,0.4570310115814209,0.4492189884185791,0.4492189884185791,0.3941543996334076,3443200
1995-07-14,0.44726601243019104,0.45117199420928955,0.4375,0.44335898756980896,0.38901272416114807,11718400
1995-07-17,0.43945300579071045,0.4570310115814209,0.43945300579071045,0.4570310115814209,0.4010089635848999,6867200
1995-07-18,0.453125,0.4570310115814209,0.45117199420928955,0.453125,0.3975817561149597,7558400
1995-07-19,0.453125,0.453125,0.40625,0.4101560115814209,0.35987985134124756,18278400
1995-07-20,0.40820300579071045,0.4101560115814209,0.40039101243019104,0.40625,0.3564525842666626,15814400
1995-07-21,0.40625,0.40625,0.3984380066394806,0.3984380066394806,0.34959813952445984,28934400
1995-07-24,0.3984380066394806,0.40039101243019104,0.3867189884185791,0.390625,0.3427428603172302,47219200
1995-07-25,0.390625,0.390625,0.3828130066394806,0.38867199420928955,0.3410291373729706,26310400
1995-07-26,0.39257800579071045,0.4179689884185791,0.39257800579071045,0.4101560115814209,0.35987985134124756,22553600
1995-07-27,0.421875,0.43554699420928955,0.41992199420928955,0.43164101243019104,0.3787311613559723,35897600
1995-07-28,0.4296880066394806,0.4296880066394806,0.421875,0.42382800579071045,0.3718758225440979,27705600
1995-07-31,0.42773398756980896,0.42773398756980896,0.41992199420928955,0.42382800579071045,0.3718758225440979,5004800
1995-08-01,0.42382800579071045,0.42773398756980896,0.4140630066394806,0.41601601243019104,0.3650214970111847,8755200
1995-08-02,0.4140630066394806,0.4140630066394806,0.3984380066394806,0.3984380066394806,0.34959813952445984,15040000
1995-08-03,0.390625,0.390625,0.375,0.375,0.3290330767631531,20140800
1995-08-04,0.3789060115814209,0.3789060115814209,0.36523398756980896,0.375,0.3290330767631531,43347200
1995-08-07,0.3789060115814209,0.3867189884185791,0.375,0.375,0.3290330767631531,35584000
1995-08-08,0.375,0.37695300579071045,0.36132800579071045,0.3632810115814209,0.3187505900859833,32307200
1995-08-09,0.3632810115814209,0.38085898756980896,0.3632810115814209,0.3789060115814209,0.33246028423309326,20768000
1995-08-10,0.3789060115814209,0.38085898756980896,0.375,0.37695300579071045,0.3307468593120575,16345600
1995-08-11,0.3789060115814209,0.3789060115814209,0.37304699420928955,0.37695300579071045,0.3307468593120575,9843200
1995-08-14,0.37695300579071045,0.37695300579071045,0.3710939884185791,0.3710939884185791,0.32560595870018005,5670400
1995-08-15,0.37304699420928955,0.37304699420928955,0.3671880066394806,0.36914101243019104,0.32389241456985474,9433600
1995-08-16,0.3710939884185791,0.375,0.36523398756980896,0.375,0.3290330767631531,23756800
1995-08-17,0.37695300579071045,0.3828130066394806,0.375,0.37695300579071045,0.3307468593120575,17280000
1995-08-18,0.3789060115814209,0.3789060115814209,0.3671880066394806,0.36914101243019104,0.32389241456985474,18316800
1995-08-21,0.36914101243019104,0.3710939884185791,0.3632810115814209,0.36914101243019104,0.32389241456985474,13664000
1995-08-22,0.36914101243019104,0.36914101243019104,0.34960898756980896,0.35742199420928955,0.3136098384857178,22035200
1995-08-23,0.3632810115814209,0.36914101243019104,0.35742199420928955,0.35742199420928955,0.3136098384857178,19667200
1995-08-24,0.35742199420928955,0.35742199420928955,0.34179699420928955,0.34375,0.3016136586666107,11379200
1995-08-25,0.34179699420928955,0.3554689884185791,0.3359380066394806,0.3554689884185791,0.31189605593681335,32396800
1995-08-28,0.34960898756980896,0.35351601243019104,0.34570300579071045,0.35351601243019104,0.3101826310157776,30105600
1995-08-29,0.35351601243019104,0.37304699420928955,0.35351601243019104,0.37304699420928955,0.3273194432258606,34611200
1995-08-30,0.37695300579071045,0.38867199420928955,0.3710939884185791,0.37304699420928955,0.3273194432258606,41190400
1995-08-31,0.375,0.38867199420928955,0.375,0.3828130066394806,0.335888534784317,14329600
1995-09-01,0.3828130066394806,0.3828130066394806,0.37695300579071045,0.37695300579071045,0.3307468593120575,9536000
1995-09-05,0.37304699420928955,0.3828130066394806,0.37304699420928955,0.38085898756980896,0.3341739773750305,9670400
1995-09-06,0.3828130066394806,0.39257800579071045,0.3828130066394806,0.390625,0.3427428603172302,27040000
1995-09-07,0.3945310115814209,0.4023439884185791,0.375,0.38085898756980896,0.3341739773750305,13804800
1995-09-08,0.3867189884185791,0.40039101243019104,0.3867189884185791,0.40039101243019104,0.35131171345710754,21734400
1995-09-11,0.40625,0.41210898756980896,0.40625,0.40820300579071045,0.3581661880016327,24166400
1995-09-12,0.4101560115814209,0.4101560115814209,0.390625,0.39257800579071045,0.3444565236568451,10176000
1995-09-13,0.39257800579071045,0.39257800579071045,0.3828130066394806,0.3867189884185791,0.3393154740333557,10880000
1995-09-14,0.3828130066394806,0.38867199420928955,0.37304699420928955,0.375,0.3290330767631531,17836800
1995-09-15,0.37304699420928955,0.390625,0.34375,0.37695300579071045,0.3307468593120575,21926400
1995-09-18,0.37695300579071045,0.37695300579071045,0.3671880066394806,0.36914101243019104,0.32389241456985474,6784000
1995-09-19,0.37304699420928955,0.375,0.359375,0.359375,0.31532347202301025,12864000
1995-09-20,0.3632810115814209,0.3671880066394806,0.3554689884185791,0.359375,0.31532347202301025,22182400
1995-09-21,0.359375,0.359375,0.35742199420928955,0.359375,0.31532347202301025,7449600
1995-09-22,0.3554689884185791,0.3671880066394806,0.3554689884185791,0.359375,0.31532347202301025,5120000
1995-09-25,0.36132800579071045,0.36132800579071045,0.35351601243019104,0.359375,0.31532347202301025,15590400
1995-09-26,0.3554689884185791,0.3554689884185791,0.34960898756980896,0.3515630066394806,0.3084690570831299,8505600
1995-09-27,0.35351601243019104,0.35351601243019104,0.34375,0.34570300579071045,0.303327351808548,6368000
1995-09-28,0.34570300579071045,0.34570300579071045,0.3359380066394806,0.34570300579071045,0.303327351808548,20371200
1995-09-29,0.34570300579071045,0.34570300579071045,0.33789101243019104,0.33789101243019104,0.2964729368686676,21587200
1995-10-02,0.3398439884185791,0.34375,0.33789101243019104,0.34375,0.3016136586666107,16358400
1995-10-03,0.34179699420928955,0.34570300579071045,0.3359380066394806,0.3398439884185791,0.29818636178970337,14182400
1995-10-04,0.3398439884185791,0.34179699420928955,0.3320310115814209,0.3359380066394806,0.29475918412208557,7500800
1995-10-05,0.3398439884185791,0.3398439884185791,0.33007800579071045,0.3320310115814209,0.2913314700126648,5088000
1995-10-06,0.3320310115814209,0.3398439884185791,0.3320310115814209,0.33789101243019104,0.2964729368686676,29478400
1995-10-09,0.33789101243019104,0.33789101243019104,0.3320310115814209,0.33398398756980896,0.2930448651313782,2521600
1995-10-10,0.3320310115814209,0.3320310115814209,0.3125,0.3164060115814209,0.27762147784233093,14688000
1995-10-11,0.3203130066394806,0.32617199420928955,0.3164060115814209,0.31835898756980896,0.279335081577301,24217600
1995-10-12,0.31835898756980896,0.32617199420928955,0.3164060115814209,0.3242189884185791,0.28447669744491577,18368000
1995-10-13,0.3242189884185791,0.32617199420928955,0.3164060115814209,0.32226601243019104,0.28276315331459045,70617600
1995-10-16,0.32226601243019104,0.32226601243019104,0.31835898756980896,0.3203130066394806,0.28104954957962036,29964800
1995-10-17,0.32617199420928955,0.3359380066394806,0.3242189884185791,0.328125,0.28790390491485596,69056000
1995-10-18,0.328125,0.33007800579071045,0.3203130066394806,0.3242189884185791,0.28447669744491577,33017600
1995-10-19,0.32226601243019104,0.32617199420928955,0.3203130066394806,0.32226601243019104,0.28276315331459045,21913600
1995-10-20,0.3242189884185791,0.3242189884185791,0.3203130066394806,0.3203130066394806,0.28104954957962036,8889600
1995-10-23,0.3203130066394806,0.32617199420928955,0.31835898756980896,0.32617199420928955,0.28619033098220825,10067200
1995-10-24,0.32617199420928955,0.328125,0.3203130066394806,0.32226601243019104,0.28276315331459045,16185600
1995-10-25,0.3242189884185791,0.3242189884185791,0.31835898756980896,0.32226601243019104,0.28276315331459045,19379200
1995-10-26,0.32226601243019104,0.32226601243019104,0.3085939884185791,0.3125,0.27419424057006836,20032000
1995-10-27,0.31054699420928955,0.3164060115814209,0.31054699420928955,0.3125,0.27419424057006836,11660800
1995-10-30,0.31835898756980896,0.33007800579071045,0.31835898756980896,0.328125,0.28790390491485596,10355200
1995-10-31,0.3320310115814209,0.34179699420928955,0.3320310115814209,0.33789101243019104,0.2964729368686676,11763200
1995-11-01,0.3320310115814209,0.33789101243019104,0.33007800579071045,0.33007800579071045,0.28961771726608276,6848000
1995-11-02,0.3320310115814209,0.3359380066394806,0.328125,0.3320310115814209,0.2913314700126648,4876800
1995-11-03,0.33007800579071045,0.34375,0.328125,0.34375,0.3016136586666107,5670400
1995-11-06,0.3398439884185791,0.3398439884185791,0.3359380066394806,0.3398439884185791,0.29818636178970337,6169600
1995-11-07,0.3398439884185791,0.3398439884185791,0.3320310115814209,0.3359380066394806,0.29475918412208557,3462400
1995-11-08,0.33789101243019104,0.34179699420928955,0.3359380066394806,0.3398439884185791,0.29818636178970337,9715200
1995-11-09,0.3398439884185791,0.3398439884185791,0.328125,0.328125,0.28790390491485596,10195200
1995-11-10,0.328125,0.328125,0.3125,0.3125,0.27419424057006836,46649600
1995-11-13,0.31054699420928955,0.31054699420928955,0.296875,0.296875,0.26048463582992554,96147200
1995-11-14,0.296875,0.3046880066394806,0.2929689884185791,0.3007810115814209,0.2639118432998657,41952000
1995-11-15,0.3007810115814209,0.30273398756980896,0.296875,0.29882800579071045,0.26219815015792847,24345600
1995-11-16,0.3007810115814209,0.3242189884185791,0.3007810115814209,0.32226601243019104,0.28276315331459045,50355200
1995-11-17,0.3242189884185791,0.33789101243019104,0.3242189884185791,0.33398398756980896,0.2930448651313782,8320000
1995-11-20,0.33789101243019104,0.34570300579071045,0.3359380066394806,0.33789101243019104,0.2964729368686676,23206400
1995-11-21,0.3398439884185791,0.3398439884185791,0.328125,0.33398398756980896,0.2930448651313782,5056000
1995-11-22,0.33398398756980896,0.33789101243019104,0.3320310115814209,0.33789101243019104,0.2964729368686676,17459200
1995-11-24,0.33789101243019104,0.33789101243019104,0.33398398756980896,0.33789101243019104,0.2964729368686676,1632000
1995-11-27,0.3359380066394806,0.34960898756980896,0.3359380066394806,0.34375,0.3016136586666107,20825600
1995-11-28,0.34179699420928955,0.34570300579071045,0.3398439884185791,0.34375,0.3016136586666107,8870400
1995-11-29,0.3476560115814209,0.3476560115814209,0.34179699420928955,0.34375,0.3016136586666107,6099200
1995-11-30,0.34570300579071045,0.3554689884185791,0.34570300579071045,0.3515630066394806,0.3084690570831299,4582400
1995-12-01,0.3515630066394806,0.3515630066394806,0.34179699420928955,0.34375,0.3016136586666107,25446400
1995-12-04,0.34570300579071045,0.34570300579071045,0.34179699420928955,0.34375,0.3016136586666107,11008000
1995-12-05,0.34375,0.34960898756980896,0.34375,0.3476560115814209,0.3050408959388733,6995200
1995-12-06,0.3476560115814209,0.34960898756980896,0.34375,0.34375,0.3016136586666107,10464000
1995-12-07,0.34375,0.34570300579071045,0.34375,0.34375,0.3016136586666107,8556800
1995-12-08,0.34570300579071045,0.3476560115814209,0.34375,0.34570300579071045,0.303327351808548,2931200
1995-12-11,0.3476560115814209,0.3515630066394806,0.34375,0.34570300579071045,0.303327351808548,21702400
1995-12-12,0.34570300579071045,0.34570300579071045,0.34179699420928955,0.34375,0.3016136586666107,6214400
1995-12-13,0.34375,0.3515630066394806,0.34375,0.3515630066394806,0.3084690570831299,7993600
1995-12-14,0.34960898756980896,0.3554689884185791,0.34179699420928955,0.34179699420928955,0.29989999532699585,17708800
1995-12-15,0.34179699420928955,0.34570300579071045,0.3359380066394806,0.3359380066394806,0.29475918412208557,17286400
1995-12-18,0.3359380066394806,0.3359380066394806,0.328125,0.328125,0.28790390491485596,11475200
1995-12-19,0.32617199420928955,0.3359380066394806,0.3242189884185791,0.33398398756980896,0.2930448651313782,8288000
1995-12-20,0.33398398756980896,0.34960898756980896,0.328125,0.3320310115814209,0.2913314700126648,15468800
1995-12-21,0.3398439884185791,0.3671880066394806,0.3398439884185791,0.3632810115814209,0.3187505900859833,11507200
1995-12-22,0.359375,0.359375,0.3554689884185791,0.35742199420928955,0.3136098384857178,5497600
1995-12-26,0.35742199420928955,0.36132800579071045,0.35742199420928955,0.359375,0.31532347202301025,7923200
1995-12-27,0.36132800579071045,0.36523398756980896,0.359375,0.3632810115814209,0.3187505900859833,3904000
1995-12-28,0.3671880066394806,0.37695300579071045,0.36523398756980896,0.375,0.3290330767631531,4921600
1995-12-29,0.375,0.3789060115814209,0.375,0.3789060115814209,0.33246028423309326,2585600
1996-01-02,0.3789060115814209,0.38085898756980896,0.375,0.375,0.3290330767631531,4652800
1996-01-03,0.37304699420928955,0.375,0.35351601243019104,0.359375,0.31532347202301025,8096000
1996-01-04,0.36132800579071045,0.3671880066394806,0.3554689884185791,0.35742199420928955,0.3136098384857178,8697600
1996-01-05,0.3554689884185791,0.35742199420928955,0.3554689884185791,0.3554689884185791,0.31189605593681335,2969600
1996-01-08,0.35742199420928955,0.359375,0.3515630066394806,0.35351601243019104,0.3101826310157776,1056000
1996-01-09,0.359375,0.36132800579071045,0.34375,0.34570300579071045,0.303327351808548,6240000
1996-01-10,0.34570300579071045,0.34570300579071045,0.3359380066394806,0.3359380066394806,0.29475918412208557,5996800
1996-01-11,0.33789101243019104,0.3398439884185791,0.33398398756980896,0.33398398756980896,0.2930448651313782,9344000
1996-01-12,0.33398398756980896,0.3359380066394806,0.3310549855232239,0.3359380066394806,0.29475918412208557,8409600
1996-01-15,0.3398439884185791,0.34375,0.33789101243019104,0.33789101243019104,0.2964729368686676,10790400
1996-01-16,0.33789101243019104,0.34179699420928955,0.33398398756980896,0.33398398756980896,0.2930448651313782,2982400
1996-01-17,0.328125,0.3320310115814209,0.31835898756980896,0.33007800579071045,0.28961771726608276,21644800
1996-01-18,0.33007800579071045,0.3398439884185791,0.33007800579071045,0.3320310115814209,0.2913314700126648,25753600
1996-01-19,0.3320310115814209,0.33789101243019104,0.33007800579071045,0.33789101243019104,0.2964729368686676,23974400
1996-01-22,0.33398398756980896,0.3398439884185791,0.3320310115814209,0.3398439884185791,0.29818636178970337,17011200
1996-01-23,0.34375,0.34375,0.33789101243019104,0.3398439884185791,0.29818636178970337,17344000
1996-01-24,0.33789101243019104,0.35742199420928955,0.33789101243019104,0.3476560115814209,0.3050408959388733,33804800
1996-01-25,0.34179699420928955,0.34375,0.3359380066394806,0.3359380066394806,0.29475918412208557,9932800
1996-01-26,0.3320310115814209,0.3320310115814209,0.328125,0.328125,0.28790390491485596,6995200
1996-01-29,0.3242189884185791,0.32617199420928955,0.32226601243019104,0.32617199420928955,0.28619033098220825,17536000
1996-01-30,0.31445300579071045,0.33007800579071045,0.31445300579071045,0.33007800579071045,0.28961771726608276,6745600
1996-01-31,0.32617199420928955,0.33007800579071045,0.32617199420928955,0.33007800579071045,0.28961771726608276,3788800
1996-02-01,0.33398398756980896,0.34375,0.3320310115814209,0.34179699420928955,0.29989999532699585,11756800
1996-02-02,0.34375,0.3671880066394806,0.34375,0.3671880066394806,0.3221786618232727,41382400
1996-02-05,0.3632810115814209,0.3710939884185791,0.359375,0.3710939884185791,0.32560595870018005,12640000
1996-02-06,0.37304699420928955,0.375,0.36914101243019104,0.3710939884185791,0.32560595870018005,33203200
1996-02-07,0.36914101243019104,0.37304699420928955,0.36914101243019104,0.37304699420928955,0.3273194432258606,8966400
1996-02-08,0.3710939884185791,0.37304699420928955,0.3710939884185791,0.3710939884185791,0.32560595870018005,9004800
1996-02-09,0.37304699420928955,0.38867199420928955,0.3710939884185791,0.38867199420928955,0.3410291373729706,25657600
1996-02-12,0.38867199420928955,0.38867199420928955,0.3828130066394806,0.3828130066394806,0.335888534784317,12908800
1996-02-13,0.3789060115814209,0.38085898756980896,0.3710939884185791,0.3789060115814209,0.33246028423309326,5158400
1996-02-14,0.3789060115814209,0.38085898756980896,0.375,0.37695300579071045,0.3307468593120575,14272000
1996-02-15,0.37304699420928955,0.3740229904651642,0.3632810115814209,0.3632810115814209,0.3187505900859833,10169600
1996-02-16,0.36523398756980896,0.37695300579071045,0.3632810115814209,0.375,0.3290330767631531,6483200
1996-02-20,0.36523398756980896,0.36914101243019104,0.3632810115814209,0.36914101243019104,0.32389241456985474,7820800
1996-02-21,0.36914101243019104,0.37304699420928955,0.36914101243019104,0.37304699420928955,0.3273194432258606,5216000
1996-02-22,0.3710939884185791,0.375,0.36914101243019104,0.37304699420928955,0.3273194432258606,6304000
1996-02-23,0.37695300579071045,0.38867199420928955,0.37695300579071045,0.38867199420928955,0.3410291373729706,19897600
1996-02-26,0.3867189884185791,0.39257800579071045,0.3789060115814209,0.39257800579071045,0.3444565236568451,8281600
1996-02-27,0.3984380066394806,0.40429699420928955,0.3945310115814209,0.40429699420928955,0.35473889112472534,13280000
1996-02-28,0.40429699420928955,0.40625,0.38867199420928955,0.390625,0.3427428603172302,8556800
1996-02-29,0.39648398756980896,0.39648398756980896,0.38085898756980896,0.38085898756980896,0.3341739773750305,5568000
1996-03-01,0.38085898756980896,0.38476601243019104,0.38085898756980896,0.3828130066394806,0.335888534784317,4332800
1996-03-04,0.38476601243019104,0.39648398756980896,0.38476601243019104,0.390625,0.3427428603172302,24160000
1996-03-05,0.38476601243019104,0.4023439884185791,0.38476601243019104,0.3984380066394806,0.34959813952445984,7430400
1996-03-06,0.39648398756980896,0.40429699420928955,0.39648398756980896,0.40429699420928955,0.35473889112472534,16953600
1996-03-07,0.40429699420928955,0.40429699420928955,0.4023439884185791,0.4023439884185791,0.3530253767967224,6988800
1996-03-08,0.390625,0.39648398756980896,0.3867189884185791,0.3867189884185791,0.3393154740333557,8992000
1996-03-11,0.38867199420928955,0.40429699420928955,0.38867199420928955,0.39648398756980896,0.3478836417198181,14508800
1996-03-12,0.39257800579071045,0.39257800579071045,0.3867189884185791,0.3867189884185791,0.3393154740333557,12774400
1996-03-13,0.3867189884185791,0.3945310115814209,0.3867189884185791,0.39257800579071045,0.3444565236568451,8230400
1996-03-14,0.39257800579071045,0.39257800579071045,0.3867189884185791,0.38867199420928955,0.3410291373729706,7168000
1996-03-15,0.38867199420928955,0.3945310115814209,0.38085898756980896,0.39257800579071045,0.3444565236568451,13401600
1996-03-18,0.3945310115814209,0.39648398756980896,0.39257800579071045,0.39648398756980896,0.3478836417198181,8409600
1996-03-19,0.39257800579071045,0.39648398756980896,0.3867189884185791,0.38867199420928955,0.3410291373729706,3507200
1996-03-20,0.390625,0.390625,0.3867189884185791,0.3867189884185791,0.3393154740333557,4473600
1996-03-21,0.3867189884185791,0.3945310115814209,0.3867189884185791,0.3945310115814209,0.3461700975894928,4921600
1996-03-22,0.39257800579071045,0.39648398756980896,0.390625,0.390625,0.3427428603172302,6924800
1996-03-25,0.39257800579071045,0.3984380066394806,0.39257800579071045,0.39257800579071045,0.3444565236568451,2598400
1996-03-26,0.39257800579071045,0.3945310115814209,0.38476601243019104,0.38476601243019104,0.3376019597053528,3468800
1996-03-27,0.38476601243019104,0.38476601243019104,0.37304699420928955,0.37304699420928955,0.3273194432258606,8032000
1996-03-28,0.37304699420928955,0.375,0.3710939884185791,0.37304699420928955,0.3273194432258606,4204800
1996-03-29,0.375,0.375,0.3632810115814209,0.36523398756980896,0.3204643726348877,5913600
1996-04-01,0.3671880066394806,0.36914101243019104,0.35742199420928955,0.36132800579071045,0.3170371353626251,8883200
1996-04-02,0.36132800579071045,0.36132800579071045,0.3554689884185791,0.35742199420928955,0.3136098384857178,5401600
1996-04-03,0.359375,0.36132800579071045,0.35742199420928955,0.359375,0.31532347202301025,5798400
1996-04-04,0.359375,0.3632810115814209,0.35742199420928955,0.359375,0.31532347202301025,1913600
1996-04-08,0.35742199420928955,0.35742199420928955,0.34570300579071045,0.3515630066394806,0.3084690570831299,9030400
1996-04-09,0.35351601243019104,0.35351601243019104,0.34570300579071045,0.34960898756980896,0.306754469871521,10208000
1996-04-10,0.3515630066394806,0.3632810115814209,0.3515630066394806,0.359375,0.31532347202301025,3187200
1996-04-11,0.359375,0.3632810115814209,0.3554689884185791,0.359375,0.31532347202301025,8652800
1996-04-12,0.3554689884185791,0.35742199420928955,0.3515630066394806,0.35351601243019104,0.3101826310157776,5420800
1996-04-15,0.35351601243019104,0.359375,0.35351601243019104,0.35742199420928955,0.3136098384857178,19942400
1996-04-16,0.3554689884185791,0.3671880066394806,0.3554689884185791,0.3632810115814209,0.3187505900859833,16185600
1996-04-17,0.3632810115814209,0.37304699420928955,0.3632810115814209,0.3671880066394806,0.3221786618232727,6924800
1996-04-18,0.3671880066394806,0.3867189884185791,0.3671880066394806,0.38476601243019104,0.3376019597053528,9216000
1996-04-19,0.3828130066394806,0.3945310115814209,0.3828130066394806,0.38867199420928955,0.3410291373729706,9651200
1996-04-22,0.38867199420928955,0.39257800579071045,0.38867199420928955,0.39257800579071045,0.3444565236568451,4339200
1996-04-23,0.38867199420928955,0.390625,0.3828130066394806,0.3828130066394806,0.335888534784317,2150400
1996-04-24,0.38476601243019104,0.390625,0.3828130066394806,0.390625,0.3427428603172302,6630400
1996-04-25,0.3945310115814209,0.40039101243019104,0.3945310115814209,0.3984380066394806,0.34959813952445984,17369600
1996-04-26,0.40039101243019104,0.41992199420928955,0.3984380066394806,0.4179689884185791,0.36673495173454285,9318400
1996-04-29,0.4179689884185791,0.4179689884185791,0.4140630066394806,0.4140630066394806,0.36330780386924744,6380800
1996-04-30,0.41601601243019104,0.41601601243019104,0.4101560115814209,0.4101560115814209,0.35987985134124756,7008000
1996-05-01,0.40820300579071045,0.41210898756980896,0.40820300579071045,0.4101560115814209,0.35987985134124756,5312000
1996-05-02,0.41210898756980896,0.41210898756980896,0.4023439884185791,0.40429699420928955,0.35473889112472534,5721600
1996-05-03,0.40429699420928955,0.40429699420928955,0.3984380066394806,0.40429699420928955,0.35473889112472534,6316800
1996-05-06,0.40429699420928955,0.40429699420928955,0.38085898756980896,0.39648398756980896,0.3478836417198181,5004800
1996-05-07,0.3945310115814209,0.40820300579071045,0.3945310115814209,0.40820300579071045,0.3581661880016327,8313600
1996-05-08,0.40625,0.40820300579071045,0.39648398756980896,0.3984380066394806,0.34959813952445984,14092800
1996-05-09,0.3945310115814209,0.39648398756980896,0.390625,0.39648398756980896,0.3478836417198181,18931200
1996-05-10,0.39648398756980896,0.39648398756980896,0.38867199420928955,0.39257800579071045,0.3444565236568451,5907200
1996-05-13,0.390625,0.39648398756980896,0.38867199420928955,0.39648398756980896,0.3478836417198181,6611200
1996-05-14,0.39648398756980896,0.421875,0.39648398756980896,0.41992199420928955,0.3684486150741577,15520000
1996-05-15,0.421875,0.43164101243019104,0.4179689884185791,0.42773398756980896,0.3753030002117157,17446400
1996-05-16,0.4257810115814209,0.42773398756980896,0.42382800579071045,0.4257810115814209,0.37358954548835754,6764800
1996-05-17,0.4257810115814209,0.4296880066394806,0.4257810115814209,0.4296880066394806,0.37701743841171265,7872000
1996-05-20,0.42773398756980896,0.4296880066394806,0.42773398756980896,0.4296880066394806,0.37701743841171265,10201600
1996-05-21,0.4257810115814209,0.42773398756980896,0.41992199420928955,0.41992199420928955,0.3684486150741577,1984000
1996-05-22,0.41992199420928955,0.421875,0.41601601243019104,0.41601601243019104,0.3650214970111847,6553600
1996-05-23,0.4179689884185791,0.4179689884185791,0.4140630066394806,0.41601601243019104,0.3650214970111847,3212800
1996-05-24,0.41601601243019104,0.41992199420928955,0.4140630066394806,0.41992199420928955,0.3684486150741577,3609600
1996-05-28,0.4179689884185791,0.4179689884185791,0.4023439884185791,0.40429699420928955,0.35473889112472534,4281600
1996-05-29,0.40625,0.40820300579071045,0.39648398756980896,0.40039101243019104,0.35131171345710754,10387200
1996-05-30,0.39648398756980896,0.4023439884185791,0.39257800579071045,0.39257800579071045,0.3444565236568451,3897600
1996-05-31,0.3945310115814209,0.40429699420928955,0.3945310115814209,0.4023439884185791,0.3530253767967224,3891200
1996-06-03,0.40039101243019104,0.40039101243019104,0.3945310115814209,0.39648398756980896,0.3478836417198181,7232000
1996-06-04,0.39648398756980896,0.40429699420928955,0.39648398756980896,0.39648398756980896,0.3478836417198181,6323200
1996-06-05,0.39648398756980896,0.4023439884185791,0.39257800579071045,0.40039101243019104,0.35131171345710754,17094400
1996-06-06,0.40039101243019104,0.40039101243019104,0.3867189884185791,0.38867199420928955,0.3410291373729706,19040000
1996-06-07,0.38476601243019104,0.38867199420928955,0.3789060115814209,0.3867189884185791,0.3393154740333557,5651200
1996-06-10,0.38476601243019104,0.3867189884185791,0.3789060115814209,0.38085898756980896,0.3341739773750305,7558400
1996-06-11,0.38476601243019104,0.3867189884185791,0.3789060115814209,0.3789060115814209,0.33246028423309326,16473600
1996-06-12,0.38085898756980896,0.38476601243019104,0.37304699420928955,0.37695300579071045,0.3307468593120575,9363200
1996-06-13,0.38085898756980896,0.38085898756980896,0.37695300579071045,0.37695300579071045,0.3307468593120575,2419200
1996-06-14,0.38085898756980896,0.3867189884185791,0.37695300579071045,0.38476601243019104,0.3376019597053528,5926400
1996-06-17,0.3828130066394806,0.3828130066394806,0.37695300579071045,0.3789060115814209,0.33246028423309326,10022400
1996-06-18,0.37695300579071045,0.37695300579071045,0.3671880066394806,0.3671880066394806,0.3221786618232727,3065600
1996-06-19,0.3671880066394806,0.36914101243019104,0.36523398756980896,0.3671880066394806,0.3221786618232727,7513600
1996-06-20,0.3671880066394806,0.3710939884185791,0.35742199420928955,0.359375,0.31532347202301025,10188800
1996-06-21,0.359375,0.36132800579071045,0.3476560115814209,0.3515630066394806,0.3084690570831299,6777600
1996-06-24,0.3515630066394806,0.3515630066394806,0.3115229904651642,0.3203130066394806,0.28104954957962036,44499200
1996-06-25,0.3203130066394806,0.32617199420928955,0.31054699420928955,0.31445300579071045,0.2759079039096832,56640000
1996-06-26,0.32226601243019104,0.3320310115814209,0.3125,0.328125,0.28790390491485596,58265600
1996-06-27,0.3320310115814209,0.3398439884185791,0.33007800579071045,0.33398398756980896,0.2930448651313782,23820800
1996-06-28,0.33398398756980896,0.359375,0.33398398756980896,0.359375,0.31532347202301025,14656000
1996-07-01,0.35742199420928955,0.35742199420928955,0.3398439884185791,0.3398439884185791,0.29818636178970337,16115200
1996-07-02,0.3398439884185791,0.3398439884185791,0.328125,0.33007800579071045,0.28961771726608276,17164800
1996-07-03,0.328125,0.328125,0.31835898756980896,0.3203130066394806,0.28104954957962036,7948800
1996-07-05,0.31445300579071045,0.32226601243019104,0.31445300579071045,0.31835898756980896,0.279335081577301,7801600
1996-07-08,0.3164060115814209,0.3242189884185791,0.31054699420928955,0.3125,0.27419424057006836,6764800
1996-07-09,0.3125,0.31445300579071045,0.3085939884185791,0.3085939884185791,0.2707671821117401,16006400
1996-07-10,0.31054699420928955,0.31054699420928955,0.29882800579071045,0.30273398756980896,0.2656254172325134,17152000
1996-07-11,0.30273398756980896,0.3046880066394806,0.296875,0.29882800579071045,0.26219815015792847,5459200
1996-07-12,0.296875,0.30273398756980896,0.29492199420928955,0.29492199420928955,0.25877106189727783,14572800
1996-07-15,0.296875,0.29882800579071045,0.2929689884185791,0.296875,0.26048463582992554,3488000
1996-07-16,0.296875,0.31054699420928955,0.2929689884185791,0.296875,0.26048463582992554,10873600
1996-07-17,0.3007810115814209,0.32226601243019104,0.3007810115814209,0.31835898756980896,0.279335081577301,6905600
1996-07-18,0.3203130066394806,0.3242189884185791,0.3203130066394806,0.3242189884185791,0.28447669744491577,3385600
1996-07-19,0.32226601243019104,0.32226601243019104,0.3164060115814209,0.3164060115814209,0.27762147784233093,1856000
1996-07-22,0.3125,0.3125,0.31054699420928955,0.31054699420928955,0.27248069643974304,4403200
1996-07-23,0.31054699420928955,0.31835898756980896,0.31054699420928955,0.3164060115814209,0.27762147784233093,3808000
1996-07-24,0.3125,0.31445300579071045,0.3085939884185791,0.3085939884185791,0.2707671821117401,3238400
1996-07-25,0.31054699420928955,0.3125,0.3007810115814209,0.30273398756980896,0.2656254172325134,15910400
1996-07-26,0.30664101243019104,0.3125,0.30664101243019104,0.31054699420928955,0.27248069643974304,6566400
1996-07-29,0.3125,0.3125,0.30664101243019104,0.30664101243019104,0.26905354857444763,4819200
1996-07-30,0.3085939884185791,0.31054699420928955,0.30273398756980896,0.30273398756980896,0.2656254172325134,9094400
1996-07-31,0.3046880066394806,0.3046880066394806,0.29882800579071045,0.3007810115814209,0.2639118432998657,5971200
1996-08-01,0.30273398756980896,0.31054699420928955,0.3007810115814209,0.30273398756980896,0.2656254172325134,9203200
1996-08-02,0.31054699420928955,0.31054699420928955,0.3085939884185791,0.31054699420928955,0.27248069643974304,3840000
1996-08-05,0.3125,0.3125,0.31054699420928955,0.3125,0.27419424057006836,5548800
1996-08-06,0.3125,0.3125,0.30664101243019104,0.31054699420928955,0.27248069643974304,1324800
1996-08-07,0.31054699420928955,0.31445300579071045,0.3085939884185791,0.31445300579071045,0.2759079039096832,12646400
1996-08-08,0.31445300579071045,0.31445300579071045,0.3085939884185791,0.3125,0.27419424057006836,1888000
1996-08-09,0.31054699420928955,0.31445300579071045,0.31054699420928955,0.31445300579071045,0.2759079039096832,4563200
1996-08-12,0.3125,0.31835898756980896,0.31054699420928955,0.3125,0.27419424057006836,14502400
1996-08-13,0.3125,0.3125,0.29882800579071045,0.30273398756980896,0.2656254172325134,4544000
1996-08-14,0.3007810115814209,0.3046880066394806,0.3007810115814209,0.30273398756980896,0.2656254172325134,6982400
1996-08-15,0.3046880066394806,0.31054699420928955,0.3046880066394806,0.3085939884185791,0.2707671821117401,3776000
1996-08-16,0.3085939884185791,0.31054699420928955,0.3046880066394806,0.3085939884185791,0.2707671821117401,3411200
1996-08-19,0.30273398756980896,0.3125,0.30273398756980896,0.3125,0.27419424057006836,9779200
1996-08-20,0.3125,0.31445300579071045,0.31054699420928955,0.31054699420928955,0.27248069643974304,1401600
1996-08-21,0.31054699420928955,0.31054699420928955,0.30664101243019104,0.30664101243019104,0.26905354857444763,3244800
1996-08-22,0.3085939884185791,0.31054699420928955,0.30273398756980896,0.3085939884185791,0.2707671821117401,6636800
1996-08-23,0.3125,0.31445300579071045,0.3085939884185791,0.3085939884185791,0.2707671821117401,2246400
1996-08-26,0.31054699420928955,0.31054699420928955,0.3046880066394806,0.3046880066394806,0.26733991503715515,1740800
1996-08-27,0.3046880066394806,0.31445300579071045,0.3046880066394806,0.31054699420928955,0.27248069643974304,6374400
1996-08-28,0.31054699420928955,0.31054699420928955,0.30664101243019104,0.3085939884185791,0.2707671821117401,3212800
1996-08-29,0.3085939884185791,0.31054699420928955,0.3085939884185791,0.31054699420928955,0.27248069643974304,6886400
1996-08-30,0.3085939884185791,0.31054699420928955,0.30664101243019104,0.30664101243019104,0.26905354857444763,3884800
1996-09-03,0.3046880066394806,0.3046880066394806,0.3007810115814209,0.30273398756980896,0.2656254172325134,3961600
1996-09-04,0.30273398756980896,0.3046880066394806,0.3007810115814209,0.30273398756980896,0.2656254172325134,9356800
1996-09-05,0.29882800579071045,0.3046880066394806,0.29882800579071045,0.3046880066394806,0.26733991503715515,2041600
1996-09-06,0.30273398756980896,0.30273398756980896,0.3007810115814209,0.3007810115814209,0.2639118432998657,7712000
1996-09-09,0.3007810115814209,0.3046880066394806,0.3007810115814209,0.3007810115814209,0.2639118432998657,13068800
1996-09-10,0.3007810115814209,0.3046880066394806,0.3007810115814209,0.30273398756980896,0.2656254172325134,21337600
1996-09-11,0.30273398756980896,0.31054699420928955,0.30273398756980896,0.30273398756980896,0.2656254172325134,10905600
1996-09-12,0.30273398756980896,0.30664101243019104,0.30273398756980896,0.30664101243019104,0.26905354857444763,28576000
1996-09-13,0.3125,0.3242189884185791,0.3125,0.3203130066394806,0.28104954957962036,11443200
1996-09-16,0.3242189884185791,0.34375,0.3242189884185791,0.34179699420928955,0.29989999532699585,13651200
1996-09-17,0.34375,0.34570300579071045,0.3359380066394806,0.3359380066394806,0.29475918412208557,3859200
1996-09-18,0.3359380066394806,0.33789101243019104,0.3320310115814209,0.33398398756980896,0.2930448651313782,6137600
1996-09-19,0.32617199420928955,0.3359380066394806,0.32617199420928955,0.33398398756980896,0.2930448651313782,12230400
1996-09-20,0.3398439884185791,0.34375,0.33789101243019104,0.34179699420928955,0.29989999532699585,5984000
1996-09-23,0.3398439884185791,0.34375,0.3398439884185791,0.34179699420928955,0.29989999532699585,3782400
1996-09-24,0.3398439884185791,0.34179699420928955,0.33398398756980896,0.34179699420928955,0.29989999532699585,6848000
1996-09-25,0.34375,0.3476560115814209,0.34179699420928955,0.34375,0.3016136586666107,4339200
1996-09-26,0.34570300579071045,0.35351601243019104,0.34570300579071045,0.35351601243019104,0.3101826310157776,2848000
1996-09-27,0.3515630066394806,0.3515630066394806,0.3476560115814209,0.34960898756980896,0.306754469871521,2892800
1996-09-30,0.34570300579071045,0.35742199420928955,0.3398439884185791,0.35742199420928955,0.3136098384857178,9075200
1996-10-01,0.3554689884185791,0.359375,0.35351601243019104,0.3554689884185791,0.31189605593681335,4339200
1996-10-02,0.3554689884185791,0.3554689884185791,0.34960898756980896,0.34960898756980896,0.306754469871521,2771200
1996-10-03,0.34960898756980896,0.3515630066394806,0.34960898756980896,0.3515630066394806,0.3084690570831299,3328000
1996-10-04,0.3515630066394806,0.3515630066394806,0.34960898756980896,0.34960898756980896,0.306754469871521,3782400
1996-10-07,0.34570300579071045,0.34960898756980896,0.33398398756980896,0.33398398756980896,0.2930448651313782,6099200
1996-10-08,0.33398398756980896,0.33398398756980896,0.328125,0.328125,0.28790390491485596,11321600
1996-10-09,0.328125,0.3320310115814209,0.328125,0.33007800579071045,0.28961771726608276,6643200
1996-10-10,0.328125,0.3359380066394806,0.3242189884185791,0.3359380066394806,0.29475918412208557,19968000
1996-10-11,0.3359380066394806,0.3398439884185791,0.33398398756980896,0.33789101243019104,0.2964729368686676,27014400
1996-10-14,0.33398398756980896,0.3359380066394806,0.33007800579071045,0.33007800579071045,0.28961771726608276,30124800
1996-10-15,0.33007800579071045,0.33398398756980896,0.33007800579071045,0.33007800579071045,0.28961771726608276,4934400
1996-10-16,0.33007800579071045,0.33007800579071045,0.3242189884185791,0.3242189884185791,0.28447669744491577,32211200
1996-10-17,0.3242189884185791,0.32617199420928955,0.32226601243019104,0.32226601243019104,0.28276315331459045,12262400
1996-10-18,0.3203130066394806,0.3203130066394806,0.3085939884185791,0.31054699420928955,0.27248069643974304,47884800
1996-10-21,0.3125,0.3125,0.29882800579071045,0.3046880066394806,0.26733991503715515,7552000
1996-10-22,0.30664101243019104,0.3085939884185791,0.3046880066394806,0.30664101243019104,0.26905354857444763,7200000
1996-10-23,0.3046880066394806,0.3085939884185791,0.3046880066394806,0.3085939884185791,0.2707671821117401,10297600
1996-10-24,0.3085939884185791,0.3085939884185791,0.296875,0.30273398756980896,0.2656254172325134,12646400
1996-10-25,0.30273398756980896,0.31054699420928955,0.30273398756980896,0.3085939884185791,0.2707671821117401,4339200
1996-10-28,0.30664101243019104,0.3085939884185791,0.3007810115814209,0.3007810115814209,0.2639118432998657,8512000
1996-10-29,0.29882800579071045,0.3046880066394806,0.29882800579071045,0.30273398756980896,0.2656254172325134,17990400
1996-10-30,0.3007810115814209,0.31445300579071045,0.3007810115814209,0.31054699420928955,0.27248069643974304,20473600
1996-10-31,0.3085939884185791,0.3125,0.3085939884185791,0.31054699420928955,0.27248069643974304,2284800
1996-11-01,0.3125,0.3125,0.31054699420928955,0.31054699420928955,0.27248069643974304,1062400
1996-11-04,0.31054699420928955,0.31445300579071045,0.3085939884185791,0.31445300579071045,0.2759079039096832,3449600
1996-11-05,0.31445300579071045,0.3203130066394806,0.3125,0.3203130066394806,0.28104954957962036,6771200
1996-11-06,0.3203130066394806,0.32226601243019104,0.31835898756980896,0.31835898756980896,0.279335081577301,3673600
1996-11-07,0.31445300579071045,0.3203130066394806,0.3125,0.3203130066394806,0.28104954957962036,9708800
1996-11-08,0.3203130066394806,0.32226601243019104,0.3164060115814209,0.3203130066394806,0.28104954957962036,11532800
1996-11-11,0.31835898756980896,0.3203130066394806,0.31445300579071045,0.3203130066394806,0.28104954957962036,2809600
1996-11-12,0.3242189884185791,0.32617199420928955,0.31835898756980896,0.3242189884185791,0.28447669744491577,5587200
1996-11-13,0.3242189884185791,0.33789101243019104,0.32226601243019104,0.33789101243019104,0.2964729368686676,5811200
1996-11-14,0.33789101243019104,0.33789101243019104,0.3320310115814209,0.33789101243019104,0.2964729368686676,6310400
1996-11-15,0.3320310115814209,0.34960898756980896,0.33007800579071045,0.33007800579071045,0.28961771726608276,5689600
1996-11-18,0.328125,0.33007800579071045,0.32617199420928955,0.328125,0.28790390491485596,6252800
1996-11-19,0.328125,0.328125,0.3242189884185791,0.32617199420928955,0.28619033098220825,4102400
1996-11-20,0.32226601243019104,0.328125,0.31835898756980896,0.32617199420928955,0.28619033098220825,3289600
1996-11-21,0.32617199420928955,0.33007800579071045,0.32226601243019104,0.33007800579071045,0.28961771726608276,3020800
1996-11-22,0.328125,0.33398398756980896,0.328125,0.33007800579071045,0.28961771726608276,5574400
1996-11-25,0.3320310115814209,0.33789101243019104,0.33007800579071045,0.33398398756980896,0.2930448651313782,4083200
1996-11-26,0.33007800579071045,0.33398398756980896,0.33007800579071045,0.33007800579071045,0.28961771726608276,2752000
1996-11-27,0.33007800579071045,0.3359380066394806,0.33007800579071045,0.33398398756980896,0.2930448651313782,4544000
1996-11-29,0.33398398756980896,0.3359380066394806,0.33398398756980896,0.33398398756980896,0.2930448651313782,1254400
1996-12-02,0.3359380066394806,0.3359380066394806,0.32617199420928955,0.328125,0.28790390491485596,6566400
1996-12-03,0.33007800579071045,0.34179699420928955,0.33007800579071045,0.3359380066394806,0.29475918412208557,5862400
1996-12-04,0.3359380066394806,0.34179699420928955,0.33398398756980896,0.34179699420928955,0.29989999532699585,6720000
1996-12-05,0.34179699420928955,0.3476560115814209,0.34179699420928955,0.3476560115814209,0.3050408959388733,2899200
1996-12-06,0.3359380066394806,0.34375,0.328125,0.34179699420928955,0.29989999532699585,3980800
1996-12-09,0.34570300579071045,0.3515630066394806,0.34570300579071045,0.34570300579071045,0.303327351808548,4844800
1996-12-10,0.34570300579071045,0.34570300579071045,0.33789101243019104,0.3398439884185791,0.29818636178970337,10873600
1996-12-11,0.3359380066394806,0.33789101243019104,0.3320310115814209,0.33789101243019104,0.2964729368686676,3244800
1996-12-12,0.3359380066394806,0.33789101243019104,0.33398398756980896,0.33398398756980896,0.2930448651313782,3430400
1996-12-13,0.33398398756980896,0.33398398756980896,0.328125,0.33007800579071045,0.28961771726608276,7033600
1996-12-16,0.33007800579071045,0.3359380066394806,0.328125,0.328125,0.28790390491485596,3788800
1996-12-17,0.328125,0.33007800579071045,0.32226601243019104,0.32226601243019104,0.28276315331459045,5606400
1996-12-18,0.32226601243019104,0.3320310115814209,0.32226601243019104,0.33007800579071045,0.28961771726608276,4620800
1996-12-19,0.33007800579071045,0.33398398756980896,0.31835898756980896,0.3203130066394806,0.28104954957962036,7475200
1996-12-20,0.32226601243019104,0.32617199420928955,0.32226601243019104,0.3242189884185791,0.28447669744491577,13376000
1996-12-23,0.3242189884185791,0.32617199420928955,0.32226601243019104,0.3242189884185791,0.28447669744491577,8038400
1996-12-24,0.3242189884185791,0.32617199420928955,0.3164060115814209,0.32617199420928955,0.28619033098220825,6009600
1996-12-26,0.32617199420928955,0.32617199420928955,0.3203130066394806,0.32226601243019104,0.28276315331459045,3507200
1996-12-27,0.3242189884185791,0.33007800579071045,0.3242189884185791,0.328125,0.28790390491485596,15430400
1996-12-30,0.33007800579071045,0.3398439884185791,0.33007800579071045,0.3398439884185791,0.29818636178970337,6617600
1996-12-31,0.3398439884185791,0.3476560115814209,0.3398439884185791,0.3476560115814209,0.3050408959388733,3532800
1997-01-02,0.34570300579071045,0.34570300579071045,0.3398439884185791,0.34375,0.3016136586666107,12243200
1997-01-03,0.3476560115814209,0.34960898756980896,0.34375,0.34960898756980896,0.306754469871521,6310400
1997-01-06,0.3476560115814209,0.3554689884185791,0.3476560115814209,0.35351601243019104,0.3101826310157776,3212800
1997-01-07,0.35351601243019104,0.35351601243019104,0.34570300579071045,0.3476560115814209,0.3050408959388733,11968000
1997-01-08,0.34960898756980896,0.3515630066394806,0.3476560115814209,0.3476560115814209,0.3050408959388733,5939200
1997-01-09,0.34960898756980896,0.3515630066394806,0.34570300579071045,0.3476560115814209,0.3050408959388733,6937600
1997-01-10,0.34375,0.3476560115814209,0.3398439884185791,0.3476560115814209,0.3050408959388733,13241600
1997-01-13,0.3476560115814209,0.3476560115814209,0.3398439884185791,0.3398439884185791,0.29818636178970337,4742400
1997-01-14,0.3398439884185791,0.34375,0.3359380066394806,0.3398439884185791,0.29818636178970337,8633600
1997-01-15,0.33789101243019104,0.34570300579071045,0.33789101243019104,0.34570300579071045,0.303327351808548,10867200
1997-01-16,0.34570300579071045,0.3554689884185791,0.34570300579071045,0.3476560115814209,0.3050408959388733,43635200
1997-01-17,0.34375,0.3554689884185791,0.34375,0.3515630066394806,0.3084690570831299,12652800
1997-01-20,0.3554689884185791,0.3671880066394806,0.3554689884185791,0.36523398756980896,0.3204643726348877,11865600
1997-01-21,0.3632810115814209,0.3632810115814209,0.359375,0.36132800579071045,0.3170371353626251,12851200
1997-01-22,0.36132800579071045,0.36523398756980896,0.35742199420928955,0.36132800579071045,0.3170371353626251,8633600
1997-01-23,0.4023439884185791,0.40429699420928955,0.3984380066394806,0.4023439884185791,0.3530253767967224,220096000
1997-01-24,0.40429699420928955,0.40820300579071045,0.4023439884185791,0.40625,0.3564525842666626,64345600
1997-01-27,0.40429699420928955,0.40625,0.4023439884185791,0.4023439884185791,0.3530253767967224,46937600
1997-01-28,0.4023439884185791,0.40429699420928955,0.4023439884185791,0.4023439884185791,0.3530253767967224,24678400
1997-01-29,0.4023439884185791,0.40429699420928955,0.4023439884185791,0.4023439884185791,0.3530253767967224,9849600
1997-01-30,0.4023439884185791,0.40429699420928955,0.4023439884185791,0.4023439884185791,0.3530253767967224,46316800
1997-01-31,0.4023439884185791,0.40429699420928955,0.40039101243019104,0.4023439884185791,0.3530253767967224,22387200
1997-02-03,0.40039101243019104,0.40429699420928955,0.40039101243019104,0.4023439884185791,0.3530253767967224,19392000
1997-02-04,0.40039101243019104,0.4023439884185791,0.40039101243019104,0.40039101243019104,0.35131171345710754,17689600
1997-02-05,0.40039101243019104,0.4023439884185791,0.3984380066394806,0.40039101243019104,0.35131171345710754,10515200
1997-02-06,0.3984380066394806,0.40039101243019104,0.3984380066394806,0.40039101243019104,0.35131171345710754,10054400
1997-02-07,0.3984380066394806,0.3984380066394806,0.39648398756980896,0.3984380066394806,0.34959813952445984,35257600
1997-02-10,0.3984380066394806,0.3984380066394806,0.39648398756980896,0.39648398756980896,0.3478836417198181,33196800
1997-02-11,0.39648398756980896,0.39648398756980896,0.3945310115814209,0.3945310115814209,0.3461700975894928,24096000
1997-02-12,0.3945310115814209,0.39648398756980896,0.3945310115814209,0.3945310115814209,0.3461700975894928,14316800
1997-02-13,0.39648398756980896,0.39648398756980896,0.3945310115814209,0.39648398756980896,0.3478836417198181,7360000
1997-02-14,0.39648398756980896,0.39648398756980896,0.3945310115814209,0.39648398756980896,0.3478836417198181,7270400
1997-02-18,0.39648398756980896,0.39648398756980896,0.39648398756980896,0.39648398756980896,0.3478836417198181,1676800
1997-02-19,0.39648398756980896,0.39648398756980896,0.39648398756980896,0.39648398756980896,0.3478836417198181,5241600
1997-02-20,0.39648398756980896,0.3984380066394806,0.3945310115814209,0.3945310115814209,0.3461700975894928,34304000
1997-02-21,0.39648398756980896,0.39648398756980896,0.3945310115814209,0.39648398756980896,0.3478836417198181,6956800
1997-02-24,0.3984380066394806,0.3984380066394806,0.3945310115814209,0.3945310115814209,0.3461700975894928,11468800
1997-02-25,0.3945310115814209,0.3984380066394806,0.3945310115814209,0.39648398756980896,0.3478836417198181,1811200
1997-02-26,0.39648398756980896,0.39648398756980896,0.3945310115814209,0.39648398756980896,0.3478836417198181,4377600
1997-02-27,0.39648398756980896,0.39648398756980896,0.3945310115814209,0.39648398756980896,0.3478836417198181,7116800
1997-02-28,0.3984380066394806,0.3984380066394806,0.39648398756980896,0.3984380066394806,0.34959813952445984,8921600
1997-03-03,0.40039101243019104,0.40039101243019104,0.39648398756980896,0.39648398756980896,0.3478836417198181,12307200
1997-03-04,0.39648398756980896,0.3984380066394806,0.39648398756980896,0.39648398756980896,0.3478836417198181,29817600
1997-03-05,0.39648398756980896,0.3984380066394806,0.39648398756980896,0.39648398756980896,0.3478836417198181,19980800
1997-03-06,0.39648398756980896,0.3984380066394806,0.39648398756980896,0.39648398756980896,0.3478836417198181,4883200
1997-03-07,0.39648398756980896,0.3984380066394806,0.39648398756980896,0.39648398756980896,0.3478836417198181,41312000
1997-03-10,0.3984380066394806,0.40039101243019104,0.39648398756980896,0.3984380066394806,0.34959813952445984,11872000
1997-03-11,0.39648398756980896,0.3984380066394806,0.39648398756980896,0.39648398756980896,0.3478836417198181,10630400
1997-03-12,0.3984380066394806,0.3984380066394806,0.39648398756980896,0.39648398756980896,0.3478836417198181,11532800
1997-03-13,0.39648398756980896,0.3984380066394806,0.39648398756980896,0.39648398756980896,0.3478836417198181,7379200
1997-03-14,0.39648398756980896,0.39648398756980896,0.39648398756980896,0.39648398756980896,0.3478836417198181,9484800
1997-03-17,0.3984380066394806,0.3984380066394806,0.3945310115814209,0.39648398756980896,0.3478836417198181,11468800
1997-03-18,0.3984380066394806,0.3984380066394806,0.39257800579071045,0.3935549855232239,0.3453137278556824,25664000
1997-03-19,0.3945310115814209,0.39648398756980896,0.3945310115814209,0.39648398756980896,0.3478836417198181,15680000
1997-03-20,0.39648398756980896,0.39648398756980896,0.39257800579071045,0.3945310115814209,0.3461700975894928,16812800
1997-03-21,0.39257800579071045,0.39648398756980896,0.39257800579071045,0.39257800579071045,0.3444565236568451,25344000
1997-03-24,0.39257800579071045,0.3945310115814209,0.39257800579071045,0.3945310115814209,0.3461700975894928,8614400
1997-03-25,0.39257800579071045,0.3945310115814209,0.39257800579071045,0.3945310115814209,0.3461700975894928,17587200
1997-03-26,0.3945310115814209,0.3984380066394806,0.3945310115814209,0.39648398756980896,0.3478836417198181,2912000
1997-03-27,0.39648398756980896,0.39648398756980896,0.39257800579071045,0.39257800579071045,0.3444565236568451,3219200
1997-03-31,0.39257800579071045,0.39257800579071045,0.390625,0.390625,0.3427428603172302,8121600
1997-04-01,0.390625,0.390625,0.390625,0.390625,0.3427428603172302,9100800
1997-04-02,0.390625,0.39257800579071045,0.38867199420928955,0.38867199420928955,0.3410291373729706,10099200
1997-04-03,0.38867199420928955,0.390625,0.3867189884185791,0.3867189884185791,0.3393154740333557,10848000
1997-04-04,0.38476601243019104,0.38867199420928955,0.38476601243019104,0.3867189884185791,0.3393154740333557,4768000
1997-04-07,0.3867189884185791,0.3945310115814209,0.3867189884185791,0.39257800579071045,0.3444565236568451,5529600
1997-04-08,0.39257800579071045,0.39257800579071045,0.390625,0.390625,0.3427428603172302,10163200
1997-04-09,0.390625,0.390625,0.38867199420928955,0.38867199420928955,0.3410291373729706,6176000
1997-04-10,0.38867199420928955,0.38867199420928955,0.3867189884185791,0.38867199420928955,0.3410291373729706,1939200
1997-04-11,0.3867189884185791,0.3867189884185791,0.3828130066394806,0.38476601243019104,0.3376019597053528,6796800
1997-04-14,0.3828130066394806,0.3828130066394806,0.359375,0.37695300579071045,0.3307468593120575,16128000
1997-04-15,0.3828130066394806,0.3945310115814209,0.3828130066394806,0.38867199420928955,0.3410291373729706,44268800
1997-04-16,0.39257800579071045,0.3945310115814209,0.39257800579071045,0.39257800579071045,0.3444565236568451,8659200
1997-04-17,0.39257800579071045,0.39257800579071045,0.39257800579071045,0.39257800579071045,0.3444565236568451,6931200
1997-04-18,0.39257800579071045,0.3945310115814209,0.390625,0.39257800579071045,0.3444565236568451,12697600
1997-04-21,0.39257800579071045,0.39257800579071045,0.39257800579071045,0.39257800579071045,0.3444565236568451,3654400
1997-04-22,0.39257800579071045,0.39257800579071045,0.390625,0.39257800579071045,0.3444565236568451,4211200
1997-04-23,0.39257800579071045,0.3945310115814209,0.39257800579071045,0.39257800579071045,0.3444565236568451,2329600
1997-04-24,0.39257800579071045,0.39648398756980896,0.39257800579071045,0.3945310115814209,0.3461700975894928,7987200
1997-04-25,0.39648398756980896,0.3984380066394806,0.3945310115814209,0.39648398756980896,0.3478836417198181,1043200
1997-04-28,0.3984380066394806,0.3984380066394806,0.39648398756980896,0.39648398756980896,0.3478836417198181,1888000
1997-04-29,0.39648398756980896,0.3984380066394806,0.39648398756980896,0.39648398756980896,0.3478836417198181,17504000
1997-04-30,0.3984380066394806,0.3984380066394806,0.39648398756980896,0.39648398756980896,0.3478836417198181,56908800
1997-05-01,0.3984380066394806,0.3984380066394806,0.39648398756980896,0.39648398756980896,0.3478836417198181,26572800
1997-05-02,0.3984380066394806,0.40039101243019104,0.3984380066394806,0.3984380066394806,0.34959813952445984,133216000
1997-05-05,0.40039101243019104,0.40429699420928955,0.40039101243019104,0.4023439884185791,0.3530253767967224,9299200
1997-05-06,0.40039101243019104,0.4023439884185791,0.40039101243019104,0.40039101243019104,0.35131171345710754,9203200
1997-05-07,0.40039101243019104,0.40039101243019104,0.3984380066394806,0.3984380066394806,0.34959813952445984,7302400
1997-05-08,0.40039101243019104,0.40039101243019104,0.3984380066394806,0.3984380066394806,0.34959813952445984,11609600
1997-05-09,0.40039101243019104,0.4023439884185791,0.3984380066394806,0.4023439884185791,0.3530253767967224,12947200
1997-05-12,0.4023439884185791,0.40429699420928955,0.4023439884185791,0.40429699420928955,0.35473889112472534,14624000
1997-05-13,0.4023439884185791,0.40429699420928955,0.4023439884185791,0.40429699420928955,0.35473889112472534,52128000
1997-05-14,0.40429699420928955,0.40625,0.40429699420928955,0.40625,0.3564525842666626,20300800
1997-05-15,0.40429699420928955,0.40625,0.40429699420928955,0.40625,0.3564525842666626,1376000
1997-05-16,0.40429699420928955,0.40625,0.40429699420928955,0.40625,0.3564525842666626,3660800
1997-05-19,0.40625,0.4453130066394806,0.40625,0.43945300579071045,0.3855855464935303,14016000
1997-05-20,0.43945300579071045,0.43945300579071045,0.43164101243019104,0.43164101243019104,0.3787311613559723,3046400
1997-05-21,0.4335939884185791,0.43554699420928955,0.43164101243019104,0.43554699420928955,0.38215845823287964,4179200
1997-05-22,0.4335939884185791,0.43554699420928955,0.4257810115814209,0.4296880066394806,0.37701743841171265,3315200
1997-05-23,0.421875,0.42382800579071045,0.4179689884185791,0.421875,0.37016236782073975,4736000
1997-05-27,0.421875,0.43164101243019104,0.41992199420928955,0.43164101243019104,0.3787311613559723,2739200
1997-05-28,0.4335939884185791,0.43554699420928955,0.43164101243019104,0.4335939884185791,0.3804447054862976,1459200
1997-05-29,0.4335939884185791,0.4375,0.4335939884185791,0.4375,0.3838718831539154,2483200
1997-05-30,0.4375,0.4375,0.43554699420928955,0.43554699420928955,0.38215845823287964,428800
1997-06-02,0.43554699420928955,0.4375,0.43164101243019104,0.4375,0.3838718831539154,1388800
1997-06-03,0.4375,0.43945300579071045,0.43554699420928955,0.4375,0.3838718831539154,492800
1997-06-04,0.4375,0.4375,0.43554699420928955,0.4375,0.3838718831539154,198400
1997-06-05,0.4375,0.4414060115814209,0.43554699420928955,0.4414060115814209,0.387299120426178,665600
1997-06-06,0.43945300579071045,0.4414060115814209,0.43945300579071045,0.4414060115814209,0.387299120426178,185600
1997-06-09,0.44335898756980896,0.44335898756980896,0.4414060115814209,0.4414060115814209,0.387299120426178,1158400
1997-06-10,0.44335898756980896,0.45898398756980896,0.44335898756980896,0.4570310115814209,0.4010089635848999,9510400
1997-06-11,0.46289101243019104,0.47070300579071045,0.45898398756980896,0.47070300579071045,0.41300493478775024,3353600
1997-06-12,0.4726560115814209,0.4765630066394806,0.4726560115814209,0.4765630066394806,0.41814664006233215,1625600
1997-06-13,0.4765630066394806,0.4804689884185791,0.4765630066394806,0.4804689884185791,0.4215739369392395,2649600
1997-06-16,0.4804689884185791,0.4804689884185791,0.4726560115814209,0.4726560115814209,0.4147186279296875,851200
1997-06-17,0.4765630066394806,0.47851601243019104,0.4726560115814209,0.4765630066394806,0.41814664006233215,480000
1997-06-18,0.4726560115814209,0.4765630066394806,0.4726560115814209,0.4765630066394806,0.41814664006233215,3129600
1997-06-19,0.47460898756980896,0.4804689884185791,0.47460898756980896,0.4804689884185791,0.4215739369392395,4460800
1997-06-20,0.4804689884185791,0.4960939884185791,0.4804689884185791,0.4960939884185791,0.4352836310863495,691200
1997-06-23,0.4921880066394806,0.49804699420928955,0.4882810115814209,0.49804699420928955,0.4369972050189972,2182400
1997-06-24,0.49804699420928955,0.5097659826278687,0.49804699420928955,0.5097659826278687,0.4472797214984894,416000
1997-06-25,0.5117189884185791,0.5292969942092896,0.5117189884185791,0.5292969942092896,0.46441665291786194,864000
1997-06-26,0.5332030057907104,0.546875,0.53125,0.546875,0.47983992099761963,4396800
1997-06-27,0.5488280057907104,0.5527340173721313,0.5488280057907104,0.5527340173721313,0.48498082160949707,2406400
1997-06-30,0.5683590173721313,0.609375,0.5664060115814209,0.6074219942092896,0.5329653024673462,6163200
1997-07-01,0.6035159826278687,0.6484379768371582,0.6015629768371582,0.6376950144767761,0.5595276951789856,2604800
1997-07-02,0.6376950144767761,0.6376950144767761,0.6240230202674866,0.6240230202674866,0.5475313067436218,1779200
1997-07-03,0.6289060115814209,0.6328129768371582,0.6269530057907104,0.6308590173721313,0.5535295009613037,1542400
1997-07-07,0.6308590173721313,0.6386719942092896,0.6289060115814209,0.6386719942092896,0.5603846311569214,1644800
1997-07-08,0.6386719942092896,0.6601560115814209,0.6376950144767761,0.6601560115814209,0.5792354345321655,1478400
1997-07-09,0.6601560115814209,0.6601560115814209,0.6542969942092896,0.6582030057907104,0.5775217413902283,1190400
1997-07-10,0.6582030057907104,0.6582030057907104,0.6523439884185791,0.6523439884185791,0.5723806619644165,2572800
1997-07-11,0.6484379768371582,0.65625,0.6484379768371582,0.65625,0.5758078098297119,403200
1997-07-14,0.6621090173721313,0.6845700144767761,0.6621090173721313,0.671875,0.5895175933837891,4198400
1997-07-15,0.671875,0.6757810115814209,0.6689450144767761,0.6757810115814209,0.5929449200630188,1856000
1997-07-16,0.6757810115814209,0.6796879768371582,0.6757810115814209,0.6796879768371582,0.5963727235794067,1868800
1997-07-17,0.6777340173721313,0.6777340173721313,0.6660159826278687,0.6660159826278687,0.5843766927719116,1702400
1997-07-18,0.6640629768371582,0.6640629768371582,0.6484379768371582,0.6523439884185791,0.5723806619644165,940800
1997-07-21,0.6513670086860657,0.6513670086860657,0.6328129768371582,0.6347659826278687,0.5569575428962708,985600
1997-07-22,0.6347659826278687,0.6347659826278687,0.6347659826278687,0.6347659826278687,0.5569575428962708,108800
1997-07-23,0.6347659826278687,0.6347659826278687,0.6328129768371582,0.6337890028953552,0.5561000108718872,691200
1997-07-24,0.6337890028953552,0.6347659826278687,0.6318359971046448,0.6347659826278687,0.5569575428962708,812800
1997-07-25,0.6347659826278687,0.6367189884185791,0.6337890028953552,0.6347659826278687,0.5569575428962708,166400
1997-07-28,0.6308590173721313,0.6328129768371582,0.6308590173721313,0.6318359971046448,0.5543864369392395,115200
1997-07-29,0.6318359971046448,0.6318359971046448,0.6298829913139343,0.6298829913139343,0.5526729226112366,288000
1997-07-30,0.6328129768371582,0.6328129768371582,0.6328129768371582,0.6328129768371582,0.5552437901496887,300800
1997-07-31,0.6337890028953552,0.6494140028953552,0.6337890028953552,0.6494140028953552,0.5698098540306091,268800
1997-08-01,0.6523439884185791,0.6621090173721313,0.6435549855232239,0.6621090173721313,0.5809487104415894,748800
1997-08-04,0.6582030057907104,0.6582030057907104,0.6552730202674866,0.6552730202674866,0.5749505758285522,512000
1997-08-05,0.65625,0.6640629768371582,0.6542969942092896,0.6640629768371582,0.5826635956764221,384000
1997-08-06,0.6640629768371582,0.6669920086860657,0.6640629768371582,0.6669920086860657,0.5852332711219788,153600
1997-08-07,0.6669920086860657,0.6777340173721313,0.6669920086860657,0.6757810115814209,0.5929449200630188,153600
1997-08-08,0.6728519797325134,0.6728519797325134,0.65625,0.6572269797325134,0.5766651034355164,838400
1997-08-11,0.6542969942092896,0.6542969942092896,0.6503909826278687,0.6503909826278687,0.5706672072410583,1209600
1997-08-12,0.6523439884185791,0.6523439884185791,0.6484379768371582,0.6484379768371582,0.5689533948898315,115200
1997-08-13,0.6484379768371582,0.6484379768371582,0.6435549855232239,0.6435549855232239,0.5646691918373108,64000
1997-08-14,0.6416019797325134,0.6425780057907104,0.6396480202674866,0.6396480202674866,0.561241090297699,480000
1997-08-15,0.6396480202674866,0.6396480202674866,0.6357420086860657,0.6357420086860657,0.5578139424324036,345600
1997-08-18,0.6318359971046448,0.6318359971046448,0.6240230202674866,0.6240230202674866,0.5475313067436218,288000
1997-08-19,0.6240230202674866,0.6240230202674866,0.6220700144767761,0.6220700144767761,0.5458179712295532,121600
1997-08-20,0.625,0.625,0.6240230202674866,0.6240230202674866,0.5475313067436218,793600
1997-08-21,0.625,0.625,0.6230469942092896,0.625,0.5483884811401367,627200
1997-08-22,0.625,0.625,0.6230469942092896,0.6240230202674866,0.5475313067436218,364800
1997-08-25,0.6240230202674866,0.6240230202674866,0.6230469942092896,0.6230469942092896,0.5466749668121338,70400
1997-08-26,0.625,0.625,0.6240230202674866,0.6240230202674866,0.5475313067436218,230400
1997-08-27,0.625,0.625,0.6210939884185791,0.6210939884185791,0.5449613928794861,108800
1997-08-28,0.6220700144767761,0.6230469942092896,0.6220700144767761,0.6230469942092896,0.5466749668121338,166400
1997-08-29,0.609375,0.6132810115814209,0.609375,0.6132810115814209,0.5381060838699341,1209600
1997-09-02,0.609375,0.6103519797325134,0.609375,0.6103519797325134,0.5355358123779297,544000
1997-09-03,0.6123049855232239,0.6123049855232239,0.6123049855232239,0.6123049855232239,0.5372498035430908,147200
1997-09-04,0.6123049855232239,0.6123049855232239,0.609375,0.6123049855232239,0.5372498035430908,179200
1997-09-05,0.6083980202674866,0.6230469942092896,0.6083980202674866,0.6230469942092896,0.5466749668121338,614400
1997-09-08,0.6230469942092896,0.6269530057907104,0.6230469942092896,0.6269530057907104,0.550102174282074,147200
1997-09-09,0.625,0.6328129768371582,0.625,0.6328129768371582,0.5552437901496887,313600
1997-09-10,0.6367189884185791,0.6386719942092896,0.6367189884185791,0.6386719942092896,0.5603846311569214,620800
1997-09-11,0.640625,0.6484379768371582,0.640625,0.6484379768371582,0.5689533948898315,172800
1997-09-12,0.6484379768371582,0.6552730202674866,0.6484379768371582,0.6552730202674866,0.5749505758285522,243200
1997-09-15,0.6542969942092896,0.6542969942092896,0.6542969942092896,0.6542969942092896,0.574094295501709,576000
1997-09-16,0.6542969942092896,0.6601560115814209,0.6542969942092896,0.6601560115814209,0.5792354345321655,115200
1997-09-17,0.6611329913139343,0.6611329913139343,0.65625,0.65625,0.5758078098297119,89600
1997-09-18,0.6582030057907104,0.6591799855232239,0.6582030057907104,0.6591799855232239,0.5783786773681641,83200
1997-09-19,0.6552730202674866,0.6552730202674866,0.6503909826278687,0.6542969942092896,0.574094295501709,384000
1997-09-22,0.6513670086860657,0.6669920086860657,0.6513670086860657,0.6669920086860657,0.5852332711219788,1222400
1997-09-23,0.6669920086860657,0.6777340173721313,0.6669920086860657,0.6777340173721313,0.5946584343910217,249600
1997-09-24,0.6777340173721313,0.6796879768371582,0.6767579913139343,0.6796879768371582,0.5963727235794067,492800
1997-09-25,0.6796879768371582,0.6796879768371582,0.6796879768371582,0.6796879768371582,0.5963727235794067,0
1997-09-26,0.6796879768371582,0.6796879768371582,0.6796879768371582,0.6796879768371582,0.5963727235794067,19200
1997-09-29,0.6757810115814209,0.6757810115814209,0.6757810115814209,0.6757810115814209,0.5929449200630188,44800
1997-09-30,0.6757810115814209,0.6767579913139343,0.6728519797325134,0.6738280057907104,0.5912313461303711,473600
1997-10-01,0.671875,0.6875,0.6699219942092896,0.6875,0.6032273173332214,1875200
1997-10-02,0.6875,0.6992189884185791,0.6875,0.6943359971046448,0.6092252731323242,377600
1997-10-03,0.6972659826278687,0.7109379768371582,0.6972659826278687,0.7070310115814209,0.6203643083572388,736000
1997-10-06,0.71875,0.734375,0.71875,0.7275390028953552,0.6383585929870605,1753600
1997-10-07,0.7773439884185791,0.7871090173721313,0.7773439884185791,0.7851560115814209,0.6889130473136902,3436800
1997-10-08,0.7822269797325134,0.7851560115814209,0.7753909826278687,0.7753909826278687,0.680344820022583,1056000
1997-10-09,0.7792969942092896,0.7802730202674866,0.7792969942092896,0.7802730202674866,0.6846283674240112,422400
1997-10-10,0.7822269797325134,0.7841799855232239,0.78125,0.7832030057907104,0.6871989965438843,684800
1997-10-13,0.7841799855232239,0.7841799855232239,0.7783200144767761,0.7792969942092896,0.6837722063064575,428800
1997-10-14,0.7802730202674866,0.7802730202674866,0.7763670086860657,0.7783200144767761,0.6829149127006531,352000
1997-10-15,0.7792969942092896,0.796875,0.7792969942092896,0.796875,0.699195384979248,723200
1997-10-16,0.796875,0.8125,0.796875,0.8125,0.7129051685333252,2835200
1997-10-17,0.8085939884185791,0.84375,0.8085939884185791,0.8320310115814209,0.7300420999526978,3257600
1997-10-20,0.84375,0.8486329913139343,0.8310549855232239,0.84375,0.7403247356414795,2022400
1997-10-21,0.8496090173721313,0.8828129768371582,0.8496090173721313,0.875,0.7677437663078308,2112000
1997-10-22,0.8789060115814209,0.8789060115814209,0.8652340173721313,0.8701170086860657,0.7634596228599548,716800
1997-10-23,0.8544920086860657,0.8613280057907104,0.8359379768371582,0.84375,0.7403247356414795,1843200
1997-10-24,0.8369140028953552,0.8369140028953552,0.8339840173721313,0.8339840173721313,0.7317556738853455,102400
1997-10-27,0.828125,0.828125,0.7910159826278687,0.7910159826278687,0.6940544247627258,2067200
1997-10-28,0.765625,0.7861329913139343,0.7646480202674866,0.7861329913139343,0.6897701621055603,1497600
1997-10-29,0.7861329913139343,0.796875,0.7861329913139343,0.796875,0.699195384979248,1734400
1997-10-30,0.7958980202674866,0.796875,0.7910159826278687,0.7949219942092896,0.6974817514419556,1299200
1997-10-31,0.7958980202674866,0.8046879768371582,0.7958980202674866,0.8046879768371582,0.7060507535934448,1120000
1997-11-03,0.8105469942092896,0.8164060115814209,0.8105469942092896,0.8154299855232239,0.7154762148857117,2092800
1997-11-04,0.8154299855232239,0.8154299855232239,0.8125,0.8144530057907104,0.7146185636520386,249600
1997-11-05,0.8125,0.8144530057907104,0.8125,0.8144530057907104,0.7146185636520386,268800
1997-11-06,0.8144530057907104,0.828125,0.8134769797325134,0.8271480202674866,0.7257574796676636,870400
1997-11-07,0.8134769797325134,0.8134769797325134,0.8046879768371582,0.8046879768371582,0.7060507535934448,723200
1997-11-10,0.8046879768371582,0.8046879768371582,0.7919920086860657,0.7929689884185791,0.6957681775093079,377600
1997-11-11,0.7929689884185791,0.7949219942092896,0.7705079913139343,0.7705079913139343,0.6760602593421936,800000
1997-11-12,0.7705079913139343,0.7802730202674866,0.7705079913139343,0.7744140028953552,0.6794876456260681,672000
1997-11-13,0.7734379768371582,0.7753909826278687,0.765625,0.765625,0.6717761754989624,832000
1997-11-14,0.7675780057907104,0.7675780057907104,0.7597659826278687,0.7626950144767761,0.669205367565155,620800
1997-11-17,0.7607420086860657,0.7910159826278687,0.7607420086860657,0.7910159826278687,0.6940544247627258,544000
1997-11-18,0.7929689884185791,0.8105469942092896,0.7929689884185791,0.8017579913139343,0.7034798860549927,800000
1997-11-19,0.8027340173721313,0.8027340173721313,0.7978519797325134,0.7978519797325134,0.7000525593757629,243200
1997-11-20,0.7939450144767761,0.8310549855232239,0.7910159826278687,0.8222659826278687,0.7214738130569458,806400
1997-11-21,0.828125,0.8320310115814209,0.8134769797325134,0.8134769797325134,0.713762104511261,486400
1997-11-24,0.8144530057907104,0.8144530057907104,0.7910159826278687,0.7939450144767761,0.6966244578361511,659200
1997-11-25,0.7939450144767761,0.7939450144767761,0.7900390028953552,0.7900390028953552,0.6931974291801453,57600
1997-11-26,0.7900390028953552,0.7900390028953552,0.7900390028953552,0.7900390028953552,0.6931974291801453,12800
1997-11-28,0.7919920086860657,0.7929689884185791,0.7919920086860657,0.7929689884185791,0.6957681775093079,115200
1997-12-01,0.7929689884185791,0.8007810115814209,0.7929689884185791,0.8007810115814209,0.7026225924491882,608000
1997-12-02,0.7949219942092896,0.8222659826278687,0.7949219942092896,0.8164060115814209,0.7163323760032654,806400
1997-12-03,0.8164060115814209,0.8251950144767761,0.8144530057907104,0.8251950144767761,0.7240440249443054,550400
1997-12-04,0.8212890028953552,0.8212890028953552,0.8125,0.8134769797325134,0.713762104511261,76800
1997-12-05,0.8125,0.8125,0.8105469942092896,0.8105469942092896,0.7111913561820984,128000
1997-12-08,0.8144530057907104,0.8164060115814209,0.8007810115814209,0.8007810115814209,0.7026225924491882,1043200
1997-12-09,0.8017579913139343,0.8125,0.8017579913139343,0.8125,0.7129051685333252,3104000
1997-12-10,0.8125,0.8125,0.8105469942092896,0.8115230202674866,0.712047815322876,358400
1997-12-11,0.8076170086860657,0.8076170086860657,0.78125,0.78125,0.6854857206344604,595200
1997-12-12,0.7822269797325134,0.7880859971046448,0.78125,0.7851560115814209,0.6889130473136902,172800
1997-12-15,0.78125,0.7851560115814209,0.7734379768371582,0.7744140028953552,0.6794876456260681,300800
1997-12-16,0.7773439884185791,0.7802730202674866,0.7744140028953552,0.7802730202674866,0.6846283674240112,537600
1997-12-17,0.7802730202674866,0.7822269797325134,0.7802730202674866,0.7822269797325134,0.6863428354263306,83200
1997-12-18,0.7832030057907104,0.7861329913139343,0.7832030057907104,0.7851560115814209,0.6889130473136902,371200
1997-12-19,0.78125,0.8125,0.78125,0.8125,0.7129051685333252,1331200
1997-12-22,0.8125,0.8320310115814209,0.8125,0.8320310115814209,0.7300420999526978,1120000
1997-12-23,0.8330079913139343,0.8476560115814209,0.8330079913139343,0.8457030057907104,0.7420384287834167,710400
1997-12-24,0.8496090173721313,0.859375,0.8496090173721313,0.859375,0.7540341019630432,300800
1997-12-26,0.8554689884185791,0.859375,0.8554689884185791,0.8564450144767761,0.7514635324478149,531200
1997-12-29,0.8574219942092896,0.8671879768371582,0.8574219942092896,0.8671879768371582,0.7608894109725952,678400
1997-12-30,0.8671879768371582,0.8720700144767761,0.8652340173721313,0.8710939884185791,0.7643169164657593,928000
1997-12-31,0.875,0.8847659826278687,0.8691409826278687,0.8701170086860657,0.7634596228599548,499200
1998-01-02,0.8720700144767761,0.875,0.8710939884185791,0.875,0.7677437663078308,2387200
1998-01-05,0.875,0.875,0.8730469942092896,0.8730469942092896,0.7660304307937622,710400
1998-01-06,0.8701170086860657,0.8701170086860657,0.859375,0.859375,0.7540341019630432,2438400
1998-01-07,0.8603519797325134,0.8603519797325134,0.8554689884185791,0.8554689884185791,0.7506069540977478,262400
1998-01-08,0.8554689884185791,0.8554689884185791,0.8515629768371582,0.8515629768371582,0.7471799850463867,185600
1998-01-09,0.8496090173721313,0.8496090173721313,0.84375,0.8457030057907104,0.7420384287834167,1369600
1998-01-12,0.8457030057907104,0.8457030057907104,0.8378909826278687,0.8388670086860657,0.7360402345657349,1043200
1998-01-13,0.8369140028953552,0.8369140028953552,0.8242189884185791,0.8320310115814209,0.7300420999526978,1152000
1998-01-14,0.8339840173721313,0.8496090173721313,0.8320310115814209,0.8496090173721313,0.7454655170440674,1478400
1998-01-15,0.875,0.875,0.8691409826278687,0.8701170086860657,0.7634596228599548,1331200
1998-01-16,0.8701170086860657,0.875,0.8554689884185791,0.8554689884185791,0.7506069540977478,883200
1998-01-20,0.8554689884185791,0.8671879768371582,0.8554689884185791,0.8662109971046448,0.7600327134132385,755200
1998-01-21,0.8662109971046448,0.9003909826278687,0.8632810115814209,0.8955079913139343,0.7857381105422974,1600000
1998-01-22,0.8955079913139343,0.90625,0.8945310115814209,0.90625,0.7951635122299194,1305600
1998-01-23,0.90625,0.921875,0.9013670086860657,0.9013670086860657,0.7908790707588196,1081600
1998-01-26,0.9023439884185791,0.9023439884185791,0.8886719942092896,0.8925780057907104,0.78316730260849,1113600
1998-01-27,0.8886719942092896,0.8886719942092896,0.8837890028953552,0.8847659826278687,0.7763127088546753,1184000
1998-01-28,0.8847659826278687,0.8847659826278687,0.8652340173721313,0.8652340173721313,0.7591753005981445,1164800
1998-01-29,0.8652340173721313,0.8652340173721313,0.859375,0.859375,0.7540341019630432,448000
1998-01-30,0.859375,0.859375,0.8378909826278687,0.8378909826278687,0.7351838946342468,857600
1998-02-02,0.8388670086860657,0.8457030057907104,0.8349609971046448,0.8457030057907104,0.7420384287834167,2617600
1998-02-03,0.8457030057907104,0.8867189884185791,0.8457030057907104,0.8867189884185791,0.7780263423919678,1171200
1998-02-04,0.9179689884185791,0.9257810115814209,0.9111329913139343,0.9228519797325134,0.8097303509712219,1625600
1998-02-05,0.9189450144767761,0.9189450144767761,0.9121090173721313,0.9150390028953552,0.8028751611709595,1216000
1998-02-06,0.9150390028953552,0.9150390028953552,0.9150390028953552,0.9150390028953552,0.8028751611709595,339200
1998-02-09,0.9130859971046448,0.9228519797325134,0.9101560115814209,0.9228519797325134,0.8097303509712219,672000
1998-02-10,0.9267579913139343,0.9306640028953552,0.9267579913139343,0.9306640028953552,0.8165847659111023,345600
1998-02-11,0.9306640028953552,0.9423829913139343,0.9306640028953552,0.9365230202674866,0.8217258453369141,236800
1998-02-12,0.9355469942092896,0.9423829913139343,0.9355469942092896,0.9423829913139343,0.826867401599884,102400
1998-02-13,0.9462890028953552,0.9599609971046448,0.9462890028953552,0.9580079913139343,0.8405770063400269,204800
1998-02-17,0.9560549855232239,0.9560549855232239,0.9482420086860657,0.9511719942092896,0.8345788717269897,576000
1998-02-18,0.9521480202674866,0.9560549855232239,0.9521480202674866,0.9560549855232239,0.8388633728027344,268800
1998-02-19,0.9521480202674866,0.9521480202674866,0.9472659826278687,0.9472659826278687,0.8311514854431152,454400
1998-02-20,0.9433590173721313,0.9453129768371582,0.9433590173721313,0.9443359971046448,0.8285808563232422,160000
1998-02-23,0.9414060115814209,0.96875,0.9414060115814209,0.96875,0.8500024080276489,864000
1998-02-24,0.9648439884185791,0.9648439884185791,0.9619140028953552,0.9628909826278687,0.8448614478111267,243200
1998-02-25,0.9628909826278687,0.96875,0.9628909826278687,0.9667969942092896,0.8482887148857117,876800
1998-02-26,0.9667969942092896,0.9755859971046448,0.9667969942092896,0.9736329913139343,0.8542866706848145,166400
1998-02-27,0.9746090173721313,0.9794920086860657,0.9707030057907104,0.9794920086860657,0.8594273924827576,1254400
1998-03-02,0.9775390028953552,0.9804689884185791,0.9775390028953552,0.9794920086860657,0.8594273924827576,1062400
1998-03-03,0.9794920086860657,0.9794920086860657,0.9726560115814209,0.9736329913139343,0.8542866706848145,185600
1998-03-04,0.9775390028953552,0.9804689884185791,0.9746090173721313,0.9785159826278687,0.8585711717605591,595200
1998-03-05,0.9746090173721313,0.9775390028953552,0.9736329913139343,0.9775390028953552,0.8577138781547546,364800
1998-03-06,0.9804689884185791,1.0,0.9804689884185791,1.0,0.8774216175079346,1184000
1998-03-09,0.96875,0.984375,0.9609379768371582,0.9804689884185791,0.8602851629257202,3347200
1998-03-10,0.9824219942092896,0.9824219942092896,0.9628909826278687,0.9628909826278687,0.8448614478111267,761600
1998-03-11,0.9609379768371582,0.9628909826278687,0.9472659826278687,0.9550780057907104,0.8380060791969299,576000
1998-03-12,0.9501950144767761,0.9501950144767761,0.9462890028953552,0.9462890028953552,0.8302944302558899,364800
1998-03-13,0.9443359971046448,0.9443359971046448,0.9316409826278687,0.9316409826278687,0.8174418210983276,339200
1998-03-16,0.9296879768371582,0.9707030057907104,0.9296879768371582,0.9667969942092896,0.8482887148857117,972800
1998-03-17,0.9667969942092896,0.9677730202674866,0.9667969942092896,0.9667969942092896,0.8482887148857117,134400
1998-03-18,0.9667969942092896,0.9677730202674866,0.9648439884185791,0.9648439884185791,0.846575140953064,416000
1998-03-19,0.9648439884185791,0.9648439884185791,0.9257810115814209,0.9267579913139343,0.8131576180458069,2118400
1998-03-20,0.9228519797325134,0.9248049855232239,0.9199219942092896,0.9199219942092896,0.8071595430374146,518400
1998-03-23,0.9189450144767761,0.921875,0.9160159826278687,0.9160159826278687,0.8037320971488953,217600
1998-03-24,0.9150390028953552,0.9169920086860657,0.9150390028953552,0.9169920086860657,0.8045884370803833,172800
1998-03-25,0.9179689884185791,0.9257810115814209,0.9179689884185791,0.9257810115814209,0.8123003840446472,691200
1998-03-26,0.9277340173721313,0.9277340173721313,0.9179689884185791,0.9179689884185791,0.8054458498954773,396800
1998-03-27,0.9179689884185791,0.9179689884185791,0.9179689884185791,0.9179689884185791,0.8054458498954773,0
1998-03-30,0.9169920086860657,0.9169920086860657,0.9003909826278687,0.9003909826278687,0.7900223731994629,441600
1998-03-31,0.8984379768371582,0.9013670086860657,0.8945310115814209,0.9013670086860657,0.7908790707588196,320000
1998-04-01,0.8984379768371582,0.9208980202674866,0.8955079913139343,0.9140629768371582,0.8020187020301819,857600
1998-04-02,0.9140629768371582,0.9160159826278687,0.9111329913139343,0.9111329913139343,0.7994478344917297,224000
1998-04-03,0.9072269797325134,0.9082030057907104,0.8945310115814209,0.8945310115814209,0.7848809361457825,1196800
1998-04-06,0.8945310115814209,0.8945310115814209,0.8847659826278687,0.8847659826278687,0.7763127088546753,224000
1998-04-07,0.8886719942092896,0.9052730202674866,0.8886719942092896,0.9013670086860657,0.7908790707588196,2137600
1998-04-08,0.9013670086860657,0.9101560115814209,0.8984379768371582,0.9042969942092896,0.7934496402740479,1683200
1998-04-09,0.9179689884185791,0.9179689884185791,0.90625,0.9160159826278687,0.8037320971488953,1363200
1998-04-13,0.9189450144767761,0.9199219942092896,0.9160159826278687,0.9160159826278687,0.8037320971488953,230400
1998-04-14,0.9160159826278687,0.9189450144767761,0.9160159826278687,0.9189450144767761,0.8063023686408997,89600
1998-04-15,0.921875,0.9345700144767761,0.921875,0.9316409826278687,0.8174418210983276,652800
1998-04-16,0.9326170086860657,0.9433590173721313,0.9326170086860657,0.9433590173721313,0.8277238607406616,2105600
1998-04-17,0.9433590173721313,0.9433590173721313,0.9384769797325134,0.9384769797325134,0.8234399557113647,140800
1998-04-20,0.9394530057907104,0.9423829913139343,0.9394530057907104,0.9414060115814209,0.8260098695755005,1632000
1998-04-21,0.9414060115814209,0.953125,0.9404299855232239,0.953125,0.8362924456596375,3692800
1998-04-22,0.953125,0.953125,0.9511719942092896,0.953125,0.8362924456596375,448000
1998-04-23,0.953125,0.953125,0.9521480202674866,0.9521480202674866,0.8354353308677673,96000
1998-04-24,0.9482420086860657,0.9482420086860657,0.9384769797325134,0.9394530057907104,0.8242965340614319,710400
1998-04-27,0.921875,0.921875,0.9130859971046448,0.921875,0.8088728785514832,384000
1998-04-28,0.9208980202674866,0.9208980202674866,0.9208980202674866,0.9208980202674866,0.808015763759613,57600
1998-04-29,0.921875,0.9375,0.921875,0.9355469942092896,0.8208691477775574,422400
1998-04-30,0.9375,0.9628909826278687,0.9375,0.9628909826278687,0.8448614478111267,851200
1998-05-01,0.9628909826278687,0.9628909826278687,0.9570310115814209,0.9580079913139343,0.8405770063400269,435200
1998-05-04,0.9580079913139343,0.9580079913139343,0.953125,0.953125,0.8362924456596375,358400
1998-05-05,0.9492189884185791,0.9492189884185791,0.9375,0.9375,0.8225828409194946,454400
1998-05-06,0.9375,0.9384769797325134,0.9345700144767761,0.9365230202674866,0.8217258453369141,185600
1998-05-07,0.9365230202674866,0.9365230202674866,0.9306640028953552,0.9306640028953552,0.8165847659111023,70400
1998-05-08,0.9306640028953552,0.9326170086860657,0.9296879768371582,0.9326170086860657,0.8182982802391052,115200
1998-05-11,0.9296879768371582,0.9355469942092896,0.9238280057907104,0.9355469942092896,0.8208691477775574,256000
1998-05-12,0.9345700144767761,0.9345700144767761,0.921875,0.921875,0.8088728785514832,96000
1998-05-13,0.921875,0.9238280057907104,0.9121090173721313,0.9121090173721313,0.8003044128417969,345600
1998-05-14,0.90625,0.90625,0.8994140028953552,0.8994140028953552,0.7891653180122375,128000
1998-05-15,0.8974609971046448,0.9140629768371582,0.8974609971046448,0.9082030057907104,0.7968770265579224,896000
1998-05-18,0.90625,0.90625,0.8876950144767761,0.8886719942092896,0.7797398567199707,428800
1998-05-19,0.8886719942092896,0.8916019797325134,0.8867189884185791,0.8916019797325134,0.7823107242584229,659200
1998-05-20,0.8955079913139343,0.8984379768371582,0.8945310115814209,0.8945310115814209,0.7848809361457825,172800
1998-05-21,0.8935549855232239,0.8935549855232239,0.8935549855232239,0.8935549855232239,0.7840245366096497,19200
1998-05-22,0.8945310115814209,0.8945310115814209,0.8837890028953552,0.8837890028953552,0.77545565366745,288000
1998-05-26,0.8789060115814209,0.8789060115814209,0.8378909826278687,0.8515629768371582,0.7471799850463867,1350400
1998-05-27,0.8505859971046448,0.8515629768371582,0.8486329913139343,0.8505859971046448,0.7463226318359375,1299200
1998-05-28,0.8515629768371582,0.8515629768371582,0.8505859971046448,0.8515629768371582,0.7471799850463867,76800
1998-05-29,0.8544920086860657,0.8564450144767761,0.8496090173721313,0.8496090173721313,0.7454655170440674,172800
1998-06-01,0.8496090173721313,0.8496090173721313,0.8359379768371582,0.8359379768371582,0.7334699034690857,601600
1998-06-02,0.8369140028953552,0.8369140028953552,0.8261719942092896,0.8261719942092896,0.7249011993408203,531200
1998-06-03,0.8261719942092896,0.8261719942092896,0.8183590173721313,0.8193359971046448,0.718903124332428,128000
1998-06-04,0.8173829913139343,0.8183590173721313,0.8173829913139343,0.8183590173721313,0.7180461883544922,32000
1998-06-05,0.8173829913139343,0.8232420086860657,0.8164060115814209,0.8232420086860657,0.7223304510116577,364800
1998-06-08,0.8261719942092896,0.84375,0.8261719942092896,0.8398439884185791,0.7368972301483154,601600
1998-06-09,0.8398439884185791,0.8408200144767761,0.8339840173721313,0.8339840173721313,0.7317556738853455,108800
1998-06-10,0.8300780057907104,0.8310549855232239,0.8222659826278687,0.8222659826278687,0.7214738130569458,704000
1998-06-11,0.8222659826278687,0.8222659826278687,0.796875,0.7988280057907104,0.7009089589118958,1369600
1998-06-12,0.7871090173721313,0.7949219942092896,0.7792969942092896,0.7949219942092896,0.6974817514419556,652800
1998-06-15,0.7929689884185791,0.7929689884185791,0.7441409826278687,0.7441409826278687,0.6529254913330078,2822400
1998-06-16,0.7480469942092896,0.7587890028953552,0.7480469942092896,0.7558590173721313,0.663206934928894,2054400
1998-06-17,0.7558590173721313,0.7675780057907104,0.7558590173721313,0.7636719942092896,0.6700623035430908,953600
1998-06-18,0.7578129768371582,0.7578129768371582,0.7216799855232239,0.734375,0.644356369972229,3488000
1998-06-19,0.7333980202674866,0.734375,0.7324219942092896,0.7333980202674866,0.6434993743896484,902400
1998-06-22,0.7304689884185791,0.7314450144767761,0.71875,0.71875,0.6306469440460205,505600
1998-06-23,0.71875,0.71875,0.7099609971046448,0.7099609971046448,0.6229352355003357,435200
1998-06-24,0.7060549855232239,0.7060549855232239,0.6992189884185791,0.7001950144767761,0.6143664121627808,844800
1998-06-25,0.6992189884185791,0.7021480202674866,0.6757810115814209,0.6757810115814209,0.5929449200630188,1280000
1998-06-26,0.6757810115814209,0.6757810115814209,0.6601560115814209,0.6611329913139343,0.5800923705101013,595200
1998-06-29,0.6601560115814209,0.6601560115814209,0.6591799855232239,0.6591799855232239,0.5783786773681641,224000
1998-06-30,0.6523439884185791,0.6523439884185791,0.609375,0.609375,0.5346788763999939,2995200
1998-07-01,0.609375,0.609375,0.5585939884185791,0.5673829913139343,0.49783414602279663,3539200
1998-07-02,0.5693359971046448,0.625,0.5693359971046448,0.6210939884185791,0.5449613928794861,2675200
1998-07-06,0.6191409826278687,0.6425780057907104,0.6191409826278687,0.6230469942092896,0.5466749668121338,1721600
1998-07-07,0.625,0.6347659826278687,0.625,0.6279299855232239,0.5509593486785889,569600
1998-07-08,0.6279299855232239,0.6308590173721313,0.6240230202674866,0.6240230202674866,0.5475313067436218,467200
1998-07-09,0.625,0.625,0.5800780057907104,0.5820310115814209,0.5106865763664246,2732800
1998-07-10,0.5830079913139343,0.5878909826278687,0.5830079913139343,0.5859379768371582,0.514114499092102,595200
1998-07-13,0.5878909826278687,0.5927730202674866,0.5849609971046448,0.5898439884185791,0.5175421237945557,518400
1998-07-14,0.5917969942092896,0.5996090173721313,0.5917969942092896,0.5996090173721313,0.5261099934577942,243200
1998-07-15,0.6015629768371582,0.6660159826278687,0.6015629768371582,0.6660159826278687,0.5843766927719116,1900800
1998-07-16,0.6660159826278687,0.6699219942092896,0.6523439884185791,0.6582030057907104,0.5775217413902283,1248000
1998-07-17,0.6621090173721313,0.671875,0.6591799855232239,0.6591799855232239,0.5783786773681641,838400
1998-07-20,0.6601560115814209,0.6699219942092896,0.6601560115814209,0.6660159826278687,0.5843766927719116,512000
1998-07-21,0.6679689884185791,0.6914060115814209,0.6679689884185791,0.6894530057907104,0.604941189289093,684800
1998-07-22,0.6875,0.6894530057907104,0.6796879768371582,0.6796879768371582,0.5963727235794067,249600
1998-07-23,0.6835939884185791,0.6835939884185791,0.6640629768371582,0.6640629768371582,0.5826635956764221,524800
1998-07-24,0.6650390028953552,0.6669920086860657,0.65625,0.65625,0.5758078098297119,371200
1998-07-27,0.6572269797325134,0.6572269797325134,0.6503909826278687,0.6503909826278687,0.5706672072410583,217600
1998-07-28,0.6513670086860657,0.6513670086860657,0.6425780057907104,0.6435549855232239,0.5646691918373108,704000
1998-07-29,0.6425780057907104,0.6435549855232239,0.6376950144767761,0.6396480202674866,0.561241090297699,1248000
1998-07-30,0.6401370167732239,0.640625,0.6396480202674866,0.640625,0.5620982646942139,787200
1998-07-31,0.640625,0.640625,0.6269530057907104,0.6269530057907104,0.550102174282074,2956800
1998-08-03,0.6269530057907104,0.6269530057907104,0.6191409826278687,0.6210939884185791,0.5449613928794861,1657600
1998-08-04,0.6201170086860657,0.6289060115814209,0.6152340173721313,0.625,0.5483884811401367,1798400
1998-08-05,0.6210939884185791,0.6210939884185791,0.6015629768371582,0.6025390028953552,0.5286808609962463,1670400
1998-08-06,0.5996090173721313,0.5996090173721313,0.5849609971046448,0.5859379768371582,0.514114499092102,588800
1998-08-07,0.5859379768371582,0.5859379768371582,0.5722659826278687,0.5722659826278687,0.5021185874938965,844800
1998-08-10,0.5732420086860657,0.5732420086860657,0.5712890028953552,0.5712890028953552,0.5012615323066711,1100800
1998-08-11,0.5683590173721313,0.5683590173721313,0.5576170086860657,0.5576170086860657,0.4892652630805969,236800
1998-08-12,0.5576170086860657,0.5576170086860657,0.5419920086860657,0.5419920086860657,0.475555419921875,524800
1998-08-13,0.5419920086860657,0.5419920086860657,0.53125,0.53125,0.4661302864551544,3872000
1998-08-14,0.5351560115814209,0.5556640028953552,0.5351560115814209,0.5380859971046448,0.47212815284729004,2163200
1998-08-17,0.5419920086860657,0.5644530057907104,0.5419920086860657,0.5576170086860657,0.4892652630805969,1376000
1998-08-18,0.5576170086860657,0.5576170086860657,0.5546879768371582,0.5546879768371582,0.48669499158859253,1843200
1998-08-19,0.5556640028953552,0.5556640028953552,0.5439450144767761,0.5439450144767761,0.47726908326148987,2796800
1998-08-20,0.5419920086860657,0.5419920086860657,0.5371090173721313,0.5390629768371582,0.4729853868484497,211200
1998-08-21,0.5351560115814209,0.5351560115814209,0.5175780057907104,0.5263670086860657,0.46184584498405457,1350400
1998-08-24,0.5224609971046448,0.5234379768371582,0.5117189884185791,0.5117189884185791,0.4489932656288147,480000
1998-08-25,0.515625,0.5234379768371582,0.4765630066394806,0.4804689884185791,0.4215739369392395,2438400
1998-08-26,0.4765630066394806,0.4804689884185791,0.4736329913139343,0.4794920086860657,0.42071664333343506,716800
1998-08-27,0.4804689884185791,0.5351560115814209,0.4804689884185791,0.5322269797325134,0.4669874906539917,2822400
1998-08-28,0.5332030057907104,0.5332030057907104,0.5195310115814209,0.5195310115814209,0.4558478593826294,582400
1998-08-31,0.4960939884185791,0.4960939884185791,0.4648439884185791,0.4658200144767761,0.4087204933166504,761600
1998-09-01,0.4619140028953552,0.4736329913139343,0.4580079913139343,0.4736329913139343,0.4155757427215576,1011200
1998-09-02,0.47460898756980896,0.4990229904651642,0.47460898756980896,0.49804699420928955,0.4369972050189972,652800
1998-09-03,0.49804699420928955,0.5039060115814209,0.49804699420928955,0.5,0.4387108087539673,339200
1998-09-04,0.5009769797325134,0.5009769797325134,0.4960939884185791,0.4970700144767761,0.43614012002944946,230400
1998-09-08,0.49804699420928955,0.5273439884185791,0.49804699420928955,0.5273439884185791,0.4627031981945038,1177600
1998-09-09,0.5263670086860657,0.5302730202674866,0.5263670086860657,0.5283200144767761,0.4635595679283142,793600
1998-09-10,0.5244140028953552,0.5244140028953552,0.5,0.5078129768371582,0.44556599855422974,1491200
1998-09-11,0.5107420086860657,0.5253909826278687,0.5107420086860657,0.5253909826278687,0.4609892666339874,857600
1998-09-14,0.5283200144767761,0.5341799855232239,0.5234379768371582,0.5234379768371582,0.4592757523059845,377600
1998-09-15,0.5234379768371582,0.5234379768371582,0.5126950144767761,0.515625,0.45242050290107727,288000
1998-09-16,0.515625,0.5166019797325134,0.49414101243019104,0.5097659826278687,0.4472797214984894,665600
1998-09-17,0.5058590173721313,0.5058590173721313,0.48632800579071045,0.4921880066394806,0.4318564534187317,243200
1998-09-18,0.5117189884185791,0.5214840173721313,0.5107420086860657,0.5214840173721313,0.45756134390830994,812800
1998-09-21,0.5234379768371582,0.5234379768371582,0.5224609971046448,0.5224609971046448,0.45841848850250244,192000
1998-09-22,0.5234379768371582,0.5273439884185791,0.5175780057907104,0.5214840173721313,0.45756134390830994,1158400
1998-09-23,0.5234379768371582,0.5283200144767761,0.5234379768371582,0.5253909826278687,0.4609892666339874,377600
1998-09-24,0.5214840173721313,0.5253909826278687,0.515625,0.5166019797325134,0.4532777965068817,300800
1998-09-25,0.5175780057907104,0.5253909826278687,0.5175780057907104,0.5234379768371582,0.4592757523059845,390400
1998-09-28,0.5263670086860657,0.5263670086860657,0.5214840173721313,0.5253909826278687,0.4609892666339874,70400
1998-09-29,0.5273439884185791,0.5292969942092896,0.5253909826278687,0.5253909826278687,0.4609892666339874,179200
1998-09-30,0.5263670086860657,0.546875,0.5263670086860657,0.5449219942092896,0.47812652587890625,454400
1998-10-01,0.5458980202674866,0.5458980202674866,0.5400390028953552,0.5410159826278687,0.47469910979270935,288000
1998-10-02,0.5410159826278687,0.5410159826278687,0.5371090173721313,0.5371090173721313,0.4712711572647095,371200
1998-10-05,0.5371090173721313,0.5371090173721313,0.484375,0.4990229904651642,0.43785354495048523,441600
1998-10-06,0.484375,0.484375,0.46875,0.46875,0.4112914204597473,627200
1998-10-07,0.46875,0.46875,0.4677729904651642,0.4677729904651642,0.41043418645858765,313600
1998-10-08,0.46289101243019104,0.46289101243019104,0.44335898756980896,0.4492189884185791,0.3941543996334076,396800
1998-10-09,0.4609380066394806,0.4638670086860657,0.44726601243019104,0.46289101243019104,0.4061506390571594,953600
1998-10-12,0.4648439884185791,0.46679699420928955,0.4648439884185791,0.46679699420928955,0.40957772731781006,121600
1998-10-13,0.46875,0.4765630066394806,0.43554699420928955,0.43554699420928955,0.38215845823287964,876800
1998-10-14,0.43554699420928955,0.45507800579071045,0.421875,0.45507800579071045,0.3992953896522522,1075200
1998-10-15,0.45507800579071045,0.45507800579071045,0.4257810115814209,0.4296880066394806,0.37701743841171265,1184000
1998-10-16,0.4296880066394806,0.453125,0.42773398756980896,0.453125,0.3975817561149597,3296000
1998-10-19,0.4570310115814209,0.4736329913139343,0.4570310115814209,0.46679699420928955,0.40957772731781006,1811200
1998-10-20,0.46875,0.4765630066394806,0.46875,0.4716799855232239,0.41386234760284424,748800
1998-10-21,0.4804689884185791,0.4804689884185791,0.47070300579071045,0.47070300579071045,0.41300493478775024,518400
1998-10-22,0.4726560115814209,0.49804699420928955,0.4726560115814209,0.49414101243019104,0.4335700571537018,569600
1998-10-23,0.49414101243019104,0.49414101243019104,0.4873049855232239,0.4882810115814209,0.4284282922744751,358400
1998-10-26,0.49023398756980896,0.5107420086860657,0.49023398756980896,0.5097659826278687,0.4472797214984894,755200
1998-10-27,0.5117189884185791,0.5214840173721313,0.5117189884185791,0.5136719942092896,0.4507068991661072,601600
1998-10-28,0.5136719942092896,0.5136719942092896,0.5087890028953552,0.5097659826278687,0.4472797214984894,300800
1998-10-29,0.5107420086860657,0.5185549855232239,0.5097659826278687,0.5166019797325134,0.4532777965068817,256000
1998-10-30,0.5205079913139343,0.5244140028953552,0.5195310115814209,0.5244140028953552,0.4601321220397949,396800
1998-11-02,0.5234379768371582,0.5234379768371582,0.515625,0.5214840173721313,0.45756134390830994,217600
1998-11-03,0.5214840173721313,0.5224609971046448,0.5117189884185791,0.5224609971046448,0.45841848850250244,371200
1998-11-04,0.5224609971046448,0.5224609971046448,0.5195310115814209,0.5224609971046448,0.45841848850250244,140800
1998-11-05,0.5234379768371582,0.5449219942092896,0.5234379768371582,0.5449219942092896,0.47812652587890625,1113600
1998-11-06,0.5439450144767761,0.5546879768371582,0.5439450144767761,0.5478519797325134,0.48069727420806885,1363200
1998-11-09,0.5517579913139343,0.5517579913139343,0.5429689884185791,0.5429689884185791,0.47641289234161377,262400
1998-11-10,0.5439450144767761,0.5488280057907104,0.5429689884185791,0.5439450144767761,0.47726908326148987,249600
1998-11-11,0.5458980202674866,0.546875,0.5458980202674866,0.546875,0.47983992099761963,307200
1998-11-12,0.5449219942092896,0.5449219942092896,0.5361329913139343,0.5361329913139343,0.4704146981239319,409600
1998-11-13,0.5361329913139343,0.5361329913139343,0.515625,0.5175780057907104,0.4541343152523041,2764800
1998-11-16,0.5078129768371582,0.5087890028953552,0.5058590173721313,0.5068359971046448,0.44470885396003723,448000
1998-11-17,0.5068359971046448,0.5078129768371582,0.5068359971046448,0.5068359971046448,0.44470885396003723,179200
1998-11-18,0.5068359971046448,0.5097659826278687,0.5039060115814209,0.5078129768371582,0.44556599855422974,480000
1998-11-19,0.5087890028953552,0.5097659826278687,0.5078129768371582,0.5097659826278687,0.4472797214984894,70400
1998-11-20,0.5,0.5029299855232239,0.49804699420928955,0.5019530057907104,0.44042444229125977,473600
1998-11-23,0.5058590173721313,0.515625,0.5058590173721313,0.5136719942092896,0.4507068991661072,825600
1998-11-24,0.515625,0.515625,0.5063480138778687,0.5087890028953552,0.4464223086833954,1235200
1998-11-25,0.5097659826278687,0.5224609971046448,0.5097659826278687,0.5195310115814209,0.4558478593826294,294400
1998-11-27,0.515625,0.5166019797325134,0.515625,0.515625,0.45242050290107727,160000
1998-11-30,0.5195310115814209,0.5195310115814209,0.5107420086860657,0.5126950144767761,0.44984978437423706,844800
1998-12-01,0.5126950144767761,0.5146480202674866,0.5058590173721313,0.5078129768371582,0.44556599855422974,268800
1998-12-02,0.48632800579071045,0.48632800579071045,0.46679699420928955,0.4677729904651642,0.41043418645858765,876800
1998-12-03,0.4716799855232239,0.4833979904651642,0.4716799855232239,0.4804689884185791,0.4215739369392395,1260800
1998-12-04,0.4765630066394806,0.4765630066394806,0.46875,0.4697270095348358,0.41214871406555176,659200
1998-12-07,0.46679699420928955,0.46679699420928955,0.45898398756980896,0.46289101243019104,0.4061506390571594,652800
1998-12-08,0.4609380066394806,0.46289101243019104,0.4609380066394806,0.4609380066394806,0.40443694591522217,422400
1998-12-09,0.46289101243019104,0.4648439884185791,0.45898398756980896,0.4609380066394806,0.40443694591522217,1120000
1998-12-10,0.4609380066394806,0.46289101243019104,0.45898398756980896,0.46289101243019104,0.4061506390571594,4070400
1998-12-11,0.46289101243019104,0.4726560115814209,0.46289101243019104,0.4726560115814209,0.4147186279296875,352000
1998-12-14,0.46875,0.4765630066394806,0.4609380066394806,0.4726560115814209,0.4147186279296875,819200
1998-12-15,0.4648439884185791,0.484375,0.4648439884185791,0.4794920086860657,0.42071664333343506,550400
1998-12-16,0.48242199420928955,0.48242199420928955,0.4697270095348358,0.4716799855232239,0.41386234760284424,390400
1998-12-17,0.4755859971046448,0.4755859971046448,0.4677729904651642,0.4716799855232239,0.41386234760284424,371200
1998-12-18,0.4736329913139343,0.484375,0.4736329913139343,0.484375,0.42500120401382446,384000
1998-12-21,0.484375,0.48632800579071045,0.4765630066394806,0.4775390028953552,0.41900303959846497,646400
1998-12-22,0.4775390028953552,0.48632800579071045,0.47460898756980896,0.48632800579071045,0.42671477794647217,652800
1998-12-23,0.4853520095348358,0.49023398756980896,0.4853520095348358,0.49023398756980896,0.4301421046257019,377600
1998-12-24,0.49414101243019104,0.49414101243019104,0.49414101243019104,0.49414101243019104,0.4335700571537018,166400
1998-12-28,0.49414101243019104,0.49414101243019104,0.46875,0.4697270095348358,0.41214871406555176,851200
1998-12-29,0.4697270095348358,0.4697270095348358,0.4609380066394806,0.4648439884185791,0.4078640937805176,908800
1998-12-30,0.4658200144767761,0.46679699420928955,0.46289101243019104,0.4648439884185791,0.4078640937805176,179200
1998-12-31,0.4638670086860657,0.4775390028953552,0.4638670086860657,0.4716799855232239,0.41386234760284424,550400
1999-01-04,0.47070300579071045,0.47070300579071045,0.46289101243019104,0.46289101243019104,0.4061506390571594,710400
1999-01-05,0.46289101243019104,0.46289101243019104,0.4599609971046448,0.4609380066394806,0.40443694591522217,1331200
1999-01-06,0.4609380066394806,0.47460898756980896,0.4599609971046448,0.4697270095348358,0.41214871406555176,1702400
1999-01-07,0.4736329913139343,0.4755859971046448,0.46875,0.4726560115814209,0.4147186279296875,7136000
1999-01-08,0.4765630066394806,0.48242199420928955,0.47460898756980896,0.4804689884185791,0.4215739369392395,748800
1999-01-11,0.4882810115814209,0.49023398756980896,0.48632800579071045,0.4873049855232239,0.4275718927383423,704000
1999-01-12,0.4912109971046448,0.4921880066394806,0.4853520095348358,0.4853520095348358,0.42585843801498413,467200
1999-01-13,0.4814450144767761,0.5,0.4814450144767761,0.5,0.4387108087539673,614400
1999-01-14,0.5039060115814209,0.515625,0.5009769797325134,0.5087890028953552,0.4464223086833954,256000
1999-01-15,0.5078129768371582,0.5234379768371582,0.5078129768371582,0.5224609971046448,0.45841848850250244,313600
1999-01-19,0.5234379768371582,0.5302730202674866,0.5234379768371582,0.5302730202674866,0.4652729332447052,224000
1999-01-20,0.5341799855232239,0.5400390028953552,0.53125,0.5390629768371582,0.4729853868484497,422400
1999-01-21,0.5351560115814209,0.5351560115814209,0.5224609971046448,0.5224609971046448,0.45841848850250244,435200
1999-01-22,0.5214840173721313,0.5214840173721313,0.5175780057907104,0.5175780057907104,0.4541343152523041,217600
1999-01-25,0.5175780057907104,0.5175780057907104,0.4960939884185791,0.4960939884185791,0.4352836310863495,768000
1999-01-26,0.4970700144767761,0.5078129768371582,0.4970700144767761,0.5068359971046448,0.44470885396003723,467200
1999-01-27,0.5107420086860657,0.5107420086860657,0.5019530057907104,0.5019530057907104,0.44042444229125977,403200
1999-01-28,0.5019530057907104,0.5029299855232239,0.5019530057907104,0.5029299855232239,0.4412817358970642,192000
1999-01-29,0.5019530057907104,0.5087890028953552,0.5,0.5087890028953552,0.4464223086833954,780800
1999-02-01,0.5078129768371582,0.5078129768371582,0.5039060115814209,0.5048829913139343,0.4429952800273895,89600
1999-02-02,0.5009769797325134,0.5009769797325134,0.49023398756980896,0.49414101243019104,0.4335700571537018,614400
1999-02-03,0.49414101243019104,0.4951170086860657,0.4912109971046448,0.4921880066394806,0.4318564534187317,1030400
1999-02-04,0.4921880066394806,0.4921880066394806,0.484375,0.4873049855232239,0.4275718927383423,1798400
1999-02-05,0.4873049855232239,0.4892579913139343,0.48632800579071045,0.4873049855232239,0.4275718927383423,582400
1999-02-08,0.4960939884185791,0.5058590173721313,0.4960939884185791,0.5058590173721313,0.4438517093658447,934400
1999-02-09,0.5058590173721313,0.5234379768371582,0.5058590173721313,0.5185549855232239,0.45499134063720703,467200
1999-02-10,0.5185549855232239,0.5185549855232239,0.515625,0.515625,0.45242050290107727,524800
1999-02-11,0.515625,0.5166019797325134,0.5126950144767761,0.5126950144767761,0.44984978437423706,985600
1999-02-12,0.5146480202674866,0.5332030057907104,0.5146480202674866,0.5214840173721313,0.45756134390830994,1625600
1999-02-16,0.5488280057907104,0.5488280057907104,0.5449219942092896,0.5458980202674866,0.4789827764034271,1216000
1999-02-17,0.5498049855232239,0.5761719942092896,0.5498049855232239,0.5742189884185791,0.5038323998451233,1318400
1999-02-18,0.59375,0.5996090173721313,0.5742189884185791,0.578125,0.5072593092918396,2041600
1999-02-19,0.5791019797325134,0.5820310115814209,0.5761719942092896,0.578125,0.5072593092918396,620800
1999-02-22,0.5820310115814209,0.5820310115814209,0.5771480202674866,0.5771480202674866,0.5064021944999695,1273600
1999-02-23,0.578125,0.6015629768371582,0.5771480202674866,0.5771480202674866,0.5064021944999695,1401600
1999-02-24,0.5761719942092896,0.5761719942092896,0.5546879768371582,0.5556640028953552,0.4875514507293701,1049600
1999-02-25,0.5595700144767761,0.5625,0.5527340173721313,0.5556640028953552,0.4875514507293701,492800
1999-02-26,0.5546879768371582,0.5595700144767761,0.5546879768371582,0.5595700144767761,0.4909791350364685,582400
1999-03-01,0.5634769797325134,0.5644530057907104,0.5625,0.5644530057907104,0.49526333808898926,320000
1999-03-02,0.5654299855232239,0.5673829913139343,0.5566409826278687,0.5566409826278687,0.48840901255607605,332800
1999-03-03,0.5566409826278687,0.5566409826278687,0.546875,0.546875,0.47983992099761963,921600
1999-03-04,0.5449219942092896,0.5458980202674866,0.5449219942092896,0.5458980202674866,0.4789827764034271,377600
1999-03-05,0.546875,0.5537109971046448,0.546875,0.5537109971046448,0.4858379662036896,352000
1999-03-08,0.5546879768371582,0.5703129768371582,0.5546879768371582,0.5664060115814209,0.496976763010025,358400
1999-03-09,0.5703129768371582,0.5751950144767761,0.5683590173721313,0.5683590173721313,0.498690664768219,179200
1999-03-10,0.5693359971046448,0.578125,0.5693359971046448,0.5742189884185791,0.5038323998451233,665600
1999-03-11,0.5761719942092896,0.5761719942092896,0.5732420086860657,0.5742189884185791,0.5038323998451233,236800
1999-03-12,0.5742189884185791,0.5800780057907104,0.5703129768371582,0.5722659826278687,0.5021185874938965,1273600
1999-03-15,0.5683590173721313,0.578125,0.5683590173721313,0.578125,0.5072593092918396,640000
1999-03-16,0.578125,0.5820310115814209,0.578125,0.5800780057907104,0.5089729428291321,467200
1999-03-17,0.5791019797325134,0.5839840173721313,0.5742189884185791,0.5742189884185791,0.5038323998451233,755200
1999-03-18,0.5751950144767761,0.5751950144767761,0.5742189884185791,0.5742189884185791,0.5038323998451233,64000
1999-03-19,0.5703129768371582,0.5703129768371582,0.5585939884185791,0.5585939884185791,0.4901222586631775,550400
1999-03-22,0.5546879768371582,0.5556640028953552,0.5507810115814209,0.5517579913139343,0.48412445187568665,800000
1999-03-23,0.5498049855232239,0.5507810115814209,0.5498049855232239,0.5507810115814209,0.4832673668861389,268800
1999-03-24,0.5507810115814209,0.5507810115814209,0.5498049855232239,0.5507810115814209,0.4832673668861389,640000
1999-03-25,0.5537109971046448,0.5585939884185791,0.5537109971046448,0.5576170086860657,0.4892652630805969,345600
1999-03-26,0.5615230202674866,0.5664060115814209,0.5605469942092896,0.5654299855232239,0.496120423078537,403200
1999-03-29,0.5654299855232239,0.5712890028953552,0.5654299855232239,0.5712890028953552,0.5012615323066711,224000
1999-03-30,0.5712890028953552,0.5742189884185791,0.5712890028953552,0.5742189884185791,0.5038323998451233,153600
1999-03-31,0.5732420086860657,0.5976560115814209,0.5732420086860657,0.5976560115814209,0.5243963003158569,2355200
1999-04-01,0.6132810115814209,0.6289060115814209,0.6132810115814209,0.6191409826278687,0.5432477593421936,4780800
1999-04-05,0.6152340173721313,0.6171879768371582,0.6074219942092896,0.6074219942092896,0.5329653024673462,1068800
1999-04-06,0.6113280057907104,0.6210939884185791,0.6015629768371582,0.6015629768371582,0.5278245806694031,2988800
1999-04-07,0.6025390028953552,0.6025390028953552,0.5957030057907104,0.5976560115814209,0.5243963003158569,742400
1999-04-08,0.5976560115814209,0.6074219942092896,0.5957030057907104,0.5996090173721313,0.5261099934577942,1152000
1999-04-09,0.6074219942092896,0.625,0.6025390028953552,0.625,0.5483884811401367,1056000
1999-04-12,0.6210939884185791,0.6230469942092896,0.6171879768371582,0.6220700144767761,0.5458179712295532,2233600
1999-04-13,0.6240230202674866,0.6240230202674866,0.6201170086860657,0.6201170086860657,0.5441042184829712,1664000
1999-04-14,0.6210939884185791,0.6220700144767761,0.6171879768371582,0.6201170086860657,0.5441042184829712,2496000
1999-04-15,0.6171879768371582,0.6308590173721313,0.609375,0.6152340173721313,0.5398197174072266,3481600
1999-04-16,0.6171879768371582,0.6191409826278687,0.6152340173721313,0.6152340173721313,0.5398197174072266,1536000
1999-04-19,0.6171879768371582,0.6171879768371582,0.6142579913139343,0.6152340173721313,0.5398197174072266,588800
1999-04-20,0.6162109971046448,0.6171879768371582,0.6152340173721313,0.6152340173721313,0.5398197174072266,294400
1999-04-21,0.6132810115814209,0.6152340173721313,0.6083980202674866,0.6083980202674866,0.5338216423988342,1440000
1999-04-22,0.609375,0.609375,0.5947269797325134,0.5966799855232239,0.5235399007797241,582400
1999-04-23,0.5927730202674866,0.59375,0.5917969942092896,0.5927730202674866,0.5201116800308228,268800
1999-04-26,0.5927730202674866,0.5927730202674866,0.5849609971046448,0.5849609971046448,0.5132575631141663,352000
1999-04-27,0.5849609971046448,0.5859379768371582,0.578125,0.578125,0.5072593092918396,371200
1999-04-28,0.578125,0.5791019797325134,0.5761719942092896,0.5761719942092896,0.505545973777771,364800
1999-04-29,0.5546879768371582,0.5546879768371582,0.5449219942092896,0.5478519797325134,0.48069727420806885,1120000
1999-04-30,0.546875,0.546875,0.5390629768371582,0.5390629768371582,0.4729853868484497,544000
1999-05-03,0.5419920086860657,0.5488280057907104,0.5419920086860657,0.546875,0.47983992099761963,1369600
1999-05-04,0.5478519797325134,0.5527340173721313,0.5429689884185791,0.5507810115814209,0.4832673668861389,1862400
1999-05-05,0.5546879768371582,0.5634769797325134,0.5546879768371582,0.5625,0.4935495853424072,326400
1999-05-06,0.5625,0.5859379768371582,0.5625,0.5830079913139343,0.5115439891815186,1024000
1999-05-07,0.5820310115814209,0.5820310115814209,0.5810549855232239,0.5820310115814209,0.5106865763664246,121600
1999-05-10,0.5820310115814209,0.5957030057907104,0.5820310115814209,0.5957030057907104,0.5226828455924988,230400
1999-05-11,0.59375,0.6015629768371582,0.5898439884185791,0.6015629768371582,0.5278245806694031,812800
1999-05-12,0.6025390028953552,0.6123049855232239,0.6025390028953552,0.6123049855232239,0.5372498035430908,1382400
1999-05-13,0.6113280057907104,0.6113280057907104,0.6054689884185791,0.6064450144767761,0.532107949256897,748800
1999-05-14,0.6015629768371582,0.6015629768371582,0.5898439884185791,0.5917969942092896,0.5192555785179138,467200
1999-05-17,0.5878909826278687,0.5878909826278687,0.5644530057907104,0.5712890028953552,0.5012615323066711,876800
1999-05-18,0.5732420086860657,0.5742189884185791,0.5732420086860657,0.5732420086860657,0.5029752254486084,160000
1999-05-19,0.5742189884185791,0.5839840173721313,0.5742189884185791,0.5830079913139343,0.5115439891815186,544000
1999-05-20,0.5791019797325134,0.5888670086860657,0.5791019797325134,0.5869140028953552,0.5149711966514587,851200
1999-05-21,0.5878909826278687,0.5888670086860657,0.5849609971046448,0.5888670086860657,0.5166847705841064,428800
1999-05-24,0.5869140028953552,0.5878909826278687,0.5839840173721313,0.5839840173721313,0.5124002695083618,889600
1999-05-25,0.5800780057907104,0.5820310115814209,0.578125,0.5820310115814209,0.5106865763664246,1011200
1999-05-26,0.5859379768371582,0.5878909826278687,0.5839840173721313,0.5878909826278687,0.5158283114433289,313600
1999-05-27,0.5859379768371582,0.5869140028953552,0.578125,0.5830079913139343,0.5115439891815186,403200
1999-05-28,0.5839840173721313,0.5878909826278687,0.5839840173721313,0.5878909826278687,0.5158283114433289,320000
1999-06-01,0.5888670086860657,0.59375,0.5888670086860657,0.59375,0.5209692716598511,774400
1999-06-02,0.59375,0.59375,0.5908200144767761,0.59375,0.5209692716598511,1612800
1999-06-03,0.5927730202674866,0.59375,0.5917969942092896,0.5927730202674866,0.5201116800308228,211200
1999-06-04,0.5927730202674866,0.5927730202674866,0.5908200144767761,0.5927730202674866,0.5201116800308228,256000
1999-06-07,0.578125,0.5888670086860657,0.578125,0.5888670086860657,0.5166847705841064,512000
1999-06-08,0.5898439884185791,0.5927730202674866,0.5898439884185791,0.5927730202674866,0.5201116800308228,243200
1999-06-09,0.5917969942092896,0.5927730202674866,0.5878909826278687,0.5927730202674866,0.5201116800308228,563200
1999-06-10,0.5917969942092896,0.59375,0.5898439884185791,0.5917969942092896,0.5192555785179138,640000
1999-06-11,0.5898439884185791,0.59375,0.5878909826278687,0.5908200144767761,0.5183984041213989,2144000
1999-06-14,0.5917969942092896,0.59375,0.5859379768371582,0.59375,0.5209692716598511,2579200
1999-06-15,0.5966799855232239,0.5966799855232239,0.5927730202674866,0.59375,0.5209692716598511,979200
1999-06-16,0.59375,0.5957030057907104,0.5878909826278687,0.5927730202674866,0.5201116800308228,684800
1999-06-17,0.5927730202674866,0.5957030057907104,0.5927730202674866,0.5957030057907104,0.5226828455924988,281600
1999-06-18,0.5976560115814209,0.5976560115814209,0.5957030057907104,0.5976560115814209,0.5243963003158569,1094400
1999-06-21,0.5966799855232239,0.5986329913139343,0.5966799855232239,0.5986329913139343,0.5252535343170166,224000
1999-06-22,0.5966799855232239,0.6035159826278687,0.5966799855232239,0.6035159826278687,0.5295379757881165,1843200
1999-06-23,0.6044920086860657,0.6044920086860657,0.6035159826278687,0.6035159826278687,0.5295379757881165,44800
1999-06-24,0.6044920086860657,0.6152340173721313,0.6025390028953552,0.6123049855232239,0.5372498035430908,1523200
1999-06-25,0.6162109971046448,0.6230469942092896,0.6162109971046448,0.6230469942092896,0.5466749668121338,307200
1999-06-28,0.6230469942092896,0.625,0.6191409826278687,0.625,0.5483884811401367,1414400
1999-06-29,0.6230469942092896,0.6230469942092896,0.6230469942092896,0.6230469942092896,0.5466749668121338,288000
1999-06-30,0.6225590109825134,0.6230469942092896,0.6191409826278687,0.6210939884185791,0.5449613928794861,825600
1999-07-01,0.6210939884185791,0.6230469942092896,0.6162109971046448,0.6220700144767761,0.5458179712295532,281600
1999-07-02,0.6230469942092896,0.6230469942092896,0.6152340173721313,0.6210939884185791,0.5449613928794861,576000
1999-07-06,0.6191409826278687,0.6210939884185791,0.6171879768371582,0.6171879768371582,0.5415343642234802,179200
1999-07-07,0.6152340173721313,0.6171879768371582,0.6142579913139343,0.6152340173721313,0.5398197174072266,409600
1999-07-08,0.6152340173721313,0.6171879768371582,0.6152340173721313,0.6162109971046448,0.5406768321990967,812800
1999-07-09,0.6162109971046448,0.6171879768371582,0.6142579913139343,0.6162109971046448,0.5406768321990967,928000
1999-07-12,0.6162109971046448,0.6230469942092896,0.6162109971046448,0.6230469942092896,0.5466749668121338,544000
1999-07-13,0.6191409826278687,0.6210939884185791,0.6191409826278687,0.6210939884185791,0.5449613928794861,582400
1999-07-14,0.6210939884185791,0.6210939884185791,0.6171879768371582,0.6191409826278687,0.5432477593421936,1856000
1999-07-15,0.625,0.6835939884185791,0.625,0.6816409826278687,0.5980867743492126,26009600
1999-07-16,0.6855469942092896,0.7226560115814209,0.6855469942092896,0.7167969942092896,0.6289334893226624,18188800
1999-07-19,0.7089840173721313,0.7128909826278687,0.703125,0.7060549855232239,0.6195080280303955,2732800
1999-07-20,0.7099609971046448,0.7099609971046448,0.6972659826278687,0.703125,0.6169372200965881,3148800
1999-07-21,0.6992189884185791,0.7070310115814209,0.6914060115814209,0.6923829913139343,0.6075116395950317,4659200
1999-07-22,0.671875,0.6738280057907104,0.6679689884185791,0.6708980202674866,0.588660717010498,1657600
1999-07-23,0.6689450144767761,0.671875,0.6650390028953552,0.6699219942092896,0.5878041386604309,345600
1999-07-26,0.6669920086860657,0.6679689884185791,0.6552730202674866,0.6601560115814209,0.5792354345321655,934400
1999-07-27,0.6640629768371582,0.671875,0.6621090173721313,0.6679689884185791,0.5860905051231384,2348800
1999-07-28,0.6689450144767761,0.6787109971046448,0.6689450144767761,0.6787109971046448,0.5955156683921814,7891200
1999-07-29,0.6787109971046448,0.6787109971046448,0.671875,0.6728519797325134,0.5903747081756592,2368000
1999-07-30,0.6728519797325134,0.6738280057907104,0.6728519797325134,0.6738280057907104,0.5912313461303711,486400
1999-08-02,0.6738280057907104,0.6757810115814209,0.671875,0.6738280057907104,0.5912313461303711,448000
1999-08-03,0.6738280057907104,0.6738280057907104,0.6630859971046448,0.6650390028953552,0.5835197567939758,556800
1999-08-04,0.6630859971046448,0.6699219942092896,0.6630859971046448,0.6689450144767761,0.586946964263916,838400
1999-08-05,0.6679689884185791,0.6699219942092896,0.6611329913139343,0.6699219942092896,0.5878041386604309,1964800
1999-08-06,0.6699219942092896,0.6699219942092896,0.6699219942092896,0.6699219942092896,0.5878041386604309,57600
1999-08-09,0.6669920086860657,0.6689450144767761,0.6660159826278687,0.6679689884185791,0.5860905051231384,390400
1999-08-10,0.6669920086860657,0.6669920086860657,0.6542969942092896,0.65625,0.5758078098297119,659200
1999-08-11,0.65625,0.6582030057907104,0.65625,0.6582030057907104,0.5775217413902283,492800
1999-08-12,0.6572269797325134,0.6591799855232239,0.6572269797325134,0.6591799855232239,0.5783786773681641,1152000
1999-08-13,0.6591799855232239,0.6640629768371582,0.6591799855232239,0.6640629768371582,0.5826635956764221,1881600
1999-08-16,0.6640629768371582,0.6640629768371582,0.6630859971046448,0.6640629768371582,0.5826635956764221,2886400
1999-08-17,0.6640629768371582,0.6640629768371582,0.6601560115814209,0.6621090173721313,0.5809487104415894,627200
1999-08-18,0.6630859971046448,0.6660159826278687,0.6630859971046448,0.6660159826278687,0.5843766927719116,2393600
1999-08-19,0.6660159826278687,0.6679689884185791,0.6640629768371582,0.6650390028953552,0.5835197567939758,940800
1999-08-20,0.6650390028953552,0.6757810115814209,0.6650390028953552,0.6748049855232239,0.5920886397361755,3091200
1999-08-23,0.6748049855232239,0.6748049855232239,0.65625,0.6650390028953552,0.5835197567939758,3763200
1999-08-24,0.6669920086860657,0.6689450144767761,0.6621090173721313,0.6621090173721313,0.5809487104415894,1632000
1999-08-25,0.6640629768371582,0.6767579913139343,0.6621090173721313,0.6757810115814209,0.5929449200630188,7097600
1999-08-26,0.6757810115814209,0.6953129768371582,0.6757810115814209,0.6943359971046448,0.6092252731323242,6080000
1999-08-27,0.6943359971046448,0.7480469942092896,0.6943359971046448,0.7353519797325134,0.6452136635780334,3692800
1999-08-30,0.734375,0.7402340173721313,0.7324219942092896,0.7353519797325134,0.6452136635780334,1414400
1999-08-31,0.7353519797325134,0.7392579913139343,0.7236329913139343,0.7314450144767761,0.6417858600616455,1171200
1999-09-01,0.7324219942092896,0.7392579913139343,0.7275390028953552,0.7285159826278687,0.639215886592865,684800
1999-09-02,0.7275390028953552,0.7275390028953552,0.7158200144767761,0.7216799855232239,0.6332176327705383,844800
1999-09-03,0.7226560115814209,0.7431640028953552,0.7226560115814209,0.7402340173721313,0.6494972705841064,1292800
1999-09-07,0.7392579913139343,0.7421879768371582,0.7304689884185791,0.7392579913139343,0.648641049861908,1088000
1999-09-08,0.7373049855232239,0.7734379768371582,0.7373049855232239,0.7607420086860657,0.6674911379814148,3571200
1999-09-09,0.7587890028953552,0.7626950144767761,0.7460939884185791,0.7597659826278687,0.6666352152824402,1484800
1999-09-10,0.7636719942092896,0.7851560115814209,0.7636719942092896,0.7802730202674866,0.6846283674240112,1100800
1999-09-13,0.7841799855232239,0.8222659826278687,0.7841799855232239,0.8115230202674866,0.712047815322876,1772800
1999-09-14,0.8144530057907104,0.84375,0.8125,0.8251950144767761,0.7240440249443054,4166400
1999-09-15,0.8242189884185791,0.828125,0.8085939884185791,0.8085939884185791,0.7094777822494507,1190400
1999-09-16,0.8066409826278687,0.8476560115814209,0.8056640028953552,0.8447269797325134,0.7411819100379944,1856000
1999-09-17,0.8447269797325134,0.8847659826278687,0.8398439884185791,0.859375,0.7540341019630432,6560000
1999-09-20,0.8652340173721313,0.8652340173721313,0.859375,0.8632810115814209,0.757461428642273,838400
1999-09-21,0.8613280057907104,0.8710939884185791,0.8554689884185791,0.8564450144767761,0.7514635324478149,3526400
1999-09-22,0.8554689884185791,0.8554689884185791,0.8398439884185791,0.8417969942092896,0.7386109232902527,806400
1999-09-23,0.8417969942092896,0.8417969942092896,0.8222659826278687,0.8222659826278687,0.7214738130569458,608000
1999-09-24,0.8222659826278687,0.8222659826278687,0.7958980202674866,0.796875,0.699195384979248,1043200
1999-09-27,0.7900390028953552,0.7900390028953552,0.7705079913139343,0.7802730202674866,0.6846283674240112,1049600
1999-09-28,0.7773439884185791,0.7773439884185791,0.7578129768371582,0.7578129768371582,0.6649214029312134,934400
1999-09-29,0.7597659826278687,0.7734379768371582,0.7539060115814209,0.7705079913139343,0.6760602593421936,1395200
1999-09-30,0.7734379768371582,0.7802730202674866,0.7695310115814209,0.7744140028953552,0.6794876456260681,1382400
1999-10-01,0.7734379768371582,0.8046879768371582,0.7714840173721313,0.8037109971046448,0.7051934003829956,3616000
1999-10-04,0.8066409826278687,0.8164060115814209,0.7929689884185791,0.7978519797325134,0.7000525593757629,812800
1999-10-05,0.8007810115814209,0.8183590173721313,0.7900390028953552,0.7988280057907104,0.7009089589118958,1171200
1999-10-06,0.7988280057907104,0.8134769797325134,0.796875,0.8017579913139343,0.7034798860549927,652800
1999-10-07,0.8007810115814209,0.8007810115814209,0.7890629768371582,0.7949219942092896,0.6974817514419556,307200
1999-10-08,0.7929689884185791,0.7978519797325134,0.7861329913139343,0.7871090173721313,0.6906266212463379,723200
1999-10-11,0.7890629768371582,0.7890629768371582,0.7753909826278687,0.7822269797325134,0.6863428354263306,1036800
1999-10-12,0.796875,0.796875,0.7773439884185791,0.7929689884185791,0.6957681775093079,3084800
1999-10-13,0.7910159826278687,0.7910159826278687,0.7636719942092896,0.7636719942092896,0.6700623035430908,934400
1999-10-14,0.78125,0.7890629768371582,0.7519530057907104,0.7529299855232239,0.6606370210647583,2624000
1999-10-15,0.7304689884185791,0.7333980202674866,0.7148439884185791,0.7324219942092896,0.6426430344581604,2848000
1999-10-18,0.7324219942092896,0.7441409826278687,0.7314450144767761,0.7402340173721313,0.6494972705841064,1056000
1999-10-19,0.7392579913139343,0.7617189884185791,0.7377930283546448,0.7587890028953552,0.6657779216766357,1088000
1999-10-20,0.7626950144767761,0.7773439884185791,0.7597659826278687,0.7753909826278687,0.680344820022583,2611200
1999-10-21,0.7753909826278687,0.78125,0.7744140028953552,0.7773439884185791,0.6820582747459412,512000
1999-10-22,0.7783200144767761,0.7929689884185791,0.7783200144767761,0.7929689884185791,0.6957681775093079,940800
1999-10-25,0.796875,0.8046879768371582,0.796875,0.8017579913139343,0.7034798860549927,665600
1999-10-26,0.8017579913139343,0.8144530057907104,0.8017579913139343,0.8125,0.7129051685333252,1337600
1999-10-27,0.8164060115814209,0.8496090173721313,0.8164060115814209,0.84375,0.7403247356414795,2035200
1999-10-28,0.8457030057907104,0.90625,0.8457030057907104,0.9013670086860657,0.7908790707588196,3174400
1999-10-29,0.9052730202674866,0.9375,0.9052730202674866,0.9228519797325134,0.8097303509712219,2464000
1999-11-01,0.9355469942092896,0.9414060115814209,0.9140629768371582,0.9296879768371582,0.8157281875610352,1868800
1999-11-02,0.9296879768371582,0.9492189884185791,0.921875,0.9414060115814209,0.8260098695755005,1939200
1999-11-03,0.9433590173721313,0.9570310115814209,0.9296879768371582,0.9335939884185791,0.8191554546356201,1280000
1999-11-04,0.9414060115814209,0.9921879768371582,0.9414060115814209,0.9541019797325134,0.8371496200561523,3200000
1999-11-05,0.953125,0.96875,0.953125,0.9619140028953552,0.8440041542053223,1331200
1999-11-08,0.9589840173721313,0.984375,0.953125,0.9775390028953552,0.8577138781547546,1696000
1999-11-09,0.9775390028953552,0.9951170086860657,0.9775390028953552,0.9951170086860657,0.873137354850769,1145600
1999-11-10,0.9882810115814209,1.0078129768371582,0.9882810115814209,1.003906011581421,0.8808488845825195,1427200
1999-11-11,1.003906011581421,1.0068360567092896,1.0,1.004883050918579,0.881706178188324,678400
1999-11-12,1.0058590173721313,1.0058590173721313,0.9941409826278687,1.0,0.8774216175079346,1760000
1999-11-15,1.0,1.082031011581421,1.0,1.0625,0.9322605729103088,5158400
1999-11-16,1.0615229606628418,1.0625,1.0566409826278687,1.058593988418579,0.9288333058357239,358400
1999-11-17,1.057616949081421,1.058593988418579,1.057616949081421,1.058593988418579,0.9288333058357239,921600
1999-11-18,1.0546879768371582,1.0859379768371582,1.0390629768371582,1.0625,0.9322605729103088,11065600
1999-11-19,1.0625,1.0625,1.0390629768371582,1.0390629768371582,0.9116965532302856,934400
1999-11-22,1.035156011581421,1.066406011581421,1.035156011581421,1.058593988418579,0.9288333058357239,1164800
1999-11-23,1.0566409826278687,1.0693360567092896,1.046875,1.0605469942092896,0.9305466413497925,1836800
1999-11-24,1.0605469942092896,1.0605469942092896,1.0410159826278687,1.0410159826278687,0.9134101271629333,1164800
1999-11-26,1.0410159826278687,1.0410159826278687,1.026366949081421,1.0332030057907104,0.906554639339447,403200
1999-11-29,1.0332030057907104,1.058593988418579,1.0292969942092896,1.0546879768371582,0.9254063963890076,1862400
1999-11-30,1.0546879768371582,1.0703129768371582,1.0546879768371582,1.067383050918579,0.9365445971488953,1248000
1999-12-01,1.0654300451278687,1.0654300451278687,1.058593988418579,1.0625,0.9322605729103088,1088000
1999-12-02,1.0625,1.0703129768371582,1.0625,1.0654300451278687,0.9348313212394714,870400
1999-12-03,1.0654300451278687,1.0751949548721313,1.0625,1.0683590173721313,0.9374012351036072,947200
1999-12-06,1.0703129768371582,1.078125,1.0703129768371582,1.074218988418579,0.9425429701805115,793600
1999-12-07,1.078125,1.097656011581421,1.078125,1.0869139432907104,0.9536818861961365,3955200
1999-12-08,1.09375,1.1171879768371582,1.0869139432907104,1.0878909826278687,0.9545387625694275,176480000
1999-12-09,1.0869139432907104,1.0869139432907104,0.9921879768371582,0.9921879768371582,0.870567262172699,30963200
1999-12-10,1.0390629768371582,1.0527340173721313,1.0,1.03125,0.9048410058021545,44640000
1999-12-13,1.03125,1.0390629768371582,0.9980469942092896,1.019531011581421,0.8945585489273071,8480000
1999-12-14,1.019531011581421,1.0214840173721313,1.0136719942092896,1.015625,0.8911310434341431,28761600
1999-12-15,1.015625,1.0371090173721313,1.0078129768371582,1.015625,0.8911310434341431,18361600
1999-12-16,1.0175780057907104,1.0175780057907104,1.0019530057907104,1.0078129768371582,0.8842769861221313,3846400
1999-12-17,1.0234379768371582,1.0380860567092896,1.019531011581421,1.0224610567092896,0.8971294164657593,8524800
1999-12-20,1.0185550451278687,1.03125,1.004883050918579,1.0175780057907104,0.8928446173667908,5580800
1999-12-21,1.035156011581421,1.0390629768371582,1.015625,1.020508050918579,0.8954157829284668,4345600
1999-12-22,1.0214840173721313,1.0253909826278687,1.0146479606628418,1.0175780057907104,0.8928446173667908,1548800
1999-12-23,1.0214840173721313,1.035156011581421,1.0126949548721313,1.03125,0.9048410058021545,7808000
1999-12-27,1.035156011581421,1.035156011581421,1.019531011581421,1.0253909826278687,0.8997005224227905,5728000
1999-12-28,1.027343988418579,1.0400389432907104,1.0253909826278687,1.0400389432907104,0.9125525951385498,2720000
1999-12-29,1.0400389432907104,1.0488280057907104,1.0341800451278687,1.0390629768371582,0.9116965532302856,1913600
1999-12-30,1.042968988418579,1.0458979606628418,1.0332030057907104,1.0332030057907104,0.906554639339447,1580800
1999-12-31,1.0371090173721313,1.0449219942092896,1.0283199548721313,1.0400389432907104,0.9125525951385498,2092800
2000-01-03,1.0537110567092896,1.058593988418579,1.0410159826278687,1.050781011581421,0.9219776391983032,8403200
2000-01-04,1.0449219942092896,1.0458979606628418,1.011718988418579,1.0146479606628418,0.8902740478515625,6726400
2000-01-05,1.010741949081421,1.010741949081421,0.9697269797325134,0.9921879768371582,0.870567262172699,7289600
2000-01-06,0.9882810115814209,0.9882810115814209,0.9619140028953552,0.9648439884185791,0.846575140953064,3123200
2000-01-07,0.96875,0.9746090173721313,0.9472659826278687,0.9746090173721313,0.8551430106163025,7244800
2000-01-10,0.9765629768371582,1.0234379768371582,0.9765629768371582,1.020508050918579,0.8954157829284668,3052800
2000-01-11,1.0234379768371582,1.0488280057907104,1.020508050918579,1.0449219942092896,0.9168369770050049,4966400
2000-01-12,1.058593988418579,1.21875,1.058593988418579,1.1894530057907104,1.043651819229126,52172800
2000-01-13,1.1933590173721313,1.2158199548721313,1.15625,1.1738280057907104,1.0299423933029175,11059200
2000-01-14,1.171875,1.21875,1.171875,1.198241949081421,1.051363229751587,4608000
2000-01-18,1.2314449548721313,1.265625,1.2246090173721313,1.230468988418579,1.0796401500701904,10246400
2000-01-19,1.2265629768371582,1.25,1.1972659826278687,1.21875,1.0693577527999878,7673600
2000-01-20,1.238281011581421,1.2636719942092896,1.2109379768371582,1.2119139432907104,1.0633599758148193,6252800
2000-01-21,1.2119139432907104,1.21875,1.1640629768371582,1.1650389432907104,1.0222301483154297,4723200
2000-01-24,1.1689449548721313,1.207031011581421,1.140625,1.15625,1.0145186185836792,6003200
2000-01-25,1.15625,1.15625,1.1113280057907104,1.1240229606628418,0.9862422347068787,3251200
2000-01-26,1.1240229606628418,1.1494139432907104,1.09375,1.140625,1.0008091926574707,5376000
2000-01-27,1.144531011581421,1.1630860567092896,1.120116949081421,1.1240229606628418,0.9862422347068787,4403200
2000-01-28,1.1240229606628418,1.1337889432907104,1.0683590173721313,1.0712889432907104,0.9399725198745728,2208000
2000-01-31,1.0712889432907104,1.0859379768371582,1.0439449548721313,1.0605469942092896,0.9305466413497925,5376000
2000-02-01,1.0605469942092896,1.0654300451278687,1.0449219942092896,1.0537110567092896,0.9245484471321106,3251200
2000-02-02,1.0537110567092896,1.1015629768371582,1.0537110567092896,1.0761719942092896,0.9442563056945801,2841600
2000-02-03,1.0859379768371582,1.088866949081421,1.0771479606628418,1.0810550451278687,0.9485410451889038,2899200
2000-02-04,1.0859379768371582,1.0966800451278687,1.0839840173721313,1.0966800451278687,0.9622505307197571,1849600
2000-02-07,1.0859379768371582,1.0947270393371582,1.074218988418579,1.0791020393371582,0.9468275904655457,1625600
2000-02-08,1.089843988418579,1.1171879768371582,1.089843988418579,1.089843988418579,0.9562530517578125,4128000
2000-02-09,1.0908199548721313,1.0908199548721313,1.0546879768371582,1.057616949081421,0.9279763102531433,2329600
2000-02-10,1.0605469942092896,1.0625,1.036133050918579,1.041991949081421,0.9142662882804871,1862400
2000-02-11,1.042968988418579,1.0527340173721313,1.0234379768371582,1.035156011581421,0.9082686305046082,2752000
2000-02-14,1.035156011581421,1.28125,1.0302729606628418,1.2802729606628418,1.1233391761779785,48448000
2000-02-15,1.277343988418579,1.277343988418579,1.1503909826278687,1.1738280057907104,1.0299423933029175,16332800
2000-02-16,1.1748050451278687,1.2246090173721313,1.1748050451278687,1.21875,1.0693577527999878,9843200
2000-02-17,1.2050780057907104,1.2089840173721313,1.1738280057907104,1.1845699548721313,1.0393677949905396,4057600
2000-02-18,1.1865229606628418,1.1875,1.1230469942092896,1.135741949081421,0.9965248107910156,4262400
2000-02-22,1.120116949081421,1.125,1.0810550451278687,1.114258050918579,0.9776743650436401,6035200
2000-02-23,1.1220699548721313,1.136718988418579,1.0703129768371582,1.1328129768371582,0.9939544200897217,5817600
2000-02-24,1.136718988418579,1.167968988418579,1.1347659826278687,1.1552729606628418,1.0136617422103882,4979200
2000-02-25,1.15625,1.1972659826278687,1.1474610567092896,1.1552729606628418,1.0136617422103882,7321600
2000-02-28,1.160156011581421,1.171875,1.1416020393371582,1.171875,1.0282281637191772,7859200
2000-02-29,1.171875,1.269531011581421,1.171875,1.2490229606628418,1.0959198474884033,8032000
2000-03-01,1.25,1.3359379768371582,1.2431639432907104,1.3359379768371582,1.1721810102462769,8390400
2000-03-02,1.332031011581421,1.332031011581421,1.2714840173721313,1.285156011581421,1.1276237964630127,7404800
2000-03-03,1.296875,1.3203129768371582,1.28125,1.2822270393371582,1.1250537633895874,2937600
2000-03-06,1.2832030057907104,1.3105469942092896,1.2753909826278687,1.2890629768371582,1.1310515403747559,7251200
2000-03-07,1.2890629768371582,1.2988280057907104,1.21875,1.2275389432907104,1.0770694017410278,3078400
2000-03-08,1.2109379768371582,1.2197270393371582,1.1464840173721313,1.1894530057907104,1.043651819229126,5856000
2000-03-09,1.1855469942092896,1.207031011581421,1.175781011581421,1.2011719942092896,1.0539346933364868,2489600
2000-03-10,1.324218988418579,1.375,1.3066409826278687,1.3457030057907104,1.180748462677002,25632000
2000-03-13,1.308593988418579,1.332031011581421,1.2871090173721313,1.300781011581421,1.1413335800170898,6028800
2000-03-14,1.3105469942092896,1.3359379768371582,1.254883050918579,1.261718988418579,1.1070595979690552,5139200
2000-03-15,1.34375,1.4052729606628418,1.300781011581421,1.3457030057907104,1.180748462677002,24646400
2000-03-16,1.3535159826278687,1.386718988418579,1.3310550451278687,1.3808590173721313,1.2115962505340576,6566400
2000-03-17,1.371093988418579,1.484375,1.359375,1.4833979606628418,1.3015657663345337,13696000
2000-03-20,1.4833979606628418,1.4921879768371582,1.449218988418579,1.4541020393371582,1.2758606672286987,9120000
2000-03-21,1.4501949548721313,1.46875,1.426758050918579,1.449218988418579,1.2715765237808228,7942400
2000-03-22,1.453125,1.4765629768371582,1.453125,1.4658199548721313,1.286142110824585,2931200
2000-03-23,1.46875,1.5371090173721313,1.46875,1.5332030057907104,1.3452653884887695,5248000
2000-03-24,1.5292969942092896,1.621093988418579,1.5078129768371582,1.5078129768371582,1.3229882717132568,13401600
2000-03-27,1.4921879768371582,1.628906011581421,1.4863280057907104,1.614258050918579,1.4163854122161865,9433600
2000-03-28,1.6113280057907104,1.6113280057907104,1.5488280057907104,1.5605469942092896,1.3692574501037598,5152000
2000-03-29,1.574218988418579,1.6025389432907104,1.503906011581421,1.5058590173721313,1.3212733268737793,6387200
2000-03-30,1.503906011581421,1.5244139432907104,1.4902340173721313,1.5058590173721313,1.3212733268737793,8723200
2000-03-31,1.519531011581421,1.604491949081421,1.5126949548721313,1.597656011581421,1.4018179178237915,9139200
2000-04-03,1.589843988418579,1.589843988418579,1.567383050918579,1.573241949081421,1.3803963661193848,8448000
2000-04-04,1.5644530057907104,1.59375,1.4140629768371582,1.578125,1.3846813440322876,13164800
2000-04-05,1.574218988418579,1.625,1.5566409826278687,1.625,1.4258103370666504,6348800
2000-04-06,1.65625,1.734375,1.6386719942092896,1.7265629768371582,1.5149235725402832,10502400
2000-04-07,1.753906011581421,1.878906011581421,1.7285159826278687,1.8535159826278687,1.6263152360916138,13446400
2000-04-10,1.875,1.875,1.8027340173721313,1.8339840173721313,1.6091768741607666,11206400
2000-04-11,1.796875,1.8339840173721313,1.730468988418579,1.832031011581421,1.6074635982513428,7980800
2000-04-12,1.833008050918579,1.8671879768371582,1.7734379768371582,1.800781011581421,1.5800437927246094,14592000
2000-04-13,1.777343988418579,1.792968988418579,1.6816409826278687,1.7714840173721313,1.554337978363037,15129600
2000-04-14,1.734375,1.734375,1.4375,1.4472659826278687,1.2698626518249512,11488000
2000-04-17,1.4609379768371582,1.5625,1.453125,1.515625,1.3298418521881104,16268800
2000-04-18,1.546875,1.78125,1.546875,1.753906011581421,1.5389150381088257,14246400
2000-04-19,1.828125,1.8359379768371582,1.7578129768371582,1.801758050918579,1.5809022188186646,7046400
2000-04-20,1.7998050451278687,1.8134770393371582,1.7353520393371582,1.765625,1.5491974353790283,5024000
2000-04-24,1.7421879768371582,1.7529300451278687,1.6953129768371582,1.7207030057907104,1.5097819566726685,5472000
2000-04-25,1.796875,1.8916020393371582,1.7792969942092896,1.875,1.6451656818389893,14060800
2000-04-26,1.875,1.984375,1.8125,1.8183590173721313,1.5954670906066895,8547200
2000-04-27,1.7871090173721313,1.953125,1.7675780057907104,1.875,1.6451656818389893,10419200
2000-04-28,1.875,2.0,1.855468988418579,1.9921879768371582,1.7479888200759888,7497600
2000-05-01,1.9453129768371582,1.9453129768371582,1.7890629768371582,1.8691409826278687,1.6400253772735596,13596800
2000-05-02,1.8496090173721313,1.917968988418579,1.7988280057907104,1.84375,1.6177457571029663,6342400
2000-05-03,1.8046879768371582,1.8046879768371582,1.582031011581421,1.613281011581421,1.4155278205871582,8630400
2000-05-04,1.65625,1.7167969942092896,1.6171879768371582,1.7109379768371582,1.5012139081954956,5680000
2000-05-05,1.703125,1.8417969942092896,1.703125,1.8417969942092896,1.616032361984253,7100800
2000-05-08,1.8417969942092896,1.9375,1.8417969942092896,1.8671879768371582,1.6383109092712402,6585600
2000-05-09,1.8515629768371582,1.875,1.589843988418579,1.6796879768371582,1.4737944602966309,8169600
2000-05-10,1.6640629768371582,1.6640629768371582,1.453125,1.488281011581421,1.3058501482009888,8780800
2000-05-11,1.496093988418579,1.5878909826278687,1.4921879768371582,1.5800780057907104,1.3863948583602905,6899200
2000-05-12,1.625,1.6855469942092896,1.609375,1.6152340173721313,1.4172416925430298,11273600
2000-05-15,1.558593988418579,1.5859379768371582,1.515625,1.5683590173721313,1.3761119842529297,8076800
2000-05-16,1.597656011581421,1.6484379768371582,1.5234379768371582,1.535156011581421,1.3469785451889038,17299200
2000-05-17,1.5234379768371582,1.535156011581421,1.484375,1.5332030057907104,1.3452653884887695,110688000
2000-05-18,1.5546879768371582,1.6386719942092896,1.53125,1.613281011581421,1.4155278205871582,72342400
2000-05-19,1.6015629768371582,1.6015629768371582,1.5371090173721313,1.5449219942092896,1.3555482625961304,17155200
2000-05-22,1.550781011581421,1.566406011581421,1.421875,1.4765629768371582,1.2955687046051025,28806400
2000-05-23,1.484375,1.519531011581421,1.453125,1.453125,1.2750033140182495,18976000
2000-05-24,1.453125,1.4609379768371582,1.3496090173721313,1.40625,1.2338744401931763,14147200
2000-05-25,1.4042969942092896,1.4550780057907104,1.3828129768371582,1.390625,1.2201645374298096,8563200
2000-05-26,1.4140629768371582,1.4277340173721313,1.355468988418579,1.4003909826278687,1.2287336587905884,5430400
2000-05-30,1.3925780057907104,1.503906011581421,1.3925780057907104,1.5,1.3161323070526123,7875200
2000-05-31,1.4765629768371582,1.5,1.3984379768371582,1.4296879768371582,1.254439353942871,10448000
2000-06-01,1.453125,1.546875,1.453125,1.5371090173721313,1.3486924171447754,12531200
2000-06-02,1.65625,1.65625,1.519531011581421,1.5957030057907104,1.4001041650772095,16736000
2000-06-05,1.5878909826278687,1.5878909826278687,1.527343988418579,1.535156011581421,1.3469785451889038,11302400
2000-06-06,1.5410159826278687,1.59375,1.53125,1.5488280057907104,1.3589752912521362,6816000
2000-06-07,1.5488280057907104,1.5839840173721313,1.5488280057907104,1.566406011581421,1.3743979930877686,5504000
2000-06-08,1.5683590173721313,1.5878909826278687,1.546875,1.5644530057907104,1.3726847171783447,3276800
2000-06-09,1.589843988418579,1.6152340173721313,1.5722659826278687,1.613281011581421,1.4155278205871582,4115200
2000-06-12,1.6152340173721313,1.6542969942092896,1.5410159826278687,1.5566409826278687,1.365830659866333,5932800
2000-06-13,1.613281011581421,1.613281011581421,1.46875,1.5527340173721313,1.3624025583267212,8620800
2000-06-14,1.5527340173721313,1.5996090173721313,1.527343988418579,1.53125,1.3435523509979248,4291200
2000-06-15,1.714843988418579,1.800781011581421,1.6464840173721313,1.769531011581421,1.5526245832443237,27286400
2000-06-16,1.800781011581421,1.8671879768371582,1.753906011581421,1.7949219942092896,1.5749032497406006,9776000
2000-06-19,1.8046879768371582,1.8359379768371582,1.7578129768371582,1.8339840173721313,1.6091768741607666,10700800
2000-06-20,1.8046879768371582,1.8691409826278687,1.765625,1.832031011581421,1.6074635982513428,9724800
2000-06-21,1.832031011581421,1.9863280057907104,1.828125,1.957031011581421,1.7171416282653809,7686400
2000-06-22,1.957031011581421,1.972656011581421,1.9082030057907104,1.953125,1.7137141227722168,8608000
2000-06-23,1.953125,1.9667969942092896,1.925781011581421,1.9375,1.7000048160552979,10841600
2000-06-26,1.9453129768371582,1.9609379768371582,1.902343988418579,1.921875,1.6862949132919312,10880000
2000-06-27,1.9296879768371582,1.953125,1.832031011581421,1.847656011581421,1.621173620223999,10710400
2000-06-28,1.859375,2.03125,1.8359379768371582,1.972656011581421,1.7308509349822998,12524800
2000-06-29,1.9746090173721313,1.980468988418579,1.8964840173721313,1.902343988418579,1.6691577434539795,12608000
2000-06-30,1.902343988418579,2.078125,1.859375,2.065429925918579,1.8122527599334717,21881600
2000-07-03,2.068358898162842,2.125,2.060547113418579,2.117187976837158,1.8576666116714478,7129600
2000-07-05,2.121093988418579,2.171875,2.050781011581421,2.072266101837158,1.8182512521743774,18467200
2000-07-06,2.068358898162842,2.09375,1.988281011581421,2.050781011581421,1.7994000911712646,11948800
2000-07-07,2.082031011581421,2.152343988418579,2.058593988418579,2.140625,1.8782308101654053,8588800
2000-07-10,2.142577886581421,2.164062976837158,2.117187976837158,2.136718988418579,1.8748031854629517,6777600
2000-07-11,2.136718988418579,2.179687976837158,2.095702886581421,2.128906011581421,1.8679481744766235,9948800
2000-07-12,2.123047113418579,2.199218988418579,2.117187976837158,2.1875,1.9193596839904785,6329600
2000-07-13,2.1875,2.1875,2.078125,2.132812976837158,1.871375322341919,9344000
2000-07-14,2.148437976837158,2.148437976837158,2.09375,2.121093988418579,1.861093282699585,4524800
2000-07-17,2.078125,2.15625,2.078125,2.142577886581421,1.8799450397491455,5228800
2000-07-18,2.160156011581421,2.179687976837158,2.042968988418579,2.046875,1.7959723472595215,9401600
2000-07-19,2.027343988418579,2.146483898162842,1.972656011581421,2.111327886581421,1.8525246381759644,10697600
2000-07-20,2.128906011581421,2.185547113418579,2.046875,2.0625,1.809682011604309,10028800
2000-07-21,2.054687976837158,2.058593988418579,1.90625,2.007812976837158,1.761698603630066,6198400
2000-07-24,2.007812976837158,2.103516101837158,2.005858898162842,2.023437976837158,1.775408387184143,3795200
2000-07-25,2.035156011581421,2.050781011581421,1.9765629768371582,1.9902340173721313,1.746274709701538,5584000
2000-07-26,2.005858898162842,2.005858898162842,1.9199219942092896,1.9375,1.7000048160552979,6505600
2000-07-27,1.859375,1.859375,1.71875,1.7363280057907104,1.5234912633895874,21628800
2000-07-28,1.7285159826278687,1.8125,1.511718988418579,1.7558590173721313,1.5406285524368286,26060800
2000-07-31,1.640625,1.6582030057907104,1.546875,1.6386719942092896,1.437806248664856,13952000
2000-08-01,1.6640629768371582,1.699218988418579,1.6171879768371582,1.667968988418579,1.4635121822357178,8684800
2000-08-02,1.636718988418579,1.7109379768371582,1.625,1.6699219942092896,1.4652258157730103,11225600
2000-08-03,1.625,1.625,1.5859379768371582,1.6015629768371582,1.4052460193634033,11347200
2000-08-04,1.625,1.703125,1.6171879768371582,1.683593988418579,1.4772218465805054,14428800
2000-08-07,1.703125,1.8359379768371582,1.703125,1.761718988418579,1.5457707643508911,10544000
2000-08-08,1.8359379768371582,1.8359379768371582,1.753906011581421,1.7792969942092896,1.5611934661865234,8048000
2000-08-09,1.796875,1.8671879768371582,1.7910159826278687,1.7949219942092896,1.5749032497406006,7664000
2000-08-10,1.7871090173721313,1.839843988418579,1.7871090173721313,1.796875,1.5766167640686035,5408000
2000-08-11,1.78125,1.816406011581421,1.746093988418579,1.7519530057907104,1.5372018814086914,3664000
2000-08-14,1.734375,1.7910159826278687,1.7265629768371582,1.78125,1.5629072189331055,2806400
2000-08-15,1.796875,1.863281011581421,1.796875,1.8417969942092896,1.616032361984253,2422400
2000-08-16,1.8808590173721313,1.984375,1.8691409826278687,1.8925780057907104,1.6605888605117798,9984000
2000-08-17,1.871093988418579,1.957031011581421,1.859375,1.9277340173721313,1.6914358139038086,6643200
2000-08-18,1.933593988418579,1.9609379768371582,1.910156011581421,1.941406011581421,1.7034318447113037,3184000
2000-08-21,1.964843988418579,1.996093988418579,1.964843988418579,1.9863280057907104,1.7428475618362427,3881600
2000-08-22,1.9921879768371582,2.037108898162842,1.9238280057907104,1.9375,1.7000048160552979,7459200
2000-08-23,1.9375,1.9785159826278687,1.9238280057907104,1.9375,1.7000048160552979,4886400
2000-08-24,1.941406011581421,1.964843988418579,1.933593988418579,1.941406011581421,1.7034318447113037,5321600
2000-08-25,1.9453129768371582,1.9511719942092896,1.9140629768371582,1.9277340173721313,1.6914358139038086,4073600
2000-08-28,1.9140629768371582,1.9375,1.8964840173721313,1.910156011581421,1.6760121583938599,2140800
2000-08-29,1.9375,1.949218988418579,1.9140629768371582,1.949218988418579,1.7102869749069214,2992000
2000-08-30,1.9765629768371582,2.101562976837158,1.9765629768371582,2.046875,1.7959723472595215,12163200
2000-08-31,2.070312976837158,2.105468988418579,2.0,2.0,1.7548432350158691,6435200
2000-09-01,2.015625,2.148437976837158,2.015625,2.080077886581421,1.8251051902770996,9056000
2000-09-05,2.09375,2.136718988418579,2.052733898162842,2.076172113418579,1.8216780424118042,5625600
2000-09-06,2.078125,2.101562976837158,2.027343988418579,2.033202886581421,1.7839763164520264,4390400
2000-09-07,2.037108898162842,2.0625,2.003906011581421,2.03125,1.7822620868682861,5388800
2000-09-08,2.03125,2.035156011581421,1.96875,1.9746090173721313,1.7325646877288818,2704000
2000-09-11,1.980468988418579,2.068358898162842,1.964843988418579,2.03125,1.7822620868682861,5552000
2000-09-12,2.046875,2.054687976837158,1.984375,1.9863280057907104,1.7428475618362427,5548800
2000-09-13,1.9628909826278687,1.964843988418579,1.9082030057907104,1.9296879768371582,1.693150281906128,4409600
2000-09-14,1.9296879768371582,1.984375,1.9296879768371582,1.9375,1.7000048160552979,4316800
2000-09-15,1.941406011581421,1.941406011581421,1.875,1.8769530057907104,1.6468791961669922,2195200
2000-09-18,1.859375,1.8964840173721313,1.7890629768371582,1.8066409826278687,1.5851858854293823,6092800
2000-09-19,1.824218988418579,1.8691409826278687,1.8125,1.839843988418579,1.614319086074829,4822400
2000-09-20,1.8359379768371582,1.8359379768371582,1.7753909826278687,1.8027340173721313,1.5817581415176392,3558400
2000-09-21,1.792968988418579,1.8046879768371582,1.7714840173721313,1.7890629768371582,1.5697627067565918,4694400
2000-09-22,1.765625,1.78125,1.7246090173721313,1.738281011581421,1.5252052545547485,3897600
2000-09-25,1.75,1.78125,1.6816409826278687,1.7167969942092896,1.5063543319702148,8099200
2000-09-26,1.707031011581421,1.753906011581421,1.6875,1.707031011581421,1.4977859258651733,5843200
2000-09-27,1.734375,1.75,1.671875,1.671875,1.466938853263855,5494400
2000-09-28,1.7050780057907104,1.734375,1.6796879768371582,1.7246090173721313,1.5132098197937012,5894400
2000-09-29,1.765625,1.7988280057907104,1.7578129768371582,1.7792969942092896,1.5611934661865234,7328000
2000-10-02,1.8125,1.8125,1.734375,1.7714840173721313,1.554337978363037,4640000
2000-10-03,1.7871090173721313,1.7871090173721313,1.7285159826278687,1.738281011581421,1.5252052545547485,6604800
2000-10-04,1.738281011581421,1.8027340173721313,1.699218988418579,1.7890629768371582,1.5697627067565918,7379200
2000-10-05,1.796875,1.8056639432907104,1.7636719942092896,1.7734379768371582,1.5560526847839355,4947200
2000-10-06,1.7734379768371582,1.7890629768371582,1.722656011581421,1.75,1.5354875326156616,2681600
2000-10-09,1.761718988418579,1.761718988418579,1.699218988418579,1.7402340173721313,1.5269192457199097,3139200
2000-10-10,1.71875,1.730468988418579,1.65625,1.6582030057907104,1.4549428224563599,6512000
2000-10-11,1.609375,1.753906011581421,1.5625,1.75,1.5354875326156616,11059200
2000-10-12,1.75,1.7988280057907104,1.59375,1.628906011581421,1.4292371273040771,5110400
2000-10-13,1.625,1.824218988418579,1.59375,1.8183590173721313,1.5954670906066895,6121600
2000-10-16,1.8730469942092896,1.875,1.7578129768371582,1.839843988418579,1.614319086074829,5795200
2000-10-17,1.917968988418579,1.9785159826278687,1.8046879768371582,1.828125,1.6040366888046265,12368000
2000-10-18,1.785156011581421,1.8847659826278687,1.746093988418579,1.7871090173721313,1.5680482387542725,9977600
2000-10-19,1.890625,2.054687976837158,1.8671879768371582,2.035156011581421,1.7856892347335815,11564800
2000-10-20,2.066406011581421,2.091797113418579,2.015625,2.033202886581421,1.7839763164520264,6339200
2000-10-23,2.044922113418579,2.132812976837158,2.027343988418579,2.113281011581421,1.8542389869689941,5148800
2000-10-24,2.09375,2.117187976837158,2.041016101837158,2.070312976837158,1.8165379762649536,6864000
2000-10-25,2.019531011581421,2.021483898162842,1.9433590173721313,1.953125,1.7137141227722168,5401600
2000-10-26,1.9453129768371582,1.9765629768371582,1.8847659826278687,1.9765629768371582,1.7342792749404907,4912000
2000-10-27,1.9765629768371582,2.003906011581421,1.953125,1.9628909826278687,1.7222838401794434,3360000
2000-10-30,1.9472659826278687,1.984375,1.894531011581421,1.984375,1.7411335706710815,3254400
2000-10-31,1.9765629768371582,2.029297113418579,1.9765629768371582,2.007812976837158,1.761698603630066,6662400
2000-11-01,2.019531011581421,2.023437976837158,1.9941409826278687,2.017577886581421,1.7702670097351074,3164800
2000-11-02,2.03125,2.03125,2.007812976837158,2.029297113418579,1.7805492877960205,2620800
2000-11-03,2.029297113418579,2.050781011581421,2.013672113418579,2.03125,1.7822620868682861,2374400
2000-11-06,2.03125,2.03125,1.9902340173721313,2.003906011581421,1.758270502090454,3200000
2000-11-07,1.996093988418579,2.003906011581421,1.980468988418579,1.9863280057907104,1.7428475618362427,2860800
2000-11-08,1.9824219942092896,2.015625,1.9824219942092896,2.003906011581421,1.758270502090454,2179200
2000-11-09,1.9921879768371582,2.003906011581421,1.9296879768371582,1.949218988418579,1.7102869749069214,4086400
2000-11-10,1.90625,1.910156011581421,1.8535159826278687,1.886718988418579,1.6554486751556396,2400000
2000-11-13,1.859375,1.875,1.78125,1.8691409826278687,1.6400253772735596,3664000
2000-11-14,1.8984379768371582,1.9375,1.8808590173721313,1.9375,1.7000048160552979,2300800
2000-11-15,1.957031011581421,2.029297113418579,1.925781011581421,2.019531011581421,1.7719804048538208,3145600
2000-11-16,2.019531011581421,2.025391101837158,1.96875,1.9785159826278687,1.7359927892684937,3414400
2000-11-17,1.972656011581421,1.984375,1.9238280057907104,1.9746090173721313,1.7325646877288818,1465600
2000-11-20,1.9589840173721313,1.9609379768371582,1.8300780057907104,1.8417969942092896,1.616032361984253,4710400
2000-11-21,1.8183590173721313,1.890625,1.8125,1.8769530057907104,1.6468791961669922,3984000
2000-11-22,1.8574219942092896,1.8730469942092896,1.828125,1.859375,1.6314555406570435,2931200
2000-11-24,1.855468988418579,1.855468988418579,1.644531011581421,1.644531011581421,1.4429466724395752,12345600
2000-11-27,1.7734379768371582,1.8828129768371582,1.738281011581421,1.8828129768371582,1.6520206928253174,16380800
2000-11-28,1.859375,1.863281011581421,1.7421879768371582,1.7558590173721313,1.5406285524368286,9894400
2000-11-29,1.7402340173721313,1.796875,1.7402340173721313,1.7890629768371582,1.5697627067565918,5568000
2000-11-30,1.78125,1.78125,1.4902340173721313,1.667968988418579,1.4635121822357178,17353600
2000-12-01,1.6875,1.734375,1.6484379768371582,1.7011719942092896,1.492645263671875,8428800
2000-12-04,1.7089840173721313,1.7109379768371582,1.625,1.6464840173721313,1.4446609020233154,6256000
2000-12-05,1.6621090173721313,1.699218988418579,1.6582030057907104,1.6875,1.480649471282959,9987200
2000-12-06,1.7109379768371582,1.7597659826278687,1.6738280057907104,1.6894530057907104,1.4823628664016724,5136000
2000-12-07,1.671875,1.7128909826278687,1.6464840173721313,1.7089840173721313,1.499499797821045,2777600
2000-12-08,1.746093988418579,1.8105469942092896,1.738281011581421,1.7753909826278687,1.5577670335769653,5404800
2000-12-11,1.7988280057907104,1.8808590173721313,1.7988280057907104,1.84375,1.6177457571029663,6358400
2000-12-12,1.839843988418579,1.839843988418579,1.7558590173721313,1.7578129768371582,1.542343020439148,2297600
2000-12-13,1.7734379768371582,1.792968988418579,1.7128909826278687,1.7128909826278687,1.5029277801513672,4339200
2000-12-14,1.714843988418579,1.7285159826278687,1.6386719942092896,1.65625,1.4532291889190674,4396800
2000-12-15,1.625,1.625,1.375,1.386718988418579,1.2167375087738037,32435200
2000-12-18,1.4296879768371582,1.4511719942092896,1.2207030057907104,1.339843988418579,1.1756082773208618,34566400
2000-12-19,1.3515629768371582,1.371093988418579,1.2089840173721313,1.2421879768371582,1.0899227857589722,25107200
2000-12-20,1.222656011581421,1.2265629768371582,1.0,1.0605469942092896,0.9305466413497925,82339200
2000-12-21,1.066406011581421,1.109375,1.027343988418579,1.0449219942092896,0.9168369770050049,38624000
2000-12-22,1.066406011581421,1.1542969942092896,1.0390629768371582,1.0722659826278687,0.9408293962478638,22188800
2000-12-26,1.0800780057907104,1.109375,1.0566409826278687,1.0625,0.9322605729103088,13782400
2000-12-27,1.078125,1.125,1.066406011581421,1.0703129768371582,0.9391158819198608,21248000
2000-12-28,1.0703129768371582,1.121093988418579,1.0703129768371582,1.1113280057907104,0.9751029014587402,19353600
2000-12-29,1.1308590173721313,1.2265629768371582,1.1269530057907104,1.2246090173721313,1.0744986534118652,21456000
2001-01-02,1.2089840173721313,1.214843988418579,1.160156011581421,1.1972659826278687,1.0505070686340332,28924800
2001-01-03,1.1699219942092896,1.2714840173721313,1.140625,1.2285159826278687,1.0779266357421875,16809600
2001-01-04,1.230468988418579,1.300781011581421,1.21875,1.28125,1.1241965293884277,13910400
2001-01-05,1.292968988418579,1.3046879768371582,1.1738280057907104,1.1738280057907104,1.0299423933029175,9136000
2001-01-08,1.2109379768371582,1.234375,1.1660159826278687,1.222656011581421,1.0727845430374146,8924800
2001-01-09,1.2207030057907104,1.2207030057907104,1.1972659826278687,1.207031011581421,1.059075117111206,5004800
2001-01-10,1.199218988418579,1.292968988418579,1.183593988418579,1.285156011581421,1.1276237964630127,11808000
2001-01-11,1.277343988418579,1.3828129768371582,1.2636719942092896,1.3730469942092896,1.2047410011291504,17011200
2001-01-12,1.394531011581421,1.441406011581421,1.371093988418579,1.4160159826278687,1.242443323135376,10857600
2001-01-16,1.417968988418579,1.457031011581421,1.3828129768371582,1.453125,1.2750033140182495,10380800
2001-01-17,1.480468988418579,1.5390629768371582,1.480468988418579,1.4902340173721313,1.3075636625289917,15004800
2001-01-18,1.511718988418579,1.5292969942092896,1.464843988418579,1.519531011581421,1.333269715309143,13497600
2001-01-19,1.5859379768371582,1.5859379768371582,1.558593988418579,1.558593988418579,1.367544412612915,8057600
2001-01-22,1.5605469942092896,1.5605469942092896,1.488281011581421,1.5058590173721313,1.3212733268737793,10048000
2001-01-23,1.5058590173721313,1.527343988418579,1.4453129768371582,1.46875,1.288712739944458,17436800
2001-01-24,1.457031011581421,1.5390629768371582,1.457031011581421,1.5019530057907104,1.3178465366363525,9459200
2001-01-25,1.5,1.5,1.464843988418579,1.4746090173721313,1.2938542366027832,5321600
2001-01-26,1.433593988418579,1.4765629768371582,1.4277340173721313,1.46875,1.288712739944458,5299200
2001-01-29,1.4609379768371582,1.4887499809265137,1.4515630006790161,1.4765629768371582,1.2955687046051025,5955200
2001-01-30,1.479688048362732,1.5187499523162842,1.475000023841858,1.516563057899475,1.330665111541748,5571200
2001-01-31,1.521875023841858,1.5499999523162842,1.506250023841858,1.5125000476837158,1.3271005153656006,5456000
2001-02-01,1.5281250476837158,1.5390629768371582,1.5171879529953003,1.5328129529953003,1.344923496246338,6124800
2001-02-02,1.5234379768371582,1.53125,1.4559379816055298,1.4562499523162842,1.277745008468628,6998400
2001-02-05,1.40625,1.4075000286102295,1.3515629768371582,1.3825000524520874,1.2130358219146729,10396800
2001-02-06,1.3821879625320435,1.443750023841858,1.370313048362732,1.426563024520874,1.2516975402832031,6659200
2001-02-07,1.401563048362732,1.4203130006790161,1.3515629768371582,1.3696880340576172,1.2017945051193237,6793600
2001-02-08,1.34375,1.3565629720687866,1.2971880435943604,1.3093750476837158,1.1488739252090454,8384000
2001-02-09,1.3112499713897705,1.3112499713897705,1.25,1.2668750286102295,1.1115838289260864,7929600
2001-02-12,1.25,1.260938048362732,1.2359379529953003,1.260938048362732,1.1063745021820068,9894400
2001-02-13,1.2687499523162842,1.292188048362732,1.261875033378601,1.2687499523162842,1.1132287979125977,5328000
2001-02-14,1.28125,1.287500023841858,1.221250057220459,1.2484380006790161,1.0954065322875977,8192000
2001-02-15,1.265625,1.410938024520874,1.265625,1.3515629768371582,1.185890793800354,12496000
2001-02-16,1.2734379768371582,1.3046879768371582,1.25,1.2840629816055298,1.1266645193099976,10435200
2001-02-20,1.296875,1.2999999523162842,1.21875,1.2190630435943604,1.0696321725845337,9625600
2001-02-21,1.1875,1.2421879768371582,1.1875,1.2062499523162842,1.058389663696289,8704000
2001-02-22,1.2046879529953003,1.2468750476837158,1.1687500476837158,1.2100000381469727,1.0616800785064697,7417600
2001-02-23,1.1953129768371582,1.196874976158142,1.114063024520874,1.1906249523162842,1.0446796417236328,8905600
2001-02-26,1.207813024520874,1.328125,1.2000000476837158,1.2937500476837158,1.1351643800735474,12259200
2001-02-27,1.265625,1.265625,1.140625,1.1593749523162842,1.0172606706619263,12000000
2001-02-28,1.151563048362732,1.15625,1.1109379529953003,1.115625023841858,0.9788732528686523,9526400
2001-03-01,1.115625023841858,1.1159379482269287,1.09375,1.109375,0.9733890295028687,5830400
2001-03-02,1.078125,1.2062499523162842,1.0499999523162842,1.1440629959106445,1.0038259029388428,25088000
2001-03-05,1.1425000429153442,1.171875,1.1328129768371582,1.145313024520874,1.004922866821289,8752000
2001-03-06,1.15625,1.223438024520874,1.15625,1.2103129625320435,1.0619547367095947,14720000
2001-03-07,1.212499976158142,1.2265629768371582,1.203125,1.225000023841858,1.0748417377471924,9510400
2001-03-08,1.212499976158142,1.234375,1.1996879577636719,1.2174999713897705,1.0682613849639893,7478400
2001-03-09,1.2081249952316284,1.2081249952316284,1.131250023841858,1.1578129529953003,1.0158902406692505,6355200
2001-03-12,1.103124976158142,1.103124976158142,1.0640629529953003,1.0703129768371582,0.9391158819198608,11312000
2001-03-13,1.082813024520874,1.09375,1.044374942779541,1.0715630054473877,0.9402126669883728,9619200
2001-03-14,1.046875,1.0812499523162842,1.0296880006790161,1.046875,0.9185506105422974,10684800
2001-03-15,1.067188024520874,1.067188024520874,1.03125,1.0390629768371582,0.9116965532302856,6604800
2001-03-16,1.0437500476837158,1.046875,0.9484379887580872,0.9484379887580872,0.8321801424026489,14883200
2001-03-19,0.9484379887580872,1.010938048362732,0.8843749761581421,0.9953129887580872,0.8733091950416565,28816000
2001-03-20,0.9906250238418579,0.9937499761581421,0.965624988079071,0.989687979221344,0.8683738112449646,12601600
2001-03-21,1.0031249523162842,1.0031249523162842,0.96875,0.981249988079071,0.8609699010848999,9609600
2001-03-22,0.971875011920929,0.9765629768371582,0.9453129768371582,0.9715629816055298,0.8524706959724426,14003200
2001-03-23,0.9859380125999451,1.067188024520874,0.9859380125999451,1.0593750476837158,0.9295185208320618,13779200
2001-03-26,1.0625,1.0703129768371582,1.0368750095367432,1.0371880531311035,0.9100512862205505,11558400
2001-03-27,1.042188048362732,1.0499999523162842,1.03125,1.0499999523162842,0.9212925434112549,6089600
2001-03-28,1.042188048362732,1.0453130006790161,0.9678130149841309,0.9678130149841309,0.8491802215576172,10707200
2001-03-29,0.953125,0.9796879887580872,0.9375,0.9437500238418579,0.8280669450759888,20054400
2001-03-30,0.9375,0.987500011920929,0.934374988079071,0.984375,0.863711953163147,24700800
2001-04-02,0.984375,0.984375,0.965624988079071,0.96875,0.8500024080276489,7878400
2001-04-03,0.953125,0.953125,0.921875,0.9281250238418579,0.8143571019172668,16000000
2001-04-04,0.9203130006790161,0.9515630006790161,0.9096879959106445,0.9356250166893005,0.8209375143051147,9628800
2001-04-05,0.9640629887580872,1.0,0.956250011920929,1.0,0.8774216175079346,8268800
2001-04-06,0.9937499761581421,0.9937499761581421,0.9328129887580872,0.9624999761581421,0.8445183634757996,5683200
2001-04-09,0.9750000238418579,1.027500033378601,0.965624988079071,1.003749966621399,0.88071209192276,12633600
2001-04-10,1.03125,1.103124976158142,1.0296880006790161,1.0909379720687866,0.9572127461433411,8236800
2001-04-11,1.1171879768371582,1.203125,1.1171879768371582,1.1546880006790161,1.013148546218872,14886400
2001-04-12,1.1281249523162842,1.2062499523162842,1.1171879768371582,1.203125,1.0556483268737793,7849600
2001-04-16,1.1875,1.1875,1.118749976158142,1.151563048362732,1.0104068517684937,12025600
2001-04-17,1.1437499523162842,1.1687500476837158,1.1218750476837158,1.1578129529953003,1.0158902406692505,10518400
2001-04-18,1.234375,1.265625,1.214063048362732,1.254688024520874,1.1008905172348022,12710400
2001-04-19,1.2468750476837158,1.375,1.234375,1.375,1.2064546346664429,13270400
2001-04-20,1.3671879768371582,1.3671879768371582,1.3140629529953003,1.3159379959106445,1.154632568359375,4726400
2001-04-23,1.265625,1.2781250476837158,1.2578129768371582,1.2668750286102295,1.1115838289260864,5395200
2001-04-24,1.2668750286102295,1.2684379816055298,1.2290630340576172,1.2290630340576172,1.078406810760498,6268800
2001-04-25,1.2109379768371582,1.2759380340576172,1.1875,1.265625,1.110486626625061,8137600
2001-04-26,1.28125,1.321874976158142,1.260938048362732,1.3203129768371582,1.158471703529358,7043200
2001-04-27,1.34375,1.359375,1.328125,1.339063048362732,1.1749228239059448,6505600
2001-04-30,1.339063048362732,1.354688048362732,1.3156249523162842,1.3156249523162842,1.1543580293655396,13833600
2001-05-01,1.3156249523162842,1.3468749523162842,1.3109380006790161,1.3450000286102295,1.1801320314407349,5132800
2001-05-02,1.3671879768371582,1.479688048362732,1.3671879768371582,1.4203130006790161,1.2462137937545776,17353600
2001-05-03,1.401563048362732,1.4521880149841309,1.3890630006790161,1.431249976158142,1.2558096647262573,19996800
2001-05-04,1.40625,1.4765629768371582,1.390625,1.46875,1.288712739944458,15776000
2001-05-07,1.453125,1.46875,1.4375,1.4581249952316284,1.2793902158737183,8499200
2001-05-08,1.46875,1.46875,1.4515630006790161,1.46875,1.288712739944458,5017600
2001-05-09,1.453125,1.5171879529953003,1.446874976158142,1.4903130531311035,1.3076331615447998,10787200
2001-05-10,1.5031249523162842,1.5031249523162842,1.469688057899475,1.4800000190734863,1.2985841035842896,7417600
2001-05-11,1.46875,1.484375,1.465000033378601,1.471250057220459,1.2909067869186401,4198400
2001-05-14,1.4546879529953003,1.478124976158142,1.4515630006790161,1.475000023841858,1.2941970825195312,4710400
2001-05-15,1.475000023841858,1.4803129434585571,1.459375023841858,1.4671880006790161,1.2873426675796509,6035200
2001-05-16,1.4546879529953003,1.4812500476837158,1.453125,1.4737499952316284,1.2931002378463745,9836800
2001-05-17,1.4812500476837158,1.6315629482269287,1.4812500476837158,1.618749976158142,1.4203258752822876,21398400
2001-05-18,1.634374976158142,1.6521879434585571,1.603124976158142,1.649999976158142,1.4477450847625732,9056000
2001-05-21,1.665624976158142,1.766563057899475,1.65625,1.765625,1.5491974353790283,11308800
2001-05-22,1.78125,1.8121880292892456,1.745313048362732,1.7625000476837158,1.54645574092865,12627200
2001-05-23,1.745313048362732,1.7456250190734863,1.6725000143051147,1.692188024520874,1.4847630262374878,18179200
2001-05-24,1.6928130388259888,1.6928130388259888,1.6265629529953003,1.65625,1.4532291889190674,7875200
2001-05-25,1.6687500476837158,1.6749999523162842,1.640625,1.6484379768371582,1.4463756084442139,5187200
2001-05-29,1.640625,1.6484379768371582,1.582813024520874,1.5831249952316284,1.3890681266784668,7488000
2001-05-30,1.546875,1.579063057899475,1.5153130292892456,1.5187499523162842,1.3325836658477783,18534400
2001-05-31,1.53125,1.587499976158142,1.53125,1.5821880102157593,1.3882460594177246,7360000
2001-06-01,1.609375,1.6124999523162842,1.5724999904632568,1.5750000476837158,1.3819392919540405,7548800
2001-06-04,1.5437500476837158,1.5625,1.5171879529953003,1.53125,1.3435523509979248,9094400
2001-06-05,1.5390629768371582,1.59375,1.537500023841858,1.5859379768371582,1.3915363550186157,9804800
2001-06-06,1.584375023841858,1.6062500476837158,1.5656249523162842,1.6003129482269287,1.4041495323181152,4246400
2001-06-07,1.5859379768371582,1.6124999523162842,1.5750000476837158,1.5978130102157593,1.4019560813903809,4307200
2001-06-08,1.537500023841858,1.537500023841858,1.479688048362732,1.495313048362732,1.312019944190979,14432000
2001-06-11,1.4874999523162842,1.5006250143051147,1.4375,1.4500000476837158,1.272261619567871,10134400
2001-06-12,1.431249976158142,1.431249976158142,1.390625,1.4118750095367432,1.2388097047805786,10633600
2001-06-13,1.4121880531311035,1.415624976158142,1.3875000476837158,1.4006249904632568,1.2289385795593262,8803200
2001-06-14,1.3828129768371582,1.3828129768371582,1.3156249523162842,1.3296879529953003,1.1666971445083618,10489600
2001-06-15,1.3046879768371582,1.3406250476837158,1.2312500476837158,1.2596880197525024,1.1052782535552979,15305600
2001-06-18,1.259374976158142,1.260938048362732,1.203125,1.2062499523162842,1.058389663696289,9056000
2001-06-19,1.214063048362732,1.2218749523162842,1.103124976158142,1.140625,1.0008091926574707,20633600
2001-06-20,1.1218750476837158,1.1234380006790161,1.070937991142273,1.111562967300415,0.9753100275993347,16739200
2001-06-21,1.1171879768371582,1.165624976158142,1.095937967300415,1.160938024520874,1.0186325311660767,19900800
2001-06-22,1.160938024520874,1.1749999523162842,1.1390630006790161,1.160938024520874,1.0186325311660767,10412800
2001-06-25,1.1687500476837158,1.1946879625320435,1.1593749523162842,1.1796879768371582,1.0350842475891113,15510400
2001-06-26,1.1640629768371582,1.1749999523162842,1.1262500286102295,1.1593749523162842,1.0172606706619263,8688000
2001-06-27,1.1640629768371582,1.181249976158142,1.1531250476837158,1.1687500476837158,1.0254868268966675,5616000
2001-06-28,1.181249976158142,1.239063024520874,1.181249976158142,1.223438024520874,1.073471188545227,11808000
2001-06-29,1.2265629768371582,1.2781250476837158,1.2265629768371582,1.2515629529953003,1.0981483459472656,10396800
2001-07-02,1.254688024520874,1.2578129768371582,1.2421879768371582,1.25,1.0967769622802734,5251200
2001-07-03,1.2468750476837158,1.2578129768371582,1.2421879768371582,1.2515629529953003,1.0981483459472656,3152000
2001-07-05,1.243749976158142,1.2531249523162842,1.2328130006790161,1.240625023841858,1.0885509252548218,5737600
2001-07-06,1.225000023841858,1.225000023841858,1.192188024520874,1.203125,1.0556483268737793,7440000
2001-07-09,1.2034380435943604,1.256250023841858,1.2034380435943604,1.2359379529953003,1.0844388008117676,8579200
2001-07-10,1.2515629529953003,1.2934379577636719,1.245313048362732,1.2615629434585571,1.1069228649139404,19286400
2001-07-11,1.25,1.265625,1.228124976158142,1.256250023841858,1.102260708808899,14288000
2001-07-12,1.2734379768371582,1.303125023841858,1.2578129768371582,1.2690629959106445,1.113503336906433,15766400
2001-07-13,1.276563048362732,1.285938024520874,1.265625,1.269374966621399,1.113776683807373,5558400
2001-07-16,1.274999976158142,1.2806249856948853,1.265625,1.2784379720687866,1.1217291355133057,3958400
2001-07-17,1.2784379720687866,1.296875,1.2531249523162842,1.292188048362732,1.1337940692901611,5337600
2001-07-18,1.28125,1.34375,1.2781250476837158,1.294374942779541,1.1357128620147705,9443200
2001-07-19,1.303125023841858,1.3468749523162842,1.301563024520874,1.3321880102157593,1.1688907146453857,5894400
2001-07-20,1.318750023841858,1.321874976158142,1.3025000095367432,1.3112499713897705,1.150519609451294,5091200
2001-07-23,1.3165630102157593,1.3359379768371582,1.3109380006790161,1.331874966621399,1.168615698814392,5155200
2001-07-24,1.3321880102157593,1.34375,1.3250000476837158,1.3278130292892456,1.1650519371032715,8553600
2001-07-25,1.3265630006790161,1.3353129625320435,1.2999999523162842,1.3125,1.1516156196594238,13270400
2001-07-26,1.3125,1.3125,1.274999976158142,1.2928129434585571,1.1343419551849365,9123200
2001-07-27,1.2953130006790161,1.296875,1.2734379768371582,1.2781250476837158,1.1214543581008911,10566400
2001-07-30,1.2784379720687866,1.321874976158142,1.2784379720687866,1.307813048362732,1.1475028991699219,8995200
2001-07-31,1.306249976158142,1.3125,1.294374942779541,1.2962499856948853,1.1373577117919922,4656000
2001-08-01,1.296875,1.328125,1.2953130006790161,1.3131250143051147,1.1521644592285156,14169600
2001-08-02,1.359375,1.426563024520874,1.3562500476837158,1.418125033378601,1.2442939281463623,12384000
2001-08-03,1.4234379529953003,1.4359380006790161,1.4046880006790161,1.4203130006790161,1.2462137937545776,7955200
2001-08-06,1.4203130006790161,1.4203130006790161,1.3937499523162842,1.4053130149841309,1.233052372932434,6236800
2001-08-07,1.399999976158142,1.402500033378601,1.3781249523162842,1.3865629434585571,1.2166008949279785,4579200
2001-08-08,1.3734380006790161,1.3853130340576172,1.3609379529953003,1.368749976158142,1.200971007347107,6553600
2001-08-09,1.3671879768371582,1.3781249523162842,1.3515629768371582,1.3709379434585571,1.2028905153274536,6588800
2001-08-10,1.371250033378601,1.391563057899475,1.34375,1.3878129720687866,1.217697024345398,3366400
2001-08-13,1.3878129720687866,1.3878129720687866,1.3537499904632568,1.3609379529953003,1.194116473197937,3308800
2001-08-14,1.354688048362732,1.3624999523162842,1.3453129529953003,1.3453129529953003,1.1804068088531494,4732800
2001-08-15,1.3456250429153442,1.3456250429153442,1.303125023841858,1.3121880292892456,1.1513423919677734,5484800
2001-08-16,1.2531249523162842,1.317188024520874,1.214063048362732,1.2999999523162842,1.1406484842300415,10662400
2001-08-17,1.2843749523162842,1.3046879768371582,1.243749976158142,1.2843749523162842,1.1269384622573853,7004800
2001-08-20,1.2828129529953003,1.292188048362732,1.2471879720687866,1.2890629768371582,1.1310515403747559,7059200
2001-08-21,1.290624976158142,1.2937500476837158,1.2309379577636719,1.2312500476837158,1.0803250074386597,8048000
2001-08-22,1.239063024520874,1.240625023841858,1.2000000476837158,1.2359379529953003,1.0844388008117676,8236800
2001-08-23,1.243749976158142,1.2531249523162842,1.2112499475479126,1.216249942779541,1.0671640634536743,2755200
2001-08-24,1.229688048362732,1.303125023841858,1.2181249856948853,1.2981250286102295,1.1390029191970825,4944000
2001-08-27,1.290624976158142,1.303125023841858,1.2625000476837158,1.2865630388259888,1.1288585662841797,4182400
2001-08-28,1.2868750095367432,1.2868750095367432,1.25,1.265625,1.110486626625061,3264000
2001-08-29,1.2734379768371582,1.2778129577636719,1.240625023841858,1.274062991142273,1.117890477180481,3222400
2001-08-30,1.256250023841858,1.256250023841858,1.2059379816055298,1.2256250381469727,1.0753904581069946,6844800
2001-08-31,1.225000023841858,1.265625,1.223438024520874,1.2634379863739014,1.1085679531097412,4147200
2001-09-04,1.2634379863739014,1.2634379863739014,1.2065629959106445,1.206874966621399,1.0589380264282227,6268800
2001-09-05,1.1843750476837158,1.1843750476837158,1.1078130006790161,1.1096880435943604,0.9736636877059937,22105600
2001-09-06,1.09375,1.1062500476837158,1.078125,1.104688048362732,0.9692770838737488,14323200
2001-09-07,1.1015629768371582,1.1218750476837158,1.0812499523162842,1.120313048362732,0.9829869270324707,9043200
2001-09-10,1.1328129768371582,1.1328129768371582,1.094688057899475,1.1100000143051147,0.9739376902580261,5763200
2001-09-17,1.0906250476837158,1.103124976158142,1.067188024520874,1.073438048362732,0.9418578147888184,9302400
2001-09-18,1.089063048362732,1.103124976158142,1.0471880435943604,1.053125023841858,0.9240349531173706,6080000
2001-09-19,1.053125023841858,1.0656249523162842,1.0,1.0637500286102295,0.9333571195602417,7651200
2001-09-20,1.056249976158142,1.125,1.053125023841858,1.0750000476837158,0.9432287812232971,15376000
2001-09-21,1.0640629529953003,1.1218750476837158,1.024999976158142,1.09375,0.9596798419952393,13955200
2001-09-24,1.1328129768371582,1.1796879768371582,1.109375,1.1578129529953003,1.0158902406692505,8707200
2001-09-25,1.160938024520874,1.1843750476837158,1.1421879529953003,1.1437499523162842,1.0035511255264282,6105600
2001-09-26,1.140625,1.1437499523162842,1.104688048362732,1.1065629720687866,0.9709222316741943,10854400
2001-09-27,1.1065629720687866,1.1078130006790161,1.0437500476837158,1.078125,0.9459701776504517,13280000
2001-09-28,1.0793750286102295,1.1153130531311035,1.078125,1.0859379768371582,0.9528257846832275,8041600
2001-10-01,1.0856250524520874,1.0906250476837158,1.0625,1.0696879625320435,0.938567578792572,5862400
2001-10-02,1.0625,1.071874976158142,1.0256249904632568,1.0362499952316284,0.9092279672622681,10761600
2001-10-03,1.015625,1.100000023841858,1.015625,1.0953129529953003,0.9610514044761658,15907200
2001-10-04,1.109375,1.1531250476837158,1.0968749523162842,1.1349999904632568,0.9958738684654236,22172800
2001-10-05,1.1349999904632568,1.1349999904632568,1.1124999523162842,1.1265629529953003,0.9884704947471619,4998400
2001-10-08,1.125,1.1915630102157593,1.115625023841858,1.1890629529953003,1.0433096885681152,9328000
2001-10-09,1.1890629529953003,1.1996879577636719,1.162500023841858,1.1796879768371582,1.0350842475891113,7680000
2001-10-10,1.1796879768371582,1.2303129434585571,1.176563024520874,1.2253129482269287,1.0751162767410278,5651200
2001-10-11,1.2531249523162842,1.2996879816055298,1.2484380006790161,1.2687499523162842,1.1132287979125977,10640000
2001-10-12,1.2531249523162842,1.28125,1.2468750476837158,1.2803130149841309,1.123374342918396,6387200
2001-10-15,1.260938048362732,1.2649999856948853,1.2359379529953003,1.2590630054473877,1.1047288179397583,3840000
2001-10-16,1.2590630054473877,1.292188048362732,1.2590630054473877,1.290624976158142,1.1324224472045898,5673600
2001-10-17,1.3125,1.3265630006790161,1.2953130006790161,1.301563024520874,1.142019510269165,10985600
2001-10-18,1.2937500476837158,1.3168749809265137,1.285938024520874,1.2909380197525024,1.1326968669891357,7718400
2001-10-19,1.290624976158142,1.321874976158142,1.290624976158142,1.3190629482269287,1.157374620437622,6870400
2001-10-22,1.3156249523162842,1.3250000476837158,1.2815630435943604,1.3143750429153442,1.153261423110962,4995200
2001-10-23,1.3221880197525024,1.328125,1.301563024520874,1.3156249523162842,1.1543580293655396,3516800
2001-10-24,1.318750023841858,1.318750023841858,1.290624976158142,1.3118749856948853,1.1510671377182007,3875200
2001-10-25,1.3040629625320435,1.34375,1.2999999523162842,1.3312499523162842,1.1680675745010376,13539200
2001-10-26,1.332813024520874,1.3890630006790161,1.332813024520874,1.3853130340576172,1.215503454208374,14121600
2001-10-29,1.40625,1.4271880388259888,1.3265630006790161,1.3453129529953003,1.1804068088531494,14144000
2001-10-30,1.328125,1.339063048362732,1.3140629529953003,1.3359379768371582,1.1721810102462769,8924800
2001-10-31,1.34375,1.3921879529953003,1.34375,1.3921879529953003,1.2215361595153809,9267200
2001-11-01,1.3921879529953003,1.4562499523162842,1.3912500143051147,1.4534380435943604,1.2752779722213745,12652800
2001-11-02,1.4534380435943604,1.496250033378601,1.4296879768371582,1.479688048362732,1.298310399055481,6803200
2001-11-05,1.4859379529953003,1.5140630006790161,1.484375,1.4846880435943604,1.3026975393295288,6544000
2001-11-06,1.4846880435943604,1.4846880435943604,1.4331250190734863,1.46875,1.288712739944458,8598400
2001-11-07,1.4656250476837158,1.506250023841858,1.4609379768371582,1.5,1.3161323070526123,6662400
2001-11-08,1.5075000524520874,1.53125,1.4924999475479126,1.5040630102157593,1.3196980953216553,6105600
2001-11-09,1.5043749809265137,1.5043749809265137,1.4543750286102295,1.4774999618530273,1.296391248703003,3856000
2001-11-12,1.5,1.5068750381469727,1.473438024520874,1.5,1.3161323070526123,5747200
2001-11-13,1.5343749523162842,1.537500023841858,1.492812991142273,1.5162500143051147,1.3303903341293335,6524800
2001-11-14,1.53125,1.540624976158142,1.515625,1.5168750286102295,1.3309391736984253,6060800
2001-11-15,1.5168750286102295,1.547813057899475,1.5125000476837158,1.521875023841858,1.3353257179260254,5942400
2001-11-16,1.509374976158142,1.5309380292892456,1.5056250095367432,1.5078129768371582,1.3229882717132568,8291200
2001-11-19,1.5187499523162842,1.521875023841858,1.479688048362732,1.492812991142273,1.3098268508911133,4764800
2001-11-20,1.489063024520874,1.4893749952316284,1.4453129768371582,1.4515630006790161,1.273633360862732,6809600
2001-11-21,1.4375,1.4406249523162842,1.4168750047683716,1.4368749856948853,1.2607446908950806,4240000
2001-11-23,1.4343750476837158,1.478124976158142,1.4340629577636719,1.462499976158142,1.2832295894622803,1846400
2001-11-26,1.4671880006790161,1.484375,1.4434380531311035,1.4762500524520874,1.2952946424484253,6521600
2001-11-27,1.475000023841858,1.5125000476837158,1.4671880006790161,1.480625033378601,1.2991328239440918,7718400
2001-11-28,1.4765629768371582,1.5,1.462499976158142,1.4690630435943604,1.2889878749847412,6854400
2001-11-29,1.4690630435943604,1.4874999523162842,1.4653129577636719,1.4824999570846558,1.3007774353027344,2790400
2001-11-30,1.4824999570846558,1.4984380006790161,1.462499976158142,1.4812500476837158,1.2996807098388672,4732800
2001-12-03,1.4765629768371582,1.4821879863739014,1.46875,1.46875,1.288712739944458,4188800
2001-12-04,1.484375,1.515625,1.4800000190734863,1.5071879625320435,1.3224393129348755,7760000
2001-12-05,1.5078129768371582,1.5934380292892456,1.506250023841858,1.5859379768371582,1.3915363550186157,13523200
2001-12-06,1.5859379768371582,1.6546880006790161,1.5834380388259888,1.615625023841858,1.4175845384597778,8172800
2001-12-07,1.609375,1.6328129768371582,1.5968749523162842,1.5987499952316284,1.4027777910232544,6985600
2001-12-10,1.5953129529953003,1.604688048362732,1.571874976158142,1.5721880197525024,1.3794721364974976,5068800
2001-12-11,1.5721880197525024,1.611562967300415,1.5721880197525024,1.5940630435943604,1.3986656665802002,2579200
2001-12-12,1.600000023841858,1.6062500476837158,1.5625,1.591249942779541,1.396196961402893,4243200
2001-12-13,1.5750000476837158,1.5809379816055298,1.4921879768371582,1.5125000476837158,1.3271005153656006,10028800
2001-12-14,1.5125000476837158,1.5328129529953003,1.5,1.5328129529953003,1.344923496246338,4259200
2001-12-17,1.5281250476837158,1.573438048362732,1.524999976158142,1.5606249570846558,1.369326114654541,4236800
2001-12-18,1.5625,1.5840630531311035,1.551563024520874,1.5643750429153442,1.372617244720459,4672000
2001-12-19,1.5593750476837158,1.5593750476837158,1.5346879959106445,1.5425000190734863,1.3534233570098877,10326400
2001-12-20,1.535938024520874,1.5403130054473877,1.4859379529953003,1.4965629577636719,1.3131167888641357,10083200
2001-12-21,1.4965629577636719,1.510938048362732,1.4643750190734863,1.4984380006790161,1.3147618770599365,5132800
2001-12-24,1.4921879768371582,1.5056250095367432,1.4840630292892456,1.484375,1.3024230003356934,921600
2001-12-26,1.4903130531311035,1.5056250095367432,1.4787499904632568,1.4900000095367432,1.3073585033416748,4236800
2001-12-27,1.4968750476837158,1.5031249523162842,1.4862500429153442,1.5,1.3161323070526123,6374400
2001-12-28,1.5,1.524999976158142,1.489063024520874,1.5134379863739014,1.327923059463501,4521600
2001-12-31,1.5171879529953003,1.5171879529953003,1.4874999523162842,1.5015629529953003,1.3175039291381836,10729600
2002-01-02,1.506250023841858,1.510938048362732,1.4812500476837158,1.5,1.3161323070526123,4092800
2002-01-03,1.5,1.5656249523162842,1.4968750476837158,1.5656249523162842,1.3737131357192993,6704000
2002-01-04,1.567188024520874,1.5796879529953003,1.540624976158142,1.571874976158142,1.3791974782943726,6854400
2002-01-07,1.578125,1.6112500429153442,1.553125023841858,1.5546879768371582,1.3641165494918823,7376000
2002-01-08,1.5546879768371582,1.578125,1.539687991142273,1.578125,1.3846813440322876,5558400
2002-01-09,1.59375,1.6171879768371582,1.587499976158142,1.5928130149841309,1.3975690603256226,6105600
2002-01-10,1.5928130149841309,1.5928130149841309,1.4996880292892456,1.5237499475479126,1.3369710445404053,9369600
2002-01-11,1.524999976158142,1.5449999570846558,1.5187499523162842,1.5296880006790161,1.3421813249588013,14291200
2002-01-14,1.5296880006790161,1.5296880006790161,1.4874999523162842,1.4968750476837158,1.3133903741836548,12041600
2002-01-15,1.46875,1.4690630435943604,1.3865629434585571,1.40625,1.2338744401931763,20944000
2002-01-16,1.396875023841858,1.4259380102157593,1.3765629529953003,1.395313024520874,1.2242780923843384,12777600
2002-01-17,1.4093749523162842,1.4212499856948853,1.3978129625320435,1.4093749523162842,1.2366164922714233,7843200
2002-01-18,1.4046880006790161,1.417188048362732,1.3965630531311035,1.4093749523162842,1.2366164922714233,4604800
2002-01-22,1.417188048362732,1.4359380006790161,1.40625,1.4140629768371582,1.240729570388794,8537600
2002-01-23,1.421875,1.4375,1.417188048362732,1.421875,1.247583270072937,4320000
2002-01-24,1.4234379529953003,1.4474999904632568,1.4028129577636719,1.4093749523162842,1.2366164922714233,6163200
2002-01-25,1.4031250476837158,1.428125023841858,1.3793749809265137,1.4203130006790161,1.2462137937545776,3273600
2002-01-28,1.421875,1.4371880292892456,1.419374942779541,1.4287500381469727,1.2536159753799438,1676800
2002-01-29,1.4296879768371582,1.4346879720687866,1.4009380340576172,1.40625,1.2338744401931763,2892800
2002-01-30,1.40625,1.4090629816055298,1.359375,1.4046880006790161,1.2325031757354736,3865600
2002-01-31,1.412500023841858,1.4375,1.3909380435943604,1.4375,1.261293888092041,2422400
2002-02-01,1.4343750476837158,1.4368749856948853,1.40625,1.4246879816055298,1.2500523328781128,2739200
2002-02-04,1.421875,1.4221880435943604,1.3828129768371582,1.396875023841858,1.2256485223770142,5043200
2002-02-05,1.393125057220459,1.393125057220459,1.337499976158142,1.3600000143051147,1.1932936906814575,6620800
2002-02-06,1.360313057899475,1.370313048362732,1.3093750476837158,1.3262499570846558,1.1636803150177002,4972800
2002-02-07,1.306249976158142,1.3421880006790161,1.2937500476837158,1.3103129863739014,1.1496968269348145,4358400
2002-02-08,1.3103129863739014,1.3406250476837158,1.307813048362732,1.337499976158142,1.173551321029663,2793600
2002-02-11,1.337499976158142,1.375,1.334375023841858,1.3609379529953003,1.194116473197937,4870400
2002-02-12,1.3578130006790161,1.3596880435943604,1.3140629529953003,1.3468749523162842,1.1817774772644043,4348800
2002-02-13,1.3406250476837158,1.34375,1.334375023841858,1.3396879434585571,1.175471305847168,2809600
2002-02-14,1.350000023841858,1.3621879816055298,1.3368749618530273,1.34375,1.1790351867675781,3737600
2002-02-15,1.3406250476837158,1.3421880006790161,1.3300000429153442,1.331874966621399,1.168615698814392,2393600
2002-02-19,1.3312499523162842,1.3315629959106445,1.3140629529953003,1.3193750381469727,1.1576482057571411,3616000
2002-02-20,1.321874976158142,1.3265630006790161,1.2843749523162842,1.299062967300415,1.1398264169692993,6931200
2002-02-21,1.296875,1.301563024520874,1.265625,1.276563048362732,1.1200838088989258,4768000
2002-02-22,1.271875023841858,1.2862499952316284,1.2578129768371582,1.2687499523162842,1.1132287979125977,4976000
2002-02-25,1.270313024520874,1.296875,1.270313024520874,1.285938024520874,1.1283103227615356,3929600
2002-02-26,1.292188048362732,1.332813024520874,1.285938024520874,1.3196879625320435,1.1579229831695557,2345600
2002-02-27,1.3265630006790161,1.337499976158142,1.3265630006790161,1.3293750286102295,1.1664221286773682,2371200
2002-02-28,1.332813024520874,1.332813024520874,1.2890629768371582,1.3181250095367432,1.156551718711853,4662400
2002-03-01,1.3181250095367432,1.370313048362732,1.3181250095367432,1.364063024520874,1.1968591213226318,6265600
2002-03-04,1.3781249523162842,1.4453129768371582,1.3587499856948853,1.4340629577636719,1.258278489112854,9212800
2002-03-05,1.432813048362732,1.4765629768371582,1.431249976158142,1.4765629768371582,1.2955687046051025,5171200
2002-03-06,1.4703129529953003,1.4968750476837158,1.4515630006790161,1.486875057220459,1.3046163320541382,4028800
2002-03-07,1.4896880388259888,1.495313048362732,1.4740630388259888,1.4828130006790161,1.301052451133728,2678400
2002-03-08,1.489063024520874,1.515625,1.478124976158142,1.515625,1.3298418521881104,4870400
2002-03-11,1.521875023841858,1.521875023841858,1.4812500476837158,1.496250033378601,1.3128420114517212,2272000
2002-03-12,1.4765629768371582,1.5075000524520874,1.4703129529953003,1.502187967300415,1.3180526494979858,4681600
2002-03-13,1.4984380006790161,1.4987499713897705,1.478124976158142,1.4793750047683716,1.298035979270935,3622400
2002-03-14,1.4765629768371582,1.480625033378601,1.4446879625320435,1.4487500190734863,1.2711639404296875,5849600
2002-03-15,1.4487500190734863,1.46875,1.4440629482269287,1.4653129577636719,1.2856974601745605,5987200
2002-03-18,1.4668749570846558,1.493749976158142,1.459375023841858,1.459375023841858,1.280487298965454,4812800
2002-03-19,1.4596879482269287,1.4828130006790161,1.4562499523162842,1.46875,1.288712739944458,4672000
2002-03-20,1.4562499523162842,1.473438024520874,1.4562499523162842,1.4656250476837158,1.2859712839126587,3065600
2002-03-21,1.459375023841858,1.4721879959106445,1.453125,1.46875,1.288712739944458,1952000
2002-03-22,1.46875,1.46875,1.4665629863739014,1.4671880006790161,1.2873426675796509,2432000
2002-03-25,1.4674999713897705,1.4690630435943604,1.448438048362732,1.453125,1.2750033140182495,1923200
2002-03-26,1.4534380435943604,1.4534380435943604,1.448438048362732,1.4521880149841309,1.2741812467575073,2316800
2002-03-27,1.4521880149841309,1.4609379768371582,1.4375,1.4375,1.261293888092041,2227200
2002-03-28,1.4378130435943604,1.484375,1.4375,1.462499976158142,1.2832295894622803,3084800
2002-04-01,1.462499976158142,1.462499976158142,1.4343750476837158,1.4546879529953003,1.2763748168945312,2524800
2002-04-02,1.4550000429153442,1.4550000429153442,1.4390629529953003,1.4406249523162842,1.2640351057052612,1196800
2002-04-03,1.4406249523162842,1.4453129768371582,1.408750057220459,1.4187500476837158,1.2448424100875854,1923200
2002-04-04,1.4187500476837158,1.4296879768371582,1.410938024520874,1.4184379577636719,1.2445683479309082,2195200
2002-04-05,1.417188048362732,1.4234379529953003,1.40625,1.40625,1.2338744401931763,2899200
2002-04-08,1.3781249523162842,1.4299999475479126,1.3781249523162842,1.421875,1.247583270072937,6080000
2002-04-09,1.421875,1.421875,1.396875023841858,1.4006249904632568,1.2289385795593262,3187200
2002-04-10,1.4031250476837158,1.415624976158142,1.4031250476837158,1.4140629768371582,1.240729570388794,2944000
2002-04-11,1.4046880006790161,1.40625,1.3578130006790161,1.3624999523162842,1.1954867839813232,4176000
2002-04-12,1.3671879768371582,1.381250023841858,1.34375,1.3453129529953003,1.1804068088531494,6281600
2002-04-15,1.3453129529953003,1.353124976158142,1.3368749618530273,1.34375,1.1790351867675781,3129600
2002-04-16,1.3671879768371582,1.4078129529953003,1.3671879768371582,1.3912500143051147,1.2207127809524536,10195200
2002-04-17,1.4031250476837158,1.475000023841858,1.399999976158142,1.4590630531311035,1.280213713645935,12585600
2002-04-18,1.4590630531311035,1.4821879863739014,1.4481250047683716,1.4765629768371582,1.2955687046051025,13148800
2002-04-19,1.478124976158142,1.4984380006790161,1.4668749570846558,1.4668749570846558,1.2870683670043945,6784000
2002-04-22,1.4668749570846558,1.4671880006790161,1.421875,1.426563024520874,1.2516975402832031,3516800
2002-04-23,1.428125023841858,1.4465630054473877,1.4249999523162842,1.4318749904632568,1.25635826587677,2332800
2002-04-24,1.4296879768371582,1.4431250095367432,1.4234379529953003,1.4249999523162842,1.2503257989883423,4899200
2002-04-25,1.4234379529953003,1.4237500429153442,1.396875023841858,1.414687991142273,1.2412782907485962,3024000
2002-04-26,1.415624976158142,1.4187500476837158,1.4056249856948853,1.40625,1.2338744401931763,7852800
2002-04-29,1.410938024520874,1.4215630292892456,1.3578130006790161,1.361562967300415,1.1946643590927124,4339200
2002-04-30,1.375,1.385938048362732,1.359375,1.370313048362732,1.2023420333862305,9222400
2002-05-01,1.375,1.381250023841858,1.364063024520874,1.3718750476837158,1.2037125825881958,6422400
2002-05-02,1.375,1.3903130292892456,1.365625023841858,1.3690630197525024,1.2012454271316528,2300800
2002-05-03,1.3718750476837158,1.3765629529953003,1.359375,1.3628129959106445,1.1957613229751587,2038400
2002-05-06,1.3624999523162842,1.3753130435943604,1.339063048362732,1.3453129529953003,1.1804068088531494,2953600
2002-05-07,1.350000023841858,1.350000023841858,1.3240629434585571,1.3300000429153442,1.1669708490371704,2060800
2002-05-08,1.348438024520874,1.4131250381469727,1.3453129529953003,1.4078129529953003,1.2352455854415894,4198400
2002-05-09,1.4078129529953003,1.4299999475479126,1.399999976158142,1.40625,1.2338744401931763,2435200
2002-05-10,1.40625,1.4106249809265137,1.355625033378601,1.359375,1.192744493484497,3584000
2002-05-13,1.364063024520874,1.4296879768371582,1.364063024520874,1.425624966621399,1.2508738040924072,2790400
2002-05-14,1.46875,1.5,1.462499976158142,1.4909379482269287,1.3081812858581543,5676800
2002-05-15,1.4912500381469727,1.5296880006790161,1.4753129482269287,1.5099999904632568,1.324906587600708,3334400
2002-05-16,1.506250023841858,1.5309380292892456,1.484375,1.5028129816055298,1.3186002969741821,2588800
2002-05-17,1.5078129768371582,1.53125,1.4984380006790161,1.504688024520874,1.3202457427978516,3270400
2002-05-20,1.5,1.5003130435943604,1.4565629959106445,1.4671880006790161,1.2873426675796509,3996800
2002-05-21,1.459375023841858,1.478124976158142,1.4406249523162842,1.442188024520874,1.2654073238372803,4144000
2002-05-22,1.442188024520874,1.4500000476837158,1.4296879768371582,1.431249976158142,1.2558096647262573,1984000
2002-05-23,1.442188024520874,1.4453129768371582,1.3996880054473877,1.4343750476837158,1.2585519552230835,4019200
2002-05-24,1.431249976158142,1.434999942779541,1.4140629768371582,1.4190629720687866,1.2451167106628418,1158400
2002-05-28,1.4221880435943604,1.4343750476837158,1.4118750095367432,1.4249999523162842,1.2503257989883423,1766400
2002-05-29,1.4234379529953003,1.432813048362732,1.40625,1.40625,1.2338744401931763,1772800
2002-05-30,1.4046880006790161,1.4140629768371582,1.3971879482269287,1.4078129529953003,1.2352455854415894,2083200
2002-05-31,1.412500023841858,1.421875,1.4028129577636719,1.4046880006790161,1.2325031757354736,1123200
2002-06-03,1.4046880006790161,1.4049999713897705,1.368749976158142,1.368749976158142,1.200971007347107,2435200
2002-06-04,1.368749976158142,1.370313048362732,1.3515629768371582,1.3624999523162842,1.1954867839813232,2880000
2002-06-05,1.370313048362732,1.3993749618530273,1.3609379529953003,1.391563057899475,1.2209876775741577,3308800
2002-06-06,1.3890630006790161,1.3890630006790161,1.368749976158142,1.3753130435943604,1.2067292928695679,3536000
2002-06-07,1.354688048362732,1.4053130149841309,1.3371880054473877,1.3871879577636719,1.2171485424041748,4409600
2002-06-10,1.3875000476837158,1.390625,1.3765629529953003,1.3806250095367432,1.2113898992538452,2105600
2002-06-11,1.384374976158142,1.386875033378601,1.3140629529953003,1.334375023841858,1.1708097457885742,8012800
2002-06-12,1.332813024520874,1.337499976158142,1.290624976158142,1.3128130435943604,1.1518906354904175,6480000
2002-06-13,1.318750023841858,1.3359379768371582,1.2828129529953003,1.285938024520874,1.1283103227615356,2956800
2002-06-14,1.265625,1.2659380435943604,1.2465629577636719,1.2628129720687866,1.1080197095870972,4326400
2002-06-17,1.265625,1.3359379768371582,1.265625,1.3125,1.1516156196594238,8416000
2002-06-18,1.3140629529953003,1.3528130054473877,1.3103129863739014,1.3296879529953003,1.1666971445083618,6697600
2002-06-19,1.3203129768371582,1.321874976158142,1.2999999523162842,1.308750033378601,1.1483259201049805,3568000
2002-06-20,1.306249976158142,1.3140629529953003,1.2865630388259888,1.287500023841858,1.1296801567077637,2646400
2002-06-21,1.287500023841858,1.2946879863739014,1.2484380006790161,1.253749966621399,1.1000674962997437,3587200
2002-06-24,1.245313048362732,1.261875033378601,1.2109379768371582,1.2484380006790161,1.0954065322875977,6326400
2002-06-25,1.2578129768371582,1.2578129768371582,1.125,1.140625,1.0008091926574707,11491200
2002-06-26,1.1171879768371582,1.1403130292892456,1.109375,1.1340630054473877,0.9950515627861023,7628800
2002-06-27,1.1421879529953003,1.1793750524520874,1.1384379863739014,1.1737500429153442,1.0298737287521362,4288000
2002-06-28,1.172813057899475,1.1906249523162842,1.125,1.125,0.9870991706848145,14025600
2002-07-01,1.1315629482269287,1.1399999856948853,1.0859379768371582,1.0859379768371582,0.9528257846832275,6089600
2002-07-02,1.0862499475479126,1.0862499475479126,1.0440629720687866,1.0484379529953003,0.919921875,4748800
2002-07-03,1.042188048362732,1.0612499713897705,1.0187499523162842,1.0534379482269287,0.9243093132972717,6294400
2002-07-05,1.0628130435943604,1.1090630292892456,1.0625,1.098438024520874,0.9637935161590576,2358400
2002-07-08,1.1015629768371582,1.1171879768371582,1.078125,1.084375023841858,0.9514539241790771,3884800
2002-07-09,1.084375023841858,1.084375023841858,1.0631250143051147,1.0640629529953003,0.9336317181587219,4304000
2002-07-10,1.071874976158142,1.0809379816055298,1.0234379768371582,1.0299999713897705,0.9037443399429321,3577600
2002-07-11,1.03125,1.040624976158142,1.0137499570846558,1.021875023841858,0.8966151475906372,8752000
2002-07-12,1.026563048362732,1.0787500143051147,1.021875023841858,1.071874976158142,0.9404862523078918,8579200
2002-07-15,1.071874976158142,1.071874976158142,1.0390629768371582,1.0625,0.9322605729103088,4192000
2002-07-16,1.0593750476837158,1.09375,1.051563024520874,1.078125,0.9459701776504517,5824000
2002-07-17,1.0968749523162842,1.1875,1.0968749523162842,1.1875,1.0419385433197021,19440000
2002-07-18,1.1890629529953003,1.207813024520874,1.1721880435943604,1.1796879768371582,1.0350842475891113,8796800
2002-07-19,1.1796879768371582,1.2062499523162842,1.1687500476837158,1.2062499523162842,1.058389663696289,6649600
2002-07-22,1.2062499523162842,1.2062499523162842,1.1546880006790161,1.1593749523162842,1.0172606706619263,9472000
2002-07-23,1.1578129529953003,1.1628129482269287,1.140625,1.1412500143051147,1.0013574361801147,18076800
2002-07-24,1.125,1.138124942779541,1.0987499952316284,1.1331249475479126,0.9942289590835571,7520000
2002-07-25,1.1337499618530273,1.180312991142273,1.1218750476837158,1.140625,1.0008091926574707,11139200
2002-07-26,1.1484379768371582,1.176563024520874,1.115625023841858,1.118749976158142,0.9816153049468994,6073600
2002-07-29,1.134374976158142,1.2109379768371582,1.1278129816055298,1.2024999856948853,1.055099606513977,7139200
2002-07-30,1.2024999856948853,1.2531249523162842,1.1974999904632568,1.2421879768371582,1.0899227857589722,5206400
2002-07-31,1.2374999523162842,1.2496880292892456,1.176563024520874,1.176563024520874,1.0323420763015747,6563200
2002-08-01,1.1768749952316284,1.1878130435943604,1.160938024520874,1.1859380006790161,1.0405677556991577,4364800
2002-08-02,1.1859380006790161,1.1859380006790161,1.131250023841858,1.1459380388259888,1.0054707527160645,3849600
2002-08-05,1.1484379768371582,1.176563024520874,1.1028130054473877,1.1053129434585571,0.9698254466056824,4979200
2002-08-06,1.125,1.1821880340576172,1.125,1.1734379529953003,1.029599905014038,9068800
2002-08-07,1.203125,1.2059379816055298,1.1218750476837158,1.178125023841858,1.0337125062942505,5654400
2002-08-08,1.1749999523162842,1.2440630197525024,1.1687500476837158,1.2218749523162842,1.0720995664596558,8883200
2002-08-09,1.21875,1.2493749856948853,1.209375023841858,1.2403130531311035,1.088277816772461,3302400
2002-08-12,1.2403130531311035,1.2496880292892456,1.21875,1.2374999523162842,1.0858092308044434,4051200
2002-08-13,1.2374999523162842,1.2531249523162842,1.2018749713897705,1.2018749713897705,1.0545512437820435,3401600
2002-08-14,1.2000000476837158,1.2046879529953003,1.1593749523162842,1.2037500143051147,1.0561963319778442,5612800
2002-08-15,1.2046879529953003,1.254688024520874,1.2046879529953003,1.254688024520874,1.1008905172348022,4198400
2002-08-16,1.245313048362732,1.3140629529953003,1.2337499856948853,1.3046879768371582,1.144761323928833,6985600
2002-08-19,1.3028130531311035,1.303125023841858,1.274999976158142,1.290624976158142,1.1324224472045898,5328000
2002-08-20,1.285938024520874,1.285938024520874,1.235313057899475,1.235313057899475,1.0838900804519653,5596800
2002-08-21,1.25,1.3125,1.2468750476837158,1.3068749904632568,1.1466803550720215,4451200
2002-08-22,1.306249976158142,1.3268749713897705,1.2946879863739014,1.3206249475479126,1.1587448120117188,3219200
2002-08-23,1.3206249475479126,1.3206249475479126,1.285938024520874,1.285938024520874,1.1283103227615356,2643200
2002-08-26,1.2890629768371582,1.2984379529953003,1.2515629529953003,1.2549999952316284,1.1011642217636108,4352000
2002-08-27,1.2578129768371582,1.263124942779541,1.2193750143051147,1.2203129529953003,1.0707294940948486,4582400
2002-08-28,1.212499976158142,1.2303129434585571,1.192188024520874,1.2000000476837158,1.0529059171676636,2656000
2002-08-29,1.198438048362732,1.2221879959106445,1.1762499809265137,1.1915630102157593,1.0455034971237183,3110400
2002-08-30,1.1890629529953003,1.2181249856948853,1.171875,1.2131249904632568,1.0644216537475586,4262400
2002-09-03,1.205312967300415,1.205312967300415,1.1393749713897705,1.1531250476837158,1.0117771625518799,6339200
2002-09-04,1.1531250476837158,1.1746879816055298,1.1518750190734863,1.167188048362732,1.024115800857544,6550400
2002-09-05,1.1546880006790161,1.1796879768371582,1.1375000476837158,1.162500023841858,1.020002841949463,9878400
2002-09-06,1.1843750476837158,1.2071880102157593,1.1749999523162842,1.198438048362732,1.051535725593567,5676800
2002-09-09,1.193750023841858,1.234375,1.1906249523162842,1.2265629768371582,1.0762131214141846,7580800
2002-09-10,1.228124976158142,1.2690629959106445,1.228124976158142,1.246250033378601,1.0934869050979614,4848000
2002-09-11,1.256250023841858,1.2828129529953003,1.243749976158142,1.2625000476837158,1.1077444553375244,4211200
2002-09-12,1.2468750476837158,1.2468750476837158,1.2015630006790161,1.2112499475479126,1.0627766847610474,7491200
2002-09-13,1.2000000476837158,1.207813024520874,1.1749999523162842,1.1749999523162842,1.0309700965881348,3830400
2002-09-16,1.1753129959106445,1.1846879720687866,1.149999976158142,1.1593749523162842,1.0172606706619263,2822400
2002-09-17,1.1749999523162842,1.178125023841858,1.118749976158142,1.129688024520874,0.9912122488021851,3721600
2002-09-18,1.1234380006790161,1.1234380006790161,1.0821880102157593,1.0996880531311035,0.9648902416229248,7472000
2002-09-19,1.087499976158142,1.0934380292892456,1.0546879768371582,1.068750023841858,0.9377444386482239,8483200
2002-09-20,1.084375023841858,1.084375023841858,1.0306249856948853,1.0309380292892456,0.9045673608779907,8185600
2002-09-23,1.0234379768371582,1.0328129529953003,0.9834380149841309,0.9953129887580872,0.8733091950416565,9945600
2002-09-24,0.9859380125999451,1.006250023841858,0.9612500071525574,0.96875,0.8500024080276489,10870400
2002-09-25,0.9765629768371582,1.0053130388259888,0.96875,0.9984380006790161,0.8760512471199036,7840000
2002-09-26,1.0015629529953003,1.0149999856948853,0.9721879959106445,0.9971879720687866,0.874954342842102,7136000
2002-09-27,0.996874988079071,1.006250023841858,0.9690629839897156,0.9762499928474426,0.8565829396247864,3574400
2002-09-30,0.9765629768371582,0.987500011920929,0.9409379959106445,0.96875,0.8500024080276489,6515200
2002-10-01,0.973438024520874,0.9937499761581421,0.940625011920929,0.9937499761581421,0.8719379305839539,5548800
2002-10-02,0.987500011920929,1.0412499904632568,0.9796879887580872,0.9796879887580872,0.8595994114875793,7417600
2002-10-03,0.9703130125999451,1.0,0.9471880197525024,0.9484379887580872,0.8321801424026489,4176000
2002-10-04,0.9493749737739563,0.9556249976158142,0.895937979221344,0.9078130125999451,0.7965347170829773,7696000
2002-10-07,0.90625,0.9281250238418579,0.8849999904632568,0.903124988079071,0.7924215197563171,6083200
2002-10-08,0.90625,0.910938024520874,0.8774999976158142,0.8890630006790161,0.780083179473877,3891200
2002-10-09,0.879688024520874,0.903124988079071,0.862500011920929,0.864063024520874,0.7581474781036377,3171200
2002-10-10,0.8609380125999451,0.909375011920929,0.8584380149841309,0.8921880125999451,0.7828251123428345,2790400
2002-10-11,0.90625,0.9471880197525024,0.90625,0.926563024520874,0.8129865527153015,13299200
2002-10-14,0.925000011920929,0.9393749833106995,0.9040629863739014,0.9353129863739014,0.8206639885902405,19052800
2002-10-15,0.9456250071525574,0.956250011920929,0.9403129816055298,0.9512500166893005,0.8346474766731262,25564800
2002-10-16,0.90625,1.046875,0.90625,1.0234379768371582,0.8979865312576294,21427200
2002-10-17,1.0546879768371582,1.1015629768371582,1.0546879768371582,1.0953129529953003,0.9610514044761658,16854400
2002-10-18,1.0928130149841309,1.1434379816055298,1.0640629529953003,1.115625023841858,0.9788732528686523,9462400
2002-10-21,1.1109379529953003,1.171875,1.0993750095367432,1.171875,1.0282281637191772,6275200
2002-10-22,1.15625,1.1640629768371582,1.0921880006790161,1.100000023841858,0.9651638865470886,14867200
2002-10-23,1.09375,1.1546880006790161,1.09375,1.1487499475479126,1.0079376697540283,4566400
2002-10-24,1.15625,1.196874976158142,1.1349999904632568,1.181249976158142,1.036454200744629,7129600
2002-10-25,1.178125023841858,1.178125023841858,1.1278129816055298,1.129688024520874,0.9912122488021851,4816000
2002-10-28,1.1421879529953003,1.1890629529953003,1.1390630006790161,1.174375057220459,1.030422329902649,7817600
2002-10-29,1.1703130006790161,1.1725000143051147,1.125,1.1484379768371582,1.0076647996902466,3952000
2002-10-30,1.151563048362732,1.1918749809265137,1.151563048362732,1.190000057220459,1.0441322326660156,4400000
2002-10-31,1.190000057220459,1.216249942779541,1.190000057220459,1.203125,1.0556483268737793,6864000
2002-11-01,1.1953129768371582,1.235313057899475,1.1759380102157593,1.2337499856948853,1.0825194120407104,4700800
2002-11-04,1.2421879768371582,1.2843749523162842,1.2421879768371582,1.2828129529953003,1.1255676746368408,14323200
2002-11-05,1.2790629863739014,1.2790629863739014,1.2503130435943604,1.263124942779541,1.108293056488037,9801600
2002-11-06,1.2634379863739014,1.301563024520874,1.2634379863739014,1.2890629768371582,1.1310515403747559,5315200
2002-11-07,1.28125,1.2815630435943604,1.259374976158142,1.2737499475479126,1.1176155805587769,6064000
2002-11-08,1.2737499475479126,1.2796880006790161,1.2578129768371582,1.270313024520874,1.114600658416748,6860800
2002-11-11,1.265625,1.2659380435943604,1.2015630006790161,1.212499976158142,1.0638734102249146,6108800
2002-11-12,1.212499976158142,1.259374976158142,1.212499976158142,1.259374976158142,1.105002999305725,4784000
2002-11-13,1.2515629529953003,1.2696880102157593,1.234375,1.2621879577636719,1.1074711084365845,3612800
2002-11-14,1.2734379768371582,1.306249976158142,1.2696880102157593,1.3043750524520874,1.144486665725708,3763200
2002-11-15,1.3043750524520874,1.332813024520874,1.2937500476837158,1.330312967300415,1.1672457456588745,6188800
2002-11-18,1.3334380388259888,1.3562500476837158,1.3334380388259888,1.3428130149841309,1.1782132387161255,4886400
2002-11-19,1.3396879434585571,1.3396879434585571,1.3075000047683716,1.3125,1.1516156196594238,7612800
2002-11-20,1.3118749856948853,1.3125,1.2903130054473877,1.3075000047683716,1.1472289562225342,9769600
2002-11-21,1.3125,1.3890630006790161,1.3121880292892456,1.3781249523162842,1.2091964483261108,11152000
2002-11-22,1.3781249523162842,1.4059380292892456,1.3628129959106445,1.395313024520874,1.2242780923843384,9129600
2002-11-25,1.3890630006790161,1.4315630197525024,1.3875000476837158,1.4221880435943604,1.2478582859039307,8288000
2002-11-26,1.4221880435943604,1.4221880435943604,1.353124976158142,1.353124976158142,1.1872609853744507,10268800
2002-11-27,1.353124976158142,1.3671879768371582,1.3471879959106445,1.365625023841858,1.1982284784317017,7977600
2002-11-29,1.3690630197525024,1.390625,1.3690630197525024,1.385938048362732,1.2160524129867554,1264000
2002-12-02,1.399999976158142,1.410938024520874,1.3896880149841309,1.3909380435943604,1.2204395532608032,6972800
2002-12-03,1.390625,1.395313024520874,1.368749976158142,1.3690630197525024,1.2012454271316528,7129600
2002-12-04,1.3650000095367432,1.379688024520874,1.317188024520874,1.3331249952316284,1.1697129011154175,11939200
2002-12-05,1.337499976158142,1.3609379529953003,1.3346879482269287,1.3359379768371582,1.1721810102462769,5417600
2002-12-06,1.3359379768371582,1.3671879768371582,1.3265630006790161,1.3562500476837158,1.1900032758712769,3728000
2002-12-09,1.3553129434585571,1.3553129434585571,1.2937500476837158,1.2999999523162842,1.1406484842300415,5536000
2002-12-10,1.2999999523162842,1.3003129959106445,1.276563048362732,1.285938024520874,1.1283103227615356,6928000
2002-12-11,1.2843749523162842,1.2984379529953003,1.270313024520874,1.278749942779541,1.1220029592514038,7580800
2002-12-12,1.2843749523162842,1.292188048362732,1.271875023841858,1.287500023841858,1.1296801567077637,4470400
2002-12-13,1.2796880006790161,1.2799999713897705,1.25,1.2534379959106445,1.0997934341430664,2752000
2002-12-16,1.2534379959106445,1.28125,1.240625023841858,1.2587499618530273,1.104454517364502,5456000
2002-12-17,1.243749976158142,1.2734379768371582,1.2287499904632568,1.2287499904632568,1.078132152557373,9193600
2002-12-18,1.227187991142273,1.2553130388259888,1.2203129529953003,1.243749976158142,1.0912933349609375,4339200
2002-12-19,1.243749976158142,1.2625000476837158,1.2412500381469727,1.2484380006790161,1.0954065322875977,4707200
2002-12-20,1.2468750476837158,1.256250023841858,1.243749976158142,1.25,1.0967769622802734,4176000
2002-12-23,1.25,1.25,1.2203129529953003,1.2374999523162842,1.0858092308044434,4976000
2002-12-24,1.2374999523162842,1.2378129959106445,1.225000023841858,1.2253129482269287,1.0751162767410278,1235200
2002-12-26,1.228124976158142,1.2309379577636719,1.2134380340576172,1.2174999713897705,1.0682613849639893,3689600
2002-12-27,1.2174999713897705,1.2174999713897705,1.198438048362732,1.198438048362732,1.051535725593567,1920000
2002-12-30,1.2000000476837158,1.2024999856948853,1.1593749523162842,1.1699999570846558,1.0265833139419556,11308800
2002-12-31,1.176563024520874,1.203125,1.1734379529953003,1.1875,1.0419385433197021,9334400
2003-01-02,1.1875,1.258437991142273,1.178125023841858,1.258437991142273,1.104180932044983,6838400
2003-01-03,1.2506250143051147,1.2771879434585571,1.2412500381469727,1.243749976158142,1.0912933349609375,5123200
2003-01-06,1.245313048362732,1.2675000429153442,1.245313048362732,1.2625000476837158,1.1077444553375244,7216000
2003-01-07,1.2640630006790161,1.303125023841858,1.2640630006790161,1.292188048362732,1.1337940692901611,3705600
2003-01-08,1.292188048362732,1.2937500476837158,1.260938048362732,1.271875023841858,1.1159707307815552,6128000
2003-01-09,1.2796880006790161,1.2999999523162842,1.278749942779541,1.289687991142273,1.1316004991531372,5088000
2003-01-10,1.2843749523162842,1.345937967300415,1.2796880006790161,1.3293750286102295,1.1664221286773682,9296000
2003-01-13,1.3359379768371582,1.3415629863739014,1.318750023841858,1.325624942779541,1.1631320714950562,6083200
2003-01-14,1.328125,1.3315629959106445,1.3215630054473877,1.3215630054473877,1.1595680713653564,6592000
2003-01-15,1.34375,1.3609379529953003,1.3406250476837158,1.3528130054473877,1.1869871616363525,9971200
2003-01-16,1.3534380197525024,1.3734380006790161,1.3534380197525024,1.3628129959106445,1.1957613229751587,7155200
2003-01-17,1.3550000190734863,1.3550000190734863,1.3359379768371582,1.3431249856948853,1.1784870624542236,8329600
2003-01-21,1.3431249856948853,1.3431249856948853,1.3268749713897705,1.332813024520874,1.1694389581680298,4064000
2003-01-22,1.3312499523162842,1.337499976158142,1.3203129768371582,1.3259379863739014,1.163406252861023,5584000
2003-01-23,1.329063057899475,1.3384380340576172,1.2937500476837158,1.328125,1.1653265953063965,3852800
2003-01-24,1.328125,1.328125,1.2934379577636719,1.2946879863739014,1.1359875202178955,5094400
2003-01-27,1.2868750095367432,1.2868750095367432,1.2662500143051147,1.2762500047683716,1.1198093891143799,5132800
2003-01-28,1.2793749570846558,1.307813048362732,1.2793749570846558,1.305312991142273,1.1453096866607666,3584000
2003-01-29,1.296875,1.3334380388259888,1.287500023841858,1.3284380435943604,1.1656005382537842,5078400
2003-01-30,1.324375033378601,1.3246879577636719,1.2899999618530273,1.290624976158142,1.1324224472045898,7526400
2003-01-31,1.2828129529953003,1.287500023841858,1.270313024520874,1.2734379768371582,1.117342233657837,11075200
2003-02-03,1.2734379768371582,1.2784379720687866,1.256250023841858,1.2671879529953003,1.1118576526641846,6966400
2003-02-04,1.259374976158142,1.2671879529953003,1.25,1.259374976158142,1.105002999305725,3804800
2003-02-05,1.265625,1.2843749523162842,1.260938048362732,1.274062991142273,1.117890477180481,3779200
2003-02-06,1.2725000381469727,1.2728129625320435,1.2531249523162842,1.2568750381469727,1.1028096675872803,4131200
2003-02-07,1.259374976158142,1.2625000476837158,1.2240630388259888,1.2243750095367432,1.0742937326431274,2358400
2003-02-10,1.2221879959106445,1.254688024520874,1.2128130197525024,1.2456250190734863,1.0929386615753174,4364800
2003-02-11,1.2484380006790161,1.25,1.21875,1.2328130006790161,1.08169686794281,2185600
2003-02-12,1.2328130006790161,1.238124966621399,1.2062499523162842,1.214063048362732,1.0652457475662231,1904000
2003-02-13,1.2062499523162842,1.2109379768371582,1.1762499809265137,1.1859380006790161,1.0405677556991577,3702400
2003-02-14,1.192188024520874,1.2024999856948853,1.189687967300415,1.196874976158142,1.0501636266708374,5792000
2003-02-18,1.2046879529953003,1.2496880292892456,1.2024999856948853,1.2371879816055298,1.0855355262756348,5664000
2003-02-19,1.2374999523162842,1.2393749952316284,1.2193750143051147,1.2334380149841309,1.082245111465454,3852800
2003-02-20,1.2350000143051147,1.2809380292892456,1.2350000143051147,1.2640630006790161,1.1091161966323853,3548800
2003-02-21,1.276563048362732,1.303125023841858,1.2643749713897705,1.2828129529953003,1.1255676746368408,4691200
2003-02-24,1.274999976158142,1.2781250476837158,1.2418750524520874,1.2418750524520874,1.0896482467651367,1670400
2003-02-25,1.2374999523162842,1.2465629577636719,1.2134380340576172,1.2387499809265137,1.0869060754776,2153600
2003-02-26,1.2384380102157593,1.25,1.2178130149841309,1.220937967300415,1.071277379989624,1897600
2003-02-27,1.2278130054473877,1.2706249952316284,1.2278130054473877,1.2590630054473877,1.1047288179397583,2342400
2003-02-28,1.2559380531311035,1.285938024520874,1.2559380531311035,1.2746880054473877,1.1184390783309937,2080000
2003-03-03,1.2809380292892456,1.2843749523162842,1.2409379482269287,1.2421879768371582,1.0899227857589722,1728000
2003-03-04,1.2484380006790161,1.2796880006790161,1.2446880340576172,1.2687499523162842,1.1132287979125977,3088000
2003-03-05,1.271875023841858,1.287500023841858,1.2646880149841309,1.287500023841858,1.1296801567077637,3680000
2003-03-06,1.28125,1.2953130006790161,1.2768750190734863,1.2887500524520874,1.1307772397994995,3238400
2003-03-07,1.28125,1.2928129434585571,1.2640630006790161,1.2784379720687866,1.1217291355133057,1939200
2003-03-10,1.2737499475479126,1.2840629816055298,1.2540630102157593,1.2543749809265137,1.1006155014038086,1196800
2003-03-11,1.2568750381469727,1.2568750381469727,1.2359379529953003,1.239063024520874,1.0871806144714355,1852800
2003-03-12,1.2328130006790161,1.2328130006790161,1.15625,1.200624942779541,1.0534542798995972,8553600
2003-03-13,1.2084380388259888,1.2531249523162842,1.2084380388259888,1.2531249523162842,1.0995190143585205,3593600
2003-03-14,1.2515629529953003,1.2528129816055298,1.2274999618530273,1.2374999523162842,1.0858092308044434,3110400
2003-03-17,1.229688048362732,1.290624976158142,1.21875,1.285938024520874,1.1283103227615356,5545600
2003-03-18,1.2831250429153442,1.2915630340576172,1.2712500095367432,1.277500033378601,1.120906114578247,3212800
2003-03-19,1.2712500095367432,1.2759380340576172,1.2553130388259888,1.2637499570846558,1.1088414192199707,4016000
2003-03-20,1.2640630006790161,1.265625,1.246250033378601,1.2581249475479126,1.1039056777954102,4838400
2003-03-21,1.2659380435943604,1.3128130435943604,1.2625000476837158,1.3125,1.1516156196594238,5478400
2003-03-24,1.301563024520874,1.301563024520874,1.2734379768371582,1.2846879959106445,1.1272131204605103,4102400
2003-03-25,1.2843749523162842,1.308750033378601,1.2843749523162842,1.3003129959106445,1.14092218875885,4643200
2003-03-26,1.2984379529953003,1.2984379529953003,1.2818750143051147,1.2856249809265137,1.1280354261398315,2185600
2003-03-27,1.2578129768371582,1.285938024520874,1.2578129768371582,1.2778129577636719,1.1211810111999512,2825600
2003-03-28,1.2756249904632568,1.299375057220459,1.271875023841858,1.2809380292892456,1.1239228248596191,1987200
2003-03-31,1.2734379768371582,1.2806249856948853,1.2643749713897705,1.2734379768371582,1.117342233657837,2025600
2003-04-01,1.2781250476837158,1.2918750047683716,1.2662500143051147,1.276563048362732,1.1200838088989258,4521600
2003-04-02,1.287500023841858,1.318750023841858,1.287500023841858,1.3043750524520874,1.144486665725708,1811200
2003-04-03,1.3093750476837158,1.3274999856948853,1.3065630197525024,1.321874976158142,1.159841775894165,3753600
2003-04-04,1.3265630006790161,1.3274999856948853,1.269374966621399,1.2706249952316284,1.114874243736267,6515200
2003-04-07,1.285938024520874,1.2937500476837158,1.276563048362732,1.2768750190734863,1.1203579902648926,4803200
2003-04-08,1.2799999713897705,1.2799999713897705,1.2403130531311035,1.242812991142273,1.0904709100723267,3977600
2003-04-09,1.2440630197525024,1.2493749856948853,1.2221879959106445,1.2228130102157593,1.0729228258132935,3670400
2003-04-10,1.2259379625320435,1.2418750524520874,1.2221879959106445,1.2321879863739014,1.0811482667922974,1484800
2003-04-11,1.2400000095367432,1.252500057220459,1.2112499475479126,1.2174999713897705,1.0682613849639893,2489600
2003-04-14,1.2237499952316284,1.2571879625320435,1.2200000286102295,1.254688024520874,1.1008905172348022,1651200
2003-04-15,1.253749966621399,1.2578129768371582,1.245313048362732,1.2556250095367432,1.101712942123413,3555200
2003-04-16,1.3125,1.3406250476837158,1.309999942779541,1.3362499475479126,1.172454833984375,9468800
2003-04-17,1.3359379768371582,1.3674999475479126,1.3315629959106445,1.3624999523162842,1.1954867839813232,6620800
2003-04-21,1.359375,1.384374976158142,1.353124976158142,1.3728129863739014,1.2045356035232544,3049600
2003-04-22,1.368749976158142,1.4031250476837158,1.3578130006790161,1.401563048362732,1.229762077331543,4595200
2003-04-23,1.3984379768371582,1.4431250095367432,1.3940629959106445,1.4406249523162842,1.2640351057052612,6371200
2003-04-24,1.4343750476837158,1.4406249523162842,1.40625,1.410938024520874,1.2379875183105469,4268800
2003-04-25,1.4068750143051147,1.4075000286102295,1.375,1.3809380531311035,1.2116644382476807,3481600
2003-04-28,1.3828129768371582,1.4299999475479126,1.363124966621399,1.4209380149841309,1.2467620372772217,5561600
2003-04-29,1.4237500429153442,1.4237500429153442,1.3637499809265137,1.3753130435943604,1.2067292928695679,7808000
2003-04-30,1.3753130435943604,1.393125057220459,1.359375,1.3840630054473877,1.2144066095352173,5552000
2003-05-01,1.381250023841858,1.3828129768371582,1.34375,1.34375,1.1790351867675781,7366400
2003-05-02,1.3515629768371582,1.425624966621399,1.3515629768371582,1.4106249809265137,1.2377132177352905,10608000
2003-05-05,1.4121880531311035,1.4259380102157593,1.393125057220459,1.4187500476837158,1.2448424100875854,5344000
2003-05-06,1.4153130054473877,1.4406249523162842,1.4093749523162842,1.4287500381469727,1.2536159753799438,2316800
2003-05-07,1.421875,1.4375,1.3862500190734863,1.396875023841858,1.2256485223770142,3961600
2003-05-08,1.3890630006790161,1.415624976158142,1.3831249475479126,1.4046880006790161,1.2325031757354736,3417600
2003-05-09,1.4093749523162842,1.419374942779541,1.401563048362732,1.4153130054473877,1.2418259382247925,6892800
2003-05-12,1.417188048362732,1.4465630054473877,1.40625,1.4409379959106445,1.2643102407455444,3952000
2003-05-13,1.4359380006790161,1.446874976158142,1.421875,1.442188024520874,1.2654073238372803,3212800
2003-05-14,1.443750023841858,1.453125,1.433750033378601,1.440000057220459,1.2634868621826172,6172800
2003-05-15,1.443750023841858,1.4612499475479126,1.441249966621399,1.4562499523162842,1.277745008468628,6720000
2003-05-16,1.448438048362732,1.5,1.4340629577636719,1.5,1.3161323070526123,7379200
2003-05-19,1.4765629768371582,1.479688048362732,1.417188048362732,1.4234379529953003,1.2489553689956665,9955200
2003-05-20,1.4234379529953003,1.4371880292892456,1.4056249856948853,1.4078129529953003,1.2352455854415894,3577600
2003-05-21,1.4078129529953003,1.4231250286102295,1.3937499523162842,1.4203130006790161,1.2462137937545776,3590400
2003-05-22,1.4203130006790161,1.4375,1.4187500476837158,1.4375,1.261293888092041,2944000
2003-05-23,1.443750023841858,1.443750023841858,1.4203130006790161,1.4249999523162842,1.2503257989883423,1203200
2003-05-27,1.421875,1.461562991142273,1.4187500476837158,1.4609379768371582,1.2818595170974731,3648000
2003-05-28,1.4609379768371582,1.4971879720687866,1.4609379768371582,1.4774999618530273,1.296391248703003,2396800
2003-05-29,1.475000023841858,1.475000023841858,1.459375023841858,1.4628130197525024,1.2835036516189575,2576000
2003-05-30,1.4634380340576172,1.484375,1.462499976158142,1.4765629768371582,1.2955687046051025,7731200
2003-06-02,1.5075000524520874,1.5075000524520874,1.4596879482269287,1.466249942779541,1.286518931388855,5190400
2003-06-03,1.462499976158142,1.4759379625320435,1.4518749713897705,1.46875,1.288712739944458,4617600
2003-06-04,1.4703129529953003,1.5125000476837158,1.4703129529953003,1.5078129768371582,1.3229882717132568,3139200
2003-06-05,1.5,1.5121879577636719,1.472499966621399,1.5103130340576172,1.3251817226409912,2912000
2003-06-06,1.5234379768371582,1.5437500476837158,1.495313048362732,1.4965629577636719,1.3131167888641357,5148800
2003-06-09,1.490625023841858,1.5,1.4759379625320435,1.4950000047683716,1.311745524406433,3200000
2003-06-10,1.495313048362732,1.5006250143051147,1.4765629768371582,1.4803129434585571,1.2988591194152832,2208000
2003-06-11,1.4828130006790161,1.495313048362732,1.4703129529953003,1.4909379482269287,1.3081812858581543,1840000
2003-06-12,1.4987499713897705,1.5281250476837158,1.4987499713897705,1.5234379768371582,1.3366975784301758,2272000
2003-06-13,1.5234379768371582,1.5234379768371582,1.4518749713897705,1.4637500047683716,1.2843259572982788,4291200
2003-06-16,1.4637500047683716,1.4778130054473877,1.4321880340576172,1.457813024520874,1.2791162729263306,11430400
2003-06-17,1.475000023841858,1.4874999523162842,1.464063048362732,1.475000023841858,1.2941970825195312,4313600
2003-06-18,1.4753129482269287,1.4968750476837158,1.4612499475479126,1.484375,1.3024230003356934,5497600
2003-06-19,1.493749976158142,1.5296880006790161,1.478124976158142,1.480625033378601,1.2991328239440918,2329600
2003-06-20,1.4703129529953003,1.4703129529953003,1.4537500143051147,1.4612499475479126,1.2821321487426758,4771200
2003-06-23,1.464063048362732,1.464063048362732,1.4053130149841309,1.4184379577636719,1.2445683479309082,3446400
2003-06-24,1.4184379577636719,1.4249999523162842,1.3896880149841309,1.3937499523162842,1.2229067087173462,5238400
2003-06-25,1.401563048362732,1.4375,1.401563048362732,1.4199999570846558,1.2459386587142944,4944000
2003-06-26,1.4199999570846558,1.454063057899475,1.415624976158142,1.454063057899475,1.2758266925811768,4304000
2003-06-27,1.453125,1.4790630340576172,1.4515630006790161,1.4703129529953003,1.2900842428207397,5507200
2003-06-30,1.4737499952316284,1.4828130006790161,1.4406249523162842,1.4631249904632568,1.2837775945663452,6953600
2003-07-01,1.459375023841858,1.4765629768371582,1.4406249523162842,1.4765629768371582,1.2955687046051025,4316800
2003-07-02,1.475000023841858,1.4862500429153442,1.4609379768371582,1.479688048362732,1.298310399055481,6800000
2003-07-03,1.473438024520874,1.4778130054473877,1.4678130149841309,1.4753129482269287,1.2944717407226562,1865600
2003-07-07,1.4828130006790161,1.520313024520874,1.4828130006790161,1.5090630054473877,1.3240846395492554,6742400
2003-07-08,1.5625,1.625,1.553125023841858,1.6218750476837158,1.423068642616272,14428800
2003-07-09,1.6221879720687866,1.6356250047683716,1.5987499952316284,1.634374976158142,1.4340354204177856,4595200
2003-07-10,1.627500057220459,1.6293749809265137,1.6124999523162842,1.618749976158142,1.4203258752822876,6816000
2003-07-11,1.646875023841858,1.6675000190734863,1.6346880197525024,1.6634379625320435,1.4595369100570679,6790400
2003-07-14,1.671875,1.6875,1.6687500476837158,1.6843750476837158,1.4779068231582642,4371200
2003-07-15,1.6843750476837158,1.7050000429153442,1.671875,1.671875,1.466938853263855,7190400
2003-07-16,1.75,1.774999976158142,1.7268749475479126,1.7359379529953003,1.5231493711471558,30086400
2003-07-17,1.728124976158142,1.728124976158142,1.6875,1.6943750381469727,1.486681580543518,14748800
2003-07-18,1.6943750381469727,1.7181249856948853,1.6843750476837158,1.7109379768371582,1.5012139081954956,10432000
2003-07-21,1.7109379768371582,1.7293750047683716,1.696874976158142,1.696874976158142,1.488874912261963,9004800
2003-07-22,1.734375,1.8021880388259888,1.734375,1.7899999618530273,1.5705848932266235,10787200
2003-07-23,1.782188057899475,1.7825000286102295,1.753749966621399,1.7671879529953003,1.5505688190460205,6892800
2003-07-24,1.770313024520874,1.787500023841858,1.747499942779541,1.7487499713897705,1.5343912839889526,4025600
2003-07-25,1.7468750476837158,1.7496880292892456,1.7015630006790161,1.7171880006790161,1.5066982507705688,8275200
2003-07-28,1.7312500476837158,1.760938048362732,1.7253129482269287,1.740625023841858,1.5272619724273682,3219200
2003-07-29,1.7484380006790161,1.758437991142273,1.739063024520874,1.745313048362732,1.531375527381897,3996800
2003-07-30,1.743749976158142,1.743749976158142,1.7003129720687866,1.714063048362732,1.5039559602737427,5968000
2003-07-31,1.7203129529953003,1.7218749523162842,1.6875,1.6875,1.480649471282959,5814400
2003-08-01,1.6906249523162842,1.7293750047683716,1.690000057220459,1.7143750190734863,1.5042293071746826,4604800
2003-08-04,1.712499976158142,1.712499976158142,1.665624976158142,1.6796879768371582,1.4737944602966309,3792000
2003-08-05,1.6843750476837158,1.6843750476837158,1.6281249523162842,1.6375000476837158,1.4367784261703491,9555200
2003-08-06,1.609375,1.6346880197525024,1.6015629768371582,1.625,1.4258103370666504,13369600
2003-08-07,1.6234380006790161,1.6234380006790161,1.584375023841858,1.604688048362732,1.40798819065094,8512000
2003-08-08,1.6062500476837158,1.6078130006790161,1.5706249475479126,1.5871880054473877,1.3926335573196411,7123200
2003-08-11,1.5809379816055298,1.6168750524520874,1.5593750476837158,1.6146880388259888,1.4167619943618774,9628800
2003-08-12,1.620313048362732,1.6593749523162842,1.59375,1.6493749618530273,1.447197437286377,14953600
2003-08-13,1.651563048362732,1.682813048362732,1.6378129720687866,1.6637500524520874,1.459810495376587,14025600
2003-08-14,1.6484379768371582,1.6546880006790161,1.5921880006790161,1.6028130054473877,1.4063429832458496,48313600
2003-08-15,1.5765630006790161,1.6240630149841309,1.568750023841858,1.603124976158142,1.4066166877746582,120032000
2003-08-18,1.603124976158142,1.6859380006790161,1.598438024520874,1.6715630292892456,1.4666656255722046,60489600
2003-08-19,1.671875,1.696874976158142,1.6531250476837158,1.6843750476837158,1.4779068231582642,30614400
2003-08-20,1.6846879720687866,1.692188024520874,1.6706249713897705,1.6875,1.480649471282959,16035200
2003-08-21,1.698438048362732,1.7065629959106445,1.6843750476837158,1.7062499523162842,1.4971009492874146,16985600
2003-08-22,1.7218749523162842,1.728124976158142,1.681249976158142,1.692188024520874,1.4847630262374878,26457600
2003-08-25,1.6875,1.6878130435943604,1.6434379816055298,1.6518750190734863,1.4493911266326904,11193600
2003-08-26,1.640625,1.6553130149841309,1.615625023841858,1.6553130149841309,1.4524073600769043,8883200
2003-08-27,1.6521879434585571,1.684999942779541,1.6478129625320435,1.6806249618530273,1.4746167659759521,5315200
2003-08-28,1.693750023841858,1.698438048362732,1.6375000476837158,1.6887500286102295,1.4817453622817993,9036800
2003-08-29,1.6890629529953003,1.7168749570846558,1.681249976158142,1.704063057899475,1.4951820373535156,4896000
2003-09-02,1.7265629768371582,1.7515629529953003,1.7237499952316284,1.7446880340576172,1.5308270454406738,10844800
2003-09-03,1.7796880006790161,1.7796880006790161,1.7443749904632568,1.75,1.5354875326156616,11788800
2003-09-04,1.7421879768371582,1.7459379434585571,1.712499976158142,1.736562967300415,1.523697853088379,7673600
2003-09-05,1.7287499904632568,1.746250033378601,1.7081249952316284,1.723438024520874,1.5121817588806152,3952000
2003-09-08,1.7231249809265137,1.7312500476837158,1.7071880102157593,1.712499976158142,1.5025851726531982,8588800
2003-09-09,1.71875,1.71875,1.6940629482269287,1.7062499523162842,1.4971009492874146,6150400
2003-09-10,1.7000000476837158,1.7000000476837158,1.6496880054473877,1.662500023841858,1.458713173866272,10537600
2003-09-11,1.6581250429153442,1.6846879720687866,1.635938048362732,1.6790629625320435,1.4732463359832764,7856000
2003-09-12,1.6634379625320435,1.6668750047683716,1.620313048362732,1.646875023841858,1.4450042247772217,7907200
2003-09-15,1.6546880006790161,1.6578129529953003,1.6440629959106445,1.6484379768371582,1.4463756084442139,4259200
2003-09-16,1.6481250524520874,1.6875,1.645313024520874,1.6875,1.480649471282959,4745600
2003-09-17,1.6875,1.7081249952316284,1.678125023841858,1.7034380435943604,1.4946331977844238,6121600
2003-09-18,1.703125,1.7687499523162842,1.7028130292892456,1.7559380531311035,1.5406978130340576,12854400
2003-09-19,1.7490630149841309,1.75,1.729688048362732,1.7400000095367432,1.5267139673233032,5532800
2003-09-22,1.7321879863739014,1.7324999570846558,1.7015630006790161,1.707813024520874,1.4984720945358276,3708800
2003-09-23,1.693750023841858,1.720937967300415,1.6875,1.7193750143051147,1.5086170434951782,7523200
2003-09-24,1.7193750143051147,1.721250057220459,1.660938024520874,1.6687500476837158,1.4641969203948975,6099200
2003-09-25,1.665624976158142,1.667188048362732,1.634374976158142,1.646875023841858,1.4450042247772217,6118400
2003-09-26,1.646875023841858,1.651563048362732,1.6015629768371582,1.6106250286102295,1.4131971597671509,5961600
2003-09-29,1.615625023841858,1.6437499523162842,1.615625023841858,1.6418750286102295,1.4406169652938843,4448000
2003-09-30,1.6218750476837158,1.6403130292892456,1.609375,1.6265629529953003,1.4271810054779053,7872000
2003-10-01,1.631250023841858,1.6393749713897705,1.6284379959106445,1.6309380531311035,1.4310202598571777,5452800
2003-10-02,1.631250023841858,1.6640629768371582,1.6268750429153442,1.659999966621399,1.4565201997756958,4294400
2003-10-03,1.6749999523162842,1.703125,1.6749999523162842,1.6890629529953003,1.4820210933685303,5299200
2003-10-06,1.703125,1.7468750476837158,1.703125,1.7246880531311035,1.5132787227630615,4915200
2003-10-07,1.7174999713897705,1.7440630197525024,1.7109379768371582,1.7421879768371582,1.5286338329315186,4134400
2003-10-08,1.75,1.7503130435943604,1.71875,1.71875,1.5080682039260864,4540800
2003-10-09,1.734375,1.7450000047683716,1.712499976158142,1.7190630435943604,1.5083428621292114,3168000
2003-10-10,1.7265629768371582,1.7312500476837158,1.7018749713897705,1.7018749713897705,1.4932624101638794,4476800
2003-10-13,1.7081249952316284,1.716249942779541,1.6793750524520874,1.6831250190734863,1.4768104553222656,6448000
2003-10-14,1.671875,1.7184380292892456,1.6703130006790161,1.7156250476837158,1.505326509475708,4163200
2003-10-15,1.796875,1.854688048362732,1.7828129529953003,1.8324999809265137,1.6078752279281616,30204800
2003-10-16,1.8378130197525024,1.8562500476837158,1.793125033378601,1.8396879434585571,1.6141819953918457,20860800
2003-10-17,1.834375023841858,1.8465629816055298,1.8274999856948853,1.830312967300415,1.6059564352035522,7932800
2003-10-20,1.830312967300415,1.8309379816055298,1.8125,1.825624942779541,1.601842999458313,6675200
2003-10-21,1.8334380388259888,1.8534380197525024,1.8312499523162842,1.8440630435943604,1.6180202960968018,8841600
2003-10-22,1.837499976158142,1.8562500476837158,1.834375023841858,1.8562500476837158,1.6287142038345337,9417600
2003-10-23,1.8468749523162842,1.8468749523162842,1.818750023841858,1.8250000476837158,1.6012951135635376,10803200
2003-10-24,1.8156249523162842,1.8203129768371582,1.796875,1.8109380006790161,1.588956594467163,6892800
2003-10-27,1.8109380006790161,1.8409379720687866,1.8103129863739014,1.839063048362732,1.6136343479156494,4169600
2003-10-28,1.8515629768371582,1.8515629768371582,1.828125,1.8340630531311035,1.6092472076416016,10220800
2003-10-29,1.8331249952316284,1.84375,1.8237500190734863,1.8415629863739014,1.6158276796340942,6723200
2003-10-30,1.8468749523162842,1.8537499904632568,1.8156249523162842,1.8428130149841309,1.6169242858886719,5641600
2003-10-31,1.8406250476837158,1.852187991142273,1.8359379768371582,1.8359379768371582,1.6108916997909546,6121600
2003-11-03,1.837499976158142,1.8946880102157593,1.8350000381469727,1.8946880102157593,1.6624406576156616,7196800
2003-11-04,1.8875000476837158,1.8875000476837158,1.870313048362732,1.8765629529953003,1.6465367078781128,5811200
2003-11-05,1.881250023841858,1.8971879482269287,1.8690630197525024,1.8965630531311035,1.6640859842300415,7094400
2003-11-06,1.896875023841858,1.9199999570846558,1.893125057220459,1.9162499904632568,1.6813592910766602,4704000
2003-11-07,1.9187500476837158,1.9296879768371582,1.9021879434585571,1.9118750095367432,1.677520513534546,3532800
2003-11-10,1.9121880531311035,1.9121880531311035,1.879688024520874,1.8846880197525024,1.6536659002304077,3158400
2003-11-11,1.8846880197525024,1.8846880197525024,1.868749976158142,1.875938057899475,1.6459884643554688,3888000
2003-11-12,1.885938048362732,1.9121880531311035,1.883437991142273,1.9115630388259888,1.6772469282150269,3833600
2003-11-13,1.899999976158142,1.902500033378601,1.879688024520874,1.8893749713897705,1.657778263092041,2316800
2003-11-14,1.884374976158142,1.890625,1.8609379529953003,1.8718750476837158,1.6424238681793213,2902400
2003-11-17,1.865625023841858,1.8665629625320435,1.834375023841858,1.859375,1.6314555406570435,3561600
2003-11-18,1.859375,1.8818750381469727,1.850000023841858,1.859375,1.6314555406570435,4224000
2003-11-19,1.859375,1.8624999523162842,1.8346879482269287,1.8453129529953003,1.6191176176071167,3478400
2003-11-20,1.839063048362732,1.861562967300415,1.834375023841858,1.84375,1.6177457571029663,2153600
2003-11-21,1.8515629768371582,1.8515629768371582,1.8384380340576172,1.8468749523162842,1.6204880475997925,1273600
2003-11-24,1.850000023841858,1.8828129768371582,1.850000023841858,1.8828129768371582,1.6520206928253174,2403200
2003-11-25,1.881250023841858,1.890625,1.870313048362732,1.8718750476837158,1.6424238681793213,2809600
2003-11-26,1.8718750476837158,1.9131250381469727,1.8718750476837158,1.9059380292892456,1.6723114252090454,3299200
2003-11-28,1.901563048362732,1.9046880006790161,1.8875000476837158,1.8912500143051147,1.6594234704971313,1382400
2003-12-01,1.9006249904632568,1.9443750381469727,1.9006249904632568,1.9431250095367432,1.7049404382705688,4643200
2003-12-02,1.9375,1.9456249475479126,1.9375,1.9453129768371582,1.706860065460205,3091200
2003-12-03,1.9462499618530273,1.978124976158142,1.9462499618530273,1.9671880006790161,1.7260528802871704,6281600
2003-12-04,1.9609379768371582,1.9609379768371582,1.9012500047683716,1.9346879720687866,1.6975364685058594,6300800
2003-12-05,1.921875,1.928125023841858,1.912500023841858,1.9159380197525024,1.6810859441757202,2620800
2003-12-08,1.90625,1.9249999523162842,1.90625,1.9249999523162842,1.6890367269515991,6780800
2003-12-09,1.9259380102157593,1.926563024520874,1.9075000286102295,1.9106249809265137,1.6764235496520996,3929600
2003-12-10,1.9106249809265137,1.9106249809265137,1.8715629577636719,1.8840630054473877,1.6531180143356323,3964800
2003-12-11,1.884374976158142,1.9309380054473877,1.8753130435943604,1.9309380054473877,1.6942462921142578,5417600
2003-12-12,1.9321880340576172,1.9368749856948853,1.90625,1.9106249809265137,1.6764235496520996,5164800
2003-12-15,1.9234379529953003,1.945937991142273,1.9137500524520874,1.917188048362732,1.6821821928024292,13283200
2003-12-16,1.9249999523162842,1.926563024520874,1.9003130197525024,1.9215630292892456,1.6860209703445435,7145600
2003-12-17,1.9093749523162842,1.9096879959106445,1.8962500095367432,1.9031250476837158,1.669843316078186,3974400
2003-12-18,1.895313024520874,1.96875,1.895313024520874,1.96875,1.727423906326294,9190400
2003-12-19,1.9656250476837158,1.972499966621399,1.9500000476837158,1.969688057899475,1.7282475233078003,4281600
2003-12-22,1.9656250476837158,1.9812500476837158,1.9637500047683716,1.9765629768371582,1.7342792749404907,9334400
2003-12-23,1.9703129529953003,1.9850000143051147,1.9600000381469727,1.9812500476837158,1.7383915185928345,4441600
2003-12-24,1.984375,1.984375,1.978124976158142,1.979688048362732,1.7370212078094482,777600
2003-12-26,1.979688048362732,1.989063024520874,1.9774999618530273,1.9834380149841309,1.740310788154602,828800
2003-12-29,1.9828130006790161,2.0040628910064697,1.9784380197525024,1.9987499713897705,1.7537468671798706,4249600
2003-12-30,1.9968750476837158,2.0,1.9837499856948853,1.9946880340576172,1.7501823902130127,2256000
2003-12-31,1.9984380006790161,2.0,1.9837499856948853,1.9978129863739014,1.7529246807098389,2995200
2004-01-02,1.96875,1.96875,1.939687967300415,1.9500000476837158,1.7109715938568115,9507200
2004-01-05,1.9375,1.9990630149841309,1.9375,1.993749976158142,1.7493592500686646,6707200
2004-01-06,1.9859379529953003,1.9971879720687866,1.9656250476837158,1.986875057220459,1.7433271408081055,6486400
2004-01-07,1.990625023841858,2.0,1.978124976158142,2.0,1.7548432350158691,7052800
2004-01-08,2.004688024520874,2.012500047683716,2.0,2.0,1.7548432350158691,5984000
2004-01-09,1.984375,1.9931249618530273,1.9678130149841309,1.969688057899475,1.7282475233078003,6214400
2004-01-12,1.9774999618530273,2.0218749046325684,1.9759379625320435,2.0218749046325684,1.7740365266799927,4985600
2004-01-13,2.0215630531311035,2.0374999046325684,2.0062499046325684,2.015000104904175,1.7680045366287231,5542400
2004-01-14,2.015000104904175,2.018749952316284,2.005000114440918,2.015625,1.7685531377792358,5072000
2004-01-15,2.012500047683716,2.034374952316284,2.0087499618530273,2.030937910079956,1.7819892168045044,7145600
2004-01-16,2.054687976837158,2.09375,2.054687976837158,2.09375,1.8371012210845947,7632000
2004-01-20,2.106250047683716,2.114063024520874,2.0509378910064697,2.0603129863739014,1.8077634572982788,7942400
2004-01-21,2.1187500953674316,2.15625,2.0875000953674316,2.153125047683716,1.889199137687683,21670400
2004-01-22,2.15625,2.1656250953674316,2.0893750190734863,2.111875057220459,1.8530055284500122,7926400
2004-01-23,2.111875057220459,2.137500047683716,2.111875057220459,2.1343750953674316,1.8727459907531738,8694400
2004-01-26,2.1343750953674316,2.164062976837158,2.1337499618530273,2.15625,1.8919403553009033,10579200
2004-01-27,2.15625,2.168750047683716,2.1312499046325684,2.1312499046325684,1.870004415512085,9315200
2004-01-28,2.1359379291534424,2.14218807220459,2.077500104904175,2.078749895095825,1.8239394426345825,3817600
2004-01-29,2.078125,2.078125,2.025938034057617,2.046875,1.7959723472595215,3766400
2004-01-30,2.0453128814697266,2.0718750953674316,2.039062976837158,2.064687967300415,1.811601996421814,5593600
2004-02-02,2.0625,2.0978128910064697,2.0625,2.0784380435943604,1.823667049407959,4611200
2004-02-03,2.0562500953674316,2.06406307220459,2.027812957763672,2.0315630435943604,1.7825371026992798,4537600
2004-02-04,2.028438091278076,2.028438091278076,1.9918750524520874,2.010313034057617,1.7638922929763794,5731200
2004-02-05,2.007188081741333,2.027812957763672,1.9959379434585571,2.0199999809265137,1.7723920345306396,3209600
2004-02-06,2.013124942779541,2.067188024520874,2.0109379291534424,2.0637500286102295,1.8107786178588867,4499200
2004-02-09,2.0625,2.090312957763672,2.059375047683716,2.072187900543213,1.8181825876235962,3808000
2004-02-10,2.075313091278076,2.1121881008148193,2.075313091278076,2.096874952316284,1.8398427963256836,4099200
2004-02-11,2.081249952316284,2.0999999046325684,2.072187900543213,2.093125104904175,1.8365534543991089,4332800
2004-02-12,2.090625047683716,2.1031250953674316,2.0821878910064697,2.090625047683716,1.8343592882156372,2579200
2004-02-13,2.09375,2.105937957763672,2.0350000858306885,2.0506250858306885,1.7992627620697021,5798400
2004-02-17,2.0506250858306885,2.0506250858306885,2.03125,2.039375066757202,1.7893917560577393,5705600
2004-02-18,2.039375066757202,2.049999952316284,2.0268750190734863,2.0381250381469727,1.788295030593872,2867200
2004-02-19,2.043750047683716,2.054374933242798,2.026249885559082,2.028125047683716,1.7795212268829346,2950400
2004-02-20,2.0296878814697266,2.0340631008148193,1.9390629529953003,1.959375023841858,1.7191981077194214,16476800
2004-02-23,1.957813024520874,1.957813024520874,1.890625,1.890625,1.6588754653930664,20236800
2004-02-24,1.8781249523162842,1.881250023841858,1.8528130054473877,1.8528130054473877,1.6256983280181885,121347200
2004-02-25,1.8574999570846558,1.8799999952316284,1.8562500476837158,1.875,1.6451656818389893,30332800
2004-02-26,1.875,1.8806250095367432,1.853124976158142,1.8753130435943604,1.6454401016235352,18803200
2004-02-27,1.884374976158142,1.9403129816055298,1.8781249523162842,1.932813048362732,1.6958922147750854,44313600
2004-03-01,1.928125023841858,1.9984380006790161,1.9249999523162842,1.9878129959106445,1.7441500425338745,24444800
2004-03-02,1.96875,1.9803129434585571,1.9428130388259888,1.9534380435943604,1.713989019393921,8288000
2004-03-03,1.9375,1.9375,1.9093749523162842,1.9203130006790161,1.6849247217178345,8358400
2004-03-04,1.9375,1.9581249952316284,1.9343750476837158,1.946874976158142,1.7082306146621704,9232000
2004-03-05,1.9343750476837158,1.9859379529953003,1.926563024520874,1.961562991142273,1.7211174964904785,9459200
2004-03-08,1.9537500143051147,1.9665629863739014,1.8912500143051147,1.8949999809265137,1.662713646888733,8483200
2004-03-09,1.9065630435943604,1.9065630435943604,1.8718750476837158,1.884374976158142,1.6533914804458618,9766400
2004-03-10,1.90625,1.908750057220459,1.8837499618530273,1.888124942779541,1.656681776046753,13724800
2004-03-11,1.8718750476837158,1.8746880292892456,1.837499976158142,1.8503129482269287,1.6235051155090332,12595200
2004-03-12,1.8578130006790161,1.8837499618530273,1.852187991142273,1.8828129768371582,1.6520206928253174,9328000
2004-03-15,1.890625,1.8909380435943604,1.8250000476837158,1.8268749713897705,1.6029393672943115,7360000
2004-03-16,1.8406250476837158,1.8624999523162842,1.803125023841858,1.831874966621399,1.6073267459869385,9974400
2004-03-17,1.834375023841858,1.8718750476837158,1.834375023841858,1.8587499856948853,1.6309071779251099,9164800
2004-03-18,1.854688048362732,1.8578130006790161,1.818750023841858,1.8496880531311035,1.622956395149231,5385600
2004-03-19,1.828125,1.8621879816055298,1.828125,1.840000033378601,1.6144558191299438,8540800
2004-03-22,1.828125,1.828125,1.7581249475479126,1.7734379768371582,1.5560526847839355,16710400
2004-03-23,1.7937500476837158,1.825624942779541,1.78125,1.7843749523162842,1.565649390220642,17619200
2004-03-24,1.7843749523162842,1.7937500476837158,1.7728129625320435,1.78125,1.5629072189331055,11267200
2004-03-25,1.7846879959106445,1.8403129577636719,1.7843749523162842,1.8312499523162842,1.6067785024642944,24662400
2004-03-26,1.8315629959106445,1.8331249952316284,1.8156249523162842,1.8265630006790161,1.6026663780212402,9097600
2004-03-29,1.8359379768371582,1.8778129816055298,1.8334380388259888,1.8659379482269287,1.6372144222259521,6972800
2004-03-30,1.8562500476837158,1.875,1.855625033378601,1.8674999475479126,1.638584852218628,4035200
2004-03-31,1.8768750429153442,1.8993749618530273,1.8493750095367432,1.8562500476837158,1.6287142038345337,5769600
2004-04-01,1.8718750476837158,1.902500033378601,1.868749976158142,1.881250023841858,1.6506496667861938,7960000
2004-04-02,1.931249976158142,1.9368749856948853,1.9031250476837158,1.9368749856948853,1.699455976486206,7057600
2004-04-05,1.899999976158142,1.9924999475479126,1.899999976158142,1.9900000095367432,1.746069312095642,11998400
2004-04-06,1.96875,1.9800000190734863,1.9481250047683716,1.9800000190734863,1.7372945547103882,11708800
2004-04-07,1.9768749475479126,1.984375,1.9618749618530273,1.9812500476837158,1.7383915185928345,7179200
2004-04-08,2.0,2.0093750953674316,1.9812500476837158,1.9850000143051147,1.7416818141937256,8064000
2004-04-12,1.988124966621399,2.002500057220459,1.9693750143051147,1.9874999523162842,1.7438758611679077,5257600
2004-04-13,1.981874942779541,1.9931249618530273,1.9406249523162842,1.9524999856948853,1.7131658792495728,7859200
2004-04-14,1.9212499856948853,1.943750023841858,1.9137500524520874,1.9231250286102295,1.6873916387557983,5216000
2004-04-15,1.9375,1.9375,1.8624999523162842,1.8912500143051147,1.6594234704971313,8862400
2004-04-16,1.899999976158142,1.912500023841858,1.8718750476837158,1.884374976158142,1.6533914804458618,12334400
2004-04-19,1.884374976158142,1.9187500476837158,1.878749966621399,1.9187500476837158,1.683552861213684,8956800
2004-04-20,1.9968750476837158,1.9968750476837158,1.953125,1.9550000429153442,1.7153589725494385,14918400
2004-04-21,2.0193750858306885,2.1312499046325684,1.978124976158142,2.117500066757202,1.8579405546188354,33803200
2004-04-22,2.112499952316284,2.140625,2.0918750762939453,2.133125066757202,1.8716504573822021,20257600
2004-04-23,2.138124942779541,2.155625104904175,2.1112499237060547,2.125,1.8645211458206177,20761600
2004-04-26,2.128124952316284,2.128124952316284,2.078125,2.106250047683716,1.8480699062347412,10225600
2004-04-27,2.1156249046325684,2.124375104904175,2.069999933242798,2.085624933242798,1.8299726247787476,7966400
2004-04-28,2.073124885559082,2.073124885559082,2.028749942779541,2.056874990463257,1.8047460317611694,9569600
2004-04-29,2.03125,2.0718750953674316,1.9924999475479126,2.005625009536743,1.7597788572311401,9270400
2004-04-30,2.021250009536743,2.023750066757202,1.9731249809265137,1.9756250381469727,1.7334563732147217,10228800
2004-05-03,1.9850000143051147,2.0562500953674316,1.9756250381469727,1.9981249570846558,1.7531976699829102,7352000
2004-05-04,2.0,2.078125,1.997499942779541,2.051875114440918,1.8003596067428589,8124800
2004-05-05,2.067500114440918,2.109375,2.0625,2.101875066757202,1.8442307710647583,9508800
2004-05-06,2.101875066757202,2.101875066757202,2.016249895095825,2.049999952316284,1.798714518547058,7152000
2004-05-07,2.0406250953674316,2.0687499046325684,2.009999990463257,2.009999990463257,1.7636176347732544,9297600
2004-05-10,2.009999990463257,2.009999990463257,1.959375023841858,1.978124976158142,1.7356497049331665,7787200
2004-05-11,2.0093750953674316,2.057499885559082,1.9993749856948853,2.0062499046325684,1.7603274583816528,6932800
2004-05-12,2.0062499046325684,2.0225000381469727,1.971250057220459,2.005625009536743,1.7597788572311401,10766400
2004-05-13,2.0068750381469727,2.080625057220459,2.0068750381469727,2.0299999713897705,1.7811663150787354,9587200
2004-05-14,2.0356249809265137,2.0399999618530273,1.993749976158142,2.0143749713897705,1.7674560546875,4774400
2004-05-17,2.0143749713897705,2.0143749713897705,1.9518749713897705,1.966249942779541,1.7252304553985596,7774400
2004-05-18,1.96875,1.9874999523162842,1.96875,1.984375,1.7411335706710815,6891200
2004-05-19,1.9874999523162842,2.0487499237060547,1.9874999523162842,1.993749976158142,1.7493592500686646,4894400
2004-05-20,1.9874999523162842,1.996250033378601,1.965000033378601,1.9837499856948853,1.7405853271484375,5750400
2004-05-21,1.9812500476837158,1.9874999523162842,1.9424999952316284,1.9524999856948853,1.7131658792495728,8134400
2004-05-24,1.9587500095367432,1.9793750047683716,1.9450000524520874,1.953125,1.7137141227722168,7014400
2004-05-25,1.9500000476837158,2.020625114440918,1.908750057220459,2.013124942779541,1.7663589715957642,10665600
2004-05-26,2.013124942779541,2.0512499809265137,2.0087499618530273,2.0325000286102295,1.7833597660064697,3772800
2004-05-27,2.0406250953674316,2.056874990463257,2.0062499046325684,2.0225000381469727,1.7745851278305054,3508800
2004-05-28,2.0225000381469727,2.047499895095825,2.015625,2.0374999046325684,1.787746548652649,3099200
2004-06-01,2.031874895095825,2.0406250953674316,2.0,2.021250009536743,1.7734876871109009,4771200
2004-06-02,2.03125,2.038749933242798,1.980625033378601,2.0062499046325684,1.7603274583816528,6347200
2004-06-03,2.0,2.007499933242798,1.9606250524520874,1.9606250524520874,1.7202948331832886,3662400
2004-06-04,1.9718749523162842,1.9993749856948853,1.9718749523162842,1.9900000095367432,1.746069312095642,5209600
2004-06-07,1.996250033378601,2.0350000858306885,1.996250033378601,2.0350000858306885,1.785554051399231,4812800
2004-06-08,2.028749942779541,2.043750047683716,2.0174999237060547,2.0331249237060547,1.7839075326919556,5936000
2004-06-09,2.0331249237060547,2.034374952316284,2.005000114440918,2.0112500190734863,1.7647149562835693,3553600
2004-06-10,2.0062499046325684,2.0381250381469727,2.0037500858306885,2.015625,1.7685531377792358,2468800
2004-06-14,2.0199999809265137,2.0199999809265137,1.9950000047683716,2.0062499046325684,1.7603274583816528,6520000
2004-06-15,2.0068750381469727,2.0374999046325684,2.0068750381469727,2.0250000953674316,1.7767786979675293,5265600
2004-06-16,2.012500047683716,2.018749952316284,1.9862500429153442,2.005000114440918,1.7592308521270752,4390400
2004-06-17,1.9824999570846558,1.9874999523162842,1.946874976158142,1.9631249904632568,1.722488284111023,6427200
2004-06-18,1.9562499523162842,2.0093750953674316,1.9481250047683716,1.9550000429153442,1.7153589725494385,7025600
2004-06-21,1.9550000429153442,1.96875,1.9543750286102295,1.9581249952316284,1.718101143836975,4224000
2004-06-22,1.9518749713897705,1.959375023841858,1.9187500476837158,1.9293750524520874,1.6928753852844238,10926400
2004-06-23,1.9343750476837158,1.9418749809265137,1.859375,1.9375,1.7000048160552979,24222400
2004-06-24,1.943750023841858,1.972499966621399,1.9381250143051147,1.971250057220459,1.7296175956726074,9604800
2004-06-25,1.9787499904632568,2.03125,1.9743750095367432,2.03125,1.7822620868682861,16988800
2004-06-28,2.046875,2.0531249046325684,2.0112500190734863,2.012500047683716,1.7658107280731201,5851200
2004-06-29,2.015000104904175,2.0737500190734863,2.015000104904175,2.070625066757202,1.8168108463287354,8494400
2004-06-30,2.0737500190734863,2.0850000381469727,2.049999952316284,2.0824999809265137,1.8272302150726318,7433600
2004-07-01,2.069999933242798,2.078125,1.9981249570846558,2.0299999713897705,1.7811663150787354,9048000
2004-07-02,2.030625104904175,2.030625104904175,2.003124952316284,2.0168750286102295,1.7696502208709717,6990400
2004-07-06,2.0174999237060547,2.0174999237060547,1.9068750143051147,1.9212499856948853,1.685746431350708,7912000
2004-07-07,1.9293750524520874,1.9600000381469727,1.912500023841858,1.912500023841858,1.6780691146850586,5323200
2004-07-08,1.9131250381469727,1.9299999475479126,1.884374976158142,1.8875000476837158,1.6561338901519775,7374400
2004-07-09,1.8937499523162842,1.928125023841858,1.8875000476837158,1.9006249904632568,1.6676493883132935,4476800
2004-07-12,1.8875000476837158,1.8875000476837158,1.828125,1.8387500047683716,1.6133588552474976,9225600
2004-07-13,1.84375,1.863124966621399,1.824375033378601,1.8293750286102295,1.6051334142684937,7104000
2004-07-14,1.8293750286102295,1.8356250524520874,1.794374942779541,1.8125,1.5903270244598389,8748800
2004-07-15,1.818750023841858,1.825624942779541,1.794374942779541,1.7949999570846558,1.5749719142913818,8331200
2004-07-16,1.799375057220459,1.8056249618530273,1.7531249523162842,1.7575000524520874,1.5420688390731812,33515200
2004-07-19,1.7649999856948853,1.777500033378601,1.75,1.7568750381469727,1.541520357131958,14033600
2004-07-20,1.7612500190734863,1.8831249475479126,1.743749976158142,1.875,1.6451656818389893,24899200
2004-07-21,1.9375,2.015625,1.8450000286102295,1.8550000190734863,1.6276168823242188,21841600
2004-07-22,1.8624999523162842,1.8937499523162842,1.8274999856948853,1.855625033378601,1.6281659603118896,16755200
2004-07-23,1.8562500476837158,1.8562500476837158,1.818750023841858,1.8368749618530273,1.6117138862609863,11448000
2004-07-26,1.868749976158142,1.8743749856948853,1.7956249713897705,1.8137500286102295,1.591423749923706,8406400
2004-07-27,1.8406250476837158,1.8781249523162842,1.837499976158142,1.8662500381469727,1.637488842010498,17446400
2004-07-28,1.868749976158142,1.8818750381469727,1.8250000476837158,1.8674999475479126,1.638584852218628,9358400
2004-07-29,1.8799999952316284,1.9574999809265137,1.8799999952316284,1.9450000524520874,1.7065850496292114,11792000
2004-07-30,1.946874976158142,1.9768749475479126,1.9168750047683716,1.9643750190734863,1.7235846519470215,8619200
2004-08-02,1.9500000476837158,2.0,1.9500000476837158,1.9850000143051147,1.7416818141937256,8044800
2004-08-03,1.997499942779541,1.997499942779541,1.943750023841858,1.9524999856948853,1.7131658792495728,7633600
2004-08-04,1.9462499618530273,1.955625057220459,1.9249999523162842,1.946874976158142,1.7082306146621704,5486400
2004-08-05,1.9375,1.962499976158142,1.8981250524520874,1.9249999523162842,1.6890367269515991,7166400
2004-08-06,1.899999976158142,1.899999976158142,1.855625033378601,1.868749976158142,1.6396818161010742,10552000
2004-08-09,1.8562500476837158,1.868749976158142,1.830625057220459,1.8624999523162842,1.6341979503631592,5662400
2004-08-10,1.875,1.955625057220459,1.8718750476837158,1.9431250095367432,1.7049404382705688,10398400
2004-08-11,1.912500023841858,1.915624976158142,1.84375,1.8562500476837158,1.6287142038345337,16574400
2004-08-12,1.8125,1.84375,1.7818750143051147,1.7881250381469727,1.5689393281936646,13545600
2004-08-13,1.7925000190734863,1.806249976158142,1.759374976158142,1.7675000429153442,1.5508434772491455,9270400
2004-08-16,1.771875023841858,1.8337500095367432,1.771875023841858,1.8125,1.5903270244598389,8819200
2004-08-17,1.84375,1.861875057220459,1.821874976158142,1.821874976158142,1.5985527038574219,5243200
2004-08-18,1.8250000476837158,1.8624999523162842,1.8250000476837158,1.8493750095367432,1.6226814985275269,6945600
2004-08-19,1.8493750095367432,1.8875000476837158,1.837499976158142,1.859375,1.6314555406570435,7179200
2004-08-20,1.861875057220459,1.8862500190734863,1.861875057220459,1.878749966621399,1.6484557390213013,7086400
2004-08-23,1.872499942779541,1.8912500143051147,1.8512500524520874,1.8762500286102295,1.646262288093567,5030400
2004-08-24,1.881250023841858,1.896875023841858,1.840000033378601,1.8450000286102295,1.61884343624115,7921600
2004-08-25,1.8562500476837158,1.875,1.8300000429153442,1.8718750476837158,1.6424238681793213,3996800
2004-08-26,1.8718750476837158,1.8768750429153442,1.830625057220459,1.8356250524520874,1.6106175184249878,7286400
2004-08-27,1.8512500524520874,1.90625,1.850000023841858,1.899999976158142,1.6671011447906494,5561600
2004-08-30,1.8937499523162842,1.8993749618530273,1.8731249570846558,1.8856250047683716,1.654488444328308,3937600
2004-08-31,1.8624999523162842,1.878749966621399,1.840000033378601,1.878749966621399,1.6484557390213013,6084800
2004-09-01,1.8781249523162842,1.9418749809265137,1.8762500286102295,1.9387500286102295,1.7011014223098755,9340800
2004-09-02,1.9275000095367432,1.9343750476837158,1.903749942779541,1.9175000190734863,1.682456612586975,6606400
2004-09-03,1.9081250429153442,1.9143749475479126,1.861875057220459,1.8837499618530273,1.6528434753417969,4294400
2004-09-07,1.8562500476837158,1.9031250476837158,1.8562500476837158,1.868749976158142,1.6396818161010742,5827200
2004-09-08,1.865625023841858,1.8893749713897705,1.859375,1.8693749904632568,1.6402297019958496,9470400
2004-09-09,1.8406250476837158,1.859375,1.8393750190734863,1.856874942779541,1.6292622089385986,23131200
2004-09-10,1.890625,1.902500033378601,1.853124976158142,1.8849999904632568,1.6539397239685059,25872000
2004-09-13,1.9006249904632568,1.9393750429153442,1.899999976158142,1.9368749856948853,1.699455976486206,11720000
2004-09-14,1.9368749856948853,1.981874942779541,1.915624976158142,1.9668749570846558,1.7257789373397827,9228800
2004-09-15,1.9668749570846558,1.9674999713897705,1.9112499952316284,1.933750033378601,1.6967145204544067,7960000
2004-09-16,1.9249999523162842,1.972499966621399,1.9249999523162842,1.9543750286102295,1.714811086654663,5742400
2004-09-17,1.943750023841858,2.003124952316284,1.9387500286102295,2.0018749237060547,1.7564888000488281,10164800
2004-09-20,1.9950000047683716,2.03125,1.96875,2.0068750381469727,1.7608758211135864,21996800
2004-09-21,2.026249885559082,2.0737500190734863,2.0243749618530273,2.052500009536743,1.8009077310562134,9857600
2004-09-22,2.0537500381469727,2.054374933242798,2.0193750858306885,2.0374999046325684,1.787746548652649,9905600
2004-09-23,2.0374999046325684,2.041249990463257,1.980625033378601,2.0,1.7548432350158691,9552000
2004-09-24,1.9968750476837158,2.008125066757202,1.9612499475479126,1.984375,1.7411335706710815,6243200
2004-09-27,1.986875057220459,2.010624885559082,1.96875,1.9887499809265137,1.7449724674224854,8022400
2004-09-28,2.0687499046325684,2.075000047683716,2.0218749046325684,2.059999942779541,1.8074886798858643,24057600
2004-09-29,2.0606250762939453,2.080625057220459,2.0512499809265137,2.077500104904175,1.8228440284729004,11833600
2004-09-30,2.077500104904175,2.148124933242798,2.0718750953674316,2.141249895095825,1.8787791728973389,117792000
2004-10-01,2.141249895095825,2.1806249618530273,2.137500047683716,2.176875114440918,1.9100371599197388,17139200
2004-10-04,2.1812500953674316,2.1937499046325684,2.146250009536743,2.15625,1.8919403553009033,26236800
2004-10-05,2.1624999046325684,2.164375066757202,2.112499952316284,2.119999885559082,1.860133409500122,23348800
2004-10-06,2.125,2.184375047683716,2.1031250953674316,2.184375047683716,1.9166187047958374,11043200
2004-10-07,2.184375047683716,2.192500114440918,2.1493749618530273,2.1656250953674316,1.9001665115356445,7649600
2004-10-08,2.1656250953674316,2.1656250953674316,2.125,2.1318750381469727,1.8705534934997559,8062400
2004-10-11,2.132499933242798,2.1343750953674316,2.109999895095825,2.1287500858306885,1.8678114414215088,5465600
2004-10-12,2.09375,2.094374895095825,2.0143749713897705,2.046875,1.7959723472595215,28708800
2004-10-13,2.0625,2.075000047683716,2.0350000858306885,2.052500009536743,1.8009077310562134,11113600
2004-10-14,2.046875,2.047499895095825,2.0174999237060547,2.0325000286102295,1.7833597660064697,8177600
2004-10-15,2.0325000286102295,2.069999933242798,2.023124933242798,2.0537500381469727,1.802004337310791,15361600
2004-10-18,2.0537500381469727,2.081249952316284,2.0274999141693115,2.065624952316284,1.8124240636825562,14864000
2004-10-19,2.070625066757202,2.1187500953674316,2.070625066757202,2.096874952316284,1.8398427963256836,19201600
2004-10-20,2.096874952316284,2.153749942779541,2.0818750858306885,2.119374990463257,1.8595857620239258,18580800
2004-10-21,2.112499952316284,2.1875,2.0456249713897705,2.171875,1.9056508541107178,18240000
2004-10-22,2.1787500381469727,2.179374933242798,2.125624895095825,2.140000104904175,1.877681851387024,12928000
2004-10-25,2.146250009536743,2.190000057220459,2.1449999809265137,2.166874885559082,1.9012625217437744,13913600
2004-10-26,2.15625,2.15625,2.078749895095825,2.1212499141693115,1.8612306118011475,13326400
2004-10-27,2.125,2.1631250381469727,2.109375,2.1543750762939453,1.8902955055236816,20664000
2004-10-28,2.155625104904175,2.1575000286102295,2.1262500286102295,2.1475000381469727,1.8842636346817017,8934400
2004-10-29,2.1518750190734863,2.174999952316284,2.1031250953674316,2.145625114440918,1.8826178312301636,8448000
2004-11-01,2.1518750190734863,2.1806249618530273,2.141249895095825,2.1762499809265137,1.909489393234253,7009600
2004-11-02,2.1762499809265137,2.234375,2.1675000190734863,2.1875,1.9193596839904785,9145600
2004-11-03,2.21875,2.2281250953674316,2.158750057220459,2.1812500953674316,1.9138762950897217,11419200
2004-11-04,2.1812500953674316,2.1812500953674316,2.137500047683716,2.1624999046325684,1.897423505783081,12270400
2004-11-05,2.1812500953674316,2.2118749618530273,2.1762499809265137,2.1893749237060547,1.921005368232727,8851200
2004-11-08,2.1893749237060547,2.194999933242798,2.171250104904175,2.1831250190734863,1.915521502494812,7654400
2004-11-09,2.1943750381469727,2.2074999809265137,2.1737499237060547,2.1918749809265137,1.9231981039047241,6025600
2004-11-10,2.21875,2.221250057220459,2.1837499141693115,2.190624952316284,1.9221018552780151,5990400
2004-11-11,2.190624952316284,2.206249952316284,2.171875,2.2018749713897705,1.931972861289978,4960000
2004-11-12,2.2018749713897705,2.25,2.179374933242798,2.2431249618530273,1.9681671857833862,7150400
2004-11-15,2.242500066757202,2.268125057220459,2.231250047683716,2.2668750286102295,1.9890047311782837,7854400
2004-11-16,2.2562499046325684,2.262500047683716,2.2437500953674316,2.2562499046325684,1.9796817302703857,6604800
2004-11-17,2.2718749046325684,2.3450000286102295,2.2718749046325684,2.3193750381469727,2.0350706577301025,10734400
2004-11-18,2.3193750381469727,2.3193750381469727,2.304374933242798,2.3081250190734863,2.0251986980438232,12550400
2004-11-19,2.2925000190734863,2.2981250286102295,2.2387499809265137,2.265625,1.9879080057144165,8217600
2004-11-22,2.266249895095825,2.291874885559082,2.2593750953674316,2.260624885559082,1.9835221767425537,11064000
2004-11-23,2.2562499046325684,2.2587499618530273,2.2068750858306885,2.249375104904175,1.9736498594284058,5004800
2004-11-24,2.250624895095825,2.291874885559082,2.250624895095825,2.28125,2.0016183853149414,5044800
2004-11-26,2.286250114440918,2.2874999046325684,2.273750066757202,2.276249885559082,1.997231364250183,1592000
2004-11-29,2.2750000953674316,2.2831249237060547,2.2362499237060547,2.240000009536743,1.9654250144958496,9099200
2004-11-30,2.2306249141693115,2.234375,2.174999952316284,2.1943750381469727,1.9253919124603271,14985600
2004-12-01,2.2018749713897705,2.2537500858306885,2.2018749713897705,2.2437500953674316,1.9687139987945557,8654400
2004-12-02,2.231250047683716,2.25,2.2206249237060547,2.2249999046325684,1.9522631168365479,7384000
2004-12-03,2.2437500953674316,2.2674999237060547,2.231250047683716,2.253124952316284,1.9769402742385864,8531200
2004-12-06,2.268749952316284,2.299999952316284,2.215625047683716,2.216249942779541,1.9445852041244507,9585600
2004-12-07,2.2281250953674316,2.237499952316284,2.1781249046325684,2.179374933242798,1.9122310876846313,5534400
2004-12-08,2.179374933242798,2.223750114440918,2.179374933242798,2.198124885559082,1.9286824464797974,9995200
2004-12-09,2.1875,2.234999895095825,2.1806249618530273,2.2012500762939453,1.9314236640930176,6628800
2004-12-10,2.2012500762939453,2.21875,2.1887500286102295,2.1962499618530273,1.9270378351211548,3324800
2004-12-13,2.2118749618530273,2.224375009536743,2.192500114440918,2.2206249237060547,1.9484243392944336,3894400
2004-12-14,2.234375,2.2750000953674316,2.231250047683716,2.2725000381469727,1.9939403533935547,6712000
2004-12-15,2.284374952316284,2.288749933242798,2.233750104904175,2.25,1.974198341369629,5921600
2004-12-16,2.28125,2.2906250953674316,2.2456250190734863,2.2668750286102295,1.9890047311782837,5068800
2004-12-17,2.25,2.268749952316284,2.223750114440918,2.237499952316284,1.9632306098937988,12068800
2004-12-20,2.2325000762939453,2.241874933242798,2.1862499713897705,2.1875,1.9193596839904785,10297600
2004-12-21,2.1875,2.215625047683716,2.1500000953674316,2.213124990463257,1.9418437480926514,7136000
2004-12-22,2.213124990463257,2.2462499141693115,2.2093749046325684,2.2381250858306885,1.9637788534164429,11315200
2004-12-23,2.265625,2.288749933242798,2.234375,2.241874933242798,1.967069387435913,4468800
2004-12-27,2.262500047683716,2.268749952316284,2.234999895095825,2.255000114440918,1.9785863161087036,5572800
2004-12-28,2.280625104904175,2.293750047683716,2.265000104904175,2.293750047683716,2.0125861167907715,4697600
2004-12-29,2.2950000762939453,2.2950000762939453,2.268749952316284,2.2874999046325684,2.0071022510528564,3382400
2004-12-30,2.28125,2.299375057220459,2.278125047683716,2.2899999618530273,2.0092954635620117,2673600
2004-12-31,2.291249990463257,2.319999933242798,2.2850000858306885,2.296250104904175,2.014780044555664,3137600
2005-01-03,2.297499895095825,2.328749895095825,2.268749952316284,2.275624990463257,1.9966830015182495,6256000
2005-01-04,2.2874999046325684,2.305000066757202,2.2043750286102295,2.2043750286102295,1.9341673851013184,7089600
2005-01-05,2.200624942779541,2.25,2.1468749046325684,2.153125047683716,1.889199137687683,8131200
2005-01-06,2.1631250381469727,2.1756250858306885,2.077500104904175,2.121875047683716,1.8617793321609497,11867200
2005-01-07,2.1343750953674316,2.1468749046325684,2.1137499809265137,2.125,1.8645211458206177,5724800
2005-01-10,2.15625,2.1875,2.1312499046325684,2.166874885559082,1.9012625217437744,7092800
2005-01-11,2.1606249809265137,2.1706249713897705,2.133125066757202,2.1387500762939453,1.8765854835510254,7824000
2005-01-12,2.1468749046325684,2.174999952316284,2.1318750381469727,2.1649999618530273,1.8996174335479736,5537600
2005-01-13,2.166249990463257,2.1681249141693115,2.132499933242798,2.134999990463257,1.8732959032058716,4811200
2005-01-14,2.150624990463257,2.171250104904175,2.1312499046325684,2.1656250953674316,1.9001665115356445,6468800
2005-01-18,2.171875,2.206249952316284,2.1656250953674316,2.1943750381469727,1.9253919124603271,5849600
2005-01-19,2.265625,2.356250047683716,2.246875047683716,2.309999942779541,2.0268445014953613,27136000
2005-01-20,2.309999942779541,2.34375,2.3056249618530273,2.3193750381469727,2.0350706577301025,13604800
2005-01-21,2.3262500762939453,2.3837499618530273,2.3187499046325684,2.3499999046325684,2.0619401931762695,17932800
2005-01-24,2.328125,2.343125104904175,2.301875114440918,2.301875114440918,2.0197160243988037,22380800
2005-01-25,2.315624952316284,2.3575000762939453,2.311875104904175,2.356250047683716,2.067425012588501,18668800
2005-01-26,2.356250047683716,2.371875047683716,2.338124990463257,2.3612499237060547,2.0718116760253906,13550400
2005-01-27,2.3768749237060547,2.4106249809265137,2.3350000381469727,2.4043750762939453,2.109649896621704,11524800
2005-01-28,2.413749933242798,2.421250104904175,2.3768749237060547,2.414375066757202,2.118425130844116,6564800
2005-01-31,2.424999952316284,2.46875,2.4231250286102295,2.458125114440918,2.1568126678466797,7256000
2005-02-01,2.4906249046325684,2.5,2.476249933242798,2.4937500953674316,2.18807053565979,8448000
2005-02-02,2.496875047683716,2.513124942779541,2.478749990463257,2.4937500953674316,2.18807053565979,11363200
2005-02-03,2.4937500953674316,2.4987499713897705,2.4774999618530273,2.484375,2.179844617843628,5654400
2005-02-04,2.483750104904175,2.536875009536743,2.4774999618530273,2.526249885559082,2.216586112976074,8100800
2005-02-07,2.5225000381469727,2.559375047683716,2.5093750953674316,2.5274999141693115,2.2176828384399414,6652800
2005-02-08,2.5374999046325684,2.591249942779541,2.5374999046325684,2.5875000953674316,2.2703287601470947,14768000
2005-02-09,2.59375,2.6212499141693115,2.5556249618530273,2.567500114440918,2.2527809143066406,12270400
2005-02-10,2.568125009536743,2.5818750858306885,2.500624895095825,2.53125,2.220973253250122,7961600
2005-02-11,2.533750057220459,2.5999999046325684,2.515000104904175,2.588124990463257,2.270876169204712,5324800
2005-02-14,2.588124990463257,2.5924999713897705,2.541249990463257,2.561875104904175,2.247844696044922,9963200
2005-02-15,2.561875104904175,2.5625,2.512500047683716,2.5537500381469727,2.240715980529785,9321600
2005-02-16,2.53125,2.5581250190734863,2.53125,2.5506250858306885,2.2379744052886963,6059200
2005-02-17,2.53125,2.549999952316284,2.4862499237060547,2.533750057220459,2.223167657852173,11390400
2005-02-18,2.533750057220459,2.551875114440918,2.508125066757202,2.547499895095825,2.2352311611175537,5316800
2005-02-22,2.533750057220459,2.5456249713897705,2.490000009536743,2.4906249046325684,2.185328483581543,6094400
2005-02-23,2.4937500953674316,2.5,2.450624942779541,2.4774999618530273,2.1738121509552,5872000
2005-02-24,2.478749990463257,2.5193750858306885,2.4618749618530273,2.513124942779541,2.205071210861206,7344000
2005-02-25,2.5018749237060547,2.5299999713897705,2.5,2.5268750190734863,2.217135190963745,3924800
2005-02-28,2.5250000953674316,2.5406250953674316,2.4800000190734863,2.4937500953674316,2.18807053565979,5113600
2005-03-01,2.5168750286102295,2.565624952316284,2.5168750286102295,2.565624952316284,2.2511343955993652,4830400
2005-03-02,2.53125,2.559375047683716,2.4881250858306885,2.541874885559082,2.2302956581115723,9953600
2005-03-03,2.557499885559082,2.5625,2.490000009536743,2.518749952316284,2.21000599861145,5529600
2005-03-04,2.53125,2.536875009536743,2.453125,2.494374990463257,2.1886186599731445,10272000
2005-03-07,2.508125066757202,2.557499885559082,2.487499952316284,2.5374999046325684,2.2264575958251953,6105600
2005-03-08,2.528125047683716,2.555000066757202,2.521250009536743,2.5450000762939453,2.2330384254455566,4342400
2005-03-09,2.5325000286102295,2.549999952316284,2.5143749713897705,2.5168750286102295,2.2083613872528076,4060800
2005-03-10,2.518749952316284,2.520625114440918,2.471874952316284,2.516249895095825,2.2078113555908203,5113600
2005-03-11,2.5143749713897705,2.536875009536743,2.492500066757202,2.5068750381469727,2.201225757598877,5435200
2005-03-14,2.5350000858306885,2.5843749046325684,2.516249895095825,2.5668749809265137,2.253910779953003,8459200
2005-03-15,2.567500114440918,2.6006250381469727,2.5625,2.588124990463257,2.272568941116333,7683200
2005-03-16,2.588124990463257,2.608750104904175,2.5399999618530273,2.549375057220459,2.2385449409484863,4860800
2005-03-17,2.546250104904175,2.549375057220459,2.515625,2.528125047683716,2.2198851108551025,6684800
2005-03-18,2.5250000953674316,2.5250000953674316,2.460624933242798,2.484375,2.1814706325531006,9044800
2005-03-21,2.528125047683716,2.546875,2.4800000190734863,2.5250000953674316,2.2171409130096436,9928000
2005-03-22,2.5143749713897705,2.5193750858306885,2.3681249618530273,2.3943750858306885,2.102442502975464,27168000
2005-03-23,2.4375,2.4375,2.387500047683716,2.409374952316284,2.1156134605407715,11416000
2005-03-24,2.409374952316284,2.427500009536743,2.3843750953674316,2.387500047683716,2.0964062213897705,6696000
2005-03-28,2.3968749046325684,2.4075000286102295,2.361875057220459,2.3762500286102295,2.0865285396575928,6340800
2005-03-29,2.3812499046325684,2.3843750953674316,2.289375066757202,2.2925000190734863,2.0129897594451904,8971200
2005-03-30,2.302500009536743,2.3237500190734863,2.280625104904175,2.3106250762939453,2.028904676437378,9673600
2005-03-31,2.3087499141693115,2.338749885559082,2.2925000190734863,2.315000057220459,2.032745838165283,6425600
2005-04-01,2.3212499618530273,2.3637499809265137,2.3081250190734863,2.3243749141693115,2.040977954864502,6060800
2005-04-04,2.3243749141693115,2.3243749141693115,2.236875057220459,2.2725000381469727,1.9954278469085693,9684800
2005-04-05,2.3037500381469727,2.320625066757202,2.2856249809265137,2.293750047683716,2.014086961746216,5364800
2005-04-06,2.297499895095825,2.3399999141693115,2.294374942779541,2.328749895095825,2.0448198318481445,7444800
2005-04-07,2.3343749046325684,2.3681249618530273,2.3343749046325684,2.362499952316284,2.074453592300415,7513600
2005-04-08,2.369374990463257,2.3787500858306885,2.3293750286102295,2.3318750858306885,2.047563314437866,4644800
2005-04-11,2.344374895095825,2.344374895095825,2.291874885559082,2.305000066757202,2.023966073989868,3184000
2005-04-12,2.3062500953674316,2.319999933242798,2.252500057220459,2.299375057220459,2.019026756286621,7740800
2005-04-13,2.2850000858306885,2.315624952316284,2.278749942779541,2.297499895095825,2.017378568649292,9584000
2005-04-14,2.305000066757202,2.3268749713897705,2.28125,2.3012499809265137,2.02067232131958,17958400
2005-04-15,2.293750047683716,2.299999952316284,2.249375104904175,2.253124952316284,1.978414535522461,16188800
2005-04-18,2.2537500858306885,2.3037500381469727,2.244374990463257,2.270625114440918,1.9937816858291626,7091200
2005-04-19,2.2768750190734863,2.293750047683716,2.268749952316284,2.293750047683716,2.014086961746216,8748800
2005-04-20,2.418750047683716,2.481250047683716,2.384999990463257,2.3868749141693115,2.095857858657837,37033600
2005-04-21,2.434375047683716,2.471874952316284,2.406874895095825,2.4512500762939453,2.15238356590271,19390400
2005-04-22,2.4512500762939453,2.5112500190734863,2.421875,2.4881250858306885,2.184762954711914,8928000
2005-04-25,2.4881250858306885,2.510624885559082,2.466249942779541,2.4981250762939453,2.1935436725616455,7417600
2005-04-26,2.4981250762939453,2.544374942779541,2.481250047683716,2.492500066757202,2.188605308532715,6112000
2005-04-27,2.492500066757202,2.503124952316284,2.461250066757202,2.491874933242798,2.1880545616149902,8072000
2005-04-28,2.4912500381469727,2.5,2.4487500190734863,2.453749895095825,2.1545796394348145,6827200
2005-04-29,2.474375009536743,2.478749990463257,2.4206249713897705,2.4649999141693115,2.1644575595855713,7561600
2005-05-02,2.471250057220459,2.494999885559082,2.447499990463257,2.484999895095825,2.182018756866455,7020800
2005-05-03,2.481250047683716,2.508125066757202,2.4418749809265137,2.4749999046325684,2.1732382774353027,11726400
2005-05-04,2.471874952316284,2.4906249046325684,2.4418749809265137,2.4625000953674316,2.162261724472046,10392000
2005-05-05,2.4512500762939453,2.471250057220459,2.4356250762939453,2.448124885559082,2.149639844894409,9475200
2005-05-06,2.456249952316284,2.4749999046325684,2.434375047683716,2.4643750190734863,2.163908004760742,2964800
2005-05-09,2.481874942779541,2.4825000762939453,2.450624942779541,2.46875,2.167750597000122,4734400
2005-05-10,2.456249952316284,2.469374895095825,2.4375,2.452500104904175,2.153481960296631,10643200
2005-05-11,2.452500104904175,2.46875,2.4443750381469727,2.455625057220459,2.15622615814209,6926400
2005-05-12,2.4593749046325684,2.4774999618530273,2.440624952316284,2.4574999809265137,2.1578726768493652,7710400
2005-05-13,2.463749885559082,2.491874933242798,2.4331250190734863,2.4600000381469727,2.160066604614258,11176000
2005-05-16,2.453125,2.473750114440918,2.4331250190734863,2.4437499046325684,2.145798444747925,9240000
2005-05-17,2.4437499046325684,2.5843749046325684,2.4437499046325684,2.570625066757202,2.2572035789489746,20094400
2005-05-18,2.5875000953674316,2.6237499713897705,2.549375057220459,2.599375009536743,2.2824478149414062,12819200
2005-05-19,2.5999999046325684,2.6137499809265137,2.573124885559082,2.5843749046325684,2.269277572631836,9913600
2005-05-20,2.5687499046325684,2.5899999141693115,2.5350000858306885,2.5799999237060547,2.2654361724853516,9435200
2005-05-23,2.621875047683716,2.637500047683716,2.5999999046325684,2.6187500953674316,2.299461603164673,6436800
2005-05-24,2.619374990463257,2.619999885559082,2.565000057220459,2.596874952316284,2.28025221824646,9251200
2005-05-25,2.606250047683716,2.606250047683716,2.546250104904175,2.5893750190734863,2.273667573928833,6297600
2005-05-26,2.601875066757202,2.619999885559082,2.59375,2.619999885559082,2.3005590438842773,6976000
2005-05-27,2.624375104904175,2.646250009536743,2.609999895095825,2.625,2.3049495220184326,8459200
2005-05-31,2.632499933242798,2.6600000858306885,2.6156249046325684,2.6493749618530273,2.3263535499572754,18198400
2005-06-01,2.6368749141693115,2.6606249809265137,2.6156249046325684,2.640625,2.3186702728271484,4084800
2005-06-02,2.643749952316284,2.684999942779541,2.632499933242798,2.6837499141693115,2.356536865234375,5054400
2005-06-03,2.674999952316284,2.6856250762939453,2.6631250381469727,2.681874990463257,2.3548898696899414,7372800
2005-06-06,2.6787500381469727,2.6856250762939453,2.6681249141693115,2.679374933242798,2.352694511413574,7112000
2005-06-07,2.6781249046325684,2.700000047683716,2.663749933242798,2.668750047683716,2.343364953994751,6456000
2005-06-08,2.6831250190734863,2.6875,2.661875009536743,2.674999952316284,2.3488528728485107,4705600
2005-06-09,2.643749952316284,2.65625,2.5956249237060547,2.6468749046325684,2.32415771484375,6708800
2005-06-10,2.6624999046325684,2.6706249713897705,2.622499942779541,2.659374952316284,2.3351335525512695,3894400
2005-06-13,2.6475000381469727,2.686875104904175,2.621875047683716,2.668750047683716,2.343364953994751,4886400
2005-06-14,2.669374942779541,2.6812500953674316,2.6549999713897705,2.668750047683716,2.343364953994751,4529600
2005-06-15,2.6624999046325684,2.6756250858306885,2.6187500953674316,2.6449999809265137,2.3241446018218994,8342400
2005-06-16,2.637500047683716,2.6762499809265137,2.6312499046325684,2.661875009536743,2.338972330093384,3694400
2005-06-17,2.6624999046325684,2.666249990463257,2.6293749809265137,2.645625114440918,2.324692487716675,8209600
2005-06-20,2.640625,2.6475000381469727,2.616874933242798,2.635624885559082,2.3159067630767822,7059200
2005-06-21,2.628124952316284,2.6518750190734863,2.6231250762939453,2.6493749618530273,2.327989339828491,5028800
2005-06-22,2.661250114440918,2.6681249141693115,2.633125066757202,2.6575000286102295,2.335127830505371,6219200
2005-06-23,2.6624999046325684,2.686875104904175,2.624375104904175,2.624375104904175,2.3060197830200195,5265600
2005-06-24,2.628124952316284,2.633125066757202,2.541874885559082,2.5506250858306885,2.241217851638794,15528000
2005-06-27,2.5531249046325684,2.565624952316284,2.525624990463257,2.5450000762939453,2.2362749576568604,4486400
2005-06-28,2.549999952316284,2.578125,2.544374942779541,2.5625,2.2516512870788574,5696000
2005-06-29,2.565000057220459,2.5712499618530273,2.5168750286102295,2.5243749618530273,2.218151330947876,6926400
2005-06-30,2.5399999618530273,2.555000066757202,2.5012500286102295,2.510624885559082,2.2060697078704834,9099200
2005-07-01,2.518125057220459,2.5512499809265137,2.5012500286102295,2.5487499237060547,2.239569664001465,5265600
2005-07-05,2.5487499237060547,2.6649999618530273,2.5487499237060547,2.65625,2.3340306282043457,9387200
2005-07-06,2.6581249237060547,2.700624942779541,2.656874895095825,2.690624952316284,2.364234209060669,9017600
2005-07-07,2.643749952316284,2.728749990463257,2.6262500286102295,2.7281250953674316,2.397186756134033,8080000
2005-07-08,2.7281250953674316,2.7831249237060547,2.7206249237060547,2.7750000953674316,2.438373565673828,15494400
2005-07-11,2.78125,2.8375000953674316,2.7774999141693115,2.8081250190734863,2.4674816131591797,10046400
2005-07-12,2.8168749809265137,2.8218750953674316,2.7874999046325684,2.8056249618530273,2.4652843475341797,5454400
2005-07-13,2.811875104904175,2.8125,2.768749952316284,2.783750057220459,2.446061849594116,5017600
2005-07-14,2.7899999618530273,2.8037500381469727,2.749375104904175,2.766249895095825,2.430685043334961,8523200
2005-07-15,2.7462499141693115,2.7637500762939453,2.700624942779541,2.7437500953674316,2.410914421081543,8344000
2005-07-18,2.737499952316284,2.737499952316284,2.697499990463257,2.7018749713897705,2.374119520187378,6076800
2005-07-19,2.713124990463257,2.768749952316284,2.703749895095825,2.768749952316284,2.4328815937042236,6852800
2005-07-20,2.7718749046325684,2.887500047683716,2.7718749046325684,2.8399999141693115,2.4954891204833984,9497600
2005-07-21,2.846874952316284,2.8737499713897705,2.8006250858306885,2.8424999713897705,2.4976859092712402,7384000
2005-07-22,2.856250047683716,2.856874942779541,2.8062500953674316,2.833125114440918,2.489448070526123,8049600
2005-07-25,2.835624933242798,2.8450000286102295,2.797499895095825,2.7981250286102295,2.458693742752075,6238400
2005-07-26,2.811875104904175,2.8475000858306885,2.7881250381469727,2.8012499809265137,2.461439371109009,7235200
2005-07-27,2.8012499809265137,2.8012499809265137,2.755000114440918,2.778125047683716,2.4411203861236572,7284800
2005-07-28,2.7799999713897705,2.8056249618530273,2.766249895095825,2.7850000858306885,2.4471611976623535,6214400
2005-07-29,2.791874885559082,2.8218750953674316,2.7612500190734863,2.783750057220459,2.446061849594116,7070400
2005-08-01,2.7899999618530273,2.8031249046325684,2.737499952316284,2.7437500953674316,2.410914421081543,9395200
2005-08-02,2.746875047683716,2.7593750953674316,2.7125000953674316,2.75,2.4164068698883057,10465600
2005-08-03,2.746875047683716,2.768125057220459,2.7362499237060547,2.744999885559082,2.412013292312622,4998400
2005-08-04,2.7406249046325684,2.7481250762939453,2.729374885559082,2.741874933242798,2.409266710281372,12409600
2005-08-05,2.731250047683716,2.749375104904175,2.719374895095825,2.728749990463257,2.3977344036102295,6619200
2005-08-08,2.7437500953674316,2.770625114440918,2.7125000953674316,2.724375009536743,2.393890142440796,3390400
2005-08-09,2.715625047683716,2.7674999237060547,2.715625047683716,2.7512500286102295,2.41750431060791,4640000
2005-08-10,2.760624885559082,2.773124933242798,2.710624933242798,2.7231249809265137,2.3927905559539795,5536000
2005-08-11,2.7274999618530273,2.7768750190734863,2.7274999618530273,2.765000104904175,2.4295878410339355,6691200
2005-08-12,2.7481250762939453,2.771250009536743,2.7256250381469727,2.7537500858306885,2.4197020530700684,9064000
2005-08-15,2.7462499141693115,2.786250114440918,2.7362499237060547,2.768125057220459,2.4323320388793945,4164800
2005-08-16,2.766249895095825,2.780625104904175,2.742500066757202,2.75,2.4164068698883057,5425600
2005-08-17,2.755625009536743,2.780625104904175,2.7543749809265137,2.763124942779541,2.4279401302337646,4195200
2005-08-18,2.7412500381469727,2.7412500381469727,2.679374933242798,2.700000047683716,2.372472047805786,4067200
2005-08-19,2.703125,2.715625047683716,2.684999942779541,2.6987500190734863,2.371373414993286,6078400
2005-08-22,2.7018749713897705,2.713124990463257,2.6756250858306885,2.695625066757202,2.3686273097991943,5649600
2005-08-23,2.6968750953674316,2.697499990463257,2.6543750762939453,2.6581249237060547,2.335676670074463,9790400
2005-08-24,2.6581249237060547,2.674375057220459,2.6312499046325684,2.637500047683716,2.317553997039795,7313600
2005-08-25,2.6468749046325684,2.676875114440918,2.645625114440918,2.655625104904175,2.333479642868042,4336000
2005-08-26,2.65625,2.661875009536743,2.596874952316284,2.640625,2.320300817489624,6692800
2005-08-29,2.625,2.656874895095825,2.6162500381469727,2.6287500858306885,2.3098654747009277,7166400
2005-08-30,2.6237499713897705,2.6237499713897705,2.5799999237060547,2.609999895095825,2.2933905124664307,4548800
2005-08-31,2.6112499237060547,2.650624990463257,2.5875000953674316,2.650624990463257,2.329087018966675,6947200
2005-09-01,2.6449999809265137,2.659374952316284,2.599375009536743,2.6231250762939453,2.304922580718994,7820800
2005-09-02,2.621875047683716,2.6418750286102295,2.608750104904175,2.641249895095825,2.320847749710083,4897600
2005-09-06,2.650624990463257,2.6737499237060547,2.6449999809265137,2.6681249141693115,2.34446382522583,6369600
2005-09-07,2.666874885559082,2.6781249046325684,2.65625,2.671250104904175,2.3472092151641846,6012800
2005-09-08,2.65625,2.6700000762939453,2.633125066757202,2.6500000953674316,2.328537940979004,5848000
2005-09-09,2.6543750762939453,2.6731250286102295,2.6212499141693115,2.6337499618530273,2.314258575439453,10203200
2005-09-12,2.6368749141693115,2.6518750190734863,2.6024999618530273,2.6131250858306885,2.29777193069458,10888000
2005-09-13,2.6206250190734863,2.624375104904175,2.5612499713897705,2.572499990463257,2.262049436569214,8256000
2005-09-14,2.5824999809265137,2.590625047683716,2.5450000762939453,2.551875114440918,2.243913173675537,7174400
2005-09-15,2.551875114440918,2.569999933242798,2.4881250858306885,2.512500047683716,2.209290027618408,8979200
2005-09-16,2.5225000381469727,2.551875114440918,2.512500047683716,2.5350000858306885,2.2290754318237305,9604800
2005-09-19,2.4375,2.483750104904175,2.2856249809265137,2.431874990463257,2.138394832611084,31097600
2005-09-20,2.431874990463257,2.4774999618530273,2.4312500953674316,2.4468750953674316,2.151585102081299,21702400
2005-09-21,2.432499885559082,2.445625066757202,2.3993749618530273,2.400624990463257,2.1109163761138916,10496000
2005-09-22,2.385624885559082,2.4106249809265137,2.3218750953674316,2.390625,2.1021223068237305,13827200
2005-09-23,2.380000114440918,2.4024999141693115,2.364375114440918,2.396250009536743,2.1070685386657715,6537600
2005-09-26,2.5687499046325684,2.59375,2.4912500381469727,2.5,2.198298454284668,15980800
2005-09-27,2.490000009536743,2.5,2.4593749046325684,2.4881250858306885,2.1878559589385986,7070400
2005-09-28,2.4937500953674316,2.499375104904175,2.440624952316284,2.4749999046325684,2.1763153076171875,5272000
2005-09-29,2.4781250953674316,2.5293750762939453,2.476249933242798,2.5218749046325684,2.2175345420837402,10035200
2005-09-30,2.5168750286102295,2.534374952316284,2.507499933242798,2.521250009536743,2.2169837951660156,7027200
2005-10-03,2.521250009536743,2.528125047683716,2.5,2.5174999237060547,2.213686466217041,6836800
2005-10-04,2.5174999237060547,2.518749952316284,2.4756250381469727,2.4887499809265137,2.1884055137634277,8382400
2005-10-05,2.4756250381469727,2.4756250381469727,2.416874885559082,2.432499885559082,2.138944387435913,10760000
2005-10-06,2.432499885559082,2.4649999141693115,2.409374952316284,2.4362499713897705,2.142242193222046,6134400
2005-10-07,2.4356250762939453,2.4443750381469727,2.398750066757202,2.424999952316284,2.1323490142822266,8912000
2005-10-10,2.431874990463257,2.486875057220459,2.431874990463257,2.4862499237060547,2.1862070560455322,13849600
2005-10-11,2.4937500953674316,2.507499933242798,2.445625066757202,2.458125114440918,2.1614770889282227,10942400
2005-10-12,2.453125,2.4856250286102295,2.4462499618530273,2.465625047683716,2.168071985244751,10702400
2005-10-13,2.4593749046325684,2.494999885559082,2.450000047683716,2.473750114440918,2.175217628479004,14030400
2005-10-14,2.473750114440918,2.5687499046325684,2.463124990463257,2.5562500953674316,2.2477595806121826,14924800
2005-10-17,2.544374942779541,2.5762500762939453,2.5331249237060547,2.5743749141693115,2.263697862625122,11000000
2005-10-18,2.5743749141693115,2.575624942779541,2.541874885559082,2.5625,2.253255605697632,9763200
2005-10-19,2.5,2.578125,2.481874942779541,2.5718750953674316,2.261500358581543,22633600
2005-10-20,2.453125,2.559999942779541,2.447499990463257,2.502500057220459,2.2004971504211426,23654400
2005-10-21,2.5012500286102295,2.5356249809265137,2.4906249046325684,2.5012500286102295,2.199397325515747,17222400
2005-10-24,2.5,2.528125047683716,2.4906249046325684,2.526249885559082,2.2213802337646484,20510400
2005-10-25,2.518749952316284,2.534374952316284,2.5,2.518125057220459,2.214235544204712,14224000
2005-10-26,2.505625009536743,2.523124933242798,2.4906249046325684,2.4987499713897705,2.1971993446350098,20297600
2005-10-27,2.4981250762939453,2.5037500858306885,2.440000057220459,2.453125,2.15708065032959,11153600
2005-10-28,2.453125,2.4674999713897705,2.4131250381469727,2.460624933242798,2.1636745929718018,11329600
2005-10-31,2.453749895095825,2.5087499618530273,2.453749895095825,2.4981250762939453,2.1966495513916016,9979200
2005-11-01,2.4906249046325684,2.491874933242798,2.4543750286102295,2.476249933242798,2.1774141788482666,13523200
2005-11-02,2.471874952316284,2.5043749809265137,2.471874952316284,2.497499942779541,2.1960999965667725,10851200
2005-11-03,2.5,2.508125066757202,2.4806249141693115,2.491874933242798,2.191153049468994,7545600
2005-11-04,2.496875047683716,2.503124952316284,2.465625047683716,2.4862499237060547,2.1862070560455322,6739200
2005-11-07,2.486875057220459,2.5,2.4674999713897705,2.4887499809265137,2.1884055137634277,7451200
2005-11-08,2.4856250286102295,2.4856250286102295,2.413749933242798,2.4393749237060547,2.1449902057647705,9827200
2005-11-09,2.4393749237060547,2.4674999713897705,2.4100000858306885,2.447499990463257,2.152134656906128,8593600
2005-11-10,2.448124885559082,2.476875066757202,2.424999952316284,2.463124990463257,2.1658735275268555,10444800
2005-11-11,2.4600000381469727,2.4774999618530273,2.450000047683716,2.46875,2.1708202362060547,7259200
2005-11-14,2.46875,2.5012500286102295,2.463749885559082,2.487499952316284,2.1873068809509277,7529600
2005-11-15,2.487499952316284,2.5112500190734863,2.461250066757202,2.471874952316284,2.173567771911621,7624000
2005-11-16,2.4700000286102295,2.497499942779541,2.453125,2.4643750190734863,2.1669723987579346,8107200
2005-11-17,2.471874952316284,2.5037500858306885,2.4574999809265137,2.5037500858306885,2.201596975326538,6390400
2005-11-18,2.508125066757202,2.513124942779541,2.484375,2.5043749809265137,2.2021453380584717,4224000
2005-11-21,2.505625009536743,2.546875,2.4962499141693115,2.5399999618530273,2.233470916748047,6729600
2005-11-22,2.59375,2.627500057220459,2.5531249046325684,2.624375104904175,2.3076627254486084,17640000
2005-11-23,2.625,2.643749952316284,2.619374990463257,2.625624895095825,2.308762788772583,14548800
2005-11-25,2.625,2.625,2.6075000762939453,2.6181249618530273,2.302168607711792,1758400
2005-11-28,2.6156249046325684,2.622499942779541,2.5824999809265137,2.583750009536743,2.271942615509033,7232000
2005-11-29,2.588749885559082,2.6075000762939453,2.572499990463257,2.585624933242798,2.273589611053467,5214400
2005-11-30,2.5868749618530273,2.6106250286102295,2.578125,2.6106250286102295,2.2955727577209473,8958400
2005-12-01,2.6187500953674316,2.6468749046325684,2.6137499809265137,2.6393749713897705,2.3208541870117188,10585600
2005-12-02,2.640000104904175,2.684999942779541,2.625,2.6831250190734863,2.359325408935547,10625600
2005-12-05,2.686875104904175,2.686875104904175,2.5875000953674316,2.6006250381469727,2.2867791652679443,20139200
2005-12-06,2.628124952316284,2.671875,2.625,2.6543750762939453,2.33404278755188,9147200
2005-12-07,2.648124933242798,2.686875104904175,2.6468749046325684,2.6649999618530273,2.34338641166687,7798400
2005-12-08,2.661875009536743,2.6862499713897705,2.625624895095825,2.648750066757202,2.329097270965576,6384000
2005-12-09,2.656874895095825,2.708750009536743,2.655625104904175,2.703749895095825,2.377459764480591,6334400
2005-12-12,2.7231249809265137,2.766249895095825,2.7174999713897705,2.766249895095825,2.4341042041778564,11084800
2005-12-13,2.763124942779541,2.783750057220459,2.741874933242798,2.759999990463257,2.4286048412323,9033600
2005-12-14,2.7562499046325684,2.809375047683716,2.7512500286102295,2.7981250286102295,2.4621529579162598,9273600
2005-12-15,2.811875104904175,2.819999933242798,2.7856249809265137,2.8087499141693115,2.471501588821411,6344000
2005-12-16,2.8087499141693115,2.8187499046325684,2.7718749046325684,2.784374952316284,2.4500536918640137,5916800
2005-12-19,2.778125047683716,2.778125047683716,2.713124990463257,2.71875,2.392307758331299,8825600
2005-12-20,2.726249933242798,2.75,2.7043750286102295,2.734375,2.4060566425323486,2745600
2005-12-21,2.734375,2.7437500953674316,2.7168750762939453,2.737499952316284,2.4088072776794434,7131200
2005-12-22,2.7325000762939453,2.757499933242798,2.7174999713897705,2.7543749809265137,2.4236562252044678,8102400
2005-12-23,2.768749952316284,2.8125,2.768749952316284,2.799999952316284,2.4638020992279053,3500800
2005-12-27,2.793750047683716,2.796875,2.698124885559082,2.71875,2.392307758331299,6201600
2005-12-28,2.731250047683716,2.7612500190734863,2.6962499618530273,2.7593750953674316,2.4280569553375244,4465600
2005-12-29,2.786250114440918,2.804374933242798,2.7718749046325684,2.799999952316284,2.4638020992279053,5352000
2005-12-30,2.784374952316284,2.784374952316284,2.7100000381469727,2.766249895095825,2.4341042041778564,5558400
2006-01-03,2.794374942779541,2.7987499237060547,2.742500066757202,2.7793750762939453,2.445655107498169,7036800
2006-01-04,2.7899999618530273,2.8706250190734863,2.7899999618530273,2.869999885559082,2.525397300720215,8537600
2006-01-05,2.8612499237060547,2.8787500858306885,2.836250066757202,2.8506250381469727,2.5083491802215576,6059200
2006-01-06,2.862499952316284,2.909374952316284,2.840625047683716,2.903125047683716,2.55454683303833,5284800
2006-01-09,2.8968749046325684,2.9668750762939453,2.8968749046325684,2.963124990463257,2.607342004776001,12665600
2006-01-10,2.947499990463257,2.9512500762939453,2.9100000858306885,2.924999952316284,2.573793649673462,7259200
2006-01-11,2.875,2.905625104904175,2.862499952316284,2.898750066757202,2.5506958961486816,10057600
2006-01-12,2.885624885559082,2.9306249618530273,2.8712499141693115,2.884999990463257,2.5385966300964355,6905600
2006-01-13,2.8893749713897705,2.9000000953674316,2.856250047683716,2.883125066757202,2.536947250366211,5318400
2006-01-17,2.8812499046325684,2.9024999141693115,2.862499952316284,2.884999990463257,2.5385966300964355,8600000
2006-01-18,2.84375,2.8656249046325684,2.828749895095825,2.843125104904175,2.5017502307891846,6969600
2006-01-19,2.875,3.192500114440918,2.864375114440918,3.143749952316284,2.7662785053253174,51182400
2006-01-20,3.0999999046325684,3.125,3.073124885559082,3.080625057220459,2.7107338905334473,12700800
2006-01-23,3.1006250381469727,3.1006250381469727,3.055000066757202,3.068125009536743,2.6997337341308594,10051200
2006-01-24,3.069999933242798,3.119999885559082,3.0637500286102295,3.114375114440918,2.7404308319091797,11705600
2006-01-25,3.1231250762939453,3.138124942779541,3.0643749237060547,3.081249952316284,2.711282730102539,5652800
2006-01-26,3.0899999141693115,3.1287500858306885,3.0762500762939453,3.1187500953674316,2.7442800998687744,4932800
2006-01-27,3.1187500953674316,3.161875009536743,3.0918750762939453,3.1318750381469727,2.7558298110961914,4924800
2006-01-30,3.1231250762939453,3.1706249713897705,3.119374990463257,3.161250114440918,2.7816779613494873,4707200
2006-01-31,3.1624999046325684,3.194999933242798,3.1343750953674316,3.176875114440918,2.7954261302948,8054400
2006-02-01,3.181874990463257,3.226249933242798,3.1656250953674316,3.219374895095825,2.832822322845459,7921600
2006-02-02,3.2249999046325684,3.233750104904175,3.117500066757202,3.172499895095825,2.791576862335205,9046400
2006-02-03,3.156874895095825,3.172499895095825,3.1162500381469727,3.1262500286102295,2.750880479812622,6683200
2006-02-06,3.1312499046325684,3.1312499046325684,3.03125,3.1162500381469727,2.7420814037323,10856000
2006-02-07,3.112499952316284,3.155625104904175,3.0662500858306885,3.0793750286102295,2.7096338272094727,5334400
2006-02-08,3.0875000953674316,3.128124952316284,3.0824999809265137,3.0999999046325684,2.727781057357788,4256000
2006-02-09,3.1206250190734863,3.1268749237060547,3.059375047683716,3.0712499618530273,2.702484607696533,4665600
2006-02-10,3.0587499141693115,3.069999933242798,3.0193750858306885,3.065000057220459,2.69698429107666,3292800
2006-02-13,3.0531249046325684,3.086250066757202,3.0268750190734863,3.028749942779541,2.665086507797241,3283200
2006-02-14,3.0293750762939453,3.047499895095825,2.9825000762939453,2.9937500953674316,2.634289264678955,8542400
2006-02-15,2.9825000762939453,3.065624952316284,2.9643750190734863,3.063124895095825,2.695333957672119,5368000
2006-02-16,3.09375,3.140625,3.078125,3.134999990463257,2.7585792541503906,8067200
2006-02-17,3.141249895095825,3.150624990463257,3.1156249046325684,3.1187500953674316,2.7442800998687744,3092800
2006-02-21,3.1337499618530273,3.1337499618530273,3.0956249237060547,3.106250047683716,2.7332816123962402,4414400
2006-02-22,3.161875009536743,3.161875009536743,3.072499990463257,3.091249942779541,2.7200822830200195,7787200
2006-02-23,3.081249952316284,3.1112499237060547,3.059999942779541,3.0924999713897705,2.7211825847625732,5032000
2006-02-24,3.0975000858306885,3.171250104904175,3.075624942779541,3.1624999046325684,2.7827770709991455,10638400
2006-02-27,3.184375047683716,3.213124990463257,3.161875009536743,3.1675000190734863,2.7871766090393066,5307200
2006-02-28,3.1681249141693115,3.171875,3.1031250953674316,3.1393749713897705,2.7624292373657227,6248000
2006-03-01,3.1468749046325684,3.2431249618530273,3.1337499618530273,3.2387499809265137,2.8498716354370117,6619200
2006-03-02,3.213749885559082,3.246875047683716,3.1631250381469727,3.190624952316284,2.807525873184204,5900800
2006-03-03,3.174999952316284,3.2012500762939453,3.145625114440918,3.146250009536743,2.7684788703918457,6251200
2006-03-06,3.1500000953674316,3.1549999713897705,3.0893750190734863,3.1131250858306885,2.739330768585205,3992000
2006-03-07,3.0975000858306885,3.1206250190734863,3.065000057220459,3.09375,2.7222816944122314,6753600
2006-03-08,3.0875000953674316,3.1237499713897705,3.072499990463257,3.101249933242798,2.728881597518921,5843200
2006-03-09,3.101249933242798,3.1156249046325684,3.049999952316284,3.057499885559082,2.6903843879699707,5088000
2006-03-10,3.0637500286102295,3.1606249809265137,3.0637500286102295,3.140625,2.7635295391082764,7065600
2006-03-13,3.140625,3.156874895095825,3.128124952316284,3.132499933242798,2.758026123046875,6179200
2006-03-14,3.135624885559082,3.1631250381469727,3.1231250762939453,3.1468749046325684,2.770681858062744,6080000
2006-03-15,3.141249895095825,3.1812500953674316,3.1156249046325684,3.171875,2.792693853378296,5320000
2006-03-16,3.186875104904175,3.234999895095825,3.174999952316284,3.213124990463257,2.829011917114258,7617600
2006-03-17,3.229374885559082,3.2325000762939453,3.1675000190734863,3.169374942779541,2.790492534637451,8707200
2006-03-20,3.1631250381469727,3.1781249046325684,3.1468749046325684,3.155625104904175,2.7783854007720947,9060800
2006-03-21,3.143749952316284,3.1781249046325684,3.1106250286102295,3.1287500858306885,2.7547242641448975,6440000
2006-03-22,3.122499942779541,3.137500047683716,3.106250047683716,3.124375104904175,2.7508721351623535,8520000
2006-03-23,3.1262500286102295,3.1443750858306885,3.0981249809265137,3.1106250286102295,2.738765239715576,4835200
2006-03-24,3.1649999618530273,3.1649999618530273,3.1050000190734863,3.1393749713897705,2.7640793323516846,3120000
2006-03-27,3.1468749046325684,3.176875114440918,3.1393749713897705,3.1475000381469727,2.7712323665618896,6755200
2006-03-28,3.1624999046325684,3.184999942779541,3.135624885559082,3.140000104904175,2.764629602432251,9936000
2006-03-29,3.140000104904175,3.268749952316284,3.140000104904175,3.259999990463257,2.870283603668213,6574400
2006-03-30,3.259999990463257,3.262500047683716,3.219374895095825,3.253124952316284,2.8642303943634033,11219200
2006-03-31,3.268749952316284,3.28125,3.236875057220459,3.2612500190734863,2.8713841438293457,9232000
2006-04-03,3.2593750953674316,3.288749933242798,3.224375009536743,3.240000009536743,2.852674722671509,10206400
2006-04-04,3.2562499046325684,3.2743749618530273,3.231250047683716,3.25,2.8614792823791504,6897600
2006-04-05,3.2481250762939453,3.2750000953674316,3.2456250190734863,3.2668750286102295,2.8763370513916016,5558400
2006-04-06,3.2768750190734863,3.3125,3.2543749809265137,3.2956249713897705,2.9016494750976562,8193600
2006-04-07,3.3112499713897705,3.3125,3.2356250286102295,3.25,2.8614792823791504,7336000
2006-04-10,3.249375104904175,3.2593750953674316,3.2093749046325684,3.2125000953674316,2.8284623622894287,3452800
2006-04-11,3.2143750190734863,3.221874952316284,3.140625,3.166874885559082,2.78829288482666,8166400
2006-04-12,3.1681249141693115,3.1943750381469727,3.158750057220459,3.164375066757202,2.786090135574341,3718400
2006-04-13,3.221250057220459,3.2793750762939453,3.1987500190734863,3.2587499618530273,2.869182586669922,16678400
2006-04-17,3.237499952316284,3.2456250190734863,3.1962499618530273,3.233750104904175,2.8471720218658447,4744000
2006-04-18,3.239375114440918,3.271250009536743,3.229374885559082,3.2612500190734863,2.8713841438293457,9785600
2006-04-19,3.4512500762939453,3.763124942779541,3.4512500762939453,3.658750057220459,3.2213659286499023,38660800
2006-04-20,3.658750057220459,3.804374933242798,3.658750057220459,3.7612500190734863,3.311612129211426,24910400
2006-04-21,3.765625,3.765625,3.6543750762939453,3.6781249046325684,3.2384250164031982,11654400
2006-04-24,3.6624999046325684,3.6781249046325684,3.601875066757202,3.6212499141693115,3.188347816467285,9396800
2006-04-25,3.616874933242798,3.625624895095825,3.577500104904175,3.6056249141693115,3.174591541290283,8508800
2006-04-26,3.6206250190734863,3.6231250762939453,3.5606250762939453,3.5737500190734863,3.1465272903442383,8782400
2006-04-27,3.5824999809265137,3.612499952316284,3.559375047683716,3.5824999809265137,3.154231071472168,9296000
2006-04-28,3.5668749809265137,3.637500047683716,3.5637500286102295,3.612499952316284,3.1806437969207764,9697600
2006-05-01,3.6468749046325684,3.7018749713897705,3.6343750953674316,3.6387500762939453,3.203756809234619,10763200
2006-05-02,3.6343750953674316,3.684999942779541,3.6312499046325684,3.6700000762939453,3.2312705516815186,6894400
2006-05-03,3.686875104904175,3.7481250762939453,3.686875104904175,3.7074999809265137,3.2642879486083984,9582400
2006-05-04,3.75,3.851249933242798,3.744374990463257,3.8125,3.3567352294921875,16268800
2006-05-05,3.8125,3.835624933242798,3.771250009536743,3.828749895095825,3.371042251586914,6952000
2006-05-08,3.8062500953674316,3.811875104904175,3.762500047683716,3.768125057220459,3.317664861679077,8428800
2006-05-09,3.793750047683716,3.797499895095825,3.7381250858306885,3.7481250762939453,3.3000566959381104,6345600
2006-05-10,3.7249999046325684,3.734999895095825,3.6762499809265137,3.6912500858306885,3.2499799728393555,7203200
2006-05-11,3.6968750953674316,3.6968750953674316,3.628124952316284,3.6293749809265137,3.195502519607544,6844800
2006-05-12,3.6006250381469727,3.6006250381469727,3.479374885559082,3.505000114440918,3.085995674133301,12411200
2006-05-15,3.473750114440918,3.515625,3.453749895095825,3.5018749237060547,3.0832431316375732,10504000
2006-05-16,3.516249895095825,3.546875,3.4781250953674316,3.492500066757202,3.0749893188476562,5910400
2006-05-17,3.476875066757202,3.4956250190734863,3.369374990463257,3.4024999141693115,2.995748519897461,8398400
2006-05-18,3.4375,3.4625000953674316,3.361875057220459,3.3631250858306885,2.9610822200775146,7940800
2006-05-19,3.371875047683716,3.4018750190734863,3.299999952316284,3.401249885559082,2.994647741317749,8756800
2006-05-22,3.387500047683716,3.401249885559082,3.34375,3.3818750381469727,2.9775896072387695,10393600
2006-05-23,3.4100000858306885,3.458125114440918,3.384999990463257,3.384999990463257,2.9803414344787598,12996800
2006-05-24,3.369374990463257,3.383125066757202,3.315000057220459,3.3506250381469727,2.950075626373291,15721600
2006-05-25,3.391249895095825,3.3949999809265137,3.3393750190734863,3.3581249713897705,2.9566779136657715,6233600
2006-05-26,3.369374990463257,3.438124895095825,3.3499999046325684,3.432499885559082,3.022163152694702,5268800
2006-05-30,3.53125,3.531874895095825,3.380000114440918,3.384999990463257,2.9803414344787598,11422400
2006-05-31,3.4000000953674316,3.471874952316284,3.3949999809265137,3.471874952316284,3.0568292140960693,10246400
2006-06-01,3.4774999618530273,3.5893750190734863,3.4774999618530273,3.5893750190734863,3.1602835655212402,9564800
2006-06-02,3.593125104904175,3.625624895095825,3.549375057220459,3.5818750858306885,3.1536810398101807,7092800
2006-06-05,3.575000047683716,3.575000047683716,3.5168750286102295,3.5225000381469727,3.1014034748077393,7470400
2006-06-06,3.528749942779541,3.5487499237060547,3.385624885559082,3.40625,2.9990503787994385,22230400
2006-06-07,3.4024999141693115,3.4231250286102295,3.328125,3.346250057220459,2.946223020553589,18766400
2006-06-08,3.25,3.317500114440918,3.186875104904175,3.307499885559082,2.912105083465576,21710400
2006-06-09,3.325624942779541,3.375,3.301875114440918,3.3062500953674316,2.9110047817230225,13470400
2006-06-12,3.331249952316284,3.3393750190734863,3.1424999237060547,3.1631250381469727,2.786569595336914,9315200
2006-06-13,3.09375,3.1737499237060547,3.083125114440918,3.137500047683716,2.763995885848999,11984000
2006-06-14,3.130000114440918,3.2049999237060547,3.121875047683716,3.186875104904175,2.8074920177459717,11859200
2006-06-15,3.1987500190734863,3.369374990463257,3.197499990463257,3.359375,2.9594571590423584,8049600
2006-06-16,3.390625,3.405625104904175,3.291874885559082,3.346250057220459,2.947894811630249,10825600
2006-06-19,3.3531250953674316,3.3737499713897705,3.2481250762939453,3.2725000381469727,2.8829245567321777,6948800
2006-06-20,3.262500047683716,3.3112499713897705,3.221874952316284,3.265000104904175,2.8763177394866943,7222400
2006-06-21,3.271250009536743,3.421875,3.271250009536743,3.3975000381469727,2.9930431842803955,8232000
2006-06-22,3.3687500953674316,3.40625,3.3062500953674316,3.369999885559082,2.968818426132202,12219200
2006-06-23,3.359375,3.4124999046325684,3.328125,3.364375114440918,2.963862180709839,7913600
2006-06-26,3.375,3.4625000953674316,3.3550000190734863,3.427500009536743,3.0194714069366455,10808000
2006-06-27,3.4156250953674316,3.4418749809265137,3.380000114440918,3.3968749046325684,2.9924919605255127,8400000
2006-06-28,3.396250009536743,3.396250009536743,3.3037500381469727,3.3524999618530273,2.9534013271331787,9564800
2006-06-29,3.3681249618530273,3.4906249046325684,3.3481249809265137,3.4906249046325684,3.075082778930664,4800000
2006-06-30,3.4931249618530273,3.5325000286102295,3.463749885559082,3.497499942779541,3.081138849258423,8891200
2006-07-03,3.497499942779541,3.554374933242798,3.46875,3.551875114440918,3.1290411949157715,2912000
2006-07-05,3.5374999046325684,3.541249990463257,3.390625,3.436875104904175,3.0277316570281982,10830400
2006-07-06,3.436875104904175,3.461250066757202,3.40625,3.4287500381469727,3.0205740928649902,8420800
2006-07-07,3.424999952316284,3.4312500953674316,3.358750104904175,3.375624895095825,2.973771810531616,6659200
2006-07-10,3.3887500762939453,3.406874895095825,3.356250047683716,3.377500057220459,2.975424289703369,6633600
2006-07-11,3.3637499809265137,3.375,3.3056249618530273,3.3687500953674316,2.967715263366699,5057600
2006-07-12,3.4000000953674316,3.4124999046325684,3.237499952316284,3.2699999809265137,2.8807225227355957,15120000
2006-07-13,3.2437500953674316,3.268749952316284,3.2125000953674316,3.241874933242798,2.855944871902466,8081600
2006-07-14,3.231250047683716,3.2562499046325684,3.1524999141693115,3.180000066757202,2.801436424255371,9025600
2006-07-17,3.171250104904175,3.1962499618530273,3.143749952316284,3.1912500858306885,2.8113460540771484,10086400
2006-07-18,3.203749895095825,3.2274999618530273,3.1443750858306885,3.205625057220459,2.824009895324707,10403200
2006-07-19,3.359375,3.53125,3.359375,3.429374933242798,3.0211241245269775,21958400
2006-07-20,3.429374933242798,3.4593749046325684,3.4075000286102295,3.4574999809265137,3.045901298522949,17220800
2006-07-21,3.447499990463257,3.450000047683716,3.2518749237060547,3.340625047683716,2.942939281463623,13968000
2006-07-24,3.3399999141693115,3.4375,3.3399999141693115,3.434375047683716,3.025528907775879,10388800
2006-07-25,3.429374933242798,3.513124942779541,3.4181249141693115,3.484999895095825,3.070127487182617,6414400
2006-07-26,3.479374885559082,3.521250009536743,3.3887500762939453,3.461250066757202,3.0492048263549805,9019200
2006-07-27,3.487499952316284,3.518125057220459,3.4625000953674316,3.4800000190734863,3.0657224655151367,8206400
2006-07-28,3.5,3.586250066757202,3.496875047683716,3.5268750190734863,3.1070170402526855,9691200
2006-07-31,3.5268750190734863,3.5406250953674316,3.46875,3.505000114440918,3.087747812271118,5816000
2006-08-01,3.4937500953674316,3.5093750953674316,3.3918750286102295,3.4256250858306885,3.017820119857788,8227200
2006-08-02,3.4356250762939453,3.518749952316284,3.434375047683716,3.515625,3.0971057415008545,5515200
2006-08-03,3.4937500953674316,3.5506250858306885,3.461250066757202,3.5350000858306885,3.1141750812530518,5256000
2006-08-04,3.5625,3.655625104904175,3.509999990463257,3.556874990463257,3.13344669342041,6728000
2006-08-07,3.5625,3.5843749046325684,3.528125047683716,3.5374999046325684,3.116377830505371,4459200
2006-08-08,3.549999952316284,3.575000047683716,3.494999885559082,3.503124952316284,3.086095094680786,3609600
2006-08-09,3.5374999046325684,3.5625,3.471250057220459,3.4774999618530273,3.063520669937134,5256000
2006-08-10,3.4649999141693115,3.5562500953674316,3.442500114440918,3.5506250858306885,3.1279406547546387,5686400
2006-08-11,3.5374999046325684,3.5381250381469727,3.5037500858306885,3.5250000953674316,3.1053659915924072,4110400
2006-08-14,3.5537500381469727,3.5924999713897705,3.5481250286102295,3.572499990463257,3.147210121154785,7459200
2006-08-15,3.59375,3.7043750286102295,3.59375,3.6875,3.2485201358795166,8145600
2006-08-16,3.703749895095825,3.7699999809265137,3.680000066757202,3.75,3.303581714630127,12459200
2006-08-17,3.75,3.75,3.6831250190734863,3.7325000762939453,3.288163900375366,7601600
2006-08-18,3.723750114440918,3.726249933242798,3.659374952316284,3.7118749618530273,3.2699944972991943,5004800
2006-08-21,3.684999942779541,3.6937499046325684,3.6056249141693115,3.619374990463257,3.1885063648223877,4800000
2006-08-22,3.609999895095825,3.686875104904175,3.5843749046325684,3.6681249141693115,3.2314517498016357,7942400
2006-08-23,3.679374933242798,3.6812500953674316,3.625,3.6631250381469727,3.2270469665527344,4395200
2006-08-24,3.668750047683716,3.680000066757202,3.5981249809265137,3.624375104904175,3.1929094791412354,3811200
2006-08-25,3.609375,3.6737499237060547,3.580625057220459,3.6137499809265137,3.183551073074341,2520000
2006-08-28,3.6081249713897705,3.6918749809265137,3.6081249713897705,3.6656250953674316,3.2292511463165283,5305600
2006-08-29,3.6656250953674316,3.668750047683716,3.583125114440918,3.6206250190734863,3.1896066665649414,6787200
2006-08-30,3.6237499713897705,3.6600000858306885,3.6081249713897705,3.622499942779541,3.191258430480957,6020800
2006-08-31,3.624375104904175,3.624375104904175,3.5843749046325684,3.5918750762939453,3.1642792224884033,7568000
2006-09-01,3.6006250381469727,3.6106250286102295,3.567500114440918,3.580625057220459,3.1543688774108887,6289600
2006-09-05,3.5843749046325684,3.671875,3.5718750953674316,3.6624999046325684,3.226496458053589,7467200
2006-09-06,3.641249895095825,3.659374952316284,3.583125114440918,3.596874952316284,3.168684244155884,6718400
2006-09-07,3.596874952316284,3.677500009536743,3.549999952316284,3.619374990463257,3.1885063648223877,9158400
2006-09-08,3.619374990463257,3.630000114440918,3.575000047683716,3.6024999618530273,3.1736390590667725,7563200
2006-09-11,3.594374895095825,3.6549999713897705,3.536875009536743,3.6162500381469727,3.1874120235443115,3758400
2006-09-12,3.615000009536743,3.703125,3.606874942779541,3.65625,3.222667932510376,9430400
2006-09-13,3.643125057220459,3.698124885559082,3.630000114440918,3.698124885559082,3.259577512741089,5628800
2006-09-14,3.6937499046325684,3.729374885559082,3.686875104904175,3.715625047683716,3.2750024795532227,4414400
2006-09-15,3.7637500762939453,3.840625047683716,3.716249942779541,3.796875,3.3466174602508545,13401600
2006-09-18,3.784374952316284,3.799375057220459,3.7206249237060547,3.757499933242798,3.3119118213653564,7670400
2006-09-19,3.7543749809265137,3.7718749046325684,3.6631250381469727,3.734999895095825,3.292079210281372,8465600
2006-09-20,3.741874933242798,3.835624933242798,3.7387499809265137,3.823124885559082,3.369753837585449,12403200
2006-09-21,3.849375009536743,3.945625066757202,3.828749895095825,3.8662500381469727,3.4077651500701904,14523200
2006-09-22,3.8631250858306885,3.8631250858306885,3.7793750762939453,3.815624952316284,3.3631441593170166,5520000
2006-09-25,3.825000047683716,3.900624990463257,3.776249885559082,3.8612499237060547,3.40335750579834,9030400
2006-09-26,3.859999895095825,3.953125,3.8393750190734863,3.947499990463257,3.4793789386749268,8681600
2006-09-27,3.931874990463257,4.01437520980835,3.903125047683716,3.9862499237060547,3.5135345458984375,10657600
2006-09-28,3.983750104904175,4.024374961853027,3.888124942779541,3.921250104904175,3.4562435150146484,10246400
2006-09-29,3.9156250953674316,3.9412500858306885,3.8656249046325684,3.8706250190734863,3.411620616912842,5398400
2006-10-02,3.9049999713897705,3.9600000381469727,3.8812499046325684,3.9081249237060547,3.444673776626587,8368000
2006-10-03,3.9018750190734863,3.9149999618530273,3.805000066757202,3.893749952316284,3.4320030212402344,8006400
2006-10-04,3.8712499141693115,3.952500104904175,3.856874942779541,3.952500104904175,3.4837872982025146,7771200
2006-10-05,3.945625066757202,4.059999942779541,3.926875114440918,4.01687479019165,3.5405285358428955,8116800
2006-10-06,3.991874933242798,4.017499923706055,3.9468750953674316,4.002500057220459,3.5278568267822266,3992000
2006-10-09,3.956249952316284,4.080625057220459,3.9000000953674316,4.04562520980835,3.565869092941284,7140800
2006-10-10,4.059374809265137,4.059374809265137,3.9518749713897705,3.983750104904175,3.511331796646118,7860800
2006-10-11,3.956249952316284,4.017499923706055,3.921250104904175,4.000625133514404,3.52620530128479,5969600
2006-10-12,4.013750076293945,4.088749885559082,3.9937500953674316,4.085000038146973,3.6005733013153076,4124800
2006-10-13,4.074999809265137,4.143125057220459,4.042500019073486,4.125,3.6358306407928467,5814400
2006-10-16,4.153124809265137,4.210000038146973,4.105625152587891,4.118124961853027,3.629770517349243,6921600
2006-10-17,4.087500095367432,4.091249942779541,4.015625,4.056250095367432,3.5752358436584473,8892800
2006-10-18,4.212500095367432,4.362500190734863,4.109375,4.256875038146973,3.752065658569336,34321600
2006-10-19,4.283750057220459,4.351874828338623,4.256875038146973,4.328125,3.814868688583374,11900800
2006-10-20,4.3125,4.321875095367432,4.191874980926514,4.21875,3.718463182449341,17454400
2006-10-23,4.21875,4.230625152587891,4.148125171661377,4.193749904632568,3.696428060531616,13288000
2006-10-24,4.178124904632568,4.265625,4.156875133514404,4.257500171661377,3.7526168823242188,10630400
2006-10-25,4.25,4.311874866485596,4.232500076293945,4.296875,3.7873237133026123,12107200
2006-10-26,4.3125,4.341249942779541,4.285624980926514,4.327499866485596,3.814316511154175,12211200
2006-10-27,4.316249847412109,4.405624866485596,4.287499904632568,4.301875114440918,3.7917304039001465,14374400
2006-10-30,4.268750190734863,4.275625228881836,4.20437479019165,4.266250133514404,3.7603299617767334,9774400
2006-10-31,4.256875038146973,4.264999866485596,4.195624828338623,4.243750095367432,3.7404983043670654,9744000
2006-11-01,4.243750095367432,4.243750095367432,4.036250114440918,4.082499980926514,3.5983707904815674,10627200
2006-11-02,4.046875,4.108749866485596,4.006249904632568,4.102499961853027,3.615999698638916,13240000
2006-11-03,4.114999771118164,4.140625,4.077499866485596,4.140625,3.6496036052703857,8270400
2006-11-06,4.15625,4.197500228881836,4.108749866485596,4.175000190734863,3.679901361465454,8579200
2006-11-07,4.164374828338623,4.269374847412109,4.148749828338623,4.210625171661377,3.7113020420074463,7915200
2006-11-08,4.181875228881836,4.218124866485596,4.112500190734863,4.201250076293945,3.7030375003814697,7188800
2006-11-09,4.228750228881836,4.247499942779541,4.195000171661377,4.212500095367432,3.7129554748535156,9419200
2006-11-10,4.234375,4.253125190734863,4.166250228881836,4.245625019073486,3.742149591445923,8150400
2006-11-13,4.251874923706055,4.28125,4.223750114440918,4.274374961853027,3.7674906253814697,7259200
2006-11-14,4.280624866485596,4.326250076293945,4.224999904632568,4.320624828338623,3.8082566261291504,6886400
2006-11-15,4.300000190734863,4.32687520980835,4.256249904632568,4.3125,3.8010950088500977,7816000
2006-11-16,4.330625057220459,4.340000152587891,4.254374980926514,4.314374923706055,3.802748680114746,9622400
2006-11-17,4.308125019073486,4.311874866485596,4.216249942779541,4.235000133514404,3.732785701751709,9700800
2006-11-20,4.21999979019165,4.276875019073486,4.201250076293945,4.221875190734863,3.7212185859680176,7168000
2006-11-21,4.243124961853027,4.316249847412109,4.218124866485596,4.316249847412109,3.804399251937866,8859200
2006-11-22,4.311874866485596,4.321249961853027,4.271874904632568,4.310625076293945,3.799443006515503,5192000
2006-11-24,4.295000076293945,4.320000171661377,4.28125,4.291250228881836,3.782365322113037,1425600
2006-11-27,4.306250095367432,4.306250095367432,4.143125057220459,4.144999980926514,3.653458595275879,5232000
2006-11-28,4.140625,4.201250076293945,4.096875190734863,4.181875228881836,3.6859614849090576,10267200
2006-11-29,4.204999923706055,4.271874904632568,4.18625020980835,4.271874904632568,3.7652883529663086,8838400
2006-11-30,4.278124809265137,4.324999809265137,4.241875171661377,4.258124828338623,3.7531676292419434,7155200
2006-12-01,4.291250228881836,4.303750038146973,4.184374809265137,4.253125190734863,3.748760461807251,5542400
2006-12-04,4.265625,4.317500114440918,4.239375114440918,4.251874923706055,3.74765944480896,9670400
2006-12-05,4.267499923706055,4.323750019073486,4.257500171661377,4.296249866485596,3.786771297454834,6016000
2006-12-06,4.299375057220459,4.349374771118164,4.28000020980835,4.300000190734863,3.79007887840271,4840000
2006-12-07,4.306875228881836,4.309374809265137,4.231874942779541,4.241875171661377,3.738847255706787,9710400
2006-12-08,4.271874904632568,4.306250095367432,4.228750228881836,4.262499809265137,3.7570252418518066,5273600
2006-12-11,4.260624885559082,4.273749828338623,4.136875152587891,4.168125152587891,3.6754586696624756,8764800
2006-12-12,4.149374961853027,4.15625,3.956249952316284,4.021874904632568,3.546494245529175,25212800
2006-12-13,4.037499904632568,4.069375038146973,3.9937500953674316,4.054375171661377,3.5751547813415527,18456000
2006-12-14,4.099999904632568,4.134375095367432,4.061874866485596,4.131875038146973,3.643493890762329,15683200
2006-12-15,4.135624885559082,4.162499904632568,4.018125057220459,4.021249771118164,3.5459442138671875,14284800
2006-12-18,4.046875,4.046875,3.9418749809265137,3.9825000762939453,3.5117743015289307,21220800
2006-12-19,3.9700000286102295,4.011875152587891,3.906874895095825,3.971874952316284,3.5024044513702393,15273600
2006-12-20,3.968125104904175,4.003749847412109,3.921875,3.9281249046325684,3.4638254642486572,7596800
2006-12-21,3.9574999809265137,3.9600000381469727,3.875624895095825,3.8868749141693115,3.427452564239502,9406400
2006-12-22,3.906874895095825,3.9281249046325684,3.8843750953674316,3.903749942779541,3.4423327445983887,8633600
2006-12-26,3.9049999713897705,3.955625057220459,3.8918750286102295,3.9337499141693115,3.4687857627868652,5188800
2006-12-27,3.9337499141693115,3.981250047683716,3.930000066757202,3.9625000953674316,3.494138240814209,5928000
2006-12-28,3.96875,4.00124979019165,3.916249990463257,3.921250104904175,3.457764148712158,4812800
2006-12-29,3.936875104904175,3.9856250286102295,3.877500057220459,3.880000114440918,3.4213898181915283,5699200
2007-01-03,3.893749952316284,4.026875019073486,3.893749952316284,3.984375,3.513427734375,21382400
2007-01-04,3.984375,4.128125190734863,3.984375,4.113749980926514,3.6275100708007812,21153600
2007-01-05,4.09250020980835,4.09499979019165,4.0,4.039374828338623,3.5619263648986816,10454400
2007-01-08,4.000625133514404,4.012499809265137,3.878124952316284,3.9600000381469727,3.491933822631836,21779200
2007-01-09,3.9625000953674316,3.9625000953674316,3.8450000286102295,3.878124952316284,3.419736385345459,19924800
2007-01-10,3.828125,3.874375104904175,3.825624942779541,3.849375009536743,3.394383668899536,10948800
2007-01-11,3.871875047683716,4.01437520980835,3.871875047683716,3.965625047683716,3.4968936443328857,15627200
2007-01-12,3.938124895095825,3.9756250381469727,3.9000000953674316,3.968125104904175,3.4990975856781006,16137600
2007-01-16,3.987499952316284,4.047500133514404,3.9806249141693115,4.027500152587891,3.551455020904541,16601600
2007-01-17,4.09375,4.167500019073486,4.050624847412109,4.085000038146973,3.6021575927734375,34856000
2007-01-18,4.119999885559082,4.125,4.013750076293945,4.025625228881836,3.5498011112213135,15350400
2007-01-19,4.017499923706055,4.040625095367432,3.9437499046325684,4.011250019073486,3.5371272563934326,11102400
2007-01-22,4.014999866485596,4.025000095367432,3.9543750286102295,4.003125190734863,3.5299620628356934,15137600
2007-01-23,4.003125190734863,4.132500171661377,4.003125190734863,4.117499828338623,3.6308183670043945,19033600
2007-01-24,4.152500152587891,4.278749942779541,4.152500152587891,4.207499980926514,3.7101798057556152,22344000
2007-01-25,4.207499980926514,4.216875076293945,4.111875057220459,4.140625,3.651209592819214,12286400
2007-01-26,4.14187479019165,4.202499866485596,4.112500190734863,4.175624847412109,3.682072877883911,9016000
2007-01-29,4.192500114440918,4.204999923706055,4.12624979019165,4.15625,3.664987325668335,13265600
2007-01-30,4.162499904632568,4.1875,4.117499828338623,4.183125019073486,3.688685417175293,10603200
2007-01-31,4.158750057220459,4.255624771118164,4.136875152587891,4.232500076293945,3.7322254180908203,11616000
2007-02-01,4.238124847412109,4.28125,4.207499980926514,4.236249923706055,3.735532760620117,7577600
2007-02-02,4.236875057220459,4.244375228881836,4.196875095367432,4.233749866485596,3.7333266735076904,6104000
2007-02-05,4.233749866485596,4.246874809265137,4.210000038146973,4.235000133514404,3.734428644180298,5756800
2007-02-06,4.243750095367432,4.246874809265137,4.179375171661377,4.233749866485596,3.7333266735076904,6342400
2007-02-07,4.246250152587891,4.287499904632568,4.208125114440918,4.263750076293945,3.7597815990448,6164800
2007-02-08,4.263124942779541,4.289374828338623,4.224374771118164,4.263124942779541,3.759229898452759,6304000
2007-02-09,4.275625228881836,4.289374828338623,4.211874961853027,4.21999979019165,3.7212023735046387,9715200
2007-02-12,4.21750020980835,4.239999771118164,4.161874771118164,4.202499866485596,3.7057695388793945,9720000
2007-02-13,4.216249942779541,4.257500171661377,4.201250076293945,4.222499847412109,3.7234065532684326,8582400
2007-02-14,4.236875057220459,4.238124847412109,4.208749771118164,4.221875190734863,3.722855806350708,8017600
2007-02-15,4.223750114440918,4.238749980926514,4.198750019073486,4.216875076293945,3.718446969985962,6672000
2007-02-16,4.209374904632568,4.211249828338623,4.168125152587891,4.18625020980835,3.691441774368286,7915200
2007-02-20,4.18625020980835,4.24875020980835,4.163750171661377,4.244999885559082,3.7432467937469482,12713600
2007-02-21,4.234375,4.253749847412109,4.194375038146973,4.244999885559082,3.7432467937469482,8859200
2007-02-22,4.25,4.25,4.215624809265137,4.236875057220459,3.736081838607788,8204800
2007-02-23,4.231249809265137,4.250625133514404,4.21750020980835,4.239375114440918,3.7382867336273193,3966400
2007-02-26,4.266250133514404,4.275000095367432,4.237500190734863,4.252500057220459,3.7498602867126465,6465600
2007-02-27,4.193749904632568,4.193749904632568,4.009375095367432,4.07687520980835,3.594993829727173,11422400
2007-02-28,4.070624828338623,4.096250057220459,4.003125190734863,4.038750171661377,3.5613765716552734,8595200
2007-03-01,3.979374885559082,4.075624942779541,3.9462499618530273,4.025000095367432,3.5492513179779053,10046400
2007-03-02,4.009375095367432,4.046249866485596,3.9331250190734863,3.9512500762939453,3.484217882156372,7784000
2007-03-05,3.9149999618530273,3.986875057220459,3.903125047683716,3.903125047683716,3.4417808055877686,10931200
2007-03-06,3.875,3.984999895095825,3.875,3.948124885559082,3.481461763381958,10072000
2007-03-07,3.9375,3.940624952316284,3.890625,3.9200000762939453,3.4566612243652344,11723200
2007-03-08,3.956249952316284,3.996875047683716,3.9462499618530273,3.955625057220459,3.488075017929077,5377600
2007-03-09,3.9774999618530273,4.060625076293945,3.9643750190734863,4.04562520980835,3.5674386024475098,14873600
2007-03-12,4.030624866485596,4.093124866485596,4.01437520980835,4.091875076293945,3.6098930835723877,7571200
2007-03-13,4.051875114440918,4.085000038146973,3.983750104904175,3.9912500381469727,3.5211212635040283,7065600
2007-03-14,4.003125190734863,4.025625228881836,3.9468750953674316,4.020625114440918,3.5470364093780518,13699200
2007-03-15,4.009375095367432,4.042500019073486,3.9981250762939453,4.027500152587891,3.5531017780303955,3651200
2007-03-16,4.033750057220459,4.038750171661377,3.9725000858306885,4.006249904632568,3.5343551635742188,5964800
2007-03-19,4.018750190734863,4.061874866485596,4.018750190734863,4.053124904632568,3.5757088661193848,5270400
2007-03-20,4.039999961853027,4.090624809265137,4.031875133514404,4.070624828338623,3.591146945953369,7417600
2007-03-21,4.078125,4.116250038146973,4.019999980926514,4.110000133514404,3.6258835792541504,9700800
2007-03-22,4.116250038146973,4.138124942779541,4.081250190734863,4.130000114440918,3.6435294151306152,5883200
2007-03-23,4.12375020980835,4.151249885559082,4.087500095367432,4.13937520980835,3.651799201965332,8763200
2007-03-26,4.15500020980835,4.168749809265137,4.078750133514404,4.113124847412109,3.6286399364471436,11632000
2007-03-27,4.098750114440918,4.111875057220459,4.012499809265137,4.083125114440918,3.6021742820739746,11259200
2007-03-28,4.067500114440918,4.111875057220459,4.050624847412109,4.089375019073486,3.60768985748291,5628800
2007-03-29,4.125,4.14187479019165,4.01437520980835,4.038125038146973,3.5624749660491943,9190400
2007-03-30,3.994999885559082,4.079999923706055,3.986875057220459,4.035624980926514,3.560270071029663,9854400
2007-04-02,4.052499771118164,4.139999866485596,4.033750057220459,4.105000019073486,3.6214730739593506,7556000
2007-04-03,4.142499923706055,4.224999904632568,4.12624979019165,4.202499866485596,3.7074878215789795,10461600
2007-04-04,4.21999979019165,4.269999980926514,4.204999923706055,4.267499923706055,3.7648332118988037,7394400
2007-04-05,4.273749828338623,4.289999961853027,4.222499847412109,4.242499828338623,3.742776393890381,6172000
2007-04-09,4.25,4.25,4.177499771118164,4.196249961853027,3.701976776123047,6199200
2007-04-10,4.201250076293945,4.221250057220459,4.144999980926514,4.208749771118164,3.7130014896392822,5983200
2007-04-11,4.21750020980835,4.226250171661377,4.150000095367432,4.177499771118164,3.685432195663452,6011200
2007-04-12,4.177499771118164,4.228750228881836,4.117499828338623,4.221250057220459,3.7240312099456787,5156800
2007-04-13,4.25124979019165,4.273749828338623,4.208749771118164,4.224999904632568,3.7273378372192383,8295200
2007-04-16,4.256249904632568,4.355000019073486,4.238749980926514,4.328750133514404,3.8188676834106445,12255200
2007-04-17,4.323750019073486,4.355000019073486,4.263750076293945,4.320000171661377,3.811147451400757,10834400
2007-04-18,4.412499904632568,4.489999771118164,4.263750076293945,4.472499847412109,3.9456839561462402,19052000
2007-04-19,4.454999923706055,4.567500114440918,4.431250095367432,4.507500171661377,3.976562976837158,14569600
2007-04-20,4.53000020980835,4.556250095367432,4.488749980926514,4.521249771118164,3.9886934757232666,13955200
2007-04-23,4.49875020980835,4.5,4.400000095367432,4.4375,3.9148077964782715,11315200
2007-04-24,4.451250076293945,4.46875,4.387499809265137,4.449999809265137,3.925835371017456,13731200
2007-04-25,4.462500095367432,4.481249809265137,4.388750076293945,4.447500228881836,3.923631191253662,13471200
2007-04-26,4.43874979019165,4.486249923706055,4.394999980926514,4.466249942779541,3.9401731491088867,11988000
2007-04-27,4.46750020980835,4.474999904632568,4.423749923706055,4.4375,3.9148077964782715,7156800
2007-04-30,4.431250095367432,4.445000171661377,4.362500190734863,4.388750076293945,3.8718011379241943,10358400
2007-05-01,4.380000114440918,4.474999904632568,4.37624979019165,4.460000038146973,3.934656858444214,9188000
2007-05-02,4.449999809265137,4.502500057220459,4.414999961853027,4.483749866485596,3.9556100368499756,8023200
2007-05-03,4.49875020980835,4.506249904632568,4.4375,4.494999885559082,3.965536117553711,7487200
2007-05-04,4.50124979019165,4.547500133514404,4.449999809265137,4.542500019073486,4.007440090179443,8672000
2007-05-07,4.543749809265137,4.548749923706055,4.466249942779541,4.492499828338623,3.9633307456970215,5471200
2007-05-08,4.485000133514404,4.485000133514404,4.411250114440918,4.457499980926514,3.93245267868042,5210400
2007-05-09,4.443749904632568,4.493750095367432,4.40500020980835,4.473750114440918,3.9467885494232178,4607200
2007-05-10,4.446249961853027,4.461249828338623,4.316249847412109,4.332499980926514,3.822175979614258,7456800
2007-05-11,4.337500095367432,4.417500019073486,4.293749809265137,4.413750171661377,3.8938546180725098,7753600
2007-05-14,4.412499904632568,4.420000076293945,4.264999866485596,4.309999942779541,3.8023264408111572,9822400
2007-05-15,4.302499771118164,4.352499961853027,4.264999866485596,4.276249885559082,3.7725517749786377,7029600
2007-05-16,4.296249866485596,4.337500095367432,4.252500057220459,4.298749923706055,3.7924013137817383,4272800
2007-05-17,4.286250114440918,4.321249961853027,4.204999923706055,4.300000190734863,3.793506622314453,7731200
2007-05-18,4.317500114440918,4.385000228881836,4.296249866485596,4.381249904632568,3.8651835918426514,9286400
2007-05-21,4.287499904632568,4.403749942779541,4.269999980926514,4.403749942779541,3.88503360748291,6725600
2007-05-22,4.396249771118164,4.409999847412109,4.357500076293945,4.403749942779541,3.88503360748291,7695200
2007-05-23,4.362500190734863,4.449999809265137,4.349999904632568,4.408750057220459,3.8894450664520264,9392800
2007-05-24,4.397500038146973,4.40625,4.317500114440918,4.318749904632568,3.810046672821045,7043200
2007-05-25,4.34499979019165,4.371250152587891,4.316249847412109,4.34250020980835,3.830998659133911,3676800
2007-05-29,4.37375020980835,4.411250114440918,4.362500190734863,4.369999885559082,3.855257749557495,4052800
2007-05-30,4.338749885559082,4.408750057220459,4.318749904632568,4.40625,3.887239694595337,6064000
2007-05-31,4.428750038146973,4.483749866485596,4.411250114440918,4.472499847412109,3.9456839561462402,10757600
2007-06-01,4.480000019073486,4.545000076293945,4.446249961853027,4.539999961853027,4.00523567199707,6737600
2007-06-04,4.517499923706055,4.5625,4.489999771118164,4.512499809265137,3.980973243713379,5404800
2007-06-05,4.481249809265137,4.514999866485596,4.380000114440918,4.421249866485596,3.9004738330841064,7140000
2007-06-06,4.394999980926514,4.445000171661377,4.387499809265137,4.4375,3.9148077964782715,5195200
2007-06-07,4.420000076293945,4.448750019073486,4.347499847412109,4.347499847412109,3.8354086875915527,6990400
2007-06-08,4.348750114440918,4.46750020980835,4.346250057220459,4.46750020980835,3.9412763118743896,6352000
2007-06-11,4.447500228881836,4.463749885559082,4.411250114440918,4.43874979019165,3.9175546169281006,3285600
2007-06-12,4.412499904632568,4.429999828338623,4.358749866485596,4.371250152587891,3.857980728149414,4748000
2007-06-13,4.393750190734863,4.478750228881836,4.386250019073486,4.46875,3.9440324306488037,3609600
2007-06-14,4.483749866485596,4.577499866485596,4.465000152587891,4.554999828338623,4.020156383514404,5096000
2007-06-15,4.596250057220459,4.62375020980835,4.5625,4.582499980926514,4.044425964355469,5121600
2007-06-18,4.5625,4.574999809265137,4.50124979019165,4.53000020980835,3.9980905055999756,6671200
2007-06-19,4.506249904632568,4.521249771118164,4.453750133514404,4.477499961853027,3.951754093170166,4864800
2007-06-20,4.487500190734863,4.511250019073486,4.40749979019165,4.426249980926514,3.9065234661102295,4666400
2007-06-21,4.40749979019165,4.487500190734863,4.358749866485596,4.486249923706055,3.9594788551330566,4674400
2007-06-22,4.487500190734863,4.514999866485596,4.441249847412109,4.46999979019165,3.945136547088623,8858400
2007-06-25,4.480000019073486,4.534999847412109,4.440000057220459,4.452499866485596,3.929690361022949,7335200
2007-06-26,4.46750020980835,4.474999904632568,4.363749980926514,4.391250133514404,3.87563157081604,6640800
2007-06-27,4.362500190734863,4.416250228881836,4.321249961853027,4.412499904632568,3.8943870067596436,5761600
2007-06-28,4.40749979019165,4.454999923706055,4.382500171661377,4.449999809265137,3.9274842739105225,6661600
2007-06-29,4.473750114440918,4.497499942779541,4.433750152587891,4.456250190734863,3.9330012798309326,5262400
2007-07-02,4.485000133514404,4.513750076293945,4.446249961853027,4.50124979019165,3.972714900970459,3716800
2007-07-03,4.496250152587891,4.508749961853027,4.458749771118164,4.481249809265137,3.9550671577453613,2740800
2007-07-05,4.497499942779541,4.510000228881836,4.454999923706055,4.482500076293945,3.956166982650757,4028000
2007-07-06,4.488749980926514,4.488749980926514,4.423749923706055,4.452499866485596,3.929690361022949,5764000
2007-07-09,4.452499866485596,4.508749961853027,4.420000076293945,4.506249904632568,3.977128505706787,6370400
2007-07-10,4.471250057220459,4.508749961853027,4.441249847412109,4.456250190734863,3.9330012798309326,5705600
2007-07-11,4.446249961853027,4.476250171661377,4.420000076293945,4.448750019073486,3.926382064819336,6681600
2007-07-12,4.494999885559082,4.662499904632568,4.476250171661377,4.661250114440918,4.113929271697998,6010400
2007-07-13,4.662499904632568,4.672500133514404,4.630000114440918,4.662499904632568,4.115032196044922,4277600
2007-07-16,4.658750057220459,4.659999847412109,4.591249942779541,4.633749961853027,4.089658260345459,5564800
2007-07-17,4.619999885559082,4.768750190734863,4.591249942779541,4.743750095367432,4.186742305755615,11124800
2007-07-18,4.59375,4.756249904632568,4.494999885559082,4.637499809265137,4.092967987060547,16180000
2007-07-19,4.703750133514404,4.8125,4.702499866485596,4.741250038146973,4.184535503387451,10215200
2007-07-20,4.733749866485596,4.739999771118164,4.671249866485596,4.691249847412109,4.140405178070068,7222400
2007-07-23,4.697500228881836,4.716249942779541,4.59499979019165,4.603750228881836,4.0631818771362305,6692000
2007-07-24,4.572500228881836,4.603750228881836,4.482500076293945,4.512499809265137,3.98264741897583,8260800
2007-07-25,4.552499771118164,4.571249961853027,4.401249885559082,4.46999979019165,3.945136547088623,8276800
2007-07-26,4.474999904632568,4.482500076293945,4.137499809265137,4.383749961853027,3.869013547897339,11000800
2007-07-27,4.362500190734863,4.40749979019165,4.25124979019165,4.329999923706055,3.8215744495391846,10685600
2007-07-30,4.335000038146973,4.401249885559082,4.273749828338623,4.375,3.8612899780273438,7299200
2007-07-31,4.412499904632568,4.422500133514404,4.273749828338623,4.28249979019165,3.779649496078491,10442400
2007-08-01,4.397500038146973,4.573750019073486,4.353750228881836,4.472499847412109,3.947343111038208,17875200
2007-08-02,4.476250171661377,4.50124979019165,4.396249771118164,4.480000019073486,3.9539616107940674,8697600
2007-08-03,4.483749866485596,4.511250019073486,4.346250057220459,4.351250171661377,3.8403310775756836,8772000
2007-08-06,4.385000228881836,4.412499904632568,4.236249923706055,4.298749923706055,3.7939932346343994,14372800
2007-08-07,4.275000095367432,4.346250057220459,4.183750152587891,4.321249961853027,3.8138515949249268,13077600
2007-08-08,4.353750228881836,4.432499885559082,4.213749885559082,4.34250020980835,3.832608222961426,12206400
2007-08-09,4.236249923706055,4.420000076293945,4.231249809265137,4.278749942779541,3.7763426303863525,15252800
2007-08-10,4.247499942779541,4.451250076293945,4.193749904632568,4.423749923706055,3.9043173789978027,10056800
2007-08-13,4.492499828338623,4.49875020980835,4.397500038146973,4.403749942779541,3.8866641521453857,7191200
2007-08-14,4.411250114440918,4.480000019073486,4.347499847412109,4.367499828338623,3.854670286178589,5747200
2007-08-15,4.34250020980835,4.360000133514404,4.173749923706055,4.196249961853027,3.7035305500030518,6120800
2007-08-16,4.183750152587891,4.300000190734863,4.016250133514404,4.162499904632568,3.673741579055786,12654400
2007-08-17,4.162499904632568,4.383749961853027,4.162499904632568,4.275000095367432,3.7730319499969482,8730400
2007-08-20,4.296249866485596,4.3125,4.198750019073486,4.243750095367432,3.745452404022217,4997600
2007-08-21,4.210000038146973,4.301249980926514,4.199999809265137,4.237500190734863,3.7399353981018066,4803200
2007-08-22,4.284999847412109,4.358749866485596,4.243750095367432,4.34499979019165,3.834813356399536,6109600
2007-08-23,4.349999904632568,4.388750076293945,4.266250133514404,4.28125,3.778548240661621,4414400
2007-08-24,4.272500038146973,4.46875,4.272500038146973,4.46875,3.9440324306488037,4805600
2007-08-27,4.471250057220459,4.471250057220459,4.355000019073486,4.375,3.8612899780273438,5660000
2007-08-28,4.324999809265137,4.372499942779541,4.231249809265137,4.238749980926514,3.7410390377044678,4372800
2007-08-29,4.256249904632568,4.480000019073486,4.256249904632568,4.478750228881836,3.9528579711914062,6490400
2007-08-30,4.433750152587891,4.574999809265137,4.425000190734863,4.542500019073486,4.009121417999268,11146400
2007-08-31,4.587500095367432,4.602499961853027,4.465000152587891,4.513750076293945,3.983747959136963,5761600
2007-09-04,4.517499923706055,4.651249885559082,4.46999979019165,4.621250152587891,4.078625202178955,5174400
2007-09-05,4.585000038146973,4.681250095367432,4.565000057220459,4.681250095367432,4.131580829620361,6812000
2007-09-06,4.683750152587891,4.809999942779541,4.630000114440918,4.789999961853027,4.2275614738464355,9224800
2007-09-07,4.715000152587891,4.762499809265137,4.641250133514404,4.696249961853027,4.144820213317871,7804000
2007-09-10,4.726250171661377,4.726250171661377,4.546249866485596,4.601250171661377,4.062596797943115,6924800
2007-09-11,4.612500190734863,4.713749885559082,4.598750114440918,4.702499866485596,4.1519951820373535,11408000
2007-09-12,4.673749923706055,4.775000095367432,4.653749942779541,4.667500019073486,4.121090412139893,5676000
2007-09-13,4.704999923706055,4.713749885559082,4.625,4.636250019073486,4.09350061416626,4873600
2007-09-14,4.630000114440918,4.671249866485596,4.577499866485596,4.663750171661377,4.117780685424805,4221600
2007-09-17,4.652500152587891,4.707499980926514,4.62624979019165,4.651249885559082,4.106743812561035,4219200
2007-09-18,4.698750019073486,4.840000152587891,4.664999961853027,4.840000152587891,4.273394584655762,4583200
2007-09-19,4.869999885559082,4.949999809265137,4.856249809265137,4.900000095367432,4.326371669769287,10032800
2007-09-20,4.912499904632568,4.912499904632568,4.84250020980835,4.871250152587891,4.300987720489502,6154400
2007-09-21,4.912499904632568,4.912499904632568,4.755000114440918,4.755000114440918,4.198347568511963,9792800
2007-09-24,4.766250133514404,4.807499885559082,4.727499961853027,4.802499771118164,4.240288257598877,7928000
2007-09-25,4.784999847412109,4.902500152587891,4.78000020980835,4.902500152587891,4.328580856323242,5752000
2007-09-26,4.917500019073486,5.014999866485596,4.898749828338623,5.013750076293945,4.42680549621582,6549600
2007-09-27,5.037499904632568,5.057499885559082,4.928750038146973,5.014999866485596,4.4279093742370605,8311200
2007-09-28,5.027500152587891,5.036250114440918,4.952499866485596,4.96999979019165,4.388178825378418,3284000
2007-10-01,4.991250038146973,5.0625,4.987500190734863,5.034999847412109,4.44556999206543,6273600
2007-10-02,5.03249979019165,5.057499885559082,4.963749885559082,4.963749885559082,4.382661819458008,4755200
2007-10-03,4.956250190734863,4.977499961853027,4.896249771118164,4.962500095367432,4.381555080413818,6521600
2007-10-04,4.996250152587891,5.0,4.953750133514404,4.976250171661377,4.393698692321777,6813600
2007-10-05,5.03000020980835,5.132500171661377,5.018750190734863,5.067500114440918,4.474264621734619,7600800
2007-10-08,5.070000171661377,5.097499847412109,5.046249866485596,5.070000171661377,4.476470947265625,2108800
2007-10-09,5.09250020980835,5.12624979019165,5.025000095367432,5.067500114440918,4.474264621734619,4724000
2007-10-10,5.072500228881836,5.099999904632568,4.943749904632568,4.973750114440918,4.391489505767822,6596800
2007-10-11,5.00124979019165,5.028749942779541,4.872499942779541,4.942500114440918,4.363897323608398,4808000
2007-10-12,4.989999771118164,5.03000020980835,4.952499866485596,4.980000019073486,4.397006034851074,5940800
2007-10-15,4.971250057220459,4.993750095367432,4.875,4.9375,4.359482765197754,3913600
2007-10-16,4.956250190734863,5.012499809265137,4.9375,4.971250057220459,4.3892822265625,6851200
2007-10-17,5.5625,5.71999979019165,5.28125,5.347499847412109,4.7214860916137695,33035200
2007-10-18,5.37624979019165,5.476250171661377,5.34250020980835,5.389999866485596,4.759008884429932,8722400
2007-10-19,5.401249885559082,5.489999771118164,5.341249942779541,5.34250020980835,4.717072010040283,8377600
2007-10-22,5.326250076293945,5.401249885559082,5.267499923706055,5.349999904632568,4.723691940307617,6296000
2007-10-23,5.382500171661377,5.538750171661377,5.382500171661377,5.485000133514404,4.842888832092285,18140000
2007-10-24,5.472499847412109,5.533750057220459,5.367499828338623,5.533750057220459,4.885931015014648,11647200
2007-10-25,5.576250076293945,5.607500076293945,5.37624979019165,5.460000038146973,4.820811748504639,6883200
2007-10-26,5.536250114440918,5.619999885559082,5.510000228881836,5.608749866485596,4.952151775360107,7010400
2007-10-29,5.648749828338623,5.667500019073486,5.538750171661377,5.571249961853027,4.919042110443115,4664800
2007-10-30,5.571249961853027,5.728750228881836,5.56374979019165,5.568749904632568,4.91683292388916,6096000
2007-10-31,5.553750038146973,5.553750038146973,5.4375,5.533750057220459,4.885931015014648,9600000
2007-11-01,5.449999809265137,5.511250019073486,5.40625,5.440000057220459,4.803155422210693,8915200
2007-11-02,5.452499866485596,5.477499961853027,5.328750133514404,5.426249980926514,4.791016101837158,7709600
2007-11-05,5.429999828338623,5.489999771118164,5.346250057220459,5.446249961853027,4.808675289154053,4856000
2007-11-06,5.461249828338623,5.5,5.385000228881836,5.488749980926514,4.846200942993164,5086400
2007-11-07,5.408750057220459,5.5,5.371250152587891,5.40749979019165,4.774461269378662,7586400
2007-11-08,5.432499885559082,5.5,5.276249885559082,5.333749771118164,4.709344387054443,12086400
2007-11-09,5.263750076293945,5.28125,5.107500076293945,5.125,4.525034427642822,11044800
2007-11-12,5.078750133514404,5.163750171661377,5.03125,5.051249980926514,4.459915637969971,7043200
2007-11-13,5.074999809265137,5.262499809265137,5.041250228881836,5.253749847412109,4.638710021972656,6398400
2007-11-14,5.271249771118164,5.349999904632568,5.246250152587891,5.288750171661377,4.669613361358643,10124800
2007-11-15,5.286250114440918,5.286250114440918,5.118750095367432,5.152500152587891,4.549313545227051,6789600
2007-11-16,5.162499904632568,5.221250057220459,5.070000171661377,5.202499866485596,4.593459129333496,7185600
2007-11-19,5.144999980926514,5.195000171661377,5.108749866485596,5.121250152587891,4.5217204093933105,6393600
2007-11-20,5.110000133514404,5.207499980926514,5.034999847412109,5.103750228881836,4.5062713623046875,7131200
2007-11-21,5.079999923706055,5.125,4.93874979019165,5.050000190734863,4.458813190460205,5601600
2007-11-23,5.071249961853027,5.164999961853027,5.048749923706055,5.150000095367432,4.547104835510254,2416000
2007-11-26,5.137499809265137,5.208749771118164,5.066249847412109,5.087500095367432,4.491922855377197,8236000
2007-11-27,5.12375020980835,5.34375,5.090000152587891,5.315000057220459,4.69279146194458,9705600
2007-11-28,5.366250038146973,5.43625020980835,5.320000171661377,5.389999866485596,4.759008884429932,6963200
2007-11-29,5.377500057220459,5.4375,5.37624979019165,5.417500019073486,4.783289432525635,3508000
2007-11-30,5.449999809265137,5.454999923706055,5.349999904632568,5.418749809265137,4.784394264221191,7621600
2007-12-03,5.476250171661377,5.551249980926514,5.378749847412109,5.462500095367432,4.823020935058594,10792000
2007-12-04,5.40500020980835,5.523749828338623,5.400000095367432,5.400000095367432,4.76784086227417,9664800
2007-12-05,5.486249923706055,5.625,5.457499980926514,5.625,4.966499328613281,8780800
2007-12-06,5.598750114440918,5.663750171661377,5.598750114440918,5.653749942779541,4.991884231567383,6726400
2007-12-07,5.684999942779541,5.769999980926514,5.627500057220459,5.769999980926514,5.094524383544922,6442400
2007-12-10,5.797500133514404,5.832499980926514,5.743750095367432,5.81374979019165,5.13482141494751,7114400
2007-12-11,5.816249847412109,5.840000152587891,5.683750152587891,5.683750152587891,5.020002841949463,7636800
2007-12-12,5.741250038146973,5.862500190734863,5.672500133514404,5.764999866485596,5.091765403747559,6326400
2007-12-13,5.75,5.777500152587891,5.602499961853027,5.732500076293945,5.063060283660889,6928800
2007-12-14,5.715000152587891,5.791250228881836,5.666250228881836,5.698750019073486,5.0332512855529785,4490400
2007-12-17,5.713749885559082,5.713749885559082,5.558750152587891,5.559999942779541,4.910704135894775,7625600
2007-12-18,5.621250152587891,5.730000019073486,5.587500095367432,5.68874979019165,5.024417877197266,7027200
2007-12-19,5.6875,5.695000171661377,5.610000133514404,5.633749961853027,4.9758429527282715,6432800
2007-12-20,5.663750171661377,5.721250057220459,5.588749885559082,5.71750020980835,5.049811363220215,5466400
2007-12-21,5.8125,5.851250171661377,5.75,5.8125,5.133717060089111,7724800
2007-12-24,5.806250095367432,5.901249885559082,5.802499771118164,5.880000114440918,5.193336486816406,2265600
2007-12-26,5.862500190734863,5.901249885559082,5.826250076293945,5.886250019073486,5.198854446411133,2705600
2007-12-27,5.881249904632568,5.90500020980835,5.797500133514404,5.8125,5.133717060089111,3287200
2007-12-28,5.818749904632568,5.901249885559082,5.789999961853027,5.894999980926514,5.206584453582764,3356800
2007-12-31,5.875,5.894999980926514,5.768750190734863,5.796249866485596,5.1193647384643555,4237600
2008-01-02,5.652500152587891,5.684999942779541,5.458749771118164,5.525000095367432,4.879791259765625,16241600
2008-01-03,5.545000076293945,5.551249980926514,5.31374979019165,5.492499828338623,4.8510870933532715,16872000
2008-01-04,5.429999828338623,5.481249809265137,5.356249809265137,5.364999771118164,4.73847770690918,16920000
2008-01-07,5.378749847412109,5.471250057220459,5.233749866485596,5.356249809265137,4.730750560760498,16093600
2008-01-08,5.414999961853027,5.445000171661377,5.168749809265137,5.168749809265137,4.5651445388793945,10672800
2008-01-09,5.143750190734863,5.168749809265137,4.913750171661377,5.046249866485596,4.456948280334473,24562400
2008-01-10,5.047500133514404,5.127500057220459,4.957499980926514,5.087500095367432,4.493382930755615,10242400
2008-01-11,5.011250019073486,5.057499885559082,4.849999904632568,4.889999866485596,4.3189473152160645,11476800
2008-01-14,4.976250171661377,5.111249923706055,4.958749771118164,5.09375,4.498901844024658,11988800
2008-01-15,5.048749923706055,5.048749923706055,4.896249771118164,4.972499847412109,4.391813278198242,9668000
2008-01-16,4.980000019073486,5.033750057220459,4.772500038146973,4.965000152587891,4.385189056396484,12702400
2008-01-17,5.059999942779541,5.078750133514404,4.566249847412109,4.590000152587891,4.053980350494385,33058400
2008-01-18,4.612500190734863,4.849999904632568,4.447500228881836,4.84375,4.2780985832214355,35780800
2008-01-22,4.641250133514404,4.896249771118164,4.5,4.8125,4.250499725341797,24832000
2008-01-23,4.6875,5.018750190734863,4.590000152587891,5.0,4.416098594665527,23649600
2008-01-24,5.039999961853027,5.152500152587891,4.90625,5.017499923706055,4.4315571784973145,15852000
2008-01-25,5.06374979019165,5.096250057220459,4.852499961853027,4.90749979019165,4.334401607513428,11013600
2008-01-28,4.881249904632568,4.93625020980835,4.836249828338623,4.926249980926514,4.350963115692139,9735200
2008-01-29,4.943749904632568,4.974999904632568,4.826250076293945,4.877500057220459,4.307904243469238,16288000
2008-01-30,4.858749866485596,4.971250057220459,4.768750190734863,4.869999885559082,4.3012824058532715,11097600
2008-01-31,4.792500019073486,5.005000114440918,4.778749942779541,4.988749980926514,4.406164646148682,10947200
2008-02-01,5.023749828338623,5.087500095367432,4.960000038146973,4.974999904632568,4.394017696380615,13828000
2008-02-04,4.954999923706055,5.006249904632568,4.888750076293945,4.989999771118164,4.40726900100708,11580000
2008-02-05,4.889999866485596,4.9375,4.75,4.775000095367432,4.217376708984375,12738400
2008-02-06,4.789999961853027,4.829999923706055,4.731249809265137,4.753749847412109,4.198607444763184,12456000
2008-02-07,4.716249942779541,4.820000171661377,4.621250152587891,4.78249979019165,4.224000930786133,21101600
2008-02-08,4.739999771118164,4.793749809265137,4.635000228881836,4.684999942779541,4.137887477874756,19186400
2008-02-11,4.679999828338623,4.81374979019165,4.675000190734863,4.789999961853027,4.230625152587891,6925600
2008-02-12,4.823750019073486,4.835000038146973,4.701250076293945,4.733749866485596,4.180943965911865,6935200
2008-02-13,4.78125,4.926249980926514,4.778749942779541,4.911250114440918,4.337713718414307,8549600
2008-02-14,4.923749923706055,4.987500190734863,4.820000171661377,4.861249923706055,4.293554306030273,10897600
2008-02-15,4.806250095367432,4.841249942779541,4.681250095367432,4.793749809265137,4.233938217163086,8587200
2008-02-19,4.853750228881836,4.868750095367432,4.6875,4.699999809265137,4.151134490966797,5858400
2008-02-20,4.659999847412109,4.698750019073486,4.631249904632568,4.696249961853027,4.14782190322876,9273600
2008-02-21,4.713749885559082,4.757500171661377,4.673749923706055,4.679999828338623,4.133471965789795,7767200
2008-02-22,4.701250076293945,4.724999904632568,4.576250076293945,4.675000190734863,4.129053592681885,7128000
2008-02-25,4.673749923706055,4.81125020980835,4.598750114440918,4.784999847412109,4.226207733154297,8720000
2008-02-26,4.758749961853027,4.862500190734863,4.726250171661377,4.787499904632568,4.228415012359619,7788800
2008-02-27,4.741250038146973,4.800000190734863,4.699999809265137,4.742499828338623,4.188671112060547,7404000
2008-02-28,4.707499980926514,4.769999980926514,4.698750019073486,4.746250152587891,4.191983699798584,10065600
2008-02-29,4.698750019073486,4.698750019073486,4.577499866485596,4.621250152587891,4.08158016204834,9016000
2008-03-03,4.597499847412109,4.619999885559082,4.506249904632568,4.570000171661377,4.036316871643066,8219200
2008-03-04,4.517499923706055,4.586249828338623,4.414999961853027,4.577499866485596,4.042940139770508,12957600
2008-03-05,4.576250076293945,4.667500019073486,4.565000057220459,4.644999980926514,4.102558135986328,10470400
2008-03-06,4.633749961853027,4.633749961853027,4.53249979019165,4.556250095367432,4.024170398712158,8661600
2008-03-07,4.5,4.633749961853027,4.4375,4.491250038146973,3.9667627811431885,8148000
2008-03-10,4.5,4.5,4.393750190734863,4.409999847412109,3.89662766456604,8465600
2008-03-11,4.502500057220459,4.566249847412109,4.393750190734863,4.491250038146973,3.9684195518493652,8325600
2008-03-12,4.508749961853027,4.571249961853027,4.472499847412109,4.480000019073486,3.9584784507751465,6137600
2008-03-13,4.408750057220459,4.56374979019165,4.347499847412109,4.528749942779541,4.001554489135742,7024000
2008-03-14,4.536250114440918,4.558750152587891,4.364999771118164,4.389999866485596,3.878955602645874,10820800
2008-03-17,4.287499904632568,4.372499942779541,4.273749828338623,4.338749885559082,3.8336710929870605,13888800
2008-03-18,4.453750133514404,4.625,4.411250114440918,4.621250152587891,4.083284854888916,12938400
2008-03-19,4.653749942779541,4.653749942779541,4.446249961853027,4.448750019073486,3.9308671951293945,8971200
2008-03-20,4.453750133514404,4.49875020980835,4.398749828338623,4.447500228881836,3.929762125015259,10628800
2008-03-24,4.463749885559082,4.711249828338623,4.452499866485596,4.677499771118164,4.132987022399902,8085600
2008-03-25,4.670000076293945,4.758749961853027,4.65500020980835,4.757500171661377,4.20367431640625,5775200
2008-03-26,4.728750228881836,4.75124979019165,4.62624979019165,4.672500133514404,4.128571510314941,5524800
2008-03-27,4.682499885559082,4.684999942779541,4.608749866485596,4.635000228881836,4.0954365730285645,5974400
2008-03-28,4.650000095367432,4.679999828338623,4.566249847412109,4.582499980926514,4.049046516418457,6242400
2008-03-31,4.597499847412109,4.662499904632568,4.542500019073486,4.65625,4.114211082458496,7874400
2008-04-01,4.707499980926514,4.857500076293945,4.707499980926514,4.857500076293945,4.2920355796813965,7808000
2008-04-02,4.878749847412109,4.954999923706055,4.836249828338623,4.878749847412109,4.31080961227417,8177600
2008-04-03,4.837500095367432,5.0625,4.832499980926514,5.043749809265137,4.456601619720459,9820000
2008-04-04,5.045000076293945,5.170000076293945,4.982500076293945,5.141250133514404,4.542752265930176,11542400
2008-04-07,5.183750152587891,5.271249771118164,5.143750190734863,5.246250152587891,4.635531902313232,13540000
2008-04-08,5.21999979019165,5.28125,5.190000057220459,5.276249885559082,4.662037372589111,9583200
2008-04-09,5.3125,5.322500228881836,5.074999809265137,5.113749980926514,4.518453121185303,10216000
2008-04-10,5.122499942779541,5.261250019073486,5.070000171661377,5.256249904632568,4.644364833831787,8724800
2008-04-11,5.211249828338623,5.21750020980835,5.12375020980835,5.136250019073486,4.538334846496582,8984000
2008-04-14,5.150000095367432,5.210000038146973,5.113749980926514,5.201250076293945,4.595767498016357,6964000
2008-04-15,5.221250057220459,5.24875020980835,5.06374979019165,5.135000228881836,4.537228584289551,10997600
2008-04-16,5.203750133514404,5.328750133514404,5.175000190734863,5.306250095367432,4.688546180725098,13766400
2008-04-17,5.441249847412109,5.735000133514404,5.4375,5.545000076293945,4.899502277374268,22836000
2008-04-18,5.614999771118164,5.68874979019165,5.590000152587891,5.617499828338623,4.963561058044434,11808000
2008-04-21,5.585000038146973,5.677499771118164,5.522500038146973,5.644999980926514,4.987861633300781,9409600
2008-04-22,5.56125020980835,5.639999866485596,5.505000114440918,5.637499809265137,4.981235980987549,12040000
2008-04-23,5.650000095367432,5.84499979019165,5.643750190734863,5.798749923706055,5.123712062835693,14408000
2008-04-24,5.815000057220459,5.840000152587891,5.726250171661377,5.792500019073486,5.118188858032227,9075200
2008-04-25,5.816249847412109,5.840000152587891,5.6875,5.787499904632568,5.113771915435791,10068000
2008-04-28,5.817500114440918,5.894999980926514,5.732500076293945,5.840000152587891,5.160161018371582,8457600
2008-04-29,5.809999942779541,5.826250076293945,5.762499809265137,5.789999961853027,5.11598014831543,7685600
2008-04-30,5.791250228881836,5.898749828338623,5.757500171661377,5.772500038146973,5.100518226623535,13283200
2008-05-01,5.786250114440918,5.952499866485596,5.71750020980835,5.940000057220459,5.248518466949463,8678400
2008-05-02,5.973750114440918,6.03000020980835,5.901249885559082,5.960000038146973,5.266191005706787,10060000
2008-05-05,5.988749980926514,5.988749980926514,5.862500190734863,5.868750095367432,5.185564041137695,7520000
2008-05-06,5.864999771118164,5.997499942779541,5.786250114440918,5.980000019073486,5.283860683441162,8064000
2008-05-07,5.976250171661377,6.013750076293945,5.847499847412109,5.87624979019165,5.1921892166137695,8620000
2008-05-08,5.909999847412109,5.928750038146973,5.817500114440918,5.900000095367432,5.213174343109131,8006400
2008-05-09,5.869999885559082,5.871250152587891,5.706250190734863,5.787499904632568,5.113771915435791,10537600
2008-05-12,5.786250114440918,5.840000152587891,5.651249885559082,5.833749771118164,5.154637813568115,11794400
2008-05-13,5.820000171661377,5.868750095367432,5.757500171661377,5.868750095367432,5.185564041137695,6951200
2008-05-14,5.875,5.885000228881836,5.800000190734863,5.809999942779541,5.133655071258545,6090400
2008-05-15,5.802499771118164,5.849999904632568,5.746250152587891,5.84250020980835,5.1623687744140625,5067200
2008-05-16,5.872499942779541,5.954999923706055,5.866250038146973,5.925000190734863,5.235264301300049,7874400
2008-05-19,5.914999961853027,5.9375,5.860000133514404,5.888750076293945,5.203235149383545,7656000
2008-05-20,5.875,5.875,5.758749961853027,5.806250095367432,5.130339622497559,5297600
2008-05-21,5.823750019073486,5.869999885559082,5.682499885559082,5.698750019073486,5.035353660583496,5727200
2008-05-22,5.71750020980835,5.773749828338623,5.679999828338623,5.743750095367432,5.075113773345947,7441600
2008-05-23,5.71999979019165,5.74875020980835,5.661250114440918,5.722499847412109,5.056338310241699,4109600
2008-05-27,5.723750114440918,5.762499809265137,5.671249866485596,5.747499942779541,5.078426361083984,4137600
2008-05-28,5.778749942779541,5.848750114440918,5.731249809265137,5.831250190734863,5.152429103851318,6018400
2008-05-29,5.838749885559082,5.891250133514404,5.820000171661377,5.840000152587891,5.160161018371582,6933600
2008-05-30,5.838749885559082,5.87375020980835,5.795000076293945,5.828750133514404,5.150219917297363,7804000
2008-06-02,5.934999942779541,5.93874979019165,5.822500228881836,5.90749979019165,5.219801425933838,12534400
2008-06-03,5.927499771118164,6.152500152587891,5.925000190734863,6.00124979019165,5.302640914916992,15502400
2008-06-04,5.986249923706055,6.037499904632568,5.948750019073486,6.0,5.301534652709961,8191200
2008-06-05,6.03000020980835,6.125,6.013750076293945,6.110000133514404,5.398730278015137,9237600
2008-06-06,6.074999809265137,6.105000019073486,5.897500038146973,5.922500133514404,5.23305606842041,11701600
2008-06-09,5.925000190734863,5.960000038146973,5.74875020980835,5.918749809265137,5.2313995361328125,10431200
2008-06-10,5.867499828338623,6.0,5.855000019073486,5.96999979019165,5.276693820953369,9859200
2008-06-11,5.954999923706055,5.99875020980835,5.871250152587891,5.891250133514404,5.207092761993408,8722400
2008-06-12,5.898749828338623,6.00124979019165,5.888750076293945,5.981249809265137,5.286641597747803,12697600
2008-06-13,5.982500076293945,6.173749923706055,5.977499961853027,6.09375,5.386074542999268,15620000
2008-06-16,6.152500152587891,6.207499980926514,6.102499961853027,6.195000171661377,5.475567817687988,10711200
2008-06-17,6.222499847412109,6.25,6.161250114440918,6.184999942779541,5.466729164123535,6940800
2008-06-18,6.143750190734863,6.167500019073486,6.027500152587891,6.065000057220459,5.3606648445129395,8690400
2008-06-19,6.079999923706055,6.228750228881836,6.054999828338623,6.197500228881836,5.477777481079102,4788000
2008-06-20,6.170000076293945,6.178750038146973,5.96875,5.983749866485596,5.2888503074646,13795200
2008-06-23,6.023749828338623,6.162499904632568,5.982500076293945,6.076250076293945,5.370608806610107,8844000
2008-06-24,6.0625,6.101250171661377,5.945000171661377,5.960000038146973,5.267858505249023,6636800
2008-06-25,5.960000038146973,6.114999771118164,5.956250190734863,6.046249866485596,5.344091892242432,9303200
2008-06-26,5.976250171661377,5.983749866485596,5.681250095367432,5.692500114440918,5.0314226150512695,14096800
2008-06-27,5.622499942779541,5.701250076293945,5.462500095367432,5.659999847412109,5.002697467803955,11590400
2008-06-30,5.644999980926514,5.697500228881836,5.576250076293945,5.610000133514404,4.958504676818848,9984000
2008-07-01,5.571249961853027,5.75124979019165,5.56374979019165,5.743750095367432,5.07672119140625,10622400
2008-07-02,5.786250114440918,5.837500095367432,5.638750076293945,5.642499923706055,4.98723030090332,15796800
2008-07-03,5.668749809265137,5.868750095367432,5.611249923706055,5.619999885559082,4.967341899871826,6729600
2008-07-07,5.672500133514404,5.772500038146973,5.491250038146973,5.548749923706055,4.904365539550781,11745600
2008-07-08,5.517499923706055,5.690000057220459,5.452499866485596,5.675000190734863,5.015955924987793,10992800
2008-07-09,5.676249980926514,5.75,5.545000076293945,5.573750019073486,4.926464080810547,7892800
2008-07-10,5.578750133514404,5.684999942779541,5.526249885559082,5.673749923706055,5.01485013961792,9096800
2008-07-11,5.621250152587891,5.723750114440918,5.516250133514404,5.651249885559082,4.994964599609375,5605600
2008-07-14,5.699999809265137,5.743750095367432,5.522500038146973,5.588749885559082,4.939723014831543,6774400
2008-07-15,5.557499885559082,5.632500171661377,5.448750019073486,5.573750019073486,4.926464080810547,10866400
2008-07-16,5.5625,5.636250019073486,5.496250152587891,5.605000019073486,4.954084873199463,16809600
2008-07-17,5.885000228881836,6.423749923706055,5.868750095367432,6.423749923706055,5.677753448486328,43498400
2008-07-18,6.37624979019165,6.510000228881836,6.335000038146973,6.417500019073486,5.672227382659912,23254400
2008-07-21,6.449999809265137,6.477499961853027,6.293749809265137,6.347499847412109,5.610354900360107,16460800
2008-07-22,6.321249961853027,6.322500228881836,6.09250020980835,6.168749809265137,5.452366352081299,23663200
2008-07-23,6.21750020980835,6.262499809265137,6.022500038146973,6.143750190734863,5.430269718170166,21646400
2008-07-24,6.151249885559082,6.15500020980835,5.985000133514404,5.996250152587891,5.299896717071533,11673600
2008-07-25,6.022500038146973,6.071249961853027,5.985000133514404,6.036250114440918,5.33525276184082,17094400
2008-07-28,6.139999866485596,6.182499885559082,5.954999923706055,5.974999904632568,5.281116485595703,10545600
2008-07-29,5.993750095367432,6.172500133514404,5.974999904632568,6.143750190734863,5.430269718170166,11004000
2008-07-30,6.159999847412109,6.260000228881836,6.002500057220459,6.106249809265137,5.397122383117676,13460000
2008-07-31,6.039999961853027,6.117499828338623,5.958749771118164,5.958749771118164,5.266754150390625,8985600
2008-08-01,6.0,6.076250076293945,5.826250076293945,5.867499828338623,5.186100006103516,8283200
2008-08-04,5.880000114440918,5.909999847412109,5.735000133514404,5.796249866485596,5.123126029968262,6480800
2008-08-05,5.831250190734863,6.082499980926514,5.683750152587891,6.059999942779541,5.356245040893555,13461600
2008-08-06,6.036250114440918,6.119999885559082,5.931250095367432,6.09375,5.386074542999268,9674400
2008-08-07,6.041250228881836,6.132500171661377,6.00124979019165,6.046249866485596,5.344091892242432,5966400
2008-08-08,6.057499885559082,6.338749885559082,6.056250095367432,6.317500114440918,5.583841800689697,9700000
2008-08-11,6.292500019073486,6.400000095367432,6.266250133514404,6.338749885559082,5.602623462677002,9261600
2008-08-12,6.337500095367432,6.487500190734863,6.318749904632568,6.420000076293945,5.674439430236816,12308800
2008-08-13,6.392499923706055,6.434999942779541,6.3125,6.411250114440918,5.666704177856445,6429600
2008-08-14,6.363749980926514,6.486249923706055,6.241250038146973,6.422500133514404,5.67664909362793,9016000
2008-08-15,6.461249828338623,6.510000228881836,6.40500020980835,6.493750095367432,5.739622592926025,7405600
2008-08-18,6.505000114440918,6.534999847412109,6.271249771118164,6.298749923706055,5.567267894744873,9628800
2008-08-19,6.293749809265137,6.293749809265137,6.106249809265137,6.150000095367432,5.435793876647949,11156800
2008-08-20,6.161250114440918,6.212500095367432,6.058750152587891,6.12375020980835,5.41259241104126,9283200
2008-08-21,6.066249847412109,6.131249904632568,6.0,6.112500190734863,5.402648448944092,5827200
2008-08-22,6.153749942779541,6.208749771118164,6.068749904632568,6.1875,5.46893835067749,4244000
2008-08-25,6.137499809265137,6.137499809265137,5.861249923706055,5.931250095367432,5.242445945739746,9648800
2008-08-26,5.926249980926514,5.991250038146973,5.824999809265137,5.894999980926514,5.210407257080078,7941600
2008-08-27,5.898749828338623,6.014999866485596,5.855000019073486,6.002500057220459,5.305423259735107,5542400
2008-08-28,6.023749828338623,6.138750076293945,5.985000133514404,6.081250190734863,5.375027656555176,7151200
2008-08-29,6.042500019073486,6.051249980926514,5.928750038146973,5.940000057220459,5.250181674957275,4440800
2008-09-02,6.0,6.215000152587891,5.829999923706055,5.84499979019165,5.166211128234863,8480800
2008-09-03,5.824999809265137,5.87375020980835,5.662499904632568,5.692500114440918,5.0314226150512695,9760000
2008-09-04,5.633749961853027,5.728750228881836,5.527500152587891,5.548749923706055,4.904365539550781,10132800
2008-09-05,5.519999980926514,5.577499866485596,5.34499979019165,5.56374979019165,4.917625427246094,14596000
2008-09-08,5.712500095367432,5.788750171661377,5.568749904632568,5.625,4.973437309265137,10097600
2008-09-09,5.603750228881836,5.662499904632568,5.541250228881836,5.587500095367432,4.940281391143799,14108000
2008-09-10,5.633749961853027,5.693749904632568,5.552499771118164,5.639999866485596,4.986700534820557,11262400
2008-09-11,5.583749771118164,5.597499847412109,5.426249980926514,5.581250190734863,4.934756278991699,8064800
2008-09-12,5.581250190734863,5.679999828338623,5.527500152587891,5.646249771118164,4.992227554321289,8181600
2008-09-15,5.493750095367432,5.706250190734863,5.427499771118164,5.489999771118164,4.854076862335205,9776800
2008-09-16,5.303750038146973,5.59499979019165,5.170000076293945,5.59499979019165,4.946914196014404,21770400
2008-09-17,5.53000020980835,5.53000020980835,5.268750190734863,5.268750190734863,4.6584553718566895,17715200
2008-09-18,5.337500095367432,5.403749942779541,5.03125,5.397500038146973,4.772289752960205,15174400
2008-09-19,5.570000171661377,5.679999828338623,5.18874979019165,5.612500190734863,4.962386131286621,17642400
2008-09-22,5.769999980926514,5.87375020980835,5.633749961853027,5.675000190734863,5.0176472663879395,15229600
2008-09-23,5.683750152587891,5.778749942779541,5.463749885559082,5.553750038146973,4.910441875457764,10039200
2008-09-24,5.574999809265137,5.621250152587891,5.363749980926514,5.453750133514404,4.822024822235107,15622400
2008-09-25,5.40625,5.491250038146973,5.357500076293945,5.420000076293945,4.792182922363281,16844800
2008-09-26,5.337500095367432,5.377500057220459,5.241250038146973,5.340000152587891,4.721451282501221,19145600
2008-09-29,5.247499942779541,5.247499942779541,4.887499809265137,5.033750057220459,4.450676441192627,191874400
2008-09-30,5.146249771118164,5.159999847412109,4.928750038146973,5.017499923706055,4.436304569244385,35032000
2008-10-01,4.962500095367432,5.0625,4.855000019073486,4.87375020980835,4.309209823608398,17566400
2008-10-02,4.651249885559082,4.809999942779541,4.364999771118164,4.402500152587891,3.892544746398926,32071200
2008-10-03,4.489999771118164,4.625,4.353750228881836,4.393750190734863,3.8848092555999756,36496800
2008-10-06,4.28125,4.323750019073486,4.0,4.266250133514404,3.772078275680542,26192000
2008-10-07,4.309999942779541,4.394999980926514,3.9862499237060547,3.992500066757202,3.530036449432373,16786400
2008-10-08,3.8162500858306885,4.208749771118164,3.8162500858306885,4.041250228881836,3.573139190673828,22574400
2008-10-09,4.042500019073486,4.15500020980835,3.733750104904175,3.757499933242798,3.3222572803497314,16788800
2008-10-10,3.627500057220459,3.911250114440918,3.365000009536743,3.5712499618530273,3.157580614089966,28962400
2008-10-13,3.7149999141693115,4.151249885559082,3.6875,4.151249885559082,3.670397996902466,16428000
2008-10-14,4.31374979019165,4.31374979019165,3.827500104904175,3.8949999809265137,3.443829298019409,26204000
2008-10-15,3.901249885559082,4.006249904632568,3.3125,3.375,2.984063148498535,26821600
2008-10-16,3.5537500381469727,3.588749885559082,3.103749990463257,3.5062499046325684,3.100109577178955,45516800
2008-10-17,3.5999999046325684,3.5999999046325684,3.2537500858306885,3.3187499046325684,2.934328556060791,30011200
2008-10-20,3.3112499713897705,3.4487500190734863,3.3112499713897705,3.4462499618530273,3.047060489654541,16105600
2008-10-21,3.387500047683716,3.59375,3.3637499809265137,3.4375,3.0393238067626953,20652000
2008-10-22,3.2850000858306885,3.3612499237060547,3.081249952316284,3.146250009536743,2.7818093299865723,19136000
2008-10-23,3.1649999618530273,3.190000057220459,2.9000000953674316,3.0562500953674316,2.702235221862793,27851200
2008-10-24,2.882499933242798,3.1187500953674316,2.805000066757202,3.0374999046325684,2.6856565475463867,18147200
2008-10-27,2.947499990463257,3.112499952316284,2.90625,2.9512500762939453,2.609398126602173,26722400
2008-10-28,3.038749933242798,3.336250066757202,2.9375,3.336250066757202,2.949801445007324,21868800
2008-10-29,3.2562499046325684,3.463749885559082,3.2200000286102295,3.351249933242798,2.9630630016326904,22025600
2008-10-30,3.453749895095825,3.523750066757202,3.3762500286102295,3.5037500858306885,3.0978996753692627,19957600
2008-10-31,3.5199999809265137,3.617500066757202,3.444999933242798,3.581249952316284,3.1664226055145264,24480000
2008-11-03,3.521250009536743,3.694999933242798,3.521250009536743,3.6449999809265137,3.222787618637085,17415200
2008-11-04,3.7487499713897705,3.8087499141693115,3.6075000762939453,3.7300000190734863,3.2979416847229004,18556800
2008-11-05,3.6762499809265137,3.752500057220459,3.622499942779541,3.6649999618530273,3.2404704093933105,21410400
2008-11-06,3.6212499141693115,3.625,3.0824999809265137,3.163749933242798,2.7972829341888428,36996000
2008-11-07,3.2387499809265137,3.3187499046325684,3.2012500762939453,3.2774999141693115,2.8978564739227295,12077600
2008-11-10,3.3350000381469727,3.3862500190734863,3.127500057220459,3.182499885559082,2.8138608932495117,11515200
2008-11-11,3.1162500381469727,3.141249895095825,3.0,3.0374999046325684,2.6856565475463867,23523200
2008-11-12,2.96875,3.002500057220459,2.7750000953674316,2.7799999713897705,2.457984209060669,15988000
2008-11-13,2.776249885559082,2.994999885559082,2.643749952316284,2.9912500381469727,2.6447646617889404,26960000
2008-11-14,3.0799999237060547,3.086250066757202,2.7750000953674316,2.78125,2.4590888023376465,18932000
2008-11-17,2.71875,2.755000114440918,2.5762500762939453,2.65625,2.3485677242279053,19355200
2008-11-18,2.5999999046325684,2.737499952316284,2.5562500953674316,2.728749990463257,2.4126696586608887,25808800
2008-11-19,2.8212499618530273,2.8212499618530273,2.625,2.6312499046325684,2.3264639377593994,33023200
2008-11-20,2.5850000381469727,2.5924999713897705,2.3575000762939453,2.375,2.09989595413208,27513600
2008-11-21,2.3012499809265137,2.572499990463257,2.297499895095825,2.4674999713897705,2.1816816329956055,25271200
2008-11-24,2.515000104904175,2.726249933242798,2.4725000858306885,2.672499895095825,2.3629353046417236,18083200
2008-11-25,2.791249990463257,2.799999952316284,2.6500000953674316,2.7774999141693115,2.455772638320923,16609600
2008-11-26,2.713749885559082,2.838749885559082,2.671250104904175,2.8324999809265137,2.5044026374816895,13747200
2008-11-28,2.858750104904175,2.9075000286102295,2.7825000286102295,2.9024999141693115,2.566293954849243,6568800
2008-12-01,2.7537500858306885,2.7925000190734863,2.569999933242798,2.572499990463257,2.274519205093384,13174400
2008-12-02,2.547499895095825,2.7300000190734863,2.547499895095825,2.694999933242798,2.382828712463379,15784000
2008-12-03,2.634999990463257,2.793750047683716,2.581249952316284,2.791249990463257,2.467930555343628,15498400
2008-12-04,2.5924999713897705,2.793750047683716,2.4962499141693115,2.5562500953674316,2.2601516246795654,26679200
2008-12-05,2.5250000953674316,2.6162500381469727,2.497499942779541,2.6162500381469727,2.3132009506225586,22050400
2008-12-08,2.6649999618530273,2.8324999809265137,2.6649999618530273,2.7899999618530273,2.466825008392334,15965600
2008-12-09,2.7925000190734863,2.836250066757202,2.6262500286102295,2.674999952316284,2.3651461601257324,20864800
2008-12-10,2.668750047683716,2.747499942779541,2.6262500286102295,2.6549999713897705,2.3474624156951904,20812800
2008-12-11,2.632499933242798,2.7012500762939453,2.583750009536743,2.6449999809265137,2.338620901107788,20847200
2008-12-12,2.533750057220459,2.716249942779541,2.5087499618530273,2.684999942779541,2.3739876747131348,17827200
2008-12-15,2.684999942779541,2.7362499237060547,2.637500047683716,2.6937499046325684,2.3833885192871094,23512000
2008-12-16,2.697499990463257,2.8862500190734863,2.690000057220459,2.8662500381469727,2.5360140800476074,22108800
2008-12-17,2.8262500762939453,2.9437499046325684,2.765000104904175,2.9100000858306885,2.574723482131958,15279200
2008-12-18,3.005000114440918,3.005000114440918,2.778749942779541,2.8087499141693115,2.4851386547088623,11852800
2008-12-19,2.8299999237060547,2.952500104904175,2.7249999046325684,2.947499990463257,2.607902765274048,21898400
2008-12-22,2.9337499141693115,2.9725000858306885,2.7925000190734863,2.853749990463257,2.5249545574188232,17548000
2008-12-23,2.8787500858306885,2.947499990463257,2.755000114440918,2.797499895095825,2.4751858711242676,10077600
2008-12-24,2.827500104904175,2.8662500381469727,2.799999952316284,2.853749990463257,2.5249545574188232,4030400
2008-12-26,2.869999885559082,2.9337499141693115,2.8612499237060547,2.913749933242798,2.578040838241577,5055200
2008-12-29,2.898750066757202,2.9262499809265137,2.819999933242798,2.848750114440918,2.5205299854278564,8670400
2008-12-30,2.887500047683716,2.953749895095825,2.8612499237060547,2.953749895095825,2.613433599472046,10808800
2008-12-31,2.9512500762939453,3.057499885559082,2.934999942779541,2.997499942779541,2.652142286300659,13889600
2009-01-02,3.002500057220459,3.1962499618530273,2.978749990463257,3.184999942779541,2.818040132522583,10726400
2009-01-05,3.1449999809265137,3.208750009536743,3.112499952316284,3.140000104904175,2.778223991394043,9661600
2009-01-06,3.15625,3.393749952316284,3.15625,3.377500057220459,2.9883596897125244,19318400
2009-01-07,3.3037500381469727,3.3612499237060547,3.2362499237060547,3.2674999237060547,2.891033887863159,12316000
2009-01-08,3.192500114440918,3.333750009536743,3.184999942779541,3.3087499141693115,2.9275312423706055,14699200
2009-01-09,3.3062500953674316,3.327500104904175,3.226249933242798,3.2562499046325684,2.881079912185669,11644000
2009-01-12,3.226249933242798,3.2362499237060547,3.052500009536743,3.088749885559082,2.7328786849975586,13017600
2009-01-13,2.9337499141693115,2.9649999141693115,2.817500114440918,2.84375,2.516106605529785,28109600
2009-01-14,2.752500057220459,2.8037500381469727,2.6937499046325684,2.737499952316284,2.422097682952881,19185600
2009-01-15,2.96875,3.1837499141693115,2.908750057220459,3.143749952316284,2.7815427780151367,56636800
2009-01-16,3.240000009536743,3.2987499237060547,3.1024999618530273,3.1912500858306885,2.8235690593719482,23835200
2009-01-20,3.166249990463257,3.21875,2.997499942779541,3.016249895095825,2.668731689453125,12872800
2009-01-21,3.0799999237060547,3.1875,3.038749933242798,3.1787500381469727,2.8125088214874268,17163200
2009-01-22,3.101249933242798,3.194999933242798,3.0712499618530273,3.1312499046325684,2.770482063293457,28526400
2009-01-23,3.0824999809265137,3.223750114440918,3.0199999809265137,3.1549999713897705,2.7914955615997314,17944800
2009-01-26,3.117500066757202,3.2587499618530273,3.117500066757202,3.2200000286102295,2.8490076065063477,21637600
2009-01-27,3.25,3.2799999713897705,3.163749933242798,3.2587499618530273,2.8832926750183105,12369600
2009-01-28,3.3162500858306885,3.5,3.2674999237060547,3.4625000953674316,3.0635673999786377,23497600
2009-01-29,3.4200000762939453,3.456249952316284,3.3187499046325684,3.3324999809265137,2.94854474067688,12796800
2009-01-30,3.327500104904175,3.369999885559082,3.255000114440918,3.268749952316284,2.8921396732330322,19403200
2009-02-02,3.1862499713897705,3.273750066757202,3.1575000286102295,3.2387499809265137,2.865596294403076,14005600
2009-02-03,3.2674999237060547,3.3450000286102295,3.202500104904175,3.3212499618530273,2.9385905265808105,10512000
2009-02-04,3.331249952316284,3.596250057220459,3.325000047683716,3.5637500286102295,3.153151273727417,33622400
2009-02-05,3.494999885559082,3.622499942779541,3.398750066757202,3.569999933242798,3.158681631088257,19416800
2009-02-06,3.6050000190734863,3.71875,3.5737500190734863,3.713749885559082,3.2858684062957764,22087200
2009-02-09,3.706249952316284,3.723750114440918,3.543750047683716,3.581249952316284,3.1686348915100098,13485600
2009-02-10,3.5199999809265137,3.603749990463257,3.3812499046325684,3.440000057220459,3.0436599254608154,17172000
2009-02-11,3.4437499046325684,3.5,3.4312500953674316,3.473750114440918,3.0735201835632324,9248800
2009-02-12,3.4700000286102295,3.5450000762939453,3.398750066757202,3.538749933242798,3.131033420562744,11425600
2009-02-13,3.538749933242798,3.575000047683716,3.471250057220459,3.4825000762939453,3.0812621116638184,10552800
2009-02-17,3.177500009536743,3.382499933242798,3.177500009536743,3.305000066757202,2.9242136478424072,15356800
2009-02-18,3.327500104904175,3.358750104904175,3.223750114440918,3.3012499809265137,2.9208953380584717,11777600
2009-02-19,3.3299999237060547,3.341249942779541,3.137500047683716,3.1475000381469727,2.784860134124756,12103200
2009-02-20,3.0924999713897705,3.271250009536743,3.0625,3.226249933242798,2.854536771774292,19537600
2009-02-23,3.252500057220459,3.2725000381469727,3.1187500953674316,3.125,2.7649528980255127,24878400
2009-02-24,3.1075000762939453,3.297499895095825,3.1075000762939453,3.28125,2.903198719024658,14158400
2009-02-25,3.2300000190734863,3.358750104904175,3.197499990463257,3.283750057220459,2.9054114818573,13035200
2009-02-26,3.3350000381469727,3.3762500286102295,3.2537500858306885,3.2699999809265137,2.8932454586029053,16564000
2009-02-27,3.1700000762939453,3.2899999618530273,3.1575000286102295,3.177500009536743,2.811403274536133,22387200
2009-03-02,3.1024999618530273,3.132499933242798,3.0,3.007499933242798,2.6609902381896973,11588800
2009-03-03,3.0512499809265137,3.0637500286102295,2.956249952316284,3.0,2.654355049133301,12280800
2009-03-04,3.0225000381469727,3.211250066757202,3.0225000381469727,3.1624999046325684,2.7981314659118652,10468800
2009-03-05,3.075000047683716,3.117500066757202,2.963749885559082,3.0062499046325684,2.659883975982666,19698400
2009-03-06,3.0087499618530273,3.0637500286102295,2.8524999618530273,2.963749885559082,2.6222803592681885,20586400
2009-03-09,2.911250114440918,2.9725000858306885,2.8550000190734863,2.869999885559082,2.5409398078918457,13462400
2009-03-10,2.911250114440918,3.1262500286102295,2.877500057220459,3.117500066757202,2.7600622177124023,13097600
2009-03-11,3.146250009536743,3.2799999713897705,3.0950000286102295,3.247499942779541,2.875157117843628,19900000
2009-03-12,3.1875,3.359999895095825,3.1875,3.359999895095825,2.9747588634490967,15273600
2009-03-13,3.369999885559082,3.413749933242798,3.293750047683716,3.358750104904175,2.973651885986328,20184000
2009-03-16,3.442500114440918,3.442500114440918,3.327500104904175,3.3450000286102295,2.9614779949188232,16148000
2009-03-17,3.3424999713897705,3.4312500953674316,3.319999933242798,3.4312500953674316,3.037839651107788,13459200
2009-03-18,3.40625,3.555000066757202,3.351249933242798,3.528749942779541,3.1241602897644043,16593600
2009-03-19,3.5350000858306885,3.5799999237060547,3.4749999046325684,3.541249990463257,3.135227680206299,11477600
2009-03-20,3.5562500953674316,3.603749990463257,3.4387500286102295,3.4912500381469727,3.09096097946167,18120000
2009-03-23,3.59375,3.700000047683716,3.5612499713897705,3.700000047683716,3.275775194168091,13716000
2009-03-24,3.6862499713897705,3.6987500190734863,3.615000009536743,3.6362500190734863,3.219334840774536,10147200
2009-03-25,3.684999942779541,3.765000104904175,3.5637500286102295,3.671250104904175,3.2503223419189453,16159200
2009-03-26,3.702500104904175,3.8550000190734863,3.6812500953674316,3.817500114440918,3.3798043727874756,16848800
2009-03-27,3.7637500762939453,3.7850000858306885,3.6862499713897705,3.6962499618530273,3.272456169128418,15618400
2009-03-30,3.6137499809265137,3.6362500190734863,3.4912500381469727,3.5299999713897705,3.1252670288085938,18753600
2009-03-31,3.559999942779541,3.6524999141693115,3.5325000286102295,3.5612499713897705,3.1529345512390137,14441600
2009-04-01,3.497499942779541,3.697499990463257,3.497499942779541,3.6787500381469727,3.256962299346924,16556000
2009-04-02,3.7149999141693115,4.09375,3.713749885559082,3.983750104904175,3.5269925594329834,25039200
2009-04-03,4.012499809265137,4.019999980926514,3.8637499809265137,3.9075000286102295,3.4594850540161133,20186400
2009-04-06,3.867500066757202,3.9149999618530273,3.817500114440918,3.898750066757202,3.451737880706787,15073600
2009-04-07,3.817500114440918,3.817500114440918,3.5625,3.612499952316284,3.198307991027832,21480000
2009-04-08,3.502500057220459,3.6312499046325684,3.502500057220459,3.6024999618530273,3.1894545555114746,17876000
2009-04-09,3.708750009536743,3.8087499141693115,3.672499895095825,3.7899999618530273,3.355456590652466,14597600
2009-04-13,3.737499952316284,3.766249895095825,3.671250104904175,3.7325000762939453,3.3045496940612793,11148000
2009-04-14,3.7012500762939453,3.768749952316284,3.6575000286102295,3.7387499809265137,3.3100826740264893,9392800
2009-04-15,3.6937499046325684,3.7462499141693115,3.5612499713897705,3.5975000858306885,3.1850266456604004,21690400
2009-04-16,3.666249990463257,3.9825000762939453,3.666249990463257,3.9362499713897705,3.4849395751953125,31772000
2009-04-17,3.893749952316284,3.9725000858306885,3.7537500858306885,3.8125,3.375375986099243,20791200
2009-04-20,3.783750057220459,3.802500009536743,3.7125000953674316,3.7799999713897705,3.3466033935546875,17753600
2009-04-21,3.8062500953674316,3.9462499618530273,3.773750066757202,3.930000066757202,3.479404926300049,18243200
2009-04-22,3.880000114440918,4.125,3.856250047683716,4.018750190734863,3.5579802989959717,16621600
2009-04-23,3.9937500953674316,4.046249866485596,3.898750066757202,4.019999980926514,3.5590856075286865,12197600
2009-04-24,4.039999961853027,4.183750152587891,4.026249885559082,4.166250228881836,3.688568353652954,17336800
2009-04-27,4.102499961853027,4.148749828338623,4.056250095367432,4.107500076293945,3.63655424118042,11088000
2009-04-28,4.03125,4.164999961853027,3.997499942779541,4.12375020980835,3.6509406566619873,8923200
2009-04-29,4.138750076293945,4.3125,4.12375020980835,4.246250152587891,3.759397029876709,11030400
2009-04-30,4.364999771118164,4.375,4.215000152587891,4.230000019073486,3.745009422302246,11972800
2009-05-01,4.222499847412109,4.296249866485596,4.18874979019165,4.264999866485596,3.7759952545166016,8048000
2009-05-04,4.28125,4.393750190734863,4.211249828338623,4.393750190734863,3.8899848461151123,9829600
2009-05-05,4.382500171661377,4.386250019073486,4.253749847412109,4.283750057220459,3.792595624923706,9910400
2009-05-06,4.301249980926514,4.3125,4.170000076293945,4.237500190734863,3.75164794921875,9888800
2009-05-07,4.286250114440918,4.286250114440918,3.9800000190734863,4.036250114440918,3.5734732151031494,13384800
2009-05-08,4.0625,4.130000114440918,3.952500104904175,4.056250095367432,3.5911808013916016,11588000
2009-05-11,4.0,4.0,3.8737499713897705,3.8837499618530273,3.438457489013672,15704000
2009-05-12,3.9024999141693115,3.9512500762939453,3.858750104904175,3.9124999046325684,3.463911771774292,11892000
2009-05-13,3.862499952316284,3.8949999809265137,3.8137500286102295,3.831249952316284,3.391977548599243,11730400
2009-05-14,3.8499999046325684,3.9700000286102295,3.8350000381469727,3.9437499046325684,3.4915778636932373,9216000
2009-05-15,3.944999933242798,4.036250114440918,3.9237499237060547,3.9749999046325684,3.519245147705078,13004000
2009-05-18,4.002500057220459,4.114999771118164,3.96875,4.111249923706055,3.6398746967315674,13429600
2009-05-19,4.087500095367432,4.235000133514404,4.068749904632568,4.179999828338623,3.7007410526275635,12823200
2009-05-20,4.206250190734863,4.3125,4.184999942779541,4.192500114440918,3.7118077278137207,10644800
2009-05-21,4.162499904632568,4.168749809265137,3.9574999809265137,4.00124979019165,3.5424859523773193,11744800
2009-05-22,4.012499809265137,4.058750152587891,3.952500104904175,4.011250019073486,3.5513386726379395,8220000
2009-05-26,3.9862499237060547,4.204999923706055,3.950000047683716,4.184999942779541,3.7051682472229004,8592800
2009-05-27,4.184999942779541,4.236249923706055,4.114999771118164,4.117499828338623,3.6454079151153564,8426400
2009-05-28,4.201250076293945,4.201250076293945,4.042500019073486,4.143750190734863,3.6686480045318604,7126400
2009-05-29,4.144999980926514,4.201250076293945,4.082499980926514,4.173749923706055,3.6952078342437744,8182400
2009-06-01,4.244999885559082,4.396249771118164,4.216249942779541,4.383749961853027,3.8811299800872803,8517600
2009-06-02,4.394999980926514,4.423749923706055,4.322500228881836,4.377500057220459,3.875598430633545,8709600
2009-06-03,4.304999828338623,4.318749904632568,4.117499828338623,4.170000076293945,3.6918869018554688,13100800
2009-06-04,4.183750152587891,4.247499942779541,4.146249771118164,4.216249942779541,3.7328341007232666,10652800
2009-06-05,4.264999866485596,4.266250133514404,4.133749961853027,4.176249980926514,3.697420358657837,11309600
2009-06-08,4.146249771118164,4.15500020980835,3.9825000762939453,4.036250114440918,3.575077772140503,12852000
2009-06-09,4.066249847412109,4.147500038146973,4.065000057220459,4.113749980926514,3.6437246799468994,9609600
2009-06-10,4.152500152587891,4.241250038146973,4.119999885559082,4.236249923706055,3.7522265911102295,11645600
2009-06-11,4.277500152587891,4.371250152587891,4.215000152587891,4.307499885559082,3.815335512161255,12186400
2009-06-12,4.25124979019165,4.276249885559082,4.15625,4.244999885559082,3.7599759101867676,6389600
2009-06-15,4.153749942779541,4.159999847412109,4.068749904632568,4.125,3.6536881923675537,7238400
2009-06-16,4.15749979019165,4.195000171661377,3.994999885559082,4.006249904632568,3.5485057830810547,7261600
2009-06-17,4.012499809265137,4.082499980926514,3.971250057220459,4.014999866485596,3.5562570095062256,7934400
2009-06-18,4.026249885559082,4.050000190734863,3.966249942779541,4.03000020980835,3.5695414543151855,7101600
2009-06-19,4.050000190734863,4.058750152587891,3.934999942779541,3.956249952316284,3.5042178630828857,10397600
2009-06-22,3.8762500286102295,3.880000114440918,3.8324999809265137,3.851249933242798,3.4112164974212646,11064000
2009-06-23,3.8687500953674316,3.8862500190734863,3.8237500190734863,3.859999895095825,3.4189655780792236,7177600
2009-06-24,3.8949999809265137,3.9749999046325684,3.856250047683716,3.8862500190734863,3.4422168731689453,7718400
2009-06-25,3.84375,3.9887499809265137,3.8350000381469727,3.9600000381469727,3.507540225982666,8307200
2009-06-26,3.942500114440918,4.00124979019165,3.8949999809265137,3.987499952316284,3.5318984985351562,6596800
2009-06-29,3.9725000858306885,4.00124979019165,3.918750047683716,3.9337499141693115,3.4842889308929443,6904800
2009-06-30,3.9512500762939453,3.9749999046325684,3.8862500190734863,3.9549999237060547,3.503110647201538,9207200
2009-07-01,3.981250047683716,4.09499979019165,3.963749885559082,4.043749809265137,3.581721544265747,13151200
2009-07-02,3.961250066757202,4.039999961853027,3.952500104904175,3.952500104904175,3.500897169113159,9941600
2009-07-06,3.942500114440918,4.026249885559082,3.8862500190734863,3.9674999713897705,3.514183282852173,12780000
2009-07-07,3.953749895095825,3.994999885559082,3.9075000286102295,3.911250114440918,3.464360475540161,9814400
2009-07-08,3.911250114440918,3.940000057220459,3.836250066757202,3.8687500953674316,3.426715850830078,8246400
2009-07-09,3.877500057220459,3.9625000953674316,3.853749990463257,3.942500114440918,3.492039918899536,9682400
2009-07-10,3.9149999618530273,3.997499942779541,3.896250009536743,3.930000066757202,3.4809682369232178,8170400
2009-07-13,3.956249952316284,4.0,3.872499942779541,4.0,3.5429694652557373,6204800
2009-07-14,3.990000009536743,4.047500133514404,3.966249942779541,4.025000095367432,3.5651135444641113,10332800
2009-07-15,4.097499847412109,4.258749961853027,4.058750152587891,4.243750095367432,3.7588698863983154,15144000
2009-07-16,3.983750104904175,4.224999904632568,3.9412500858306885,4.198750019073486,3.719011068344116,30317600
2009-07-17,4.197500228881836,4.233749866485596,4.112500190734863,4.12375020980835,3.652580499649048,18997600
2009-07-20,4.176249980926514,4.210000038146973,4.112500190734863,4.138750076293945,3.6658663749694824,16636000
2009-07-21,4.203750133514404,4.203750133514404,4.102499961853027,4.177499771118164,3.700188398361206,14584800
2009-07-22,4.179999828338623,4.267499923706055,4.166250228881836,4.241250038146973,3.756654739379883,8715200
2009-07-23,4.21875,4.31125020980835,4.21750020980835,4.275000095367432,3.7865488529205322,9117600
2009-07-24,4.21999979019165,4.341249942779541,4.207499980926514,4.336249828338623,3.8408002853393555,7729600
2009-07-27,4.318749904632568,4.337500095367432,4.244999885559082,4.296249866485596,3.805370807647705,5984800
2009-07-28,4.253749847412109,4.308750152587891,4.207499980926514,4.266250133514404,3.7787997722625732,4716000
2009-07-29,4.228750228881836,4.235000133514404,4.15625,4.173749923706055,3.696866989135742,12276800
2009-07-30,4.224999904632568,4.232500076293945,4.175000190734863,4.181250095367432,3.7035105228424072,9567200
2009-07-31,4.175000190734863,4.207499980926514,4.142499923706055,4.168749809265137,3.6924400329589844,13719200
2009-08-03,4.201250076293945,4.302499771118164,4.175000190734863,4.296249866485596,3.805370807647705,11004000
2009-08-04,4.277500152587891,4.293749809265137,4.235000133514404,4.257500171661377,3.7710485458374023,11416000
2009-08-05,4.258749961853027,4.277500152587891,4.113749980926514,4.167500019073486,3.6913325786590576,9576000
2009-08-06,4.175000190734863,4.190000057220459,4.119999885559082,4.136250019073486,3.6636524200439453,6956000
2009-08-07,4.179999828338623,4.195000171661377,4.122499942779541,4.166250228881836,3.690225124359131,15851200
2009-08-10,4.15625,4.181250095367432,4.131249904632568,4.159999847412109,3.684690237045288,5823200
2009-08-11,4.130000114440918,4.162499904632568,4.065000057220459,4.09375,3.626008987426758,9575200
2009-08-12,4.099999904632568,4.284999847412109,4.099999904632568,4.237500190734863,3.7533328533172607,7748800
2009-08-13,4.260000228881836,4.306250095367432,4.203750133514404,4.252500057220459,3.7666194438934326,7393600
2009-08-14,4.271249771118164,4.28000020980835,4.146249771118164,4.179999828338623,3.7024025917053223,7376000
2009-08-17,4.12624979019165,4.137499809265137,4.038750171661377,4.051249980926514,3.5883636474609375,7925600
2009-08-18,4.067500114440918,4.103750228881836,4.033750057220459,4.042500019073486,3.580613374710083,12225600
2009-08-19,3.983750104904175,4.059999942779541,3.9749999046325684,4.037499904632568,3.5761852264404297,9103200
2009-08-20,4.03249979019165,4.130000114440918,4.03249979019165,4.119999885559082,3.6492581367492676,5683200
2009-08-21,4.147500038146973,4.183750152587891,4.103750228881836,4.168749809265137,3.6924400329589844,10049600
2009-08-24,4.183750152587891,4.25,4.178750038146973,4.199999809265137,3.7201178073883057,10396000
2009-08-25,4.239999771118164,4.276249885559082,4.207499980926514,4.21875,3.736724376678467,8381600
2009-08-26,4.204999923706055,4.327499866485596,4.204999923706055,4.323750019073486,3.8297269344329834,10524000
2009-08-27,4.357500076293945,4.360000133514404,4.252500057220459,4.355000019073486,3.857408285140991,10545600
2009-08-28,4.375,4.428750038146973,4.332499980926514,4.414999961853027,3.910552740097046,14027200
2009-08-31,4.398749828338623,4.411250114440918,4.321249961853027,4.369999885559082,3.870694637298584,9051200
2009-09-01,4.34499979019165,4.418749809265137,4.273749828338623,4.284999847412109,3.7954046726226807,13636800
2009-09-02,4.288750171661377,4.306250095367432,4.232500076293945,4.283750057220459,3.7943005561828613,12830400
2009-09-03,4.303750038146973,4.377500057220459,4.25124979019165,4.375,3.875121831893921,10685600
2009-09-04,4.375,4.428750038146973,4.352499961853027,4.425000190734863,3.9194111824035645,5653600
2009-09-08,4.68874979019165,4.68874979019165,4.545000076293945,4.65500020980835,4.123129844665527,13053600
2009-09-09,4.648749828338623,4.796249866485596,4.619999885559082,4.71875,4.179597854614258,9723200
2009-09-10,4.71999979019165,4.81125020980835,4.690000057220459,4.81125020980835,4.2615275382995605,6827200
2009-09-11,4.789999961853027,4.838749885559082,4.764999866485596,4.802499771118164,4.25377893447876,6080000
2009-09-14,4.757500171661377,4.802499771118164,4.746250152587891,4.798749923706055,4.252117156982422,5502400
2009-09-15,4.817500114440918,4.84499979019165,4.786250114440918,4.836249828338623,4.285346031188965,7328800
2009-09-16,4.868750095367432,4.958749771118164,4.858749866485596,4.953750133514404,4.389460563659668,14226400
2009-09-17,4.927499771118164,5.0,4.923749923706055,4.96875,4.40275239944458,12552800
2009-09-18,5.008749961853027,5.03000020980835,4.900000095367432,4.921249866485596,4.360663890838623,9321600
2009-09-21,4.926249980926514,4.956250190734863,4.881249904632568,4.90625,4.347369194030762,5711200
2009-09-22,4.913750171661377,4.922500133514404,4.871250152587891,4.891250133514404,4.334080219268799,5579200
2009-09-23,4.908750057220459,4.941249847412109,4.809999942779541,4.8125,4.2643022537231445,7240000
2009-09-24,4.835000038146973,4.838749885559082,4.692500114440918,4.724999904632568,4.186767578125,7934400
2009-09-25,4.696249961853027,4.711249828338623,4.632500171661377,4.658750057220459,4.1280646324157715,6478400
2009-09-28,4.678750038146973,4.767499923706055,4.65625,4.690000057220459,4.155754566192627,5991200
2009-09-29,4.675000190734863,4.71750020980835,4.643750190734863,4.681250095367432,4.1480021476745605,6290400
2009-09-30,4.672500133514404,4.760000228881836,4.606249809265137,4.710000038146973,4.173476696014404,8760800
2009-10-01,4.708749771118164,4.721250057220459,4.50124979019165,4.503749847412109,3.9907219409942627,11605600
2009-10-02,4.46875,4.488749980926514,4.394999980926514,4.433750152587891,3.928696632385254,9716800
2009-10-05,4.451250076293945,4.5,4.413750171661377,4.5,3.9873976707458496,12421600
2009-10-06,4.533750057220459,4.673749923706055,4.53125,4.625,4.0981597900390625,9302400
2009-10-07,4.625,4.702499866485596,4.597499847412109,4.693749904632568,4.1590776443481445,12837600
2009-10-08,4.733749866485596,4.758749961853027,4.701250076293945,4.735000133514404,4.195627689361572,11162400
2009-10-09,4.735000133514404,4.769999980926514,4.6875,4.763750076293945,4.221103191375732,11871200
2009-10-12,4.800000190734863,4.893750190734863,4.772500038146973,4.857500076293945,4.30417537689209,11742400
2009-10-13,4.837500095367432,4.863749980926514,4.783750057220459,4.795000076293945,4.248793601989746,7027200
2009-10-14,4.961249828338623,5.166250228881836,4.921249866485596,5.161250114440918,4.573324680328369,19548000
2009-10-15,5.122499942779541,5.211249828338623,4.951250076293945,5.12624979019165,4.542309761047363,30769600
2009-10-16,5.096250057220459,5.166250228881836,5.005000114440918,5.101250171661377,4.5201568603515625,12699200
2009-10-19,5.09499979019165,5.212500095367432,5.054999828338623,5.171249866485596,4.582184314727783,9732000
2009-10-20,5.204999923706055,5.215000152587891,5.107500076293945,5.132500171661377,4.547849178314209,10968800
2009-10-21,5.121250152587891,5.199999809265137,4.989999771118164,5.0,4.430440902709961,17965600
2009-10-22,5.00124979019165,5.202499866485596,4.93874979019165,5.193749904632568,4.602121829986572,23151200
2009-10-23,5.221250057220459,5.258749961853027,5.12624979019165,5.159999847412109,4.572214126586914,13728000
2009-10-26,5.192500114440918,5.300000190734863,5.136250019073486,5.181250095367432,4.59104585647583,14176000
2009-10-27,5.184999942779541,5.21875,5.106249809265137,5.202499866485596,4.609874248504639,13938400
2009-10-28,5.151249885559082,5.170000076293945,5.012499809265137,5.018750190734863,4.447054862976074,14848800
2009-10-29,5.058750152587891,5.192500114440918,5.016250133514404,5.177499771118164,4.587721824645996,10177600
2009-10-30,5.166250228881836,5.199999809265137,5.002500057220459,5.014999866485596,4.443732738494873,15600800
2009-11-02,5.023749828338623,5.181250095367432,5.019999980926514,5.136250019073486,4.551170349121094,20829600
2009-11-03,5.097499847412109,5.179999828338623,5.06125020980835,5.170000076293945,4.581076145172119,19340800
2009-11-04,5.215000152587891,5.246250152587891,5.162499904632568,5.175000190734863,4.585507869720459,17123200
2009-11-05,5.238749980926514,5.348750114440918,5.223750114440918,5.256249904632568,4.657503128051758,15904800
2009-11-06,5.21750020980835,5.276249885559082,5.193749904632568,5.241250038146973,4.644211292266846,8050400
2009-11-09,5.266250133514404,5.363749980926514,5.266250133514404,5.362500190734863,4.751649379730225,5901600
2009-11-10,5.361249923706055,5.398749828338623,5.329999923706055,5.392499923706055,4.778232097625732,6980000
2009-11-11,5.416250228881836,5.449999809265137,5.382500171661377,5.394999980926514,4.780446529388428,14415200
2009-11-12,5.397500038146973,5.414999961853027,5.278749942779541,5.292500019073486,4.6896233558654785,8132800
2009-11-13,5.295000076293945,5.332499980926514,5.243750095367432,5.283750057220459,4.681869983673096,9121600
2009-11-16,5.327499866485596,5.432499885559082,5.308750152587891,5.398749828338623,4.783769607543945,6918400
2009-11-17,5.386250019073486,5.422500133514404,5.375,5.414999961853027,4.79817008972168,6232000
2009-11-18,5.422500133514404,5.431250095367432,5.37624979019165,5.388750076293945,4.774909019470215,5705600
2009-11-19,5.377500057220459,5.393750190734863,5.253749847412109,5.275000095367432,4.674117565155029,9321600
2009-11-20,5.25,5.28125,5.202499866485596,5.255000114440918,4.656395435333252,5908800
2009-11-23,5.316249847412109,5.396249771118164,5.31374979019165,5.331250190734863,4.723957061767578,5525600
2009-11-24,5.326250076293945,5.34250020980835,5.268750190734863,5.303750038146973,4.69959020614624,5630400
2009-11-25,5.309999942779541,5.340000152587891,5.293749809265137,5.31374979019165,4.708450794219971,4300000
2009-11-27,5.173749923706055,5.230000019073486,5.118750095367432,5.168749809265137,4.5799689292907715,3834400
2009-11-30,5.15625,5.164999961853027,5.070000171661377,5.150000095367432,4.563356399536133,9137600
2009-12-01,5.211249828338623,5.292500019073486,5.190000057220459,5.28249979019165,4.680762767791748,9163200
2009-12-02,5.329999923706055,5.518750190734863,5.31125020980835,5.514999866485596,4.886778831481934,14479200
2009-12-03,5.512499809265137,5.573750019073486,5.466249942779541,5.508749961853027,4.8812408447265625,6531200
2009-12-04,5.590000152587891,5.712500095367432,5.507500171661377,5.56125020980835,4.92775821685791,8980000
2009-12-07,5.576250076293945,5.65500020980835,5.537499904632568,5.567500114440918,4.9332966804504395,6208000
2009-12-08,5.523749828338623,5.538750171661377,5.43874979019165,5.497499942779541,4.87127161026001,7776000
2009-12-09,5.489999771118164,5.527500152587891,5.434999942779541,5.513750076293945,4.885669231414795,7232000
2009-12-10,5.553750038146973,5.597499847412109,5.474999904632568,5.477499961853027,4.853549480438232,10518400
2009-12-11,5.523749828338623,5.523749828338623,5.446249961853027,5.46750020980835,4.844687461853027,10095200
2009-12-14,5.476250171661377,5.523749828338623,5.445000171661377,5.516250133514404,4.889562129974365,7698400
2009-12-15,5.486249923706055,5.571249961853027,5.463749885559082,5.5,4.875157833099365,6274400
2009-12-16,5.510000228881836,5.522500038146973,5.417500019073486,5.425000190734863,4.808680534362793,14539200
2009-12-17,5.375,5.398749828338623,5.288750171661377,5.322500228881836,4.717823505401611,9593600
2009-12-18,5.34250020980835,5.403749942779541,5.332499980926514,5.397500038146973,4.784303188323975,9460800
2009-12-21,5.418749809265137,5.49875020980835,5.418749809265137,5.476250171661377,4.854106903076172,7060000
2009-12-22,5.496250152587891,5.610000133514404,5.474999904632568,5.579999923706055,4.94606876373291,16214400
2009-12-23,5.585000038146973,5.800000190734863,5.585000038146973,5.78249979019165,5.125563621520996,13335200
2009-12-24,5.797500133514404,5.832499980926514,5.784999847412109,5.826250076293945,5.164344310760498,2191200
2009-12-28,5.816249847412109,5.817500114440918,5.71750020980835,5.737500190734863,5.085677146911621,4644000
2009-12-29,5.74875020980835,5.788750171661377,5.722499847412109,5.771249771118164,5.115591526031494,4551200
2009-12-30,5.742499828338623,5.872499942779541,5.742499828338623,5.871250152587891,5.204232692718506,6936000
2009-12-31,5.875,5.892499923706055,5.763750076293945,5.772500038146973,5.11669921875,4982400
2010-01-04,5.87624979019165,5.87624979019165,5.738749980926514,5.742499828338623,5.0901055335998535,9828800
2010-01-05,5.733749866485596,5.762499809265137,5.605000019073486,5.622499942779541,4.98374080657959,10821600
2010-01-06,5.630000114440918,5.691249847412109,5.611249923706055,5.643750190734863,5.002578258514404,6657600
2010-01-07,5.62375020980835,5.65500020980835,5.587500095367432,5.606249809265137,4.9693379402160645,5510400
2010-01-08,5.581250190734863,5.647500038146973,5.5625,5.647500038146973,5.005901336669922,5387200
2010-01-11,5.679999828338623,5.692500114440918,5.574999809265137,5.661250114440918,5.018090724945068,6540800
2010-01-12,5.596250057220459,5.617499828338623,5.465000152587891,5.537499904632568,4.908397674560547,15289600
2010-01-13,5.547500133514404,5.637499809265137,5.506249904632568,5.625,4.98595666885376,4800000
2010-01-14,5.622499942779541,5.6875,5.605000019073486,5.661250114440918,5.018090724945068,7935200
2010-01-15,5.627500057220459,5.638750076293945,5.460000038146973,5.480000019073486,4.857430458068848,8664000
2010-01-19,5.478750228881836,5.513750076293945,5.429999828338623,5.510000228881836,4.884023189544678,8284000
2010-01-20,5.476250171661377,5.533750057220459,5.417500019073486,5.512499809265137,4.886239051818848,9465600
2010-01-21,5.571249961853027,5.684999942779541,5.303750038146973,5.3125,4.708960056304932,27141600
2010-01-22,5.277500152587891,5.3125,5.06374979019165,5.067500114440918,4.491793632507324,15755200
2010-01-25,5.122499942779541,5.142499923706055,5.037499904632568,5.106249809265137,4.526142597198486,10291200
2010-01-26,5.0625,5.198750019073486,5.03249979019165,5.150000095367432,4.564921855926514,15752000
2010-01-27,5.125,5.15625,5.002500057220459,5.098750114440918,4.519491672515869,14508000
2010-01-28,5.102499961853027,5.132500171661377,4.952499866485596,5.002500057220459,4.434179306030273,8672800
2010-01-29,5.050000190734863,5.086249828338623,4.971250057220459,4.980000019073486,4.4142327308654785,14988800
2010-02-01,5.021249771118164,5.088749885559082,5.002500057220459,5.071249961853027,4.495117664337158,8900000
2010-02-02,5.091249942779541,5.09375,5.007500171661377,5.071249961853027,4.495117664337158,7464800
2010-02-03,5.056250095367432,5.118750095367432,5.036250114440918,5.053750038146973,4.479604244232178,3990400
2010-02-04,5.002500057220459,5.002500057220459,4.81374979019165,4.815000057220459,4.267980575561523,8791200
2010-02-05,4.8125,4.862500190734863,4.722499847412109,4.857500076293945,4.305652141571045,12416800
2010-02-08,4.847499847412109,4.961249828338623,4.816249847412109,4.869999885559082,4.316730499267578,9080000
2010-02-09,4.931250095367432,4.988749980926514,4.872499942779541,4.952499866485596,4.389857292175293,6983200
2010-02-10,4.9375,4.965000152587891,4.846250057220459,4.943749904632568,4.382102012634277,6286400
2010-02-11,4.941249847412109,5.008749961853027,4.848750114440918,5.007500171661377,4.438612937927246,8514400
2010-02-12,4.962500095367432,5.006249904632568,4.882500171661377,4.985000133514404,4.418666362762451,5599200
2010-02-16,5.045000076293945,5.171249866485596,5.00124979019165,5.162499904632568,4.57600212097168,9291200
2010-02-17,5.18625020980835,5.236249923706055,5.147500038146973,5.211249828338623,4.619213104248047,6211200
2010-02-18,5.198750019073486,5.261250019073486,5.181250095367432,5.244999885559082,4.6491289138793945,8580800
2010-02-19,5.386250019073486,5.452499866485596,5.288750171661377,5.348750114440918,4.741091728210449,13837600
2010-02-22,5.362500190734863,5.362500190734863,5.211249828338623,5.21999979019165,4.626968860626221,9249600
2010-02-23,5.21750020980835,5.261250019073486,5.137499809265137,5.153749942779541,4.568243503570557,6515200
2010-02-24,5.164999961853027,5.215000152587891,5.132500171661377,5.203750133514404,4.612565040588379,7242400
2010-02-25,5.102499961853027,5.195000171661377,5.038750171661377,5.183750152587891,4.594834804534912,7702400
2010-02-26,5.167500019073486,5.21750020980835,5.12624979019165,5.206250190734863,4.614781856536865,5529600
2010-03-01,5.252500057220459,5.321249961853027,5.252500057220459,5.3125,4.708960056304932,5453600
2010-03-02,5.331250190734863,5.369999885559082,5.278749942779541,5.304999828338623,4.702312469482422,8715200
2010-03-03,5.3125,5.462500095367432,5.307499885559082,5.443749904632568,4.825297832489014,11669600
2010-03-04,5.43874979019165,5.447500228881836,5.366250038146973,5.40625,4.792059421539307,7743200
2010-03-05,5.429999828338623,5.502500057220459,5.429999828338623,5.488749980926514,4.865188121795654,11920800
2010-03-08,5.496250152587891,5.517499923706055,5.463749885559082,5.46999979019165,4.848567962646484,9616800
2010-03-09,5.461249828338623,5.559999942779541,5.43874979019165,5.536250114440918,4.907290458679199,8008000
2010-03-10,5.548749923706055,5.651249885559082,5.547500133514404,5.642499923706055,5.001471042633057,9715200
2010-03-11,5.611249923706055,5.635000228881836,5.523749828338623,5.541250228881836,4.911721706390381,28581600
2010-03-12,5.548749923706055,5.556250095367432,5.49875020980835,5.518750190734863,4.89177942276001,17888800
2010-03-15,5.49875020980835,5.547500133514404,5.474999904632568,5.486249923706055,4.864623069763184,8668000
2010-03-16,5.491250038146973,5.547500133514404,5.491250038146973,5.547500133514404,4.918933868408203,9924800
2010-03-17,5.552499771118164,5.612500190734863,5.545000076293945,5.571249961853027,4.939991474151611,17516800
2010-03-18,5.545000076293945,5.550000190734863,5.487500190734863,5.53249979019165,4.905632972717285,7156800
2010-03-19,5.43625020980835,5.570000171661377,5.428750038146973,5.43625020980835,4.82028865814209,16609600
2010-03-22,5.387499809265137,5.394999980926514,5.360000133514404,5.369999885559082,4.7615437507629395,21666400
2010-03-23,5.383749961853027,5.385000228881836,5.257500171661377,5.28125,4.6828508377075195,36502400
2010-03-24,5.264999866485596,5.28125,5.228750228881836,5.247499942779541,4.652924060821533,18145600
2010-03-25,5.288750171661377,5.360000133514404,5.236249923706055,5.243750095367432,4.649600028991699,21110400
2010-03-26,5.253749847412109,5.266250133514404,5.12624979019165,5.182499885559082,4.595290660858154,18972800
2010-03-29,5.204999923706055,5.309999942779541,5.196249961853027,5.302499771118164,4.7016921043396,10753600
2010-03-30,5.300000190734863,5.323750019073486,5.242499828338623,5.277500152587891,4.679527282714844,16245600
2010-03-31,5.253749847412109,5.303750038146973,5.244999885559082,5.273749828338623,4.676199913024902,11562400
2010-04-01,5.308750152587891,5.346250057220459,5.261250019073486,5.298749923706055,4.698368549346924,7662400
2010-04-05,5.315000057220459,5.385000228881836,5.315000057220459,5.371250152587891,4.762652397155762,8622400
2010-04-06,5.326250076293945,5.378749847412109,5.287499904632568,5.371250152587891,4.762652397155762,8038400
2010-04-07,5.386250019073486,5.386250019073486,5.322500228881836,5.348750114440918,4.742702960968018,9665600
2010-04-08,5.337500095367432,5.358749866485596,5.289999961853027,5.349999904632568,4.743811130523682,5795200
2010-04-09,5.353750228881836,5.416250228881836,5.308750152587891,5.412499904632568,4.799229145050049,7671200
2010-04-12,5.412499904632568,5.458749771118164,5.401249885559082,5.434999942779541,4.819180488586426,10380800
2010-04-13,5.43874979019165,5.452499866485596,5.398749828338623,5.441249847412109,4.824721336364746,10735200
2010-04-14,5.454999923706055,5.596250057220459,5.440000057220459,5.587500095367432,4.954400539398193,15016800
2010-04-15,5.559999942779541,5.608749866485596,5.536250114440918,5.553750038146973,4.924474239349365,7852800
2010-04-16,5.528749942779541,5.573750019073486,5.462500095367432,5.477499961853027,4.8568644523620605,9201600
2010-04-19,5.476250171661377,5.502500057220459,5.375,5.502500057220459,4.879031181335449,9614400
2010-04-20,5.764999866485596,5.9375,5.699999809265137,5.929999828338623,5.258093357086182,30996800
2010-04-21,5.900000095367432,5.978750228881836,5.800000190734863,5.84250020980835,5.180506706237793,19371200
2010-04-22,5.758749961853027,5.84375,5.684999942779541,5.841249942779541,5.179399490356445,10468000
2010-04-23,5.849999904632568,5.928750038146973,5.818749904632568,5.871250152587891,5.2060017585754395,7110400
2010-04-26,5.875,5.947500228881836,5.857500076293945,5.923749923706055,5.252552032470703,9767200
2010-04-27,5.872499942779541,5.898749828338623,5.71999979019165,5.738749980926514,5.088513374328613,9624800
2010-04-28,5.791250228881836,5.828750133514404,5.707499980926514,5.795000076293945,5.138390064239502,12280800
2010-04-29,5.851250171661377,5.875,5.808750152587891,5.841249942779541,5.179399490356445,6748800
2010-04-30,5.831250190734863,5.875,5.756249904632568,5.776249885559082,5.121766567230225,10773600
2010-05-03,5.81125020980835,5.888750076293945,5.797500133514404,5.888750076293945,5.221517086029053,8322400
2010-05-04,5.816249847412109,5.816249847412109,5.548749923706055,5.596250057220459,4.962160587310791,11180800
2010-05-05,5.513750076293945,5.539999961853027,5.315000057220459,5.513750076293945,4.8890061378479,19356000
2010-05-06,5.471250057220459,5.585000038146973,5.12375020980835,5.420000076293945,4.805880546569824,24298400
2010-05-07,5.420000076293945,5.442500114440918,5.199999809265137,5.308750152587891,4.707234859466553,14996800
2010-05-10,5.56374979019165,5.681250095367432,5.507500171661377,5.65625,5.015359401702881,16930400
2010-05-11,5.590000152587891,5.733749866485596,5.541250228881836,5.62375020980835,4.986544132232666,12880000
2010-05-12,5.65749979019165,5.692500114440918,5.62375020980835,5.679999828338623,5.036421775817871,11183200
2010-05-13,5.672500133514404,5.727499961853027,5.619999885559082,5.627500057220459,4.989867687225342,9223200
2010-05-14,5.587500095367432,5.613749980926514,5.431250095367432,5.5,4.876814842224121,9269600
2010-05-17,5.506249904632568,5.622499942779541,5.485000133514404,5.601250171661377,4.9665937423706055,10632000
2010-05-18,5.65500020980835,5.690000057220459,5.49875020980835,5.519999980926514,4.894547939300537,10937600
2010-05-19,5.483749866485596,5.512499809265137,5.302499771118164,5.37375020980835,4.764870643615723,11652000
2010-05-20,5.231249809265137,5.286250114440918,5.121250152587891,5.148749828338623,4.56536340713501,11709600
2010-05-21,5.06125020980835,5.301249980926514,5.019999980926514,5.239999771118164,4.646273612976074,14230400
2010-05-24,5.222499847412109,5.289999961853027,5.191249847412109,5.196249961853027,4.607481956481934,13074400
2010-05-25,5.038750171661377,5.198750019073486,4.973750114440918,5.192500114440918,4.604157447814941,10264000
2010-05-26,5.228750228881836,5.286250114440918,5.125,5.152500152587891,4.568688869476318,8686400
2010-05-27,5.266250133514404,5.378749847412109,5.239999771118164,5.37375020980835,4.764870643615723,7483200
2010-05-28,5.351250171661377,5.371250152587891,5.278749942779541,5.300000190734863,4.699477672576904,10221600
2010-06-01,5.255000114440918,5.291250228881836,5.12375020980835,5.131249904632568,4.549846649169922,8527200
2010-06-02,5.146249771118164,5.244999885559082,5.06374979019165,5.243750095367432,4.649600028991699,14319200
2010-06-03,5.255000114440918,5.308750152587891,5.230000019073486,5.28125,4.6828508377075195,8688000
2010-06-04,5.177499771118164,5.231249809265137,5.06374979019165,5.098750114440918,4.521028518676758,15470400
2010-06-07,5.107500076293945,5.118750095367432,4.966249942779541,4.974999904632568,4.411299705505371,11876800
2010-06-08,4.977499961853027,5.014999866485596,4.800000190734863,4.894999980926514,4.340366363525391,18393600
2010-06-09,4.932499885559082,5.046249866485596,4.903749942779541,4.923749923706055,4.36585807800293,12374400
2010-06-10,4.974999904632568,5.081250190734863,4.973750114440918,5.081250190734863,4.505512714385986,7337600
2010-06-11,5.0,5.127500057220459,5.0,5.12624979019165,4.545413494110107,8060000
2010-06-14,5.175000190734863,5.228750228881836,5.125,5.132500171661377,4.552621364593506,9496000
2010-06-15,5.18625020980835,5.377500057220459,5.168749809265137,5.375,4.7677226066589355,12235200
2010-06-16,5.332499980926514,5.371250152587891,5.303750038146973,5.332499980926514,4.7300238609313965,5292800
2010-06-17,5.364999771118164,5.37375020980835,5.264999866485596,5.333749771118164,4.731132507324219,4621600
2010-06-18,5.34375,5.381249904632568,5.295000076293945,5.329999923706055,4.727806091308594,6444000
2010-06-21,5.40500020980835,5.447500228881836,5.28125,5.321249961853027,4.720043659210205,6994400
2010-06-22,5.323750019073486,5.364999771118164,5.223750114440918,5.232500076293945,4.641321659088135,6330400
2010-06-23,5.241250038146973,5.267499923706055,5.125,5.216249942779541,4.626909255981445,6477600
2010-06-24,5.177499771118164,5.235000133514404,5.106249809265137,5.117499828338623,4.5393147468566895,6735200
2010-06-25,5.15625,5.206250190734863,5.042500019073486,5.176249980926514,4.591428279876709,10032800
2010-06-28,5.176249980926514,5.228750228881836,5.146249771118164,5.184999942779541,4.599189758300781,6159200
2010-06-29,5.090000152587891,5.113749980926514,4.962500095367432,5.005000114440918,4.4395270347595215,7811200
2010-06-30,4.988749980926514,5.050000190734863,4.885000228881836,4.909999847412109,4.355260372161865,8568000
2010-07-01,4.886250019073486,4.988749980926514,4.795000076293945,4.941249847412109,4.382976531982422,13012800
2010-07-02,4.962500095367432,5.0,4.832499980926514,4.869999885559082,4.3197784423828125,12190400
2010-07-06,4.976250171661377,4.976250171661377,4.804999828338623,4.860000133514404,4.310908317565918,12068800
2010-07-07,4.882500171661377,5.046249866485596,4.852499961853027,5.034999847412109,4.4661383628845215,11502400
2010-07-08,5.103750228881836,5.15625,5.005000114440918,5.09250020980835,4.517139434814453,11488800
2010-07-09,5.09250020980835,5.107500076293945,5.045000076293945,5.079999923706055,4.506052017211914,4865600
2010-07-12,5.045000076293945,5.098750114440918,5.002500057220459,5.068749904632568,4.496074199676514,4700000
2010-07-13,5.12624979019165,5.268750190734863,5.110000133514404,5.247499942779541,4.654626846313477,7308000
2010-07-14,5.260000228881836,5.34375,5.239999771118164,5.292500019073486,4.694543838500977,9099200
2010-07-15,5.286250114440918,5.338749885559082,5.233749866485596,5.324999809265137,4.723369121551514,5685600
2010-07-16,5.288750171661377,5.288750171661377,5.121250152587891,5.143750190734863,4.56259822845459,8594400
2010-07-19,5.164999961853027,5.216249942779541,5.111249923706055,5.199999809265137,4.612493515014648,7488000
2010-07-20,5.106249809265137,5.3125,5.09375,5.307499885559082,4.7078471183776855,9448000
2010-07-21,5.513750076293945,5.572500228881836,5.291250228881836,5.3125,4.712284564971924,20543200
2010-07-22,5.387499809265137,5.493750095367432,5.371250152587891,5.488749980926514,4.868622303009033,11509600
2010-07-23,5.485000133514404,5.659999847412109,5.485000133514404,5.637499809265137,5.000565528869629,13757600
2010-07-26,5.632500171661377,5.735000133514404,5.582499980926514,5.730000019073486,5.082614421844482,10995200
2010-07-27,5.768750190734863,5.789999961853027,5.625,5.631249904632568,4.995020389556885,9197600
2010-07-28,5.612500190734863,5.65749979019165,5.576250076293945,5.610000133514404,4.97617244720459,7466400
2010-07-29,5.639999866485596,5.662499904632568,5.528749942779541,5.597499847412109,4.965083122253418,9248800
2010-07-30,5.528749942779541,5.631249904632568,5.462500095367432,5.599999904632568,4.967302322387695,9568800
2010-08-02,5.696249961853027,5.75,5.661250114440918,5.713749885559082,5.06820011138916,9411200
2010-08-03,5.701250076293945,5.728750228881836,5.618750095367432,5.653749942779541,5.014979362487793,10970400
2010-08-04,5.667500019073486,5.737500190734863,5.648749828338623,5.706250190734863,5.06154727935791,9649600
2010-08-05,5.646249771118164,5.683750152587891,5.613749980926514,5.65500020980835,5.016088962554932,9812000
2010-08-06,5.581250190734863,5.659999847412109,5.543749809265137,5.625,4.989476203918457,6731200
2010-08-09,5.647500038146973,5.716249942779541,5.628749847412109,5.713749885559082,5.06820011138916,7601600
2010-08-10,5.628749847412109,5.661250114440918,5.559999942779541,5.62375020980835,4.988368988037109,6522400
2010-08-11,5.527500152587891,5.527500152587891,5.322500228881836,5.328750133514404,4.7266974449157715,10953600
2010-08-12,5.210000038146973,5.247499942779541,5.184999942779541,5.204999923706055,4.616927623748779,13060800
2010-08-13,5.197500228881836,5.198750019073486,5.101250171661377,5.103750228881836,4.527121067047119,11453600
2010-08-16,5.066249847412109,5.173749923706055,5.041250228881836,5.162499904632568,4.579232692718506,8413600
2010-08-17,5.204999923706055,5.34375,5.18874979019165,5.291250228881836,4.69343376159668,11528800
2010-08-18,5.278749942779541,5.335000038146973,5.226250171661377,5.292500019073486,4.694543838500977,8343200
2010-08-19,5.261250019073486,5.289999961853027,5.170000076293945,5.184999942779541,4.599189758300781,10372000
2010-08-20,5.152500152587891,5.215000152587891,5.101250171661377,5.207499980926514,4.619146823883057,9110400
2010-08-23,5.198750019073486,5.239999771118164,5.09375,5.09499979019165,4.519357681274414,7239200
2010-08-24,5.014999866485596,5.082499980926514,4.951250076293945,5.046249866485596,4.4761152267456055,10188000
2010-08-25,4.996250152587891,5.085000038146973,4.965000152587891,5.068749904632568,4.496074199676514,7912000
2010-08-26,5.096250057220459,5.173749923706055,5.083749771118164,5.130000114440918,4.550403594970703,16249600
2010-08-27,5.171249866485596,5.246250152587891,5.057499885559082,5.241250038146973,4.649083614349365,11133600
2010-08-30,5.212500095367432,5.269999980926514,5.150000095367432,5.153749942779541,4.571467876434326,11338400
2010-08-31,5.133749961853027,5.183750152587891,5.054999828338623,5.090000152587891,4.514921188354492,14497600
2010-09-01,5.175000190734863,5.494999885559082,5.175000190734863,5.487500190734863,4.867512226104736,16936800
2010-09-02,5.476250171661377,5.585000038146973,5.466249942779541,5.582499980926514,4.951777458190918,11942400
2010-09-03,5.643750190734863,5.741250038146973,5.643750190734863,5.726250171661377,5.079286575317383,15587200
2010-09-07,5.724999904632568,5.860000133514404,5.708749771118164,5.777500152587891,5.124747276306152,17296000
2010-09-08,5.823750019073486,5.903749942779541,5.755000114440918,5.861249923706055,5.199033260345459,12460000
2010-09-09,5.9375,5.9375,5.733749866485596,5.78249979019165,5.129181861877441,12356800
2010-09-10,5.766250133514404,5.795000076293945,5.724999904632568,5.736249923706055,5.088157653808594,12125600
2010-09-13,5.795000076293945,5.933750152587891,5.778749942779541,5.925000190734863,5.257302284240723,7844000
2010-09-14,5.911250114440918,5.963749885559082,5.847499847412109,5.928750038146973,5.2606282234191895,6728000
2010-09-15,5.922500133514404,5.934999942779541,5.862500190734863,5.917500019073486,5.250646114349365,7023200
2010-09-16,5.894999980926514,5.926249980926514,5.849999904632568,5.861249923706055,5.200733661651611,6472000
2010-09-17,5.912499904632568,5.949999809265137,5.860000133514404,5.918749809265137,5.251755237579346,9438400
2010-09-20,5.933750152587891,6.043749809265137,5.90749979019165,6.03249979019165,5.352686405181885,5533600
2010-09-21,6.03249979019165,6.045000076293945,5.927499771118164,5.966249942779541,5.293901443481445,7184000
2010-09-22,5.945000171661377,6.0,5.832499980926514,5.84250020980835,5.184098243713379,7580000
2010-09-23,5.787499904632568,5.940000057220459,5.755000114440918,5.855000019073486,5.1951904296875,7656000
2010-09-24,5.933750152587891,6.090000152587891,5.917500019073486,6.090000152587891,5.403707027435303,6509600
2010-09-27,6.067500114440918,6.112500190734863,6.0,6.057499885559082,5.374870300292969,7056800
2010-09-28,6.068749904632568,6.127500057220459,5.941249847412109,6.114999771118164,5.425889015197754,6445600
2010-09-29,6.079999923706055,6.166250228881836,6.045000076293945,6.147500038146973,5.454727649688721,8385600
2010-09-30,6.192500114440918,6.247499942779541,6.108749866485596,6.122499942779541,5.43254280090332,10512800
2010-10-01,6.1875,6.207499980926514,6.078750133514404,6.132500171661377,5.4414167404174805,6225600
2010-10-04,6.103750228881836,6.118750095367432,5.980000019073486,6.03125,5.351578712463379,5788000
2010-10-05,6.118750095367432,6.288750171661377,6.114999771118164,6.268750190734863,5.562312126159668,8951200
2010-10-06,6.260000228881836,6.288750171661377,6.137499809265137,6.179999828338623,5.483563423156738,8391200
2010-10-07,6.207499980926514,6.208749771118164,6.112500190734863,6.177499771118164,5.481345176696777,7641600
2010-10-08,6.18874979019165,6.195000171661377,6.128749847412109,6.15625,5.462490081787109,8379200
2010-10-11,6.151249885559082,6.18625020980835,6.127500057220459,6.164999961853027,5.470253944396973,6317600
2010-10-12,6.15500020980835,6.195000171661377,6.074999809265137,6.159999847412109,5.465819835662842,5116000
2010-10-13,6.195000171661377,6.278749942779541,6.136250019073486,6.233749866485596,5.531256675720215,10890400
2010-10-14,6.223750114440918,6.235000133514404,6.127500057220459,6.179999828338623,5.483563423156738,8387200
2010-10-15,6.247499942779541,6.268750190734863,6.171249866485596,6.268750190734863,5.562312126159668,9080800
2010-10-18,6.268750190734863,6.304999828338623,6.21875,6.236249923706055,5.53347635269165,10080000
2010-10-19,6.128749847412109,6.193749904632568,6.038750171661377,6.096250057220459,5.409249782562256,16104800
2010-10-20,6.047500133514404,6.096250057220459,5.921249866485596,6.083749771118164,5.398160934448242,21232800
2010-10-21,6.125,6.177499771118164,6.03249979019165,6.175000190734863,5.479128360748291,13253600
2010-10-22,6.161250114440918,6.184999942779541,6.102499961853027,6.139999866485596,5.4480695724487305,9163200
2010-10-25,6.192500114440918,6.297500133514404,6.178750038146973,6.255000114440918,5.550113677978516,6520000
2010-10-26,6.210000038146973,6.261250019073486,6.15500020980835,6.235000133514404,5.532366752624512,10864800
2010-10-27,6.171249866485596,6.222499847412109,6.106249809265137,6.183750152587891,5.486893177032471,8457600
2010-10-28,6.215000152587891,6.230000019073486,6.119999885559082,6.173749923706055,5.478018283843994,3894400
2010-10-29,6.147500038146973,6.275000095367432,6.108749866485596,6.266250133514404,5.560094833374023,7992800
2010-11-01,6.284999847412109,6.318749904632568,6.206250190734863,6.247499942779541,5.543459892272949,5505600
2010-11-02,6.324999809265137,6.434999942779541,6.295000076293945,6.389999866485596,5.669898986816406,9060000
2010-11-03,6.380000114440918,6.4375,6.34499979019165,6.4375,5.7120466232299805,6208800
2010-11-04,6.525000095367432,6.630000114440918,6.480000019073486,6.618750095367432,5.872870922088623,13039200
2010-11-05,6.608749866485596,6.62624979019165,6.568749904632568,6.610000133514404,5.86510705947876,5842400
2010-11-08,6.517499923706055,6.581250190734863,6.514999866485596,6.559999942779541,5.820741176605225,4548800
2010-11-09,6.585000038146973,6.586249828338623,6.476250171661377,6.521249771118164,5.786355495452881,4662400
2010-11-10,6.518750190734863,6.565000057220459,6.456250190734863,6.565000057220459,5.825178146362305,5881600
2010-11-11,6.420000076293945,6.456250190734863,6.340000152587891,6.40625,5.684317111968994,9889600
2010-11-12,6.34375,6.421249866485596,6.275000095367432,6.321249961853027,5.608897686004639,4619200
2010-11-15,6.349999904632568,6.371250152587891,6.287499904632568,6.292500019073486,5.583385944366455,5532000
2010-11-16,6.227499961853027,6.247499942779541,6.066249847412109,6.121250152587891,5.431434631347656,11189600
2010-11-17,6.125,6.167500019073486,6.085000038146973,6.133749961853027,5.442526817321777,7866400
2010-11-18,6.21875,6.366250038146973,6.208749771118164,6.304999828338623,5.59447717666626,5588800
2010-11-19,6.293749809265137,6.40625,6.271249771118164,6.40500020980835,5.683207988739014,8091200
2010-11-22,6.37624979019165,6.402500152587891,6.301249980926514,6.383749961853027,5.6643548011779785,5966400
2010-11-23,6.284999847412109,6.315000057220459,6.191249847412109,6.208749771118164,5.509074687957764,7065600
2010-11-24,6.253749847412109,6.389999866485596,6.231249809265137,6.383749961853027,5.6643548011779785,5804000
2010-11-26,6.320000171661377,6.381249904632568,6.303750038146973,6.329999923706055,5.616659164428711,1756000
2010-11-29,6.257500171661377,6.34250020980835,6.211249828338623,6.326250076293945,5.613332748413086,4160800
2010-11-30,6.242499828338623,6.297500133514404,6.197500228881836,6.253749847412109,5.549003601074219,5005600
2010-12-01,6.369999885559082,6.482500076293945,6.34250020980835,6.463749885559082,5.735337257385254,8066400
2010-12-02,6.466249942779541,6.605000019073486,6.442500114440918,6.602499961853027,5.8584513664245605,6173600
2010-12-03,6.570000171661377,6.638750076293945,6.548749923706055,6.616250038146973,5.87065315246582,5211200
2010-12-06,6.607500076293945,6.652500152587891,6.576250076293945,6.631249904632568,5.8839616775512695,4640000
2010-12-07,6.704999923706055,6.732500076293945,6.598750114440918,6.619999885559082,5.873978614807129,10495200
2010-12-08,6.621250152587891,6.639999866485596,6.53249979019165,6.572500228881836,5.831834316253662,5298400
2010-12-09,6.638750076293945,6.662499904632568,6.606249809265137,6.647500038146973,5.898381233215332,3900800
2010-12-10,6.678750038146973,6.699999809265137,6.644999980926514,6.662499904632568,5.911689758300781,4928800
2010-12-13,6.71750020980835,6.758749961853027,6.65625,6.662499904632568,5.913355350494385,5060800
2010-12-14,6.662499904632568,6.68874979019165,6.625,6.650000095367432,5.9022603034973145,3568800
2010-12-15,6.627500057220459,6.653749942779541,6.56374979019165,6.59499979019165,5.853445529937744,3580800
2010-12-16,6.618750095367432,6.653749942779541,6.571249961853027,6.644999980926514,5.897823333740234,5902400
2010-12-17,6.666250228881836,6.682499885559082,6.578750133514404,6.643750190734863,5.896714687347412,6824000
2010-12-20,6.670000076293945,6.691249847412109,6.536250114440918,6.586249828338623,5.845678806304932,6954400
2010-12-21,6.628749847412109,6.648749828338623,6.573750019073486,6.59499979019165,5.853445529937744,4094400
2010-12-22,6.59499979019165,6.628749847412109,6.586249828338623,6.625,5.880071640014648,4104000
2010-12-23,6.625,6.625,6.553750038146973,6.565000057220459,5.826818466186523,3892800
2010-12-27,6.53249979019165,6.637499809265137,6.497499942779541,6.613749980926514,5.870086669921875,3007200
2010-12-28,6.644999980926514,6.65625,6.559999942779541,6.613749980926514,5.870086669921875,2890400
2010-12-29,6.621250152587891,6.661250114440918,6.605000019073486,6.631249904632568,5.885618209838867,2948000
2010-12-30,6.625,6.646249771118164,6.598750114440918,6.612500190734863,5.8689775466918945,2415200
2010-12-31,6.59375,6.621250152587891,6.56374979019165,6.597499847412109,5.855661869049072,3905600
2011-01-03,6.65500020980835,6.735000133514404,6.651249885559082,6.676249980926514,5.925558090209961,4899200
2011-01-04,6.677499771118164,6.699999809265137,6.53125,6.543749809265137,5.807956695556641,7064800
2011-01-05,6.528749942779541,6.550000190734863,6.461249828338623,6.491250038146973,5.761360168457031,9789600
2011-01-06,6.454999923706055,6.545000076293945,6.432499885559082,6.460000038146973,5.7336249351501465,7164800
2011-01-07,6.466249942779541,6.517499923706055,6.457499980926514,6.480000019073486,5.7513747215271,6172800
2011-01-10,6.457499980926514,6.507500171661377,6.412499904632568,6.488749980926514,5.759140968322754,8154400
2011-01-11,6.506249904632568,6.554999828338623,6.485000133514404,6.548749923706055,5.812394618988037,5658400
2011-01-12,6.599999904632568,6.614999771118164,6.566249847412109,6.602499961853027,5.860101699829102,5651200
2011-01-13,6.598750114440918,6.619999885559082,6.548749923706055,6.574999809265137,5.835692882537842,8364000
2011-01-14,6.568749904632568,6.596250057220459,6.489999771118164,6.53249979019165,5.797972679138184,17496000
2011-01-18,6.541250228881836,6.711249828338623,6.541250228881836,6.611249923706055,5.8678669929504395,11365600
2011-01-19,6.585000038146973,6.62624979019165,6.317500114440918,6.611249923706055,5.8678669929504395,20331200
2011-01-20,6.642499923706055,6.683750152587891,6.511250019073486,6.550000190734863,5.81350564956665,14453600
2011-01-21,6.610000133514404,6.695000171661377,6.583749771118164,6.661250114440918,5.912246227264404,19420800
2011-01-24,6.667500019073486,6.869999885559082,6.625,6.841249942779541,6.0720062255859375,16120000
2011-01-25,6.829999923706055,6.886250019073486,6.761250019073486,6.886250019073486,6.1119465827941895,14393600
2011-01-26,6.893750190734863,6.9375,6.806250095367432,6.916250228881836,6.138572692871094,13378400
2011-01-27,6.962500095367432,7.103750228881836,6.961249828338623,7.096250057220459,6.298333168029785,14908800
2011-01-28,7.088749885559082,7.09250020980835,6.855000019073486,6.877500057220459,6.104182720184326,11964000
2011-01-31,6.914999961853027,6.943749904632568,6.849999904632568,6.917500019073486,6.139681816101074,11476000
2011-02-01,6.958749771118164,7.139999866485596,6.949999809265137,7.111249923706055,6.311646461486816,13117600
2011-02-02,7.070000171661377,7.184999942779541,7.034999847412109,7.143750190734863,6.340493202209473,8858400
2011-02-03,7.112500190734863,7.139999866485596,7.0625,7.096250057220459,6.298333168029785,7476800
2011-02-04,7.065000057220459,7.196249961853027,7.065000057220459,7.190000057220459,6.381541728973389,6019200
2011-02-07,7.228750228881836,7.351250171661377,7.1875,7.197500228881836,6.3881988525390625,8711200
2011-02-08,7.206250190734863,7.216249942779541,7.112500190734863,7.127500057220459,6.326071262359619,21538400
2011-02-09,7.105000019073486,7.203750133514404,7.09499979019165,7.175000190734863,6.368227958679199,4855200
2011-02-10,7.121250152587891,7.284999847412109,7.118750095367432,7.25124979019165,6.435903072357178,6313600
2011-02-11,7.199999809265137,7.326250076293945,7.183750152587891,7.315000057220459,6.492486000061035,4197600
2011-02-14,7.317500114440918,7.317500114440918,7.21999979019165,7.264999866485596,6.448108673095703,5889600
2011-02-15,7.232500076293945,7.247499942779541,7.147500038146973,7.18874979019165,6.380433082580566,7036800
2011-02-16,7.223750114440918,7.238749980926514,7.147500038146973,7.183750152587891,6.375993728637695,9768000
2011-02-17,7.168749809265137,7.193749904632568,7.12624979019165,7.182499885559082,6.374885559082031,8002400
2011-02-18,7.256249904632568,7.264999866485596,7.143750190734863,7.173749923706055,6.367118835449219,9466400
2011-02-22,7.083749771118164,7.127500057220459,7.006249904632568,7.071249961853027,6.276144981384277,13164800
2011-02-23,7.077499866485596,7.103750228881836,6.994999885559082,7.054999828338623,6.261719703674316,12809600
2011-02-24,7.047500133514404,7.139999866485596,7.025000095367432,7.088749885559082,6.291675567626953,12980800
2011-02-25,7.131249904632568,7.179999828338623,7.082499980926514,7.106249809265137,6.3072075843811035,9278400
2011-02-28,7.144999980926514,7.196249961853027,7.106249809265137,7.184999942779541,6.377103328704834,6490400
2011-03-01,7.176249980926514,7.224999904632568,7.006249904632568,7.033750057220459,6.242861270904541,10087200
2011-03-02,7.042500019073486,7.173749923706055,7.037499904632568,7.121250152587891,6.320523262023926,6548800
2011-03-03,7.182499885559082,7.338749885559082,7.175000190734863,7.324999809265137,6.5013628005981445,12265600
2011-03-04,7.303750038146973,7.363749980926514,7.227499961853027,7.308750152587891,6.486939907073975,5478400
2011-03-07,7.329999923706055,7.388750076293945,7.139999866485596,7.227499961853027,6.414825916290283,13694400
2011-03-08,7.223750114440918,7.300000190734863,7.153749942779541,7.258749961853027,6.442560195922852,6251200
2011-03-09,7.223750114440918,7.223750114440918,7.09499979019165,7.216249942779541,6.40484094619751,7933600
2011-03-10,7.111249923706055,7.136250019073486,7.013750076293945,7.054999828338623,6.261719703674316,8520000
2011-03-11,6.988749980926514,7.0625,6.886250019073486,7.034999847412109,6.243969440460205,10405600
2011-03-14,7.00124979019165,7.058750152587891,6.953750133514404,7.039999961853027,6.2500739097595215,6448800
2011-03-15,6.816249847412109,7.027500152587891,6.784999847412109,6.96999979019165,6.187928676605225,8722400
2011-03-16,6.943749904632568,6.989999771118164,6.764999866485596,6.81125020980835,6.046991348266602,11616800
2011-03-17,6.926249980926514,6.943749904632568,6.797500133514404,6.851250171661377,6.082502365112305,11117600
2011-03-18,6.954999923706055,6.963749885559082,6.852499961853027,6.894999980926514,6.121344566345215,8310400
2011-03-21,6.993750095367432,7.048749923706055,6.977499961853027,7.021249771118164,6.233428478240967,6424800
2011-03-22,7.010000228881836,7.014999866485596,6.84499979019165,6.883749961853027,6.11135721206665,10744000
2011-03-23,6.848750114440918,6.871250152587891,6.78249979019165,6.821249961853027,6.055868625640869,8575200
2011-03-24,6.858749866485596,6.863749980926514,6.678750038146973,6.78249979019165,6.021466255187988,20543200
2011-03-25,6.802499771118164,6.837500095367432,6.758749961853027,6.798749923706055,6.035893440246582,10819200
2011-03-28,6.758749961853027,6.836249828338623,6.741250038146973,6.746250152587891,5.989284515380859,6986400
2011-03-29,6.724999904632568,6.858749866485596,6.701250076293945,6.858749866485596,6.0891618728637695,8964000
2011-03-30,6.869999885559082,6.9375,6.84499979019165,6.90749979019165,6.13244104385376,17251200
2011-03-31,6.891250133514404,6.912499904632568,6.798749923706055,6.798749923706055,6.035893440246582,13968000
2011-04-01,6.822500228881836,6.822500228881836,6.507500171661377,6.551249980926514,5.816164016723633,35809600
2011-04-04,6.556250095367432,6.576250076293945,6.476250171661377,6.536250114440918,5.8028459548950195,19932000
2011-04-05,6.533750057220459,6.56374979019165,6.5,6.527500152587891,5.795079231262207,13696000
2011-04-06,6.5625,6.601250171661377,6.536250114440918,6.571249961853027,5.833920478820801,6488800
2011-04-07,6.553750038146973,6.605000019073486,6.497499942779541,6.568749904632568,5.831701278686523,13508800
2011-04-08,6.588749885559082,6.602499961853027,6.53125,6.574999809265137,5.837249279022217,11217600
2011-04-11,6.56374979019165,6.59250020980835,6.491250038146973,6.526249885559082,5.79396915435791,6712800
2011-04-12,6.491250038146973,6.516250133514404,6.40625,6.508749961853027,5.778432369232178,9730400
2011-04-13,6.537499904632568,6.618750095367432,6.537499904632568,6.591249942779541,5.8516764640808105,9682400
2011-04-14,6.537499904632568,6.557499885559082,6.46999979019165,6.556250095367432,5.820603847503662,8421600
2011-04-15,6.56125020980835,6.659999847412109,6.53249979019165,6.628749847412109,5.8849687576293945,9436800
2011-04-18,6.546249866485596,6.547500133514404,6.442500114440918,6.472499847412109,5.746250629425049,9608000
2011-04-19,6.476250171661377,6.485000133514404,6.408750057220459,6.447500228881836,5.724057197570801,11202400
2011-04-20,6.792500019073486,7.043749809265137,6.78249979019165,6.864999771118164,6.094710826873779,23572000
2011-04-21,6.927499771118164,6.927499771118164,6.775000095367432,6.849999904632568,6.081393241882324,9440800
2011-04-25,6.651249885559082,6.866250038146973,6.651249885559082,6.841249942779541,6.073624610900879,8898400
2011-04-26,6.875,7.026249885559082,6.87375020980835,6.949999809265137,6.170172691345215,8800000
2011-04-27,6.957499980926514,7.028749942779541,6.926249980926514,7.010000228881836,6.223440647125244,7142400
2011-04-28,6.994999885559082,7.008749961853027,6.956250190734863,7.00124979019165,6.215671062469482,4788000
2011-04-29,7.005000114440918,7.008749961853027,6.933750152587891,6.988749980926514,6.204573631286621,4952000
2011-05-02,7.014999866485596,7.036250114440918,6.982500076293945,7.00124979019165,6.215671062469482,5820000
2011-05-03,6.992499828338623,7.025000095367432,6.893750190734863,6.940000057220459,6.161295413970947,6215200
2011-05-04,6.929999828338623,6.929999828338623,6.797500133514404,6.860000133514404,6.090271949768066,6322400
2011-05-05,6.821249961853027,6.983749866485596,6.821249961853027,6.889999866485596,6.116903305053711,8917600
2011-05-06,6.96875,7.039999961853027,6.911250114440918,6.954999923706055,6.1746110916137695,9101600
2011-05-09,6.947500228881836,7.013750076293945,6.916250228881836,6.986249923706055,6.202354907989502,4577600
2011-05-10,7.0,7.122499942779541,6.966249942779541,7.121250152587891,6.322206020355225,6082400
2011-05-11,7.103750228881836,7.167500019073486,6.901249885559082,6.943749904632568,6.164624214172363,9690400
2011-05-12,6.913750171661377,6.949999809265137,6.846250057220459,6.903749942779541,6.129112243652344,13600000
2011-05-13,6.90749979019165,6.933750152587891,6.836249828338623,6.880000114440918,6.108026504516602,6568800
2011-05-16,6.853750228881836,6.940000057220459,6.837500095367432,6.881249904632568,6.109135627746582,7166400
2011-05-17,6.851250171661377,6.860000133514404,6.731249809265137,6.824999809265137,6.05919885635376,7350400
2011-05-18,6.827499866485596,6.914999961853027,6.8125,6.902500152587891,6.128000259399414,6409600
2011-05-19,6.926249980926514,6.940000057220459,6.832499980926514,6.862500190734863,6.092492580413818,5664800
2011-05-20,6.858749866485596,6.864999771118164,6.796249866485596,6.831250190734863,6.0647454261779785,5703200
2011-05-23,6.743750095367432,6.743750095367432,6.646249771118164,6.701250076293945,5.949332237243652,5025600
2011-05-24,6.715000152587891,6.75,6.591249942779541,6.59250020980835,5.852786064147949,5586400
2011-05-25,6.582499980926514,6.675000190734863,6.545000076293945,6.639999866485596,5.894957542419434,14999200
2011-05-26,6.613749980926514,6.701250076293945,6.585000038146973,6.684999942779541,5.934906005859375,5150400
2011-05-27,6.704999923706055,6.760000228881836,6.692500114440918,6.736249923706055,5.980408191680908,3895200
2011-05-31,6.78249979019165,6.796249866485596,6.684999942779541,6.757500171661377,5.999271392822266,6970400
2011-06-01,6.776249885559082,6.809999942779541,6.638750076293945,6.644999980926514,5.8993964195251465,11612000
2011-06-02,6.653749942779541,6.679999828338623,6.617499828338623,6.648749828338623,5.902726650238037,7583200
2011-06-03,6.557499885559082,6.59499979019165,6.541250228881836,6.56374979019165,5.827261924743652,7119200
2011-06-06,6.556250095367432,6.591249942779541,6.505000114440918,6.514999866485596,5.783980846405029,12652000
2011-06-07,6.545000076293945,6.565000057220459,6.463749885559082,6.5,5.770666122436523,13733600
2011-06-08,6.46999979019165,6.491250038146973,6.346250057220459,6.368750095367432,5.654143810272217,12942400
2011-06-09,6.403749942779541,6.481249809265137,6.336249828338623,6.421249866485596,5.700751304626465,10600000
2011-06-10,6.394999980926514,6.462500095367432,6.362500190734863,6.420000076293945,5.699641227722168,13909600
2011-06-13,6.418749809265137,6.46999979019165,6.318749904632568,6.333749771118164,5.624711990356445,6574400
2011-06-14,6.401249885559082,6.452499866485596,6.388750076293945,6.412499904632568,5.694647312164307,10718400
2011-06-15,6.351250171661377,6.397500038146973,6.323750019073486,6.340000152587891,5.630262851715088,8869600
2011-06-16,6.340000152587891,6.366250038146973,6.176249980926514,6.25124979019165,5.551446437835693,8764800
2011-06-17,6.304999828338623,6.331250190734863,6.243750095367432,6.269999980926514,5.56809663772583,7505600
2011-06-20,6.241250038146973,6.287499904632568,6.21875,6.266250133514404,5.564769744873047,5274400
2011-06-21,6.303750038146973,6.40749979019165,6.262499809265137,6.358749866485596,5.646913051605225,7673600
2011-06-22,6.347499847412109,6.409999847412109,6.327499866485596,6.400000095367432,5.683546543121338,9616000
2011-06-23,6.318749904632568,6.445000171661377,6.277500152587891,6.43874979019165,5.717957019805908,8238400
2011-06-24,6.418749809265137,6.418749809265137,6.323750019073486,6.353750228881836,5.642473220825195,10742400
2011-06-27,6.348750114440918,6.40500020980835,6.293749809265137,6.369999885559082,5.6569037437438965,8030400
2011-06-28,6.388750076293945,6.462500095367432,6.383749961853027,6.460000038146973,5.736828804016113,6158400
2011-06-29,6.494999885559082,6.565000057220459,6.462500095367432,6.523749828338623,5.7934417724609375,7732800
2011-06-30,6.546249866485596,6.760000228881836,6.518750190734863,6.74875020980835,5.9932541847229,14113600
2011-07-01,6.727499961853027,6.862500190734863,6.68874979019165,6.857500076293945,6.0898308753967285,11096000
2011-07-05,6.852499961853027,6.855000019073486,6.753749847412109,6.803750038146973,6.042097091674805,5915200
2011-07-06,6.796249866485596,6.806250095367432,6.727499961853027,6.791250228881836,6.0309953689575195,7322400
2011-07-07,6.863749980926514,6.96999979019165,6.833749771118164,6.943749904632568,6.166424751281738,8620800
2011-07-08,6.860000133514404,6.863749980926514,6.726250171661377,6.775000095367432,6.016564846038818,9912800
2011-07-11,6.683750152587891,6.713749885559082,6.570000171661377,6.585000038146973,5.847836494445801,6125600
2011-07-12,6.554999828338623,6.566249847412109,6.385000228881836,6.391250133514404,5.675774097442627,12386400
2011-07-13,6.423749923706055,6.519999980926514,6.389999866485596,6.414999961853027,5.696866035461426,6719200
2011-07-14,6.427499771118164,6.481249809265137,6.264999866485596,6.298749923706055,5.593630313873291,8760800
2011-07-15,6.322500228881836,6.349999904632568,6.28125,6.346250057220459,5.635813236236572,9230400
2011-07-18,6.3125,6.331250190734863,6.236249923706055,6.268750190734863,5.566989421844482,11885600
2011-07-19,6.329999923706055,6.474999904632568,6.318749904632568,6.460000038146973,5.736828804016113,9846400
2011-07-20,6.5,6.637499809265137,6.258749961853027,6.268750190734863,5.566989421844482,14343200
2011-07-21,6.292500019073486,6.380000114440918,6.275000095367432,6.320000171661377,5.612501621246338,15626400
2011-07-22,6.324999809265137,6.381249904632568,6.303750038146973,6.378749847412109,5.664674758911133,6880800
2011-07-25,6.300000190734863,6.385000228881836,6.298749923706055,6.351250171661377,5.640254974365234,7356000
2011-07-26,6.357500076293945,6.371250152587891,6.321249961853027,6.357500076293945,5.645803451538086,11428800
2011-07-27,6.308750152587891,6.308750152587891,6.133749961853027,6.147500038146973,5.459311008453369,14858400
2011-07-28,6.146249771118164,6.215000152587891,6.056250095367432,6.135000228881836,5.448209762573242,8482400
2011-07-29,6.076250076293945,6.195000171661377,6.056250095367432,6.111249923706055,5.427119255065918,9924800
2011-08-01,6.166250228881836,6.179999828338623,5.965000152587891,6.047500133514404,5.370506763458252,10197600
2011-08-02,5.994999885559082,6.034999847412109,5.809999942779541,5.81374979019165,5.162923336029053,16763200
2011-08-03,5.807499885559082,5.893750190734863,5.663750171661377,5.87624979019165,5.21842622756958,19163200
2011-08-04,5.796249866485596,5.803750038146973,5.4375,5.445000171661377,4.83545446395874,23486400
2011-08-05,5.537499904632568,5.622499942779541,5.304999828338623,5.422500133514404,4.815471649169922,35616800
2011-08-08,5.289999961853027,5.378749847412109,5.137499809265137,5.146249771118164,4.5701470375061035,25237600
2011-08-09,5.238749980926514,5.521249771118164,5.15749979019165,5.511250019073486,4.894287109375,38320800
2011-08-10,5.403749942779541,5.46875,5.271249771118164,5.323750019073486,4.727777481079102,24732000
2011-08-11,5.352499961853027,5.831250190734863,5.34375,5.758749961853027,5.114078521728516,25431200
2011-08-12,5.786250114440918,5.87624979019165,5.707499980926514,5.8125,5.161815643310547,14233600
2011-08-15,5.858749866485596,5.90625,5.767499923706055,5.902500152587891,5.241738796234131,9254400
2011-08-16,5.824999809265137,5.921249866485596,5.772500038146973,5.821249961853027,5.169585227966309,12892800
2011-08-17,5.840000152587891,5.871250152587891,5.682499885559082,5.726250171661377,5.085218906402588,6908800
2011-08-18,5.523749828338623,5.526249885559082,5.266250133514404,5.306250095367432,4.712234973907471,21585600
2011-08-19,5.255000114440918,5.457499980926514,5.252500057220459,5.266250133514404,4.676714897155762,18961600
2011-08-22,5.398749828338623,5.431250095367432,5.276249885559082,5.293749809265137,4.701135635375977,15211200
2011-08-23,5.322500228881836,5.518750190734863,5.276249885559082,5.518750190734863,4.900947093963623,10032000
2011-08-24,5.492499828338623,5.526249885559082,5.388750076293945,5.516250133514404,4.898726940155029,7864800
2011-08-25,5.521249771118164,5.568749904632568,5.385000228881836,5.408750057220459,4.803260803222656,10359200
2011-08-26,5.337500095367432,5.587500095367432,5.238749980926514,5.56125020980835,4.938689708709717,10844800
2011-08-29,5.636250019073486,5.775000095367432,5.62624979019165,5.766250133514404,5.120738983154297,7934400
2011-08-30,5.735000133514404,5.878749847412109,5.71750020980835,5.798749923706055,5.149603843688965,14818400
2011-08-31,5.84250020980835,5.973750114440918,5.823750019073486,5.872499942779541,5.2150959968566895,10901600
2011-09-01,5.856249809265137,5.920000076293945,5.726250171661377,5.728750228881836,5.087440013885498,10875200
2011-09-02,5.5625,5.607500076293945,5.324999809265137,5.363749980926514,4.763299942016602,18584000
2011-09-06,5.196249961853027,5.427499771118164,5.151249885559082,5.418749809265137,4.812141418457031,14679200
2011-09-07,5.53000020980835,5.653749942779541,5.511250019073486,5.635000228881836,5.004186153411865,10338400
2011-09-08,5.585000038146973,5.68874979019165,5.525000095367432,5.539999961853027,4.919816970825195,8968000
2011-09-09,5.466249942779541,5.537499904632568,5.328750133514404,5.372499942779541,4.771069526672363,11137600
2011-09-12,5.298749923706055,5.429999828338623,5.283750057220459,5.423749923706055,4.818264484405518,13975200
2011-09-13,5.428750038146973,5.49875020980835,5.400000095367432,5.457499980926514,4.848245620727539,9742400
2011-09-14,5.487500190734863,5.675000190734863,5.393750190734863,5.606249809265137,4.980391025543213,9963200
2011-09-15,5.683750152587891,5.699999809265137,5.581250190734863,5.639999866485596,5.010373115539551,7969600
2011-09-16,5.678750038146973,5.690000057220459,5.512499809265137,5.556250095367432,4.935973167419434,21259200
2011-09-19,5.443749904632568,5.458749771118164,5.361249923706055,5.425000190734863,4.819374084472656,9436800
2011-09-20,5.441249847412109,5.522500038146973,5.352499961853027,5.358749866485596,4.760520935058594,10592800
2011-09-21,5.34499979019165,5.465000152587891,5.308750152587891,5.31374979019165,4.720547199249268,19597600
2011-09-22,5.136250019073486,5.308750152587891,5.002500057220459,5.253749847412109,4.667242050170898,24040800
2011-09-23,5.216249942779541,5.28125,5.148749828338623,5.216249942779541,4.633928298950195,15661600
2011-09-26,5.256249904632568,5.357500076293945,5.111249923706055,5.352499961853027,4.754969120025635,9944000
2011-09-27,5.477499961853027,5.576250076293945,5.432499885559082,5.46875,4.858238697052002,11589600
2011-09-28,5.472499847412109,5.502500057220459,5.308750152587891,5.3125,4.7194342613220215,7344000
2011-09-29,5.428750038146973,5.466249942779541,5.260000228881836,5.400000095367432,4.797165870666504,10727200
2011-09-30,5.298749923706055,5.308750152587891,5.091249942779541,5.096250057220459,4.527325630187988,13691200
2011-10-03,5.047500133514404,5.105000019073486,4.926249980926514,4.974999904632568,4.41961145401001,18704000
2011-10-04,4.872499942779541,5.132500171661377,4.872499942779541,5.130000114440918,4.557305812835693,17600000
2011-10-05,5.144999980926514,5.252500057220459,5.071249961853027,5.223750114440918,4.640590667724609,11573600
2011-10-06,5.223750114440918,5.333749771118164,5.195000171661377,5.321249961853027,4.727206707000732,10568000
2011-10-07,5.356249809265137,5.369999885559082,5.216249942779541,5.298749923706055,4.70721960067749,16511200
2011-10-10,5.40625,5.510000228881836,5.40500020980835,5.5,4.8860015869140625,10537600
2011-10-11,5.456250190734863,5.487500190734863,5.316249847412109,5.355000019073486,4.75718879699707,13255200
2011-10-12,5.414999961853027,5.488749980926514,5.380000114440918,5.40749979019165,4.80382776260376,14112000
2011-10-13,5.362500190734863,5.431250095367432,5.309999942779541,5.403749942779541,4.800497055053711,15370400
2011-10-14,5.485000133514404,5.545000076293945,5.441249847412109,5.518750190734863,4.902655124664307,9508800
2011-10-17,5.46999979019165,5.482500076293945,5.3125,5.348750114440918,4.751636028289795,13264000
2011-10-18,5.34250020980835,5.537499904632568,5.296249866485596,5.512499809265137,4.897106170654297,10019200
2011-10-19,5.246250152587891,5.31374979019165,5.143750190734863,5.237500190734863,4.652805805206299,37068800
2011-10-20,5.207499980926514,5.296249866485596,5.127500057220459,5.273749828338623,4.6850104331970215,16429600
2011-10-21,5.358749866485596,5.712500095367432,5.358749866485596,5.702499866485596,5.0658955574035645,21980800
2011-10-24,5.706250190734863,5.877500057220459,5.693749904632568,5.860000133514404,5.205813407897949,14628800
2011-10-25,5.797500133514404,5.864999771118164,5.741250038146973,5.764999866485596,5.121419429779053,12110400
2011-10-26,5.853750228881836,5.971250057220459,5.736249923706055,5.912499904632568,5.252452373504639,14083200
2011-10-27,6.121250152587891,6.31374979019165,6.083749771118164,6.243750095367432,5.546722888946533,17948800
2011-10-28,6.244999885559082,6.244999885559082,6.097499847412109,6.158750057220459,5.471210956573486,14978400
2011-10-31,6.066249847412109,6.110000133514404,5.934999942779541,5.93625020980835,5.273553371429443,14416800
2011-11-01,5.716249942779541,5.946249961853027,5.716249942779541,5.818749904632568,5.169168472290039,16693600
2011-11-02,5.925000190734863,5.992499828338623,5.867499828338623,5.920000076293945,5.259115695953369,8772800
2011-11-03,6.008749961853027,6.037499904632568,5.87375020980835,6.026249885559082,5.35350227355957,9287200
2011-11-04,5.951250076293945,6.008749961853027,5.886250019073486,5.981249809265137,5.313528537750244,6260000
2011-11-07,5.837500095367432,5.987500190734863,5.81374979019165,5.986249923706055,5.31796932220459,13436000
2011-11-08,6.011250019073486,6.045000076293945,5.956250190734863,5.981249809265137,5.313528537750244,14317600
2011-11-09,5.841249942779541,5.841249942779541,5.611249923706055,5.679999828338623,5.045907497406006,18516000
2011-11-10,5.766250133514404,5.793749809265137,5.637499809265137,5.671249866485596,5.0381340980529785,9990400
2011-11-11,5.775000095367432,5.922500133514404,5.755000114440918,5.856249809265137,5.2024827003479,9094400
2011-11-14,5.822500228881836,5.887499809265137,5.783750057220459,5.828750133514404,5.1780524253845215,7660800
2011-11-15,5.801249980926514,5.996250152587891,5.796249866485596,5.927499771118164,5.26577615737915,8912000
2011-11-16,5.868750095367432,5.963749885559082,5.847499847412109,5.885000228881836,5.228021621704102,9435200
2011-11-17,5.855000019073486,5.866250038146973,5.666250228881836,5.708749771118164,5.071446895599365,12621600
2011-11-18,5.712500095367432,5.728750228881836,5.614999771118164,5.62375020980835,4.995937347412109,12884800
2011-11-21,5.526249885559082,5.553750038146973,5.396249771118164,5.451250076293945,4.842694282531738,15685600
2011-11-22,5.442500114440918,5.457499980926514,5.31374979019165,5.401249885559082,4.798275470733643,11888800
2011-11-23,5.327499866485596,5.333749771118164,5.207499980926514,5.213749885559082,4.631707668304443,11064000
2011-11-25,5.198750019073486,5.28000020980835,5.18625020980835,5.197500228881836,4.6172709465026855,5788800
2011-11-28,5.363749980926514,5.421249866485596,5.318749904632568,5.361249923706055,4.762740135192871,10876000
2011-11-29,5.353750228881836,5.388750076293945,5.309999942779541,5.34250020980835,4.7460856437683105,12184800
2011-11-30,5.53125,5.670000076293945,5.496250152587891,5.666250228881836,5.033692836761475,18244000
2011-12-01,5.659999847412109,5.728750228881836,5.62624979019165,5.65500020980835,5.0236992835998535,13804800
2011-12-02,5.760000228881836,5.78249979019165,5.619999885559082,5.633749961853027,5.004820346832275,10133600
2011-12-05,5.744999885559082,5.798749923706055,5.666250228881836,5.728750228881836,5.089216709136963,10136800
2011-12-06,5.731249809265137,5.741250038146973,5.658750057220459,5.6875,5.052570819854736,6142400
2011-12-07,5.648749828338623,5.6875,5.571249961853027,5.663750171661377,5.031472206115723,7756800
2011-12-08,5.625,5.670000076293945,5.481249809265137,5.492499828338623,4.879339694976807,8033600
2011-12-09,5.505000114440918,5.636250019073486,5.465000152587891,5.621250152587891,4.993716239929199,10847200
2011-12-12,5.547500133514404,5.550000190734863,5.40749979019165,5.451250076293945,4.8443074226379395,8160000
2011-12-13,5.492499828338623,5.514999866485596,5.286250114440918,5.321249961853027,4.728784561157227,11469600
2011-12-14,5.300000190734863,5.333749771118164,5.203750133514404,5.224999904632568,4.643250465393066,10632000
2011-12-15,5.297500133514404,5.31374979019165,5.192500114440918,5.207499980926514,4.627699851989746,13110400
2011-12-16,5.25,5.31125020980835,5.159999847412109,5.202499866485596,4.623254299163818,20316000
2011-12-19,5.247499942779541,5.256249904632568,5.12375020980835,5.136250019073486,4.564383029937744,9196000
2011-12-20,5.25,5.481249809265137,5.25,5.458749771118164,4.850975036621094,16160000
2011-12-21,5.5625,5.567500114440918,5.432499885559082,5.506249904632568,4.893186092376709,14332800
2011-12-22,5.534999847412109,5.663750171661377,5.512499809265137,5.62624979019165,4.999825477600098,10493600
2011-12-23,5.641250133514404,5.723750114440918,5.619999885559082,5.712500095367432,5.076472282409668,5173600
2011-12-27,5.701250076293945,5.755000114440918,5.65500020980835,5.728750228881836,5.090914726257324,4333600
2011-12-28,5.743750095367432,5.760000228881836,5.632500171661377,5.653749942779541,5.024263858795166,5097600
2011-12-29,5.678750038146973,5.741250038146973,5.650000095367432,5.730000019073486,5.092022895812988,4033600
2011-12-30,5.715000152587891,5.763750076293945,5.672500133514404,5.673749923706055,5.042037487030029,5136000
2012-01-03,5.817500114440918,5.820000171661377,5.712500095367432,5.744999885559082,5.105355739593506,8131200
2012-01-04,5.71875,5.775000095367432,5.681250095367432,5.727499961853027,5.089803218841553,5673600
2012-01-05,5.6875,5.791250228881836,5.625,5.776249885559082,5.133124351501465,10492800
2012-01-06,5.766250133514404,5.809999942779541,5.741250038146973,5.778749942779541,5.13534688949585,6785600
2012-01-09,5.820000171661377,5.923749923706055,5.8125,5.877500057220459,5.223100662231445,8243200
2012-01-10,5.9375,6.025000095367432,5.9375,5.997499942779541,5.329740047454834,5797600
2012-01-11,5.982500076293945,6.012499809265137,5.952499866485596,5.978750228881836,5.313078880310059,5766400
2012-01-12,6.002500057220459,6.043749809265137,5.921249866485596,6.026249885559082,5.355289936065674,6364800
2012-01-13,5.988749980926514,6.037499904632568,5.949999809265137,6.018750190734863,5.348623752593994,6490400
2012-01-17,6.106249809265137,6.164999961853027,6.007500171661377,6.033750057220459,5.361955165863037,7091200
2012-01-18,6.767499923706055,6.78125,6.541250228881836,6.695000171661377,5.949580669403076,37028800
2012-01-19,6.671249866485596,6.93625020980835,6.65625,6.861249923706055,6.097321510314941,15974400
2012-01-20,6.81374979019165,6.931250095367432,6.81374979019165,6.920000076293945,6.149530410766602,13859200
2012-01-23,6.926249980926514,6.9375,6.835000038146973,6.885000228881836,6.118427276611328,8675200
2012-01-24,6.829999923706055,6.902500152587891,6.788750171661377,6.84375,6.081770896911621,9297600
2012-01-25,6.78125,6.855000019073486,6.727499961853027,6.837500095367432,6.0762152671813965,12364800
2012-01-26,6.883749961853027,6.920000076293945,6.792500019073486,6.838749885559082,6.077325820922852,10129600
2012-01-27,6.809999942779541,6.871250152587891,6.757500171661377,6.801249980926514,6.044001579284668,11705600
2012-01-30,6.696249961853027,6.800000190734863,6.673749923706055,6.773749828338623,6.019562721252441,9305600
2012-01-31,6.822500228881836,6.871250152587891,6.757500171661377,6.803750038146973,6.0462236404418945,6554400
2012-02-01,6.903749942779541,6.933750152587891,6.840000152587891,6.849999904632568,6.087324142456055,12264000
2012-02-02,6.851250171661377,6.867499828338623,6.78000020980835,6.78000020980835,6.025120258331299,8496800
2012-02-03,6.87375020980835,6.9375,6.849999904632568,6.883749961853027,6.117315769195557,9652800
2012-02-06,6.826250076293945,6.90500020980835,6.826250076293945,6.856249809265137,6.092878818511963,5468800
2012-02-07,6.809999942779541,6.87375020980835,6.800000190734863,6.858749866485596,6.095101356506348,6420800
2012-02-08,6.853750228881836,6.912499904632568,6.826250076293945,6.832499980926514,6.071771621704102,4900000
2012-02-09,6.84499979019165,6.922500133514404,6.832499980926514,6.912499904632568,6.142863750457764,5235200
2012-02-10,6.836249828338623,6.863749980926514,6.804999828338623,6.852499961853027,6.089544296264648,5577600
2012-02-13,6.912499904632568,6.912499904632568,6.831250190734863,6.893750190734863,6.1262030601501465,4269600
2012-02-14,6.87375020980835,6.893750190734863,6.829999923706055,6.882500171661377,6.116204738616943,5337600
2012-02-15,6.90500020980835,6.90500020980835,6.815000057220459,6.858749866485596,6.095101356506348,4573600
2012-02-16,6.849999904632568,7.059999942779541,6.837500095367432,7.043749809265137,6.259500980377197,7755200
2012-02-17,7.096250057220459,7.119999885559082,6.960000038146973,7.038750171661377,6.255058288574219,8846400
2012-02-21,7.041250228881836,7.087500095367432,7.013750076293945,7.051249980926514,6.266165256500244,5168800
2012-02-22,7.008749961853027,7.091249942779541,7.008749961853027,7.021249771118164,6.239506244659424,4286400
2012-02-23,7.010000228881836,7.022500038146973,6.913750171661377,7.011250019073486,6.230618953704834,3662400
2012-02-24,7.045000076293945,7.107500076293945,7.022500038146973,7.037499904632568,6.253947734832764,4212000
2012-02-27,6.977499961853027,7.070000171661377,6.922500133514404,7.017499923706055,6.236173629760742,3713600
2012-02-28,7.016250133514404,7.074999809265137,6.986249923706055,7.06374979019165,6.277274131774902,8980000
2012-02-29,7.083749771118164,7.103750228881836,6.972499847412109,6.994999885559082,6.216180324554443,5613600
2012-03-01,7.017499923706055,7.096250057220459,6.988749980926514,7.056250095367432,6.270608425140381,4204800
2012-03-02,7.059999942779541,7.125,7.010000228881836,7.028749942779541,6.2461724281311035,5755200
2012-03-05,6.997499942779541,7.003749847412109,6.917500019073486,6.973750114440918,6.197295188903809,5484800
2012-03-06,6.875,6.90500020980835,6.833749771118164,6.886250019073486,6.119537353515625,7556000
2012-03-07,6.900000095367432,7.007500171661377,6.877500057220459,7.00124979019165,6.221732139587402,5649600
2012-03-08,7.052499771118164,7.077499866485596,7.003749847412109,7.043749809265137,6.259500980377197,3056000
2012-03-09,7.047500133514404,7.148749828338623,7.038750171661377,7.103750228881836,6.312821865081787,3328800
2012-03-12,7.09250020980835,7.103750228881836,7.039999961853027,7.088749885559082,6.31115198135376,2702400
2012-03-13,7.136250019073486,7.260000228881836,7.136250019073486,7.25,6.454715728759766,3896800
2012-03-14,7.243750095367432,7.276249885559082,7.137499809265137,7.164999961853027,6.379038333892822,4172800
2012-03-15,7.172500133514404,7.221250057220459,7.131249904632568,7.216249942779541,6.424665451049805,2705600
2012-03-16,7.232500076293945,7.246250152587891,7.161250114440918,7.216249942779541,6.424665451049805,6139200
2012-03-19,7.201250076293945,7.233749866485596,7.146249771118164,7.199999809265137,6.410199165344238,3871200
2012-03-20,7.15500020980835,7.1875,7.042500019073486,7.077499866485596,6.301136016845703,5704800
2012-03-21,7.079999923706055,7.146249771118164,7.045000076293945,7.108749866485596,6.328958988189697,3409600
2012-03-22,7.057499885559082,7.106249809265137,7.0,7.106249809265137,6.326731204986572,2844000
2012-03-23,7.117499828338623,7.118750095367432,7.050000190734863,7.099999904632568,6.321168899536133,3458400
2012-03-26,7.150000095367432,7.262499809265137,7.142499923706055,7.241250038146973,6.446923732757568,6366400
2012-03-27,7.258749961853027,7.478750228881836,7.238749980926514,7.382500171661377,6.572680950164795,13808000
2012-03-28,7.385000228881836,7.409999847412109,7.24875020980835,7.326250076293945,6.522599220275879,6352000
2012-03-29,7.266250133514404,7.396249771118164,7.235000133514404,7.381249904632568,6.571567535400391,6716800
2012-03-30,7.409999847412109,7.514999866485596,7.388750076293945,7.471250057220459,6.651693820953369,8208800
2012-04-02,7.478750228881836,7.706250190734863,7.478750228881836,7.666250228881836,6.8253045082092285,10962400
2012-04-03,7.642499923706055,7.730000019073486,7.545000076293945,7.587500095367432,6.755191326141357,5674400
2012-04-04,7.5,7.536250114440918,7.411250114440918,7.454999923706055,6.637224197387695,6283200
2012-04-05,7.420000076293945,7.443749904632568,7.394999980926514,7.416250228881836,6.60272741317749,3813600
2012-04-09,7.284999847412109,7.34375,7.258749961853027,7.31374979019165,6.511470794677734,6299200
2012-04-10,7.210000038146973,7.263750076293945,7.097499847412109,7.143750190734863,6.360116481781006,11520800
2012-04-11,7.21875,7.291250228881836,7.192500114440918,7.204999923706055,6.4146504402160645,7420000
2012-04-12,7.230000019073486,7.413750171661377,7.213749885559082,7.388750076293945,6.57824182510376,6871200
2012-04-13,7.396249771118164,7.408750057220459,7.308750152587891,7.348750114440918,6.54263162612915,8509600
2012-04-16,7.409999847412109,7.427499771118164,7.329999923706055,7.383749961853027,6.573792934417725,8447200
2012-04-17,7.4375,7.523749828338623,7.417500019073486,7.493750095367432,6.671726226806641,8425600
2012-04-18,7.434999942779541,7.434999942779541,7.139999866485596,7.261250019073486,6.464730262756348,19476000
2012-04-19,7.298749923706055,7.358749866485596,7.137499809265137,7.203750133514404,6.41353702545166,8466400
2012-04-20,7.228750228881836,7.258749961853027,7.203750133514404,7.210000038146973,6.419101238250732,12030400
2012-04-23,7.131249904632568,7.131249904632568,7.025000095367432,7.09499979019165,6.316717147827148,7216800
2012-04-24,7.116250038146973,7.166250228881836,7.03000020980835,7.065000057220459,6.290008068084717,9623200
2012-04-25,7.176249980926514,7.199999809265137,7.130000114440918,7.164999961853027,6.379038333892822,10945600
2012-04-26,7.159999847412109,7.320000171661377,7.139999866485596,7.31125020980835,6.509245872497559,6944000
2012-04-27,7.34375,7.372499942779541,7.295000076293945,7.335000038146973,6.53039026260376,8810400
2012-04-30,7.304999828338623,7.317500114440918,7.233749866485596,7.267499923706055,6.4702935218811035,5984000
2012-05-01,7.269999980926514,7.331250190734863,7.184999942779541,7.237500190734863,6.44358491897583,5030400
2012-05-02,7.207499980926514,7.267499923706055,7.161250114440918,7.244999885559082,6.450262069702148,3405600
2012-05-03,7.233749866485596,7.233749866485596,7.079999923706055,7.087500095367432,6.310039520263672,4664000
2012-05-04,7.027500152587891,7.042500019073486,6.914999961853027,6.918749809265137,6.1598005294799805,5356000
2012-05-07,6.90500020980835,6.958749771118164,6.828750133514404,6.851250171661377,6.099706172943115,7833600
2012-05-08,6.826250076293945,6.848750114440918,6.736249923706055,6.816249847412109,6.068543434143066,9987200
2012-05-09,6.738749980926514,6.888750076293945,6.702499866485596,6.84375,6.093029022216797,6830400
2012-05-10,6.913750171661377,6.921249866485596,6.760000228881836,6.777500152587891,6.0340447425842285,6222400
2012-05-11,6.735000133514404,6.848750114440918,6.726250171661377,6.755000114440918,6.014013767242432,4709600
2012-05-14,6.670000076293945,6.735000133514404,6.581250190734863,6.682499885559082,5.949464797973633,6384800
2012-05-15,6.684999942779541,6.746250152587891,6.631249904632568,6.647500038146973,5.918306827545166,7899200
2012-05-16,6.677499771118164,6.715000152587891,6.576250076293945,6.586249828338623,5.863773345947266,5949600
2012-05-17,6.59375,6.606249809265137,6.478750228881836,6.53249979019165,5.815919876098633,8427200
2012-05-18,6.56125020980835,6.570000171661377,6.381249904632568,6.398749828338623,5.696841716766357,8365600
2012-05-21,6.4375,6.583749771118164,6.396249771118164,6.557499885559082,5.83817720413208,6147200
2012-05-22,6.56374979019165,6.661250114440918,6.513750076293945,6.622499942779541,5.8960466384887695,8797600
2012-05-23,6.550000190734863,6.692500114440918,6.533750057220459,6.679999828338623,5.947239875793457,8324800
2012-05-24,6.691249847412109,6.728750228881836,6.599999904632568,6.65749979019165,5.927206039428711,7070400
2012-05-25,6.667500019073486,6.711249828338623,6.635000228881836,6.652500152587891,5.922757148742676,3005600
2012-05-29,6.726250171661377,6.769999980926514,6.712500095367432,6.758749961853027,6.017353057861328,6566400
2012-05-30,6.701250076293945,6.701250076293945,6.617499828338623,6.658750057220459,5.928320407867432,6048000
2012-05-31,6.65625,6.6875,6.548749923706055,6.648749828338623,5.919417381286621,6711200
2012-06-01,6.512499809265137,6.518750190734863,6.412499904632568,6.449999809265137,5.742470741271973,10542400
2012-06-04,6.457499980926514,6.534999847412109,6.418749809265137,6.527500152587891,5.811468124389648,7684000
2012-06-05,6.517499923706055,6.678750038146973,6.485000133514404,6.658750057220459,5.928320407867432,7656000
2012-06-06,6.706250190734863,6.772500038146973,6.698750019073486,6.768750190734863,6.026255130767822,6068000
2012-06-07,6.853750228881836,6.90500020980835,6.796249866485596,6.818749904632568,6.070769786834717,6000000
2012-06-08,6.78125,6.867499828338623,6.735000133514404,6.857500076293945,6.105268955230713,5081600
2012-06-11,6.911250114440918,6.996250152587891,6.743750095367432,6.75,6.021084785461426,7289600
2012-06-12,6.766250133514404,6.836249828338623,6.730000019073486,6.836249828338623,6.098021507263184,6308800
2012-06-13,6.81374979019165,6.898749828338623,6.773749828338623,6.864999771118164,6.123665809631348,7815200
2012-06-14,6.864999771118164,6.875,6.763750076293945,6.801249980926514,6.06680154800415,6684800
2012-06-15,6.851250171661377,6.971250057220459,6.81374979019165,6.965000152587891,6.212868690490723,7513600
2012-06-18,6.914999961853027,7.071249961853027,6.891250133514404,7.054999828338623,6.293149471282959,4924000
2012-06-19,7.108749866485596,7.198750019073486,7.046249866485596,7.166250228881836,6.392385959625244,6049600
2012-06-20,7.139999866485596,7.152500152587891,7.03000020980835,7.091249942779541,6.3254852294921875,7864800
2012-06-21,7.103750228881836,7.108749866485596,6.822500228881836,6.849999904632568,6.11028528213501,5674400
2012-06-22,6.883749961853027,6.920000076293945,6.824999809265137,6.888750076293945,6.1448516845703125,6607200
2012-06-25,6.788750171661377,6.793749809265137,6.644999980926514,6.690000057220459,5.967564582824707,4879200
2012-06-26,6.695000171661377,6.721250057220459,6.631249904632568,6.682499885559082,5.960874080657959,7640000
2012-06-27,6.693749904632568,6.772500038146973,6.681250095367432,6.71875,5.993211269378662,5328000
2012-06-28,6.652500152587891,6.691249847412109,6.56125020980835,6.653749942779541,5.935230731964111,5492000
2012-06-29,6.809999942779541,6.871250152587891,6.769999980926514,6.864999771118164,6.123665809631348,5307200
2012-07-02,6.861249923706055,6.893750190734863,6.786250114440918,6.836249828338623,6.098021507263184,4630400
2012-07-03,6.823750019073486,6.912499904632568,6.817500114440918,6.898749828338623,6.153772354125977,3824000
2012-07-05,6.887499809265137,6.929999828338623,6.860000133514404,6.891250133514404,6.1470818519592285,6198400
2012-07-06,6.81125020980835,6.831250190734863,6.602499961853027,6.690000057220459,5.967564582824707,6023200
2012-07-09,6.681250095367432,6.699999809265137,6.606249809265137,6.65625,5.937459468841553,4316800
2012-07-10,6.667500019073486,6.722499847412109,6.503749847412109,6.559999942779541,5.851602554321289,5276000
2012-07-11,6.547500133514404,6.570000171661377,6.433750152587891,6.478750228881836,5.779125213623047,5633600
2012-07-12,6.428750038146973,6.46875,6.361249923706055,6.433750152587891,5.738987922668457,6396800
2012-07-13,6.446249961853027,6.537499904632568,6.421249866485596,6.510000228881836,5.807002067565918,5292000
2012-07-16,6.5,6.521249771118164,6.4375,6.465000152587891,5.766861915588379,5767200
2012-07-17,6.496250152587891,6.506249904632568,6.387499809265137,6.420000076293945,5.726720809936523,14666400
2012-07-18,7.007500171661377,7.461249828338623,6.981249809265137,7.367499828338623,6.571903228759766,35921600
2012-07-19,7.346250057220459,7.5,7.295000076293945,7.37624979019165,6.579709053039551,13925600
2012-07-20,7.304999828338623,7.362500190734863,7.243750095367432,7.272500038146973,6.4871625900268555,11508000
2012-07-23,7.138750076293945,7.292500019073486,6.99875020980835,7.262499809265137,6.478240966796875,11544000
2012-07-24,7.262499809265137,7.262499809265137,7.150000095367432,7.212500095367432,6.43364143371582,6431200
2012-07-25,7.247499942779541,7.397500038146973,7.239999771118164,7.332499980926514,6.540683269500732,8528000
2012-07-26,7.4375,7.514999866485596,7.392499923706055,7.491250038146973,6.682290077209473,6366400
2012-07-27,7.528749942779541,7.557499885559082,7.471250057220459,7.49875020980835,6.6889801025390625,9899200
2012-07-30,7.476250171661377,7.547500133514404,7.416250228881836,7.460000038146973,6.654415607452393,3870400
2012-07-31,7.449999809265137,7.49875020980835,7.352499961853027,7.360000133514404,6.565212249755859,5862400
2012-08-01,7.40625,7.40625,7.298749923706055,7.34499979019165,6.551833629608154,5692800
2012-08-02,7.247499942779541,7.371250152587891,7.1875,7.257500171661377,6.473782062530518,5383200
2012-08-03,7.380000114440918,7.510000228881836,7.358749866485596,7.473750114440918,6.666680335998535,6372800
2012-08-06,7.507500171661377,7.596250057220459,7.487500190734863,7.542500019073486,6.728005409240723,4472800
2012-08-07,7.559999942779541,7.760000228881836,7.543749809265137,7.670000076293945,6.841736316680908,8354400
2012-08-08,7.648749828338623,7.661250114440918,7.565000057220459,7.621250152587891,6.798252582550049,6128000
2012-08-09,7.622499942779541,7.681250095367432,7.596250057220459,7.608749866485596,6.787100315093994,4268800
2012-08-10,7.516250133514404,7.642499923706055,7.507500171661377,7.630000114440918,6.806056499481201,5105600
2012-08-13,7.636250019073486,7.744999885559082,7.607500076293945,7.726250171661377,6.89191198348999,5985600
2012-08-14,7.75,7.78249979019165,7.707499980926514,7.735000133514404,6.899717330932617,4796000
2012-08-15,7.704999923706055,7.763750076293945,7.682499885559082,7.713749885559082,6.88076114654541,3759200
2012-08-16,7.736249923706055,7.836249828338623,7.6875,7.791250228881836,6.949892997741699,5030400
2012-08-17,7.793749809265137,7.852499961853027,7.760000228881836,7.798749923706055,6.956582546234131,4465600
2012-08-20,7.778749942779541,7.806250095367432,7.642499923706055,7.769999980926514,6.9309401512146,3907200
2012-08-21,7.778749942779541,7.847499847412109,7.730000019073486,7.742499828338623,6.906405448913574,5697600
2012-08-22,7.737500190734863,7.747499942779541,7.571249961853027,7.619999885559082,6.797133445739746,7156800
2012-08-23,7.603750228881836,7.678750038146973,7.579999923706055,7.618750095367432,6.796020030975342,2695200
2012-08-24,7.613749980926514,7.71875,7.59250020980835,7.707499980926514,6.875187397003174,3571200
2012-08-27,7.713749885559082,7.766250133514404,7.678750038146973,7.703750133514404,6.871842861175537,2801600
2012-08-28,7.59250020980835,7.632500171661377,7.383749961853027,7.597499847412109,6.777067184448242,4741600
2012-08-29,7.597499847412109,7.652500152587891,7.53000020980835,7.599999904632568,6.779294967651367,4171200
2012-08-30,7.553750038146973,7.577499866485596,7.485000133514404,7.539999961853027,6.725776195526123,4033600
2012-08-31,7.59375,7.642499923706055,7.522500038146973,7.608749866485596,6.787100315093994,4142400
2012-09-04,7.643750190734863,7.711249828338623,7.578750133514404,7.670000076293945,6.841736316680908,7363200
2012-09-05,7.684999942779541,7.68874979019165,7.522500038146973,7.547500133514404,6.7324652671813965,4275200
2012-09-06,7.597499847412109,7.737500190734863,7.590000152587891,7.71875,6.885223865509033,7346400
2012-09-07,7.724999904632568,7.776249885559082,7.707499980926514,7.753749847412109,6.916444778442383,4249600
2012-09-10,7.739999771118164,7.75,7.691249847412109,7.691249847412109,6.872323989868164,3873600
2012-09-11,7.691249847412109,7.715000152587891,7.668749809265137,7.677499771118164,6.8600382804870605,2953600
2012-09-12,7.704999923706055,7.736249923706055,7.631249904632568,7.658750057220459,6.843286514282227,3174400
2012-09-13,7.648749828338623,7.820000171661377,7.648749828338623,7.803750038146973,6.9728474617004395,7234400
2012-09-14,7.789999961853027,7.908750057220459,7.789999961853027,7.897500038146973,7.056614875793457,5039200
2012-09-17,7.896249771118164,7.962500095367432,7.866250038146973,7.886250019073486,7.046562194824219,6194400
2012-09-18,7.87624979019165,7.87624979019165,7.784999847412109,7.827499866485596,6.994065284729004,4729600
2012-09-19,7.857500076293945,7.857500076293945,7.778749942779541,7.801249980926514,6.970613956451416,2968000
2012-09-20,7.760000228881836,7.791250228881836,7.679999828338623,7.736249923706055,6.912533283233643,3318400
2012-09-21,7.771249771118164,7.835000038146973,7.735000133514404,7.736249923706055,6.912533283233643,4106400
2012-09-24,7.698750019073486,7.698750019073486,7.574999809265137,7.588749885559082,6.780737400054932,4556800
2012-09-25,7.619999885559082,7.673749923706055,7.519999980926514,7.522500038146973,6.721543788909912,6066400
2012-09-26,7.512499809265137,7.514999866485596,7.393750190734863,7.400000095367432,6.612087249755859,4572800
2012-09-27,7.393750190734863,7.425000190734863,7.329999923706055,7.409999847412109,6.621020317077637,8880000
2012-09-28,7.37375020980835,7.413750171661377,7.324999809265137,7.360000133514404,6.576343536376953,9431200
2012-10-01,7.397500038146973,7.440000057220459,7.191249847412109,7.221250057220459,6.452366828918457,11114400
2012-10-02,7.28000020980835,7.28000020980835,7.177499771118164,7.246250152587891,6.474705696105957,5726400
2012-10-03,7.268750190734863,7.307499885559082,7.210000038146973,7.278749942779541,6.503745079040527,5673600
2012-10-04,7.307499885559082,7.307499885559082,7.208749771118164,7.243750095367432,6.472471714019775,6572800
2012-10-05,7.277500152587891,7.366250038146973,7.246250152587891,7.34499979019165,6.562941551208496,5086400
2012-10-08,7.288750171661377,7.349999904632568,7.266250133514404,7.289999961853027,6.513797283172607,9297600
2012-10-09,7.28000020980835,7.341249942779541,7.255000114440918,7.3125,6.533903121948242,9634400
2012-10-10,7.292500019073486,7.320000171661377,7.25124979019165,7.293749809265137,6.517147541046143,7189600
2012-10-11,7.353750228881836,7.357500076293945,7.283750057220459,7.3125,6.533903121948242,4844000
2012-10-12,7.315000057220459,7.371250152587891,7.286250114440918,7.321249961853027,6.541721343994141,9180000
2012-10-15,7.336249828338623,7.389999866485596,7.288750171661377,7.375,6.589748859405518,8936800
2012-10-16,7.394999980926514,7.523749828338623,7.37624979019165,7.521249771118164,6.720425128936768,12360000
2012-10-17,7.6875,7.75,7.585000038146973,7.691249847412109,6.872323989868164,9842400
2012-10-18,7.724999904632568,7.74875020980835,7.650000095367432,7.721250057220459,6.899132251739502,9628800
2012-10-19,7.708749771118164,7.732500076293945,7.625,7.638750076293945,6.82541561126709,8912000
2012-10-22,7.613749980926514,7.732500076293945,7.605000019073486,7.695000171661377,6.875676155090332,6377600
2012-10-23,7.598750114440918,7.648749828338623,7.507500171661377,7.625,6.813130855560303,8656800
2012-10-24,7.625,7.628749847412109,7.453750133514404,7.489999771118164,6.692503452301025,8080800
2012-10-25,7.536250114440918,7.577499866485596,7.491250038146973,7.512499809265137,6.7126078605651855,5760800
2012-10-26,7.518750190734863,7.548749923706055,7.454999923706055,7.516250133514404,6.7159576416015625,6488000
2012-10-31,7.511250019073486,7.597499847412109,7.472499847412109,7.516250133514404,6.7159576416015625,4268800
2012-11-01,7.507500171661377,7.65500020980835,7.507500171661377,7.631249904632568,6.818714141845703,5440800
2012-11-02,7.65500020980835,7.693749904632568,7.514999866485596,7.603750228881836,6.794142723083496,3560000
2012-11-05,7.567500114440918,7.733749866485596,7.543749809265137,7.71875,6.896899223327637,4019200
2012-11-06,7.701250076293945,7.84375,7.681250095367432,7.762499809265137,6.935987949371338,6304000
2012-11-07,7.62375020980835,7.81374979019165,7.612500190734863,7.612500190734863,6.801959991455078,7379200
2012-11-08,7.616250038146973,7.627500057220459,7.486249923706055,7.543749809265137,6.7405290603637695,9152000
2012-11-09,7.538750171661377,7.676249980926514,7.50124979019165,7.630000114440918,6.817596912384033,6110400
2012-11-12,7.636250019073486,7.696249961853027,7.579999923706055,7.673749923706055,6.856688499450684,3341600
2012-11-13,7.608749866485596,7.691249847412109,7.574999809265137,7.578750133514404,6.771804332733154,2919200
2012-11-14,7.59375,7.621250152587891,7.378749847412109,7.403749942779541,6.6154351234436035,5300800
2012-11-15,7.402500152587891,7.442500114440918,7.288750171661377,7.340000152587891,6.558473587036133,5362400
2012-11-16,7.337500095367432,7.417500019073486,7.28000020980835,7.389999866485596,6.603150367736816,4628800
2012-11-19,7.460000038146973,7.565000057220459,7.457499980926514,7.5625,6.757283687591553,3221600
2012-11-20,7.546249866485596,7.587500095367432,7.491250038146973,7.552499771118164,6.748350143432617,2676000
2012-11-21,7.568749904632568,7.612500190734863,7.546249866485596,7.59375,6.785207271575928,2613600
2012-11-23,7.618750095367432,7.692500114440918,7.599999904632568,7.690000057220459,6.871208190917969,1324000
2012-11-26,7.675000190734863,7.728750228881836,7.65749979019165,7.723750114440918,6.901363849639893,4676000
2012-11-27,7.704999923706055,7.736249923706055,7.616250038146973,7.632500171661377,6.819831371307373,2623200
2012-11-28,7.583749771118164,7.703750133514404,7.553750038146973,7.695000171661377,6.875676155090332,2615200
2012-11-29,7.710000038146973,7.757500171661377,7.587500095367432,7.75,6.9248199462890625,3134400
2012-11-30,7.763750076293945,7.786250114440918,7.713749885559082,7.739999771118164,6.915883541107178,4770400
2012-12-03,7.806250095367432,7.835000038146973,7.621250152587891,7.631249904632568,6.818714141845703,3065600
2012-12-04,7.675000190734863,7.716249942779541,7.587500095367432,7.619999885559082,6.808659076690674,3393600
2012-12-05,7.617499828338623,7.637499809265137,7.525000095367432,7.621250152587891,6.809780597686768,2769600
2012-12-06,7.621250152587891,7.644999980926514,7.538750171661377,7.638750076293945,6.82541561126709,2498400
2012-12-07,7.673749923706055,7.71999979019165,7.598750114440918,7.703750133514404,6.883493900299072,3923200
2012-12-10,7.672500133514404,7.756249904632568,7.638750076293945,7.737500190734863,6.925449371337891,2818400
2012-12-11,7.769999980926514,7.877500057220459,7.744999885559082,7.851250171661377,7.027262210845947,2989600
2012-12-12,7.897500038146973,7.934999942779541,7.8125,7.861249923706055,7.0362114906311035,5112800
2012-12-13,7.84375,7.893750190734863,7.778749942779541,7.826250076293945,7.004886627197266,3523200
2012-12-14,7.824999809265137,7.855000019073486,7.789999961853027,7.817500114440918,6.9970526695251465,4036800
2012-12-17,7.840000152587891,7.973750114440918,7.809999942779541,7.96999979019165,7.133548736572266,4014400
2012-12-18,7.974999904632568,8.107500076293945,7.932499885559082,8.086250305175781,7.237598896026611,5496000
2012-12-19,8.09000015258789,8.123749732971191,8.050000190734863,8.106249809265137,7.25549840927124,4387200
2012-12-20,8.1225004196167,8.148750305175781,8.03499984741211,8.126250267028809,7.273402690887451,4390400
2012-12-21,8.098750114440918,8.157500267028809,8.005000114440918,8.118749618530273,7.266687393188477,6864800
2012-12-24,8.086250305175781,8.118749618530273,8.047499656677246,8.088749885559082,7.239835262298584,1372000
2012-12-26,8.108750343322754,8.117500305175781,8.0600004196167,8.0649995803833,7.218576431274414,2577600
2012-12-27,8.0625,8.092499732971191,7.981249809265137,8.074999809265137,7.227529048919678,3306400
2012-12-28,8.022500038146973,8.0337495803833,7.942500114440918,7.948750019073486,7.114529609680176,2664800
2012-12-31,7.948750019073486,8.111249923706055,7.918749809265137,8.087499618530273,7.238718032836914,3331200
2013-01-02,8.236249923706055,8.510000228881836,8.2212495803833,8.510000228881836,7.616876125335693,10184000
2013-01-03,8.4375,8.484999656677246,8.366250038146973,8.401249885559082,7.5195393562316895,7552800
2013-01-04,8.40250015258789,8.423749923706055,8.34749984741211,8.367500305175781,7.489332675933838,4317600
2013-01-07,8.358750343322754,8.386249542236328,8.263750076293945,8.37874984741211,7.499402046203613,4875200
2013-01-08,8.361249923706055,8.390000343322754,8.286250114440918,8.336250305175781,7.461360454559326,3464800
2013-01-09,8.354999542236328,8.447500228881836,8.350000381469727,8.438750267028809,7.553102970123291,4128800
2013-01-10,8.482500076293945,8.5,8.4037504196167,8.481249809265137,7.591142177581787,3600000
2013-01-11,8.492500305175781,8.5600004196167,8.444999694824219,8.546250343322754,7.649320125579834,5020800
2013-01-14,8.556249618530273,8.6537504196167,8.479999542236328,8.522500038146973,7.628061294555664,3775200
2013-01-15,8.461250305175781,8.546250343322754,8.43375015258789,8.543749809265137,7.647086143493652,6332000
2013-01-16,8.543749809265137,8.578749656677246,8.494999885559082,8.532500267028809,7.637014389038086,9180800
2013-01-17,8.506250381469727,8.616250038146973,8.361249923706055,8.478750228881836,7.588906288146973,8622400
2013-01-18,8.517499923706055,8.556249618530273,8.40625,8.446249961853027,7.559817790985107,7640000
2013-01-22,8.4375,8.476249694824219,8.40250015258789,8.476249694824219,7.586668491363525,12082400
2013-01-23,8.470000267028809,8.476249694824219,8.40999984741211,8.457500457763672,7.569887161254883,6744800
2013-01-24,8.486249923706055,8.56624984741211,8.432499885559082,8.46875,7.5799560546875,4839200
2013-01-25,8.478750228881836,8.4975004196167,8.430000305175781,8.462499618530273,7.574360370635986,4293600
2013-01-28,8.462499618530273,8.462499618530273,8.391249656677246,8.414999961853027,7.531847953796387,3983200
2013-01-29,8.411250114440918,8.482500076293945,8.390000343322754,8.47249984741211,7.58331298828125,6844800
2013-01-30,8.4712495803833,8.491250038146973,8.461250305175781,8.473750114440918,7.584431171417236,4868000
2013-01-31,8.482500076293945,8.510000228881836,8.407500267028809,8.446249961853027,7.559817790985107,4806400
2013-02-01,8.515000343322754,8.5912504196167,8.47249984741211,8.55875015258789,7.66050910949707,5280800
2013-02-04,8.506250381469727,8.536250114440918,8.416250228881836,8.4375,7.551987171173096,7353600
2013-02-05,8.479999542236328,8.618749618530273,8.432499885559082,8.611249923706055,7.707502841949463,4947200
2013-02-06,8.561249732971191,8.708749771118164,8.532500267028809,8.693750381469727,7.781342506408691,4589600
2013-02-07,8.682499885559082,8.704999923706055,8.573749542236328,8.686249732971191,7.77462911605835,5547200
2013-02-08,8.6899995803833,8.854999542236328,8.6899995803833,8.805000305175781,7.880915641784668,5990400
2013-02-11,8.80875015258789,8.868749618530273,8.770000457763672,8.801250457763672,7.877562522888184,4008000
2013-02-12,8.811249732971191,8.87125015258789,8.771249771118164,8.800000190734863,7.876440048217773,9417600
2013-02-13,8.826250076293945,8.864999771118164,8.726249694824219,8.763750076293945,7.843994617462158,4701600
2013-02-14,8.736249923706055,8.818750381469727,8.71500015258789,8.762499809265137,7.8428778648376465,7226400
2013-02-15,8.787500381469727,8.833749771118164,8.7475004196167,8.802499771118164,7.878678321838379,10091200
2013-02-19,8.818750381469727,8.866250038146973,8.795000076293945,8.861249923706055,7.931259632110596,5494400
2013-02-20,8.867500305175781,8.913749694824219,8.68375015258789,8.686249732971191,7.77462911605835,5119200
2013-02-21,8.651249885559082,8.72249984741211,8.607500076293945,8.65999984741211,7.751134872436523,6396800
2013-02-22,8.71500015258789,8.851249694824219,8.699999809265137,8.850000381469727,7.9211955070495605,5040000
2013-02-25,8.897500038146973,8.907500267028809,8.646249771118164,8.646249771118164,7.738828182220459,4517600
2013-02-26,8.692500114440918,8.792499542236328,8.667499542236328,8.761249542236328,7.84175443649292,4917600
2013-02-27,8.736249923706055,8.888750076293945,8.710000038146973,8.835000038146973,7.907767295837402,4680800
2013-02-28,8.8412504196167,8.9087495803833,8.807499885559082,8.857500076293945,7.927906513214111,4890400
2013-03-01,8.822500228881836,8.970000267028809,8.772500038146973,8.963749885559082,8.0230073928833,5303200
2013-03-04,8.927499771118164,9.011249542236328,8.893750190734863,8.99625015258789,8.052094459533691,5470400
2013-03-05,9.03125,9.109999656677246,9.008749961853027,9.072500228881836,8.120342254638672,5673600
2013-03-06,9.109999656677246,9.143750190734863,9.057499885559082,9.098750114440918,8.14383602142334,3807200
2013-03-07,9.103750228881836,9.111249923706055,9.042499542236328,9.0649995803833,8.113630294799805,5225600
2013-03-08,9.107500076293945,9.173749923706055,9.067500114440918,9.154999732971191,8.194188117980957,4245600
2013-03-11,9.141249656677246,9.170000076293945,9.103750228881836,9.141249656677246,8.193624496459961,4602400
2013-03-12,9.1274995803833,9.142499923706055,9.0287504196167,9.082500457763672,8.140959739685059,4093600
2013-03-13,9.086250305175781,9.149999618530273,9.083749771118164,9.112500190734863,8.167856216430664,3272800
2013-03-14,9.149999618530273,9.220000267028809,9.130000114440918,9.15625,8.207067489624023,4620000
2013-03-15,9.113750457763672,9.126250267028809,9.010000228881836,9.048749923706055,8.110713005065918,5919200
2013-03-18,8.97249984741211,9.077500343322754,8.961250305175781,9.05875015258789,8.119675636291504,4466400
2013-03-19,9.100000381469727,9.123749732971191,8.984999656677246,9.043749809265137,8.106233596801758,5394400
2013-03-20,9.117500305175781,9.173749923706055,9.074999809265137,9.145000457763672,8.196988105773926,3854400
2013-03-21,9.039999961853027,9.164999961853027,8.921250343322754,9.09375,8.151046752929688,4722400
2013-03-22,8.944999694824219,9.15250015258789,8.90625,9.15250015258789,8.203706741333008,3551200
2013-03-25,9.186249732971191,9.1875,9.052499771118164,9.074999809265137,8.134235382080078,3646400
2013-03-26,9.09375,9.15250015258789,9.082500457763672,9.148750305175781,8.200345039367676,2476000
2013-03-27,9.082500457763672,9.147500038146973,9.052499771118164,9.143750190734863,8.1958646774292,2927200
2013-03-28,9.136249542236328,9.338749885559082,9.117500305175781,9.331250190734863,8.363926887512207,6851200
2013-04-01,9.3462495803833,9.3462495803833,9.167499542236328,9.1899995803833,8.237318992614746,4432000
2013-04-02,9.201250076293945,9.272500038146973,9.1850004196167,9.213749885559082,8.258606910705566,3216000
2013-04-03,9.234999656677246,9.261249542236328,9.151249885559082,9.164999961853027,8.214911460876465,3890400
2013-04-04,9.157500267028809,9.234999656677246,9.138750076293945,9.1537504196167,8.204828262329102,2899200
2013-04-05,9.006250381469727,9.06624984741211,8.931249618530273,9.006250381469727,8.072620391845703,6585600
2013-04-08,9.029999732971191,9.130000114440918,9.0024995803833,9.130000114440918,8.183537483215332,2388800
2013-04-09,9.148750305175781,9.161250114440918,9.024999618530273,9.125,8.179059982299805,3931200
2013-04-10,9.143750190734863,9.301250457763672,9.117500305175781,9.295000076293945,8.331436157226562,3958400
2013-04-11,9.289999961853027,9.364999771118164,9.248749732971191,9.3462495803833,8.37736988067627,3427200
2013-04-12,9.25374984741211,9.300000190734863,9.142499923706055,9.186249732971191,8.233960151672363,3744800
2013-04-15,9.15250015258789,9.15250015258789,8.9375,8.9375,8.010993003845215,7665600
2013-04-16,9.0024995803833,9.1899995803833,9.0,9.188750267028809,8.236199378967285,4432800
2013-04-17,9.116250038146973,9.12125015258789,8.895000457763672,9.032500267028809,8.096147537231445,8179200
2013-04-18,9.032500267028809,9.186249732971191,8.761249542236328,9.0287504196167,8.09278392791748,9728000
2013-04-19,9.023750305175781,9.100000381469727,8.904999732971191,9.09749984741211,8.154409408569336,5712000
2013-04-22,9.114999771118164,9.273750305175781,9.098750114440918,9.225000381469727,8.268689155578613,4991200
2013-04-23,9.256250381469727,9.28125,9.126250267028809,9.2475004196167,8.288862228393555,4180000
2013-04-24,9.261249542236328,9.323749542236328,9.238750457763672,9.296250343322754,8.33255386352539,5363200
2013-04-25,9.313750267028809,9.482500076293945,9.2212495803833,9.411250114440918,8.43563175201416,4541600
2013-04-26,9.395000457763672,9.395000457763672,9.28125,9.287500381469727,8.324716567993164,2932000
2013-04-29,9.256250381469727,9.399999618530273,9.256250381469727,9.362500190734863,8.391939163208008,3824800
2013-04-30,9.361249923706055,9.442500114440918,9.328749656677246,9.4399995803833,8.461402893066406,5371200
2013-05-01,9.4375,9.5,9.395000457763672,9.44124984741211,8.462522506713867,6792000
2013-05-02,9.649999618530273,9.649999618530273,9.452500343322754,9.473750114440918,8.491655349731445,7558400
2013-05-03,9.56624984741211,9.65625,9.551250457763672,9.645000457763672,8.645151138305664,6716800
2013-05-06,9.625,9.688750267028809,9.585000038146973,9.645000457763672,8.645151138305664,5597600
2013-05-07,9.643750190734863,9.748749732971191,9.638750076293945,9.736249923706055,8.726940155029297,3547200
2013-05-08,9.72249984741211,9.751250267028809,9.68375015258789,9.7475004196167,8.73702621459961,3584000
2013-05-09,9.738750457763672,9.836250305175781,9.737500190734863,9.78125,8.767277717590332,3230400
2013-05-10,9.827500343322754,10.036250114440918,9.805000305175781,10.036250114440918,8.995843887329102,6140000
2013-05-13,10.015000343322754,10.018750190734863,9.931249618530273,9.979999542236328,8.945425033569336,4332000
2013-05-14,9.979999542236328,10.102499961853027,9.979999542236328,10.102499961853027,9.055227279663086,3136000
2013-05-15,10.086250305175781,10.173749923706055,10.0287504196167,10.170000076293945,9.115728378295898,3856800
2013-05-16,10.161250114440918,10.228750228881836,10.145000457763672,10.177499771118164,9.122447967529297,3847200
2013-05-17,10.220000267028809,10.421250343322754,10.206250190734863,10.411250114440918,9.331968307495117,4546400
2013-05-20,10.37874984741211,10.4037504196167,10.217499732971191,10.241250038146973,9.179591178894043,7136000
2013-05-21,10.237500190734863,10.263750076293945,10.0912504196167,10.125,9.07539176940918,5380800
2013-05-22,9.984999656677246,10.088749885559082,9.638750076293945,9.704999923706055,8.698933601379395,11711200
2013-05-23,9.62874984741211,9.78125,9.600000381469727,9.75,8.739266395568848,6886400
2013-05-24,9.694999694824219,9.81624984741211,9.667499542236328,9.792499542236328,8.777359962463379,4393600
2013-05-28,9.9037504196167,9.936249732971191,9.786250114440918,9.831250190734863,8.812093734741211,4028800
2013-05-29,9.765000343322754,9.823749542236328,9.703749656677246,9.7787504196167,8.765037536621094,4998400
2013-05-30,9.800000190734863,9.829999923706055,9.766249656677246,9.806249618530273,8.78968620300293,5220000
2013-05-31,9.757499694824219,9.856249809265137,9.729999542236328,9.737500190734863,8.72806167602539,5618400
2013-06-03,9.772500038146973,9.837499618530273,9.692500114440918,9.837499618530273,8.817697525024414,4677600
2013-06-04,9.838749885559082,9.901249885559082,9.68375015258789,9.71500015258789,8.707894325256348,7336800
2013-06-05,9.667499542236328,9.680000305175781,9.512499809265137,9.592499732971191,8.598095893859863,8080000
2013-06-06,9.607500076293945,9.670000076293945,9.537500381469727,9.6587495803833,8.657477378845215,4177600
2013-06-07,9.702500343322754,9.803750038146973,9.672499656677246,9.71500015258789,8.707894325256348,5945600
2013-06-10,9.729999542236328,9.743749618530273,9.670000076293945,9.727499961853027,8.730894088745117,4429600
2013-06-11,9.614999771118164,9.6875,9.582500457763672,9.59375,8.610846519470215,3461600
2013-06-12,9.676250457763672,9.676250457763672,9.491250038146973,9.511249542236328,8.536796569824219,2129600
2013-06-13,9.512499809265137,9.645000457763672,9.463749885559082,9.630000114440918,8.643383979797363,4124800
2013-06-14,9.649999618530273,9.662500381469727,9.522500038146973,9.524999618530273,8.549140930175781,2934400
2013-06-17,9.595000267028809,9.960000038146973,9.587499618530273,9.875,8.863280296325684,7650400
2013-06-18,9.895000457763672,9.957500457763672,9.864999771118164,9.90999984741211,8.894695281982422,4309600
2013-06-19,9.886249542236328,9.93375015258789,9.7837495803833,9.7837495803833,8.781379699707031,2975200
2013-06-20,9.648750305175781,9.7162504196167,9.431249618530273,9.451250076293945,8.482949256896973,4568000
2013-06-21,9.536250114440918,9.604999542236328,9.475000381469727,9.548749923706055,8.570462226867676,7584000
2013-06-24,9.43375015258789,9.5287504196167,9.359999656677246,9.369999885559082,8.41002082824707,4910400
2013-06-25,9.483750343322754,9.59000015258789,9.454999923706055,9.548749923706055,8.570462226867676,3942400
2013-06-26,9.645000457763672,9.707500457763672,9.557499885559082,9.6899995803833,8.697237968444824,3740000
2013-06-27,9.744999885559082,9.9399995803833,9.733750343322754,9.927499771118164,8.910405158996582,7599200
2013-06-28,9.923749923706055,9.923749923706055,9.742500305175781,9.742500305175781,8.744359970092773,10706400
2013-07-01,9.823749542236328,9.866250038146973,9.762499809265137,9.8125,8.8071870803833,12544000
2013-07-02,9.8125,9.857500076293945,9.743749618530273,9.80875015258789,8.80382251739502,4822400
2013-07-03,9.732500076293945,9.891249656677246,9.702500343322754,9.862500190734863,8.852066993713379,3928000
2013-07-05,9.927499771118164,10.032500267028809,9.896249771118164,10.03125,9.003524780273438,4094400
2013-07-08,10.051250457763672,10.107500076293945,9.978750228881836,10.0600004196167,9.02933120727539,3506400
2013-07-09,10.138750076293945,10.22249984741211,10.108750343322754,10.21875,9.171815872192383,4005600
2013-07-10,10.2162504196167,10.34749984741211,10.210000038146973,10.3412504196167,9.281764030456543,4380000
2013-07-11,10.412500381469727,10.6537504196167,10.364999771118164,10.641249656677246,9.55102825164795,7983200
2013-07-12,10.636249542236328,10.698749542236328,10.617500305175781,10.672499656677246,9.579079627990723,5694400
2013-07-15,10.676250457763672,10.707500457763672,10.608750343322754,10.614999771118164,9.527464866638184,3123200
2013-07-16,10.633749961853027,10.678750038146973,10.508749961853027,10.53499984741211,9.455665588378906,4439200
2013-07-17,10.5962495803833,10.642499923706055,10.511249542236328,10.571249961853027,9.488200187683105,4125600
2013-07-18,9.80875015258789,9.875,9.5,9.543749809265137,8.565971374511719,25733600
2013-07-19,9.522500038146973,9.607500076293945,9.385000228881836,9.59749984741211,8.614214897155762,11648800
2013-07-22,9.62874984741211,9.8149995803833,9.587499618530273,9.813750267028809,8.808311462402344,7835200
2013-07-23,9.818750381469727,9.850000381469727,9.675000190734863,9.739999771118164,8.742114067077637,8218400
2013-07-24,9.7787504196167,9.833749771118164,9.693750381469727,9.738750457763672,8.740994453430176,7384800
2013-07-25,9.704999923706055,9.734999656677246,9.638750076293945,9.69124984741211,8.698356628417969,6713600
2013-07-26,9.585000038146973,9.699999809265137,9.56624984741211,9.688750267028809,8.696115493774414,6024800
2013-07-29,9.642499923706055,9.71500015258789,9.603750228881836,9.671250343322754,8.680407524108887,4822400
2013-07-30,9.707500457763672,9.78499984741211,9.681249618530273,9.74625015258789,8.747724533081055,7740800
2013-07-31,9.779999732971191,9.899999618530273,9.773750305175781,9.819999694824219,8.813918113708496,6272000
2013-08-01,9.90999984741211,9.99625015258789,9.862500190734863,9.983750343322754,8.960894584655762,5134400
2013-08-02,9.931249618530273,9.975000381469727,9.832500457763672,9.886249542236328,8.873380661010742,4368000
2013-08-05,9.893750190734863,10.09749984741211,9.882499694824219,9.921250343322754,8.904794692993164,4760800
2013-08-06,9.883749961853027,9.927499771118164,9.833749771118164,9.84375,8.835235595703125,5840000
2013-08-07,9.762499809265137,9.8125,9.663749694824219,9.681249618530273,8.689383506774902,4761600
2013-08-08,9.734999656677246,9.756250381469727,9.671250343322754,9.682499885559082,8.690505981445312,5185600
2013-08-09,9.680000305175781,9.711250305175781,9.608750343322754,9.696249961853027,8.702848434448242,5907200
2013-08-12,9.68375015258789,9.72249984741211,9.65999984741211,9.686249732971191,8.693870544433594,3051200
2013-08-13,9.743749618530273,9.768750190734863,9.648750305175781,9.673749923706055,8.68265151977539,3994400
2013-08-14,9.6587495803833,9.686249732971191,9.571249961853027,9.600000381469727,8.616456985473633,3128000
2013-08-15,9.483750343322754,9.492500305175781,9.380000114440918,9.386249542236328,8.424610137939453,3312000
2013-08-16,9.357500076293945,9.4399995803833,9.331250190734863,9.348750114440918,8.390948295593262,4296800
2013-08-19,9.337499618530273,9.337499618530273,9.263750076293945,9.265000343322754,8.315778732299805,4064800
2013-08-20,9.271249771118164,9.462499618530273,9.257499694824219,9.44124984741211,8.47397232055664,4084000
2013-08-21,9.404999732971191,9.507499694824219,9.37125015258789,9.446249961853027,8.4784574508667,5446400
2013-08-22,9.483750343322754,9.734999656677246,9.451250076293945,9.727499961853027,8.730894088745117,6282400
2013-08-23,9.744999885559082,9.793749809265137,9.68375015258789,9.725000381469727,8.728652954101562,4024800
2013-08-26,9.723750114440918,9.755000114440918,9.6274995803833,9.630000114440918,8.643383979797363,2221600
2013-08-27,9.501250267028809,9.572500228881836,9.386249542236328,9.396249771118164,8.433582305908203,2871200
2013-08-28,9.40625,9.551250457763672,9.40625,9.511249542236328,8.536796569824219,3042400
2013-08-29,9.478750228881836,9.600000381469727,9.477499961853027,9.543749809265137,8.565971374511719,1565600
2013-08-30,9.548749923706055,9.576250076293945,9.423749923706055,9.4712495803833,8.500901222229004,2647200
2013-09-03,9.53125,9.581250190734863,9.367500305175781,9.418749809265137,8.453776359558105,6427200
2013-09-04,9.413749694824219,9.572500228881836,9.398750305175781,9.545000076293945,8.567092895507812,3510400
2013-09-05,9.53499984741211,9.585000038146973,9.448749542236328,9.453749656677246,8.485190391540527,3538400
2013-09-06,9.461250305175781,9.488750457763672,9.342499732971191,9.393750190734863,8.431342124938965,5842400
2013-09-09,9.473750114440918,9.664999961853027,9.473750114440918,9.524999618530273,8.571954727172852,7956800
2013-09-10,9.602499961853027,9.7524995803833,9.59000015258789,9.7524995803833,8.776690483093262,5992000
2013-09-11,9.713749885559082,9.793749809265137,9.682499885559082,9.763750076293945,8.786816596984863,3097600
2013-09-12,9.763750076293945,9.774999618530273,9.694999694824219,9.7162504196167,8.744071006774902,2943200
2013-09-13,9.7524995803833,9.773750305175781,9.603750228881836,9.661250114440918,8.694568634033203,3560000
2013-09-16,9.802499771118164,9.8100004196167,9.711250305175781,9.760000228881836,8.783437728881836,4312800
2013-09-17,9.755000114440918,9.797499656677246,9.71500015258789,9.765000343322754,8.787941932678223,2970400
2013-09-18,9.75,9.798749923706055,9.675000190734863,9.792499542236328,8.812688827514648,3531200
2013-09-19,9.797499656677246,9.848750114440918,9.787500381469727,9.835000038146973,8.850936889648438,3729600
2013-09-20,9.751250267028809,9.798749923706055,9.576250076293945,9.595000267028809,8.634949684143066,6826400
2013-09-23,9.626250267028809,9.710000038146973,9.585000038146973,9.675000190734863,8.706948280334473,4644800
2013-09-24,9.677499771118164,9.74625015258789,9.572500228881836,9.666250228881836,8.69906997680664,3222400
2013-09-25,9.675000190734863,9.75374984741211,9.606249809265137,9.723750114440918,8.75082015991211,3784800
2013-09-26,9.72249984741211,9.782500267028809,9.688750267028809,9.7475004196167,8.772191047668457,2530400
2013-09-27,9.681249618530273,9.702500343322754,9.630000114440918,9.692500114440918,8.722695350646973,2480000
2013-09-30,9.598750114440918,9.710000038146973,9.587499618530273,9.672499656677246,8.704694747924805,3620800
2013-10-01,9.673749923706055,9.739999771118164,9.631250381469727,9.702500343322754,8.731696128845215,3664000
2013-10-02,9.626250267028809,9.693750381469727,9.568750381469727,9.693750381469727,8.723822593688965,3318400
2013-10-03,9.648750305175781,9.682499885559082,9.4662504196167,9.53125,8.577577590942383,3060800
2013-10-04,9.55875015258789,9.568750381469727,9.521249771118164,9.561249732971191,8.60457706451416,4862400
2013-10-07,9.486249923706055,9.547499656677246,9.447500228881836,9.476249694824219,8.528085708618164,2636800
2013-10-08,9.461250305175781,9.526249885559082,9.348750114440918,9.353750228881836,8.417837142944336,5738400
2013-10-09,9.366250038146973,9.487500190734863,9.271249771118164,9.461250305175781,8.5145845413208,6044800
2013-10-10,9.5600004196167,9.616250038146973,9.513750076293945,9.522500038146973,8.569706916809082,6421600
2013-10-11,9.482500076293945,9.638750076293945,9.482500076293945,9.631250381469727,8.667574882507324,4966400
2013-10-14,9.576250076293945,9.696249961853027,9.539999961853027,9.637499809265137,8.673195838928223,4047200
2013-10-15,9.5912504196167,9.75,9.567500114440918,9.681249618530273,8.712571144104004,7416000
2013-10-16,9.744999885559082,9.90625,9.726249694824219,9.881250381469727,8.892558097839355,10948000
2013-10-17,9.885000228881836,10.243749618530273,9.788749694824219,10.140000343322754,9.125420570373535,9956800
2013-10-18,10.238750457763672,10.3149995803833,10.212499618530273,10.291250228881836,9.2615327835083,9028800
2013-10-21,10.303750038146973,10.336250305175781,10.265000343322754,10.292499542236328,9.26265811920166,3366400
2013-10-22,10.293749809265137,10.368749618530273,10.241250038146973,10.248749732971191,9.223286628723145,5468800
2013-10-23,10.2212495803833,10.243749618530273,10.162500381469727,10.194999694824219,9.174920082092285,3938400
2013-10-24,10.167499542236328,10.22249984741211,10.149999618530273,10.161250114440918,9.144539833068848,4083200
2013-10-25,10.180000305175781,10.1875,10.09375,10.1587495803833,9.14229679107666,5108800
2013-10-28,10.173749923706055,10.175000190734863,10.046250343322754,10.0912504196167,9.081549644470215,4587200
2013-10-29,10.114999771118164,10.164999961853027,10.09000015258789,10.117500305175781,9.10517406463623,5212800
2013-10-30,10.142499923706055,10.15250015258789,10.036250114440918,10.052499771118164,9.046674728393555,4920000
2013-10-31,10.036250114440918,10.1537504196167,10.006250381469727,10.036250114440918,9.032052993774414,3192800
2013-11-01,10.072500228881836,10.106249809265137,9.958749771118164,9.991250038146973,8.99155330657959,2592800
2013-11-04,10.020000457763672,10.0625,9.987500190734863,10.036250114440918,9.032052993774414,2559200
2013-11-05,9.993749618530273,10.037500381469727,9.932499885559082,9.975000381469727,8.976927757263184,2384800
2013-11-06,10.012499809265137,10.112500190734863,10.012499809265137,10.109999656677246,9.098420143127441,2707200
2013-11-07,10.130000114440918,10.157500267028809,9.9975004196167,10.0337495803833,9.029802322387695,5458400
2013-11-08,10.036250114440918,10.172499656677246,10.022500038146973,10.167499542236328,9.150166511535645,2892000
2013-11-11,10.141249656677246,10.186249732971191,10.102499961853027,10.136249542236328,9.122044563293457,1820800
2013-11-12,10.112500190734863,10.19124984741211,10.077500343322754,10.171250343322754,9.153541564941406,2865600
2013-11-13,10.107500076293945,10.21500015258789,10.06624984741211,10.211250305175781,9.189543724060059,5574400
2013-11-14,10.223750114440918,10.34375,10.207500457763672,10.34000015258789,9.30540657043457,4207200
2013-11-15,10.34375,10.516249656677246,10.332500457763672,10.512499809265137,9.460651397705078,6375200
2013-11-18,10.53125,10.65625,10.53125,10.59749984741211,9.53714370727539,8780000
2013-11-19,10.5625,10.617500305175781,10.537500381469727,10.579999923706055,9.52139663696289,8626400
2013-11-20,10.581250190734863,10.632499694824219,10.550000190734863,10.613750457763672,9.551766395568848,6724000
2013-11-21,10.6274995803833,10.651249885559082,10.56624984741211,10.623749732971191,9.560766220092773,3526400
2013-11-22,10.577500343322754,10.663749694824219,10.5649995803833,10.638750076293945,9.574268341064453,2841600
2013-11-25,10.638750076293945,10.673749923706055,10.602499961853027,10.631250381469727,9.567520141601562,2862400
2013-11-26,10.619999885559082,10.666250228881836,10.617500305175781,10.625,9.561890602111816,3960800
2013-11-27,10.6899995803833,10.702500343322754,10.581250190734863,10.626250267028809,9.563018798828125,2562400
2013-11-29,10.6274995803833,10.65625,10.5912504196167,10.625,9.561890602111816,1966400
2013-12-02,10.62874984741211,10.6850004196167,10.603750228881836,10.631250381469727,9.567520141601562,2772000
2013-12-03,10.635000228881836,10.6850004196167,10.611249923706055,10.667499542236328,9.600140571594238,4220000
2013-12-04,10.5600004196167,10.68375015258789,10.542499542236328,10.645000457763672,9.5798921585083,3404000
2013-12-05,10.6225004196167,10.6587495803833,10.604999542236328,10.62874984741211,9.565264701843262,2568000
2013-12-06,10.6875,10.788749694824219,10.680000305175781,10.763750076293945,9.68675422668457,4304000
2013-12-09,10.786250114440918,10.826250076293945,10.732500076293945,10.823749542236328,9.763431549072266,3316000
2013-12-10,10.768750190734863,10.859999656677246,10.744999885559082,10.8100004196167,9.75102710723877,5659200
2013-12-11,10.793749809265137,10.828749656677246,10.613750457763672,10.618749618530273,9.578512191772461,4904800
2013-12-12,10.625,10.686249732971191,10.62125015258789,10.632499694824219,9.59091854095459,3936800
2013-12-13,10.6537504196167,10.686249732971191,10.573749542236328,10.645000457763672,9.60219669342041,3667200
2013-12-16,10.677499771118164,10.787500381469727,10.675000190734863,10.756250381469727,9.702543258666992,2621600
2013-12-17,10.765000343322754,10.824999809265137,10.729999542236328,10.789999961853027,9.732987403869629,5336800
2013-12-18,10.767499923706055,10.90999984741211,10.626250267028809,10.901249885559082,9.83333969116211,4760000
2013-12-19,10.892499923706055,10.9375,10.852499961853027,10.87874984741211,9.813044548034668,3216800
2013-12-20,10.944999694824219,11.02750015258789,10.916250228881836,10.975000381469727,9.89986515045166,6763200
2013-12-23,11.037500381469727,11.052499771118164,10.951250076293945,10.986249923706055,9.910014152526855,3952000
2013-12-24,11.005000114440918,11.076250076293945,10.954999923706055,11.023750305175781,9.943839073181152,1129600
2013-12-26,11.0337495803833,11.088749885559082,11.0024995803833,11.053750038146973,9.970898628234863,2651200
2013-12-27,11.043749809265137,11.100000381469727,11.020000457763672,11.0337495803833,9.952860832214355,1292800
2013-12-30,11.052499771118164,11.0962495803833,11.052499771118164,11.088749885559082,10.002471923828125,1712000
2013-12-31,11.102499961853027,11.182499885559082,11.100000381469727,11.147500038146973,10.055464744567871,2694400
2014-01-02,11.0912504196167,11.098750114440918,10.932499885559082,10.967499732971191,9.893101692199707,3534400
2014-01-03,10.970000267028809,11.039999961853027,10.953749656677246,11.007499694824219,9.929183959960938,3067200
2014-01-06,11.057499885559082,11.057499885559082,10.896249771118164,10.90625,9.837851524353027,3135200
2014-01-07,10.952500343322754,11.045000076293945,10.917499542236328,10.979999542236328,9.904379844665527,2440800
2014-01-08,10.979999542236328,11.083749771118164,10.953749656677246,11.041250228881836,9.959625244140625,3415200
2014-01-09,11.071249961853027,11.182499885559082,11.053750038146973,11.177499771118164,10.082527160644531,4248000
2014-01-10,11.147500038146973,11.2475004196167,11.0649995803833,11.167499542236328,10.073509216308594,3076800
2014-01-13,11.140000343322754,11.328749656677246,11.09749984741211,11.148750305175781,10.056596755981445,6033600
2014-01-14,11.213749885559082,11.552499771118164,11.213749885559082,11.551250457763672,10.41966724395752,6920800
2014-01-15,11.511249542236328,11.536250114440918,11.401249885559082,11.506250381469727,10.379072189331055,5625600
2014-01-16,11.50374984741211,11.508749961853027,11.417499542236328,11.483750343322754,10.35877799987793,2910400
2014-01-17,11.505000114440918,11.536250114440918,11.451250076293945,11.510000228881836,10.38245677947998,3781600
2014-01-21,11.512499809265137,11.552499771118164,11.329999923706055,11.380000114440918,10.265191078186035,8488800
2014-01-22,11.37874984741211,11.548749923706055,11.228750228881836,11.383749961853027,10.268571853637695,6755200
2014-01-23,11.329999923706055,11.375,11.039999961853027,11.061249732971191,9.97766399383545,6640800
2014-01-24,11.037500381469727,11.037500381469727,10.736249923706055,10.736249923706055,9.6845064163208,5405600
2014-01-27,10.737500190734863,10.789999961853027,10.666250228881836,10.667499542236328,9.622488021850586,7146400
2014-01-28,10.688750267028809,10.792499542236328,10.686249732971191,10.761249542236328,9.70705509185791,8782400
2014-01-29,10.635000228881836,10.748749732971191,10.623749732971191,10.703749656677246,9.655186653137207,9267200
2014-01-30,10.762499809265137,10.87125015258789,10.731249809265137,10.833749771118164,9.77245044708252,6212800
2014-01-31,10.69124984741211,10.899999618530273,10.672499656677246,10.859999656677246,9.796133995056152,6380800
2014-02-03,10.850000381469727,10.866250038146973,10.574999809265137,10.585000038146973,9.54806900024414,8024000
2014-02-04,10.588749885559082,10.640000343322754,10.513750076293945,10.619999885559082,9.579643249511719,5538400
2014-02-05,10.573749542236328,10.699999809265137,10.550000190734863,10.666250228881836,9.62136173248291,4396000
2014-02-06,10.646249771118164,10.880000114440918,10.645000457763672,10.837499618530273,9.775835990905762,5011200
2014-02-07,10.858750343322754,10.928750038146973,10.806249618530273,10.920000076293945,9.850251197814941,4400800
2014-02-10,10.911250114440918,10.936249732971191,10.806249618530273,10.87874984741211,9.813044548034668,2970400
2014-02-11,10.876250267028809,11.023750305175781,10.876250267028809,10.994999885559082,9.917909622192383,3423200
2014-02-12,11.015000343322754,11.074999809265137,10.982500076293945,11.03499984741211,9.953987121582031,2576800
2014-02-13,10.942500114440918,11.085000038146973,10.926250457763672,11.067500114440918,9.983306884765625,2240000
2014-02-14,11.077500343322754,11.086250305175781,10.981249809265137,11.0337495803833,9.952860832214355,3763200
2014-02-18,11.045000076293945,11.123749732971191,11.026249885559082,11.106249809265137,10.018255233764648,3328000
2014-02-19,11.056249618530273,11.210000038146973,11.047499656677246,11.068750381469727,9.984431266784668,3720000
2014-02-20,11.069999694824219,11.137499809265137,10.994999885559082,11.118749618530273,10.029535293579102,2530400
2014-02-21,11.118749618530273,11.167499542236328,11.0024995803833,11.020000457763672,9.940457344055176,4581600
2014-02-24,11.06624984741211,11.2162504196167,11.061249732971191,11.113750457763672,10.025020599365234,3843200
2014-02-25,11.092499732971191,11.136249542236328,11.010000228881836,11.041250228881836,9.959625244140625,2737600
2014-02-26,11.055000305175781,11.073749542236328,10.858750343322754,10.885000228881836,9.818680763244629,6126400
2014-02-27,10.851249694824219,10.989999771118164,10.842499732971191,10.948749542236328,9.87618637084961,6576000
2014-02-28,10.957500457763672,11.041250228881836,10.914999961853027,11.0024995803833,9.92467212677002,4763200
2014-03-03,10.938750267028809,11.016249656677246,10.845000267028809,10.97249984741211,9.897612571716309,4104800
2014-03-04,11.085000038146973,11.270000457763672,11.071249961853027,11.2475004196167,10.145670890808105,4836800
2014-03-05,11.229999542236328,11.257499694824219,11.147500038146973,11.162500381469727,10.068998336791992,3060000
2014-03-06,11.167499542236328,11.302499771118164,11.131250381469727,11.28125,10.176116943359375,4506400
2014-03-07,11.3149995803833,11.395000457763672,11.265000343322754,11.301250457763672,10.1941556930542,3023200
2014-03-10,11.243749618530273,11.34749984741211,11.050000190734863,11.311249732971191,10.225796699523926,4288800
2014-03-11,11.345000267028809,11.395000457763672,11.171250343322754,11.229999542236328,10.15234375,4236000
2014-03-12,11.171250343322754,11.333749771118164,11.145000457763672,11.319999694824219,10.233707427978516,5063200
2014-03-13,11.34375,11.4375,11.256250381469727,11.2787504196167,10.196414947509766,5228800
2014-03-14,11.248749732971191,11.385000228881836,11.238750457763672,11.311249732971191,10.225796699523926,4191200
2014-03-17,11.369999885559082,11.486249923706055,11.354999542236328,11.404999732971191,10.310550689697266,2856800
2014-03-18,11.404999732971191,11.5,11.37125015258789,11.46875,10.368185043334961,3334400
2014-03-19,11.430000305175781,11.511249542236328,11.324999809265137,11.392499923706055,10.299249649047852,3652000
2014-03-20,11.307499885559082,11.462499618530273,11.242500305175781,11.458749771118164,10.359140396118164,3901600
2014-03-21,11.5625,11.702500343322754,11.5,11.65625,10.537690162658691,12815200
2014-03-24,11.595000267028809,11.654999732971191,11.5287504196167,11.5625,10.452934265136719,9436800
2014-03-25,11.557499885559082,11.671250343322754,11.53499984741211,11.59000015258789,10.477797508239746,3407200
2014-03-26,11.662500381469727,11.6875,11.43375015258789,11.43375015258789,10.336542129516602,4253600
2014-03-27,11.477499961853027,11.477499961853027,11.338749885559082,11.34749984741211,10.25856876373291,5374400
2014-03-28,11.37874984741211,11.539999961853027,11.317500114440918,11.452500343322754,10.353490829467773,3258400
2014-03-31,11.520000457763672,11.537500381469727,11.3149995803833,11.456250190734863,10.356884956359863,12580800
2014-04-01,11.491250038146973,11.53125,11.4037504196167,11.52750015258789,10.421294212341309,4996800
2014-04-02,11.542499542236328,11.773750305175781,11.515000343322754,11.75,10.622442245483398,5036000
2014-04-03,11.732500076293945,11.738750457763672,11.617500305175781,11.717499732971191,10.593060493469238,3788800
2014-04-04,11.766249656677246,11.925000190734863,11.581250190734863,11.59000015258789,10.477797508239746,5028800
2014-04-07,11.547499656677246,11.578749656677246,11.381250381469727,11.43375015258789,10.336542129516602,3740000
2014-04-08,11.426250457763672,11.49625015258789,11.338749885559082,11.46500015258789,10.364791870117188,4544000
2014-04-09,11.463749885559082,11.666250228881836,11.44124984741211,11.642499923706055,10.525259017944336,5356000
2014-04-10,11.649999618530273,11.673749923706055,11.376250267028809,11.381250381469727,10.289082527160645,3714400
2014-04-11,11.350000381469727,11.454999923706055,11.293749809265137,11.31624984741211,10.230319023132324,5377600
2014-04-14,11.44124984741211,11.444999694824219,11.287500381469727,11.40250015258789,10.308290481567383,2311200
2014-04-15,11.432499885559082,11.515000343322754,11.3100004196167,11.420000076293945,10.324111938476562,4843200
2014-04-16,11.526249885559082,11.68375015258789,11.460000038146973,11.672499656677246,10.55237865447998,3489600
2014-04-17,11.657500267028809,11.802499771118164,11.606249809265137,11.765000343322754,10.636005401611328,3567200
2014-04-21,11.763750076293945,11.8725004196167,11.742500305175781,11.795000076293945,10.663125991821289,3935200
2014-04-22,11.776249885559082,11.90250015258789,11.762499809265137,11.876250267028809,10.736578941345215,5646400
2014-04-23,11.987500190734863,11.993749618530273,11.74625015258789,11.94124984741211,10.795343399047852,5388800
2014-04-24,12.017499923706055,12.061249732971191,11.958749771118164,12.039999961853027,10.88461685180664,15212800
2014-04-25,12.037500381469727,12.037500381469727,11.772500038146973,11.838749885559082,10.702678680419922,5473600
2014-04-28,11.918749809265137,11.946249961853027,11.712499618530273,11.8412504196167,10.704937934875488,7088000
2014-04-29,11.851249694824219,11.897500038146973,11.818750381469727,11.873749732971191,10.734319686889648,7595200
2014-04-30,11.869999885559082,11.9350004196167,11.791250228881836,11.918749809265137,10.774999618530273,5524800
2014-05-01,11.936249732971191,12.074999809265137,11.875,12.041250228881836,10.8857421875,5830400
2014-05-02,12.018750190734863,12.0649995803833,11.943750381469727,11.967499732971191,10.819070816040039,3836800
2014-05-05,11.912500381469727,12.083749771118164,11.857500076293945,12.067500114440918,10.909475326538086,4312000
2014-05-06,12.03125,12.0625,11.907500267028809,11.914999961853027,10.77160930633545,7355200
2014-05-07,11.9350004196167,11.963749885559082,11.766249656677246,11.958749771118164,10.811161994934082,5261600
2014-05-08,11.938750267028809,12.0625,11.901249885559082,11.938750267028809,10.793079376220703,5251200
2014-05-09,11.94124984741211,12.018750190734863,11.817500114440918,12.0,10.848451614379883,5174400
2014-05-12,12.0337495803833,12.1225004196167,11.991250038146973,12.078749656677246,10.919644355773926,6172000
2014-05-13,12.048749923706055,12.109999656677246,11.9975004196167,12.015000343322754,10.862013816833496,3560000
2014-05-14,12.020000457763672,12.020000457763672,11.932499885559082,11.946249961853027,10.799860000610352,2853600
2014-05-15,11.943750381469727,11.962499618530273,11.779999732971191,11.850000381469727,10.712848663330078,5196000
2014-05-16,11.822500228881836,11.947500228881836,11.8125,11.936249732971191,10.790821075439453,5671200
2014-05-19,11.886249542236328,12.00374984741211,11.876250267028809,11.9712495803833,10.82245922088623,2829600
2014-05-20,11.958749771118164,11.986249923706055,11.807499885559082,11.824999809265137,10.690244674682617,4768800
2014-05-21,11.898750305175781,11.922499656677246,11.824999809265137,11.893750190734863,10.752401351928711,2600000
2014-05-22,11.836250305175781,11.973750114440918,11.836250305175781,11.928750038146973,10.784040451049805,2459200
2014-05-23,11.895000457763672,11.983750343322754,11.885000228881836,11.963749885559082,10.815682411193848,4636000
2014-05-27,11.994999885559082,12.016249656677246,11.922499656677246,11.9375,10.791947364807129,3180800
2014-05-28,11.897500038146973,11.960000038146973,11.8725004196167,11.913749694824219,10.770476341247559,5465600
2014-05-29,11.94124984741211,12.0,11.893750190734863,11.989999771118164,10.839412689208984,3068800
2014-05-30,11.983750343322754,12.029999732971191,11.927499771118164,11.975000381469727,10.82585334777832,3526400
2014-06-02,11.993749618530273,12.112500190734863,11.943750381469727,12.103750228881836,10.942246437072754,3902400
2014-06-03,12.045000076293945,12.078749656677246,11.951250076293945,12.05875015258789,10.90156364440918,3576800
2014-06-04,12.021249771118164,12.057499885559082,11.987500190734863,12.012499809265137,10.859756469726562,2220800
2014-06-05,12.0287504196167,12.140000343322754,12.010000228881836,12.108750343322754,10.94676685333252,4932800
2014-06-06,12.15999984741211,12.241250038146973,12.135000228881836,12.198749542236328,11.028131484985352,5132000
2014-06-09,12.151249885559082,12.34375,12.1225004196167,12.274999618530273,11.119855880737305,4164800
2014-06-10,12.231249809265137,12.24625015258789,12.181249618530273,12.207500457763672,11.05870532989502,2848800
2014-06-11,12.164999961853027,12.276249885559082,12.126250267028809,12.257499694824219,11.103997230529785,2476800
2014-06-12,12.140000343322754,12.233750343322754,12.085000038146973,12.126250267028809,10.985098838806152,2855200
2014-06-13,12.138750076293945,12.170000076293945,12.0649995803833,12.102499961853027,10.963584899902344,2224000
2014-06-16,12.081250190734863,12.140000343322754,12.022500038146973,12.0600004196167,10.925085067749023,1938400
2014-06-17,12.0287504196167,12.142499923706055,11.998749732971191,12.09375,10.955658912658691,2905600
2014-06-18,12.09375,12.131250381469727,11.976249694824219,12.125,10.983964920043945,5061600
2014-06-19,12.137499809265137,12.199999809265137,12.087499618530273,12.176250457763672,11.03039264678955,3736000
2014-06-20,12.212499618530273,12.234999656677246,12.154999732971191,12.1850004196167,11.038320541381836,4988000
2014-06-23,12.178750038146973,12.203749656677246,12.125,12.137499809265137,10.99528980255127,2148000
2014-06-24,12.117500305175781,12.151249885559082,12.005000114440918,12.021249771118164,10.889985084533691,2924800
2014-06-25,12.0,12.051250457763672,11.952500343322754,12.016249656677246,10.885451316833496,3696800
2014-06-26,12.017499923706055,12.023750305175781,11.866250038146973,11.946249961853027,10.822041511535645,2829600
2014-06-27,11.916250228881836,12.06624984741211,11.916250228881836,12.0337495803833,10.9013032913208,3268800
2014-06-30,12.0287504196167,12.052499771118164,11.975000381469727,12.042499542236328,10.909229278564453,3252000
2014-07-01,12.117500305175781,12.170000076293945,12.037500381469727,12.168749809265137,11.023601531982422,6196800
2014-07-02,12.145000457763672,12.163749694824219,12.106249809265137,12.149999618530273,11.006611824035645,2628800
2014-07-03,12.167499542236328,12.239999771118164,12.15625,12.227499961853027,11.076822280883789,1680000
2014-07-07,12.226249694824219,12.262499809265137,12.149999618530273,12.228750228881836,11.07795238494873,2801600
2014-07-08,12.225000381469727,12.2475004196167,12.098750114440918,12.210000038146973,11.060967445373535,3633600
2014-07-09,12.225000381469727,12.233750343322754,12.09375,12.15999984741211,11.015671730041504,2212000
2014-07-10,12.048749923706055,12.142499923706055,12.020000457763672,12.082500457763672,10.94546890258789,1896800
2014-07-11,12.109999656677246,12.12874984741211,12.037500381469727,12.073749542236328,10.937540054321289,2234400
2014-07-14,12.147500038146973,12.206250190734863,12.109999656677246,12.119999885559082,10.979435920715332,1876000
2014-07-15,12.114999771118164,12.164999961853027,12.03125,12.0625,10.927349090576172,3453600
2014-07-16,12.09375,12.131250381469727,12.011249542236328,12.0625,10.927349090576172,2701600
2014-07-17,12.037500381469727,12.073749542236328,11.80875015258789,11.832500457763672,10.718995094299316,5877600
2014-07-18,11.866250038146973,12.061249732971191,11.866250038146973,12.046250343322754,10.912631034851074,5071200
2014-07-21,12.015000343322754,12.074999809265137,11.978750228881836,12.042499542236328,10.909229278564453,2587200
2014-07-22,12.107500076293945,12.151249885559082,12.0600004196167,12.151249885559082,11.007747650146484,3871200
2014-07-23,12.201250076293945,12.47249984741211,12.106249809265137,12.1225004196167,10.981700897216797,9220000
2014-07-24,12.143750190734863,12.289999961853027,12.143750190734863,12.213749885559082,11.064366340637207,3591200
2014-07-25,12.172499656677246,12.232500076293945,12.079999923706055,12.199999809265137,11.051910400390625,5076000
2014-07-28,12.18375015258789,12.257499694824219,12.108750343322754,12.201250076293945,11.053044319152832,3896000
2014-07-29,12.188750267028809,12.232500076293945,12.143750190734863,12.146249771118164,11.003216743469238,5628000
2014-07-30,12.2475004196167,12.260000228881836,12.154999732971191,12.176250457763672,11.03039264678955,4548000
2014-07-31,12.40625,12.40625,12.018750190734863,12.021249771118164,10.889985084533691,5571200
2014-08-01,11.970000267028809,12.112500190734863,11.970000267028809,12.02750015258789,10.895642280578613,5007200
2014-08-04,12.037500381469727,12.168749809265137,12.0,12.145000457763672,11.002084732055664,3201600
2014-08-05,12.074999809265137,12.237500190734863,12.074999809265137,12.171250343322754,11.025863647460938,4667200
2014-08-06,12.133749961853027,12.2787504196167,12.123749732971191,12.227499961853027,11.076822280883789,3769600
2014-08-07,12.262499809265137,12.28499984741211,12.157500267028809,12.180000305175781,11.033791542053223,4600800
2014-08-08,12.201250076293945,12.327500343322754,12.192500114440918,12.323749542236328,11.164013862609863,4609600
2014-08-11,12.34375,12.467499732971191,12.342499732971191,12.4037504196167,11.236486434936523,3992800
2014-08-12,12.436249732971191,12.515000343322754,12.428750038146973,12.481249809265137,11.30669116973877,6228800
2014-08-13,12.5,12.532500267028809,12.4399995803833,12.50374984741211,11.32707691192627,4858400
2014-08-14,12.543749809265137,12.62125015258789,12.510000228881836,12.612500190734863,11.425593376159668,4058400
2014-08-15,12.671250343322754,12.678750038146973,12.461250305175781,12.548749923706055,11.367837905883789,17823200
2014-08-18,12.62874984741211,12.748749732971191,12.587499618530273,12.723750114440918,11.526369094848633,3436000
2014-08-19,12.75,12.793749809265137,12.723750114440918,12.773750305175781,11.57166862487793,3914400
2014-08-20,12.731249809265137,12.796250343322754,12.708749771118164,12.78125,11.578461647033691,2875200
2014-08-21,12.802499771118164,13.0600004196167,12.760000228881836,13.047499656677246,11.819653511047363,7615200
2014-08-22,12.989999771118164,13.053750038146973,12.956250190734863,12.981249809265137,11.759638786315918,4152800
2014-08-25,13.032500267028809,13.116250038146973,12.978750228881836,13.039999961853027,11.812858581542969,3408000
2014-08-26,13.067500114440918,13.071249961853027,12.970000267028809,12.97249984741211,11.751710891723633,3277600
2014-08-27,13.017499923706055,13.017499923706055,12.9037504196167,12.938750267028809,11.721141815185547,3953600
2014-08-28,12.883749961853027,12.946249961853027,12.842499732971191,12.923749923706055,11.707551956176758,2975200
2014-08-29,12.926250457763672,12.977499961853027,12.857500076293945,12.876250267028809,11.664521217346191,5519200
2014-09-02,12.958749771118164,13.092499732971191,12.958749771118164,13.037500381469727,11.81059455871582,7518400
2014-09-03,13.087499618530273,13.12125015258789,13.010000228881836,13.018750190734863,11.793608665466309,4996000
2014-09-04,13.061249732971191,13.116250038146973,12.976249694824219,12.991250038146973,11.768696784973145,3366400
2014-09-05,12.989999771118164,13.036250114440918,12.94124984741211,13.015000343322754,11.790214538574219,3607200
2014-09-08,12.954999923706055,13.024999618530273,12.932499885559082,13.010000228881836,11.81404972076416,5232000
2014-09-09,12.992500305175781,13.018750190734863,12.904999732971191,12.930000305175781,11.74140453338623,3632000
2014-09-10,12.907500267028809,13.005000114440918,12.895000457763672,12.925000190734863,11.736863136291504,4705600
2014-09-11,12.875,13.0600004196167,12.8462495803833,13.055000305175781,11.854917526245117,3897600
2014-09-12,13.03125,13.06624984741211,12.987500190734863,13.02750015258789,11.829939842224121,4793600
2014-09-15,13.010000228881836,13.010000228881836,12.918749809265137,12.952500343322754,11.761838912963867,4737600
2014-09-16,12.891249656677246,13.032500267028809,12.858750343322754,12.998749732971191,11.80383586883545,3340800
2014-09-17,13.017499923706055,13.0912504196167,12.961250305175781,13.057499885559082,11.857183456420898,5752800
2014-09-18,13.082500457763672,13.181249618530273,13.071249961853027,13.164999961853027,11.954801559448242,5515200
2014-09-19,13.228750228881836,13.242500305175781,12.981249809265137,12.989999771118164,11.79588794708252,6660800
2014-09-22,12.928750038146973,13.007499694824219,12.907500267028809,12.946249961853027,11.756160736083984,3046400
2014-09-23,12.898750305175781,12.913749694824219,12.723750114440918,12.726249694824219,11.556385040283203,4961600
2014-09-24,12.727499961853027,12.7837495803833,12.662500381469727,12.767499923706055,11.593840599060059,4648800
2014-09-25,12.742500305175781,12.758749961853027,12.557499885559082,12.588749885559082,11.431525230407715,3648800
2014-09-26,12.636249542236328,12.7524995803833,12.609999656677246,12.727499961853027,11.55751895904541,2536000
2014-09-29,12.606249809265137,12.765000343322754,12.601249694824219,12.729999542236328,11.55979061126709,4903200
2014-09-30,12.717499732971191,12.758749961853027,12.462499618530273,12.482500076293945,11.335041046142578,8160000
2014-10-01,12.4375,12.456250190734863,12.171250343322754,12.262499809265137,11.135265350341797,9295200
2014-10-02,12.2787504196167,12.37874984741211,12.201250076293945,12.34000015258789,11.205641746520996,6660800
2014-10-03,12.375,12.451250076293945,12.354999542236328,12.422499656677246,11.280557632446289,4244000
2014-10-06,12.46500015258789,12.481249809265137,12.354999542236328,12.375,11.23742389678955,5578400
2014-10-07,12.333749771118164,12.356249809265137,12.212499618530273,12.217499732971191,11.094398498535156,4788000
2014-10-08,12.25374984741211,12.482500076293945,12.175000190734863,12.476249694824219,11.329366683959961,6473600
2014-10-09,12.449999809265137,12.4712495803833,12.289999961853027,12.335000038146973,11.201098442077637,6830400
2014-10-10,12.2524995803833,12.2524995803833,11.420000076293945,11.425000190734863,10.374753952026367,15300000
2014-10-13,11.449999809265137,11.6850004196167,11.317500114440918,11.390000343322754,10.342970848083496,7231600
2014-10-14,11.462499618530273,11.682499885559082,11.432499885559082,11.609999656677246,10.542745590209961,5926400
2014-10-15,11.432499885559082,11.832500457763672,11.362500190734863,11.767499923706055,10.685766220092773,8917600
2014-10-16,11.539999961853027,11.8774995803833,11.537500381469727,11.800000190734863,10.715279579162598,5682800
2014-10-17,11.895000457763672,12.117500305175781,11.854999542236328,12.007499694824219,10.903701782226562,5746400
2014-10-20,11.962499618530273,12.074999809265137,11.9375,12.0649995803833,10.955921173095703,4611600
2014-10-21,12.154999732971191,12.420000076293945,12.154999732971191,12.417499542236328,11.27601432800293,8026800
2014-10-22,12.0,12.067500114440918,11.702500343322754,11.779999732971191,10.69711685180664,11387600
2014-10-23,12.0,12.077500343322754,11.895000457763672,12.0024995803833,10.899163246154785,5288400
2014-10-24,12.0,12.229999542236328,11.979999542236328,12.207500457763672,11.085321426391602,3673600
2014-10-27,12.172499656677246,12.204999923706055,12.057499885559082,12.092499732971191,10.980890274047852,4218000
2014-10-28,12.104999542236328,12.307499885559082,12.100000381469727,12.307499885559082,11.176128387451172,4050400
2014-10-29,12.317500114440918,12.369999885559082,12.199999809265137,12.297499656677246,11.167045593261719,6277600
2014-10-30,12.234999656677246,12.404999732971191,12.227499961853027,12.3725004196167,11.235150337219238,2993600
2014-10-31,12.585000038146973,12.699999809265137,12.522500038146973,12.645000457763672,11.482605934143066,5331200
2014-11-03,12.664999961853027,12.702500343322754,12.5,12.600000381469727,11.441740036010742,4636000
2014-11-04,12.604999542236328,12.664999961853027,12.430000305175781,12.494999885559082,11.346391677856445,4967200
2014-11-05,12.547499656677246,12.670000076293945,12.449999809265137,12.654999732971191,11.491681098937988,2858800
2014-11-06,12.6875,12.77750015258789,12.637499809265137,12.760000228881836,11.587030410766602,3136400
2014-11-07,12.762499809265137,12.789999961853027,12.609999656677246,12.739999771118164,11.568869590759277,3798800
2014-11-10,12.704999923706055,12.760000228881836,12.617500305175781,12.670000076293945,11.505305290222168,3571600
2014-11-11,12.702500343322754,12.7475004196167,12.662500381469727,12.702500343322754,11.534821510314941,2264000
2014-11-12,12.677499771118164,12.845000267028809,12.664999961853027,12.817500114440918,11.639246940612793,2792000
2014-11-13,12.802499771118164,12.829999923706055,12.579999923706055,12.677499771118164,11.512116432189941,4378000
2014-11-14,12.6899995803833,12.762499809265137,12.640000343322754,12.71500015258789,11.546168327331543,4338000
2014-11-17,12.697500228881836,12.755000114440918,12.65250015258789,12.707500457763672,11.539356231689453,4190400
2014-11-18,12.697500228881836,12.970000267028809,12.677499771118164,12.887499809265137,11.70280933380127,6098400
2014-11-19,12.867500305175781,12.907500267028809,12.8125,12.882499694824219,11.69826889038086,4946000
2014-11-20,12.787500381469727,12.899999618530273,12.737500190734863,12.837499618530273,11.657407760620117,3059200
2014-11-21,12.982500076293945,13.109999656677246,12.97249984741211,13.012499809265137,11.816322326660156,14341200
2014-11-24,13.079999923706055,13.137499809265137,13.015000343322754,13.112500190734863,11.907127380371094,4946400
2014-11-25,13.149999618530273,13.272500038146973,13.125,13.15250015258789,11.943452835083008,5551200
2014-11-26,13.140000343322754,13.270000457763672,13.104999542236328,13.244999885559082,12.027449607849121,3887200
2014-11-28,13.279999732971191,13.4399995803833,13.220000267028809,13.407500267028809,12.17501163482666,3543600
2014-12-01,13.352499961853027,13.3725004196167,13.232500076293945,13.234999656677246,12.018366813659668,4138000
2014-12-02,13.239999771118164,13.300000190734863,13.210000038146973,13.300000190734863,12.07738971710205,3699600
2014-12-03,13.262499809265137,13.442500114440918,13.239999771118164,13.425000190734863,12.219612121582031,3151600
2014-12-04,13.407500267028809,13.467499732971191,13.319999694824219,13.422499656677246,12.217339515686035,2272000
2014-12-05,13.425000190734863,13.492500305175781,13.385000228881836,13.430000305175781,12.224162101745605,3040400
2014-12-08,13.420000076293945,13.517499923706055,13.319999694824219,13.399999618530273,12.196857452392578,4374400
2014-12-09,13.265000343322754,13.4975004196167,13.22249984741211,13.470000267028809,12.26057243347168,4463200
2014-12-10,13.489999771118164,13.732500076293945,13.444999694824219,13.454999923706055,12.246919631958008,6051600
2014-12-11,13.52750015258789,13.654999732971191,13.414999961853027,13.444999694824219,12.237815856933594,13843600
2014-12-12,13.322500228881836,13.412500381469727,13.072500228881836,13.082500457763672,11.907864570617676,6769600
2014-12-15,13.1225004196167,13.1899995803833,12.912500381469727,12.975000381469727,11.810016632080078,8451200
2014-12-16,12.9375,13.162500381469727,12.90250015258789,12.907500267028809,11.748575210571289,5259200
2014-12-17,12.932499885559082,13.1850004196167,12.792499542236328,13.15999984741211,11.978405952453613,4257200
2014-12-18,13.317500114440918,13.59749984741211,13.265000343322754,13.59749984741211,12.376622200012207,6886400
2014-12-19,13.6850004196167,13.787500381469727,13.585000038146973,13.755000114440918,12.51998233795166,10498000
2014-12-22,13.787500381469727,13.845000267028809,13.744999885559082,13.807499885559082,12.567769050598145,3079600
2014-12-23,13.875,13.912500381469727,13.852499961853027,13.862500190734863,12.617830276489258,3376400
2014-12-24,13.875,13.895000457763672,13.807499885559082,13.8149995803833,12.574593544006348,1658000
2014-12-26,13.854999542236328,13.914999961853027,13.800000190734863,13.805000305175781,12.565494537353516,1604800
2014-12-29,13.7524995803833,13.857500076293945,13.737500190734863,13.744999885559082,12.510880470275879,1977600
2014-12-30,13.779999732971191,13.779999732971191,13.619999885559082,13.619999885559082,12.397104263305664,2191600
2014-12-31,13.677499771118164,13.677499771118164,13.442500114440918,13.452500343322754,12.24464225769043,2964800
2015-01-02,13.507499694824219,13.555000305175781,13.295000076293945,13.40999984741211,12.205961227416992,3136000
2015-01-05,13.3149995803833,13.352499961853027,13.132499694824219,13.164999961853027,11.982958793640137,4789200
2015-01-06,13.175000190734863,13.272500038146973,12.8725004196167,12.9975004196167,11.830495834350586,8298400
2015-01-07,13.125,13.227499961853027,13.037500381469727,13.220000267028809,12.033016204833984,3245200
2015-01-08,13.364999771118164,13.505000114440918,13.354999542236328,13.477499961853027,12.267398834228516,3911200
2015-01-09,13.494999885559082,13.520000457763672,13.395000457763672,13.399999618530273,12.196857452392578,2463600
2015-01-12,13.390000343322754,13.407500267028809,13.172499656677246,13.237500190734863,12.048949241638184,2605200
2015-01-13,13.380000114440918,13.487500190734863,13.104999542236328,13.207500457763672,12.021642684936523,2992400
2015-01-14,13.022500038146973,13.170000076293945,12.949999809265137,13.112500190734863,11.935171127319336,3551600
2015-01-15,13.182499885559082,13.207500457763672,12.977499961853027,12.982500076293945,11.816843032836914,2707200
2015-01-16,12.9350004196167,13.117500305175781,12.914999961853027,13.104999542236328,11.928342819213867,4332800
2015-01-20,13.125,13.157500267028809,12.927499771118164,13.087499618530273,11.912418365478516,6205600
2015-01-21,12.9975004196167,13.704999923706055,12.797499656677246,13.482500076293945,12.27194881439209,10832800
2015-01-22,13.537500381469727,13.717499732971191,13.317500114440918,13.6899995803833,12.460819244384766,5552400
2015-01-23,13.720000267028809,13.827500343322754,13.670000076293945,13.727499961853027,12.494954109191895,5597600
2015-01-26,13.680000305175781,13.77750015258789,13.649999618530273,13.697500228881836,12.467643737792969,2982400
2015-01-27,13.522500038146973,13.677499771118164,13.462499618530273,13.579999923706055,12.360696792602539,4060400
2015-01-28,13.72249984741211,13.819999694824219,13.487500190734863,13.492500305175781,12.281054496765137,5963600
2015-01-29,13.524999618530273,13.767499923706055,13.420000076293945,13.739999771118164,12.506328582763672,5270400
2015-01-30,13.670000076293945,13.699999809265137,13.404999732971191,13.427499771118164,12.221888542175293,4596400
2015-02-02,13.489999771118164,13.579999923706055,13.262499809265137,13.5600004196167,12.34249210357666,3786400
2015-02-03,13.582500457763672,13.664999961853027,13.479999542236328,13.645000457763672,12.419857025146484,5589200
2015-02-04,13.614999771118164,13.737500190734863,13.52750015258789,13.642499923706055,12.417584419250488,3245200
2015-02-05,13.664999961853027,13.850000381469727,13.645000457763672,13.8100004196167,12.57004451751709,3184000
2015-02-06,13.789999961853027,13.904999732971191,13.71500015258789,13.762499809265137,12.526808738708496,2929600
2015-02-09,13.707500457763672,13.802499771118164,13.637499809265137,13.699999809265137,12.469917297363281,2705200
2015-02-10,13.807499885559082,13.975000381469727,13.7475004196167,13.9350004196167,12.683821678161621,3463200
2015-02-11,13.927499771118164,13.979999542236328,13.8125,13.887499809265137,12.640588760375977,3162800
2015-02-12,13.920000076293945,14.0,13.895000457763672,14.0,12.742985725402832,2236800
2015-02-13,13.967499732971191,14.114999771118164,13.952500343322754,14.09749984741211,12.831729888916016,2764000
2015-02-17,14.092499732971191,14.09749984741211,13.942500114440918,14.0,12.742985725402832,2779200
2015-02-18,13.9975004196167,14.087499618530273,13.922499656677246,14.0625,12.799873352050781,1753200
2015-02-19,14.03499984741211,14.125,14.0,14.055000305175781,12.793047904968262,1625200
2015-02-20,14.047499656677246,14.2475004196167,13.917499542236328,14.229999542236328,12.952335357666016,3411600
2015-02-23,14.1875,14.232500076293945,14.052499771118164,14.180000305175781,12.906824111938477,2625600
2015-02-24,14.1899995803833,14.2475004196167,14.102499961853027,14.204999923706055,12.929577827453613,4992400
2015-02-25,14.192500114440918,14.257499694824219,14.147500038146973,14.212499618530273,12.93640422821045,3343600
2015-02-26,14.244999885559082,14.34749984741211,14.182499885559082,14.199999809265137,12.925030708312988,3395600
2015-02-27,14.162500381469727,14.242500305175781,14.107500076293945,14.114999771118164,12.84765625,3699200
2015-03-02,14.114999771118164,14.3100004196167,14.079999923706055,14.305000305175781,13.020599365234375,5311200
2015-03-03,14.260000228881836,14.34000015258789,14.1850004196167,14.329999923706055,13.043353080749512,3844000
2015-03-04,14.28499984741211,14.595000267028809,14.217499732971191,14.5600004196167,13.252705574035645,7485600
2015-03-05,14.6225004196167,14.727499961853027,14.524999618530273,14.680000305175781,13.361930847167969,4297600
2015-03-06,14.595000267028809,14.675000190734863,14.40999984741211,14.442500114440918,13.145753860473633,5068400
2015-03-09,14.40250015258789,14.457500457763672,14.352499961853027,14.427499771118164,13.160582542419434,4414800
2015-03-10,14.295000076293945,14.4375,14.287500381469727,14.3149995803833,13.057958602905273,4819600
2015-03-11,14.342499732971191,14.375,14.27750015258789,14.322500228881836,13.064798355102539,3206000
2015-03-12,14.34000015258789,14.582500457763672,14.324999809265137,14.572500228881836,13.292845726013184,2777600
2015-03-13,14.574999809265137,14.625,14.412500381469727,14.487500190734863,13.215307235717773,2965200
2015-03-16,14.555000305175781,14.832500457763672,14.52750015258789,14.827500343322754,13.525455474853516,4557200
2015-03-17,14.7524995803833,14.774999618530273,14.6225004196167,14.75,13.454755783081055,3744800
2015-03-18,14.710000038146973,15.125,14.657500267028809,15.050000190734863,13.728413581848145,4250800
2015-03-19,15.022500038146973,15.0649995803833,14.962499618530273,14.992500305175781,13.67596435546875,4592000
2015-03-20,15.055000305175781,15.135000228881836,14.984999656677246,15.012499809265137,13.694209098815918,8190800
2015-03-23,15.037500381469727,15.057499885559082,14.930000305175781,14.9350004196167,13.623517036437988,5468400
2015-03-24,14.9350004196167,14.982500076293945,14.737500190734863,14.772500038146973,13.475278854370117,4196400
2015-03-25,14.765000343322754,14.817500114440918,14.40250015258789,14.40250015258789,13.137772560119629,4218400
2015-03-26,14.364999771118164,14.427499771118164,14.1850004196167,14.375,13.112687110900879,8228000
2015-03-27,14.382499694824219,14.442500114440918,14.319999694824219,14.40999984741211,13.144615173339844,5116000
2015-03-30,14.545000076293945,14.717499732971191,14.517499923706055,14.692500114440918,13.402307510375977,3367600
2015-03-31,14.582500457763672,14.797499656677246,14.539999961853027,14.732500076293945,13.43879508972168,5270400
2015-04-01,14.664999961853027,14.694999694824219,14.457500457763672,14.569999694824219,13.290562629699707,5339200
2015-04-02,14.510000228881836,14.725000381469727,14.510000228881836,14.699999809265137,13.409150123596191,3358400
2015-04-06,14.614999771118164,14.797499656677246,14.5649995803833,14.742500305175781,13.447918891906738,4066000
2015-04-07,14.702500343322754,14.755000114440918,14.670000076293945,14.710000038146973,13.418272972106934,3355600
2015-04-08,14.694999694824219,14.805000305175781,14.632499694824219,14.802499771118164,13.502649307250977,2902400
2015-04-09,14.782500267028809,14.864999771118164,14.720000267028809,14.824999809265137,13.523171424865723,2313200
2015-04-10,14.824999809265137,14.887499809265137,14.78499984741211,14.885000228881836,13.577901840209961,2156400
2015-04-13,14.845000267028809,14.90250015258789,14.72249984741211,14.7524995803833,13.457037925720215,2940000
2015-04-14,14.702500343322754,14.760000228881836,14.612500190734863,14.732500076293945,13.43879508972168,3342800
2015-04-15,14.762499809265137,14.8774995803833,14.72249984741211,14.805000305175781,13.504927635192871,3806400
2015-04-16,14.742500305175781,14.8125,14.6850004196167,14.6899995803833,13.4000244140625,3236000
2015-04-17,14.577500343322754,14.592499732971191,14.442500114440918,14.489999771118164,13.21759033203125,3596400
2015-04-20,14.592499732971191,14.677499771118164,14.587499618530273,14.609999656677246,13.32705020904541,3528800
2015-04-21,14.675000190734863,14.742500305175781,14.539999961853027,14.539999961853027,13.263198852539062,6375200
2015-04-22,14.15999984741211,14.422499656677246,13.882499694824219,14.202500343322754,12.955334663391113,8589200
2015-04-23,14.09000015258789,14.255000114440918,14.020000457763672,14.175000190734863,12.930251121520996,4694000
2015-04-24,14.170000076293945,14.170000076293945,14.024999618530273,14.042499542236328,12.809385299682617,5086800
2015-04-27,14.037500381469727,14.09000015258789,13.97249984741211,14.055000305175781,12.82079029083252,4808000
2015-04-28,14.015000343322754,14.0600004196167,13.90250015258789,13.9975004196167,12.76833438873291,5322400
2015-04-29,13.895000457763672,13.975000381469727,13.854999542236328,13.947500228881836,12.722726821899414,3532000
2015-04-30,13.857500076293945,13.944999694824219,13.737500190734863,13.842499732971191,12.626947402954102,4872400
2015-05-01,13.942500114440918,14.130000114440918,13.892499923706055,14.1225004196167,12.882360458374023,4655600
2015-05-04,14.132499694824219,14.2475004196167,14.132499694824219,14.207500457763672,12.959900856018066,3350400
2015-05-05,14.172499656677246,14.225000381469727,13.957500457763672,13.979999542236328,12.752373695373535,3538800
2015-05-06,14.055000305175781,14.055000305175781,13.854999542236328,13.925000190734863,12.702203750610352,3104800
2015-05-07,13.960000038146973,13.984999656677246,13.897500038146973,13.9375,12.713608741760254,2382000
2015-05-08,14.0600004196167,14.212499618530273,14.047499656677246,14.202500343322754,12.955334663391113,2549200
2015-05-11,14.147500038146973,14.319999694824219,14.079999923706055,14.287500381469727,13.032870292663574,5279200
2015-05-12,14.199999809265137,14.27750015258789,14.149999618530273,14.192500114440918,12.946213722229004,3412800
2015-05-13,14.244999885559082,14.399999618530273,14.202500343322754,14.237500190734863,12.987263679504395,3304000
2015-05-14,14.357500076293945,14.532500267028809,14.289999961853027,14.520000457763672,13.244956016540527,2935600
2015-05-15,14.46500015258789,14.542499542236328,14.404999732971191,14.444999694824219,13.17654037475586,2314800
2015-05-18,14.395000457763672,14.542499542236328,14.395000457763672,14.539999961853027,13.263198852539062,2025200
2015-05-19,14.582500457763672,14.600000381469727,14.4975004196167,14.515000343322754,13.240396499633789,2082800
2015-05-20,14.5,14.609999656677246,14.475000381469727,14.567500114440918,13.288285255432129,2817200
2015-05-21,14.604999542236328,14.6225004196167,14.444999694824219,14.492500305175781,13.219868659973145,2668800
2015-05-22,14.444999694824219,14.517499923706055,14.385000228881836,14.482500076293945,13.210747718811035,3365200
2015-05-26,14.342499732971191,14.467499732971191,14.25,14.295000076293945,13.039711952209473,3855200
2015-05-27,14.342499732971191,14.430000305175781,14.172499656677246,14.412500381469727,13.146897315979004,4263600
2015-05-28,14.397500038146973,14.4399995803833,14.354999542236328,14.407500267028809,13.14233684539795,3076000
2015-05-29,14.397500038146973,14.4375,14.257499694824219,14.262499809265137,13.010068893432617,3321200
2015-06-01,14.27750015258789,14.332500457763672,14.15250015258789,14.300000190734863,13.044272422790527,4324400
2015-06-02,14.2475004196167,14.479999542236328,14.147500038146973,14.414999961853027,13.149178504943848,3853200
2015-06-03,14.417499542236328,14.539999961853027,14.352499961853027,14.470000267028809,13.19934368133545,2931600
2015-06-04,14.407500267028809,14.407500267028809,14.217499732971191,14.237500190734863,12.987263679504395,3380800
2015-06-05,14.197500228881836,14.317500114440918,14.142499923706055,14.28499984741211,13.03058910369873,2101600
2015-06-08,14.272500038146973,14.305000305175781,14.177499771118164,14.21500015258789,12.995165824890137,2852800
2015-06-09,14.147500038146973,14.239999771118164,14.130000114440918,14.172499656677246,12.956317901611328,2240800
2015-06-10,14.217499732971191,14.369999885559082,14.204999923706055,14.34749984741211,13.116296768188477,1806000
2015-06-11,14.375,14.407500267028809,14.317500114440918,14.375,13.141434669494629,2125600
2015-06-12,14.287500381469727,14.447500228881836,14.234999656677246,14.422499656677246,13.184861183166504,4098800
2015-06-15,14.317500114440918,14.317500114440918,14.164999961853027,14.2475004196167,13.02487850189209,2830000
2015-06-16,14.25,14.364999771118164,14.210000038146973,14.287500381469727,13.061446189880371,2746000
2015-06-17,14.332500457763672,14.3774995803833,14.175000190734863,14.257499694824219,13.034018516540527,2694000
2015-06-18,14.305000305175781,14.5625,14.279999732971191,14.550000190734863,13.301419258117676,3176800
2015-06-19,14.479999542236328,14.522500038146973,14.417499542236328,14.422499656677246,13.184861183166504,3855200
2015-06-22,14.522500038146973,14.542499542236328,14.425000190734863,14.482500076293945,13.239713668823242,1924000
2015-06-23,14.477499961853027,14.489999771118164,14.375,14.432499885559082,13.194001197814941,2660000
2015-06-24,14.4350004196167,14.462499618530273,14.180000305175781,14.197500228881836,12.979167938232422,3743200
2015-06-25,14.225000381469727,14.2475004196167,14.02750015258789,14.045000076293945,12.839755058288574,2721600
2015-06-26,14.0600004196167,14.119999885559082,13.895000457763672,13.920000076293945,12.725481986999512,5658800
2015-06-29,13.907500267028809,14.542499542236328,13.875,14.210000038146973,12.990596771240234,20193200
2015-06-30,14.369999885559082,14.65999984741211,14.369999885559082,14.492500305175781,13.248852729797363,11082000
2015-07-01,14.625,14.6274995803833,14.305000305175781,14.362500190734863,13.130008697509766,6364000
2015-07-02,14.350000381469727,14.4399995803833,14.1899995803833,14.2475004196167,13.02487850189209,5760000
2015-07-06,14.102499961853027,14.225000381469727,13.947500228881836,14.005000114440918,12.803186416625977,7061600
2015-07-07,14.0024995803833,14.0625,13.779999732971191,13.97249984741211,12.773477554321289,7464800
2015-07-08,13.832500457763672,13.862500190734863,13.547499656677246,13.550000190734863,12.38723373413086,5292800
2015-07-09,13.765000343322754,13.772500038146973,13.545000076293945,13.572500228881836,12.407800674438477,3661600
2015-07-10,13.75,13.77750015258789,13.557499885559082,13.6274995803833,12.458081245422363,4282800
2015-07-13,13.729999542236328,13.852499961853027,13.680000305175781,13.845000267028809,12.656917572021484,3925600
2015-07-14,13.819999694824219,13.867500305175781,13.767499923706055,13.787500381469727,12.604351997375488,3401600
2015-07-15,13.805000305175781,13.890000343322754,13.729999542236328,13.75,12.570068359375,5833200
2015-07-16,13.84000015258789,13.885000228881836,13.710000038146973,13.737500190734863,12.558643341064453,3641200
2015-07-17,13.755000114440918,13.770000457763672,13.494999885559082,13.579999923706055,12.414654731750488,6749600
2015-07-20,13.614999771118164,13.637499809265137,13.520000457763672,13.587499618530273,12.421514511108398,5198800
2015-07-21,13.59749984741211,13.692500114440918,13.4975004196167,13.522500038146973,12.362093925476074,7044800
2015-07-22,13.787500381469727,14.220000267028809,13.6875,14.194999694824219,12.976884841918945,10652800
2015-07-23,14.2475004196167,14.350000381469727,14.0625,14.0649995803833,12.858036041259766,4328400
2015-07-24,14.052499771118164,14.15999984741211,13.930000305175781,13.96500015258789,12.766621589660645,3851200
2015-07-27,13.920000076293945,13.967499732971191,13.647500038146973,13.6875,12.512931823730469,5228400
2015-07-28,13.732500076293945,14.15999984741211,13.704999923706055,14.137499809265137,12.924317359924316,6827600
2015-07-29,14.119999885559082,14.287500381469727,13.977499961853027,14.262499809265137,13.038590431213379,5758800
2015-07-30,14.265000343322754,14.300000190734863,14.172499656677246,14.227499961853027,13.006596565246582,3041600
2015-07-31,14.274999618530273,14.352499961853027,14.074999809265137,14.102499961853027,12.892321586608887,2574800
2015-08-03,14.052499771118164,14.112500190734863,13.882499694824219,13.984999656677246,12.784904479980469,2641600
2015-08-04,13.977499961853027,14.017499923706055,13.864999771118164,13.899999618530273,12.707198143005371,2257600
2015-08-05,13.9975004196167,14.104999542236328,13.942500114440918,14.022500038146973,12.819186210632324,2421200
2015-08-06,13.994999885559082,14.125,13.914999961853027,13.9350004196167,12.739194869995117,1989200
2015-08-07,13.899999618530273,13.942500114440918,13.772500038146973,13.890000343322754,12.698055267333984,2225200
2015-08-10,14.154999732971191,14.2475004196167,13.989999771118164,14.157500267028809,12.94260025024414,3190000
2015-08-11,14.017499923706055,14.0625,13.914999961853027,13.979999542236328,12.780330657958984,3729200
2015-08-12,13.882499694824219,13.970000267028809,13.692500114440918,13.9375,12.741480827331543,3128800
2015-08-13,13.949999809265137,14.032500267028809,13.859999656677246,13.862500190734863,12.6729154586792,2768400
2015-08-14,13.842499732971191,13.90250015258789,13.77750015258789,13.892499923706055,12.70034122467041,2160400
2015-08-17,13.805000305175781,13.947500228881836,13.767499923706055,13.947500228881836,12.75062370300293,2737600
2015-08-18,13.947500228881836,13.967499732971191,13.77750015258789,13.800000190734863,12.615777015686035,2183200
2015-08-19,13.710000038146973,13.84000015258789,13.59000015258789,13.807499885559082,12.622634887695312,3773200
2015-08-20,13.675000190734863,13.767499923706055,13.529999732971191,13.529999732971191,12.368948936462402,4540400
2015-08-21,13.420000076293945,13.442500114440918,12.952500343322754,12.960000038146973,11.847861289978027,6859200
2015-08-24,12.1899995803833,13.53499984741211,11.859999656677246,12.265000343322754,11.212501525878906,8834400
2015-08-25,12.694999694824219,12.772500038146973,12.390000343322754,12.397500038146973,11.333630561828613,13494000
2015-08-26,12.739999771118164,12.779999732971191,12.227499961853027,12.647500038146973,11.562179565429688,7293200
2015-08-27,12.800000190734863,13.307499885559082,12.77750015258789,13.305000305175781,12.163257598876953,10703200
2015-08-28,13.257499694824219,13.412500381469727,13.1274995803833,13.220000267028809,12.085548400878906,6200000
2015-08-31,13.140000343322754,13.282500267028809,13.0600004196167,13.09000015258789,11.966706275939941,4318400
2015-09-01,12.774999618530273,12.850000381469727,12.532500267028809,12.595000267028809,11.514184951782227,8866000
2015-09-02,12.765000343322754,12.984999656677246,12.635000228881836,12.984999656677246,11.870715141296387,6676000
2015-09-03,12.994999885559082,13.1850004196167,12.947500228881836,12.994999885559082,11.879860877990723,5381200
2015-09-04,12.8149995803833,12.842499732971191,12.602499961853027,12.6875,11.6300687789917,5281600
2015-09-08,12.90250015258789,13.0024995803833,12.762499809265137,12.90250015258789,11.82715129852295,7824000
2015-09-09,13.042499542236328,13.085000038146973,12.619999885559082,12.65250015258789,11.597987174987793,7381200
2015-09-10,12.577500343322754,12.932499885559082,12.529999732971191,12.850000381469727,11.779027938842773,6791600
2015-09-11,12.75,12.890000343322754,12.734999656677246,12.887499809265137,11.81340503692627,6875600
2015-09-14,12.897500038146973,12.947500228881836,12.789999961853027,12.8774995803833,11.80423355102539,5422000
2015-09-15,12.97249984741211,13.119999885559082,12.90250015258789,13.069999694824219,11.980690002441406,4807600
2015-09-16,13.03499984741211,13.1899995803833,12.9975004196167,13.177499771118164,12.079231262207031,5149600
2015-09-17,13.197500228881836,13.4350004196167,13.172499656677246,13.212499618530273,12.111313819885254,6289600
2015-09-18,13.024999618530273,13.149999618530273,12.954999923706055,12.984999656677246,11.9027738571167,8463200
2015-09-21,13.020000457763672,13.1274995803833,12.892499923706055,13.0024995803833,11.918814659118652,3599600
2015-09-22,12.78499984741211,12.852499961853027,12.619999885559082,12.672499656677246,11.616314888000488,4112000
2015-09-23,12.654999732971191,12.734999656677246,12.545000076293945,12.619999885559082,11.568197250366211,2890000
2015-09-24,12.494999885559082,12.555000305175781,12.324999809265137,12.515000343322754,11.47195053100586,5427200
2015-09-25,12.637499809265137,12.765000343322754,12.585000038146973,12.654999732971191,11.600282669067383,3843600
2015-09-28,12.550000190734863,12.595000267028809,12.3149995803833,12.367500305175781,11.336739540100098,5133200
2015-09-29,12.375,12.489999771118164,12.335000038146973,12.430000305175781,11.39403247833252,3894800
2015-09-30,12.637499809265137,12.765000343322754,12.524999618530273,12.739999771118164,11.678193092346191,6258400
2015-10-01,12.71500015258789,12.755000114440918,12.369999885559082,12.507499694824219,11.465070724487305,6943600
2015-10-02,12.34749984741211,12.6274995803833,12.287500381469727,12.6274995803833,11.575069427490234,7927200
2015-10-05,12.729999542236328,12.96500015258789,12.677499771118164,12.944999694824219,11.866106033325195,3794000
2015-10-06,12.96500015258789,13.0,12.772500038146973,12.8100004196167,11.742361068725586,3891200
2015-10-07,12.8774995803833,13.0625,12.797499656677246,12.914999961853027,11.83860969543457,5570800
2015-10-08,12.892499923706055,13.037500381469727,12.8125,13.02750015258789,11.941734313964844,3851200
2015-10-09,13.020000457763672,13.100000381469727,12.9399995803833,12.982500076293945,11.900483131408691,2736400
2015-10-12,12.967499732971191,13.022500038146973,12.880000114440918,13.007499694824219,11.923401832580566,2956400
2015-10-13,12.914999961853027,13.029999732971191,12.90250015258789,12.922499656677246,11.845483779907227,2435600
2015-10-14,12.925000190734863,13.074999809265137,12.8725004196167,12.975000381469727,11.893610000610352,4151600
2015-10-15,13.067500114440918,13.2475004196167,12.977499961853027,13.204999923706055,12.104435920715332,4832000
2015-10-16,13.25,13.367500305175781,13.207500457763672,13.327500343322754,12.216730117797852,5951200
2015-10-19,13.279999732971191,13.3100004196167,13.1899995803833,13.270000457763672,12.164021492004395,4714800
2015-10-20,13.25,13.3725004196167,13.220000267028809,13.352499961853027,12.239645004272461,5352800
2015-10-21,12.5,12.875,12.2524995803833,12.607500076293945,11.556739807128906,18854400
2015-10-22,12.642499923706055,13.1875,12.625,13.020000457763672,11.934860229492188,12183600
2015-10-23,13.092499732971191,13.382499694824219,13.03499984741211,13.382499694824219,12.267146110534668,10460000
2015-10-26,13.324999809265137,13.462499618530273,13.3125,13.457500457763672,12.335895538330078,6075200
2015-10-27,13.40250015258789,13.5,13.395000457763672,13.4975004196167,12.372564315795898,6403600
2015-10-28,13.47249984741211,13.607500076293945,13.3774995803833,13.607500076293945,12.473393440246582,7745600
2015-10-29,13.572500228881836,13.670000076293945,13.4975004196167,13.600000381469727,12.466519355773926,4884400
2015-10-30,13.630000114440918,13.680000305175781,13.539999961853027,13.555000305175781,12.425267219543457,4404000
2015-11-02,13.5625,13.782500267028809,13.5625,13.767499923706055,12.620059967041016,4691600
2015-11-03,13.727499961853027,13.8100004196167,13.670000076293945,13.720000267028809,12.576517105102539,6419200
2015-11-04,13.739999771118164,13.842499732971191,13.677499771118164,13.732500076293945,12.587972640991211,3878800
2015-11-05,13.710000038146973,13.797499656677246,13.592499732971191,13.675000190734863,12.535269737243652,4170400
2015-11-06,13.6225004196167,13.8125,13.612500190734863,13.792499542236328,12.642975807189941,5336400
2015-11-09,13.72249984741211,13.779999732971191,13.587499618530273,13.725000381469727,12.581100463867188,6522400
2015-11-10,13.65250015258789,13.65250015258789,13.5,13.609999656677246,12.475685119628906,4110000
2015-11-11,13.664999961853027,13.770000457763672,13.607500076293945,13.682499885559082,12.54213809967041,2903200
2015-11-12,13.557499885559082,13.6274995803833,13.477499961853027,13.477499961853027,12.354226112365723,3048000
2015-11-13,13.417499542236328,13.505000114440918,13.242500305175781,13.25,12.145687103271484,4322800
2015-11-16,13.4399995803833,13.662500381469727,13.350000381469727,13.632499694824219,12.496309280395508,4462400
2015-11-17,13.635000228881836,13.649999618530273,13.380000114440918,13.467499732971191,12.345063209533691,5228000
2015-11-18,13.507499694824219,13.71500015258789,13.420000076293945,13.699999809265137,12.558184623718262,3976800
2015-11-19,13.737500190734863,13.7475004196167,13.632499694824219,13.645000457763672,12.507768630981445,4014400
2015-11-20,13.704999923706055,13.744999885559082,13.59000015258789,13.682499885559082,12.54213809967041,4308800
2015-11-23,13.71500015258789,13.862500190734863,13.682499885559082,13.845000267028809,12.691100120544434,4479200
2015-11-24,13.772500038146973,13.807499885559082,13.614999771118164,13.672499656677246,12.532977104187012,6056400
2015-11-25,13.667499542236328,13.737500190734863,13.65250015258789,13.6899995803833,12.549018859863281,2418800
2015-11-27,13.6875,13.767499923706055,13.654999732971191,13.739999771118164,12.594850540161133,1170800
2015-11-30,13.797499656677246,13.817500114440918,13.6875,13.762499809265137,12.615476608276367,3812800
2015-12-01,13.8100004196167,13.920000076293945,13.797499656677246,13.8725004196167,12.716309547424316,3823600
2015-12-02,13.885000228881836,13.920000076293945,13.630000114440918,13.647500038146973,12.510055541992188,3457200
2015-12-03,13.682499885559082,13.6875,13.337499618530273,13.404999732971191,12.28777027130127,4144000
2015-12-04,13.47249984741211,13.710000038146973,13.420000076293945,13.697500228881836,12.555892944335938,3780000
2015-12-07,13.649999618530273,13.732500076293945,13.59749984741211,13.677499771118164,12.537558555603027,2627200
2015-12-08,13.542499542236328,13.692500114440918,13.494999885559082,13.582500457763672,12.450479507446289,3831200
2015-12-09,13.4975004196167,13.637499809265137,13.335000038146973,13.47249984741211,12.34964370727539,5538000
2015-12-10,13.444999694824219,13.515000343322754,13.335000038146973,13.390000343322754,12.27402114868164,5185200
2015-12-11,13.2524995803833,13.297499656677246,13.117500305175781,13.15250015258789,12.087909698486328,3622000
2015-12-14,13.145000457763672,13.262499809265137,13.032500267028809,13.207500457763672,12.138459205627441,3896000
2015-12-15,13.292499542236328,13.3149995803833,13.03499984741211,13.107500076293945,12.046555519104004,6358000
2015-12-16,13.175000190734863,13.267499923706055,13.010000228881836,13.217499732971191,12.147652626037598,5284000
2015-12-17,13.220000267028809,13.375,13.177499771118164,13.182499885559082,12.115484237670898,5348000
2015-12-18,13.087499618530273,13.114999771118164,12.904999732971191,12.90999984741211,11.865038871765137,8813200
2015-12-21,13.032500267028809,13.154999732971191,12.899999618530273,13.024999618530273,11.970731735229492,3504000
2015-12-22,13.107500076293945,13.272500038146973,13.055000305175781,13.257499694824219,12.184412002563477,3783600
2015-12-23,13.322500228881836,13.427499771118164,13.265000343322754,13.385000228881836,12.301594734191895,2803600
2015-12-24,13.3774995803833,13.40999984741211,13.305000305175781,13.354999542236328,12.274019241333008,1038000
2015-12-28,13.317500114440918,13.385000228881836,13.192500114440918,13.292499542236328,12.21657657623291,2086000
2015-12-29,13.395000457763672,13.422499656677246,13.265000343322754,13.362500190734863,12.280914306640625,2070400
2015-12-30,13.34749984741211,13.385000228881836,13.229999542236328,13.232500076293945,12.16143798828125,1954800
2015-12-31,13.202500343322754,13.202500343322754,13.057499885559082,13.057499885559082,12.000600814819336,3086000
2016-01-04,12.767499923706055,12.817500114440918,12.602499961853027,12.717499732971191,11.68812084197998,6374000
2016-01-05,12.72249984741211,12.797499656677246,12.532500267028809,12.574999809265137,11.557156562805176,8320000
2016-01-06,12.382499694824219,12.4350004196167,12.2524995803833,12.27750015258789,11.283736228942871,8390400
2016-01-07,12.039999961853027,12.142499923706055,11.742500305175781,11.835000038146973,10.877052307128906,8580800
2016-01-08,11.882499694824219,11.920000076293945,11.625,11.657500267028809,10.713921546936035,7626800
2016-01-11,11.757499694824219,11.817500114440918,11.362500190734863,11.567500114440918,10.631203651428223,9808400
2016-01-12,11.71500015258789,11.8774995803833,11.572500228881836,11.857500076293945,10.897729873657227,11367200
2016-01-13,11.875,11.9350004196167,11.59000015258789,11.637499809265137,10.695537567138672,12525600
2016-01-14,11.717499732971191,11.772500038146973,11.52750015258789,11.677499771118164,10.732301712036133,13393600
2016-01-15,11.387499809265137,11.484999656677246,11.25,11.3725004196167,10.45198917388916,15293200
2016-01-19,11.505000114440918,11.647500038146973,11.28499984741211,11.354999542236328,10.435908317565918,13147200
2016-01-20,11.135000228881836,11.817500114440918,11.125,11.6274995803833,10.686347007751465,17500400
2016-01-21,11.732500076293945,12.262499809265137,11.657500267028809,11.944999694824219,10.978147506713867,15670800
2016-01-22,12.132499694824219,12.234999656677246,12.100000381469727,12.175000190734863,11.189534187316895,7684800
2016-01-25,12.135000228881836,12.177499771118164,12.0024995803833,12.045000076293945,11.070051193237305,6800800
2016-01-26,12.085000038146973,12.244999885559082,12.074999809265137,12.145000457763672,11.16196060180664,7291600
2016-01-27,12.09749984741211,12.207500457763672,12.005000114440918,12.09749984741211,11.118304252624512,9028000
2016-01-28,12.1899995803833,12.225000381469727,12.045000076293945,12.114999771118164,11.134390830993652,6335600
2016-01-29,12.197500228881836,12.392499923706055,12.197500228881836,12.392499923706055,11.389426231384277,8344000
2016-02-01,12.274999618530273,12.524999618530273,12.260000228881836,12.467499732971191,11.458354949951172,6935600
2016-02-02,12.297499656677246,12.4350004196167,12.272500038146973,12.300000190734863,11.304417610168457,12142800
2016-02-03,12.364999771118164,12.40250015258789,12.102499961853027,12.262499809265137,11.269949913024902,9034000
2016-02-04,12.260000228881836,12.4350004196167,12.197500228881836,12.392499923706055,11.389426231384277,6292800
2016-02-05,12.317500114440918,12.412500381469727,12.260000228881836,12.387499809265137,11.384833335876465,10578800
2016-02-08,12.239999771118164,12.354999542236328,12.045000076293945,12.244999885559082,11.253863334655762,13498000
2016-02-09,12.1225004196167,12.317500114440918,12.082500457763672,12.260000228881836,11.267650604248047,10063600
2016-02-10,12.337499618530273,12.5625,12.327500343322754,12.430000305175781,11.4238920211792,7397600
2016-02-11,12.1899995803833,12.329999923706055,12.119999885559082,12.2524995803833,11.260758399963379,6600800
2016-02-12,12.364999771118164,12.420000076293945,12.217499732971191,12.385000228881836,11.382534980773926,6454000
2016-02-16,12.5600004196167,12.725000381469727,12.492500305175781,12.682499885559082,11.65595531463623,4898400
2016-02-17,12.7524995803833,13.012499809265137,12.737500190734863,13.005000114440918,11.952351570129395,5679600
2016-02-18,13.012499809265137,13.1225004196167,12.967499732971191,13.024999618530273,11.970731735229492,4368400
2016-02-19,13.0024995803833,13.0600004196167,12.912500381469727,13.024999618530273,11.970731735229492,6669200
2016-02-22,13.1225004196167,13.197500228881836,13.029999732971191,13.125,12.06263542175293,4516800
2016-02-23,13.109999656677246,13.135000228881836,13.020000457763672,13.037500381469727,11.982222557067871,5230000
2016-02-24,12.949999809265137,13.1225004196167,12.867500305175781,13.107500076293945,12.046555519104004,3303200
2016-02-25,13.107500076293945,13.197500228881836,12.982500076293945,13.180000305175781,12.11318588256836,4393600
2016-02-26,13.217499732971191,13.352499961853027,13.167499542236328,13.234999656677246,12.16373348236084,2981200
2016-02-29,13.227499961853027,13.414999961853027,13.22249984741211,13.267499923706055,12.193602561950684,6432000
2016-03-01,13.390000343322754,13.842499732971191,13.364999771118164,13.71500015258789,12.604884147644043,12533600
2016-03-02,13.6850004196167,13.824999809265137,13.642499923706055,13.797499656677246,12.680703163146973,4822000
2016-03-03,13.77750015258789,13.970000267028809,13.737500190734863,13.957500457763672,12.827754020690918,4701200
2016-03-04,14.0,14.142499923706055,13.9375,14.050000190734863,12.91276741027832,8801200
2016-03-07,13.9375,14.217499732971191,13.920000076293945,14.182499885559082,13.034542083740234,6505200
2016-03-08,14.102499961853027,14.114999771118164,13.862500190734863,13.920000076293945,12.793289184570312,7379600
2016-03-09,13.952500343322754,14.020000457763672,13.880000114440918,13.944999694824219,12.816266059875488,3620400
2016-03-10,13.954999923706055,14.015000343322754,13.717499732971191,13.854999542236328,12.733551025390625,3513200
2016-03-11,13.992500305175781,14.0625,13.897500038146973,14.042499542236328,12.938557624816895,3429600
2016-03-14,13.875,13.944999694824219,13.789999961853027,13.917499542236328,12.823385238647461,5495200
2016-03-15,13.795000076293945,13.912500381469727,13.744999885559082,13.880000114440918,12.788832664489746,6553200
2016-03-16,13.890000343322754,14.142499923706055,13.875,14.102499961853027,12.993841171264648,5533600
2016-03-17,14.069999694824219,14.34000015258789,14.015000343322754,14.27750015258789,13.1550874710083,4946000
2016-03-18,14.357500076293945,14.5,14.3149995803833,14.40999984741211,13.277166366577148,6758000
2016-03-21,14.397500038146973,14.40999984741211,14.25,14.297499656677246,13.17350959777832,5074400
2016-03-22,14.260000228881836,14.392499923706055,14.225000381469727,14.317500114440918,13.191941261291504,3582800
2016-03-23,14.307499885559082,14.3149995803833,14.1899995803833,14.21500015258789,13.09749698638916,2660400
2016-03-24,14.154999732971191,14.357500076293945,14.079999923706055,14.292499542236328,13.168903350830078,5817200
2016-03-28,14.329999923706055,14.364999771118164,14.242500305175781,14.305000305175781,13.180421829223633,3125600
2016-03-29,14.229999542236328,14.452500343322754,14.1850004196167,14.447500228881836,13.311717987060547,3124400
2016-03-30,14.517499923706055,14.587499618530273,14.380000114440918,14.427499771118164,13.293292999267578,4555600
2016-03-31,14.427499771118164,14.492500305175781,14.385000228881836,14.454999923706055,13.31863021850586,5718400
2016-04-01,14.354999542236328,14.640000343322754,14.242500305175781,14.619999885559082,13.47065544128418,5037200
2016-04-04,14.654999732971191,14.657500267028809,14.520000457763672,14.555000305175781,13.4107666015625,3704400
2016-04-05,14.482500076293945,14.630000114440918,14.460000038146973,14.552499771118164,13.408463478088379,6172400
2016-04-06,14.505000114440918,14.630000114440918,14.462499618530273,14.600000381469727,13.452229499816895,3695200
2016-04-07,14.522500038146973,14.579999923706055,14.399999618530273,14.444999694824219,13.309412956237793,7488000
2016-04-08,14.547499656677246,14.720000267028809,14.53499984741211,14.592499732971191,13.445319175720215,3810400
2016-04-11,14.619999885559082,14.779999732971191,14.550000190734863,14.607500076293945,13.45914077758789,3616000
2016-04-12,14.5600004196167,14.59749984741211,14.444999694824219,14.569999694824219,13.424589157104492,5144800
2016-04-13,14.699999809265137,14.772500038146973,14.625,14.762499809265137,13.60195541381836,4339600
2016-04-14,14.782500267028809,14.797499656677246,14.647500038146973,14.692500114440918,13.537455558776855,2750800
2016-04-15,14.692500114440918,14.712499618530273,14.592499732971191,14.6850004196167,13.530550003051758,5258400
2016-04-18,14.667499542236328,14.6899995803833,14.614999771118164,14.625,13.475265502929688,5226000
2016-04-19,14.692500114440918,14.734999656677246,14.542499542236328,14.577500343322754,13.431499481201172,7293600
2016-04-20,14.72249984741211,14.772500038146973,14.267499923706055,14.457500457763672,13.32093334197998,6746000
2016-04-21,14.46500015258789,14.5625,14.182499885559082,14.210000038146973,13.092891693115234,5393600
2016-04-22,14.1850004196167,14.282500267028809,14.132499694824219,14.239999771118164,13.120532035827637,5596400
2016-04-25,14.177499771118164,14.229999542236328,14.0649995803833,14.1875,13.072159767150879,3172800
2016-04-26,14.234999656677246,14.317500114440918,14.149999618530273,14.260000228881836,13.138960838317871,6360000
2016-04-27,14.180000305175781,14.28499984741211,14.117500305175781,14.2524995803833,13.132048606872559,4908400
2016-04-28,14.164999961853027,14.260000228881836,14.03499984741211,14.102499961853027,12.993841171264648,3844800
2016-04-29,14.024999618530273,14.042499542236328,13.84749984741211,13.957500457763672,12.860240936279297,5133200
2016-05-02,13.977499961853027,14.087499618530273,13.880000114440918,14.0649995803833,12.9592866897583,3596800
2016-05-03,13.9975004196167,14.022500038146973,13.875,13.9350004196167,12.839509010314941,3265200
2016-05-04,13.8774995803833,13.920000076293945,13.779999732971191,13.845000267028809,12.756582260131836,2968800
2016-05-05,13.885000228881836,13.967499732971191,13.837499618530273,13.912500381469727,12.81877613067627,4508400
2016-05-06,13.84749984741211,13.992500305175781,13.787500381469727,13.96500015258789,12.86715030670166,3318800
2016-05-09,13.979999542236328,14.087499618530273,13.9399995803833,14.042499542236328,12.938557624816895,5686800
2016-05-10,14.085000038146973,14.157500267028809,14.024999618530273,14.117500305175781,13.007664680480957,5689600
2016-05-11,14.112500190734863,14.1850004196167,14.020000457763672,14.042499542236328,12.938557624816895,2808000
2016-05-12,14.104999542236328,14.107500076293945,13.807499885559082,13.949999809265137,12.8533296585083,2863200
2016-05-13,13.922499656677246,14.022500038146973,13.739999771118164,13.770000457763672,12.687480926513672,4551200
2016-05-16,13.742500305175781,13.975000381469727,13.734999656677246,13.90999984741211,12.816474914550781,3900400
2016-05-17,13.864999771118164,13.977499961853027,13.8149995803833,13.854999542236328,12.765798568725586,3845200
2016-05-18,13.829999923706055,13.979999542236328,13.774999618530273,13.914999961853027,12.82108211517334,4702400
2016-05-19,13.822500228881836,13.897500038146973,13.7475004196167,13.829999923706055,12.74276351928711,4344000
2016-05-20,13.930000305175781,14.045000076293945,13.930000305175781,14.010000228881836,12.908612251281738,4786800
2016-05-23,14.020000457763672,14.130000114440918,13.994999885559082,14.092499732971191,12.984623908996582,3555200
2016-05-24,14.117500305175781,14.4350004196167,14.104999542236328,14.404999732971191,13.272560119628906,4067600
2016-05-25,14.4375,14.489999771118164,14.385000228881836,14.414999961853027,13.281773567199707,5142000
2016-05-26,14.390000343322754,14.537500381469727,14.359999656677246,14.4975004196167,13.357789039611816,4132000
2016-05-27,14.539999961853027,14.632499694824219,14.46500015258789,14.537500381469727,13.394641876220703,4632800
2016-05-31,14.542499542236328,14.697500228881836,14.542499542236328,14.680000305175781,13.525941848754883,9705600
2016-06-01,14.609999656677246,14.729999542236328,14.582500457763672,14.702500343322754,13.546670913696289,4646800
2016-06-02,14.670000076293945,14.774999618530273,14.654999732971191,14.772500038146973,13.611169815063477,3040000
2016-06-03,14.767499923706055,14.84000015258789,14.680000305175781,14.8149995803833,13.650328636169434,3677600
2016-06-06,14.8149995803833,14.914999961853027,14.787500381469727,14.852499961853027,13.684882164001465,5071600
2016-06-07,14.819999694824219,14.96500015258789,14.7475004196167,14.920000076293945,13.747075080871582,6082000
2016-06-08,14.917499542236328,15.042499542236328,14.917499542236328,15.02750015258789,13.846123695373535,4727600
2016-06-09,14.9375,15.020000457763672,14.932499885559082,14.994999885559082,13.816178321838379,2869200
2016-06-10,14.817500114440918,14.90250015258789,14.8149995803833,14.867500305175781,13.730751991271973,3360000
2016-06-13,14.800000190734863,14.859999656677246,14.654999732971191,14.662500381469727,13.541425704956055,3094400
2016-06-14,14.642499923706055,14.667499542236328,14.574999809265137,14.640000343322754,13.520645141601562,2768000
2016-06-15,14.71500015258789,14.75,14.6225004196167,14.6274995803833,13.509098052978516,2592800
2016-06-16,14.532500267028809,14.59749984741211,14.427499771118164,14.577500343322754,13.46292495727539,3544400
2016-06-17,14.567500114440918,14.567500114440918,14.385000228881836,14.46500015258789,13.359025955200195,8087600
2016-06-20,14.547499656677246,14.712499618530273,14.517499923706055,14.5649995803833,13.451376914978027,5385200
2016-06-21,14.607500076293945,14.672499656677246,14.542499542236328,14.569999694824219,13.4559965133667,2916400
2016-06-22,14.587499618530273,14.640000343322754,14.542499542236328,14.552499771118164,13.439833641052246,2768400
2016-06-23,14.675000190734863,14.890000343322754,14.642499923706055,14.885000228881836,13.746912002563477,4637200
2016-06-24,14.375,14.524999618530273,14.272500038146973,14.3125,13.21818733215332,9642800
2016-06-27,14.132499694824219,14.167499542236328,13.8100004196167,13.880000114440918,12.818753242492676,11636800
2016-06-28,13.975000381469727,13.977499961853027,13.782500267028809,13.960000038146973,12.8926362991333,8160800
2016-06-29,14.067500114440918,14.125,13.859999656677246,14.095000267028809,13.017314910888672,8312800
2016-06-30,14.140000343322754,14.332500457763672,14.082500457763672,14.332500457763672,13.236659049987793,5244400
2016-07-01,14.332500457763672,14.414999961853027,14.274999618530273,14.3125,13.21818733215332,3146400
2016-07-05,14.199999809265137,14.207500457763672,13.922499656677246,13.992500305175781,12.922652244567871,4689200
2016-07-06,13.90250015258789,14.015000343322754,13.84000015258789,14.010000228881836,12.938812255859375,5525600
2016-07-07,14.010000228881836,14.177499771118164,13.987500190734863,14.02750015258789,12.95497989654541,4752400
2016-07-08,14.170000076293945,14.387499809265137,14.170000076293945,14.34000015258789,13.243583679199219,5581600
2016-07-11,14.367500305175781,14.467499732971191,14.345000267028809,14.392499923706055,13.292068481445312,4388800
2016-07-12,14.484999656677246,14.487500190734863,14.362500190734863,14.427499771118164,13.324394226074219,5080800
2016-07-13,14.489999771118164,14.522500038146973,14.367500305175781,14.5,13.391351699829102,3874800
2016-07-14,14.6225004196167,14.737500190734863,14.555000305175781,14.600000381469727,13.483705520629883,4234000
2016-07-15,14.667499542236328,14.807499885559082,14.6225004196167,14.772500038146973,13.643013954162598,5130000
2016-07-18,14.795000076293945,14.867500305175781,14.75,14.770000457763672,13.640707015991211,4249200
2016-07-19,14.72249984741211,14.767499923706055,14.592499732971191,14.640000343322754,13.520645141601562,4972800
2016-07-20,14.649999618530273,15.125,14.585000038146973,14.795000076293945,13.663793563842773,10766800
2016-07-21,14.792499542236328,14.90999984741211,14.729999542236328,14.8100004196167,13.677648544311523,6748400
2016-07-22,14.727499961853027,14.792499542236328,14.710000038146973,14.744999885559082,13.617616653442383,6108400
2016-07-25,14.765000343322754,14.770000457763672,14.637499809265137,14.662500381469727,13.541425704956055,4853600
2016-07-26,14.670000076293945,14.859999656677246,14.640000343322754,14.850000381469727,13.71458625793457,6513600
2016-07-27,14.914999961853027,14.944999694824219,14.607500076293945,14.782500267028809,13.652246475219727,6678800
2016-07-28,14.742500305175781,14.819999694824219,14.595000267028809,14.792499542236328,13.66148567199707,5745200
2016-07-29,14.78499984741211,14.897500038146973,14.742500305175781,14.880000114440918,13.74229621887207,5621600
2016-08-01,14.869999885559082,14.932499885559082,14.827500343322754,14.862500190734863,13.7261323928833,4331600
2016-08-02,14.8149995803833,14.862500190734863,14.640000343322754,14.680000305175781,13.55759048461914,4502000
2016-08-03,14.697500228881836,14.772500038146973,14.680000305175781,14.757499694824219,13.629161834716797,2925600
2016-08-04,14.755000114440918,14.8774995803833,14.727499961853027,14.800000190734863,13.668413162231445,3525600
2016-08-05,14.842499732971191,14.982500076293945,14.842499732971191,14.979999542236328,13.834647178649902,3260800
2016-08-08,14.96500015258789,15.022500038146973,14.9350004196167,14.975000381469727,13.830031394958496,2529600
2016-08-09,15.0,15.047499656677246,14.97249984741211,15.037500381469727,13.887751579284668,2213600
2016-08-10,15.037500381469727,15.069999694824219,14.949999809265137,15.02750015258789,13.878520011901855,3020400
2016-08-11,15.055000305175781,15.125,15.020000457763672,15.095000267028809,13.940853118896484,3423200
2016-08-12,15.072500228881836,15.1274995803833,15.052499771118164,15.100000381469727,13.945473670959473,3061200
2016-08-15,15.125,15.197500228881836,15.092499732971191,15.130000114440918,13.973182678222656,5482800
2016-08-16,15.087499618530273,15.172499656677246,14.960000038146973,14.960000038146973,13.816178321838379,3728400
2016-08-17,14.992500305175781,15.007499694824219,14.895000457763672,14.989999771118164,13.84388256072998,2696400
2016-08-18,14.977499961853027,15.172499656677246,14.977499961853027,15.1274995803833,13.970869064331055,9556400
2016-08-19,15.087499618530273,15.337499618530273,15.069999694824219,15.297499656677246,14.1278715133667,4784000
2016-08-22,15.25,15.380000114440918,15.22249984741211,15.375,14.199446678161621,3557200
2016-08-23,15.4375,15.447500228881836,15.359999656677246,15.369999885559082,14.194828033447266,2961600
2016-08-24,15.364999771118164,15.46500015258789,15.327500343322754,15.357500076293945,14.1832857131958,3586000
2016-08-25,15.3125,15.3774995803833,15.25,15.359999656677246,14.185593605041504,2221200
2016-08-26,15.420000076293945,15.567500114440918,15.272500038146973,15.3774995803833,14.201756477355957,4866400
2016-08-29,15.375,15.600000381469727,15.352499961853027,15.520000457763672,14.333361625671387,4835200
2016-08-30,15.522500038146973,15.59749984741211,15.4975004196167,15.567500114440918,14.377229690551758,4976800
2016-08-31,15.52750015258789,15.612500190734863,15.505000114440918,15.577500343322754,14.386465072631836,5012400
2016-09-01,15.542499542236328,15.609999656677246,15.462499618530273,15.582500457763672,14.391080856323242,4221200
2016-09-02,15.614999771118164,15.664999961853027,15.585000038146973,15.645000457763672,14.44880485534668,3176800
2016-09-06,15.649999618530273,15.734999656677246,15.614999771118164,15.664999961853027,14.467277526855469,3922800
2016-09-07,15.737500190734863,15.770000457763672,15.630000114440918,15.717499732971191,14.515761375427246,5462800
2016-09-08,15.645000457763672,15.772500038146973,15.640000343322754,15.72249984741211,14.520377159118652,7153600
2016-09-09,15.537500381469727,15.609999656677246,15.319999694824219,15.322500228881836,14.182534217834473,8226000
2016-09-12,15.2524995803833,15.579999923706055,15.242500305175781,15.542499542236328,14.3861665725708,5592000
2016-09-13,15.404999732971191,15.547499656677246,15.352499961853027,15.40250015258789,14.256582260131836,4502000
2016-09-14,15.390000343322754,15.46500015258789,15.345000267028809,15.444999694824219,14.295921325683594,3477200
2016-09-15,15.449999809265137,15.7475004196167,15.4399995803833,15.697500228881836,14.529635429382324,4545600
2016-09-16,15.640000343322754,15.7475004196167,15.59000015258789,15.737500190734863,14.566658973693848,7469200
2016-09-19,15.762499809265137,15.952500343322754,15.744999885559082,15.9399995803833,14.7540922164917,6420000
2016-09-20,16.274999618530273,16.295000076293945,16.02750015258789,16.032499313354492,14.839712142944336,10486800
2016-09-21,16.06999969482422,16.24250030517578,16.020000457763672,16.225000381469727,15.017889022827148,4593600
2016-09-22,16.2450008392334,16.4424991607666,16.2450008392334,16.420000076293945,15.198383331298828,4455200
2016-09-23,16.377500534057617,16.377500534057617,16.102500915527344,16.104999542236328,14.906816482543945,4854400
2016-09-26,16.0674991607666,16.122499465942383,15.994999885559082,16.010000228881836,14.818885803222656,5262400
2016-09-27,15.992500305175781,16.125,15.887499809265137,16.125,14.925331115722656,10248000
2016-09-28,16.177499771118164,16.25749969482422,16.112499237060547,16.2450008392334,15.036401748657227,6828000
2016-09-29,16.24250030517578,16.264999389648438,16.1200008392334,16.170000076293945,14.966978073120117,5168800
2016-09-30,16.204999923706055,16.297500610351562,16.1825008392334,16.229999542236328,15.022517204284668,6064800
2016-10-03,16.170000076293945,16.25,16.094999313354492,16.100000381469727,14.902192115783691,4804000
2016-10-04,16.147499084472656,16.1825008392334,16.024999618530273,16.075000762939453,14.879048347473145,3450000
2016-10-05,16.165000915527344,16.290000915527344,16.075000762939453,16.225000381469727,15.017889022827148,3931200
2016-10-06,16.235000610351562,16.389999389648438,16.174999237060547,16.3799991607666,15.161360740661621,4055600
2016-10-07,16.357500076293945,16.375,16.207500457763672,16.342500686645508,15.1266508102417,6523600
2016-10-10,16.40999984741211,16.447500228881836,16.184999465942383,16.21500015258789,15.008634567260742,4190800
2016-10-11,16.170000076293945,16.212499618530273,15.914999961853027,16.0,14.809627532958984,4976400
2016-10-12,16.012500762939453,16.079999923706055,15.90999984741211,15.989999771118164,14.800374031066895,3518000
2016-10-13,15.850000381469727,15.864999771118164,15.65999984741211,15.824999809265137,14.6476469039917,6017600
2016-10-14,15.912500381469727,16.030000686645508,15.842499732971191,15.890000343322754,14.707812309265137,4789600
2016-10-17,15.930000305175781,15.947500228881836,15.742500305175781,15.762499809265137,14.589797973632812,4524800
2016-10-18,15.907500267028809,15.9399995803833,15.680000305175781,15.802499771118164,14.626823425292969,6943200
2016-10-19,16.25,16.332500457763672,16.030000686645508,16.177499771118164,14.973926544189453,8812800
2016-10-20,16.25749969482422,16.69499969482422,16.239999771118164,16.607500076293945,15.371932029724121,13976400
2016-10-21,16.467500686645508,16.56999969482422,16.325000762939453,16.489999771118164,15.26317310333252,9875200
2016-10-24,16.6200008392334,16.662500381469727,16.427499771118164,16.497499465942383,15.270116806030273,6687600
2016-10-25,16.497499465942383,16.502500534057617,16.202499389648438,16.297500610351562,15.084996223449707,5469600
2016-10-26,16.247499465942383,16.4375,16.232500076293945,16.38249969482422,15.16366958618164,4362000
2016-10-27,16.447500228881836,16.47249984741211,16.332500457763672,16.342500686645508,15.1266508102417,5487600
2016-10-28,16.375,16.522499084472656,16.295000076293945,16.372499465942383,15.154417037963867,4248800
2016-10-31,16.427499771118164,16.52750015258789,16.412500381469727,16.482500076293945,15.256237983703613,5664000
2016-11-01,16.524999618530273,16.614999771118164,16.389999389648438,16.5049991607666,15.277057647705078,7331600
2016-11-02,16.44499969482422,16.532499313354492,16.232500076293945,16.27750015258789,15.066483497619629,6604400
2016-11-03,16.28499984741211,16.3174991607666,16.1825008392334,16.22249984741211,15.01557445526123,3990000
2016-11-04,16.229999542236328,16.357500076293945,16.207500457763672,16.227500915527344,15.0201997756958,3337600
2016-11-07,16.447500228881836,16.637500762939453,16.447500228881836,16.635000228881836,15.39738655090332,4243600
2016-11-08,16.614999771118164,16.735000610351562,16.540000915527344,16.702499389648438,15.459863662719727,2785200
2016-11-09,16.40999984741211,16.895000457763672,16.229999542236328,16.837499618530273,15.584823608398438,6874400
2016-11-10,16.887500762939453,16.975000381469727,16.59749984741211,16.61750030517578,15.381193161010742,7521200
2016-11-11,16.552499771118164,16.707500457763672,16.514999389648438,16.657499313354492,15.418211936950684,4989600
2016-11-14,16.71500015258789,16.77750015258789,16.587499618530273,16.657499313354492,15.418211936950684,4542400
2016-11-15,16.717500686645508,16.797500610351562,16.622499465942383,16.782499313354492,15.53391170501709,3902800
2016-11-16,16.770000457763672,16.96500015258789,16.672500610351562,16.950000762939453,15.688950538635254,4741600
2016-11-17,16.967500686645508,17.02750015258789,16.850000381469727,17.002500534057617,15.737545013427734,5217600
2016-11-18,17.02750015258789,17.1299991607666,16.920000076293945,17.010000228881836,15.744485855102539,9712800
2016-11-21,17.0575008392334,17.1299991607666,16.899999618530273,16.99250030517578,15.728292465209961,5153600
2016-11-22,17.047500610351562,17.0575008392334,16.950000762939453,17.0049991607666,15.739860534667969,3279600
2016-11-23,16.987499237060547,17.05500030517578,16.940000534057617,17.010000228881836,15.744485855102539,2621600
2016-11-25,16.987499237060547,17.167499542236328,16.952499389648438,17.167499542236328,15.890266418457031,1509200
2016-11-28,17.149999618530273,17.200000762939453,17.100000381469727,17.122499465942383,15.848615646362305,6068400
2016-11-29,17.087499618530273,17.1924991607666,17.072500228881836,17.107500076293945,15.834734916687012,5189600
2016-11-30,17.162500381469727,17.297500610351562,17.047500610351562,17.065000534057617,15.795398712158203,5532000
2016-12-01,17.0575008392334,17.107500076293945,16.587499618530273,16.684999465942383,15.44366455078125,8952000
2016-12-02,16.725000381469727,16.872499465942383,16.717500686645508,16.834999084472656,15.58250617980957,6492800
2016-12-05,16.99250030517578,17.040000915527344,16.895000457763672,16.962499618530273,15.700520515441895,5297600
2016-12-06,16.969999313354492,17.020000457763672,16.854999542236328,16.899999618530273,15.64267635345459,4244400
2016-12-07,16.90999984741211,17.037500381469727,16.822500228881836,17.017499923706055,15.751428604125977,6750000
2016-12-08,17.05500030517578,17.237499237060547,17.017499923706055,17.207500457763672,15.927297592163086,3415200
2016-12-09,17.1875,17.207500457763672,17.079999923706055,17.127500534057617,15.89018440246582,3018800
2016-12-12,17.032499313354492,17.084999084472656,16.8700008392334,16.915000915527344,15.693041801452637,5892000
2016-12-13,16.969999313354492,17.107500076293945,16.887500762939453,16.977500915527344,15.751023292541504,6267200
2016-12-14,16.977500915527344,17.155000686645508,16.912500381469727,16.940000534057617,15.716233253479004,5064000
2016-12-15,16.954999923706055,17.112499237060547,16.899999618530273,16.9950008392334,15.767260551452637,7262000
2016-12-16,17.024999618530273,17.094999313354492,16.802499771118164,16.850000381469727,15.63272476196289,9487600
2016-12-19,16.850000381469727,17.002500534057617,16.842500686645508,17.0,15.771896362304688,3639600
2016-12-20,17.049999237060547,17.110000610351562,16.985000610351562,17.082500457763672,15.848432540893555,3167600
2016-12-21,17.100000381469727,17.110000610351562,17.010000228881836,17.05500030517578,15.822917938232422,3594000
2016-12-22,17.0575008392334,17.09749984741211,16.889999389648438,17.06999969482422,15.836833953857422,3602000
2016-12-23,17.05500030517578,17.139999389648438,17.00749969482422,17.075000762939453,15.841479301452637,2004800
2016-12-27,17.079999923706055,17.135000228881836,17.049999237060547,17.084999084472656,15.850748062133789,1508400
2016-12-28,17.09000015258789,17.09000015258789,16.88249969482422,16.892499923706055,15.672161102294922,2186000
2016-12-29,16.915000915527344,17.0049991607666,16.787500381469727,16.899999618530273,15.679121017456055,2348000
2016-12-30,16.969999313354492,16.969999313354492,16.74250030517578,16.799999237060547,15.586341857910156,3506800
2017-01-03,16.892499923706055,17.05500030517578,16.772499084472656,16.857500076293945,15.639688491821289,3305200
2017-01-04,16.88249969482422,17.03499984741211,16.86750030517578,16.982500076293945,15.755655288696289,3468400
2017-01-05,17.002500534057617,17.102500915527344,16.850000381469727,16.892499923706055,15.672161102294922,3368000
2017-01-06,16.9375,17.06999969482422,16.84749984741211,17.020000457763672,15.790448188781738,2550800
2017-01-09,17.0049991607666,17.059999465942383,16.84000015258789,16.844999313354492,15.62808895111084,2836000
2017-01-10,16.854999542236328,16.9950008392334,16.780000686645508,16.947500228881836,15.723190307617188,2699200
2017-01-11,16.889999389648438,16.954999923706055,16.837499618530273,16.954999923706055,15.730147361755371,3008800
2017-01-12,16.887500762939453,17.0049991607666,16.727500915527344,16.99250030517578,15.764937400817871,3076400
2017-01-13,17.022499084472656,17.125,17.002500534057617,17.02750015258789,15.797403335571289,3366800
2017-01-17,16.94499969482422,17.030000686645508,16.825000762939453,16.924999237060547,15.702309608459473,2870000
2017-01-18,17.002500534057617,17.125,16.9424991607666,17.06999969482422,15.836833953857422,3242800
2017-01-19,17.030000686645508,17.114999771118164,16.957500457763672,17.052499771118164,15.820595741271973,3433600
2017-01-20,17.125,17.197500228881836,17.072500228881836,17.149999618530273,15.911059379577637,4756400
2017-01-23,17.087499618530273,17.197500228881836,16.84000015258789,16.9950008392334,15.767260551452637,4932800
2017-01-24,17.072500228881836,17.235000610351562,17.002500534057617,17.190000534057617,15.948165893554688,8990000
2017-01-25,17.200000762939453,17.3125,16.602500915527344,16.75749969482422,15.54690933227539,12655600
2017-01-26,16.872499465942383,16.872499465942383,16.565000534057617,16.65999984741211,15.45645523071289,5505600
2017-01-27,16.719999313354492,16.854999542236328,16.670000076293945,16.729999542236328,15.521398544311523,5702800
2017-01-30,16.747499465942383,16.764999389648438,16.575000762939453,16.7450008392334,15.535318374633789,5277200
2017-01-31,16.74250030517578,16.90250015258789,16.584999084472656,16.872499465942383,15.653602600097656,7429200
2017-02-01,16.8799991607666,16.915000915527344,16.59000015258789,16.649999618530273,15.447175025939941,5969200
2017-02-02,16.6299991607666,16.842500686645508,16.5,16.787500381469727,15.574747085571289,5383600
2017-02-03,16.850000381469727,16.920000076293945,16.747499465942383,16.864999771118164,15.646648406982422,5703600
2017-02-06,16.825000762939453,16.927499771118164,16.74250030517578,16.767499923706055,15.556192398071289,6824800
2017-02-07,16.832500457763672,16.954999923706055,16.795000076293945,16.822500228881836,15.607222557067871,5561200
2017-02-08,16.822500228881836,17.102500915527344,16.815000534057617,17.0049991607666,15.776531219482422,6232800
2017-02-09,17.00749969482422,17.19499969482422,17.0049991607666,17.072500228881836,15.83915901184082,5292800
2017-02-10,17.059999465942383,17.235000610351562,17.020000457763672,17.1924991607666,15.950486183166504,4463600
2017-02-13,17.25749969482422,17.30500030517578,17.202499389648438,17.24250030517578,15.996872901916504,4273200
2017-02-14,17.207500457763672,17.28499984741211,17.139999389648438,17.282499313354492,16.033987045288086,4198400
2017-02-15,17.212499618530273,17.30500030517578,17.142499923706055,17.2549991607666,16.00847053527832,5854400
2017-02-16,17.290000915527344,17.360000610351562,17.21500015258789,17.344999313354492,16.091968536376953,3534000
2017-02-17,17.350000381469727,17.364999771118164,17.18000030517578,17.364999771118164,16.11052703857422,4413200
2017-02-21,17.344999313354492,17.422500610351562,17.287500381469727,17.395000457763672,16.138364791870117,4214000
2017-02-22,17.389999389648438,17.497499465942383,17.385000228881836,17.454999923706055,16.19402313232422,3237200
2017-02-23,17.5049991607666,17.559999465942383,17.295000076293945,17.49250030517578,16.228818893432617,9816400
2017-02-24,17.387500762939453,17.5575008392334,17.352500915527344,17.545000076293945,16.277524948120117,5253600
2017-02-27,17.502500534057617,17.565000534057617,17.34749984741211,17.36750030517578,16.11284828186035,4762400
2017-02-28,17.34000015258789,17.352500915527344,17.247499465942383,17.302499771118164,16.052541732788086,5386000
2017-03-01,17.387500762939453,17.75,17.375,17.719999313354492,16.439882278442383,6047600
2017-03-02,17.6924991607666,17.7450008392334,17.600000381469727,17.6200008392334,16.347103118896484,3262000
2017-03-03,17.602500915527344,17.662500381469727,17.5575008392334,17.61750030517578,16.34478759765625,3642400
2017-03-06,17.517499923706055,17.604999542236328,17.510000228881836,17.532499313354492,16.265920639038086,3656000
2017-03-07,17.55500030517578,17.625,17.489999771118164,17.5674991607666,16.29839324951172,2674800
2017-03-08,17.53499984741211,17.647499084472656,17.479999542236328,17.594999313354492,16.323911666870117,3728400
2017-03-09,17.5575008392334,17.657499313354492,17.450000762939453,17.53499984741211,16.26824378967285,2875600
2017-03-10,17.59000015258789,17.702499389648438,17.565000534057617,17.637500762939453,16.363346099853516,2656400
2017-03-13,17.622499465942383,17.854999542236328,17.572500228881836,17.84749984741211,16.55816650390625,4970000
2017-03-14,17.774999618530273,17.795000076293945,17.672500610351562,17.737499237060547,16.45612335205078,3487600
2017-03-15,17.81999969482422,17.9950008392334,17.792499542236328,17.96500015258789,16.667177200317383,8618800
2017-03-16,17.934999465942383,17.989999771118164,17.809999465942383,17.860000610351562,16.60674285888672,4559600
2017-03-17,17.860000610351562,17.922500610351562,17.799999237060547,17.834999084472656,16.583494186401367,4996400
2017-03-20,17.827499389648438,17.872499465942383,17.71500015258789,17.834999084472656,16.583494186401367,2812400
2017-03-21,17.8799991607666,17.962499618530273,17.559999465942383,17.602500915527344,16.3673152923584,4643200
2017-03-22,17.667499542236328,17.75749969482422,17.549999237060547,17.739999771118164,16.495161056518555,4803200
2017-03-23,17.732500076293945,17.850000381469727,17.642499923706055,17.725000381469727,16.48121452331543,4024800
2017-03-24,17.774999618530273,17.90250015258789,17.700000762939453,17.74250030517578,16.49749183654785,4956400
2017-03-27,17.600000381469727,17.760000228881836,17.46500015258789,17.7450008392334,16.499813079833984,3663600
2017-03-28,17.735000610351562,17.88249969482422,17.647499084472656,17.829999923706055,16.578845977783203,3776800
2017-03-29,17.7450008392334,17.854999542236328,17.709999084472656,17.827499389648438,16.57651710510254,4459600
2017-03-30,17.8174991607666,17.987499237060547,17.802499771118164,17.97249984741211,16.71134376525879,3652800
2017-03-31,17.9325008392334,17.950000762939453,17.772499084472656,17.792499542236328,16.543977737426758,5937200
2017-04-03,17.767499923706055,17.774999618530273,17.4375,17.572500228881836,16.339412689208984,4805600
2017-04-04,17.545000076293945,17.614999771118164,17.3799991607666,17.475000381469727,16.248756408691406,4152400
2017-04-05,17.53499984741211,17.579999923706055,17.3799991607666,17.392499923706055,16.172046661376953,4819600
2017-04-06,17.377500534057617,17.559999465942383,17.337499618530273,17.482500076293945,16.2557315826416,3212400
2017-04-07,17.467500686645508,17.53499984741211,17.424999237060547,17.4424991607666,16.218538284301758,3649600
2017-04-10,17.482500076293945,17.565000534057617,17.389999389648438,17.40999984741211,16.188316345214844,3082000
2017-04-11,17.375,17.452499389648438,17.235000610351562,17.434999465942383,16.21156120300293,3199200
2017-04-12,17.469999313354492,17.487499237060547,17.142499923706055,17.209999084472656,16.002351760864258,4778800
2017-04-13,17.190000534057617,17.295000076293945,17.162500381469727,17.162500381469727,15.958184242248535,3617600
2017-04-17,17.25,17.389999389648438,17.207500457763672,17.38249969482422,16.162744522094727,2678400
2017-04-18,17.36750030517578,17.50749969482422,17.354999542236328,17.489999771118164,16.26270294189453,4859600
2017-04-19,17.56999969482422,17.672500610351562,17.502500534057617,17.530000686645508,16.299898147583008,3946400
2017-04-20,17.607500076293945,17.772499084472656,17.5575008392334,17.704999923706055,16.462617874145508,3561600
2017-04-21,17.704999923706055,17.717500686645508,17.575000762939453,17.61750030517578,16.381258010864258,4494000
2017-04-24,17.825000762939453,17.985000610351562,17.78499984741211,17.982500076293945,16.720645904541016,4853600
2017-04-25,18.0049991607666,18.125,17.934999465942383,18.045000076293945,16.778762817382812,5710800
2017-04-26,18.25,18.4375,17.905000686645508,17.9325008392334,16.67416000366211,10000400
2017-04-27,18.00749969482422,18.202499389648438,17.975000381469727,18.19499969482422,16.918237686157227,4117200
2017-04-28,18.15999984741211,18.1875,17.977500915527344,18.077499389648438,16.808977127075195,4846400
2017-05-01,18.145000457763672,18.162500381469727,17.97249984741211,17.97249984741211,16.71134376525879,4424000
2017-05-02,17.967500686645508,18.0049991607666,17.8075008392334,17.875,16.620691299438477,4330400
2017-05-03,17.815000534057617,17.850000381469727,17.725000381469727,17.822500228881836,16.571870803833008,3634000
2017-05-04,17.88249969482422,17.997499465942383,17.799999237060547,17.959999084472656,16.699722290039062,3353200
2017-05-05,18.00749969482422,18.049999237060547,17.924999237060547,18.032499313354492,16.76712989807129,1950800
2017-05-08,18.022499084472656,18.177499771118164,17.9950008392334,18.13249969482422,16.860118865966797,3626400
2017-05-09,18.114999771118164,18.217500686645508,18.114999771118164,18.165000915527344,16.89034080505371,3026400
2017-05-10,18.165000915527344,18.25,18.0674991607666,18.2450008392334,16.96472930908203,4767200
2017-05-11,18.137500762939453,18.1875,18.040000915527344,18.155000686645508,16.88104248046875,2475600
2017-05-12,18.135000228881836,18.219999313354492,18.11750030517578,18.212499618530273,16.934505462646484,2593200
2017-05-15,18.2450008392334,18.342500686645508,18.202499389648438,18.292499542236328,17.00889778137207,5761600
2017-05-16,18.362499237060547,18.46500015258789,18.274999618530273,18.434999465942383,17.141393661499023,3480000
2017-05-17,18.434999465942383,18.434999465942383,18.139999389648438,18.139999389648438,16.867097854614258,5628800
2017-05-18,18.032499313354492,18.200000762939453,17.842500686645508,18.112499237060547,16.841522216796875,3809200
2017-05-19,18.177499771118164,18.3075008392334,18.165000915527344,18.225000381469727,16.94612693786621,3356400
2017-05-22,18.25,18.417499542236328,18.212499618530273,18.399999618530273,17.10884666442871,3842800
2017-05-23,18.399999618530273,18.469999313354492,18.325000762939453,18.342500686645508,17.055381774902344,3891200
2017-05-24,18.395000457763672,18.547500610351562,18.350000381469727,18.482500076293945,17.185556411743164,3956000
2017-05-25,18.59000015258789,18.670000076293945,18.4950008392334,18.642499923706055,17.33432960510254,3747600
2017-05-26,18.642499923706055,18.71500015258789,18.582500457763672,18.700000762939453,17.387798309326172,3787200
2017-05-30,18.627500534057617,18.747499465942383,18.627500534057617,18.719999313354492,17.40639305114746,3877200
2017-05-31,18.75,18.787500381469727,18.63249969482422,18.649999618530273,17.34130096435547,10865600
2017-06-01,18.739999771118164,18.829999923706055,18.707500457763672,18.782499313354492,17.464508056640625,4469600
2017-06-02,18.825000762939453,18.90250015258789,18.739999771118164,18.889999389648438,17.564462661743164,3668400
2017-06-05,18.892499923706055,19.037500381469727,18.84000015258789,18.897499084472656,17.571439743041992,3950400
2017-06-06,18.80500030517578,18.979999542236328,18.80500030517578,18.887500762939453,17.56214141845703,3342400
2017-06-07,18.959999084472656,18.9950008392334,18.854999542236328,18.979999542236328,17.648147583007812,2865200
2017-06-08,18.979999542236328,19.0625,18.88249969482422,19.045000076293945,17.708585739135742,4170000
2017-06-09,19.047500610351562,19.167499542236328,18.8174991607666,18.940000534057617,17.610958099365234,5136400
2017-06-12,18.852500915527344,18.895000457763672,18.657499313354492,18.854999542236328,17.531923294067383,4784000
2017-06-13,18.90250015258789,19.012500762939453,18.90250015258789,18.979999542236328,17.648147583007812,4679600
2017-06-14,18.97249984741211,19.037500381469727,18.899999618530273,18.985000610351562,17.65279769897461,4237200
2017-06-15,18.799999237060547,19.030000686645508,18.74250030517578,19.0049991607666,17.708707809448242,4410400
2017-06-16,19.002500534057617,19.1200008392334,18.887500762939453,18.907499313354492,17.617860794067383,8943600
2017-06-19,18.975000381469727,19.012500762939453,18.822500228881836,18.912500381469727,17.622512817382812,5860000
2017-06-20,18.895000457763672,18.9375,18.732500076293945,18.737499237060547,17.45944595336914,4900800
2017-06-21,18.732500076293945,18.764999389648438,18.639999389648438,18.6825008392334,17.408206939697266,6167200
2017-06-22,18.6825008392334,18.704999923706055,18.547500610351562,18.592500686645508,17.3243408203125,4147200
2017-06-23,18.622499465942383,18.799999237060547,18.552499771118164,18.770000457763672,17.489730834960938,6458400
2017-06-26,18.825000762939453,18.899999618530273,18.667499542236328,18.690000534057617,17.415189743041992,3807600
2017-06-27,18.665000915527344,18.674999237060547,18.5575008392334,18.5575008392334,17.291730880737305,4745200
2017-06-28,18.702499389648438,18.809999465942383,18.594999313354492,18.77750015258789,17.49672508239746,3341200
2017-06-29,18.774999618530273,18.774999618530273,18.315000534057617,18.440000534057617,17.182239532470703,3691200
2017-06-30,18.512500762939453,18.5625,18.334999084472656,18.454999923706055,17.196218490600586,5788800
2017-07-03,18.572500228881836,18.579999923706055,18.274999618530273,18.274999618530273,17.028499603271484,2321200
2017-07-05,18.385000228881836,18.457500457763672,18.262500762939453,18.4424991607666,17.184572219848633,4706800
2017-07-06,18.212499618530273,18.31999969482422,18.087499618530273,18.1200008392334,16.884071350097656,5820400
2017-07-07,18.22249984741211,18.415000915527344,18.1924991607666,18.34749984741211,17.096054077148438,3835600
2017-07-10,18.280000686645508,18.479999542236328,18.232500076293945,18.4424991607666,17.184572219848633,4100800
2017-07-11,18.4375,18.5,18.342500686645508,18.415000915527344,17.158945083618164,2899600
2017-07-12,18.542499542236328,18.667499542236328,18.475000381469727,18.645000457763672,17.373262405395508,4098000
2017-07-13,18.655000686645508,18.739999771118164,18.61750030517578,18.647499084472656,17.37558937072754,2638400
2017-07-14,18.662500381469727,18.667499542236328,18.582500457763672,18.637500762939453,17.366275787353516,4211200
2017-07-17,18.642499923706055,18.797500610351562,18.579999923706055,18.709999084472656,17.43383026123047,2780800
2017-07-18,18.655000686645508,18.75,18.612499237060547,18.727500915527344,17.450138092041016,3034000
2017-07-19,18.792499542236328,18.917499542236328,18.7549991607666,18.895000457763672,17.606210708618164,3166000
2017-07-20,18.8700008392334,18.94499969482422,18.780000686645508,18.915000915527344,17.624841690063477,3942400
2017-07-21,18.862499237060547,18.952499389648438,18.809999465942383,18.892499923706055,17.603883743286133,3305200
2017-07-24,18.924999237060547,18.962499618530273,18.8174991607666,18.90999984741211,17.62018394470215,4470400
2017-07-25,18.969999313354492,19.045000076293945,18.850000381469727,18.959999084472656,17.666776657104492,6426400
2017-07-26,19.049999237060547,19.36750030517578,18.50749969482422,18.735000610351562,17.45711898803711,9146800
2017-07-27,18.74250030517578,18.982500076293945,18.704999923706055,18.959999084472656,17.666776657104492,8140400
2017-07-28,18.985000610351562,19.065000534057617,18.8075008392334,19.032499313354492,17.734329223632812,5830800
2017-07-31,19.1200008392334,19.21500015258789,19.017499923706055,19.155000686645508,17.84847640991211,5895600
2017-08-01,19.4424991607666,19.4424991607666,19.200000762939453,19.344999313354492,18.025510787963867,4414400
2017-08-02,19.40250015258789,19.4950008392334,19.357500076293945,19.459999084472656,18.132673263549805,5955200
2017-08-03,19.434999465942383,19.59749984741211,19.389999389648438,19.457500457763672,18.130348205566406,8390800
2017-08-04,19.517499923706055,19.532499313354492,19.36750030517578,19.415000915527344,18.090740203857422,4823200
2017-08-07,19.395000457763672,19.522499084472656,19.395000457763672,19.4950008392334,18.165287017822266,4507600
2017-08-08,19.40999984741211,19.584999084472656,19.40999984741211,19.49250030517578,18.1629581451416,3420400
2017-08-09,19.440000534057617,19.645000457763672,19.3799991607666,19.622499465942383,18.284086227416992,4543200
2017-08-10,19.514999389648438,19.59000015258789,19.434999465942383,19.4424991607666,18.11635971069336,7400400
2017-08-11,19.502500534057617,19.542499542236328,19.427499771118164,19.49250030517578,18.1629581451416,4405600
2017-08-14,19.592500686645508,19.84000015258789,19.5674991607666,19.774999618530273,18.42618751525879,5467200
2017-08-15,19.8075008392334,19.844999313354492,19.727500915527344,19.727500915527344,18.38192367553711,7659600
2017-08-16,19.787500381469727,19.924999237060547,19.752500534057617,19.829999923706055,18.477432250976562,3748800
2017-08-17,19.762500762939453,19.864999771118164,19.72249984741211,19.737499237060547,18.39124298095703,5164400
2017-08-18,19.709999084472656,19.7450008392334,19.59000015258789,19.604999542236328,18.26778221130371,3496000
2017-08-21,19.575000762939453,19.69499969482422,19.530000686645508,19.677499771118164,18.33533477783203,3234800
2017-08-22,19.729999542236328,19.9375,19.729999542236328,19.924999237060547,18.565950393676758,4125600
2017-08-23,19.797500610351562,19.985000610351562,19.725000381469727,19.850000381469727,18.496068954467773,4042400
2017-08-24,19.8700008392334,19.875,19.7450008392334,19.84749984741211,18.49374008178711,2792400
2017-08-25,19.947500228881836,20.03499984741211,19.897499084472656,19.947500228881836,18.5869197845459,5246000
2017-08-28,20.0,20.0,19.887500762939453,19.9375,18.577598571777344,2938400
2017-08-29,19.832500457763672,20.082500457763672,19.770000457763672,20.040000915527344,18.673110961914062,3143200
2017-08-30,20.024999618530273,20.11750030517578,19.9950008392334,20.077499389648438,18.708049774169922,3936400
2017-08-31,20.125,20.282499313354492,20.082500457763672,20.235000610351562,18.854814529418945,4314400
2017-09-01,20.2450008392334,20.292499542236328,20.077499389648438,20.217500686645508,18.8385066986084,3467600
2017-09-05,20.174999237060547,20.225000381469727,19.96500015258789,20.087499618530273,18.717365264892578,3287600
2017-09-06,20.162500381469727,20.184999465942383,20.010000228881836,20.145000457763672,18.770950317382812,3258800
2017-09-07,20.177499771118164,20.207500457763672,20.0674991607666,20.127500534057617,18.754642486572266,2772000
2017-09-08,20.0674991607666,20.225000381469727,20.014999389648438,20.1299991607666,18.756977081298828,2837200
2017-09-11,20.2549991607666,20.517499923706055,20.24250030517578,20.485000610351562,19.087759017944336,4095200
2017-09-12,20.487499237060547,20.575000762939453,20.4375,20.530000686645508,19.129690170288086,3028800
2017-09-13,20.517499923706055,20.530000686645508,20.352500915527344,20.43000030517578,19.036508560180664,3168800
2017-09-14,20.3799991607666,20.572500228881836,20.3799991607666,20.552499771118164,19.150659561157227,3129600
2017-09-15,20.542499542236328,20.649999618530273,20.462499618530273,20.645000457763672,19.281408309936523,4529200
2017-09-18,20.639999389648438,20.752500534057617,20.5575008392334,20.700000762939453,19.33277702331543,4298400
2017-09-19,20.767499923706055,20.787500381469727,20.667499542236328,20.767499923706055,19.39581871032715,2733600
2017-09-20,20.8075008392334,20.8125,20.600000381469727,20.747499465942383,19.37713050842285,2623600
2017-09-21,20.799999237060547,20.84000015258789,20.6924991607666,20.78499984741211,19.412155151367188,2913600
2017-09-22,20.842500686645508,20.952499389648438,20.712499618530273,20.735000610351562,19.36546516418457,6472800
2017-09-25,20.71500015258789,20.729999542236328,20.392499923706055,20.479999542236328,19.127300262451172,5318800
2017-09-26,20.512500762939453,20.540000915527344,20.387500762939453,20.405000686645508,19.057262420654297,3473200
2017-09-27,20.497499465942383,20.559999465942383,20.420000076293945,20.49250030517578,19.138978958129883,4540400
2017-09-28,20.4325008392334,20.59749984741211,20.420000076293945,20.56999969482422,19.211360931396484,3249200
2017-09-29,20.872499465942383,21.217500686645508,20.75749969482422,21.15999984741211,19.762388229370117,7391600
2017-10-02,21.1875,21.225000381469727,21.094999313354492,21.1924991607666,19.792739868164062,6132000
2017-10-03,21.25,21.295000076293945,21.174999237060547,21.25,19.846445083618164,3953600
2017-10-04,21.247499465942383,21.469999313354492,21.190000534057617,21.440000534057617,20.023897171020508,4049600
2017-10-05,21.512500762939453,21.575000762939453,21.417499542236328,21.575000762939453,20.149988174438477,4010800
2017-10-06,21.532499313354492,21.647499084472656,21.4950008392334,21.645000457763672,20.21535873413086,3180800
2017-10-09,21.649999618530273,21.702499389648438,21.579999923706055,21.637500762939453,20.208349227905273,4094400
2017-10-10,21.65999984741211,21.770000457763672,21.625,21.7549991607666,20.31809425354004,3093600
2017-10-11,21.75,21.752500534057617,21.627500534057617,21.69499969482422,20.262056350708008,2757200
2017-10-12,21.6875,21.947500228881836,21.674999237060547,21.9424991607666,20.493209838867188,2869200
2017-10-13,21.982500076293945,22.0,21.772499084472656,21.799999237060547,20.36012077331543,8380400
2017-10-16,21.84749984741211,21.8700008392334,21.702499389648438,21.735000610351562,20.299415588378906,6324000
2017-10-17,21.7450008392334,21.75749969482422,21.61750030517578,21.674999237060547,20.243375778198242,3975600
2017-10-18,21.6924991607666,21.71500015258789,21.5625,21.655000686645508,20.22469711303711,4172000
2017-10-19,21.592500686645508,21.622499465942383,21.34749984741211,21.524999618530273,20.10328483581543,6378400
2017-10-20,21.670000076293945,21.735000610351562,21.5,21.642499923706055,20.213024139404297,5000400
2017-10-23,21.735000610351562,21.735000610351562,21.542499542236328,21.587499618530273,20.16166114807129,5127600
2017-10-24,21.662500381469727,21.75749969482422,21.572500228881836,21.662500381469727,20.231700897216797,4303200
2017-10-25,21.892499923706055,22.047500610351562,21.627500534057617,21.8125,20.371795654296875,7316000
2017-10-26,21.8125,21.8174991607666,21.375,21.375,19.96319007873535,7232400
2017-10-27,21.375,21.649999618530273,21.362499237060547,21.649999618530273,20.220027923583984,5038000
2017-10-30,21.607500076293945,21.639999389648438,21.412500381469727,21.440000534057617,20.023897171020508,3564800
2017-10-31,21.530000686645508,21.78499984741211,21.489999771118164,21.75,20.31342124938965,4896000
2017-11-01,21.887500762939453,21.957500457763672,21.684999465942383,21.717500686645508,20.283071517944336,4788400
2017-11-02,21.75,21.97249984741211,21.725000381469727,21.897499084472656,20.451181411743164,5464000
2017-11-03,21.905000686645508,21.952499389648438,21.6924991607666,21.832500457763672,20.390472412109375,3794800
2017-11-06,21.825000762939453,21.90999984741211,21.77750015258789,21.809999465942383,20.369461059570312,4574400
2017-11-07,21.795000076293945,21.924999237060547,21.77750015258789,21.842500686645508,20.399810791015625,3677200
2017-11-08,21.834999084472656,21.962499618530273,21.77750015258789,21.934999465942383,20.486204147338867,3360000
2017-11-09,21.795000076293945,21.84749984741211,21.53499984741211,21.68000030517578,20.2480411529541,3348400
2017-11-10,21.670000076293945,22.09000015258789,21.645000457763672,22.052499771118164,20.595943450927734,5436400
2017-11-13,22.0,22.155000686645508,21.96500015258789,22.1200008392334,20.658987045288086,4219200
2017-11-14,22.06999969482422,22.290000915527344,22.020000457763672,22.2450008392334,20.775732040405273,4354400
2017-11-15,22.18000030517578,22.217500686645508,22.045000076293945,22.102500915527344,20.64263916015625,4576400
2017-11-16,22.18000030517578,22.422500610351562,22.147499084472656,22.327499389648438,20.852779388427734,4063600
2017-11-17,22.27750015258789,22.4325008392334,22.227500915527344,22.3799991607666,20.90180778503418,4209600
2017-11-20,22.4325008392334,22.530000686645508,22.38249969482422,22.469999313354492,20.985864639282227,3299200
2017-11-21,22.6825008392334,22.78499984741211,22.517499923706055,22.709999084472656,21.21001625061035,5948400
2017-11-22,22.709999084472656,22.735000610351562,22.469999313354492,22.475000381469727,20.99053955078125,4917200
2017-11-24,22.497499465942383,22.772499084472656,22.475000381469727,22.727500915527344,21.226360321044922,2568000
2017-11-27,22.6924991607666,22.739999771118164,22.594999313354492,22.594999313354492,21.10260772705078,4793600
2017-11-28,22.690000534057617,22.8125,22.655000686645508,22.760000228881836,21.2567081451416,5743200
2017-11-29,22.75,22.815000534057617,22.362499237060547,22.4424991607666,20.96018409729004,5917200
2017-11-30,22.607500076293945,22.770000457763672,22.502500534057617,22.647499084472656,21.15164566040039,18365200
2017-12-01,22.665000915527344,22.684999465942383,22.014999389648438,22.450000762939453,20.96718978881836,5278400
2017-12-04,22.592500686645508,22.649999618530273,22.110000610351562,22.114999771118164,20.654314041137695,5165600
2017-12-05,22.125,22.1825008392334,21.99250030517578,22.045000076293945,20.58894157409668,4605200
2017-12-06,21.905000686645508,22.06999969482422,21.850000381469727,21.94499969482422,20.49554443359375,3817200
2017-12-07,21.97249984741211,22.052499771118164,21.912500381469727,22.03499984741211,20.579599380493164,6056000
2017-12-08,22.167499542236328,22.337499618530273,22.167499542236328,22.334999084472656,20.85978126525879,6427200
2017-12-11,22.270000457763672,22.459999084472656,22.225000381469727,22.309999465942383,20.83643341064453,4111200
2017-12-12,22.309999465942383,22.487499237060547,22.239999771118164,22.417499542236328,20.93683624267578,5422800
2017-12-13,22.40999984741211,22.502500534057617,22.267499923706055,22.375,20.897140502929688,3532000
2017-12-14,22.420000076293945,22.482500076293945,22.30500030517578,22.3075008392334,20.8341007232666,3468800
2017-12-15,22.38249969482422,22.415000915527344,22.24250030517578,22.282499313354492,20.855159759521484,6204800
2017-12-18,22.389999389648438,22.46500015258789,22.3125,22.362499237060547,20.930028915405273,3747600
2017-12-19,22.43000030517578,22.517499923706055,22.197500228881836,22.200000762939453,20.777944564819336,4997200
2017-12-20,22.287500381469727,22.287500381469727,22.059999465942383,22.15999984741211,20.740503311157227,3986800
2017-12-21,22.267499923706055,22.267499923706055,22.084999084472656,22.112499237060547,20.696046829223633,4242000
2017-12-22,22.1924991607666,22.2549991607666,21.9375,22.03499984741211,20.623512268066406,2773600
2017-12-26,22.014999389648438,22.014999389648438,21.857500076293945,21.947500228881836,20.54161834716797,2657200
2017-12-27,22.022499084472656,22.047500610351562,21.924999237060547,22.022499084472656,20.611812591552734,4592800
2017-12-28,22.0625,22.162500381469727,21.959999084472656,22.149999618530273,20.731149673461914,3237600
2017-12-29,22.25,22.287500381469727,21.88249969482422,21.950000762939453,20.54395294189453,3396800
2018-01-02,22.11750030517578,22.212499618530273,21.887500762939453,21.950000762939453,20.54395294189453,4908400
2018-01-03,21.895000457763672,22.239999771118164,21.875,22.235000610351562,20.81070327758789,5368000
2018-01-04,22.25,22.3174991607666,22.157499313354492,22.157499313354492,20.7381649017334,5593200
2018-01-05,22.28499984741211,22.452499389648438,22.225000381469727,22.427499771118164,20.99087142944336,4407600
2018-01-08,22.40999984741211,22.677499771118164,22.40999984741211,22.667499542236328,21.215490341186523,5445200
2018-01-09,22.75,22.877500534057617,22.690000534057617,22.702499389648438,21.24825668334961,5000400
2018-01-10,22.647499084472656,22.672500610351562,22.315000534057617,22.377500534057617,20.944076538085938,3745200
2018-01-11,22.3799991607666,22.704999923706055,22.332500457763672,22.697500228881836,21.243574142456055,3079200
2018-01-12,22.71500015258789,22.985000610351562,22.614999771118164,22.957500457763672,21.486923217773438,3384000
2018-01-16,23.0,23.15250015258789,22.797500610351562,22.81999969482422,21.358232498168945,5928400
2018-01-17,22.987499237060547,23.25,22.780000686645508,23.212499618530273,21.7255859375,3734400
2018-01-18,23.217500686645508,23.31999969482422,23.030000686645508,23.072500228881836,21.594554901123047,6065600
2018-01-19,23.290000915527344,23.405000686645508,23.219999313354492,23.282499313354492,21.791099548339844,7162400
2018-01-22,23.282499313354492,23.372499465942383,22.94499969482422,22.9950008392334,21.52202033996582,8243200
2018-01-23,22.987499237060547,23.049999237060547,22.917499542236328,22.954999923706055,21.48457145690918,5945200
2018-01-24,23.165000915527344,23.38249969482422,22.739999771118164,22.799999237060547,21.339515686035156,9863600
2018-01-25,22.875,23.170000076293945,22.75,22.799999237060547,21.339515686035156,8761200
2018-01-26,22.934999465942383,23.1825008392334,22.735000610351562,23.1825008392334,21.697513580322266,6646400
2018-01-29,23.09000015258789,23.25,22.99250030517578,23.032499313354492,21.557119369506836,7952800
2018-01-30,22.84000015258789,23.25749969482422,22.799999237060547,23.137500762939453,21.6553897857666,6042800
2018-01-31,23.267499923706055,23.27750015258789,23.100000381469727,23.1924991607666,21.706872940063477,6168000
2018-02-01,22.850000381469727,23.3799991607666,22.850000381469727,23.204999923706055,21.71856689453125,5287600
2018-02-02,23.13249969482422,23.209999084472656,22.797500610351562,22.8125,21.351207733154297,6803200
2018-02-05,22.690000534057617,23.002500534057617,22.020000457763672,22.102500915527344,20.686689376831055,7660400
2018-02-06,21.68000030517578,22.219999313354492,21.427499771118164,22.139999389648438,20.721784591674805,9877200
2018-02-07,22.002500534057617,22.457500457763672,21.864999771118164,22.06999969482422,20.65627098083496,7128000
2018-02-08,22.059999465942383,22.1299991607666,21.100000381469727,21.110000610351562,19.757762908935547,10275200
2018-02-09,21.235000610351562,21.362499237060547,20.537500381469727,21.19499969482422,19.837324142456055,10720400
2018-02-12,21.447500228881836,21.725000381469727,21.422500610351562,21.602500915527344,20.21872329711914,7191200
2018-02-13,21.459999084472656,21.770000457763672,21.450000762939453,21.719999313354492,20.328689575195312,3498400
2018-02-14,21.575000762939453,21.860000610351562,21.559999465942383,21.834999084472656,20.436328887939453,4295600
2018-02-15,22.002500534057617,22.28499984741211,21.947500228881836,22.28499984741211,20.85749626159668,6512400
2018-02-16,22.1875,22.68000030517578,22.162500381469727,22.497499465942383,21.056385040283203,4911600
2018-02-20,22.375,22.707500457763672,22.325000762939453,22.59000015258789,21.142963409423828,4724400
2018-02-21,22.622499465942383,22.887500762939453,22.604999542236328,22.604999542236328,21.156997680664062,4132000
2018-02-22,22.697500228881836,22.799999237060547,22.514999389648438,22.5575008392334,21.11254119873047,4843600
2018-02-23,22.6200008392334,22.71500015258789,22.479999542236328,22.707500457763672,21.2529354095459,3885200
2018-02-26,22.767499923706055,23.107500076293945,22.674999237060547,23.102500915527344,21.622631072998047,3213200
2018-02-27,23.147499084472656,23.38249969482422,22.985000610351562,22.985000610351562,21.512649536132812,4571600
2018-02-28,23.100000381469727,23.174999237060547,22.844999313354492,22.84749984741211,21.383968353271484,5079600
2018-03-01,22.787500381469727,22.889999389648438,22.059999465942383,22.237499237060547,20.813039779663086,6270800
2018-03-02,22.125,22.462499618530273,22.03499984741211,22.412500381469727,20.976829528808594,4606800
2018-03-05,22.2450008392334,22.43000030517578,22.05500030517578,22.295000076293945,20.86685562133789,4354400
2018-03-06,22.375,22.532499313354492,22.282499313354492,22.4375,21.000232696533203,4138400
2018-03-07,22.202499389648438,22.6200008392334,22.127500534057617,22.565000534057617,21.11956214904785,4414400
2018-03-08,22.579999923706055,22.662500381469727,22.482500076293945,22.645000457763672,21.194438934326172,5406400
2018-03-09,22.782499313354492,23.162500381469727,22.712499618530273,23.110000610351562,21.62965202331543,4778400
2018-03-12,23.127500534057617,23.267499923706055,23.084999084472656,23.165000915527344,21.681129455566406,5219600
2018-03-13,23.290000915527344,23.375,23.05500030517578,23.127500534057617,21.64603042602539,3547600
2018-03-14,23.212499618530273,23.239999771118164,22.802499771118164,22.842500686645508,21.379287719726562,2300800
2018-03-15,22.887500762939453,23.09749984741211,22.802499771118164,22.987499237060547,21.514995574951172,2770800
2018-03-16,23.040000915527344,23.232500076293945,22.86750030517578,23.0,21.571269989013672,7214800
2018-03-19,22.975000381469727,23.02750015258789,22.587499618530273,22.834999084472656,21.41651725769043,4813200
2018-03-20,22.922500610351562,23.002500534057617,22.795000076293945,22.924999237060547,21.50092887878418,3428000
2018-03-21,22.90250015258789,23.0049991607666,22.704999923706055,22.75749969482422,21.34383773803711,3000800
2018-03-22,22.5,22.614999771118164,22.017499923706055,22.042499542236328,20.673250198364258,4390400
2018-03-23,22.049999237060547,22.102500915527344,21.30500030517578,21.332500457763672,20.007356643676758,4428800
2018-03-26,21.59749984741211,21.790000915527344,21.344999313354492,21.772499084472656,20.42001724243164,4613200
2018-03-27,21.84749984741211,22.0,21.272499084472656,21.397499084472656,20.068317413330078,4203200
2018-03-28,21.447500228881836,21.469999313354492,20.989999771118164,21.212499618530273,19.89480972290039,3717200
2018-03-29,21.350000381469727,21.7450008392334,21.264999389648438,21.532499313354492,20.194934844970703,5421200
2018-04-02,21.532499313354492,21.56999969482422,20.6825008392334,21.012500762939453,19.707233428955078,5298400
2018-04-03,21.06999969482422,21.217500686645508,20.792499542236328,21.200000762939453,19.883089065551758,5495600
2018-04-04,20.532499313354492,21.290000915527344,20.532499313354492,21.247499465942383,19.927631378173828,6085200
2018-04-05,21.385000228881836,21.434999465942383,21.1200008392334,21.1924991607666,19.876054763793945,4658800
2018-04-06,21.079999923706055,21.142499923706055,20.475000381469727,20.642499923706055,19.360212326049805,4942800
2018-04-09,20.782499313354492,21.15250015258789,20.69499969482422,20.895000457763672,19.597030639648438,5703600
2018-04-10,21.229999542236328,21.43000030517578,21.137500762939453,21.342500686645508,20.016733169555664,7697600
2018-04-11,21.217500686645508,21.487499237060547,21.212499618530273,21.31999969482422,19.995630264282227,6450000
2018-04-12,21.447500228881836,21.622499465942383,21.329999923706055,21.53499984741211,20.197277069091797,4141600
2018-04-13,21.625,21.667499542236328,21.342500686645508,21.40250015258789,20.07300567626953,2998000
2018-04-16,21.575000762939453,21.702499389648438,21.4375,21.61750030517578,20.274648666381836,3019200
2018-04-17,21.702499389648438,21.78499984741211,21.572500228881836,21.704999923706055,20.35671043395996,3999600
2018-04-18,21.802499771118164,21.917499542236328,21.68000030517578,21.799999237060547,20.44581413269043,3052800
2018-04-19,21.770000457763672,21.77750015258789,21.502500534057617,21.549999237060547,20.211341857910156,4135600
2018-04-20,21.487499237060547,21.489999771118164,21.167499542236328,21.302499771118164,19.979219436645508,6063200
2018-04-23,21.399999618530273,21.422500610351562,21.06999969482422,21.100000381469727,19.789297103881836,6112000
2018-04-24,21.239999771118164,21.274999618530273,20.50749969482422,20.6924991607666,19.407108306884766,9571600
2018-04-25,20.912500381469727,20.987499237060547,20.104999542236328,20.719999313354492,19.432899475097656,11206000
2018-04-26,20.787500381469727,20.952499389648438,20.649999618530273,20.947500228881836,19.646268844604492,6320400
2018-04-27,20.975000381469727,21.15250015258789,20.877500534057617,21.06999969482422,19.76115608215332,7156800
2018-04-30,21.09749984741211,21.212499618530273,20.927499771118164,20.927499771118164,19.62751007080078,6138800
2018-05-01,20.837499618530273,21.03499984741211,20.6924991607666,20.985000610351562,19.681438446044922,5161200
2018-05-02,21.049999237060547,21.19499969482422,20.9375,20.989999771118164,19.686126708984375,6969600
2018-05-03,20.852500915527344,21.114999771118164,20.707500457763672,21.06999969482422,19.76115608215332,5172000
2018-05-04,20.94499969482422,21.397499084472656,20.912500381469727,21.337499618530273,20.012042999267578,5660000
2018-05-07,21.36750030517578,21.540000915527344,21.36750030517578,21.454999923706055,20.122243881225586,5480400
2018-05-08,21.469999313354492,21.497499465942383,21.292499542236328,21.434999465942383,20.103487014770508,5130000
2018-05-09,21.44499969482422,21.61750030517578,21.315000534057617,21.577499389648438,20.23712730407715,4498400
2018-05-10,21.704999923706055,21.827499389648438,21.53499984741211,21.8174991607666,20.462230682373047,3910000
2018-05-11,21.772499084472656,22.0049991607666,21.75,21.9950008392334,20.62870216369629,4729200
2018-05-14,22.03499984741211,22.077499389648438,21.94499969482422,22.047500610351562,20.67793846130371,4291200
2018-05-15,22.014999389648438,22.042499542236328,21.895000457763672,21.96500015258789,20.60056495666504,4440400
2018-05-16,22.0575008392334,22.172500610351562,21.90250015258789,22.087499618530273,20.7154541015625,4080000
2018-05-17,22.05500030517578,22.172500610351562,21.979999542236328,22.030000686645508,20.661529541015625,3996400
2018-05-18,21.979999542236328,22.092500686645508,21.905000686645508,21.9950008392334,20.62870216369629,3629200
2018-05-21,22.122499465942383,22.235000610351562,22.05500030517578,22.232500076293945,20.851444244384766,3966800
2018-05-22,22.299999237060547,22.299999237060547,22.00749969482422,22.024999618530273,20.656837463378906,4367600
2018-05-23,21.90250015258789,22.05500030517578,21.764999389648438,22.049999237060547,20.68028450012207,4473600
2018-05-24,22.02750015258789,22.15250015258789,21.84749984741211,21.950000762939453,20.58649444580078,3231200
2018-05-25,21.920000076293945,21.952499389648438,21.704999923706055,21.8174991607666,20.462230682373047,4401600
2018-05-29,21.635000228881836,21.90999984741211,21.565000534057617,21.7450008392334,20.394229888916016,5759200
2018-05-30,21.872499465942383,21.987499237060547,21.84749984741211,21.892499923706055,20.532567977905273,3826400
2018-05-31,21.604999542236328,21.947500228881836,21.584999084472656,21.732500076293945,20.382511138916016,7173600
2018-06-01,21.892499923706055,22.1299991607666,21.837499618530273,22.092500686645508,20.720144271850586,4197200
2018-06-04,22.102500915527344,22.174999237060547,21.987499237060547,22.022499084472656,20.65449333190918,4858000
2018-06-05,22.002500534057617,22.4950008392334,21.80500030517578,22.487499237060547,21.090608596801758,5338800
2018-06-06,22.5,22.610000610351562,22.354999542236328,22.610000610351562,21.20549774169922,4192400
2018-06-07,22.625,22.717500686645508,22.559999465942383,22.702499389648438,21.292253494262695,5946800
2018-06-08,22.614999771118164,22.7450008392334,22.517499923706055,22.727500915527344,21.315698623657227,4343600
2018-06-11,22.74250030517578,22.774999618530273,22.645000457763672,22.68000030517578,21.271148681640625,5556800
2018-06-12,22.63249969482422,22.719999313354492,22.377500534057617,22.717500686645508,21.306318283081055,5459600
2018-06-13,22.729999542236328,22.8174991607666,22.665000915527344,22.762500762939453,21.348527908325195,4420800
2018-06-14,22.792499542236328,22.885000228881836,22.68000030517578,22.799999237060547,21.383699417114258,4216000
2018-06-15,22.670000076293945,22.99250030517578,22.547500610351562,22.829999923706055,21.465967178344727,6972000
2018-06-18,22.645000457763672,22.700000762939453,22.469999313354492,22.700000762939453,21.343738555908203,3222000
2018-06-19,22.392499923706055,22.454999923706055,22.162500381469727,22.420000076293945,21.080463409423828,3797200
2018-06-20,22.5049991607666,22.552499771118164,22.352500915527344,22.459999084472656,21.118072509765625,3883600
2018-06-21,22.452499389648438,22.462499618530273,22.077499389648438,22.114999771118164,20.793689727783203,4195200
2018-06-22,22.237499237060547,22.34000015258789,22.079999923706055,22.299999237060547,20.967628479003906,5011200
2018-06-25,22.25,22.25,21.72249984741211,21.947500228881836,20.63619613647461,5356800
2018-06-26,21.90999984741211,22.077499389648438,21.787500381469727,21.792499542236328,20.49045753479004,5554800
2018-06-27,21.834999084472656,21.96500015258789,21.5625,21.5674991607666,20.278898239135742,6385200
2018-06-28,21.55500030517578,21.77750015258789,21.389999389648438,21.764999389648438,20.464599609375,6005600
2018-06-29,21.81999969482422,21.979999542236328,21.7549991607666,21.787500381469727,20.485754013061523,7370000
2018-07-02,21.637500762939453,21.792499542236328,21.387500762939453,21.77750015258789,20.476350784301758,4606000
2018-07-03,21.875,21.875,21.645000457763672,21.677499771118164,20.382328033447266,1718400
2018-07-05,21.799999237060547,21.957500457763672,21.637500762939453,21.952499389648438,20.64089584350586,3114400
2018-07-06,21.9950008392334,22.1200008392334,21.86750030517578,22.047500610351562,20.730220794677734,3247200
2018-07-09,22.202499389648438,22.357500076293945,22.104999542236328,22.342500686645508,21.007591247558594,3254800
2018-07-10,22.282499313354492,22.389999389648438,22.260000228881836,22.3174991607666,20.984085083007812,2625600
2018-07-11,21.482500076293945,22.1825008392334,21.482500076293945,21.912500381469727,20.60328483581543,3167600
2018-07-12,22.03499984741211,22.272499084472656,22.030000686645508,22.262500762939453,20.932376861572266,3279600
2018-07-13,22.30500030517578,22.332500457763672,22.162500381469727,22.177499771118164,20.852455139160156,2712000
2018-07-16,22.202499389648438,22.280000686645508,22.100000381469727,22.13249969482422,20.810138702392578,3075200
2018-07-17,22.06999969482422,22.295000076293945,22.002500534057617,22.252500534057617,20.922975540161133,4352800
2018-07-18,22.264999389648438,22.375,22.197500228881836,22.282499313354492,20.951181411743164,3816400
2018-07-19,22.1825008392334,22.322500228881836,22.100000381469727,22.147499084472656,20.824243545532227,3672400
2018-07-20,22.06999969482422,22.202499389648438,22.030000686645508,22.100000381469727,20.77958106994629,4483600
2018-07-23,22.045000076293945,22.072500228881836,21.927499771118164,22.0,20.685564041137695,4287200
2018-07-24,22.110000610351562,22.332500457763672,22.087499618530273,22.219999313354492,20.892410278320312,6432400
2018-07-25,22.5,23.292499542236328,22.5,23.260000228881836,21.87027359008789,8702000
2018-07-26,23.385000228881836,23.924999237060547,23.28499984741211,23.88249969482422,22.455585479736328,8030000
2018-07-27,23.88249969482422,23.975000381469727,23.405000686645508,23.489999771118164,22.08653450012207,9139600
2018-07-30,23.395000457763672,23.510000228881836,23.045000076293945,23.0625,21.68457794189453,4245200
2018-07-31,23.114999771118164,23.405000686645508,23.05500030517578,23.377500534057617,21.98076057434082,7633600
2018-08-01,23.377500534057617,23.447500228881836,23.209999084472656,23.344999313354492,21.950197219848633,4464400
2018-08-02,23.25749969482422,23.5625,23.200000762939453,23.459999084472656,22.05832290649414,4308800
2018-08-03,23.540000915527344,23.540000915527344,23.354999542236328,23.46500015258789,22.06302833557129,3661600
2018-08-06,23.44499969482422,23.542499542236328,23.405000686645508,23.49250030517578,22.088884353637695,2985200
2018-08-07,23.49250030517578,23.677499771118164,23.447500228881836,23.645000457763672,22.232276916503906,2990000
2018-08-08,23.670000076293945,23.69499969482422,23.587499618530273,23.614999771118164,22.204065322875977,2533600
2018-08-09,23.75,23.899999618530273,23.56999969482422,23.579999923706055,22.171152114868164,4526400
2018-08-10,23.46500015258789,23.552499771118164,23.389999389648438,23.4375,22.037172317504883,3229600
2018-08-13,23.502500534057617,23.6299991607666,23.399999618530273,23.462499618530273,22.06067657470703,4953600
2018-08-14,23.420000076293945,23.627500534057617,23.375,23.517499923706055,22.112394332885742,4528000
2018-08-15,23.362499237060547,23.524999618530273,23.232500076293945,23.482500076293945,22.079483032226562,6410800
2018-08-16,23.530000686645508,23.68000030517578,23.469999313354492,23.514999389648438,22.11003875732422,4126800
2018-08-17,23.497499465942383,23.565000534057617,23.392499923706055,23.512500762939453,22.10769271850586,4414400
2018-08-20,23.622499465942383,23.649999618530273,23.524999618530273,23.575000762939453,22.16645622253418,3959600
2018-08-21,23.5575008392334,23.649999618530273,23.487499237060547,23.537500381469727,22.131193161010742,3587600
2018-08-22,23.5,23.5049991607666,23.329999923706055,23.34749984741211,21.952550888061523,5332400
2018-08-23,23.38249969482422,23.487499237060547,23.329999923706055,23.375,21.978403091430664,6662400
2018-08-24,23.459999084472656,23.462499618530273,23.322500228881836,23.399999618530273,22.001911163330078,9134000
2018-08-27,23.522499084472656,23.697500228881836,23.485000610351562,23.612499237060547,22.201711654663086,7342400
2018-08-28,23.697500228881836,23.719999313354492,23.512500762939453,23.655000686645508,22.241674423217773,7524400
2018-08-29,23.69499969482422,23.84749984741211,23.69499969482422,23.75749969482422,22.338050842285156,3500400
2018-08-30,23.75,23.75,23.537500381469727,23.594999313354492,22.18525505065918,2976800
2018-08-31,23.522499084472656,23.674999237060547,23.4424991607666,23.645000457763672,22.232276916503906,4345600
2018-09-04,23.662500381469727,23.662500381469727,23.46500015258789,23.63249969482422,22.22051429748535,4250400
2018-09-05,23.662500381469727,23.822500228881836,23.5,23.780000686645508,22.359203338623047,4483200
2018-09-06,23.780000686645508,23.912500381469727,23.732500076293945,23.88249969482422,22.455585479736328,3866400
2018-09-07,23.854999542236328,23.954999923706055,23.74250030517578,23.837499618530273,22.413267135620117,5360000
2018-09-10,23.887500762939453,24.147499084472656,23.887500762939453,24.079999923706055,22.641281127929688,5796000
2018-09-11,24.0,24.19499969482422,23.979999542236328,24.177499771118164,22.73295783996582,6164800
2018-09-12,24.137500762939453,24.202499389648438,23.90999984741211,23.90999984741211,22.48143768310547,7404000
2018-09-13,24.002500534057617,24.2549991607666,24.002500534057617,24.247499465942383,22.798778533935547,3441600
2018-09-14,24.25,24.389999389648438,24.100000381469727,24.207500457763672,22.815269470214844,5498000
2018-09-17,24.200000762939453,24.34000015258789,24.0,24.047500610351562,22.664472579956055,6132400
2018-09-18,24.09000015258789,24.100000381469727,23.802499771118164,23.842500686645508,22.471261978149414,3950800
2018-09-19,23.837499618530273,23.905000686645508,23.677499771118164,23.842500686645508,22.471261978149414,3921200
2018-09-20,23.982500076293945,24.087499618530273,23.927499771118164,24.014999389648438,22.633840560913086,4707600
2018-09-21,24.0,24.1825008392334,23.797500610351562,23.84000015258789,22.468900680541992,11062800
2018-09-24,23.780000686645508,23.780000686645508,23.510000228881836,23.670000076293945,22.308677673339844,5981200
2018-09-25,23.587499618530273,23.627500534057617,23.377500534057617,23.512500762939453,22.160240173339844,5243200
2018-09-26,23.5,23.584999084472656,23.377500534057617,23.399999618530273,22.054210662841797,4066000
2018-09-27,23.459999084472656,23.522499084472656,23.354999542236328,23.36750030517578,22.02358055114746,3429200
2018-09-28,23.322500228881836,23.552499771118164,23.274999618530273,23.5049991607666,22.153173446655273,5026000
2018-10-01,23.61750030517578,23.639999389648438,23.485000610351562,23.61750030517578,22.25920295715332,3798800
2018-10-02,23.5049991607666,23.735000610351562,23.469999313354492,23.489999771118164,22.139034271240234,3430400
2018-10-03,23.530000686645508,23.56999969482422,23.3075008392334,23.377500534057617,22.03300666809082,3625600
2018-10-04,23.290000915527344,23.315000534057617,22.647499084472656,22.899999618530273,21.582963943481445,5684000
2018-10-05,22.885000228881836,22.950000762939453,22.482500076293945,22.6299991607666,21.328493118286133,5287600
2018-10-08,22.579999923706055,22.604999542236328,22.139999389648438,22.325000762939453,21.041034698486328,4292400
2018-10-09,22.582500457763672,22.647499084472656,22.354999542236328,22.547500610351562,21.2507381439209,8321600
2018-10-10,22.412500381469727,22.412500381469727,21.56999969482422,21.600000381469727,20.35773468017578,6200400
2018-10-11,21.604999542236328,21.670000076293945,21.002500534057617,21.065000534057617,19.853498458862305,10434400
2018-10-12,21.392499923706055,21.5,21.030000686645508,21.25749969482422,20.034927368164062,6670800
2018-10-15,21.212499618530273,21.3075008392334,21.087499618530273,21.092500686645508,19.879413604736328,4500000
2018-10-16,21.237499237060547,21.59749984741211,21.1875,21.577499389648438,20.336523056030273,7475200
2018-10-17,21.399999618530273,21.532499313354492,21.209999084472656,21.457500457763672,20.223424911499023,6339200
2018-10-18,21.350000381469727,21.350000381469727,20.790000915527344,20.920000076293945,19.716842651367188,6919200
2018-10-19,20.952499389648438,21.09749984741211,20.719999313354492,20.74250030517578,19.549545288085938,7863600
2018-10-22,20.827499389648438,20.887500762939453,20.542499542236328,20.68000030517578,19.490642547607422,4997200
2018-10-23,20.274999618530273,20.860000610351562,20.217500686645508,20.68000030517578,19.490642547607422,10020000
2018-10-24,21.502500534057617,22.0,20.8700008392334,20.892499923706055,19.690921783447266,18156800
2018-10-25,21.13249969482422,21.63249969482422,21.06999969482422,21.512500762939453,20.2752628326416,9614800
2018-10-26,21.139999389648438,21.8075008392334,21.037500381469727,21.280000686645508,20.056137084960938,10323200
2018-10-29,21.604999542236328,21.8125,21.075000762939453,21.364999771118164,20.136249542236328,10595200
2018-10-30,21.44499969482422,22.177499771118164,21.3799991607666,22.1200008392334,20.847824096679688,12851200
2018-10-31,22.332500457763672,22.59000015258789,22.200000762939453,22.375,21.088163375854492,14743200
2018-11-01,22.3799991607666,22.645000457763672,22.357500076293945,22.462499618530273,21.170629501342773,8612000
2018-11-02,22.582500457763672,22.735000610351562,22.385000228881836,22.600000381469727,21.300216674804688,10243200
2018-11-05,22.642499923706055,22.6875,22.3125,22.5,21.205970764160156,7971200
2018-11-06,22.530000686645508,22.704999923706055,22.530000686645508,22.625,21.32378387451172,6362000
2018-11-07,22.8075008392334,23.0,22.65999984741211,22.982500076293945,21.660720825195312,4380400
2018-11-08,22.875,23.09749984741211,22.875,23.0575008392334,21.731407165527344,3504800
2018-11-09,22.920000076293945,23.040000915527344,22.655000686645508,22.78499984741211,21.47458267211914,3806400
2018-11-12,22.704999923706055,22.8700008392334,22.037500381469727,22.112499237060547,20.840755462646484,8298400
2018-11-13,22.200000762939453,22.357500076293945,21.892499923706055,21.957500457763672,20.694673538208008,5933600
2018-11-14,22.1875,22.217500686645508,21.612499237060547,21.65999984741211,20.414278030395508,4624000
2018-11-15,21.6299991607666,22.072500228881836,21.584999084472656,21.94499969482422,20.682891845703125,6622400
2018-11-16,21.797500610351562,22.392499923706055,21.797500610351562,22.1924991607666,20.91615104675293,5470400
2018-11-19,22.094999313354492,22.15250015258789,21.447500228881836,21.540000915527344,20.301179885864258,7255600
2018-11-20,21.207500457763672,21.422500610351562,20.924999237060547,21.042499542236328,19.832298278808594,7678800
2018-11-21,21.22249984741211,21.487499237060547,21.142499923706055,21.217500686645508,19.997234344482422,6654000
2018-11-23,21.030000686645508,21.354999542236328,21.017499923706055,21.2450008392334,20.023149490356445,3167200
2018-11-26,21.49250030517578,21.5049991607666,21.184999465942383,21.237499237060547,20.016080856323242,5711200
2018-11-27,21.092500686645508,21.1875,20.957500457763672,21.122499465942383,19.90769386291504,5656400
2018-11-28,21.227500915527344,21.489999771118164,21.15250015258789,21.452499389648438,20.218717575073242,8509200
2018-11-29,21.475000381469727,21.8700008392334,21.40999984741211,21.752500534057617,20.501462936401367,5166800
2018-11-30,21.809999465942383,22.002500534057617,21.672500610351562,21.985000610351562,20.72058868408203,6972400
2018-12-03,22.350000381469727,22.4950008392334,22.165000915527344,22.44499969482422,21.154132843017578,5865600
2018-12-04,22.329999923706055,22.4424991607666,21.36750030517578,21.412500381469727,20.18101692199707,9697600
2018-12-06,20.897499084472656,21.075000762939453,20.462499618530273,20.979999542236328,19.773386001586914,13546800
2018-12-07,20.954999923706055,21.147499084472656,20.739999771118164,20.895000457763672,19.693279266357422,11790800
2018-12-10,20.887500762939453,21.375,20.795000076293945,21.309999465942383,20.08441162109375,8131200
2018-12-11,21.5625,21.739999771118164,20.957500457763672,20.969999313354492,19.763967514038086,5648000
2018-12-12,21.267499923706055,21.452499389648438,21.092500686645508,21.174999237060547,19.957176208496094,6756400
2018-12-13,21.28499984741211,21.357500076293945,21.065000534057617,21.19499969482422,19.976022720336914,3440400
2018-12-14,20.982500076293945,21.1200008392334,20.752500534057617,20.809999465942383,19.666521072387695,3467200
2018-12-17,20.8075008392334,20.99250030517578,20.50749969482422,20.635000228881836,19.50113868713379,6801200
2018-12-18,20.795000076293945,20.915000915527344,20.25749969482422,20.3700008392334,19.250696182250977,6459200
2018-12-19,20.46500015258789,20.6299991607666,19.850000381469727,19.90999984741211,18.81597328186035,7575200
2018-12-20,19.895000457763672,20.030000686645508,19.4325008392334,19.475000381469727,18.40488052368164,7976400
2018-12-21,19.309999465942383,19.962499618530273,19.040000915527344,19.3174991607666,18.25602912902832,16551600
2018-12-24,19.149999618530273,19.322500228881836,18.912500381469727,18.912500381469727,17.8732852935791,3288800
2018-12-26,18.99250030517578,19.72249984741211,18.780000686645508,19.712499618530273,18.62932777404785,5234400
2018-12-27,19.412500381469727,20.104999542236328,19.325000762939453,20.104999542236328,19.000261306762695,4511600
2018-12-28,20.225000381469727,20.392499923706055,20.012500762939453,20.11750030517578,19.01207160949707,3390000
2018-12-31,20.190000534057617,20.267499923706055,19.989999771118164,20.2549991607666,19.142017364501953,4217200
2019-01-02,19.920000076293945,20.06999969482422,19.8075008392334,19.947500228881836,18.85141372680664,5561600
2019-01-03,19.559999465942383,19.602500915527344,18.737499237060547,18.767499923706055,17.73625373840332,14724400
2019-01-04,19.079999923706055,19.447500228881836,19.0,19.385000228881836,18.319826126098633,13390800
2019-01-07,19.364999771118164,19.707500457763672,19.364999771118164,19.530000686645508,18.456859588623047,4725200
2019-01-08,19.667499542236328,19.790000915527344,19.447500228881836,19.78499984741211,18.697843551635742,7327200
2019-01-09,20.040000915527344,20.142499923706055,19.8799991607666,20.1200008392334,19.014436721801758,4448400
2019-01-10,20.092500686645508,20.47249984741211,20.032499313354492,20.454999923706055,19.331026077270508,4738800
2019-01-11,20.302499771118164,20.38249969482422,20.209999084472656,20.375,19.255420684814453,2768000
2019-01-14,20.212499618530273,20.34749984741211,20.047500610351562,20.2549991607666,19.142017364501953,3700000
2019-01-15,20.337499618530273,20.4325008392334,20.217500686645508,20.27750015258789,19.163284301757812,3336800
2019-01-16,20.247499465942383,20.487499237060547,20.22249984741211,20.337499618530273,19.219980239868164,3485200
2019-01-17,20.239999771118164,20.545000076293945,20.207500457763672,20.457500457763672,19.333385467529297,3164000
2019-01-18,20.502500534057617,20.790000915527344,20.452499389648438,20.622499465942383,19.48932456970215,7453200
2019-01-22,20.447500228881836,20.547500610351562,20.1875,20.292499542236328,19.17745590209961,6900800
2019-01-23,20.110000610351562,20.907499313354492,19.962499618530273,20.862499237060547,19.716136932373047,11258400
2019-01-24,20.954999923706055,21.332500457763672,20.729999542236328,21.30500030517578,20.134323120117188,8968000
2019-01-25,21.510000228881836,21.787500381469727,21.43000030517578,21.575000762939453,20.389490127563477,7265600
2019-01-28,21.395000457763672,21.479999542236328,21.235000610351562,21.4375,20.259544372558594,4832000
2019-01-29,21.587499618530273,21.68000030517578,21.457500457763672,21.517499923706055,20.33514404296875,4753200
2019-01-30,21.674999237060547,22.05500030517578,21.55500030517578,22.052499771118164,20.840744018554688,6346000
2019-01-31,21.989999771118164,22.092500686645508,21.857500076293945,21.979999542236328,20.77223014831543,5192400
2019-02-01,21.997499465942383,22.209999084472656,21.86750030517578,22.0,20.791135787963867,4809600
2019-02-04,21.982500076293945,22.1299991607666,21.8799991607666,22.127500534057617,20.91162872314453,4672400
2019-02-05,22.174999237060547,22.454999923706055,22.157499313354492,22.454999923706055,21.221128463745117,5170800
2019-02-06,22.415000915527344,22.642499923706055,22.389999389648438,22.452499389648438,21.218761444091797,4454000
2019-02-07,22.309999465942383,22.5674991607666,22.25,22.46500015258789,21.2305850982666,3708400
2019-02-08,22.297500610351562,22.5674991607666,22.297500610351562,22.5674991607666,21.327451705932617,3837200
2019-02-11,22.61750030517578,22.707500457763672,22.482500076293945,22.520000457763672,21.282564163208008,3316800
2019-02-12,22.63249969482422,22.9424991607666,22.572500228881836,22.895000457763672,21.63695526123047,4334800
2019-02-13,22.93000030517578,23.06999969482422,22.8125,22.96500015258789,21.703105926513672,3191600
2019-02-14,22.90999984741211,22.920000076293945,22.770000457763672,22.787500381469727,21.53536033630371,4793600
2019-02-15,22.979999542236328,23.209999084472656,22.934999465942383,23.172500610351562,21.899208068847656,4911200
2019-02-19,23.107500076293945,23.209999084472656,22.954999923706055,23.11750030517578,21.847227096557617,3744000
2019-02-20,23.162500381469727,23.4424991607666,23.137500762939453,23.3700008392334,22.085847854614258,4580000
2019-02-21,23.325000762939453,23.44499969482422,23.25,23.332500457763672,22.050411224365234,4695600
2019-02-22,23.469999313354492,23.6924991607666,23.40999984741211,23.584999084472656,22.28904151916504,3793200
2019-02-25,23.69499969482422,23.844999313354492,23.672500610351562,23.782499313354492,22.475683212280273,4514800
2019-02-26,23.6825008392334,23.827499389648438,23.497499465942383,23.552499771118164,22.258317947387695,5272800
2019-02-27,23.4375,23.577499389648438,23.299999237060547,23.549999237060547,22.255958557128906,2766800
2019-02-28,23.50749969482422,23.59000015258789,23.4424991607666,23.49250030517578,22.20162582397461,4176000
2019-03-01,23.665000915527344,23.84000015258789,23.512500762939453,23.77750015258789,22.47096061706543,4190800
2019-03-04,23.852500915527344,23.885000228881836,23.417499542236328,23.61750030517578,22.319753646850586,3348400
2019-03-05,23.735000610351562,23.822500228881836,23.63249969482422,23.6924991607666,22.390626907348633,3414000
2019-03-06,23.719999313354492,23.719999313354492,23.489999771118164,23.512500762939453,22.220521926879883,2540400
2019-03-07,23.459999084472656,23.469999313354492,23.139999389648438,23.344999313354492,22.062225341796875,3171200
2019-03-08,23.177499771118164,23.292499542236328,23.09000015258789,23.21500015258789,21.939367294311523,3747600
2019-03-11,23.274999618530273,23.549999237060547,23.262500762939453,23.49250030517578,22.20162582397461,2384000
2019-03-12,23.524999618530273,23.647499084472656,23.422500610351562,23.5,22.208709716796875,2506800
2019-03-13,23.625,23.799999237060547,23.517499923706055,23.610000610351562,22.312665939331055,3468800
2019-03-14,23.657499313354492,23.68000030517578,23.5,23.579999923706055,22.284311294555664,4094800
2019-03-15,23.6825008392334,23.962499618530273,23.594999313354492,23.854999542236328,22.544200897216797,7339600
2019-03-18,23.8125,23.917499542236328,23.760000228881836,23.857500076293945,22.601041793823242,3268800
2019-03-19,23.907499313354492,24.0575008392334,23.842500686645508,23.927499771118164,22.667356491088867,5034800
2019-03-20,23.947500228881836,23.967500686645508,23.610000610351562,23.802499771118164,22.548940658569336,4944000
2019-03-21,23.77750015258789,24.25,23.727500915527344,24.139999389648438,22.868663787841797,2988400
2019-03-22,23.950000762939453,24.037500381469727,23.622499465942383,23.635000228881836,22.3902587890625,3576800
2019-03-25,23.59749984741211,23.732500076293945,23.462499618530273,23.545000076293945,22.30500030517578,2768400
2019-03-26,23.7549991607666,23.75749969482422,23.50749969482422,23.625,22.38078498840332,2380000
2019-03-27,23.68000030517578,23.700000762939453,23.302499771118164,23.43000030517578,22.196060180664062,4487200
2019-03-28,23.602500915527344,23.627500534057617,23.315000534057617,23.5049991607666,22.267107009887695,4186800
2019-03-29,23.667499542236328,23.690000534057617,23.5,23.610000610351562,22.366579055786133,4939200
2019-04-01,23.917499542236328,24.479999542236328,23.832500457763672,24.452499389648438,23.164710998535156,7136800
2019-04-02,24.5,24.969999313354492,24.5,24.940000534057617,23.62653160095215,8559200
2019-04-03,25.0,25.31999969482422,25.0,25.229999542236328,23.901262283325195,7084400
2019-04-04,25.229999542236328,25.635000228881836,25.197500228881836,25.427499771118164,24.088359832763672,5854000
2019-04-05,25.517499923706055,25.677499771118164,25.47249984741211,25.674999237060547,24.32282257080078,4030400
2019-04-08,25.63249969482422,25.702499389648438,25.420000076293945,25.697500228881836,24.34413719177246,3037600
2019-04-09,25.565000534057617,25.607500076293945,25.315000534057617,25.357500076293945,24.022043228149414,3194000
2019-04-10,25.397499084472656,25.47249984741211,25.295000076293945,25.467500686645508,24.126249313354492,2425600
2019-04-11,25.5,25.74250030517578,25.332500457763672,25.729999542236328,24.37492561340332,2747200
2019-04-12,25.7549991607666,25.959999084472656,25.7549991607666,25.947500228881836,24.580974578857422,2165200
2019-04-15,25.947500228881836,26.049999237060547,25.782499313354492,25.97249984741211,24.604652404785156,3476000
2019-04-16,26.024999618530273,26.1299991607666,25.84749984741211,25.895000457763672,24.531240463256836,4172800
2019-04-17,26.06999969482422,26.25,25.934999465942383,26.0,24.630708694458008,4446800
2019-04-18,26.052499771118164,26.167499542236328,25.985000610351562,26.142499923706055,24.76570701599121,3740400
2019-04-22,26.017499923706055,26.1299991607666,25.9375,25.977500915527344,24.609394073486328,2967600
2019-04-23,26.020000457763672,26.377500534057617,25.975000381469727,26.344999313354492,24.957534790039062,5001200
2019-04-24,23.774999618530273,25.9325008392334,23.625,25.6299991607666,24.280193328857422,14311600
2019-04-25,25.577499389648438,25.577499389648438,24.987499237060547,25.157499313354492,23.832578659057617,6234800
2019-04-26,25.1299991607666,25.1299991607666,24.829999923706055,24.99250030517578,23.676265716552734,8048000
2019-04-29,24.99250030517578,25.11750030517578,24.700000762939453,24.729999542236328,23.42759132385254,6776800
2019-04-30,24.645000457763672,24.927499771118164,24.547500610351562,24.889999389648438,23.579164505004883,6896000
2019-05-01,25.1299991607666,25.1875,24.875,24.979999542236328,23.664424896240234,7349600
2019-05-02,25.024999618530273,25.037500381469727,24.7450008392334,24.78499984741211,23.47969627380371,4201200
2019-05-03,24.9424991607666,25.06999969482422,24.897499084472656,25.002500534057617,23.685747146606445,4553600
2019-05-06,24.462499618530273,24.719999313354492,24.127500534057617,24.59749984741211,23.30206871032715,9153200
2019-05-07,24.290000915527344,24.462499618530273,23.927499771118164,24.0674991607666,22.799978256225586,10389200
2019-05-08,24.024999618530273,24.075000762939453,23.622499465942383,23.642499923706055,22.397361755371094,13702000
2019-05-09,23.375,23.704999923706055,23.207500457763672,23.565000534057617,22.323951721191406,6814400
2019-05-10,23.4325008392334,23.77750015258789,23.1924991607666,23.68000030517578,22.432886123657227,6344800
2019-05-13,23.059999465942383,23.292499542236328,22.905000686645508,23.040000915527344,21.826595306396484,8394400
2019-05-14,23.13249969482422,23.334999084472656,23.0575008392334,23.075000762939453,21.859750747680664,5160000
2019-05-15,22.93000030517578,23.395000457763672,22.90999984741211,23.3125,22.084745407104492,4456000
2019-05-16,23.295000076293945,23.582500457763672,23.22249984741211,23.270000457763672,22.044485092163086,5665600
2019-05-17,23.00749969482422,23.104999542236328,22.857500076293945,22.905000686645508,21.698707580566406,10322000
2019-05-20,22.602500915527344,22.674999237060547,22.407499313354492,22.427499771118164,21.246355056762695,5190400
2019-05-21,22.642499923706055,22.872499465942383,22.56999969482422,22.8174991607666,21.61581039428711,4267600
2019-05-22,22.792499542236328,22.857500076293945,22.635000228881836,22.645000457763672,21.452392578125,3158000
2019-05-23,22.377500534057617,22.514999389648438,22.235000610351562,22.372499465942383,21.19425392150879,3882400
2019-05-24,22.489999771118164,22.55500030517578,22.25,22.377500534057617,21.198984146118164,5920800
2019-05-28,22.50749969482422,22.662500381469727,22.09000015258789,22.1875,21.018991470336914,7365200
2019-05-29,22.13249969482422,22.264999389648438,21.852500915527344,21.90250015258789,20.748998641967773,9374800
2019-05-30,21.967500686645508,22.142499923706055,21.920000076293945,22.125,20.959781646728516,5165600
2019-05-31,21.934999465942383,22.032499313354492,21.709999084472656,21.75,20.604536056518555,6136400
2019-06-03,21.799999237060547,21.969999313354492,21.645000457763672,21.78499984741211,20.6376895904541,5305600
2019-06-04,22.082500457763672,22.434999465942383,21.927499771118164,22.392499923706055,21.21319580078125,9020400
2019-06-05,22.610000610351562,22.719999313354492,22.28499984741211,22.697500228881836,21.50213050842285,4071600
2019-06-06,22.81999969482422,23.072500228881836,22.627500534057617,22.982500076293945,21.77212905883789,4742800
2019-06-07,23.137500762939453,23.342500686645508,22.9950008392334,23.297500610351562,22.070539474487305,4371600
2019-06-10,23.43000030517578,23.802499771118164,23.43000030517578,23.537500381469727,22.297895431518555,4854000
2019-06-11,23.9325008392334,24.252500534057617,23.799999237060547,23.885000228881836,22.627094268798828,6394400
2019-06-12,23.844999313354492,23.989999771118164,23.542499542236328,23.864999771118164,22.60814666748047,4364400
2019-06-13,23.927499771118164,24.260000228881836,23.897499084472656,24.22249984741211,22.946819305419922,5641200
2019-06-14,23.885000228881836,24.045000076293945,23.27750015258789,23.575000762939453,22.33341407775879,6759600
2019-06-17,23.5,23.530000686645508,23.239999771118164,23.375,22.143953323364258,5072400
2019-06-18,23.34749984741211,23.607500076293945,23.267499923706055,23.524999618530273,22.34100914001465,10213600
2019-06-19,23.674999237060547,23.71500015258789,23.497499465942383,23.607500076293945,22.419357299804688,5333600
2019-06-20,23.9950008392334,24.032499313354492,23.834999084472656,23.969999313354492,22.763612747192383,6037600
2019-06-21,23.9950008392334,24.030000686645508,23.752500534057617,23.877500534057617,22.675771713256836,9501600
2019-06-24,23.90250015258789,23.954999923706055,23.885000228881836,23.905000686645508,22.701887130737305,3774800
2019-06-25,23.782499313354492,23.912500381469727,23.69499969482422,23.697500228881836,22.504825592041016,3399600
2019-06-26,23.887500762939453,23.9325008392334,23.77750015258789,23.857500076293945,22.656776428222656,4919200
2019-06-27,23.97249984741211,24.040000915527344,23.80500030517578,23.912500381469727,22.709009170532227,3581200
2019-06-28,24.0,24.082500457763672,23.8125,23.985000610351562,22.777860641479492,7892400
2019-07-01,24.407499313354492,24.584999084472656,24.262500762939453,24.467500686645508,23.23607635498047,5140800
2019-07-02,24.475000381469727,24.625,24.334999084472656,24.59749984741211,23.35953140258789,4009200
2019-07-03,24.735000610351562,24.809999465942383,24.462499618530273,24.77750015258789,23.530473709106445,2730800
2019-07-05,24.53499984741211,24.602500915527344,24.1924991607666,24.579999923706055,23.342914581298828,2969200
2019-07-08,24.4325008392334,24.4950008392334,24.334999084472656,24.389999389648438,23.162477493286133,3553200
2019-07-09,24.239999771118164,24.43000030517578,24.177499771118164,24.395000457763672,23.167226791381836,4340400
2019-07-10,24.510000228881836,24.610000610351562,24.350000381469727,24.3799991607666,23.152978897094727,4536400
2019-07-11,24.332500457763672,24.50749969482422,24.11750030517578,24.225000381469727,23.005773544311523,3788000
2019-07-12,24.372499465942383,24.767499923706055,24.372499465942383,24.762500762939453,23.5162296295166,3136800
2019-07-15,24.770000457763672,24.827499389648438,24.522499084472656,24.752500534057617,23.50673484802246,2467200
2019-07-16,24.61750030517578,24.61750030517578,24.325000762939453,24.462499618530273,23.2313232421875,5259600
2019-07-17,24.49250030517578,24.53499984741211,24.239999771118164,24.247499465942383,23.027143478393555,3805200
2019-07-18,24.2450008392334,24.260000228881836,23.99250030517578,24.114999771118164,22.901315689086914,8210400
2019-07-19,24.297500610351562,24.4424991607666,24.155000686645508,24.15999984741211,22.944055557250977,8103600
2019-07-22,24.217500686645508,24.399999618530273,24.170000076293945,24.287500381469727,23.06513214111328,5335200
2019-07-23,24.459999084472656,24.647499084472656,24.25749969482422,24.59000015258789,23.352407455444336,9397600
2019-07-24,23.610000610351562,23.924999237060547,22.917499542236328,23.094999313354492,21.932653427124023,16062000
2019-07-25,23.02750015258789,23.477500915527344,22.885000228881836,23.46500015258789,22.284027099609375,13826800
2019-07-26,23.477500915527344,23.854999542236328,23.427499771118164,23.81999969482422,22.62116813659668,6824000
2019-07-29,23.852500915527344,24.012500762939453,23.69499969482422,23.97249984741211,22.7659854888916,6011200
2019-07-30,23.74250030517578,23.86750030517578,23.637500762939453,23.690000534057617,22.497711181640625,4766400
2019-07-31,23.7549991607666,23.787500381469727,23.227500915527344,23.329999923706055,22.15582275390625,4642800
2019-08-01,23.302499771118164,23.469999313354492,22.642499923706055,22.700000762939453,21.557533264160156,6138400
2019-08-02,22.532499313354492,22.532499313354492,22.149999618530273,22.272499084472656,21.151548385620117,8081600
2019-08-05,21.822500228881836,21.875,21.3125,21.552499771118164,20.46778678894043,8225600
2019-08-06,21.770000457763672,21.917499542236328,21.577499389648438,21.8174991607666,20.71944808959961,6279600
2019-08-07,21.565000534057617,22.017499923706055,21.422500610351562,21.94499969482422,20.840530395507812,5210000
2019-08-08,22.110000610351562,22.274999618530273,21.975000381469727,22.184999465942383,21.068449020385742,7014400
2019-08-09,22.114999771118164,22.125,21.697500228881836,21.727500915527344,20.633975982666016,5348000
2019-08-12,21.55500030517578,21.712499618530273,21.40999984741211,21.517499923706055,20.434547424316406,5867600
2019-08-13,21.4325008392334,22.337499618530273,21.40250015258789,22.002500534057617,20.8951358795166,7216800
2019-08-14,21.549999237060547,21.797500610351562,21.309999465942383,21.3174991607666,20.244611740112305,7336800
2019-08-15,21.354999542236328,21.412500381469727,20.94499969482422,21.09749984741211,20.035680770874023,7134000
2019-08-16,21.31999969482422,21.69499969482422,21.212499618530273,21.65250015258789,20.56275749206543,4066000
2019-08-19,21.924999237060547,22.219999313354492,21.852500915527344,22.049999237060547,20.940244674682617,5552400
2019-08-20,22.002500534057617,22.002500534057617,21.670000076293945,21.684999465942383,20.59361457824707,4807600
2019-08-21,21.887500762939453,22.09000015258789,21.837499618530273,22.040000915527344,20.930744171142578,6400000
2019-08-22,22.162500381469727,22.204999923706055,21.795000076293945,21.962499618530273,20.857145309448242,4072400
2019-08-23,21.852500915527344,22.184999465942383,21.272499084472656,21.350000381469727,20.275474548339844,5537200
2019-08-26,21.542499542236328,21.577499389648438,21.212499618530273,21.315000534057617,20.242238998413086,4572400
2019-08-27,21.454999923706055,21.517499923706055,21.1875,21.260000228881836,20.19000816345215,3011200
2019-08-28,21.165000915527344,21.4424991607666,21.020000457763672,21.297500610351562,20.225618362426758,3547600
2019-08-29,21.592500686645508,21.962499618530273,21.592500686645508,21.905000686645508,20.802539825439453,4590000
2019-08-30,22.077499389648438,22.135000228881836,21.8075008392334,21.885000228881836,20.783552169799805,3494800
2019-09-03,21.582500457763672,21.670000076293945,21.34000015258789,21.422500610351562,20.344327926635742,3921600
2019-09-04,21.6825008392334,21.832500457763672,21.622499465942383,21.674999237060547,20.584115982055664,3380800
2019-09-05,21.9424991607666,22.485000610351562,21.9424991607666,22.447500228881836,21.317739486694336,4226000
2019-09-06,22.5,22.559999465942383,22.204999923706055,22.329999923706055,21.206151962280273,4108400
2019-09-09,22.489999771118164,22.49250030517578,22.084999084472656,22.24250030517578,21.123056411743164,5191200
2019-09-10,22.11750030517578,22.417499542236328,21.940000534057617,22.399999618530273,21.272628784179688,5734400
2019-09-11,22.489999771118164,22.88249969482422,22.252500534057617,22.875,21.723722457885742,4499200
2019-09-12,22.99250030517578,23.547500610351562,22.780000686645508,23.487499237060547,22.305395126342773,9106800
2019-09-13,23.575000762939453,23.762500762939453,23.479999542236328,23.677499771118164,22.4858341217041,8527200
2019-09-16,23.610000610351562,23.987499237060547,23.55500030517578,23.762500762939453,22.62628173828125,7322000
2019-09-17,23.649999618530273,23.8075008392334,23.40999984741211,23.770000457763672,22.6334228515625,5302400
2019-09-18,23.690000534057617,23.7450008392334,23.270000457763672,23.56999969482422,22.442989349365234,5840400
2019-09-19,23.582500457763672,23.857500076293945,23.517499923706055,23.559999465942383,22.43346405029297,3852000
2019-09-20,23.639999389648438,23.712499618530273,23.40999984741211,23.454999923706055,22.333486557006836,6220400
2019-09-23,23.295000076293945,23.537500381469727,23.1825008392334,23.40999984741211,22.290639877319336,4676800
2019-09-24,23.520000457763672,23.645000457763672,23.229999542236328,23.457500457763672,22.335865020751953,6268000
2019-09-25,23.43000030517578,24.079999923706055,23.34000015258789,24.022499084472656,22.87384796142578,5720000
2019-09-26,24.024999618530273,24.227500915527344,23.905000686645508,24.100000381469727,22.947641372680664,5992400
2019-09-27,24.202499389648438,24.202499389648438,23.86750030517578,23.9325008392334,22.78815269470215,6344400
2019-09-30,24.125,24.167499542236328,23.952499389648438,24.125,22.97144889831543,3940800
2019-10-01,24.25,24.417499542236328,23.780000686645508,23.81999969482422,22.6810359954834,6558000
2019-10-02,23.610000610351562,23.649999618530273,23.200000762939453,23.34749984741211,22.231124877929688,5185200
2019-10-03,23.387500762939453,23.65999984741211,23.149999618530273,23.655000686645508,22.523921966552734,3525600
2019-10-04,23.639999389648438,24.045000076293945,23.639999389648438,24.03499984741211,22.885751724243164,3489600
2019-10-07,23.927499771118164,24.09000015258789,23.8125,23.842500686645508,22.70245933532715,3944800
2019-10-08,23.642499923706055,23.642499923706055,23.235000610351562,23.295000076293945,22.181135177612305,3669200
2019-10-09,23.600000381469727,23.875,23.434999465942383,23.737499237060547,22.602474212646484,4008000
2019-10-10,23.727500915527344,24.079999923706055,23.68000030517578,23.877500534057617,22.735788345336914,3132000
2019-10-11,24.142499923706055,24.5575008392334,24.142499923706055,24.2450008392334,23.08571434020996,5331200
2019-10-14,24.22249984741211,24.34000015258789,24.15999984741211,24.227500915527344,23.069046020507812,5113200
2019-10-15,24.350000381469727,24.712499618530273,24.212499618530273,24.604999542236328,23.428495407104492,4414000
2019-10-16,24.532499313354492,24.719999313354492,24.520000457763672,24.69499969482422,23.51419448852539,5008800
2019-10-17,24.75,24.872499465942383,24.622499465942383,24.65999984741211,23.480871200561523,3264000
2019-10-18,24.65250015258789,24.90999984741211,24.625,24.75,23.566570281982422,5058000
2019-10-21,24.924999237060547,25.1299991607666,24.844999313354492,25.102500915527344,23.902212142944336,5474800
2019-10-22,24.860000610351562,24.9950008392334,24.739999771118164,24.772499084472656,23.587993621826172,5111600
2019-10-23,25.375,25.434999465942383,24.600000381469727,25.397499084472656,24.18310546875,8134800
2019-10-24,25.5,25.559999465942383,25.31999969482422,25.447500228881836,24.230716705322266,4754800
2019-10-25,25.420000076293945,25.5,25.030000686645508,25.0575008392334,23.859359741210938,7502000
2019-10-28,25.142499923706055,25.454999923706055,25.06999969482422,25.297500610351562,24.087886810302734,5886000
2019-10-29,25.125,25.3700008392334,25.082500457763672,25.2450008392334,24.037899017333984,3522400
2019-10-30,25.125,25.24250030517578,24.8174991607666,25.204999923706055,23.99980926513672,4228800
2019-10-31,25.139999389648438,25.28499984741211,24.86750030517578,25.082500457763672,23.88316535949707,3861200
2019-11-01,25.3125,25.700000762939453,25.207500457763672,25.69499969482422,24.46638298034668,4839200
2019-11-04,25.75,26.09000015258789,25.712499618530273,26.049999237060547,24.804407119750977,4354000
2019-11-05,26.0674991607666,26.209999084472656,25.864999771118164,26.102500915527344,24.854394912719727,6040000
2019-11-06,25.934999465942383,26.017499923706055,25.5674991607666,25.72249984741211,24.49256134033203,4218000
2019-11-07,25.967500686645508,26.020000457763672,25.582500457763672,25.63249969482422,24.4068660736084,4127200
2019-11-08,25.5674991607666,25.712499618530273,25.467500686645508,25.674999237060547,24.44733428955078,3160800
2019-11-11,25.50749969482422,25.672500610351562,25.44499969482422,25.542499542236328,24.3211669921875,2440400
2019-11-12,25.540000915527344,25.6825008392334,25.297500610351562,25.377500534057617,24.164060592651367,3403200
2019-11-13,25.2549991607666,25.52750015258789,25.2549991607666,25.417499542236328,24.202146530151367,3534400
2019-11-14,25.385000228881836,25.397499084472656,25.197500228881836,25.274999618530273,24.066463470458984,3194400
2019-11-15,25.412500381469727,25.684999465942383,25.38249969482422,25.5625,24.3402156829834,4118000
2019-11-18,25.592500686645508,25.717500686645508,25.459999084472656,25.612499237060547,24.387821197509766,5718400
2019-11-19,25.709999084472656,25.854999542236328,25.55500030517578,25.815000534057617,24.580642700195312,3253200
2019-11-20,25.604999542236328,25.752500534057617,25.395000457763672,25.55500030517578,24.33306884765625,4066400
2019-11-21,25.587499618530273,25.607500076293945,25.337499618530273,25.44499969482422,24.22833251953125,3462800
2019-11-22,25.55500030517578,25.582500457763672,25.30500030517578,25.434999465942383,24.218807220458984,2626000
2019-11-25,25.5,25.829999923706055,25.415000915527344,25.8125,24.57826042175293,4712000
2019-11-26,25.862499237060547,25.862499237060547,25.6200008392334,25.75749969482422,24.52588653564453,9265600
2019-11-27,25.75,25.962499618530273,25.709999084472656,25.9424991607666,24.70203971862793,3677200
2019-11-29,25.885000228881836,26.047500610351562,25.799999237060547,26.0,24.756799697875977,1743600
2019-12-02,26.09000015258789,26.09000015258789,25.635000228881836,25.674999237060547,24.44733428955078,3807200
2019-12-03,25.420000076293945,25.462499618530273,25.112499237060547,25.44499969482422,24.22833251953125,4574800
2019-12-04,25.600000381469727,26.049999237060547,25.594999313354492,25.747499465942383,24.51636505126953,2912400
2019-12-05,25.84000015258789,25.889999389648438,25.709999084472656,25.7450008392334,24.513988494873047,3886800
2019-12-06,25.959999084472656,26.09749984741211,25.93000030517578,26.00749969482422,24.76393699645996,2914800
2019-12-09,25.985000610351562,26.15250015258789,25.9375,26.114999771118164,24.86629867553711,3120400
2019-12-10,26.25,26.352500915527344,26.049999237060547,26.280000686645508,25.02340316772461,4412000
2019-12-11,26.334999084472656,26.59749984741211,26.267499923706055,26.482500076293945,25.21622657775879,4378800
2019-12-12,26.452499389648438,27.0575008392334,26.364999771118164,27.0049991607666,25.71373748779297,5143600
2019-12-13,26.959999084472656,27.075000762939453,26.735000610351562,26.78499984741211,25.504257202148438,4476000
2019-12-16,27.125,27.329999923706055,26.917499542236328,26.947500228881836,25.719003677368164,3776000
2019-12-17,26.954999923706055,26.979999542236328,26.71500015258789,26.725000381469727,25.506649017333984,3725200
2019-12-18,26.792499542236328,26.792499542236328,26.5049991607666,26.55500030517578,25.34439468383789,6192400
2019-12-19,26.579999923706055,26.767499923706055,26.545000076293945,26.762500762939453,25.542436599731445,3170800
2019-12-20,26.940000534057617,27.03499984741211,26.704999923706055,26.787500381469727,25.566295623779297,7592000
2019-12-23,26.90250015258789,26.987499237060547,26.672500610351562,26.815000534057617,25.592546463012695,3039600
2019-12-24,26.86750030517578,26.86750030517578,26.737499237060547,26.8075008392334,25.58538246154785,662800
2019-12-26,26.889999389648438,27.0,26.737499237060547,26.997499465942383,25.7667179107666,1692000
2019-12-27,27.09749984741211,27.149999618530273,26.93000030517578,27.014999389648438,25.78342056274414,2798400
2019-12-30,27.059999465942383,27.15250015258789,26.857500076293945,27.06999969482422,25.835914611816406,2366000
2019-12-31,26.967500686645508,27.09749984741211,26.875,27.0575008392334,25.823986053466797,3173600
2020-01-02,27.100000381469727,27.3075008392334,26.94499969482422,27.3075008392334,26.06258773803711,4686000
2020-01-03,26.899999618530273,27.075000762939453,26.860000610351562,27.022499084472656,25.79058265686035,2795600
2020-01-06,26.81999969482422,26.889999389648438,26.670000076293945,26.88249969482422,25.656965255737305,4390000
2020-01-07,27.0049991607666,27.135000228881836,26.895000457763672,27.02750015258789,25.795352935791016,3336000
2020-01-08,27.0,27.235000610351562,26.84749984741211,27.092500686645508,25.857391357421875,3231600
2020-01-09,27.25,27.354999542236328,27.1200008392334,27.1875,25.94805908203125,4753600
2020-01-10,27.207500457763672,27.2450008392334,27.00749969482422,27.079999923706055,25.845460891723633,3024400
2020-01-13,27.11750030517578,27.28499984741211,27.082500457763672,27.27750015258789,26.033958435058594,2885200
2020-01-14,27.22249984741211,27.559999465942383,27.1875,27.375,26.12701416015625,4110000
2020-01-15,27.482500076293945,27.5,27.045000076293945,27.177499771118164,25.938514709472656,2798000
2020-01-16,27.342500686645508,27.447500228881836,27.204999923706055,27.447500228881836,26.196203231811523,2363200
2020-01-17,27.280000686645508,27.514999389648438,27.0,27.362499237060547,26.115081787109375,5101200
2020-01-21,27.1875,27.434999465942383,27.02750015258789,27.065000534057617,25.831148147583008,6856400
2020-01-22,26.790000915527344,27.282499313354492,26.27750015258789,26.657499313354492,25.442222595214844,11501600
2020-01-23,26.447500228881836,26.610000610351562,26.082500457763672,26.584999084472656,25.373029708862305,7020000
2020-01-24,26.764999389648438,26.8700008392334,26.225000381469727,26.34000015258789,25.139202117919922,4569600
2020-01-27,25.844999313354492,25.97249984741211,25.649999618530273,25.657499313354492,24.487812042236328,6933600
2020-01-28,25.885000228881836,26.092500686645508,25.787500381469727,25.852500915527344,24.673921585083008,6301200
2020-01-29,26.0049991607666,26.344999313354492,25.827499389648438,25.854999542236328,24.67630386352539,4175600
2020-01-30,25.584999084472656,25.815000534057617,25.227500915527344,25.467500686645508,24.306472778320312,4949200
2020-01-31,25.34749984741211,25.4424991607666,24.737499237060547,24.86750030517578,23.733829498291016,6214800
2020-02-03,25.05500030517578,25.25749969482422,24.934999465942383,24.987499237060547,23.848358154296875,5942400
2020-02-04,25.462499618530273,25.977500915527344,25.427499771118164,25.959999084472656,24.776519775390625,6195600
2020-02-05,26.415000915527344,26.415000915527344,26.014999389648438,26.157499313354492,24.965024948120117,4010000
2020-02-06,26.217500686645508,26.217500686645508,25.892499923706055,25.989999771118164,24.805156707763672,2819600
2020-02-07,25.8075008392334,25.877500534057617,25.612499237060547,25.84000015258789,24.6619930267334,5578000
2020-02-10,25.65250015258789,25.792499542236328,25.61750030517578,25.700000762939453,24.52837562561035,7157200
2020-02-11,25.790000915527344,26.049999237060547,25.647499084472656,25.655000686645508,24.48542594909668,5501200
2020-02-12,25.912500381469727,26.00749969482422,25.77750015258789,25.887500762939453,24.70732879638672,3974400
2020-02-13,25.684999465942383,26.15999984741211,25.642499923706055,26.092500686645508,24.902978897094727,3848000
2020-02-14,26.094999313354492,26.172500610351562,25.905000686645508,26.017499923706055,24.831401824951172,2736400
2020-02-18,25.81999969482422,25.852500915527344,25.25,25.34749984741211,24.19194221496582,5959200
2020-02-19,25.5,25.862499237060547,25.447500228881836,25.77750015258789,24.602340698242188,4218800
2020-02-20,25.69499969482422,25.962499618530273,25.6299991607666,25.927499771118164,24.74550437927246,4781600
2020-02-21,25.725000381469727,25.84749984741211,25.292499542236328,25.4375,24.277841567993164,4738000
2020-02-24,24.5,24.875,24.012500762939453,24.417499542236328,23.304338455200195,8784400
2020-02-25,24.607500076293945,24.762500762939453,23.799999237060547,23.86750030517578,22.7794132232666,10114400
2020-02-26,24.092500686645508,24.50749969482422,23.84749984741211,23.917499542236328,22.827136993408203,9839200
2020-02-27,23.38249969482422,23.899999618530273,23.139999389648438,23.145000457763672,22.08985137939453,8504400
2020-02-28,22.612499237060547,23.107500076293945,22.297500610351562,22.920000076293945,21.875110626220703,11979200
2020-03-02,23.102500915527344,23.737499237060547,22.65250015258789,23.732500076293945,22.65056610107422,10159200
2020-03-03,23.655000686645508,24.40999984741211,23.18000030517578,23.24250030517578,22.18291473388672,7252800
2020-03-04,23.63249969482422,24.264999389648438,23.417499542236328,24.25,23.144479751586914,5060000
2020-03-05,23.59000015258789,23.885000228881836,23.1875,23.354999542236328,22.29027557373047,6724000
2020-03-06,22.55500030517578,23.24250030517578,22.520000457763672,23.139999389648438,22.085084915161133,6343200
2020-03-09,21.667499542236328,24.524999618530273,21.25,21.38249969482422,20.407697677612305,9308400
2020-03-10,22.084999084472656,22.627500534057617,21.149999618530273,22.622499465942383,21.59117317199707,11578800
2020-03-11,21.885000228881836,21.967500686645508,20.592500686645508,21.0674991607666,20.1070613861084,9833200
2020-03-12,19.709999084472656,20.577499389648438,18.77750015258789,18.780000686645508,17.923845291137695,14556800
2020-03-13,19.80500030517578,20.21500015258789,18.360000610351562,19.899999618530273,18.992788314819336,16926000
2020-03-16,17.469999313354492,18.459999084472656,16.024999618530273,17.084999084472656,16.35749053955078,14069200
2020-03-17,17.40250015258789,18.28499984741211,16.6875,17.832500457763672,17.073162078857422,11578000
2020-03-18,16.389999389648438,17.112499237060547,15.762499809265137,17.102500915527344,16.374250411987305,11824400
2020-03-19,16.827499389648438,17.375,16.079999923706055,17.190000534057617,16.458026885986328,12283600
2020-03-20,17.200000762939453,18.172500610351562,17.15250015258789,17.510000228881836,16.764394760131836,12536000
2020-03-23,17.235000610351562,17.969999313354492,16.25,17.25,16.515466690063477,14850400
2020-03-24,18.1200008392334,18.747499465942383,17.90250015258789,18.537500381469727,17.74814224243164,11743200
2020-03-25,18.610000610351562,19.489999771118164,18.002500534057617,18.729999542236328,17.932445526123047,10400800
2020-03-26,18.7450008392334,20.024999618530273,18.627500534057617,19.792499542236328,18.94970703125,10330000
2020-03-27,18.9950008392334,19.329999923706055,18.512500762939453,18.5674991607666,17.77686309814453,7623600
2020-03-30,18.639999389648438,19.047500610351562,18.392499923706055,18.957500457763672,18.150259017944336,10806000
2020-03-31,18.967500686645508,19.002500534057617,18.09749984741211,18.219999313354492,17.444164276123047,9334800
2020-04-01,17.537500381469727,18.0049991607666,17.350000381469727,17.3799991607666,16.639928817749023,11401600
2020-04-02,17.417499542236328,17.63249969482422,16.864999771118164,17.190000534057617,16.458026885986328,17219200
2020-04-03,17.094999313354492,17.34000015258789,16.897499084472656,17.104999542236328,16.376644134521484,8444000
2020-04-06,18.045000076293945,18.9424991607666,17.864999771118164,18.834999084472656,18.03297233581543,15162400
2020-04-07,19.767499923706055,19.93000030517578,18.885000228881836,18.927499771118164,18.121536254882812,9949600
2020-04-08,19.065000534057617,20.020000457763672,19.002500534057617,19.905000686645508,19.057416915893555,8838800
2020-04-09,20.072500228881836,20.780000686645508,20.06999969482422,20.477500915527344,19.60553550720215,7142000
2020-04-13,20.09000015258789,20.392499923706055,19.977500915527344,20.165000915527344,19.30634117126465,6444800
2020-04-14,20.489999771118164,20.905000686645508,20.3174991607666,20.61750030517578,19.73957633972168,9466400
2020-04-15,20.092500686645508,20.325000762939453,19.84000015258789,20.092500686645508,19.23693084716797,8656800
2020-04-16,20.094999313354492,20.292499542236328,19.897499084472656,20.21500015258789,19.354215621948242,6184400
2020-04-17,20.665000915527344,21.217500686645508,20.65250015258789,21.05500030517578,20.158447265625,8874000
2020-04-20,20.332500457763672,20.725000381469727,20.170000076293945,20.3125,19.44756317138672,7330400
2020-04-21,20.0049991607666,20.1924991607666,19.06999969482422,19.229999542236328,18.41115379333496,16418800
2020-04-22,19.665000915527344,20.625,19.327499389648438,20.417499542236328,19.5480899810791,13396400
2020-04-23,20.957500457763672,21.537500381469727,20.65250015258789,20.9950008392334,20.100997924804688,11601600
2020-04-24,21.104999542236328,21.63249969482422,21.0625,21.542499542236328,20.62518310546875,5669200
2020-04-27,21.657499313354492,22.032499313354492,21.657499313354492,21.88249969482422,20.950706481933594,5668000
2020-04-28,22.450000762939453,22.642499923706055,21.989999771118164,22.084999084472656,21.14458656311035,6748800
2020-04-29,22.5,23.184999465942383,22.440000534057617,23.040000915527344,22.05891990661621,5632800
2020-04-30,22.732500076293945,22.80500030517578,22.052499771118164,22.065000534057617,21.125438690185547,7698000
2020-05-01,21.547500610351562,21.665000915527344,21.077499389648438,21.375,20.46481704711914,6476000
2020-05-04,21.172500610351562,21.247499465942383,20.80500030517578,20.979999542236328,20.08663558959961,6734000
2020-05-05,21.239999771118164,21.797500610351562,21.239999771118164,21.5625,20.644332885742188,3986400
2020-05-06,21.719999313354492,21.864999771118164,21.4375,21.520000457763672,20.603641510009766,4184400
2020-05-07,21.850000381469727,22.13249969482422,21.735000610351562,21.809999465942383,20.88129425048828,4206400
2020-05-08,22.19499969482422,22.392499923706055,22.107500076293945,22.389999389648438,21.436599731445312,4294800
2020-05-11,22.102500915527344,22.102500915527344,21.760000228881836,21.774999618530273,20.847782135009766,4541600
2020-05-12,21.897499084472656,21.9950008392334,21.049999237060547,21.0674991607666,20.170408248901367,5048800
2020-05-13,21.079999923706055,21.100000381469727,20.13249969482422,20.454999923706055,19.58399200439453,5925200
2020-05-14,20.114999771118164,20.827499389648438,20.040000915527344,20.81999969482422,19.933448791503906,6605200
2020-05-15,20.627500534057617,20.834999084472656,20.337499618530273,20.577499389648438,19.701271057128906,6500800
2020-05-18,21.209999084472656,22.239999771118164,21.19499969482422,22.110000610351562,21.168519973754883,6179600
2020-05-19,22.022499084472656,22.607500076293945,21.987499237060547,22.280000686645508,21.331281661987305,4450800
2020-05-20,22.645000457763672,23.012500762939453,22.592500686645508,22.739999771118164,21.771690368652344,4075200
2020-05-21,22.670000076293945,22.809999465942383,22.4424991607666,22.552499771118164,21.59217071533203,5878800
2020-05-22,22.532499313354492,22.725000381469727,22.299999237060547,22.700000762939453,21.733400344848633,6368400
2020-05-26,23.287500381469727,23.6200008392334,23.237499237060547,23.497499465942383,22.496938705444336,8220800
2020-05-27,23.75,24.00749969482422,23.575000762939453,23.88249969482422,22.86554527282715,6641600
2020-05-28,24.087499618530273,24.142499923706055,23.709999084472656,23.837499618530273,22.822460174560547,5754400
2020-05-29,23.762500762939453,24.19499969482422,23.524999618530273,24.139999389648438,23.11208152770996,8246400
2020-06-01,24.0575008392334,24.582500457763672,23.982500076293945,24.4325008392334,23.39212417602539,5507200
2020-06-02,24.547500610351562,24.80500030517578,24.262500762939453,24.735000610351562,23.681743621826172,7617200
2020-06-03,25.0,25.834999084472656,24.877500534057617,25.797500610351562,24.699005126953125,7937200
2020-06-04,25.5,25.844999313354492,25.239999771118164,25.392499923706055,24.31124496459961,8500000
2020-06-05,26.040000915527344,27.09000015258789,26.040000915527344,26.75,25.610944747924805,14389200
2020-06-08,26.690000534057617,26.797500610351562,25.985000610351562,26.020000457763672,24.91202735900879,10639600
2020-06-09,25.637500762939453,25.77750015258789,25.350000381469727,25.43000030517578,24.347150802612305,6079600
2020-06-10,25.625,25.625,24.917499542236328,25.084999084472656,24.016845703125,4430000
2020-06-11,24.440000534057617,24.5575008392334,23.622499465942383,23.627500534057617,22.62140655517578,6863200
2020-06-12,24.36750030517578,24.4375,23.3125,23.752500534057617,22.741079330444336,5852400
2020-06-15,23.299999237060547,24.13249969482422,22.952499389648438,24.1200008392334,23.15385627746582,5079600
2020-06-16,24.842500686645508,25.19499969482422,24.235000610351562,24.642499923706055,23.655427932739258,5229200
2020-06-17,24.797500610351562,24.917499542236328,24.405000686645508,24.61750030517578,23.631423950195312,4392400
2020-06-18,24.4325008392334,24.712499618530273,24.325000762939453,24.489999771118164,23.509031295776367,3257600
2020-06-19,25.229999542236328,25.229999542236328,24.217500686645508,24.25749969482422,23.28584861755371,9604400
2020-06-22,24.209999084472656,24.49250030517578,23.969999313354492,24.389999389648438,23.41304588317871,3845200
2020-06-23,24.74250030517578,24.899999618530273,24.287500381469727,24.287500381469727,23.31464385986328,4310800
2020-06-24,24.122499465942383,24.200000762939453,23.422500610351562,23.65250015258789,22.7050838470459,6889600
2020-06-25,23.549999237060547,23.815000534057617,23.147499084472656,23.799999237060547,22.846670150756836,3609600
2020-06-26,23.75,23.790000915527344,23.25,23.49250030517578,22.551490783691406,12266400
2020-06-29,23.772499084472656,23.93000030517578,23.572500228881836,23.8075008392334,22.85387420654297,5027600
2020-06-30,23.802499771118164,24.122499465942383,23.767499923706055,23.952499389648438,22.993064880371094,8447200
2020-07-01,24.037500381469727,24.212499618530273,23.655000686645508,23.770000457763672,22.8178768157959,5862000
2020-07-02,24.1875,24.334999084472656,23.827499389648438,23.967500686645508,23.007463455200195,5083200
2020-07-06,24.38249969482422,24.59749984741211,24.252500534057617,24.53499984741211,23.552236557006836,4154400
2020-07-07,24.292499542236328,24.49250030517578,24.022499084472656,24.05500030517578,23.091459274291992,3678400
2020-07-08,24.047500610351562,24.125,23.582500457763672,23.762500762939453,22.8106746673584,5985600
2020-07-09,23.697500228881836,23.852500915527344,23.405000686645508,23.622499465942383,22.67628288269043,6774400
2020-07-10,23.662500381469727,23.829999923706055,23.3799991607666,23.732500076293945,22.781877517700195,4626400
2020-07-13,23.967500686645508,24.052499771118164,23.545000076293945,23.614999771118164,22.669082641601562,7545600
2020-07-14,23.63249969482422,24.36750030517578,23.540000915527344,24.350000381469727,23.37464141845703,7925200
2020-07-15,24.572500228881836,25.19499969482422,24.572500228881836,25.110000610351562,24.104202270507812,9447200
2020-07-16,25.112499237060547,25.329999923706055,25.065000534057617,25.227500915527344,24.21699333190918,4468800
2020-07-17,25.3799991607666,25.637500762939453,25.27750015258789,25.5049991607666,24.483379364013672,4945600
2020-07-20,25.427499771118164,25.502500534057617,25.147499084472656,25.3700008392334,24.353788375854492,5818400
2020-07-21,25.530000686645508,25.795000076293945,25.467500686645508,25.524999618530273,24.50257682800293,5015200
2020-07-22,26.0,26.577499389648438,25.485000610351562,25.8174991607666,24.783357620239258,7674400
2020-07-23,26.114999771118164,26.4950008392334,25.957500457763672,26.399999618530273,25.342527389526367,8892800
2020-07-24,26.287500381469727,26.392499923706055,25.940000534057617,26.09749984741211,25.052146911621094,5871200
2020-07-27,26.104999542236328,26.607500076293945,26.0049991607666,26.542499542236328,25.479324340820312,4918000
2020-07-28,26.482500076293945,26.53499984741211,26.0049991607666,26.052499771118164,25.008947372436523,4752400
2020-07-29,26.1299991607666,26.547500610351562,26.022499084472656,26.457500457763672,25.397729873657227,5456000
2020-07-30,26.174999237060547,26.357500076293945,26.030000686645508,26.292499542236328,25.239334106445312,4761600
2020-07-31,26.24250030517578,26.47249984741211,26.010000228881836,26.440000534057617,25.380922317504883,4725600
2020-08-03,26.489999771118164,26.934999465942383,26.489999771118164,26.84749984741211,25.77210235595703,4438000
2020-08-04,26.782499313354492,27.135000228881836,26.75,27.104999542236328,26.019290924072266,4404000
2020-08-05,27.1825008392334,27.375,27.022499084472656,27.162500381469727,26.074485778808594,3236800
2020-08-06,27.045000076293945,27.207500457763672,26.967500686645508,27.087499618530273,26.002490997314453,3100400
2020-08-07,26.99250030517578,27.110000610351562,26.78499984741211,26.989999771118164,25.90889549255371,4357600
2020-08-10,26.922500610351562,27.235000610351562,26.90250015258789,27.030000686645508,25.947294235229492,9071600
2020-08-11,27.177499771118164,27.5,27.139999389648438,27.202499389648438,26.112884521484375,6656000
2020-08-12,27.315000534057617,27.594999313354492,27.110000610351562,27.447500228881836,26.34807014465332,5422400
2020-08-13,27.337499618530273,27.850000381469727,27.202499389648438,27.642499923706055,26.535259246826172,4139600
2020-08-14,27.517499923706055,27.575000762939453,27.360000610351562,27.44499969482422,26.345670700073242,3188800
2020-08-17,27.547500610351562,27.697500228881836,27.450000762939453,27.47249984741211,26.372068405151367,3355600
2020-08-18,27.415000915527344,27.46500015258789,27.252500534057617,27.287500381469727,26.194480895996094,3328800
2020-08-19,27.375,27.489999771118164,27.229999542236328,27.28499984741211,26.192079544067383,2338400
2020-08-20,27.06999969482422,27.125,26.772499084472656,26.825000762939453,25.75050163269043,3553200
2020-08-21,26.825000762939453,27.149999618530273,26.77750015258789,27.059999465942383,25.976093292236328,3852800
2020-08-24,26.247499465942383,27.3174991607666,26.049999237060547,27.1875,26.098485946655273,3310400
2020-08-25,27.28499984741211,27.547500610351562,27.1299991607666,27.227500915527344,26.136882781982422,4294000
2020-08-26,27.239999771118164,27.392499923706055,27.127500534057617,27.262500762939453,26.170480728149414,3750000
2020-08-27,27.512500762939453,27.512500762939453,26.975000381469727,27.024999618530273,25.94249725341797,3253200
2020-08-28,27.047500610351562,27.487499237060547,26.9325008392334,27.44499969482422,26.345670700073242,4305200
2020-08-31,27.40999984741211,27.575000762939453,27.337499618530273,27.450000762939453,26.350473403930664,4415600
2020-09-01,27.5,27.75749969482422,27.352500915527344,27.697500228881836,26.58806037902832,5016800
2020-09-02,27.872499465942383,28.3125,27.6924991607666,28.239999771118164,27.108827590942383,5452000
2020-09-03,28.165000915527344,28.167499542236328,26.915000915527344,27.11750030517578,26.03129005432129,5036800
2020-09-04,27.36750030517578,27.407499313354492,26.627500534057617,27.112499237060547,26.0264892578125,5212000
2020-09-08,26.667499542236328,26.892499923706055,26.237499237060547,26.264999389648438,25.212936401367188,6789600
2020-09-09,26.625,26.947500228881836,26.46500015258789,26.69499969482422,25.625713348388672,10476800
2020-09-10,26.872499465942383,26.99250030517578,26.012500762939453,26.13249969482422,25.085744857788086,5464800
2020-09-11,26.342500686645508,26.532499313354492,25.967500686645508,26.072500228881836,25.028146743774414,6837600
2020-09-14,26.34749984741211,26.760000228881836,26.3125,26.69499969482422,25.687294006347656,5013200
2020-09-15,26.86750030517578,27.327499389648438,26.825000762939453,27.082500457763672,26.060163497924805,3604400
2020-09-16,27.5,27.565000534057617,27.219999313354492,27.270000457763672,26.240581512451172,5417200
2020-09-17,27.02750015258789,27.612499237060547,26.959999084472656,27.469999313354492,26.43303680419922,7982800
2020-09-18,27.434999465942383,27.690000534057617,27.0575008392334,27.217500686645508,26.190067291259766,8285200
2020-09-21,26.802499771118164,26.920000076293945,25.727500915527344,25.872499465942383,24.89583969116211,6335200
2020-09-22,25.947500228881836,26.212499618530273,25.422500610351562,26.155000686645508,25.167673110961914,6518800
2020-09-23,26.127500534057617,26.3125,25.700000762939453,25.822500228881836,24.84772300720215,6092000
2020-09-24,25.677499771118164,26.399999618530273,25.604999542236328,26.047500610351562,25.064233779907227,5354000
2020-09-25,25.90999984741211,26.532499313354492,25.792499542236328,26.415000915527344,25.41786003112793,4486000
2020-09-28,26.88249969482422,27.235000610351562,26.75,27.045000076293945,26.024076461791992,4820800
2020-09-29,27.177499771118164,27.31999969482422,26.90250015258789,27.157499313354492,26.132328033447266,6041600
2020-09-30,27.260000228881836,27.447500228881836,26.897499084472656,27.0674991607666,26.045726776123047,7394400
2020-10-01,27.479999542236328,27.5,27.237499237060547,27.447500228881836,26.411380767822266,4118400
2020-10-02,26.907499313354492,27.677499771118164,26.7450008392334,27.34000015258789,26.307945251464844,4837200
2020-10-05,27.565000534057617,28.157499313354492,27.565000534057617,27.88249969482422,26.829965591430664,5896400
2020-10-06,27.822500228881836,28.190000534057617,27.510000228881836,27.53499984741211,26.495580673217773,4702800
2020-10-07,27.8075008392334,28.389999389648438,27.8075008392334,28.25749969482422,27.19080924987793,3436000
2020-10-08,28.38249969482422,28.637500762939453,28.292499542236328,28.375,27.303869247436523,2814400
2020-10-09,28.63249969482422,28.815000534057617,28.280000686645508,28.372499465942383,27.301464080810547,4839200
2020-10-12,28.549999237060547,29.024999618530273,28.434999465942383,28.690000534057617,27.606979370117188,7838000
2020-10-13,28.542499542236328,28.610000610351562,28.174999237060547,28.2450008392334,27.17877960205078,6138800
2020-10-14,28.4424991607666,28.662500381469727,28.190000534057617,28.3700008392334,27.299060821533203,4251600
2020-10-15,28.052499771118164,28.604999542236328,27.907499313354492,28.59000015258789,27.510757446289062,5448800
2020-10-16,28.75,28.99250030517578,28.704999923706055,28.790000915527344,27.703205108642578,11890400
2020-10-19,28.782499313354492,28.959999084472656,28.142499923706055,28.274999618530273,27.207645416259766,6245600
2020-10-20,28.655000686645508,29.045000076293945,28.377500534057617,28.649999618530273,27.568490982055664,5517600
2020-10-21,28.71500015258789,29.770000457763672,28.427499771118164,28.735000610351562,27.650283813476562,8672800
2020-10-22,28.780000686645508,29.837499618530273,28.684999465942383,29.627500534057617,28.509092330932617,6589600
2020-10-23,29.850000381469727,29.9424991607666,29.47249984741211,29.9375,28.807390213012695,6126400
2020-10-26,29.510000228881836,29.582500457763672,28.647499084472656,29.112499237060547,28.013530731201172,4432400
2020-10-27,29.09000015258789,29.344999313354492,28.627500534057617,28.762500762939453,27.67674446105957,5035600
2020-10-28,28.297500610351562,28.4424991607666,27.790000915527344,27.877500534057617,26.825151443481445,4630800
2020-10-29,27.864999771118164,28.635000228881836,27.665000915527344,28.292499542236328,27.2244873046875,5540000
2020-10-30,28.167499542236328,28.225000381469727,27.752500534057617,28.209999084472656,27.145103454589844,4436800
2020-11-02,28.577499389648438,28.86750030517578,28.387500762939453,28.767499923706055,27.68155860900879,6013600
2020-11-03,29.167499542236328,29.712499618530273,29.102500915527344,29.125,28.02556037902832,5890400
2020-11-04,29.155000686645508,29.459999084472656,28.704999923706055,28.979999542236328,27.886032104492188,8826400
2020-11-05,29.59749984741211,30.100000381469727,29.477500915527344,29.864999771118164,28.737625122070312,6792400
2020-11-06,29.917499542236328,30.155000686645508,29.780000686645508,30.084999084472656,28.94931983947754,3328000
2020-11-09,31.375,32.1349983215332,30.354999542236328,30.397499084472656,29.250022888183594,7826800
2020-11-10,30.25,30.729999542236328,30.127500534057617,30.462499618530273,29.312570571899414,8072800
2020-11-11,30.797500610351562,31.350000381469727,30.697500228881836,31.06999969482422,29.897138595581055,8565200
2020-11-12,30.862499237060547,30.97249984741211,29.90999984741211,30.052499771118164,28.91805076599121,6446400
2020-11-13,30.34000015258789,30.9375,30.25749969482422,30.850000381469727,29.685440063476562,5252400
2020-11-16,30.364999771118164,31.575000762939453,30.337499618530273,31.56999969482422,30.37826156616211,6517600
2020-11-17,31.262500762939453,32.10499954223633,31.25,31.764999389648438,30.565902709960938,6112800
2020-11-18,31.850000381469727,31.857500076293945,31.387500762939453,31.450000762939453,30.262798309326172,5639600
2020-11-19,31.252500534057617,31.907499313354492,31.202499389648438,31.799999237060547,30.59958267211914,3666000
2020-11-20,31.84000015258789,32.10749816894531,31.780000686645508,31.84749984741211,30.645288467407227,6139200
2020-11-23,32.087501525878906,32.400001525878906,31.88249969482422,32.01750183105469,30.80887222290039,4446400
2020-11-24,32.35499954223633,32.872501373291016,32.1349983215332,32.8125,31.5738582611084,5154000
2020-11-25,32.627498626708984,32.787498474121094,32.467498779296875,32.70750045776367,31.47282600402832,3478400
2020-11-27,32.93000030517578,33.11249923706055,32.77000045776367,32.98749923706055,31.742250442504883,2107600
2020-11-30,32.78499984741211,33.032501220703125,32.505001068115234,32.70249938964844,31.4680118560791,7264400
2020-12-01,33.162498474121094,33.38750076293945,32.86750030517578,32.90250015258789,31.66046905517578,7528000
2020-12-02,32.8849983215332,32.94499969482422,32.54750061035156,32.772499084472656,31.535367965698242,5836000
2020-12-03,32.6875,33.057498931884766,32.657501220703125,32.92499923706055,31.682106018066406,5395600
2020-12-04,33.1349983215332,33.630001068115234,33.099998474121094,33.227500915527344,31.973186492919922,5672400
2020-12-07,33.275001525878906,33.477500915527344,32.95500183105469,33.10749816894531,31.857717514038086,6508400
2020-12-08,32.79499816894531,33.36000061035156,32.78499984741211,33.310001373291016,32.052581787109375,5480400
2020-12-09,33.5,33.91999816894531,33.29499816894531,33.404998779296875,32.14399337768555,5620800
2020-12-10,33.217498779296875,33.412498474121094,32.814998626708984,32.852500915527344,31.612342834472656,5049200
2020-12-11,32.61750030517578,32.912498474121094,32.48249816894531,32.752498626708984,31.516124725341797,5088000
2020-12-14,33.029998779296875,33.2400016784668,32.51750183105469,32.57500076293945,31.41486358642578,4304800
2020-12-15,32.79999923706055,32.974998474121094,32.522499084472656,32.88750076293945,31.71624183654785,4903200
2020-12-16,32.842498779296875,32.904998779296875,32.39500045776367,32.71500015258789,31.549882888793945,4275200
2020-12-17,32.97249984741211,33.247501373291016,32.88999938964844,33.04249954223633,31.865713119506836,4287600
2020-12-18,33.04499816894531,33.10749816894531,32.45750045776367,32.662498474121094,31.499250411987305,9458800
2020-12-21,32.11249923706055,32.470001220703125,31.8174991607666,32.34000015258789,31.188234329223633,6801200
2020-12-22,32.372501373291016,32.372501373291016,32.05500030517578,32.217498779296875,31.07009506225586,3432000
2020-12-23,32.42250061035156,32.55500030517578,32.16749954223633,32.189998626708984,31.043577194213867,3879200
2020-12-24,32.26750183105469,32.345001220703125,32.064998626708984,32.29249954223633,31.142433166503906,1349200
2020-12-28,32.53499984741211,32.70249938964844,32.35499954223633,32.459999084472656,31.303953170776367,2566800
2020-12-29,32.5724983215332,32.57500076293945,32.005001068115234,32.11000061035156,30.966426849365234,3469600
2020-12-30,32.3224983215332,32.59749984741211,32.23500061035156,32.459999084472656,31.303953170776367,2930400
2020-12-31,32.46500015258789,32.744998931884766,32.34000015258789,32.692501068115234,31.528188705444336,3550800
2021-01-04,32.72999954223633,33.00749969482422,31.94499969482422,32.130001068115234,30.9857177734375,4112800
2021-01-05,32.209999084472656,32.849998474121094,32.087501525878906,32.685001373291016,31.520954132080078,5423600
2021-01-06,32.772499084472656,33.70249938964844,32.772499084472656,33.497501373291016,32.30451583862305,4441600
2021-01-07,33.75,34.11249923706055,33.5,33.977500915527344,32.767417907714844,3654800
2021-01-08,34.125,34.29499816894531,33.47999954223633,33.84000015258789,32.63481521606445,3871200
2021-01-11,33.317501068115234,33.974998474121094,33.17499923706055,33.91999816894531,32.71196365356445,3259600
2021-01-12,33.9375,34.0525016784668,33.6150016784668,33.73500061035156,32.53355407714844,2970000
2021-01-13,33.68000030517578,33.76499938964844,33.435001373291016,33.6150016784668,32.41782760620117,3241600
2021-01-14,33.75,33.814998626708984,33.415000915527344,33.459999084472656,32.26834487915039,3214000
2021-01-15,33.290000915527344,33.39250183105469,32.72999954223633,32.935001373291016,31.762039184570312,5488000
2021-01-19,33.33250045776367,33.400001525878906,32.83250045776367,33.087501525878906,31.90911865234375,4306000
2021-01-20,33.45000076293945,33.59000015258789,33.25,33.48749923706055,32.294864654541016,3361200
2021-01-21,33.584999084472656,33.95750045776367,33.23749923706055,33.275001525878906,32.089935302734375,4160400
2021-01-22,33.08000183105469,33.16749954223633,32.89250183105469,33.060001373291016,31.88259506225586,6218000
2021-01-25,33.13999938964844,33.282501220703125,32.599998474121094,33.20500183105469,32.022430419921875,7190400
2021-01-26,33.35749816894531,33.439998626708984,32.4375,32.505001068115234,31.347360610961914,6410000
2021-01-27,31.69499969482422,32.0,30.63249969482422,31.392499923706055,30.27448081970215,13338400
2021-01-28,31.88249969482422,31.9950008392334,31.2450008392334,31.712499618530273,30.583086013793945,8997600
2021-01-29,31.649999618530273,31.75,31.197500228881836,31.219999313354492,30.108121871948242,8626800
2021-02-01,31.5,31.962499618530273,31.02750015258789,31.407499313354492,30.2889461517334,9662800
2021-02-02,31.857500076293945,32.125,31.642499923706055,31.7450008392334,30.614425659179688,4600000
2021-02-03,31.747499465942383,32.0,31.61750030517578,31.6200008392334,30.493881225585938,5147600
2021-02-04,31.579999923706055,32.16999816894531,31.487499237060547,32.092498779296875,30.949542999267578,3125200
2021-02-05,32.442501068115234,32.51750183105469,32.17250061035156,32.375,31.221986770629883,4229200
2021-02-08,32.564998626708984,33.09749984741211,32.54750061035156,33.07500076293945,31.897064208984375,4090800
2021-02-09,32.97249984741211,33.32749938964844,32.90250015258789,33.0525016784668,31.87535858154297,3460800
2021-02-10,33.25,33.35499954223633,32.779998779296875,32.83000183105469,31.660785675048828,3844000
2021-02-11,33.0625,33.165000915527344,32.540000915527344,33.147499084472656,31.96697425842285,4306400
2021-02-12,32.9900016784668,34.00749969482422,32.9900016784668,33.974998474121094,32.7650032043457,5651200
2021-02-16,34.23249816894531,34.54999923706055,33.849998474121094,33.935001373291016,32.7264289855957,5448800
2021-02-17,33.790000915527344,33.845001220703125,33.32749938964844,33.49250030517578,32.2996940612793,3190000
2021-02-18,33.11249923706055,33.23749923706055,32.622501373291016,32.685001373291016,31.520954132080078,7517600
2021-02-19,32.83250045776367,33.39500045776367,32.810001373291016,33.10749816894531,31.928401947021484,10166800
2021-02-22,32.79499816894531,33.14500045776367,32.477500915527344,32.497501373291016,31.340131759643555,4914800
2021-02-23,32.334999084472656,32.334999084472656,31.352500915527344,31.84749984741211,30.713274002075195,10736000
2021-02-24,31.71500015258789,32.55500030517578,31.709999084472656,32.38750076293945,31.234045028686523,6584000
2021-02-25,32.27000045776367,32.310001373291016,31.170000076293945,31.302499771118164,30.18768310546875,6008000
2021-02-26,31.559999465942383,31.702499389648438,31.13249969482422,31.420000076293945,30.301000595092773,7524000
2021-03-01,31.844999313354492,32.55500030517578,31.832500457763672,32.4900016784668,31.3328914642334,5352400
2021-03-02,32.52750015258789,32.747501373291016,32.21500015258789,32.25749969482422,31.108673095703125,5443200
2021-03-03,32.04750061035156,32.16749954223633,31.412500381469727,31.424999237060547,30.305824279785156,6542000
2021-03-04,31.322500228881836,31.3700008392334,29.809999465942383,30.020000457763672,28.95086097717285,9512400
2021-03-05,30.639999389648438,30.94499969482422,29.290000915527344,30.780000686645508,29.683794021606445,7179600
2021-03-08,30.795000076293945,31.280000686645508,30.334999084472656,30.670000076293945,29.57771110534668,6487200
2021-03-09,31.114999771118164,31.46500015258789,31.030000686645508,31.100000381469727,29.99239158630371,4880200
2021-03-10,31.15999984741211,31.510000228881836,31.024999618530273,31.045000076293945,29.939350128173828,6342600
2021-03-11,31.55500030517578,32.025001525878906,31.354999542236328,31.959999084472656,30.821765899658203,7135200
2021-03-12,31.735000610351562,32.095001220703125,31.690000534057617,32.04499816894531,30.903738021850586,4314000
2021-03-15,32.04499816894531,32.95500183105469,32.04499816894531,32.92499923706055,31.75239372253418,5026400
2021-03-16,33.11000061035156,33.36000061035156,32.439998626708984,32.654998779296875,31.492013931274414,5837200
2021-03-17,32.46500015258789,32.775001525878906,32.33000183105469,32.6349983215332,31.47272491455078,4167200
2021-03-18,32.40999984741211,33.02000045776367,32.369998931884766,32.5,31.34254264831543,4778400
2021-03-19,32.32500076293945,32.52000045776367,31.885000228881836,32.150001525878906,31.005002975463867,6542600
2021-03-22,32.130001068115234,32.53499984741211,31.924999237060547,32.35499954223633,31.273225784301758,4689000
2021-03-23,32.099998474121094,32.46500015258789,31.270000457763672,31.46500015258789,30.412981033325195,6275600
2021-03-24,31.604999542236328,32.220001220703125,31.53499984741211,31.825000762939453,30.760944366455078,4103000
2021-03-25,31.614999771118164,32.314998626708984,31.415000915527344,32.25,31.171735763549805,5074200
2021-03-26,32.470001220703125,33.29999923706055,32.334999084472656,33.244998931884766,32.13346481323242,4811600
2021-03-29,33.16999816894531,33.415000915527344,32.77000045776367,33.10499954223633,31.998144149780273,4027200
2021-03-30,33.040000915527344,33.209999084472656,32.56999969482422,32.79499816894531,31.698514938354492,5174000
2021-03-31,32.779998779296875,33.27000045776367,32.69499969482422,32.98500061035156,31.882156372070312,5983600
2021-04-01,33.369998931884766,33.584999084472656,32.77000045776367,33.525001525878906,32.40411376953125,5445200
2021-04-05,33.939998626708984,34.459999084472656,33.755001068115234,34.40999984741211,33.259517669677734,3581200
2021-04-06,34.2400016784668,34.29999923706055,33.92499923706055,34.13999938964844,32.99853515625,4298600
2021-04-07,34.130001068115234,34.314998626708984,33.61000061035156,33.64500045776367,32.52009201049805,8259200
2021-04-08,33.85499954223633,34.03499984741211,33.459999084472656,34.029998779296875,32.892215728759766,6034200
2021-04-09,34.060001373291016,34.255001068115234,33.76499938964844,34.22999954223633,33.08552932739258,4295000
2021-04-12,33.88999938964844,34.29499816894531,33.77000045776367,33.86000061035156,32.727901458740234,6105800
2021-04-13,33.875,33.97999954223633,33.540000915527344,33.915000915527344,32.78107452392578,7238000
2021-04-14,34.0099983215332,34.224998474121094,33.779998779296875,33.85499954223633,32.72307205200195,5797600
2021-04-15,34.06999969482422,34.38999938964844,34.029998779296875,34.2599983215332,33.114532470703125,4202200
2021-04-16,34.41999816894531,34.4900016784668,34.165000915527344,34.2400016784668,33.09519958496094,12198600
2021-04-19,34.21500015258789,34.30500030517578,33.56999969482422,33.755001068115234,32.62641525268555,5542400
2021-04-20,33.6150016784668,33.810001373291016,33.279998779296875,33.39500045776367,32.27845001220703,3063400
2021-04-21,33.39500045776367,33.974998474121094,33.33000183105469,33.8650016784668,32.73273468017578,6292800
2021-04-22,33.9900016784668,34.21500015258789,33.720001220703125,33.79999923706055,32.66991424560547,6689000
2021-04-23,34.0,34.48500061035156,33.880001068115234,34.400001525878906,33.249847412109375,7110800
2021-04-26,34.470001220703125,34.810001373291016,34.404998779296875,34.4900016784668,33.336849212646484,4905000
2021-04-27,34.470001220703125,34.64500045776367,33.8849983215332,34.130001068115234,32.9888801574707,6292200
2021-04-28,33.76499938964844,34.21500015258789,33.45500183105469,33.7599983215332,32.631248474121094,9886600
2021-04-29,34.17499923706055,34.525001525878906,33.98500061035156,34.31999969482422,33.17253112792969,5802200
2021-04-30,33.93000030517578,34.09000015258789,33.435001373291016,33.66999816894531,32.544254302978516,7433400
2021-05-03,34.084999084472656,34.154998779296875,33.05500030517578,33.125,32.01748275756836,6772000
2021-05-04,32.95000076293945,33.119998931884766,32.540000915527344,33.03499984741211,31.930482864379883,9271200
2021-05-05,33.349998474121094,33.744998931884766,33.125,33.45000076293945,32.331607818603516,6540800
2021-05-06,33.34000015258789,33.59000015258789,32.900001525878906,33.474998474121094,32.355777740478516,5276800
2021-05-07,33.584999084472656,34.17499923706055,33.494998931884766,34.05500030517578,32.9163932800293,4212800
2021-05-10,34.060001373291016,34.165000915527344,33.529998779296875,33.529998779296875,32.408935546875,5650600
2021-05-11,32.84000015258789,33.220001220703125,32.595001220703125,33.154998779296875,32.04647445678711,5321800
2021-05-12,32.80500030517578,32.92499923706055,32.064998626708984,32.084999084472656,31.012252807617188,5099400
2021-05-13,32.29499816894531,32.8650016784668,32.16999816894531,32.650001525878906,31.558364868164062,3985000
2021-05-14,32.90999984741211,33.345001220703125,32.7400016784668,33.18000030517578,32.07063674926758,3173200
2021-05-17,33.01499938964844,33.290000915527344,32.8650016784668,33.25,32.138301849365234,3281600
2021-05-18,33.28499984741211,33.3650016784668,32.834999084472656,32.849998474121094,31.751670837402344,4407000
2021-05-19,32.415000915527344,33.0099983215332,32.2599983215332,32.970001220703125,31.867666244506836,4630000
2021-05-20,33.154998779296875,33.404998779296875,32.994998931884766,33.29499816894531,32.181793212890625,3564800
2021-05-21,33.45000076293945,33.665000915527344,33.0,33.17499923706055,32.0658073425293,7290200
2021-05-24,33.44499969482422,33.625,33.29999923706055,33.53499984741211,32.41376876831055,3215600
2021-05-25,33.66999816894531,33.78499984741211,33.435001373291016,33.47999954223633,32.3606071472168,3264200
2021-05-26,33.415000915527344,33.64500045776367,33.369998931884766,33.54999923706055,32.42826843261719,2966600
2021-05-27,33.72999954223633,33.845001220703125,33.564998626708984,33.595001220703125,32.47176742553711,4938800
2021-05-28,33.77000045776367,33.849998474121094,33.5,33.630001068115234,32.50558853149414,3926400
2021-06-01,33.900001525878906,34.1150016784668,33.77000045776367,33.79499816894531,32.66507339477539,4098600
2021-06-02,33.845001220703125,34.119998931884766,33.654998779296875,33.880001068115234,32.74724578857422,4858200
2021-06-03,33.665000915527344,34.119998931884766,33.46500015258789,34.02000045776367,32.8825569152832,4346000
2021-06-04,34.244998931884766,34.60499954223633,34.119998931884766,34.58000183105469,33.42384338378906,3404800
2021-06-07,34.58000183105469,34.665000915527344,33.95000076293945,34.095001220703125,32.955055236816406,3361000
2021-06-08,34.27000045776367,34.31999969482422,33.959999084472656,34.084999084472656,32.94538879394531,2501600
2021-06-09,34.19499969482422,34.20000076293945,33.95500183105469,34.06999969482422,32.930877685546875,3375000
2021-06-10,34.26499938964844,34.3650016784668,33.91999816894531,34.1349983215332,32.99370574951172,3659800
2021-06-11,34.25,34.345001220703125,33.994998931884766,34.224998474121094,33.0806999206543,6820000
2021-06-14,34.16999816894531,34.220001220703125,33.845001220703125,34.154998779296875,33.01304244995117,3306800
2021-06-15,34.10499954223633,34.32500076293945,34.095001220703125,34.21500015258789,33.07103729248047,3593800
2021-06-16,34.22999954223633,34.44499969482422,33.91999816894531,34.11000061035156,32.96955108642578,5381000
2021-06-17,34.06999969482422,34.185001373291016,33.43000030517578,33.69499969482422,32.568424224853516,5624600
2021-06-18,33.334999084472656,33.43000030517578,32.91999816894531,33.13999938964844,32.031982421875,8831200
2021-06-21,33.25,33.619998931884766,33.119998931884766,33.51499938964844,32.4654655456543,4689600
2021-06-22,33.47999954223633,33.869998931884766,33.33000183105469,33.76499938964844,32.70763397216797,6158600
2021-06-23,33.80500030517578,33.9900016784668,33.630001068115234,33.71500015258789,32.659202575683594,4624600
2021-06-24,33.96500015258789,34.10499954223633,33.7599983215332,34.02000045776367,32.954647064208984,3523800
2021-06-25,34.130001068115234,34.21500015258789,33.91999816894531,33.96500015258789,32.90137481689453,7208000
2021-06-28,34.13999938964844,34.23500061035156,33.834999084472656,34.20000076293945,33.12901306152344,4119400
2021-06-29,34.32500076293945,34.52000045776367,34.220001220703125,34.25,33.17744445800781,4314600
2021-06-30,34.18000030517578,34.38999938964844,34.040000915527344,34.20500183105469,33.13386154174805,5471000
2021-07-01,34.23500061035156,34.48500061035156,34.07500076293945,34.47999954223633,33.400245666503906,4776400
2021-07-02,34.71500015258789,35.154998779296875,34.69499969482422,34.974998474121094,33.87974166870117,6127600
2021-07-06,35.0,35.04999923706055,34.28499984741211,34.654998779296875,33.56976318359375,4643400
2021-07-07,34.70500183105469,34.95000076293945,34.3849983215332,34.91999816894531,33.82646942138672,3814000
2021-07-08,34.400001525878906,34.6349983215332,34.07500076293945,34.54999923706055,33.46805953979492,3965200
2021-07-09,34.849998474121094,35.19499969482422,34.595001220703125,35.154998779296875,34.05410385131836,4710600
2021-07-12,35.224998474121094,35.38999938964844,35.025001525878906,35.185001373291016,34.08316421508789,5888000
2021-07-13,34.98500061035156,35.29499816894531,34.93000030517578,34.96500015258789,33.870059967041016,5600400
2021-07-14,35.29499816894531,35.525001525878906,34.80500030517578,34.92499923706055,33.831298828125,5619200
2021-07-15,34.72999954223633,34.8650016784668,34.375,34.54499816894531,33.46320343017578,6790400
2021-07-16,34.685001373291016,34.834999084472656,33.94499969482422,34.01499938964844,32.94981384277344,12912600
2021-07-19,33.45500183105469,33.85499954223633,33.375,33.69499969482422,32.639835357666016,7327200
2021-07-20,33.89500045776367,34.46500015258789,33.744998931884766,34.30500030517578,33.2307243347168,4476800
2021-07-21,34.45500183105469,35.10499954223633,34.45000076293945,35.07500076293945,33.97661209106445,6925600
2021-07-22,35.16999816894531,35.314998626708984,34.814998626708984,35.01499938964844,33.918487548828125,4917400
2021-07-23,35.334999084472656,35.505001068115234,35.14500045776367,35.5,34.388309478759766,4193200
2021-07-26,35.415000915527344,35.560001373291016,35.220001220703125,35.369998931884766,34.26237487792969,4743600
2021-07-27,35.189998626708984,35.31999969482422,34.88999938964844,35.19499969482422,34.09284973144531,5632200
2021-07-28,35.32500076293945,35.849998474121094,35.20500183105469,35.3849983215332,34.27690124511719,9219800
2021-07-29,35.709999084472656,36.150001525878906,35.66999816894531,35.97999954223633,34.85326385498047,7079000
2021-07-30,35.82500076293945,36.30500030517578,35.78499984741211,36.244998931884766,35.10996627807617,4950000
2021-08-02,36.42499923706055,36.54499816894531,36.17499923706055,36.34000015258789,35.201995849609375,6475200
2021-08-03,36.47999954223633,36.994998931884766,36.435001373291016,36.915000915527344,35.758995056152344,7037600
2021-08-04,36.900001525878906,37.029998779296875,36.595001220703125,36.775001525878906,35.623374938964844,4358600
2021-08-05,36.88999938964844,36.97999954223633,36.619998931884766,36.84000015258789,35.68634033203125,3799400
2021-08-06,36.869998931884766,36.92499923706055,36.70500183105469,36.814998626708984,35.66211700439453,3058600
2021-08-09,36.67499923706055,36.86000061035156,36.560001373291016,36.71500015258789,35.565242767333984,2960200
2021-08-10,36.75,36.88999938964844,36.584999084472656,36.814998626708984,35.66211700439453,2683200
2021-08-11,36.7400016784668,36.8849983215332,36.654998779296875,36.86000061035156,35.705711364746094,2626600
2021-08-12,36.845001220703125,36.9900016784668,36.71500015258789,36.95500183105469,35.79774475097656,3641000
2021-08-13,36.915000915527344,37.05500030517578,36.83000183105469,36.994998931884766,35.83647918701172,2347400
2021-08-16,36.94499969482422,37.2599983215332,36.78499984741211,37.25,36.083499908447266,3120200
2021-08-17,37.119998931884766,37.119998931884766,36.685001373291016,37.05500030517578,35.89460372924805,4175000
2021-08-18,36.96500015258789,37.31999969482422,36.875,36.95500183105469,35.79774475097656,4703800
2021-08-19,36.67499923706055,37.130001068115234,36.52000045776367,37.060001373291016,35.899452209472656,4245400
2021-08-20,37.06999969482422,37.279998779296875,36.994998931884766,37.23500061035156,36.068965911865234,7365000
2021-08-23,37.400001525878906,37.70000076293945,37.244998931884766,37.630001068115234,36.451602935791016,3933200
2021-08-24,37.69499969482422,37.90999984741211,37.630001068115234,37.66999816894531,36.49034881591797,4966200
2021-08-25,37.64500045776367,37.95000076293945,37.619998931884766,37.88999938964844,36.70346450805664,2985600
2021-08-26,37.94499969482422,38.01499938964844,37.70000076293945,37.810001373291016,36.625972747802734,3120000
2021-08-27,37.96500015258789,38.5,37.95000076293945,38.375,37.17326354980469,4450600
2021-08-30,38.459999084472656,38.625,38.275001525878906,38.46500015258789,37.26044845581055,2536400
2021-08-31,38.525001525878906,38.525001525878906,38.060001373291016,38.314998626708984,37.115150451660156,4260800
2021-09-01,38.334999084472656,38.375,38.064998626708984,38.16999816894531,36.97468948364258,3967800
2021-09-02,38.334999084472656,38.439998626708984,38.13999938964844,38.41999816894531,37.21685791015625,3318800
2021-09-03,38.32500076293945,38.540000915527344,38.279998779296875,38.52000045776367,37.313724517822266,2656000
2021-09-07,38.415000915527344,38.47999954223633,37.970001220703125,37.9900016784668,36.800331115722656,3748800
2021-09-08,37.92499923706055,37.98500061035156,37.4900016784668,37.779998779296875,36.59690475463867,3842200
2021-09-09,37.755001068115234,38.02000045776367,37.599998474121094,37.61000061035156,36.43222427368164,4249800
2021-09-10,37.834999084472656,38.189998626708984,37.65999984741211,37.68000030517578,36.50003433227539,3767000
2021-09-13,37.94499969482422,38.060001373291016,37.58000183105469,37.959999084472656,36.771270751953125,6230400
2021-09-14,38.099998474121094,38.099998474121094,37.630001068115234,37.8650016784668,36.67924118041992,4072800
2021-09-15,37.779998779296875,38.2400016784668,37.779998779296875,38.20500183105469,37.00859451293945,4048000
2021-09-16,38.125,38.404998779296875,37.904998779296875,38.23500061035156,37.03765106201172,4077200
2021-09-17,38.060001373291016,38.209999084472656,37.70500183105469,37.86000061035156,36.674400329589844,9624600
2021-09-20,37.244998931884766,37.369998931884766,36.790000915527344,37.099998474121094,36.00715637207031,5801800
2021-09-21,37.349998474121094,37.349998474121094,36.67499923706055,36.935001373291016,35.84701156616211,4202400
2021-09-22,37.28499984741211,38.154998779296875,37.23500061035156,37.779998779296875,36.667118072509766,5234000
2021-09-23,37.98500061035156,38.61000061035156,37.91999816894531,38.52000045776367,37.385318756103516,3913400
2021-09-24,38.30500030517578,38.84000015258789,38.30500030517578,38.744998931884766,37.60369873046875,3077000
2021-09-27,38.58000183105469,38.845001220703125,38.42499923706055,38.6349983215332,37.49692916870117,4097400
2021-09-28,38.244998931884766,38.665000915527344,37.78499984741211,37.81999969482422,36.70594024658203,8309800
2021-09-29,37.95000076293945,38.084999084472656,37.209999084472656,37.27000045776367,36.172149658203125,8753600
2021-09-30,37.369998931884766,37.619998931884766,36.599998474121094,36.6150016784668,35.536434173583984,6879800
2021-10-01,36.82500076293945,37.505001068115234,36.51499938964844,37.30500030517578,36.206111907958984,5490400
2021-10-04,37.084999084472656,37.27000045776367,36.584999084472656,36.77000045776367,35.68687057495117,4299600
2021-10-05,36.970001220703125,37.525001525878906,36.80500030517578,37.29499816894531,36.19640350341797,3910200
2021-10-06,36.8650016784668,37.290000915527344,36.584999084472656,37.26499938964844,36.16728210449219,3587800
2021-10-07,37.6349983215332,38.025001525878906,37.6349983215332,37.79999923706055,36.68653106689453,2453600
2021-10-08,37.8849983215332,38.0099983215332,37.689998626708984,37.869998931884766,36.75446701049805,2681000
2021-10-11,37.7400016784668,37.97999954223633,37.525001525878906,37.53499984741211,36.42933654785156,2750800
2021-10-12,37.595001220703125,37.720001220703125,36.92499923706055,37.0,35.910099029541016,3231600
2021-10-13,37.0099983215332,37.279998779296875,36.71500015258789,37.21500015258789,36.11875915527344,4795600
2021-10-14,37.56999969482422,38.224998474121094,37.459999084472656,38.21500015258789,37.08930587768555,3304800
2021-10-15,38.415000915527344,38.564998626708984,38.255001068115234,38.53499984741211,37.39988327026367,4099800
2021-10-18,38.310001373291016,38.880001068115234,38.095001220703125,38.7400016784668,37.59884262084961,3062200
2021-10-19,39.0,39.04999923706055,38.66999816894531,38.915000915527344,37.76869583129883,2590200
2021-10-20,38.974998474121094,39.290000915527344,38.88999938964844,39.17499923706055,38.021026611328125,2909800
2021-10-21,39.18000030517578,39.86000061035156,39.18000030517578,39.744998931884766,38.57423400878906,4454600
2021-10-22,39.75,40.060001373291016,39.525001525878906,39.650001525878906,38.48203659057617,2806800
2021-10-25,39.709999084472656,39.79999923706055,39.36000061035156,39.560001373291016,38.39468765258789,3162000
2021-10-26,39.61000061035156,39.685001373291016,39.36000061035156,39.380001068115234,38.21999740600586,3958000
2021-10-27,38.599998474121094,38.95500183105469,37.80500030517578,37.8849983215332,36.769020080566406,6119800
2021-10-28,38.14500045776367,38.40999984741211,37.66999816894531,38.314998626708984,37.18635559082031,6744400
2021-10-29,38.150001525878906,38.625,38.099998474121094,38.3849983215332,37.25429153442383,3707600
2021-11-01,38.459999084472656,38.83000183105469,38.29999923706055,38.47999954223633,37.34649658203125,3899200
2021-11-02,38.459999084472656,39.349998474121094,38.459999084472656,38.91999816894531,37.773536682128906,4363000
2021-11-03,38.790000915527344,39.255001068115234,38.47999954223633,39.185001373291016,38.03073501586914,2685400
2021-11-04,39.36000061035156,39.564998626708984,39.07500076293945,39.560001373291016,38.39468765258789,2967200
2021-11-05,40.0,40.76499938964844,39.8849983215332,40.720001220703125,39.52052307128906,4487200
2021-11-08,41.0,41.16999816894531,40.619998931884766,40.82500076293945,39.62242126464844,4430400
2021-11-09,40.880001068115234,41.15999984741211,40.70000076293945,41.14500045776367,39.93300247192383,3381000
2021-11-10,40.875,41.279998779296875,40.79999923706055,41.14500045776367,39.93300247192383,4012600
2021-11-11,41.220001220703125,41.59000015258789,40.959999084472656,41.40999984741211,40.19019317626953,3871000
2021-11-12,41.58000183105469,42.19499969482422,41.30500030517578,42.0099983215332,40.77251434326172,3486600
2021-11-15,42.025001525878906,42.5,41.78499984741211,42.47999954223633,41.22866439819336,5201200
2021-11-16,42.35499954223633,42.810001373291016,42.28499984741211,42.52000045776367,41.267494201660156,6410800
2021-11-17,42.46500015258789,42.625,42.220001220703125,42.45000076293945,41.19955825805664,3764400
2021-11-18,42.529998779296875,42.685001373291016,41.97999954223633,42.380001068115234,41.13161849975586,2928800
2021-11-19,42.45000076293945,42.88999938964844,42.275001525878906,42.56999969482422,41.31602096557617,3308000
2021-11-22,42.71500015258789,43.025001525878906,42.095001220703125,42.130001068115234,40.888980865478516,3601600
2021-11-23,42.2400016784668,42.43000030517578,41.875,42.400001525878906,41.151039123535156,3619800
2021-11-24,42.209999084472656,42.400001525878906,41.82500076293945,42.150001525878906,40.90839767456055,4027800
2021-11-26,41.290000915527344,41.43000030517578,40.540000915527344,40.810001373291016,39.60786437988281,4451200
2021-11-29,41.209999084472656,41.84000015258789,41.16999816894531,41.46500015258789,40.24357604980469,4427400
2021-11-30,40.78499984741211,41.334999084472656,40.185001373291016,40.290000915527344,39.103187561035156,7974400
2021-12-01,41.09000015258789,41.459999084472656,39.974998474121094,39.994998931884766,38.816871643066406,5782800
2021-12-02,40.04999923706055,41.03499984741211,40.0099983215332,40.72999954223633,39.53022766113281,3931200
2021-12-03,41.060001373291016,41.42499923706055,40.4900016784668,40.834999084472656,39.63212203979492,5772800
2021-12-06,41.275001525878906,41.595001220703125,40.849998474121094,41.375,40.15622329711914,4234600
2021-12-07,41.92499923706055,42.130001068115234,41.68000030517578,41.92499923706055,40.69002151489258,3809400
2021-12-08,42.11000061035156,42.150001525878906,41.58000183105469,41.77000045776367,40.539588928222656,2667600
2021-12-09,41.494998931884766,41.775001525878906,41.4900016784668,41.55500030517578,40.33091735839844,2642600
2021-12-10,41.84000015258789,42.18000030517578,41.68000030517578,42.1349983215332,40.893829345703125,3910000
2021-12-13,42.125,42.16999816894531,41.42499923706055,41.79999923706055,40.56870651245117,4438600
2021-12-14,41.6349983215332,41.70000076293945,40.92499923706055,41.23500061035156,40.02035140991211,2964800
2021-12-15,41.35499954223633,42.21500015258789,41.084999084472656,42.185001373291016,40.94236373901367,4153600
2021-12-16,42.345001220703125,42.43000030517578,41.599998474121094,41.775001525878906,40.544437408447266,5026200
2021-12-17,41.61000061035156,42.040000915527344,41.08000183105469,41.2400016784668,40.02519607543945,7068800
2021-12-20,40.58000183105469,40.81999969482422,40.03499984741211,40.56999969482422,39.47064208984375,2889600
2021-12-21,40.97999954223633,41.54999923706055,40.845001220703125,41.529998779296875,40.40462875366211,2559400
2021-12-22,41.47999954223633,42.03499984741211,41.369998931884766,41.994998931884766,40.857032775878906,3406000
2021-12-23,42.165000915527344,42.82500076293945,42.1349983215332,42.529998779296875,41.377532958984375,2730600
2021-12-27,42.64500045776367,43.470001220703125,42.64500045776367,43.46500015258789,42.287200927734375,1939800
2021-12-28,43.5,43.689998626708984,43.279998779296875,43.560001373291016,42.37962341308594,2261400
2021-12-29,43.459999084472656,44.165000915527344,43.40999984741211,43.970001220703125,42.77851486206055,2377400
2021-12-30,44.040000915527344,44.224998474121094,43.44499969482422,43.5099983215332,42.33098220825195,1668800
2021-12-31,43.48500061035156,43.93000030517578,43.470001220703125,43.72999954223633,42.545013427734375,2427800
2022-01-03,43.900001525878906,44.0,43.19499969482422,43.25,42.078025817871094,3852600
2022-01-04,43.459999084472656,43.76499938964844,43.279998779296875,43.3849983215332,42.2093620300293,4343000
2022-01-05,43.3849983215332,43.599998474121094,42.540000915527344,42.560001373291016,41.40671920776367,3522800
2022-01-06,42.5099983215332,42.83000183105469,42.404998779296875,42.595001220703125,41.44077682495117,4033000
2022-01-07,41.68000030517578,42.05500030517578,40.94499969482422,41.060001373291016,39.9473762512207,6535800
2022-01-10,40.599998474121094,40.974998474121094,40.21500015258789,40.959999084472656,39.850074768066406,4771400
2022-01-11,40.959999084472656,41.314998626708984,40.470001220703125,41.30500030517578,40.185726165771484,3416400
2022-01-12,41.5,41.790000915527344,41.08000183105469,41.439998626708984,40.31706237792969,3727200
2022-01-13,41.400001525878906,41.595001220703125,40.80500030517578,40.93000030517578,39.820892333984375,3316600
2022-01-14,40.564998626708984,41.220001220703125,40.380001068115234,40.80500030517578,39.699275970458984,4938400
2022-01-18,40.369998931884766,40.369998931884766,39.689998626708984,39.92499923706055,38.84312438964844,3603200
2022-01-19,40.09000015258789,40.41999816894531,39.21500015258789,39.255001068115234,38.19127655029297,4643000
2022-01-20,39.3849983215332,39.91999816894531,38.89500045776367,38.95500183105469,37.8994140625,4541400
2022-01-21,39.01499938964844,39.45500183105469,38.45500183105469,38.51499938964844,37.47133255004883,6697200
2022-01-24,37.970001220703125,38.83000183105469,37.1150016784668,38.67499923706055,37.62699890136719,7415600
2022-01-25,38.040000915527344,38.35499954223633,37.28499984741211,38.005001068115234,36.975154876708984,8570800
2022-01-26,39.36000061035156,40.029998779296875,37.75,38.16999816894531,37.13567352294922,10673800
2022-01-27,38.76499938964844,39.17499923706055,37.28499984741211,37.51499938964844,36.49842834472656,10778400
2022-01-28,37.55500030517578,38.564998626708984,37.07500076293945,38.55500030517578,37.51024627685547,6076000
2022-01-31,38.5,39.85499954223633,38.310001373291016,39.79499816894531,38.71664810180664,6604000
2022-02-01,39.724998474121094,39.900001525878906,39.13999938964844,39.560001373291016,38.488014221191406,4854200
2022-02-02,39.65999984741211,40.275001525878906,39.57500076293945,40.224998474121094,39.1349983215332,5714200
2022-02-03,39.75,40.05500030517578,39.47999954223633,39.53499984741211,38.46369552612305,4653600
2022-02-04,39.380001068115234,39.79999923706055,38.83000183105469,39.380001068115234,38.312896728515625,3804200
2022-02-07,39.53499984741211,39.80500030517578,38.880001068115234,38.98500061035156,37.928592681884766,4318200
2022-02-08,38.95000076293945,39.39500045776367,38.529998779296875,39.32500076293945,38.25938415527344,5434000
2022-02-09,39.8650016784668,40.25,39.720001220703125,39.994998931884766,38.91122817993164,5216800
2022-02-10,39.3849983215332,39.935001373291016,38.5099983215332,38.79999923706055,37.74861526489258,5864400
2022-02-11,38.904998779296875,38.96500015258789,37.375,37.59000015258789,36.57139587402344,6483400
2022-02-14,37.540000915527344,38.095001220703125,37.30500030517578,37.654998779296875,36.63463592529297,5137400
2022-02-15,38.39500045776367,38.61000061035156,38.1349983215332,38.400001525878906,37.35944747924805,5091000
2022-02-16,38.150001525878906,38.6349983215332,37.84000015258789,38.474998474121094,37.43240737915039,6348000
2022-02-17,38.165000915527344,38.26499938964844,37.70500183105469,37.7400016784668,36.71733093261719,4922400
2022-02-18,37.71500015258789,38.29999923706055,37.67499923706055,38.1150016784668,37.08217239379883,10957200
2022-02-22,37.88999938964844,38.17499923706055,37.26499938964844,37.470001220703125,36.454654693603516,5718000
2022-02-23,37.70000076293945,37.875,36.68000030517578,36.834999084472656,35.836856842041016,6946400
2022-02-24,35.810001373291016,37.625,35.54999923706055,37.55500030517578,36.537349700927734,6617600
2022-02-25,37.60499954223633,38.470001220703125,37.42499923706055,38.42499923706055,37.38376235961914,4100000
2022-02-28,37.849998474121094,38.19499969482422,37.525001525878906,38.005001068115234,36.975154876708984,5904200
2022-03-01,37.98500061035156,37.98500061035156,36.755001068115234,37.060001373291016,36.05575942993164,4920600
2022-03-02,37.369998931884766,38.26499938964844,37.2400016784668,38.084999084472656,37.052978515625,5017200
2022-03-03,38.310001373291016,38.540000915527344,37.69499969482422,38.18000030517578,37.14541244506836,4668200
2022-03-04,37.71500015258789,38.33000183105469,37.47999954223633,38.1150016784668,37.08217239379883,4105000
2022-03-07,38.060001373291016,38.1150016784668,36.375,36.40999984741211,35.423370361328125,7362800
2022-03-08,36.380001068115234,37.279998779296875,35.85499954223633,36.27000045776367,35.28716278076172,8630000
2022-03-09,37.279998779296875,37.665000915527344,36.70000076293945,37.45500183105469,36.440059661865234,5728200
2022-03-10,36.845001220703125,37.45000076293945,36.560001373291016,37.1349983215332,36.12872314453125,4115000
2022-03-11,37.48500061035156,37.70000076293945,36.744998931884766,36.80500030517578,35.80766296386719,4592600
2022-03-14,37.06999969482422,37.34000015258789,35.52000045776367,35.744998931884766,34.776390075683594,7703000
2022-03-15,36.005001068115234,36.779998779296875,36.005001068115234,36.71500015258789,35.72010803222656,7591600
2022-03-16,37.06999969482422,37.82500076293945,36.76499938964844,37.6150016784668,36.59572219848633,4674800
2022-03-17,37.435001373291016,37.959999084472656,37.35499954223633,37.959999084472656,36.931373596191406,3943400
2022-03-18,38.220001220703125,38.5,37.72999954223633,38.369998931884766,37.330257415771484,11868600
2022-03-21,38.125,38.540000915527344,37.875,38.025001525878906,37.09127426147461,6392600
2022-03-22,37.845001220703125,38.154998779296875,37.79499816894531,37.849998474121094,36.920570373535156,11387200
2022-03-23,37.619998931884766,37.834999084472656,37.10499954223633,37.1150016784668,36.2036247253418,5491600
2022-03-24,37.32500076293945,37.71500015258789,37.16999816894531,37.709999084472656,36.78401184082031,4974400
2022-03-25,37.8849983215332,37.96500015258789,37.459999084472656,37.834999084472656,36.90594482421875,5335800
2022-03-28,37.845001220703125,37.98500061035156,37.51499938964844,37.904998779296875,36.974220275878906,4612400
2022-03-29,38.38999938964844,38.72999954223633,38.10499954223633,38.68000030517578,37.730194091796875,3622200
2022-03-30,38.53499984741211,38.665000915527344,38.21500015258789,38.35499954223633,37.413169860839844,3578400
2022-03-31,38.22999954223633,38.415000915527344,37.67499923706055,37.67499923706055,36.7498664855957,5232800
2022-04-01,38.0,38.154998779296875,37.2599983215332,37.78499984741211,36.857173919677734,4240400
2022-04-04,37.755001068115234,38.13999938964844,37.67499923706055,37.994998931884766,37.062007904052734,4950000
2022-04-05,37.880001068115234,37.95000076293945,37.084999084472656,37.19499969482422,36.28166198730469,4122400
2022-04-06,36.7599983215332,36.869998931884766,36.32500076293945,36.529998779296875,35.63298416137695,5251600
2022-04-07,36.494998931884766,37.14500045776367,36.310001373291016,36.98500061035156,36.07681655883789,4699800
2022-04-08,36.869998931884766,37.0099983215332,36.470001220703125,36.63999938964844,35.74028015136719,3304400
2022-04-11,36.41999816894531,36.525001525878906,35.80500030517578,35.869998931884766,34.98918914794922,4420600
2022-04-12,36.15999984741211,36.5,35.72999954223633,35.900001525878906,35.018463134765625,5720000
2022-04-13,35.915000915527344,36.095001220703125,35.775001525878906,35.95500183105469,35.07210922241211,4907200
2022-04-14,35.95500183105469,36.04999923706055,35.15999984741211,35.189998626708984,34.325897216796875,6106000
2022-04-18,35.06999969482422,35.51499938964844,34.92499923706055,35.21500015258789,34.350276947021484,6188800
2022-04-19,35.314998626708984,35.63999938964844,35.130001068115234,35.55500030517578,34.68193054199219,12284200
2022-04-20,35.93000030517578,36.6349983215332,35.93000030517578,36.27000045776367,35.379371643066406,5300200
2022-04-21,36.724998474121094,36.79499816894531,35.720001220703125,35.810001373291016,34.930667877197266,3813400
2022-04-22,35.59000015258789,35.8650016784668,34.685001373291016,34.720001220703125,33.86743927001953,4081000
2022-04-25,34.53499984741211,35.41999816894531,34.165000915527344,35.35499954223633,34.48684310913086,4703800
2022-04-26,35.16999816894531,35.279998779296875,34.244998931884766,34.275001525878906,33.43335723876953,5693600
2022-04-27,34.69499969482422,35.90999984741211,34.3650016784668,35.08000183105469,34.218597412109375,5461400
2022-04-28,35.665000915527344,36.939998626708984,35.470001220703125,36.775001525878906,35.87197494506836,7674200
2022-04-29,36.44499969482422,36.814998626708984,35.70000076293945,35.75,34.87213897705078,7644800
2022-05-02,35.70500183105469,36.08000183105469,34.935001373291016,35.79499816894531,34.91603469848633,5106600
2022-05-03,35.904998779296875,36.255001068115234,35.72999954223633,35.98500061035156,35.101375579833984,3855400
2022-05-04,36.07500076293945,37.0,35.73500061035156,36.970001220703125,36.06218719482422,4436400
2022-05-05,36.540000915527344,36.6150016784668,35.185001373291016,35.58000183105469,34.70631408691406,3357600
2022-05-06,35.2599983215332,35.40999984741211,34.56999969482422,35.209999084472656,34.34539794921875,4804600
2022-05-09,34.709999084472656,35.23500061035156,34.415000915527344,34.54499816894531,33.69673156738281,4898400
2022-05-10,35.16999816894531,35.27000045776367,34.07500076293945,34.52000045776367,33.672340393066406,4556400
2022-05-11,34.41999816894531,35.06999969482422,34.119998931884766,34.185001373291016,33.345577239990234,4727800
2022-05-12,33.994998931884766,34.47999954223633,33.70000076293945,34.314998626708984,33.47237777709961,4556200
2022-05-13,34.63999938964844,35.47999954223633,34.57500076293945,35.23500061035156,34.36978530883789,3819600
2022-05-16,34.880001068115234,35.095001220703125,34.494998931884766,34.77000045776367,33.916202545166016,3133600
2022-05-17,35.51499938964844,35.6349983215332,35.09000015258789,35.55500030517578,34.68193054199219,3598600
2022-05-18,35.099998474121094,35.369998931884766,33.89500045776367,33.98500061035156,33.150474548339844,4013400
2022-05-19,33.67499923706055,34.19499969482422,33.494998931884766,33.79499816894531,32.96514892578125,6403200
2022-05-20,34.189998626708984,34.26499938964844,33.35499954223633,34.21500015258789,33.37482833862305,5394200
2022-05-23,34.470001220703125,34.810001373291016,34.15999984741211,34.70000076293945,33.84791946411133,4250200
2022-05-24,34.5099983215332,34.70000076293945,33.880001068115234,34.494998931884766,33.64795684814453,3789400
2022-05-25,34.28499984741211,34.65999984741211,34.0,34.375,33.53090286254883,5315800
2022-05-26,34.525001525878906,35.165000915527344,34.30500030517578,34.959999084472656,34.10154342651367,4431000
2022-05-27,35.369998931884766,35.88999938964844,35.369998931884766,35.665000915527344,34.78922653198242,6475600
2022-05-31,35.44499969482422,35.720001220703125,34.9900016784668,35.43000030517578,34.55999755859375,7559200
2022-06-01,35.5,35.6150016784668,34.45500183105469,34.63999938964844,33.789398193359375,5932200
2022-06-02,34.73500061035156,36.0099983215332,34.56999969482422,35.9900016784668,35.10624694824219,3711000
2022-06-03,35.5,35.654998779296875,35.279998779296875,35.439998626708984,34.56975173950195,4054000
2022-06-06,35.79999923706055,36.220001220703125,35.53499984741211,35.625,34.750213623046875,3196800
2022-06-07,35.29999923706055,35.82500076293945,35.15999984741211,35.79499816894531,34.91603469848633,3292000
2022-06-08,35.51499938964844,35.70500183105469,35.13999938964844,35.25,34.38441848754883,2650800
2022-06-09,35.08000183105469,35.334999084472656,34.5099983215332,34.56999969482422,33.72111892700195,2947200
2022-06-10,33.959999084472656,34.18000030517578,33.39500045776367,33.775001525878906,32.945640563964844,4857000
2022-06-13,33.04499816894531,33.36000061035156,32.47999954223633,32.61000061035156,31.809247970581055,5579600
2022-06-14,32.78499984741211,33.0099983215332,32.5,32.76499938964844,31.960437774658203,5036400
2022-06-15,33.07500076293945,33.560001373291016,32.56999969482422,33.060001373291016,32.24819564819336,4195800
2022-06-16,32.23500061035156,32.31999969482422,30.950000762939453,31.2549991607666,30.487516403198242,4922200
2022-06-17,31.235000610351562,31.735000610351562,30.834999084472656,31.450000762939453,30.776201248168945,7595600
2022-06-21,32.01499938964844,32.01499938964844,31.489999771118164,31.704999923706055,31.025733947753906,5201800
2022-06-22,31.40999984741211,31.9950008392334,31.290000915527344,31.674999237060547,30.99637794494629,6180600
2022-06-23,31.780000686645508,32.05500030517578,31.475000381469727,32.01499938964844,31.329092025756836,4160800
2022-06-24,32.439998626708984,32.970001220703125,32.314998626708984,32.92499923706055,32.21959686279297,6622400
2022-06-27,32.959999084472656,33.345001220703125,32.67499923706055,33.060001373291016,32.351707458496094,5087800
2022-06-28,33.23500061035156,33.44499969482422,32.30500030517578,32.36000061035156,31.66670799255371,3523400
2022-06-29,32.439998626708984,32.439998626708984,31.649999618530273,32.185001373291016,31.495452880859375,4113800
2022-06-30,31.739999771118164,32.48500061035156,31.645000457763672,32.189998626708984,31.500343322753906,4629400
2022-07-01,31.96500015258789,32.30500030517578,31.450000762939453,31.875,31.19209098815918,3889400
2022-07-05,31.325000762939453,31.985000610351562,30.889999389648438,31.975000381469727,31.28995132446289,4474400
2022-07-06,32.14500045776367,32.5,31.93000030517578,32.22999954223633,31.539485931396484,4518600
2022-07-07,32.5,33.0099983215332,32.30500030517578,32.90999984741211,32.204925537109375,5137600
2022-07-08,32.78499984741211,33.1150016784668,32.54999923706055,32.939998626708984,32.234275817871094,3488000
2022-07-11,32.64500045776367,32.80500030517578,32.375,32.48500061035156,31.789030075073242,3246200
2022-07-12,32.5099983215332,32.7400016784668,32.07500076293945,32.189998626708984,31.500343322753906,4003200
2022-07-13,31.639999389648438,32.314998626708984,31.540000915527344,32.084999084472656,31.397594451904297,2470800
2022-07-14,32.119998931884766,32.415000915527344,31.584999084472656,32.369998931884766,31.676483154296875,3403200
2022-07-15,32.869998931884766,33.084999084472656,32.584999084472656,33.060001373291016,32.351707458496094,3164600
2022-07-18,33.19499969482422,33.34000015258789,32.47999954223633,32.61000061035156,31.91135025024414,2534000
2022-07-19,33.029998779296875,33.875,33.029998779296875,33.82500076293945,33.10031509399414,3347000
2022-07-20,33.790000915527344,34.470001220703125,33.72999954223633,34.349998474121094,33.61406326293945,2990200
2022-07-21,34.474998474121094,34.974998474121094,34.31999969482422,34.974998474121094,34.225677490234375,3015400
2022-07-22,35.0,35.25,34.6349983215332,34.90999984741211,34.16206741333008,3848200
2022-07-25,34.970001220703125,34.9900016784668,34.4900016784668,34.79499816894531,34.04953384399414,2856600
2022-07-26,34.81999969482422,34.91999816894531,34.5,34.76499938964844,34.020179748535156,3960600
2022-07-27,35.7400016784668,37.43000030517578,35.70000076293945,37.21500015258789,36.417686462402344,6711000
2022-07-28,37.45500183105469,38.505001068115234,37.310001373291016,38.35499954223633,37.53326416015625,5363800
2022-07-29,38.27000045776367,38.709999084472656,38.1349983215332,38.564998626708984,37.738765716552734,6845600
2022-08-01,38.084999084472656,38.810001373291016,38.084999084472656,38.2599983215332,37.44029235839844,4924200
2022-08-02,38.0,38.654998779296875,37.974998474121094,38.220001220703125,37.401161193847656,4486800
2022-08-03,38.34000015258789,38.79999923706055,38.18000030517578,38.599998474121094,37.77301025390625,4120000
2022-08-04,38.67499923706055,38.88999938964844,38.56999969482422,38.755001068115234,37.9246940612793,3242600
2022-08-05,38.310001373291016,38.79499816894531,38.189998626708984,38.77000045776367,37.93936538696289,2702000
2022-08-08,38.959999084472656,39.1349983215332,38.67499923706055,38.790000915527344,37.95895004272461,3156600
2022-08-09,38.4900016784668,38.630001068115234,38.09000015258789,38.189998626708984,37.37179946899414,2458000
2022-08-10,38.96500015258789,39.349998474121094,38.744998931884766,39.165000915527344,38.32591247558594,3745600
2022-08-11,39.22999954223633,39.494998931884766,38.89500045776367,38.94499969482422,38.11062240600586,2741600
2022-08-12,39.14500045776367,39.76499938964844,39.10499954223633,39.7400016784668,38.88859176635742,2666800
2022-08-15,39.4900016784668,40.185001373291016,39.4900016784668,39.814998626708984,38.96198272705078,2488400
2022-08-16,39.720001220703125,39.95500183105469,39.6150016784668,39.78499984741211,38.93262481689453,2108200
2022-08-17,39.48500061035156,39.994998931884766,39.27000045776367,39.81999969482422,38.96687316894531,3838800
2022-08-18,40.0099983215332,40.21500015258789,39.84000015258789,40.06999969482422,39.21151351928711,2887800
2022-08-19,39.81999969482422,39.90999984741211,39.375,39.60499954223633,38.75647735595703,3369400
2022-08-22,38.91999816894531,39.13999938964844,38.59000015258789,38.709999084472656,37.88065719604492,2187600
2022-08-23,38.71500015258789,39.07500076293945,38.650001525878906,38.75,37.91980743408203,2121200
2022-08-24,38.689998626708984,38.77000045776367,38.459999084472656,38.52000045776367,37.69472885131836,2167200
2022-08-25,38.73500061035156,39.189998626708984,38.65999984741211,39.185001373291016,38.34547805786133,2494000
2022-08-26,39.17499923706055,39.224998474121094,37.69499969482422,37.73500061035156,36.926544189453125,2626400
2022-08-29,37.400001525878906,37.77000045776367,37.35499954223633,37.380001068115234,36.57915496826172,1966400
2022-08-30,37.51499938964844,37.560001373291016,36.90999984741211,37.084999084472656,36.29046630859375,2687200
2022-08-31,37.165000915527344,37.279998779296875,36.73500061035156,36.76499938964844,35.977325439453125,3202600
2022-09-01,36.599998474121094,36.755001068115234,36.1150016784668,36.724998474121094,35.93818283081055,2868200
2022-09-02,37.31999969482422,37.459999084472656,36.10499954223633,36.290000915527344,35.512508392333984,2333400
2022-09-06,36.404998779296875,36.70000076293945,36.04499816894531,36.40999984741211,35.62993240356445,3398200
2022-09-07,36.505001068115234,37.2400016784668,36.45000076293945,37.125,36.32961654663086,3100000
2022-09-08,36.91999816894531,37.45500183105469,36.724998474121094,37.439998626708984,36.63785934448242,2607600
2022-09-09,37.689998626708984,38.13999938964844,37.56999969482422,37.95000076293945,37.136940002441406,2820800
2022-09-12,38.084999084472656,38.20000076293945,37.810001373291016,38.20000076293945,37.3815803527832,5535800
2022-09-13,37.41999816894531,37.70500183105469,36.970001220703125,37.099998474121094,36.30514907836914,4991600
2022-09-14,37.099998474121094,37.19499969482422,36.61000061035156,36.96500015258789,36.173038482666016,3288800
2022-09-15,36.94499969482422,37.08000183105469,36.404998779296875,36.44499969482422,35.6641845703125,3096200
2022-09-16,36.040000915527344,36.48500061035156,35.779998779296875,36.3650016784668,35.585899353027344,7017200
2022-09-19,35.9900016784668,36.60499954223633,35.91999816894531,36.584999084472656,35.89990234375,4536600
2022-09-20,36.27000045776367,36.31999969482422,35.75,36.07500076293945,35.39945602416992,5816600
2022-09-21,36.22999954223633,36.95000076293945,35.89500045776367,35.904998779296875,35.23263931274414,4548400
2022-09-22,35.76499938964844,35.814998626708984,34.7599983215332,34.775001525878906,34.12379837036133,3962400
2022-09-23,34.599998474121094,34.599998474121094,33.900001525878906,34.415000915527344,33.770538330078125,6061600
2022-09-26,34.310001373291016,34.775001525878906,34.005001068115234,34.14500045776367,33.50559616088867,3356600
2022-09-27,34.560001373291016,34.689998626708984,33.8650016784668,34.14500045776367,33.50559616088867,5033600
2022-09-28,34.15999984741211,34.8650016784668,33.91999816894531,34.689998626708984,34.04038619995117,3872600
2022-09-29,34.30500030517578,34.30500030517578,33.67499923706055,33.959999084472656,33.324058532714844,3241600
2022-09-30,33.83000183105469,34.34000015258789,33.435001373291016,33.47999954223633,32.853050231933594,4665800
2022-10-03,33.869998931884766,34.89500045776367,33.709999084472656,34.69499969482422,34.0452995300293,3820000
2022-10-04,35.36000061035156,35.83000183105469,35.29999923706055,35.80500030517578,35.13451385498047,4617400
2022-10-05,35.34000015258789,36.15999984741211,35.290000915527344,35.939998626708984,35.26698303222656,3252400
2022-10-06,35.994998931884766,36.57500076293945,35.92499923706055,36.20000076293945,35.522117614746094,4618200
2022-10-07,35.68000030517578,35.744998931884766,34.915000915527344,35.084999084472656,34.4279899597168,4645600
2022-10-10,35.40999984741211,35.474998474121094,34.375,34.65999984741211,34.010955810546875,3148000
2022-10-11,34.474998474121094,34.540000915527344,33.68000030517578,33.84000015258789,33.2063102722168,4292600
2022-10-12,33.98500061035156,34.064998626708984,33.55500030517578,33.57500076293945,32.94626998901367,3425000
2022-10-13,32.845001220703125,34.82500076293945,32.60499954223633,34.630001068115234,33.98152160644531,5381800
2022-10-14,34.939998626708984,35.08000183105469,33.474998474121094,33.525001525878906,32.89720916748047,4168200
2022-10-17,34.13999938964844,34.83000183105469,34.13999938964844,34.685001373291016,34.03548812866211,4495600
2022-10-18,35.70500183105469,35.88999938964844,34.685001373291016,35.03499984741211,34.37893295288086,4816000
2022-10-19,34.69499969482422,35.09000015258789,34.630001068115234,35.04499816894531,34.388736724853516,4063000
2022-10-20,35.459999084472656,35.459999084472656,34.31999969482422,34.56999969482422,33.922630310058594,5758400
2022-10-21,34.494998931884766,35.92499923706055,34.494998931884766,35.775001525878906,35.10507583618164,5250800
2022-10-24,35.790000915527344,36.15999984741211,35.334999084472656,35.81999969482422,35.14923095703125,6302400
2022-10-25,35.60499954223633,36.45000076293945,35.60499954223633,36.375,35.693843841552734,5647600
2022-10-26,36.5,36.994998931884766,35.70500183105469,36.595001220703125,35.90971755981445,7385800
2022-10-27,36.8849983215332,37.185001373291016,36.5099983215332,36.94499969482422,36.2531623840332,7170400
2022-10-28,37.154998779296875,38.345001220703125,37.1349983215332,38.21500015258789,37.499385833740234,5418800
2022-10-31,37.970001220703125,38.40999984741211,37.869998931884766,37.915000915527344,37.204994201660156,4964800
2022-11-01,38.2599983215332,38.54499816894531,37.70000076293945,38.3849983215332,37.66619873046875,5904600
2022-11-02,38.095001220703125,38.334999084472656,36.974998474121094,37.01499938964844,36.32185363769531,5387600
2022-11-03,36.52000045776367,37.34000015258789,36.34000015258789,37.125,36.42979049682617,5144000
2022-11-04,37.79499816894531,38.20500183105469,37.20500183105469,38.1349983215332,37.420875549316406,5406200
2022-11-07,38.25,38.25,37.66999816894531,37.91999816894531,37.209903717041016,5482400
2022-11-08,38.03499984741211,38.29999923706055,37.59000015258789,37.974998474121094,37.26388168334961,4643400
2022-11-09,37.77000045776367,37.959999084472656,37.119998931884766,37.2400016784668,36.542640686035156,3696000
2022-11-10,38.5,39.58000183105469,38.36000061035156,39.529998779296875,38.78975296020508,6567000
2022-11-11,39.755001068115234,40.11000061035156,39.44499969482422,39.65999984741211,38.91731643676758,5422200
2022-11-14,39.560001373291016,40.040000915527344,39.32500076293945,39.334999084472656,38.598411560058594,4174400
2022-11-15,40.099998474121094,40.31999969482422,39.33000183105469,39.849998474121094,39.103763580322266,4578200
2022-11-16,39.72999954223633,40.029998779296875,39.45500183105469,39.54999923706055,38.80937957763672,3467000
2022-11-17,38.95000076293945,39.52000045776367,38.814998626708984,39.46500015258789,38.72597885131836,2713800
2022-11-18,40.04499816894531,40.099998474121094,39.505001068115234,39.85499954223633,39.10866928100586,3770400
2022-11-21,39.65999984741211,40.02000045776367,39.584999084472656,39.78499984741211,39.03997802734375,4360400
2022-11-22,39.6349983215332,40.119998931884766,39.494998931884766,40.040000915527344,39.29021072387695,6554800
2022-11-23,40.1349983215332,40.42499923706055,39.91999816894531,40.03499984741211,39.28530502319336,2999200
2022-11-25,40.0,40.34000015258789,39.8650016784668,40.16999816894531,39.41777420043945,1587400
2022-11-28,39.85499954223633,39.8849983215332,38.71500015258789,38.90999984741211,38.181365966796875,4622800
2022-11-29,38.904998779296875,39.1349983215332,38.474998474121094,38.70000076293945,37.975303649902344,3327800
2022-11-30,38.75,40.220001220703125,38.58000183105469,40.21500015258789,39.46192932128906,5474600
2022-12-01,40.5,40.654998779296875,40.119998931884766,40.435001373291016,39.67781066894531,3311600
2022-12-02,39.91999816894531,40.44499969482422,39.709999084472656,40.310001373291016,39.555152893066406,2680600
2022-12-05,39.994998931884766,40.040000915527344,39.435001373291016,39.7400016784668,38.99582290649414,4107600
2022-12-06,39.724998474121094,39.81999969482422,38.880001068115234,39.1349983215332,38.40214920043945,2444600
2022-12-07,38.994998931884766,39.345001220703125,38.78499984741211,39.029998779296875,38.29911804199219,3031200
2022-12-08,39.314998626708984,39.81999969482422,39.244998931884766,39.775001525878906,39.03016662597656,4553200
2022-12-09,39.689998626708984,39.8650016784668,39.220001220703125,39.255001068115234,38.5199089050293,2823400
2022-12-12,39.30500030517578,40.10499954223633,39.20000076293945,40.095001220703125,39.34417724609375,4761000
2022-12-13,41.0,41.369998931884766,40.380001068115234,40.98500061035156,40.217506408691406,7147800
2022-12-14,40.95500183105469,41.43000030517578,40.34000015258789,40.86000061035156,40.094852447509766,6692800
2022-12-15,40.23500061035156,40.29499816894531,39.02000045776367,39.07500076293945,38.34327697753906,4398800
2022-12-16,38.724998474121094,39.04499816894531,38.44499969482422,38.83000183105469,38.102867126464844,9122200
2022-12-19,38.689998626708984,38.81999969482422,37.779998779296875,37.974998474121094,37.36491775512695,4433200
2022-12-20,37.970001220703125,38.31999969482422,37.8650016784668,38.1150016784668,37.50266647338867,4941400
2022-12-21,38.3849983215332,38.595001220703125,38.099998474121094,38.38999938964844,37.77324676513672,3649000
2022-12-22,37.974998474121094,38.150001525878906,37.369998931884766,38.029998779296875,37.41903305053711,3697600
2022-12-23,37.959999084472656,38.084999084472656,37.5099983215332,37.904998779296875,37.29603958129883,2791000
2022-12-27,37.974998474121094,38.369998931884766,37.665000915527344,38.17499923706055,37.56169509887695,3113400
2022-12-28,38.099998474121094,38.34000015258789,37.3650016784668,37.44499969482422,36.84342956542969,2285200
2022-12-29,37.78499984741211,38.540000915527344,37.78499984741211,38.310001373291016,37.69453430175781,2254600
2022-12-30,38.005001068115234,38.130001068115234,37.6349983215332,38.06999969482422,37.45838928222656,2486200
2023-01-03,38.35499954223633,38.439998626708984,37.75,38.20000076293945,37.58629608154297,5085200
2023-01-04,38.724998474121094,38.96500015258789,38.28499984741211,38.76499938964844,38.1422233581543,4263200
2023-01-05,38.40999984741211,38.69499969482422,38.23500061035156,38.349998474121094,37.73388671875,6826400
2023-01-06,38.9900016784668,39.560001373291016,38.69499969482422,39.28499984741211,38.653873443603516,3642200
2023-01-09,39.529998779296875,40.209999084472656,39.31999969482422,39.560001373291016,38.92445373535156,3944800
2023-01-10,39.564998626708984,39.82500076293945,39.36000061035156,39.650001525878906,39.013004302978516,2946600
2023-01-11,39.91999816894531,40.349998474121094,39.78499984741211,40.34000015258789,39.69192123413086,4276400
2023-01-12,40.42499923706055,40.790000915527344,40.07500076293945,40.45000076293945,39.80015563964844,4151000
2023-01-13,40.154998779296875,40.40999984741211,39.880001068115234,40.185001373291016,39.539405822753906,4139400
2023-01-17,40.25,40.790000915527344,40.209999084472656,40.345001220703125,39.696842193603516,4026800
2023-01-18,40.53499984741211,40.70000076293945,39.369998931884766,39.45500183105469,38.821136474609375,7374000
2023-01-19,39.20500183105469,39.314998626708984,38.400001525878906,38.689998626708984,38.06842803955078,5372800
2023-01-20,38.849998474121094,39.04499816894531,38.5099983215332,39.03499984741211,38.40788269042969,5883000
2023-01-23,39.07500076293945,39.79499816894531,38.900001525878906,39.45500183105469,38.821136474609375,4743600
2023-01-24,39.400001525878906,39.98500061035156,38.98500061035156,39.720001220703125,39.081878662109375,4968800
2023-01-25,37.46500015258789,39.7599983215332,37.25,39.68000030517578,39.04252624511719,7761000
2023-01-26,39.76499938964844,39.84000015258789,38.93000030517578,39.19499969482422,38.56531524658203,5834600
2023-01-27,38.76499938964844,39.69499969482422,38.57500076293945,39.32500076293945,38.69322967529297,5188600
2023-01-30,39.11000061035156,39.494998931884766,39.0099983215332,39.14500045776367,38.51611328125,3428600
2023-01-31,39.13999938964844,39.900001525878906,39.0,39.8849983215332,39.244224548339844,3985200
2023-02-01,39.75,40.775001525878906,39.625,40.56999969482422,39.9182243347168,4589000
2023-02-02,40.904998779296875,41.25,40.61000061035156,41.04499816894531,40.38559341430664,5367600
2023-02-03,40.630001068115234,41.224998474121094,40.57500076293945,40.810001373291016,40.15437698364258,5825400
2023-02-06,40.494998931884766,41.0,40.33000183105469,40.900001525878906,40.242923736572266,4533600
2023-02-07,40.66999816894531,40.779998779296875,39.880001068115234,40.67499923706055,40.02153396606445,6542400
2023-02-08,40.40999984741211,40.95500183105469,40.29499816894531,40.63999938964844,39.987098693847656,5225600
2023-02-09,41.01499938964844,41.040000915527344,40.005001068115234,40.15999984741211,39.51481246948242,5260200
2023-02-10,39.95500183105469,40.04499816894531,39.595001220703125,39.93000030517578,39.288509368896484,4339400
2023-02-13,40.064998626708984,40.650001525878906,40.02000045776367,40.55500030517578,39.90346908569336,4141200
2023-02-14,40.3650016784668,40.744998931884766,40.06999969482422,40.3650016784668,39.71651840209961,4264200
2023-02-15,40.17499923706055,40.77000045776367,40.17499923706055,40.72999954223633,40.075653076171875,6331200
2023-02-16,40.26499938964844,40.939998626708984,40.26499938964844,40.68000030517578,40.02646255493164,5853800
2023-02-17,40.46500015258789,40.744998931884766,40.345001220703125,40.51499938964844,39.86410903930664,3451600
2023-02-21,40.040000915527344,40.10499954223633,38.91999816894531,38.959999084472656,38.33408737182617,5018400
2023-02-22,38.90999984741211,39.07500076293945,38.474998474121094,38.595001220703125,37.974952697753906,5182400
2023-02-23,38.959999084472656,38.994998931884766,38.29499816894531,38.81999969482422,38.19633483886719,4585000
2023-02-24,38.310001373291016,38.459999084472656,38.11000061035156,38.2599983215332,37.64533996582031,4395000
2023-02-27,38.654998779296875,38.92499923706055,38.470001220703125,38.47999954223633,37.86180114746094,3518600
2023-02-28,38.375,39.01499938964844,38.23500061035156,38.7599983215332,38.13730239868164,6641000
2023-03-01,38.70000076293945,39.19499969482422,38.66999816894531,38.85499954223633,38.23077392578125,6366800
2023-03-02,38.709999084472656,39.220001220703125,38.560001373291016,39.18000030517578,38.55055618286133,3361400
2023-03-03,39.43000030517578,39.71500015258789,39.125,39.58000183105469,38.94413375854492,3572200
2023-03-06,39.79499816894531,39.93000030517578,39.47999954223633,39.564998626708984,38.92936706542969,4183800
2023-03-07,39.61000061035156,39.61000061035156,38.91999816894531,39.07500076293945,38.447242736816406,4373200
2023-03-08,39.224998474121094,39.685001373291016,39.07500076293945,39.650001525878906,39.013004302978516,5018600
2023-03-09,39.79499816894531,39.94499969482422,38.900001525878906,38.974998474121094,38.348854064941406,4490200
2023-03-10,39.04499816894531,39.10499954223633,37.9900016784668,38.25,37.635494232177734,3942600
2023-03-13,37.97999954223633,38.51499938964844,37.650001525878906,38.125,37.51250457763672,4854400
2023-03-14,38.650001525878906,39.154998779296875,38.2599983215332,38.79999923706055,38.176658630371094,5484000
2023-03-15,38.20000076293945,38.20000076293945,37.3849983215332,38.02000045776367,37.40918731689453,5402400
2023-03-16,38.005001068115234,38.90999984741211,37.7599983215332,38.86000061035156,38.235694885253906,4162000
2023-03-17,38.904998779296875,38.96500015258789,38.150001525878906,38.39500045776367,37.77816390991211,9456800
2023-03-20,38.3849983215332,38.970001220703125,38.30500030517578,38.834999084472656,38.31588363647461,4628200
2023-03-21,39.244998931884766,39.400001525878906,38.86000061035156,39.185001373291016,38.661197662353516,4364800
2023-03-22,39.07500076293945,39.474998474121094,38.775001525878906,38.814998626708984,38.296146392822266,5306200
2023-03-23,38.95000076293945,39.974998474121094,38.83000183105469,39.189998626708984,38.666133880615234,5784400
2023-03-24,39.16999816894531,39.31999969482422,38.6150016784668,39.30500030517578,38.779598236083984,4415800
2023-03-27,39.39500045776367,39.63999938964844,39.099998474121094,39.14500045776367,38.621734619140625,4767400
2023-03-28,39.05500030517578,39.154998779296875,38.834999084472656,39.04499816894531,38.5230712890625,4601200
2023-03-29,39.474998474121094,40.005001068115234,39.314998626708984,39.904998779296875,39.37157440185547,4438000
2023-03-30,40.15999984741211,40.35499954223633,39.974998474121094,40.33000183105469,39.790897369384766,5310600
2023-03-31,40.45000076293945,40.900001525878906,40.404998779296875,40.86000061035156,40.31381607055664,5347400
2023-04-03,40.584999084472656,40.76499938964844,40.375,40.61000061035156,40.06715393066406,5360400
2023-04-04,40.505001068115234,40.68000030517578,39.70500183105469,39.814998626708984,39.28277587890625,5911200
2023-04-05,39.58000183105469,39.654998779296875,38.8650016784668,39.025001525878906,38.50334930419922,4674600
2023-04-06,38.77000045776367,39.0,38.55500030517578,38.81999969482422,38.30107879638672,3632400
2023-04-10,38.52000045776367,39.224998474121094,38.3849983215332,39.209999084472656,38.68586349487305,3642200
2023-04-11,39.244998931884766,39.44499969482422,39.09000015258789,39.099998474121094,38.57733917236328,2941600
2023-04-12,39.3849983215332,39.60499954223633,38.935001373291016,39.05500030517578,38.53294372558594,5127000
2023-04-13,39.22999954223633,39.439998626708984,38.89500045776367,39.32500076293945,38.79933166503906,4043800
2023-04-14,39.32500076293945,39.59000015258789,38.83000183105469,39.06999969482422,38.5477409362793,4580600
2023-04-17,38.970001220703125,39.33000183105469,38.915000915527344,39.314998626708984,38.78946304321289,4779200
2023-04-18,39.63999938964844,39.72999954223633,38.994998931884766,39.209999084472656,38.68586349487305,3936400
2023-04-19,38.7400016784668,38.845001220703125,38.3849983215332,38.67499923706055,38.158016204833984,7167200
2023-04-20,38.47999954223633,38.77000045776367,38.21500015258789,38.58000183105469,38.06429672241211,5728400
2023-04-21,38.55500030517578,38.689998626708984,38.165000915527344,38.41999816894531,37.90642547607422,4522200
2023-04-24,38.3650016784668,38.6150016784668,38.33000183105469,38.5,37.9853630065918,6724800
2023-04-25,38.380001068115234,38.404998779296875,37.39500045776367,37.435001373291016,36.93459701538086,7824200
2023-04-26,36.8849983215332,37.17499923706055,36.0,36.95500183105469,36.46100997924805,10278800
2023-04-27,36.86000061035156,37.529998779296875,36.525001525878906,37.39500045776367,36.8951301574707,10047800
2023-04-28,37.36000061035156,37.76499938964844,37.36000061035156,37.73500061035156,37.23058319091797,6615800
2023-05-01,37.744998931884766,38.30500030517578,37.70500183105469,38.220001220703125,37.709110260009766,4208800
2023-05-02,38.10499954223633,38.23500061035156,37.375,37.68000030517578,37.17631912231445,5972200
2023-05-03,37.89500045776367,38.03499984741211,37.36000061035156,37.415000915527344,36.91486358642578,5624000
2023-05-04,37.23500061035156,37.4900016784668,36.939998626708984,37.290000915527344,36.791534423828125,5867800
2023-05-05,37.70000076293945,37.959999084472656,37.505001068115234,37.85499954223633,37.34898376464844,4588600
2023-05-08,38.029998779296875,38.17499923706055,37.494998931884766,37.67499923706055,37.17138671875,2680800
2023-05-09,37.470001220703125,37.744998931884766,37.349998474121094,37.595001220703125,37.09245681762695,3095600
2023-05-10,38.0,38.05500030517578,37.224998474121094,37.72999954223633,37.225650787353516,4412200
2023-05-11,37.755001068115234,37.779998779296875,37.39500045776367,37.560001373291016,37.057926177978516,6760800
2023-05-12,37.755001068115234,37.82500076293945,37.20500183105469,37.54999923706055,37.048057556152344,6605000
2023-05-15,37.63999938964844,37.900001525878906,37.220001220703125,37.869998931884766,37.3637809753418,6885000
2023-05-16,37.66999816894531,37.79499816894531,37.349998474121094,37.375,36.87540054321289,4274800
2023-05-17,37.6150016784668,37.814998626708984,37.21500015258789,37.73500061035156,37.23058319091797,5657000
2023-05-18,37.720001220703125,38.16999816894531,37.625,38.06999969482422,37.56110763549805,5932000
2023-05-19,38.01499938964844,38.20000076293945,37.84000015258789,37.900001525878906,37.39338302612305,4923000
2023-05-22,37.869998931884766,38.29499816894531,37.66999816894531,38.14500045776367,37.63510513305664,3379200
2023-05-23,37.810001373291016,37.970001220703125,37.32500076293945,37.33000183105469,36.83100509643555,4539000
2023-05-24,37.06999969482422,37.1349983215332,36.3849983215332,36.48500061035156,35.99729537963867,9083800
2023-05-25,36.904998779296875,37.13999938964844,36.650001525878906,36.970001220703125,36.47581100463867,18997800
2023-05-26,37.244998931884766,38.45500183105469,37.2400016784668,38.30500030517578,37.79296112060547,12798000
2023-05-30,38.63999938964844,38.78499984741211,38.30500030517578,38.3849983215332,37.87189483642578,7579000
2023-05-31,38.084999084472656,38.310001373291016,37.560001373291016,37.724998474121094,37.2207145690918,15452400
2023-06-01,37.790000915527344,37.95500183105469,37.23500061035156,37.90999984741211,37.40324401855469,6905400
2023-06-02,38.244998931884766,38.92499923706055,38.13999938964844,38.78499984741211,38.26655197143555,4236200
2023-06-05,38.810001373291016,38.810001373291016,38.25,38.349998474121094,37.83736038208008,4357600
2023-06-06,38.40999984741211,38.814998626708984,38.314998626708984,38.75,38.23201370239258,4895000
2023-06-07,38.86000061035156,39.45000076293945,38.775001525878906,39.380001068115234,38.85359573364258,4813000
2023-06-08,39.44499969482422,39.525001525878906,39.084999084472656,39.42499923706055,38.89799118041992,3824000
2023-06-09,39.61000061035156,39.70000076293945,39.01499938964844,39.1150016784668,38.592140197753906,4383000
2023-06-12,39.21500015258789,39.875,39.18000030517578,39.80500030517578,39.272918701171875,3948000
2023-06-13,39.959999084472656,40.439998626708984,39.689998626708984,40.40999984741211,39.86982727050781,6766200
2023-06-14,40.3650016784668,40.724998474121094,40.095001220703125,40.3849983215332,39.84516143798828,5312400
2023-06-15,40.310001373291016,41.189998626708984,40.310001373291016,40.935001373291016,40.38780975341797,4709400
2023-06-16,41.2599983215332,41.31999969482422,40.900001525878906,41.07500076293945,40.630157470703125,7437000
2023-06-20,40.65999984741211,40.685001373291016,40.310001373291016,40.525001525878906,40.086116790771484,5273200
2023-06-21,40.34000015258789,40.755001068115234,40.28499984741211,40.685001373291016,40.244380950927734,4438600
2023-06-22,40.72999954223633,40.72999954223633,40.34000015258789,40.525001525878906,40.086116790771484,3762400
2023-06-23,40.099998474121094,40.55500030517578,39.89500045776367,40.095001220703125,39.6607666015625,9982200
2023-06-26,40.31999969482422,40.54999923706055,40.14500045776367,40.279998779296875,39.8437614440918,3232000
2023-06-27,40.40999984741211,41.224998474121094,40.29499816894531,41.119998931884766,40.67466735839844,3887200
2023-06-28,41.07500076293945,41.34000015258789,40.915000915527344,41.2599983215332,40.81315231323242,3958000
2023-06-29,41.310001373291016,41.75,41.255001068115234,41.724998474121094,41.27311325073242,4241000
2023-06-30,42.05500030517578,42.60499954223633,41.93000030517578,42.474998474121094,42.01499557495117,5446400
2023-07-03,42.2599983215332,42.3849983215332,42.029998779296875,42.040000915527344,41.58470916748047,2495400
2023-07-05,41.68000030517578,42.10499954223633,41.529998779296875,41.93000030517578,41.475894927978516,3384400
2023-07-06,41.48500061035156,41.880001068115234,41.459999084472656,41.849998474121094,41.396759033203125,3867800
2023-07-07,41.755001068115234,42.20000076293945,41.755001068115234,41.810001373291016,41.35719680786133,3033600
2023-07-10,41.810001373291016,42.459999084472656,41.529998779296875,42.439998626708984,41.980369567871094,4313000
2023-07-11,42.46500015258789,42.52000045776367,42.0,42.42499923706055,41.96553421020508,3787600
2023-07-12,42.75,42.904998779296875,42.45500183105469,42.779998779296875,42.31668472290039,4295400
2023-07-13,42.8650016784668,42.94499969482422,42.654998779296875,42.86000061035156,42.39582443237305,4183800
2023-07-14,42.779998779296875,42.834999084472656,42.08000183105469,42.30500030517578,41.846832275390625,3622200
2023-07-17,42.28499984741211,42.665000915527344,42.15999984741211,42.59000015258789,42.12874984741211,4135600
2023-07-18,42.439998626708984,42.75,42.439998626708984,42.654998779296875,42.19304656982422,3360000
2023-07-19,42.57500076293945,42.67499923706055,42.1150016784668,42.564998626708984,42.10401916503906,3729400
2023-07-20,42.45000076293945,42.525001525878906,41.935001373291016,42.15999984741211,41.70340347290039,3565800
2023-07-21,42.09000015258789,42.29999923706055,41.790000915527344,41.810001373291016,41.35719680786133,5152400
2023-07-24,41.959999084472656,42.1349983215332,41.57500076293945,41.79499816894531,41.34235382080078,4026800
2023-07-25,41.70500183105469,42.435001373291016,41.6349983215332,42.154998779296875,41.69845962524414,6187800
2023-07-26,42.564998626708984,44.42499923706055,42.46500015258789,44.29999923706055,43.820228576660156,10875800
2023-07-27,44.76499938964844,45.13999938964844,44.22999954223633,44.3849983215332,43.90430450439453,8750000
2023-07-28,44.66999816894531,44.724998474121094,43.560001373291016,43.78499984741211,43.31080627441406,9105000
2023-07-31,43.78499984741211,44.375,43.71500015258789,44.154998779296875,43.676795959472656,5590000
2023-08-01,44.10499954223633,44.435001373291016,43.900001525878906,44.310001373291016,43.83012008666992,4158400
2023-08-02,43.94499969482422,44.415000915527344,43.92499923706055,44.189998626708984,43.711421966552734,5910400
2023-08-03,43.95500183105469,44.38999938964844,43.779998779296875,44.2400016784668,43.76087951660156,5791200
2023-08-04,44.209999084472656,44.400001525878906,43.61000061035156,43.650001525878906,43.17727279663086,3224000
2023-08-07,44.03499984741211,44.650001525878906,43.994998931884766,44.439998626708984,43.95870590209961,4060600
2023-08-08,44.209999084472656,44.4900016784668,43.85499954223633,44.3849983215332,43.90430450439453,3587000
2023-08-09,44.474998474121094,44.560001373291016,44.13999938964844,44.220001220703125,43.7411003112793,5105600
2023-08-10,44.349998474121094,44.66999816894531,43.89500045776367,43.95500183105469,43.478965759277344,3086200
2023-08-11,43.875,43.875,43.45000076293945,43.60499954223633,43.132755279541016,2839200
2023-08-14,43.540000915527344,43.869998931884766,43.5,43.75,43.27618408203125,5598400
2023-08-15,43.470001220703125,43.665000915527344,43.290000915527344,43.404998779296875,42.93492126464844,3582600
2023-08-16,43.2599983215332,43.41999816894531,42.915000915527344,42.939998626708984,42.47495651245117,2697200
2023-08-17,43.189998626708984,43.220001220703125,42.51499938964844,42.689998626708984,42.227664947509766,3840400
2023-08-18,42.279998779296875,42.75,42.21500015258789,42.6150016784668,42.15347671508789,2999800
2023-08-21,42.56999969482422,42.880001068115234,42.474998474121094,42.73500061035156,42.27217483520508,3414000
2023-08-22,42.91999816894531,43.154998779296875,42.69499969482422,42.900001525878906,42.435394287109375,3066800
2023-08-23,43.025001525878906,43.334999084472656,42.564998626708984,43.18000030517578,42.712364196777344,4035600
2023-08-24,43.150001525878906,43.459999084472656,42.755001068115234,42.77000045776367,42.30680465698242,3971800
2023-08-25,43.10499954223633,43.30500030517578,42.654998779296875,43.150001525878906,42.68268585205078,2954400
2023-08-28,43.38999938964844,43.52000045776367,43.22999954223633,43.32500076293945,42.85578536987305,2399600
2023-08-29,43.29499816894531,43.974998474121094,43.244998931884766,43.95500183105469,43.478965759277344,3028800
2023-08-30,43.845001220703125,44.189998626708984,43.83000183105469,44.14500045776367,43.66690444946289,1836000
2023-08-31,44.29999923706055,44.48500061035156,44.04999923706055,44.189998626708984,43.711421966552734,4757200
2023-09-01,44.5,44.525001525878906,44.125,44.28499984741211,43.80539321899414,3556800
2023-09-05,44.310001373291016,44.31999969482422,43.93000030517578,43.98500061035156,43.508644104003906,3124200
2023-09-06,43.95500183105469,44.415000915527344,43.80500030517578,43.97999954223633,43.503692626953125,4006800
2023-09-07,43.57500076293945,43.77000045776367,43.150001525878906,43.375,42.90524673461914,4544000
2023-09-08,43.02000045776367,43.39500045776367,42.814998626708984,42.94499969482422,42.47990798950195,4784000
2023-09-11,43.21500015258789,43.22999954223633,42.599998474121094,43.224998474121094,42.75687026977539,4768400
2023-09-12,43.10499954223633,43.494998931884766,43.07500076293945,43.29999923706055,42.8310546875,4349600
2023-09-13,43.255001068115234,43.45000076293945,42.994998931884766,43.255001068115234,42.78654479980469,4935000
2023-09-14,43.45000076293945,43.47999954223633,43.04999923706055,43.255001068115234,42.78654479980469,4173400
2023-09-15,43.099998474121094,43.380001068115234,42.654998779296875,42.86000061035156,42.39582443237305,5692600
2023-09-18,42.724998474121094,43.33000183105469,42.67499923706055,43.1150016784668,42.75279998779297,3420800
2023-09-19,43.029998779296875,43.189998626708984,42.69499969482422,43.14500045776367,42.78254699707031,3987400
2023-09-20,43.31999969482422,43.345001220703125,42.3650016784668,42.404998779296875,42.048763275146484,4516000
2023-09-21,42.17499923706055,42.275001525878906,41.665000915527344,41.66999816894531,41.3199348449707,4635000
2023-09-22,41.70500183105469,42.029998779296875,41.599998474121094,41.665000915527344,41.31498336791992,3733800
2023-09-25,41.5,41.82500076293945,41.415000915527344,41.630001068115234,41.2802734375,4574600
2023-09-26,41.38999938964844,41.5,40.59000015258789,40.72999954223633,40.38783264160156,7929400
2023-09-27,40.959999084472656,41.279998779296875,40.685001373291016,41.18000030517578,40.83405303955078,6639400
2023-09-28,41.20500183105469,42.244998931884766,41.10499954223633,42.040000915527344,41.686832427978516,5292800
2023-09-29,42.279998779296875,42.45500183105469,41.92499923706055,41.994998931884766,41.642208099365234,5709200
2023-10-02,41.66999816894531,41.814998626708984,41.10499954223633,41.32500076293945,40.97783660888672,4186400
2023-10-03,41.17499923706055,41.494998931884766,40.95500183105469,41.09000015258789,40.744808197021484,4739600
2023-10-04,41.20500183105469,41.755001068115234,41.060001373291016,41.66999816894531,41.3199348449707,4150000
2023-10-05,41.89500045776367,42.34000015258789,41.029998779296875,41.31999969482422,40.972877502441406,4130200
2023-10-06,41.17499923706055,41.90999984741211,41.09000015258789,41.685001373291016,41.33481216430664,4821200
2023-10-09,41.27000045776367,41.69499969482422,41.060001373291016,41.55500030517578,41.205902099609375,4175800
2023-10-10,41.814998626708984,42.125,41.65999984741211,41.72999954223633,41.379432678222656,5446600
2023-10-11,41.834999084472656,42.380001068115234,41.83000183105469,42.31999969482422,41.9644775390625,5374400
2023-10-12,42.58000183105469,42.595001220703125,41.72999954223633,42.06999969482422,41.71657180786133,5863200
2023-10-13,41.82500076293945,41.84000015258789,40.619998931884766,40.95000076293945,40.605987548828125,8343000
2023-10-16,41.38999938964844,41.90999984741211,41.26499938964844,41.689998626708984,41.33977127075195,5586400
2023-10-17,41.439998626708984,41.939998626708984,41.34000015258789,41.83000183105469,41.47859573364258,4980800
2023-10-18,41.439998626708984,41.505001068115234,40.76499938964844,40.77000045776367,40.42749786376953,5532800
2023-10-19,40.77000045776367,40.974998474121094,40.19499969482422,40.44499969482422,40.10523223876953,6175600
2023-10-20,40.470001220703125,40.470001220703125,39.80500030517578,39.93000030517578,39.59455871582031,5768600
2023-10-23,39.75,40.185001373291016,39.5099983215332,39.59000015258789,39.25741195678711,6530200
2023-10-24,39.80500030517578,39.95500183105469,39.400001525878906,39.630001068115234,39.297080993652344,5558400
2023-10-25,39.66999816894531,40.22999954223633,39.34000015258789,39.83000183105469,39.49539566040039,10796400
2023-10-26,40.275001525878906,40.54499816894531,39.72999954223633,40.099998474121094,39.763126373291016,8172200
2023-10-27,39.89500045776367,40.19499969482422,39.47999954223633,39.654998779296875,39.32186508178711,4311400
2023-10-30,39.994998931884766,40.220001220703125,39.54499816894531,39.9900016784668,39.654052734375,5931200
2023-10-31,39.915000915527344,40.40999984741211,39.75,40.275001525878906,39.9366569519043,5563000
2023-11-01,40.34000015258789,40.875,40.189998626708984,40.814998626708984,40.47212219238281,5783600
2023-11-02,41.029998779296875,41.599998474121094,41.029998779296875,41.54999923706055,41.20094299316406,6155400
2023-11-03,41.95500183105469,42.57500076293945,41.8650016784668,42.3849983215332,42.0289306640625,5342400
2023-11-06,42.54499816894531,42.599998474121094,41.970001220703125,42.17499923706055,41.82069396972656,4014800
2023-11-07,42.03499984741211,42.5099983215332,41.95500183105469,42.2599983215332,41.90497589111328,3612800
2023-11-08,42.400001525878906,42.625,42.119998931884766,42.58000183105469,42.22229766845703,3962600
2023-11-09,43.0,43.09000015258789,42.44499969482422,42.529998779296875,42.17271423339844,4261200
2023-11-10,42.83000183105469,43.36000061035156,42.54999923706055,43.30500030517578,42.94120407104492,4447800
2023-11-13,43.30500030517578,43.33000183105469,43.04999923706055,43.185001373291016,42.82221221923828,3905000
2023-11-14,43.755001068115234,44.52000045776367,43.5099983215332,44.35499954223633,43.982383728027344,5979800
2023-11-15,44.52000045776367,44.875,44.41999816894531,44.52000045776367,44.14599609375,4711800
2023-11-16,44.650001525878906,45.040000915527344,44.439998626708984,44.775001525878906,44.39885711669922,4772800
2023-11-17,45.0,45.0,44.70500183105469,44.849998474121094,44.47322082519531,6442800
2023-11-20,44.76499938964844,44.95500183105469,44.51499938964844,44.775001525878906,44.39885711669922,4121400
2023-11-21,44.78499984741211,44.994998931884766,44.720001220703125,44.834999084472656,44.458351135253906,4130800
2023-11-22,44.95000076293945,45.20500183105469,44.82500076293945,45.04499816894531,44.66658020019531,4284400
2023-11-24,45.03499984741211,45.18000030517578,44.970001220703125,45.18000030517578,44.800453186035156,1780400
2023-11-27,45.0099983215332,45.27000045776367,44.814998626708984,45.060001373291016,44.681461334228516,5864000
2023-11-28,44.994998931884766,45.185001373291016,44.904998779296875,44.95500183105469,44.57734298706055,4098600
2023-11-29,45.25,45.3849983215332,45.01499938964844,45.09000015258789,44.71120834350586,3567400
2023-11-30,45.23500061035156,45.57500076293945,45.0099983215332,45.494998931884766,45.11280059814453,7651600
2023-12-01,45.689998626708984,46.26499938964844,45.56999969482422,46.13999938964844,45.752384185791016,8574000
2023-12-04,45.78499984741211,46.099998474121094,45.654998779296875,45.935001373291016,45.54910659790039,6307200
2023-12-05,45.75,45.8650016784668,45.470001220703125,45.65999984741211,45.27641677856445,7027200
2023-12-06,46.0,46.35499954223633,45.915000915527344,46.1150016784668,45.72760009765625,7053600
2023-12-07,46.13999938964844,46.314998626708984,45.915000915527344,46.2400016784668,45.8515510559082,4065200
2023-12-08,46.209999084472656,46.720001220703125,46.14500045776367,46.6150016784668,46.22339630126953,11764200
2023-12-11,46.82500076293945,47.689998626708984,46.81999969482422,47.619998931884766,47.21995162963867,7724800
2023-12-12,47.625,47.92499923706055,47.48500061035156,47.72999954223633,47.32902908325195,4559600
2023-12-13,47.880001068115234,48.38999938964844,47.70000076293945,48.064998626708984,47.66121292114258,7513600
2023-12-14,48.46500015258789,49.435001373291016,48.345001220703125,49.404998779296875,48.98995590209961,8113400
2023-12-15,49.47999954223633,49.96500015258789,49.404998779296875,49.63999938964844,49.222984313964844,11247800
2023-12-18,49.45500183105469,49.56999969482422,48.98500061035156,49.279998779296875,48.97452926635742,4999200
2023-12-19,49.415000915527344,49.474998474121094,49.150001525878906,49.275001525878906,48.969566345214844,4131800
2023-12-20,49.084999084472656,49.17499923706055,48.6150016784668,48.63999938964844,48.338497161865234,8556400
2023-12-21,49.0099983215332,49.21500015258789,48.6349983215332,49.14500045776367,48.840370178222656,4583000
2023-12-22,49.40999984741211,49.654998779296875,49.310001373291016,49.505001068115234,49.198143005371094,4065600
2023-12-26,49.470001220703125,49.880001068115234,49.470001220703125,49.744998931884766,49.436649322509766,1910600
2023-12-27,49.82500076293945,49.82500076293945,49.560001373291016,49.73500061035156,49.426719665527344,2481200
2023-12-28,49.78499984741211,49.81999969482422,49.529998779296875,49.720001220703125,49.411808013916016,2088600
2023-12-29,49.68000030517578,49.849998474121094,49.42499923706055,49.564998626708984,49.25776290893555,2681200
2024-01-02,48.98500061035156,48.98500061035156,48.185001373291016,48.415000915527344,48.114898681640625,5281600
2024-01-03,48.10499954223633,48.10499954223633,47.51499938964844,47.540000915527344,47.245323181152344,6143000
2024-01-04,46.959999084472656,47.61000061035156,46.94499969482422,47.314998626708984,47.02171325683594,4943600
2024-01-05,47.14500045776367,47.540000915527344,47.025001525878906,47.22999954223633,46.93724060058594,4018800
2024-01-08,47.560001373291016,48.30500030517578,47.53499984741211,48.290000915527344,47.99067306518555,4602400
2024-01-09,47.724998474121094,48.119998931884766,47.650001525878906,47.92499923706055,47.6279296875,3249200
2024-01-10,47.90999984741211,48.25,47.77000045776367,48.10499954223633,47.80681610107422,3826400
2024-01-11,48.10499954223633,48.27000045776367,47.564998626708984,48.209999084472656,47.911163330078125,4073800
2024-01-12,48.435001373291016,48.51499938964844,48.040000915527344,48.25,47.95092010498047,3089000
2024-01-16,48.07500076293945,48.334999084472656,47.69499969482422,48.06999969482422,47.772037506103516,4461600
2024-01-17,47.7400016784668,48.03499984741211,47.375,47.665000915527344,47.36954879760742,4180800
2024-01-18,47.93000030517578,48.3849983215332,47.76499938964844,48.349998474121094,48.050296783447266,5668400
2024-01-19,48.68000030517578,48.875,48.26499938964844,48.80500030517578,48.50247573852539,7022000
2024-01-22,48.814998626708984,49.2400016784668,48.709999084472656,48.98500061035156,48.68136215209961,5512800
2024-01-23,49.060001373291016,49.099998474121094,48.52000045776367,48.970001220703125,48.66646194458008,6778400
2024-01-24,50.54499816894531,51.53499984741211,49.55500030517578,50.33000183105469,50.018028259277344,13113800
2024-01-25,49.709999084472656,50.88999938964844,49.375,50.404998779296875,50.092559814453125,8276400
2024-01-26,50.404998779296875,50.79999923706055,50.10499954223633,50.35499954223633,50.042869567871094,4483400
2024-01-29,50.07500076293945,50.724998474121094,49.974998474121094,50.724998474121094,50.41057586669922,4624400
2024-01-30,51.25,51.53499984741211,51.095001220703125,51.38999938964844,51.07145690917969,6055800
2024-01-31,51.189998626708984,51.345001220703125,50.525001525878906,50.54999923706055,50.23666000366211,5675000
2024-02-01,50.619998931884766,51.22999954223633,50.47999954223633,51.209999084472656,50.89257049560547,5098200
2024-02-02,51.03499984741211,52.04999923706055,51.03499984741211,51.72999954223633,51.40935134887695,5413200
2024-02-05,51.650001525878906,51.69499969482422,51.025001525878906,51.494998931884766,51.175804138183594,4179400
2024-02-06,51.470001220703125,51.75,51.154998779296875,51.3849983215332,51.06648635864258,5496600
2024-02-07,51.51499938964844,52.18000030517578,51.32500076293945,52.130001068115234,51.80686950683594,4974400
2024-02-08,52.15999984741211,52.48500061035156,52.150001525878906,52.43000030517578,52.105010986328125,4077600
2024-02-09,52.5,52.70500183105469,52.27000045776367,52.64500045776367,52.31867599487305,3286400
2024-02-12,52.63999938964844,52.83000183105469,52.435001373291016,52.51499938964844,52.189483642578125,3726400
2024-02-13,51.584999084472656,51.88999938964844,51.1349983215332,51.540000915527344,51.22052764892578,5044600
2024-02-14,51.8650016784668,52.1150016784668,51.689998626708984,52.05500030517578,51.732330322265625,4316400
2024-02-15,52.27000045776367,52.8849983215332,52.27000045776367,52.834999084472656,52.50749588012695,3979800
2024-02-16,52.970001220703125,53.255001068115234,52.665000915527344,52.7599983215332,52.432960510253906,3635800
2024-02-20,52.349998474121094,52.619998931884766,52.064998626708984,52.30500030517578,51.98078536987305,4331600
2024-02-21,52.21500015258789,52.584999084472656,52.099998474121094,52.5,52.17457580566406,4639600
2024-02-22,53.005001068115234,53.459999084472656,52.89500045776367,53.224998474121094,52.89508056640625,6201200
2024-02-23,53.470001220703125,53.849998474121094,53.244998931884766,53.73500061035156,53.401920318603516,3990600
2024-02-26,53.75,54.099998474121094,53.66999816894531,54.04999923706055,53.7149658203125,5116800
2024-02-27,54.060001373291016,54.07500076293945,53.755001068115234,53.970001220703125,53.635467529296875,3976400
2024-02-28,53.869998931884766,54.5,53.85499954223633,54.17499923706055,53.83919143676758,4034200
2024-02-29,54.439998626708984,54.86000061035156,54.23500061035156,54.619998931884766,54.28143310546875,9286200
2024-03-01,54.564998626708984,55.439998626708984,54.474998474121094,55.404998779296875,55.06156921386719,4298600
2024-03-04,55.5,56.20000076293945,55.435001373291016,55.959999084472656,55.61312484741211,4498200
2024-03-05,55.665000915527344,55.775001525878906,54.439998626708984,54.81999969482422,54.480194091796875,3877600
2024-03-06,55.18000030517578,55.755001068115234,55.130001068115234,55.255001068115234,54.912498474121094,4311400
2024-03-07,55.45500183105469,55.88999938964844,55.45000076293945,55.67499923706055,55.329891204833984,4007000
2024-03-08,55.73500061035156,56.05500030517578,55.064998626708984,55.20500183105469,54.86280822753906,4578000
2024-03-11,55.28499984741211,55.28499984741211,54.40999984741211,54.939998626708984,54.599449157714844,4348200
2024-03-12,54.93000030517578,55.44499969482422,54.654998779296875,55.29999923706055,54.957218170166016,3670000
2024-03-13,55.2599983215332,55.44499969482422,54.869998931884766,55.26499938964844,54.92243576049805,4571000
2024-03-14,55.51499938964844,55.650001525878906,54.369998931884766,54.689998626708984,54.35099792480469,4011000
2024-03-15,54.28499984741211,54.810001373291016,54.26499938964844,54.650001525878906,54.311248779296875,9351000
2024-03-18,54.904998779296875,55.15999984741211,54.744998931884766,54.79499816894531,54.5651741027832,5218800
2024-03-19,54.845001220703125,55.525001525878906,54.724998474121094,55.48500061035156,55.25228500366211,4702000
2024-03-20,55.51499938964844,56.095001220703125,55.415000915527344,56.05500030517578,55.81989288330078,3560200
2024-03-21,56.5,57.400001525878906,56.48500061035156,57.20500183105469,56.96507263183594,6028600
2024-03-22,57.25,57.59000015258789,56.93000030517578,57.209999084472656,56.97004699707031,4978600
2024-03-25,59.0,59.79499816894531,57.040000915527344,57.11000061035156,56.87046813964844,8547000
2024-03-26,57.32500076293945,57.630001068115234,56.6349983215332,56.66999816894531,56.43231201171875,6849200
2024-03-27,56.9900016784668,57.70500183105469,56.96500015258789,57.650001525878906,57.408206939697266,9178400
2024-03-28,58.0,58.5,57.494998931884766,57.67499923706055,57.43309783935547,8712000
2024-04-01,57.415000915527344,58.0,57.01499938964844,57.025001525878906,56.785823822021484,4594600
2024-04-02,56.470001220703125,56.6349983215332,56.06999969482422,56.529998779296875,56.29290008544922,4972000
2024-04-03,57.2599983215332,58.04499816894531,56.65999984741211,57.685001373291016,57.443058013916016,7640800
2024-04-04,59.025001525878906,59.310001373291016,57.375,57.54999923706055,57.30862045288086,6825600
2024-04-05,57.81999969482422,58.79499816894531,57.78499984741211,58.689998626708984,58.44384002685547,6759200
2024-04-08,59.08000183105469,59.28499984741211,58.064998626708984,58.310001373291016,58.065433502197266,8695000
2024-04-09,58.5,58.70000076293945,57.099998474121094,57.4900016784668,57.24887466430664,8140200
2024-04-10,56.54499816894531,57.81999969482422,56.255001068115234,57.380001068115234,57.13933563232422,8224400
2024-04-11,57.34000015258789,58.09000015258789,56.95000076293945,57.939998626708984,57.69698715209961,6338800
2024-04-12,56.97999954223633,57.44499969482422,56.435001373291016,56.65999984741211,56.42235565185547,6096600
2024-04-15,57.275001525878906,57.64500045776367,56.0099983215332,56.19499969482422,55.95930480957031,5015400
2024-04-16,56.275001525878906,56.470001220703125,55.8650016784668,56.28499984741211,56.048927307128906,7816000
2024-04-17,56.28499984741211,56.525001525878906,55.525001525878906,55.744998931884766,55.511192321777344,5283400
2024-04-18,55.775001525878906,56.349998474121094,55.43000030517578,55.439998626708984,55.20746994018555,5748600
2024-04-19,55.4900016784668,55.939998626708984,54.720001220703125,55.084999084472656,54.85396194458008,7538000
2024-04-22,55.57500076293945,56.33000183105469,55.095001220703125,55.93000030517578,55.69541931152344,6549600
2024-04-23,56.36000061035156,57.224998474121094,56.064998626708984,57.130001068115234,56.890384674072266,10201800
2024-04-24,59.595001220703125,59.69499969482422,57.244998931884766,58.154998779296875,57.91108322143555,15251800
2024-04-25,57.61000061035156,59.7400016784668,56.7599983215332,59.505001068115234,59.25542449951172,8510000
2024-04-26,59.5,60.625,59.5,60.244998931884766,59.9923210144043,8345800
2024-04-29,60.75,61.095001220703125,60.185001373291016,61.064998626708984,60.80887985229492,5599800
2024-04-30,61.0,61.79999923706055,60.349998474121094,60.3849983215332,60.13172912597656,7167200
2024-05-01,59.939998626708984,60.650001525878906,59.404998779296875,59.630001068115234,59.37989807128906,8706600
2024-05-02,60.099998474121094,60.51499938964844,59.20000076293945,60.5,60.24625015258789,5003000
2024-05-03,61.20500183105469,61.52000045776367,60.505001068115234,61.31999969482422,61.062808990478516,6558800
2024-05-06,61.505001068115234,62.41999816894531,61.39500045776367,62.39500045776367,62.13330078125,4055400
2024-05-07,62.5,62.83000183105469,62.165000915527344,62.36000061035156,62.09844970703125,7431400
2024-05-08,61.915000915527344,63.529998779296875,61.814998626708984,63.30500030517578,63.039485931396484,5986800
2024-05-09,63.375,63.88999938964844,63.06999969482422,63.80500030517578,63.53738784790039,5285200
2024-05-10,64.0999984741211,64.31500244140625,63.494998931884766,63.78499984741211,63.51747131347656,4718600
2024-05-13,63.834999084472656,63.88999938964844,63.349998474121094,63.58000183105469,63.313331604003906,4538400
2024-05-14,63.61000061035156,64.33999633789062,63.380001068115234,64.27999877929688,64.0103988647461,4795000
2024-05-15,64.8499984741211,66.04000091552734,64.78500366210938,65.9800033569336,65.7032699584961,7264000
2024-05-16,66.63500213623047,66.95500183105469,65.71499633789062,65.8550033569336,65.57878875732422,8066200
2024-05-17,66.5,66.63999938964844,65.69000244140625,65.95500183105469,65.6783676147461,9012600
2024-05-20,66.06999969482422,67.20500183105469,65.8499984741211,66.68000030517578,66.40032958984375,6235600
2024-05-21,66.74500274658203,67.83999633789062,66.63500213623047,67.69999694824219,67.41605377197266,6137400
2024-05-22,67.6050033569336,68.1449966430664,67.08499908447266,67.28500366210938,67.00279235839844,6951000
2024-05-23,68.18000030517578,68.69000244140625,67.38500213623047,68.19999694824219,67.91394805908203,8454000
2024-05-24,68.69499969482422,69.29499816894531,68.09500122070312,68.12000274658203,67.83428955078125,7864800
2024-05-28,69.0999984741211,69.29000091552734,66.77999877929688,66.98999786376953,66.70903015136719,9672800
2024-05-29,66.16000366210938,66.8499984741211,65.375,66.53500366210938,66.25594329833984,10132600
2024-05-30,66.55500030517578,66.81999969482422,66.19000244140625,66.53500366210938,66.25594329833984,7249400
2024-05-31,66.15499877929688,66.59500122070312,64.58999633789062,66.18499755859375,65.90740203857422,16472800
2024-06-03,66.38500213623047,66.66999816894531,65.2300033569336,65.88999938964844,65.61363983154297,7883200
2024-06-04,65.22000122070312,65.52999877929688,64.62000274658203,65.0250015258789,64.75226593017578,8143600
2024-06-05,65.58999633789062,66.7249984741211,65.33000183105469,66.63999938964844,66.3604965209961,7151400
2024-06-06,66.63999938964844,66.90499877929688,65.26000213623047,65.43000030517578,65.15557098388672,6470800
2024-06-07,65.48999786376953,65.80500030517578,65.16500091552734,65.31999969482422,65.04603576660156,4583600
2024-06-10,65.05999755859375,67.0250015258789,65.02999877929688,66.91999816894531,66.63932037353516,5420600
2024-06-11,66.58000183105469,67.23500061035156,66.51000213623047,67.21499633789062,66.9330825805664,4798600
2024-06-12,68.01000213623047,68.97000122070312,67.26000213623047,68.69000244140625,68.40190124511719,6658100
2024-06-13,68.80000305175781,69.02999877929688,67.73999786376953,68.98999786376953,68.70063781738281,6152700
2024-06-14,68.33000183105469,68.7300033569336,67.37000274658203,68.2699966430664,67.98365783691406,3996500
2024-06-17,68.27999877929688,69.38999938964844,67.6500015258789,69.16000366210938,68.86992645263672,5090400
2024-06-18,68.98999786376953,69.94999694824219,67.9000015258789,69.7300033569336,69.54815673828125,5635500
2024-06-20,69.98999786376953,70.83999633789062,68.31999969482422,68.44000244140625,68.26152038574219,10981900
2024-06-21,68.0999984741211,68.77999877929688,67.45999908447266,68.7300033569336,68.55076599121094,10704000
2024-06-24,68.19000244140625,68.4000015258789,67.19999694824219,67.2699966430664,67.09456634521484,7135300
2024-06-25,67.25,68.13999938964844,67.05999755859375,67.95999908447266,67.78276824951172,6237200
2024-06-26,68.04000091552734,68.04000091552734,66.66000366210938,67.16000366210938,66.98485565185547,7418100
2024-06-27,67.3499984741211,67.5199966430664,66.80000305175781,67.48999786376953,67.31399536132812,4523600
2024-06-28,67.68000030517578,68.80000305175781,67.12999725341797,67.37000274658203,67.1943130493164,27676600
2024-07-01,67.73999786376953,67.9000015258789,67.06999969482422,67.5199966430664,67.34391021728516,4698900
2024-07-02,67.08999633789062,67.88999938964844,66.54000091552734,67.55999755859375,67.3838119506836,5245500
2024-07-03,67.30000305175781,67.87000274658203,66.8499984741211,67.79000091552734,67.61321258544922,2697600
2024-07-05,67.79000091552734,68.25,67.25,68.01000213623047,67.8326416015625,4371000
2024-07-08,68.44000244140625,68.6500015258789,67.80999755859375,67.98999786376953,67.81269073486328,4936000
2024-07-09,68.2300033569336,68.94999694824219,68.2300033569336,68.62000274658203,68.44104766845703,5365400
2024-07-10,69.0,70.25,68.88999938964844,70.0199966430664,69.83739471435547,5865300
2024-07-11,70.19000244140625,70.30999755859375,69.38999938964844,69.52999877929688,69.34867095947266,4624500
2024-07-12,69.52999877929688,70.73999786376953,69.3499984741211,69.86000061035156,69.67781066894531,4594500
2024-07-15,70.12000274658203,70.6500015258789,69.38999938964844,69.70999908447266,69.52820587158203,5887500
2024-07-16,70.29000091552734,70.70999908447266,69.5999984741211,70.41000366210938,70.22637939453125,6164900
2024-07-17,69.30000305175781,69.51000213623047,64.13999938964844,64.22000122070312,64.05252075195312,14803700
2024-07-18,64.81999969482422,66.5,64.80999755859375,65.83000183105469,65.6583251953125,10698500
2024-07-19,66.58999633789062,67.12999725341797,64.2300033569336,64.3499984741211,64.18218231201172,7745800
2024-07-22,65.0,66.63999938964844,64.87000274658203,66.23999786376953,66.06725311279297,7449800
2024-07-23,66.12000274658203,67.31999969482422,65.9000015258789,66.26000213623047,66.08720397949219,8759800
2024-07-24,62.58000183105469,64.30000305175781,61.38999938964844,61.9900016784668,61.828338623046875,14011300
2024-07-25,62.810001373291016,63.16999816894531,60.529998779296875,61.7599983215332,61.598934173583984,12628800
2024-07-26,63.20000076293945,64.77999877929688,63.060001373291016,63.86000061035156,63.69346237182617,11995400
2024-07-29,64.30000305175781,64.6500015258789,63.349998474121094,63.38999938964844,63.22468566894531,5599000
2024-07-30,63.70000076293945,64.12000274658203,60.880001068115234,61.939998626708984,61.778465270996094,8008600
2024-07-31,65.91000366210938,67.06999969482422,63.72999954223633,64.26000213623047,64.09242248535156,8849000
2024-08-01,63.93000030517578,63.93000030517578,60.84000015258789,62.119998931884766,61.9579963684082,9122500
2024-08-02,60.29999923706055,60.439998626708984,58.0,59.130001068115234,58.97579574584961,11962600
2024-08-05,55.560001373291016,58.63999938964844,54.77000045776367,58.38999938964844,58.23772430419922,16551400
2024-08-06,58.79999923706055,60.56999969482422,58.41999816894531,59.880001068115234,59.72384262084961,10484000
2024-08-07,60.95000076293945,61.599998474121094,59.75,60.040000915527344,59.8834228515625,10106600
2024-08-08,60.970001220703125,62.5099983215332,60.66999816894531,62.369998931884766,62.20734405517578,7596700
2024-08-09,62.130001068115234,62.869998931884766,61.939998626708984,62.619998931884766,62.45669174194336,5207000
2024-08-12,62.849998474121094,63.59000015258789,62.61000061035156,63.04999923706055,62.88557052612305,4112900
2024-08-13,63.59000015258789,64.83000183105469,63.459999084472656,64.79000091552734,64.62103271484375,6823200
2024-08-14,65.0,65.18000030517578,64.31999969482422,64.80999755859375,64.64098358154297,4743900
2024-08-15,65.56999969482422,66.23999786376953,64.93000030517578,66.05000305175781,65.87775421142578,6094900
2024-08-16,65.87999725341797,65.95999908447266,65.19000244140625,65.80000305175781,65.62840270996094,5913800
2024-08-19,65.7699966430664,66.41999816894531,65.0199966430664,66.3499984741211,66.17696380615234,3737800
2024-08-20,66.47000122070312,67.1500015258789,65.91999816894531,67.0199966430664,66.84521484375,4972400
2024-08-21,67.06999969482422,67.4000015258789,66.7300033569336,67.19999694824219,67.02474975585938,4671000
2024-08-22,67.48999786376953,67.75,66.55000305175781,66.76000213623047,66.58589935302734,4184600
2024-08-23,67.08000183105469,67.69000244140625,66.4800033569336,67.3499984741211,67.17435455322266,3981200
2024-08-26,67.23999786376953,67.62999725341797,66.44999694824219,66.66000366210938,66.48616027832031,3809600
2024-08-27,66.19999694824219,66.76000213623047,65.55000305175781,66.5199966430664,66.34651947021484,6842300
2024-08-28,66.62000274658203,67.04000091552734,65.95999908447266,66.29000091552734,66.11712646484375,3791400
2024-08-29,66.58000183105469,67.69999694824219,66.41999816894531,66.79000091552734,66.6158218383789,4727400
2024-08-30,66.94999694824219,67.52999877929688,66.45999908447266,67.44999694824219,67.27409362792969,5853700
2024-09-03,66.19000244140625,66.30000305175781,61.58000183105469,61.90999984741211,61.7485466003418,10899200
2024-09-04,58.0,61.54999923706055,57.68000030517578,61.29999923706055,61.14013671875,10666700
2024-09-05,61.0,62.09000015258789,61.0,61.86000061035156,61.69867706298828,5158600
2024-09-06,61.880001068115234,62.279998779296875,59.709999084472656,59.849998474121094,59.69391632080078,5743200
2024-09-09,60.689998626708984,60.900001525878906,59.880001068115234,60.72999954223633,60.571624755859375,6339000
2024-09-10,60.869998931884766,61.2599983215332,60.349998474121094,60.790000915527344,60.631465911865234,3989700
2024-09-11,61.11000061035156,62.15999984741211,59.959999084472656,62.060001373291016,61.898155212402344,9784100
2024-09-12,62.13999938964844,63.72999954223633,62.029998779296875,63.45000076293945,63.28453063964844,6222400
2024-09-13,63.72999954223633,64.33000183105469,63.290000915527344,63.58000183105469,63.41419219970703,6036300
2024-09-16,63.560001373291016,63.77000045776367,62.7599983215332,63.27000045776367,63.10499954223633,5707100
2024-09-17,63.70000076293945,64.27999877929688,63.119998931884766,63.9900016784668,63.9900016784668,4313000
2024-09-18,64.81999969482422,65.05000305175781,63.2400016784668,63.29999923706055,63.29999923706055,5860400
2024-09-19,65.23999786376953,65.58000183105469,64.62000274658203,65.29000091552734,65.29000091552734,3841800
2024-09-20,65.19000244140625,65.98999786376953,64.98999786376953,65.91000366210938,65.91000366210938,8004600
2024-09-23,65.9800033569336,66.3499984741211,65.56999969482422,65.66999816894531,65.66999816894531,4984200
2024-09-24,65.80000305175781,66.2300033569336,65.23999786376953,66.1500015258789,66.1500015258789,8311700
