Date,Open,High,Low,Close,Adj Close,Volume
2018-11-15,17.664377212524414,18.07654571533203,17.320903778076172,17.664377212524414,9.724532127380371,5357494
2018-11-16,17.79195213317871,18.400392532348633,17.75269889831543,18.155054092407227,9.994659423828125,877767
2018-11-19,18.145240783691406,18.459274291992188,17.92934226989746,18.174680709838867,10.005463600158691,600904
2018-11-20,18.155054092407227,18.272815704345703,16.75171661376953,18.155054092407227,9.994659423828125,523766
2018-11-21,18.007850646972656,18.145240783691406,17.71344566345215,17.958782196044922,9.886609077453613,153767
2018-11-23,18.04710578918457,18.20412254333496,17.71344566345215,18.20412254333496,10.021672248840332,63586
2018-11-26,18.18449592590332,18.3513240814209,17.90971565246582,18.105985641479492,9.967645645141602,172720
2018-11-27,18.105985641479492,18.105985641479492,17.43866539001465,17.811580657958984,9.805572509765625,252202
2018-11-28,17.556428909301758,17.88027572631836,17.556428909301758,17.693817138671875,9.740739822387695,163244
2018-11-29,17.536800384521484,18.05691909790039,17.271835327148438,17.850833892822266,9.827181816101074,316705
2018-11-30,17.693817138671875,18.155054092407227,17.46810531616211,18.06673240661621,9.946037292480469,144596
2018-12-03,18.155054092407227,18.20412254333496,17.841020584106445,18.007850646972656,9.913619041442871,207876
2018-12-04,17.968597412109375,18.04710578918457,17.664377212524414,17.870460510253906,9.837985038757324,212258
2018-12-06,17.419038772583008,17.860647201538086,17.419038772583008,17.74288558959961,9.767755508422852,254852
2018-12-07,17.664377212524414,18.20412254333496,17.46810531616211,17.664377212524414,9.724532127380371,176185
2018-12-10,17.536800384521484,18.115800857543945,17.144258499145508,17.723257064819336,9.756946563720703,177917
2018-12-11,17.71344566345215,17.89990234375,17.487733840942383,17.61530876159668,9.697521209716797,161206
2018-12-12,17.526987075805664,18.155054092407227,17.419038772583008,17.644750595092773,9.713730812072754,231721
2018-12-13,17.487733840942383,17.80176544189453,17.43866539001465,17.507360458374023,9.638094902038574,213582
2018-12-14,17.517173767089844,17.723257064819336,16.85966682434082,17.085378646850586,9.405784606933594,308553
2018-12-17,16.928361892700195,17.134445190429688,15.966633796691895,16.143278121948242,8.887144088745117,415242
2018-12-18,16.457311630249023,16.5260066986084,16.192344665527344,16.359176635742188,9.005999565124512,231007
2018-12-19,16.26103973388672,16.85966682434082,16.094209671020508,16.10402488708496,8.865532875061035,152748
2018-12-20,16.094209671020508,16.55544662475586,14.857704162597656,15.485770225524902,8.525175094604492,345135
2018-12-21,15.583906173706055,16.663394927978516,15.574091911315918,16.045141220092773,8.833118438720703,343607
2018-12-24,16.172718048095703,16.653581619262695,15.799803733825684,16.290481567382812,8.968181610107422,113211
2018-12-26,16.11383628845215,17.43866539001465,16.11383628845215,17.124631881713867,9.427395820617676,184948
2018-12-27,16.87929344177246,17.360157012939453,16.594701766967773,17.16388511657715,9.449003219604492,236816
2018-12-28,16.849853515625,17.271835327148438,16.849853515625,16.967615127563477,9.56518268585205,273805
2018-12-31,17.105005264282227,17.15407371520996,16.211973190307617,16.457311630249023,9.277508735656738,349823
2019-01-02,16.39842987060547,17.291461944580078,16.39842987060547,17.114818572998047,9.648165702819824,112396
2019-01-03,17.03631019592285,17.271835327148438,16.957801818847656,17.075563430786133,9.626035690307617,113313
2019-01-04,17.222766876220703,17.271835327148438,17.075563430786133,17.134445190429688,9.659229278564453,125846
2019-01-07,17.428852081298828,17.428852081298828,17.065750122070312,17.065750122070312,9.620503425598145,135119
2019-01-08,17.105005264282227,17.262022018432617,16.85966682434082,16.957801818847656,9.559649467468262,139195
2019-01-09,17.03631019592285,17.271835327148438,16.761531829833984,17.124631881713867,9.653697967529297,143475
2019-01-10,17.1737003326416,17.291461944580078,16.938175201416016,17.281648635864258,9.742212295532227,152035
2019-01-11,17.232580184936523,17.31108856201172,17.02649688720703,17.046123504638672,9.609440803527832,110663
2019-01-14,17.144258499145508,17.262022018432617,16.997055053710938,17.075563430786133,9.626035690307617,77546
2019-01-15,17.144258499145508,17.870460510253906,16.947988510131836,17.870460510253906,10.074141502380371,449990
2019-01-16,17.89990234375,17.90971565246582,17.5760555267334,17.59568214416504,9.919242858886719,89468
2019-01-17,17.566240310668945,17.664377212524414,17.566240310668945,17.5760555267334,9.90817928314209,101900
2019-01-18,17.61530876159668,17.90971565246582,17.075563430786133,17.90971565246582,10.096271514892578,100983
2019-01-22,17.92934226989746,17.92934226989746,17.33071517944336,17.360157012939453,9.786469459533691,64910
2019-01-23,17.644750595092773,17.71344566345215,17.33071517944336,17.428852081298828,9.825197219848633,183624
2019-01-24,17.320903778076172,17.89990234375,17.320903778076172,17.664377212524414,9.957966804504395,122789
2019-01-25,17.71344566345215,17.958782196044922,17.664377212524414,17.89990234375,10.090742111206055,142354
2019-01-28,17.870460510253906,19.224729537963867,17.77232551574707,18.78312110900879,10.588641166687012,611910
2019-01-29,18.871442794799805,19.224729537963867,18.82237434387207,18.98920440673828,10.704813957214355,225912
2019-01-30,19.13640785217285,19.54857635498047,18.94013786315918,19.13640785217285,10.787798881530762,297039
2019-01-31,19.224729537963867,19.381746292114258,19.156034469604492,19.381746292114258,10.926103591918945,139909
2019-02-01,19.381746292114258,19.83316993713379,19.381746292114258,19.617271423339844,11.058876991271973,240790
2019-02-04,19.627084732055664,19.83316993713379,18.66535758972168,18.949951171875,10.682686805725098,177612
2019-02-05,18.920509338378906,19.568204879760742,18.920509338378906,19.362119674682617,10.915040016174316,97620
2019-02-06,19.430814743041992,19.568204879760742,18.81256103515625,19.077526092529297,10.754605293273926,126560
2019-02-07,18.98920440673828,19.519136428833008,18.65554428100586,19.038272857666016,10.732478141784668,98435
2019-02-08,19.13640785217285,19.489696502685547,18.93032455444336,19.25417137145996,10.8541841506958,88959
2019-02-11,19.283611297607422,19.607458114624023,19.283611297607422,19.568204879760742,11.03121566772461,108014
2019-02-12,19.607458114624023,19.69577980041504,19.40137481689453,19.568204879760742,11.03121566772461,184235
2019-02-13,19.519136428833008,19.627084732055664,19.430814743041992,19.578018188476562,11.036749839782715,125541
2019-02-14,19.460254669189453,19.646711349487305,19.332679748535156,19.646711349487305,11.075472831726074,215213
2019-02-15,19.656526565551758,20.068695068359375,19.499509811401367,19.519136428833008,11.003555297851562,237631
2019-02-19,19.430814743041992,19.666339874267578,19.332679748535156,19.421001434326172,10.948233604431152,178529
2019-02-20,19.362119674682617,19.970558166503906,19.362119674682617,19.725221633911133,11.119730949401855,195648
2019-02-21,19.87242317199707,19.921491622924805,19.6761531829834,19.83316993713379,11.180586814880371,159372
2019-02-22,19.911678314208984,20.11776351928711,19.803728103637695,19.803728103637695,11.16398811340332,167727
2019-02-25,19.98037338256836,19.99018669128418,19.528949737548828,19.774288177490234,11.147392272949219,122484
2019-02-26,19.754661560058594,19.88223648071289,19.558391571044922,19.725221633911133,11.119730949401855,101798
2019-02-27,19.725221633911133,20.068695068359375,19.617271423339844,19.774288177490234,11.147392272949219,156417
2019-02-28,19.86260986328125,19.86260986328125,19.008832931518555,19.81354331970215,11.16952133178711,275334
2019-03-01,19.528949737548828,19.793916702270508,18.694799423217773,19.13640785217285,10.787798881530762,335964
2019-03-04,19.13640785217285,19.68596649169922,18.881256103515625,18.900882720947266,10.65502643585205,202068
2019-03-05,18.94013786315918,19.519136428833008,18.842002868652344,18.851816177368164,10.627366065979004,70005
2019-03-06,18.83218765258789,19.077526092529297,18.449459075927734,18.48871421813965,10.4226713180542,148672
2019-03-07,18.547595977783203,18.596662521362305,17.978410720825195,18.331697463989258,10.334157943725586,114434
2019-03-08,18.263002395629883,18.508342742919922,18.174680709838867,18.253189086914062,10.289898872375488,178427
2019-03-11,18.51815414428711,19.224729537963867,18.36113739013672,18.94013786315918,10.677155494689941,138890
2019-03-12,19.077526092529297,19.362119674682617,18.82237434387207,19.214916229248047,10.83205795288086,158964
2019-03-13,19.23454475402832,19.587831497192383,19.214916229248047,19.421001434326172,10.948233604431152,96907
2019-03-14,19.391559600830078,19.617271423339844,19.205102920532227,19.283611297607422,10.870781898498535,123707
2019-03-15,19.528949737548828,19.87242317199707,18.81256103515625,19.391559600830078,10.931635856628418,501756
2019-03-18,19.519136428833008,19.666339874267578,19.205102920532227,19.40137481689453,10.93716812133789,39130
2019-03-19,19.54857635498047,19.656526565551758,18.98920440673828,19.028459548950195,10.726943969726562,75610
2019-03-20,19.303237915039062,19.627084732055664,19.038272857666016,19.460254669189453,10.970361709594727,59408
2019-03-21,19.362119674682617,19.87242317199707,19.362119674682617,19.87242317199707,11.202714920043945,51256
2019-03-22,19.87242317199707,19.87242317199707,19.224729537963867,19.224729537963867,10.837587356567383,80807
2019-03-25,19.185476303100586,19.70559310913086,19.10696792602539,19.332679748535156,10.898442268371582,41066
2019-03-26,19.450441360473633,19.607458114624023,19.018646240234375,19.332679748535156,10.898442268371582,39333
2019-03-27,19.41118621826172,20.510303497314453,19.41118621826172,20.088321685791016,11.324420928955078,357669
2019-03-28,19.87242317199707,19.87242317199707,18.321884155273438,18.94013786315918,10.895381927490234,331990
2019-03-29,18.891069412231445,19.293424606323242,18.891069412231445,18.94013786315918,10.895381927490234,59306
2019-04-01,18.999019622802734,19.627084732055664,18.94013786315918,19.381746292114258,11.149417877197266,92831
2019-04-02,19.371932983398438,19.803728103637695,19.244356155395508,19.519136428833008,11.2284517288208,39945
2019-04-03,19.627084732055664,19.921491622924805,19.244356155395508,19.460254669189453,11.194581031799316,189126
2019-04-04,19.430814743041992,19.87242317199707,19.214916229248047,19.568204879760742,11.256678581237793,114434
2019-04-05,19.68596649169922,19.793916702270508,19.362119674682617,19.499509811401367,11.217164039611816,44836
2019-04-08,19.41118621826172,19.793916702270508,19.244356155395508,19.578018188476562,11.262324333190918,112803
2019-04-09,19.430814743041992,20.068695068359375,19.430814743041992,19.86260986328125,11.426034927368164,116777
2019-04-10,19.911678314208984,20.01962661743164,19.69577980041504,19.793916702270508,11.386518478393555,95990
2019-04-11,19.84298324584961,20.068695068359375,19.53876304626465,20.03925323486328,11.527652740478516,69903
2019-04-12,20.049068450927734,20.11776351928711,19.597644805908203,19.744848251342773,11.358293533325195,79380
2019-04-15,19.735034942626953,19.735034942626953,19.2737979888916,19.509323120117188,11.222806930541992,48402
2019-04-16,19.617271423339844,19.87242317199707,19.450441360473633,19.6761531829834,11.31877613067627,51358
2019-04-17,19.793916702270508,19.82335662841797,19.489696502685547,19.69577980041504,11.33006763458252,48504
2019-04-18,19.646711349487305,19.71540641784668,19.440628051757812,19.489696502685547,11.211515426635742,35054
2019-04-22,19.430814743041992,19.941118240356445,19.332679748535156,19.941118240356445,11.471199989318848,120140
2019-04-23,20.01962661743164,20.068695068359375,19.68596649169922,19.81354331970215,11.397809982299805,113924
2019-04-24,19.6761531829834,20.049068450927734,19.6761531829834,19.725221633911133,11.347003936767578,50237
2019-04-25,19.96074676513672,19.96074676513672,19.793916702270508,19.793916702270508,11.386518478393555,31283
2019-04-26,20.058881759643555,20.068695068359375,19.68596649169922,20.058881759643555,11.5389404296875,46568
2019-04-29,20.068695068359375,20.11776351928711,19.84298324584961,19.970558166503906,11.488133430480957,124726
2019-04-30,20.01962661743164,20.01962661743164,19.85279655456543,19.87242317199707,11.431682586669922,103225
2019-05-01,20.00981330871582,20.00981330871582,19.744848251342773,19.81354331970215,11.397809982299805,90487
2019-05-02,19.784101486206055,19.82335662841797,19.528949737548828,19.764474868774414,11.369583129882812,86615
2019-05-03,19.774288177490234,19.892051696777344,19.70559310913086,19.81354331970215,11.397809982299805,70515
2019-05-06,19.793916702270508,19.99018669128418,19.6761531829834,19.96074676513672,11.482488632202148,85188
2019-05-07,19.636899948120117,20.0,19.391559600830078,19.450441360473633,11.188936233520508,114536
2019-05-08,19.391559600830078,19.54857635498047,19.205102920532227,19.23454475402832,11.064742088317871,111682
2019-05-09,19.146221160888672,19.430814743041992,19.13640785217285,19.430814743041992,11.177645683288574,85494
2019-05-10,19.381746292114258,19.558391571044922,19.185476303100586,19.224729537963867,11.059094429016113,150914
2019-05-13,19.205102920532227,19.205102920532227,18.449459075927734,18.734052658081055,10.776829719543457,131961
2019-05-14,18.64573097229004,18.98920440673828,18.007850646972656,18.537782669067383,10.663924217224121,852903
2019-05-15,18.48871421813965,18.51815414428711,18.155054092407227,18.439647674560547,10.607474327087402,587148
2019-05-16,18.527969360351562,18.851816177368164,18.449459075927734,18.743867874145508,10.782476425170898,306515
2019-05-17,18.76349449157715,18.891069412231445,18.05691909790039,18.400392532348633,10.584892272949219,264125
2019-05-20,18.400392532348633,18.6261043548584,18.370952606201172,18.390579223632812,10.579246520996094,243847
2019-05-21,18.292444229125977,18.527969360351562,18.2237491607666,18.439647674560547,10.607474327087402,225708
2019-05-22,18.272815704345703,18.64573097229004,18.272815704345703,18.64573097229004,10.726021766662598,179955
2019-05-23,18.567222595214844,18.64573097229004,18.400392532348633,18.64573097229004,10.726021766662598,133387
2019-05-24,18.64573097229004,18.64573097229004,18.459274291992188,18.6261043548584,10.714733123779297,88042
2019-05-28,18.606477737426758,18.6261043548584,18.449459075927734,18.51815414428711,10.652634620666504,172517
2019-05-29,18.51815414428711,18.51815414428711,18.20412254333496,18.449459075927734,10.613117218017578,143985
2019-05-30,18.508342742919922,18.6261043548584,18.105985641479492,18.18449592590332,10.46069622039795,274621
2019-05-31,18.164867401123047,18.547595977783203,18.125612258911133,18.547595977783203,10.669571876525879,119019
2019-06-03,18.586849212646484,18.63591766357422,18.321884155273438,18.390579223632812,10.579246520996094,84271
2019-06-04,18.390579223632812,18.537782669067383,18.174680709838867,18.312070846557617,10.53408432006836,138992
2019-06-05,18.420019149780273,18.420019149780273,17.998037338256836,18.21393585205078,10.477630615234375,158760
2019-06-06,18.174680709838867,18.253189086914062,18.05691909790039,18.253189086914062,10.500211715698242,78972
2019-06-07,18.331697463989258,18.380765914916992,18.07654571533203,18.292444229125977,10.522793769836426,114943
2019-06-10,18.3513240814209,18.3513240814209,18.05691909790039,18.20412254333496,10.47198486328125,106282
2019-06-11,18.155054092407227,18.341510772705078,17.998037338256836,18.20412254333496,10.47198486328125,112905
2019-06-12,18.174680709838867,18.3513240814209,18.164867401123047,18.3513240814209,10.55666446685791,54109
2019-06-13,18.3513240814209,18.3513240814209,18.155054092407227,18.253189086914062,10.500211715698242,106180
2019-06-14,18.20412254333496,18.282630920410156,18.08635902404785,18.115800857543945,10.421177864074707,104040
2019-06-17,18.164867401123047,18.21393585205078,17.958782196044922,18.06673240661621,10.392951965332031,169358
2019-06-18,18.135427474975586,18.390579223632812,18.135427474975586,18.272815704345703,10.511504173278809,133897
2019-06-19,18.380765914916992,18.596662521362305,18.037290573120117,18.527969360351562,10.658280372619629,126050
2019-06-20,18.596662521362305,18.64573097229004,18.331697463989258,18.400392532348633,10.584892272949219,113109
2019-06-21,18.469087600708008,18.64573097229004,18.174680709838867,18.64573097229004,10.726021766662598,135425
2019-06-24,18.508342742919922,18.6261043548584,18.410205841064453,18.410205841064453,10.590537071228027,181688
2019-06-25,18.420019149780273,18.98920440673828,18.321884155273438,18.321884155273438,10.539728164672852,499921
2019-06-26,18.537782669067383,18.891069412231445,18.49852752685547,18.694799423217773,10.75424861907959,281244
2019-06-27,18.263002395629883,18.871442794799805,18.18449592590332,18.871442794799805,11.094645500183105,440616
2019-06-28,18.704612731933594,18.704612731933594,18.2237491607666,18.272815704345703,10.742711067199707,697913
2019-07-01,18.49852752685547,18.49852752685547,17.958782196044922,18.096172332763672,10.638859748840332,157232
2019-07-02,18.155054092407227,18.2237491607666,17.684003829956055,18.017663955688477,10.592702865600586,226014
2019-07-03,17.958782196044922,18.04710578918457,17.664377212524414,17.998037338256836,10.581169128417969,202068
2019-07-05,17.958782196044922,17.998037338256836,17.841020584106445,17.998037338256836,10.581169128417969,77546
2019-07-08,18.037290573120117,18.155054092407227,17.90971565246582,17.998037338256836,10.581169128417969,113924
2019-07-09,17.93915557861328,18.105985641479492,17.78213882446289,17.870460510253906,10.5061616897583,137565
2019-07-10,17.948970794677734,18.007850646972656,17.664377212524414,17.71344566345215,10.413853645324707,191878
2019-07-11,17.73307228088379,17.79195213317871,17.517173767089844,17.59568214416504,10.34461784362793,165384
2019-07-12,17.556428909301758,17.821393966674805,17.556428909301758,17.71344566345215,10.413853645324707,121872
2019-07-15,17.664377212524414,17.723257064819336,17.44847869873047,17.664377212524414,10.385004043579102,141539
2019-07-16,17.723257064819336,17.89990234375,17.63493537902832,17.76251220703125,10.442699432373047,104447
2019-07-17,17.79195213317871,17.89990234375,17.59568214416504,17.78213882446289,10.45423698425293,197482
2019-07-18,17.850833892822266,17.860647201538086,17.60549545288086,17.664377212524414,10.385004043579102,159575
2019-07-19,17.63493537902832,17.821393966674805,17.63493537902832,17.71344566345215,10.413853645324707,115758
2019-07-22,17.74288558959961,17.76251220703125,17.60549545288086,17.60549545288086,10.35038948059082,67764
2019-07-23,17.79195213317871,17.88027572631836,17.60549545288086,17.654563903808594,10.37923812866211,106995
2019-07-24,17.73307228088379,17.77232551574707,17.60549545288086,17.703630447387695,10.408082008361816,103938
2019-07-25,17.73307228088379,18.07654571533203,17.556428909301758,17.61530876159668,10.356159210205078,177714
2019-07-26,17.723257064819336,17.73307228088379,17.6251220703125,17.674190521240234,10.390774726867676,53192
2019-07-29,17.71344566345215,17.811580657958984,17.60549545288086,17.644750595092773,10.373466491699219,122484
2019-07-30,17.6251220703125,17.76251220703125,17.536800384521484,17.664377212524414,10.385004043579102,179446
2019-07-31,17.71344566345215,18.115800857543945,17.664377212524414,17.76251220703125,10.442699432373047,213277
2019-08-01,17.811580657958984,17.978410720825195,17.75269889831543,17.860647201538086,10.50039291381836,147857
2019-08-02,17.79195213317871,17.90971565246582,17.703630447387695,17.723257064819336,10.419620513916016,70922
2019-08-05,17.674190521240234,17.811580657958984,17.536800384521484,17.693817138671875,10.402314186096191,115045
2019-08-06,17.821393966674805,17.850833892822266,17.664377212524414,17.693817138671875,10.402314186096191,74693
2019-08-07,17.74288558959961,17.821393966674805,17.61530876159668,17.723257064819336,10.419620513916016,149080
2019-08-08,17.684003829956055,18.007850646972656,17.6251220703125,17.821393966674805,10.477316856384277,72757
2019-08-09,17.89990234375,17.90971565246582,17.654563903808594,17.76251220703125,10.442699432373047,84271
2019-08-12,17.723257064819336,17.76251220703125,17.546613693237305,17.693817138671875,10.402314186096191,113313
2019-08-13,17.664377212524414,17.90971565246582,17.644750595092773,17.75269889831543,10.436928749084473,151729
2019-08-14,17.74288558959961,17.88027572631836,17.664377212524414,17.723257064819336,10.419620513916016,221836
2019-08-15,17.80176544189453,17.850833892822266,17.5760555267334,17.5760555267334,10.333081245422363,145208
2019-08-16,17.60549545288086,17.76251220703125,17.60549545288086,17.664377212524414,10.385004043579102,165689
2019-08-19,17.75269889831543,18.04710578918457,17.664377212524414,17.78213882446289,10.45423698425293,155398
2019-08-20,17.78213882446289,17.80176544189453,17.674190521240234,17.76251220703125,10.442699432373047,117083
2019-08-21,17.831207275390625,17.831207275390625,17.723257064819336,17.78213882446289,10.45423698425293,108727
2019-08-22,17.674190521240234,18.155054092407227,17.674190521240234,17.75269889831543,10.436928749084473,170886
2019-08-23,17.821393966674805,18.2237491607666,17.80176544189453,17.831207275390625,10.483085632324219,198909
2019-08-26,18.145240783691406,18.155054092407227,17.93915557861328,17.988224029541016,10.575396537780762,133387
2019-08-27,18.05691909790039,18.155054092407227,17.860647201538086,18.096172332763672,10.638859748840332,110561
2019-08-28,18.096172332763672,18.155054092407227,17.968597412109375,18.05691909790039,10.615781784057617,109135
2019-08-29,18.145240783691406,18.155054092407227,17.988224029541016,18.105985641479492,10.644628524780273,131961
2019-08-30,18.125612258911133,18.370952606201172,18.04710578918457,18.292444229125977,10.75424861907959,178631
2019-09-03,18.2237491607666,18.64573097229004,18.174680709838867,18.370952606201172,10.800405502319336,209710
2019-09-04,18.390579223632812,18.567222595214844,18.243375778198242,18.263002395629883,10.736940383911133,167116
2019-09-05,18.321884155273438,18.527969360351562,18.302257537841797,18.508342742919922,10.88117790222168,174045
2019-09-06,18.370952606201172,18.439647674560547,18.263002395629883,18.302257537841797,10.760022163391113,125439
2019-09-09,18.400392532348633,18.586849212646484,18.321884155273438,18.527969360351562,10.892716407775879,144596
2019-09-10,18.370952606201172,18.64573097229004,18.370952606201172,18.616289138793945,10.944640159606934,197176
2019-09-11,18.420019149780273,18.577035903930664,18.420019149780273,18.537782669067383,10.898483276367188,146940
2019-09-12,18.606477737426758,18.606477737426758,18.370952606201172,18.508342742919922,10.88117790222168,143170
2019-09-13,18.586849212646484,18.596662521362305,18.380765914916992,18.508342742919922,10.88117790222168,96092
2019-09-16,18.577035903930664,18.64573097229004,18.449459075927734,18.577035903930664,10.921562194824219,126152
2019-09-17,18.547595977783203,18.606477737426758,18.478900909423828,18.547595977783203,10.904256820678711,125745
2019-09-18,18.606477737426758,18.64573097229004,18.49852752685547,18.64573097229004,10.961950302124023,120038
2019-09-19,18.63591766357422,18.64573097229004,18.439647674560547,18.63591766357422,10.956178665161133,152544
2019-09-20,18.6261043548584,18.694799423217773,18.547595977783203,18.66535758972168,10.97348690032959,598051
2019-09-23,18.694799423217773,18.743867874145508,18.370952606201172,18.449459075927734,10.84656047821045,172924
2019-09-24,18.606477737426758,18.714426040649414,18.449459075927734,18.63591766357422,10.956178665161133,194425
2019-09-25,18.537782669067383,18.704612731933594,18.478900909423828,18.64573097229004,10.961950302124023,255056
2019-09-26,18.83218765258789,18.83218765258789,18.606477737426758,18.714426040649414,11.002335548400879,277983
2019-09-27,18.459274291992188,18.459274291992188,18.135427474975586,18.243375778198242,10.96106243133545,139297
2019-09-30,18.439647674560547,18.79293441772461,18.243375778198242,18.616289138793945,11.185117721557617,242012
2019-10-01,18.527969360351562,18.64573097229004,18.400392532348633,18.616289138793945,11.185117721557617,222855
2019-10-02,18.478900909423828,18.577035903930664,18.20412254333496,18.2237491607666,10.949271202087402,132980
2019-10-03,18.36113739013672,18.49852752685547,18.05691909790039,18.125612258911133,10.890308380126953,130432
2019-10-04,18.07654571533203,18.410205841064453,18.07654571533203,18.282630920410156,10.984646797180176,97620
2019-10-07,18.292444229125977,18.420019149780273,18.20412254333496,18.3513240814209,11.025920867919922,79482
2019-10-08,18.272815704345703,18.429832458496094,18.105985641479492,18.155054092407227,10.90799617767334,160492
2019-10-09,18.194307327270508,18.341510772705078,18.174680709838867,18.263002395629883,10.972854614257812,100575
2019-10-10,18.174680709838867,18.410205841064453,18.174680709838867,18.36113739013672,11.031814575195312,93952
2019-10-11,18.429832458496094,18.429832458496094,18.096172332763672,18.233562469482422,10.95516586303711,149997
2019-10-14,18.253189086914062,18.380765914916992,18.155054092407227,18.2237491607666,10.949271202087402,94563
2019-10-15,18.282630920410156,18.429832458496094,18.18449592590332,18.341510772705078,11.020023345947266,113415
2019-10-16,18.537782669067383,18.537782669067383,18.2237491607666,18.272815704345703,10.978752136230469,165486
2019-10-17,18.21393585205078,18.469087600708008,18.07654571533203,18.420019149780273,11.067195892333984,144698
2019-10-18,18.312070846557617,18.459274291992188,18.2237491607666,18.341510772705078,11.020023345947266,126050
2019-10-21,18.302257537841797,18.6261043548584,18.272815704345703,18.49852752685547,11.114363670349121,102511
2019-10-22,18.51815414428711,18.6261043548584,18.420019149780273,18.48871421813965,11.108466148376465,140011
2019-10-23,18.48871421813965,18.616289138793945,18.469087600708008,18.547595977783203,11.143847465515137,137769
2019-10-24,18.547595977783203,18.64573097229004,18.48871421813965,18.547595977783203,11.143847465515137,135119
2019-10-25,18.567222595214844,18.743867874145508,18.410205841064453,18.51815414428711,11.126155853271484,115351
2019-10-28,18.537782669067383,18.83218765258789,18.527969360351562,18.6261043548584,11.191015243530273,239159
2019-10-29,18.64573097229004,18.66535758972168,18.478900909423828,18.66535758972168,11.214598655700684,157232
2019-10-30,18.64573097229004,18.79293441772461,18.469087600708008,18.478900909423828,11.102570533752441,255158
2019-10-31,18.547595977783203,18.63591766357422,18.400392532348633,18.606477737426758,11.179222106933594,254444
2019-11-01,18.6261043548584,18.79293441772461,18.6261043548584,18.694799423217773,11.232290267944336,204921
2019-11-04,18.76349449157715,18.76349449157715,18.439647674560547,18.547595977783203,11.143847465515137,81622
2019-11-05,18.469087600708008,18.724239349365234,18.400392532348633,18.527969360351562,11.132054328918457,119732
2019-11-06,18.49852752685547,18.704612731933594,18.429832458496094,18.429832458496094,11.073088645935059,136444
2019-11-07,18.400392532348633,18.77330780029297,18.400392532348633,18.64573097229004,11.20280647277832,289294
2019-11-08,18.78312110900879,18.82237434387207,18.586849212646484,18.6261043548584,11.191015243530273,195648
2019-11-11,18.547595977783203,18.675172805786133,18.547595977783203,18.6261043548584,11.191015243530273,119325
2019-11-12,18.51815414428711,18.734052658081055,18.51815414428711,18.547595977783203,11.143847465515137,257297
2019-11-13,18.6261043548584,18.81256103515625,18.577035903930664,18.64573097229004,11.20280647277832,221225
2019-11-14,18.64573097229004,18.77330780029297,18.527969360351562,18.64573097229004,11.20280647277832,204004
2019-11-15,18.66535758972168,18.76349449157715,18.567222595214844,18.586849212646484,11.167427062988281,215620
2019-11-18,18.6261043548584,18.714426040649414,18.547595977783203,18.606477737426758,11.179222106933594,122280
2019-11-19,18.616289138793945,18.734052658081055,18.547595977783203,18.596662521362305,11.17332649230957,164365
2019-11-20,18.606477737426758,18.68498420715332,18.341510772705078,18.557409286499023,11.149741172790527,227746
2019-11-21,18.537782669067383,18.616289138793945,18.331697463989258,18.3513240814209,11.025920867919922,82437
2019-11-22,18.370952606201172,18.527969360351562,18.20412254333496,18.282630920410156,10.984646797180176,137463
2019-11-25,18.263002395629883,18.557409286499023,18.263002395629883,18.439647674560547,11.078988075256348,90181
2019-11-26,18.449459075927734,18.51815414428711,18.292444229125977,18.341510772705078,11.020023345947266,155194
2019-11-27,18.36113739013672,18.675172805786133,18.36113739013672,18.66535758972168,11.214598655700684,135018
2019-11-29,18.616289138793945,19.205102920532227,18.547595977783203,19.165849685668945,11.515307426452637,173026
2019-12-02,19.13640785217285,19.13640785217285,18.881256103515625,19.018646240234375,11.426864624023438,205736
2019-12-03,18.82237434387207,19.23454475402832,18.586849212646484,19.077526092529297,11.462241172790527,644416
2019-12-04,19.244356155395508,19.2737979888916,19.038272857666016,19.26398468017578,11.574270248413086,598255
2019-12-05,19.26398468017578,19.303237915039062,19.09715461730957,19.175661087036133,11.521201133728027,416261
2019-12-06,19.038272857666016,19.26398468017578,19.038272857666016,19.156034469604492,11.509410858154297,396391
2019-12-09,19.342493057250977,19.597644805908203,19.2737979888916,19.578018188476562,11.762948036193848,687723
2019-12-10,19.597644805908203,19.627084732055664,19.509323120117188,19.54857635498047,11.745259284973145,363273
2019-12-11,19.528949737548828,19.970558166503906,19.528949737548828,19.627084732055664,11.792431831359863,549751
2019-12-12,19.666339874267578,19.666339874267578,19.244356155395508,19.352306365966797,11.627335548400879,436336
2019-12-13,19.381746292114258,19.440628051757812,19.293424606323242,19.322866439819336,11.609647750854492,283282
2019-12-16,19.313051223754883,19.558391571044922,19.313051223754883,19.479881286621094,11.703985214233398,341874
2019-12-17,19.558391571044922,19.578018188476562,19.332679748535156,19.391559600830078,11.650918960571289,695875
2019-12-18,19.489696502685547,19.784101486206055,19.489696502685547,19.71540641784668,11.845494270324707,391602
2019-12-19,19.784101486206055,19.82335662841797,19.587831497192383,19.627084732055664,11.792431831359863,352472
2019-12-20,19.636899948120117,19.82335662841797,19.597644805908203,19.656526565551758,11.810117721557617,361439
2019-12-23,19.68596649169922,19.744848251342773,19.587831497192383,19.71540641784668,11.845494270324707,372241
2019-12-24,19.803728103637695,19.803728103637695,19.6761531829834,19.68596649169922,11.827804565429688,145921
2019-12-26,19.744848251342773,19.892051696777344,19.646711349487305,19.774288177490234,11.880871772766113,280938
2019-12-27,19.88223648071289,19.911678314208984,19.70559310913086,19.774288177490234,11.880871772766113,269729
2019-12-30,19.519136428833008,19.636899948120117,19.421001434326172,19.499509811401367,11.959115028381348,330156
2019-12-31,19.509323120117188,19.558391571044922,19.371932983398438,19.391559600830078,11.892908096313477,254444
2020-01-02,19.509323120117188,19.509323120117188,19.352306365966797,19.460254669189453,11.935038566589355,171192
2020-01-03,19.430814743041992,19.479881286621094,19.362119674682617,19.41118621826172,11.904945373535156,196361
2020-01-06,19.430814743041992,19.519136428833008,19.332679748535156,19.430814743041992,11.916983604431152,268710
2020-01-07,19.54857635498047,19.627084732055664,19.41118621826172,19.421001434326172,11.910965919494629,314871
2020-01-08,19.460254669189453,19.85279655456543,19.421001434326172,19.578018188476562,12.00726318359375,483923
2020-01-09,19.6761531829834,19.6761531829834,19.40137481689453,19.470069885253906,11.941060066223145,316705
2020-01-10,19.460254669189453,19.519136428833008,19.391559600830078,19.450441360473633,11.929023742675781,168644
2020-01-13,19.489696502685547,19.725221633911133,19.479881286621094,19.53876304626465,11.983189582824707,306515
2020-01-14,19.597644805908203,19.636899948120117,19.489696502685547,19.528949737548828,11.97716999053955,240382
2020-01-15,19.332679748535156,19.617271423339844,19.175661087036133,19.53876304626465,11.983189582824707,355325
2020-01-16,19.568204879760742,19.70559310913086,19.195289611816406,19.342493057250977,11.862814903259277,363172
2020-01-17,19.371932983398438,19.430814743041992,19.283611297607422,19.313051223754883,11.84476089477539,204717
2020-01-21,19.293424606323242,19.430814743041992,19.195289611816406,19.313051223754883,11.84476089477539,174962
2020-01-22,19.371932983398438,19.479881286621094,19.25417137145996,19.421001434326172,11.910965919494629,126662
2020-01-23,19.421001434326172,19.587831497192383,19.352306365966797,19.519136428833008,11.971151351928711,247006
2020-01-24,19.54857635498047,19.627084732055664,19.342493057250977,19.430814743041992,11.916983604431152,187088
2020-01-27,19.2737979888916,19.332679748535156,19.23454475402832,19.244356155395508,11.802629470825195,166403
2020-01-28,19.381746292114258,19.528949737548828,19.156034469604492,19.2737979888916,11.820685386657715,195138
2020-01-29,19.332679748535156,19.509323120117188,19.313051223754883,19.430814743041992,11.916983604431152,143679
2020-01-30,19.430814743041992,19.528949737548828,19.352306365966797,19.470069885253906,11.941060066223145,220410
2020-01-31,19.440628051757812,19.528949737548828,19.381746292114258,19.430814743041992,11.916983604431152,175472
2020-02-03,19.568204879760742,19.568204879760742,19.421001434326172,19.479881286621094,11.947076797485352,172924
2020-02-04,19.499509811401367,19.528949737548828,19.40137481689453,19.440628051757812,11.923002243041992,162938
2020-02-05,19.578018188476562,19.71540641784668,19.440628051757812,19.489696502685547,11.953094482421875,292759
2020-02-06,19.528949737548828,19.528949737548828,19.440628051757812,19.499509811401367,11.959115028381348,223569
2020-02-07,19.479881286621094,19.54857635498047,19.381746292114258,19.54857635498047,11.989208221435547,282365
2020-02-10,19.578018188476562,19.578018188476562,19.470069885253906,19.528949737548828,11.97716999053955,117898
2020-02-11,19.509323120117188,19.509323120117188,19.26398468017578,19.460254669189453,11.935038566589355,244764
2020-02-12,19.450441360473633,19.528949737548828,19.2737979888916,19.489696502685547,11.953094482421875,225403
2020-02-13,19.479881286621094,19.528949737548828,19.362119674682617,19.528949737548828,11.97716999053955,233453
2020-02-14,19.479881286621094,19.528949737548828,19.381746292114258,19.519136428833008,11.971151351928711,183624
2020-02-18,19.528949737548828,19.53876304626465,19.479881286621094,19.528949737548828,11.97716999053955,257705
2020-02-19,19.489696502685547,19.528949737548828,19.40137481689453,19.528949737548828,11.97716999053955,262087
2020-02-20,19.578018188476562,19.70559310913086,19.450441360473633,19.69577980041504,12.079486846923828,277983
2020-02-21,19.656526565551758,19.656526565551758,19.430814743041992,19.528949737548828,11.97716999053955,184541
2020-02-24,19.430814743041992,19.470069885253906,18.999019622802734,19.362119674682617,11.874853134155273,276047
2020-02-25,19.40137481689453,19.421001434326172,18.606477737426758,18.734052658081055,11.489656448364258,423496
2020-02-26,18.65554428100586,19.244356155395508,18.596662521362305,18.694799423217773,11.465584754943848,334843
2020-02-27,18.547595977783203,18.98920440673828,18.3513240814209,18.65554428100586,11.441508293151855,557189
2020-02-28,18.3513240814209,18.51815414428711,17.71344566345215,18.125612258911133,11.116499900817871,698423
2020-03-02,18.292444229125977,18.80274772644043,18.21393585205078,18.753679275512695,11.50169563293457,340142
2020-03-03,18.80274772644043,19.10696792602539,18.65554428100586,18.714426040649414,11.477619171142578,374177
2020-03-04,18.714426040649414,19.391559600830078,18.714426040649414,19.25417137145996,11.808647155761719,297446
2020-03-05,19.067712783813477,19.293424606323242,18.842002868652344,18.881256103515625,11.579936981201172,363070
2020-03-06,18.527969360351562,18.753679275512695,18.164867401123047,18.420019149780273,11.2970609664917,450704
2020-03-09,17.93915557861328,18.007850646972656,16.88910675048828,16.938175201416016,10.388238906860352,601312
2020-03-10,17.428852081298828,17.61530876159668,16.69283676147461,17.046123504638672,10.45444393157959,496253
2020-03-11,16.957801818847656,16.957801818847656,16.10402488708496,16.5260066986084,10.135457038879395,445711
2020-03-12,15.642786979675293,15.642786979675293,12.38469123840332,14.514229774475098,8.901626586914062,708918
2020-03-13,15.00490665435791,15.220805168151855,13.513248443603516,14.151128768920898,8.678934097290039,465581
2020-03-16,10.304220199584961,11.85476016998291,10.176644325256348,10.402355194091797,6.379798889160156,767205
2020-03-17,10.304220199584961,11.442590713500977,10.215897560119629,10.304220199584961,6.319612503051758,670808
2020-03-18,9.646712303161621,11.050048828125,9.254171371459961,9.597644805908203,5.88626766204834,952969
2020-03-19,9.519136428833008,11.4131498336792,9.33267879486084,11.148183822631836,6.837217330932617,704027
2020-03-20,11.20706558227539,11.422964096069336,9.362119674682617,9.381747245788574,5.753857612609863,639830
2020-03-23,9.725220680236816,9.725220680236816,7.546614170074463,7.546614170074463,4.628362655639648,715134
2020-03-24,7.880274772644043,10.304220199584961,7.7723259925842285,8.96957778930664,5.501072406768799,588473
2020-03-25,8.83218765258789,11.050048828125,8.83218765258789,9.430814743041992,5.783951759338379,514595
2020-03-26,9.764474868774414,12.325810432434082,9.764474868774414,11.20706558227539,6.873331069946289,478624
2020-03-27,11.18743896484375,11.540725708007812,10.539745330810547,10.775270462036133,6.608509540557861,420337
2020-03-30,10.117762565612793,10.314032554626465,9.028458595275879,9.057900428771973,5.770722389221191,441431
2020-03-31,8.959763526916504,9.656525611877441,8.959763526916504,9.097153663635254,5.795731544494629,251183
2020-04-01,8.83218765258789,8.83218765258789,7.7036309242248535,7.860648155212402,5.007963180541992,366025
2020-04-02,8.164868354797363,8.351325035095215,7.477920055389404,7.791953086853027,4.964197158813477,518060
2020-04-03,7.654562950134277,7.71344518661499,6.977428913116455,7.193326950073242,4.582816123962402,305292
2020-04-06,7.57605504989624,7.860648155212402,7.065751075744629,7.124631881713867,4.539051532745361,490547
2020-04-07,7.468105792999268,8.223749160766602,7.134446144104004,7.76251220703125,4.945440769195557,497068
2020-04-08,8.05691909790039,9.685967445373535,8.047104835510254,8.675171852111816,5.526889324188232,766492
2020-04-09,9.057900428771973,10.54955768585205,9.008831977844238,10.166830062866211,6.477213382720947,847706
2020-04-13,10.736016273498535,10.736016273498535,9.33267879486084,10.245339393615723,6.527231693267822,431954
2020-04-14,10.66732120513916,10.794897079467773,10.01962661743164,10.52993106842041,6.708541393280029,363783
2020-04-15,9.990185737609863,10.323846817016602,9.568203926086426,10.098134994506836,6.433447360992432,495947
2020-04-16,10.078508377075195,10.471050262451172,9.568203926086426,9.833169937133789,6.2646403312683105,297650
2020-04-17,10.098134994506836,10.284592628479004,9.568203926086426,9.882237434387207,6.295901298522949,400875
2020-04-20,9.685967445373535,9.872424125671387,9.430814743041992,9.627084732055664,6.133345127105713,231313
2020-04-21,9.342493057250977,9.558390617370605,8.606476783752441,9.234543800354004,5.883261680603027,297344
2020-04-22,9.205102920532227,9.303237915039062,8.940136909484863,9.067712783813477,5.776974201202393,143577
2020-04-23,8.910696983337402,9.234543800354004,8.753680229187012,9.008831977844238,5.739461421966553,241911
2020-04-24,9.057900428771973,9.911678314208984,9.028458595275879,9.715407371520996,6.189615249633789,361949
2020-04-27,9.793915748596191,10.392541885375977,9.607458114624023,10.13739013671875,6.458456516265869,507666
2020-04-28,10.392541885375977,10.775270462036133,9.784102439880371,9.813543319702148,6.252139091491699,434807
2020-04-29,9.892050743103027,10.52011775970459,9.823355674743652,10.029440879821777,6.389682292938232,304783
2020-04-30,10.186456680297852,10.402355194091797,9.61727237701416,9.970559120178223,6.352170467376709,353185
2020-05-01,9.725220680236816,9.793915748596191,9.362119674682617,9.48969554901123,6.045816421508789,270748
2020-05-04,9.3130521774292,9.45044231414795,8.83218765258789,9.048086166381836,5.764470100402832,217658
2020-05-05,9.165848731994629,9.901865005493164,9.057900428771973,9.263983726501465,5.902017116546631,448462
2020-05-06,9.519136428833008,9.970559120178223,9.33267879486084,9.509323120117188,6.058321475982666,353491
2020-05-07,9.666339874267578,10.107949256896973,9.371932983398438,9.941119194030762,6.333414077758789,462422
2020-05-08,10.058880805969238,10.50049114227295,9.892050743103027,10.314032554626465,6.570994853973389,409842
2020-05-11,10.794897079467773,10.902846336364746,10.245339393615723,10.775270462036133,6.864847183227539,712485
2020-05-12,10.600000381469727,10.949999809265137,10.0,10.130000114440918,6.4537506103515625,487400
2020-05-13,10.029999732971191,10.039999961853027,9.09000015258789,9.289999961853027,5.91859245300293,480000
2020-05-14,9.010000228881836,9.6899995803833,9.0,9.510000228881836,6.058752536773682,234400
2020-05-15,9.229999542236328,9.489999771118164,9.020000457763672,9.479999542236328,6.039638042449951,216600
2020-05-18,9.989999771118164,10.0600004196167,9.609999656677246,9.800000190734863,6.243508815765381,273600
2020-05-19,9.859999656677246,10.039999961853027,9.5,9.880000114440918,6.29447603225708,249700
2020-05-20,10.0,10.300000190734863,9.859999656677246,9.899999618530273,6.307217597961426,148900
2020-05-21,9.829999923706055,10.260000228881836,9.770000457763672,10.109999656677246,6.441007137298584,199200
2020-05-22,10.180000305175781,10.289999961853027,9.9399995803833,10.289999961853027,6.5556840896606445,211900
2020-05-26,10.420000076293945,10.75,10.420000076293945,10.649999618530273,6.785037517547607,250500
2020-05-27,11.0,11.0,10.479999542236328,10.850000381469727,6.912456035614014,217900
2020-05-28,11.029999732971191,11.180000305175781,10.460000038146973,10.680000305175781,6.804150581359863,411900
2020-05-29,10.649999618530273,10.760000228881836,10.399999618530273,10.729999542236328,6.836005687713623,330100
2020-06-01,10.65999984741211,10.729999542236328,10.199999809265137,10.550000190734863,6.721328258514404,344700
2020-06-02,10.5600004196167,10.59000015258789,10.210000038146973,10.510000228881836,6.695845127105713,250100
2020-06-03,10.510000228881836,11.289999961853027,10.449999809265137,11.229999542236328,7.154552459716797,520100
2020-06-04,11.239999771118164,11.40999984741211,11.0,11.199999809265137,7.135438442230225,271400
2020-06-05,11.520000457763672,12.329999923706055,11.489999771118164,11.800000190734863,7.517694473266602,673100
2020-06-08,12.1899995803833,13.170000076293945,12.039999961853027,12.539999961853027,7.989142894744873,531800
2020-06-09,12.800000190734863,13.369999885559082,12.609999656677246,13.010000228881836,8.288578033447266,708300
2020-06-10,13.109999656677246,13.119999885559082,12.109999656677246,12.359999656677246,7.874464988708496,542200
2020-06-11,12.0,12.100000381469727,11.40999984741211,11.8100004196167,7.524066925048828,420500
2020-06-12,12.25,12.5,11.680000305175781,11.960000038146973,7.619629383087158,294000
2020-06-15,11.6899995803833,12.420000076293945,11.619999885559082,12.34000015258789,7.861724376678467,270200
2020-06-16,12.600000381469727,12.949999809265137,12.279999732971191,12.430000305175781,7.919060230255127,242000
2020-06-17,12.5,12.619999885559082,12.010000228881836,12.149999618530273,7.740677356719971,274800
2020-06-18,11.970000267028809,12.180000305175781,11.649999618530273,12.0,7.64511251449585,272200
2020-06-19,12.279999732971191,12.279999732971191,11.779999732971191,12.109999656677246,7.715194225311279,352800
2020-06-22,11.949999809265137,11.949999809265137,11.710000038146973,11.829999923706055,7.536806106567383,220000
2020-06-23,11.949999809265137,12.079999923706055,11.390000343322754,11.630000114440918,7.409388542175293,298000
2020-06-24,11.399999618530273,11.479999542236328,11.0,11.359999656677246,7.23737096786499,324300
2020-06-25,11.34000015258789,11.760000228881836,11.319999694824219,11.670000076293945,7.434872150421143,224400
2020-06-26,11.600000381469727,11.6899995803833,11.289999961853027,11.4399995803833,7.288341045379639,228200
2020-06-29,10.989999771118164,11.350000381469727,10.869999885559082,11.130000114440918,7.308040618896484,318000
2020-06-30,10.949999809265137,11.220000267028809,10.9399995803833,11.079999923706055,7.275209426879883,190700
2020-07-01,10.960000038146973,11.25,10.9399995803833,10.979999542236328,7.209547996520996,221000
2020-07-02,11.050000190734863,11.350000381469727,10.930000305175781,11.029999732971191,7.2423787117004395,151600
2020-07-06,11.100000381469727,11.140000343322754,10.6899995803833,10.890000343322754,7.150454044342041,217900
2020-07-07,10.770000457763672,10.829999923706055,10.489999771118164,10.579999923706055,6.946904182434082,375600
2020-07-08,10.489999771118164,10.680000305175781,10.260000228881836,10.420000076293945,6.841847896575928,228300
2020-07-09,10.390000343322754,10.390000343322754,10.0,10.210000038146973,6.703960418701172,253900
2020-07-10,10.100000381469727,10.380000114440918,10.039999961853027,10.34000015258789,6.789320468902588,231000
2020-07-13,10.5,10.5,10.170000076293945,10.279999732971191,6.749922275543213,232700
2020-07-14,10.239999771118164,10.25,9.970000267028809,10.170000076293945,6.6776957511901855,234400
2020-07-15,10.510000228881836,10.550000190734863,10.0600004196167,10.199999809265137,6.697393894195557,247100
2020-07-16,10.260000228881836,10.289999961853027,10.029999732971191,10.0600004196167,6.605468273162842,149200
2020-07-17,10.039999961853027,10.220000267028809,9.979999542236328,10.0,6.566072463989258,183400
2020-07-20,10.020000457763672,10.069999694824219,9.729999542236328,9.859999656677246,6.474148273468018,205600
2020-07-21,9.859999656677246,10.069999694824219,9.75,10.050000190734863,6.598903656005859,139000
2020-07-22,10.029999732971191,10.069999694824219,9.760000228881836,10.029999732971191,6.585771083831787,197800
2020-07-23,10.0,10.149999618530273,9.899999618530273,10.0,6.566072463989258,95100
2020-07-24,9.930000305175781,10.0,9.609999656677246,9.609999656677246,6.309996604919434,116500
2020-07-27,9.600000381469727,9.75,9.220000267028809,9.479999542236328,6.224636554718018,208400
2020-07-28,9.350000381469727,9.84000015258789,9.350000381469727,9.680000305175781,6.355957984924316,222700
2020-07-29,9.670000076293945,9.859999656677246,9.630000114440918,9.680000305175781,6.355957984924316,309300
2020-07-30,9.829999923706055,10.119999885559082,9.460000038146973,9.989999771118164,6.559506893157959,286300
2020-07-31,9.930000305175781,10.279999732971191,9.930000305175781,10.069999694824219,6.612034797668457,225600
2020-08-03,10.069999694824219,10.470000267028809,10.050000190734863,10.170000076293945,6.6776957511901855,172700
2020-08-04,10.119999885559082,10.239999771118164,9.90999984741211,10.130000114440918,6.65143346786499,180100
2020-08-05,10.069999694824219,10.369999885559082,10.069999694824219,10.300000190734863,6.763055324554443,141100
2020-08-06,10.600000381469727,10.84000015258789,10.390000343322754,10.520000457763672,6.907508373260498,282100
2020-08-07,10.5,10.520000457763672,10.329999923706055,10.520000457763672,6.907508373260498,138400
2020-08-10,10.520000457763672,11.010000228881836,10.520000457763672,10.75,7.058527946472168,199100
2020-08-11,10.90999984741211,11.0,10.710000038146973,10.729999542236328,7.0453972816467285,165500
2020-08-12,10.84000015258789,10.960000038146973,10.75,10.90999984741211,7.163586139678955,152000
2020-08-13,10.859999656677246,10.9399995803833,10.65999984741211,10.8100004196167,7.097924709320068,219800
2020-08-14,10.619999885559082,10.6899995803833,10.420000076293945,10.579999923706055,6.946904182434082,310800
2020-08-17,10.34000015258789,10.609999656677246,10.319999694824219,10.390000343322754,6.822152614593506,279700
2020-08-18,10.350000381469727,10.630000114440918,10.34000015258789,10.399999618530273,6.828715801239014,204100
2020-08-19,10.350000381469727,10.569999694824219,10.270000457763672,10.449999809265137,6.861545085906982,112100
2020-08-20,10.359999656677246,10.770000457763672,10.359999656677246,10.539999961853027,6.9206414222717285,193300
2020-08-21,10.460000038146973,10.510000228881836,10.329999923706055,10.390000343322754,6.822152614593506,162800
2020-08-24,10.460000038146973,11.0,10.430000305175781,10.850000381469727,7.1241888999938965,214400
2020-08-25,10.90999984741211,10.979999542236328,10.399999618530273,10.770000457763672,7.071660995483398,196500
2020-08-26,10.770000457763672,10.770000457763672,10.3100004196167,10.539999961853027,6.9206414222717285,256100
2020-08-27,10.5,10.729999542236328,10.449999809265137,10.5600004196167,6.933773994445801,105000
2020-08-28,10.699999809265137,10.960000038146973,10.5600004196167,10.859999656677246,7.13075590133667,173600
2020-08-31,10.800000190734863,10.949999809265137,10.649999618530273,10.760000228881836,7.065094470977783,191300
2020-09-01,10.630000114440918,10.979999542236328,10.630000114440918,10.800000190734863,7.091358661651611,202400
2020-09-02,10.75,10.819999694824219,10.399999618530273,10.739999771118164,7.051962852478027,255900
2020-09-03,10.739999771118164,10.760000228881836,10.479999542236328,10.579999923706055,6.946904182434082,222500
2020-09-04,10.5,10.609999656677246,10.210000038146973,10.489999771118164,6.887810707092285,294500
2020-09-08,10.40999984741211,10.699999809265137,10.390000343322754,10.529999732971191,6.914076328277588,188800
2020-09-09,10.5600004196167,10.699999809265137,10.510000228881836,10.59000015258789,6.9534711837768555,105000
2020-09-10,10.630000114440918,10.6899995803833,10.510000228881836,10.569999694824219,6.9403395652771,150100
2020-09-11,10.619999885559082,10.829999923706055,10.569999694824219,10.710000038146973,7.0322651863098145,165000
2020-09-14,10.670000076293945,10.9399995803833,10.600000381469727,10.6899995803833,7.019132137298584,170000
2020-09-15,10.770000457763672,10.890000343322754,10.670000076293945,10.75,7.058527946472168,147600
2020-09-16,10.75,10.920000076293945,10.640000343322754,10.65999984741211,6.999433517456055,194400
2020-09-17,10.5,10.779999732971191,10.479999542236328,10.6899995803833,7.019132137298584,198100
2020-09-18,10.75,10.800000190734863,10.680000305175781,10.770000457763672,7.071660995483398,247700
2020-09-21,10.569999694824219,10.65999984741211,10.520000457763672,10.649999618530273,6.992867946624756,182000
2020-09-22,10.619999885559082,10.760000228881836,10.520000457763672,10.600000381469727,6.960037708282471,163500
2020-09-23,10.640000343322754,10.680000305175781,10.5,10.5,6.8943772315979,136600
2020-09-24,10.550000190734863,10.619999885559082,10.25,10.449999809265137,6.861545085906982,258400
2020-09-25,10.40999984741211,10.640000343322754,10.399999618530273,10.529999732971191,6.914076328277588,244600
2020-09-28,10.600000381469727,10.899999618530273,10.600000381469727,10.789999961853027,7.084792137145996,221300
2020-09-29,10.359999656677246,10.5,10.229999542236328,10.350000381469727,7.01699686050415,264900
2020-09-30,10.300000190734863,10.489999771118164,10.149999618530273,10.199999809265137,6.9153008460998535,199000
2020-10-01,10.170000076293945,10.350000381469727,10.0,10.149999618530273,6.881401062011719,197600
2020-10-02,10.069999694824219,10.5,10.069999694824219,10.460000038146973,7.091574668884277,159500
2020-10-05,10.5,10.539999961853027,10.170000076293945,10.380000114440918,7.03733491897583,135600
2020-10-06,10.399999618530273,10.5,10.149999618530273,10.239999771118164,6.942419528961182,117700
2020-10-07,10.199999809265137,10.289999961853027,9.890000343322754,10.229999542236328,6.935639381408691,248300
2020-10-08,10.319999694824219,10.479999542236328,10.220000267028809,10.3100004196167,6.989878177642822,99600
2020-10-09,10.359999656677246,10.399999618530273,10.0,10.130000114440918,6.867842197418213,207000
2020-10-12,10.210000038146973,10.210000038146973,9.9399995803833,10.039999961853027,6.80682373046875,122200
2020-10-13,10.069999694824219,10.100000381469727,9.979999542236328,10.039999961853027,6.80682373046875,100000
2020-10-14,10.039999961853027,10.180000305175781,9.970000267028809,10.020000457763672,6.7932658195495605,170900
2020-10-15,9.989999771118164,10.050000190734863,9.90999984741211,9.979999542236328,6.766146183013916,87100
2020-10-16,9.960000038146973,10.050000190734863,9.800000190734863,9.960000038146973,6.752586841583252,139800
2020-10-19,10.0,10.0,9.75,9.770000457763672,6.62377405166626,161200
2020-10-20,9.869999885559082,9.890000343322754,9.75,9.789999961853027,6.637333869934082,140900
2020-10-21,9.789999961853027,9.829999923706055,9.699999809265137,9.699999809265137,6.576314449310303,147900
2020-10-22,9.65999984741211,9.710000038146973,9.479999542236328,9.539999961853027,6.467840194702148,173800
2020-10-23,9.5600004196167,9.59000015258789,9.329999923706055,9.420000076293945,6.386482238769531,156700
2020-10-26,9.359999656677246,9.369999885559082,9.15999984741211,9.279999732971191,6.291568756103516,171100
2020-10-27,9.270000457763672,9.479999542236328,9.270000457763672,9.350000381469727,6.339025020599365,125900
2020-10-28,9.220000267028809,9.300000190734863,8.920000076293945,8.970000267028809,6.081397533416748,269100
2020-10-29,8.949999809265137,9.220000267028809,8.949999809265137,9.180000305175781,6.2237701416015625,197000
2020-10-30,9.25,9.569999694824219,9.119999885559082,9.15999984741211,6.21021032333374,641000
2020-11-02,9.210000038146973,9.65999984741211,9.210000038146973,9.4399995803833,6.400042533874512,257600
2020-11-03,9.600000381469727,9.680000305175781,9.4399995803833,9.600000381469727,6.508518218994141,126900
2020-11-04,9.640000343322754,9.90999984741211,9.5600004196167,9.75,6.610213279724121,138100
2020-11-05,9.75,10.239999771118164,9.75,10.100000381469727,6.847503662109375,140200
2020-11-06,10.25,10.600000381469727,9.949999809265137,10.1899995803833,6.908520221710205,307000
2020-11-09,10.649999618530273,11.3100004196167,10.1899995803833,10.5,7.118691444396973,494600
2020-11-10,10.5600004196167,11.010000228881836,10.5,10.960000038146973,7.430557727813721,378600
2020-11-11,11.09000015258789,11.09000015258789,10.789999961853027,10.890000343322754,7.383100986480713,311100
2020-11-12,10.8100004196167,10.979999542236328,10.640000343322754,10.739999771118164,7.281404495239258,259200
2020-11-13,10.670000076293945,10.84000015258789,10.649999618530273,10.800000190734863,7.322083473205566,262100
2020-11-16,11.029999732971191,11.130000114440918,10.789999961853027,11.010000228881836,7.4644575119018555,383100
2020-11-17,10.890000343322754,11.390000343322754,10.880000114440918,11.270000457763672,7.640730381011963,244800
2020-11-18,11.350000381469727,11.640000343322754,11.270000457763672,11.289999961853027,7.6542887687683105,333500
2020-11-19,11.420000076293945,11.800000190734863,11.420000076293945,11.6899995803833,7.925478458404541,308700
2020-11-20,11.600000381469727,11.829999923706055,11.489999771118164,11.569999694824219,7.844119071960449,268600
2020-11-23,11.6899995803833,11.760000228881836,11.579999923706055,11.649999618530273,7.89835786819458,349900
2020-11-24,11.850000381469727,12.039999961853027,11.680000305175781,11.75,7.966155052185059,389200
2020-11-25,11.859999656677246,12.109999656677246,11.779999732971191,12.020000457763672,8.14920711517334,320400
2020-11-27,12.050000190734863,12.319999694824219,11.970000267028809,12.0,8.13564682006836,335900
2020-11-30,12.069999694824219,12.15999984741211,11.699999809265137,11.800000190734863,8.000054359436035,240300
2020-12-01,12.020000457763672,12.270000457763672,11.930000305175781,12.1899995803833,8.2644624710083,185400
2020-12-02,12.149999618530273,12.350000381469727,12.050000190734863,12.0600004196167,8.176325798034668,390400
2020-12-03,12.100000381469727,12.670000076293945,12.100000381469727,12.5,8.474632263183594,678200
2020-12-04,12.630000114440918,13.380000114440918,12.619999885559082,12.829999923706055,8.698363304138184,527700
2020-12-07,12.819999694824219,12.949999809265137,12.5,12.579999923706055,8.528871536254883,336500
2020-12-08,12.5,12.649999618530273,12.399999618530273,12.5,8.474632263183594,207200
2020-12-09,12.489999771118164,12.630000114440918,12.170000076293945,12.279999732971191,8.325480461120605,301300
2020-12-10,12.140000343322754,12.369999885559082,12.140000343322754,12.300000190734863,8.339037895202637,196700
2020-12-11,12.229999542236328,12.550000190734863,12.229999542236328,12.5,8.474632263183594,176700
2020-12-14,12.5,12.729999542236328,12.4399995803833,12.65999984741211,8.583107948303223,439500
2020-12-15,12.609999656677246,12.850000381469727,12.600000381469727,12.8100004196167,8.68480396270752,380300
2020-12-16,12.84000015258789,12.979999542236328,12.699999809265137,12.800000190734863,8.678025245666504,405700
2020-12-17,12.859999656677246,13.039999961853027,12.6899995803833,12.859999656677246,8.71870231628418,331900
2020-12-18,12.960000038146973,12.960000038146973,12.399999618530273,12.539999961853027,8.501751899719238,1499600
2020-12-21,12.5,12.65999984741211,12.399999618530273,12.479999542236328,8.461073875427246,361900
2020-12-22,12.430000305175781,12.720000267028809,12.300000190734863,12.369999885559082,8.386495590209961,456500
2020-12-23,12.449999809265137,12.609999656677246,12.420000076293945,12.539999961853027,8.501751899719238,257700
2020-12-24,12.550000190734863,12.619999885559082,12.289999961853027,12.4399995803833,8.433954238891602,154300
2020-12-28,12.479999542236328,12.600000381469727,12.3100004196167,12.420000076293945,8.420394897460938,450100
2020-12-29,12.479999542236328,12.550000190734863,12.350000381469727,12.4399995803833,8.433954238891602,404600
2020-12-30,12.09000015258789,12.1899995803833,11.979999542236328,12.0,8.364253044128418,570300
2020-12-31,11.890000343322754,12.15999984741211,11.850000381469727,12.130000114440918,8.454864501953125,690600
2021-01-04,12.239999771118164,12.239999771118164,11.800000190734863,12.029999732971191,8.385162353515625,350200
2021-01-05,11.979999542236328,12.289999961853027,11.930000305175781,12.100000381469727,8.433954238891602,200300
2021-01-06,12.25,12.430000305175781,12.229999542236328,12.350000381469727,8.608210563659668,270000
2021-01-07,12.4399995803833,12.520000457763672,12.319999694824219,12.359999656677246,8.615178108215332,217700
2021-01-08,12.40999984741211,12.40999984741211,12.180000305175781,12.369999885559082,8.622149467468262,164400
2021-01-11,12.260000228881836,12.5,12.220000267028809,12.40999984741211,8.650030136108398,219200
2021-01-12,12.479999542236328,12.6899995803833,12.470000267028809,12.529999732971191,8.733672142028809,252700
2021-01-13,12.550000190734863,12.649999618530273,12.479999542236328,12.510000228881836,8.719734191894531,132000
2021-01-14,12.510000228881836,12.789999961853027,12.5,12.6899995803833,8.845196723937988,164300
2021-01-15,12.569999694824219,12.779999732971191,12.569999694824219,12.65999984741211,8.824287414550781,168800
2021-01-19,12.710000038146973,12.90999984741211,12.59000015258789,12.789999961853027,8.914898872375488,404100
2021-01-20,12.859999656677246,12.970000267028809,12.800000190734863,12.829999923706055,8.942780494689941,242500
2021-01-21,12.8100004196167,13.050000190734863,12.75,12.899999618530273,8.991571426391602,164400
2021-01-22,12.8100004196167,12.890000343322754,12.710000038146973,12.850000381469727,8.956718444824219,221200
2021-01-25,12.789999961853027,12.970000267028809,12.760000228881836,12.760000228881836,8.893986701965332,192100
2021-01-26,12.829999923706055,12.890000343322754,12.680000305175781,12.800000190734863,8.921869277954102,220000
2021-01-27,12.699999809265137,12.880000114440918,12.619999885559082,12.65999984741211,8.824287414550781,262300
2021-01-28,12.630000114440918,12.710000038146973,12.399999618530273,12.630000114440918,8.803375244140625,393700
2021-01-29,12.729999542236328,12.850000381469727,12.489999771118164,12.5,8.712762832641602,335700
2021-02-01,12.539999961853027,12.720000267028809,12.470000267028809,12.649999618530273,8.817315101623535,267600
2021-02-02,12.739999771118164,12.9399995803833,12.670000076293945,12.779999732971191,8.907927513122559,207500
2021-02-03,12.75,12.920000076293945,12.720000267028809,12.850000381469727,8.956718444824219,208800
2021-02-04,12.890000343322754,12.989999771118164,12.819999694824219,12.84000015258789,8.949749946594238,364200
2021-02-05,13.0,13.380000114440918,13.0,13.199999809265137,9.200677871704102,548300
2021-02-08,13.3100004196167,13.399999618530273,13.239999771118164,13.270000457763672,9.249469757080078,341700
2021-02-09,13.34000015258789,13.4399995803833,13.270000457763672,13.300000190734863,9.270380020141602,277400
2021-02-10,13.430000305175781,13.550000190734863,13.390000343322754,13.399999618530273,9.340081214904785,277600
2021-02-11,13.569999694824219,13.680000305175781,13.40999984741211,13.569999694824219,9.458574295043945,293600
2021-02-12,13.609999656677246,13.739999771118164,13.579999923706055,13.649999618530273,9.514334678649902,273200
2021-02-16,13.739999771118164,13.960000038146973,13.699999809265137,13.84000015258789,9.646771430969238,264400
2021-02-17,13.819999694824219,14.079999923706055,13.760000228881836,13.890000343322754,9.681623458862305,280000
2021-02-18,13.779999732971191,13.960000038146973,13.779999732971191,13.829999923706055,9.639801025390625,170300
2021-02-19,13.890000343322754,13.949999809265137,13.760000228881836,13.779999732971191,9.604949951171875,154500
2021-02-22,13.890000343322754,14.100000381469727,13.850000381469727,13.899999618530273,9.688591003417969,312500
2021-02-23,13.979999542236328,14.210000038146973,13.75,13.970000267028809,9.737383842468262,517900
2021-02-24,14.09000015258789,14.170000076293945,13.960000038146973,13.960000038146973,9.730415344238281,423000
2021-02-25,14.100000381469727,14.359999656677246,13.979999542236328,13.989999771118164,9.751324653625488,438800
2021-02-26,14.039999961853027,14.229999542236328,14.0,14.0600004196167,9.800115585327148,402500
2021-03-01,15.0,15.0,14.510000228881836,14.630000114440918,10.197418212890625,465600
2021-03-02,14.739999771118164,14.890000343322754,14.59000015258789,14.710000038146973,10.253180503845215,255900
2021-03-03,14.770000457763672,15.069999694824219,14.739999771118164,14.930000305175781,10.406523704528809,411000
2021-03-04,14.930000305175781,15.0600004196167,14.390000343322754,14.710000038146973,10.253180503845215,307300
2021-03-05,14.75,14.960000038146973,14.09000015258789,14.710000038146973,10.253180503845215,415900
2021-03-08,14.680000305175781,14.949999809265137,14.65999984741211,14.880000114440918,10.371673583984375,217600
2021-03-09,14.899999618530273,14.970000267028809,14.770000457763672,14.880000114440918,10.371673583984375,201700
2021-03-10,15.0,15.1899995803833,15.0,15.020000457763672,10.469255447387695,295200
2021-03-11,15.15999984741211,15.15999984741211,14.890000343322754,14.9399995803833,10.413492202758789,244500
2021-03-12,14.989999771118164,15.1899995803833,14.920000076293945,14.970000267028809,10.434406280517578,249300
2021-03-15,15.210000038146973,15.369999885559082,15.0,15.279999732971191,10.650483131408691,302900
2021-03-16,15.279999732971191,15.390000343322754,15.0600004196167,15.3100004196167,10.671391487121582,149200
2021-03-17,15.369999885559082,15.430000305175781,15.170000076293945,15.289999961853027,10.657450675964355,135100
2021-03-18,15.289999961853027,15.3100004196167,14.970000267028809,15.0,10.455315589904785,218100
2021-03-19,15.0,15.260000228881836,14.920000076293945,15.09000015258789,10.518046379089355,338900
2021-03-22,15.199999809265137,15.270000457763672,15.079999923706055,15.170000076293945,10.573808670043945,108800
2021-03-23,15.15999984741211,15.220000267028809,15.010000228881836,15.050000190734863,10.490165710449219,118800
2021-03-24,15.130000114440918,15.210000038146973,14.920000076293945,14.9399995803833,10.413492202758789,195900
2021-03-25,14.960000038146973,15.239999771118164,14.720000267028809,15.149999618530273,10.559868812561035,263600
2021-03-26,15.100000381469727,15.3100004196167,14.970000267028809,15.289999961853027,10.657450675964355,288100
2021-03-29,15.279999732971191,15.399999618530273,15.180000305175781,15.34000015258789,10.692302703857422,192300
2021-03-30,14.979999542236328,15.09000015258789,14.710000038146973,14.979999542236328,10.678046226501465,191400
2021-03-31,15.0,15.020000457763672,14.779999732971191,14.779999732971191,10.535483360290527,250900
2021-04-01,14.770000457763672,14.960000038146973,14.710000038146973,14.960000038146973,10.663789749145508,155500
2021-04-05,15.020000457763672,15.100000381469727,14.920000076293945,14.989999771118164,10.685173034667969,194500
2021-04-06,15.010000228881836,15.210000038146973,15.010000228881836,15.199999809265137,10.834866523742676,114600
2021-04-07,15.149999618530273,15.550000190734863,15.130000114440918,15.550000190734863,11.084355354309082,271000
2021-04-08,15.550000190734863,15.6899995803833,15.479999542236328,15.6899995803833,11.184148788452148,102700
2021-04-09,15.6899995803833,15.720000267028809,15.550000190734863,15.600000381469727,11.1199951171875,132900
2021-04-12,15.609999656677246,15.770000457763672,15.600000381469727,15.65999984741211,11.162763595581055,148900
2021-04-13,15.630000114440918,15.819999694824219,15.5600004196167,15.680000305175781,11.177022933959961,139300
2021-04-14,15.800000190734863,15.9399995803833,15.550000190734863,15.569999694824219,11.098610877990723,246200
2021-04-15,15.569999694824219,15.8100004196167,15.569999694824219,15.75,11.226917266845703,215100
2021-04-16,15.880000114440918,15.880000114440918,15.670000076293945,15.680000305175781,11.177022933959961,117400
2021-04-19,15.630000114440918,15.84000015258789,15.630000114440918,15.699999809265137,11.191276550292969,116000
2021-04-20,15.699999809265137,15.729999542236328,15.579999923706055,15.640000343322754,11.148506164550781,105000
2021-04-21,15.600000381469727,15.850000381469727,15.489999771118164,15.65999984741211,11.162763595581055,288300
2021-04-22,15.6899995803833,15.760000228881836,15.649999618530273,15.6899995803833,11.184148788452148,107900
2021-04-23,15.609999656677246,15.800000190734863,15.609999656677246,15.75,11.226917266845703,178000
2021-04-26,15.850000381469727,15.930000305175781,15.680000305175781,15.6899995803833,11.184148788452148,149000
2021-04-27,15.729999542236328,15.930000305175781,15.729999542236328,15.859999656677246,11.305327415466309,114200
2021-04-28,15.899999618530273,15.989999771118164,15.8100004196167,15.90999984741211,11.34096908569336,135800
2021-04-29,16.0,16.100000381469727,15.869999885559082,16.049999237060547,11.440762519836426,163000
2021-04-30,16.0,16.18000030517578,15.930000305175781,15.970000267028809,11.383736610412598,215900
2021-05-03,16.059999465942383,16.15999984741211,15.979999542236328,16.030000686645508,11.426507949829102,162700
2021-05-04,16.030000686645508,16.030000686645508,15.729999542236328,15.890000343322754,11.326711654663086,123200
2021-05-05,15.960000038146973,15.970000267028809,15.75,15.970000267028809,11.383736610412598,79300
2021-05-06,16.450000762939453,16.450000762939453,15.649999618530273,15.899999618530273,11.333840370178223,125300
2021-05-07,15.970000267028809,16.110000610351562,15.84000015258789,16.0,11.405121803283691,106700
2021-05-10,16.020000457763672,16.229999542236328,15.989999771118164,15.989999771118164,11.397994995117188,157000
2021-05-11,15.899999618530273,15.949999809265137,15.619999885559082,15.890000343322754,11.326711654663086,171300
2021-05-12,15.960000038146973,15.979999542236328,15.069999694824219,15.239999771118164,10.86337947845459,513600
2021-05-13,15.25,15.729999542236328,15.199999809265137,15.720000267028809,11.205533027648926,179600
2021-05-14,15.770000457763672,15.789999961853027,15.600000381469727,15.65999984741211,11.162763595581055,129500
2021-05-17,15.600000381469727,15.84000015258789,15.600000381469727,15.770000457763672,11.241174697875977,129800
2021-05-18,15.829999923706055,15.930000305175781,15.75,15.800000190734863,11.262557983398438,132000
2021-05-19,15.760000228881836,15.960000038146973,15.630000114440918,15.880000114440918,11.319585800170898,119500
2021-05-20,15.9399995803833,15.970000267028809,15.850000381469727,15.920000076293945,11.348097801208496,139300
2021-05-21,15.949999809265137,16.06999969482422,15.869999885559082,15.970000267028809,11.383736610412598,236200
2021-05-24,16.040000915527344,16.040000915527344,15.789999961853027,15.949999809265137,11.36948013305664,146300
2021-05-25,15.890000343322754,15.949999809265137,15.6899995803833,15.699999809265137,11.191276550292969,161900
2021-05-26,15.680000305175781,15.789999961853027,15.609999656677246,15.789999961853027,11.255431175231934,133900
2021-05-27,15.770000457763672,15.970000267028809,15.770000457763672,15.880000114440918,11.319585800170898,88400
2021-05-28,16.010000228881836,16.09000015258789,15.850000381469727,15.949999809265137,11.36948013305664,216100
2021-06-01,16.06999969482422,16.06999969482422,15.84000015258789,15.90999984741211,11.34096908569336,181600
2021-06-02,15.960000038146973,16.030000686645508,15.880000114440918,16.010000228881836,11.412251472473145,182700
2021-06-03,15.979999542236328,16.040000915527344,15.920000076293945,15.970000267028809,11.383736610412598,141300
2021-06-04,16.0,16.079999923706055,15.880000114440918,15.970000267028809,11.383736610412598,238300
2021-06-07,16.010000228881836,16.09000015258789,15.970000267028809,15.979999542236328,11.390867233276367,179000
2021-06-08,16.010000228881836,16.049999237060547,15.930000305175781,15.989999771118164,11.397994995117188,134100
2021-06-09,15.960000038146973,16.030000686645508,15.949999809265137,15.970000267028809,11.383736610412598,113500
2021-06-10,16.059999465942383,16.059999465942383,15.890000343322754,15.890000343322754,11.326711654663086,173800
2021-06-11,15.920000076293945,16.020000457763672,15.899999618530273,15.970000267028809,11.383736610412598,145000
2021-06-14,15.979999542236328,15.979999542236328,15.84000015258789,15.920000076293945,11.348097801208496,141900
2021-06-15,15.949999809265137,15.960000038146973,15.819999694824219,15.899999618530273,11.333840370178223,179000
2021-06-16,15.739999771118164,15.899999618530273,15.680000305175781,15.84000015258789,11.291070938110352,124100
2021-06-17,15.84000015258789,15.970000267028809,15.510000228881836,15.579999923706055,11.10573959350586,174300
2021-06-18,15.619999885559082,15.739999771118164,15.270000457763672,15.430000305175781,10.998814582824707,436700
2021-06-21,15.479999542236328,15.8100004196167,15.460000038146973,15.8100004196167,11.26968765258789,228200
2021-06-22,15.8100004196167,15.829999923706055,15.649999618530273,15.8100004196167,11.26968765258789,110300
2021-06-23,15.850000381469727,15.9399995803833,15.779999732971191,15.859999656677246,11.305327415466309,107400
2021-06-24,15.920000076293945,16.0,15.8100004196167,16.0,11.405121803283691,138500
2021-06-25,16.0,16.15999984741211,15.920000076293945,16.1299991607666,11.497787475585938,310200
2021-06-28,16.1200008392334,16.1299991607666,15.90999984741211,16.040000915527344,11.433637619018555,253600
2021-06-29,15.649999618530273,15.84000015258789,15.380000114440918,15.460000038146973,11.258853912353516,223400
2021-06-30,15.449999809265137,15.5,15.239999771118164,15.300000190734863,11.142333984375,218700
2021-07-01,15.380000114440918,15.460000038146973,15.289999961853027,15.430000305175781,11.237006187438965,87500
2021-07-02,15.449999809265137,15.59000015258789,15.300000190734863,15.550000190734863,11.324398040771484,125800
2021-07-06,15.59000015258789,15.59000015258789,15.359999656677246,15.470000267028809,11.26613712310791,77700
2021-07-07,15.460000038146973,15.539999961853027,15.25,15.270000457763672,11.120487213134766,97400
2021-07-08,15.25,15.319999694824219,15.0,15.239999771118164,11.098637580871582,133900
2021-07-09,15.300000190734863,15.449999809265137,15.260000228881836,15.40999984741211,11.222441673278809,96700
2021-07-12,15.329999923706055,15.640000343322754,15.300000190734863,15.609999656677246,11.368094444274902,139200
2021-07-13,15.510000228881836,15.529999732971191,15.300000190734863,15.479999542236328,11.273419380187988,140600
2021-07-14,15.550000190734863,15.649999618530273,15.359999656677246,15.390000343322754,11.207877159118652,158200
2021-07-15,15.279999732971191,15.470000267028809,15.210000038146973,15.289999961853027,11.135049819946289,94900
2021-07-16,15.300000190734863,15.399999618530273,15.229999542236328,15.239999771118164,11.098637580871582,92600
2021-07-19,15.149999618530273,15.149999618530273,14.710000038146973,14.989999771118164,10.916572570800781,290900
2021-07-20,15.0600004196167,15.34000015258789,15.010000228881836,15.260000228881836,11.113203048706055,148700
2021-07-21,15.369999885559082,15.550000190734863,15.329999923706055,15.359999656677246,11.186028480529785,104700
2021-07-22,15.449999809265137,15.489999771118164,15.329999923706055,15.350000381469727,11.178746223449707,99600
2021-07-23,15.380000114440918,15.40999984741211,15.15999984741211,15.279999732971191,11.127767562866211,88400
2021-07-26,15.300000190734863,15.449999809265137,15.279999732971191,15.300000190734863,11.142333984375,117100
2021-07-27,15.300000190734863,15.300000190734863,15.119999885559082,15.199999809265137,11.069507598876953,74700
2021-07-28,15.199999809265137,15.300000190734863,15.079999923706055,15.220000267028809,11.084071159362793,100300
2021-07-29,15.220000267028809,15.449999809265137,15.15999984741211,15.199999809265137,11.069507598876953,183300
2021-07-30,15.300000190734863,15.300000190734863,15.0,15.109999656677246,11.0039644241333,236000
2021-08-02,15.180000305175781,15.289999961853027,15.010000228881836,15.050000190734863,10.960268020629883,170400
2021-08-03,15.149999618530273,15.329999923706055,15.069999694824219,15.15999984741211,11.040375709533691,263500
2021-08-04,15.15999984741211,15.260000228881836,15.020000457763672,15.100000381469727,10.99668025970459,152500
2021-08-05,15.199999809265137,15.260000228881836,14.920000076293945,15.149999618530273,11.033095359802246,273900
2021-08-06,15.170000076293945,15.59000015258789,15.069999694824219,15.300000190734863,11.142333984375,217800
2021-08-09,15.300000190734863,15.460000038146973,15.149999618530273,15.329999923706055,11.16418170928955,120500
2021-08-10,15.270000457763672,15.34000015258789,15.09000015258789,15.329999923706055,11.16418170928955,166900
2021-08-11,15.3100004196167,15.5600004196167,15.289999961853027,15.40999984741211,11.222441673278809,165000
2021-08-12,15.420000076293945,15.569999694824219,15.329999923706055,15.5,11.287984848022461,150300
2021-08-13,15.3100004196167,15.460000038146973,15.279999732971191,15.359999656677246,11.186028480529785,157200
2021-08-16,15.359999656677246,15.449999809265137,15.109999656677246,15.260000228881836,11.113203048706055,149700
2021-08-17,15.260000228881836,15.260000228881836,14.890000343322754,15.180000305175781,11.05494213104248,250400
2021-08-18,15.180000305175781,15.260000228881836,15.010000228881836,15.050000190734863,10.960268020629883,164600
2021-08-19,14.90999984741211,15.09000015258789,14.600000381469727,14.65999984741211,10.676248550415039,291100
2021-08-20,14.779999732971191,15.180000305175781,14.710000038146973,15.140000343322754,11.025811195373535,209300
2021-08-23,15.239999771118164,15.270000457763672,14.949999809265137,15.029999732971191,10.945704460144043,126300
2021-08-24,15.100000381469727,15.100000381469727,14.899999618530273,15.0,10.923855781555176,136400
2021-08-25,15.050000190734863,15.289999961853027,15.0,15.140000343322754,11.025811195373535,147400
2021-08-26,15.130000114440918,15.199999809265137,14.949999809265137,15.050000190734863,10.960268020629883,98100
2021-08-27,15.130000114440918,15.40999984741211,15.029999732971191,15.3100004196167,11.149616241455078,157000
2021-08-30,15.399999618530273,15.399999618530273,15.050000190734863,15.079999923706055,10.98211669921875,100300
2021-08-31,15.029999732971191,15.210000038146973,14.960000038146973,15.130000114440918,11.018528938293457,159100
2021-09-01,15.15999984741211,15.319999694824219,15.149999618530273,15.15999984741211,11.040375709533691,85100
2021-09-02,15.100000381469727,15.119999885559082,14.979999542236328,15.050000190734863,10.960268020629883,113100
2021-09-03,15.100000381469727,15.1899995803833,15.050000190734863,15.15999984741211,11.040375709533691,72700
2021-09-07,15.100000381469727,15.300000190734863,15.0600004196167,15.140000343322754,11.025811195373535,180900
2021-09-08,15.130000114440918,15.3100004196167,15.109999656677246,15.1899995803833,11.062225341796875,135100
2021-09-09,15.180000305175781,15.420000076293945,15.130000114440918,15.229999542236328,11.091353416442871,120300
2021-09-10,15.300000190734863,15.300000190734863,15.029999732971191,15.069999694824219,10.974831581115723,68100
2021-09-13,15.140000343322754,15.25,15.0,15.149999618530273,11.033095359802246,225500
2021-09-14,15.25,15.430000305175781,15.100000381469727,15.25,11.10591983795166,197000
2021-09-15,15.199999809265137,15.199999809265137,14.970000267028809,15.15999984741211,11.040375709533691,193100
2021-09-16,15.15999984741211,15.199999809265137,14.979999542236328,15.09000015258789,10.989400863647461,140400
2021-09-17,15.010000228881836,15.25,15.0,15.149999618530273,11.033095359802246,380400
2021-09-20,14.970000267028809,15.100000381469727,14.779999732971191,14.930000305175781,10.872878074645996,232500
2021-09-21,15.029999732971191,15.130000114440918,14.960000038146973,15.069999694824219,10.974831581115723,92100
2021-09-22,15.210000038146973,15.289999961853027,15.0,15.050000190734863,10.960268020629883,143300
2021-09-23,15.170000076293945,15.289999961853027,15.069999694824219,15.180000305175781,11.05494213104248,122200
2021-09-24,15.220000267028809,15.270000457763672,15.130000114440918,15.149999618530273,11.033095359802246,115000
2021-09-27,15.229999542236328,15.300000190734863,15.170000076293945,15.25,11.10591983795166,93700
2021-09-28,15.229999542236328,15.279999732971191,15.100000381469727,15.140000343322754,11.025811195373535,127400
2021-09-29,14.779999732971191,15.029999732971191,14.710000038146973,14.970000267028809,11.152460098266602,213600
2021-09-30,15.0,15.039999961853027,14.84000015258789,14.84000015258789,11.055611610412598,144100
2021-10-01,14.960000038146973,14.960000038146973,14.760000228881836,14.859999656677246,11.070510864257812,114500
2021-10-04,14.800000190734863,14.970000267028809,14.779999732971191,14.829999923706055,11.048160552978516,176300
2021-10-05,14.90999984741211,15.020000457763672,14.800000190734863,14.890000343322754,11.092860221862793,172400
2021-10-06,14.850000381469727,14.989999771118164,14.6899995803833,14.819999694824219,11.040711402893066,174800
2021-10-07,14.920000076293945,14.930000305175781,14.760000228881836,14.760000228881836,10.996011734008789,117700
2021-10-08,14.699999809265137,15.0,14.699999809265137,14.899999618530273,11.100309371948242,165600
2021-10-11,14.979999542236328,15.069999694824219,14.960000038146973,14.989999771118164,11.167359352111816,125000
2021-10-12,15.010000228881836,15.199999809265137,14.979999542236328,15.020000457763672,11.189709663391113,137100
2021-10-13,15.029999732971191,15.09000015258789,14.869999885559082,15.0,11.174809455871582,135800
2021-10-14,15.09000015258789,15.09000015258789,14.920000076293945,14.949999809265137,11.13755989074707,89700
2021-10-15,15.079999923706055,15.079999923706055,14.869999885559082,14.920000076293945,11.115209579467773,172700
2021-10-18,14.920000076293945,14.979999542236328,14.800000190734863,14.850000381469727,11.063060760498047,119200
2021-10-19,14.779999732971191,15.100000381469727,14.779999732971191,15.039999961853027,11.204607963562012,179500
2021-10-20,15.119999885559082,15.239999771118164,15.079999923706055,15.210000038146973,11.331254959106445,175900
2021-10-21,15.199999809265137,15.399999618530273,15.199999809265137,15.350000381469727,11.435554504394531,244100
2021-10-22,15.399999618530273,15.529999732971191,15.319999694824219,15.449999809265137,11.510053634643555,210600
2021-10-25,15.470000267028809,15.550000190734863,15.319999694824219,15.430000305175781,11.49515438079834,124200
2021-10-26,15.5,15.5,15.15999984741211,15.380000114440918,11.457902908325195,175700
2021-10-27,15.390000343322754,15.399999618530273,15.229999542236328,15.34000015258789,11.428104400634766,114800
2021-10-28,15.34000015258789,15.529999732971191,15.34000015258789,15.529999732971191,11.56965160369873,156100
2021-10-29,15.569999694824219,15.600000381469727,15.489999771118164,15.59000015258789,11.61435317993164,166000
2021-11-01,15.529999732971191,15.699999809265137,15.510000228881836,15.619999885559082,11.636701583862305,131200
2021-11-02,15.6899995803833,15.6899995803833,15.300000190734863,15.510000228881836,11.554752349853516,182800
2021-11-03,15.75,15.75,15.510000228881836,15.619999885559082,11.636701583862305,126900
2021-11-04,15.729999542236328,15.869999885559082,15.550000190734863,15.819999694824219,11.785697937011719,138200
2021-11-05,15.899999618530273,15.989999771118164,15.850000381469727,15.960000038146973,11.889996528625488,113100
2021-11-08,16.0,16.06999969482422,15.729999542236328,15.960000038146973,11.889996528625488,168300
2021-11-09,15.90999984741211,15.949999809265137,15.710000038146973,15.819999694824219,11.785697937011719,152200
2021-11-10,15.859999656677246,16.06999969482422,15.699999809265137,15.789999961853027,11.763348579406738,211300
2021-11-11,15.850000381469727,16.040000915527344,15.779999732971191,15.920000076293945,11.860197067260742,133700
2021-11-12,15.920000076293945,16.030000686645508,15.729999542236328,15.739999771118164,11.726099967956543,161900
2021-11-15,15.84000015258789,15.84000015258789,15.4399995803833,15.5,11.547304153442383,152200
2021-11-16,15.510000228881836,15.59000015258789,15.350000381469727,15.4399995803833,11.502603530883789,141600
2021-11-17,15.4399995803833,15.479999542236328,15.289999961853027,15.359999656677246,11.443002700805664,86000
2021-11-18,15.40999984741211,15.539999961853027,15.34000015258789,15.430000305175781,11.49515438079834,194200
2021-11-19,15.59000015258789,15.609999656677246,15.260000228881836,15.34000015258789,11.428104400634766,107900
2021-11-22,15.369999885559082,15.579999923706055,15.279999732971191,15.520000457763672,11.562202453613281,163900
2021-11-23,15.5,15.510000228881836,15.34000015258789,15.40999984741211,11.480254173278809,113400
2021-11-24,15.40999984741211,15.449999809265137,15.25,15.25,11.361056327819824,49400
2021-11-26,15.25,15.25,14.949999809265137,15.079999923706055,11.234408378601074,244600
2021-11-29,15.210000038146973,15.319999694824219,15.039999961853027,15.279999732971191,11.383405685424805,170600
2021-11-30,15.319999694824219,15.369999885559082,15.140000343322754,15.260000228881836,11.368505477905273,276800
2021-12-01,15.359999656677246,15.539999961853027,15.149999618530273,15.149999618530273,11.286558151245117,281400
2021-12-02,15.1899995803833,15.520000457763672,15.149999618530273,15.5,11.547304153442383,259500
2021-12-03,15.449999809265137,15.630000114440918,15.350000381469727,15.579999923706055,11.606903076171875,187000
2021-12-06,15.649999618530273,15.699999809265137,15.510000228881836,15.579999923706055,11.606903076171875,197800
2021-12-07,15.65999984741211,15.760000228881836,15.550000190734863,15.640000343322754,11.651601791381836,148300
2021-12-08,15.600000381469727,15.850000381469727,15.600000381469727,15.819999694824219,11.785697937011719,229500
2021-12-09,15.859999656677246,15.899999618530273,15.670000076293945,15.760000228881836,11.740999221801758,85400
2021-12-10,15.869999885559082,15.869999885559082,15.65999984741211,15.770000457763672,11.748449325561523,144700
2021-12-13,15.75,15.75,15.4399995803833,15.529999732971191,11.56965160369873,363200
2021-12-14,15.569999694824219,15.779999732971191,15.40999984741211,15.449999809265137,11.510053634643555,288600
2021-12-15,15.449999809265137,15.550000190734863,15.300000190734863,15.390000343322754,11.465353965759277,354400
2021-12-16,15.430000305175781,15.470000267028809,15.199999809265137,15.289999961853027,11.390854835510254,246800
2021-12-17,15.399999618530273,15.970000267028809,15.0,15.260000228881836,11.368505477905273,1146600
2021-12-20,15.140000343322754,15.359999656677246,14.960000038146973,15.319999694824219,11.413204193115234,293700
2021-12-21,15.420000076293945,15.520000457763672,15.3100004196167,15.359999656677246,11.443002700805664,216400
2021-12-22,15.350000381469727,15.479999542236328,15.260000228881836,15.34000015258789,11.428104400634766,190200
2021-12-23,15.170000076293945,15.619999885559082,15.15999984741211,15.550000190734863,11.584552764892578,199900
2021-12-27,15.600000381469727,15.800000190734863,15.4399995803833,15.619999885559082,11.636701583862305,265000
2021-12-28,15.710000038146973,15.869999885559082,15.630000114440918,15.649999618530273,11.659050941467285,144000
2021-12-29,15.8100004196167,15.899999618530273,15.640000343322754,15.75,11.733550071716309,349000
2021-12-30,15.380000114440918,15.539999961853027,15.3100004196167,15.319999694824219,11.665021896362305,271900
2021-12-31,15.279999732971191,15.430000305175781,15.149999618530273,15.210000038146973,11.581265449523926,270800
2022-01-03,15.319999694824219,15.5,15.319999694824219,15.470000267028809,11.779236793518066,196500
2022-01-04,15.5,15.710000038146973,15.5,15.59000015258789,11.87060546875,154100
2022-01-05,15.699999809265137,15.84000015258789,15.619999885559082,15.630000114440918,11.901062965393066,152000
2022-01-06,15.710000038146973,15.779999732971191,15.529999732971191,15.569999694824219,11.855377197265625,103600
2022-01-07,15.579999923706055,15.710000038146973,15.449999809265137,15.65999984741211,11.923905372619629,77800
2022-01-10,15.789999961853027,15.84000015258789,15.619999885559082,15.65999984741211,11.923905372619629,143200
2022-01-11,15.670000076293945,15.779999732971191,15.5600004196167,15.729999542236328,11.977203369140625,83900
2022-01-12,15.729999542236328,15.880000114440918,15.729999542236328,15.8100004196167,12.038119316101074,69200
2022-01-13,15.8100004196167,15.819999694824219,15.670000076293945,15.75,11.99243450164795,89100
2022-01-14,15.699999809265137,15.850000381469727,15.6899995803833,15.75,11.99243450164795,269300
2022-01-18,15.720000267028809,15.920000076293945,15.649999618530273,15.779999732971191,12.015277862548828,115100
2022-01-19,15.8100004196167,15.899999618530273,15.720000267028809,15.880000114440918,12.091419219970703,135100
2022-01-20,15.859999656677246,15.869999885559082,15.579999923706055,15.579999923706055,11.862992286682129,85900
2022-01-21,15.5600004196167,15.5600004196167,15.3100004196167,15.319999694824219,11.665021896362305,113000
2022-01-24,15.079999923706055,15.399999618530273,14.75,15.300000190734863,11.64979362487793,396600
2022-01-25,15.229999542236328,15.670000076293945,15.1899995803833,15.59000015258789,11.87060546875,106800
2022-01-26,15.75,15.869999885559082,15.539999961853027,15.649999618530273,11.916291236877441,150600
2022-01-27,15.699999809265137,15.819999694824219,15.539999961853027,15.630000114440918,11.901062965393066,138000
2022-01-28,15.649999618530273,15.850000381469727,15.399999618530273,15.850000381469727,12.06857681274414,249600
2022-01-31,15.430000305175781,15.970000267028809,15.430000305175781,15.960000038146973,12.15233325958252,153700
2022-02-01,15.880000114440918,16.0,15.800000190734863,15.949999809265137,12.144718170166016,226600
2022-02-02,15.880000114440918,16.020000457763672,15.8100004196167,15.899999618530273,12.106648445129395,134600
2022-02-03,15.859999656677246,16.010000228881836,15.789999961853027,15.800000190734863,12.030506134033203,99500
2022-02-04,15.850000381469727,15.920000076293945,15.720000267028809,15.90999984741211,12.114262580871582,81100
2022-02-07,15.9399995803833,16.149999618530273,15.920000076293945,16.030000686645508,12.205633163452148,114000
2022-02-08,16.010000228881836,16.170000076293945,15.880000114440918,16.079999923706055,12.243705749511719,161500
2022-02-09,16.06999969482422,16.1299991607666,15.979999542236328,16.040000915527344,12.213248252868652,78600
2022-02-10,16.040000915527344,16.170000076293945,15.949999809265137,16.020000457763672,12.198019981384277,170200
2022-02-11,16.0,16.139999389648438,15.880000114440918,15.949999809265137,12.144718170166016,143400
2022-02-14,16.0,16.020000457763672,15.8100004196167,15.899999618530273,12.106648445129395,113700
2022-02-15,15.979999542236328,16.0,15.880000114440918,16.0,12.182790756225586,124700
2022-02-16,16.010000228881836,16.170000076293945,15.9399995803833,16.1299991607666,12.28177547454834,145100
2022-02-17,16.1299991607666,16.1299991607666,15.979999542236328,16.079999923706055,12.243705749511719,119900
2022-02-18,16.100000381469727,16.170000076293945,15.979999542236328,16.020000457763672,12.198019981384277,149900
2022-02-22,16.030000686645508,16.030000686645508,15.8100004196167,15.899999618530273,12.106648445129395,161400
2022-02-23,15.989999771118164,16.0,15.760000228881836,15.859999656677246,12.076189994812012,160800
2022-02-24,15.430000305175781,15.699999809265137,15.100000381469727,15.380000114440918,11.710705757141113,376300
2022-02-25,15.470000267028809,15.920000076293945,15.470000267028809,15.770000457763672,12.007662773132324,303400
2022-02-28,15.789999961853027,15.899999618530273,15.65999984741211,15.84000015258789,12.060961723327637,156800
2022-03-01,15.710000038146973,15.989999771118164,15.6899995803833,15.90999984741211,12.114262580871582,186400
2022-03-02,15.960000038146973,16.280000686645508,15.960000038146973,16.1200008392334,12.274162292480469,239400
2022-03-03,16.1299991607666,16.290000915527344,16.1200008392334,16.15999984741211,12.304617881774902,103900
2022-03-04,16.049999237060547,16.09000015258789,15.869999885559082,15.899999618530273,12.106648445129395,665300
2022-03-07,15.9399995803833,15.9399995803833,15.3100004196167,15.390000343322754,11.718320846557617,414000
2022-03-08,15.4399995803833,15.630000114440918,15.319999694824219,15.420000076293945,11.74116325378418,203200
2022-03-09,15.569999694824219,15.770000457763672,15.5600004196167,15.670000076293945,11.931520462036133,137100
2022-03-10,15.649999618530273,15.800000190734863,15.579999923706055,15.609999656677246,11.885833740234375,55100
2022-03-11,15.710000038146973,15.720000267028809,15.520000457763672,15.59000015258789,11.87060546875,177500
2022-03-14,15.75,16.170000076293945,15.6899995803833,15.789999961853027,12.022891998291016,336500
2022-03-15,15.850000381469727,15.930000305175781,15.739999771118164,15.779999732971191,12.015277862548828,145500
2022-03-16,15.84000015258789,15.869999885559082,15.609999656677246,15.670000076293945,11.931520462036133,206900
2022-03-17,15.670000076293945,16.049999237060547,15.670000076293945,16.020000457763672,12.198019981384277,199200
2022-03-18,16.0,16.0,15.619999885559082,15.65999984741211,11.923905372619629,921400
2022-03-21,15.789999961853027,15.970000267028809,15.6899995803833,15.890000343322754,12.099032402038574,159800
2022-03-22,15.949999809265137,15.979999542236328,15.779999732971191,15.930000305175781,12.12948989868164,209200
2022-03-23,15.890000343322754,16.0,15.75,15.8100004196167,12.038119316101074,167100
2022-03-24,15.869999885559082,15.90999984741211,15.770000457763672,15.829999923706055,12.053349494934082,188800
2022-03-25,15.829999923706055,15.970000267028809,15.770000457763672,15.949999809265137,12.144718170166016,116100
2022-03-28,16.0,16.049999237060547,15.850000381469727,15.880000114440918,12.091419219970703,196200
2022-03-29,15.890000343322754,15.920000076293945,15.699999809265137,15.819999694824219,12.045734405517578,283300
2022-03-30,15.5,15.779999732971191,15.5,15.640000343322754,12.17023754119873,175800
2022-03-31,15.640000343322754,15.760000228881836,15.579999923706055,15.59000015258789,12.131329536437988,147700
2022-04-01,15.579999923706055,15.800000190734863,15.550000190734863,15.760000228881836,12.263615608215332,125300
2022-04-04,15.710000038146973,15.789999961853027,15.640000343322754,15.710000038146973,12.22470760345459,139000
2022-04-05,15.819999694824219,15.9399995803833,15.720000267028809,15.890000343322754,12.36477279663086,292100
2022-04-06,15.8100004196167,15.960000038146973,15.779999732971191,15.84000015258789,12.325867652893066,388900
2022-04-07,15.899999618530273,16.010000228881836,15.779999732971191,15.930000305175781,12.39590072631836,137100
2022-04-08,15.949999809265137,16.170000076293945,15.880000114440918,16.100000381469727,12.528185844421387,127100
2022-04-11,16.100000381469727,16.1299991607666,15.90999984741211,16.049999237060547,12.489275932312012,115400
2022-04-12,16.049999237060547,16.1200008392334,15.829999923706055,15.84000015258789,12.325867652893066,162700
2022-04-13,15.9399995803833,16.110000610351562,15.899999618530273,16.09000015258789,12.520402908325195,148700
2022-04-14,16.110000610351562,16.18000030517578,16.0,16.1200008392334,12.54374885559082,160900
2022-04-18,16.1299991607666,16.25,16.040000915527344,16.110000610351562,12.535967826843262,163300
2022-04-19,16.149999618530273,16.190000534057617,16.079999923706055,16.170000076293945,12.582655906677246,105100
2022-04-20,16.200000762939453,16.239999771118164,16.1299991607666,16.219999313354492,12.621562957763672,173800
2022-04-21,16.25,16.25,15.9399995803833,16.0,12.450370788574219,187700
2022-04-22,15.979999542236328,15.979999542236328,15.84000015258789,15.899999618530273,12.37255573272705,174300
2022-04-25,15.850000381469727,15.989999771118164,15.670000076293945,15.90999984741211,12.380337715148926,284900
2022-04-26,15.829999923706055,15.90999984741211,15.510000228881836,15.520000457763672,12.076859474182129,172800
2022-04-27,15.640000343322754,15.84000015258789,15.5600004196167,15.729999542236328,12.24026870727539,173500
2022-04-28,15.779999732971191,15.819999694824219,15.619999885559082,15.65999984741211,12.185800552368164,197800
2022-04-29,15.680000305175781,15.779999732971191,15.34000015258789,15.380000114440918,11.967917442321777,229700
2022-05-02,15.460000038146973,15.479999542236328,15.109999656677246,15.239999771118164,11.858978271484375,243900
2022-05-03,15.260000228881836,15.59000015258789,15.25,15.579999923706055,12.123547554016113,105400
2022-05-04,15.489999771118164,15.75,15.489999771118164,15.729999542236328,12.24026870727539,119500
2022-05-05,15.65999984741211,15.65999984741211,15.300000190734863,15.4399995803833,12.014607429504395,181000
2022-05-06,15.359999656677246,15.619999885559082,15.350000381469727,15.569999694824219,12.115765571594238,124600
2022-05-09,15.40999984741211,15.460000038146973,15.039999961853027,15.210000038146973,11.835633277893066,310700
2022-05-10,15.369999885559082,15.640000343322754,15.119999885559082,15.270000457763672,11.882323265075684,162900
2022-05-11,15.34000015258789,15.449999809265137,15.149999618530273,15.149999618530273,11.78894329071045,144200
2022-05-12,15.079999923706055,15.289999961853027,14.789999961853027,14.930000305175781,11.617753028869629,226300
2022-05-13,14.949999809265137,15.140000343322754,14.90999984741211,14.960000038146973,11.641097068786621,196300
2022-05-16,14.979999542236328,15.199999809265137,14.979999542236328,15.09000015258789,11.742257118225098,146900
2022-05-17,15.1899995803833,15.359999656677246,15.119999885559082,15.170000076293945,11.804508209228516,228000
2022-05-18,15.15999984741211,15.15999984741211,14.5,14.600000381469727,11.360963821411133,280700
2022-05-19,14.510000228881836,14.609999656677246,14.3100004196167,14.489999771118164,11.275365829467773,309500
2022-05-20,14.59000015258789,14.609999656677246,13.850000381469727,14.029999732971191,10.91741943359375,441900
2022-05-23,14.229999542236328,14.319999694824219,14.079999923706055,14.199999809265137,11.049703598022461,298000
2022-05-24,14.119999885559082,14.279999732971191,13.920000076293945,14.119999885559082,10.987451553344727,183900
2022-05-25,14.100000381469727,14.5,14.020000457763672,14.279999732971191,11.111956596374512,270100
2022-05-26,14.390000343322754,14.619999885559082,14.359999656677246,14.529999732971191,11.306492805480957,144200
2022-05-27,14.529999732971191,14.739999771118164,14.529999732971191,14.699999809265137,11.438777923583984,83600
2022-05-31,14.720000267028809,14.819999694824219,14.59000015258789,14.609999656677246,11.368744850158691,126500
2022-06-01,14.579999923706055,14.65999984741211,14.5,14.649999618530273,11.399869918823242,80500
2022-06-02,14.600000381469727,14.789999961853027,14.59000015258789,14.710000038146973,11.44655990600586,81600
2022-06-03,14.670000076293945,14.850000381469727,14.640000343322754,14.699999809265137,11.438777923583984,108800
2022-06-06,14.779999732971191,14.779999732971191,14.600000381469727,14.640000343322754,11.392088890075684,125200
2022-06-07,14.550000190734863,14.720000267028809,14.550000190734863,14.670000076293945,11.41543197631836,122500
2022-06-08,14.6899995803833,14.6899995803833,14.5,14.5600004196167,11.329837799072266,96600
2022-06-09,14.529999732971191,14.600000381469727,14.329999923706055,14.34000015258789,11.158644676208496,154700
2022-06-10,14.270000457763672,14.550000190734863,14.079999923706055,14.460000038146973,11.252022743225098,215300
2022-06-13,14.300000190734863,14.350000381469727,13.640000343322754,13.779999732971191,10.722881317138672,479600
2022-06-14,13.800000190734863,14.069999694824219,13.680000305175781,13.989999771118164,10.886293411254883,476600
2022-06-15,14.0,14.210000038146973,13.90999984741211,14.050000190734863,10.932982444763184,318200
2022-06-16,13.789999961853027,13.789999961853027,13.380000114440918,13.539999961853027,10.536126136779785,323000
2022-06-17,13.539999961853027,13.829999923706055,13.529999732971191,13.600000381469727,10.582816123962402,945200
2022-06-21,13.829999923706055,13.930000305175781,13.640000343322754,13.6899995803833,10.652848243713379,230800
2022-06-22,13.5,13.770000457763672,13.460000038146973,13.710000038146973,10.668411254882812,141600
2022-06-23,13.710000038146973,13.779999732971191,13.470000267028809,13.5600004196167,10.551691055297852,191000
2022-06-24,13.65999984741211,13.789999961853027,13.619999885559082,13.770000457763672,10.715100288391113,147600
2022-06-27,13.850000381469727,14.039999961853027,13.75,14.0,10.894074440002441,162500
2022-06-28,14.09000015258789,14.229999542236328,13.890000343322754,14.029999732971191,10.91741943359375,353300
2022-06-29,13.670000076293945,13.899999618530273,13.59000015258789,13.640000343322754,10.877544403076172,175200
2022-06-30,13.479999542236328,13.729999542236328,13.470000267028809,13.609999656677246,10.853621482849121,154800
2022-07-01,13.579999923706055,13.899999618530273,13.5600004196167,13.890000343322754,11.076912879943848,116000
2022-07-05,13.710000038146973,13.899999618530273,13.5600004196167,13.880000114440918,11.068939208984375,132500
2022-07-06,13.90999984741211,13.989999771118164,13.779999732971191,13.930000305175781,11.10881233215332,217400
2022-07-07,14.039999961853027,14.210000038146973,14.020000457763672,14.100000381469727,11.24438190460205,169200
2022-07-08,14.140000343322754,14.25,14.020000457763672,14.229999542236328,11.348053932189941,61800
2022-07-11,14.220000267028809,14.260000228881836,13.970000267028809,14.010000228881836,11.172609329223633,127600
2022-07-12,13.960000038146973,14.220000267028809,13.960000038146973,14.069999694824219,11.220458030700684,63900
2022-07-13,13.949999809265137,14.119999885559082,13.9399995803833,14.029999732971191,11.188560485839844,92800
2022-07-14,13.899999618530273,13.899999618530273,13.760000228881836,13.850000381469727,11.045014381408691,101600
2022-07-15,14.039999961853027,14.039999961853027,13.880000114440918,13.9399995803833,11.116786003112793,83500
2022-07-18,14.0,14.15999984741211,13.979999542236328,14.0600004196167,11.212482452392578,112200
2022-07-19,14.210000038146973,14.350000381469727,14.15999984741211,14.289999961853027,11.395901679992676,88300
2022-07-20,14.300000190734863,14.350000381469727,14.079999923706055,14.15999984741211,11.292231559753418,161100
2022-07-21,14.170000076293945,14.229999542236328,13.989999771118164,14.199999809265137,11.324130058288574,132500
2022-07-22,14.239999771118164,14.34000015258789,14.180000305175781,14.25,11.364002227783203,159700
2022-07-25,13.630000114440918,13.989999771118164,13.630000114440918,13.770000457763672,10.981216430664062,207700
2022-07-26,13.739999771118164,13.899999618530273,13.710000038146973,13.880000114440918,11.068939208984375,90700
2022-07-27,13.970000267028809,14.180000305175781,13.90999984741211,14.119999885559082,11.260332107543945,114500
2022-07-28,14.170000076293945,14.390000343322754,13.970000267028809,14.319999694824219,11.41982650756836,126500
2022-07-29,14.319999694824219,14.600000381469727,14.239999771118164,14.470000267028809,11.539448738098145,124900
2022-08-01,14.350000381469727,14.630000114440918,14.350000381469727,14.510000228881836,11.5713472366333,119400
2022-08-02,14.5,14.600000381469727,14.369999885559082,14.5,11.563371658325195,132500
2022-08-03,14.489999771118164,14.680000305175781,14.420000076293945,14.579999923706055,11.62717056274414,212700
2022-08-04,14.739999771118164,14.770000457763672,14.399999618530273,14.420000076293945,11.499573707580566,147700
2022-08-05,14.430000305175781,14.640000343322754,14.359999656677246,14.600000381469727,11.643120765686035,138900
2022-08-08,14.699999809265137,14.739999771118164,14.550000190734863,14.619999885559082,11.659069061279297,101000
2022-08-09,14.539999961853027,14.579999923706055,14.390000343322754,14.420000076293945,11.499573707580566,67100
2022-08-10,14.529999732971191,14.710000038146973,14.529999732971191,14.619999885559082,11.659069061279297,126600
2022-08-11,14.760000228881836,14.84000015258789,14.569999694824219,14.789999961853027,11.794639587402344,113000
2022-08-12,14.880000114440918,15.0,14.789999961853027,14.90999984741211,11.890335083007812,108200
2022-08-15,14.920000076293945,14.970000267028809,14.800000190734863,14.930000305175781,11.90628719329834,164700
2022-08-16,14.979999542236328,15.039999961853027,14.890000343322754,15.010000228881836,11.970083236694336,195100
2022-08-17,14.960000038146973,14.960000038146973,14.75,14.770000457763672,11.778691291809082,99400
2022-08-18,14.779999732971191,14.899999618530273,14.75,14.880000114440918,11.866413116455078,46800
2022-08-19,14.65999984741211,14.880000114440918,14.65999984741211,14.760000228881836,11.770716667175293,78700
2022-08-22,14.640000343322754,14.699999809265137,14.5600004196167,14.640000343322754,11.675018310546875,88700
2022-08-23,14.59000015258789,14.800000190734863,14.510000228881836,14.75,11.762741088867188,97800
2022-08-24,14.800000190734863,14.979999542236328,14.710000038146973,14.9399995803833,11.914260864257812,158000
2022-08-25,14.979999542236328,15.020000457763672,14.920000076293945,14.970000267028809,11.93818473815918,76200
2022-08-26,15.029999732971191,15.029999732971191,14.829999923706055,14.880000114440918,11.866413116455078,91500
2022-08-29,14.850000381469727,14.890000343322754,14.770000457763672,14.8100004196167,11.810589790344238,98200
2022-08-30,14.699999809265137,14.84000015258789,14.649999618530273,14.670000076293945,11.698941230773926,93700
2022-08-31,14.520000457763672,14.84000015258789,14.520000457763672,14.729999542236328,11.746789932250977,71400
2022-09-01,14.770000457763672,14.770000457763672,14.460000038146973,14.539999961853027,11.595271110534668,76200
2022-09-02,14.699999809265137,14.75,14.539999961853027,14.539999961853027,11.595271110534668,87000
2022-09-06,14.649999618530273,14.649999618530273,14.390000343322754,14.529999732971191,11.587296485900879,82900
2022-09-07,14.640000343322754,14.65999984741211,14.510000228881836,14.640000343322754,11.675018310546875,73400
2022-09-08,14.539999961853027,14.710000038146973,14.520000457763672,14.670000076293945,11.698941230773926,76600
2022-09-09,14.65999984741211,14.84000015258789,14.65999984741211,14.770000457763672,11.778691291809082,86600
2022-09-12,14.770000457763672,14.8100004196167,14.640000343322754,14.6899995803833,11.714893341064453,136800
2022-09-13,14.569999694824219,14.670000076293945,14.449999809265137,14.5,11.563371658325195,90700
2022-09-14,14.479999542236328,14.529999732971191,14.390000343322754,14.449999809265137,11.523497581481934,90700
2022-09-15,14.5,14.65999984741211,14.460000038146973,14.510000228881836,11.5713472366333,71100
2022-09-16,14.449999809265137,14.529999732971191,14.289999961853027,14.350000381469727,11.44375228881836,464000
2022-09-19,14.220000267028809,14.470000267028809,14.140000343322754,14.40999984741211,11.491599082946777,61600
2022-09-20,14.319999694824219,14.359999656677246,14.170000076293945,14.199999809265137,11.324130058288574,54200
2022-09-21,14.289999961853027,14.329999923706055,14.130000114440918,14.130000114440918,11.268305778503418,71100
2022-09-22,14.210000038146973,14.239999771118164,13.84000015258789,13.850000381469727,11.045014381408691,108300
2022-09-23,13.6899995803833,13.729999542236328,13.180000305175781,13.229999542236328,10.550580024719238,251000
2022-09-26,13.25,13.300000190734863,12.59000015258789,12.630000114440918,10.07209587097168,409900
2022-09-27,12.6899995803833,13.020000457763672,12.680000305175781,12.859999656677246,10.255515098571777,279500
2022-09-28,12.619999885559082,13.0600004196167,12.609999656677246,12.989999771118164,10.359187126159668,185100
2022-09-29,12.520000457763672,12.5600004196167,11.9399995803833,12.140000343322754,9.941543579101562,233000
2022-09-30,12.1899995803833,12.380000114440918,11.960000038146973,12.0,9.826897621154785,159700
2022-10-03,11.970000267028809,12.109999656677246,11.760000228881836,12.050000190734863,9.867843627929688,275500
2022-10-04,12.229999542236328,12.630000114440918,12.140000343322754,12.579999923706055,10.301863670349121,144500
2022-10-05,12.550000190734863,12.550000190734863,12.1899995803833,12.380000114440918,10.138081550598145,139000
2022-10-06,12.260000228881836,12.390000343322754,12.15999984741211,12.170000076293945,9.966111183166504,94600
2022-10-07,12.15999984741211,12.15999984741211,11.880000114440918,11.960000038146973,9.794140815734863,158400
2022-10-10,11.9399995803833,12.039999961853027,11.630000114440918,11.649999618530273,9.540278434753418,160900
2022-10-11,11.600000381469727,12.010000228881836,11.510000228881836,11.770000457763672,9.638547897338867,212400
2022-10-12,11.84000015258789,12.020000457763672,11.670000076293945,11.920000076293945,9.761384010314941,168400
2022-10-13,11.760000228881836,12.319999694824219,11.520000457763672,12.270000457763672,10.048002243041992,495800
2022-10-14,12.449999809265137,12.479999542236328,12.109999656677246,12.130000114440918,9.933354377746582,156300
2022-10-17,12.210000038146973,12.399999618530273,12.100000381469727,12.1899995803833,9.982488632202148,153000
2022-10-18,12.489999771118164,12.569999694824219,12.0600004196167,12.300000190734863,10.072569847106934,367500
2022-10-19,12.109999656677246,12.34000015258789,11.899999618530273,12.029999732971191,9.851463317871094,204000
2022-10-20,12.079999923706055,12.239999771118164,12.039999961853027,12.100000381469727,9.908787727355957,138100
2022-10-21,12.130000114440918,12.130000114440918,11.600000381469727,11.949999809265137,9.78594970703125,184600
2022-10-24,11.90999984741211,12.170000076293945,11.899999618530273,12.050000190734863,9.867843627929688,281400
2022-10-25,12.09000015258789,12.4399995803833,12.010000228881836,12.199999809265137,9.990677833557129,423400
2022-10-26,12.260000228881836,12.619999885559082,12.260000228881836,12.420000076293945,10.17083740234375,238900
2022-10-27,12.539999961853027,12.649999618530273,12.350000381469727,12.40999984741211,10.162649154663086,142900
2022-10-28,12.5,12.859999656677246,12.4399995803833,12.6899995803833,10.391942024230957,274000
2022-10-31,12.710000038146973,12.890000343322754,12.569999694824219,12.600000381469727,10.318241119384766,227300
2022-11-01,12.720000267028809,12.770000457763672,12.609999656677246,12.65999984741211,10.367375373840332,112100
2022-11-02,12.609999656677246,12.739999771118164,12.449999809265137,12.520000457763672,10.252730369567871,143200
2022-11-03,12.449999809265137,12.710000038146973,12.369999885559082,12.539999961853027,10.2691068649292,162800
2022-11-04,12.640000343322754,12.930000305175781,12.520000457763672,12.720000267028809,10.416511535644531,191400
2022-11-07,12.770000457763672,13.09000015258789,12.770000457763672,12.970000267028809,10.621238708496094,173600
2022-11-08,13.0,13.0,12.710000038146973,12.829999923706055,10.506589889526367,122700
2022-11-09,12.819999694824219,12.989999771118164,12.59000015258789,12.699999809265137,10.400132179260254,232800
2022-11-10,12.869999885559082,13.600000381469727,12.869999885559082,13.180000305175781,10.793209075927734,291600
2022-11-11,13.319999694824219,14.0,13.319999694824219,13.65999984741211,11.186285018920898,399700
2022-11-14,13.600000381469727,13.75,13.449999809265137,13.59000015258789,11.128960609436035,154800
2022-11-15,13.899999618530273,14.220000267028809,13.699999809265137,13.779999732971191,11.284553527832031,309300
2022-11-16,13.779999732971191,13.800000190734863,13.470000267028809,13.5,11.055258750915527,164500
2022-11-17,13.4399995803833,13.619999885559082,13.390000343322754,13.569999694824219,11.112582206726074,128200
2022-11-18,13.729999542236328,13.75,13.390000343322754,13.470000267028809,11.030692100524902,136500
2022-11-21,13.449999809265137,13.510000228881836,13.359999656677246,13.510000228881836,11.063448905944824,121300
2022-11-22,13.5600004196167,13.630000114440918,13.390000343322754,13.619999885559082,11.15352725982666,201100
2022-11-23,13.539999961853027,13.640000343322754,13.399999618530273,13.449999809265137,11.014312744140625,159700
2022-11-25,13.5,13.630000114440918,13.489999771118164,13.600000381469727,11.137150764465332,48600
2022-11-28,13.470000267028809,13.489999771118164,13.079999923706055,13.3100004196167,10.899665832519531,346400
2022-11-29,13.319999694824219,13.4399995803833,13.239999771118164,13.359999656677246,10.940611839294434,107400
2022-11-30,13.25,13.539999961853027,13.149999618530273,13.520000457763672,11.071637153625488,136500
2022-12-01,13.59000015258789,13.59000015258789,13.3100004196167,13.34000015258789,10.924233436584473,109000
2022-12-02,13.170000076293945,13.3100004196167,13.130000114440918,13.270000457763672,10.866910934448242,109900
2022-12-05,13.149999618530273,13.319999694824219,13.100000381469727,13.210000038146973,10.81777572631836,129400
2022-12-06,13.229999542236328,13.229999542236328,12.890000343322754,13.0,10.645804405212402,163400
2022-12-07,12.949999809265137,13.100000381469727,12.869999885559082,12.960000038146973,10.613048553466797,125500
2022-12-08,13.039999961853027,13.079999923706055,12.869999885559082,12.960000038146973,10.613048553466797,129000
2022-12-09,12.869999885559082,13.039999961853027,12.779999732971191,13.020000457763672,10.662182807922363,133600
2022-12-12,13.050000190734863,13.050000190734863,12.670000076293945,12.680000305175781,10.38375473022461,408300
2022-12-13,12.890000343322754,13.170000076293945,12.869999885559082,13.0,10.645804405212402,245800
2022-12-14,12.960000038146973,13.119999885559082,12.930000305175781,13.020000457763672,10.662182807922363,174400
2022-12-15,12.930000305175781,13.109999656677246,12.819999694824219,12.989999771118164,10.637615203857422,204800
2022-12-16,12.880000114440918,12.899999618530273,12.619999885559082,12.6899995803833,10.391942024230957,198300
2022-12-19,12.649999618530273,12.729999542236328,12.449999809265137,12.520000457763672,10.252730369567871,204200
2022-12-20,12.489999771118164,12.630000114440918,12.399999618530273,12.579999923706055,10.301863670349121,300100
2022-12-21,12.619999885559082,12.8100004196167,12.479999542236328,12.5,10.236351013183594,186500
2022-12-22,12.399999618530273,12.449999809265137,12.25,12.430000305175781,10.179027557373047,177200
2022-12-23,12.4399995803833,12.5600004196167,12.34000015258789,12.539999961853027,10.2691068649292,318700
2022-12-27,12.5,12.5600004196167,12.289999961853027,12.380000114440918,10.138081550598145,235800
2022-12-28,12.369999885559082,12.369999885559082,12.170000076293945,12.260000228881836,10.039813995361328,285500
2022-12-29,12.0,12.15999984741211,11.899999618530273,12.0,10.124181747436523,290500
2022-12-30,11.949999809265137,12.020000457763672,11.800000190734863,11.899999618530273,10.039813995361328,669200
2023-01-03,11.970000267028809,12.199999809265137,11.949999809265137,12.09000015258789,10.200112342834473,175700
2023-01-04,12.119999885559082,12.479999542236328,12.119999885559082,12.430000305175781,10.48696517944336,246700
2023-01-05,12.319999694824219,12.390000343322754,12.180000305175781,12.210000038146973,10.30135440826416,125000
2023-01-06,12.319999694824219,12.449999809265137,12.210000038146973,12.369999885559082,10.4363431930542,153800
2023-01-09,12.470000267028809,12.59000015258789,12.430000305175781,12.569999694824219,10.605079650878906,141800
2023-01-10,12.619999885559082,12.739999771118164,12.550000190734863,12.6899995803833,10.706321716308594,158600
2023-01-11,12.779999732971191,12.979999542236328,12.739999771118164,12.920000076293945,10.90036678314209,158300
2023-01-12,13.0,13.25,13.0,13.220000267028809,11.153473854064941,168400
2023-01-13,13.1899995803833,13.319999694824219,13.140000343322754,13.300000190734863,11.220968246459961,167500
2023-01-17,13.329999923706055,13.489999771118164,13.220000267028809,13.399999618530273,11.30533504486084,174000
2023-01-18,13.420000076293945,13.520000457763672,13.170000076293945,13.229999542236328,11.161910057067871,164200
2023-01-19,13.119999885559082,13.3100004196167,12.979999542236328,13.010000228881836,10.976300239562988,126500
2023-01-20,13.069999694824219,13.130000114440918,12.970000267028809,13.050000190734863,11.01004695892334,94600
2023-01-23,13.039999961853027,13.109999656677246,12.920000076293945,13.050000190734863,11.01004695892334,143900
2023-01-24,12.949999809265137,13.079999923706055,12.90999984741211,12.9399995803833,10.917241096496582,105800
2023-01-25,12.84000015258789,13.199999809265137,12.84000015258789,13.050000190734863,11.01004695892334,119900
2023-01-26,13.100000381469727,13.239999771118164,13.100000381469727,13.210000038146973,11.145036697387695,210200
2023-01-27,13.239999771118164,13.680000305175781,13.239999771118164,13.539999961853027,11.42345142364502,274400
2023-01-30,13.470000267028809,13.739999771118164,13.3100004196167,13.350000381469727,11.263152122497559,311900
2023-01-31,13.40999984741211,13.479999542236328,13.319999694824219,13.359999656677246,11.271589279174805,84000
2023-02-01,13.380000114440918,13.520000457763672,13.3100004196167,13.449999809265137,11.347519874572754,115600
2023-02-02,13.449999809265137,13.550000190734863,13.34000015258789,13.34000015258789,11.254714965820312,126400
2023-02-03,13.329999923706055,13.4399995803833,13.220000267028809,13.34000015258789,11.254714965820312,161000
2023-02-06,13.3100004196167,13.3100004196167,13.15999984741211,13.220000267028809,11.153473854064941,118200
2023-02-07,13.1899995803833,13.300000190734863,13.09000015258789,13.220000267028809,11.153473854064941,172000
2023-02-08,13.149999618530273,13.229999542236328,12.989999771118164,13.020000457763672,10.98473834991455,96400
2023-02-09,13.069999694824219,13.15999984741211,12.850000381469727,12.869999885559082,10.858183860778809,124100
2023-02-10,12.75,13.010000228881836,12.75,12.989999771118164,10.95942497253418,109100
2023-02-13,12.960000038146973,13.239999771118164,12.960000038146973,13.020000457763672,10.98473834991455,104400
2023-02-14,12.970000267028809,13.140000343322754,12.90999984741211,12.970000267028809,10.94255256652832,163900
2023-02-15,12.859999656677246,13.029999732971191,12.859999656677246,12.979999542236328,10.95098876953125,66300
2023-02-16,12.850000381469727,13.100000381469727,12.850000381469727,12.960000038146973,10.93411636352539,136000
2023-02-17,12.880000114440918,13.15999984741211,12.880000114440918,13.069999694824219,11.0269193649292,126900
2023-02-21,13.020000457763672,13.050000190734863,12.789999961853027,12.859999656677246,10.849746704101562,101900
2023-02-22,12.869999885559082,12.930000305175781,12.729999542236328,12.75,10.756943702697754,100800
2023-02-23,12.800000190734863,13.260000228881836,12.800000190734863,13.140000343322754,11.085977554321289,196900
2023-02-24,13.029999732971191,13.199999809265137,12.949999809265137,13.050000190734863,11.01004695892334,112400
2023-02-27,13.1899995803833,13.270000457763672,13.0,13.029999732971191,10.993173599243164,112400
2023-02-28,13.119999885559082,13.119999885559082,12.899999618530273,12.960000038146973,10.93411636352539,116200
2023-03-01,13.199999809265137,13.489999771118164,13.0,13.130000114440918,11.077540397644043,237200
2023-03-02,13.039999961853027,13.239999771118164,12.899999618530273,13.229999542236328,11.161910057067871,224200
2023-03-03,13.359999656677246,13.59000015258789,13.350000381469727,13.579999923706055,11.457198143005371,170900
2023-03-06,13.569999694824219,13.569999694824219,13.380000114440918,13.40999984741211,11.313772201538086,196700
2023-03-07,13.460000038146973,13.460000038146973,13.050000190734863,13.1899995803833,11.128161430358887,187700
2023-03-08,13.25,13.25,13.0600004196167,13.180000305175781,11.119726181030273,120500
2023-03-09,13.140000343322754,13.140000343322754,12.680000305175781,12.6899995803833,10.706321716308594,131700
2023-03-10,12.699999809265137,12.699999809265137,12.039999961853027,12.1899995803833,10.284479141235352,339900
2023-03-13,12.029999732971191,12.210000038146973,11.699999809265137,12.029999732971191,10.149492263793945,251400
2023-03-14,12.220000267028809,12.40999984741211,12.069999694824219,12.140000343322754,10.24229621887207,213700
2023-03-15,11.899999618530273,12.100000381469727,11.779999732971191,12.079999923706055,10.19167709350586,284200
2023-03-16,12.020000457763672,12.270000457763672,11.680000305175781,12.149999618530273,10.250733375549316,232800
2023-03-17,12.079999923706055,12.130000114440918,11.8100004196167,12.010000228881836,10.13261890411377,536700
2023-03-20,12.010000228881836,12.100000381469727,11.710000038146973,11.819999694824219,9.972317695617676,232000
2023-03-21,11.920000076293945,12.170000076293945,11.920000076293945,12.130000114440918,10.233859062194824,143600
2023-03-22,12.119999885559082,12.25,11.9399995803833,11.9399995803833,10.07356071472168,153300
2023-03-23,12.010000228881836,12.130000114440918,11.84000015258789,11.899999618530273,10.039813995361328,126100
2023-03-24,11.8100004196167,12.079999923706055,11.760000228881836,12.069999694824219,10.183238983154297,121700
2023-03-27,12.289999961853027,12.289999961853027,12.15999984741211,12.1899995803833,10.284479141235352,148100
2023-03-28,12.170000076293945,12.239999771118164,12.010000228881836,12.069999694824219,10.183238983154297,192800
2023-03-29,12.140000343322754,12.210000038146973,12.039999961853027,12.15999984741211,10.259169578552246,186400
2023-03-30,11.880000114440918,11.970000267028809,11.800000190734863,11.819999694824219,10.294005393981934,189500
2023-03-31,11.869999885559082,11.970000267028809,11.850000381469727,11.920000076293945,10.381095886230469,150900
2023-04-03,11.920000076293945,12.029999732971191,11.829999923706055,11.920000076293945,10.381095886230469,153500
2023-04-04,11.880000114440918,11.979999542236328,11.760000228881836,11.84000015258789,10.31142520904541,138800
2023-04-05,11.760000228881836,11.8100004196167,11.619999885559082,11.699999809265137,10.189498901367188,115500
2023-04-06,11.720000267028809,11.8100004196167,11.699999809265137,11.75,10.233044624328613,76900
2023-04-10,11.720000267028809,11.789999961853027,11.510000228881836,11.630000114440918,10.128536224365234,134500
2023-04-11,11.65999984741211,11.800000190734863,11.5600004196167,11.699999809265137,10.189498901367188,253500
2023-04-12,11.779999732971191,11.930000305175781,11.760000228881836,11.859999656677246,10.328842163085938,164700
2023-04-13,11.84000015258789,12.109999656677246,11.829999923706055,12.069999694824219,10.511730194091797,175900
2023-04-14,12.09000015258789,12.170000076293945,12.020000457763672,12.0600004196167,10.503022193908691,116500
2023-04-17,12.050000190734863,12.09000015258789,11.949999809265137,12.079999923706055,10.520440101623535,190500
2023-04-18,11.859999656677246,11.989999771118164,11.670000076293945,11.710000038146973,10.198206901550293,187700
2023-04-19,11.699999809265137,11.899999618530273,11.609999656677246,11.869999885559082,10.33755111694336,117200
2023-04-20,11.829999923706055,11.880000114440918,11.670000076293945,11.720000267028809,10.206916809082031,116200
2023-04-21,11.720000267028809,11.729999542236328,11.619999885559082,11.6899995803833,10.18078899383545,120000
2023-04-24,11.649999618530273,11.869999885559082,11.649999618530273,11.760000228881836,10.241752624511719,133300
2023-04-25,11.649999618530273,11.739999771118164,11.460000038146973,11.529999732971191,10.0414457321167,190200
2023-04-26,11.539999961853027,11.720000267028809,11.390000343322754,11.430000305175781,9.95435619354248,268300
2023-04-27,11.40999984741211,11.460000038146973,11.130000114440918,11.4399995803833,9.963064193725586,375800
2023-04-28,11.470000267028809,11.739999771118164,11.470000267028809,11.710000038146973,10.198206901550293,236400
2023-05-01,11.710000038146973,11.859999656677246,11.579999923706055,11.770000457763672,10.250462532043457,332200
2023-05-02,11.649999618530273,11.649999618530273,11.25,11.34000015258789,9.8759765625,200700
2023-05-03,11.34000015258789,11.569999694824219,11.34000015258789,11.359999656677246,9.893393516540527,177300
2023-05-04,11.270000457763672,11.279999732971191,11.0600004196167,11.140000343322754,9.701796531677246,180800
2023-05-05,11.3100004196167,11.449999809265137,11.25,11.359999656677246,9.893393516540527,99900
2023-05-08,11.34000015258789,11.550000190734863,11.260000228881836,11.460000038146973,9.980484008789062,154600
2023-05-09,11.5,11.630000114440918,11.3100004196167,11.34000015258789,9.8759765625,254900
2023-05-10,11.930000305175781,12.09000015258789,11.350000381469727,11.970000267028809,10.424641609191895,508700
2023-05-11,12.1899995803833,12.449999809265137,12.100000381469727,12.1899995803833,10.61623764038086,219000
2023-05-12,12.319999694824219,12.369999885559082,12.130000114440918,12.270000457763672,10.685911178588867,214000
2023-05-15,12.270000457763672,12.329999923706055,12.1899995803833,12.229999542236328,10.651073455810547,164700
2023-05-16,12.15999984741211,12.270000457763672,12.15999984741211,12.199999809265137,10.624946594238281,68800
2023-05-17,12.260000228881836,12.390000343322754,12.09000015258789,12.390000343322754,10.790417671203613,117000
2023-05-18,12.369999885559082,12.479999542236328,12.350000381469727,12.390000343322754,10.790417671203613,183200
2023-05-19,12.4399995803833,12.600000381469727,12.359999656677246,12.539999961853027,10.921052932739258,172300
2023-05-22,12.449999809265137,12.600000381469727,12.420000076293945,12.460000038146973,10.8513822555542,106200
2023-05-23,12.449999809265137,12.680000305175781,12.449999809265137,12.569999694824219,10.947178840637207,144600
2023-05-24,12.5,12.5,12.199999809265137,12.229999542236328,10.651073455810547,292600
2023-05-25,12.199999809265137,12.270000457763672,12.130000114440918,12.199999809265137,10.624946594238281,205700
2023-05-26,12.260000228881836,12.40999984741211,12.15999984741211,12.390000343322754,10.790417671203613,151000
2023-05-30,12.399999618530273,12.449999809265137,12.350000381469727,12.390000343322754,10.790417671203613,88500
2023-05-31,12.380000114440918,12.380000114440918,12.180000305175781,12.289999961853027,10.703327178955078,92400
2023-06-01,12.239999771118164,12.539999961853027,12.239999771118164,12.529999732971191,10.912343978881836,123700
2023-06-02,12.579999923706055,12.670000076293945,12.5,12.600000381469727,10.973306655883789,128400
2023-06-05,12.600000381469727,12.75,12.5600004196167,12.6899995803833,11.05168628692627,83900
2023-06-06,12.6899995803833,12.920000076293945,12.6899995803833,12.899999618530273,11.234574317932129,158500
2023-06-07,12.899999618530273,13.300000190734863,12.850000381469727,13.180000305175781,11.478425979614258,180100
2023-06-08,13.1899995803833,13.220000267028809,13.020000457763672,13.130000114440918,11.434881210327148,232300
2023-06-09,13.079999923706055,13.149999618530273,12.989999771118164,13.069999694824219,11.382628440856934,102600
2023-06-12,13.109999656677246,13.550000190734863,13.100000381469727,13.390000343322754,11.661314964294434,265300
2023-06-13,13.449999809265137,13.550000190734863,13.40999984741211,13.420000076293945,11.6874418258667,147900
2023-06-14,13.460000038146973,13.539999961853027,13.3100004196167,13.380000114440918,11.652606010437012,208400
2023-06-15,13.300000190734863,13.600000381469727,13.300000190734863,13.579999923706055,11.82678508758545,271300
2023-06-16,13.579999923706055,13.609999656677246,13.319999694824219,13.369999885559082,11.64389705657959,559200
2023-06-20,13.350000381469727,13.529999732971191,13.350000381469727,13.399999618530273,11.670022964477539,211600
2023-06-21,13.329999923706055,13.520000457763672,13.300000190734863,13.470000267028809,11.730987548828125,186300
2023-06-22,13.5,13.5600004196167,13.300000190734863,13.529999732971191,11.78324031829834,203000
2023-06-23,13.520000457763672,13.529999732971191,13.25,13.300000190734863,11.582934379577637,219500
2023-06-26,13.270000457763672,13.5,13.25,13.449999809265137,11.713569641113281,143600
2023-06-27,13.40999984741211,13.649999618530273,13.40999984741211,13.619999885559082,11.861620903015137,178700
2023-06-28,13.649999618530273,13.779999732971191,13.579999923706055,13.729999542236328,11.957420349121094,209600
2023-06-29,13.329999923706055,13.460000038146973,13.260000228881836,13.430000305175781,12.029075622558594,147400
2023-06-30,13.529999732971191,13.649999618530273,13.489999771118164,13.510000228881836,12.100730895996094,142800
2023-07-03,13.510000228881836,13.59000015258789,13.430000305175781,13.5,12.091773986816406,83400
2023-07-05,13.479999542236328,13.670000076293945,13.4399995803833,13.600000381469727,12.181342124938965,146600
2023-07-06,13.5600004196167,13.579999923706055,13.399999618530273,13.5600004196167,12.145514488220215,117900
2023-07-07,13.609999656677246,13.779999732971191,13.609999656677246,13.729999542236328,12.297780990600586,117300
2023-07-10,13.800000190734863,13.829999923706055,13.729999542236328,13.800000190734863,12.360479354858398,113300
2023-07-11,13.920000076293945,13.979999542236328,13.760000228881836,13.970000267028809,12.512747764587402,121100
2023-07-12,13.989999771118164,14.079999923706055,13.779999732971191,14.010000228881836,12.54857349395752,200100
2023-07-13,14.039999961853027,14.079999923706055,13.800000190734863,13.989999771118164,12.530659675598145,146800
2023-07-14,13.989999771118164,14.149999618530273,13.859999656677246,14.050000190734863,12.58440113067627,142500
2023-07-17,14.09000015258789,14.199999809265137,14.0,14.119999885559082,12.647099494934082,124900
2023-07-18,14.170000076293945,14.4399995803833,14.170000076293945,14.369999885559082,12.871021270751953,192700
2023-07-19,14.470000267028809,14.5600004196167,14.390000343322754,14.390000343322754,12.888936042785645,164900
2023-07-20,14.319999694824219,14.420000076293945,14.15999984741211,14.170000076293945,12.69188404083252,115400
2023-07-21,14.170000076293945,14.270000457763672,14.140000343322754,14.220000267028809,12.736668586730957,171600
2023-07-24,14.300000190734863,14.5,14.289999961853027,14.390000343322754,12.888936042785645,164700
2023-07-25,14.430000305175781,14.479999542236328,14.239999771118164,14.260000228881836,12.772496223449707,204700
2023-07-26,14.300000190734863,14.640000343322754,14.300000190734863,14.609999656677246,13.085986137390137,146000
2023-07-27,14.699999809265137,14.770000457763672,14.470000267028809,14.489999771118164,12.97850227355957,156000
2023-07-28,14.5,14.6899995803833,14.489999771118164,14.6899995803833,13.15764045715332,113500
2023-07-31,14.850000381469727,14.949999809265137,14.6899995803833,14.720000267028809,13.184510231018066,253200
2023-08-01,14.699999809265137,14.949999809265137,14.699999809265137,14.899999618530273,13.345735549926758,165700
2023-08-02,14.789999961853027,14.9399995803833,14.699999809265137,14.899999618530273,13.345735549926758,231100
2023-08-03,14.859999656677246,14.859999656677246,14.619999885559082,14.6899995803833,13.15764045715332,173700
2023-08-04,14.550000190734863,14.90999984741211,14.550000190734863,14.789999961853027,13.247210502624512,211300
2023-08-07,14.8100004196167,14.949999809265137,14.779999732971191,14.90999984741211,13.354691505432129,127400
2023-08-08,14.869999885559082,14.989999771118164,14.670000076293945,14.979999542236328,13.417388916015625,147100
2023-08-09,15.020000457763672,15.579999923706055,14.8100004196167,15.289999961853027,13.695053100585938,379900
2023-08-10,15.5,15.850000381469727,15.260000228881836,15.390000343322754,13.784623146057129,401400
2023-08-11,15.40999984741211,15.520000457763672,15.270000457763672,15.3100004196167,13.712966918945312,174300
2023-08-14,15.319999694824219,15.510000228881836,15.25,15.4399995803833,13.829405784606934,194800
2023-08-15,15.350000381469727,15.390000343322754,15.079999923706055,15.100000381469727,13.524873733520508,175400
2023-08-16,15.109999656677246,15.420000076293945,15.100000381469727,15.170000076293945,13.587571144104004,219200
2023-08-17,15.15999984741211,15.239999771118164,15.100000381469727,15.130000114440918,13.551743507385254,141200
2023-08-18,15.020000457763672,15.510000228881836,15.020000457763672,15.399999618530273,13.793578147888184,270600
2023-08-21,15.489999771118164,15.640000343322754,15.470000267028809,15.609999656677246,13.981672286987305,236100
2023-08-22,15.630000114440918,15.699999809265137,15.210000038146973,15.210000038146973,13.623397827148438,349600
2023-08-23,15.260000228881836,15.5,15.260000228881836,15.390000343322754,13.784623146057129,192400
2023-08-24,15.399999618530273,15.59000015258789,15.350000381469727,15.380000114440918,13.775664329528809,145200
2023-08-25,15.369999885559082,15.609999656677246,15.279999732971191,15.539999961853027,13.918974876403809,302800
2023-08-28,15.539999961853027,15.760000228881836,15.539999961853027,15.59000015258789,13.963759422302246,195500
2023-08-29,15.65999984741211,15.779999732971191,15.609999656677246,15.75,14.107069969177246,144400
2023-08-30,15.789999961853027,15.899999618530273,15.75,15.84000015258789,14.187681198120117,176100
2023-08-31,15.84000015258789,15.90999984741211,15.75,15.75,14.107069969177246,210300
2023-09-01,15.859999656677246,15.930000305175781,15.800000190734863,15.90999984741211,14.250378608703613,192200
2023-09-05,15.890000343322754,15.9399995803833,15.65999984741211,15.710000038146973,14.07124137878418,241300
2023-09-06,15.710000038146973,15.75,15.579999923706055,15.649999618530273,14.017499923706055,193700
2023-09-07,15.619999885559082,15.890000343322754,15.619999885559082,15.829999923706055,14.17872428894043,233400
2023-09-08,15.859999656677246,15.970000267028809,15.789999961853027,15.949999809265137,14.286206245422363,193000
2023-09-11,16.0,16.1200008392334,15.989999771118164,16.020000457763672,14.348904609680176,361500
2023-09-12,16.0,16.040000915527344,15.800000190734863,15.800000190734863,14.15185260772705,210300
2023-09-13,15.859999656677246,16.0,15.859999656677246,15.9399995803833,14.277249336242676,243100
2023-09-14,16.079999923706055,16.1299991607666,16.010000228881836,16.059999465942383,14.38473129272461,262700
2023-09-15,16.059999465942383,16.190000534057617,16.0,16.1299991607666,14.447428703308105,340700
2023-09-18,16.149999618530273,16.459999084472656,16.149999618530273,16.360000610351562,14.653438568115234,333700
2023-09-19,16.389999389648438,16.75,16.3799991607666,16.709999084472656,14.966926574707031,558000
2023-09-20,16.75,16.799999237060547,16.3700008392334,16.399999618530273,14.689264297485352,523200
2023-09-21,16.18000030517578,16.360000610351562,16.030000686645508,16.09000015258789,14.411602973937988,382300
2023-09-22,16.1299991607666,16.3700008392334,16.1200008392334,16.270000457763672,14.572826385498047,268100
2023-09-25,16.209999084472656,16.209999084472656,15.869999885559082,15.9399995803833,14.277249336242676,410800
2023-09-26,15.869999885559082,16.149999618530273,15.829999923706055,16.100000381469727,14.420559883117676,482400
2023-09-27,16.079999923706055,16.200000762939453,15.710000038146973,15.75,14.107069969177246,524600
2023-09-28,15.369999885559082,15.670000076293945,15.3100004196167,15.59000015258789,14.346327781677246,336900
2023-09-29,15.600000381469727,15.640000343322754,15.220000267028809,15.3100004196167,14.088665008544922,430000
2023-10-02,15.329999923706055,15.329999923706055,14.949999809265137,15.039999961853027,13.840203285217285,440100
2023-10-03,15.010000228881836,15.029999732971191,14.630000114440918,14.930000305175781,13.738978385925293,351300
2023-10-04,14.989999771118164,15.020000457763672,14.670000076293945,14.90999984741211,13.720573425292969,230000
2023-10-05,14.859999656677246,14.970000267028809,14.760000228881836,14.84000015258789,13.656158447265625,119000
2023-10-06,14.800000190734863,15.069999694824219,14.789999961853027,14.9399995803833,13.74817943572998,115000
2023-10-09,14.899999618530273,15.170000076293945,14.899999618530273,15.050000190734863,13.849405288696289,201700
2023-10-10,15.140000343322754,15.270000457763672,15.039999961853027,15.09000015258789,13.886214256286621,154700
2023-10-11,15.09000015258789,15.25,15.0600004196167,15.1899995803833,13.978236198425293,143000
2023-10-12,15.239999771118164,15.279999732971191,15.0,15.229999542236328,14.015045166015625,192200
2023-10-13,15.229999542236328,15.3100004196167,15.130000114440918,15.199999809265137,13.987438201904297,107400
2023-10-16,15.329999923706055,15.640000343322754,15.300000190734863,15.609999656677246,14.364730834960938,204000
2023-10-17,15.520000457763672,15.520000457763672,15.329999923706055,15.390000343322754,14.162282943725586,215000
2023-10-18,15.319999694824219,15.5,15.180000305175781,15.350000381469727,14.125473022460938,284900
2023-10-19,15.350000381469727,15.510000228881836,15.239999771118164,15.25,14.03345012664795,180500
2023-10-20,15.260000228881836,15.270000457763672,14.960000038146973,15.0600004196167,13.85860824584961,136000
2023-10-23,14.930000305175781,14.979999542236328,14.75,14.789999961853027,13.610146522521973,197500
2023-10-24,14.84000015258789,15.069999694824219,14.760000228881836,14.850000381469727,13.665359497070312,230900
2023-10-25,14.789999961853027,14.920000076293945,14.600000381469727,14.680000305175781,13.50892162322998,122500
2023-10-26,14.649999618530273,14.890000343322754,14.649999618530273,14.739999771118164,13.56413459777832,109200
2023-10-27,14.640000343322754,14.850000381469727,14.640000343322754,14.6899995803833,13.518122673034668,191800
2023-10-30,14.829999923706055,15.140000343322754,14.8100004196167,15.09000015258789,13.886214256286621,226100
2023-10-31,15.279999732971191,15.479999542236328,15.010000228881836,15.140000343322754,13.932226181030273,254000
2023-11-01,15.270000457763672,15.619999885559082,15.229999542236328,15.4399995803833,14.208292961120605,301400
2023-11-02,15.609999656677246,15.619999885559082,15.260000228881836,15.510000228881836,14.272709846496582,386000
2023-11-03,15.6899995803833,15.800000190734863,15.609999656677246,15.670000076293945,14.41994571685791,145600
2023-11-06,15.710000038146973,15.75,15.529999732971191,15.720000267028809,14.465956687927246,182300
2023-11-07,15.510000228881836,15.510000228881836,14.779999732971191,15.3100004196167,14.088665008544922,455900
2023-11-08,15.199999809265137,15.430000305175781,15.170000076293945,15.25,14.03345012664795,204300
2023-11-09,15.229999542236328,15.470000267028809,15.180000305175781,15.220000267028809,14.005844116210938,180300
2023-11-10,15.289999961853027,15.420000076293945,15.239999771118164,15.3100004196167,14.088665008544922,195700
2023-11-13,15.229999542236328,15.329999923706055,15.130000114440918,15.140000343322754,13.932226181030273,132200
2023-11-14,15.239999771118164,15.350000381469727,15.239999771118164,15.25,14.03345012664795,151100
2023-11-15,15.25,15.350000381469727,15.1899995803833,15.229999542236328,14.015045166015625,176000
2023-11-16,15.199999809265137,15.25,15.039999961853027,15.0600004196167,13.85860824584961,135000
2023-11-17,15.0600004196167,15.180000305175781,14.989999771118164,15.100000381469727,13.895417213439941,205000
2023-11-20,15.069999694824219,15.180000305175781,15.039999961853027,15.119999885559082,13.913820266723633,194600
2023-11-21,15.130000114440918,15.180000305175781,15.020000457763672,15.140000343322754,13.932226181030273,150600
2023-11-22,15.140000343322754,15.180000305175781,15.029999732971191,15.100000381469727,13.895417213439941,137700
2023-11-24,15.15999984741211,15.260000228881836,15.100000381469727,15.199999809265137,13.987438201904297,94000
2023-11-27,15.199999809265137,15.210000038146973,15.069999694824219,15.149999618530273,13.941428184509277,168900
2023-11-28,15.199999809265137,15.199999809265137,15.010000228881836,15.020000457763672,13.821798324584961,126600
2023-11-29,15.149999618530273,15.170000076293945,14.979999542236328,15.0,13.803394317626953,184200
2023-11-30,15.210000038146973,15.210000038146973,15.079999923706055,15.140000343322754,13.932226181030273,215900
2023-12-01,15.180000305175781,15.260000228881836,15.069999694824219,15.25,14.03345012664795,186600
2023-12-04,15.170000076293945,15.3100004196167,15.170000076293945,15.220000267028809,14.005844116210938,160100
2023-12-05,15.229999542236328,15.289999961853027,15.15999984741211,15.210000038146973,13.996641159057617,119200
2023-12-06,15.229999542236328,15.279999732971191,15.029999732971191,15.039999961853027,13.840203285217285,140500
2023-12-07,15.100000381469727,15.369999885559082,15.069999694824219,15.34000015258789,14.116271018981934,194900
2023-12-08,15.350000381469727,15.489999771118164,15.329999923706055,15.479999542236328,14.245102882385254,156800
2023-12-11,15.390000343322754,15.4399995803833,15.220000267028809,15.260000228881836,14.04265308380127,324500
2023-12-12,15.270000457763672,15.40999984741211,15.140000343322754,15.3100004196167,14.088665008544922,425700
2023-12-13,15.25,15.510000228881836,15.149999618530273,15.460000038146973,14.226698875427246,331100
2023-12-14,15.550000190734863,15.569999694824219,15.15999984741211,15.270000457763672,14.051855087280273,556200
2023-12-15,15.350000381469727,15.5600004196167,15.319999694824219,15.4399995803833,14.208292961120605,1166900
2023-12-18,15.5,15.710000038146973,15.489999771118164,15.569999694824219,14.327922821044922,389600
2023-12-19,15.680000305175781,15.779999732971191,15.510000228881836,15.729999542236328,14.47515869140625,442600
2023-12-20,15.739999771118164,15.779999732971191,15.550000190734863,15.550000190734863,14.309518814086914,253500
2023-12-21,15.609999656677246,15.640000343322754,15.390000343322754,15.479999542236328,14.245102882385254,283000
2023-12-22,15.569999694824219,15.619999885559082,15.40999984741211,15.40999984741211,14.180685997009277,243300
2023-12-26,15.40999984741211,15.670000076293945,15.40999984741211,15.550000190734863,14.309518814086914,308600
2023-12-27,15.529999732971191,15.680000305175781,15.510000228881836,15.59000015258789,14.346327781677246,304800
2023-12-28,15.260000228881836,15.390000343322754,15.210000038146973,15.260000228881836,14.431441307067871,261600
2023-12-29,15.210000038146973,15.319999694824219,15.050000190734863,15.069999694824219,14.25175666809082,366100
2024-01-02,15.020000457763672,15.229999542236328,15.010000228881836,15.130000114440918,14.308499336242676,323100
2024-01-03,15.119999885559082,15.15999984741211,14.880000114440918,15.010000228881836,14.195015907287598,293100
2024-01-04,14.800000190734863,15.399999618530273,14.75,15.260000228881836,14.431441307067871,221300
2024-01-05,15.300000190734863,15.479999542236328,15.260000228881836,15.430000305175781,14.59221076965332,257300
2024-01-08,15.449999809265137,15.619999885559082,15.359999656677246,15.550000190734863,14.705695152282715,337500
2024-01-09,15.609999656677246,15.6899995803833,15.479999542236328,15.489999771118164,14.64895248413086,235500
2024-01-10,15.489999771118164,15.579999923706055,15.479999542236328,15.520000457763672,14.677324295043945,154800
2024-01-11,15.5,15.520000457763672,15.25,15.369999885559082,14.535468101501465,182300
2024-01-12,15.380000114440918,15.449999809265137,15.279999732971191,15.3100004196167,14.478726387023926,204700
2024-01-16,15.260000228881836,15.3100004196167,15.09000015258789,15.100000381469727,14.280129432678223,184400
2024-01-17,15.039999961853027,15.100000381469727,14.979999542236328,15.069999694824219,14.25175666809082,132600
2024-01-18,15.100000381469727,15.229999542236328,15.020000457763672,15.220000267028809,14.3936128616333,218500
2024-01-19,15.279999732971191,15.279999732971191,15.119999885559082,15.239999771118164,14.412527084350586,94700
2024-01-22,15.279999732971191,15.350000381469727,15.25,15.319999694824219,14.488182067871094,132900
2024-01-23,15.350000381469727,15.420000076293945,15.300000190734863,15.329999923706055,14.497639656066895,129400
2024-01-24,15.40999984741211,15.479999542236328,15.300000190734863,15.3100004196167,14.478726387023926,190000
2024-01-25,15.34000015258789,15.520000457763672,15.279999732971191,15.510000228881836,14.667866706848145,249500
2024-01-26,15.510000228881836,15.569999694824219,15.430000305175781,15.520000457763672,14.677324295043945,173300
2024-01-29,15.550000190734863,15.600000381469727,15.420000076293945,15.550000190734863,14.705695152282715,206800
2024-01-30,15.5600004196167,15.720000267028809,15.529999732971191,15.6899995803833,14.838092803955078,231300
2024-01-31,15.720000267028809,15.720000267028809,15.180000305175781,15.1899995803833,14.365241050720215,433900
2024-02-01,15.15999984741211,15.220000267028809,15.010000228881836,15.210000038146973,14.3841552734375,335800
2024-02-02,15.100000381469727,15.239999771118164,15.0,15.039999961853027,14.22338581085205,210900
2024-02-05,14.989999771118164,15.100000381469727,14.800000190734863,15.029999732971191,14.21392822265625,232400
2024-02-06,15.029999732971191,15.029999732971191,14.869999885559082,14.9399995803833,14.128814697265625,144300
2024-02-07,15.0,15.079999923706055,14.779999732971191,14.930000305175781,14.119359016418457,205300
2024-02-08,15.050000190734863,15.050000190734863,14.850000381469727,14.930000305175781,14.119359016418457,189700
2024-02-09,14.949999809265137,14.989999771118164,14.869999885559082,14.970000267028809,14.157187461853027,152500
2024-02-12,14.979999542236328,15.210000038146973,14.979999542236328,15.170000076293945,14.346327781677246,151400
2024-02-13,15.069999694824219,15.069999694824219,14.90999984741211,14.930000305175781,14.119359016418457,251900
2024-02-14,14.970000267028809,15.130000114440918,14.970000267028809,15.029999732971191,14.21392822265625,149000
2024-02-15,15.09000015258789,15.369999885559082,15.09000015258789,15.34000015258789,14.507097244262695,185100
2024-02-16,15.289999961853027,15.40999984741211,15.1899995803833,15.34000015258789,14.507097244262695,159900
2024-02-20,15.3100004196167,15.329999923706055,15.210000038146973,15.220000267028809,14.3936128616333,159100
2024-02-21,15.239999771118164,15.380000114440918,15.210000038146973,15.300000190734863,14.469269752502441,166900
2024-02-22,15.359999656677246,15.569999694824219,15.300000190734863,15.5600004196167,14.7151517868042,215700
2024-02-23,15.569999694824219,15.729999542236328,15.449999809265137,15.479999542236328,14.639495849609375,350000
2024-02-26,15.40999984741211,15.539999961853027,15.380000114440918,15.489999771118164,14.64895248413086,228800
2024-02-27,15.579999923706055,15.579999923706055,15.399999618530273,15.550000190734863,14.705695152282715,238200
2024-02-28,15.550000190734863,15.600000381469727,15.270000457763672,15.550000190734863,14.705695152282715,251300
2024-02-29,15.600000381469727,15.800000190734863,15.529999732971191,15.710000038146973,14.85700798034668,281800
2024-03-01,15.720000267028809,15.760000228881836,15.550000190734863,15.699999809265137,14.847550392150879,168200
2024-03-04,15.779999732971191,15.819999694824219,15.619999885559082,15.739999771118164,14.885377883911133,426900
2024-03-05,15.760000228881836,15.789999961853027,15.609999656677246,15.710000038146973,14.85700798034668,267300
2024-03-06,15.739999771118164,15.829999923706055,15.5,15.680000305175781,14.82863712310791,566700
2024-03-07,15.720000267028809,15.779999732971191,15.539999961853027,15.579999923706055,14.734066009521484,297300
2024-03-08,15.640000343322754,15.8100004196167,15.59000015258789,15.779999732971191,14.923206329345703,334900
2024-03-11,15.819999694824219,15.880000114440918,15.729999542236328,15.819999694824219,14.961034774780273,347500
2024-03-12,15.84000015258789,15.949999809265137,15.770000457763672,15.90999984741211,15.046148300170898,320200
2024-03-13,15.899999618530273,15.960000038146973,15.869999885559082,15.920000076293945,15.055604934692383,254600
2024-03-14,15.920000076293945,15.960000038146973,15.649999618530273,15.6899995803833,14.838092803955078,426700
2024-03-15,15.680000305175781,15.819999694824219,15.649999618530273,15.770000457763672,14.913750648498535,392000
2024-03-18,15.770000457763672,15.8100004196167,15.65999984741211,15.760000228881836,14.904293060302734,344200
2024-03-19,15.710000038146973,15.829999923706055,15.649999618530273,15.75,14.894835472106934,194900
2024-03-20,15.75,15.789999961853027,15.680000305175781,15.779999732971191,14.923206329345703,178200
2024-03-21,15.8100004196167,15.890000343322754,15.75,15.880000114440918,15.017777442932129,318200
2024-03-22,15.859999656677246,15.880000114440918,15.789999961853027,15.850000381469727,14.98940658569336,279700
2024-03-25,15.850000381469727,16.0,15.789999961853027,15.850000381469727,14.98940658569336,429500
2024-03-26,15.850000381469727,16.110000610351562,15.829999923706055,16.010000228881836,15.140718460083008,540500
2024-03-27,15.579999923706055,15.6899995803833,15.529999732971191,15.680000305175781,15.257485389709473,344500
2024-03-28,15.699999809265137,15.829999923706055,15.680000305175781,15.680000305175781,15.257485389709473,319900
2024-04-01,15.699999809265137,15.699999809265137,15.510000228881836,15.539999961853027,15.121256828308105,355100
2024-04-02,15.529999732971191,15.640000343322754,15.529999732971191,15.579999923706055,15.160179138183594,213800
2024-04-03,15.630000114440918,15.75,15.550000190734863,15.729999542236328,15.306137084960938,233000
2024-04-04,15.84000015258789,15.84000015258789,15.550000190734863,15.550000190734863,15.130988121032715,273200
2024-04-05,15.600000381469727,15.720000267028809,15.539999961853027,15.720000267028809,15.296406745910645,205200
2024-04-08,15.720000267028809,15.75,15.579999923706055,15.65999984741211,15.23802375793457,280100
2024-04-09,15.729999542236328,15.729999542236328,15.59000015258789,15.670000076293945,15.247754096984863,175900
2024-04-10,15.569999694824219,15.75,15.569999694824219,15.739999771118164,15.31586742401123,289400
2024-04-11,15.720000267028809,15.779999732971191,15.600000381469727,15.760000228881836,15.335329055786133,192400
2024-04-12,15.729999542236328,15.789999961853027,15.609999656677246,15.710000038146973,15.286676406860352,493100
2024-04-15,15.779999732971191,15.880000114440918,15.569999694824219,15.579999923706055,15.160179138183594,283900
2024-04-16,15.5600004196167,15.65999984741211,15.479999542236328,15.619999885559082,15.199101448059082,320900
2024-04-17,15.65999984741211,15.699999809265137,15.539999961853027,15.649999618530273,15.228292465209961,208400
2024-04-18,15.739999771118164,15.75,15.569999694824219,15.670000076293945,15.247754096984863,188400
2024-04-19,15.65999984741211,15.789999961853027,15.619999885559082,15.760000228881836,15.335329055786133,232100
2024-04-22,15.800000190734863,16.09000015258789,15.720000267028809,16.049999237060547,15.617513656616211,336400
2024-04-23,16.100000381469727,16.280000686645508,16.049999237060547,16.229999542236328,15.79266357421875,374600
2024-04-24,16.280000686645508,16.34000015258789,16.190000534057617,16.31999969482422,15.88023853302002,222200
2024-04-25,16.260000228881836,16.43000030517578,16.06999969482422,16.34000015258789,15.899700164794922,930700
2024-04-26,16.3799991607666,16.600000381469727,16.31999969482422,16.469999313354492,16.02619743347168,451200
2024-04-29,16.469999313354492,16.65999984741211,16.459999084472656,16.530000686645508,16.08458137512207,272900
2024-04-30,16.479999542236328,16.649999618530273,16.479999542236328,16.6299991607666,16.181884765625,361500
2024-05-01,16.670000076293945,16.90999984741211,16.649999618530273,16.860000610351562,16.405689239501953,311100
2024-05-02,16.93000030517578,16.940000534057617,16.68000030517578,16.709999084472656,16.259729385375977,434600
2024-05-03,16.850000381469727,16.899999618530273,16.600000381469727,16.610000610351562,16.162425994873047,271500
2024-05-06,16.719999313354492,16.8799991607666,16.690000534057617,16.799999237060547,16.34730339050293,337500
2024-05-07,16.899999618530273,16.899999618530273,16.350000381469727,16.549999237060547,16.104040145874023,480500
2024-05-08,16.579999923706055,16.65999984741211,16.459999084472656,16.549999237060547,16.104040145874023,323200
2024-05-09,16.59000015258789,16.700000762939453,16.520000457763672,16.6200008392334,16.172155380249023,372600
2024-05-10,16.700000762939453,16.75,16.65999984741211,16.68000030517578,16.230539321899414,186600
2024-05-13,16.68000030517578,16.709999084472656,16.459999084472656,16.459999084472656,16.01646614074707,254200
2024-05-14,16.540000915527344,16.670000076293945,16.459999084472656,16.579999923706055,16.13323402404785,283600
2024-05-15,16.639999389648438,16.690000534057617,16.3799991607666,16.5,16.055389404296875,420800
2024-05-16,16.5,16.520000457763672,16.309999465942383,16.309999465942383,15.870508193969727,280900
2024-05-17,16.3799991607666,16.469999313354492,16.34000015258789,16.43000030517578,15.987275123596191,233500
2024-05-20,16.459999084472656,16.479999542236328,16.329999923706055,16.399999618530273,15.958083152770996,239000
2024-05-21,16.360000610351562,16.389999389648438,16.170000076293945,16.239999771118164,15.80239486694336,374000
2024-05-22,16.229999542236328,16.239999771118164,15.859999656677246,15.90999984741211,15.481287002563477,692000
2024-05-23,15.989999771118164,16.059999465942383,15.899999618530273,16.030000686645508,15.598053932189941,411600
2024-05-24,16.100000381469727,16.18000030517578,16.040000915527344,16.170000076293945,15.734281539916992,219700
2024-05-28,16.1200008392334,16.15999984741211,16.0,16.079999923706055,15.646706581115723,263500
2024-05-29,16.229999542236328,16.610000610351562,16.1299991607666,16.5,16.055389404296875,365000
2024-05-30,16.5,16.600000381469727,16.399999618530273,16.559999465942383,16.113771438598633,179500
2024-05-31,16.649999618530273,16.829999923706055,16.559999465942383,16.790000915527344,16.337575912475586,259300
2024-06-03,16.8799991607666,16.90999984741211,16.770000457763672,16.8700008392334,16.415420532226562,251700
2024-06-04,16.780000686645508,16.90999984741211,16.75,16.81999969482422,16.36676597595215,155600
2024-06-05,16.809999465942383,16.81999969482422,16.670000076293945,16.809999465942383,16.35703468322754,206000
2024-06-06,16.84000015258789,16.8799991607666,16.739999771118164,16.75,16.29865264892578,122700
2024-06-07,16.729999542236328,16.920000076293945,16.579999923706055,16.639999389648438,16.19161605834961,432300
2024-06-10,16.6299991607666,16.75,16.520000457763672,16.670000076293945,16.220808029174805,190500
2024-06-11,16.600000381469727,16.700000762939453,16.530000686645508,16.610000610351562,16.162425994873047,172100
2024-06-12,16.690000534057617,16.690000534057617,16.489999771118164,16.579999923706055,16.13323402404785,138400
2024-06-13,16.610000610351562,16.610000610351562,16.290000915527344,16.360000610351562,15.919161796569824,256200
2024-06-14,16.260000228881836,16.469999313354492,16.190000534057617,16.34000015258789,15.899700164794922,222300
2024-06-17,16.3799991607666,16.450000762939453,16.31999969482422,16.440000534057617,15.9970064163208,139900
2024-06-18,16.5,16.510000228881836,16.309999465942383,16.360000610351562,15.919161796569824,279200
2024-06-20,16.420000076293945,16.420000076293945,16.270000457763672,16.389999389648438,15.948352813720703,248400
2024-06-21,16.31999969482422,16.389999389648438,16.270000457763672,16.360000610351562,15.919161796569824,283500
2024-06-24,16.40999984741211,16.520000457763672,16.3799991607666,16.510000228881836,16.06511878967285,190400
2024-06-25,16.549999237060547,16.760000228881836,16.549999237060547,16.68000030517578,16.230539321899414,269400
2024-06-26,16.649999618530273,16.719999313354492,16.59000015258789,16.600000381469727,16.152694702148438,197100
2024-06-27,16.649999618530273,16.739999771118164,16.6299991607666,16.700000762939453,16.25,232500
2024-06-28,16.229999542236328,16.450000762939453,16.190000534057617,16.309999465942383,16.309999465942383,268600
2024-07-01,16.350000381469727,16.3799991607666,16.229999542236328,16.31999969482422,16.31999969482422,242700
2024-07-02,16.34000015258789,16.520000457763672,16.329999923706055,16.520000457763672,16.520000457763672,227900
2024-07-03,16.479999542236328,16.6299991607666,16.479999542236328,16.610000610351562,16.610000610351562,123400
2024-07-05,16.600000381469727,16.65999984741211,16.510000228881836,16.540000915527344,16.540000915527344,148900
2024-07-08,16.6200008392334,16.6200008392334,16.520000457763672,16.610000610351562,16.610000610351562,163300
2024-07-09,16.56999969482422,16.600000381469727,16.43000030517578,16.43000030517578,16.43000030517578,160600
2024-07-10,16.479999542236328,16.549999237060547,16.420000076293945,16.520000457763672,16.520000457763672,97500
2024-07-11,16.6200008392334,16.6200008392334,16.510000228881836,16.579999923706055,16.579999923706055,148900
2024-07-12,16.649999618530273,16.739999771118164,16.600000381469727,16.600000381469727,16.600000381469727,204600
2024-07-15,16.700000762939453,16.729999542236328,16.530000686645508,16.59000015258789,16.59000015258789,148800
2024-07-16,16.649999618530273,16.709999084472656,16.549999237060547,16.6200008392334,16.6200008392334,156800
2024-07-17,16.610000610351562,16.75,16.600000381469727,16.65999984741211,16.65999984741211,155700
2024-07-18,16.700000762939453,16.700000762939453,16.43000030517578,16.59000015258789,16.59000015258789,248300
2024-07-19,16.649999618530273,16.739999771118164,16.510000228881836,16.530000686645508,16.530000686645508,149700
2024-07-22,16.579999923706055,16.65999984741211,16.540000915527344,16.65999984741211,16.65999984741211,134400
2024-07-23,16.65999984741211,16.670000076293945,16.469999313354492,16.510000228881836,16.510000228881836,171300
2024-07-24,16.549999237060547,16.6200008392334,16.399999618530273,16.579999923706055,16.579999923706055,192500
2024-07-25,16.610000610351562,16.639999389648438,16.489999771118164,16.520000457763672,16.520000457763672,156400
2024-07-26,16.540000915527344,16.8700008392334,16.540000915527344,16.790000915527344,16.790000915527344,244800
2024-07-29,16.889999389648438,17.079999923706055,16.719999313354492,16.760000228881836,16.760000228881836,341300
2024-07-30,16.84000015258789,16.979999542236328,16.780000686645508,16.959999084472656,16.959999084472656,254400
2024-07-31,16.940000534057617,17.040000915527344,16.75,16.760000228881836,16.760000228881836,240700
2024-08-01,16.860000610351562,16.940000534057617,16.65999984741211,16.75,16.75,155100
2024-08-02,16.700000762939453,16.799999237060547,16.280000686645508,16.290000915527344,16.290000915527344,277100
2024-08-05,16.010000228881836,16.010000228881836,15.289999961853027,15.630000114440918,15.630000114440918,540600
2024-08-06,15.84000015258789,15.930000305175781,15.739999771118164,15.800000190734863,15.800000190734863,250500
2024-08-07,15.760000228881836,15.970000267028809,15.300000190734863,15.40999984741211,15.40999984741211,366100
2024-08-08,15.5,15.59000015258789,15.3100004196167,15.529999732971191,15.529999732971191,227900
2024-08-09,15.5,15.618300437927246,15.300000190734863,15.40999984741211,15.40999984741211,211666
