Date,Open,High,Low,Close,Adj Close,Volume
1984-10-10,0.0,4.527778148651123,4.472221851348877,4.472221851348877,3.6291027069091797,22500
1984-10-11,0.0,4.694444179534912,4.5,4.694444179534912,3.809431314468384,188100
1984-10-12,0.0,4.722221851348877,4.652778148651123,4.680555820465088,3.798161745071411,64800
1984-10-15,0.0,4.694444179534912,4.638888835906982,4.638888835906982,3.7643496990203857,52200
1984-10-16,0.0,4.805555820465088,4.611111164093018,4.805555820465088,3.8995940685272217,91800
1984-10-17,0.0,4.8333330154418945,4.75,4.777778148651123,3.877054214477539,171000
1984-10-18,0.0,4.819444179534912,4.763888835906982,4.7916669845581055,3.8883256912231445,54900
1984-10-19,0.0,5.0,4.7916669845581055,5.0,4.0573835372924805,594900
1984-10-22,0.0,5.0,4.8333330154418945,5.0,4.0573835372924805,251100
1984-10-23,0.0,5.013888835906982,4.944444179534912,4.944444179534912,4.012300968170166,124200
1984-10-24,0.0,5.0,4.944444179534912,5.0,4.0573835372924805,175500
1984-10-25,0.0,5.027778148651123,4.930555820465088,5.027778148651123,4.079925537109375,5881500
1984-10-26,0.0,5.0833330154418945,5.0,5.0416669845581055,4.091195583343506,88200
1984-10-29,0.0,5.0833330154418945,5.027778148651123,5.069444179534912,4.113735675811768,55800
1984-10-30,0.0,5.055555820465088,5.013888835906982,5.013888835906982,4.068652153015137,111600
1984-10-31,0.0,5.0416669845581055,4.972221851348877,4.972221851348877,4.0348429679870605,66600
1984-11-01,0.0,5.027778148651123,5.0,5.0,4.0573835372924805,63000
1984-11-02,0.0,5.013888835906982,4.986111164093018,4.986111164093018,4.046112060546875,11700
1984-11-05,0.0,5.0,4.930555820465088,4.930555820465088,4.001030921936035,46800
1984-11-06,0.0,4.9583330154418945,4.9166669845581055,4.9583330154418945,4.023571014404297,55800
1984-11-07,0.0,5.055555820465088,4.9583330154418945,5.027778148651123,4.079925537109375,197100
1984-11-08,0.0,5.055555820465088,5.0,5.0416669845581055,4.091195583343506,85500
1984-11-09,0.0,5.013888835906982,4.986111164093018,4.986111164093018,4.046112060546875,45900
1984-11-12,0.0,5.013888835906982,4.986111164093018,4.986111164093018,4.046112060546875,19800
1984-11-13,0.0,4.972221851348877,4.944444179534912,4.944444179534912,4.012300968170166,9000
1984-11-14,0.0,4.9583330154418945,4.888888835906982,4.902778148651123,3.9784908294677734,128700
1984-11-15,0.0,4.9166669845581055,4.902778148651123,4.9166669845581055,3.989760160446167,34200
1984-11-16,0.0,4.9166669845581055,4.861111164093018,4.888888835906982,3.967219352722168,204300
1984-11-19,0.0,4.888888835906982,4.847221851348877,4.847221851348877,3.9334073066711426,111600
1984-11-20,0.0,4.847221851348877,4.805555820465088,4.847221851348877,3.9334073066711426,78300
1984-11-21,0.0,4.888888835906982,4.8333330154418945,4.875,3.955948829650879,177300
1984-11-23,0.0,4.944444179534912,4.9166669845581055,4.944444179534912,4.012300968170166,46800
1984-11-26,0.0,4.972221851348877,4.902778148651123,4.930555820465088,4.001030921936035,54900
1984-11-27,0.0,4.930555820465088,4.902778148651123,4.902778148651123,3.9784908294677734,145800
1984-11-28,0.0,4.930555820465088,4.902778148651123,4.9166669845581055,3.989760160446167,37800
1984-11-29,0.0,4.9166669845581055,4.847221851348877,4.847221851348877,3.9334073066711426,76500
1984-11-30,0.0,4.861111164093018,4.819444179534912,4.8333330154418945,3.9221367835998535,18000
1984-12-03,0.0,4.861111164093018,4.847221851348877,4.847221851348877,3.9334073066711426,181800
1984-12-04,0.0,4.902778148651123,4.875,4.888888835906982,3.967219352722168,18900
1984-12-05,0.0,4.9166669845581055,4.875,4.875,3.955948829650879,26100
1984-12-06,0.0,5.0416669845581055,4.888888835906982,5.0416669845581055,4.091195583343506,443700
1984-12-07,0.0,5.0,4.9166669845581055,4.9166669845581055,3.989760160446167,57600
1984-12-10,0.0,4.944444179534912,4.888888835906982,4.9166669845581055,3.989760160446167,64800
1984-12-11,0.0,4.930555820465088,4.902778148651123,4.930555820465088,4.001030921936035,6300
1984-12-12,0.0,4.972221851348877,4.930555820465088,4.972221851348877,4.0348429679870605,31500
1984-12-13,0.0,5.013888835906982,4.9583330154418945,4.986111164093018,4.046112060546875,30600
1984-12-14,0.0,5.0,4.972221851348877,4.972221851348877,4.0348429679870605,57600
1984-12-17,0.0,4.986111164093018,4.9166669845581055,4.930555820465088,4.001030921936035,73800
1984-12-18,4.9583330154418945,4.972221851348877,4.944444179534912,4.972221851348877,4.0348429679870605,59400
1984-12-19,5.0,5.027778148651123,4.986111164093018,5.0,4.0573835372924805,820800
1984-12-20,5.013888835906982,5.027778148651123,4.986111164093018,5.013888835906982,4.068652153015137,80100
1984-12-21,4.986111164093018,5.013888835906982,4.972221851348877,5.0,4.0573835372924805,612900
1984-12-24,5.013888835906982,5.0416669845581055,5.013888835906982,5.027778148651123,4.079925537109375,239400
1984-12-26,5.027778148651123,5.027778148651123,5.013888835906982,5.027778148651123,4.079925537109375,24300
1984-12-27,5.027778148651123,5.055555820465088,5.027778148651123,5.055555820465088,4.102466583251953,89100
1984-12-28,5.055555820465088,5.055555820465088,5.027778148651123,5.0416669845581055,4.091195583343506,77400
1984-12-31,5.0416669845581055,5.055555820465088,5.027778148651123,5.027778148651123,4.079925537109375,78300
1985-01-02,5.055555820465088,5.055555820465088,4.986111164093018,4.986111164093018,4.046112060546875,258300
1985-01-03,4.9583330154418945,4.986111164093018,4.944444179534912,4.9583330154418945,4.023571014404297,61200
1985-01-04,4.930555820465088,4.944444179534912,4.902778148651123,4.9166669845581055,3.989760160446167,65700
1985-01-07,4.930555820465088,4.986111164093018,4.930555820465088,4.986111164093018,4.046112060546875,80100
1985-01-08,4.972221851348877,5.180555820465088,4.944444179534912,5.138888835906982,4.170086860656738,4079700
1985-01-09,5.1666669845581055,5.263888835906982,5.152778148651123,5.236111164093018,4.2489824295043945,214200
1985-01-10,5.222221851348877,5.222221851348877,5.1666669845581055,5.2083330154418945,4.226439952850342,165600
1985-01-11,5.2083330154418945,5.2083330154418945,5.180555820465088,5.194444179534912,4.215169429779053,103500
1985-01-14,5.194444179534912,5.222221851348877,5.152778148651123,5.194444179534912,4.215169429779053,131400
1985-01-15,5.222221851348877,5.222221851348877,5.194444179534912,5.2083330154418945,4.226439952850342,180900
1985-01-16,5.2083330154418945,5.222221851348877,5.2083330154418945,5.2083330154418945,4.226439952850342,392400
1985-01-17,5.236111164093018,5.236111164093018,5.194444179534912,5.2083330154418945,4.226439952850342,1137600
1985-01-18,5.2083330154418945,5.25,5.194444179534912,5.25,4.260252952575684,398700
1985-01-21,5.263888835906982,5.5,5.263888835906982,5.486111164093018,4.451850414276123,721800
1985-01-22,5.472221851348877,5.555555820465088,5.472221851348877,5.513888835906982,4.474390983581543,237600
1985-01-23,5.5,5.513888835906982,5.444444179534912,5.472221851348877,4.440579891204834,110700
1985-01-24,5.472221851348877,5.5416669845581055,5.472221851348877,5.527778148651123,4.485662460327148,92700
1985-01-25,5.5,5.5416669845581055,5.486111164093018,5.5416669845581055,4.496933460235596,34200
1985-01-28,5.555555820465088,5.555555820465088,5.402778148651123,5.4583330154418945,4.429308891296387,195300
1985-01-29,5.430555820465088,5.430555820465088,5.361111164093018,5.402778148651123,4.384227275848389,82800
1985-01-30,5.4166669845581055,5.486111164093018,5.4166669845581055,5.4166669845581055,4.395498275756836,302400
1985-01-31,5.375,5.444444179534912,5.347221851348877,5.4166669845581055,4.395498275756836,288000
1985-02-01,5.4166669845581055,5.4583330154418945,5.375,5.375,4.3616862297058105,130500
1985-02-04,5.375,5.486111164093018,5.375,5.486111164093018,4.451850414276123,93600
1985-02-05,5.513888835906982,5.5416669845581055,5.5,5.513888835906982,4.474390983581543,99900
1985-02-06,5.5416669845581055,5.555555820465088,5.486111164093018,5.5,4.46312141418457,187200
1985-02-07,5.5416669845581055,5.5416669845581055,5.5,5.5,4.46312141418457,60300
1985-02-08,5.5,5.638888835906982,5.5,5.638888835906982,4.5758256912231445,2415600
1985-02-11,5.611111164093018,5.611111164093018,5.472221851348877,5.555555820465088,4.508203029632568,164700
1985-02-12,5.527778148651123,5.527778148651123,5.486111164093018,5.486111164093018,4.451850414276123,949500
1985-02-13,5.5,5.555555820465088,5.5,5.555555820465088,4.508203029632568,446400
1985-02-14,5.5833330154418945,5.5833330154418945,5.5,5.527778148651123,4.485662460327148,57600
1985-02-15,5.527778148651123,5.555555820465088,5.527778148651123,5.5416669845581055,4.496933460235596,35100
1985-02-19,5.527778148651123,5.5833330154418945,5.527778148651123,5.569444179534912,4.519473075866699,126900
1985-02-20,5.5833330154418945,5.5833330154418945,5.5,5.5416669845581055,4.496933460235596,330300
1985-02-21,5.527778148651123,5.5416669845581055,5.5,5.5,4.46312141418457,98100
1985-02-22,5.5,5.5416669845581055,5.5,5.513888835906982,4.474390983581543,59400
1985-02-25,5.486111164093018,5.527778148651123,5.472221851348877,5.527778148651123,4.485662460327148,31500
1985-02-26,5.486111164093018,5.527778148651123,5.486111164093018,5.527778148651123,4.485662460327148,58500
1985-02-27,5.527778148651123,5.5416669845581055,5.527778148651123,5.5416669845581055,4.496933460235596,29700
1985-02-28,5.527778148651123,5.5416669845581055,5.527778148651123,5.5416669845581055,4.496933460235596,128700
1985-03-01,5.527778148651123,5.6666669845581055,5.527778148651123,5.6666669845581055,4.5983662605285645,260100
1985-03-04,5.6666669845581055,5.6666669845581055,5.611111164093018,5.625,4.56455659866333,66600
1985-03-05,5.625,5.625,5.569444179534912,5.597221851348877,4.542013645172119,135900
1985-03-06,5.611111164093018,5.625,5.527778148651123,5.555555820465088,4.508203029632568,79200
1985-03-07,5.555555820465088,5.625,5.5416669845581055,5.5416669845581055,4.496933460235596,87300
1985-03-08,5.5416669845581055,5.555555820465088,5.527778148651123,5.555555820465088,4.508203029632568,101700
1985-03-11,5.5416669845581055,5.555555820465088,5.486111164093018,5.486111164093018,4.451850414276123,64800
1985-03-12,5.472221851348877,5.5,5.444444179534912,5.5,4.46312141418457,44100
1985-03-13,5.527778148651123,5.555555820465088,5.5,5.555555820465088,4.508203029632568,75600
1985-03-14,5.527778148651123,5.527778148651123,5.5,5.527778148651123,4.485662460327148,133200
1985-03-15,5.5416669845581055,5.5416669845581055,5.472221851348877,5.5,4.46312141418457,43200
1985-03-18,5.472221851348877,5.472221851348877,5.4166669845581055,5.4166669845581055,4.395498275756836,28800
1985-03-19,5.430555820465088,5.430555820465088,5.388888835906982,5.4166669845581055,4.395498275756836,43200
1985-03-20,5.430555820465088,5.486111164093018,5.4166669845581055,5.4166669845581055,4.395498275756836,102600
1985-03-21,5.444444179534912,5.5,5.444444179534912,5.5,4.46312141418457,60300
1985-03-22,5.527778148651123,5.638888835906982,5.513888835906982,5.638888835906982,4.5758256912231445,181800
1985-03-25,5.6666669845581055,5.7916669845581055,5.6666669845581055,5.7916669845581055,4.699801921844482,110700
1985-03-26,5.777778148651123,5.819444179534912,5.777778148651123,5.819444179534912,4.722342014312744,53100
1985-03-27,5.805555820465088,5.875,5.805555820465088,5.875,4.767424583435059,90000
1985-03-28,5.847221851348877,5.930555820465088,5.847221851348877,5.9166669845581055,4.801237106323242,214200
1985-03-29,5.902778148651123,5.9166669845581055,5.875,5.9166669845581055,4.801237106323242,106200
1985-04-01,5.9166669845581055,6.111111164093018,5.9166669845581055,6.013888835906982,4.880129337310791,90000
1985-04-02,6.0416669845581055,6.055555820465088,5.888888835906982,5.888888835906982,4.778695106506348,60300
1985-04-03,5.861111164093018,5.861111164093018,5.847221851348877,5.847221851348877,4.744884014129639,59400
1985-04-04,5.861111164093018,5.875,5.847221851348877,5.875,4.767424583435059,28800
1985-04-08,5.861111164093018,5.902778148651123,5.861111164093018,5.888888835906982,4.778695106506348,21600
1985-04-09,5.861111164093018,5.861111164093018,5.805555820465088,5.805555820465088,4.7110724449157715,19800
1985-04-10,5.7916669845581055,5.888888835906982,5.722221851348877,5.888888835906982,4.778695106506348,139500
1985-04-11,5.875,5.972221851348877,5.875,5.9583330154418945,4.835047721862793,99900
1985-04-12,6.0,6.027778148651123,5.972221851348877,6.013888835906982,4.880129337310791,57600
1985-04-15,6.027778148651123,6.25,6.027778148651123,6.25,5.07172966003418,276300
1985-04-16,6.25,6.2916669845581055,6.2083330154418945,6.277778148651123,5.094269752502441,73800
1985-04-17,6.3333330154418945,6.375,6.263888835906982,6.375,5.173162460327148,125100
1985-04-18,6.375,6.375,6.1666669845581055,6.1666669845581055,5.004105091094971,104400
1985-04-19,6.180555820465088,6.180555820465088,6.111111164093018,6.111111164093018,4.959023475646973,52200
1985-04-22,6.125,6.152778148651123,6.055555820465088,6.0833330154418945,4.936481475830078,109800
1985-04-23,6.0833330154418945,6.097221851348877,6.055555820465088,6.0833330154418945,4.936481475830078,205200
1985-04-24,6.0833330154418945,6.0833330154418945,6.027778148651123,6.027778148651123,4.891400337219238,108900
1985-04-25,6.055555820465088,6.055555820465088,6.0,6.027778148651123,4.891400337219238,810000
1985-04-26,6.055555820465088,6.055555820465088,5.9166669845581055,5.9166669845581055,4.801237106323242,262800
1985-04-29,5.944444179534912,5.9583330154418945,5.847221851348877,5.875,4.767424583435059,351900
1985-04-30,5.888888835906982,5.888888835906982,5.805555820465088,5.861111164093018,4.756155014038086,148500
1985-05-01,5.888888835906982,5.902778148651123,5.805555820465088,5.805555820465088,4.7110724449157715,84600
1985-05-02,5.7916669845581055,5.805555820465088,5.638888835906982,5.777778148651123,4.688532829284668,324900
1985-05-03,5.75,5.7916669845581055,5.75,5.777778148651123,4.688532829284668,108000
1985-05-06,5.805555820465088,5.847221851348877,5.777778148651123,5.847221851348877,4.744884014129639,96300
1985-05-07,5.875,5.944444179534912,5.875,5.944444179534912,4.823777198791504,45900
1985-05-08,5.986111164093018,6.111111164093018,5.972221851348877,6.0833330154418945,4.936481475830078,198000
1985-05-09,6.125,6.2916669845581055,6.125,6.236111164093018,5.060457229614258,151200
1985-05-10,6.236111164093018,6.5416669845581055,6.222221851348877,6.5,5.274598121643066,141300
1985-05-13,6.5416669845581055,6.5416669845581055,6.4583330154418945,6.4583330154418945,5.240786075592041,196200
1985-05-14,6.4583330154418945,6.5,6.444444179534912,6.5,5.274598121643066,317700
1985-05-15,6.472221851348877,6.486111164093018,6.305555820465088,6.305555820465088,5.116811752319336,58500
1985-05-16,6.277778148651123,6.305555820465088,6.2083330154418945,6.305555820465088,5.116811752319336,98100
1985-05-17,6.305555820465088,6.361111164093018,6.305555820465088,6.361111164093018,5.161892890930176,153000
1985-05-20,6.388888835906982,6.402778148651123,6.375,6.375,5.173162460327148,113400
1985-05-21,6.361111164093018,6.444444179534912,6.277778148651123,6.388888835906982,5.184433937072754,357300
1985-05-22,6.361111164093018,6.402778148651123,6.361111164093018,6.361111164093018,5.161892890930176,57600
1985-05-23,6.3333330154418945,6.388888835906982,6.3333330154418945,6.375,5.173162460327148,54900
1985-05-24,6.402778148651123,6.402778148651123,6.361111164093018,6.402778148651123,5.195704460144043,28800
1985-05-28,6.375,6.402778148651123,6.361111164093018,6.388888835906982,5.184433937072754,16200
1985-05-29,6.402778148651123,6.4166669845581055,6.388888835906982,6.388888835906982,5.184433937072754,59400
1985-05-30,6.4166669845581055,6.486111164093018,6.4166669845581055,6.4583330154418945,5.240786075592041,89100
1985-05-31,6.430555820465088,6.611111164093018,6.4166669845581055,6.555555820465088,5.319680213928223,117000
1985-06-03,6.513888835906982,6.638888835906982,6.513888835906982,6.638888835906982,5.387303352355957,132300
1985-06-04,6.652778148651123,6.777778148651123,6.638888835906982,6.75,5.477467060089111,435600
1985-06-05,6.777778148651123,6.8333330154418945,6.680555820465088,6.680555820465088,5.421113967895508,159300
1985-06-06,6.638888835906982,6.722221851348877,6.5833330154418945,6.722221851348877,5.454926490783691,119700
1985-06-07,6.7083330154418945,6.75,6.680555820465088,6.736111164093018,5.466196060180664,60300
1985-06-10,6.736111164093018,6.736111164093018,6.7083330154418945,6.7083330154418945,5.4436540603637695,225900
1985-06-11,6.7083330154418945,6.722221851348877,6.694444179534912,6.722221851348877,5.454926490783691,63900
1985-06-12,6.722221851348877,6.7916669845581055,6.694444179534912,6.777778148651123,5.500009059906006,138600
1985-06-13,6.777778148651123,6.861111164093018,6.777778148651123,6.861111164093018,5.567630767822266,119700
1985-06-14,6.847221851348877,7.194444179534912,6.847221851348877,7.138888835906982,5.793041706085205,540000
1985-06-17,7.194444179534912,7.3333330154418945,7.152778148651123,7.305555820465088,5.928286552429199,401400
1985-06-18,7.305555820465088,7.555555820465088,7.25,7.5,6.086073398590088,156600
1985-06-19,7.472221851348877,7.472221851348877,7.277778148651123,7.277778148651123,5.9057464599609375,231300
1985-06-20,7.25,7.25,7.055555820465088,7.069444179534912,5.736688613891602,176400
1985-06-21,7.055555820465088,7.2083330154418945,7.027778148651123,7.2083330154418945,5.849392414093018,215100
1985-06-24,7.194444179534912,7.305555820465088,7.194444179534912,7.305555820465088,5.928286552429199,37800
1985-06-25,7.305555820465088,7.347221851348877,7.152778148651123,7.152778148651123,5.804311275482178,184500
1985-06-26,7.152778148651123,7.25,7.152778148651123,7.222221851348877,5.860663414001465,52200
1985-06-27,7.25,7.25,7.222221851348877,7.25,5.883205890655518,43200
1985-06-28,7.25,7.319444179534912,7.25,7.319444179534912,5.939558029174805,38700
1985-07-01,7.3333330154418945,7.375,7.305555820465088,7.375,5.984639644622803,141300
1985-07-02,7.402778148651123,7.486111164093018,7.375,7.388888835906982,5.99591064453125,71100
1985-07-03,7.361111164093018,7.569444179534912,7.361111164093018,7.513888835906982,6.097344875335693,297900
1985-07-05,7.5,7.555555820465088,7.486111164093018,7.5416669845581055,6.119887351989746,54000
1985-07-08,7.527778148651123,7.5833330154418945,7.486111164093018,7.5416669845581055,6.119887351989746,846900
1985-07-09,7.5416669845581055,7.5416669845581055,7.486111164093018,7.486111164093018,6.074802875518799,186300
1985-07-10,7.4583330154418945,7.513888835906982,7.4583330154418945,7.5,6.086073398590088,69300
1985-07-11,7.527778148651123,7.527778148651123,7.3333330154418945,7.3333330154418945,5.9508280754089355,370800
1985-07-12,7.3333330154418945,7.388888835906982,7.3333330154418945,7.361111164093018,5.973369121551514,226800
1985-07-15,7.361111164093018,7.361111164093018,7.2916669845581055,7.305555820465088,5.928286552429199,254700
1985-07-16,7.305555820465088,7.361111164093018,7.305555820465088,7.361111164093018,5.973369121551514,331200
1985-07-17,7.388888835906982,7.555555820465088,7.388888835906982,7.555555820465088,6.131157398223877,326700
1985-07-18,7.527778148651123,7.5416669845581055,7.4583330154418945,7.472221851348877,6.063533782958984,268200
1985-07-19,7.486111164093018,7.5,7.472221851348877,7.5,6.086073398590088,82800
1985-07-22,7.527778148651123,7.597221851348877,7.527778148651123,7.597221851348877,6.164967060089111,91800
1985-07-23,7.611111164093018,7.7083330154418945,7.513888835906982,7.513888835906982,6.097344875335693,408600
1985-07-24,7.472221851348877,7.472221851348877,7.388888835906982,7.4166669845581055,6.01845121383667,186300
1985-07-25,7.4166669845581055,7.4166669845581055,7.347221851348877,7.388888835906982,5.99591064453125,272700
1985-07-26,7.361111164093018,7.361111164093018,7.263888835906982,7.2916669845581055,5.917017459869385,267300
1985-07-29,7.305555820465088,7.319444179534912,7.1666669845581055,7.180555820465088,5.826854228973389,203400
1985-07-30,7.152778148651123,7.180555820465088,7.097221851348877,7.138888835906982,5.793041706085205,236700
1985-07-31,7.097221851348877,7.111111164093018,7.055555820465088,7.069444179534912,5.736688613891602,101700
1985-08-01,7.027778148651123,7.194444179534912,7.027778148651123,7.138888835906982,5.793041706085205,224100
1985-08-02,7.125,7.138888835906982,7.111111164093018,7.138888835906982,5.793041706085205,135900
1985-08-05,7.111111164093018,7.138888835906982,7.0833330154418945,7.0833330154418945,5.747958183288574,54000
1985-08-06,7.111111164093018,7.125,7.0,7.0833330154418945,5.747958183288574,279000
1985-08-07,7.055555820465088,7.111111164093018,7.0416669845581055,7.0833330154418945,5.747958183288574,49500
1985-08-08,7.0833330154418945,7.361111164093018,7.0833330154418945,7.361111164093018,5.973369121551514,290700
1985-08-09,7.347221851348877,7.388888835906982,7.3333330154418945,7.388888835906982,5.99591064453125,71100
1985-08-12,7.361111164093018,7.4166669845581055,7.347221851348877,7.347221851348877,5.962099075317383,13500
1985-08-13,7.347221851348877,7.347221851348877,7.277778148651123,7.319444179534912,5.939558029174805,18900
1985-08-14,7.347221851348877,7.347221851348877,7.319444179534912,7.319444179534912,5.939558029174805,58500
1985-08-15,7.347221851348877,7.361111164093018,7.319444179534912,7.319444179534912,5.939558029174805,27900
1985-08-16,7.347221851348877,7.361111164093018,7.319444179534912,7.347221851348877,5.962099075317383,46800
1985-08-19,7.3333330154418945,7.361111164093018,7.3333330154418945,7.347221851348877,5.962099075317383,56700
1985-08-20,7.347221851348877,7.625,7.347221851348877,7.597221851348877,6.164967060089111,582300
1985-08-21,7.611111164093018,7.611111164093018,7.4583330154418945,7.4583330154418945,6.052262306213379,63900
1985-08-22,7.472221851348877,7.486111164093018,7.444444179534912,7.486111164093018,6.074802875518799,35100
1985-08-23,7.513888835906982,7.527778148651123,7.486111164093018,7.527778148651123,6.108615398406982,32400
1985-08-26,7.513888835906982,7.527778148651123,7.486111164093018,7.486111164093018,6.074802875518799,107100
1985-08-27,7.486111164093018,7.5,7.472221851348877,7.486111164093018,6.074802875518799,33300
1985-08-28,7.6666669845581055,7.6666669845581055,7.6666669845581055,7.6666669845581055,6.221320629119873,64800
1985-08-29,7.694444179534912,7.722221851348877,7.680555820465088,7.694444179534912,6.243861675262451,108000
1985-08-30,7.694444179534912,7.763888835906982,7.694444179534912,7.722221851348877,6.266402721405029,49500
1985-09-03,7.75,7.777778148651123,7.722221851348877,7.736111164093018,6.277673721313477,80100
1985-09-04,7.722221851348877,7.722221851348877,7.444444179534912,7.472221851348877,6.063533782958984,211500
1985-09-05,7.472221851348877,7.5,7.4583330154418945,7.472221851348877,6.063533782958984,333000
1985-09-06,7.5,7.5833330154418945,7.5,7.555555820465088,6.131157398223877,81900
1985-09-09,7.527778148651123,7.527778148651123,7.527778148651123,7.527778148651123,6.108615398406982,12600
1985-09-10,7.555555820465088,7.6666669845581055,7.555555820465088,7.625,6.187509536743164,100800
1985-09-11,7.611111164093018,7.611111164093018,7.5833330154418945,7.5833330154418945,6.153698444366455,54000
1985-09-12,7.555555820465088,7.555555820465088,7.5,7.5,6.086073398590088,126900
1985-09-13,7.513888835906982,7.555555820465088,7.5,7.513888835906982,6.097344875335693,487800
1985-09-16,7.513888835906982,7.5833330154418945,7.513888835906982,7.555555820465088,6.131157398223877,45000
1985-09-17,7.527778148651123,7.555555820465088,7.5,7.555555820465088,6.131157398223877,151200
1985-09-18,7.527778148651123,7.527778148651123,7.402778148651123,7.4166669845581055,6.01845121383667,76500
1985-09-19,7.402778148651123,7.430555820465088,7.361111164093018,7.430555820465088,6.029721260070801,81000
1985-09-20,7.402778148651123,7.4166669845581055,7.402778148651123,7.402778148651123,6.007181644439697,120600
1985-09-23,7.4583330154418945,7.5833330154418945,7.4583330154418945,7.5416669845581055,6.119887351989746,190800
1985-09-24,7.555555820465088,7.6666669845581055,7.555555820465088,7.625,6.187509536743164,222300
1985-09-25,7.611111164093018,7.611111164093018,7.555555820465088,7.555555820465088,6.131157398223877,13500
1985-09-26,7.555555820465088,7.555555820465088,7.5,7.555555820465088,6.131157398223877,212400
1985-09-30,7.527778148651123,7.555555820465088,7.513888835906982,7.513888835906982,6.097344875335693,116100
1985-10-01,7.527778148651123,7.527778148651123,7.513888835906982,7.513888835906982,6.097344875335693,63900
1985-10-02,7.555555820465088,7.555555820465088,7.5,7.5,6.086073398590088,289800
1985-10-03,7.486111164093018,7.486111164093018,7.375,7.375,5.984639644622803,174600
1985-10-04,7.388888835906982,7.388888835906982,7.277778148651123,7.2916669845581055,5.917017459869385,113400
1985-10-07,7.2916669845581055,7.2916669845581055,7.111111164093018,7.194444179534912,5.838123321533203,131400
1985-10-08,7.180555820465088,7.194444179534912,7.138888835906982,7.1666669845581055,5.815582275390625,90900
1985-10-09,7.138888835906982,7.1666669845581055,7.138888835906982,7.152778148651123,5.804311275482178,24300
1985-10-10,7.180555820465088,7.180555820465088,7.0833330154418945,7.0833330154418945,5.747958183288574,98100
1985-10-11,7.097221851348877,7.152778148651123,7.097221851348877,7.125,5.781771183013916,54900
1985-10-14,7.152778148651123,7.222221851348877,7.138888835906982,7.222221851348877,5.860663414001465,39600
1985-10-15,7.2916669845581055,7.305555820465088,7.277778148651123,7.277778148651123,5.9057464599609375,71100
1985-10-16,7.305555820465088,7.388888835906982,7.305555820465088,7.375,5.984639644622803,37800
1985-10-17,7.402778148651123,7.694444179534912,7.361111164093018,7.680555820465088,6.232590198516846,459000
1985-10-18,7.680555820465088,7.763888835906982,7.680555820465088,7.763888835906982,6.3002142906188965,126900
1985-10-21,7.75,8.041666984558105,7.75,7.9583330154418945,6.458001613616943,172800
1985-10-22,7.9583330154418945,7.9583330154418945,7.819444179534912,7.861111164093018,6.37910795211792,191700
1985-10-23,7.8333330154418945,7.9166669845581055,7.8333330154418945,7.9166669845581055,6.424191951751709,304200
1985-10-24,7.888888835906982,7.930555820465088,7.888888835906982,7.9166669845581055,6.424191951751709,815400
1985-10-25,7.9166669845581055,7.9166669845581055,7.847221851348877,7.861111164093018,6.37910795211792,22500
1985-10-28,7.875,8.0,7.8333330154418945,8.0,6.491811275482178,48600
1985-10-29,7.972221851348877,8.041666984558105,7.972221851348877,8.041666984558105,6.525623321533203,72900
1985-10-30,8.069443702697754,8.25,8.055556297302246,8.25,6.694681644439697,64800
1985-10-31,8.291666984558105,8.458333015441895,8.277777671813965,8.347222328186035,6.773576736450195,393300
1985-11-01,8.347222328186035,8.5,8.277777671813965,8.5,6.8975510597229,223200
1985-11-04,8.5,8.777777671813965,8.5,8.583333015441895,6.965173244476318,131400
1985-11-05,8.444443702697754,8.472222328186035,8.277777671813965,8.375,6.796116352081299,349200
1985-11-06,8.444443702697754,8.458333015441895,8.25,8.25,6.694681644439697,207900
1985-11-07,8.277777671813965,8.291666984558105,8.041666984558105,8.083333015441895,6.5594353675842285,295200
1985-11-08,8.083333015441895,8.305556297302246,8.069443702697754,8.305556297302246,6.739763259887695,93600
1985-11-11,8.333333015441895,8.347222328186035,8.277777671813965,8.347222328186035,6.773576736450195,347400
1985-11-12,8.402777671813965,8.5,8.36111068725586,8.458333015441895,6.86374044418335,143100
1985-11-13,8.444443702697754,8.583333015441895,8.444443702697754,8.472222328186035,6.8750104904174805,168300
1985-11-14,8.472222328186035,8.76388931274414,8.472222328186035,8.76388931274414,7.111691474914551,86400
1985-11-15,8.722222328186035,8.833333015441895,8.63888931274414,8.791666984558105,7.134230613708496,171000
1985-11-18,8.819443702697754,9.194443702697754,8.819443702697754,9.180556297302246,7.449807167053223,234000
1985-11-19,9.208333015441895,9.277777671813965,9.083333015441895,9.083333015441895,7.370911598205566,65700
1985-11-20,9.055556297302246,9.125,8.958333015441895,8.958333015441895,7.2694783210754395,75600
1985-11-21,8.930556297302246,9.0,8.916666984558105,8.944443702697754,7.258205413818359,54000
1985-11-22,8.972222328186035,8.972222328186035,8.944443702697754,8.972222328186035,7.2807488441467285,196200
1985-11-25,8.944443702697754,8.972222328186035,8.944443702697754,8.944443702697754,7.258205413818359,32400
1985-11-26,8.930556297302246,9.055556297302246,8.930556297302246,9.055556297302246,7.348372459411621,51300
1985-11-27,9.027777671813965,9.041666984558105,8.972222328186035,9.01388931274414,7.3145599365234375,30600
1985-11-29,9.055556297302246,9.097222328186035,9.055556297302246,9.083333015441895,7.370911598205566,41400
1985-12-02,9.11111068725586,9.11111068725586,9.027777671813965,9.027777671813965,7.325832366943359,86400
1985-12-03,9.041666984558105,9.055556297302246,9.01388931274414,9.055556297302246,7.348372459411621,72000
1985-12-04,9.01388931274414,9.041666984558105,9.01388931274414,9.041666984558105,7.337100505828857,31500
1985-12-05,9.180556297302246,9.25,9.041666984558105,9.180556297302246,7.449807167053223,446400
1985-12-06,9.152777671813965,9.166666984558105,9.11111068725586,9.13888931274414,7.415994167327881,109800
1985-12-09,9.152777671813965,9.472222328186035,9.152777671813965,9.36111068725586,7.596322536468506,227700
1985-12-10,9.333333015441895,9.36111068725586,9.333333015441895,9.333333015441895,7.573781490325928,38700
1985-12-11,9.333333015441895,9.527777671813965,9.333333015441895,9.5,7.709028720855713,45900
1985-12-12,9.555556297302246,9.555556297302246,9.5,9.51388931274414,7.720299243927002,54000
1985-12-13,9.541666984558105,9.541666984558105,9.333333015441895,9.347222328186035,7.585052490234375,70200
1985-12-16,9.36111068725586,9.36111068725586,9.291666984558105,9.333333015441895,7.573781490325928,56700
1985-12-17,9.305556297302246,9.430556297302246,9.277777671813965,9.277777671813965,7.5286993980407715,99900
1985-12-18,9.305556297302246,9.305556297302246,9.222222328186035,9.222222328186035,7.483619213104248,17100
1985-12-19,9.194443702697754,9.194443702697754,9.13888931274414,9.194443702697754,7.461076259613037,55800
1985-12-20,9.222222328186035,9.444443702697754,9.222222328186035,9.444443702697754,7.66394567489624,324000
1985-12-23,9.416666984558105,9.444443702697754,9.347222328186035,9.38888931274414,7.618863582611084,86400
1985-12-24,9.416666984558105,9.416666984558105,9.36111068725586,9.375,7.607594013214111,52200
1985-12-26,9.38888931274414,9.722222328186035,9.36111068725586,9.722222328186035,7.889357089996338,265500
1985-12-27,9.75,9.75,9.63888931274414,9.694443702697754,7.866814613342285,140400
1985-12-30,9.666666984558105,9.86111068725586,9.63888931274414,9.86111068725586,8.002060890197754,38700
1985-12-31,9.833333015441895,9.958333015441895,9.833333015441895,9.958333015441895,8.080951690673828,130500
1986-01-02,9.930556297302246,9.930556297302246,9.76388931274414,9.777777671813965,7.934438705444336,61200
1986-01-03,9.805556297302246,9.805556297302246,9.61111068725586,9.63888931274414,7.82173490524292,95400
1986-01-06,9.63888931274414,9.63888931274414,9.430556297302246,9.430556297302246,7.652676105499268,84600
1986-01-07,9.458333015441895,9.527777671813965,9.38888931274414,9.416666984558105,7.64140510559082,59400
1986-01-08,9.444443702697754,9.444443702697754,9.208333015441895,9.208333015441895,7.472345352172852,112500
1986-01-09,9.222222328186035,9.222222328186035,8.875,8.916666984558105,7.235667705535889,414900
1986-01-10,8.875,8.916666984558105,8.805556297302246,8.805556297302246,7.14550256729126,476100
1986-01-13,8.76388931274414,8.76388931274414,8.61111068725586,8.694443702697754,7.055336952209473,256500
1986-01-14,8.666666984558105,8.708333015441895,8.583333015441895,8.625,6.998985290527344,141300
1986-01-15,8.680556297302246,8.86111068725586,8.680556297302246,8.833333015441895,7.1680426597595215,162900
1986-01-16,8.86111068725586,8.902777671813965,8.75,8.75,7.10042142868042,158400
1986-01-17,8.777777671813965,8.875,8.73611068725586,8.73611068725586,7.089148998260498,241200
1986-01-20,8.76388931274414,8.76388931274414,8.63888931274414,8.666666984558105,7.032797813415527,53100
1986-01-21,8.694443702697754,8.694443702697754,8.61111068725586,8.63888931274414,7.01025915145874,105300
1986-01-22,8.625,8.694443702697754,8.61111068725586,8.680556297302246,7.044068336486816,66600
1986-01-23,8.680556297302246,8.847222328186035,8.680556297302246,8.847222328186035,7.179313659667969,112500
1986-01-24,8.819443702697754,8.916666984558105,8.819443702697754,8.916666984558105,7.235667705535889,140400
1986-01-27,8.916666984558105,8.944443702697754,8.86111068725586,8.875,7.201855659484863,34200
1986-01-28,8.86111068725586,8.902777671813965,8.847222328186035,8.902777671813965,7.224393367767334,77400
1986-01-29,8.930556297302246,9.25,8.930556297302246,9.152777671813965,7.4272637367248535,525600
1986-01-30,9.166666984558105,9.416666984558105,9.166666984558105,9.26388931274414,7.517431259155273,170100
1986-01-31,9.277777671813965,9.472222328186035,9.222222328186035,9.444443702697754,7.66394567489624,177300
1986-02-03,9.458333015441895,9.472222328186035,9.430556297302246,9.458333015441895,7.675215244293213,243900
1986-02-04,9.430556297302246,9.472222328186035,9.23611068725586,9.333333015441895,7.573781490325928,591300
1986-02-05,9.36111068725586,9.36111068725586,9.26388931274414,9.305556297302246,7.551241874694824,43200
1986-02-06,9.319443702697754,9.319443702697754,9.291666984558105,9.305556297302246,7.551241874694824,54000
1986-02-07,9.333333015441895,9.333333015441895,9.194443702697754,9.333333015441895,7.573781490325928,203400
1986-02-10,9.333333015441895,9.402777671813965,9.277777671813965,9.38888931274414,7.618863582611084,137700
1986-02-11,9.416666984558105,9.444443702697754,9.333333015441895,9.444443702697754,7.66394567489624,135000
1986-02-12,9.430556297302246,9.541666984558105,9.430556297302246,9.527777671813965,7.731569290161133,102600
1986-02-13,9.555556297302246,9.652777671813965,9.541666984558105,9.61111068725586,7.799187660217285,250200
1986-02-14,9.63888931274414,9.833333015441895,9.63888931274414,9.805556297302246,7.956981658935547,334800
1986-02-18,9.777777671813965,9.98611068725586,9.625,9.930556297302246,8.058414459228516,222300
1986-02-19,9.958333015441895,10.0,9.444443702697754,9.444443702697754,7.66394567489624,351900
1986-02-20,9.402777671813965,9.694443702697754,9.36111068725586,9.694443702697754,7.866814613342285,180000
1986-02-21,9.722222328186035,9.777777671813965,9.666666984558105,9.694443702697754,7.866814613342285,59400
1986-02-24,9.722222328186035,9.86111068725586,9.722222328186035,9.777777671813965,7.934438705444336,72000
1986-02-25,9.75,9.916666984558105,9.722222328186035,9.875,8.013330459594727,217800
1986-02-26,9.847222328186035,9.847222328186035,9.680556297302246,9.708333015441895,7.878085613250732,50400
1986-02-27,9.694443702697754,9.86111068725586,9.694443702697754,9.86111068725586,8.002060890197754,142200
1986-02-28,9.88888931274414,9.944443702697754,9.694443702697754,9.694443702697754,7.866814613342285,295200
1986-03-03,9.75,10.152777671813965,9.694443702697754,10.11111068725586,8.20493221282959,546300
1986-03-04,10.097222328186035,10.11111068725586,9.88888931274414,9.88888931274414,8.024602890014648,101700
1986-03-05,9.88888931274414,9.88888931274414,9.555556297302246,9.680556297302246,7.8555450439453125,270900
1986-03-06,9.708333015441895,9.833333015441895,9.680556297302246,9.76388931274414,7.923169136047363,190800
1986-03-07,9.819443702697754,9.972222328186035,9.76388931274414,9.805556297302246,7.956981658935547,207900
1986-03-10,9.76388931274414,9.76388931274414,9.666666984558105,9.680556297302246,7.8555450439453125,68400
1986-03-11,9.694443702697754,9.777777671813965,9.666666984558105,9.75,7.911897659301758,199800
1986-03-12,9.722222328186035,9.777777671813965,9.63888931274414,9.63888931274414,7.82173490524292,438300
1986-03-13,9.652777671813965,9.75,9.61111068725586,9.75,7.911897659301758,227700
1986-03-14,9.805556297302246,9.805556297302246,9.583333015441895,9.708333015441895,7.878085613250732,187200
1986-03-17,9.708333015441895,9.708333015441895,9.527777671813965,9.680556297302246,7.8555450439453125,274500
1986-03-18,9.652777671813965,9.680556297302246,9.527777671813965,9.597222328186035,7.787922382354736,189900
1986-03-19,9.597222328186035,9.597222328186035,9.5,9.51388931274414,7.720299243927002,75600
1986-03-20,9.527777671813965,9.541666984558105,9.51388931274414,9.527777671813965,7.731569290161133,85500
1986-03-21,9.48611068725586,9.569443702697754,9.472222328186035,9.555556297302246,7.754108428955078,223200
1986-03-24,9.541666984558105,9.805556297302246,9.541666984558105,9.805556297302246,7.956981658935547,194400
1986-03-25,9.777777671813965,9.777777671813965,9.694443702697754,9.75,7.911897659301758,44100
1986-03-26,9.722222328186035,9.833333015441895,9.694443702697754,9.833333015441895,7.979519367218018,48600
1986-03-27,9.833333015441895,9.88888931274414,9.805556297302246,9.86111068725586,8.002060890197754,176400
1986-03-31,9.833333015441895,9.98611068725586,9.833333015441895,9.98611068725586,8.103493690490723,161100
1986-04-01,9.98611068725586,10.0,9.805556297302246,9.805556297302246,7.956981658935547,235800
1986-04-02,9.805556297302246,9.805556297302246,9.583333015441895,9.666666984558105,7.844273567199707,78300
1986-04-03,9.694443702697754,9.694443702697754,9.166666984558105,9.166666984558105,7.438535690307617,103500
1986-04-04,9.180556297302246,9.25,9.027777671813965,9.027777671813965,7.325832366943359,185400
1986-04-07,9.0,9.11111068725586,8.972222328186035,9.097222328186035,7.382182598114014,79200
1986-04-08,9.097222328186035,9.416666984558105,9.097222328186035,9.402777671813965,7.630134105682373,110700
1986-04-09,9.416666984558105,9.61111068725586,9.333333015441895,9.333333015441895,7.573781490325928,316800
1986-04-10,9.333333015441895,9.569443702697754,9.333333015441895,9.555556297302246,7.754108428955078,157500
1986-04-11,9.555556297302246,9.694443702697754,9.51388931274414,9.63888931274414,7.82173490524292,234900
1986-04-14,9.63888931274414,9.666666984558105,9.61111068725586,9.666666984558105,7.844273567199707,39600
1986-04-15,9.666666984558105,9.88888931274414,9.666666984558105,9.833333015441895,7.979519367218018,296100
1986-04-16,9.833333015441895,10.222222328186035,9.833333015441895,9.944443702697754,8.069685935974121,698400
1986-04-17,9.958333015441895,10.0,9.847222328186035,9.972222328186035,8.09222412109375,237600
1986-04-18,10.0,10.444443702697754,10.0,10.222222328186035,8.295092582702637,622800
1986-04-21,10.222222328186035,10.222222328186035,10.083333015441895,10.13888931274414,8.227471351623535,86400
1986-04-22,10.13888931274414,10.13888931274414,9.805556297302246,9.916666984558105,8.047142028808594,196200
1986-04-23,9.88888931274414,9.944443702697754,9.777777671813965,9.819443702697754,7.96824836730957,252000
1986-04-24,9.86111068725586,10.166666984558105,9.86111068725586,10.11111068725586,8.20493221282959,424800
1986-04-25,10.11111068725586,10.166666984558105,10.0,10.027777671813965,8.137304306030273,361800
1986-04-28,10.027777671813965,10.194443702697754,10.0,10.180556297302246,8.261284828186035,118800
1986-04-29,10.180556297302246,10.180556297302246,10.166666984558105,10.180556297302246,8.261284828186035,92700
1986-04-30,10.152777671813965,10.152777671813965,9.805556297302246,9.805556297302246,7.956981658935547,100800
1986-05-01,9.777777671813965,10.083333015441895,9.777777671813965,10.083333015441895,8.182390213012695,341100
1986-05-02,10.11111068725586,10.194443702697754,10.11111068725586,10.13888931274414,8.227471351623535,154800
1986-05-05,10.125,10.555556297302246,10.11111068725586,10.555556297302246,8.565585136413574,252000
1986-05-06,10.555556297302246,10.916666984558105,10.555556297302246,10.61111068725586,8.610668182373047,296100
1986-05-07,10.61111068725586,10.777777671813965,10.61111068725586,10.666666984558105,8.655749320983887,92700
1986-05-08,10.73611068725586,11.083333015441895,10.73611068725586,10.916666984558105,8.85861873626709,475200
1986-05-09,10.88888931274414,10.88888931274414,10.777777671813965,10.88888931274414,8.836079597473145,45900
1986-05-12,10.86111068725586,10.86111068725586,10.61111068725586,10.63888931274414,8.63320541381836,81000
1986-05-13,10.666666984558105,10.694443702697754,10.555556297302246,10.597222328186035,8.599397659301758,85500
1986-05-14,10.597222328186035,10.63888931274414,10.555556297302246,10.63888931274414,8.63320541381836,38700
1986-05-15,10.63888931274414,10.76388931274414,10.63888931274414,10.76388931274414,8.734643936157227,99000
1986-05-16,10.722222328186035,10.902777671813965,10.694443702697754,10.86111068725586,8.813539505004883,118800
1986-05-19,10.833333015441895,10.833333015441895,10.708333015441895,10.73611068725586,8.712104797363281,66600
1986-05-20,10.73611068725586,10.791666984558105,10.73611068725586,10.791666984558105,8.757184028625488,9900
1986-05-21,10.791666984558105,10.819443702697754,10.75,10.75,8.723372459411621,36000
1986-05-22,10.75,11.083333015441895,10.73611068725586,11.055556297302246,8.971324920654297,129600
1986-05-23,11.083333015441895,11.13888931274414,11.027777671813965,11.055556297302246,8.971324920654297,50400
1986-05-27,11.083333015441895,11.305556297302246,11.083333015441895,11.305556297302246,9.17419147491455,99000
1986-05-28,11.305556297302246,11.48611068725586,11.305556297302246,11.458333015441895,9.29816722869873,159300
1986-05-29,11.430556297302246,11.652777671813965,11.333333015441895,11.625,9.433416366577148,132300
1986-05-30,11.666666984558105,11.88888931274414,11.555556297302246,11.88888931274414,9.647555351257324,251100
1986-06-02,11.86111068725586,12.0,11.833333015441895,11.916666984558105,9.670096397399902,202500
1986-06-03,11.944443702697754,11.944443702697754,11.833333015441895,11.88888931274414,9.647555351257324,180000
1986-06-04,11.88888931274414,11.88888931274414,11.38888931274414,11.61111068725586,9.422143936157227,112500
1986-06-05,11.597222328186035,11.76388931274414,11.472222328186035,11.76388931274414,9.546119689941406,87300
1986-06-06,11.75,11.833333015441895,11.722222328186035,11.76388931274414,9.546119689941406,565200
1986-06-09,11.75,11.75,11.555556297302246,11.555556297302246,9.377065658569336,136800
1986-06-10,11.555556297302246,11.569443702697754,11.51388931274414,11.555556297302246,9.377065658569336,84600
1986-06-11,11.583333015441895,11.722222328186035,11.555556297302246,11.722222328186035,9.512310028076172,45000
1986-06-12,11.708333015441895,11.833333015441895,11.708333015441895,11.833333015441895,9.602473258972168,77400
1986-06-13,11.847222328186035,12.152777671813965,11.847222328186035,12.152777671813965,9.861692428588867,99900
1986-06-16,12.208333015441895,12.583333015441895,12.208333015441895,12.583333015441895,10.211080551147461,729000
1986-06-17,12.555556297302246,12.583333015441895,12.305556297302246,12.375,10.042025566101074,63900
1986-06-18,12.347222328186035,12.347222328186035,12.194443702697754,12.291666984558105,9.974398612976074,166500
1986-06-19,12.25,12.305556297302246,12.222222328186035,12.25,9.940587997436523,229500
1986-06-20,12.222222328186035,12.25,12.180556297302246,12.208333015441895,9.906778335571289,74700
1986-06-23,12.222222328186035,12.222222328186035,11.833333015441895,11.833333015441895,9.602473258972168,101700
1986-06-24,11.833333015441895,12.0,11.75,11.944443702697754,9.692638397216797,235800
1986-06-25,11.972222328186035,12.166666984558105,11.944443702697754,12.055556297302246,9.782800674438477,102600
1986-06-26,12.055556297302246,12.055556297302246,11.791666984558105,11.916666984558105,9.670096397399902,107100
1986-06-27,11.88888931274414,11.88888931274414,11.777777671813965,11.791666984558105,9.568662643432617,54000
1986-06-30,11.777777671813965,11.833333015441895,11.61111068725586,11.694443702697754,9.489768028259277,81900
1986-07-01,11.722222328186035,11.972222328186035,11.722222328186035,11.88888931274414,9.647555351257324,387000
1986-07-02,11.902777671813965,12.13888931274414,11.88888931274414,12.083333015441895,9.805341720581055,149400
1986-07-03,12.11111068725586,12.333333015441895,12.055556297302246,12.291666984558105,9.974398612976074,352800
1986-07-07,12.291666984558105,12.291666984558105,11.61111068725586,11.61111068725586,9.422143936157227,171000
1986-07-08,11.444443702697754,11.444443702697754,10.958333015441895,11.11111068725586,9.016406059265137,261000
1986-07-09,11.194443702697754,11.36111068725586,11.194443702697754,11.333333015441895,9.196731567382812,116100
1986-07-10,11.333333015441895,11.444443702697754,11.0,11.444443702697754,9.286895751953125,154800
1986-07-11,11.555556297302246,11.694443702697754,11.527777671813965,11.694443702697754,9.489768028259277,185400
1986-07-14,11.63888931274414,11.63888931274414,11.36111068725586,11.36111068725586,9.21927547454834,153000
1986-07-15,11.375,11.375,10.916666984558105,10.972222328186035,8.903700828552246,164700
1986-07-16,10.98611068725586,11.055556297302246,10.805556297302246,10.805556297302246,8.768454551696777,192600
1986-07-17,10.833333015441895,11.13888931274414,10.833333015441895,11.13888931274414,9.038947105407715,69300
1986-07-18,11.166666984558105,11.305556297302246,11.083333015441895,11.291666984558105,9.162922859191895,78300
1986-07-21,11.26388931274414,11.36111068725586,11.25,11.333333015441895,9.196731567382812,98100
1986-07-22,11.444443702697754,11.61111068725586,11.444443702697754,11.555556297302246,9.377065658569336,88200
1986-07-23,11.527777671813965,11.527777671813965,11.277777671813965,11.277777671813965,9.151651382446289,80100
1986-07-24,11.277777671813965,11.333333015441895,11.152777671813965,11.333333015441895,9.196731567382812,69300
1986-07-25,11.36111068725586,11.38888931274414,11.305556297302246,11.305556297302246,9.17419147491455,52200
1986-07-28,11.333333015441895,11.333333015441895,10.88888931274414,10.88888931274414,8.836079597473145,153000
1986-07-29,10.833333015441895,10.833333015441895,10.76388931274414,10.805556297302246,8.768454551696777,184500
1986-07-30,10.833333015441895,11.222222328186035,10.833333015441895,11.222222328186035,9.106571197509766,171900
1986-07-31,11.194443702697754,11.277777671813965,10.972222328186035,11.277777671813965,9.151651382446289,72000
1986-08-01,11.277777671813965,11.277777671813965,11.0,11.083333015441895,8.993865966796875,143100
1986-08-04,11.041666984558105,11.041666984558105,10.902777671813965,10.972222328186035,8.903700828552246,80100
1986-08-05,10.98611068725586,11.097222328186035,10.944443702697754,11.097222328186035,9.005136489868164,279000
1986-08-06,11.097222328186035,11.305556297302246,11.097222328186035,11.291666984558105,9.162922859191895,145800
1986-08-07,11.305556297302246,11.472222328186035,11.277777671813965,11.472222328186035,9.309441566467285,196200
1986-08-08,11.555556297302246,11.75,11.555556297302246,11.722222328186035,9.512310028076172,119700
1986-08-11,11.722222328186035,11.944443702697754,11.722222328186035,11.833333015441895,9.602473258972168,122400
1986-08-12,11.805556297302246,11.88888931274414,11.63888931274414,11.88888931274414,9.647555351257324,105300
1986-08-13,11.819443702697754,12.11111068725586,11.791666984558105,12.055556297302246,9.782800674438477,191700
1986-08-14,12.055556297302246,12.527777671813965,12.055556297302246,12.444443702697754,10.098374366760254,174600
1986-08-15,12.333333015441895,12.416666984558105,12.319443702697754,12.36111068725586,10.030752182006836,82800
1986-08-18,12.291666984558105,12.458333015441895,12.027777671813965,12.38888931274414,10.053292274475098,214200
1986-08-19,12.347222328186035,12.666666984558105,12.25,12.472222328186035,10.120914459228516,369000
1986-08-20,12.458333015441895,12.61111068725586,12.333333015441895,12.61111068725586,10.233622550964355,76500
1986-08-21,12.666666984558105,12.694443702697754,12.305556297302246,12.38888931274414,10.053292274475098,137700
1986-08-22,12.333333015441895,12.527777671813965,12.305556297302246,12.38888931274414,10.053292274475098,213300
1986-08-25,12.402777671813965,12.402777671813965,12.222222328186035,12.277777671813965,9.963128089904785,130500
1986-08-26,12.277777671813965,12.319443702697754,12.25,12.305556297302246,9.985671043395996,81000
1986-08-27,12.277777671813965,12.38888931274414,12.194443702697754,12.38888931274414,10.053292274475098,126000
1986-08-28,12.416666984558105,12.416666984558105,12.305556297302246,12.333333015441895,10.008209228515625,75600
1986-08-29,12.305556297302246,12.416666984558105,12.166666984558105,12.166666984558105,9.872963905334473,90900
1986-09-02,12.222222328186035,12.38888931274414,11.916666984558105,12.0,9.737717628479004,346500
1986-09-03,12.027777671813965,12.055556297302246,11.88888931274414,12.041666984558105,9.771533012390137,119700
1986-09-04,12.041666984558105,12.166666984558105,11.944443702697754,12.152777671813965,9.861692428588867,83700
1986-09-05,12.13888931274414,12.36111068725586,12.0,12.333333015441895,10.008209228515625,612000
1986-09-08,12.291666984558105,12.291666984558105,12.11111068725586,12.222222328186035,9.918046951293945,78300
1986-09-09,12.13888931274414,12.305556297302246,12.13888931274414,12.305556297302246,9.985671043395996,180900
1986-09-10,12.291666984558105,12.347222328186035,12.01388931274414,12.277777671813965,9.963128089904785,352800
1986-09-11,12.23611068725586,12.23611068725586,11.25,11.277777671813965,9.151651382446289,427500
1986-09-12,11.305556297302246,11.36111068725586,11.0,11.0,8.92624282836914,294300
1986-09-15,11.055556297302246,11.11111068725586,10.847222328186035,10.86111068725586,8.813539505004883,405000
1986-09-16,10.86111068725586,10.86111068725586,10.680556297302246,10.694443702697754,8.678287506103516,306900
1986-09-17,10.694443702697754,11.13888931274414,10.680556297302246,11.13888931274414,9.038947105407715,211500
1986-09-18,11.11111068725586,11.194443702697754,11.11111068725586,11.194443702697754,9.084027290344238,59400
1986-09-19,11.166666984558105,11.166666984558105,11.069443702697754,11.13888931274414,9.038947105407715,396900
1986-09-22,11.125,11.13888931274414,11.097222328186035,11.125,9.027677536010742,72900
1986-09-23,11.166666984558105,11.166666984558105,11.027777671813965,11.055556297302246,8.971324920654297,144900
1986-09-24,11.083333015441895,11.083333015441895,11.055556297302246,11.055556297302246,8.971324920654297,116100
1986-09-25,11.055556297302246,11.055556297302246,10.805556297302246,10.805556297302246,8.768454551696777,78300
1986-09-26,10.805556297302246,10.86111068725586,10.805556297302246,10.805556297302246,8.768454551696777,108900
1986-09-29,10.777777671813965,10.777777671813965,10.38888931274414,10.472222328186035,8.497964859008789,252000
1986-09-30,10.5,10.583333015441895,10.305556297302246,10.319443702697754,8.373987197875977,108900
1986-10-01,10.319443702697754,10.402777671813965,10.277777671813965,10.36111068725586,8.407798767089844,332100
1986-10-02,10.36111068725586,10.416666984558105,10.222222328186035,10.26388931274414,8.32890510559082,235800
1986-10-03,10.38888931274414,10.527777671813965,10.291666984558105,10.319443702697754,8.373987197875977,325800
1986-10-06,10.347222328186035,10.402777671813965,10.291666984558105,10.402777671813965,8.441611289978027,29700
1986-10-07,10.430556297302246,10.73611068725586,10.430556297302246,10.73611068725586,8.712104797363281,101700
1986-10-08,10.73611068725586,11.055556297302246,10.73611068725586,11.027777671813965,8.948781967163086,465300
1986-10-09,11.0,11.0,10.88888931274414,10.88888931274414,8.836079597473145,60300
1986-10-10,11.0,11.0,10.972222328186035,10.972222328186035,8.903700828552246,97200
1986-10-13,10.958333015441895,10.972222328186035,10.958333015441895,10.958333015441895,8.892431259155273,18900
1986-10-14,10.98611068725586,11.041666984558105,10.958333015441895,10.972222328186035,8.903700828552246,28800
1986-10-15,11.01388931274414,11.472222328186035,10.972222328186035,11.430556297302246,9.275629043579102,84600
1986-10-16,11.375,11.75,11.375,11.75,9.534849166870117,242100
1986-10-17,11.722222328186035,11.777777671813965,11.527777671813965,11.583333015441895,9.399603843688965,81000
1986-10-20,11.555556297302246,11.555556297302246,11.23611068725586,11.305556297302246,9.17419147491455,157500
1986-10-21,11.277777671813965,11.305556297302246,11.166666984558105,11.277777671813965,9.151651382446289,309600
1986-10-22,11.222222328186035,11.222222328186035,11.11111068725586,11.11111068725586,9.016406059265137,515700
1986-10-23,11.11111068725586,11.222222328186035,11.11111068725586,11.222222328186035,9.106571197509766,132300
1986-10-24,11.25,11.333333015441895,11.222222328186035,11.25,9.12911319732666,294300
1986-10-27,11.222222328186035,11.222222328186035,11.083333015441895,11.194443702697754,9.084027290344238,233100
1986-10-28,11.194443702697754,11.194443702697754,11.11111068725586,11.166666984558105,9.061487197875977,234000
1986-10-29,11.194443702697754,11.36111068725586,11.194443702697754,11.333333015441895,9.196731567382812,35100
1986-10-30,11.36111068725586,11.375,11.305556297302246,11.333333015441895,9.196731567382812,55800
1986-10-31,11.305556297302246,11.319443702697754,11.26388931274414,11.305556297302246,9.17419147491455,184500
1986-11-03,11.26388931274414,11.527777671813965,11.26388931274414,11.527777671813965,9.354522705078125,113400
1986-11-04,11.527777671813965,11.63888931274414,11.5,11.61111068725586,9.422143936157227,106200
1986-11-05,11.597222328186035,11.63888931274414,11.527777671813965,11.583333015441895,9.399603843688965,108000
1986-11-06,11.555556297302246,11.583333015441895,11.5,11.583333015441895,9.399603843688965,57600
1986-11-07,11.61111068725586,11.63888931274414,11.527777671813965,11.555556297302246,9.377065658569336,72000
1986-11-10,11.555556297302246,11.61111068725586,11.48611068725586,11.583333015441895,9.399603843688965,103500
1986-11-11,11.625,11.63888931274414,11.458333015441895,11.458333015441895,9.29816722869873,22500
1986-11-12,11.416666984558105,11.444443702697754,11.333333015441895,11.347222328186035,9.208005905151367,51300
1986-11-13,11.319443702697754,11.416666984558105,11.180556297302246,11.222222328186035,9.106571197509766,107100
1986-11-14,11.194443702697754,11.305556297302246,11.180556297302246,11.222222328186035,9.106571197509766,255600
1986-11-17,11.23611068725586,11.333333015441895,11.194443702697754,11.25,9.12911319732666,639900
1986-11-18,11.23611068725586,11.38888931274414,11.23611068725586,11.23611068725586,9.117840766906738,158400
1986-11-19,11.23611068725586,11.36111068725586,11.222222328186035,11.277777671813965,9.151651382446289,164700
1986-11-20,11.277777671813965,11.333333015441895,11.166666984558105,11.180556297302246,9.072760581970215,207000
1986-11-21,11.208333015441895,11.527777671813965,11.180556297302246,11.48611068725586,9.320709228515625,258300
1986-11-24,11.5,11.972222328186035,11.5,11.972222328186035,9.715178489685059,167400
1986-11-25,11.944443702697754,12.055556297302246,11.88888931274414,11.98611068725586,9.726448059082031,61200
1986-11-26,11.916666984558105,11.916666984558105,11.666666984558105,11.75,9.534849166870117,84600
1986-11-28,11.75,11.75,11.583333015441895,11.61111068725586,9.422143936157227,27000
1986-12-01,11.583333015441895,11.666666984558105,11.416666984558105,11.63888931274414,9.444684982299805,98100
1986-12-02,11.680556297302246,12.055556297302246,11.652777671813965,12.055556297302246,9.782800674438477,227700
1986-12-03,12.01388931274414,12.055556297302246,11.88888931274414,11.944443702697754,9.692638397216797,152100
1986-12-04,11.944443702697754,12.055556297302246,11.944443702697754,12.055556297302246,9.782800674438477,190800
1986-12-05,12.055556297302246,12.194443702697754,12.041666984558105,12.11111068725586,9.827880859375,107100
1986-12-08,12.027777671813965,12.305556297302246,12.027777671813965,12.25,9.940587997436523,197100
1986-12-09,12.222222328186035,12.25,12.11111068725586,12.11111068725586,9.827880859375,56700
1986-12-10,12.13888931274414,12.208333015441895,12.069443702697754,12.097222328186035,9.81661319732666,72900
1986-12-11,12.11111068725586,12.11111068725586,11.73611068725586,11.805556297302246,9.57993221282959,219600
1986-12-12,11.777777671813965,11.805556297302246,11.694443702697754,11.777777671813965,9.557390213012695,160200
1986-12-15,11.777777671813965,11.944443702697754,11.777777671813965,11.916666984558105,9.670096397399902,109800
1986-12-16,11.972222328186035,12.11111068725586,11.875,12.083333015441895,9.805341720581055,153900
1986-12-17,12.055556297302246,12.055556297302246,11.86111068725586,11.930556297302246,9.681368827819824,65700
1986-12-18,11.777777671813965,11.833333015441895,11.555556297302246,11.555556297302246,9.377065658569336,115200
1986-12-19,11.51388931274414,11.833333015441895,11.444443702697754,11.833333015441895,9.602473258972168,535500
1986-12-22,11.805556297302246,11.944443702697754,11.777777671813965,11.819443702697754,9.591201782226562,331200
1986-12-23,11.75,11.75,11.444443702697754,11.527777671813965,9.354522705078125,219600
1986-12-24,11.555556297302246,11.722222328186035,11.527777671813965,11.694443702697754,9.489768028259277,102600
1986-12-26,11.666666984558105,11.722222328186035,11.666666984558105,11.722222328186035,9.512310028076172,19800
1986-12-29,11.694443702697754,11.791666984558105,11.694443702697754,11.75,9.534849166870117,163800
1986-12-30,11.722222328186035,11.722222328186035,11.583333015441895,11.625,9.433416366577148,177300
1986-12-31,11.625,11.63888931274414,11.444443702697754,11.458333015441895,9.29816722869873,229500
1987-01-02,11.416666984558105,11.583333015441895,11.416666984558105,11.583333015441895,9.399603843688965,43200
1987-01-05,11.555556297302246,12.083333015441895,11.555556297302246,12.055556297302246,9.782800674438477,158400
1987-01-06,12.0,12.083333015441895,11.972222328186035,12.027777671813965,9.760258674621582,307800
1987-01-07,12.083333015441895,12.416666984558105,12.083333015441895,12.416666984558105,10.07583236694336,179100
1987-01-08,12.444443702697754,12.833333015441895,12.416666984558105,12.833333015441895,10.413949966430664,270000
1987-01-09,12.777777671813965,12.972222328186035,12.722222328186035,12.972222328186035,10.526655197143555,249300
1987-01-12,12.916666984558105,12.944443702697754,12.805556297302246,12.916666984558105,10.481573104858398,389700
1987-01-13,12.86111068725586,12.86111068725586,12.666666984558105,12.75,10.346324920654297,72900
1987-01-14,12.722222328186035,13.0,12.694443702697754,12.916666984558105,10.481573104858398,261900
1987-01-15,12.88888931274414,12.972222328186035,12.666666984558105,12.666666984558105,10.278706550598145,82800
1987-01-16,12.63888931274414,13.222222328186035,12.63888931274414,13.222222328186035,10.729524612426758,457200
1987-01-19,13.194443702697754,13.194443702697754,13.0,13.055556297302246,10.594278335571289,82800
1987-01-20,13.11111068725586,13.333333015441895,13.11111068725586,13.333333015441895,10.81968879699707,229500
1987-01-21,13.291666984558105,13.319443702697754,13.125,13.125,10.650629997253418,141300
1987-01-22,13.11111068725586,13.222222328186035,13.11111068725586,13.222222328186035,10.729524612426758,152100
1987-01-23,13.222222328186035,13.444443702697754,13.055556297302246,13.11111068725586,10.639359474182129,376200
1987-01-26,12.972222328186035,13.0,12.722222328186035,12.777777671813965,10.368867874145508,276300
1987-01-27,12.777777671813965,12.972222328186035,12.777777671813965,12.972222328186035,10.526655197143555,358200
1987-01-28,13.0,13.416666984558105,13.0,13.416666984558105,10.887309074401855,235800
1987-01-29,13.48611068725586,13.555556297302246,13.416666984558105,13.472222328186035,10.932392120361328,88200
1987-01-30,13.416666984558105,13.416666984558105,13.222222328186035,13.319443702697754,10.808419227600098,390600
1987-02-02,13.319443702697754,13.777777671813965,13.26388931274414,13.722222328186035,11.135261535644531,172800
1987-02-03,13.75,13.972222328186035,13.694443702697754,13.944443702697754,11.315591812133789,90900
1987-02-04,13.944443702697754,14.36111068725586,13.944443702697754,14.347222328186035,11.642433166503906,65700
1987-02-05,14.347222328186035,14.38888931274414,14.055556297302246,14.222222328186035,11.541001319885254,269100
1987-02-06,14.194443702697754,14.444443702697754,14.194443702697754,14.333333015441895,11.63116455078125,106200
1987-02-09,14.305556297302246,14.305556297302246,13.86111068725586,13.88888931274414,11.270506858825684,141300
1987-02-10,13.916666984558105,13.972222328186035,13.555556297302246,13.583333015441895,11.022555351257324,216000
1987-02-11,13.555556297302246,13.88888931274414,13.5,13.88888931274414,11.270506858825684,171000
1987-02-12,13.944443702697754,13.944443702697754,13.527777671813965,13.722222328186035,11.135261535644531,163800
1987-02-13,13.75,14.01388931274414,13.722222328186035,14.01388931274414,11.371943473815918,141300
1987-02-17,14.041666984558105,14.208333015441895,14.041666984558105,14.166666984558105,11.495917320251465,87300
1987-02-18,14.125,14.25,14.083333015441895,14.13888931274414,11.47337818145752,220500
1987-02-19,14.11111068725586,14.13888931274414,13.916666984558105,14.083333015441895,11.428297996520996,165600
1987-02-20,14.13888931274414,14.166666984558105,14.055556297302246,14.11111068725586,11.450838088989258,127800
1987-02-23,14.11111068725586,14.166666984558105,13.944443702697754,14.083333015441895,11.428297996520996,371700
1987-02-24,14.097222328186035,14.097222328186035,13.944443702697754,13.944443702697754,11.315591812133789,126900
1987-02-25,13.944443702697754,14.041666984558105,13.916666984558105,13.98611068725586,11.349401473999023,60300
1987-02-26,13.958333015441895,13.958333015441895,13.722222328186035,13.722222328186035,11.135261535644531,122400
1987-02-27,13.75,13.972222328186035,13.722222328186035,13.972222328186035,11.338132858276367,355500
1987-03-02,13.972222328186035,13.972222328186035,13.722222328186035,13.722222328186035,11.135261535644531,232200
1987-03-03,13.73611068725586,13.73611068725586,13.625,13.63888931274414,11.067641258239746,71100
1987-03-04,13.625,13.666666984558105,13.527777671813965,13.583333015441895,11.022555351257324,99900
1987-03-05,13.61111068725586,13.88888931274414,13.597222328186035,13.847222328186035,11.236696243286133,478800
1987-03-06,13.777777671813965,13.88888931274414,13.777777671813965,13.88888931274414,11.270506858825684,318600
1987-03-09,13.86111068725586,13.86111068725586,13.75,13.76388931274414,11.169071197509766,72000
1987-03-10,13.777777671813965,13.777777671813965,13.666666984558105,13.666666984558105,11.090180397033691,111600
1987-03-11,13.722222328186035,13.722222328186035,13.61111068725586,13.63888931274414,11.067641258239746,172800
1987-03-12,13.63888931274414,13.777777671813965,13.63888931274414,13.694443702697754,11.11272144317627,605700
1987-03-13,13.694443702697754,13.694443702697754,13.416666984558105,13.416666984558105,10.887309074401855,71100
1987-03-16,13.375,13.430556297302246,13.277777671813965,13.430556297302246,10.89858341217041,108000
1987-03-17,13.38888931274414,13.63888931274414,13.36111068725586,13.63888931274414,11.067641258239746,247500
1987-03-18,13.63888931274414,13.666666984558105,13.555556297302246,13.652777671813965,11.078909873962402,68400
1987-03-19,13.652777671813965,13.722222328186035,13.63888931274414,13.652777671813965,11.078909873962402,62100
1987-03-20,13.708333015441895,14.055556297302246,13.708333015441895,14.055556297302246,11.405755043029785,305100
1987-03-23,14.041666984558105,14.166666984558105,13.958333015441895,13.958333015441895,11.326860427856445,274500
1987-03-24,13.958333015441895,14.305556297302246,13.958333015441895,14.277777671813965,11.58608341217041,116100
1987-03-25,14.305556297302246,14.555556297302246,14.305556297302246,14.5,11.766411781311035,96300
1987-03-26,14.472222328186035,14.666666984558105,14.444443702697754,14.444443702697754,11.72132682800293,122400
1987-03-27,14.444443702697754,14.444443702697754,14.097222328186035,14.097222328186035,11.439565658569336,139500
1987-03-30,14.055556297302246,14.055556297302246,13.333333015441895,13.333333015441895,10.81968879699707,172800
1987-03-31,13.333333015441895,13.555556297302246,13.222222328186035,13.472222328186035,10.932392120361328,231300
1987-04-01,13.430556297302246,14.11111068725586,13.333333015441895,14.11111068725586,11.450838088989258,609300
1987-04-02,14.069443702697754,14.083333015441895,13.88888931274414,13.958333015441895,11.326860427856445,77400
1987-04-03,13.930556297302246,14.01388931274414,13.833333015441895,14.01388931274414,11.371943473815918,97200
1987-04-06,14.01388931274414,14.055556297302246,13.944443702697754,14.041666984558105,11.39448356628418,70200
1987-04-07,14.069443702697754,14.069443702697754,13.86111068725586,13.88888931274414,11.270506858825684,205200
1987-04-08,13.86111068725586,14.333333015441895,13.833333015441895,14.333333015441895,11.63116455078125,273600
1987-04-09,14.305556297302246,14.36111068725586,13.944443702697754,14.0,11.360671997070312,172800
1987-04-10,13.972222328186035,14.166666984558105,13.972222328186035,14.055556297302246,11.405755043029785,60300
1987-04-13,14.11111068725586,14.13888931274414,13.88888931274414,13.944443702697754,11.315591812133789,148500
1987-04-14,13.86111068725586,13.86111068725586,12.63888931274414,12.777777671813965,10.368867874145508,582300
1987-04-15,12.916666984558105,13.305556297302246,12.916666984558105,13.152777671813965,10.673172950744629,449100
1987-04-16,13.277777671813965,13.48611068725586,13.166666984558105,13.38888931274414,10.864768981933594,153000
1987-04-20,13.36111068725586,13.36111068725586,13.13888931274414,13.277777671813965,10.774606704711914,104400
1987-04-21,13.305556297302246,13.305556297302246,13.13888931274414,13.25,10.752065658569336,178200
1987-04-22,13.222222328186035,13.222222328186035,12.88888931274414,12.88888931274414,10.459031105041504,146700
1987-04-23,12.902777671813965,12.972222328186035,12.75,12.902777671813965,10.470304489135742,119700
1987-04-24,12.930556297302246,12.944443702697754,12.61111068725586,12.61111068725586,10.233622550964355,121500
1987-04-27,12.569443702697754,12.722222328186035,12.333333015441895,12.583333015441895,10.211080551147461,741600
1987-04-28,12.61111068725586,12.666666984558105,12.36111068725586,12.444443702697754,10.098374366760254,365400
1987-04-29,12.416666984558105,12.63888931274414,12.416666984558105,12.555556297302246,10.188539505004883,219600
1987-04-30,12.5,12.569443702697754,12.444443702697754,12.51388931274414,10.154729843139648,291600
1987-05-01,12.51388931274414,12.61111068725586,12.444443702697754,12.555556297302246,10.188539505004883,264600
1987-05-04,12.527777671813965,12.63888931274414,12.333333015441895,12.63888931274414,10.256163597106934,300600
1987-05-05,12.680556297302246,13.166666984558105,12.680556297302246,13.166666984558105,10.684442520141602,333000
1987-05-06,13.13888931274414,13.694443702697754,13.13888931274414,13.416666984558105,10.887309074401855,361800
1987-05-07,13.458333015441895,13.833333015441895,13.416666984558105,13.527777671813965,10.977474212646484,225000
1987-05-08,13.5,13.555556297302246,13.305556297302246,13.472222328186035,10.932392120361328,68400
1987-05-11,13.444443702697754,13.61111068725586,13.333333015441895,13.416666984558105,10.887309074401855,203400
1987-05-12,13.416666984558105,13.416666984558105,13.291666984558105,13.36111068725586,10.8422269821167,151200
1987-05-13,13.36111068725586,13.36111068725586,13.083333015441895,13.13888931274414,10.66190242767334,153900
1987-05-14,13.13888931274414,13.13888931274414,13.0,13.083333015441895,10.616822242736816,162000
1987-05-15,13.027777671813965,13.027777671813965,12.75,12.75,10.346324920654297,63000
1987-05-18,12.722222328186035,12.75,12.555556297302246,12.75,10.346324920654297,61200
1987-05-19,12.777777671813965,12.777777671813965,12.38888931274414,12.38888931274414,10.053292274475098,107100
1987-05-20,12.25,12.26388931274414,12.027777671813965,12.11111068725586,9.827880859375,225000
1987-05-21,12.277777671813965,12.38888931274414,12.194443702697754,12.305556297302246,9.985671043395996,176400
1987-05-22,12.38888931274414,12.694443702697754,12.38888931274414,12.694443702697754,10.301244735717773,171900
1987-05-26,12.833333015441895,12.944443702697754,12.805556297302246,12.930556297302246,10.492841720581055,68400
1987-05-27,12.972222328186035,13.305556297302246,12.972222328186035,13.180556297302246,10.695712089538574,66600
1987-05-28,13.13888931274414,13.222222328186035,12.88888931274414,13.194443702697754,10.70698070526123,121500
1987-05-29,13.222222328186035,13.25,13.027777671813965,13.027777671813965,10.571737289428711,194400
1987-06-01,13.0,13.194443702697754,13.0,13.166666984558105,10.684442520141602,86400
1987-06-02,13.152777671813965,13.38888931274414,13.11111068725586,13.222222328186035,10.729524612426758,89100
1987-06-03,13.166666984558105,13.63888931274414,13.166666984558105,13.63888931274414,11.067641258239746,250200
1987-06-04,13.61111068725586,13.86111068725586,13.61111068725586,13.833333015441895,11.225424766540527,63000
1987-06-05,13.777777671813965,13.805556297302246,13.416666984558105,13.444443702697754,10.909852981567383,132300
1987-06-08,13.472222328186035,13.61111068725586,13.36111068725586,13.583333015441895,11.022555351257324,33300
1987-06-09,13.61111068725586,13.61111068725586,13.333333015441895,13.347222328186035,10.830958366394043,40500
1987-06-10,13.347222328186035,13.416666984558105,13.055556297302246,13.125,10.650629997253418,107100
1987-06-11,13.194443702697754,13.277777671813965,13.027777671813965,13.194443702697754,10.70698070526123,109800
1987-06-12,13.25,13.333333015441895,13.194443702697754,13.333333015441895,10.81968879699707,91800
1987-06-15,13.333333015441895,13.527777671813965,13.333333015441895,13.527777671813965,10.977474212646484,152100
1987-06-16,13.51388931274414,13.833333015441895,13.51388931274414,13.777777671813965,11.180342674255371,306900
1987-06-17,13.819443702697754,13.819443702697754,13.555556297302246,13.555556297302246,11.000018119812012,102600
1987-06-18,13.527777671813965,13.666666984558105,13.472222328186035,13.666666984558105,11.090180397033691,37800
1987-06-19,13.666666984558105,13.666666984558105,13.444443702697754,13.5,10.954934120178223,169200
1987-06-22,13.458333015441895,13.61111068725586,13.444443702697754,13.541666984558105,10.98874568939209,81900
1987-06-23,13.555556297302246,13.555556297302246,13.180556297302246,13.222222328186035,10.729524612426758,175500
1987-06-24,13.25,13.444443702697754,13.222222328186035,13.305556297302246,10.797144889831543,60300
1987-06-25,13.26388931274414,13.333333015441895,13.166666984558105,13.166666984558105,10.684442520141602,71100
1987-06-26,13.027777671813965,13.222222328186035,12.916666984558105,13.222222328186035,10.729524612426758,255600
1987-06-29,13.208333015441895,13.277777671813965,13.083333015441895,13.25,10.752065658569336,97200
1987-06-30,13.208333015441895,13.208333015441895,12.972222328186035,13.0,10.549196243286133,136800
1987-07-01,13.0,13.277777671813965,13.0,13.277777671813965,10.774606704711914,55800
1987-07-02,13.277777671813965,13.444443702697754,13.277777671813965,13.38888931274414,10.864768981933594,70200
1987-07-06,13.38888931274414,13.777777671813965,13.38888931274414,13.75,11.157804489135742,149400
1987-07-07,13.722222328186035,14.041666984558105,13.722222328186035,14.0,11.360671997070312,270900
1987-07-08,14.055556297302246,14.5,14.055556297302246,14.444443702697754,11.72132682800293,366300
1987-07-09,14.444443702697754,14.444443702697754,14.23611068725586,14.23611068725586,11.552268981933594,91800
1987-07-10,14.222222328186035,14.63888931274414,14.222222328186035,14.61111068725586,11.856572151184082,128700
1987-07-13,14.652777671813965,14.777777671813965,14.38888931274414,14.777777671813965,11.9918212890625,215100
1987-07-14,14.777777671813965,14.833333015441895,14.666666984558105,14.777777671813965,11.9918212890625,123300
1987-07-15,14.75,14.916666984558105,14.666666984558105,14.76388931274414,11.980551719665527,134100
1987-07-16,14.791666984558105,14.88888931274414,14.694443702697754,14.694443702697754,11.924198150634766,315900
1987-07-17,14.694443702697754,14.76388931274414,14.63888931274414,14.76388931274414,11.980551719665527,125100
1987-07-20,14.777777671813965,14.777777671813965,14.472222328186035,14.51388931274414,11.777682304382324,144000
1987-07-21,14.472222328186035,14.63888931274414,14.472222328186035,14.527777671813965,11.78895378112793,102600
1987-07-22,14.541666984558105,14.555556297302246,14.38888931274414,14.444443702697754,11.72132682800293,64800
1987-07-23,14.5,14.541666984558105,14.194443702697754,14.222222328186035,11.541001319885254,387000
1987-07-24,14.305556297302246,14.36111068725586,14.166666984558105,14.23611068725586,11.552268981933594,197100
1987-07-27,14.277777671813965,14.36111068725586,14.194443702697754,14.277777671813965,11.58608341217041,342000
1987-07-28,14.36111068725586,14.36111068725586,14.194443702697754,14.194443702697754,11.518458366394043,37800
1987-07-29,14.083333015441895,14.36111068725586,14.083333015441895,14.36111068725586,11.653708457946777,75600
1987-07-30,14.333333015441895,14.430556297302246,14.277777671813965,14.430556297302246,11.71005916595459,71100
1987-07-31,14.444443702697754,14.527777671813965,14.416666984558105,14.527777671813965,11.78895378112793,57600
1987-08-03,14.5,14.972222328186035,14.472222328186035,14.791666984558105,12.003090858459473,166500
1987-08-04,14.791666984558105,14.791666984558105,14.5,14.652777671813965,11.890386581420898,139500
1987-08-05,14.694443702697754,15.0,14.694443702697754,15.0,12.172146797180176,177300
1987-08-06,15.0,15.25,14.88888931274414,15.25,12.375019073486328,106200
1987-08-07,15.25,15.333333015441895,15.194443702697754,15.277777671813965,12.397557258605957,49500
1987-08-10,15.194443702697754,15.319443702697754,15.166666984558105,15.305556297302246,12.420103073120117,105300
1987-08-11,15.277777671813965,15.333333015441895,15.25,15.333333015441895,12.44264030456543,112500
1987-08-12,15.333333015441895,15.38888931274414,14.972222328186035,15.027777671813965,12.194689750671387,175500
1987-08-13,15.027777671813965,15.277777671813965,14.972222328186035,15.277777671813965,12.397557258605957,102600
1987-08-14,15.25,15.444443702697754,15.194443702697754,15.25,12.375019073486328,110700
1987-08-17,15.25,15.541666984558105,15.25,15.527777671813965,12.600428581237793,100800
1987-08-18,15.5,15.5,15.083333015441895,15.194443702697754,12.329934120178223,117000
1987-08-19,15.166666984558105,15.36111068725586,14.944443702697754,15.097222328186035,12.251043319702148,135900
1987-08-20,15.097222328186035,15.097222328186035,14.88888931274414,14.972222328186035,12.149605751037598,132300
1987-08-21,15.027777671813965,15.277777671813965,15.01388931274414,15.26388931274414,12.386287689208984,132300
1987-08-24,15.26388931274414,15.26388931274414,15.069443702697754,15.166666984558105,12.30739688873291,60300
1987-08-25,15.13888931274414,15.222222328186035,15.083333015441895,15.097222328186035,12.251043319702148,111600
1987-08-26,15.069443702697754,15.13888931274414,14.694443702697754,14.694443702697754,11.924198150634766,218700
1987-08-27,14.722222328186035,14.833333015441895,14.694443702697754,14.777777671813965,11.9918212890625,85500
1987-08-28,14.805556297302246,14.833333015441895,14.63888931274414,14.777777671813965,11.9918212890625,71100
1987-08-31,14.75,14.86111068725586,14.472222328186035,14.555556297302246,11.811492919921875,224100
1987-09-01,14.583333015441895,14.61111068725586,14.166666984558105,14.166666984558105,11.495917320251465,243000
1987-09-02,14.11111068725586,14.25,13.88888931274414,14.0,11.360671997070312,409500
1987-09-03,14.027777671813965,14.13888931274414,13.833333015441895,14.125,11.46210765838623,186300
1987-09-04,14.166666984558105,14.166666984558105,14.055556297302246,14.055556297302246,11.405755043029785,350100
1987-09-08,13.916666984558105,14.055556297302246,13.86111068725586,13.972222328186035,11.338132858276367,522000
1987-09-09,14.0,14.055556297302246,13.944443702697754,13.958333015441895,11.326860427856445,832500
1987-09-10,13.930556297302246,14.0,13.930556297302246,13.944443702697754,11.315591812133789,70200
1987-09-11,13.958333015441895,14.36111068725586,13.958333015441895,14.36111068725586,11.653708457946777,179100
1987-09-14,14.416666984558105,14.555556297302246,14.416666984558105,14.48611068725586,11.755138397216797,65700
1987-09-15,14.527777671813965,14.527777671813965,14.305556297302246,14.36111068725586,11.653708457946777,64800
1987-09-16,14.527777671813965,14.666666984558105,14.416666984558105,14.416666984558105,11.698785781860352,240300
1987-09-17,14.444443702697754,14.527777671813965,14.333333015441895,14.527777671813965,11.78895378112793,72000
1987-09-18,14.472222328186035,14.61111068725586,14.472222328186035,14.555556297302246,11.811492919921875,100800
1987-09-21,14.555556297302246,14.666666984558105,14.555556297302246,14.61111068725586,11.856572151184082,141300
1987-09-22,14.61111068725586,14.944443702697754,14.555556297302246,14.916666984558105,12.104524612426758,244800
1987-09-23,14.875,14.875,14.666666984558105,14.777777671813965,11.9918212890625,93600
1987-09-24,14.777777671813965,14.833333015441895,14.63888931274414,14.63888931274414,11.879117012023926,108000
1987-09-25,14.63888931274414,14.694443702697754,14.583333015441895,14.666666984558105,11.901657104492188,86400
1987-09-28,14.722222328186035,15.11111068725586,14.722222328186035,15.0,12.172146797180176,88200
1987-09-29,14.972222328186035,15.222222328186035,14.86111068725586,14.972222328186035,12.149605751037598,71100
1987-09-30,15.01388931274414,15.027777671813965,14.416666984558105,14.416666984558105,11.698785781860352,164700
1987-10-01,14.5,14.819443702697754,14.5,14.819443702697754,12.025629997253418,98100
1987-10-02,14.833333015441895,15.333333015441895,14.777777671813965,15.333333015441895,12.44264030456543,113400
1987-10-05,15.38888931274414,15.38888931274414,15.277777671813965,15.333333015441895,12.44264030456543,136800
1987-10-06,15.305556297302246,15.333333015441895,15.166666984558105,15.333333015441895,12.44264030456543,190800
1987-10-07,15.305556297302246,15.305556297302246,15.01388931274414,15.125,12.273582458496094,117000
1987-10-08,15.097222328186035,15.097222328186035,14.555556297302246,14.61111068725586,11.856572151184082,161100
1987-10-09,14.555556297302246,14.722222328186035,14.444443702697754,14.472222328186035,11.743867874145508,72000
1987-10-12,14.444443702697754,14.444443702697754,14.291666984558105,14.333333015441895,11.63116455078125,39600
1987-10-13,14.333333015441895,14.51388931274414,14.319443702697754,14.51388931274414,11.777682304382324,125100
1987-10-14,14.458333015441895,14.458333015441895,13.972222328186035,13.98611068725586,11.349401473999023,78300
1987-10-15,13.916666984558105,13.916666984558105,13.61111068725586,13.777777671813965,11.180342674255371,126900
1987-10-16,13.722222328186035,13.902777671813965,13.444443702697754,13.5,10.954934120178223,159300
1987-10-19,13.416666984558105,13.416666984558105,10.555556297302246,10.555556297302246,8.565585136413574,657900
1987-10-20,10.88888931274414,11.083333015441895,9.5,10.444443702697754,8.475422859191895,580500
1987-10-21,11.666666984558105,11.944443702697754,11.527777671813965,11.694443702697754,9.489768028259277,810000
1987-10-22,11.416666984558105,11.916666984558105,11.38888931274414,11.88888931274414,9.647555351257324,607500
1987-10-23,11.722222328186035,12.11111068725586,11.61111068725586,12.11111068725586,9.827880859375,160200
1987-10-26,11.833333015441895,11.833333015441895,11.305556297302246,11.555556297302246,9.377065658569336,387000
1987-10-27,11.944443702697754,12.0,11.555556297302246,11.555556297302246,9.377065658569336,187200
1987-10-28,11.166666984558105,11.222222328186035,11.0,11.11111068725586,9.016406059265137,455400
1987-10-29,11.055556297302246,11.444443702697754,11.055556297302246,11.416666984558105,9.264358520507812,305100
1987-10-30,11.472222328186035,11.666666984558105,10.944443702697754,11.333333015441895,9.196731567382812,198000
1987-11-02,11.277777671813965,11.666666984558105,11.222222328186035,11.666666984558105,9.467226028442383,175500
1987-11-03,11.61111068725586,11.88888931274414,11.458333015441895,11.833333015441895,9.602473258972168,222300
1987-11-04,11.777777671813965,11.86111068725586,11.666666984558105,11.722222328186035,9.512310028076172,220500
1987-11-05,11.708333015441895,12.527777671813965,11.666666984558105,12.5,10.14345932006836,235800
1987-11-06,12.333333015441895,12.416666984558105,11.88888931274414,11.88888931274414,9.647555351257324,237600
1987-11-09,11.88888931274414,11.916666984558105,11.527777671813965,11.555556297302246,9.377065658569336,307800
1987-11-10,11.402777671813965,11.61111068725586,11.305556297302246,11.416666984558105,9.264358520507812,215100
1987-11-11,11.36111068725586,11.583333015441895,11.36111068725586,11.375,9.230546951293945,98100
1987-11-12,11.569443702697754,11.61111068725586,11.416666984558105,11.555556297302246,9.377065658569336,100800
1987-11-13,11.61111068725586,12.11111068725586,11.555556297302246,11.555556297302246,9.377065658569336,144000
1987-11-16,11.597222328186035,11.666666984558105,11.444443702697754,11.458333015441895,9.29816722869873,47700
1987-11-17,11.458333015441895,11.458333015441895,10.972222328186035,11.152777671813965,9.050222396850586,122400
1987-11-18,11.125,11.125,10.722222328186035,10.722222328186035,8.70083236694336,144000
1987-11-19,10.73611068725586,11.027777671813965,10.722222328186035,10.944443702697754,8.881159782409668,315000
1987-11-20,10.916666984558105,10.916666984558105,10.722222328186035,10.86111068725586,8.813539505004883,146700
1987-11-23,10.930556297302246,11.027777671813965,10.88888931274414,10.972222328186035,8.903700828552246,113400
1987-11-24,11.0,11.277777671813965,10.944443702697754,11.069443702697754,8.982593536376953,63900
1987-11-25,11.041666984558105,11.083333015441895,10.847222328186035,10.902777671813965,8.847347259521484,44100
1987-11-27,10.88888931274414,10.916666984558105,10.805556297302246,10.847222328186035,8.80226993560791,117000
1987-11-30,10.652777671813965,10.652777671813965,10.222222328186035,10.25,8.317634582519531,170100
1987-12-01,10.222222328186035,10.38888931274414,10.222222328186035,10.333333015441895,8.385258674621582,148500
1987-12-02,10.305556297302246,10.305556297302246,10.11111068725586,10.166666984558105,8.25001335144043,135900
1987-12-03,10.208333015441895,10.208333015441895,10.083333015441895,10.083333015441895,8.182390213012695,143100
1987-12-04,9.98611068725586,10.01388931274414,9.88888931274414,9.958333015441895,8.080951690673828,198000
1987-12-07,9.98611068725586,10.166666984558105,9.98611068725586,10.152777671813965,8.23873519897461,108900
1987-12-08,10.166666984558105,10.472222328186035,10.055556297302246,10.472222328186035,8.497964859008789,78300
1987-12-09,10.444443702697754,10.847222328186035,10.38888931274414,10.847222328186035,8.80226993560791,161100
1987-12-10,10.819443702697754,11.194443702697754,10.63888931274414,10.916666984558105,8.85861873626709,171000
1987-12-11,10.88888931274414,10.944443702697754,10.722222328186035,10.805556297302246,8.768454551696777,103500
1987-12-14,10.86111068725586,11.194443702697754,10.86111068725586,11.194443702697754,9.084027290344238,441900
1987-12-15,11.208333015441895,11.222222328186035,11.11111068725586,11.208333015441895,9.095301628112793,212400
1987-12-16,11.277777671813965,11.555556297302246,11.277777671813965,11.555556297302246,9.377065658569336,563400
1987-12-17,11.722222328186035,11.75,11.5,11.5,9.331981658935547,171900
1987-12-18,11.305556297302246,11.555556297302246,11.305556297302246,11.555556297302246,9.377065658569336,277200
1987-12-21,11.61111068725586,11.694443702697754,11.555556297302246,11.61111068725586,9.422143936157227,93600
1987-12-22,11.666666984558105,11.75,11.555556297302246,11.666666984558105,9.467226028442383,121500
1987-12-23,11.722222328186035,11.88888931274414,11.666666984558105,11.833333015441895,9.602473258972168,205200
1987-12-24,11.777777671813965,11.944443702697754,11.777777671813965,11.88888931274414,9.647555351257324,71100
1987-12-28,11.86111068725586,11.86111068725586,11.61111068725586,11.63888931274414,9.444684982299805,324900
1987-12-29,11.583333015441895,11.583333015441895,11.416666984558105,11.416666984558105,9.264358520507812,134100
1987-12-30,11.472222328186035,11.694443702697754,11.444443702697754,11.694443702697754,9.489768028259277,80100
1987-12-31,11.583333015441895,11.777777671813965,11.555556297302246,11.722222328186035,9.512310028076172,130500
1988-01-04,11.75,12.277777671813965,11.722222328186035,12.277777671813965,9.963128089904785,144000
1988-01-05,12.555556297302246,12.61111068725586,12.194443702697754,12.305556297302246,9.985671043395996,224100
1988-01-06,12.305556297302246,12.305556297302246,12.166666984558105,12.166666984558105,9.872963905334473,70200
1988-01-07,12.13888931274414,12.277777671813965,12.055556297302246,12.277777671813965,9.963128089904785,226800
1988-01-08,12.277777671813965,12.277777671813965,11.63888931274414,11.63888931274414,9.444684982299805,153900
1988-01-11,11.666666984558105,11.694443702697754,11.11111068725586,11.38888931274414,9.24181842803955,216900
1988-01-12,11.222222328186035,11.222222328186035,10.583333015441895,10.694443702697754,8.678287506103516,1233900
1988-01-13,10.75,10.805556297302246,10.583333015441895,10.694443702697754,8.678287506103516,2783700
1988-01-14,10.666666984558105,10.694443702697754,10.416666984558105,10.555556297302246,8.565585136413574,1287000
1988-01-15,10.75,11.027777671813965,10.75,10.88888931274414,8.836079597473145,203400
1988-01-18,11.0,11.055556297302246,10.958333015441895,11.027777671813965,8.948781967163086,60300
1988-01-19,10.98611068725586,11.055556297302246,10.833333015441895,10.833333015441895,8.790995597839355,136800
1988-01-20,10.916666984558105,10.944443702697754,10.5,10.527777671813965,8.54304313659668,115200
1988-01-21,10.583333015441895,10.61111068725586,10.472222328186035,10.555556297302246,8.565585136413574,129600
1988-01-22,10.527777671813965,10.583333015441895,10.444443702697754,10.472222328186035,8.497964859008789,126900
1988-01-25,10.444443702697754,10.666666984558105,10.444443702697754,10.61111068725586,8.610668182373047,544500
1988-01-26,10.708333015441895,10.88888931274414,10.666666984558105,10.805556297302246,8.768454551696777,185400
1988-01-27,10.944443702697754,11.194443702697754,10.63888931274414,10.666666984558105,8.655749320983887,153000
1988-01-28,10.666666984558105,10.666666984558105,10.458333015441895,10.583333015441895,8.588128089904785,212400
1988-01-29,10.63888931274414,10.694443702697754,10.333333015441895,10.694443702697754,8.678287506103516,234000
1988-02-01,10.694443702697754,10.833333015441895,10.666666984558105,10.777777671813965,8.745911598205566,230400
1988-02-02,10.833333015441895,11.0,10.777777671813965,10.902777671813965,8.847347259521484,177300
1988-02-03,10.875,10.88888931274414,10.430556297302246,10.583333015441895,8.588128089904785,214200
1988-02-04,10.555556297302246,10.555556297302246,10.277777671813965,10.36111068725586,8.407798767089844,118800
1988-02-05,10.402777671813965,10.583333015441895,10.375,10.416666984558105,8.452880859375,116100
1988-02-08,10.38888931274414,10.38888931274414,10.027777671813965,10.194443702697754,8.272554397583008,194400
1988-02-09,10.222222328186035,10.305556297302246,10.166666984558105,10.305556297302246,8.362720489501953,120600
1988-02-10,10.26388931274414,10.444443702697754,10.26388931274414,10.416666984558105,8.452880859375,103500
1988-02-11,10.458333015441895,10.61111068725586,10.458333015441895,10.527777671813965,8.54304313659668,342900
1988-02-12,10.555556297302246,10.73611068725586,10.527777671813965,10.694443702697754,8.678287506103516,256500
1988-02-16,10.722222328186035,10.777777671813965,10.63888931274414,10.777777671813965,8.745911598205566,162000
1988-02-17,10.75,10.76388931274414,10.61111068725586,10.63888931274414,8.63320541381836,137700
1988-02-18,10.652777671813965,10.722222328186035,10.61111068725586,10.63888931274414,8.63320541381836,92700
1988-02-19,10.63888931274414,10.75,10.597222328186035,10.722222328186035,8.70083236694336,485100
1988-02-22,10.722222328186035,11.027777671813965,10.722222328186035,11.027777671813965,8.948781967163086,198000
1988-02-23,11.027777671813965,11.305556297302246,11.027777671813965,11.277777671813965,9.151651382446289,311400
1988-02-24,11.222222328186035,11.5,11.222222328186035,11.38888931274414,9.24181842803955,140400
1988-02-25,11.38888931274414,11.833333015441895,11.333333015441895,11.76388931274414,9.546119689941406,243900
1988-02-26,11.722222328186035,11.76388931274414,11.555556297302246,11.555556297302246,9.377065658569336,126900
1988-02-29,11.61111068725586,11.666666984558105,11.555556297302246,11.61111068725586,9.422143936157227,268200
1988-03-01,11.63888931274414,11.777777671813965,11.472222328186035,11.777777671813965,9.557390213012695,110700
1988-03-02,11.722222328186035,11.777777671813965,11.527777671813965,11.583333015441895,9.399603843688965,101700
1988-03-03,11.61111068725586,11.61111068725586,11.222222328186035,11.333333015441895,9.196731567382812,191700
1988-03-04,11.333333015441895,11.333333015441895,11.13888931274414,11.333333015441895,9.196731567382812,151200
1988-03-07,11.305556297302246,11.333333015441895,11.25,11.305556297302246,9.17419147491455,28800
1988-03-08,11.333333015441895,11.555556297302246,11.305556297302246,11.555556297302246,9.377065658569336,295200
1988-03-09,11.527777671813965,11.583333015441895,11.222222328186035,11.347222328186035,9.208005905151367,232200
1988-03-10,11.375,11.61111068725586,11.375,11.416666984558105,9.264358520507812,267300
1988-03-11,11.402777671813965,11.472222328186035,11.222222328186035,11.319443702697754,9.185461044311523,207000
1988-03-14,11.305556297302246,11.36111068725586,11.222222328186035,11.36111068725586,9.21927547454834,48600
1988-03-15,11.375,11.555556297302246,11.36111068725586,11.541666984558105,9.365795135498047,51300
1988-03-16,11.51388931274414,11.722222328186035,11.472222328186035,11.722222328186035,9.512310028076172,122400
1988-03-17,11.694443702697754,11.777777671813965,11.63888931274414,11.75,9.534849166870117,111600
1988-03-18,11.555556297302246,11.666666984558105,11.527777671813965,11.61111068725586,9.422143936157227,375300
1988-03-21,11.61111068725586,11.63888931274414,11.472222328186035,11.61111068725586,9.422143936157227,170100
1988-03-22,11.63888931274414,11.694443702697754,11.61111068725586,11.61111068725586,9.422143936157227,36000
1988-03-23,11.61111068725586,11.722222328186035,11.61111068725586,11.722222328186035,9.512310028076172,48600
1988-03-24,11.666666984558105,11.666666984558105,11.36111068725586,11.402777671813965,9.253087043762207,659700
1988-03-25,11.36111068725586,11.5,11.333333015441895,11.333333015441895,9.196731567382812,179100
1988-03-28,11.277777671813965,11.333333015441895,11.166666984558105,11.333333015441895,9.196731567382812,85500
1988-03-29,11.472222328186035,11.472222328186035,11.416666984558105,11.416666984558105,9.264358520507812,533700
1988-03-30,11.5,11.88888931274414,11.5,11.722222328186035,9.512310028076172,908100
1988-03-31,11.666666984558105,11.722222328186035,11.652777671813965,11.666666984558105,9.467226028442383,141300
1988-04-04,11.652777671813965,11.708333015441895,11.583333015441895,11.63888931274414,9.444684982299805,99000
1988-04-05,11.61111068725586,11.86111068725586,11.61111068725586,11.86111068725586,9.625012397766113,89100
1988-04-06,11.86111068725586,12.416666984558105,11.86111068725586,12.416666984558105,10.07583236694336,342000
1988-04-07,12.38888931274414,12.5,12.25,12.333333015441895,10.008209228515625,179100
1988-04-08,12.305556297302246,12.555556297302246,12.305556297302246,12.527777671813965,10.165998458862305,61200
1988-04-11,12.444443702697754,12.694443702697754,12.444443702697754,12.694443702697754,10.301244735717773,132300
1988-04-12,12.597222328186035,12.694443702697754,12.555556297302246,12.666666984558105,10.278706550598145,215100
1988-04-13,12.680556297302246,12.88888931274414,12.61111068725586,12.88888931274414,10.459031105041504,366300
1988-04-14,12.833333015441895,13.166666984558105,12.583333015441895,12.583333015441895,10.211080551147461,323100
1988-04-15,12.61111068725586,12.63888931274414,12.444443702697754,12.444443702697754,10.098374366760254,181800
1988-04-18,12.458333015441895,12.694443702697754,12.458333015441895,12.63888931274414,10.256163597106934,375300
1988-04-19,12.527777671813965,12.63888931274414,12.527777671813965,12.583333015441895,10.211080551147461,106200
1988-04-20,12.555556297302246,12.63888931274414,12.333333015441895,12.333333015441895,10.008209228515625,417600
1988-04-21,12.402777671813965,12.430556297302246,11.88888931274414,11.98611068725586,9.726448059082031,209700
1988-04-22,12.01388931274414,12.166666984558105,11.972222328186035,12.166666984558105,9.872963905334473,305100
1988-04-25,12.166666984558105,12.38888931274414,12.166666984558105,12.222222328186035,9.918046951293945,73800
1988-04-26,12.25,12.444443702697754,12.25,12.333333015441895,10.008209228515625,451800
1988-04-27,12.36111068725586,12.416666984558105,12.333333015441895,12.38888931274414,10.053292274475098,81000
1988-04-28,12.36111068725586,12.375,12.222222328186035,12.222222328186035,9.918046951293945,118800
1988-04-29,12.222222328186035,12.291666984558105,12.083333015441895,12.291666984558105,9.974398612976074,103500
1988-05-02,12.333333015441895,12.5,12.305556297302246,12.472222328186035,10.120914459228516,68400
1988-05-03,12.444443702697754,12.61111068725586,12.416666984558105,12.527777671813965,10.165998458862305,58500
1988-05-04,12.416666984558105,12.416666984558105,12.083333015441895,12.152777671813965,9.861692428588867,173700
1988-05-05,12.125,12.125,12.0,12.055556297302246,9.782800674438477,76500
1988-05-06,12.055556297302246,12.305556297302246,12.055556297302246,12.083333015441895,9.805341720581055,53100
1988-05-09,12.11111068725586,12.13888931274414,12.041666984558105,12.13888931274414,9.850423812866211,123300
1988-05-10,12.222222328186035,12.416666984558105,12.222222328186035,12.277777671813965,9.963128089904785,122400
1988-05-11,12.222222328186035,12.222222328186035,12.0,12.194443702697754,9.89550495147705,90000
1988-05-12,12.23611068725586,12.23611068725586,12.0,12.041666984558105,9.771533012390137,91800
1988-05-13,11.86111068725586,12.083333015441895,11.86111068725586,12.0,9.737717628479004,156600
1988-05-16,12.041666984558105,12.069443702697754,11.847222328186035,12.069443702697754,9.794072151184082,126900
1988-05-17,12.083333015441895,12.083333015441895,11.86111068725586,11.86111068725586,9.625012397766113,54900
1988-05-18,11.88888931274414,11.88888931274414,11.777777671813965,11.791666984558105,9.568662643432617,81900
1988-05-19,11.833333015441895,12.0,11.805556297302246,12.0,9.737717628479004,125100
1988-05-20,11.972222328186035,12.166666984558105,11.972222328186035,12.13888931274414,9.850423812866211,90000
1988-05-23,12.180556297302246,12.25,11.972222328186035,12.11111068725586,9.827880859375,72000
1988-05-24,12.13888931274414,12.333333015441895,12.13888931274414,12.333333015441895,10.008209228515625,90900
1988-05-25,12.305556297302246,12.38888931274414,12.305556297302246,12.347222328186035,10.019484519958496,45900
1988-05-26,12.36111068725586,12.38888931274414,12.277777671813965,12.319443702697754,9.996939659118652,40500
1988-05-27,12.291666984558105,12.305556297302246,12.291666984558105,12.305556297302246,9.985671043395996,33300
1988-05-31,12.333333015441895,12.666666984558105,12.305556297302246,12.666666984558105,10.278706550598145,98100
1988-06-01,12.666666984558105,12.88888931274414,12.666666984558105,12.847222328186035,10.425220489501953,213300
1988-06-02,12.88888931274414,13.041666984558105,12.86111068725586,12.930556297302246,10.492841720581055,225900
1988-06-03,12.88888931274414,12.916666984558105,12.777777671813965,12.777777671813965,10.368867874145508,64800
1988-06-06,12.819443702697754,12.819443702697754,12.583333015441895,12.666666984558105,10.278706550598145,81900
1988-06-07,12.694443702697754,12.694443702697754,12.5,12.541666984558105,10.177268028259277,76500
1988-06-08,12.555556297302246,12.930556297302246,12.555556297302246,12.930556297302246,10.492841720581055,144000
1988-06-09,12.916666984558105,13.13888931274414,12.88888931274414,13.097222328186035,10.628089904785156,210600
1988-06-10,13.125,13.222222328186035,13.055556297302246,13.083333015441895,10.616822242736816,97200
1988-06-13,13.083333015441895,13.194443702697754,13.083333015441895,13.11111068725586,10.639359474182129,51300
1988-06-14,13.083333015441895,13.319443702697754,13.083333015441895,13.208333015441895,10.718254089355469,117000
1988-06-15,13.180556297302246,13.375,13.166666984558105,13.375,10.853499412536621,96300
1988-06-16,13.319443702697754,13.319443702697754,13.166666984558105,13.25,10.752065658569336,145800
1988-06-17,13.25,13.305556297302246,13.055556297302246,13.125,10.650629997253418,217800
1988-06-20,13.097222328186035,13.097222328186035,13.0,13.027777671813965,10.571737289428711,28800
1988-06-21,13.0,13.36111068725586,12.88888931274414,13.36111068725586,10.8422269821167,166500
1988-06-22,13.416666984558105,13.472222328186035,13.194443702697754,13.277777671813965,10.774606704711914,140400
1988-06-23,13.305556297302246,13.333333015441895,13.277777671813965,13.319443702697754,10.808419227600098,56700
1988-06-24,13.291666984558105,13.36111068725586,13.166666984558105,13.166666984558105,10.684442520141602,29700
1988-06-27,13.166666984558105,13.166666984558105,12.916666984558105,12.958333015441895,10.515382766723633,100800
1988-06-28,13.027777671813965,13.194443702697754,13.0,13.180556297302246,10.695712089538574,75600
1988-06-29,13.208333015441895,13.222222328186035,12.972222328186035,12.98611068725586,10.537923812866211,42300
1988-06-30,12.944443702697754,13.166666984558105,12.944443702697754,13.083333015441895,10.616822242736816,216000
1988-07-01,13.055556297302246,13.055556297302246,12.777777671813965,12.819443702697754,10.402678489685059,256500
1988-07-05,12.847222328186035,13.25,12.819443702697754,13.25,10.752065658569336,253800
1988-07-06,13.277777671813965,13.430556297302246,12.88888931274414,13.0,10.549196243286133,126900
1988-07-07,12.958333015441895,13.083333015441895,12.86111068725586,13.027777671813965,10.571737289428711,82800
1988-07-08,12.972222328186035,13.083333015441895,12.75,12.777777671813965,10.368867874145508,54900
1988-07-11,12.805556297302246,12.833333015441895,12.777777671813965,12.777777671813965,10.368867874145508,63000
1988-07-12,12.791666984558105,12.791666984558105,12.527777671813965,12.527777671813965,10.165998458862305,50400
1988-07-13,12.5,12.63888931274414,12.5,12.527777671813965,10.165998458862305,152100
1988-07-14,12.5,12.75,12.5,12.75,10.346324920654297,52200
1988-07-15,12.722222328186035,12.76388931274414,12.694443702697754,12.76388931274414,10.357598304748535,45900
1988-07-18,12.805556297302246,12.805556297302246,12.583333015441895,12.652777671813965,10.267430305480957,69300
1988-07-19,12.625,12.625,12.472222328186035,12.583333015441895,10.211080551147461,301500
1988-07-20,12.583333015441895,12.694443702697754,12.583333015441895,12.694443702697754,10.301244735717773,30600
1988-07-21,12.694443702697754,12.694443702697754,12.555556297302246,12.555556297302246,10.188539505004883,45900
1988-07-22,12.583333015441895,12.583333015441895,12.38888931274414,12.38888931274414,10.053292274475098,71100
1988-07-25,12.36111068725586,12.555556297302246,12.36111068725586,12.416666984558105,10.07583236694336,58500
1988-07-26,12.36111068725586,12.472222328186035,12.36111068725586,12.472222328186035,10.120914459228516,120600
1988-07-27,12.472222328186035,12.5,12.38888931274414,12.38888931274414,10.053292274475098,35100
1988-07-28,12.416666984558105,12.583333015441895,12.38888931274414,12.583333015441895,10.211080551147461,41400
1988-07-29,12.61111068725586,12.805556297302246,12.61111068725586,12.805556297302246,10.391408920288086,81900
1988-08-01,12.819443702697754,13.0,12.819443702697754,12.958333015441895,10.515382766723633,63900
1988-08-02,13.069443702697754,13.222222328186035,13.069443702697754,13.208333015441895,10.718254089355469,124200
1988-08-03,13.23611068725586,13.26388931274414,13.194443702697754,13.23611068725586,10.740793228149414,66600
1988-08-04,13.222222328186035,13.26388931274414,13.0,13.027777671813965,10.571737289428711,70200
1988-08-05,13.01388931274414,13.152777671813965,12.972222328186035,13.13888931274414,10.66190242767334,108000
1988-08-08,13.166666984558105,13.583333015441895,13.166666984558105,13.291666984558105,10.785877227783203,144000
1988-08-09,13.26388931274414,13.26388931274414,13.055556297302246,13.097222328186035,10.628089904785156,69300
1988-08-10,13.069443702697754,13.069443702697754,12.944443702697754,12.944443702697754,10.504114151000977,68400
1988-08-11,12.972222328186035,12.972222328186035,12.86111068725586,12.86111068725586,10.436488151550293,73800
1988-08-12,12.819443702697754,12.930556297302246,12.777777671813965,12.86111068725586,10.436488151550293,99000
1988-08-15,12.833333015441895,12.86111068725586,12.777777671813965,12.777777671813965,10.368867874145508,54000
1988-08-16,12.75,13.11111068725586,12.666666984558105,13.055556297302246,10.594278335571289,105300
1988-08-17,13.027777671813965,13.11111068725586,12.88888931274414,12.88888931274414,10.459031105041504,52200
1988-08-18,12.833333015441895,13.027777671813965,12.833333015441895,13.0,10.549196243286133,63000
1988-08-19,13.027777671813965,13.027777671813965,12.88888931274414,12.88888931274414,10.459031105041504,22500
1988-08-22,12.972222328186035,12.972222328186035,12.75,12.75,10.346324920654297,164700
1988-08-23,12.777777671813965,12.777777671813965,12.666666984558105,12.666666984558105,10.278706550598145,39600
1988-08-24,12.694443702697754,12.86111068725586,12.694443702697754,12.86111068725586,10.436488151550293,54900
1988-08-25,12.930556297302246,13.027777671813965,12.777777671813965,12.944443702697754,10.504114151000977,141300
1988-08-26,12.88888931274414,12.972222328186035,12.86111068725586,12.88888931274414,10.459031105041504,71100
1988-08-29,12.805556297302246,12.88888931274414,12.805556297302246,12.86111068725586,10.436488151550293,71100
1988-08-30,12.875,12.88888931274414,12.805556297302246,12.88888931274414,10.459031105041504,70200
1988-08-31,12.86111068725586,12.88888931274414,12.694443702697754,12.694443702697754,10.301244735717773,90000
1988-09-01,12.722222328186035,12.722222328186035,12.444443702697754,12.527777671813965,10.165998458862305,144000
1988-09-02,12.569443702697754,12.694443702697754,12.569443702697754,12.666666984558105,10.278706550598145,94500
1988-09-06,12.625,12.76388931274414,12.625,12.708333015441895,10.312515258789062,59400
1988-09-07,12.73611068725586,12.75,12.63888931274414,12.708333015441895,10.312515258789062,56700
1988-09-08,12.708333015441895,12.777777671813965,12.61111068725586,12.666666984558105,10.278706550598145,125100
1988-09-09,12.63888931274414,12.916666984558105,12.555556297302246,12.88888931274414,10.459031105041504,144000
1988-09-12,12.86111068725586,12.86111068725586,12.722222328186035,12.722222328186035,10.323785781860352,38700
1988-09-13,12.694443702697754,12.694443702697754,12.61111068725586,12.63888931274414,10.256163597106934,25200
1988-09-14,12.666666984558105,12.708333015441895,12.527777671813965,12.694443702697754,10.301244735717773,70200
1988-09-15,12.694443702697754,12.694443702697754,12.63888931274414,12.63888931274414,10.256163597106934,17100
1988-09-16,12.5,12.625,12.5,12.625,10.244892120361328,135000
1988-09-19,12.666666984558105,12.708333015441895,12.61111068725586,12.666666984558105,10.278706550598145,64800
1988-09-20,12.61111068725586,12.63888931274414,12.555556297302246,12.63888931274414,10.256163597106934,102600
1988-09-21,12.666666984558105,12.75,12.625,12.625,10.244892120361328,59400
1988-09-22,12.61111068725586,12.666666984558105,12.583333015441895,12.666666984558105,10.278706550598145,52200
1988-09-23,12.63888931274414,12.777777671813965,12.63888931274414,12.75,10.346324920654297,26100
1988-09-26,12.777777671813965,12.875,12.777777671813965,12.875,10.447759628295898,31500
1988-09-27,12.875,12.875,12.791666984558105,12.86111068725586,10.436488151550293,26100
1988-09-28,12.777777671813965,12.86111068725586,12.76388931274414,12.805556297302246,10.391408920288086,79200
1988-09-29,12.833333015441895,12.88888931274414,12.833333015441895,12.875,10.447759628295898,80100
1988-09-30,12.88888931274414,12.972222328186035,12.833333015441895,12.88888931274414,10.459031105041504,99900
1988-10-03,12.875,12.958333015441895,12.708333015441895,12.958333015441895,10.515382766723633,43500
1988-10-04,12.833333015441895,12.875,12.791666984558105,12.833333015441895,10.413949966430664,49800
1988-10-05,12.791666984558105,12.833333015441895,12.625,12.791666984558105,10.380138397216797,74100
1988-10-06,12.791666984558105,12.791666984558105,12.625,12.75,10.346324920654297,1194300
1988-10-07,12.75,13.291666984558105,12.75,13.291666984558105,10.785877227783203,173700
1988-10-10,13.25,13.291666984558105,13.166666984558105,13.208333015441895,10.718254089355469,44400
1988-10-11,13.166666984558105,13.25,13.041666984558105,13.166666984558105,10.684442520141602,26400
1988-10-12,13.125,13.208333015441895,13.0,13.0,10.549196243286133,105900
1988-10-13,13.083333015441895,13.125,12.958333015441895,13.041666984558105,10.583003997802734,81000
1988-10-14,13.041666984558105,13.041666984558105,12.708333015441895,12.875,10.447759628295898,105000
1988-10-17,12.875,12.958333015441895,12.875,12.958333015441895,10.515382766723633,48900
1988-10-18,12.958333015441895,12.958333015441895,12.833333015441895,12.833333015441895,10.413949966430664,55500
1988-10-19,12.916666984558105,13.125,12.75,12.875,10.447759628295898,88800
1988-10-20,12.833333015441895,13.25,12.791666984558105,13.166666984558105,10.684442520141602,87600
1988-10-21,13.25,13.5,13.208333015441895,13.416666984558105,10.887309074401855,97800
1988-10-24,13.333333015441895,13.333333015441895,13.166666984558105,13.166666984558105,10.684442520141602,40800
1988-10-25,13.125,13.5,13.125,13.416666984558105,10.887309074401855,134100
1988-10-26,13.333333015441895,13.333333015441895,13.083333015441895,13.25,10.752065658569336,106200
1988-10-27,13.166666984558105,13.25,12.833333015441895,13.0,10.549196243286133,70800
1988-10-28,13.083333015441895,13.291666984558105,13.0,13.291666984558105,10.785877227783203,216900
1988-10-31,13.333333015441895,13.333333015441895,13.208333015441895,13.291666984558105,10.785877227783203,175200
1988-11-01,13.208333015441895,13.291666984558105,13.208333015441895,13.291666984558105,10.785877227783203,189600
1988-11-02,13.208333015441895,13.625,13.208333015441895,13.625,11.056370735168457,207900
1988-11-03,13.541666984558105,13.833333015441895,13.5,13.708333015441895,11.123991966247559,214800
1988-11-04,13.75,14.583333015441895,13.75,14.458333015441895,11.732599258422852,173100
1988-11-07,14.416666984558105,14.416666984558105,14.041666984558105,14.083333015441895,11.428297996520996,119100
1988-11-08,14.041666984558105,14.125,13.958333015441895,14.083333015441895,11.428297996520996,108900
1988-11-09,14.083333015441895,14.083333015441895,13.875,13.958333015441895,11.326860427856445,120900
1988-11-10,14.0,14.333333015441895,13.916666984558105,14.333333015441895,11.63116455078125,63600
1988-11-11,14.25,14.291666984558105,14.083333015441895,14.166666984558105,11.495917320251465,208800
1988-11-14,14.166666984558105,14.25,14.0,14.0,11.360671997070312,141600
1988-11-15,14.0,14.125,13.916666984558105,13.916666984558105,11.293047904968262,261600
1988-11-16,13.791666984558105,13.833333015441895,13.541666984558105,13.583333015441895,11.022555351257324,128400
1988-11-17,13.625,13.791666984558105,13.625,13.791666984558105,11.191615104675293,77400
1988-11-18,13.833333015441895,14.0,13.833333015441895,13.875,11.259238243103027,84600
1988-11-21,13.833333015441895,14.166666984558105,13.666666984558105,14.166666984558105,11.495917320251465,303900
1988-11-22,14.25,14.791666984558105,14.25,14.583333015441895,11.834033966064453,246000
1988-11-23,14.583333015441895,14.75,14.458333015441895,14.666666984558105,11.901657104492188,207900
1988-11-25,14.583333015441895,14.625,14.583333015441895,14.583333015441895,11.834033966064453,27300
1988-11-28,14.583333015441895,14.625,14.5,14.5,11.766411781311035,148500
1988-11-29,14.458333015441895,14.541666984558105,14.416666984558105,14.5,11.766411781311035,83700
1988-11-30,14.541666984558105,14.541666984558105,14.416666984558105,14.5,11.766411781311035,88500
1988-12-01,14.458333015441895,14.458333015441895,14.25,14.25,11.563542366027832,97200
1988-12-02,14.166666984558105,14.583333015441895,14.166666984558105,14.458333015441895,11.732599258422852,106200
1988-12-05,14.541666984558105,14.541666984558105,14.416666984558105,14.458333015441895,11.732599258422852,84600
1988-12-06,14.458333015441895,14.583333015441895,14.458333015441895,14.541666984558105,11.800222396850586,420600
1988-12-07,14.541666984558105,15.166666984558105,14.5,15.041666984558105,12.205960273742676,177300
1988-12-08,14.958333015441895,15.0,14.875,14.916666984558105,12.104524612426758,317400
1988-12-09,15.0,15.333333015441895,14.958333015441895,15.291666984558105,12.408831596374512,53100
1988-12-12,15.291666984558105,15.666666984558105,15.25,15.666666984558105,12.713134765625,131700
1988-12-13,15.666666984558105,15.75,15.208333015441895,15.458333015441895,12.544073104858398,142500
1988-12-14,15.291666984558105,15.375,15.125,15.166666984558105,12.30739688873291,79500
1988-12-15,15.208333015441895,15.208333015441895,14.625,14.833333015441895,12.03690242767334,114900
1988-12-16,14.833333015441895,15.25,14.833333015441895,15.25,12.375019073486328,150600
1988-12-19,15.333333015441895,15.458333015441895,15.208333015441895,15.458333015441895,12.544073104858398,119100
1988-12-20,15.541666984558105,15.666666984558105,15.541666984558105,15.583333015441895,12.6455078125,154500
1988-12-21,15.5,15.666666984558105,15.5,15.666666984558105,12.713134765625,269700
1988-12-22,15.583333015441895,15.666666984558105,15.5,15.541666984558105,12.61169719696045,147600
1988-12-23,15.625,15.708333015441895,15.583333015441895,15.583333015441895,12.6455078125,24900
1988-12-27,15.5,15.5,15.333333015441895,15.333333015441895,12.44264030456543,39900
1988-12-28,15.333333015441895,15.5,15.333333015441895,15.458333015441895,12.544073104858398,155400
1988-12-29,15.5,15.666666984558105,15.5,15.541666984558105,12.61169719696045,502200
1988-12-30,15.583333015441895,15.625,15.416666984558105,15.416666984558105,12.510265350341797,562200
1989-01-03,15.333333015441895,15.333333015441895,15.208333015441895,15.291666984558105,12.408831596374512,70500
1989-01-04,15.166666984558105,15.333333015441895,15.166666984558105,15.333333015441895,12.44264030456543,60900
1989-01-05,15.333333015441895,15.625,15.208333015441895,15.375,12.47645092010498,116400
1989-01-06,15.416666984558105,15.5,15.416666984558105,15.416666984558105,12.510265350341797,35400
1989-01-09,15.458333015441895,15.833333015441895,15.416666984558105,15.666666984558105,12.713134765625,292800
1989-01-10,15.75,15.75,15.5,15.583333015441895,12.6455078125,108000
1989-01-11,15.625,15.791666984558105,15.583333015441895,15.791666984558105,12.814565658569336,164100
1989-01-12,15.75,15.791666984558105,15.666666984558105,15.75,12.780755996704102,103200
1989-01-13,15.708333015441895,15.791666984558105,15.708333015441895,15.791666984558105,12.814565658569336,68700
1989-01-16,15.833333015441895,16.291667938232422,15.833333015441895,16.291667938232422,13.220308303833008,87900
1989-01-17,16.333332061767578,16.916667938232422,16.333332061767578,16.583332061767578,13.456986427307129,243600
1989-01-18,16.583332061767578,17.125,16.583332061767578,17.083332061767578,13.862726211547852,253200
1989-01-19,17.083332061767578,17.291667938232422,16.916667938232422,17.083332061767578,13.862726211547852,178500
1989-01-20,17.0,17.041667938232422,16.75,16.958332061767578,13.761286735534668,63900
1989-01-23,16.958332061767578,17.041667938232422,16.583332061767578,16.583332061767578,13.456986427307129,75000
1989-01-24,16.5,17.208332061767578,16.5,17.083332061767578,13.862726211547852,246600
1989-01-25,17.083332061767578,17.166667938232422,16.916667938232422,17.125,13.896537780761719,136800
1989-01-26,17.125,17.208332061767578,17.0,17.208332061767578,13.964162826538086,166200
1989-01-27,17.25,17.25,17.083332061767578,17.083332061767578,13.862726211547852,148800
1989-01-30,17.0,17.083332061767578,16.5,16.541667938232422,13.42318058013916,202800
1989-01-31,16.625,16.625,16.166667938232422,16.291667938232422,13.220308303833008,176700
1989-02-01,16.333332061767578,16.333332061767578,15.875,15.958333015441895,12.949814796447754,189900
1989-02-02,15.958333015441895,16.0,15.708333015441895,15.791666984558105,12.814565658569336,352800
1989-02-03,15.791666984558105,15.916666984558105,15.666666984558105,15.875,12.882190704345703,200100
1989-02-06,15.833333015441895,15.916666984558105,15.666666984558105,15.833333015441895,12.848382949829102,3161700
1989-02-07,15.833333015441895,16.125,15.833333015441895,15.958333015441895,12.949814796447754,838800
1989-02-08,16.0,16.125,15.875,15.875,12.882190704345703,187800
1989-02-09,15.75,15.833333015441895,15.666666984558105,15.75,12.780755996704102,376800
1989-02-10,15.75,15.833333015441895,15.666666984558105,15.791666984558105,12.814565658569336,407100
1989-02-13,15.583333015441895,15.75,15.583333015441895,15.708333015441895,12.746947288513184,102300
1989-02-14,15.791666984558105,15.875,15.708333015441895,15.708333015441895,12.746947288513184,230400
1989-02-15,15.75,16.0,15.708333015441895,15.958333015441895,12.949814796447754,36000
1989-02-16,16.041667938232422,16.125,16.0,16.0,12.983622550964355,34200
1989-02-17,16.083332061767578,16.5,16.083332061767578,16.5,13.389363288879395,190500
1989-02-21,16.5,16.541667938232422,16.375,16.416667938232422,13.32174301147461,90300
1989-02-22,16.458332061767578,16.458332061767578,15.958333015441895,15.958333015441895,12.949814796447754,257700
1989-02-23,15.875,15.875,15.625,15.75,12.780755996704102,153600
1989-02-24,15.75,15.75,15.375,15.375,12.47645092010498,222600
1989-02-27,15.375,15.75,15.375,15.75,12.780755996704102,167700
1989-02-28,15.833333015441895,15.958333015441895,15.708333015441895,15.833333015441895,12.848382949829102,130500
1989-03-01,15.916666984558105,15.958333015441895,15.25,15.25,12.375019073486328,226200
1989-03-02,15.333333015441895,15.708333015441895,15.25,15.666666984558105,12.713134765625,189000
1989-03-03,15.666666984558105,15.666666984558105,15.375,15.625,12.679323196411133,134400
1989-03-06,15.708333015441895,15.833333015441895,15.666666984558105,15.791666984558105,12.814565658569336,81000
1989-03-07,15.875,15.875,15.541666984558105,15.541666984558105,12.61169719696045,84000
1989-03-08,15.5,15.875,15.375,15.875,12.882190704345703,82200
1989-03-09,15.875,16.458332061767578,15.875,16.416667938232422,13.32174301147461,183900
1989-03-10,16.333332061767578,16.541667938232422,16.208332061767578,16.291667938232422,13.220308303833008,111900
1989-03-13,16.333332061767578,16.708332061767578,16.333332061767578,16.666667938232422,13.524611473083496,88200
1989-03-14,16.75,16.833332061767578,16.416667938232422,16.416667938232422,13.32174301147461,88200
1989-03-15,16.333332061767578,16.458332061767578,16.125,16.291667938232422,13.220308303833008,75900
1989-03-16,16.291667938232422,16.458332061767578,16.25,16.375,13.28792953491211,91200
1989-03-17,16.083332061767578,16.083332061767578,15.708333015441895,15.75,12.780755996704102,111900
1989-03-20,15.666666984558105,15.708333015441895,15.5,15.708333015441895,12.746947288513184,58200
1989-03-21,15.875,16.083332061767578,15.875,16.083332061767578,13.051244735717773,88500
1989-03-22,16.041667938232422,16.166667938232422,16.041667938232422,16.083332061767578,13.051244735717773,55500
1989-03-23,16.166667938232422,16.25,16.0,16.083332061767578,13.051244735717773,79500
1989-03-27,16.083332061767578,16.416667938232422,16.041667938232422,16.375,13.28792953491211,72600
1989-03-28,16.333332061767578,16.541667938232422,16.333332061767578,16.541667938232422,13.42318058013916,94500
1989-03-29,16.583332061767578,16.583332061767578,16.166667938232422,16.333332061767578,13.254115104675293,60900
1989-03-30,16.25,16.291667938232422,16.083332061767578,16.166667938232422,13.11887264251709,51300
1989-03-31,16.25,16.333332061767578,16.25,16.333332061767578,13.254115104675293,45300
1989-04-03,16.333332061767578,16.333332061767578,16.166667938232422,16.291667938232422,13.220308303833008,114300
1989-04-04,16.291667938232422,16.291667938232422,16.208332061767578,16.291667938232422,13.220308303833008,51300
1989-04-05,16.291667938232422,16.333332061767578,16.208332061767578,16.208332061767578,13.152684211730957,186900
1989-04-06,16.125,16.125,15.916666984558105,16.083332061767578,13.051244735717773,115800
1989-04-07,16.125,16.25,16.083332061767578,16.25,13.186493873596191,65400
1989-04-10,16.25,16.458332061767578,16.166667938232422,16.25,13.186493873596191,184500
1989-04-11,16.458332061767578,17.416667938232422,16.333332061767578,17.416667938232422,14.133214950561523,3594600
1989-04-12,17.25,17.291667938232422,16.833332061767578,16.833332061767578,13.6598539352417,692400
1989-04-13,16.833332061767578,17.166667938232422,16.791667938232422,17.0,13.7951021194458,478800
1989-04-14,17.0,17.333332061767578,17.0,17.333332061767578,14.065594673156738,310800
1989-04-17,17.375,17.375,16.833332061767578,16.833332061767578,13.6598539352417,783600
1989-04-18,16.958332061767578,17.0,16.666667938232422,16.833332061767578,13.6598539352417,392100
1989-04-19,16.75,16.75,16.583332061767578,16.583332061767578,13.456986427307129,239700
1989-04-20,16.708332061767578,16.708332061767578,16.375,16.416667938232422,13.32174301147461,227100
1989-04-21,16.416667938232422,16.541667938232422,16.416667938232422,16.5,13.389363288879395,234300
1989-04-24,16.583332061767578,16.916667938232422,16.583332061767578,16.75,13.592232704162598,264600
1989-04-25,16.916667938232422,17.083332061767578,16.916667938232422,17.041667938232422,13.828910827636719,255300
1989-04-26,17.0,17.041667938232422,16.916667938232422,17.041667938232422,13.828910827636719,65100
1989-04-27,17.0,17.208332061767578,17.0,17.208332061767578,13.964162826538086,273900
1989-04-28,17.208332061767578,17.208332061767578,17.125,17.208332061767578,13.964162826538086,164100
1989-05-01,17.166667938232422,17.166667938232422,17.125,17.166667938232422,13.930347442626953,241800
1989-05-02,17.125,17.166667938232422,17.125,17.166667938232422,13.930347442626953,102300
1989-05-03,17.125,17.125,16.833332061767578,17.0,13.7951021194458,125100
1989-05-04,16.916667938232422,16.916667938232422,16.75,16.875,13.6936674118042,109800
1989-05-05,16.875,16.958332061767578,16.666667938232422,16.75,13.592232704162598,113400
1989-05-08,16.666667938232422,16.666667938232422,16.25,16.333332061767578,13.254115104675293,423600
1989-05-09,16.416667938232422,16.416667938232422,16.208332061767578,16.25,13.186493873596191,121200
1989-05-10,16.25,16.25,15.833333015441895,16.125,13.085061073303223,177600
1989-05-11,16.083332061767578,16.166667938232422,16.083332061767578,16.125,13.085061073303223,111900
1989-05-12,16.208332061767578,16.416667938232422,16.208332061767578,16.333332061767578,13.254115104675293,232500
1989-05-15,16.333332061767578,16.375,16.166667938232422,16.25,13.186493873596191,85800
1989-05-16,16.25,16.291667938232422,16.041667938232422,16.083332061767578,13.051244735717773,47400
1989-05-17,16.0,16.125,15.958333015441895,16.083332061767578,13.051244735717773,135300
1989-05-18,16.083332061767578,16.083332061767578,15.916666984558105,16.0,12.983622550964355,169200
1989-05-19,16.0,16.041667938232422,15.875,16.0,12.983622550964355,266400
1989-05-22,16.0,16.25,15.958333015441895,16.25,13.186493873596191,84600
1989-05-23,16.083332061767578,16.125,15.666666984558105,15.666666984558105,12.713134765625,196800
1989-05-24,15.625,15.875,15.625,15.833333015441895,12.848382949829102,195300
1989-05-25,15.916666984558105,16.0,15.791666984558105,15.916666984558105,12.916004180908203,469500
1989-05-26,15.958333015441895,16.083332061767578,15.875,15.958333015441895,12.949814796447754,120900
1989-05-30,16.041667938232422,16.083332061767578,15.833333015441895,15.916666984558105,12.916004180908203,138600
1989-05-31,16.0,16.291667938232422,15.916666984558105,16.125,13.085061073303223,222600
1989-06-01,16.166667938232422,16.166667938232422,15.958333015441895,16.041667938232422,13.017436981201172,131400
1989-06-02,16.166667938232422,16.583332061767578,16.166667938232422,16.541667938232422,13.42318058013916,350400
1989-06-05,16.458332061767578,16.625,16.333332061767578,16.375,13.28792953491211,175500
1989-06-06,16.333332061767578,16.416667938232422,16.208332061767578,16.375,13.28792953491211,75000
1989-06-07,16.333332061767578,16.333332061767578,16.25,16.25,13.186493873596191,99000
1989-06-08,16.291667938232422,16.291667938232422,16.083332061767578,16.083332061767578,13.051244735717773,131700
1989-06-09,16.0,16.166667938232422,15.833333015441895,15.958333015441895,12.949814796447754,148500
1989-06-12,15.958333015441895,16.0,15.666666984558105,15.666666984558105,12.713134765625,205500
1989-06-13,15.5,15.583333015441895,15.25,15.375,12.47645092010498,239100
1989-06-14,15.25,15.375,15.166666984558105,15.375,12.47645092010498,158400
1989-06-15,15.25,15.416666984558105,15.208333015441895,15.416666984558105,12.510265350341797,92400
1989-06-16,15.166666984558105,15.333333015441895,15.166666984558105,15.208333015441895,12.341207504272461,238500
1989-06-19,15.291666984558105,15.375,14.833333015441895,14.958333015441895,12.138333320617676,200100
1989-06-20,15.041666984558105,15.125,14.625,15.083333015441895,12.239773750305176,377100
1989-06-21,15.125,15.333333015441895,15.041666984558105,15.125,12.273582458496094,137100
1989-06-22,15.083333015441895,15.166666984558105,14.75,14.916666984558105,12.104524612426758,208800
1989-06-23,15.0,15.875,15.0,15.708333015441895,12.746947288513184,234300
1989-06-26,16.083332061767578,16.5,15.916666984558105,16.0,12.983622550964355,405900
1989-06-27,16.0,16.125,15.666666984558105,15.875,12.882190704345703,279000
1989-06-28,15.875,16.0,15.833333015441895,15.875,12.882190704345703,90300
1989-06-29,15.833333015441895,15.875,15.416666984558105,15.416666984558105,12.510265350341797,357900
1989-06-30,15.375,15.375,14.958333015441895,14.958333015441895,12.138333320617676,240600
1989-07-03,15.333333015441895,15.666666984558105,15.333333015441895,15.541666984558105,12.61169719696045,63300
1989-07-05,15.458333015441895,15.958333015441895,15.375,15.916666984558105,12.916004180908203,90000
1989-07-06,15.833333015441895,15.875,15.75,15.75,12.780755996704102,272400
1989-07-07,15.75,16.0,15.666666984558105,15.833333015441895,12.848382949829102,158100
1989-07-10,15.875,16.083332061767578,15.875,16.0,12.983622550964355,190500
1989-07-11,16.166667938232422,16.5,16.083332061767578,16.25,13.186493873596191,224700
1989-07-12,16.166667938232422,16.375,15.958333015441895,16.291667938232422,13.220308303833008,72600
1989-07-13,16.25,16.333332061767578,16.208332061767578,16.25,13.186493873596191,156900
1989-07-14,16.25,16.375,16.208332061767578,16.25,13.186493873596191,135900
1989-07-17,16.166667938232422,16.208332061767578,16.125,16.125,13.085061073303223,127500
1989-07-18,16.125,16.166667938232422,15.958333015441895,16.166667938232422,13.11887264251709,119100
1989-07-19,16.166667938232422,16.416667938232422,16.125,16.166667938232422,13.11887264251709,287700
1989-07-20,16.125,16.208332061767578,16.083332061767578,16.083332061767578,13.051244735717773,150600
1989-07-21,16.125,16.25,16.0,16.166667938232422,13.11887264251709,232800
1989-07-24,16.166667938232422,16.25,16.041667938232422,16.25,13.186493873596191,87000
1989-07-25,16.083332061767578,16.166667938232422,16.041667938232422,16.083332061767578,13.051244735717773,153000
1989-07-26,16.166667938232422,16.166667938232422,16.0,16.166667938232422,13.11887264251709,74100
1989-07-27,16.125,16.958332061767578,16.125,16.916667938232422,13.7274808883667,520800
1989-07-28,16.875,17.166667938232422,16.666667938232422,16.708332061767578,13.558420181274414,291600
1989-07-31,16.666667938232422,16.75,16.5,16.666667938232422,13.524611473083496,96300
1989-08-01,16.666667938232422,16.916667938232422,16.375,16.5,13.389363288879395,349200
1989-08-02,16.583332061767578,16.708332061767578,16.5,16.541667938232422,13.42318058013916,149700
1989-08-03,16.458332061767578,16.791667938232422,16.458332061767578,16.625,13.490793228149414,149100
1989-08-04,16.541667938232422,16.625,16.5,16.541667938232422,13.42318058013916,143100
1989-08-07,16.583332061767578,16.916667938232422,16.541667938232422,16.916667938232422,13.7274808883667,183900
1989-08-08,16.833332061767578,17.041667938232422,16.791667938232422,16.916667938232422,13.7274808883667,277500
1989-08-09,17.083332061767578,17.416667938232422,16.958332061767578,16.958332061767578,13.761286735534668,365100
1989-08-10,16.875,17.416667938232422,16.875,17.25,13.997970581054688,174300
1989-08-11,17.416667938232422,17.458332061767578,16.75,16.875,13.6936674118042,192000
1989-08-14,16.708332061767578,16.75,16.458332061767578,16.625,13.490793228149414,133500
1989-08-15,16.583332061767578,16.833332061767578,16.583332061767578,16.666667938232422,13.524611473083496,42600
1989-08-16,16.666667938232422,16.833332061767578,16.666667938232422,16.666667938232422,13.524611473083496,146700
1989-08-17,16.583332061767578,16.666667938232422,16.541667938232422,16.666667938232422,13.524611473083496,169800
1989-08-18,16.625,16.875,16.583332061767578,16.875,13.6936674118042,259800
1989-08-21,16.791667938232422,16.916667938232422,16.541667938232422,16.583332061767578,13.456986427307129,147000
1989-08-22,16.541667938232422,16.791667938232422,16.541667938232422,16.791667938232422,13.626049041748047,69900
1989-08-23,16.791667938232422,16.833332061767578,16.625,16.791667938232422,13.626049041748047,40200
1989-08-24,16.875,17.416667938232422,16.875,17.375,14.099407196044922,269400
1989-08-25,17.458332061767578,17.75,17.291667938232422,17.666667938232422,14.33608627319336,325800
1989-08-28,17.5,17.625,17.333332061767578,17.458332061767578,14.167031288146973,139200
1989-08-29,17.583332061767578,17.666667938232422,17.5,17.666667938232422,14.33608627319336,122100
1989-08-30,17.625,18.5,17.583332061767578,18.291667938232422,14.843262672424316,392700
1989-08-31,18.333332061767578,18.5,18.333332061767578,18.5,15.01231575012207,114300
1989-09-01,18.416667938232422,18.75,18.375,18.666667938232422,15.147564888000488,101100
1989-09-05,18.583332061767578,18.583332061767578,18.25,18.25,14.809447288513184,79800
1989-09-06,18.333332061767578,18.333332061767578,17.833332061767578,17.916667938232422,14.538957595825195,122400
1989-09-07,17.916667938232422,18.208332061767578,17.916667938232422,18.041667938232422,14.640390396118164,49200
1989-09-08,18.125,18.125,17.916667938232422,18.0,14.606579780578613,83400
1989-09-11,18.0,18.0,17.791667938232422,17.833332061767578,14.471333503723145,31800
1989-09-12,17.75,17.875,17.708332061767578,17.791667938232422,14.437520027160645,120600
1989-09-13,17.791667938232422,17.958332061767578,17.791667938232422,17.958332061767578,14.57276439666748,193200
1989-09-14,17.916667938232422,19.0,17.833332061767578,18.583332061767578,15.079941749572754,459000
1989-09-15,18.458332061767578,18.958332061767578,18.083332061767578,18.416667938232422,14.944692611694336,585300
1989-09-18,18.333332061767578,18.416667938232422,18.208332061767578,18.333332061767578,14.877069473266602,117300
1989-09-19,18.25,18.25,18.083332061767578,18.083332061767578,14.674199104309082,133500
1989-09-20,18.0,18.0,17.833332061767578,17.875,14.505144119262695,93300
1989-09-21,17.875,18.25,17.875,17.875,14.505144119262695,259500
1989-09-22,17.833332061767578,17.916667938232422,17.541667938232422,17.666667938232422,14.33608627319336,154500
1989-09-25,17.666667938232422,17.666667938232422,17.25,17.333332061767578,14.065594673156738,92100
1989-09-26,17.416667938232422,17.458332061767578,16.708332061767578,16.708332061767578,13.558420181274414,109800
1989-09-27,16.833332061767578,17.25,16.791667938232422,17.166667938232422,13.930347442626953,291900
1989-09-28,17.291667938232422,17.291667938232422,16.875,17.125,13.896537780761719,82800
1989-09-29,17.166667938232422,17.333332061767578,17.083332061767578,17.208332061767578,13.964162826538086,415500
1989-10-02,17.458332061767578,17.583332061767578,17.25,17.333332061767578,14.065594673156738,226200
1989-10-03,17.5,17.583332061767578,17.416667938232422,17.5,14.20084285736084,82200
1989-10-04,17.583332061767578,18.041667938232422,17.541667938232422,17.958332061767578,14.57276439666748,143700
1989-10-05,18.0,18.166667938232422,17.541667938232422,17.625,14.302271842956543,122100
1989-10-06,17.625,17.708332061767578,17.583332061767578,17.583332061767578,14.26845932006836,42300
1989-10-09,17.583332061767578,17.625,17.5,17.5,14.20084285736084,84300
1989-10-10,17.5,17.5,17.125,17.208332061767578,13.964162826538086,93900
1989-10-11,17.291667938232422,17.625,17.25,17.541667938232422,14.234647750854492,201000
1989-10-12,17.625,17.75,17.416667938232422,17.458332061767578,14.167031288146973,148200
1989-10-13,17.375,17.458332061767578,16.5,16.5,13.389363288879395,191100
1989-10-16,16.666667938232422,16.666667938232422,16.0,16.458332061767578,13.355547904968262,251400
1989-10-17,16.541667938232422,16.541667938232422,16.166667938232422,16.208332061767578,13.152684211730957,117600
1989-10-18,16.166667938232422,16.25,15.916666984558105,16.041667938232422,13.017436981201172,124200
1989-10-19,16.208332061767578,16.583332061767578,16.208332061767578,16.416667938232422,13.32174301147461,169500
1989-10-20,16.416667938232422,16.5,16.375,16.458332061767578,13.355547904968262,99000
1989-10-23,16.5,16.666667938232422,16.416667938232422,16.541667938232422,13.42318058013916,121500
1989-10-24,16.625,16.708332061767578,15.833333015441895,16.458332061767578,13.355547904968262,151500
1989-10-25,16.333332061767578,16.458332061767578,16.166667938232422,16.25,13.186493873596191,127200
1989-10-26,16.083332061767578,16.125,15.875,15.958333015441895,12.949814796447754,40500
1989-10-27,15.875,15.958333015441895,15.458333015441895,15.625,12.679323196411133,57300
1989-10-30,15.708333015441895,16.083332061767578,15.708333015441895,16.083332061767578,13.051244735717773,66000
1989-10-31,16.166667938232422,16.625,16.166667938232422,16.625,13.490793228149414,93000
1989-11-01,16.708332061767578,16.958332061767578,16.666667938232422,16.833332061767578,13.6598539352417,63900
1989-11-02,16.75,16.875,16.75,16.791667938232422,13.626049041748047,49200
1989-11-03,16.708332061767578,17.041667938232422,16.708332061767578,16.958332061767578,13.761286735534668,120600
1989-11-06,16.916667938232422,16.916667938232422,16.666667938232422,16.666667938232422,13.524611473083496,123300
1989-11-07,16.666667938232422,16.708332061767578,16.583332061767578,16.583332061767578,13.456986427307129,121200
1989-11-08,16.333332061767578,16.708332061767578,16.333332061767578,16.666667938232422,13.524611473083496,569700
1989-11-09,16.75,17.0,16.75,16.791667938232422,13.626049041748047,112500
1989-11-10,16.833332061767578,16.916667938232422,16.833332061767578,16.833332061767578,13.6598539352417,34200
1989-11-13,16.916667938232422,17.083332061767578,16.833332061767578,17.041667938232422,13.828910827636719,113100
1989-11-14,16.958332061767578,17.0,16.75,16.791667938232422,13.626049041748047,77400
1989-11-15,16.875,16.916667938232422,16.75,16.916667938232422,13.7274808883667,81000
1989-11-16,16.958332061767578,16.958332061767578,16.791667938232422,16.833332061767578,13.6598539352417,31200
1989-11-17,16.833332061767578,16.916667938232422,16.791667938232422,16.833332061767578,13.6598539352417,33600
1989-11-20,16.833332061767578,16.875,16.791667938232422,16.833332061767578,13.6598539352417,50100
1989-11-21,16.916667938232422,17.166667938232422,16.833332061767578,17.166667938232422,13.930347442626953,72300
1989-11-22,17.166667938232422,17.25,16.833332061767578,17.25,13.997970581054688,96900
1989-11-24,17.25,17.375,17.208332061767578,17.208332061767578,13.964162826538086,67200
1989-11-27,17.333332061767578,17.5,17.333332061767578,17.5,14.20084285736084,52200
1989-11-28,17.416667938232422,17.541667938232422,17.416667938232422,17.541667938232422,14.234647750854492,121800
1989-11-29,17.541667938232422,17.666667938232422,17.541667938232422,17.583332061767578,14.26845932006836,109500
1989-11-30,17.625,17.916667938232422,17.625,17.875,14.505144119262695,42900
1989-12-01,17.958332061767578,18.25,17.958332061767578,18.166667938232422,14.741825103759766,104100
1989-12-04,18.083332061767578,18.166667938232422,17.916667938232422,18.125,14.708012580871582,56100
1989-12-05,18.083332061767578,18.125,17.625,17.625,14.302271842956543,125700
1989-12-06,17.625,17.75,17.625,17.666667938232422,14.33608627319336,36600
1989-12-07,17.75,18.0,17.75,17.833332061767578,14.471333503723145,65700
1989-12-08,17.916667938232422,18.083332061767578,17.875,18.0,14.606579780578613,83400
1989-12-11,17.916667938232422,18.25,17.791667938232422,18.25,14.809447288513184,57300
1989-12-12,18.125,18.583332061767578,18.083332061767578,18.458332061767578,14.978507995605469,57900
1989-12-13,18.375,18.5,18.333332061767578,18.5,15.01231575012207,118800
1989-12-14,18.583332061767578,18.666667938232422,18.458332061767578,18.5,15.01231575012207,301800
1989-12-15,18.541667938232422,18.541667938232422,18.125,18.208332061767578,14.775634765625,153600
1989-12-18,18.083332061767578,18.166667938232422,17.708332061767578,18.083332061767578,14.674199104309082,79200
1989-12-19,17.916667938232422,17.916667938232422,17.583332061767578,17.75,14.403711318969727,102900
1989-12-20,17.625,17.75,17.5,17.666667938232422,14.33608627319336,69300
1989-12-21,17.666667938232422,17.708332061767578,17.583332061767578,17.625,14.302271842956543,112500
1989-12-22,17.5,17.583332061767578,17.5,17.583332061767578,14.26845932006836,22200
1989-12-26,17.5,17.5,17.416667938232422,17.458332061767578,14.167031288146973,4200
1989-12-27,17.375,17.375,17.166667938232422,17.166667938232422,13.930347442626953,19200
1989-12-28,17.25,17.625,17.25,17.625,14.302271842956543,130500
1989-12-29,17.541667938232422,17.708332061767578,17.333332061767578,17.708332061767578,14.369894981384277,78900
1990-01-02,17.666667938232422,17.75,17.625,17.708332061767578,14.369894981384277,66600
1990-01-03,17.791667938232422,17.791667938232422,17.416667938232422,17.666667938232422,14.33608627319336,48900
1990-01-04,17.625,17.75,17.541667938232422,17.666667938232422,14.33608627319336,105900
1990-01-05,17.541667938232422,17.708332061767578,17.416667938232422,17.5,14.20084285736084,34500
1990-01-08,17.458332061767578,17.583332061767578,17.416667938232422,17.5,14.20084285736084,95400
1990-01-09,17.458332061767578,17.666667938232422,17.416667938232422,17.666667938232422,14.33608627319336,42600
1990-01-10,17.541667938232422,17.833332061767578,17.5,17.833332061767578,14.471333503723145,58800
1990-01-11,17.75,18.208332061767578,17.75,18.166667938232422,14.741825103759766,57900
1990-01-12,18.083332061767578,18.083332061767578,17.875,17.875,14.505144119262695,131100
1990-01-15,17.875,18.0,17.875,17.916667938232422,14.538957595825195,87300
1990-01-16,17.666667938232422,17.958332061767578,17.625,17.958332061767578,14.57276439666748,115200
1990-01-17,17.875,17.875,17.666667938232422,17.75,14.403711318969727,199800
1990-01-18,17.625,17.958332061767578,17.583332061767578,17.875,14.505144119262695,57300
1990-01-19,17.833332061767578,18.125,17.833332061767578,17.958332061767578,14.57276439666748,66900
1990-01-22,17.875,18.083332061767578,17.583332061767578,17.625,14.302271842956543,56100
1990-01-23,17.708332061767578,17.958332061767578,17.625,17.666667938232422,14.33608627319336,162600
1990-01-24,17.5,17.625,17.25,17.541667938232422,14.234647750854492,215100
1990-01-25,17.541667938232422,17.541667938232422,16.916667938232422,16.916667938232422,13.7274808883667,58800
1990-01-26,16.875,17.083332061767578,16.75,16.791667938232422,13.626049041748047,98700
1990-01-29,16.791667938232422,16.875,16.5,16.791667938232422,13.626049041748047,37800
1990-01-30,16.833332061767578,16.916667938232422,16.541667938232422,16.75,13.592232704162598,73800
1990-01-31,16.666667938232422,17.0,16.666667938232422,17.0,13.7951021194458,135300
1990-02-01,16.958332061767578,17.25,16.708332061767578,17.25,13.997970581054688,117300
1990-02-02,17.333332061767578,17.458332061767578,17.25,17.416667938232422,14.133214950561523,55200
1990-02-05,17.375,17.416667938232422,17.25,17.25,13.997970581054688,24300
1990-02-06,17.291667938232422,17.291667938232422,17.0,17.208332061767578,13.964162826538086,42600
1990-02-07,17.166667938232422,17.666667938232422,17.166667938232422,17.583332061767578,14.26845932006836,95700
1990-02-08,17.583332061767578,17.875,17.583332061767578,17.666667938232422,14.33608627319336,70800
1990-02-09,17.708332061767578,17.916667938232422,17.708332061767578,17.833332061767578,14.471333503723145,84600
1990-02-12,17.75,17.833332061767578,17.666667938232422,17.666667938232422,14.33608627319336,98700
1990-02-13,17.666667938232422,17.666667938232422,17.166667938232422,17.333332061767578,14.065594673156738,168600
1990-02-14,17.25,17.541667938232422,17.25,17.416667938232422,14.133214950561523,36900
1990-02-15,17.416667938232422,17.416667938232422,17.291667938232422,17.416667938232422,14.133214950561523,77700
1990-02-16,17.375,17.375,17.125,17.208332061767578,13.964162826538086,81600
1990-02-20,17.166667938232422,17.166667938232422,16.916667938232422,16.916667938232422,13.7274808883667,38100
1990-02-21,16.833332061767578,16.833332061767578,16.583332061767578,16.791667938232422,13.626049041748047,67200
1990-02-22,16.833332061767578,17.166667938232422,16.791667938232422,16.958332061767578,13.761286735534668,69300
1990-02-23,16.916667938232422,17.083332061767578,16.875,16.875,13.6936674118042,55200
1990-02-26,16.916667938232422,17.083332061767578,16.75,17.0,13.7951021194458,170400
1990-02-27,17.0,17.375,17.0,17.208332061767578,13.964162826538086,61800
1990-02-28,17.208332061767578,17.416667938232422,16.916667938232422,17.041667938232422,13.828910827636719,99300
1990-03-01,17.208332061767578,17.208332061767578,17.083332061767578,17.125,13.896537780761719,152100
1990-03-02,17.25,17.416667938232422,17.0,17.125,13.896537780761719,89700
1990-03-05,17.166667938232422,17.166667938232422,16.583332061767578,16.708332061767578,13.558420181274414,85200
1990-03-06,16.666667938232422,16.916667938232422,16.666667938232422,16.916667938232422,13.7274808883667,47400
1990-03-07,16.916667938232422,17.0,16.708332061767578,16.708332061767578,13.558420181274414,71400
1990-03-08,16.75,17.083332061767578,16.75,17.083332061767578,13.862726211547852,57000
1990-03-09,17.166667938232422,17.291667938232422,17.083332061767578,17.291667938232422,14.031784057617188,116100
1990-03-12,17.208332061767578,17.541667938232422,17.166667938232422,17.375,14.099407196044922,56700
1990-03-13,17.291667938232422,17.416667938232422,17.166667938232422,17.25,13.997970581054688,48300
1990-03-14,17.291667938232422,17.333332061767578,17.25,17.25,13.997970581054688,27300
1990-03-15,17.333332061767578,17.541667938232422,17.291667938232422,17.5,14.20084285736084,45300
1990-03-16,17.666667938232422,17.708332061767578,17.541667938232422,17.708332061767578,14.369894981384277,256200
1990-03-19,17.791667938232422,17.791667938232422,17.583332061767578,17.625,14.302271842956543,214800
1990-03-20,17.666667938232422,17.666667938232422,17.375,17.416667938232422,14.133214950561523,119700
1990-03-21,17.333332061767578,17.458332061767578,17.166667938232422,17.166667938232422,13.930347442626953,105900
1990-03-22,17.166667938232422,17.25,16.916667938232422,16.958332061767578,13.761286735534668,113700
1990-03-23,16.916667938232422,17.0,16.791667938232422,16.958332061767578,13.761286735534668,143700
1990-03-26,17.0,17.375,17.0,17.333332061767578,14.065594673156738,227400
1990-03-27,17.583332061767578,18.166667938232422,17.583332061767578,18.166667938232422,14.741825103759766,263100
1990-03-28,18.208332061767578,18.458332061767578,18.208332061767578,18.458332061767578,14.978507995605469,174900
1990-03-29,18.583332061767578,19.041667938232422,18.583332061767578,19.0,15.418057441711426,333000
1990-03-30,19.0,19.0,18.625,18.625,15.113751411437988,369900
1990-04-02,18.541667938232422,18.541667938232422,18.458332061767578,18.5,15.01231575012207,126000
1990-04-03,18.541667938232422,19.25,18.5,19.166667938232422,15.553302764892578,1050000
1990-04-04,19.083332061767578,19.583332061767578,19.083332061767578,19.416667938232422,15.756173133850098,596400
1990-04-05,19.416667938232422,19.75,19.375,19.375,15.722355842590332,273900
1990-04-06,19.458332061767578,19.583332061767578,19.416667938232422,19.416667938232422,15.756173133850098,62100
1990-04-09,19.458332061767578,19.458332061767578,19.083332061767578,19.083332061767578,15.485673904418945,41700
1990-04-10,19.0,19.208332061767578,18.875,19.041667938232422,15.451866149902344,190200
1990-04-11,19.0,19.166667938232422,19.0,19.166667938232422,15.553302764892578,138600
1990-04-12,19.083332061767578,19.416667938232422,19.083332061767578,19.375,15.722355842590332,205200
1990-04-16,19.375,19.5,19.125,19.125,15.519486427307129,110100
1990-04-17,19.0,19.208332061767578,18.958332061767578,19.166667938232422,15.553302764892578,385500
1990-04-18,19.166667938232422,19.25,19.0,19.083332061767578,15.485673904418945,491700
1990-04-19,19.083332061767578,19.083332061767578,19.0,19.083332061767578,15.485673904418945,363600
1990-04-20,19.125,19.208332061767578,19.125,19.125,15.519486427307129,298800
1990-04-23,19.125,19.208332061767578,19.125,19.166667938232422,15.553302764892578,99300
1990-04-24,19.25,19.5,19.25,19.375,15.722355842590332,630900
1990-04-25,19.416667938232422,19.791667938232422,19.416667938232422,19.583332061767578,15.891416549682617,453900
1990-04-26,19.583332061767578,19.791667938232422,19.583332061767578,19.791667938232422,16.06048011779785,207600
1990-04-27,19.791667938232422,20.041667938232422,19.708332061767578,19.708332061767578,15.992851257324219,193500
1990-04-30,19.625,19.791667938232422,19.291667938232422,19.791667938232422,16.06048011779785,145800
1990-05-01,19.791667938232422,19.791667938232422,19.333332061767578,19.541667938232422,15.85760498046875,180900
1990-05-02,19.458332061767578,19.583332061767578,19.125,19.333332061767578,15.688547134399414,438300
1990-05-03,19.25,19.25,18.75,18.875,15.316617012023926,1118100
1990-05-04,18.875,19.083332061767578,18.875,18.958332061767578,15.38424015045166,568800
1990-05-07,18.916667938232422,19.083332061767578,18.916667938232422,19.0,15.418057441711426,185400
1990-05-08,19.041667938232422,19.291667938232422,19.0,19.291667938232422,15.65473747253418,150000
1990-05-09,19.208332061767578,19.291667938232422,19.083332061767578,19.25,15.620926856994629,183600
1990-05-10,19.166667938232422,19.25,18.833332061767578,19.083332061767578,15.485673904418945,644400
1990-05-11,19.166667938232422,19.916667938232422,19.166667938232422,19.833332061767578,16.094284057617188,412800
1990-05-14,19.833332061767578,20.125,19.791667938232422,20.083332061767578,16.29715919494629,320100
1990-05-15,20.0,20.166667938232422,19.958332061767578,19.958332061767578,16.195720672607422,325500
1990-05-16,20.0,20.041667938232422,19.666667938232422,19.833332061767578,16.094284057617188,110100
1990-05-17,19.75,19.833332061767578,19.666667938232422,19.75,16.026660919189453,476100
1990-05-18,19.75,19.75,19.416667938232422,19.625,15.925222396850586,125100
1990-05-21,19.458332061767578,19.833332061767578,19.458332061767578,19.708332061767578,15.992851257324219,171000
1990-05-22,19.75,19.875,19.541667938232422,19.625,15.925222396850586,136200
1990-05-23,19.666667938232422,19.958332061767578,19.583332061767578,19.875,16.12809944152832,206100
1990-05-24,19.916667938232422,20.375,19.916667938232422,20.291667938232422,16.46621322631836,149100
1990-05-25,20.166667938232422,20.291667938232422,20.0,20.0,16.229534149169922,165000
1990-05-29,19.916667938232422,20.458332061767578,19.916667938232422,20.416667938232422,16.56764793395996,250200
1990-05-30,20.666667938232422,20.791667938232422,20.583332061767578,20.791667938232422,16.871952056884766,151800
1990-05-31,20.833332061767578,21.083332061767578,20.333332061767578,20.333332061767578,16.500024795532227,138300
1990-06-01,20.416667938232422,20.5,20.041667938232422,20.208332061767578,16.398588180541992,128700
1990-06-04,20.291667938232422,20.833332061767578,20.25,20.75,16.838138580322266,178500
1990-06-05,20.833332061767578,20.916667938232422,20.333332061767578,20.458332061767578,16.601451873779297,111900
1990-06-06,20.458332061767578,20.458332061767578,20.25,20.25,16.432401657104492,82500
1990-06-07,20.333332061767578,20.458332061767578,20.25,20.458332061767578,16.601451873779297,141900
1990-06-08,20.5,20.541667938232422,20.0,20.041667938232422,16.263347625732422,135300
1990-06-11,20.0,20.083332061767578,20.0,20.083332061767578,16.29715919494629,112500
1990-06-12,20.083332061767578,20.083332061767578,19.75,20.041667938232422,16.263347625732422,180600
1990-06-13,20.083332061767578,20.083332061767578,19.791667938232422,19.958332061767578,16.195720672607422,161400
1990-06-14,19.875,19.958332061767578,19.666667938232422,19.708332061767578,15.992851257324219,324000
1990-06-15,19.541667938232422,19.833332061767578,19.541667938232422,19.833332061767578,16.094284057617188,180600
1990-06-18,19.833332061767578,19.875,19.625,19.875,16.12809944152832,124500
1990-06-19,19.958332061767578,20.166667938232422,19.916667938232422,20.041667938232422,16.263347625732422,61200
1990-06-20,20.083332061767578,20.166667938232422,20.041667938232422,20.166667938232422,16.364782333374023,30900
1990-06-21,20.166667938232422,20.166667938232422,19.916667938232422,20.166667938232422,16.364782333374023,113100
1990-06-22,20.125,20.416667938232422,20.0,20.0,16.229534149169922,269100
1990-06-25,20.0,20.0,19.75,19.75,16.026660919189453,175800
1990-06-26,19.833332061767578,20.0,19.708332061767578,19.875,16.12809944152832,60900
1990-06-27,19.791667938232422,19.916667938232422,19.708332061767578,19.875,16.12809944152832,72900
1990-06-28,19.833332061767578,20.166667938232422,19.75,20.083332061767578,16.29715919494629,258300
1990-06-29,20.0,20.25,19.958332061767578,20.25,16.432401657104492,65400
1990-07-02,20.125,20.458332061767578,20.125,20.333332061767578,16.500024795532227,128100
1990-07-03,20.291667938232422,20.416667938232422,20.291667938232422,20.291667938232422,16.46621322631836,45300
1990-07-05,20.166667938232422,20.166667938232422,20.041667938232422,20.083332061767578,16.29715919494629,55800
1990-07-06,20.0,20.291667938232422,20.0,20.291667938232422,16.46621322631836,56700
1990-07-09,20.291667938232422,21.666667938232422,20.208332061767578,21.041667938232422,17.074819564819336,1246800
1990-07-10,21.125,21.125,20.166667938232422,20.166667938232422,16.364782333374023,320100
1990-07-11,20.25,20.916667938232422,20.25,20.916667938232422,16.9733829498291,336900
1990-07-12,20.916667938232422,21.458332061767578,20.75,21.416667938232422,17.379125595092773,216000
1990-07-13,21.583332061767578,21.75,21.416667938232422,21.5,17.446744918823242,241500
1990-07-16,21.583332061767578,22.25,21.583332061767578,22.166667938232422,17.987733840942383,211500
1990-07-17,22.25,22.333332061767578,21.833332061767578,21.916667938232422,17.784862518310547,204900
1990-07-18,21.833332061767578,21.875,21.416667938232422,21.666667938232422,17.581993103027344,107700
1990-07-19,21.583332061767578,21.583332061767578,21.0,21.166667938232422,17.176258087158203,107700
1990-07-20,21.083332061767578,21.083332061767578,20.833332061767578,21.0,17.041011810302734,113100
1990-07-23,20.958332061767578,20.958332061767578,20.0,20.166667938232422,16.364782333374023,166800
1990-07-24,20.25,20.291667938232422,20.083332061767578,20.291667938232422,16.46621322631836,226800
1990-07-25,20.291667938232422,20.458332061767578,20.125,20.25,16.432401657104492,151200
1990-07-26,20.166667938232422,20.458332061767578,19.916667938232422,20.416667938232422,16.56764793395996,195300
1990-07-27,20.333332061767578,20.333332061767578,20.041667938232422,20.125,16.33096694946289,114000
1990-07-30,19.958332061767578,19.958332061767578,19.666667938232422,19.916667938232422,16.16190528869629,149400
1990-07-31,20.0,20.208332061767578,19.958332061767578,20.083332061767578,16.29715919494629,104700
1990-08-01,20.041667938232422,20.166667938232422,19.666667938232422,19.833332061767578,16.094284057617188,176400
1990-08-02,19.75,19.75,19.25,19.333332061767578,15.688547134399414,394500
1990-08-03,19.291667938232422,19.291667938232422,18.5,18.75,15.215188026428223,306000
1990-08-06,18.416667938232422,18.416667938232422,17.875,18.25,14.809447288513184,249900
1990-08-07,18.333332061767578,18.458332061767578,18.041667938232422,18.25,14.809447288513184,182100
1990-08-08,18.208332061767578,18.625,18.208332061767578,18.541667938232422,15.046125411987305,56400
1990-08-09,18.541667938232422,18.916667938232422,18.5,18.875,15.316617012023926,180600
1990-08-10,18.791667938232422,18.916667938232422,18.791667938232422,18.875,15.316617012023926,119700
1990-08-13,18.791667938232422,18.791667938232422,18.666667938232422,18.75,15.215188026428223,44700
1990-08-14,18.75,19.0,18.708332061767578,18.916667938232422,15.350432395935059,107700
1990-08-15,18.833332061767578,19.125,18.833332061767578,19.083332061767578,15.485673904418945,82200
1990-08-16,19.208332061767578,19.5,18.916667938232422,19.083332061767578,15.485673904418945,382200
1990-08-17,18.916667938232422,19.0,18.833332061767578,19.0,15.418057441711426,440400
1990-08-20,18.958332061767578,19.291667938232422,18.958332061767578,19.25,15.620926856994629,61200
1990-08-21,19.166667938232422,19.166667938232422,18.708332061767578,18.916667938232422,15.350432395935059,205200
1990-08-22,19.0,19.083332061767578,18.708332061767578,18.791667938232422,15.249000549316406,258000
1990-08-23,18.5,18.708332061767578,18.333332061767578,18.458332061767578,14.978507995605469,147600
1990-08-24,18.5,19.0,18.5,19.0,15.418057441711426,158100
1990-08-27,19.416667938232422,19.583332061767578,19.333332061767578,19.416667938232422,15.756173133850098,144300
1990-08-28,19.5,19.541667938232422,19.333332061767578,19.333332061767578,15.688547134399414,62100
1990-08-29,19.291667938232422,19.583332061767578,19.208332061767578,19.333332061767578,15.688547134399414,126600
1990-08-30,19.333332061767578,19.375,19.0,19.041667938232422,15.451866149902344,77100
1990-08-31,19.041667938232422,19.25,19.0,19.25,15.620926856994629,62700
1990-09-04,19.0,19.125,18.916667938232422,19.083332061767578,15.485673904418945,149100
1990-09-05,19.0,19.125,18.916667938232422,19.125,15.519486427307129,179100
1990-09-06,19.041667938232422,19.166667938232422,18.833332061767578,18.958332061767578,15.38424015045166,123000
1990-09-07,18.916667938232422,19.375,18.916667938232422,19.333332061767578,15.688547134399414,173400
1990-09-10,19.458332061767578,19.666667938232422,19.416667938232422,19.541667938232422,15.85760498046875,76800
1990-09-11,19.5,19.666667938232422,19.5,19.583332061767578,15.891416549682617,123000
1990-09-12,19.75,19.75,19.541667938232422,19.625,15.925222396850586,69000
1990-09-13,19.625,19.625,19.5,19.541667938232422,15.85760498046875,36300
1990-09-14,19.416667938232422,19.416667938232422,19.0,19.333332061767578,15.688547134399414,75300
1990-09-17,19.333332061767578,19.416667938232422,19.333332061767578,19.416667938232422,15.756173133850098,106800
1990-09-18,19.333332061767578,19.583332061767578,19.333332061767578,19.541667938232422,15.85760498046875,81600
1990-09-19,19.583332061767578,19.583332061767578,19.333332061767578,19.333332061767578,15.688547134399414,29700
1990-09-20,19.375,19.416667938232422,18.916667938232422,19.0,15.418057441711426,93300
1990-09-21,19.0,19.041667938232422,18.833332061767578,18.958332061767578,15.38424015045166,268500
1990-09-24,18.875,18.875,18.5,18.5,15.01231575012207,188400
1990-09-25,18.5,18.666667938232422,18.291667938232422,18.666667938232422,15.147564888000488,227700
1990-09-26,18.833332061767578,18.875,18.666667938232422,18.75,15.215188026428223,80100
1990-09-27,18.708332061767578,19.0,18.5,18.625,15.113751411437988,129000
1990-09-28,18.458332061767578,18.75,18.333332061767578,18.75,15.215188026428223,158100
1990-10-01,18.75,19.25,18.75,19.041667938232422,15.451866149902344,62100
1990-10-02,19.333332061767578,19.625,19.25,19.416667938232422,15.756173133850098,183300
1990-10-03,19.458332061767578,19.5,19.333332061767578,19.333332061767578,15.688547134399414,112800
1990-10-04,19.291667938232422,19.666667938232422,19.291667938232422,19.583332061767578,15.891416549682617,36600
1990-10-05,19.5,19.958332061767578,19.25,19.958332061767578,16.195720672607422,48000
1990-10-08,19.791667938232422,20.083332061767578,19.791667938232422,20.083332061767578,16.29715919494629,72300
1990-10-09,20.0,20.0,19.75,19.791667938232422,16.06048011779785,91200
1990-10-10,19.708332061767578,19.833332061767578,19.458332061767578,19.541667938232422,15.85760498046875,93600
1990-10-11,19.458332061767578,19.458332061767578,18.916667938232422,19.208332061767578,15.587114334106445,207300
1990-10-12,19.25,19.5,19.0,19.375,15.722355842590332,264300
1990-10-15,19.208332061767578,19.291667938232422,18.916667938232422,18.958332061767578,15.38424015045166,306300
1990-10-16,19.0,19.0,18.458332061767578,18.458332061767578,14.978507995605469,375300
1990-10-17,18.458332061767578,18.458332061767578,17.625,17.875,14.505144119262695,364200
1990-10-18,17.708332061767578,17.958332061767578,17.666667938232422,17.958332061767578,14.57276439666748,446100
1990-10-19,18.25,18.416667938232422,18.125,18.375,14.910879135131836,327900
1990-10-22,18.375,18.375,18.166667938232422,18.208332061767578,14.775634765625,232800
1990-10-23,18.125,18.166667938232422,17.75,17.791667938232422,14.437520027160645,115200
1990-10-24,17.5,17.583332061767578,17.208332061767578,17.208332061767578,13.964162826538086,377100
1990-10-25,17.291667938232422,17.375,17.166667938232422,17.25,13.997970581054688,696600
1990-10-26,17.166667938232422,17.166667938232422,17.0,17.041667938232422,13.828910827636719,141600
1990-10-29,16.958332061767578,17.125,16.958332061767578,17.041667938232422,13.828910827636719,82200
1990-10-30,16.958332061767578,17.041667938232422,16.583332061767578,16.75,13.592232704162598,222600
1990-10-31,16.791667938232422,17.291667938232422,16.708332061767578,17.291667938232422,14.031784057617188,978900
1990-11-01,17.25,17.416667938232422,16.916667938232422,17.333332061767578,14.065594673156738,192600
1990-11-02,17.375,17.625,17.375,17.541667938232422,14.234647750854492,63900
1990-11-05,17.625,17.625,17.416667938232422,17.625,14.302271842956543,33900
1990-11-06,17.541667938232422,17.666667938232422,17.291667938232422,17.291667938232422,14.031784057617188,88800
1990-11-07,17.208332061767578,17.25,17.0,17.208332061767578,13.964162826538086,54000
1990-11-08,17.25,17.458332061767578,17.25,17.416667938232422,14.133214950561523,53400
1990-11-09,17.5,17.958332061767578,17.5,17.958332061767578,14.57276439666748,420300
1990-11-12,17.958332061767578,18.291667938232422,17.958332061767578,18.25,14.809447288513184,160800
1990-11-13,18.166667938232422,18.25,18.041667938232422,18.083332061767578,14.674199104309082,87600
1990-11-14,18.0,18.583332061767578,17.916667938232422,18.333332061767578,14.877069473266602,70500
1990-11-15,18.25,18.25,17.666667938232422,17.708332061767578,14.369894981384277,111000
1990-11-16,17.666667938232422,17.916667938232422,17.625,17.666667938232422,14.33608627319336,95400
1990-11-19,17.75,18.0,17.625,18.0,14.606579780578613,95700
1990-11-20,17.916667938232422,18.25,17.916667938232422,17.958332061767578,14.57276439666748,142500
1990-11-21,17.833332061767578,17.916667938232422,17.666667938232422,17.75,14.403711318969727,64200
1990-11-23,17.666667938232422,17.791667938232422,17.666667938232422,17.75,14.403711318969727,18600
1990-11-26,17.708332061767578,18.0,17.625,18.0,14.606579780578613,276300
1990-11-27,18.083332061767578,18.125,17.875,18.0,14.606579780578613,71700
1990-11-28,17.916667938232422,18.083332061767578,17.875,18.041667938232422,14.640390396118164,74100
1990-11-29,18.0,18.041667938232422,17.666667938232422,17.666667938232422,14.33608627319336,66300
1990-11-30,17.666667938232422,17.916667938232422,17.666667938232422,17.708332061767578,14.369894981384277,96300
1990-12-03,18.0,18.333332061767578,17.958332061767578,18.25,14.809447288513184,212700
1990-12-04,18.375,18.541667938232422,18.291667938232422,18.5,15.01231575012207,111900
1990-12-05,18.416667938232422,18.541667938232422,18.375,18.5,15.01231575012207,32700
1990-12-06,18.541667938232422,18.708332061767578,18.541667938232422,18.583332061767578,15.079941749572754,185100
1990-12-07,18.625,18.833332061767578,18.333332061767578,18.333332061767578,14.877069473266602,191100
1990-12-10,18.25,18.625,18.208332061767578,18.541667938232422,15.046125411987305,89700
1990-12-11,18.5,18.5,18.291667938232422,18.416667938232422,14.944692611694336,95700
1990-12-12,18.458332061767578,18.458332061767578,18.333332061767578,18.458332061767578,14.978507995605469,66000
1990-12-13,18.333332061767578,18.666667938232422,18.333332061767578,18.583332061767578,15.079941749572754,227700
1990-12-14,18.625,18.625,18.583332061767578,18.583332061767578,15.079941749572754,35700
1990-12-17,18.583332061767578,18.833332061767578,18.541667938232422,18.75,15.215188026428223,29700
1990-12-18,18.958332061767578,19.416667938232422,18.958332061767578,19.25,15.620926856994629,340500
1990-12-19,19.166667938232422,19.166667938232422,18.875,19.083332061767578,15.485673904418945,102300
1990-12-20,19.0,19.166667938232422,19.0,19.083332061767578,15.485673904418945,163500
1990-12-21,19.166667938232422,19.166667938232422,18.958332061767578,19.166667938232422,15.553302764892578,122400
1990-12-24,19.166667938232422,19.166667938232422,19.0,19.0,15.418057441711426,11100
1990-12-26,19.0,19.166667938232422,19.0,19.166667938232422,15.553302764892578,15300
1990-12-27,19.166667938232422,19.166667938232422,19.0,19.0,15.418057441711426,104400
1990-12-28,19.0,19.0,18.875,18.875,15.316617012023926,15600
1990-12-31,18.916667938232422,18.958332061767578,18.833332061767578,18.916667938232422,15.350432395935059,30900
1991-01-02,18.833332061767578,18.833332061767578,18.5,18.5,15.01231575012207,86400
1991-01-03,18.5,18.583332061767578,18.166667938232422,18.333332061767578,14.877069473266602,141000
1991-01-04,18.416667938232422,18.75,18.25,18.583332061767578,15.079941749572754,132900
1991-01-07,18.583332061767578,18.833332061767578,18.5,18.625,15.113751411437988,202800
1991-01-08,18.708332061767578,18.791667938232422,18.666667938232422,18.791667938232422,15.249000549316406,147900
1991-01-09,18.791667938232422,18.875,18.375,18.458332061767578,14.978507995605469,204300
1991-01-10,18.458332061767578,18.625,18.333332061767578,18.5,15.01231575012207,73200
1991-01-11,18.5,18.625,18.5,18.625,15.113751411437988,36600
1991-01-14,18.541667938232422,18.541667938232422,18.375,18.458332061767578,14.978507995605469,55500
1991-01-15,18.5,18.708332061767578,18.458332061767578,18.708332061767578,15.181375503540039,28200
1991-01-16,18.708332061767578,18.833332061767578,18.625,18.791667938232422,15.249000549316406,60900
1991-01-17,19.416667938232422,20.041667938232422,19.375,20.0,16.229534149169922,436500
1991-01-18,19.833332061767578,20.75,19.75,20.75,16.838138580322266,178800
1991-01-21,20.75,20.75,20.5,20.708332061767578,16.804325103759766,175200
1991-01-22,20.708332061767578,20.708332061767578,20.166667938232422,20.166667938232422,16.364782333374023,70800
1991-01-23,20.083332061767578,20.125,19.833332061767578,19.875,16.12809944152832,111300
1991-01-24,19.875,20.5,19.833332061767578,20.166667938232422,16.364782333374023,174600
1991-01-25,20.25,20.833332061767578,20.25,20.833332061767578,16.905759811401367,128100
1991-01-28,20.791667938232422,21.125,20.791667938232422,20.875,16.9395751953125,106500
1991-01-29,21.0,21.083332061767578,20.583332061767578,20.583332061767578,16.702890396118164,160800
1991-01-30,20.5,20.916667938232422,20.5,20.916667938232422,16.9733829498291,183900
1991-01-31,21.0,21.25,20.916667938232422,21.25,17.243881225585938,110400
1991-02-01,21.041667938232422,21.5,20.916667938232422,21.375,17.345314025878906,222000
1991-02-04,21.583332061767578,21.583332061767578,21.291667938232422,21.583332061767578,17.514366149902344,131400
1991-02-05,21.5,21.958332061767578,21.375,21.583332061767578,17.514366149902344,150000
1991-02-06,21.583332061767578,22.0,21.458332061767578,21.916667938232422,17.784862518310547,186000
1991-02-07,21.833332061767578,22.333332061767578,21.166667938232422,21.541667938232422,17.480554580688477,129600
1991-02-08,21.625,21.791667938232422,21.458332061767578,21.625,17.548179626464844,68100
1991-02-11,21.625,22.125,21.416667938232422,22.125,17.953920364379883,138000
1991-02-12,22.166667938232422,23.083332061767578,22.0,22.0,17.85248565673828,227100
1991-02-13,21.958332061767578,21.958332061767578,21.5,21.666667938232422,17.581993103027344,142200
1991-02-14,21.708332061767578,21.916667938232422,21.083332061767578,21.208332061767578,17.210065841674805,60600
1991-02-15,21.333332061767578,21.875,21.25,21.791667938232422,17.683427810668945,107700
1991-02-19,21.708332061767578,22.416667938232422,21.333332061767578,21.416667938232422,17.379125595092773,144600
1991-02-20,21.333332061767578,21.416667938232422,21.0,21.416667938232422,17.379125595092773,147600
1991-02-21,21.333332061767578,21.833332061767578,21.333332061767578,21.833332061767578,17.717235565185547,78000
1991-02-22,21.75,21.958332061767578,21.583332061767578,21.666667938232422,17.581993103027344,106500
1991-02-25,21.75,21.75,21.375,21.5,17.446744918823242,63900
1991-02-26,21.375,21.416667938232422,20.833332061767578,20.833332061767578,16.905759811401367,139200
1991-02-27,20.916667938232422,21.25,20.916667938232422,21.125,17.14244270324707,122700
1991-02-28,21.333332061767578,21.333332061767578,21.166667938232422,21.291667938232422,17.277687072753906,70800
1991-03-01,21.375,21.458332061767578,21.083332061767578,21.25,17.243881225585938,126600
1991-03-04,21.291667938232422,21.458332061767578,21.208332061767578,21.458332061767578,17.41293716430664,223500
1991-03-05,21.375,21.583332061767578,21.333332061767578,21.5,17.446744918823242,111600
1991-03-06,21.583332061767578,21.666667938232422,21.333332061767578,21.375,17.345314025878906,173700
1991-03-07,21.458332061767578,21.5,21.25,21.25,17.243881225585938,47100
1991-03-08,21.375,21.458332061767578,21.041667938232422,21.291667938232422,17.277687072753906,208500
1991-03-11,21.291667938232422,21.541667938232422,21.166667938232422,21.458332061767578,17.41293716430664,111000
1991-03-12,21.458332061767578,21.583332061767578,21.333332061767578,21.541667938232422,17.480554580688477,96000
1991-03-13,21.5,21.541667938232422,21.416667938232422,21.458332061767578,17.41293716430664,102900
1991-03-14,21.458332061767578,21.541667938232422,21.166667938232422,21.291667938232422,17.277687072753906,512400
1991-03-15,21.291667938232422,21.291667938232422,20.958332061767578,21.166667938232422,17.176258087158203,131400
1991-03-18,21.166667938232422,21.208332061767578,21.041667938232422,21.083332061767578,17.10862922668457,151500
1991-03-19,21.0,21.041667938232422,20.875,20.875,16.9395751953125,38100
1991-03-20,20.666667938232422,20.75,20.5,20.666667938232422,16.770519256591797,198000
1991-03-21,20.75,20.833332061767578,20.25,20.25,16.432401657104492,80100
1991-03-22,20.333332061767578,20.625,20.291667938232422,20.541667938232422,16.66908073425293,102600
1991-03-25,20.5,21.083332061767578,20.5,21.083332061767578,17.10862922668457,139800
1991-03-26,21.041667938232422,21.375,21.041667938232422,21.291667938232422,17.277687072753906,160200
1991-03-27,21.375,22.125,21.375,21.958332061767578,17.818675994873047,191100
1991-03-28,22.333332061767578,22.458332061767578,22.333332061767578,22.375,18.15678596496582,197100
1991-04-01,22.333332061767578,22.375,21.75,21.916667938232422,17.784862518310547,361200
1991-04-02,22.0,22.5,22.0,22.5,18.25822639465332,644100
1991-04-03,22.833332061767578,23.458332061767578,22.833332061767578,23.125,18.765398025512695,421500
1991-04-04,23.125,23.833332061767578,23.041667938232422,23.75,19.272567749023438,235500
1991-04-05,23.833332061767578,23.833332061767578,23.333332061767578,23.416667938232422,19.002079010009766,116400
1991-04-08,23.5,23.958332061767578,23.333332061767578,23.958332061767578,19.441627502441406,78000
1991-04-09,23.958332061767578,23.958332061767578,23.375,23.625,19.171140670776367,160800
1991-04-10,23.708332061767578,23.916667938232422,23.666667938232422,23.791667938232422,19.306381225585938,57900
1991-04-11,23.791667938232422,24.5,23.708332061767578,24.333332061767578,19.745925903320312,256500
1991-04-12,24.416667938232422,24.583332061767578,24.0,24.583332061767578,19.948795318603516,123600
1991-04-15,24.541667938232422,24.583332061767578,24.166667938232422,24.416667938232422,19.81355857849121,63000
1991-04-16,24.333332061767578,25.75,24.208332061767578,25.666667938232422,20.82790184020996,110100
1991-04-17,25.5,25.833332061767578,25.0,25.833332061767578,20.963144302368164,215100
1991-04-18,25.666667938232422,25.666667938232422,25.166667938232422,25.375,20.59122085571289,270300
1991-04-19,25.291667938232422,25.291667938232422,24.666667938232422,24.666667938232422,20.016420364379883,258300
1991-04-22,24.666667938232422,24.791667938232422,24.541667938232422,24.583332061767578,19.948795318603516,138900
1991-04-23,24.666667938232422,24.666667938232422,24.25,24.416667938232422,19.81355857849121,128100
1991-04-24,24.333332061767578,24.708332061767578,24.25,24.5,19.881175994873047,130800
1991-04-25,24.583332061767578,24.916667938232422,24.416667938232422,24.625,19.982606887817383,79500
1991-04-26,24.458332061767578,24.625,24.333332061767578,24.333332061767578,19.745925903320312,70500
1991-04-29,24.416667938232422,24.666667938232422,23.666667938232422,23.666667938232422,19.20494842529297,115800
1991-04-30,23.5,24.5,23.5,24.166667938232422,19.610685348510742,195300
1991-05-01,24.25,24.708332061767578,24.166667938232422,24.708332061767578,20.05023193359375,133500
1991-05-02,25.166667938232422,25.291667938232422,24.916667938232422,25.291667938232422,20.523597717285156,92100
1991-05-03,25.291667938232422,25.666667938232422,25.0,25.583332061767578,20.76027488708496,100200
1991-05-06,25.416667938232422,25.458332061767578,25.333332061767578,25.458332061767578,20.658838272094727,29700
1991-05-07,25.166667938232422,25.333332061767578,24.583332061767578,24.583332061767578,19.948795318603516,44100
1991-05-08,24.416667938232422,24.75,24.25,24.333332061767578,19.745925903320312,133500
1991-05-09,24.333332061767578,24.958332061767578,24.333332061767578,24.458332061767578,19.847366333007812,93300
1991-05-10,24.541667938232422,24.583332061767578,23.916667938232422,23.916667938232422,19.407819747924805,145200
1991-05-13,24.041667938232422,24.416667938232422,24.0,24.375,19.779741287231445,102600
1991-05-14,24.333332061767578,24.458332061767578,24.0,24.083332061767578,19.54306411743164,132000
1991-05-15,24.083332061767578,24.166667938232422,23.666667938232422,23.958332061767578,19.441627502441406,99000
1991-05-16,23.916667938232422,24.25,23.875,24.166667938232422,19.610685348510742,151200
1991-05-17,24.083332061767578,24.5,24.0,24.416667938232422,19.81355857849121,121200
1991-05-20,24.5,24.5,24.0,24.083332061767578,19.54306411743164,59700
1991-05-21,24.125,24.583332061767578,24.0,24.458332061767578,19.847366333007812,195000
1991-05-22,24.541667938232422,24.541667938232422,24.125,24.125,19.576873779296875,80700
1991-05-23,24.208332061767578,24.291667938232422,23.916667938232422,24.041667938232422,19.509244918823242,83700
1991-05-24,24.166667938232422,24.208332061767578,23.916667938232422,24.125,19.576873779296875,139800
1991-05-28,24.291667938232422,24.333332061767578,24.041667938232422,24.333332061767578,19.745925903320312,124200
1991-05-29,24.416667938232422,24.458332061767578,24.25,24.333332061767578,19.745925903320312,128700
1991-05-30,24.416667938232422,24.458332061767578,24.208332061767578,24.375,19.779741287231445,243000
1991-05-31,24.458332061767578,24.458332061767578,24.208332061767578,24.291667938232422,19.712114334106445,189300
1991-06-03,24.291667938232422,25.0,24.291667938232422,24.75,20.08405113220215,146700
1991-06-04,24.75,25.083332061767578,24.458332061767578,25.083332061767578,20.354536056518555,138300
1991-06-05,25.0,25.25,24.791667938232422,25.166667938232422,20.422163009643555,119700
1991-06-06,25.25,25.541667938232422,25.208332061767578,25.333332061767578,20.557411193847656,325500
1991-06-07,25.25,25.416667938232422,25.25,25.291667938232422,20.523597717285156,74400
1991-06-10,25.375,25.416667938232422,25.291667938232422,25.291667938232422,20.523597717285156,98700
1991-06-11,25.375,25.75,25.25,25.75,20.895519256591797,142800
1991-06-12,25.666667938232422,25.666667938232422,25.25,25.416667938232422,20.625032424926758,93300
1991-06-13,25.375,25.541667938232422,25.375,25.541667938232422,20.726463317871094,56400
1991-06-14,25.541667938232422,25.625,25.458332061767578,25.625,20.794082641601562,113400
1991-06-17,25.583332061767578,25.625,25.416667938232422,25.416667938232422,20.625032424926758,21000
1991-06-18,25.541667938232422,25.833332061767578,25.541667938232422,25.708332061767578,20.861713409423828,69600
1991-06-19,25.666667938232422,25.75,25.333332061767578,25.333332061767578,20.557411193847656,113400
1991-06-20,25.333332061767578,25.541667938232422,25.333332061767578,25.416667938232422,20.625032424926758,99000
1991-06-21,25.458332061767578,25.625,25.25,25.625,20.794082641601562,207300
1991-06-24,25.666667938232422,25.666667938232422,25.291667938232422,25.291667938232422,20.523597717285156,113700
1991-06-25,25.375,25.458332061767578,25.208332061767578,25.416667938232422,20.625032424926758,64200
1991-06-26,25.458332061767578,25.583332061767578,25.333332061767578,25.583332061767578,20.76027488708496,97500
1991-06-27,25.75,26.0,25.75,25.916667938232422,21.0307674407959,177900
1991-06-28,25.833332061767578,25.875,25.541667938232422,25.75,20.895519256591797,179700
1991-07-01,25.791667938232422,25.791667938232422,25.625,25.625,20.794082641601562,94200
1991-07-02,25.541667938232422,25.625,25.333332061767578,25.625,20.794082641601562,62100
1991-07-03,25.5,25.583332061767578,25.416667938232422,25.416667938232422,20.625032424926758,45600
1991-07-05,25.375,25.625,25.375,25.625,20.794082641601562,21600
1991-07-08,25.541667938232422,25.791667938232422,25.416667938232422,25.75,20.895519256591797,34200
1991-07-09,25.75,25.833332061767578,25.291667938232422,25.416667938232422,20.625032424926758,145500
1991-07-10,25.583332061767578,25.791667938232422,25.333332061767578,25.583332061767578,20.76027488708496,197700
1991-07-11,25.666667938232422,25.791667938232422,25.583332061767578,25.75,20.895519256591797,56100
1991-07-12,26.0,26.333332061767578,25.916667938232422,25.916667938232422,21.0307674407959,157800
1991-07-15,26.0,26.0,25.875,25.875,20.996957778930664,148800
1991-07-16,25.958332061767578,26.0,25.5,25.583332061767578,20.76027488708496,70800
1991-07-17,25.541667938232422,26.791667938232422,25.5,26.791667938232422,21.740814208984375,411600
1991-07-18,27.125,28.0,26.875,28.0,22.721343994140625,285600
1991-07-19,28.0,28.333332061767578,27.666667938232422,27.916667938232422,22.653722763061523,235500
1991-07-22,27.833332061767578,27.916667938232422,27.625,27.75,22.518476486206055,168000
1991-07-23,28.0,28.166667938232422,27.75,27.75,22.518476486206055,243600
1991-07-24,27.75,27.875,27.458332061767578,27.625,22.41704559326172,194700
1991-07-25,27.666667938232422,27.958332061767578,27.666667938232422,27.916667938232422,22.653722763061523,256500
1991-07-26,28.0,28.208332061767578,28.0,28.166667938232422,22.856595993041992,189300
1991-07-29,28.25,28.583332061767578,28.25,28.541667938232422,23.1608943939209,183900
1991-07-30,28.5,28.833332061767578,28.458332061767578,28.541667938232422,23.1608943939209,144600
1991-07-31,28.625,28.708332061767578,28.541667938232422,28.625,23.228517532348633,271500
1991-08-01,28.625,28.625,28.25,28.291667938232422,22.958019256591797,149400
1991-08-02,28.291667938232422,28.375,28.083332061767578,28.125,22.822772979736328,77700
1991-08-05,28.125,28.208332061767578,27.791667938232422,28.208332061767578,22.89040756225586,72000
1991-08-06,28.25,28.583332061767578,28.25,28.5,23.127084732055664,118500
1991-08-07,28.5,28.916667938232422,28.5,28.791667938232422,23.3637638092041,82800
1991-08-08,28.708332061767578,28.833332061767578,28.666667938232422,28.791667938232422,23.3637638092041,230700
1991-08-09,28.708332061767578,28.791667938232422,28.625,28.666667938232422,23.2623291015625,49500
1991-08-12,28.541667938232422,28.791667938232422,28.333332061767578,28.333332061767578,22.991832733154297,131700
1991-08-13,28.416667938232422,28.75,28.375,28.5,23.127084732055664,197700
1991-08-14,28.666667938232422,28.666667938232422,28.25,28.291667938232422,22.958019256591797,178200
1991-08-15,28.375,28.375,28.291667938232422,28.291667938232422,22.958019256591797,96600
1991-08-16,28.333332061767578,28.375,27.666667938232422,27.791667938232422,22.552282333374023,246300
1991-08-19,27.416667938232422,27.5,27.333332061767578,27.416667938232422,22.24798583984375,74700
1991-08-20,27.625,27.791667938232422,27.5,27.708332061767578,22.484664916992188,164700
1991-08-21,27.958332061767578,28.291667938232422,27.75,28.25,22.92421531677246,129900
1991-08-22,28.291667938232422,29.041667938232422,28.25,29.0,23.53282356262207,249300
1991-08-23,29.0,29.458332061767578,28.791667938232422,29.0,23.53282356262207,103800
1991-08-26,29.0,29.416667938232422,28.916667938232422,28.916667938232422,23.465200424194336,99600
1991-08-27,29.0,29.0,28.416667938232422,28.583332061767578,23.1947021484375,185100
1991-08-28,28.666667938232422,29.0,28.666667938232422,29.0,23.53282356262207,146400
1991-08-29,28.958332061767578,29.166667938232422,28.916667938232422,29.0,23.53282356262207,139500
1991-08-30,29.0,29.083332061767578,28.833332061767578,29.083332061767578,23.60044288635254,92100
1991-09-03,29.0,29.333332061767578,29.0,29.041667938232422,23.566633224487305,153900
1991-09-04,29.125,29.125,28.333332061767578,28.416667938232422,23.059459686279297,129300
1991-09-05,28.5,28.666667938232422,28.25,28.458332061767578,23.093273162841797,192300
1991-09-06,28.541667938232422,28.708332061767578,28.375,28.625,23.228517532348633,100200
1991-09-09,28.625,29.041667938232422,28.625,29.041667938232422,23.566633224487305,39600
1991-09-10,28.958332061767578,29.083332061767578,28.416667938232422,28.458332061767578,23.093273162841797,175500
1991-09-11,28.416667938232422,29.083332061767578,28.416667938232422,28.916667938232422,23.465200424194336,104100
1991-09-12,28.916667938232422,29.0,28.708332061767578,28.791667938232422,23.3637638092041,86700
1991-09-13,28.75,28.833332061767578,28.5,28.5,23.127084732055664,100800
1991-09-16,28.5,28.666667938232422,28.416667938232422,28.625,23.228517532348633,105000
1991-09-17,28.666667938232422,28.958332061767578,28.666667938232422,28.75,23.3299503326416,67800
1991-09-18,28.708332061767578,28.958332061767578,28.708332061767578,28.875,23.431385040283203,33300
1991-09-19,28.875,29.291667938232422,28.875,29.291667938232422,23.769502639770508,155100
1991-09-20,29.833332061767578,30.666667938232422,29.583332061767578,30.666667938232422,24.885282516479492,423600
1991-09-23,30.666667938232422,30.833332061767578,30.5,30.5,24.750038146972656,206700
1991-09-24,30.583332061767578,30.625,30.458332061767578,30.458332061767578,24.716228485107422,118500
1991-09-25,30.375,30.5,30.166667938232422,30.25,24.547164916992188,131700
1991-09-26,30.041667938232422,30.041667938232422,29.583332061767578,29.666667938232422,24.07380485534668,298800
1991-09-27,29.666667938232422,29.75,29.5,29.583332061767578,24.006179809570312,185700
1991-09-30,29.583332061767578,30.0,29.541667938232422,30.0,24.34429359436035,159300
1991-10-01,30.0,30.916667938232422,29.875,30.708332061767578,24.919092178344727,130800
1991-10-02,30.666667938232422,30.75,30.416667938232422,30.583332061767578,24.81766128540039,218400
1991-10-03,30.5,30.5,30.333332061767578,30.375,24.64859962463379,145200
1991-10-04,30.375,30.416667938232422,30.083332061767578,30.083332061767578,24.41191864013672,114000
1991-10-07,30.125,30.125,29.583332061767578,29.666667938232422,24.07380485534668,343500
1991-10-08,29.75,29.916667938232422,29.541667938232422,29.875,24.242862701416016,117600
1991-10-09,29.666667938232422,29.958332061767578,29.458332061767578,29.583332061767578,24.006179809570312,216000
1991-10-10,29.583332061767578,30.291667938232422,29.5,30.291667938232422,24.580984115600586,168900
1991-10-11,30.416667938232422,30.583332061767578,30.291667938232422,30.583332061767578,24.81766128540039,216300
1991-10-14,30.5,30.583332061767578,30.25,30.291667938232422,24.580984115600586,101700
1991-10-15,30.333332061767578,30.625,30.083332061767578,30.5,24.750038146972656,311100
1991-10-16,30.416667938232422,30.416667938232422,30.0,30.166667938232422,24.479549407958984,218400
1991-10-17,30.083332061767578,30.083332061767578,29.791667938232422,29.958332061767578,24.310483932495117,177300
1991-10-18,29.916667938232422,30.333332061767578,29.875,29.916667938232422,24.276668548583984,1086600
1991-10-21,29.916667938232422,30.125,29.791667938232422,30.125,24.445728302001953,166200
1991-10-22,30.0,30.375,30.0,30.208332061767578,24.513357162475586,273000
1991-10-23,30.25,30.75,30.25,30.666667938232422,24.885282516479492,337200
1991-10-24,30.708332061767578,30.75,30.416667938232422,30.416667938232422,24.682416915893555,126900
1991-10-25,30.375,30.375,29.791667938232422,29.791667938232422,24.175241470336914,392400
1991-10-28,29.791667938232422,29.791667938232422,29.5,29.5,23.93855857849121,168300
1991-10-29,29.5,29.5,29.041667938232422,29.125,23.634254455566406,305700
1991-10-30,29.166667938232422,29.416667938232422,29.166667938232422,29.333332061767578,23.803312301635742,180300
1991-10-31,29.291667938232422,29.416667938232422,29.25,29.375,23.83712387084961,121800
1991-11-01,29.375,30.0,29.041667938232422,29.75,24.141427993774414,182400
1991-11-04,29.791667938232422,30.625,29.666667938232422,30.625,24.851469039916992,296700
1991-11-05,30.583332061767578,30.583332061767578,30.208332061767578,30.375,24.64859962463379,147900
1991-11-06,30.291667938232422,30.625,30.041667938232422,30.583332061767578,24.81766128540039,194400
1991-11-07,30.5,30.625,30.208332061767578,30.583332061767578,24.81766128540039,106200
1991-11-08,30.625,30.708332061767578,30.208332061767578,30.333332061767578,24.61479377746582,138900
1991-11-11,30.375,30.375,29.583332061767578,29.583332061767578,24.006179809570312,116100
1991-11-12,29.666667938232422,29.958332061767578,29.583332061767578,29.666667938232422,24.07380485534668,105300
1991-11-13,29.666667938232422,29.875,29.583332061767578,29.75,24.141427993774414,38700
1991-11-14,29.916667938232422,30.291667938232422,29.75,30.291667938232422,24.580984115600586,121800
1991-11-15,30.25,30.25,29.75,29.75,24.141427993774414,93000
1991-11-18,29.75,29.791667938232422,29.041667938232422,29.625,24.039997100830078,138300
1991-11-19,29.625,29.625,28.541667938232422,28.958332061767578,23.499008178710938,180000
1991-11-20,29.041667938232422,29.333332061767578,28.5,28.75,23.3299503326416,302400
1991-11-21,28.583332061767578,29.083332061767578,28.5,28.5,23.127084732055664,135900
1991-11-22,28.5,28.583332061767578,28.25,28.333332061767578,22.991832733154297,116100
1991-11-25,28.333332061767578,28.458332061767578,28.041667938232422,28.208332061767578,22.89040756225586,78300
1991-11-26,28.291667938232422,28.583332061767578,27.833332061767578,28.041667938232422,22.755155563354492,194100
1991-11-27,28.166667938232422,28.333332061767578,27.666667938232422,27.75,22.518476486206055,109800
1991-11-29,27.833332061767578,28.083332061767578,27.25,27.75,22.518476486206055,89700
1991-12-02,27.666667938232422,28.75,27.416667938232422,28.375,23.025650024414062,155400
1991-12-03,28.333332061767578,28.541667938232422,28.25,28.333332061767578,22.991832733154297,153000
1991-12-04,28.333332061767578,28.541667938232422,28.25,28.416667938232422,23.059459686279297,151800
1991-12-05,28.333332061767578,28.333332061767578,27.833332061767578,28.041667938232422,22.755155563354492,84600
1991-12-06,27.791667938232422,28.833332061767578,27.791667938232422,28.541667938232422,23.1608943939209,141900
1991-12-09,28.458332061767578,28.541667938232422,28.083332061767578,28.25,22.92421531677246,104700
1991-12-10,28.291667938232422,28.5,28.125,28.25,22.92421531677246,95400
1991-12-11,28.166667938232422,28.166667938232422,27.75,27.875,22.619909286499023,76800
1991-12-12,27.916667938232422,28.458332061767578,27.833332061767578,28.416667938232422,23.059459686279297,315000
1991-12-13,28.666667938232422,28.666667938232422,27.916667938232422,28.333332061767578,22.991832733154297,114900
1991-12-16,28.291667938232422,28.333332061767578,27.875,27.875,22.619909286499023,84000
1991-12-17,27.791667938232422,28.0,27.708332061767578,27.958332061767578,22.687532424926758,60900
1991-12-18,27.875,29.166667938232422,27.833332061767578,29.166667938232422,23.66806983947754,259800
1991-12-19,29.083332061767578,29.208332061767578,28.75,28.958332061767578,23.499008178710938,158400
1991-12-20,29.291667938232422,29.291667938232422,28.125,28.333332061767578,22.991832733154297,230100
1991-12-23,28.291667938232422,29.291667938232422,28.291667938232422,29.166667938232422,23.66806983947754,199500
1991-12-24,29.333332061767578,29.416667938232422,29.25,29.333332061767578,23.803312301635742,125100
1991-12-26,29.25,29.375,29.166667938232422,29.375,23.83712387084961,67800
1991-12-27,29.458332061767578,29.916667938232422,29.333332061767578,29.75,24.141427993774414,138000
1991-12-30,29.708332061767578,29.916667938232422,29.666667938232422,29.916667938232422,24.276668548583984,360900
1991-12-31,29.916667938232422,30.083332061767578,29.75,29.916667938232422,24.276668548583984,146700
1992-01-02,29.666667938232422,30.333332061767578,29.666667938232422,30.166667938232422,24.479549407958984,124200
1992-01-03,30.25,30.541667938232422,30.25,30.291667938232422,24.580984115600586,384300
1992-01-06,30.333332061767578,30.375,29.625,30.0,24.34429359436035,178500
1992-01-07,29.916667938232422,30.0,29.458332061767578,29.583332061767578,24.006179809570312,138000
1992-01-08,29.583332061767578,29.708332061767578,29.458332061767578,29.583332061767578,24.006179809570312,353100
1992-01-09,29.5,30.0,29.416667938232422,29.625,24.039997100830078,240600
1992-01-10,29.625,29.833332061767578,29.416667938232422,29.625,24.039997100830078,90300
1992-01-13,29.625,29.916667938232422,29.583332061767578,29.583332061767578,24.006179809570312,102300
1992-01-14,29.666667938232422,29.833332061767578,29.625,29.791667938232422,24.175241470336914,265500
1992-01-15,29.791667938232422,30.083332061767578,29.708332061767578,29.708332061767578,24.10761833190918,182700
1992-01-16,29.666667938232422,29.791667938232422,29.458332061767578,29.666667938232422,24.07380485534668,242400
1992-01-17,29.75,30.0,29.208332061767578,29.375,23.83712387084961,324300
1992-01-20,29.25,29.416667938232422,29.208332061767578,29.25,23.735692977905273,108000
1992-01-21,29.25,29.25,28.625,29.0,23.53282356262207,108600
1992-01-22,28.916667938232422,29.0,28.625,28.708332061767578,23.296144485473633,230700
1992-01-23,28.708332061767578,28.708332061767578,28.375,28.666667938232422,23.2623291015625,236400
1992-01-24,28.375,28.833332061767578,28.375,28.625,23.228517532348633,111900
1992-01-27,28.625,28.666667938232422,28.458332061767578,28.5,23.127084732055664,81300
1992-01-28,28.333332061767578,28.458332061767578,27.916667938232422,28.0,22.721343994140625,295800
1992-01-29,27.916667938232422,28.083332061767578,27.458332061767578,27.75,22.518476486206055,362100
1992-01-30,27.75,28.041667938232422,27.666667938232422,27.875,22.619909286499023,268800
1992-01-31,27.791667938232422,28.083332061767578,27.75,28.0,22.721343994140625,266100
1992-02-03,28.083332061767578,28.083332061767578,27.833332061767578,28.083332061767578,22.788965225219727,81300
1992-02-04,27.666667938232422,28.0,27.416667938232422,27.541667938232422,22.34941864013672,183900
1992-02-05,27.625,27.916667938232422,27.541667938232422,27.75,22.518476486206055,260400
1992-02-06,27.833332061767578,27.916667938232422,27.666667938232422,27.833332061767578,22.586095809936523,335400
1992-02-07,27.916667938232422,27.958332061767578,27.75,27.958332061767578,22.687532424926758,114000
1992-02-10,28.0,29.208332061767578,27.875,29.208332061767578,23.701879501342773,295500
1992-02-11,29.416667938232422,29.958332061767578,28.833332061767578,28.833332061767578,23.39756965637207,526500
1992-02-12,28.833332061767578,29.166667938232422,28.833332061767578,29.083332061767578,23.60044288635254,123600
1992-02-13,29.333332061767578,29.333332061767578,28.916667938232422,29.125,23.634254455566406,110400
1992-02-14,28.958332061767578,29.583332061767578,28.875,29.583332061767578,24.006179809570312,254400
1992-02-18,29.5,30.25,29.5,30.125,24.445728302001953,359400
1992-02-19,30.125,30.208332061767578,29.791667938232422,30.041667938232422,24.378110885620117,387900
1992-02-20,30.0,30.291667938232422,30.0,30.25,24.547164916992188,332400
1992-02-21,30.0,30.25,29.875,30.083332061767578,24.41191864013672,182400
1992-02-24,30.0,30.25,29.958332061767578,30.041667938232422,24.378110885620117,194100
1992-02-25,29.958332061767578,30.0,29.708332061767578,29.916667938232422,24.276668548583984,186300
1992-02-26,29.833332061767578,29.916667938232422,29.708332061767578,29.791667938232422,24.175241470336914,189300
1992-02-27,29.75,30.208332061767578,29.75,30.083332061767578,24.41191864013672,231000
1992-02-28,30.166667938232422,30.291667938232422,29.791667938232422,30.041667938232422,24.378110885620117,185700
1992-03-02,29.916667938232422,30.166667938232422,29.916667938232422,30.041667938232422,24.378110885620117,97200
1992-03-03,30.041667938232422,30.416667938232422,30.041667938232422,30.25,24.547164916992188,132600
1992-03-04,30.208332061767578,30.375,30.125,30.166667938232422,24.479549407958984,199800
1992-03-05,30.083332061767578,30.333332061767578,30.083332061767578,30.166667938232422,24.479549407958984,104400
1992-03-06,30.25,30.333332061767578,30.083332061767578,30.125,24.445728302001953,31500
1992-03-09,30.083332061767578,30.291667938232422,29.5,29.833332061767578,24.209049224853516,159900
1992-03-10,29.833332061767578,29.916667938232422,29.541667938232422,29.541667938232422,23.972370147705078,64500
1992-03-11,29.458332061767578,29.5,28.875,29.125,23.634254455566406,156000
1992-03-12,29.041667938232422,29.25,28.958332061767578,29.0,23.53282356262207,126000
1992-03-13,29.125,29.458332061767578,29.125,29.375,23.83712387084961,87300
1992-03-16,29.333332061767578,29.541667938232422,29.208332061767578,29.333332061767578,23.803312301635742,67200
1992-03-17,29.333332061767578,29.375,29.041667938232422,29.208332061767578,23.701879501342773,78600
1992-03-18,29.083332061767578,29.208332061767578,28.833332061767578,29.166667938232422,23.66806983947754,250800
1992-03-19,29.25,29.416667938232422,29.083332061767578,29.375,23.83712387084961,198600
1992-03-20,29.416667938232422,29.416667938232422,29.166667938232422,29.416667938232422,23.87093734741211,131700
1992-03-23,29.416667938232422,29.416667938232422,29.125,29.166667938232422,23.66806983947754,60300
1992-03-24,29.166667938232422,29.375,29.166667938232422,29.166667938232422,23.66806983947754,84300
1992-03-25,29.166667938232422,29.416667938232422,28.875,28.875,23.431385040283203,133800
1992-03-26,29.083332061767578,29.25,28.833332061767578,28.916667938232422,23.465200424194336,100200
1992-03-27,28.916667938232422,29.166667938232422,28.833332061767578,29.125,23.634254455566406,81600
1992-03-30,29.125,29.458332061767578,29.125,29.333332061767578,23.803312301635742,73800
1992-03-31,29.333332061767578,30.166667938232422,29.333332061767578,30.166667938232422,24.479549407958984,267000
1992-04-01,30.041667938232422,30.833332061767578,30.041667938232422,30.708332061767578,24.919092178344727,249000
1992-04-02,30.958332061767578,31.208332061767578,30.833332061767578,30.958332061767578,25.12196159362793,415200
1992-04-03,30.916667938232422,31.083332061767578,30.875,30.958332061767578,25.12196159362793,321300
1992-04-06,30.916667938232422,31.208332061767578,30.916667938232422,30.958332061767578,25.12196159362793,183900
1992-04-07,30.916667938232422,30.916667938232422,30.541667938232422,30.583332061767578,24.81766128540039,97800
1992-04-08,30.5,30.75,30.416667938232422,30.541667938232422,24.783851623535156,446400
1992-04-09,30.541667938232422,31.25,30.5,31.25,25.358646392822266,214800
1992-04-10,31.333332061767578,31.916667938232422,31.25,31.833332061767578,25.832006454467773,209400
1992-04-13,31.916667938232422,33.16666793823242,31.833332061767578,33.16666793823242,26.91397476196289,237300
1992-04-14,33.20833206176758,33.29166793823242,32.41666793823242,32.45833206176758,26.33917808532715,328800
1992-04-15,32.45833206176758,33.5,32.45833206176758,33.29166793823242,27.015413284301758,229200
1992-04-16,33.08333206176758,33.91666793823242,33.0,33.66666793823242,27.319711685180664,150000
1992-04-20,33.5,33.5,33.0,33.29166793823242,27.015413284301758,109800
1992-04-21,33.25,33.66666793823242,33.25,33.5,27.184465408325195,192300
1992-04-22,33.5,33.58333206176758,33.25,33.33333206176758,27.04922103881836,210000
1992-04-23,33.45833206176758,34.5,33.45833206176758,34.5,27.995941162109375,287100
1992-04-24,34.33333206176758,34.33333206176758,33.5,33.83333206176758,27.4549617767334,248700
1992-04-27,33.75,33.75,33.0,33.125,26.880157470703125,144600
1992-04-28,33.125,33.125,32.58333206176758,33.0,26.77872657775879,329100
1992-04-29,33.125,33.58333206176758,33.08333206176758,33.25,26.981586456298828,174000
1992-04-30,33.25,34.5,33.25,34.5,27.995941162109375,163800
1992-05-01,34.375,34.5,33.375,33.79166793823242,27.4211483001709,78600
1992-05-04,33.83333206176758,34.375,33.83333206176758,34.375,27.894508361816406,72300
1992-05-05,34.5,34.5,34.08333206176758,34.125,27.691638946533203,82200
1992-05-06,34.20833206176758,34.33333206176758,33.79166793823242,33.83333206176758,27.4549617767334,94500
1992-05-07,34.0,34.16666793823242,33.66666793823242,34.125,27.691638946533203,135000
1992-05-08,34.125,34.16666793823242,33.25,33.375,27.083032608032227,112800
1992-05-11,33.41666793823242,34.33333206176758,33.41666793823242,34.33333206176758,27.860692977905273,134400
1992-05-12,34.25,34.25,33.75,34.0,27.5902042388916,92700
1992-05-13,33.58333206176758,33.625,32.83333206176758,33.125,26.880157470703125,508800
1992-05-14,33.20833206176758,33.20833206176758,32.08333206176758,32.375,26.271556854248047,400200
1992-05-15,32.375,32.625,32.16666793823242,32.45833206176758,26.33917808532715,119400
1992-05-18,32.625,32.70833206176758,32.33333206176758,32.45833206176758,26.33917808532715,111900
1992-05-19,32.54166793823242,32.75,32.5,32.70833206176758,26.542043685913086,179700
1992-05-20,32.70833206176758,32.70833206176758,32.29166793823242,32.33333206176758,26.237741470336914,174300
1992-05-21,32.29166793823242,32.41666793823242,32.125,32.33333206176758,26.237741470336914,82500
1992-05-22,32.41666793823242,32.70833206176758,32.41666793823242,32.41666793823242,26.305368423461914,122100
1992-05-26,32.16666793823242,32.20833206176758,32.04166793823242,32.20833206176758,26.136310577392578,69300
1992-05-27,32.33333206176758,32.45833206176758,32.08333206176758,32.33333206176758,26.237741470336914,45600
1992-05-28,32.45833206176758,32.54166793823242,32.33333206176758,32.54166793823242,26.406803131103516,159300
1992-05-29,32.58333206176758,33.33333206176758,32.54166793823242,33.20833206176758,26.947778701782227,190200
1992-06-01,33.125,34.0,33.125,33.625,27.285900115966797,205000
1992-06-02,33.625,33.75,32.75,32.75,26.57585906982422,182200
1992-06-03,33.75,33.75,33.125,33.125,26.880157470703125,64100
1992-06-04,33.125,33.375,33.0,33.0,26.77872657775879,100400
1992-06-05,33.0,33.0,32.125,32.375,26.271556854248047,228500
1992-06-08,32.375,33.125,32.375,33.0,26.77872657775879,161500
1992-06-09,32.625,32.875,32.0,32.0,25.96724510192871,137100
1992-06-10,32.0,32.0,31.75,31.875,25.865808486938477,73700
1992-06-11,31.75,31.875,31.0,31.375,25.460081100463867,152100
1992-06-12,31.5,31.75,31.5,31.625,25.66294288635254,203000
1992-06-15,31.875,32.5,31.625,32.125,26.068681716918945,54600
1992-06-16,32.125,32.5,31.625,31.625,25.66294288635254,244600
1992-06-17,31.75,31.75,30.0,30.375,24.64859962463379,132500
1992-06-18,30.5,31.75,30.125,31.75,25.764381408691406,175000
1992-06-19,31.625,31.75,31.125,31.25,25.358646392822266,115700
1992-06-22,31.25,31.625,31.125,31.5,25.561511993408203,63300
1992-06-23,31.75,31.75,31.0,31.0,25.15577507019043,93800
1992-06-24,31.25,31.375,31.0,31.375,25.460081100463867,104000
1992-06-25,31.375,31.375,30.5,30.625,24.851469039916992,144800
1992-06-26,30.75,30.75,29.875,30.0,24.34429359436035,80700
1992-06-29,30.0,31.25,30.0,31.25,25.358646392822266,172000
1992-06-30,31.25,31.5,30.875,31.0,25.15577507019043,144900
1992-07-01,30.75,31.75,30.625,31.75,25.764381408691406,97200
1992-07-02,31.75,32.0,31.125,31.75,25.764381408691406,122400
1992-07-06,31.875,32.125,31.75,32.125,26.068681716918945,280700
1992-07-07,31.875,32.625,31.875,32.0,25.96724510192871,157500
1992-07-08,31.875,32.375,31.875,32.125,26.068681716918945,71600
1992-07-09,32.125,33.0,32.125,32.875,26.677289962768555,81700
1992-07-10,33.0,33.125,32.625,32.625,26.47442626953125,61600
1992-07-13,32.625,33.125,32.625,33.0,26.77872657775879,72500
1992-07-14,33.0,33.25,32.75,33.25,26.981586456298828,76100
1992-07-15,33.25,33.375,32.75,33.0,26.77872657775879,85800
1992-07-16,32.75,33.0,32.375,33.0,26.77872657775879,52000
1992-07-17,32.75,32.75,31.75,32.625,26.47442626953125,103500
1992-07-20,31.75,32.375,31.75,32.375,26.271556854248047,68100
1992-07-21,32.625,32.625,32.0,32.25,26.170122146606445,136200
1992-07-22,32.0,32.375,31.75,32.375,26.271556854248047,76100
1992-07-23,32.5,33.125,32.375,33.125,26.880157470703125,94400
1992-07-24,32.75,33.125,32.5,33.0,26.77872657775879,218600
1992-07-27,33.25,33.5,32.875,33.0,26.77872657775879,96500
1992-07-28,33.0,33.25,32.875,33.125,26.880157470703125,65200
1992-07-29,33.5,33.875,33.5,33.875,27.48876953125,129900
1992-07-30,33.875,34.0,33.25,33.875,27.48876953125,127400
1992-07-31,33.375,33.75,33.25,33.75,27.3873348236084,100700
1992-08-03,33.5,33.875,33.5,33.5,27.184465408325195,60300
1992-08-04,33.25,33.625,32.875,33.625,27.285900115966797,69400
1992-08-05,33.5,33.625,33.25,33.25,26.981586456298828,39200
1992-08-06,33.375,33.375,33.125,33.25,26.981586456298828,69600
1992-08-07,33.125,33.5,32.625,32.625,26.47442626953125,54700
1992-08-10,32.625,33.0,32.5,32.75,26.57585906982422,84700
1992-08-11,32.75,33.375,32.75,33.0,26.77872657775879,90200
1992-08-12,33.0,33.375,33.0,33.25,26.981586456298828,30600
1992-08-13,33.125,33.375,32.375,32.875,26.677289962768555,94000
1992-08-14,32.875,33.375,32.875,33.125,26.880157470703125,71600
1992-08-17,33.125,33.375,33.0,33.125,26.880157470703125,63500
1992-08-18,33.375,34.0,33.125,34.0,27.5902042388916,108900
1992-08-19,33.75,33.875,33.375,33.375,27.083032608032227,43900
1992-08-20,33.375,33.875,33.25,33.375,27.083032608032227,55600
1992-08-21,33.625,33.75,32.5,33.125,26.880157470703125,134800
1992-08-24,32.875,32.875,32.0,32.875,26.677289962768555,61500
1992-08-25,32.875,33.75,32.625,33.625,27.285900115966797,77800
1992-08-26,33.625,33.75,33.125,33.25,26.981586456298828,53200
1992-08-27,33.5,33.875,33.375,33.75,27.3873348236084,69100
1992-08-28,33.875,34.375,33.75,34.375,27.894508361816406,78600
1992-08-31,34.375,35.75,34.125,35.75,29.01028823852539,116500
1992-09-01,35.5,35.875,35.375,35.875,29.111719131469727,136700
1992-09-02,35.75,35.75,35.125,35.25,28.604543685913086,90300
1992-09-03,35.5,36.0,35.375,35.875,29.111719131469727,82300
1992-09-04,35.625,36.0,35.375,35.75,29.01028823852539,81200
1992-09-08,35.75,36.0,35.75,35.75,29.01028823852539,46600
1992-09-09,35.75,35.875,35.25,35.875,29.111719131469727,68600
1992-09-10,35.875,35.875,35.625,35.75,29.01028823852539,62200
1992-09-11,35.5,35.75,35.375,35.375,28.705984115600586,79900
1992-09-14,35.625,36.625,35.625,36.5,29.618894577026367,105800
1992-09-15,36.0,36.375,35.5,36.125,29.31458854675293,109200
1992-09-16,36.0,36.875,35.75,36.375,29.5174617767334,140300
1992-09-17,36.375,36.375,35.125,36.125,29.31458854675293,198700
1992-09-18,36.125,36.875,35.875,36.875,29.923200607299805,147600
1992-09-21,36.875,36.875,36.375,36.5,29.618894577026367,55800
1992-09-22,36.375,36.625,36.25,36.375,29.5174617767334,87100
1992-09-23,36.625,36.625,36.375,36.625,29.720340728759766,147300
1992-09-24,36.5,36.625,36.375,36.5,29.618894577026367,59500
1992-09-25,36.25,36.75,36.25,36.75,29.821758270263672,75200
1992-09-28,36.5,36.5,36.125,36.5,29.618894577026367,65500
1992-09-29,36.25,36.375,35.75,36.375,29.5174617767334,68500
1992-09-30,36.25,36.875,36.25,36.75,29.821758270263672,86800
1992-10-01,35.5,36.5,35.5,36.25,29.416025161743164,102000
1992-10-02,36.25,36.375,35.875,36.0,29.213159561157227,196100
1992-10-05,35.625,36.25,35.375,36.25,29.416025161743164,157600
1992-10-06,36.25,36.75,35.875,36.375,29.5174617767334,183500
1992-10-07,36.125,36.125,35.125,35.125,28.503108978271484,159500
1992-10-08,35.375,35.5,35.125,35.5,28.807422637939453,154700
1992-10-09,35.375,35.5,35.125,35.375,28.705984115600586,63900
1992-10-12,35.5,35.625,35.25,35.375,28.705984115600586,58600
1992-10-13,35.75,35.75,35.25,35.5,28.807422637939453,87100
1992-10-14,35.5,36.5,35.5,36.25,29.416025161743164,276300
1992-10-15,36.25,36.25,35.875,35.875,29.111719131469727,120400
1992-10-16,36.125,36.125,35.375,35.5,28.807422637939453,154800
1992-10-19,35.75,35.875,35.125,35.25,28.604543685913086,149500
1992-10-20,35.5,35.875,35.5,35.875,29.111719131469727,64900
1992-10-21,36.0,36.125,35.875,35.875,29.111719131469727,160000
1992-10-22,35.875,36.25,35.25,35.375,28.705984115600586,73000
1992-10-23,35.625,36.125,35.625,36.125,29.31458854675293,69700
1992-10-26,36.0,36.125,35.75,36.125,29.31458854675293,24700
1992-10-27,36.25,36.75,36.0,36.0,29.213159561157227,81500
1992-10-28,36.125,36.5,36.0,36.125,29.31458854675293,64000
1992-10-29,36.375,36.5,35.75,36.375,29.5174617767334,107000
1992-10-30,36.5,36.625,35.875,36.5,29.618894577026367,361600
1992-11-02,37.0,37.0,35.875,36.0,29.213159561157227,142000
1992-11-03,36.0,36.125,35.25,35.25,28.604543685913086,105300
1992-11-04,35.375,35.5,35.25,35.375,28.705984115600586,148000
1992-11-05,35.5,35.5,35.375,35.375,28.705984115600586,149200
1992-11-06,35.5,35.5,34.75,34.75,28.198814392089844,180100
1992-11-09,34.875,35.75,34.5,35.125,28.503108978271484,109800
1992-11-10,35.5,35.75,35.25,35.75,29.01028823852539,179200
1992-11-11,35.75,35.75,35.25,35.5,28.807422637939453,62500
1992-11-12,35.75,35.75,35.125,35.375,28.705984115600586,146100
1992-11-13,35.5,35.875,35.25,35.625,28.908855438232422,156900
1992-11-16,35.75,35.75,35.0,35.25,28.604543685913086,128700
1992-11-17,35.25,35.375,35.0,35.25,28.604543685913086,71300
1992-11-18,35.25,35.375,34.5,34.625,28.097375869750977,107600
1992-11-19,34.625,35.0,34.375,35.0,28.40168571472168,251200
1992-11-20,35.625,36.0,34.625,35.75,29.01028823852539,120900
1992-11-23,36.0,36.25,35.875,36.125,29.31458854675293,305600
1992-11-24,36.125,37.0,36.0,36.875,29.923200607299805,429400
1992-11-25,37.125,37.75,37.125,37.5,30.430376052856445,103700
1992-11-27,37.375,37.75,37.125,37.125,30.126070022583008,44900
1992-11-30,37.0,37.25,36.75,37.25,30.227502822875977,149700
1992-12-01,37.375,37.625,37.0,37.375,30.328933715820312,125100
1992-12-02,37.5,37.5,36.375,37.0,30.02463150024414,87300
1992-12-03,37.0,37.125,36.875,36.875,29.923200607299805,103000
1992-12-04,37.125,37.75,36.875,37.625,30.53180503845215,163400
1992-12-07,37.875,37.875,36.75,37.25,30.227502822875977,117900
1992-12-08,37.5,37.5,37.0,37.375,30.328933715820312,107400
1992-12-09,37.5,37.875,37.125,37.5,30.430376052856445,119100
1992-12-10,37.375,37.75,37.125,37.75,30.63323402404785,150100
1992-12-11,38.0,38.5,37.75,37.875,30.73467254638672,110700
1992-12-14,38.0,38.25,37.5,37.625,30.53180503845215,55400
1992-12-15,37.625,38.625,37.625,38.5,31.241853713989258,143000
1992-12-16,38.625,39.0,38.375,38.5,31.241853713989258,161900
1992-12-17,38.625,39.875,38.625,39.625,32.15475845336914,316500
1992-12-18,40.0,40.5,38.375,38.75,31.444711685180664,455100
1992-12-21,38.75,40.375,38.5,39.75,32.25619888305664,182200
1992-12-22,39.875,40.875,39.875,40.625,32.96623611450195,279600
1992-12-23,40.625,41.125,40.375,40.375,32.763370513916016,114700
1992-12-24,40.375,40.375,39.75,40.25,32.66193389892578,31200
1992-12-28,40.375,40.375,39.75,40.0,32.459068298339844,29800
1992-12-29,40.0,40.875,39.75,40.0,32.459068298339844,82100
1992-12-30,40.0,40.125,39.375,39.625,32.15475845336914,145700
1992-12-31,39.875,40.125,39.75,39.875,32.35762023925781,60500
1993-01-04,40.125,40.5,39.625,40.375,32.763370513916016,114000
1993-01-05,40.25,40.875,40.0,40.375,32.763370513916016,118700
1993-01-06,40.25,40.625,40.25,40.375,32.763370513916016,115300
1993-01-07,40.375,40.75,38.875,39.25,31.850444793701172,123000
1993-01-08,39.375,39.625,39.0,39.5,32.053321838378906,116400
1993-01-11,39.75,40.375,39.75,40.375,32.763370513916016,57400
1993-01-12,40.75,40.875,40.0,40.25,32.66193389892578,107800
1993-01-13,40.0,40.0,39.625,39.75,32.25619888305664,166800
1993-01-14,39.875,39.875,38.75,39.375,31.9518985748291,133800
1993-01-15,39.375,39.875,39.25,39.375,31.9518985748291,117800
1993-01-18,39.375,39.5,38.75,39.0,31.64759063720703,168000
1993-01-19,39.125,39.25,38.875,39.0,31.64759063720703,52100
1993-01-20,39.0,39.125,38.5,38.75,31.444711685180664,107700
1993-01-21,39.0,39.5,38.875,39.125,31.749019622802734,155900
1993-01-22,39.125,39.5,39.0,39.25,31.850444793701172,248700
1993-01-25,39.25,39.75,39.25,39.375,31.9518985748291,149200
1993-01-26,39.625,39.625,39.25,39.5,32.053321838378906,92700
1993-01-27,39.375,40.125,39.375,39.875,32.35762023925781,107200
1993-01-28,39.875,40.125,39.5,40.125,32.56050109863281,55600
1993-01-29,40.0,40.0,39.375,39.375,31.9518985748291,91000
1993-02-01,39.75,39.75,39.5,39.625,32.15475845336914,81600
1993-02-02,39.375,39.625,39.125,39.125,31.749019622802734,62600
1993-02-03,39.125,39.375,38.875,39.25,31.850444793701172,134400
1993-02-04,39.5,39.75,39.375,39.5,32.053321838378906,137300
1993-02-05,39.625,39.875,39.5,39.75,32.25619888305664,66100
1993-02-08,39.875,40.875,39.875,40.375,32.763370513916016,127400
1993-02-09,40.375,40.375,39.625,40.0,32.459068298339844,133500
1993-02-10,39.875,39.875,39.5,39.625,32.15475845336914,100900
1993-02-11,39.875,40.0,39.5,39.625,32.15475845336914,52300
1993-02-12,39.625,39.875,39.625,39.625,32.15475845336914,38600
1993-02-16,39.75,39.75,38.25,38.25,31.038972854614258,111500
1993-02-17,38.25,38.625,37.5,37.5,30.430376052856445,116500
1993-02-18,37.625,37.875,37.125,37.625,30.53180503845215,79900
1993-02-19,37.75,37.875,36.75,36.875,29.923200607299805,114400
1993-02-22,36.875,37.5,35.5,35.75,29.01028823852539,156000
1993-02-23,35.875,36.25,35.0,36.25,29.416025161743164,311600
1993-02-24,36.25,37.75,36.25,37.5,30.430376052856445,264700
1993-02-25,37.5,37.625,36.75,37.125,30.126070022583008,211000
1993-02-26,37.25,37.25,36.75,37.125,30.126070022583008,306700
1993-03-01,37.0,37.375,36.625,36.625,29.720340728759766,252400
1993-03-02,36.75,37.75,36.5,37.75,30.63323402404785,99300
1993-03-03,37.75,38.5,37.75,38.25,31.038972854614258,114600
1993-03-04,38.375,38.625,37.625,37.625,30.53180503845215,173200
1993-03-05,38.5,38.5,38.125,38.375,31.14041519165039,320900
1993-03-08,38.875,40.0,38.75,39.875,32.35762023925781,152100
1993-03-09,39.875,39.875,39.5,39.875,32.35762023925781,102100
1993-03-10,39.875,39.875,39.125,39.5,32.053321838378906,116000
1993-03-11,39.75,40.125,39.5,39.875,32.35762023925781,159300
1993-03-12,39.625,39.875,39.375,39.75,32.25619888305664,79500
1993-03-15,39.875,40.0,39.5,39.75,32.25619888305664,108300
1993-03-16,39.75,40.125,39.625,39.625,32.15475845336914,85900
1993-03-17,39.75,39.75,39.375,39.5,32.053321838378906,92800
1993-03-18,39.75,39.875,39.25,39.25,31.850444793701172,93300
1993-03-19,39.625,39.625,39.0,39.0,31.64759063720703,144800
1993-03-22,39.0,39.625,39.0,39.625,32.15475845336914,120400
1993-03-23,39.625,39.625,39.25,39.25,31.850444793701172,96100
1993-03-24,39.125,39.5,38.75,38.75,31.444711685180664,150400
1993-03-25,38.5,39.125,38.375,39.0,31.64759063720703,132100
1993-03-26,38.75,38.875,38.625,38.75,31.444711685180664,104100
1993-03-29,38.75,38.875,38.625,38.625,31.343280792236328,97600
1993-03-30,38.75,38.75,38.375,38.5,31.241853713989258,83800
1993-03-31,38.625,38.875,38.25,38.25,31.038972854614258,126900
1993-04-01,38.25,39.25,38.25,39.0,31.64759063720703,181000
1993-04-02,38.75,39.375,38.75,39.0,31.64759063720703,367100
1993-04-05,39.0,39.375,39.0,39.0,31.64759063720703,187800
1993-04-06,39.0,39.125,38.375,38.5,31.241853713989258,164600
1993-04-07,38.5,38.75,38.375,38.625,31.343280792236328,105300
1993-04-08,38.375,38.5,37.625,37.625,30.53180503845215,231400
1993-04-12,37.75,37.875,37.0,37.25,30.227502822875977,208500
1993-04-13,37.625,38.375,37.5,38.25,31.038972854614258,213300
1993-04-14,38.375,39.0,38.375,38.75,31.444711685180664,199200
1993-04-15,38.875,39.125,38.75,38.875,31.546152114868164,81900
1993-04-16,39.25,39.5,39.0,39.0,31.64759063720703,152200
1993-04-19,39.25,39.5,38.875,39.0,31.64759063720703,97900
1993-04-20,38.875,38.875,38.625,38.75,31.444711685180664,114800
1993-04-21,38.875,39.0,38.5,38.875,31.546152114868164,144200
1993-04-22,38.625,38.875,38.375,38.375,31.14041519165039,138700
1993-04-23,38.125,38.125,37.75,38.0,30.83611488342285,63000
1993-04-26,37.875,38.875,37.875,38.25,31.038972854614258,134000
1993-04-27,38.125,38.875,38.125,38.625,31.343280792236328,63100
1993-04-28,38.25,38.5,37.5,38.375,31.14041519165039,84700
1993-04-29,38.375,38.75,38.0,38.75,31.444711685180664,78900
1993-04-30,38.75,38.875,38.125,38.25,31.038972854614258,97100
1993-05-03,37.875,37.875,36.75,37.5,30.430376052856445,117600
1993-05-04,37.625,37.625,36.875,37.25,30.227502822875977,107500
1993-05-05,37.375,38.0,37.25,37.875,30.73467254638672,73800
1993-05-06,38.25,38.75,38.125,38.25,31.038972854614258,153600
1993-05-07,38.5,38.5,37.875,38.0,30.83611488342285,103200
1993-05-10,37.75,38.75,37.75,37.75,30.63323402404785,63600
1993-05-11,37.625,38.25,37.625,38.25,31.038972854614258,98900
1993-05-12,38.375,38.375,37.875,38.125,30.93754768371582,82600
1993-05-13,37.875,37.875,37.125,37.125,30.126070022583008,111000
1993-05-14,37.125,37.125,36.25,36.375,29.5174617767334,184100
1993-05-17,36.375,36.875,36.375,36.875,29.923200607299805,79700
1993-05-18,36.75,37.25,36.625,36.625,29.720340728759766,87500
1993-05-19,36.75,36.75,36.0,36.5,29.618894577026367,132500
1993-05-20,36.75,37.25,36.75,37.25,30.227502822875977,100100
1993-05-21,37.25,38.625,37.125,37.875,30.73467254638672,175400
1993-05-24,37.75,38.25,37.125,37.375,30.328933715820312,113700
1993-05-25,37.625,37.625,37.125,37.25,30.227502822875977,107100
1993-05-26,37.375,37.5,36.875,37.5,30.430376052856445,76200
1993-05-27,37.625,38.25,37.375,38.25,31.038972854614258,94600
1993-05-28,38.25,38.25,37.5,38.0,30.83611488342285,135100
1993-06-01,38.0,38.5,38.0,38.375,31.14041519165039,110100
1993-06-02,38.25,38.875,38.25,38.875,31.546152114868164,115500
1993-06-03,38.75,39.125,38.625,39.125,31.749019622802734,142900
1993-06-04,38.875,39.125,38.75,39.0,31.64759063720703,130600
1993-06-07,38.875,39.125,38.75,39.0,31.64759063720703,121300
1993-06-08,39.0,39.125,38.625,38.875,31.546152114868164,124900
1993-06-09,38.625,39.375,38.5,39.0,31.64759063720703,189600
1993-06-10,38.875,39.25,38.875,39.0,31.64759063720703,90400
1993-06-11,39.125,39.5,38.75,38.875,31.546152114868164,86800
1993-06-14,38.625,38.875,38.25,38.75,31.444711685180664,142300
1993-06-15,39.0,39.5,38.875,39.25,31.850444793701172,107500
1993-06-16,39.25,39.25,39.0,39.25,31.850444793701172,53700
1993-06-17,39.375,39.875,39.125,39.625,32.15475845336914,159600
1993-06-18,40.0,40.0,39.5,39.5,32.053321838378906,180500
1993-06-21,39.75,40.0,39.25,39.5,32.053321838378906,82400
1993-06-22,39.75,39.75,39.125,39.375,31.9518985748291,107000
1993-06-23,39.375,39.625,38.875,39.125,31.749019622802734,109600
1993-06-24,38.5,38.875,37.875,38.125,30.93754768371582,489400
1993-06-25,38.125,38.125,37.25,37.5,30.430376052856445,152700
1993-06-28,37.75,38.25,37.75,37.875,30.73467254638672,249300
1993-06-29,38.5,38.5,37.0,37.0,30.02463150024414,686500
1993-06-30,37.125,37.625,37.125,37.5,30.430376052856445,336300
1993-07-01,37.5,37.875,37.25,37.875,30.73467254638672,154900
1993-07-02,38.0,38.125,37.25,37.375,30.328933715820312,68500
1993-07-06,37.375,37.375,37.0,37.0,30.02463150024414,168800
1993-07-07,35.25,36.375,35.0,35.875,29.111719131469727,182400
1993-07-08,36.0,36.25,35.75,36.0,29.213159561157227,294900
1993-07-09,36.0,36.125,35.625,35.625,28.908855438232422,240700
1993-07-12,35.5,35.625,34.75,35.25,28.604543685913086,300800
1993-07-13,35.25,35.375,35.0,35.125,28.503108978271484,168500
1993-07-14,35.25,35.375,34.625,34.875,28.300243377685547,293500
1993-07-15,34.875,34.875,34.625,34.875,28.300243377685547,261200
1993-07-16,34.875,34.875,34.375,34.5,27.995941162109375,156400
1993-07-19,34.0,34.0,33.25,33.25,26.981586456298828,552800
1993-07-20,33.75,34.875,33.625,34.5,27.995941162109375,410200
1993-07-21,34.625,34.875,33.75,34.875,28.300243377685547,257700
1993-07-22,34.875,35.25,34.0,34.375,27.894508361816406,153100
1993-07-23,34.375,35.0,34.125,34.375,27.894508361816406,91800
1993-07-26,34.375,34.5,33.875,34.5,27.995941162109375,183900
1993-07-27,34.5,35.375,34.375,35.375,28.705984115600586,191700
1993-07-28,35.375,36.0,35.375,35.875,29.111719131469727,123700
1993-07-29,35.875,35.875,34.625,34.625,28.097375869750977,173500
1993-07-30,34.75,34.75,33.875,34.375,27.894508361816406,88400
1993-08-02,34.25,34.25,33.75,34.0,27.5902042388916,169600
1993-08-03,34.375,34.875,34.25,34.5,27.995941162109375,386900
1993-08-04,34.5,34.5,33.875,33.875,27.48876953125,194000
1993-08-05,33.875,34.75,33.75,34.375,27.894508361816406,271600
1993-08-06,34.125,35.625,34.125,35.625,28.908855438232422,132300
1993-08-09,35.75,36.25,35.75,35.75,29.01028823852539,275200
1993-08-10,35.5,36.125,35.25,35.875,29.111719131469727,202900
1993-08-11,35.875,36.375,35.875,36.25,29.416025161743164,136700
1993-08-12,36.5,37.5,36.5,36.75,29.821758270263672,215800
1993-08-13,36.75,37.125,36.375,36.875,29.923200607299805,105700
1993-08-16,36.875,37.125,36.25,36.25,29.416025161743164,82900
1993-08-17,36.5,36.625,36.125,36.5,29.618894577026367,146600
1993-08-18,36.5,37.875,36.375,37.625,30.53180503845215,203500
1993-08-19,37.375,37.375,36.75,36.875,29.923200607299805,168700
1993-08-20,37.125,37.25,37.0,37.125,30.126070022583008,101100
1993-08-23,37.375,37.375,36.75,36.875,29.923200607299805,131900
1993-08-24,37.125,37.25,36.5,36.5,29.618894577026367,205700
1993-08-25,36.375,36.375,35.75,35.75,29.01028823852539,195700
1993-08-26,36.0,36.25,35.625,35.75,29.01028823852539,136600
1993-08-27,35.0,35.375,34.75,35.125,28.503108978271484,367400
1993-08-30,35.125,35.125,34.0,34.0,27.5902042388916,464300
1993-08-31,35.0,35.125,34.75,35.0,28.40168571472168,482500
1993-09-01,35.0,35.0,34.0,34.25,27.793075561523438,381400
1993-09-02,34.25,34.5,33.75,34.375,27.894508361816406,249300
1993-09-03,34.375,35.0,34.0,34.625,28.097375869750977,139000
1993-09-07,34.75,35.5,34.625,34.875,28.300243377685547,231600
1993-09-08,34.625,34.875,34.375,34.375,27.894508361816406,158400
1993-09-09,34.375,34.375,34.0,34.125,27.691638946533203,114900
1993-09-10,34.25,35.0,34.125,34.875,28.300243377685547,178000
1993-09-13,35.125,35.25,34.5,34.5,27.995941162109375,177800
1993-09-14,35.5,36.0,34.5,34.75,28.198814392089844,3267100
1993-09-15,34.75,35.625,34.25,35.625,28.908855438232422,701200
1993-09-16,35.75,35.75,35.5,35.75,29.01028823852539,229200
1993-09-17,35.5,35.625,35.375,35.5,28.807422637939453,332200
1993-09-20,35.375,35.5,35.0,35.0,28.40168571472168,361400
1993-09-21,35.0,35.125,34.125,34.5,27.995941162109375,344900
1993-09-22,34.5,35.0,34.5,35.0,28.40168571472168,439900
1993-09-23,35.0,35.0,34.75,34.875,28.300243377685547,80800
1993-09-24,34.875,35.75,34.875,35.75,29.01028823852539,865000
1993-09-27,35.75,36.125,35.625,36.0,29.213159561157227,220200
1993-09-28,36.0,36.0,35.625,35.875,29.111719131469727,79000
1993-09-29,35.875,35.875,35.625,35.875,29.111719131469727,209100
1993-09-30,35.875,36.125,35.5,35.75,29.01028823852539,230500
1993-10-01,35.625,35.875,35.25,35.75,29.01028823852539,159900
1993-10-04,35.75,36.625,35.75,36.375,29.5174617767334,172000
1993-10-05,36.375,36.875,36.375,36.75,29.821758270263672,222000
1993-10-06,36.75,37.375,36.625,37.375,30.328933715820312,333400
1993-10-07,37.375,37.5,36.625,36.75,29.821758270263672,212500
1993-10-08,36.5,36.875,36.5,36.75,29.821758270263672,154900
1993-10-11,36.75,36.75,36.5,36.625,29.720340728759766,97700
1993-10-12,36.5,36.625,36.25,36.25,29.416025161743164,119900
1993-10-13,36.375,37.0,36.375,37.0,30.02463150024414,305400
1993-10-14,37.125,37.875,36.75,37.5,30.430376052856445,289800
1993-10-15,37.625,38.125,37.625,37.75,30.63323402404785,230200
1993-10-18,37.75,38.0,37.75,37.75,30.63323402404785,171200
1993-10-19,38.0,38.125,37.75,38.0,30.83611488342285,230400
1993-10-20,37.875,38.125,37.625,37.875,30.73467254638672,217900
1993-10-21,38.0,38.0,37.625,37.75,30.63323402404785,75700
1993-10-22,37.625,38.125,37.625,37.75,30.63323402404785,171000
1993-10-25,38.0,38.0,37.625,37.75,30.63323402404785,159500
1993-10-26,37.875,37.875,37.25,37.375,30.328933715820312,239300
1993-10-27,37.5,38.5,37.5,38.5,31.241853713989258,452600
1993-10-28,38.5,38.875,38.25,38.375,31.14041519165039,197500
1993-10-29,38.5,38.625,38.375,38.625,31.343280792236328,90400
1993-11-01,38.625,38.875,38.625,38.75,31.444711685180664,140400
1993-11-02,39.0,39.375,38.625,39.375,31.9518985748291,266700
1993-11-03,39.375,39.625,39.125,39.5,32.053321838378906,256100
1993-11-04,39.375,39.375,38.375,38.375,31.14041519165039,199400
1993-11-05,38.375,38.375,37.25,37.75,30.63323402404785,146200
1993-11-08,38.0,38.25,37.5,37.75,30.63323402404785,187200
1993-11-09,38.0,38.0,37.625,37.625,30.53180503845215,124400
1993-11-10,37.625,38.75,37.625,38.75,31.444711685180664,212000
1993-11-11,38.875,39.125,38.5,38.625,31.343280792236328,86200
1993-11-12,38.375,38.5,38.125,38.25,31.038972854614258,231800
1993-11-15,38.5,39.125,38.25,39.0,31.64759063720703,182600
1993-11-16,39.0,39.375,38.5,39.375,31.9518985748291,132900
1993-11-17,39.375,39.375,38.75,38.75,31.444711685180664,184300
1993-11-18,38.625,39.0,38.625,38.75,31.444711685180664,144300
1993-11-19,39.0,39.25,38.625,38.875,31.546152114868164,97400
1993-11-22,38.625,38.75,38.125,38.25,31.038972854614258,127100
1993-11-23,38.25,39.375,37.875,39.25,31.850444793701172,115400
1993-11-24,39.25,39.375,39.0,39.25,31.850444793701172,94800
1993-11-26,39.375,39.5,39.125,39.25,31.850444793701172,32800
1993-11-29,39.375,40.25,39.375,40.0,32.459068298339844,335900
1993-11-30,39.25,39.75,39.25,39.5,32.053321838378906,191600
1993-12-01,39.875,39.875,39.25,39.25,31.850444793701172,167400
1993-12-02,39.375,39.375,38.75,39.25,31.850444793701172,55800
1993-12-03,39.375,39.875,39.375,39.875,32.35762023925781,73400
1993-12-06,39.875,40.375,39.875,40.25,32.66193389892578,241800
1993-12-07,40.0,40.25,39.75,40.0,32.459068298339844,163800
1993-12-08,39.875,40.0,39.5,40.0,32.459068298339844,135200
1993-12-09,40.0,40.5,39.75,39.875,32.35762023925781,183300
1993-12-10,40.125,40.125,39.25,39.5,32.053321838378906,151200
1993-12-13,39.25,40.25,39.25,40.125,32.56050109863281,161000
1993-12-14,39.75,40.0,38.75,39.0,31.64759063720703,181300
1993-12-15,39.25,40.375,39.25,40.0,32.459068298339844,295500
1993-12-16,40.125,40.125,39.5,40.0,32.459068298339844,108400
1993-12-17,40.375,40.375,39.875,40.125,32.56050109863281,296500
1993-12-20,40.125,40.25,39.875,40.25,32.66193389892578,69400
1993-12-21,40.25,40.25,39.5,39.875,32.35762023925781,176300
1993-12-22,40.125,40.375,39.875,40.375,32.763370513916016,137000
1993-12-23,40.0,40.75,40.0,40.5,32.864803314208984,101400
1993-12-27,40.5,41.25,40.5,41.0,33.270538330078125,117300
1993-12-28,40.875,41.0,40.75,41.0,33.270538330078125,111400
1993-12-29,41.0,41.5,41.0,41.5,33.67627716064453,175400
1993-12-30,41.375,41.5,41.25,41.5,33.67627716064453,140500
1993-12-31,41.375,41.875,41.25,41.875,33.98056411743164,61600
1994-01-03,41.875,41.875,40.375,40.375,32.763370513916016,133000
1994-01-04,40.5,40.625,39.75,40.25,32.66193389892578,96900
1994-01-05,40.375,40.75,40.125,40.625,32.96623611450195,159800
1994-01-06,40.75,41.125,40.625,41.0,33.270538330078125,142400
1994-01-07,39.25,39.5,38.625,39.0,31.64759063720703,710400
1994-01-10,39.0,39.25,38.75,39.125,31.749019622802734,300500
1994-01-11,39.125,39.125,37.75,37.75,30.63323402404785,481200
1994-01-12,38.0,38.25,37.5,37.625,30.53180503845215,494600
1994-01-13,37.75,38.0,37.625,37.875,30.73467254638672,267000
1994-01-14,38.0,38.25,37.75,37.875,30.73467254638672,213900
1994-01-17,38.0,38.875,38.0,38.5,31.241853713989258,193200
1994-01-18,38.75,38.75,37.75,37.75,30.63323402404785,154300
1994-01-19,37.875,38.25,37.75,38.125,30.93754768371582,203300
1994-01-20,38.25,39.375,38.25,38.625,31.343280792236328,220400
1994-01-21,39.0,39.0,38.125,38.125,30.93754768371582,188700
1994-01-24,37.875,38.875,37.875,38.5,31.241853713989258,93400
1994-01-25,38.25,38.5,38.125,38.5,31.241853713989258,197900
1994-01-26,38.25,38.5,37.875,38.25,31.038972854614258,117600
1994-01-27,38.375,38.5,38.0,38.375,31.14041519165039,181300
1994-01-28,38.375,38.875,38.375,38.5,31.241853713989258,336900
1994-01-31,38.625,39.125,38.5,38.75,31.444711685180664,137400
1994-02-01,38.875,39.125,38.5,39.0,31.64759063720703,122600
1994-02-02,39.125,39.625,39.125,39.25,31.850444793701172,126600
1994-02-03,39.75,39.75,38.5,38.5,31.241853713989258,321700
1994-02-04,38.125,38.625,38.125,38.125,30.93754768371582,129000
1994-02-07,38.0,39.25,38.0,39.25,31.850444793701172,115400
1994-02-08,39.25,39.25,38.5,38.875,31.546152114868164,134500
1994-02-09,38.875,39.5,38.875,39.25,31.850444793701172,247100
1994-02-10,39.25,39.5,38.125,38.125,30.93754768371582,109300
1994-02-11,38.375,38.875,38.125,38.875,31.546152114868164,115200
1994-02-14,38.5,39.0,38.375,38.375,31.14041519165039,162700
1994-02-15,38.5,38.625,38.25,38.375,31.14041519165039,121900
1994-02-16,38.5,39.5,38.5,39.375,31.9518985748291,115700
1994-02-17,39.5,39.875,39.375,39.875,32.35762023925781,239000
1994-02-18,39.5,39.5,38.875,38.875,31.546152114868164,280600
1994-02-22,37.75,38.25,37.625,38.125,30.93754768371582,320200
1994-02-23,38.25,38.375,37.625,37.75,30.63323402404785,404100
1994-02-24,37.625,37.625,36.875,37.125,30.126070022583008,407400
1994-02-25,37.5,38.125,37.375,38.125,30.93754768371582,1669100
1994-02-28,38.125,38.5,37.75,37.875,30.73467254638672,108700
1994-03-01,38.0,38.0,37.625,37.875,30.73467254638672,112400
1994-03-02,36.75,37.5,36.625,37.25,30.227502822875977,150700
1994-03-03,37.25,37.5,37.25,37.375,30.328933715820312,253100
1994-03-04,37.375,37.875,37.375,37.5,30.430376052856445,64800
1994-03-07,37.5,38.25,37.5,38.0,30.83611488342285,124100
1994-03-08,38.125,38.25,37.5,37.5,30.430376052856445,277700
1994-03-09,37.625,37.875,37.5,37.75,30.63323402404785,195100
1994-03-10,37.75,37.875,37.25,37.875,30.73467254638672,130100
1994-03-11,37.75,37.875,37.5,37.625,30.53180503845215,195200
1994-03-14,38.0,38.125,37.5,37.625,30.53180503845215,147700
1994-03-15,37.625,38.125,37.625,37.875,30.73467254638672,135300
1994-03-16,38.0,38.5,38.0,38.125,30.93754768371582,215800
1994-03-17,38.75,39.875,38.75,39.75,32.25619888305664,723500
1994-03-18,40.0,41.125,40.0,41.0,33.270538330078125,800100
1994-03-21,40.75,40.75,40.25,40.375,32.763370513916016,318100
1994-03-22,40.25,41.125,40.0,40.75,33.06766128540039,645600
1994-03-23,40.75,40.875,40.0,40.0,32.459068298339844,286600
1994-03-24,40.0,40.0,39.625,39.625,32.15475845336914,134900
1994-03-25,39.75,40.0,39.375,39.625,32.15475845336914,108000
1994-03-28,39.75,40.125,39.5,39.875,32.35762023925781,111800
1994-03-29,39.75,39.875,39.375,39.625,32.15475845336914,163500
1994-03-30,39.375,39.75,38.875,39.375,31.9518985748291,214500
1994-03-31,39.25,39.375,38.625,39.125,31.749019622802734,195900
1994-04-04,38.5,39.0,38.5,38.75,31.444711685180664,304400
1994-04-05,39.25,39.5,39.125,39.5,32.053321838378906,144600
1994-04-06,39.5,39.75,39.5,39.625,32.15475845336914,235300
1994-04-07,39.75,39.75,38.75,39.125,31.749019622802734,185500
1994-04-08,39.0,39.0,38.5,38.875,31.546152114868164,160000
1994-04-11,39.0,39.0,38.0,38.25,31.038972854614258,147500
1994-04-12,38.25,38.25,37.625,37.625,30.53180503845215,91600
1994-04-13,37.75,38.125,37.5,37.875,30.73467254638672,97900
1994-04-14,37.375,38.0,37.25,37.625,30.53180503845215,181700
1994-04-15,37.5,37.875,36.875,37.25,30.227502822875977,241200
1994-04-18,37.25,37.25,36.75,36.875,29.923200607299805,184700
1994-04-19,36.5,37.0,35.875,36.25,29.416025161743164,302500
1994-04-20,36.25,36.625,36.25,36.375,29.5174617767334,127700
1994-04-21,36.125,36.375,36.0,36.375,29.5174617767334,232800
1994-04-22,36.875,37.125,35.625,35.625,28.908855438232422,145900
1994-04-25,35.375,36.75,35.375,36.75,29.821758270263672,191000
1994-04-26,37.0,37.375,36.625,36.625,29.720340728759766,119800
1994-04-28,36.625,36.625,35.625,35.625,28.908855438232422,255800
1994-04-29,35.75,36.25,35.625,36.0,29.213159561157227,155300
1994-05-02,35.875,36.5,35.875,36.25,29.416025161743164,196000
1994-05-03,36.125,36.25,35.875,35.875,29.111719131469727,205200
1994-05-04,35.75,35.875,35.375,35.625,28.908855438232422,96800
1994-05-05,36.125,36.375,36.125,36.125,29.31458854675293,226500
1994-05-06,35.875,35.875,35.0,35.75,29.01028823852539,151700
1994-05-09,35.625,35.625,34.875,35.125,28.503108978271484,136300
1994-05-10,35.25,35.25,33.75,34.875,28.300243377685547,255000
1994-05-11,34.75,34.875,34.5,34.75,28.198814392089844,281800
1994-05-12,34.875,36.25,34.75,35.75,29.01028823852539,333700
1994-05-13,36.25,36.625,35.75,35.875,29.111719131469727,220000
1994-05-16,36.25,36.375,35.75,35.75,29.01028823852539,75800
1994-05-17,36.0,36.875,35.75,36.5,29.618894577026367,151700
1994-05-18,36.625,37.625,36.5,37.625,30.53180503845215,287400
1994-05-19,37.25,37.75,37.0,37.625,30.53180503845215,176200
1994-05-20,37.5,37.625,36.75,36.75,29.821758270263672,134000
1994-05-23,36.5,36.5,35.875,36.125,29.31458854675293,99100
1994-05-24,36.375,36.75,36.375,36.375,29.5174617767334,132600
1994-05-25,36.375,36.5,36.125,36.5,29.618894577026367,109300
1994-05-26,36.5,36.625,36.125,36.125,29.31458854675293,107900
1994-05-27,36.0,36.375,35.875,35.875,29.111719131469727,75400
1994-05-31,35.625,36.25,35.625,36.125,29.31458854675293,48700
1994-06-01,35.875,36.25,35.625,36.125,29.31458854675293,133000
1994-06-02,36.375,36.375,35.875,36.0,29.213159561157227,148600
1994-06-03,36.0,36.75,36.0,36.5,29.618894577026367,99000
1994-06-06,36.625,37.125,36.5,37.0,30.02463150024414,124800
1994-06-07,36.625,37.375,36.625,37.25,30.227502822875977,130100
1994-06-08,37.125,37.625,37.125,37.25,30.227502822875977,97200
1994-06-09,37.375,37.625,37.25,37.625,30.53180503845215,95200
1994-06-10,37.625,37.75,37.375,37.625,30.53180503845215,130600
1994-06-13,37.5,37.75,37.5,37.625,30.53180503845215,141500
1994-06-14,37.75,37.875,37.25,37.875,30.73467254638672,183300
1994-06-15,38.0,38.0,37.125,37.75,30.63323402404785,67200
1994-06-16,38.0,38.0,37.375,37.5,30.430376052856445,124800
1994-06-17,37.375,37.75,37.375,37.75,30.63323402404785,262500
1994-06-20,37.5,37.875,37.5,37.625,30.53180503845215,56100
1994-06-21,37.75,37.875,37.375,37.625,30.53180503845215,224900
1994-06-22,37.625,37.625,36.875,37.0,30.02463150024414,157000
1994-06-23,36.75,37.0,36.5,36.5,29.618894577026367,92600
1994-06-24,36.75,36.75,36.0,36.125,29.31458854675293,85200
1994-06-27,36.375,37.625,36.125,37.5,30.430376052856445,196500
1994-06-28,37.5,38.125,37.25,37.5,30.430376052856445,303800
1994-06-29,37.5,37.5,37.0,37.0,30.02463150024414,87300
1994-06-30,37.0,37.25,36.75,37.25,30.227502822875977,137100
1994-07-01,37.25,37.25,36.625,36.75,29.821758270263672,100300
1994-07-05,36.875,37.25,36.5,36.75,29.821758270263672,85600
1994-07-06,36.75,36.75,36.25,36.25,29.416025161743164,65800
1994-07-07,36.25,36.5,36.25,36.25,29.416025161743164,55200
1994-07-08,36.5,36.625,36.125,36.5,29.618894577026367,158800
1994-07-11,36.5,37.0,36.25,37.0,30.02463150024414,61100
1994-07-12,37.0,37.0,36.5,37.0,30.02463150024414,68700
1994-07-13,37.0,37.25,36.875,37.0,30.02463150024414,44300
1994-07-14,37.25,37.625,37.125,37.625,30.53180503845215,59400
1994-07-15,37.625,37.625,36.875,37.25,30.227502822875977,143200
1994-07-18,37.375,37.5,37.25,37.25,30.227502822875977,44500
1994-07-19,37.25,37.375,36.875,36.875,29.923200607299805,95600
1994-07-20,36.25,36.25,34.625,35.375,28.705984115600586,486300
1994-07-21,35.5,35.5,34.125,34.625,28.097375869750977,272100
1994-07-22,34.75,35.125,34.75,35.0,28.40168571472168,92500
1994-07-25,35.0,35.0,34.125,34.25,27.793075561523438,43300
1994-07-26,34.5,35.25,34.375,35.25,28.604543685913086,149300
1994-07-27,35.0,35.5,34.875,35.125,28.503108978271484,113400
1994-07-28,35.25,36.125,35.125,35.5,28.807422637939453,112700
1994-07-29,35.5,35.875,35.375,35.75,29.01028823852539,100000
1994-08-01,35.5,35.75,35.375,35.625,28.908855438232422,60500
1994-08-02,35.75,36.0,35.625,36.0,29.213159561157227,93300
1994-08-03,35.5,35.75,35.5,35.5,28.807422637939453,68900
1994-08-04,35.5,35.875,35.5,35.625,28.908855438232422,72100
1994-08-05,35.375,35.5,35.25,35.375,28.705984115600586,52100
1994-08-08,35.125,35.5,34.625,35.25,28.604543685913086,42500
1994-08-09,35.25,35.375,35.0,35.0,28.40168571472168,81200
1994-08-10,35.125,35.125,34.5,34.625,28.097375869750977,222900
1994-08-11,34.625,34.625,33.5,34.0,27.5902042388916,335800
1994-08-12,34.25,34.625,33.5,34.625,28.097375869750977,394800
1994-08-15,34.5,35.125,34.25,35.0,28.40168571472168,128500
1994-08-16,35.0,36.0,34.875,36.0,29.213159561157227,274000
1994-08-17,36.0,36.0,35.0,35.375,28.705984115600586,188200
1994-08-18,35.25,35.25,34.75,35.0,28.40168571472168,131700
1994-08-19,35.25,35.5,35.0,35.375,28.705984115600586,82700
1994-08-22,35.0,35.5,35.0,35.5,28.807422637939453,74900
1994-08-23,35.5,35.5,34.75,34.75,28.198814392089844,287000
1994-08-24,35.0,35.375,34.875,35.375,28.705984115600586,124100
1994-08-25,35.5,36.125,35.5,35.875,29.111719131469727,242700
1994-08-26,35.875,36.875,35.875,36.875,29.923200607299805,240900
1994-08-29,37.125,37.375,36.75,36.75,29.821758270263672,141300
1994-08-30,36.5,36.875,36.5,36.625,29.720340728759766,219700
1994-08-31,36.75,37.375,36.75,37.25,30.227502822875977,181000
1994-09-01,37.0,37.125,36.875,37.0,30.02463150024414,96100
1994-09-02,36.875,36.875,36.125,36.375,29.5174617767334,267600
1994-09-06,36.375,36.75,36.25,36.75,29.821758270263672,81400
1994-09-07,37.0,37.0,35.75,35.75,29.01028823852539,137600
1994-09-08,36.0,36.375,35.875,36.0,29.213159561157227,138800
1994-09-09,35.75,35.875,35.5,35.75,29.01028823852539,139500
1994-09-12,36.0,36.5,35.75,35.75,29.01028823852539,64800
1994-09-13,35.75,35.75,35.5,35.625,28.908855438232422,169000
1994-09-14,35.875,37.5,35.875,36.75,29.821758270263672,305600
1994-09-15,39.0,39.5,38.625,38.75,31.444711685180664,794500
1994-09-16,38.5,39.125,38.375,39.0,31.64759063720703,928900
1994-09-19,39.0,39.125,38.25,38.625,31.343280792236328,198300
1994-09-20,38.5,38.625,38.0,38.125,30.93754768371582,274700
1994-09-21,38.125,38.25,37.875,38.125,30.93754768371582,122300
1994-09-22,38.25,38.75,38.25,38.25,31.038972854614258,171600
1994-09-23,38.375,38.625,38.125,38.375,31.14041519165039,88200
1994-09-26,38.375,38.875,38.25,38.25,31.038972854614258,121300
1994-09-27,38.5,38.5,38.375,38.375,31.14041519165039,140600
1994-09-28,38.625,39.5,38.625,39.25,31.850444793701172,209500
1994-09-29,39.125,39.25,38.375,38.875,31.546152114868164,196800
1994-09-30,39.0,39.125,38.375,38.5,31.241853713989258,160800
1994-10-03,38.5,38.75,38.125,38.75,31.444711685180664,77800
1994-10-04,38.5,38.625,37.375,38.125,30.93754768371582,154400
1994-10-05,38.25,38.25,37.25,37.625,30.53180503845215,157600
1994-10-06,37.75,38.5,37.625,38.0,30.83611488342285,172900
1994-10-07,38.125,38.125,37.625,37.625,30.53180503845215,183300
1994-10-10,37.75,37.875,37.0,37.25,30.227502822875977,142900
1994-10-11,37.25,37.75,37.25,37.25,30.227502822875977,132700
1994-10-12,37.5,38.25,37.0,37.875,30.73467254638672,180100
1994-10-13,38.5,39.125,38.375,38.75,31.444711685180664,544300
1994-10-14,38.875,40.375,38.75,40.375,32.763370513916016,319200
1994-10-17,40.125,40.125,39.625,39.875,32.35762023925781,403200
1994-10-18,39.875,40.125,39.25,39.25,31.850444793701172,155500
1994-10-19,39.25,40.125,38.75,40.0,32.459068298339844,181900
1994-10-20,39.375,39.375,38.375,39.0,31.64759063720703,360600
1994-10-21,38.5,38.625,37.0,37.5,30.430376052856445,960100
1994-10-24,37.625,37.625,37.0,37.0,30.02463150024414,387500
1994-10-25,36.375,36.75,36.25,36.75,29.821758270263672,489700
1994-10-26,37.0,37.5625,37.0,37.5,30.430376052856445,230400
1994-10-27,37.5,37.625,37.375,37.5,30.430376052856445,204500
1994-10-28,37.75,38.75,37.75,38.75,31.444711685180664,497900
1994-10-31,39.0,39.25,38.875,38.875,31.546152114868164,495500
1994-11-01,38.75,38.75,38.5,38.5,31.241853713989258,217500
1994-11-02,38.5,38.625,38.0,38.125,30.93754768371582,235300
1994-11-03,38.125,38.5,38.0,38.375,31.14041519165039,340900
1994-11-04,38.5,38.875,38.5,38.625,31.343280792236328,217800
1994-11-07,38.375,38.5,38.125,38.5,31.241853713989258,241200
1994-11-08,38.375,38.75,38.375,38.75,31.444711685180664,355200
1994-11-09,38.875,39.125,38.875,39.125,31.749019622802734,256200
1994-11-10,39.125,40.0,39.125,39.75,32.25619888305664,451200
1994-11-11,39.375,39.625,38.75,38.75,31.444711685180664,267800
1994-11-14,38.875,39.75,38.875,39.5,32.053321838378906,216900
1994-11-15,39.5,39.75,39.25,39.625,32.15475845336914,300200
1994-11-16,39.5,39.625,39.125,39.375,31.9518985748291,46600
1994-11-17,40.625,40.875,39.25,39.25,31.850444793701172,279800
1994-11-18,39.25,39.875,38.875,38.875,31.546152114868164,277200
1994-11-21,39.0,39.0,38.25,38.375,31.14041519165039,163700
1994-11-22,37.5,38.25,37.5,37.5,30.430376052856445,260300
1994-11-23,37.0,37.125,36.5,36.75,29.821758270263672,332400
1994-11-25,36.875,37.25,36.75,37.0,30.02463150024414,331400
1994-11-28,36.625,37.125,36.375,37.125,30.126070022583008,214200
1994-11-29,37.0,38.125,37.0,38.125,30.93754768371582,306900
1994-11-30,38.0,38.0,37.5,37.75,30.63323402404785,143100
1994-12-01,37.5,37.5,35.875,36.375,29.5174617767334,225500
1994-12-02,36.375,37.5,36.25,37.375,30.328933715820312,211700
1994-12-05,37.5,37.625,37.0,37.0,30.02463150024414,91300
1994-12-06,36.75,36.875,36.125,36.375,29.5174617767334,234400
1994-12-07,36.125,36.625,36.125,36.5,29.618894577026367,134000
1994-12-08,36.375,36.75,36.25,36.75,29.821758270263672,125400
1994-12-09,36.5,36.75,36.25,36.75,29.821758270263672,131700
1994-12-12,36.75,37.25,36.625,37.125,30.126070022583008,103300
1994-12-13,37.125,37.25,36.5,36.625,29.720340728759766,154000
1994-12-14,36.5,38.125,36.5,37.875,30.73467254638672,213500
1994-12-15,37.875,38.25,37.25,38.25,31.038972854614258,171700
1994-12-16,38.25,38.75,37.75,38.75,31.444711685180664,297200
1994-12-19,38.5,39.125,37.25,37.25,30.227502822875977,120500
1994-12-20,37.375,38.125,37.125,38.125,30.93754768371582,198400
1994-12-21,38.5,39.0,38.375,38.625,31.343280792236328,359600
1994-12-22,38.625,38.875,38.5,38.5,31.241853713989258,158100
1994-12-23,38.5,38.625,37.375,37.75,30.63323402404785,119700
1994-12-27,37.875,38.875,37.75,38.625,31.343280792236328,134600
1994-12-28,38.625,38.875,38.25,38.625,31.343280792236328,50900
1994-12-29,38.5,38.875,38.25,38.5,31.241853713989258,80100
1994-12-30,38.375,38.875,37.75,37.75,30.63323402404785,82300
1995-01-03,37.75,38.75,37.75,38.625,31.343280792236328,224800
1995-01-04,38.75,38.875,38.5,38.75,31.444711685180664,108900
1995-01-05,38.625,38.875,38.5625,38.875,31.546152114868164,137600
1995-01-06,38.75,39.0,38.5,38.625,31.343280792236328,463500
1995-01-09,38.625,38.625,38.375,38.5,31.241853713989258,150000
1995-01-10,38.5,38.875,38.375,38.375,31.14041519165039,108900
1995-01-11,38.5,38.75,38.125,38.625,31.343280792236328,91000
1995-01-12,38.25,39.125,38.25,38.25,31.038972854614258,194100
1995-01-13,38.5,39.0,38.5,38.875,31.546152114868164,251900
1995-01-16,38.875,39.5,38.875,39.5,32.053321838378906,372200
1995-01-17,39.5,40.625,39.375,40.375,32.763370513916016,404200
1995-01-18,40.375,40.5,39.75,39.75,32.25619888305664,232200
1995-01-19,39.25,39.625,39.25,39.5,32.053321838378906,106900
1995-01-20,39.375,39.75,39.25,39.375,31.9518985748291,258400
1995-01-23,39.125,39.875,39.125,39.75,32.25619888305664,171300
1995-01-24,40.0,40.375,39.625,39.875,32.35762023925781,384300
1995-01-25,40.0,40.125,39.625,39.75,32.25619888305664,128800
1995-01-26,39.75,40.0,38.625,38.875,31.546152114868164,418400
1995-01-27,39.5,40.0,39.25,39.75,32.25619888305664,191000
1995-01-30,39.625,40.375,39.625,40.25,32.66193389892578,521300
1995-01-31,40.375,41.0,40.25,40.375,32.763370513916016,175100
1995-02-01,40.375,40.75,40.25,40.625,32.96623611450195,296700
1995-02-02,40.625,41.625,40.5,41.5,33.67627716064453,312000
1995-02-03,41.5,42.0,41.5,42.0,34.08202362060547,237400
1995-02-06,42.0,42.875,41.75,42.875,34.79205322265625,217900
1995-02-07,43.0,43.125,41.5,42.0,34.08202362060547,864800
1995-02-08,41.0,41.375,40.625,41.25,33.47340774536133,614300
1995-02-09,40.875,41.875,40.875,41.5,33.67627716064453,344700
1995-02-10,41.375,41.375,40.625,40.75,33.06766128540039,468600
1995-02-13,40.75,41.5,40.75,41.25,33.47340774536133,473500
1995-02-14,41.375,42.125,41.375,42.0,34.08202362060547,190200
1995-02-15,42.0,42.875,42.0,42.875,34.79205322265625,373300
1995-02-16,42.75,42.75,42.0,42.0,34.08202362060547,230400
1995-02-17,42.5,43.125,42.5,43.0,34.893489837646484,247000
1995-02-21,42.5,42.5,42.125,42.125,34.18345260620117,274800
1995-02-22,42.125,42.5,41.625,42.0,34.08202362060547,277600
1995-02-23,42.25,43.0,42.25,42.5,34.487762451171875,293100
1995-02-24,42.25,42.5,42.25,42.5,34.487762451171875,174600
1995-02-27,42.25,42.75,42.125,42.625,34.589195251464844,145100
1995-02-28,42.625,42.75,42.5,42.625,34.589195251464844,141000
1995-03-01,42.625,42.875,42.5,42.75,34.69062805175781,110900
1995-03-02,42.75,43.0,42.5,42.875,34.79205322265625,228500
1995-03-03,42.875,42.875,42.625,42.875,34.79205322265625,65000
1995-03-06,42.625,42.75,42.25,42.75,34.69062805175781,282600
1995-03-07,42.375,42.5,41.875,42.125,34.18345260620117,290900
1995-03-08,42.125,42.25,42.125,42.25,34.28488540649414,114100
1995-03-09,42.125,42.375,41.875,42.25,34.28488540649414,105900
1995-03-10,42.25,42.75,42.125,42.375,34.38631820678711,224400
1995-03-13,42.625,42.875,42.375,42.75,34.69062805175781,141200
1995-03-14,42.125,43.625,42.125,43.0,34.893489837646484,286900
1995-03-15,42.875,43.625,42.875,43.375,35.197792053222656,307000
1995-03-16,43.5,44.0,43.25,43.25,35.09635925292969,350000
1995-03-17,43.5,43.75,43.25,43.75,35.50209045410156,432200
1995-03-20,43.375,44.0,43.375,43.875,35.60354232788086,286400
1995-03-21,43.875,44.625,43.875,44.0,35.70497131347656,240000
1995-03-22,43.875,44.125,43.75,44.0,35.70497131347656,217900
1995-03-23,43.75,43.875,43.5,43.5,35.299232482910156,446200
1995-03-24,43.125,43.875,43.125,43.5,35.299232482910156,131000
1995-03-27,43.75,45.0,43.5,44.25,35.907840728759766,284600
1995-03-28,44.25,44.25,43.375,43.875,35.60354232788086,347600
1995-03-29,43.75,44.5,43.5,43.625,35.40066146850586,243000
1995-03-30,43.75,43.875,42.625,43.5,35.299232482910156,194200
1995-03-31,43.625,43.875,43.0,43.875,35.60354232788086,275800
1995-04-03,43.875,43.875,43.125,43.25,35.09635925292969,126100
1995-04-04,43.25,43.875,43.25,43.875,35.60354232788086,111000
1995-04-05,43.5,43.625,43.125,43.375,35.197792053222656,237300
1995-04-06,43.5,43.75,43.125,43.25,35.09635925292969,222400
1995-04-07,43.375,43.375,42.75,43.125,34.994937896728516,314900
1995-04-10,43.0,43.5,43.0,43.5,35.299232482910156,79000
1995-04-11,43.75,43.875,43.0,43.25,35.09635925292969,145900
1995-04-12,43.125,43.25,43.0,43.0,34.893489837646484,58900
1995-04-13,43.0,43.375,41.5,41.5,33.67627716064453,343500
1995-04-17,41.875,42.25,41.625,41.625,33.77771759033203,600400
1995-04-18,41.875,41.875,40.5,41.25,33.47340774536133,291900
1995-04-19,41.25,41.375,40.625,40.75,33.06766128540039,302200
1995-04-20,41.125,43.125,41.0,42.25,34.28488540649414,376700
1995-04-21,42.5,42.75,41.875,42.5,34.487762451171875,302800
1995-04-24,42.5,43.125,42.25,42.625,34.589195251464844,226700
1995-04-25,42.5,42.875,42.25,42.625,34.589195251464844,190500
1995-04-26,42.75,43.125,42.625,43.125,34.994937896728516,221600
1995-04-27,42.625,42.625,42.125,42.625,34.589195251464844,159000
1995-04-28,42.75,43.0,42.25,42.75,34.69062805175781,140100
1995-05-01,43.0,43.0,41.875,42.125,34.18345260620117,144300
1995-05-02,42.25,42.25,41.5,41.5,33.67627716064453,168600
1995-05-03,41.625,42.625,41.5,42.5,34.487762451171875,329600
1995-05-04,43.0,43.375,42.5,42.625,34.589195251464844,229700
1995-05-05,42.875,43.0,42.25,42.25,34.28488540649414,192400
1995-05-08,42.25,43.5,42.25,43.375,35.197792053222656,380700
1995-05-09,43.5,43.625,43.125,43.625,35.40066146850586,193300
1995-05-10,43.5,44.125,43.5,44.125,35.80640411376953,249700
1995-05-11,44.125,44.125,43.75,43.875,35.60354232788086,149000
1995-05-12,43.875,45.0,43.875,44.375,36.00926971435547,209300
1995-05-15,42.0,42.25,41.625,42.125,34.18345260620117,653000
1995-05-16,43.0,43.5,42.5,42.5,34.487762451171875,295900
1995-05-17,42.625,42.625,42.0,42.125,34.18345260620117,307800
1995-05-18,42.125,42.125,41.625,41.75,33.879150390625,80800
1995-05-19,41.75,42.0,40.875,41.5,33.67627716064453,253500
1995-05-22,41.625,42.0,41.625,41.75,33.879150390625,121900
1995-05-23,46.75,48.375,46.125,47.25,38.342281341552734,3717100
1995-05-24,47.75,47.875,45.5,47.125,38.24082946777344,1010300
1995-05-25,47.125,47.125,46.0,46.0,37.32792663574219,351200
1995-05-26,46.0,46.375,45.875,46.125,37.42935562133789,357200
1995-05-30,46.125,46.5,46.0,46.375,37.632225036621094,281000
1995-05-31,46.375,47.0,46.25,47.0,38.13939666748047,423600
1995-06-01,47.0,47.25,46.5,46.875,38.037967681884766,395900
1995-06-02,46.875,48.125,46.625,48.125,39.05231475830078,581800
1995-06-05,48.0,49.5,47.875,49.25,39.965213775634766,635200
1995-06-06,49.125,49.875,49.0,49.75,40.37096405029297,610900
1995-06-07,49.875,49.875,49.125,49.375,40.066654205322266,309900
1995-06-08,49.5,50.125,49.375,49.75,40.37096405029297,273400
1995-06-09,49.5,49.75,48.875,49.125,39.863792419433594,381900
1995-06-12,49.125,49.25,48.875,49.125,39.863792419433594,295900
1995-06-13,49.125,49.25,48.875,49.125,39.863792419433594,719800
1995-06-14,49.125,49.25,48.875,49.25,39.965213775634766,265500
1995-06-15,49.125,49.25,49.0,49.125,39.863792419433594,156100
1995-06-16,49.125,49.125,48.375,48.375,39.255184173583984,836600
1995-06-19,48.5,49.0,47.875,49.0,39.762351989746094,541600
1995-06-20,49.0,49.0,48.25,48.25,39.15374755859375,546800
1995-06-21,48.375,48.375,48.0,48.125,39.05231475830078,453300
1995-06-22,48.25,48.875,48.25,48.75,39.55948257446289,557000
1995-06-23,48.375,48.5,48.0,48.375,39.255184173583984,488700
1995-06-26,48.25,48.5,48.0,48.125,39.05231475830078,341400
1995-06-27,48.25,48.75,48.25,48.375,39.255184173583984,443800
1995-06-28,48.375,49.125,48.25,49.0,39.762351989746094,410700
1995-06-29,49.0,49.625,49.0,49.5,40.1681022644043,564600
1995-06-30,49.5,50.25,49.5,50.125,40.675270080566406,327600
1995-07-03,50.125,50.625,50.125,50.5,40.97956848144531,198000
1995-07-05,50.25,50.25,49.75,50.0,40.57383728027344,713700
1995-07-06,49.75,50.125,49.75,50.0,40.57383728027344,1487400
1995-07-07,50.125,50.125,49.5,49.75,40.37096405029297,192700
1995-07-10,49.75,50.125,49.75,50.0,40.57383728027344,608000
1995-07-11,49.75,49.875,49.125,49.25,39.965213775634766,298400
1995-07-12,49.25,49.375,48.25,48.75,39.55948257446289,505300
1995-07-13,48.75,49.125,48.625,48.875,39.66092300415039,508700
1995-07-14,48.875,49.0,48.625,48.625,39.45805358886719,212600
1995-07-17,48.375,48.625,48.25,48.625,39.45805358886719,199700
1995-07-18,48.5,48.75,48.125,48.25,39.15374755859375,295900
1995-07-19,48.125,48.375,48.125,48.25,39.15374755859375,385700
1995-07-20,48.375,48.375,48.125,48.25,39.15374755859375,316800
1995-07-21,46.75,47.125,45.625,46.75,37.9365348815918,2226200
1995-07-24,46.625,46.75,45.5,45.5,36.92218780517578,869100
1995-07-25,45.375,46.25,45.375,46.25,37.53079605102539,608700
1995-07-26,45.875,45.875,44.75,45.5,36.92218780517578,1285000
1995-07-27,45.625,45.875,45.125,45.25,36.71931076049805,477000
1995-07-28,45.0,45.375,44.625,45.25,36.71931076049805,553700
1995-07-31,45.375,45.375,44.875,45.125,36.61787414550781,277700
1995-08-01,45.0,45.5,45.0,45.25,36.71931076049805,177000
1995-08-02,45.75,46.125,44.375,44.75,36.31357192993164,453600
1995-08-03,44.75,45.25,44.5,45.25,36.71931076049805,174500
1995-08-04,45.25,45.5,45.125,45.25,36.71931076049805,236900
1995-08-07,45.25,45.75,45.0,45.25,36.71931076049805,209400
1995-08-08,45.125,45.25,44.375,44.625,36.21213912963867,441700
1995-08-09,44.625,44.625,44.0,44.125,35.80640411376953,406500
1995-08-10,44.0,44.0,43.0,43.25,35.09635925292969,579100
1995-08-11,43.25,43.375,42.75,43.25,35.09635925292969,624900
1995-08-14,43.25,43.875,43.125,43.875,35.60354232788086,195700
1995-08-15,44.0,44.0,43.0,43.25,35.09635925292969,309100
1995-08-16,43.0,43.25,42.75,43.25,35.09635925292969,365800
1995-08-17,43.25,43.5,43.125,43.125,34.994937896728516,365400
1995-08-18,43.0,43.25,42.875,43.125,34.994937896728516,468400
1995-08-21,43.25,43.5,43.0,43.125,34.994937896728516,289100
1995-08-22,43.375,43.75,43.125,43.25,35.09635925292969,465900
1995-08-23,43.125,43.75,43.125,43.5,35.299232482910156,647400
1995-08-24,44.125,44.75,44.0,44.625,36.21213912963867,1623800
1995-08-25,44.625,45.25,44.625,45.125,36.61787414550781,724900
1995-08-28,45.125,45.25,45.0,45.125,36.61787414550781,205200
1995-08-29,44.875,45.25,44.875,45.125,36.61787414550781,228900
1995-08-30,45.0,45.125,44.875,45.125,36.61787414550781,340400
1995-08-31,45.125,45.125,44.875,45.0,36.51645278930664,460600
1995-09-01,45.0,45.0,44.75,44.75,36.31357192993164,83300
1995-09-05,44.75,45.25,44.75,45.25,36.71931076049805,331000
1995-09-06,45.25,45.5,45.125,45.375,36.82075119018555,510600
1995-09-07,45.25,45.375,45.0,45.125,36.61787414550781,655200
1995-09-08,45.125,45.125,45.0,45.0,36.51645278930664,235300
1995-09-11,44.875,44.875,44.625,44.75,36.31357192993164,337400
1995-09-12,44.75,44.75,44.25,44.25,35.907840728759766,474600
1995-09-13,44.375,44.375,43.875,44.125,35.80640411376953,291800
1995-09-14,44.0,44.25,44.0,44.25,35.907840728759766,949300
1995-09-15,44.375,44.375,44.0,44.375,36.00926971435547,218200
1995-09-18,44.25,44.375,44.0,44.125,35.80640411376953,459100
1995-09-19,43.0,43.0,38.5,38.75,31.444711685180664,4520900
1995-09-20,39.0,39.0,36.0,36.625,29.720340728759766,3557100
1995-09-21,37.0,37.375,36.125,37.0,30.02463150024414,1831200
1995-09-22,36.25,36.875,36.25,36.375,29.5174617767334,1550600
1995-09-25,36.625,36.875,36.375,36.75,29.821758270263672,767500
1995-09-26,37.0,37.5,37.0,37.375,30.328933715820312,888500
1995-09-27,37.375,37.875,37.0,37.375,30.328933715820312,786100
1995-09-28,37.25,38.625,37.0,38.375,31.14041519165039,822500
1995-09-29,38.125,38.75,37.875,38.75,31.444711685180664,1214700
1995-10-02,38.875,39.5,38.75,38.75,31.444711685180664,845800
1995-10-03,38.75,39.25,38.75,39.0,31.64759063720703,373200
1995-10-04,39.0,39.0,38.0,38.25,31.038972854614258,1732700
1995-10-05,38.0,38.5,37.625,37.75,30.63323402404785,332500
1995-10-06,37.75,37.75,35.75,36.5,29.618894577026367,916000
1995-10-09,36.5,36.5,35.25,35.5,28.807422637939453,453800
1995-10-10,35.25,36.5,34.25,36.125,29.31458854675293,475600
1995-10-11,36.25,36.375,35.75,35.875,29.111719131469727,245000
1995-10-12,36.0,36.0,34.875,35.375,28.705984115600586,390300
1995-10-13,35.5,35.875,35.125,35.375,28.705984115600586,263500
1995-10-16,35.5,36.0,35.5,36.0,29.213159561157227,189300
1995-10-17,36.0,36.0,35.25,35.5,28.807422637939453,340700
1995-10-18,35.375,36.25,35.375,35.625,28.908855438232422,323000
1995-10-19,35.625,35.625,35.0,35.25,28.604543685913086,227400
1995-10-20,35.25,35.25,34.25,35.125,28.503108978271484,237800
1995-10-23,35.0,35.0,34.375,34.75,28.198814392089844,319200
1995-10-24,35.25,35.5,34.75,35.5,28.807422637939453,331700
1995-10-25,34.875,35.375,34.875,35.125,28.503108978271484,430000
1995-10-26,34.875,34.875,33.75,34.5,27.995941162109375,576800
1995-10-27,34.5,34.5,33.5,33.5,27.184465408325195,363200
1995-10-30,34.0,35.5,33.875,35.0,28.40168571472168,783900
1995-10-31,35.25,35.375,34.875,34.875,28.300243377685547,506300
1995-11-01,35.0,35.0,34.625,34.625,28.097375869750977,301500
1995-11-02,34.5,34.875,34.25,34.5,27.995941162109375,500400
1995-11-03,34.625,34.875,34.5,34.625,28.097375869750977,344300
1995-11-06,34.75,34.75,34.125,34.5,27.995941162109375,227300
1995-11-07,34.5,35.875,34.375,35.0,28.40168571472168,526600
1995-11-08,36.75,37.125,36.25,37.125,30.126070022583008,953400
1995-11-09,37.375,38.375,37.25,38.25,31.038972854614258,1184100
1995-11-10,38.75,40.0,38.75,40.0,32.459068298339844,784600
1995-11-13,40.0,40.0,39.25,39.5,32.053321838378906,465100
1995-11-14,39.25,40.125,39.25,40.125,32.56050109863281,662400
1995-11-15,40.0,41.75,40.0,40.5,32.864803314208984,682000
1995-11-16,40.75,41.0,40.75,41.0,33.270538330078125,231600
1995-11-17,41.25,41.25,40.5,40.875,33.16910171508789,311300
1995-11-20,40.875,41.125,40.75,40.875,33.16910171508789,417400
1995-11-21,40.875,41.25,40.875,41.25,33.47340774536133,213800
1995-11-22,41.25,42.875,40.75,42.875,34.79205322265625,737600
1995-11-24,42.5,42.625,42.375,42.5,34.487762451171875,164500
1995-11-27,42.25,44.625,42.25,43.875,35.60354232788086,1018800
1995-11-28,43.625,43.625,43.0,43.375,35.197792053222656,775100
1995-11-29,43.375,43.375,42.5,42.5,34.487762451171875,522400
1995-11-30,42.625,42.625,41.875,41.875,33.98056411743164,547600
1995-12-01,42.0,42.0,41.25,41.625,33.77771759033203,345400
1995-12-04,41.5,42.0,41.5,42.0,34.08202362060547,463900
1995-12-05,41.875,42.375,41.75,42.125,34.18345260620117,413200
1995-12-06,42.25,42.375,42.25,42.375,34.38631820678711,254400
1995-12-07,42.125,42.625,42.125,42.375,34.38631820678711,321800
1995-12-08,42.375,42.375,42.0,42.25,34.28488540649414,264700
1995-12-11,42.125,42.25,41.75,41.875,33.98056411743164,198000
1995-12-12,41.875,41.875,41.25,41.375,33.57484436035156,550900
1995-12-13,41.25,41.25,40.625,41.0,33.270538330078125,270700
1995-12-14,41.0,41.0,40.625,41.0,33.270538330078125,411400
1995-12-15,41.0,41.0,40.5,40.625,32.96623611450195,815700
1995-12-18,40.25,40.375,39.875,40.0,32.459068298339844,1156700
1995-12-19,39.875,40.75,39.875,40.75,33.06766128540039,459500
1995-12-20,40.75,41.375,40.625,41.125,33.37197494506836,561300
1995-12-21,41.25,41.375,41.125,41.375,33.57484436035156,292400
1995-12-22,41.375,41.5,41.125,41.25,33.47340774536133,245300
1995-12-26,41.375,41.75,41.0,41.0,33.270538330078125,217100
1995-12-27,40.875,41.625,40.875,41.5,33.67627716064453,323300
1995-12-28,41.375,41.75,41.375,41.625,33.77771759033203,316400
1995-12-29,41.625,41.875,41.5,41.75,33.879150390625,170800
1996-01-02,41.75,42.125,41.625,42.125,34.18345260620117,291200
1996-01-03,42.125,42.125,41.75,42.0,34.08202362060547,634500
1996-01-04,42.0,42.0,41.75,41.875,33.98056411743164,989100
1996-01-05,41.75,42.0,41.75,42.0,34.08202362060547,317700
1996-01-08,42.0,42.0,41.875,41.875,33.98056411743164,36900
1996-01-09,42.0,42.0,41.5,41.5,33.67627716064453,566700
1996-01-10,41.625,41.75,41.625,41.625,33.77771759033203,595200
1996-01-11,41.875,41.875,41.625,41.625,33.77771759033203,136800
1996-01-12,41.625,41.875,41.5,41.75,33.879150390625,457000
1996-01-15,41.875,41.875,41.75,41.875,33.98056411743164,432200
1996-01-16,41.875,41.875,41.625,41.75,33.879150390625,455400
1996-01-17,41.75,41.75,41.375,41.5,33.67627716064453,239400
1996-01-18,41.375,41.625,41.25,41.625,33.77771759033203,654000
1996-01-19,41.375,41.5,41.25,41.375,33.57484436035156,505600
1996-01-22,41.25,41.375,41.25,41.375,33.57484436035156,586400
1996-01-23,41.25,41.375,41.125,41.25,33.47340774536133,997400
1996-01-24,41.25,41.25,41.0,41.125,33.37197494506836,439500
1996-01-25,41.125,41.125,41.0,41.0,33.270538330078125,445600
1996-01-26,41.125,41.125,40.625,40.75,33.06766128540039,334700
1996-01-29,40.75,40.875,40.625,40.875,33.16910171508789,1951900
1996-01-30,40.875,40.875,40.625,40.625,32.96623611450195,428500
1996-01-31,40.875,41.375,40.875,41.125,33.37197494506836,1423200
1996-02-01,41.125,41.5,40.625,41.375,33.57484436035156,700000
1996-02-02,41.375,41.625,40.625,41.0,33.270538330078125,877100
1996-02-05,40.875,41.5,40.875,41.375,33.57484436035156,475600
1996-02-06,41.375,41.375,41.0,41.25,33.47340774536133,791000
1996-02-07,41.25,41.875,41.125,41.875,33.98056411743164,1158900
1996-02-08,41.875,42.75,41.75,42.75,34.69062805175781,646300
1996-02-09,42.875,43.0,42.125,42.625,34.589195251464844,789600
1996-02-12,42.625,42.875,42.5,42.875,34.79205322265625,311100
1996-02-13,43.375,45.0,43.375,44.375,36.00926971435547,1553900
1996-02-14,44.375,45.375,44.375,44.875,36.41501235961914,870900
1996-02-15,44.875,46.75,44.875,45.75,37.12504959106445,988300
1996-02-16,45.875,46.0,45.375,45.375,36.82075119018555,552700
1996-02-20,44.75,46.875,44.625,45.625,37.02362060546875,613300
1996-02-21,45.5,47.625,45.5,47.375,38.44369125366211,628300
1996-02-22,48.0,49.125,47.625,49.0,39.762351989746094,873700
1996-02-23,49.0,49.75,48.75,49.5,40.1681022644043,553600
1996-02-26,51.0,51.0,48.0,48.0,38.950870513916016,1823400
1996-02-27,48.375,49.0,47.875,48.5,39.35661315917969,759600
1996-02-28,49.0,49.25,48.5,48.75,39.55948257446289,724900
1996-02-29,48.5,48.5,46.5,47.125,38.24082946777344,1692200
1996-03-01,47.25,48.0,46.625,48.0,38.950870513916016,350100
1996-03-04,49.0,50.375,49.0,50.0,40.57383728027344,429800
1996-03-05,49.75,49.875,49.125,49.875,40.47238540649414,450200
1996-03-06,49.875,50.0,49.375,49.375,40.066654205322266,460000
1996-03-07,50.375,50.5,49.5,49.5,40.1681022644043,365500
1996-03-08,48.25,49.125,47.75,48.0,38.950870513916016,515800
1996-03-11,48.125,48.75,47.75,48.5,39.35661315917969,595000
1996-03-12,48.0,48.25,47.25,47.5,38.545135498046875,266300
1996-03-13,47.25,48.0,46.875,47.125,38.44316482543945,279000
1996-03-14,47.25,48.25,47.0,47.75,38.95302200317383,437300
1996-03-15,48.0,48.75,47.5,48.75,39.768795013427734,281200
1996-03-18,49.0,49.875,48.25,48.75,39.768795013427734,306000
1996-03-19,49.0,49.25,48.25,48.5,39.56485366821289,174300
1996-03-20,48.875,49.625,48.625,49.625,40.48259353637695,203900
1996-03-21,49.625,50.25,49.125,49.125,40.07470703125,349400
1996-03-22,49.375,49.75,49.375,49.625,40.48259353637695,197400
1996-03-25,49.375,50.0,48.375,48.625,39.66682052612305,175900
1996-03-26,48.375,48.5,47.75,48.125,39.25893783569336,1287800
1996-03-27,48.25,48.875,48.0,48.5,39.56485366821289,750200
1996-03-28,48.25,48.625,48.0,48.375,39.4628791809082,239300
1996-03-29,48.25,48.875,48.25,48.75,39.768795013427734,213700
1996-04-01,48.5,48.75,48.375,48.5,39.56485366821289,210500
1996-04-02,48.5,48.625,48.125,48.375,39.4628791809082,382900
1996-04-03,48.25,48.25,47.75,48.125,39.25893783569336,1097700
1996-04-04,47.625,47.875,46.625,47.25,38.54514694213867,547500
1996-04-08,47.5,47.5,46.0,47.125,38.44316482543945,279100
1996-04-09,47.125,47.125,46.0,46.25,37.7293701171875,548000
1996-04-10,46.125,46.25,43.625,44.625,36.40373992919922,981400
1996-04-11,44.625,44.875,43.75,43.75,35.68993377685547,546100
1996-04-12,44.25,44.875,44.0,44.125,35.99586486816406,1787000
1996-04-15,44.75,44.875,44.125,44.375,36.199790954589844,405800
1996-04-16,44.5,44.875,44.0,44.875,36.60768508911133,768600
1996-04-17,45.0,45.375,44.875,44.875,36.60768508911133,350400
1996-04-18,45.25,45.25,44.75,44.875,36.60768508911133,231200
1996-04-19,45.0,47.0,45.0,46.25,37.7293701171875,727400
1996-04-22,46.625,47.125,46.25,46.875,38.239227294921875,310700
1996-04-23,46.875,46.875,46.25,46.25,37.7293701171875,209500
1996-04-24,46.5,47.25,46.375,47.0,38.34119415283203,187200
1996-04-25,46.875,47.25,46.75,47.25,38.54514694213867,316400
1996-04-26,47.25,47.25,46.375,46.375,37.83134078979492,165200
1996-04-29,46.625,46.875,46.25,46.625,38.035282135009766,206400
1996-04-30,46.75,47.25,46.375,47.125,38.44316482543945,186900
1996-05-01,46.875,47.125,46.25,46.75,38.13725662231445,201900
1996-05-02,45.875,46.125,44.875,45.25,37.11205291748047,285600
1996-05-03,45.875,46.25,45.5,45.625,37.419620513916016,355100
1996-05-06,45.5,45.5,44.0,44.875,36.80449676513672,271600
1996-05-07,44.5,45.125,44.5,45.0,36.90702438354492,373200
1996-05-08,44.5,45.125,44.125,44.5,36.496944427490234,357000
1996-05-09,44.75,45.25,44.125,44.375,36.394412994384766,418200
1996-05-10,44.5,44.75,44.25,44.25,36.291900634765625,163400
1996-05-13,44.375,44.5,44.125,44.375,36.394412994384766,399000
1996-05-14,44.5,45.875,44.375,45.875,37.62464904785156,378100
1996-05-15,45.875,46.375,45.5,45.625,37.419620513916016,306600
1996-05-16,45.375,46.75,45.0,45.875,37.62464904785156,335200
1996-05-17,46.0,46.25,45.75,45.75,37.522132873535156,243800
1996-05-20,45.75,46.5,45.625,46.375,38.03473663330078,281000
1996-05-21,46.75,48.0,46.75,47.75,39.162445068359375,436500
1996-05-22,47.5,48.0,47.125,47.75,39.162445068359375,574000
1996-05-23,47.875,48.375,47.5,47.5,38.95740509033203,135000
1996-05-24,47.75,48.0,47.125,47.5,38.95740509033203,138600
1996-05-28,47.5,47.625,47.0,47.25,38.75238037109375,131500
1996-05-29,47.125,47.75,47.125,47.125,38.64985275268555,221300
1996-05-30,47.0,47.875,46.875,47.625,39.05992889404297,214600
1996-05-31,47.625,47.75,46.5,46.75,38.3422966003418,185300
1996-06-03,46.75,47.25,46.5,47.25,38.75238037109375,131200
1996-06-04,47.375,47.625,47.0,47.5,38.95740509033203,175300
1996-06-05,47.75,48.0,47.25,47.875,39.26496124267578,222200
1996-06-06,47.75,48.375,47.625,48.25,39.57252502441406,201100
1996-06-07,47.375,48.5,47.125,48.5,39.77756881713867,773900
1996-06-10,48.625,48.625,48.25,48.375,39.675045013427734,160700
1996-06-11,48.375,49.125,47.625,47.875,39.26496124267578,290500
1996-06-12,48.125,48.5,47.875,47.875,39.26496124267578,143800
1996-06-13,48.0,48.0,47.25,47.375,38.854881286621094,146700
1996-06-14,47.25,47.625,46.625,46.75,38.3422966003418,244400
1996-06-17,46.875,47.0,46.375,47.0,38.547332763671875,117300
1996-06-18,46.875,47.375,46.875,47.25,38.75238037109375,90800
1996-06-19,47.125,47.625,47.0,47.375,38.854881286621094,239900
1996-06-20,47.625,47.875,47.375,47.875,39.26496124267578,352800
1996-06-21,48.125,48.125,47.5,47.75,39.162445068359375,474300
1996-06-24,47.75,48.25,46.875,47.375,38.854881286621094,244300
1996-06-25,47.375,47.375,45.625,46.375,38.03473663330078,360600
1996-06-26,46.375,47.0,45.0,45.125,37.00953674316406,194800
1996-06-27,45.375,45.625,45.25,45.5,37.317100524902344,403000
1996-06-28,45.75,45.75,44.625,45.0,36.90702438354492,394900
1996-07-01,45.0,46.5,45.0,46.25,37.93221664428711,661700
1996-07-02,46.75,46.75,44.75,45.0,36.90702438354492,515400
1996-07-03,45.0,45.0,44.5,44.75,36.70197296142578,322000
1996-07-05,44.375,44.5,44.0,44.25,36.291900634765625,81500
1996-07-08,44.25,44.375,42.25,42.5,34.856632232666016,381100
1996-07-09,43.25,43.875,43.25,43.5,35.67678451538086,362100
1996-07-10,43.625,43.875,42.75,43.375,35.57426071166992,233100
1996-07-11,43.125,43.25,41.25,41.25,33.83143615722656,341200
1996-07-12,41.625,42.125,41.0,41.75,34.24151611328125,308400
1996-07-15,42.125,43.0,41.875,42.0,34.446556091308594,348300
1996-07-16,43.5,44.625,43.0,44.125,36.189388275146484,1080000
1996-07-17,44.375,45.25,44.375,44.5,36.496944427490234,614700
1996-07-18,44.75,44.75,43.625,44.0,36.08686065673828,300200
1996-07-19,43.5,43.625,42.125,43.125,35.36923599243164,343800
1996-07-22,42.875,44.0,42.625,43.375,35.57426071166992,314000
1996-07-23,43.375,43.5,42.625,42.875,35.1641845703125,251900
1996-07-24,42.0,42.75,41.875,42.5,34.856632232666016,264500
1996-07-25,42.75,44.75,42.625,44.25,36.291900634765625,429900
1996-07-26,44.25,44.5,43.875,44.0,36.08686065673828,432300
1996-07-29,44.125,44.375,44.0,44.0,36.08686065673828,178900
1996-07-30,44.25,44.375,44.0,44.25,36.291900634765625,161600
1996-07-31,44.125,44.875,44.125,44.5,36.496944427490234,209000
1996-08-01,44.125,44.875,44.0,44.625,36.806236267089844,291000
1996-08-02,45.125,47.0,45.125,47.0,38.76511764526367,583600
1996-08-05,46.875,48.0,46.875,47.625,39.28060531616211,432900
1996-08-06,47.5,47.75,46.75,47.125,38.86820983886719,283300
1996-08-07,47.375,47.375,46.875,47.25,38.97132110595703,369100
1996-08-08,47.125,47.25,46.5,47.25,38.97132110595703,341600
1996-08-09,47.25,47.875,46.5,47.375,39.07440185546875,220100
1996-08-12,47.125,48.5,47.125,48.5,40.00230026245117,474000
1996-08-13,48.375,48.375,47.625,48.0,39.589900970458984,248700
1996-08-14,47.875,49.25,47.875,48.875,40.31159973144531,263000
1996-08-15,49.0,49.0,48.5,48.75,40.20849609375,216900
1996-08-16,48.75,49.25,48.625,49.0,40.414695739746094,235600
1996-08-19,49.125,49.5,49.0,49.25,40.62088394165039,73800
1996-08-20,49.125,49.125,48.25,48.75,40.20849609375,150400
1996-08-21,48.75,48.75,47.5,48.375,39.89920425415039,145400
1996-08-22,48.375,49.5,48.25,48.5,40.00230026245117,202100
1996-08-23,48.25,49.375,47.75,49.375,40.7239875793457,173400
1996-08-26,49.0,49.0,48.375,48.625,40.10540008544922,151100
1996-08-27,48.625,48.625,48.0,48.375,39.89920425415039,121000
1996-08-28,48.5,49.0,48.125,48.75,40.20849609375,125800
1996-08-29,48.625,48.625,47.125,47.5,39.17750930786133,269200
1996-08-30,47.5,47.5,46.375,46.75,38.55891799926758,218500
1996-09-03,45.25,46.875,44.75,46.75,38.55891799926758,380700
1996-09-04,46.25,47.0,45.625,47.0,38.76511764526367,291400
1996-09-05,46.375,46.625,45.875,46.25,38.14652633666992,377600
1996-09-06,46.25,47.25,45.375,46.75,38.55891799926758,246900
1996-09-09,47.0,47.75,46.625,47.625,39.28060531616211,206800
1996-09-10,47.875,47.875,46.5625,46.875,38.66202163696289,270500
1996-09-11,47.0,47.0,45.75,46.125,38.043426513671875,661400
1996-09-12,46.375,46.875,45.625,46.5,38.35271453857422,169300
1996-09-13,47.0,48.125,46.375,48.125,39.69300079345703,748400
1996-09-16,48.0,48.0,47.5,47.75,39.38371276855469,326100
1996-09-17,47.75,47.875,46.375,46.75,38.55891799926758,175500
1996-09-18,46.75,46.75,45.5,45.75,37.734127044677734,460800
1996-09-19,45.5,46.25,45.25,46.0,37.94032669067383,374200
1996-09-20,46.0,46.25,45.375,45.875,37.837215423583984,336000
1996-09-23,45.75,45.75,44.875,45.5,37.527931213378906,188600
1996-09-24,45.125,45.75,45.125,45.5,37.527931213378906,340000
1996-09-25,45.75,45.875,45.25,45.625,37.63103103637695,241800
1996-09-26,45.75,45.75,45.125,45.25,37.32173156738281,212500
1996-09-27,45.125,46.375,45.125,46.25,38.14652633666992,362500
1996-09-30,46.125,46.875,46.0,46.125,38.043426513671875,157600
1996-10-01,46.375,46.375,45.625,45.75,37.734127044677734,153200
1996-10-02,45.875,46.375,45.5,46.0,37.94032669067383,257600
1996-10-03,46.25,46.5,46.0,46.0,37.94032669067383,197500
1996-10-04,46.25,47.0,45.625,47.0,38.76511764526367,293600
1996-10-07,47.125,47.625,47.125,47.5,39.17750930786133,334700
1996-10-08,47.5,48.25,47.5,47.75,39.38371276855469,241700
1996-10-09,47.625,47.75,47.25,47.625,39.28060531616211,272900
1996-10-10,47.5,47.875,47.5,47.75,39.38371276855469,201500
1996-10-11,47.875,48.0,47.5,47.875,39.48679733276367,168300
1996-10-14,48.0,48.375,47.0,47.0,38.76511764526367,310700
1996-10-15,47.25,47.875,47.25,47.875,39.48679733276367,215700
1996-10-16,47.875,48.375,47.5,48.375,39.89920425415039,250700
1996-10-17,48.25,49.625,48.25,49.625,40.93019104003906,315400
1996-10-18,49.625,49.625,48.125,48.125,39.69300079345703,377100
1996-10-21,48.125,48.25,47.0,47.625,39.28060531616211,384200
1996-10-22,47.75,47.875,46.875,47.125,38.86820983886719,214300
1996-10-23,47.0,47.5,46.75,46.875,38.66202163696289,546200
1996-10-24,47.0,47.0,46.125,46.25,38.14652633666992,198000
1996-10-25,46.25,47.5,46.25,47.375,39.07440185546875,2614300
1996-10-28,47.125,47.75,47.0,47.0,38.76511764526367,546500
1996-10-29,47.125,47.875,46.875,47.75,39.38371276855469,456300
1996-10-30,48.0,48.5,47.75,48.25,39.796104431152344,585200
1996-10-31,47.625,48.5,47.375,48.0,39.796104431152344,1840700
1996-11-01,48.125,48.375,47.25,47.75,39.58883285522461,215000
1996-11-04,48.0,48.0,47.5,48.0,39.796104431152344,113500
1996-11-05,48.25,48.375,47.25,47.625,39.485191345214844,328000
1996-11-06,47.625,48.25,47.25,48.125,39.89973831176758,234700
1996-11-07,47.875,50.5,47.75,50.375,41.76517105102539,626100
1996-11-08,50.5,50.625,49.625,50.25,41.66154861450195,575700
1996-11-11,50.375,50.75,50.125,50.125,41.55791091918945,295900
1996-11-12,50.25,50.875,49.875,50.875,42.17972183227539,353800
1996-11-13,50.875,50.875,50.5,50.75,42.07608413696289,501400
1996-11-14,50.75,50.875,50.5,50.625,41.97245407104492,413200
1996-11-15,50.75,51.125,50.5,50.875,42.17972183227539,435700
1996-11-18,50.625,50.75,50.0,50.25,41.66154861450195,189900
1996-11-19,50.375,50.625,49.9375,50.5,41.86881637573242,472900
1996-11-20,50.375,50.875,49.9375,50.5,41.86881637573242,355500
1996-11-21,51.0,51.75,51.0,51.25,42.49061965942383,289700
1996-11-22,51.0,51.5,50.75,51.25,42.49061965942383,413400
1996-11-25,51.25,52.75,51.0,52.125,43.21607971191406,648800
1996-11-26,52.0,53.25,52.0,52.75,43.734256744384766,525700
1996-11-27,52.75,53.5,52.75,53.125,44.04517364501953,312800
1996-11-29,53.0,53.25,52.875,53.0,43.941532135009766,41400
1996-12-02,53.0,53.0,52.0,52.75,43.734256744384766,216200
1996-12-03,52.625,52.875,51.625,52.125,43.21607971191406,250400
1996-12-04,52.125,52.25,51.5,52.25,43.31971740722656,495000
1996-12-05,52.0,52.5,51.75,52.5,43.52699279785156,395100
1996-12-06,51.5,52.25,51.5,52.0,43.11244583129883,205900
1996-12-09,52.0,52.125,50.875,51.125,42.386993408203125,250400
1996-12-10,51.5,51.875,50.0,50.0,41.45427322387695,644800
1996-12-11,50.0,50.875,49.75,50.375,41.76517105102539,767300
1996-12-12,50.75,51.75,50.625,51.5,42.69789505004883,444500
1996-12-13,51.25,51.25,50.875,51.0,42.283348083496094,397000
1996-12-16,51.0,51.25,51.0,51.0,42.283348083496094,269100
1996-12-17,51.0,51.5,50.875,51.125,42.386993408203125,378200
1996-12-18,51.125,51.625,51.0,51.125,42.386993408203125,641400
1996-12-19,51.125,51.75,50.8125,51.5,42.69789505004883,303600
1996-12-20,53.0,53.0,51.625,52.375,43.42335510253906,641000
1996-12-23,52.5,52.875,52.375,52.75,43.734256744384766,193000
1996-12-24,52.75,53.25,52.75,53.0,43.941532135009766,117800
1996-12-26,53.25,54.0,53.25,54.0,44.770606994628906,147000
1996-12-27,55.0,55.0,54.5,54.875,45.49604797363281,457800
1996-12-30,55.0,55.5,54.75,55.0,45.59969711303711,173100
1996-12-31,55.0,55.0,53.75,54.375,45.081520080566406,141200
1997-01-02,54.625,54.625,53.25,53.75,44.563331604003906,226500
1997-01-03,54.0,54.375,53.25,53.625,44.45970916748047,370300
1997-01-06,53.25,53.5,52.625,53.5,44.35606384277344,492800
1997-01-07,53.125,53.5,52.875,53.5,44.35606384277344,529000
1997-01-08,53.5,53.75,52.875,53.125,44.04517364501953,358600
1997-01-09,53.125,53.5,53.0,53.0,43.941532135009766,372000
1997-01-10,52.5,52.5,51.75,51.875,43.00880432128906,486200
1997-01-13,52.25,53.625,52.125,53.5,44.35606384277344,348600
1997-01-14,53.625,53.625,53.0,53.25,44.14879608154297,248800
1997-01-15,53.125,56.0,53.125,54.75,45.392425537109375,510700
1997-01-16,54.875,56.25,54.875,55.625,46.11788558959961,365800
1997-01-17,55.875,56.75,55.75,56.0,46.42877960205078,176200
1997-01-20,56.25,58.0,56.125,57.5,47.67240524291992,463400
1997-01-21,57.5,59.75,57.125,59.125,49.01968765258789,683900
1997-01-22,59.0,59.0,56.75,56.75,47.05060577392578,518700
1997-01-23,57.5,57.75,56.0,56.125,46.53242111206055,443200
1997-01-24,55.75,56.5,55.0,56.125,46.53242111206055,307300
1997-01-27,56.75,57.125,56.375,56.625,46.946964263916016,278600
1997-01-28,56.75,57.125,55.375,55.5,46.014244079589844,199300
1997-01-29,56.0,56.875,56.0,56.25,46.63604736328125,376200
1997-01-30,56.0,57.75,56.0,57.5,47.885231018066406,261100
1997-01-31,57.5,58.5,57.0,57.5,47.885231018066406,400700
1997-02-03,57.625,57.625,56.5,56.625,47.15653991699219,167400
1997-02-04,56.75,57.5,56.25,57.25,47.677040100097656,262600
1997-02-05,57.5,57.75,55.5,55.875,46.53196334838867,149200
1997-02-06,55.875,56.125,55.625,56.125,46.74015426635742,155800
1997-02-07,56.125,57.5,56.125,57.5,47.885231018066406,158800
1997-02-10,57.875,58.75,57.75,57.75,48.09342956542969,400800
1997-02-11,58.0,59.375,58.0,58.5,48.718017578125,290300
1997-02-12,58.5,58.875,57.875,58.5,48.718017578125,359400
1997-02-13,58.25,59.125,58.125,59.125,49.2385139465332,292000
1997-02-14,58.75,58.75,57.75,57.75,48.09342956542969,244600
1997-02-18,57.875,58.625,57.25,58.625,48.82212448120117,282500
1997-02-19,58.375,58.5,57.75,58.125,48.405731201171875,174400
1997-02-20,58.125,58.125,57.0,57.5,47.885231018066406,187600
1997-02-21,57.5,57.5,56.75,57.125,47.572940826416016,196700
1997-02-24,56.875,57.0,56.75,57.0,47.46884536743164,197300
1997-02-25,57.0,57.0,56.0,56.25,46.84424591064453,253200
1997-02-26,56.25,56.25,55.0,55.875,46.53196334838867,356600
1997-02-27,56.25,56.25,55.75,55.75,46.427860260009766,226100
1997-02-28,55.875,56.25,55.5,55.5,46.21965789794922,165400
1997-03-03,55.5,55.625,54.875,55.25,46.01146697998047,246500
1997-03-04,55.25,55.25,53.625,53.75,44.76228332519531,477800
1997-03-05,54.25,55.375,54.25,54.5,45.38688278198242,1070900
1997-03-06,54.75,55.0,53.375,53.75,44.76228332519531,701100
1997-03-07,54.25,56.0,54.125,54.375,45.28276824951172,698600
1997-03-10,54.125,55.625,53.25,55.375,46.115577697753906,392900
1997-03-11,55.25,57.0,55.125,56.625,47.15653991699219,1274400
1997-03-12,56.75,56.75,54.625,55.125,45.90736389160156,302300
1997-03-13,55.0,55.0,53.875,54.0,44.970481872558594,298300
1997-03-14,54.125,54.375,53.5,54.0,44.970481872558594,387000
1997-03-17,54.0,54.0,53.125,53.375,44.44998550415039,291800
1997-03-18,53.625,54.5,53.25,53.875,44.86637878417969,223200
1997-03-19,54.0,54.0,52.75,53.875,44.86637878417969,212500
1997-03-20,53.625,53.625,52.0,53.0,44.1376953125,332300
1997-03-21,53.25,53.75,53.0,53.375,44.44998550415039,259700
1997-03-24,53.375,54.875,53.375,54.625,45.4909553527832,214100
1997-03-25,54.5,55.125,53.0,53.375,44.44998550415039,229600
1997-03-26,53.375,54.0,52.75,53.5,44.55408477783203,154500
1997-03-27,54.0,54.375,51.625,52.25,43.51310729980469,214400
1997-03-31,52.5,53.375,51.625,51.625,42.99261474609375,338000
1997-04-01,51.375,52.125,51.125,51.75,43.09670639038086,315000
1997-04-02,51.625,53.125,51.625,52.375,43.6171989440918,322700
1997-04-03,52.125,54.0,52.0,53.5,44.55408477783203,536400
1997-04-04,53.125,54.625,53.0,54.0,44.970481872558594,390900
1997-04-07,53.875,54.875,53.875,54.375,45.28276824951172,267500
1997-04-08,54.375,54.75,53.625,54.625,45.4909553527832,139200
1997-04-09,54.875,54.875,53.875,54.25,45.17867660522461,167000
1997-04-10,54.625,55.125,54.5,54.625,45.4909553527832,252800
1997-04-11,54.25,54.375,52.5,52.5,43.721309661865234,233700
1997-04-14,53.0,53.75,52.0,53.375,44.44998550415039,226300
1997-04-15,53.875,55.25,53.5,55.0,45.80326843261719,334900
1997-04-16,54.5,55.625,54.125,55.625,46.323760986328125,323400
1997-04-17,55.625,55.625,54.75,54.875,45.69915771484375,117400
1997-04-18,54.875,55.25,54.625,55.0,45.80326843261719,295500
1997-04-21,54.875,55.0,53.75,54.125,45.0745735168457,209900
1997-04-22,54.125,55.125,54.0,54.75,45.59507369995117,181300
1997-04-23,54.875,55.625,54.75,55.0,45.80326843261719,343200
1997-04-24,54.875,55.25,54.375,54.75,45.59507369995117,171600
1997-04-25,54.25,54.625,54.125,54.5,45.38688278198242,133400
1997-04-28,54.125,54.5,53.25,53.25,44.34588623046875,214300
1997-04-29,54.0,54.375,53.375,53.875,44.86637878417969,283600
1997-04-30,53.25,55.125,53.25,54.75,45.80763244628906,239400
1997-05-01,54.75,54.75,54.0,54.0,45.18013381958008,216800
1997-05-02,54.375,54.625,54.0,54.25,45.38930130004883,259900
1997-05-05,54.5,55.0,54.25,54.5,45.59846878051758,421700
1997-05-06,54.5,57.0,54.25,55.75,46.64430236816406,468500
1997-05-07,55.75,56.0,54.625,54.625,45.70304489135742,347800
1997-05-08,54.75,56.875,54.625,55.375,46.33055877685547,400500
1997-05-09,55.125,56.25,55.125,55.625,46.53972625732422,305400
1997-05-12,55.5,56.625,55.5,56.5,47.271812438964844,319000
1997-05-13,56.625,56.875,55.625,56.0,46.85346221923828,171100
1997-05-14,57.5,57.5,56.75,57.125,47.79472351074219,514000
1997-05-15,57.75,58.0,57.375,58.0,48.52680969238281,361300
1997-05-16,57.875,58.125,57.125,57.5,48.10847091674805,284400
1997-05-19,57.75,58.5,57.75,58.375,48.84056091308594,206600
1997-05-20,58.5,58.5,57.0,57.625,48.21305847167969,397000
1997-05-21,57.5,57.5,56.625,57.25,47.89931106567383,240100
1997-05-22,57.375,57.375,56.5,57.25,47.89931106567383,215300
1997-05-23,57.375,57.875,57.25,57.75,48.317649841308594,129600
1997-05-27,57.5,57.75,57.375,57.75,48.317649841308594,228000
1997-05-28,57.625,58.0,57.375,57.75,48.317649841308594,210400
1997-05-29,57.875,58.0,57.5,57.75,48.317649841308594,142700
1997-05-30,57.0,58.25,57.0,58.25,48.735984802246094,182600
1997-06-02,58.375,58.375,57.625,57.875,48.42222595214844,269000
1997-06-03,57.5,57.625,56.875,57.0,47.69014358520508,397600
1997-06-04,56.25,56.625,56.25,56.375,47.167232513427734,342200
1997-06-05,56.0,57.375,56.0,57.125,47.79472351074219,338600
1997-06-06,57.0,57.375,56.75,56.875,47.58555603027344,396300
1997-06-09,56.75,57.75,56.75,57.5,48.10847091674805,327400
1997-06-10,57.5,57.875,57.125,57.25,47.89931106567383,156700
1997-06-11,57.5,57.5,56.5,57.0,47.69014358520508,289000
1997-06-12,57.375,57.75,57.25,57.75,48.317649841308594,249000
1997-06-13,56.75,57.0,55.0,55.625,46.53972625732422,1123700
1997-06-16,55.625,56.0,53.25,55.125,46.12139129638672,1121800
1997-06-17,55.5,55.875,55.25,55.25,46.225982666015625,926100
1997-06-18,55.375,55.75,55.25,55.75,46.64430236816406,635300
1997-06-19,55.875,56.0,55.375,55.625,46.53972625732422,547100
1997-06-20,55.625,56.25,55.625,56.0,46.85346221923828,627000
1997-06-23,56.125,56.75,55.25,55.375,46.33055877685547,286600
1997-06-24,55.625,55.625,54.375,54.9375,45.964508056640625,578800
1997-06-25,55.0,55.0,53.9375,54.125,45.28472137451172,901700
1997-06-26,53.9375,53.9375,52.75,52.8125,44.18659210205078,749100
1997-06-27,53.125,54.75,53.125,54.0625,45.23242950439453,912600
1997-06-30,54.3125,54.3125,53.375,53.4375,44.709510803222656,569100
1997-07-01,53.875,55.125,53.875,55.0625,46.069087982177734,508800
1997-07-02,55.0625,55.09375,54.125,54.625,45.70304489135742,312900
1997-07-03,55.125,55.8125,54.875,54.875,45.91221237182617,277100
1997-07-07,55.0625,56.4375,55.0625,55.875,46.7488899230957,398200
1997-07-08,55.625,56.375,55.4375,56.25,47.06264114379883,324600
1997-07-09,56.25,56.875,56.0,56.0,46.85346221923828,591500
1997-07-10,56.375,56.625,56.0,56.375,47.167232513427734,320400
1997-07-11,50.0,51.0,49.25,49.9375,41.78117752075195,5663200
1997-07-14,50.125,51.125,50.125,50.375,42.1472053527832,2253200
1997-07-15,50.9375,51.25,50.0625,50.125,41.93804931640625,2004600
1997-07-16,50.25,50.4375,48.0,49.125,41.10137176513672,1844600
1997-07-17,49.25,49.375,48.5625,48.9375,40.944496154785156,1293500
1997-07-18,48.875,48.9375,47.75,48.375,40.47386932373047,1268200
1997-07-21,48.3125,48.5625,47.75,48.125,40.264705657958984,982900
1997-07-22,48.125,49.0625,48.0,48.25,40.369285583496094,1482200
1997-07-23,48.75,49.5,48.0,49.125,41.10137176513672,1000400
1997-07-24,49.1875,50.375,48.5625,50.125,41.93804931640625,1097800
1997-07-25,50.1875,50.8125,50.1875,50.25,42.042625427246094,1332500
1997-07-28,50.125,51.25,50.125,51.25,42.8792839050293,592200
1997-07-29,51.0625,51.8125,50.4375,51.0,42.67011642456055,884000
1997-07-30,50.75,51.1875,50.5,50.9375,42.617835998535156,716500
1997-07-31,51.125,51.5,50.5625,50.5625,42.30408477783203,515800
1997-08-01,50.5625,51.0625,50.125,51.0,42.67011642456055,367800
1997-08-04,50.5,51.5,49.8125,51.25,43.09051513671875,466800
1997-08-05,51.1875,52.0,51.125,51.6875,43.4583625793457,531000
1997-08-06,51.5,52.859375,51.4375,52.5625,44.194061279296875,671900
1997-08-07,52.625,54.0,52.5625,53.5,44.982303619384766,1140700
1997-08-08,53.25,53.25,52.75,53.125,44.66699981689453,541000
1997-08-11,53.125,53.125,51.5,51.9375,43.66857147216797,993800
1997-08-12,52.0625,52.875,51.75,52.5,44.141510009765625,803900
1997-08-13,53.875,54.125,52.875,53.1875,44.71955490112305,1383300
1997-08-14,53.1875,53.375,51.5625,52.0,43.721126556396484,422800
1997-08-15,51.5,51.5625,50.375,50.625,42.56502914428711,565900
1997-08-18,50.75,51.875,50.0625,51.75,43.51091003417969,576000
1997-08-19,51.8125,51.875,51.0625,51.25,43.09051513671875,664100
1997-08-20,51.125,51.3125,51.0625,51.25,43.09051513671875,722300
1997-08-21,51.3125,51.3125,50.375,50.5625,42.51247787475586,972500
1997-08-22,49.75,51.3125,49.75,51.25,43.09051513671875,899400
1997-08-25,51.1875,51.1875,50.625,51.0625,42.93287658691406,374900
1997-08-26,50.875,51.125,50.625,50.8125,42.72267532348633,170400
1997-08-27,50.5625,51.4375,50.3125,51.375,43.19562530517578,501700
1997-08-28,51.25,51.375,50.8125,50.8125,42.72267532348633,777200
1997-08-29,50.5625,51.0625,50.5,50.875,42.77522277832031,332000
1997-09-02,50.9375,51.5,50.75,51.0,42.88032150268555,574300
1997-09-03,51.0,52.0,51.0,51.6875,43.4583625793457,316300
1997-09-04,51.6875,51.9375,51.0,51.75,43.51091003417969,320600
1997-09-05,52.0,52.8125,51.3125,51.5,43.300716400146484,247600
1997-09-08,51.75,52.0,50.875,50.9375,42.82777786254883,454900
1997-09-09,50.9375,50.9375,50.625,50.875,42.77522277832031,391600
1997-09-10,50.375,50.75,50.25,50.375,42.354827880859375,515000
1997-09-11,50.375,50.5625,48.75,48.75,40.9885368347168,822100
1997-09-12,47.25,47.3125,46.5,47.125,39.622257232666016,1276000
1997-09-15,47.375,47.375,46.5,46.5625,39.14931869506836,628700
1997-09-16,46.5625,46.625,44.875,46.125,38.781471252441406,1923800
1997-09-17,46.0625,46.875,45.875,46.1875,38.834014892578125,625800
1997-09-18,46.25,46.75,46.0,46.375,38.991661071777344,1685000
1997-09-19,46.5,46.6875,46.125,46.625,39.20186233520508,1030000
1997-09-22,46.8125,47.625,46.75,47.5,39.937564849853516,503500
1997-09-23,47.5,47.625,47.125,47.4375,39.88501739501953,987700
1997-09-24,47.25,47.875,47.0,47.5,39.937564849853516,468500
1997-09-25,47.375,47.875,47.125,47.5625,39.990108489990234,710800
1997-09-26,47.75,47.875,46.5,46.6875,39.25442123413086,1304300
1997-09-29,46.6875,46.75,46.1875,46.625,39.20186233520508,393300
1997-09-30,46.75,47.0,46.125,46.125,38.781471252441406,532100
1997-10-01,46.125,46.375,44.75,45.5625,38.308528900146484,1109300
1997-10-02,45.75,45.8125,45.4375,45.75,38.46616744995117,1731000
1997-10-03,45.8125,46.375,45.75,46.25,38.88656997680664,1660600
1997-10-06,46.5,47.875,46.5,47.75,40.14775466918945,836100
1997-10-07,48.75,49.0625,47.5,47.5,39.937564849853516,1634300
1997-10-08,47.5,47.5,46.5625,46.75,39.306968688964844,1568800
1997-10-09,46.75,47.5625,46.5,47.1875,39.6748161315918,891700
1997-10-10,47.125,47.25,46.625,47.0,39.51716613769531,449000
1997-10-13,46.75,46.8125,46.25,46.5,39.09676742553711,854600
1997-10-14,46.5625,46.75,45.875,46.0,38.67637252807617,938300
1997-10-15,45.875,46.375,45.5,46.0,38.67637252807617,534400
1997-10-16,46.0,46.25,45.0,45.375,38.15087127685547,394300
1997-10-17,45.375,45.5625,45.0,45.5,38.25596618652344,733300
1997-10-20,45.75,48.25,45.0,47.125,39.622257232666016,726700
1997-10-21,47.0,47.4375,46.5,47.25,39.72735595703125,1030700
1997-10-22,47.0,47.4375,46.4375,46.5,39.09676742553711,594000
1997-10-23,46.75,46.9375,46.125,46.125,38.781471252441406,649000
1997-10-24,46.875,47.0,46.375,46.5,39.09676742553711,425500
1997-10-27,46.5,46.5,44.875,44.875,37.730472564697266,449100
1997-10-28,43.9375,44.75,43.5625,44.5,37.415184020996094,1256800
1997-10-29,45.25,45.5,44.6875,45.0625,37.888126373291016,622800
1997-10-30,45.0,45.0,44.5,44.875,37.730472564697266,876700
1997-10-31,45.625,45.625,44.125,45.0625,38.10038375854492,559000
1997-11-03,45.3125,46.0625,45.0,45.5,38.47029495239258,1213300
1997-11-04,45.75,45.75,44.25,44.5625,37.677635192871094,1291100
1997-11-05,45.125,45.125,44.5625,44.5625,37.677635192871094,564700
1997-11-06,44.5,45.25,44.375,44.9375,37.99469757080078,461500
1997-11-07,44.375,45.5,44.25,45.0,38.047542572021484,486200
1997-11-10,45.375,45.75,45.125,45.5,38.47029495239258,303400
1997-11-11,45.625,46.6875,45.625,46.0625,38.94588851928711,386200
1997-11-12,45.8125,46.5625,45.5625,46.3125,39.15726089477539,430600
1997-11-13,46.3125,47.1875,46.3125,46.9375,39.68571090698242,428600
1997-11-14,46.9375,47.1875,46.75,46.75,39.52716827392578,370800
1997-11-17,46.6875,47.0,46.4375,46.9375,39.68571090698242,271500
1997-11-18,46.9375,46.9375,46.1875,46.1875,39.05156707763672,539100
1997-11-19,46.125,46.5,46.125,46.4375,39.262943267822266,264100
1997-11-20,46.5,46.75,46.375,46.375,39.21009826660156,587400
1997-11-21,46.375,47.3125,46.375,47.1875,39.897090911865234,860700
1997-11-24,47.0625,47.4375,46.875,47.0625,39.791385650634766,544700
1997-11-25,47.3125,47.4375,46.9375,47.125,39.844234466552734,310800
1997-11-26,47.4375,48.4375,47.375,48.0,40.584041595458984,527500
1997-11-28,48.125,48.9375,48.125,48.8125,41.27100372314453,343300
1997-12-01,48.75,49.0,47.75,48.5,41.006797790527344,818100
1997-12-02,48.625,49.0,48.5,48.5625,41.05963134765625,730300
1997-12-03,48.5,49.9375,48.375,49.875,42.16936111450195,1091500
1997-12-04,49.8125,50.4375,49.0625,49.375,41.746612548828125,1205700
1997-12-05,49.125,49.8125,49.125,49.5625,41.90514373779297,275100
1997-12-08,49.5,49.5,49.25,49.375,41.746612548828125,351700
1997-12-09,49.375,49.6875,49.3125,49.375,41.746612548828125,201300
1997-12-10,49.4375,49.5625,49.1875,49.5,41.85230255126953,253000
1997-12-11,49.5,49.75,49.0,49.625,41.95798873901367,267400
1997-12-12,49.5625,49.6875,48.875,49.5625,41.90514373779297,440700
1997-12-15,49.375,50.4375,49.375,49.9375,42.22219467163086,319600
1997-12-16,50.375,51.1875,50.3125,50.8125,42.962013244628906,485600
1997-12-17,50.8125,51.1875,50.125,50.5,42.697792053222656,850100
1997-12-18,50.25,50.375,49.5625,50.0625,42.32789611816406,210200
1997-12-19,49.5,49.875,49.0625,49.625,41.95798873901367,345400
1997-12-22,49.5625,49.75,48.375,49.25,41.64093017578125,380100
1997-12-23,48.8125,49.625,48.5,48.5,41.006797790527344,189100
1997-12-24,48.625,49.25,48.5,48.625,41.11247634887695,123400
1997-12-26,48.75,49.125,48.5,49.0625,41.48237991333008,53600
1997-12-29,49.3125,50.0,49.3125,49.625,41.95798873901367,168300
1997-12-30,49.8125,50.3125,49.5625,49.5625,41.90514373779297,85000
1997-12-31,49.6875,50.5,49.5,50.125,42.380741119384766,283600
1998-01-02,50.1875,50.5,50.125,50.375,42.59210968017578,146000
1998-01-05,50.375,50.75,49.5,49.75,42.06366729736328,370200
1998-01-06,49.6875,49.75,49.25,49.375,41.746612548828125,277200
1998-01-07,49.5,49.5,48.625,49.0,41.42954635620117,308000
1998-01-08,49.0,49.25,48.5625,48.625,41.11247634887695,274200
1998-01-09,48.375,48.75,47.6875,48.0,40.584041595458984,436000
1998-01-12,47.0,47.8125,47.0,47.125,39.844234466552734,513000
1998-01-13,47.125,47.5,46.5625,47.0,39.7385368347168,749600
1998-01-14,46.875,47.5625,46.5,47.375,40.05561065673828,783700
1998-01-15,47.5,47.5,46.875,47.1875,39.897090911865234,387700
1998-01-16,47.625,50.0,47.5625,49.125,41.535240173339844,455700
1998-01-20,48.875,49.25,48.0625,48.5,41.006797790527344,345600
1998-01-21,48.0,49.75,47.875,49.375,41.746612548828125,310500
1998-01-22,49.625,49.625,48.3125,48.625,41.11247634887695,285000
1998-01-23,48.5625,49.375,48.0,48.6875,41.16532516479492,232500
1998-01-26,48.75,48.9375,47.625,48.4375,40.95394515991211,277100
1998-01-27,48.375,49.125,47.9375,47.9375,40.53120422363281,620400
1998-01-28,47.875,48.875,47.875,48.625,41.11247634887695,369800
1998-01-29,48.8125,50.0,48.5625,48.5625,41.05963134765625,346400
1998-01-30,48.5625,49.5,47.6875,49.5,42.06886291503906,308000
1998-02-02,50.0,50.125,48.5625,49.3125,41.909507751464844,436800
1998-02-03,49.1875,50.875,49.0625,50.5,42.91874694824219,446200
1998-02-04,50.6875,51.75,50.5,51.5,43.768619537353516,643600
1998-02-05,51.25,51.5,50.875,51.1875,43.50303649902344,321200
1998-02-06,51.1875,51.875,51.125,51.6875,43.92796325683594,253000
1998-02-09,51.9375,52.0,51.0625,51.1875,43.50303649902344,331200
1998-02-10,51.4375,51.875,50.25,50.3125,42.759395599365234,1025000
1998-02-11,50.5625,51.5,50.5625,51.3125,43.609256744384766,661600
1998-02-12,51.375,53.1875,50.9375,52.875,44.937198638916016,739200
1998-02-13,53.5,53.5,52.875,53.1875,45.202789306640625,823000
1998-02-17,53.1875,54.5,53.1875,54.25,46.10578155517578,622400
1998-02-18,54.0625,54.5,53.5625,54.0625,45.94643020629883,443600
1998-02-19,54.0,54.0,53.5,53.625,45.574607849121094,421100
1998-02-20,54.125,54.125,53.125,53.375,45.36213302612305,178000
1998-02-23,53.625,54.25,53.4375,53.75,45.680843353271484,252600
1998-02-24,53.5,53.625,53.0,53.4375,45.41524887084961,180800
1998-02-25,53.625,54.25,53.5625,53.75,45.680843353271484,259200
1998-02-26,53.5,53.9375,53.25,53.6875,45.627723693847656,187900
1998-02-27,53.5,54.0,53.375,54.0,45.893310546875,340900
1998-03-02,53.8125,54.875,53.8125,54.5,46.318260192871094,179000
1998-03-03,54.375,54.625,54.0625,54.5625,46.371368408203125,196600
1998-03-04,54.6875,54.875,54.0625,54.5,46.318260192871094,204700
1998-03-05,54.125,54.6875,54.125,54.25,46.10578155517578,212700
1998-03-06,54.25,54.8125,54.25,54.75,46.530723571777344,183500
1998-03-09,54.5,54.5,53.75,54.375,46.21202087402344,298700
1998-03-10,54.125,55.1875,54.0,55.0,46.74318313598633,398700
1998-03-11,55.0,55.0,54.0625,54.4375,46.26512908935547,265700
1998-03-12,54.1875,54.375,53.125,53.75,45.680843353271484,283200
1998-03-13,53.8125,53.8125,51.625,51.75,43.9810791015625,494800
1998-03-16,53.0,53.0,51.75,52.4375,44.56537628173828,607600
1998-03-17,52.4375,52.875,52.125,52.5625,44.67162322998047,245900
1998-03-18,52.5,52.625,52.125,52.3125,44.45915222167969,277600
1998-03-19,52.125,52.875,52.125,52.625,44.724727630615234,266800
1998-03-20,52.625,53.4375,52.625,53.0,45.04343032836914,394600
1998-03-23,53.0,53.3125,53.0,53.125,45.1496696472168,319100
1998-03-24,53.375,53.375,53.0,53.375,45.36213302612305,238900
1998-03-25,53.625,53.75,53.0625,53.3125,45.309024810791016,217900
1998-03-26,53.375,54.125,52.875,54.125,45.999542236328125,238500
1998-03-27,54.1875,54.1875,53.625,53.75,45.680843353271484,272300
1998-03-30,53.625,54.25,53.4375,53.75,45.680843353271484,261100
1998-03-31,53.6875,53.875,53.125,53.5,45.46836853027344,291500
1998-04-01,53.5,53.5,53.125,53.3125,45.309024810791016,273000
1998-04-02,53.3125,53.5625,52.625,53.5,45.46836853027344,215300
1998-04-03,53.5625,53.75,53.125,53.4375,45.41524887084961,248700
1998-04-06,53.6875,53.75,52.8125,53.4375,45.41524887084961,170100
1998-04-07,53.0,53.4375,52.0,52.5,44.618499755859375,171100
1998-04-08,52.0,52.1875,51.0625,51.4375,43.71550369262695,288800
1998-04-09,51.5,53.0,51.5,52.625,44.724727630615234,573400
1998-04-13,52.625,52.8125,51.875,52.75,44.83095932006836,254800
1998-04-14,52.75,53.25,52.5,52.9375,44.990318298339844,161700
1998-04-15,53.0,54.6875,53.0,54.4375,46.26512908935547,447500
1998-04-16,54.3125,54.625,53.75,54.0,45.893310546875,344900
1998-04-17,54.125,54.3125,53.6875,54.125,45.999542236328125,157700
1998-04-20,54.0,54.25,53.75,53.9375,45.8401985168457,324100
1998-04-21,53.9375,54.5,53.6875,54.125,45.999542236328125,266200
1998-04-22,54.0,54.0625,53.0,53.125,45.1496696472168,358800
1998-04-23,53.0,53.5625,53.0,53.4375,45.41524887084961,314400
1998-04-24,53.375,53.5,52.0,53.0,45.04343032836914,302900
1998-04-27,52.5,52.75,52.0,52.1875,44.352901458740234,516900
1998-04-28,52.25,52.375,51.75,51.9375,44.140445709228516,473000
1998-04-29,51.6875,51.9375,51.0,51.3125,43.820194244384766,523800
1998-04-30,51.875,52.4375,51.6875,52.0625,44.46068572998047,364800
1998-05-01,52.0,52.0,51.375,51.75,44.19382095336914,167700
1998-05-04,51.75,53.125,51.75,51.875,44.30057144165039,417100
1998-05-05,51.5,52.25,51.5,52.1875,44.56744384765625,289100
1998-05-06,52.75,53.0,52.4375,52.5625,44.8876838684082,225200
1998-05-07,52.5625,52.6875,51.6875,51.8125,44.247188568115234,279300
1998-05-08,51.8125,52.4375,51.8125,52.375,44.72755813598633,323100
1998-05-11,52.875,53.25,52.4375,52.5,44.83430099487305,147500
1998-05-12,52.4375,52.5,51.25,52.1875,44.56744384765625,130600
1998-05-13,52.0,52.1875,51.5625,51.8125,44.247188568115234,267000
1998-05-14,51.75,52.4375,51.625,51.75,44.19382095336914,192000
1998-05-15,51.8125,52.0,51.5625,51.875,44.30057144165039,215600
1998-05-18,51.8125,52.4375,51.5,51.5,43.980323791503906,192700
1998-05-19,51.5625,51.875,50.3125,50.5,43.12633514404297,234900
1998-05-20,51.0,51.125,49.9375,50.5,43.12633514404297,211400
1998-05-21,50.5625,51.125,50.0625,50.1875,42.85946273803711,227300
1998-05-22,50.75,51.8125,50.5,50.6875,43.28645324707031,131600
1998-05-26,50.875,50.9375,50.0625,50.3125,42.966217041015625,281800
1998-05-27,50.125,50.3125,49.5,50.0625,42.752716064453125,411100
1998-05-28,51.0,52.25,50.5,52.125,44.51405334472656,404100
1998-05-29,52.125,52.625,51.5,51.875,44.30057144165039,347000
1998-06-01,51.8125,52.375,51.125,51.75,44.19382095336914,230500
1998-06-02,51.75,51.75,50.625,50.6875,43.28645324707031,373100
1998-06-03,50.6875,51.125,50.125,50.125,42.806087493896484,205200
1998-06-04,50.125,50.375,49.5625,50.0,42.699337005615234,205200
1998-06-05,50.25,50.9375,50.25,50.4375,43.072959899902344,137400
1998-06-08,50.4375,51.375,50.25,50.9375,43.49995422363281,225800
1998-06-09,50.875,51.125,50.5625,50.5625,43.179718017578125,193200
1998-06-10,50.5,50.75,49.625,50.0,42.699337005615234,306200
1998-06-11,49.8125,49.9375,48.125,48.875,41.738609313964844,502200
1998-06-12,48.6875,48.6875,47.9375,48.0625,41.044734954833984,589600
1998-06-15,46.75,48.8125,46.75,48.0625,41.044734954833984,480500
1998-06-16,47.875,49.0,47.875,48.625,41.52510452270508,268300
1998-06-17,48.625,49.1875,48.1875,48.5,41.41836166381836,315400
1998-06-18,48.25,48.25,46.75,47.9375,40.93799591064453,298900
1998-06-19,47.0,47.875,46.875,47.875,40.88462829589844,386100
1998-06-22,46.5,47.0,46.5,46.9375,40.084007263183594,511100
1998-06-23,47.25,47.25,46.0625,46.25,39.496891021728516,875200
1998-06-24,46.125,46.9375,45.5625,46.75,39.92387008666992,296500
1998-06-25,47.0,47.4375,46.75,47.25,40.350868225097656,653700
1998-06-26,47.25,48.25,47.125,47.5,40.56437683105469,656200
1998-06-29,47.5625,48.0,47.4375,47.625,40.67110824584961,307500
1998-06-30,47.5625,47.75,47.5,47.5,40.56437683105469,622000
1998-07-01,47.5625,48.5,47.34375,48.0625,41.044734954833984,375500
1998-07-02,47.6875,48.375,47.46875,47.9375,40.93799591064453,108300
1998-07-06,47.6875,48.0625,47.6875,48.0,40.99135971069336,258900
1998-07-07,47.75,48.0,47.375,47.6875,40.7244987487793,524700
1998-07-08,47.75,47.875,47.625,47.6875,40.7244987487793,1174700
1998-07-09,47.6875,47.9375,47.0,47.0,40.13737869262695,314500
1998-07-10,45.5,46.25,45.25,46.1875,39.44351577758789,1804500
1998-07-13,46.0,46.3125,45.625,45.6875,39.01652908325195,452800
1998-07-14,45.6875,46.125,44.75,45.5,38.85639953613281,374700
1998-07-15,45.0625,45.875,44.875,44.9375,38.37602615356445,294600
1998-07-16,45.0,46.25,44.9375,45.5625,38.909767150878906,921800
1998-07-17,45.625,46.0,44.9375,45.5,38.85639953613281,323600
1998-07-20,45.375,46.0,45.25,45.875,39.17665100097656,310400
1998-07-21,45.625,45.875,45.0625,45.0625,38.482765197753906,838900
1998-07-22,45.0,45.5,44.875,44.9375,38.37602615356445,363300
1998-07-23,44.875,45.5625,44.875,45.25,38.64290237426758,213500
1998-07-24,45.125,45.25,44.0625,44.4375,37.949039459228516,494100
1998-07-27,44.375,44.4375,43.375,43.8125,37.4152946472168,261600
1998-07-28,43.5625,43.625,42.3125,42.625,36.40118408203125,536700
1998-07-29,42.875,43.5,41.75,42.0,35.8674430847168,515000
1998-07-30,42.125,42.375,40.6875,41.3125,35.280330657958984,650600
1998-07-31,41.5625,42.125,40.875,41.125,35.120201110839844,559400
1998-08-03,41.125,42.0,40.25,42.0,35.8674430847168,706800
1998-08-04,41.75,41.75,39.75,40.0,34.36402130126953,1051400
1998-08-05,40.5,41.0,39.5,40.375,34.686180114746094,1047800
1998-08-06,40.4375,40.625,40.0,40.0625,34.4177131652832,778900
1998-08-07,39.9375,39.9375,38.375,38.9375,33.45121765136719,767200
1998-08-10,39.0625,39.625,38.5,39.25,33.71969223022461,581900
1998-08-11,38.5,38.5,37.375,38.375,32.967979431152344,372800
1998-08-12,38.375,38.9375,38.0625,38.625,33.18275833129883,942400
1998-08-13,38.5,38.8125,37.1875,37.25,32.001495361328125,825200
1998-08-14,37.1875,37.4375,36.125,36.1875,31.088703155517578,823700
1998-08-17,36.1875,36.625,35.5,36.625,31.46455192565918,661800
1998-08-18,36.375,36.9375,36.0625,36.875,31.6793212890625,482100
1998-08-19,37.0,37.375,36.75,36.75,31.57194709777832,234100
1998-08-20,36.875,37.25,36.5,37.0625,31.840404510498047,427700
1998-08-21,36.6875,36.75,36.125,36.5,31.357166290283203,276800
1998-08-24,36.625,37.0,35.875,36.1875,31.088703155517578,328600
1998-08-25,36.3125,37.0,36.125,36.8125,31.625627517700195,281200
1998-08-26,36.6875,36.75,35.875,36.5,31.357166290283203,370900
1998-08-27,36.25,36.375,34.625,35.1875,30.229595184326172,328500
1998-08-28,35.4375,36.3125,33.875,34.125,29.316797256469727,396600
1998-08-31,34.0,34.625,32.75,32.75,28.135540008544922,393800
1998-09-01,32.75,33.0,31.5625,32.125,27.598602294921875,490200
1998-09-02,32.0,32.4375,30.5,30.8125,26.47103500366211,1321000
1998-09-03,30.625,32.375,30.625,31.625,27.169055938720703,1204300
1998-09-04,32.125,33.3125,32.0625,33.0,28.35031509399414,553000
1998-09-08,33.375,34.0,32.5,33.6875,28.940948486328125,416900
1998-09-09,33.625,34.5625,33.125,34.4375,29.58527183532715,469600
1998-09-10,34.0625,35.0,33.625,34.0625,29.263111114501953,767500
1998-09-11,34.0625,35.625,34.0625,35.125,30.175901412963867,574600
1998-09-14,36.5,38.375,35.8125,35.9375,30.873929977416992,749000
1998-09-15,36.125,36.375,34.875,35.5625,30.55176544189453,628800
1998-09-16,35.5,36.0,35.0,35.75,30.712848663330078,527600
1998-09-17,35.125,37.75,35.125,37.375,32.10887908935547,784100
1998-09-18,37.3125,37.375,36.0,36.9375,31.733016967773438,861100
1998-09-21,35.75,37.6875,35.5625,37.3125,32.05518341064453,370000
1998-09-22,34.0,34.0,30.6875,31.3125,26.900583267211914,1861700
1998-09-23,32.0,32.0625,30.0,31.125,26.739501953125,2241600
1998-09-24,30.625,30.875,29.125,29.5625,25.397157669067383,839400
1998-09-25,29.5625,29.5625,27.25,28.5625,24.538055419921875,1195900
1998-09-28,28.5625,29.125,27.375,27.5,23.625267028808594,1151800
1998-09-29,27.375,27.4375,25.625,27.25,23.410490036010742,1757700
1998-09-30,26.8125,27.875,26.4375,26.75,22.980939865112305,767300
1998-10-01,26.0,26.4375,25.0,25.5,21.907066345214844,1132800
1998-10-02,25.5625,26.3125,25.5,26.0,22.336612701416016,698000
1998-10-05,26.0,26.8125,26.0,26.375,22.658771514892578,782400
1998-10-06,26.5,26.75,25.875,26.25,22.551395416259766,1136100
1998-10-07,26.25,26.3125,25.5,25.625,22.01445198059082,684900
1998-10-08,25.375,25.5,24.3125,24.375,20.940576553344727,993800
1998-10-09,24.625,25.4375,24.0,25.125,21.58489990234375,1130800
1998-10-12,25.5,26.4375,25.375,25.6875,22.06814193725586,900000
1998-10-13,25.875,26.0,24.3125,25.0,21.47751235961914,1316700
1998-10-14,25.25,25.9375,24.5,24.8125,21.31643295288086,804900
1998-10-15,24.75,25.625,24.3125,25.1875,21.63859748840332,1034700
1998-10-16,26.375,28.5,26.25,27.5625,23.678956985473633,1360100
1998-10-19,28.25,28.75,27.6875,28.6875,24.645442962646484,762300
1998-10-20,29.0,30.0,29.0,29.3125,25.18238067626953,2137400
1998-10-21,29.5,29.625,29.125,29.3125,25.18238067626953,774300
1998-10-22,29.3125,29.6875,29.1875,29.6875,25.504545211791992,530000
1998-10-23,29.5625,29.9375,28.875,29.0625,24.967609405517578,405800
1998-10-26,29.0625,29.625,29.0,29.375,25.23607635498047,716600
1998-10-27,29.875,30.875,29.875,30.625,26.30994987487793,605600
1998-10-28,30.6875,31.1875,29.375,29.6875,25.504545211791992,572600
1998-10-29,30.25,30.9375,29.875,30.9375,26.57841682434082,541000
1998-10-30,31.1875,31.9375,31.0625,31.875,27.383831024169922,786000
1998-11-02,31.875,32.875,31.5625,32.5,28.141477584838867,587800
1998-11-03,32.5,32.9375,32.4375,32.875,28.466188430786133,540000
1998-11-04,33.0625,34.875,33.0625,34.4375,29.81914710998535,1623900
1998-11-05,33.5,35.6875,33.4375,35.625,30.847389221191406,821100
1998-11-06,35.5,35.75,35.0,35.25,30.522682189941406,608900
1998-11-09,35.3125,35.5625,33.8125,33.875,29.332088470458984,636100
1998-11-10,33.875,33.9375,32.625,32.6875,28.303834915161133,694000
1998-11-11,32.625,32.875,31.6875,32.375,28.03323745727539,437800
1998-11-12,32.125,32.3125,31.6875,31.875,27.600303649902344,226300
1998-11-13,31.75,32.0625,31.6875,31.75,27.492063522338867,366500
1998-11-16,31.875,32.5,30.9375,31.5,27.275588989257812,839100
1998-11-17,31.4375,32.0,31.25,31.375,27.167356491088867,516600
1998-11-18,31.375,31.75,31.3125,31.75,27.492063522338867,635500
1998-11-19,31.75,32.375,31.75,32.0625,27.762649536132812,1876200
1998-11-20,32.4375,32.5,31.9375,32.25,27.92500877380371,441000
1998-11-23,32.375,33.375,32.375,33.1875,28.736778259277344,434500
1998-11-24,33.5,34.4375,33.5,33.75,29.223848342895508,4929300
1998-11-25,34.0625,35.3125,34.0625,35.0,30.30620765686035,730700
1998-11-27,34.875,35.0,34.6875,35.0,30.30620765686035,299800
1998-11-30,34.625,34.75,33.625,33.75,29.223848342895508,613600
1998-12-01,32.125,33.625,32.125,33.25,28.790908813476562,629700
1998-12-02,33.0,33.0,32.125,32.9375,28.520307540893555,669400
1998-12-03,32.9375,32.9375,31.625,31.875,27.600303649902344,657300
1998-12-04,32.0,32.625,31.875,32.625,28.24972152709961,741200
1998-12-07,32.25,32.5,31.0,31.9375,27.654415130615234,585000
1998-12-08,31.0,31.4375,30.5,31.4375,27.22146987915039,563400
1998-12-09,31.4375,31.8125,30.5,30.8125,26.680288314819336,586200
1998-12-10,30.375,30.5625,29.375,29.5,25.54380989074707,954400
1998-12-11,29.375,30.125,29.0,30.125,26.08498764038086,709400
1998-12-14,29.875,30.0625,28.625,28.8125,24.948505401611328,742000
1998-12-15,29.0,29.9375,29.0,29.75,25.76028060913086,1065600
1998-12-16,29.75,29.8125,29.5,29.625,25.652042388916016,970600
1998-12-17,29.625,29.75,29.25,29.375,25.435571670532227,980200
1998-12-18,29.5,30.0,29.25,29.75,25.76028060913086,608000
1998-12-21,29.5625,30.4375,29.5625,30.3125,26.247343063354492,731600
1998-12-22,30.1875,30.1875,29.3125,29.75,25.76028060913086,679900
1998-12-23,29.8125,30.25,29.75,30.1875,26.13910484313965,816400
1998-12-24,30.1875,30.6875,30.125,30.375,26.301464080810547,153300
1998-12-28,30.5,30.8125,30.0,30.0,25.976749420166016,488200
1998-12-29,30.0,30.3125,29.875,30.125,26.08498764038086,501800
1998-12-30,30.125,30.625,30.0625,30.3125,26.247343063354492,397700
1998-12-31,30.375,31.0625,30.3125,30.8125,26.680288314819336,549900
1999-01-04,30.875,31.0625,30.5,30.625,26.517932891845703,600400
1999-01-05,30.875,31.5,30.875,31.375,27.167356491088867,566100
1999-01-06,31.375,32.375,31.3125,32.375,28.03323745727539,326300
1999-01-07,32.25,32.5,31.625,32.4375,28.087366104125977,478000
1999-01-08,32.4375,33.5625,32.4375,33.4375,28.95325469970703,564700
1999-01-11,33.75,34.4375,33.4375,34.0,29.44031524658203,452000
1999-01-12,33.75,33.75,32.5625,32.6875,28.303834915161133,384400
1999-01-13,32.0,32.375,31.1875,31.75,27.492063522338867,619500
1999-01-14,31.625,32.5,31.625,32.0625,27.762649536132812,365700
1999-01-15,32.75,32.75,32.0,32.375,28.03323745727539,424200
1999-01-19,32.375,33.75,31.875,33.6875,29.16973304748535,595500
1999-01-20,34.0,34.625,33.875,34.0,29.44031524658203,709800
1999-01-21,33.875,34.0,33.5,33.5,29.007373809814453,433900
1999-01-22,33.375,34.0,33.25,33.8125,29.277969360351562,509400
1999-01-25,33.875,34.0,33.0,33.125,28.682668685913086,732400
1999-01-26,32.8125,33.9375,32.8125,33.875,29.332088470458984,2011100
1999-01-27,33.875,34.375,32.1875,32.1875,27.870887756347656,1341600
1999-01-28,32.4375,33.0,32.3125,32.5625,28.19559669494629,321200
1999-01-29,32.8125,32.8125,31.1875,31.6875,27.437946319580078,334900
1999-02-01,31.4375,31.4375,30.625,30.8125,26.680288314819336,482500
1999-02-02,30.9375,31.1875,30.75,30.9375,26.788524627685547,724300
1999-02-03,30.9375,30.9375,30.125,30.3125,26.461170196533203,431800
1999-02-04,30.1875,30.4375,29.75,30.25,26.406614303588867,670800
1999-02-05,30.25,30.9375,30.0,30.4375,26.570289611816406,343500
1999-02-08,30.5,30.75,30.0,30.0625,26.242931365966797,543100
1999-02-09,30.0,30.5,29.8125,30.25,26.406614303588867,384800
1999-02-10,30.0,30.6875,29.9375,30.0,26.188373565673828,388800
1999-02-11,29.9375,30.0,29.6875,29.875,26.079252243041992,324400
1999-02-12,29.75,30.0,29.5625,29.6875,25.915578842163086,463800
1999-02-16,30.0,30.375,29.0625,29.25,25.533668518066406,423600
1999-02-17,29.0,29.125,28.125,28.375,24.769838333129883,407000
1999-02-18,28.5,28.5,27.8125,28.125,24.551603317260742,541800
1999-02-19,28.125,28.4375,27.8125,28.125,24.551603317260742,441900
1999-02-22,28.25,28.375,28.0,28.375,24.769838333129883,497900
1999-02-23,28.375,28.5625,28.0,28.125,24.551603317260742,434900
1999-02-24,28.1875,28.25,27.9375,27.9375,24.387924194335938,541100
1999-02-25,27.9375,28.0625,27.8125,27.9375,24.387924194335938,1208700
1999-02-26,28.0,28.0625,27.375,27.75,24.224246978759766,852800
1999-03-01,27.75,28.125,27.5625,27.875,24.333370208740234,352400
1999-03-02,27.8125,28.0625,27.75,27.9375,24.387924194335938,584700
1999-03-03,27.8125,28.125,26.25,26.3125,22.96938705444336,871300
1999-03-04,26.5625,27.375,26.3125,27.3125,23.842334747314453,694600
1999-03-05,27.3125,27.75,27.125,27.125,23.678659439086914,587700
1999-03-08,27.25,28.0,27.125,27.625,24.115131378173828,400800
1999-03-09,27.5,27.5,27.25,27.3125,23.842334747314453,344500
1999-03-10,27.25,27.5,27.0,27.25,23.78777503967285,524500
1999-03-11,27.375,27.4375,26.9375,27.4375,23.95145034790039,601200
1999-03-12,27.625,28.0,27.625,27.9375,24.387924194335938,425800
1999-03-15,28.0,28.5,27.9375,28.3125,24.71527671813965,359700
1999-03-16,28.3125,28.625,28.0625,28.5,24.878957748413086,351000
1999-03-17,28.5,28.5625,28.0,28.375,24.769838333129883,548600
1999-03-18,28.375,28.5,28.0,28.0,24.442485809326172,1147300
1999-03-19,28.1875,28.1875,26.5625,26.5625,23.187623977661133,964400
1999-03-22,27.0,27.0,26.5,26.75,23.351303100585938,770700
1999-03-23,26.75,26.75,26.3125,26.75,23.351303100585938,478200
1999-03-24,26.75,27.125,26.5625,26.8125,23.40586280822754,329500
1999-03-25,26.8125,27.5,26.75,27.0625,23.62409782409668,331700
1999-03-26,27.0625,27.75,26.875,27.5,24.006011962890625,339300
1999-03-29,27.5,28.5,27.5,28.4375,24.824398040771484,314200
1999-03-30,28.5,28.75,28.25,28.4375,24.824398040771484,704900
1999-03-31,28.5,28.75,28.4375,28.5625,24.93351173400879,542300
1999-04-01,28.875,29.0,28.5625,28.9375,25.2608699798584,272200
1999-04-05,28.9375,29.125,28.5,28.5,24.878957748413086,338300
1999-04-06,28.5,28.625,28.0625,28.125,24.551603317260742,295900
1999-04-07,28.3125,28.375,27.6875,27.875,24.333370208740234,299300
1999-04-08,27.875,28.1875,27.6875,28.125,24.551603317260742,394100
1999-04-09,28.125,28.875,28.125,28.5625,24.93351173400879,556200
1999-04-12,29.1875,29.9375,28.6875,29.375,25.642784118652344,408200
1999-04-13,29.375,29.5,29.125,29.25,25.533668518066406,322400
1999-04-14,29.375,30.375,29.25,29.9375,26.133813858032227,866900
1999-04-15,30.0,34.0,30.0,33.5,29.24368667602539,865100
1999-04-16,33.375,34.875,33.0,33.9375,29.625598907470703,503000
1999-04-19,34.0,35.0625,33.8125,33.9375,29.625598907470703,534100
1999-04-20,33.9375,33.9375,32.375,32.5625,28.425296783447266,728300
1999-04-21,33.0,33.25,32.5625,33.0625,28.861774444580078,422100
1999-04-22,33.0,33.0,32.0,32.125,28.043380737304688,396100
1999-04-23,32.3125,32.9375,32.3125,32.625,28.479860305786133,436100
1999-04-26,32.625,32.9375,32.5,32.625,28.479860305786133,315100
1999-04-27,32.5625,33.1875,32.3125,32.625,28.479860305786133,434700
1999-04-28,32.625,33.625,32.5,33.3125,29.080005645751953,702200
1999-04-29,33.3125,33.75,33.125,33.5,29.24368667602539,738600
1999-04-30,33.25,33.25,32.3125,32.5,28.58405113220215,332200
1999-05-03,32.625,33.3125,32.4375,33.0,29.0238094329834,850600
1999-05-04,33.125,34.25,32.5625,33.3125,29.298654556274414,618500
1999-05-05,33.125,35.375,33.125,35.375,31.112648010253906,939100
1999-05-06,35.375,36.1875,35.25,35.9375,31.607370376586914,627300
1999-05-07,35.9375,36.875,35.8125,36.0625,31.71730613708496,450200
1999-05-10,36.625,37.5,35.75,36.0625,31.71730613708496,784200
1999-05-11,36.0625,36.875,35.125,35.625,31.33251953125,419400
1999-05-12,35.875,35.875,34.5625,35.0,30.78282356262207,313300
1999-05-13,35.25,35.5,34.75,34.875,30.67289161682129,282100
1999-05-14,34.75,35.0,34.0,34.0,29.903316497802734,459500
1999-05-17,34.0,34.4375,33.375,33.375,29.353622436523438,438500
1999-05-18,34.0,34.0,32.625,33.0625,29.078779220581055,598700
1999-05-19,33.3125,33.8125,33.3125,33.75,29.683441162109375,246200
1999-05-20,33.6875,34.125,33.0625,33.3125,29.298654556274414,408200
1999-05-21,33.6875,33.75,32.375,32.875,28.913864135742188,455500
1999-05-24,33.125,33.1875,32.3125,32.375,28.474111557006836,498400
1999-05-25,32.75,33.5625,32.75,33.125,29.13374900817871,433000
1999-05-26,33.0,33.125,32.375,32.5625,28.63901710510254,910500
1999-05-27,32.0,32.25,30.5625,31.125,27.374727249145508,623300
1999-05-28,31.125,31.75,31.0,31.375,27.594606399536133,310400
1999-06-01,31.3125,32.25,31.25,31.9375,28.08932876586914,576600
1999-06-02,31.9375,32.5,31.375,31.375,27.594606399536133,572500
1999-06-03,31.5625,32.125,31.5,31.875,28.03436279296875,363500
1999-06-04,32.0625,32.5625,32.0625,32.4375,28.529085159301758,250500
1999-06-07,32.4375,32.75,32.4375,32.5,28.58405113220215,487300
1999-06-08,32.5,32.625,32.3125,32.625,28.69399642944336,226900
1999-06-09,32.625,33.125,32.625,32.875,28.913864135742188,351500
1999-06-10,32.625,32.9375,32.5625,32.6875,28.748958587646484,515100
1999-06-11,32.6875,33.5,32.6875,32.9375,28.968839645385742,454300
1999-06-14,32.9375,34.375,32.9375,33.5625,29.518529891967773,478700
1999-06-15,33.5625,34.25,33.5625,33.8125,29.73841094970703,576900
1999-06-16,33.5625,33.75,32.75,33.6875,29.628475189208984,353700
1999-06-17,33.5625,34.1875,33.25,33.4375,29.408592224121094,395500
1999-06-18,33.4375,33.625,33.125,33.3125,29.298654556274414,364300
1999-06-21,33.25,33.3125,32.875,33.125,29.13374900817871,286200
1999-06-22,33.0,33.0625,32.25,32.4375,28.529085159301758,308700
1999-06-23,29.875,29.9375,27.8125,28.9375,25.450801849365234,3078100
1999-06-24,29.0,29.3125,27.75,28.6875,25.230920791625977,877100
1999-06-25,28.75,29.375,28.5,28.5625,25.12098503112793,456800
1999-06-28,28.75,29.1875,28.5625,28.625,25.175952911376953,481100
1999-06-29,28.5,29.625,28.25,29.5625,26.000492095947266,593700
1999-06-30,29.5625,29.875,28.5,28.5,25.066017150878906,653800
1999-07-01,28.375,29.25,28.0,29.0625,25.560741424560547,906900
1999-07-02,29.25,29.5,28.5625,29.5,25.945526123046875,353800
1999-07-06,29.5,29.5,28.375,28.5625,25.12098503112793,516900
1999-07-07,28.8125,29.125,28.5625,29.0,25.50576400756836,562300
1999-07-08,28.75,28.75,28.0,28.125,24.736204147338867,909900
1999-07-09,28.375,28.5,28.125,28.1875,24.791170120239258,411600
1999-07-12,28.3125,28.6875,28.25,28.5625,25.12098503112793,292500
1999-07-13,28.375,28.4375,28.1875,28.3125,24.901105880737305,365000
1999-07-14,28.3125,28.4375,28.0625,28.1875,24.791170120239258,409500
1999-07-15,28.1875,28.1875,27.625,27.875,24.516324996948242,380800
1999-07-16,27.875,28.0625,27.5,27.9375,24.571292877197266,224000
1999-07-19,28.0,28.75,27.8125,28.25,24.846139907836914,455300
1999-07-20,28.0625,28.5,27.9375,28.0,24.626264572143555,368100
1999-07-21,28.0625,28.4375,27.8125,28.0625,24.681236267089844,388400
1999-07-22,28.0625,29.375,28.0625,29.375,25.835586547851562,1753600
1999-07-23,29.25,30.0625,29.25,29.8125,26.220373153686523,665200
1999-07-26,29.8125,29.8125,29.5,29.5625,26.000492095947266,358800
1999-07-27,29.375,30.5,29.375,30.375,26.71509552001953,682100
1999-07-28,30.25,30.25,29.6875,29.9375,26.330303192138672,471400
1999-07-29,29.875,29.9375,29.0,29.0,25.50576400756836,494400
1999-07-30,29.0,29.875,28.875,29.3125,25.780616760253906,246900
1999-08-02,28.9375,29.875,28.9375,29.75,26.390480041503906,509100
1999-08-03,29.625,29.75,29.3125,29.6875,26.335037231445312,297000
1999-08-04,29.8125,30.125,29.625,29.875,26.50136375427246,215900
1999-08-05,29.875,29.9375,28.8125,29.0,25.725168228149414,486000
1999-08-06,28.9375,29.125,28.25,28.375,25.170753479003906,299000
1999-08-09,28.3125,29.25,28.3125,29.0625,25.780616760253906,173600
1999-08-10,29.0,29.0,28.25,28.4375,25.2261962890625,208800
1999-08-11,28.9375,29.0625,28.25,28.5,25.281639099121094,455300
1999-08-12,28.5,28.75,28.3125,28.625,25.392518997192383,717700
1999-08-13,29.0,29.125,28.625,29.0625,25.780616760253906,418100
1999-08-16,28.8125,29.0,28.625,28.875,25.614290237426758,453100
1999-08-17,28.9375,28.9375,28.5625,28.8125,25.558847427368164,386400
1999-08-18,28.9375,28.9375,28.5625,28.6875,25.447959899902344,382400
1999-08-19,28.5625,28.9375,28.375,28.875,25.614290237426758,552300
1999-08-20,29.0,29.0,28.5625,28.75,25.503402709960938,317600
1999-08-23,28.8125,28.875,28.4375,28.75,25.503402709960938,405800
1999-08-24,28.625,28.875,28.0,28.25,25.05986976623535,308300
1999-08-25,28.375,28.4375,28.0,28.125,24.948986053466797,255100
1999-08-26,28.125,28.4375,27.0625,27.25,24.172794342041016,477300
1999-08-27,27.3125,27.875,27.3125,27.75,24.616329193115234,216000
1999-08-30,28.0,28.125,26.625,27.125,24.061912536621094,432500
1999-08-31,27.3125,27.4375,26.5625,26.5625,23.56292724609375,253600
1999-09-01,26.5625,27.625,26.5625,27.5,24.39456558227539,235500
1999-09-02,26.75,27.3125,26.75,27.3125,24.22823715209961,155100
1999-09-03,27.5,27.875,27.125,27.3125,24.22823715209961,172400
1999-09-07,27.25,27.9375,26.875,27.0625,24.006471633911133,265300
1999-09-08,27.0,27.1875,26.75,27.0,23.951025009155273,318700
1999-09-09,27.0,27.125,26.6875,26.8125,23.784700393676758,725700
1999-09-10,26.875,26.9375,26.375,26.4375,23.452043533325195,350900
1999-09-13,26.5,26.5625,25.9375,26.1875,23.23027801513672,440900
1999-09-14,26.0,26.125,25.5625,26.0625,23.1193904876709,417000
1999-09-15,26.0,26.625,25.25,25.5625,22.67585563659668,266800
1999-09-16,25.5625,25.625,25.3125,25.375,22.509531021118164,284800
1999-09-17,25.3125,25.3125,24.875,25.0,22.176876068115234,382300
1999-09-20,25.25,25.3125,24.5,24.625,21.84422492980957,274100
1999-09-21,24.5625,24.5625,23.9375,24.125,21.40068817138672,780900
1999-09-22,24.375,24.375,23.75,23.9375,21.234357833862305,885200
1999-09-23,23.9375,23.9375,23.3125,23.625,20.957149505615234,302200
1999-09-24,23.6875,24.0,23.375,23.75,21.068035125732422,314700
1999-09-27,23.75,24.5,23.75,24.4375,21.677894592285156,777000
1999-09-28,24.5,24.5,23.0,23.625,20.957149505615234,385600
1999-09-29,23.875,24.0,23.5625,23.75,21.068035125732422,364600
1999-09-30,24.0,24.3125,23.75,24.25,21.51156997680664,453700
1999-10-01,24.125,24.375,23.8125,24.0,21.289796829223633,302700
1999-10-04,23.9375,24.3125,23.875,24.25,21.51156997680664,342100
1999-10-05,24.1875,24.5625,23.8125,24.0,21.289796829223633,332800
1999-10-06,24.0,24.375,23.5,24.0,21.289796829223633,724100
1999-10-07,24.0625,24.0625,23.25,23.8125,21.12347412109375,337100
1999-10-08,23.625,25.375,23.5625,23.9375,21.234357833862305,381000
1999-10-11,23.8125,24.375,23.5625,23.5625,20.901708602905273,298700
1999-10-12,23.6875,23.75,22.8125,23.25,20.624492645263672,511500
1999-10-13,23.375,24.0625,23.25,23.3125,20.679935455322266,507800
1999-10-14,23.25,23.625,22.875,22.9375,20.34728240966797,414600
1999-10-15,23.0,23.0,21.875,22.3125,19.792861938476562,395200
1999-10-18,21.375,22.75,20.9375,22.5,19.959190368652344,1178100
1999-10-19,22.625,23.3125,22.5625,23.0625,20.458168029785156,921600
1999-10-20,23.0625,23.1875,21.75,22.0,19.515647888183594,985400
1999-10-21,22.0,22.8125,21.75,22.6875,20.125516891479492,517500
1999-10-22,22.8125,23.375,22.8125,23.0,20.402721405029297,459400
1999-10-25,22.875,24.125,22.75,24.0,21.289796829223633,810100
1999-10-26,23.875,24.25,23.625,23.875,21.17891502380371,692500
1999-10-27,23.875,23.875,23.4375,23.8125,21.12347412109375,342600
1999-10-28,23.9375,24.0625,23.875,24.0,21.289796829223633,428800
1999-10-29,24.0,24.0625,23.875,23.9375,21.234357833862305,361600
1999-11-01,24.0,24.125,23.25,23.25,20.624492645263672,1274200
1999-11-02,23.125,23.75,22.875,23.3125,20.904722213745117,1106500
1999-11-03,23.5,23.5,23.0,23.1875,20.792625427246094,256700
1999-11-04,23.1875,23.1875,22.5,22.8125,20.45635986328125,283600
1999-11-05,22.8125,23.0,22.625,22.625,20.288230895996094,217700
1999-11-08,22.875,23.0625,22.0,23.0625,20.6805362701416,555300
1999-11-09,22.9375,23.25,22.375,22.6875,20.344270706176758,557700
1999-11-10,22.3125,22.75,21.875,22.0,19.7277774810791,492300
1999-11-11,22.25,22.5,22.0,22.375,20.064050674438477,401900
1999-11-12,22.3125,22.375,22.1875,22.25,19.951955795288086,237300
1999-11-15,22.125,22.125,21.6875,21.875,19.615686416625977,451400
1999-11-16,22.0,22.0625,21.75,21.8125,19.559642791748047,384200
1999-11-17,21.9375,22.25,21.8125,21.875,19.615686416625977,370700
1999-11-18,21.8125,22.1875,21.6875,22.0625,19.783824920654297,274100
1999-11-19,22.0,22.625,21.9375,22.375,20.064050674438477,354800
1999-11-22,22.125,22.25,21.375,21.5,19.279420852661133,413600
1999-11-23,21.5625,22.1875,21.375,22.125,19.839862823486328,317900
1999-11-24,21.9375,21.9375,21.5,21.5,19.279420852661133,502900
1999-11-26,21.5,21.5625,21.0,21.0,18.831058502197266,188400
1999-11-29,21.125,21.125,19.875,20.8125,18.662925720214844,715600
1999-11-30,20.8125,20.875,19.75,20.375,18.270610809326172,799800
1999-12-01,20.375,20.5,20.0625,20.0625,17.990386962890625,688900
1999-12-02,20.375,21.25,20.0,20.6875,18.550838470458984,595700
1999-12-03,20.375,21.5625,20.375,21.125,18.943151473999023,697000
1999-12-06,20.625,21.625,20.625,21.375,19.167327880859375,551200
1999-12-07,21.25,23.75,21.25,22.5,20.176136016845703,1580700
1999-12-08,22.625,22.875,21.96875,22.125,19.839862823486328,500000
1999-12-09,21.75,21.875,20.9375,21.6875,19.447547912597656,465300
1999-12-10,21.8125,21.8125,20.875,21.5,19.279420852661133,772100
1999-12-13,21.5,21.5,21.125,21.3125,19.111286163330078,540300
1999-12-14,21.4375,21.4375,21.0,21.1875,18.99919319152832,930100
1999-12-15,21.25,21.75,21.1875,21.4375,19.223377227783203,1023100
1999-12-16,21.5,22.1875,21.25,22.0,19.7277774810791,733200
1999-12-17,22.0,22.0,21.75,21.9375,19.671730041503906,745700
1999-12-20,21.8125,21.8125,20.0,20.25,18.15852165222168,917900
1999-12-21,20.5,20.5,19.6875,19.8125,17.76620864868164,770600
1999-12-22,19.9375,20.75,19.9375,20.25,18.15852165222168,606100
1999-12-23,20.3125,21.0625,20.3125,21.0,18.831058502197266,288800
1999-12-27,20.9375,21.625,20.9375,21.25,19.055238723754883,462200
1999-12-28,21.5,21.8125,21.3125,21.625,19.39150619506836,411400
1999-12-29,21.5,21.75,21.25,21.625,19.39150619506836,323700
1999-12-30,21.6875,22.0,21.5,21.9375,19.671730041503906,443400
1999-12-31,21.9375,22.625,21.9375,22.375,20.064050674438477,250400
2000-01-03,22.375,22.875,22.125,22.25,19.951955795288086,493200
2000-01-04,22.4375,23.125,22.25,22.8125,20.45635986328125,763600
2000-01-05,23.125,23.6875,22.9375,23.5,21.072856903076172,749900
2000-01-06,23.4375,24.1875,23.375,23.625,21.184940338134766,477100
2000-01-07,23.9375,23.9375,23.25,23.5625,21.1289005279541,576200
2000-01-10,23.8125,24.1875,23.625,23.625,21.184940338134766,258800
2000-01-11,23.75,24.0,23.375,23.5625,21.1289005279541,230100
2000-01-12,23.5,24.0625,23.375,23.375,20.96076202392578,625100
2000-01-13,23.5,23.6875,23.5,23.5,21.072856903076172,294400
2000-01-14,23.3125,23.6875,23.25,23.5,21.072856903076172,372200
2000-01-18,23.25,23.625,22.75,23.5,21.072856903076172,727000
2000-01-19,23.375,23.8125,23.375,23.625,21.184940338134766,439700
2000-01-20,23.625,23.625,23.25,23.5,21.072856903076172,512400
2000-01-21,23.5625,23.625,23.5,23.5,21.072856903076172,634500
2000-01-24,23.5625,23.5625,23.5,23.5,21.072856903076172,314000
2000-01-25,23.5625,23.5625,23.0,23.125,20.736583709716797,993000
2000-01-26,23.1875,23.625,23.0625,23.5,21.072856903076172,499700
2000-01-27,23.5,23.5625,23.125,23.1875,20.792625427246094,534800
2000-01-28,23.1875,23.1875,22.4375,22.5625,20.232181549072266,1135200
2000-01-31,22.3125,22.3125,20.3125,20.3125,18.418649673461914,1488400
2000-02-01,20.75,21.0,20.625,20.8125,18.872032165527344,620800
2000-02-02,21.375,21.375,20.5,20.9375,18.985382080078125,548400
2000-02-03,20.9375,21.0625,20.5625,20.625,18.70201301574707,494600
2000-02-04,20.75,20.75,20.375,20.75,18.81536102294922,390800
2000-02-07,20.875,20.875,19.5625,19.6875,17.851924896240234,799600
2000-02-08,19.75,19.75,19.3125,19.4375,17.62523078918457,397800
2000-02-09,19.0,19.0625,18.1875,18.4375,16.718467712402344,925100
2000-02-10,18.25,18.3125,16.4375,17.0,15.41499137878418,1560600
2000-02-11,17.0,17.3125,16.6875,16.9375,15.358322143554688,989600
2000-02-14,16.6875,17.25,16.6875,16.9375,15.358322143554688,545500
2000-02-15,16.9375,17.125,16.375,16.4375,14.904936790466309,602700
2000-02-16,16.5625,16.6875,15.9375,15.9375,14.451558113098145,1054900
2000-02-17,16.5,16.5625,15.5625,15.625,14.168192863464355,697000
2000-02-18,15.5625,16.0625,15.5,15.625,14.168192863464355,683000
2000-02-22,15.6875,15.6875,14.875,15.0625,13.658138275146484,1302800
2000-02-23,15.0,15.125,14.5625,14.875,13.488120079040527,825200
2000-02-24,14.875,14.875,14.1875,14.625,13.261427879333496,771900
2000-02-25,14.625,15.0,14.3125,14.3125,12.97806453704834,1378300
2000-02-28,14.6875,14.6875,13.9375,14.125,12.8080472946167,993900
2000-02-29,14.1875,14.4375,13.75,14.0,12.694701194763184,827700
2000-03-01,14.0,14.1875,13.4375,13.5625,12.297991752624512,1513600
2000-03-02,13.5625,13.625,13.25,13.5,12.241320610046387,1054200
2000-03-03,13.5,14.3125,13.375,14.125,12.8080472946167,7064900
2000-03-06,14.25,14.375,13.1875,13.3125,12.07129955291748,1093900
2000-03-07,13.3125,13.625,13.0,13.125,11.901283264160156,762800
2000-03-08,13.3125,14.0,13.3125,13.8125,12.524682998657227,1501400
2000-03-09,13.9375,14.0,13.75,13.9375,12.638029098510742,767300
2000-03-10,13.9375,14.0625,13.625,13.625,12.35466480255127,770400
2000-03-13,13.75,14.5,13.6875,14.1875,12.86471939086914,647800
2000-03-14,14.5,14.5,14.0,14.0625,12.751374244689941,781200
2000-03-15,14.25,15.125,14.25,15.0,13.60146427154541,808300
2000-03-16,15.5,16.75,15.3125,16.1875,14.678244590759277,1173900
2000-03-17,17.25,17.25,16.0,16.3125,14.791593551635742,1233800
2000-03-20,16.5,16.875,16.4375,16.75,15.188304901123047,634200
2000-03-21,16.75,17.0,16.75,16.875,15.301651954650879,655400
2000-03-22,17.0,17.0625,16.25,16.5625,15.018284797668457,1141700
2000-03-23,16.6875,17.0,16.375,16.6875,15.131629943847656,833200
2000-03-24,16.875,16.875,16.25,16.625,15.074958801269531,432800
2000-03-27,16.75,16.8125,15.75,15.875,14.39488410949707,616700
2000-03-28,15.75,16.25,15.625,15.9375,14.451558113098145,752300
2000-03-29,15.3125,15.8125,15.25,15.625,14.168192863464355,863600
2000-03-30,15.5625,15.75,15.3125,15.375,13.94150161743164,614900
2000-03-31,15.4375,16.625,15.25,16.0,14.508232116699219,845500
2000-04-03,16.125,16.375,15.75,15.9375,14.451558113098145,468600
2000-04-04,15.9375,16.1875,15.1875,15.9375,14.451558113098145,1392700
2000-04-05,15.9375,16.75,15.9375,16.3125,14.791593551635742,644700
2000-04-06,16.4375,16.9375,16.4375,16.5625,15.018284797668457,1058400
2000-04-07,16.5,16.875,15.875,16.625,15.074958801269531,561500
2000-04-10,16.625,17.75,16.5625,17.4375,15.8117036819458,810500
2000-04-11,17.0,17.375,16.875,17.1875,15.585013389587402,568100
2000-04-12,17.375,18.0,16.75,17.0625,15.471662521362305,628000
2000-04-13,17.5,17.625,17.0,17.25,15.641685485839844,624700
2000-04-14,17.125,17.1875,16.5,16.5625,15.018284797668457,749800
2000-04-17,16.25,16.625,16.125,16.625,15.074958801269531,603900
2000-04-18,16.625,16.875,16.25,16.6875,15.131629943847656,411900
2000-04-19,16.5,17.75,16.375,17.0,15.41499137878418,486700
2000-04-20,17.375,17.625,16.6875,16.75,15.188304901123047,823700
2000-04-24,16.75,17.0625,16.1875,16.6875,15.131629943847656,531000
2000-04-25,16.9375,17.3125,16.5,17.25,15.641685485839844,502400
2000-04-26,17.375,17.375,16.375,16.625,15.074958801269531,409700
2000-04-27,16.5625,17.0,16.1875,16.5,14.9616117477417,550100
2000-04-28,16.75,16.8125,15.4375,16.25,14.734919548034668,576300
2000-05-01,16.0,16.6875,15.8125,16.5625,15.018284797668457,331700
2000-05-02,16.0625,16.4375,15.8125,16.0,14.730579376220703,557400
2000-05-03,16.125,16.25,15.625,15.75,14.500411033630371,618900
2000-05-04,15.875,16.0,15.5625,15.75,14.500411033630371,353300
2000-05-05,15.75,16.125,15.625,16.125,14.845659255981445,614100
2000-05-08,15.875,16.375,15.75,16.1875,14.9031982421875,297500
2000-05-09,16.4375,16.75,16.125,16.375,15.075827598571777,305200
2000-05-10,16.4375,16.5,15.6875,15.9375,14.673039436340332,388700
2000-05-11,16.125,17.125,15.75,16.875,15.536158561706543,4508300
2000-05-12,16.9375,17.875,16.3125,17.4375,16.054027557373047,714500
2000-05-15,17.4375,17.5,17.125,17.3125,15.938944816589355,413000
2000-05-16,17.25,17.8125,16.8125,17.5625,16.169109344482422,356700
2000-05-17,17.3125,17.625,17.0625,17.5,16.111568450927734,332700
2000-05-18,17.6875,17.9375,17.3125,17.875,16.456817626953125,369900
2000-05-19,17.75,17.8125,17.375,17.5,16.111568450927734,261500
2000-05-22,17.75,17.9375,17.4375,17.75,16.341733932495117,359800
2000-05-23,17.625,17.6875,17.3125,17.4375,16.054027557373047,331000
2000-05-24,17.5,17.875,16.8125,17.0,15.651238441467285,429000
2000-05-25,17.0,17.0,16.5625,16.9375,15.59369945526123,705000
2000-05-26,17.25,17.25,16.125,16.5625,15.24845027923584,321500
2000-05-30,16.4375,17.4375,16.4375,17.375,15.996491432189941,550900
2000-05-31,17.375,17.375,17.0,17.125,15.76632308959961,474800
2000-06-01,17.25,17.875,17.0625,17.625,16.226648330688477,531900
2000-06-02,17.875,18.0,17.375,17.5,16.111568450927734,476400
2000-06-05,17.5625,17.9375,17.3125,17.75,16.341733932495117,356200
2000-06-06,17.75,18.0,17.6875,18.0,16.571903228759766,638400
2000-06-07,18.125,18.3125,17.1875,17.25,15.881404876708984,592900
2000-06-08,17.375,17.5,16.75,17.1875,15.82386589050293,302700
2000-06-09,17.25,17.25,16.875,17.0,15.651238441467285,214600
2000-06-12,16.875,17.0625,16.5625,16.6875,15.363533020019531,183600
2000-06-13,16.75,16.75,16.25,16.4375,15.1333646774292,409500
2000-06-14,16.4375,17.1875,16.375,16.9375,15.59369945526123,303900
2000-06-15,16.8125,17.25,16.625,17.0625,15.708779335021973,530900
2000-06-16,17.5,17.5625,17.0625,17.125,15.76632308959961,472600
2000-06-19,17.0,17.0,16.375,16.4375,15.1333646774292,388600
2000-06-20,16.5625,16.5625,16.0,16.125,14.845659255981445,343700
2000-06-21,16.375,16.375,15.8125,16.0,14.730579376220703,254400
2000-06-22,16.25,16.5625,15.75,15.9375,14.673039436340332,353300
2000-06-23,16.0,16.3125,16.0,16.125,14.845659255981445,155400
2000-06-26,16.125,16.4375,15.6875,15.875,14.615494728088379,185700
2000-06-27,14.75,15.75,14.6875,15.3125,14.09762191772461,1343400
2000-06-28,14.5,15.3125,14.375,15.140625,13.939384460449219,796300
2000-06-29,14.875,15.375,14.875,14.875,13.69483470916748,857200
2000-06-30,14.75,15.0625,14.75,15.0,13.809918403625488,653700
2000-07-03,14.9375,15.25,14.875,15.25,14.040081977844238,117600
2000-07-05,15.0625,15.4375,15.0,15.0,13.809918403625488,233800
2000-07-06,15.25,15.25,14.9375,15.0625,13.867457389831543,319300
2000-07-07,15.0,15.1875,14.8125,14.8125,13.637293815612793,346600
2000-07-10,14.5625,15.6875,14.5625,15.625,14.385329246520996,1292000
2000-07-11,15.875,16.1875,15.6875,15.9375,14.673039436340332,674500
2000-07-12,16.125,16.125,15.0625,15.4375,14.212705612182617,414900
2000-07-13,15.1875,15.875,15.1875,15.6875,14.44287109375,219800
2000-07-14,15.875,16.0,15.625,15.625,14.385329246520996,334400
2000-07-17,15.75,15.8125,15.3125,15.34375,14.126395225524902,442000
2000-07-18,15.375,15.8125,15.3125,15.5,14.270246505737305,158900
2000-07-19,15.625,15.875,15.4375,15.4375,14.212705612182617,219400
2000-07-20,15.4375,15.875,15.25,15.375,14.15516471862793,248200
2000-07-21,15.125,15.4375,15.125,15.125,13.924999237060547,263700
2000-07-24,15.3125,15.4375,15.0625,15.125,13.924999237060547,208700
2000-07-25,15.25,15.25,14.4375,14.5625,13.407127380371094,715800
2000-07-26,14.5625,14.625,13.9375,14.09375,12.975568771362305,573000
2000-07-27,14.375,14.5,13.9375,14.0625,12.946797370910645,393700
2000-07-28,14.0625,14.1875,13.625,13.875,12.77417278289795,194600
2000-07-31,13.875,14.8125,13.8125,13.9375,12.83171558380127,288600
2000-08-01,14.0,14.625,13.9375,14.375,13.234500885009766,302100
2000-08-02,14.625,14.625,14.125,14.25,13.11942195892334,497500
2000-08-03,14.125,14.3125,14.0,14.0625,13.177989959716797,408600
2000-08-04,14.0,14.5625,14.0,14.375,13.470833778381348,589600
2000-08-07,14.5,14.625,14.375,14.4375,13.529402732849121,578400
2000-08-08,14.5625,14.5625,14.0,14.0625,13.177989959716797,313700
2000-08-09,14.1875,14.1875,13.875,13.9375,13.060853004455566,262200
2000-08-10,14.0625,14.125,13.9375,13.9375,13.060853004455566,240000
2000-08-11,14.0,14.125,13.875,14.0,13.11942195892334,393000
2000-08-14,14.125,14.125,13.8125,14.0625,13.177989959716797,755000
2000-08-15,14.0,14.125,13.5625,13.6875,12.826576232910156,781900
2000-08-16,13.8125,13.9375,13.75,13.875,13.00228214263916,395100
2000-08-17,14.1875,14.1875,13.75,13.75,12.885146141052246,244500
2000-08-18,13.75,14.0,13.625,13.625,12.768007278442383,173100
2000-08-21,13.6875,13.9375,13.625,13.9375,13.060853004455566,495500
2000-08-22,14.0,14.0,13.5625,13.5625,12.709440231323242,264900
2000-08-23,13.6875,13.75,13.25,13.375,12.533733367919922,1294300
2000-08-24,13.375,13.5,13.125,13.3125,12.475163459777832,307600
2000-08-25,13.3125,13.375,13.125,13.1875,12.358025550842285,280500
2000-08-28,13.1875,13.5,13.125,13.375,12.533733367919922,263500
2000-08-29,13.4375,13.4375,12.9375,12.9375,12.12375259399414,458800
2000-08-30,13.0,13.3125,12.9375,13.25,12.416594505310059,1204600
2000-08-31,13.125,13.9375,12.9375,12.9375,12.12375259399414,503200
2000-09-01,13.0625,13.1875,12.8125,12.8125,12.006613731384277,268100
2000-09-05,12.875,13.125,12.8125,13.0,12.182319641113281,504700
2000-09-06,13.125,13.25,13.0,13.1875,12.358025550842285,516200
2000-09-07,13.125,13.25,12.125,12.125,11.362357139587402,999700
2000-09-08,12.3125,12.3125,11.625,11.75,11.010943412780762,1062700
2000-09-11,11.75,12.0,11.75,11.9375,11.186650276184082,576100
2000-09-12,11.9375,11.9375,11.5625,11.5625,10.835235595703125,410600
2000-09-13,11.6875,11.8125,11.1875,11.25,10.542391777038574,668200
2000-09-14,11.125,11.1875,10.75,10.8125,10.132410049438477,636700
2000-09-15,10.8125,10.8125,10.4375,10.4375,9.780996322631836,718000
2000-09-18,10.5625,10.5625,10.1875,10.3125,9.663857460021973,542900
2000-09-19,10.375,10.4375,10.3125,10.4375,9.780996322631836,667600
2000-09-20,10.3125,10.75,10.125,10.75,10.073840141296387,1237000
2000-09-21,10.625,11.0625,10.5,11.0625,10.366684913635254,871500
2000-09-22,11.0625,11.1875,10.875,10.9375,10.249547004699707,723100
2000-09-25,10.9375,11.0,10.625,10.875,10.190978050231934,430800
2000-09-26,10.875,10.9375,10.5625,10.75,10.073840141296387,383100
2000-09-27,10.875,10.875,10.5,10.625,9.956705093383789,409100
2000-09-28,10.5,11.0,10.1875,10.625,9.956705093383789,4418100
2000-09-29,10.5625,10.8125,10.3125,10.6875,10.015271186828613,797500
2000-10-02,10.625,10.625,10.0625,10.4375,9.780996322631836,1296700
2000-10-03,10.25,10.625,10.25,10.4375,9.780996322631836,526400
2000-10-04,10.375,10.625,10.3125,10.4375,9.780996322631836,1238000
2000-10-05,10.4375,10.4375,9.5,9.625,9.019601821899414,1215800
2000-10-06,9.625,9.75,9.0625,9.5,8.902463912963867,836600
2000-10-09,9.625,10.4375,9.5625,10.375,9.722428321838379,430800
2000-10-10,10.25,10.3125,9.5625,9.6875,9.078168869018555,445000
2000-10-11,9.5625,9.8125,9.375,9.5625,8.96103286743164,383800
2000-10-12,9.6875,9.6875,9.25,9.3125,8.726757049560547,259100
2000-10-13,9.1875,9.375,8.875,9.0,8.433913230895996,565600
2000-10-16,9.125,9.375,8.9375,9.0625,8.492481231689453,344300
2000-10-17,9.0,9.0625,8.75,9.0,8.433913230895996,773400
2000-10-18,8.75,8.8125,8.4375,8.4375,7.906795024871826,391100
2000-10-19,8.4375,9.1875,8.375,8.9375,8.375345230102539,455600
2000-10-20,8.875,9.4375,8.8125,9.25,8.66818904876709,692600
2000-10-23,9.25,9.25,8.75,8.8125,8.25820541381836,299800
2000-10-24,8.9375,8.9375,8.6875,8.9375,8.375345230102539,320500
2000-10-25,8.9375,9.0,8.6875,8.8125,8.25820541381836,380100
2000-10-26,8.8125,8.875,8.625,8.625,8.082500457763672,427800
2000-10-27,8.5625,8.5625,8.375,8.5,7.965363025665283,380800
2000-10-30,8.5,9.25,8.4375,9.25,8.66818904876709,734800
2000-10-31,9.1875,9.1875,9.0,9.125,8.551053047180176,497800
2000-11-01,9.125,9.4375,9.0625,9.25,8.66818904876709,898300
2000-11-02,9.125,9.6875,9.125,9.3125,8.969167709350586,431000
2000-11-03,9.3125,9.375,9.0,9.0,8.66818904876709,420200
2000-11-06,9.0,9.25,8.8125,8.8125,8.48759937286377,542400
2000-11-07,8.875,9.25,8.875,9.0625,8.72838306427002,563100
2000-11-08,8.9375,9.0,8.5625,8.75,8.427406311035156,583700
2000-11-09,8.75,8.875,8.25,8.4375,8.12642765045166,832200
2000-11-10,8.4375,8.5,7.875,7.875,7.584664821624756,1017000
2000-11-13,7.9375,8.25,7.875,8.1875,7.88564395904541,738300
2000-11-14,8.3125,8.375,7.875,7.9375,7.644861221313477,862400
2000-11-15,8.0,8.0625,7.625,7.75,7.464273452758789,946400
2000-11-16,7.75,7.75,6.25,6.4375,6.200162887573242,2574600
2000-11-17,6.375,6.5,4.1875,4.25,4.093311309814453,5167800
2000-11-20,5.0,5.6875,5.0,5.625,5.417618274688721,3153700
2000-11-21,6.0,6.25,5.0,5.25,5.056443691253662,2152000
2000-11-22,5.25,5.25,4.5625,4.9375,4.75546407699585,1607100
2000-11-24,4.9375,5.0,4.625,4.625,4.454485893249512,903300
2000-11-27,4.8125,5.125,4.5625,4.8125,4.635073184967041,1656300
2000-11-28,4.25,4.3125,4.0,4.0625,3.912724018096924,4814900
2000-11-29,4.125,4.125,3.9375,4.0625,3.912724018096924,1347700
2000-11-30,4.0625,4.1875,3.875,4.0625,3.912724018096924,1719800
2000-12-01,4.1875,4.375,4.125,4.25,4.093311309814453,1143400
2000-12-04,4.375,4.6875,4.25,4.3125,4.153506755828857,1452600
2000-12-05,4.0625,4.1875,3.5,3.9375,3.792332410812378,3123300
2000-12-06,3.875,4.0,3.8125,3.9375,3.792332410812378,1386300
2000-12-07,3.875,4.0,3.375,3.5,3.370962381362915,2783700
2000-12-08,3.625,3.9375,2.9375,3.125,3.0097877979278564,13231800
2000-12-11,3.25,3.375,3.03125,3.25,3.1301794052124023,4074300
2000-12-12,3.3125,3.6875,3.0625,3.5625,3.4311580657958984,2389100
2000-12-13,3.75,4.25,3.75,4.0625,3.912724018096924,3746400
2000-12-14,4.0625,4.25,3.9375,4.25,4.093311309814453,2363900
2000-12-15,4.1875,4.625,4.0,4.3125,4.153506755828857,2975200
2000-12-18,4.4375,5.1875,4.375,5.125,4.936052322387695,3187900
2000-12-19,5.125,5.25,4.5,4.5,4.334094524383545,1573000
2000-12-20,4.75,5.4375,4.75,5.25,5.056443691253662,1880000
2000-12-21,5.25,5.3125,4.875,5.125,4.936052322387695,1431400
2000-12-22,5.3125,6.1875,5.3125,6.125,5.899184703826904,1962800
2000-12-26,6.0625,7.3125,5.875,7.0625,6.802121162414551,2324300
2000-12-27,6.9375,7.6875,6.875,7.5625,7.283687114715576,1860200
2000-12-28,7.3125,7.375,6.5,7.3125,7.042903423309326,1364100
2000-12-29,6.875,7.5625,6.8125,7.4375,7.163295269012451,1566600
2001-01-02,7.375,7.5,7.0625,7.4375,7.163295269012451,1058400
2001-01-03,7.4375,8.6875,7.25,8.0625,7.765252590179443,1579400
2001-01-04,8.1875,9.625,8.125,8.9375,8.607993125915527,2408000
2001-01-05,8.875,8.9375,8.5,8.5625,8.246818542480469,1152300
2001-01-08,8.6875,9.375,8.5625,9.25,8.908971786499023,1907700
2001-01-09,9.25,9.75,9.0625,9.625,9.270146369934082,1430300
2001-01-10,9.5625,9.625,8.625,9.25,8.908971786499023,2023500
2001-01-11,9.1875,9.1875,7.875,9.0625,8.72838306427002,1276000
2001-01-12,8.8125,8.875,8.25,8.5,8.186622619628906,655000
2001-01-16,8.5,8.6875,7.9375,8.375,8.066230773925781,1081000
2001-01-17,8.375,8.5,7.5,7.8125,7.524469375610352,1080500
2001-01-18,7.8125,8.25,7.75,8.25,7.945838451385498,935600
2001-01-19,8.125,8.1875,7.5625,7.9375,7.644861221313477,721600
2001-01-22,7.875,7.9375,7.75,7.8125,7.524469375610352,453500
2001-01-23,7.875,8.375,7.75,8.1875,7.88564395904541,706000
2001-01-24,8.0625,8.0625,7.5625,7.6875,7.404077053070068,937000
2001-01-25,7.75,7.8125,6.75,7.3125,7.042903423309326,1137000
2001-01-26,7.625,7.875,7.1875,7.6875,7.404077053070068,602600
2001-01-29,7.699999809265137,8.069999694824219,7.590000152587891,8.029999732971191,7.733951568603516,685700
2001-01-30,7.929999828338623,8.239999771118164,7.800000190734863,8.15999984741211,7.859157085418701,856000
2001-01-31,8.25,8.600000381469727,7.599999904632568,8.449999809265137,8.138465881347656,1564100
2001-02-01,8.350000381469727,8.399999618530273,7.900000095367432,8.199999809265137,7.897683143615723,514000
2001-02-02,8.100000381469727,8.199999809265137,7.800000190734863,7.940000057220459,7.647268295288086,448800
2001-02-05,7.849999904632568,8.489999771118164,7.800000190734863,8.239999771118164,7.936209678649902,700200
2001-02-06,8.239999771118164,8.600000381469727,8.149999618530273,8.5,8.186622619628906,652500
2001-02-07,8.399999618530273,8.699999809265137,8.399999618530273,8.680000305175781,8.359987258911133,450600
2001-02-08,8.779999732971191,8.880000114440918,8.600000381469727,8.699999809265137,8.379251480102539,789600
2001-02-09,8.649999618530273,8.649999618530273,8.149999618530273,8.5600004196167,8.244409561157227,869200
2001-02-12,8.5,8.600000381469727,8.260000228881836,8.489999771118164,8.17699146270752,350000
2001-02-13,8.399999618530273,8.489999771118164,8.3100004196167,8.4399995803833,8.128835678100586,173500
2001-02-14,8.359999656677246,8.770000457763672,8.359999656677246,8.75,8.427406311035156,631800
2001-02-15,8.649999618530273,8.739999771118164,8.0,8.680000305175781,8.359987258911133,1043400
2001-02-16,8.119999885559082,8.119999885559082,7.0,7.199999809265137,6.934550762176514,1275900
2001-02-20,7.0,7.0,4.900000095367432,5.440000057220459,5.239438533782959,2312300
2001-02-21,5.5,6.099999904632568,5.400000095367432,6.0,5.778792381286621,1780500
2001-02-22,6.0,6.050000190734863,5.460000038146973,5.760000228881836,5.547640800476074,903300
2001-02-23,5.760000228881836,5.769999980926514,5.360000133514404,5.75,5.5380096435546875,1017500
2001-02-26,5.75,5.769999980926514,5.519999980926514,5.590000152587891,5.383908271789551,298500
2001-02-27,5.650000095367432,5.769999980926514,5.510000228881836,5.769999980926514,5.557271957397461,297600
2001-02-28,5.5,5.800000190734863,5.440000057220459,5.659999847412109,5.451326847076416,330000
2001-03-01,5.699999809265137,5.699999809265137,5.5,5.579999923706055,5.374277591705322,295400
2001-03-02,5.550000190734863,5.659999847412109,5.510000228881836,5.590000152587891,5.383908271789551,421800
2001-03-05,5.599999904632568,5.849999904632568,5.550000190734863,5.849999904632568,5.6343231201171875,475600
2001-03-06,5.800000190734863,5.849999904632568,5.75,5.840000152587891,5.624691963195801,480700
2001-03-07,5.900000095367432,6.78000020980835,5.800000190734863,6.730000019073486,6.481878280639648,682800
2001-03-08,6.679999828338623,6.949999809265137,6.5,6.619999885559082,6.3759331703186035,589700
2001-03-09,6.519999980926514,6.880000114440918,6.510000228881836,6.619999885559082,6.3759331703186035,473500
2001-03-12,5.099999904632568,5.400000095367432,4.25,4.800000190734863,4.6230340003967285,2301500
2001-03-13,4.900000095367432,5.25,4.789999961853027,5.0,4.815659999847412,779100
2001-03-14,5.0,5.0,4.579999923706055,4.849999904632568,4.67119026184082,689500
2001-03-15,4.900000095367432,4.980000019073486,4.75,4.849999904632568,4.67119026184082,232000
2001-03-16,4.900000095367432,4.900000095367432,4.380000114440918,4.489999771118164,4.324462890625,643100
2001-03-19,4.489999771118164,4.519999980926514,4.320000171661377,4.519999980926514,4.35335636138916,648900
2001-03-20,4.519999980926514,4.519999980926514,4.329999923706055,4.380000114440918,4.218518257141113,386500
2001-03-21,4.5,4.5,3.609999895095825,3.9000000953674316,3.7562148571014404,984200
2001-03-22,3.9000000953674316,4.070000171661377,3.3499999046325684,4.0,3.8525285720825195,1246600
2001-03-23,4.0,4.099999904632568,3.7799999713897705,3.8499999046325684,3.7080585956573486,677900
2001-03-26,3.9600000381469727,4.099999904632568,3.8499999046325684,4.0,3.8525285720825195,601300
2001-03-27,4.0,4.050000190734863,3.9200000762939453,3.950000047683716,3.8043720722198486,380100
2001-03-28,3.950000047683716,4.050000190734863,3.940000057220459,3.950000047683716,3.8043720722198486,590800
2001-03-29,4.0,4.099999904632568,3.890000104904175,3.9800000190734863,3.833265781402588,225500
2001-03-30,3.990000009536743,4.050000190734863,3.950000047683716,4.050000190734863,3.9006850719451904,574100
2001-04-02,4.050000190734863,4.210000038146973,3.6500000953674316,3.700000047683716,3.563589096069336,573900
2001-04-03,3.6500000953674316,3.690000057220459,3.4700000286102295,3.690000057220459,3.5539567470550537,685400
2001-04-04,3.6500000953674316,4.0,3.619999885559082,3.8499999046325684,3.7080585956573486,565400
2001-04-05,3.950000047683716,4.070000171661377,3.7300000190734863,4.0,3.8525285720825195,449200
2001-04-06,4.0,4.0,3.799999952316284,3.990000009536743,3.8428971767425537,479500
2001-04-09,3.990000009536743,4.03000020980835,3.799999952316284,4.0,3.8525285720825195,969900
2001-04-10,3.950000047683716,3.950000047683716,3.7200000286102295,3.7899999618530273,3.650270700454712,407200
2001-04-11,3.690000057220459,3.7300000190734863,3.5,3.5299999713897705,3.399855613708496,534100
2001-04-12,3.75,3.75,3.5199999809265137,3.5399999618530273,3.40948748588562,328100
2001-04-16,3.5299999713897705,3.819999933242798,3.5299999713897705,3.7899999618530273,3.650270700454712,364500
2001-04-17,3.7899999618530273,3.8399999141693115,3.759999990463257,3.819999933242798,3.679164171218872,263300
2001-04-18,3.819999933242798,3.819999933242798,3.25,3.4000000953674316,3.274648666381836,2830300
2001-04-19,3.5,4.0,3.5,3.990000009536743,3.8428971767425537,825300
2001-04-20,3.990000009536743,4.03000020980835,3.7799999713897705,3.799999952316284,3.6599018573760986,868100
2001-04-23,3.880000114440918,3.990000009536743,3.799999952316284,3.930000066757202,3.785109758377075,477400
2001-04-24,3.940000057220459,4.449999809265137,3.940000057220459,4.300000190734863,4.141467571258545,1146700
2001-04-25,4.300000190734863,4.789999961853027,4.300000190734863,4.769999980926514,4.594141006469727,2821900
2001-04-26,4.800000190734863,5.0,4.510000228881836,4.590000152587891,4.4207763671875,2435600
2001-04-27,4.590000152587891,4.650000095367432,4.300000190734863,4.300000190734863,4.141467571258545,557200
2001-04-30,4.300000190734863,4.539999961853027,4.269999980926514,4.309999942779541,4.151098728179932,497800
2001-05-01,4.400000095367432,4.480000019073486,4.289999961853027,4.289999961853027,4.131836891174316,348000
2001-05-02,4.5,4.550000190734863,4.300000190734863,4.300000190734863,4.141467571258545,747700
2001-05-03,4.320000171661377,4.340000152587891,4.119999885559082,4.25,4.093311309814453,346600
2001-05-04,4.25,4.380000114440918,4.179999828338623,4.300000190734863,4.141467571258545,266100
2001-05-07,4.300000190734863,4.389999866485596,4.269999980926514,4.349999904632568,4.1896257400512695,412400
2001-05-08,4.400000095367432,4.679999828338623,4.360000133514404,4.599999904632568,4.430407524108887,1593800
2001-05-09,4.599999904632568,5.159999847412109,4.579999923706055,4.929999828338623,4.748240947723389,2063300
2001-05-10,5.0,5.099999904632568,4.900000095367432,4.949999809265137,4.7675042152404785,1649800
2001-05-11,5.0,5.119999885559082,4.920000076293945,4.989999771118164,4.806029796600342,623700
2001-05-14,4.949999809265137,4.960000038146973,4.650000095367432,4.75,4.574876308441162,423700
2001-05-15,4.800000190734863,4.849999904632568,4.630000114440918,4.699999809265137,4.5267205238342285,466500
2001-05-16,4.699999809265137,4.75,4.630000114440918,4.679999828338623,4.507458209991455,604800
2001-05-17,4.75,4.75,4.199999809265137,4.400000095367432,4.237781047821045,692000
2001-05-18,4.400000095367432,4.539999961853027,4.139999866485596,4.539999961853027,4.372619152069092,1459200
2001-05-21,4.639999866485596,4.869999885559082,4.610000133514404,4.75,4.574876308441162,867500
2001-05-22,4.949999809265137,5.309999942779541,4.940000057220459,5.159999847412109,4.969761848449707,1606400
2001-05-23,5.190000057220459,5.590000152587891,5.190000057220459,5.519999980926514,5.316488742828369,1407800
2001-05-24,5.539999961853027,5.880000114440918,5.53000020980835,5.789999961853027,5.576534271240234,887500
2001-05-25,5.889999866485596,5.900000095367432,5.5,5.519999980926514,5.316488742828369,581700
2001-05-29,5.550000190734863,5.599999904632568,5.25,5.449999809265137,5.249069690704346,627900
2001-05-30,5.440000057220459,5.440000057220459,5.150000095367432,5.289999961853027,5.094969272613525,468200
2001-05-31,5.150000095367432,5.300000190734863,4.800000190734863,5.119999885559082,4.931236267089844,997200
2001-06-01,5.050000190734863,5.75,4.75,5.75,5.5380096435546875,1875500
2001-06-04,5.75,5.75,5.050000190734863,5.210000038146973,5.017919063568115,860900
2001-06-05,5.239999771118164,5.239999771118164,4.940000057220459,4.960000038146973,4.777134895324707,1019300
2001-06-06,4.949999809265137,5.0,4.400000095367432,4.579999923706055,4.411143779754639,1684100
2001-06-07,4.5,4.599999904632568,4.409999847412109,4.429999828338623,4.266674995422363,853700
2001-06-08,4.670000076293945,4.670000076293945,4.360000133514404,4.400000095367432,4.237781047821045,723500
2001-06-11,4.449999809265137,4.46999979019165,4.170000076293945,4.170000076293945,4.016260623931885,1135400
2001-06-12,4.190000057220459,4.190000057220459,3.9700000286102295,4.010000228881836,3.8621602058410645,1204000
2001-06-13,4.050000190734863,4.679999828338623,4.050000190734863,4.239999771118164,4.083680152893066,915900
2001-06-14,4.25,4.400000095367432,4.079999923706055,4.079999923706055,3.9295785427093506,414700
2001-06-15,4.300000190734863,4.300000190734863,4.03000020980835,4.03000020980835,3.881422758102417,600500
2001-06-18,4.039999961853027,4.139999866485596,3.9800000190734863,4.010000228881836,3.8621602058410645,470200
2001-06-19,4.050000190734863,4.079999923706055,3.740000009536743,3.7899999618530273,3.650270700454712,1478400
2001-06-20,3.7799999713897705,3.990000009536743,3.6500000953674316,3.940000057220459,3.7947404384613037,585000
2001-06-21,4.0,4.0,3.559999942779541,3.690000057220459,3.5539567470550537,722400
2001-06-22,3.690000057220459,3.690000057220459,3.200000047683716,3.5999999046325684,3.467275381088257,1354600
2001-06-25,3.5999999046325684,3.5999999046325684,3.1500000953674316,3.240000009536743,3.1205482482910156,1718700
2001-06-26,3.25,3.3499999046325684,2.509999990463257,2.809999942779541,2.7064013481140137,2814300
2001-06-27,3.0,3.0999999046325684,2.880000114440918,3.0,2.8893961906433105,680900
2001-06-28,3.069999933242798,3.380000114440918,2.8499999046325684,2.9000000953674316,2.7930827140808105,1243600
2001-06-29,3.0,3.75,2.950000047683716,3.75,3.6117453575134277,2047900
2001-07-02,3.75,3.75,3.25,3.4100000858306885,3.28428053855896,684400
2001-07-03,3.509999990463257,3.75,3.299999952316284,3.299999952316284,3.1783359050750732,497800
2001-07-05,3.2300000190734863,3.5299999713897705,3.009999990463257,3.130000114440918,3.01460337638855,1166700
2001-07-06,3.2300000190734863,3.309999942779541,3.130000114440918,3.2699999809265137,3.149441957473755,381300
2001-07-09,3.3499999046325684,3.450000047683716,3.2699999809265137,3.4000000953674316,3.274648666381836,276800
2001-07-10,3.3499999046325684,3.4000000953674316,3.299999952316284,3.319999933242798,3.197598695755005,228900
2001-07-11,3.4000000953674316,3.4000000953674316,3.0399999618530273,3.0999999046325684,2.9857094287872314,749600
2001-07-12,3.0999999046325684,3.130000114440918,2.9000000953674316,2.9800000190734863,2.870133638381958,598500
2001-07-13,3.009999990463257,3.0999999046325684,2.9000000953674316,2.990000009536743,2.879765272140503,608500
2001-07-16,3.009999990463257,3.130000114440918,2.9000000953674316,2.9000000953674316,2.7930827140808105,504300
2001-07-17,2.990000009536743,3.0,2.799999952316284,2.9200000762939453,2.8123459815979004,378200
2001-07-18,2.9800000190734863,3.049999952316284,2.9000000953674316,2.950000047683716,2.841240167617798,410600
2001-07-19,3.0299999713897705,3.5899999141693115,3.0299999713897705,3.4000000953674316,3.274648666381836,2767700
2001-07-20,3.4000000953674316,3.4000000953674316,3.049999952316284,3.049999952316284,2.9375524520874023,2007600
2001-07-23,3.0999999046325684,3.140000104904175,2.990000009536743,3.0199999809265137,2.9086592197418213,1080700
2001-07-24,3.049999952316284,3.2899999618530273,3.049999952316284,3.1700000762939453,3.053128719329834,516800
2001-07-25,3.1700000762939453,3.299999952316284,3.1500000953674316,3.2899999618530273,3.1687047481536865,817000
2001-07-26,3.3299999237060547,3.4000000953674316,3.1600000858306885,3.380000114440918,3.2553868293762207,1648000
2001-07-27,3.3499999046325684,3.5399999618530273,3.200000047683716,3.200000047683716,3.0820224285125732,993100
2001-07-30,3.190000057220459,3.2300000190734863,3.140000104904175,3.2200000286102295,3.101285219192505,478900
2001-07-31,3.2200000286102295,3.4000000953674316,3.2200000286102295,3.259999990463257,3.139810800552368,234000
2001-08-01,3.25,3.3299999237060547,3.2100000381469727,3.3299999237060547,3.2072298526763916,140000
2001-08-02,3.3499999046325684,3.509999990463257,3.3499999046325684,3.490000009536743,3.3613317012786865,598500
2001-08-03,3.440000057220459,3.5,3.299999952316284,3.299999952316284,3.1783359050750732,293500
2001-08-06,3.380000114440918,3.440000057220459,3.3499999046325684,3.390000104904175,3.2650177478790283,311900
2001-08-07,3.4000000953674316,3.5,3.2699999809265137,3.450000047683716,3.3228061199188232,333000
2001-08-08,3.4000000953674316,3.630000114440918,3.390000104904175,3.5999999046325684,3.467275381088257,571400
2001-08-09,3.619999885559082,3.690000057220459,3.559999942779541,3.630000114440918,3.4961695671081543,506000
2001-08-10,3.5999999046325684,3.8499999046325684,3.549999952316284,3.799999952316284,3.6599018573760986,396900
2001-08-13,3.8399999141693115,4.0,3.799999952316284,3.990000009536743,3.8428971767425537,626400
2001-08-14,4.0,4.380000114440918,4.0,4.150000095367432,3.996997594833374,1514100
2001-08-15,4.150000095367432,4.179999828338623,3.799999952316284,4.050000190734863,3.9006850719451904,1049100
2001-08-16,4.019999980926514,4.239999771118164,4.010000228881836,4.239999771118164,4.083680152893066,509300
2001-08-17,4.239999771118164,4.440000057220459,4.059999942779541,4.389999866485596,4.2281494140625,635300
2001-08-20,4.389999866485596,4.610000133514404,4.360000133514404,4.599999904632568,4.430407524108887,567000
2001-08-21,4.599999904632568,5.039999961853027,4.599999904632568,4.75,4.574876308441162,1094900
2001-08-22,4.75,4.980000019073486,4.0,4.400000095367432,4.237781047821045,1019700
2001-08-23,4.300000190734863,4.449999809265137,3.799999952316284,3.799999952316284,3.6599018573760986,755100
2001-08-24,3.8499999046325684,4.0,3.809999942779541,3.950000047683716,3.8043720722198486,729500
2001-08-27,3.9600000381469727,4.0,3.680000066757202,3.700000047683716,3.563589096069336,460600
2001-08-28,3.700000047683716,3.799999952316284,3.549999952316284,3.549999952316284,3.419118881225586,788400
2001-08-29,3.5899999141693115,3.690000057220459,3.509999990463257,3.509999990463257,3.380593776702881,428100
2001-08-30,3.609999895095825,3.609999895095825,3.450000047683716,3.5,3.370962381362915,484600
2001-08-31,3.490000009536743,3.5,3.3499999046325684,3.450000047683716,3.3228061199188232,704500
2001-09-04,3.490000009536743,3.799999952316284,3.490000009536743,3.5,3.370962381362915,599800
2001-09-05,3.5,3.549999952316284,3.319999933242798,3.4800000190734863,3.3516993522644043,586100
2001-09-06,3.5,3.549999952316284,3.049999952316284,3.200000047683716,3.0820224285125732,910800
2001-09-07,3.200000047683716,3.3499999046325684,3.140000104904175,3.1500000953674316,3.0338661670684814,540100
2001-09-10,3.1500000953674316,3.25,3.0,3.0299999713897705,2.918290138244629,837900
2001-09-17,2.950000047683716,2.9800000190734863,2.75,2.8499999046325684,2.7449264526367188,805500
2001-09-18,2.950000047683716,3.140000104904175,2.6500000953674316,2.700000047683716,2.600457191467285,652300
2001-09-19,2.75,2.799999952316284,2.390000104904175,2.5799999237060547,2.4848809242248535,2356500
2001-09-20,2.4000000953674316,2.5,2.299999952316284,2.440000057220459,2.3500425815582275,654500
2001-09-21,2.25,2.4200000762939453,2.049999952316284,2.2100000381469727,2.1285223960876465,753200
2001-09-24,2.5,2.5999999046325684,2.3299999237060547,2.4800000190734863,2.3885674476623535,936400
2001-09-25,2.5799999237060547,2.5999999046325684,2.2300000190734863,2.25,2.1670472621917725,725000
2001-09-26,2.450000047683716,2.450000047683716,2.25,2.299999952316284,2.2152037620544434,475300
2001-09-27,2.25,2.25,2.0,2.009999990463257,1.9358956813812256,1217500
2001-09-28,2.299999952316284,2.299999952316284,2.0299999713897705,2.2899999618530273,2.2055718898773193,1428900
2001-10-01,2.309999942779541,2.3299999237060547,2.059999942779541,2.0999999046325684,2.0225770473480225,603400
2001-10-02,2.0999999046325684,2.130000114440918,2.049999952316284,2.0799999237060547,2.003314971923828,426200
2001-10-03,2.0899999141693115,2.25,2.049999952316284,2.180000066757202,2.099628210067749,573700
2001-10-04,2.2300000190734863,2.4800000190734863,2.2100000381469727,2.390000104904175,2.3018860816955566,493800
2001-10-05,2.380000114440918,2.4000000953674316,2.130000114440918,2.4000000953674316,2.3115170001983643,917200
2001-10-08,2.490000009536743,2.8399999141693115,2.319999933242798,2.700000047683716,2.600457191467285,541100
2001-10-09,2.700000047683716,2.75,2.4200000762939453,2.4200000762939453,2.330779790878296,399900
2001-10-10,2.4100000858306885,2.690000057220459,2.4000000953674316,2.490000009536743,2.3981988430023193,576300
2001-10-11,2.450000047683716,2.640000104904175,2.4000000953674316,2.5,2.407829999923706,640600
2001-10-12,2.5,2.5299999713897705,2.4200000762939453,2.4700000286102295,2.378936290740967,308100
2001-10-15,2.450000047683716,2.5,2.450000047683716,2.4700000286102295,2.378936290740967,347600
2001-10-16,2.4700000286102295,2.700000047683716,2.4700000286102295,2.619999885559082,2.5234055519104004,544900
2001-10-17,2.640000104904175,2.759999990463257,2.4600000381469727,2.4600000381469727,2.36930513381958,808700
2001-10-18,2.4100000858306885,2.450000047683716,2.0999999046325684,2.450000047683716,2.3596737384796143,830400
2001-10-19,2.4000000953674316,2.4000000953674316,2.1500000953674316,2.2799999713897705,2.195941209793091,476600
2001-10-22,2.25,2.25,2.049999952316284,2.069999933242798,1.9936833381652832,544000
2001-10-23,2.0999999046325684,2.180000066757202,2.0,2.0,1.9262642860412598,842900
2001-10-24,2.0,2.299999952316284,2.0,2.200000047683716,2.1188905239105225,605800
2001-10-25,2.2300000190734863,2.240000009536743,2.0,2.049999952316284,1.9744207859039307,1885200
2001-10-26,2.049999952316284,2.0799999237060547,2.009999990463257,2.069999933242798,1.9936833381652832,527800
2001-10-29,2.049999952316284,2.069999933242798,1.9900000095367432,2.0,1.9262642860412598,568200
2001-10-30,2.0,2.049999952316284,1.809999942779541,1.8200000524520874,1.7529003620147705,817500
2001-10-31,1.840000033378601,1.9500000476837158,1.8200000524520874,1.8200000524520874,1.7529003620147705,855400
2001-11-01,1.7999999523162842,1.8300000429153442,1.5499999523162842,1.600000023841858,1.5410112142562866,2348300
2001-11-02,1.5700000524520874,1.590000033378601,1.2799999713897705,1.3700000047683716,1.3194910287857056,2762100
2001-11-05,1.3700000047683716,1.4500000476837158,1.2300000190734863,1.25,1.203914999961853,2475500
2001-11-06,1.350000023841858,1.7999999523162842,1.2799999713897705,1.7999999523162842,1.7336376905441284,2072000
2001-11-07,1.7999999523162842,1.8899999856948853,1.5299999713897705,1.559999942779541,1.5024861097335815,940900
2001-11-08,1.659999966621399,1.75,1.6200000047683716,1.7000000476837158,1.637324333190918,772100
2001-11-09,1.7300000190734863,1.75,1.6200000047683716,1.690000057220459,1.6276934146881104,585400
2001-11-12,1.6799999475479126,1.6799999475479126,1.600000023841858,1.6799999475479126,1.6180617809295654,308300
2001-11-13,1.7300000190734863,1.75,1.649999976158142,1.649999976158142,1.5891679525375366,744500
2001-11-14,1.7300000190734863,1.7400000095367432,1.5800000429153442,1.600000023841858,1.5410112142562866,689000
2001-11-15,1.6299999952316284,1.649999976158142,1.559999942779541,1.5800000429153442,1.5217489004135132,657100
2001-11-16,1.7000000476837158,1.75,1.590000033378601,1.649999976158142,1.5891679525375366,721300
2001-11-19,1.6699999570846558,1.7300000190734863,1.590000033378601,1.590000033378601,1.5313798189163208,1388800
2001-11-20,1.600000023841858,1.6399999856948853,1.5199999809265137,1.6100000143051147,1.5506426095962524,615300
2001-11-21,1.6200000047683716,1.6399999856948853,1.5199999809265137,1.5499999523162842,1.4928547143936157,647100
2001-11-23,1.5199999809265137,1.559999942779541,1.350000023841858,1.3600000143051147,1.3098596334457397,842000
2001-11-26,1.3300000429153442,1.3300000429153442,1.1299999952316284,1.25,1.203914999961853,2259600
2001-11-27,1.25,1.2899999618530273,1.2000000476837158,1.2000000476837158,1.1557585000991821,891700
2001-11-28,1.1799999475479126,1.2000000476837158,1.059999942779541,1.1200000047683716,1.0787080526351929,1841400
2001-11-29,1.059999942779541,1.1399999856948853,1.0099999904632568,1.0499999523162842,1.0112885236740112,1511200
2001-11-30,1.0499999523162842,1.059999942779541,0.9599999785423279,1.0099999904632568,0.9727633595466614,2089500
2001-12-03,0.9800000190734863,1.0,0.8299999833106995,0.9200000166893005,0.8860815167427063,1300600
2001-12-04,0.9200000166893005,1.0800000429153442,0.9200000166893005,0.949999988079071,0.9149754643440247,1263500
2001-12-05,0.9800000190734863,1.3799999952316284,0.9800000190734863,1.3799999952316284,1.3291221857070923,1816300
2001-12-06,1.4500000476837158,1.899999976158142,1.440000057220459,1.850000023841858,1.781794548034668,5588700
2001-12-07,1.850000023841858,1.850000023841858,1.559999942779541,1.850000023841858,1.781794548034668,2432200
2001-12-10,1.840000033378601,1.840000033378601,1.659999966621399,1.7400000095367432,1.6758496761322021,838500
2001-12-11,1.75,1.75,1.5199999809265137,1.649999976158142,1.5891679525375366,1706200
2001-12-12,1.649999976158142,1.850000023841858,1.5099999904632568,1.850000023841858,1.781794548034668,1972100
2001-12-13,2.0,2.2300000190734863,2.0,2.109999895095825,2.0322089195251465,4584200
2001-12-14,1.899999976158142,2.7899999618530273,1.899999976158142,2.6500000953674316,2.552299737930298,4076100
2001-12-17,2.8499999046325684,2.9700000286102295,2.680000066757202,2.9000000953674316,2.7930827140808105,2935500
2001-12-18,3.0,3.0399999618530273,2.6500000953674316,2.9000000953674316,2.7930827140808105,3190600
2001-12-19,2.9000000953674316,2.940000057220459,2.6600000858306885,2.940000057220459,2.831608295440674,2383000
2001-12-20,2.940000057220459,3.0299999713897705,2.759999990463257,2.8499999046325684,2.7449264526367188,2134900
2001-12-21,2.8399999141693115,2.9700000286102295,2.7699999809265137,2.7799999713897705,2.6775074005126953,1796900
2001-12-24,2.7699999809265137,2.7699999809265137,2.5299999713897705,2.700000047683716,2.600457191467285,590700
2001-12-26,2.5999999046325684,2.8499999046325684,2.5899999141693115,2.7200000286102295,2.6197192668914795,934200
2001-12-27,2.7200000286102295,2.75,2.5799999237060547,2.6700000762939453,2.5715627670288086,921700
2001-12-28,2.630000114440918,2.6700000762939453,2.5799999237060547,2.5899999141693115,2.494511842727661,634300
2001-12-31,2.509999990463257,2.740000009536743,2.4100000858306885,2.5399999618530273,2.4463553428649902,1112200
2002-01-02,2.549999952316284,3.0999999046325684,2.549999952316284,3.0999999046325684,2.9857094287872314,1880000
2002-01-03,3.1500000953674316,3.940000057220459,3.1500000953674316,3.9000000953674316,3.7562148571014404,5540000
2002-01-04,3.9100000858306885,4.090000152587891,3.7200000286102295,3.990000009536743,3.8428971767425537,3038500
2002-01-07,3.990000009536743,3.990000009536743,3.759999990463257,3.859999895095825,3.7176895141601562,1493100
2002-01-08,3.819999933242798,4.400000095367432,3.7699999809265137,4.349999904632568,4.1896257400512695,2477300
2002-01-09,4.349999904632568,4.880000114440918,4.349999904632568,4.679999828338623,4.507458209991455,3433000
2002-01-10,4.679999828338623,4.789999961853027,4.25,4.599999904632568,4.430407524108887,1733300
2002-01-11,4.550000190734863,4.559999942779541,4.269999980926514,4.309999942779541,4.151098728179932,1126700
2002-01-14,4.099999904632568,4.179999828338623,3.2799999713897705,3.5,3.370962381362915,4117400
2002-01-15,3.0,3.75,3.0,3.700000047683716,3.563589096069336,2869300
2002-01-16,3.6500000953674316,3.690000057220459,3.2100000381469727,3.569999933242798,3.4383814334869385,1215900
2002-01-17,3.5,3.799999952316284,3.5,3.75,3.6117453575134277,1000700
2002-01-18,3.6500000953674316,3.7300000190734863,3.549999952316284,3.5999999046325684,3.467275381088257,1169400
2002-01-22,3.619999885559082,3.690000057220459,3.5,3.5999999046325684,3.467275381088257,523600
2002-01-23,3.5999999046325684,4.0,3.5999999046325684,3.9800000190734863,3.833265781402588,1637400
2002-01-24,4.0,4.599999904632568,4.0,4.440000057220459,4.27630615234375,3357000
2002-01-25,4.449999809265137,5.130000114440918,4.110000133514404,5.0,4.815659999847412,5307000
2002-01-28,5.059999942779541,5.139999866485596,4.650000095367432,4.880000114440918,4.700085163116455,2458000
2002-01-29,4.800000190734863,4.869999885559082,4.300000190734863,4.449999809265137,4.285937786102295,1627600
2002-01-30,4.650000095367432,4.789999961853027,4.460000038146973,4.599999904632568,4.430407524108887,1816100
2002-01-31,4.650000095367432,5.25,4.599999904632568,5.25,5.056443691253662,1864300
2002-02-01,5.25,6.0,5.010000228881836,5.550000190734863,5.345384120941162,3482000
2002-02-04,5.650000095367432,5.650000095367432,5.070000171661377,5.400000095367432,5.20091438293457,1247100
2002-02-05,5.300000190734863,5.539999961853027,5.190000057220459,5.400000095367432,5.20091438293457,758100
2002-02-06,5.400000095367432,5.449999809265137,5.050000190734863,5.110000133514404,4.921604633331299,1218300
2002-02-07,5.130000114440918,5.150000095367432,4.5,4.650000095367432,4.478564262390137,2213200
2002-02-08,5.0,5.510000228881836,4.949999809265137,5.389999866485596,5.191281795501709,2604500
2002-02-11,5.409999847412109,5.75,5.400000095367432,5.599999904632568,5.393539905548096,2185600
2002-02-12,5.550000190734863,5.650000095367432,5.25,5.309999942779541,5.114230632781982,1173700
2002-02-13,5.309999942779541,5.639999866485596,5.309999942779541,5.590000152587891,5.383908271789551,1261700
2002-02-14,5.590000152587891,6.25,4.809999942779541,5.190000057220459,4.998654842376709,5549700
2002-02-15,5.480000019073486,5.570000171661377,5.150000095367432,5.5,5.297224998474121,1671500
2002-02-19,5.460000038146973,5.460000038146973,5.019999980926514,5.25,5.056443691253662,1087200
2002-02-20,5.300000190734863,5.489999771118164,5.199999809265137,5.400000095367432,5.20091438293457,1231900
2002-02-21,5.420000076293945,5.420000076293945,5.300000190734863,5.300000190734863,5.104599475860596,670500
2002-02-22,5.260000228881836,5.309999942779541,5.159999847412109,5.260000228881836,5.066074371337891,895800
2002-02-25,5.239999771118164,5.5,5.239999771118164,5.489999771118164,5.287593841552734,1493500
2002-02-26,5.489999771118164,6.099999904632568,5.46999979019165,6.090000152587891,5.865474224090576,2468800
2002-02-27,6.190000057220459,6.329999923706055,5.900000095367432,5.940000057220459,5.721004009246826,1764600
2002-02-28,5.849999904632568,5.949999809265137,5.650000095367432,5.730000019073486,5.518747806549072,1307600
2002-03-01,5.739999771118164,5.940000057220459,5.730000019073486,5.880000114440918,5.663216590881348,714900
2002-03-04,5.949999809265137,7.019999980926514,5.949999809265137,7.0,6.74192476272583,5239800
2002-03-05,6.900000095367432,7.179999828338623,6.659999847412109,7.139999866485596,6.876762866973877,2632200
2002-03-06,7.0,7.300000190734863,6.949999809265137,7.300000190734863,7.0308637619018555,1766700
2002-03-07,7.300000190734863,7.590000152587891,7.269999980926514,7.5,7.2234907150268555,2487300
2002-03-08,7.489999771118164,7.550000190734863,7.099999904632568,7.289999961853027,7.021233558654785,1782000
2002-03-11,7.269999980926514,7.699999809265137,6.900000095367432,7.699999809265137,7.416117191314697,1272900
2002-03-12,7.519999980926514,8.0,7.409999847412109,7.900000095367432,7.608744144439697,1681400
2002-03-13,7.909999847412109,7.980000019073486,7.75,7.800000190734863,7.512429714202881,1807900
2002-03-14,7.75,7.889999866485596,7.289999961853027,7.369999885559082,7.098282814025879,1846900
2002-03-15,6.900000095367432,7.25,6.639999866485596,7.179999828338623,6.91528844833374,4938900
2002-03-18,7.400000095367432,7.800000190734863,7.400000095367432,7.730000019073486,7.445011615753174,2722500
2002-03-19,7.800000190734863,8.399999618530273,7.739999771118164,8.289999961853027,7.984365940093994,3355000
2002-03-20,8.390000343322754,8.930000305175781,8.199999809265137,8.850000381469727,8.523719787597656,3426900
2002-03-21,8.75,8.850000381469727,8.600000381469727,8.6899995803833,8.369616508483887,1816000
2002-03-22,8.649999618530273,8.899999618530273,8.520000457763672,8.649999618530273,8.33109188079834,1138600
2002-03-25,8.699999809265137,9.140000343322754,8.479999542236328,8.640000343322754,8.32146167755127,2732700
2002-03-26,8.5,8.5,8.15999984741211,8.4399995803833,8.128835678100586,1518900
2002-03-27,8.4399995803833,8.899999618530273,8.4399995803833,8.739999771118164,8.417774200439453,1451700
2002-03-28,8.800000190734863,8.970000267028809,8.649999618530273,8.949999809265137,8.620030403137207,1285000
2002-04-01,8.9399995803833,8.9399995803833,8.630000114440918,8.75,8.427406311035156,1152600
2002-04-02,8.800000190734863,8.949999809265137,8.630000114440918,8.949999809265137,8.620030403137207,983900
2002-04-03,8.949999809265137,8.949999809265137,8.630000114440918,8.8100004196167,8.485194206237793,1088900
2002-04-04,8.800000190734863,8.8100004196167,8.609999656677246,8.779999732971191,8.456298828125,1144300
2002-04-05,8.649999618530273,8.9399995803833,8.640000343322754,8.850000381469727,8.523719787597656,1034000
2002-04-08,8.600000381469727,8.949999809265137,8.600000381469727,8.949999809265137,8.620030403137207,1093500
2002-04-09,8.949999809265137,9.770000457763672,8.949999809265137,9.760000228881836,9.40017032623291,3739100
2002-04-10,9.760000228881836,11.239999771118164,9.65999984741211,10.470000267028809,10.083992004394531,5447300
2002-04-11,10.550000190734863,11.25,10.25,10.680000305175781,10.286251068115234,3090600
2002-04-12,10.649999618530273,11.039999961853027,10.649999618530273,11.039999961853027,10.632977485656738,1944300
2002-04-15,11.199999809265137,11.880000114440918,11.149999618530273,11.770000457763672,11.336066246032715,3554700
2002-04-16,11.949999809265137,12.649999618530273,11.949999809265137,12.25,11.798369407653809,3578500
2002-04-17,12.100000381469727,12.479999542236328,10.800000190734863,11.350000381469727,10.931551933288574,6568900
2002-04-18,10.350000381469727,11.970000267028809,10.300000190734863,11.25,10.835236549377441,4031800
2002-04-19,11.050000190734863,11.149999618530273,9.859999656677246,10.5,10.112887382507324,3925300
2002-04-22,10.25,10.25,9.550000190734863,9.8100004196167,9.448325157165527,3177500
2002-04-23,9.8100004196167,11.800000190734863,9.8100004196167,11.600000381469727,11.172330856323242,3851900
2002-04-24,11.579999923706055,12.649999618530273,10.90999984741211,11.75,11.316802024841309,3967500
2002-04-25,11.75,11.979999542236328,11.050000190734863,11.449999809265137,11.027864456176758,1741900
2002-04-26,11.350000381469727,11.5,11.010000228881836,11.020000457763672,10.613715171813965,1387400
2002-04-29,11.0,11.300000190734863,10.649999618530273,10.75,10.353669166564941,1975700
2002-04-30,10.350000381469727,11.640000343322754,10.270000457763672,11.260000228881836,10.844866752624512,2760800
2002-05-01,11.260000228881836,12.140000343322754,11.119999885559082,11.9399995803833,11.499796867370605,2433400
2002-05-02,11.949999809265137,11.979999542236328,11.199999809265137,11.59000015258789,11.162701606750488,1164200
2002-05-03,11.550000190734863,11.550000190734863,11.100000381469727,11.470000267028809,11.047125816345215,1027300
2002-05-06,11.199999809265137,11.5,10.84000015258789,10.989999771118164,10.584821701049805,1020400
2002-05-07,10.5,10.850000381469727,10.100000381469727,10.170000076293945,9.795052528381348,2367200
2002-05-08,10.149999618530273,11.1899995803833,10.149999618530273,10.789999961853027,10.392195701599121,2478100
2002-05-09,10.760000228881836,10.760000228881836,9.989999771118164,10.0600004196167,9.689109802246094,2918800
2002-05-10,10.0,10.449999809265137,9.449999809265137,9.550000190734863,9.197911262512207,1971000
2002-05-13,9.5600004196167,10.050000190734863,9.109999656677246,9.289999961853027,8.94749641418457,2389600
2002-05-14,9.420000076293945,10.149999618530273,9.359999656677246,10.100000381469727,9.72763442993164,3299400
2002-05-15,9.949999809265137,10.1899995803833,9.600000381469727,9.609999656677246,9.255697250366211,2327700
2002-05-16,9.609999656677246,10.300000190734863,9.550000190734863,9.979999542236328,9.612059593200684,2030100
2002-05-17,10.25,10.25,9.65999984741211,9.75,9.390538215637207,1912600
2002-05-20,9.600000381469727,9.649999618530273,9.0,9.029999732971191,8.69708251953125,1925700
2002-05-21,9.050000190734863,9.300000190734863,8.300000190734863,8.300000190734863,7.993995189666748,3433800
2002-05-22,8.199999809265137,8.819999694824219,7.699999809265137,7.840000152587891,7.5509562492370605,3013800
2002-05-23,7.849999904632568,9.640000343322754,7.849999904632568,9.510000228881836,9.15938663482666,5148000
2002-05-24,9.520000457763672,9.75,8.699999809265137,8.899999618530273,8.57187557220459,2152600
2002-05-28,8.699999809265137,8.800000190734863,7.980000019073486,7.989999771118164,7.695425510406494,2623400
2002-05-29,7.5,8.050000190734863,7.110000133514404,7.619999885559082,7.3390655517578125,3337300
2002-05-30,7.619999885559082,7.980000019073486,7.550000190734863,7.909999847412109,7.618374824523926,2726300
2002-05-31,8.350000381469727,8.470000267028809,8.260000228881836,8.300000190734863,7.993995189666748,3757700
2002-06-03,8.25,8.34000015258789,7.75,7.949999809265137,7.656900882720947,2359600
2002-06-04,7.699999809265137,7.949999809265137,7.360000133514404,7.699999809265137,7.416117191314697,2392900
2002-06-05,7.550000190734863,8.15999984741211,7.53000020980835,8.15999984741211,7.859157085418701,3051100
2002-06-06,8.0,8.569999694824219,7.75,7.769999980926514,7.4835357666015625,2943500
2002-06-07,7.75,8.140000343322754,7.699999809265137,8.069999694824219,7.772475242614746,2307500
2002-06-10,7.96999979019165,8.149999618530273,7.760000228881836,7.980000019073486,7.685794353485107,1838200
2002-06-11,8.0,8.180000305175781,7.849999904632568,8.0,7.705057144165039,2473400
2002-06-12,7.900000095367432,8.75,7.710000038146973,7.909999847412109,7.618374824523926,5242800
2002-06-13,8.050000190734863,8.640000343322754,8.050000190734863,8.5,8.186622619628906,2616000
2002-06-14,8.399999618530273,8.489999771118164,7.760000228881836,7.900000095367432,7.608744144439697,2072400
2002-06-17,7.75,8.100000381469727,7.75,7.949999809265137,7.656900882720947,1902100
2002-06-18,7.849999904632568,8.09000015258789,7.78000020980835,7.900000095367432,7.608744144439697,2146800
2002-06-19,7.75,7.800000190734863,7.269999980926514,7.46999979019165,7.194596290588379,2077300
2002-06-20,7.309999942779541,7.340000152587891,6.300000190734863,6.650000095367432,6.4048285484313965,4282400
2002-06-21,6.650000095367432,7.300000190734863,6.559999942779541,7.050000190734863,6.79008150100708,3423500
2002-06-24,7.389999866485596,7.389999866485596,6.849999904632568,6.869999885559082,6.61671781539917,2079600
2002-06-25,6.800000190734863,7.050000190734863,6.679999828338623,6.849999904632568,6.59745454788208,880300
2002-06-26,7.0,7.199999809265137,6.760000228881836,7.059999942779541,6.799711227416992,2717800
2002-06-27,7.099999904632568,7.25,6.599999904632568,6.670000076293945,6.424091815948486,2710700
2002-06-28,6.739999771118164,6.980000019073486,6.570000171661377,6.849999904632568,6.59745454788208,2886400
2002-07-01,6.900000095367432,6.909999847412109,6.0,6.150000095367432,5.923262596130371,2972200
2002-07-02,6.059999942779541,6.300000190734863,5.320000171661377,5.559999942779541,5.355014801025391,2787100
2002-07-03,5.539999961853027,6.300000190734863,5.5,6.110000133514404,5.884737968444824,2453500
2002-07-05,6.210000038146973,6.849999904632568,6.199999809265137,6.849999904632568,6.59745454788208,1171300
2002-07-08,6.849999904632568,7.25,6.760000228881836,6.880000114440918,6.626348495483398,1689300
2002-07-09,6.849999904632568,7.150000095367432,6.800000190734863,6.980000019073486,6.722663402557373,1423300
2002-07-10,6.989999771118164,7.010000228881836,6.349999904632568,6.599999904632568,6.3566718101501465,2170800
2002-07-11,6.5,6.639999866485596,6.25,6.449999809265137,6.2122015953063965,1772100
2002-07-12,6.400000095367432,6.679999828338623,6.300000190734863,6.420000076293945,6.1833086013793945,2237200
2002-07-15,6.300000190734863,6.409999847412109,5.849999904632568,6.289999961853027,6.05810022354126,1985800
2002-07-16,6.599999904632568,7.260000228881836,6.559999942779541,7.179999828338623,6.91528844833374,2794500
2002-07-17,7.28000020980835,7.5,6.800000190734863,7.309999942779541,7.040494918823242,1976100
2002-07-18,7.400000095367432,7.489999771118164,7.0,7.050000190734863,6.79008150100708,1389000
2002-07-19,6.599999904632568,7.0,6.050000190734863,6.110000133514404,5.884737968444824,1859400
2002-07-22,6.300000190734863,6.539999961853027,5.710000038146973,5.760000228881836,5.547640800476074,1382100
2002-07-23,5.889999866485596,6.349999904632568,4.739999771118164,4.75,4.574876308441162,2474900
2002-07-24,3.5,4.639999866485596,3.450000047683716,4.25,4.093311309814453,6245500
2002-07-25,4.5,4.650000095367432,4.260000228881836,4.440000057220459,4.27630615234375,1605400
2002-07-26,4.5,4.800000190734863,4.46999979019165,4.800000190734863,4.6230340003967285,947100
2002-07-29,4.699999809265137,5.150000095367432,4.699999809265137,4.900000095367432,4.7193474769592285,1314300
2002-07-30,4.849999904632568,4.940000057220459,3.990000009536743,4.0,3.8525285720825195,2470400
2002-07-31,4.050000190734863,4.28000020980835,3.200000047683716,3.450000047683716,3.3228061199188232,6210000
2002-08-01,3.5,4.090000152587891,3.5,3.8299999237060547,3.688795804977417,2818800
2002-08-02,3.8499999046325684,4.400000095367432,3.8299999237060547,4.159999847412109,4.006629943847656,3428400
2002-08-05,4.059999942779541,4.070000171661377,3.8499999046325684,4.03000020980835,3.881422758102417,763700
2002-08-06,4.239999771118164,4.25,3.9100000858306885,4.25,4.093311309814453,2034900
2002-08-07,4.389999866485596,4.389999866485596,4.099999904632568,4.309999942779541,4.151098728179932,645400
2002-08-08,4.349999904632568,4.900000095367432,4.159999847412109,4.900000095367432,4.7193474769592285,1227000
2002-08-09,4.849999904632568,4.980000019073486,4.510000228881836,4.900000095367432,4.7193474769592285,1101000
2002-08-12,4.5,4.699999809265137,4.21999979019165,4.510000228881836,4.343725204467773,1077900
2002-08-13,4.489999771118164,4.949999809265137,4.409999847412109,4.670000076293945,4.49782657623291,575300
2002-08-14,4.670000076293945,4.75,4.179999828338623,4.409999847412109,4.247411251068115,898600
2002-08-15,4.510000228881836,4.590000152587891,4.059999942779541,4.519999980926514,4.35335636138916,665100
2002-08-16,4.5,4.699999809265137,4.409999847412109,4.5,4.334094524383545,276600
2002-08-19,4.550000190734863,4.599999904632568,4.230000019073486,4.440000057220459,4.27630615234375,768200
2002-08-20,4.420000076293945,4.599999904632568,4.260000228881836,4.260000228881836,4.10294246673584,647100
2002-08-21,4.360000133514404,4.420000076293945,4.199999809265137,4.329999923706055,4.170361518859863,545600
2002-08-22,4.329999923706055,4.78000020980835,4.25,4.599999904632568,4.430407524108887,842100
2002-08-23,4.570000171661377,4.889999866485596,4.570000171661377,4.679999828338623,4.507458209991455,712400
2002-08-26,4.449999809265137,4.96999979019165,4.429999828338623,4.96999979019165,4.786766052246094,838400
2002-08-27,5.03000020980835,5.769999980926514,5.03000020980835,5.739999771118164,5.528378486633301,2434400
2002-08-28,5.71999979019165,5.880000114440918,5.5,5.579999923706055,5.374277591705322,1258900
2002-08-29,5.550000190734863,5.789999961853027,5.199999809265137,5.5,5.297224998474121,877900
2002-08-30,5.650000095367432,5.889999866485596,5.519999980926514,5.820000171661377,5.605429172515869,920400
2002-09-03,5.820000171661377,6.039999961853027,5.300000190734863,6.0,5.778792381286621,1130300
2002-09-04,6.0,6.699999809265137,5.920000076293945,6.659999847412109,6.414459705352783,2314400
2002-09-05,6.619999885559082,6.800000190734863,6.409999847412109,6.75,6.501141548156738,1945500
2002-09-06,6.71999979019165,7.090000152587891,6.71999979019165,6.980000019073486,6.722663402557373,1634600
2002-09-09,6.980000019073486,7.039999961853027,6.940000057220459,7.039999961853027,6.780448913574219,1268600
2002-09-10,7.039999961853027,7.050000190734863,6.349999904632568,6.78000020980835,6.530035495758057,1214800
2002-09-11,6.769999980926514,6.889999866485596,6.650000095367432,6.769999980926514,6.520404815673828,545000
2002-09-12,6.730000019073486,6.989999771118164,6.5,6.960000038146973,6.703398704528809,1037000
2002-09-13,6.940000057220459,6.989999771118164,6.710000038146973,6.989999771118164,6.732292652130127,730300
2002-09-16,6.989999771118164,7.300000190734863,6.78000020980835,6.849999904632568,6.59745454788208,902500
2002-09-17,7.099999904632568,7.099999904632568,6.199999809265137,6.46999979019165,6.231464385986328,1181300
2002-09-18,6.199999809265137,6.199999809265137,5.699999809265137,5.699999809265137,5.4898529052734375,1792400
2002-09-19,5.5,6.0,5.360000133514404,5.519999980926514,5.316488742828369,1184500
2002-09-20,5.75,5.909999847412109,5.449999809265137,5.869999885559082,5.653584957122803,643100
2002-09-23,5.869999885559082,5.869999885559082,5.5,5.510000228881836,5.306857585906982,441100
2002-09-24,5.409999847412109,5.409999847412109,5.019999980926514,5.190000057220459,4.998654842376709,1213000
2002-09-25,5.25,5.840000152587891,5.230000019073486,5.730000019073486,5.518747806549072,1102400
2002-09-26,5.829999923706055,5.960000038146973,5.659999847412109,5.900000095367432,5.682480335235596,802900
2002-09-27,5.889999866485596,6.0,5.369999885559082,5.480000019073486,5.277964115142822,817700
2002-09-30,5.320000171661377,5.429999828338623,4.900000095367432,5.25,5.056443691253662,1387500
2002-10-01,5.25,5.829999923706055,5.059999942779541,5.75,5.5380096435546875,734700
2002-10-02,5.599999904632568,5.889999866485596,5.440000057220459,5.639999866485596,5.432065010070801,894200
2002-10-03,5.639999866485596,5.840000152587891,5.489999771118164,5.570000171661377,5.364645481109619,725000
2002-10-04,5.610000133514404,5.739999771118164,5.25,5.519999980926514,5.316488742828369,800900
2002-10-07,5.25,5.260000228881836,5.0,5.130000114440918,4.940868377685547,1060700
2002-10-08,5.119999885559082,5.420000076293945,5.110000133514404,5.389999866485596,5.191281795501709,691400
2002-10-09,5.289999961853027,5.289999961853027,4.519999980926514,4.699999809265137,4.5267205238342285,1408500
2002-10-10,4.900000095367432,4.949999809265137,4.010000228881836,4.139999866485596,3.9873666763305664,1594100
2002-10-11,4.239999771118164,4.650000095367432,4.199999809265137,4.650000095367432,4.478564262390137,840800
2002-10-14,4.5,4.880000114440918,4.28000020980835,4.800000190734863,4.6230340003967285,610500
2002-10-15,4.900000095367432,5.480000019073486,4.800000190734863,5.440000057220459,5.239438533782959,2553300
2002-10-16,5.340000152587891,5.429999828338623,5.150000095367432,5.400000095367432,5.20091438293457,1284600
2002-10-17,5.75,6.650000095367432,5.739999771118164,6.420000076293945,6.1833086013793945,3807000
2002-10-18,6.420000076293945,6.5,6.130000114440918,6.130000114440918,5.9039998054504395,1206600
2002-10-21,6.03000020980835,6.099999904632568,5.75,5.860000133514404,5.643954753875732,992400
2002-10-22,6.039999961853027,6.25,5.900000095367432,6.0,5.778792381286621,832500
2002-10-23,5.900000095367432,6.300000190734863,5.820000171661377,6.28000020980835,6.048469543457031,637300
2002-10-24,6.320000171661377,6.5,5.599999904632568,5.769999980926514,5.557271957397461,927200
2002-10-25,5.800000190734863,6.099999904632568,5.800000190734863,6.079999923706055,5.855843544006348,335400
2002-10-28,6.099999904632568,6.550000190734863,6.099999904632568,6.28000020980835,6.048469543457031,1395100
2002-10-29,6.25,6.260000228881836,5.880000114440918,6.150000095367432,5.923262596130371,967900
2002-10-30,6.159999847412109,6.800000190734863,6.050000190734863,6.800000190734863,6.549297332763672,959400
2002-10-31,6.800000190734863,6.900000095367432,6.300000190734863,6.400000095367432,6.1640448570251465,1081600
2002-11-01,6.400000095367432,6.96999979019165,6.400000095367432,6.949999809265137,6.693767547607422,1345100
2002-11-04,7.190000057220459,7.489999771118164,7.0,7.199999809265137,6.934550762176514,2774200
2002-11-05,7.099999904632568,7.329999923706055,6.809999942779541,6.960000038146973,6.703398704528809,1748200
2002-11-06,7.0,7.420000076293945,6.900000095367432,7.349999904632568,7.0790205001831055,2148000
2002-11-07,7.099999904632568,7.119999885559082,6.650000095367432,6.699999809265137,6.452984809875488,2022800
2002-11-08,6.599999904632568,6.690000057220459,5.75,5.75,5.5380096435546875,2673600
2002-11-11,5.769999980926514,6.159999847412109,5.769999980926514,5.800000190734863,5.586165428161621,1488000
2002-11-12,5.800000190734863,6.260000228881836,5.599999904632568,5.900000095367432,5.682480335235596,1343000
2002-11-13,5.849999904632568,5.900000095367432,5.329999923706055,5.630000114440918,5.422433376312256,1834100
2002-11-14,5.730000019073486,6.75,5.730000019073486,6.690000057220459,6.443353652954102,3227400
2002-11-15,6.650000095367432,6.900000095367432,6.380000114440918,6.75,6.501141548156738,1543800
2002-11-18,6.78000020980835,7.0,6.699999809265137,6.820000171661377,6.56856107711792,976300
2002-11-19,6.789999961853027,7.019999980926514,6.599999904632568,6.769999980926514,6.520404815673828,788000
2002-11-20,6.670000076293945,6.840000152587891,6.610000133514404,6.78000020980835,6.530035495758057,579700
2002-11-21,6.900000095367432,7.75,6.860000133514404,7.550000190734863,7.2716474533081055,3849100
2002-11-22,7.519999980926514,7.519999980926514,7.25,7.260000228881836,6.992339134216309,1389700
2002-11-25,7.289999961853027,7.599999904632568,7.150000095367432,7.440000057220459,7.165703773498535,991700
2002-11-26,7.409999847412109,7.75,7.369999885559082,7.630000114440918,7.348697185516357,1199500
2002-11-27,7.650000095367432,8.039999961853027,7.650000095367432,7.949999809265137,7.656900882720947,791200
2002-11-29,8.75,9.050000190734863,8.449999809265137,8.640000343322754,8.32146167755127,2741500
2002-12-02,8.539999961853027,8.890000343322754,7.829999923706055,8.170000076293945,7.868790626525879,2528500
2002-12-03,8.100000381469727,8.15999984741211,7.869999885559082,7.960000038146973,7.666531562805176,1279100
2002-12-04,7.840000152587891,7.989999771118164,7.559999942779541,7.619999885559082,7.3390655517578125,1013100
2002-12-05,7.619999885559082,7.989999771118164,7.619999885559082,7.840000152587891,7.5509562492370605,992400
2002-12-06,7.739999771118164,8.109999656677246,7.579999923706055,8.029999732971191,7.733951568603516,1131800
2002-12-09,7.929999828338623,8.399999618530273,7.900000095367432,8.15999984741211,7.859157085418701,1203500
2002-12-10,8.170000076293945,8.729999542236328,8.170000076293945,8.6899995803833,8.369616508483887,3298000
2002-12-11,8.59000015258789,9.050000190734863,8.5,8.770000457763672,8.44666862487793,1559600
2002-12-12,9.0,9.050000190734863,8.399999618530273,8.600000381469727,8.28293514251709,1873700
2002-12-13,8.569999694824219,8.850000381469727,8.420000076293945,8.829999923706055,8.504456520080566,896900
2002-12-16,8.989999771118164,9.210000038146973,8.460000038146973,9.0,8.66818904876709,1947900
2002-12-17,9.0,9.039999961853027,8.720000267028809,8.9399995803833,8.610400199890137,810200
2002-12-18,8.739999771118164,8.850000381469727,8.359999656677246,8.420000076293945,8.109572410583496,1379500
2002-12-19,8.399999618530273,8.579999923706055,8.199999809265137,8.399999618530273,8.09030818939209,1131600
2002-12-20,8.4399995803833,8.550000190734863,8.289999961853027,8.399999618530273,8.09030818939209,913100
2002-12-23,8.300000190734863,8.600000381469727,8.279999732971191,8.59000015258789,8.27330493927002,882000
2002-12-24,8.569999694824219,8.65999984741211,8.460000038146973,8.609999656677246,8.292567253112793,204700
2002-12-26,8.609999656677246,8.670000076293945,8.369999885559082,8.520000457763672,8.20588493347168,409200
2002-12-27,8.300000190734863,8.380000114440918,7.900000095367432,7.980000019073486,7.685794353485107,1087700
2002-12-30,7.920000076293945,7.960000038146973,7.5,7.75,7.464273452758789,1214100
2002-12-31,7.75,7.96999979019165,7.570000171661377,7.949999809265137,7.656900882720947,2203300
2003-01-02,7.860000133514404,8.119999885559082,7.78000020980835,7.860000133514404,7.57021951675415,1203400
2003-01-03,7.599999904632568,7.889999866485596,7.5,7.670000076293945,7.387222766876221,1355800
2003-01-06,7.510000228881836,7.619999885559082,6.949999809265137,7.0,6.74192476272583,3709500
2003-01-07,7.5,7.78000020980835,7.199999809265137,7.559999942779541,7.281278133392334,4069500
2003-01-08,7.559999942779541,8.220000267028809,7.369999885559082,7.860000133514404,7.57021951675415,3252500
2003-01-09,8.25,8.279999732971191,7.579999923706055,7.880000114440918,7.589480876922607,2511300
2003-01-10,7.829999923706055,8.010000228881836,7.599999904632568,7.840000152587891,7.5509562492370605,2008300
2003-01-13,7.900000095367432,8.109999656677246,7.75,8.100000381469727,7.801370143890381,1297400
2003-01-14,8.0,8.100000381469727,7.909999847412109,8.010000228881836,7.714688777923584,809000
2003-01-15,7.909999847412109,8.029999732971191,7.800000190734863,8.0,7.705057144165039,1497300
2003-01-16,8.0,8.0,7.559999942779541,7.699999809265137,7.416117191314697,1503300
2003-01-17,7.510000228881836,7.699999809265137,7.46999979019165,7.599999904632568,7.319803714752197,1482000
2003-01-21,7.5,7.619999885559082,7.300000190734863,7.46999979019165,7.194596290588379,2356800
2003-01-22,7.400000095367432,7.519999980926514,7.25,7.5,7.2234907150268555,1199100
2003-01-23,7.5,8.0,7.449999809265137,7.820000171661377,7.5316925048828125,945700
2003-01-24,7.800000190734863,7.820000171661377,7.25,7.449999809265137,7.175333023071289,1194900
2003-01-27,7.25,7.480000019073486,6.75,7.050000190734863,6.79008150100708,1915400
2003-01-28,7.079999923706055,7.550000190734863,7.0,7.53000020980835,7.252384662628174,1643800
2003-01-29,7.400000095367432,7.460000038146973,7.150000095367432,7.369999885559082,7.098282814025879,4075800
2003-01-30,7.369999885559082,7.550000190734863,6.639999866485596,6.820000171661377,6.56856107711792,4006700
2003-01-31,6.900000095367432,6.989999771118164,6.650000095367432,6.929999828338623,6.674504280090332,2289900
2003-02-03,7.0,7.0,6.5,6.610000133514404,6.366303443908691,1488200
2003-02-04,6.570000171661377,6.650000095367432,6.349999904632568,6.639999866485596,6.39519739151001,1478900
2003-02-05,6.550000190734863,6.980000019073486,6.550000190734863,6.849999904632568,6.59745454788208,1287400
2003-02-06,6.550000190734863,6.75,6.110000133514404,6.659999847412109,6.414459705352783,2140300
2003-02-07,6.989999771118164,7.010000228881836,6.380000114440918,6.400000095367432,6.1640448570251465,3030700
2003-02-10,6.449999809265137,6.599999904632568,6.230000019073486,6.550000190734863,6.3085150718688965,917600
2003-02-11,7.150000095367432,7.150000095367432,6.619999885559082,6.619999885559082,6.3759331703186035,2110500
2003-02-12,6.599999904632568,6.650000095367432,6.190000057220459,6.260000228881836,6.0292067527771,1442800
2003-02-13,6.159999847412109,6.159999847412109,5.75,6.0,5.778792381286621,2404900
2003-02-14,5.989999771118164,6.050000190734863,5.650000095367432,5.849999904632568,5.6343231201171875,2182300
2003-02-18,5.929999828338623,6.070000171661377,5.880000114440918,5.980000019073486,5.759530544281006,1340200
2003-02-19,5.989999771118164,6.039999961853027,5.809999942779541,5.829999923706055,5.615059852600098,916500
2003-02-20,5.849999904632568,5.869999885559082,5.699999809265137,5.769999980926514,5.557271957397461,981600
2003-02-21,5.699999809265137,5.820000171661377,5.559999942779541,5.820000171661377,5.605429172515869,1103600
2003-02-24,5.800000190734863,5.800000190734863,5.199999809265137,5.21999979019165,5.0275492668151855,1418600
2003-02-25,5.159999847412109,5.679999828338623,5.150000095367432,5.639999866485596,5.432065010070801,1213300
2003-02-26,5.659999847412109,5.730000019073486,5.349999904632568,5.360000133514404,5.162387847900391,747800
2003-02-27,5.460000038146973,5.699999809265137,5.449999809265137,5.639999866485596,5.432065010070801,791700
2003-02-28,5.679999828338623,5.820000171661377,5.550000190734863,5.71999979019165,5.509115219116211,1015100
2003-03-03,5.78000020980835,5.78000020980835,5.329999923706055,5.539999961853027,5.335751533508301,1373500
2003-03-04,5.400000095367432,5.489999771118164,5.050000190734863,5.320000171661377,5.123862266540527,915300
2003-03-05,5.21999979019165,5.360000133514404,5.110000133514404,5.269999980926514,5.075706481933594,587400
2003-03-06,5.199999809265137,5.25,4.900000095367432,4.900000095367432,4.7193474769592285,1309900
2003-03-07,4.949999809265137,4.960000038146973,4.699999809265137,4.940000057220459,4.757872581481934,1754000
2003-03-10,4.889999866485596,4.920000076293945,4.639999866485596,4.699999809265137,4.5267205238342285,1967200
2003-03-11,4.739999771118164,4.75,4.570000171661377,4.610000133514404,4.440038681030273,917800
2003-03-12,4.590000152587891,4.869999885559082,4.550000190734863,4.789999961853027,4.6134033203125,690000
2003-03-13,4.809999942779541,5.03000020980835,4.789999961853027,4.989999771118164,4.806029796600342,980600
2003-03-14,5.050000190734863,5.099999904632568,4.920000076293945,5.039999961853027,4.854185104370117,921700
2003-03-17,4.940000057220459,5.699999809265137,4.889999866485596,5.650000095367432,5.441696643829346,1115400
2003-03-18,5.840000152587891,5.840000152587891,5.5,5.730000019073486,5.518747806549072,853200
2003-03-19,5.630000114440918,5.739999771118164,5.380000114440918,5.599999904632568,5.393539905548096,526600
2003-03-20,5.510000228881836,5.710000038146973,5.309999942779541,5.579999923706055,5.374277591705322,513500
2003-03-21,5.610000133514404,5.769999980926514,5.5,5.550000190734863,5.345384120941162,1057800
2003-03-24,5.46999979019165,5.480000019073486,4.900000095367432,5.079999923706055,4.8927106857299805,1005300
2003-03-25,5.079999923706055,5.46999979019165,5.079999923706055,5.150000095367432,4.960129737854004,789700
2003-03-26,5.300000190734863,5.480000019073486,5.25,5.25,5.056443691253662,855500
2003-03-27,5.150000095367432,5.539999961853027,5.150000095367432,5.519999980926514,5.316488742828369,546200
2003-03-28,5.53000020980835,5.710000038146973,5.5,5.659999847412109,5.451326847076416,878300
2003-03-31,5.590000152587891,5.699999809265137,5.230000019073486,5.619999885559082,5.412802696228027,920500
2003-04-01,5.630000114440918,5.809999942779541,5.5,5.610000133514404,5.403171539306641,1940200
2003-04-02,5.800000190734863,6.179999828338623,5.800000190734863,5.989999771118164,5.769161224365234,1082000
2003-04-03,6.090000152587891,6.090000152587891,5.690000057220459,5.730000019073486,5.518747806549072,799000
2003-04-04,5.800000190734863,5.96999979019165,5.75,5.78000020980835,5.566904544830322,555400
2003-04-07,6.0,6.230000019073486,5.920000076293945,5.949999809265137,5.730635166168213,1219400
2003-04-08,6.03000020980835,6.150000095367432,5.900000095367432,6.079999923706055,5.855843544006348,621200
2003-04-09,6.039999961853027,6.050000190734863,5.849999904632568,5.909999847412109,5.692111015319824,750300
2003-04-10,5.940000057220459,6.0,5.739999771118164,5.78000020980835,5.566904544830322,815800
2003-04-11,5.820000171661377,5.949999809265137,5.400000095367432,5.539999961853027,5.335751533508301,959800
2003-04-14,5.539999961853027,5.929999828338623,5.539999961853027,5.860000133514404,5.643954753875732,597600
2003-04-15,5.900000095367432,5.900000095367432,5.699999809265137,5.809999942779541,5.595797538757324,947400
2003-04-16,5.909999847412109,6.110000133514404,5.860000133514404,6.059999942779541,5.836580276489258,1760700
2003-04-17,5.650000095367432,5.960000038146973,5.239999771118164,5.590000152587891,5.383908271789551,4076200
2003-04-21,5.550000190734863,5.820000171661377,5.25,5.329999923706055,5.133493900299072,2241200
2003-04-22,5.300000190734863,5.550000190734863,5.21999979019165,5.409999847412109,5.210544586181641,894400
2003-04-23,5.510000228881836,5.630000114440918,5.269999980926514,5.320000171661377,5.123862266540527,1413100
2003-04-24,5.590000152587891,5.949999809265137,5.539999961853027,5.539999961853027,5.335751533508301,1905500
2003-04-25,5.639999866485596,5.650000095367432,5.360000133514404,5.400000095367432,5.20091438293457,671300
2003-04-28,5.460000038146973,5.559999942779541,5.449999809265137,5.510000228881836,5.306857585906982,608800
2003-04-29,5.510000228881836,5.599999904632568,5.25,5.300000190734863,5.104599475860596,1262300
2003-04-30,5.289999961853027,5.309999942779541,5.099999904632568,5.300000190734863,5.104599475860596,1099000
2003-05-01,5.25,5.300000190734863,5.130000114440918,5.210000038146973,5.017919063568115,952000
2003-05-02,5.199999809265137,5.599999904632568,5.179999828338623,5.550000190734863,5.345384120941162,1690900
2003-05-05,5.550000190734863,5.849999904632568,5.550000190734863,5.699999809265137,5.4898529052734375,1516200
2003-05-06,5.840000152587891,6.070000171661377,5.760000228881836,6.0,5.778792381286621,1377600
2003-05-07,6.050000190734863,6.409999847412109,5.920000076293945,6.340000152587891,6.106257438659668,1973200
2003-05-08,6.340000152587891,6.730000019073486,6.21999979019165,6.599999904632568,6.3566718101501465,2593700
2003-05-09,6.679999828338623,6.789999961853027,6.570000171661377,6.75,6.501141548156738,1391100
2003-05-12,6.75,7.039999961853027,6.579999923706055,6.980000019073486,6.722663402557373,1428700
2003-05-13,6.809999942779541,6.860000133514404,6.639999866485596,6.670000076293945,6.424091815948486,895300
2003-05-14,6.769999980926514,7.050000190734863,6.619999885559082,6.900000095367432,6.6456122398376465,1882300
2003-05-15,7.099999904632568,7.159999847412109,6.800000190734863,6.989999771118164,6.732292652130127,1475000
2003-05-16,6.889999866485596,7.099999904632568,6.849999904632568,7.03000020980835,6.770818710327148,1135700
2003-05-19,7.0,7.150000095367432,6.75,6.849999904632568,6.59745454788208,988500
2003-05-20,6.949999809265137,7.099999904632568,6.75,6.829999923706055,6.578192234039307,1195900
2003-05-21,6.840000152587891,6.920000076293945,6.579999923706055,6.730000019073486,6.481878280639648,895900
2003-05-22,6.630000114440918,6.639999866485596,5.900000095367432,6.519999980926514,6.279621601104736,3227400
2003-05-23,6.53000020980835,6.53000020980835,6.059999942779541,6.349999904632568,6.115889072418213,1692000
2003-05-27,6.300000190734863,6.599999904632568,6.269999980926514,6.510000228881836,6.269989490509033,650400
2003-05-28,6.46999979019165,6.849999904632568,6.46999979019165,6.699999809265137,6.452984809875488,1274100
2003-05-29,6.800000190734863,6.829999923706055,6.5,6.559999942779541,6.318146228790283,903700
2003-05-30,6.570000171661377,6.739999771118164,6.570000171661377,6.630000114440918,6.385565280914307,883700
2003-06-02,6.639999866485596,6.920000076293945,6.579999923706055,6.78000020980835,6.530035495758057,773300
2003-06-03,6.679999828338623,6.869999885559082,6.53000020980835,6.75,6.501141548156738,569600
2003-06-04,6.710000038146973,6.880000114440918,6.650000095367432,6.699999809265137,6.452984809875488,656100
2003-06-05,6.690000057220459,6.75,6.5,6.570000171661377,6.32777738571167,1033800
2003-06-06,6.570000171661377,6.650000095367432,6.349999904632568,6.380000114440918,6.144782543182373,1206600
2003-06-09,6.360000133514404,6.369999885559082,6.0,6.139999866485596,5.913631439208984,1825900
2003-06-10,6.139999866485596,6.150000095367432,5.869999885559082,6.090000152587891,5.865474224090576,3033600
2003-06-11,6.110000133514404,6.349999904632568,6.110000133514404,6.300000190734863,6.067732334136963,1351400
2003-06-12,6.489999771118164,7.150000095367432,6.489999771118164,6.679999828338623,6.433722496032715,5605300
2003-06-13,6.849999904632568,7.139999866485596,6.699999809265137,6.980000019073486,6.722663402557373,4118400
2003-06-16,7.150000095367432,7.440000057220459,7.0,7.03000020980835,6.770818710327148,2833000
2003-06-17,7.099999904632568,7.190000057220459,7.010000228881836,7.03000020980835,6.770818710327148,840000
2003-06-18,7.03000020980835,7.28000020980835,6.900000095367432,7.21999979019165,6.953813076019287,2562000
2003-06-19,7.199999809265137,7.199999809265137,6.949999809265137,6.949999809265137,6.693767547607422,1382600
2003-06-20,6.960000038146973,7.010000228881836,6.650000095367432,6.929999828338623,6.674504280090332,962000
2003-06-23,6.829999923706055,6.840000152587891,6.25,6.300000190734863,6.067732334136963,1939100
2003-06-24,6.369999885559082,7.46999979019165,6.300000190734863,7.309999942779541,7.040494918823242,5402100
2003-06-25,7.409999847412109,7.599999904632568,7.159999847412109,7.360000133514404,7.08865213394165,4138800
2003-06-26,7.360000133514404,7.949999809265137,6.75,7.429999828338623,7.156071662902832,4833200
2003-06-27,7.25,7.28000020980835,6.809999942779541,6.900000095367432,6.6456122398376465,2428100
2003-06-30,7.099999904632568,7.199999809265137,6.949999809265137,7.139999866485596,6.876762866973877,1041800
2003-07-01,7.139999866485596,7.139999866485596,6.869999885559082,6.989999771118164,6.732292652130127,766300
2003-07-02,6.949999809265137,7.170000076293945,6.900000095367432,7.079999923706055,6.81897497177124,1185100
2003-07-03,6.980000019073486,7.159999847412109,6.900000095367432,6.929999828338623,6.674504280090332,505600
2003-07-07,7.130000114440918,7.380000114440918,7.059999942779541,7.199999809265137,6.934550762176514,1433800
2003-07-08,7.199999809265137,7.909999847412109,7.179999828338623,7.690000057220459,7.406485080718994,3068100
2003-07-09,7.739999771118164,7.75,7.349999904632568,7.650000095367432,7.367960453033447,1990900
2003-07-10,7.630000114440918,7.630000114440918,7.0,7.059999942779541,6.799711227416992,3023800
2003-07-11,7.260000228881836,7.349999904632568,6.769999980926514,6.889999866485596,6.635979652404785,2818100
2003-07-14,7.340000152587891,7.340000152587891,7.0,7.010000228881836,6.751555442810059,1569700
2003-07-15,7.099999904632568,7.139999866485596,6.860000133514404,6.880000114440918,6.626348495483398,1442100
2003-07-16,6.96999979019165,6.96999979019165,6.610000133514404,6.840000152587891,6.587823867797852,1304500
2003-07-17,6.860000133514404,7.429999828338623,6.699999809265137,7.239999771118164,6.973076343536377,2287900
2003-07-18,7.340000152587891,7.340000152587891,7.019999980926514,7.210000038146973,6.944182872772217,989000
2003-07-21,7.210000038146973,7.400000095367432,7.179999828338623,7.300000190734863,7.0308637619018555,1306200
2003-07-22,7.300000190734863,7.46999979019165,7.25,7.46999979019165,7.194596290588379,1090800
2003-07-23,7.46999979019165,7.46999979019165,7.25,7.369999885559082,7.098282814025879,673100
2003-07-24,7.300000190734863,7.659999847412109,7.28000020980835,7.460000038146973,7.184965133666992,2336000
2003-07-25,7.449999809265137,7.650000095367432,7.409999847412109,7.510000228881836,7.2331223487854,988000
2003-07-28,7.519999980926514,7.679999828338623,7.460000038146973,7.670000076293945,7.387222766876221,889200
2003-07-29,7.670000076293945,7.739999771118164,7.420000076293945,7.630000114440918,7.348697185516357,1012200
2003-07-30,7.650000095367432,7.880000114440918,7.639999866485596,7.730000019073486,7.445011615753174,1388600
2003-07-31,7.75,7.849999904632568,7.46999979019165,7.46999979019165,7.194596290588379,1086500
2003-08-01,7.400000095367432,7.690000057220459,7.300000190734863,7.599999904632568,7.319803714752197,1061200
2003-08-04,7.599999904632568,7.599999904632568,7.300000190734863,7.440000057220459,7.165703773498535,610400
2003-08-05,7.440000057220459,7.480000019073486,7.119999885559082,7.269999980926514,7.001971244812012,608900
2003-08-06,7.269999980926514,7.269999980926514,6.949999809265137,7.0,6.74192476272583,1189300
2003-08-07,7.0,7.289999961853027,6.96999979019165,7.25,6.982706546783447,781100
2003-08-08,7.25,7.340000152587891,7.230000019073486,7.260000228881836,6.992339134216309,379100
2003-08-11,7.269999980926514,7.269999980926514,7.059999942779541,7.25,6.982706546783447,312100
2003-08-12,7.159999847412109,7.239999771118164,7.050000190734863,7.150000095367432,6.886394500732422,508500
2003-08-13,7.170000076293945,7.269999980926514,7.110000133514404,7.25,6.982706546783447,414900
2003-08-14,7.260000228881836,7.440000057220459,7.179999828338623,7.289999961853027,7.021233558654785,289100
2003-08-15,7.389999866485596,7.389999866485596,7.199999809265137,7.199999809265137,6.934550762176514,133000
2003-08-18,7.210000038146973,7.389999866485596,7.150000095367432,7.360000133514404,7.08865213394165,452100
2003-08-19,7.349999904632568,7.449999809265137,7.260000228881836,7.449999809265137,7.175333023071289,413400
2003-08-20,7.349999904632568,7.5,7.300000190734863,7.409999847412109,7.136808395385742,265400
2003-08-21,7.489999771118164,7.519999980926514,7.349999904632568,7.519999980926514,7.242753028869629,314500
2003-08-22,7.519999980926514,7.53000020980835,7.300000190734863,7.400000095367432,7.127178192138672,679900
2003-08-25,7.320000171661377,7.389999866485596,7.260000228881836,7.269999980926514,7.001971244812012,501200
2003-08-26,7.320000171661377,7.380000114440918,7.199999809265137,7.320000171661377,7.050126552581787,545400
2003-08-27,7.25,7.289999961853027,7.130000114440918,7.199999809265137,6.934550762176514,721200
2003-08-28,7.289999961853027,7.349999904632568,7.139999866485596,7.340000152587891,7.069389343261719,1319200
2003-08-29,7.300000190734863,7.489999771118164,7.260000228881836,7.420000076293945,7.146440505981445,678200
2003-09-02,7.449999809265137,7.46999979019165,7.349999904632568,7.460000038146973,7.184965133666992,824400
2003-09-03,7.429999828338623,7.710000038146973,7.400000095367432,7.449999809265137,7.175333023071289,1390100
2003-09-04,7.409999847412109,7.539999961853027,7.360000133514404,7.429999828338623,7.156071662902832,465000
2003-09-05,7.340000152587891,7.440000057220459,7.25,7.28000020980835,7.011601448059082,875800
2003-09-08,7.25,7.289999961853027,7.150000095367432,7.199999809265137,6.934550762176514,709600
2003-09-09,7.25,7.28000020980835,7.139999866485596,7.190000057220459,6.924919128417969,482800
2003-09-10,7.099999904632568,7.150000095367432,6.949999809265137,6.949999809265137,6.693767547607422,965200
2003-09-11,6.949999809265137,7.059999942779541,6.869999885559082,7.03000020980835,6.770818710327148,580100
2003-09-12,7.050000190734863,7.210000038146973,6.960000038146973,7.139999866485596,6.876762866973877,565000
2003-09-15,7.139999866485596,7.25,7.0,7.0,6.74192476272583,819000
2003-09-16,6.96999979019165,7.360000133514404,6.96999979019165,7.170000076293945,6.905656337738037,2268400
2003-09-17,7.099999904632568,7.199999809265137,7.070000171661377,7.079999923706055,6.81897497177124,560900
2003-09-18,7.110000133514404,7.210000038146973,7.059999942779541,7.059999942779541,6.799711227416992,580900
2003-09-19,7.050000190734863,7.199999809265137,7.050000190734863,7.150000095367432,6.886394500732422,920700
2003-09-22,7.050000190734863,7.050000190734863,6.840000152587891,6.940000057220459,6.684136390686035,808600
2003-09-23,6.949999809265137,7.090000152587891,6.920000076293945,7.03000020980835,6.770818710327148,1762400
2003-09-24,6.960000038146973,7.019999980926514,6.769999980926514,6.789999961853027,6.539666652679443,1330700
2003-09-25,6.789999961853027,6.829999923706055,6.590000152587891,6.610000133514404,6.366303443908691,1277000
2003-09-26,6.570000171661377,6.829999923706055,6.360000133514404,6.650000095367432,6.4048285484313965,956900
2003-09-29,6.659999847412109,6.860000133514404,6.650000095367432,6.739999771118164,6.491510391235352,804900
2003-09-30,6.75,6.849999904632568,6.699999809265137,6.75,6.501141548156738,591300
2003-10-01,6.760000228881836,7.130000114440918,6.760000228881836,7.079999923706055,6.81897497177124,1104300
2003-10-02,7.03000020980835,7.230000019073486,6.960000038146973,7.179999828338623,6.91528844833374,1136300
2003-10-03,7.210000038146973,7.269999980926514,7.119999885559082,7.260000228881836,6.992339134216309,842800
2003-10-06,7.28000020980835,7.28000020980835,7.050000190734863,7.170000076293945,6.905656337738037,475700
2003-10-07,7.099999904632568,7.25,7.03000020980835,7.230000019073486,6.963444709777832,588100
2003-10-08,7.179999828338623,7.269999980926514,7.150000095367432,7.210000038146973,6.944182872772217,717200
2003-10-09,7.230000019073486,7.300000190734863,7.170000076293945,7.289999961853027,7.021233558654785,697900
2003-10-10,7.21999979019165,7.289999961853027,7.179999828338623,7.25,6.982706546783447,638500
2003-10-13,7.25,7.340000152587891,7.210000038146973,7.340000152587891,7.069389343261719,623100
2003-10-14,7.289999961853027,7.300000190734863,7.210000038146973,7.300000190734863,7.0308637619018555,439600
2003-10-15,7.329999923706055,7.590000152587891,7.159999847412109,7.590000152587891,7.3101725578308105,1895200
2003-10-16,7.670000076293945,8.199999809265137,7.630000114440918,8.050000190734863,7.7532124519348145,4699200
2003-10-17,8.149999618530273,8.170000076293945,7.570000171661377,7.800000190734863,7.512429714202881,1153300
2003-10-20,7.900000095367432,7.949999809265137,7.650000095367432,7.679999828338623,7.396854400634766,860900
2003-10-21,7.699999809265137,7.710000038146973,7.320000171661377,7.429999828338623,7.156071662902832,1055400
2003-10-22,7.329999923706055,7.650000095367432,7.260000228881836,7.46999979019165,7.194596290588379,1116400
2003-10-23,7.449999809265137,7.590000152587891,7.340000152587891,7.429999828338623,7.156071662902832,813700
2003-10-24,7.329999923706055,7.5,7.320000171661377,7.420000076293945,7.146440505981445,611500
2003-10-27,7.449999809265137,7.590000152587891,7.380000114440918,7.53000020980835,7.252384662628174,421600
2003-10-28,7.53000020980835,7.900000095367432,7.53000020980835,7.889999866485596,7.599113464355469,1202600
2003-10-29,7.789999961853027,7.980000019073486,7.75,7.949999809265137,7.656900882720947,720400
2003-10-30,8.0,8.239999771118164,8.0,8.079999923706055,7.782106876373291,1154100
2003-10-31,8.100000381469727,8.199999809265137,7.900000095367432,7.900000095367432,7.608744144439697,580600
2003-11-03,7.869999885559082,8.239999771118164,7.869999885559082,8.140000343322754,7.8398942947387695,611700
2003-11-04,8.149999618530273,8.220000267028809,8.010000228881836,8.029999732971191,7.733951568603516,325700
2003-11-05,8.020000457763672,8.149999618530273,7.949999809265137,8.119999885559082,7.8206329345703125,456800
2003-11-06,8.180000305175781,8.1899995803833,8.0,8.050000190734863,7.7532124519348145,942800
2003-11-07,8.100000381469727,8.100000381469727,7.929999828338623,8.0,7.705057144165039,597500
2003-11-10,7.960000038146973,8.0,7.710000038146973,7.730000019073486,7.445011615753174,701500
2003-11-11,7.650000095367432,7.800000190734863,7.599999904632568,7.639999866485596,7.358328342437744,695700
2003-11-12,7.639999866485596,7.840000152587891,7.619999885559082,7.639999866485596,7.358328342437744,984200
2003-11-13,7.639999866485596,7.789999961853027,7.610000133514404,7.730000019073486,7.445011615753174,762600
2003-11-14,7.730000019073486,7.800000190734863,7.599999904632568,7.679999828338623,7.396854400634766,532900
2003-11-17,7.579999923706055,7.599999904632568,7.380000114440918,7.489999771118164,7.213858127593994,684700
2003-11-18,7.519999980926514,7.550000190734863,7.260000228881836,7.349999904632568,7.0790205001831055,803500
2003-11-19,7.260000228881836,7.380000114440918,7.25,7.269999980926514,7.001971244812012,669500
2003-11-20,7.239999771118164,7.320000171661377,7.199999809265137,7.25,6.982706546783447,487400
2003-11-21,7.199999809265137,7.340000152587891,7.199999809265137,7.210000038146973,6.944182872772217,675300
2003-11-24,7.230000019073486,7.53000020980835,7.230000019073486,7.360000133514404,7.08865213394165,686100
2003-11-25,7.380000114440918,7.510000228881836,7.349999904632568,7.460000038146973,7.184965133666992,636300
2003-11-26,7.440000057220459,7.690000057220459,7.420000076293945,7.619999885559082,7.3390655517578125,629000
2003-11-28,7.619999885559082,7.690000057220459,7.5,7.5,7.2234907150268555,262400
2003-12-01,7.5,7.869999885559082,7.5,7.829999923706055,7.541324615478516,647200
2003-12-02,7.800000190734863,7.909999847412109,7.650000095367432,7.800000190734863,7.512429714202881,699700
2003-12-03,7.75,7.949999809265137,7.650000095367432,7.809999942779541,7.522060871124268,716900
2003-12-04,7.889999866485596,8.25,7.800000190734863,8.170000076293945,7.868790626525879,1851200
2003-12-05,8.09000015258789,8.229999542236328,7.960000038146973,8.130000114440918,7.830263614654541,1215100
2003-12-08,8.199999809265137,8.350000381469727,8.079999923706055,8.329999923706055,8.022890090942383,880800
2003-12-09,8.350000381469727,8.380000114440918,7.980000019073486,7.989999771118164,7.695425510406494,1223700
2003-12-10,7.989999771118164,8.350000381469727,7.989999771118164,8.210000038146973,7.907314777374268,1296100
2003-12-11,8.220000267028809,8.5,8.180000305175781,8.5,8.186622619628906,1078200
2003-12-12,8.550000190734863,8.850000381469727,8.449999809265137,8.8100004196167,8.485194206237793,1113600
2003-12-15,8.90999984741211,9.0,8.579999923706055,8.630000114440918,8.31182861328125,1273800
2003-12-16,8.640000343322754,8.760000228881836,8.420000076293945,8.6899995803833,8.369616508483887,829900
2003-12-17,8.699999809265137,8.779999732971191,8.399999618530273,8.710000038146973,8.388880729675293,899400
2003-12-18,8.600000381469727,8.970000267028809,8.5600004196167,8.960000038146973,8.629664421081543,751800
2003-12-19,8.960000038146973,9.0,8.670000076293945,9.0,8.66818904876709,946700
2003-12-22,9.050000190734863,9.210000038146973,8.989999771118164,9.069999694824219,8.73560905456543,842300
2003-12-23,8.970000267028809,9.149999618530273,8.949999809265137,9.109999656677246,8.77413272857666,765700
2003-12-24,9.020000457763672,9.079999923706055,8.960000038146973,8.989999771118164,8.658557891845703,243100
2003-12-26,8.989999771118164,9.229999542236328,8.989999771118164,9.130000114440918,8.793394088745117,179600
2003-12-29,9.149999618530273,9.5,9.069999694824219,9.5,9.149752616882324,703400
2003-12-30,9.300000190734863,9.430000305175781,9.010000228881836,9.010000228881836,8.67781925201416,926700
2003-12-31,9.050000190734863,9.229999542236328,8.899999618530273,9.0600004196167,8.72597885131836,943200
2004-01-02,9.039999961853027,9.25,8.989999771118164,9.079999923706055,8.745238304138184,674500
2004-01-05,9.199999809265137,9.380000114440918,9.180000305175781,9.180000305175781,8.841552734375,979800
2004-01-06,9.079999923706055,9.25,9.0600004196167,9.140000343322754,8.803028106689453,758900
2004-01-07,9.050000190734863,9.430000305175781,9.029999732971191,9.350000381469727,9.00528621673584,942500
2004-01-08,9.119999885559082,9.479999542236328,9.119999885559082,9.369999885559082,9.02454662322998,673200
2004-01-09,9.25,9.449999809265137,9.149999618530273,9.220000267028809,8.880077362060547,637100
2004-01-12,9.25,9.300000190734863,9.130000114440918,9.260000228881836,8.91860294342041,571800
2004-01-13,9.260000228881836,9.300000190734863,8.90999984741211,9.1899995803833,8.851183891296387,906300
2004-01-14,9.119999885559082,9.199999809265137,8.899999618530273,9.180000305175781,8.841552734375,1105600
2004-01-15,9.140000343322754,9.140000343322754,8.930000305175781,9.050000190734863,8.716347694396973,483300
2004-01-16,9.020000457763672,9.130000114440918,8.90999984741211,9.0,8.66818904876709,708400
2004-01-20,9.0,9.079999923706055,8.800000190734863,9.079999923706055,8.745238304138184,1018800
2004-01-21,9.020000457763672,9.069999694824219,8.75,9.0,8.66818904876709,903700
2004-01-22,8.949999809265137,9.010000228881836,8.75,8.920000076293945,8.59113883972168,751200
2004-01-23,8.800000190734863,8.949999809265137,8.649999618530273,8.800000190734863,8.47556209564209,913500
2004-01-26,8.75,8.819999694824219,8.600000381469727,8.789999961853027,8.46593189239502,1229600
2004-01-27,8.6899995803833,8.789999961853027,8.619999885559082,8.710000038146973,8.388880729675293,725700
2004-01-28,8.609999656677246,8.729999542236328,8.5,8.579999923706055,8.263673782348633,1631700
2004-01-29,8.65999984741211,8.819999694824219,8.470000267028809,8.539999961853027,8.225150108337402,3097000
2004-01-30,8.550000190734863,8.59000015258789,8.279999732971191,8.380000114440918,8.071048736572266,1230400
2004-02-02,8.449999809265137,8.710000038146973,8.100000381469727,8.430000305175781,8.119203567504883,1890100
2004-02-03,8.619999885559082,8.989999771118164,8.300000190734863,8.890000343322754,8.562243461608887,1624500
2004-02-04,8.789999961853027,8.949999809265137,8.649999618530273,8.880000114440918,8.5526123046875,1506500
2004-02-05,8.75,8.760000228881836,8.300000190734863,8.380000114440918,8.071048736572266,1809000
2004-02-06,8.479999542236328,8.75,8.350000381469727,8.680000305175781,8.359987258911133,1542600
2004-02-09,8.710000038146973,8.960000038146973,8.600000381469727,8.869999885559082,8.542981147766113,983400
2004-02-10,9.25,9.649999618530273,9.25,9.649999618530273,9.294224739074707,3373600
2004-02-11,9.649999618530273,9.960000038146973,9.399999618530273,9.649999618530273,9.294224739074707,1702800
2004-02-12,9.550000190734863,9.819999694824219,9.449999809265137,9.479999542236328,9.13049030303955,732100
2004-02-13,9.579999923706055,9.579999923706055,9.199999809265137,9.289999961853027,8.94749641418457,742200
2004-02-17,9.380000114440918,9.640000343322754,9.300000190734863,9.550000190734863,9.197911262512207,729100
2004-02-18,9.449999809265137,9.630000114440918,9.390000343322754,9.510000228881836,9.15938663482666,513500
2004-02-19,9.539999961853027,9.579999923706055,9.449999809265137,9.510000228881836,9.15938663482666,595900
2004-02-20,9.569999694824219,9.569999694824219,9.25,9.359999656677246,9.01491641998291,1146100
2004-02-23,8.5,9.109999656677246,8.300000190734863,8.75,8.427406311035156,3856600
2004-02-24,8.75,9.010000228881836,8.729999542236328,8.949999809265137,8.620030403137207,2128100
2004-02-25,9.0,9.1899995803833,9.0,9.069999694824219,8.73560905456543,1100200
2004-02-26,9.050000190734863,9.229999542236328,8.899999618530273,9.199999809265137,8.860815048217773,720500
2004-02-27,9.199999809265137,9.529999732971191,9.199999809265137,9.399999618530273,9.053441047668457,1014200
2004-03-01,9.5,9.649999618530273,9.5,9.579999923706055,9.226806640625,749700
2004-03-02,9.479999542236328,9.630000114440918,9.279999732971191,9.479999542236328,9.13049030303955,620300
2004-03-03,9.510000228881836,9.510000228881836,9.130000114440918,9.289999961853027,8.94749641418457,787100
2004-03-04,9.380000114440918,9.460000038146973,9.199999809265137,9.399999618530273,9.053441047668457,370000
2004-03-05,9.210000038146973,9.710000038146973,9.210000038146973,9.699999809265137,9.34238052368164,769400
2004-03-08,9.600000381469727,9.8100004196167,9.359999656677246,9.369999885559082,9.02454662322998,486500
2004-03-09,9.430000305175781,9.529999732971191,9.09000015258789,9.15999984741211,8.822287559509277,509400
2004-03-10,9.199999809265137,9.239999771118164,8.8100004196167,8.949999809265137,8.620030403137207,1554200
2004-03-11,8.850000381469727,9.0600004196167,8.75,8.800000190734863,8.47556209564209,1046100
2004-03-12,8.850000381469727,9.100000381469727,8.760000228881836,9.100000381469727,8.764503479003906,677900
2004-03-15,9.020000457763672,9.039999961853027,8.729999542236328,8.75,8.427406311035156,925000
2004-03-16,8.899999618530273,8.960000038146973,8.75,8.800000190734863,8.47556209564209,610300
2004-03-17,8.829999923706055,9.180000305175781,8.789999961853027,9.140000343322754,8.803028106689453,1316800
2004-03-18,9.069999694824219,9.109999656677246,8.850000381469727,8.880000114440918,8.5526123046875,1070900
2004-03-19,8.880000114440918,9.010000228881836,8.770000457763672,8.850000381469727,8.523719787597656,971600
2004-03-22,8.859999656677246,8.890000343322754,8.649999618530273,8.720000267028809,8.398512840270996,1726000
2004-03-23,8.710000038146973,8.920000076293945,8.710000038146973,8.770000457763672,8.44666862487793,502100
2004-03-24,8.819999694824219,8.899999618530273,8.649999618530273,8.850000381469727,8.523719787597656,577300
2004-03-25,8.869999885559082,9.0,8.789999961853027,8.989999771118164,8.658557891845703,989300
2004-03-26,8.989999771118164,9.09000015258789,8.930000305175781,9.020000457763672,8.687450408935547,632100
2004-03-29,9.020000457763672,9.359999656677246,8.9399995803833,9.300000190734863,8.957128524780273,1539700
2004-03-30,9.300000190734863,9.470000267028809,9.25,9.359999656677246,9.01491641998291,1328800
2004-03-31,9.359999656677246,9.449999809265137,9.270000457763672,9.319999694824219,8.976391792297363,986100
2004-04-01,9.350000381469727,9.649999618530273,9.279999732971191,9.649999618530273,9.294224739074707,2199700
2004-04-02,9.899999618530273,9.930000305175781,9.770000457763672,9.829999923706055,9.467588424682617,2341000
2004-04-05,9.800000190734863,9.84000015258789,9.5,9.539999961853027,9.188282012939453,1014400
2004-04-06,9.520000457763672,9.630000114440918,9.420000076293945,9.59000015258789,9.23643684387207,792900
2004-04-07,9.59000015258789,9.59000015258789,9.25,9.350000381469727,9.00528621673584,890800
2004-04-08,9.449999809265137,9.539999961853027,9.229999542236328,9.279999732971191,8.9378662109375,789900
2004-04-12,9.3100004196167,9.460000038146973,9.25,9.25,8.908971786499023,1302800
2004-04-13,9.279999732971191,9.279999732971191,8.829999923706055,8.869999885559082,8.542981147766113,2366200
2004-04-14,8.670000076293945,8.949999809265137,8.630000114440918,8.800000190734863,8.47556209564209,1367800
2004-04-15,8.899999618530273,9.369999885559082,8.899999618530273,9.25,8.908971786499023,1908600
2004-04-16,9.25,9.5,9.149999618530273,9.5,9.149752616882324,976200
2004-04-19,9.25,9.609999656677246,9.220000267028809,9.479999542236328,9.13049030303955,3361500
2004-04-20,9.489999771118164,9.5600004196167,9.220000267028809,9.289999961853027,8.94749641418457,1749200
2004-04-21,9.289999961853027,9.289999961853027,8.970000267028809,9.140000343322754,8.803028106689453,1460200
2004-04-22,9.1899995803833,9.649999618530273,9.1899995803833,9.449999809265137,9.101597785949707,1690200
2004-04-23,9.449999809265137,9.489999771118164,9.270000457763672,9.420000076293945,9.072705268859863,1238800
2004-04-26,9.399999618530273,9.670000076293945,9.350000381469727,9.40999984741211,9.06307315826416,890500
2004-04-27,9.449999809265137,9.5,9.3100004196167,9.350000381469727,9.00528621673584,592700
2004-04-28,9.300000190734863,9.300000190734863,8.949999809265137,9.010000228881836,8.67781925201416,803300
2004-04-29,8.949999809265137,9.020000457763672,8.75,8.869999885559082,8.542981147766113,2092300
2004-04-30,8.869999885559082,8.979999542236328,8.430000305175781,8.4399995803833,8.128835678100586,1999700
2004-05-03,8.5600004196167,8.84000015258789,8.460000038146973,8.699999809265137,8.379251480102539,846300
2004-05-04,8.800000190734863,9.140000343322754,8.680000305175781,8.979999542236328,8.64892578125,1372900
2004-05-05,9.0,9.0,8.850000381469727,8.920000076293945,8.59113883972168,468400
2004-05-06,8.75,8.850000381469727,8.600000381469727,8.739999771118164,8.417774200439453,1028300
2004-05-07,8.640000343322754,8.75,8.199999809265137,8.199999809265137,7.897683143615723,1299100
2004-05-10,8.399999618530273,8.399999618530273,7.849999904632568,8.130000114440918,7.830263614654541,2534000
2004-05-11,8.300000190734863,8.359999656677246,8.199999809265137,8.3100004196167,8.00362777709961,836900
2004-05-12,8.350000381469727,8.800000190734863,8.260000228881836,8.699999809265137,8.379251480102539,1901300
2004-05-13,8.710000038146973,8.710000038146973,8.550000190734863,8.600000381469727,8.28293514251709,839500
2004-05-14,8.350000381469727,8.619999885559082,8.350000381469727,8.510000228881836,8.19625473022461,1256100
2004-05-17,8.399999618530273,8.479999542236328,8.220000267028809,8.399999618530273,8.09030818939209,912700
2004-05-18,8.40999984741211,8.600000381469727,8.350000381469727,8.510000228881836,8.19625473022461,1527800
2004-05-19,8.5600004196167,8.779999732971191,8.399999618530273,8.430000305175781,8.119203567504883,1267500
2004-05-20,8.449999809265137,8.65999984741211,8.40999984741211,8.630000114440918,8.31182861328125,906100
2004-05-21,8.630000114440918,8.850000381469727,8.550000190734863,8.819999694824219,8.49482250213623,963600
2004-05-24,8.869999885559082,9.0,8.579999923706055,8.670000076293945,8.35035514831543,819800
2004-05-25,8.600000381469727,9.020000457763672,8.600000381469727,9.010000228881836,8.67781925201416,563200
2004-05-26,8.989999771118164,9.0,8.710000038146973,8.819999694824219,8.49482250213623,735500
2004-05-27,8.8100004196167,8.949999809265137,8.800000190734863,8.819999694824219,8.49482250213623,620200
2004-05-28,8.850000381469727,8.949999809265137,8.84000015258789,8.930000305175781,8.600769996643066,511300
2004-06-01,8.930000305175781,8.949999809265137,8.729999542236328,8.779999732971191,8.456298828125,544900
2004-06-02,8.760000228881836,9.0,8.710000038146973,9.0,8.66818904876709,804600
2004-06-03,8.970000267028809,9.229999542236328,8.880000114440918,9.020000457763672,8.687450408935547,1725900
2004-06-04,9.170000076293945,9.25,9.0600004196167,9.119999885559082,8.783764839172363,1050700
2004-06-07,9.289999961853027,9.399999618530273,9.199999809265137,9.329999923706055,8.98602294921875,1510200
2004-06-08,9.300000190734863,9.350000381469727,9.170000076293945,9.300000190734863,8.957128524780273,1399800
2004-06-09,9.300000190734863,9.319999694824219,9.170000076293945,9.239999771118164,8.89933967590332,1412300
2004-06-10,9.300000190734863,9.729999542236328,9.25,9.399999618530273,9.053441047668457,3284100
2004-06-14,9.350000381469727,9.350000381469727,9.100000381469727,9.25,8.908971786499023,880800
2004-06-15,9.270000457763672,9.4399995803833,9.270000457763672,9.4399995803833,9.09196662902832,855600
2004-06-16,9.479999542236328,9.5,9.300000190734863,9.460000038146973,9.111227989196777,529100
2004-06-17,9.460000038146973,9.5,9.300000190734863,9.5,9.149752616882324,989900
2004-06-18,9.5,9.829999923706055,9.5,9.699999809265137,9.34238052368164,1536100
2004-06-21,9.699999809265137,9.850000381469727,9.350000381469727,9.680000305175781,9.323119163513184,908400
2004-06-22,9.649999618530273,9.6899995803833,9.449999809265137,9.65999984741211,9.30385684967041,653600
2004-06-23,9.600000381469727,9.920000076293945,9.470000267028809,9.829999923706055,9.467588424682617,1050300
2004-06-24,9.699999809265137,9.949999809265137,9.640000343322754,9.850000381469727,9.48685073852539,1060000
2004-06-25,9.949999809265137,10.600000381469727,9.899999618530273,10.020000457763672,9.650582313537598,4515500
2004-06-28,10.050000190734863,10.199999809265137,9.800000190734863,9.920000076293945,9.554269790649414,880700
2004-06-29,9.930000305175781,10.220000267028809,9.930000305175781,10.050000190734863,9.679476737976074,1002700
2004-06-30,10.050000190734863,10.199999809265137,9.899999618530273,9.970000267028809,9.602428436279297,851800
2004-07-01,10.050000190734863,10.15999984741211,9.729999542236328,9.899999618530273,9.535008430480957,784900
2004-07-02,9.8100004196167,9.899999618530273,9.600000381469727,9.8100004196167,9.448325157165527,530500
2004-07-06,9.619999885559082,9.800000190734863,9.539999961853027,9.550000190734863,9.197911262512207,764700
2004-07-07,9.5600004196167,9.819999694824219,9.5,9.529999732971191,9.178648948669434,1197000
2004-07-08,9.430000305175781,9.850000381469727,9.430000305175781,9.630000114440918,9.27496337890625,915300
2004-07-09,9.609999656677246,9.729999542236328,9.4399995803833,9.630000114440918,9.27496337890625,833100
2004-07-12,9.630000114440918,9.949999809265137,9.630000114440918,9.920000076293945,9.554269790649414,954900
2004-07-13,9.960000038146973,9.989999771118164,9.789999961853027,9.920000076293945,9.554269790649414,471100
2004-07-14,9.899999618530273,10.140000343322754,9.869999885559082,10.050000190734863,9.679476737976074,1427300
2004-07-15,10.25,10.25,10.010000228881836,10.199999809265137,9.823948860168457,2434500
2004-07-16,10.3100004196167,10.460000038146973,10.1899995803833,10.220000267028809,9.843209266662598,1027500
2004-07-19,10.319999694824219,10.420000076293945,10.130000114440918,10.199999809265137,9.823948860168457,916400
2004-07-20,10.25,10.399999618530273,10.140000343322754,10.380000114440918,9.997309684753418,670100
2004-07-21,10.4399995803833,10.449999809265137,9.850000381469727,9.930000305175781,9.56390380859375,2475100
2004-07-22,9.930000305175781,10.100000381469727,9.75,10.010000228881836,9.640951156616211,1397800
2004-07-23,9.970000267028809,10.119999885559082,9.819999694824219,9.899999618530273,9.535008430480957,1118000
2004-07-26,9.899999618530273,10.029999732971191,9.619999885559082,9.729999542236328,9.371273040771484,562800
2004-07-27,9.75,10.0,9.699999809265137,10.0,9.631319999694824,985300
2004-07-28,9.979999542236328,10.25,9.800000190734863,10.050000190734863,9.679476737976074,1734100
2004-07-29,10.100000381469727,10.25,10.010000228881836,10.199999809265137,9.823948860168457,995100
2004-07-30,10.15999984741211,10.229999542236328,10.079999923706055,10.140000343322754,9.766157150268555,1224300
2004-08-02,10.039999961853027,10.119999885559082,9.90999984741211,10.079999923706055,9.708370208740234,1547500
2004-08-03,10.079999923706055,10.180000305175781,9.930000305175781,10.0,9.631319999694824,1006400
2004-08-04,9.949999809265137,10.050000190734863,9.779999732971191,9.979999542236328,9.612059593200684,703800
2004-08-05,9.949999809265137,9.979999542236328,9.649999618530273,9.680000305175781,9.323119163513184,527800
2004-08-06,9.520000457763672,9.600000381469727,9.40999984741211,9.470000267028809,9.120861053466797,872600
2004-08-09,9.449999809265137,9.550000190734863,9.359999656677246,9.489999771118164,9.14012336730957,486500
2004-08-10,9.479999542236328,9.720000267028809,9.449999809265137,9.649999618530273,9.294224739074707,499800
2004-08-11,9.550000190734863,9.550000190734863,9.3100004196167,9.539999961853027,9.188282012939453,548900
2004-08-12,9.4399995803833,9.470000267028809,9.210000038146973,9.359999656677246,9.01491641998291,700800
2004-08-13,9.460000038146973,9.680000305175781,9.359999656677246,9.4399995803833,9.09196662902832,411100
2004-08-16,9.430000305175781,9.680000305175781,9.390000343322754,9.670000076293945,9.313488960266113,458400
2004-08-17,9.670000076293945,9.789999961853027,9.5,9.619999885559082,9.265329360961914,583300
2004-08-18,9.600000381469727,9.819999694824219,9.600000381469727,9.8100004196167,9.448325157165527,372500
2004-08-19,9.729999542236328,9.930000305175781,9.619999885559082,9.670000076293945,9.313488960266113,296100
2004-08-20,9.729999542236328,9.960000038146973,9.729999542236328,9.859999656677246,9.496481895446777,418700
2004-08-23,9.899999618530273,9.90999984741211,9.529999732971191,9.609999656677246,9.255697250366211,377700
2004-08-24,9.710000038146973,9.779999732971191,9.569999694824219,9.640000343322754,9.28459358215332,335700
2004-08-25,9.600000381469727,9.899999618530273,9.510000228881836,9.850000381469727,9.48685073852539,393500
2004-08-26,9.75,9.930000305175781,9.600000381469727,9.640000343322754,9.28459358215332,543500
2004-08-27,9.680000305175781,9.829999923706055,9.640000343322754,9.779999732971191,9.41943073272705,522600
2004-08-30,9.75,9.800000190734863,9.539999961853027,9.619999885559082,9.265329360961914,478300
2004-08-31,9.579999923706055,9.770000457763672,9.489999771118164,9.699999809265137,9.34238052368164,408900
2004-09-01,9.550000190734863,9.819999694824219,9.520000457763672,9.819999694824219,9.457955360412598,417700
2004-09-02,9.789999961853027,10.050000190734863,9.770000457763672,10.020000457763672,9.650582313537598,643700
2004-09-03,10.100000381469727,10.199999809265137,10.0,10.109999656677246,9.737266540527344,1045900
2004-09-07,10.289999961853027,10.350000381469727,10.170000076293945,10.289999961853027,9.910629272460938,1215100
2004-09-08,10.390000343322754,10.399999618530273,10.149999618530273,10.149999618530273,9.775788307189941,710000
2004-09-09,10.350000381469727,10.460000038146973,10.15999984741211,10.369999885559082,9.987679481506348,1265800
2004-09-10,10.5,10.510000228881836,10.319999694824219,10.460000038146973,10.074361801147461,967200
2004-09-13,10.4399995803833,10.449999809265137,10.270000457763672,10.350000381469727,9.968416213989258,572400
2004-09-14,10.4399995803833,10.449999809265137,10.289999961853027,10.369999885559082,9.987679481506348,459100
2004-09-15,10.3100004196167,10.670000076293945,10.149999618530273,10.399999618530273,10.016570091247559,2735700
2004-09-16,10.380000114440918,10.529999732971191,10.300000190734863,10.380000114440918,9.997309684753418,724800
2004-09-17,10.399999618530273,10.399999618530273,9.90999984741211,10.010000228881836,9.640951156616211,2938300
2004-09-20,9.979999542236328,10.079999923706055,9.850000381469727,9.989999771118164,9.621687889099121,887400
2004-09-21,10.0,10.0600004196167,9.949999809265137,9.989999771118164,9.621687889099121,868300
2004-09-22,9.949999809265137,9.949999809265137,9.680000305175781,9.720000267028809,9.361642837524414,968300
2004-09-23,9.75,9.84000015258789,9.6899995803833,9.75,9.390538215637207,672600
2004-09-24,9.819999694824219,9.9399995803833,9.789999961853027,9.859999656677246,9.496481895446777,517400
2004-09-27,9.859999656677246,9.859999656677246,9.65999984741211,9.75,9.390538215637207,484500
2004-09-28,9.699999809265137,10.149999618530273,9.699999809265137,10.050000190734863,9.679476737976074,1789400
2004-09-29,10.130000114440918,10.270000457763672,10.069999694824219,10.260000228881836,9.881736755371094,970600
2004-09-30,10.149999618530273,10.350000381469727,10.100000381469727,10.3100004196167,9.929891586303711,860400
2004-10-01,10.300000190734863,10.369999885559082,10.180000305175781,10.319999694824219,9.939523696899414,977700
2004-10-04,10.350000381469727,10.479999542236328,10.350000381469727,10.399999618530273,10.016570091247559,832300
2004-10-05,10.390000343322754,10.399999618530273,10.199999809265137,10.270000457763672,9.891366004943848,570300
2004-10-06,10.199999809265137,10.520000457763672,10.199999809265137,10.479999542236328,10.093622207641602,1131700
2004-10-07,10.5,10.5600004196167,10.399999618530273,10.40999984741211,10.026205062866211,1062700
2004-10-08,10.369999885559082,10.479999542236328,10.239999771118164,10.239999771118164,9.862472534179688,669200
2004-10-11,10.260000228881836,10.260000228881836,10.09000015258789,10.199999809265137,9.823948860168457,396100
2004-10-12,10.109999656677246,10.220000267028809,10.0600004196167,10.109999656677246,9.737266540527344,847200
2004-10-13,10.130000114440918,10.149999618530273,9.770000457763672,9.979999542236328,9.612059593200684,1004000
2004-10-14,10.100000381469727,10.949999809265137,10.100000381469727,10.800000190734863,10.40182876586914,5306000
2004-10-15,10.819999694824219,11.100000381469727,10.699999809265137,10.850000381469727,10.449982643127441,2380700
2004-10-18,10.850000381469727,11.149999618530273,10.75,10.949999809265137,10.546295166015625,995200
2004-10-19,10.960000038146973,10.989999771118164,10.65999984741211,10.699999809265137,10.305511474609375,980900
2004-10-20,10.600000381469727,10.880000114440918,10.579999923706055,10.770000457763672,10.372933387756348,903000
2004-10-21,10.800000190734863,11.100000381469727,10.75,11.0,10.594449996948242,1159400
2004-10-22,11.0,11.279999732971191,10.65999984741211,10.800000190734863,10.40182876586914,1352200
2004-10-25,10.649999618530273,10.899999618530273,10.649999618530273,10.800000190734863,10.40182876586914,660900
2004-10-26,10.869999885559082,11.050000190734863,10.739999771118164,11.0,10.594449996948242,815000
2004-10-27,11.029999732971191,11.170000076293945,11.0,11.119999885559082,10.710029602050781,999200
2004-10-28,11.119999885559082,11.289999961853027,11.010000228881836,11.170000076293945,10.758186340332031,660500
2004-10-29,11.1899995803833,11.510000228881836,11.1899995803833,11.350000381469727,10.931551933288574,1271200
2004-11-01,11.25,11.399999618530273,11.180000305175781,11.199999809265137,10.787079811096191,680000
2004-11-02,11.25,11.569999694824219,11.199999809265137,11.449999809265137,11.027864456176758,1163600
2004-11-03,12.0,12.40999984741211,11.75,12.380000114440918,11.923575401306152,4502800
2004-11-04,12.359999656677246,12.710000038146973,12.079999923706055,12.680000305175781,12.212514877319336,2270800
2004-11-05,12.680000305175781,12.850000381469727,12.569999694824219,12.670000076293945,12.202884674072266,1492300
2004-11-08,12.399999618530273,12.550000190734863,12.319999694824219,12.390000343322754,11.933206558227539,813900
2004-11-09,12.5,12.699999809265137,12.369999885559082,12.600000381469727,12.135464668273926,943600
2004-11-10,12.619999885559082,12.789999961853027,12.569999694824219,12.680000305175781,12.212514877319336,813500
2004-11-11,12.649999618530273,12.75,12.369999885559082,12.489999771118164,12.029520034790039,1031600
2004-11-12,12.449999809265137,12.569999694824219,12.380000114440918,12.5,12.039151191711426,866000
2004-11-15,12.399999618530273,12.5,12.149999618530273,12.149999618530273,11.70205307006836,1085700
2004-11-16,11.970000267028809,12.149999618530273,11.869999885559082,11.880000114440918,11.442008018493652,1641800
2004-11-17,11.960000038146973,12.489999771118164,11.960000038146973,12.170000076293945,11.72131633758545,1258300
2004-11-18,12.270000457763672,12.270000457763672,11.890000343322754,12.0,11.557584762573242,867900
2004-11-19,11.899999618530273,12.050000190734863,11.8100004196167,11.880000114440918,11.442008018493652,1584400
2004-11-22,11.850000381469727,12.220000267028809,11.8100004196167,12.050000190734863,11.605741500854492,1254900
2004-11-23,12.130000114440918,12.130000114440918,11.8100004196167,11.899999618530273,11.461270332336426,1216800
2004-11-24,12.050000190734863,12.420000076293945,11.960000038146973,12.399999618530273,11.942837715148926,1071900
2004-11-26,12.380000114440918,12.619999885559082,12.380000114440918,12.539999961853027,12.077676773071289,345000
2004-11-29,12.630000114440918,12.65999984741211,12.130000114440918,12.65999984741211,12.193252563476562,1026900
2004-11-30,12.65999984741211,12.850000381469727,12.529999732971191,12.800000190734863,12.328089714050293,1140900
2004-12-01,12.949999809265137,13.180000305175781,12.899999618530273,13.119999885559082,12.636292457580566,1337900
2004-12-02,13.020000457763672,13.1899995803833,12.899999618530273,13.109999656677246,12.626660346984863,1213600
2004-12-03,13.109999656677246,13.390000343322754,13.010000228881836,13.220000267028809,12.732606887817383,1134700
2004-12-06,13.15999984741211,13.25,12.869999885559082,12.989999771118164,12.511085510253906,578000
2004-12-07,13.029999732971191,13.319999694824219,12.729999542236328,12.779999732971191,12.30882740020752,830400
2004-12-08,12.8100004196167,13.199999809265137,12.699999809265137,13.199999809265137,12.713343620300293,944600
2004-12-09,13.010000228881836,13.239999771118164,13.0,13.140000343322754,12.65555477142334,586000
2004-12-10,13.039999961853027,13.390000343322754,13.020000457763672,13.220000267028809,12.732606887817383,389600
2004-12-13,13.319999694824219,13.489999771118164,13.270000457763672,13.420000076293945,12.92523193359375,713300
2004-12-14,13.420000076293945,13.470000267028809,13.100000381469727,13.220000267028809,12.732606887817383,783300
2004-12-15,13.239999771118164,13.630000114440918,13.149999618530273,13.630000114440918,13.12748908996582,722000
2004-12-16,13.449999809265137,13.680000305175781,13.270000457763672,13.34000015258789,12.848183631896973,643300
2004-12-17,13.369999885559082,13.75,13.369999885559082,13.6899995803833,13.18527889251709,813300
2004-12-20,13.670000076293945,13.710000038146973,13.359999656677246,13.399999618530273,12.905969619750977,431200
2004-12-21,13.470000267028809,14.039999961853027,13.470000267028809,14.020000457763672,13.503110885620117,1248200
2004-12-22,14.199999809265137,14.199999809265137,13.800000190734863,13.829999923706055,13.320117950439453,635700
2004-12-23,13.930000305175781,14.079999923706055,13.800000190734863,13.949999809265137,13.43569278717041,367800
2004-12-27,13.960000038146973,13.989999771118164,13.670000076293945,13.760000228881836,13.252696990966797,270200
2004-12-28,13.6899995803833,13.970000267028809,13.6899995803833,13.9399995803833,13.42606258392334,302600
2004-12-29,13.84000015258789,13.899999618530273,13.720000267028809,13.890000343322754,13.377903938293457,395900
2004-12-30,13.75,13.850000381469727,13.729999542236328,13.800000190734863,13.291224479675293,427300
2004-12-31,13.720000267028809,13.779999732971191,13.65999984741211,13.739999771118164,13.23343563079834,432800
2005-01-03,13.640000343322754,14.039999961853027,13.640000343322754,13.930000305175781,13.41642951965332,1188000
2005-01-04,13.989999771118164,14.050000190734863,13.4399995803833,13.449999809265137,12.954126358032227,865600
2005-01-05,13.350000381469727,13.569999694824219,12.960000038146973,13.149999618530273,12.665185928344727,1004800
2005-01-06,13.15999984741211,13.289999961853027,12.930000305175781,13.050000190734863,12.568873405456543,1364400
2005-01-07,13.270000457763672,13.420000076293945,12.829999923706055,12.859999656677246,12.38587760925293,1269500
2005-01-10,12.770000457763672,13.229999542236328,12.770000457763672,13.079999923706055,12.59776782989502,919500
2005-01-11,13.100000381469727,13.289999961853027,12.90999984741211,13.100000381469727,12.617030143737793,953400
2005-01-12,13.0600004196167,13.130000114440918,12.850000381469727,12.970000267028809,12.491825103759766,947200
2005-01-13,12.979999542236328,13.0,12.850000381469727,12.899999618530273,12.424403190612793,585500
2005-01-14,12.899999618530273,13.029999732971191,12.880000114440918,12.949999809265137,12.472561836242676,411100
2005-01-18,12.899999618530273,13.140000343322754,12.760000228881836,13.029999732971191,12.549610137939453,499100
2005-01-19,13.029999732971191,13.170000076293945,12.819999694824219,12.880000114440918,12.40514087677002,653700
2005-01-20,12.8100004196167,12.819999694824219,12.539999961853027,12.649999618530273,12.18362045288086,700400
2005-01-21,12.6899995803833,12.899999618530273,12.630000114440918,12.720000267028809,12.251038551330566,866500
2005-01-24,12.710000038146973,12.779999732971191,12.279999732971191,12.420000076293945,11.962101936340332,866300
2005-01-25,12.5,12.800000190734863,12.420000076293945,12.699999809265137,12.231778144836426,920500
2005-01-26,12.800000190734863,12.880000114440918,12.619999885559082,12.869999885559082,12.395509719848633,733200
2005-01-27,12.890000343322754,13.329999923706055,12.75,13.300000190734863,12.809657096862793,1370300
2005-01-28,13.34000015258789,13.399999618530273,13.020000457763672,13.140000343322754,12.65555477142334,1156800
2005-01-31,13.239999771118164,13.609999656677246,13.220000267028809,13.489999771118164,12.992650985717773,1372900
2005-02-01,13.5,13.960000038146973,13.329999923706055,13.729999542236328,13.22380256652832,1599700
2005-02-02,13.9399995803833,14.010000228881836,13.720000267028809,13.84000015258789,13.329748153686523,1571800
2005-02-03,13.84000015258789,14.350000381469727,13.600000381469727,14.350000381469727,13.82094669342041,1786000
2005-02-04,14.3100004196167,14.5,14.140000343322754,14.460000038146973,13.926889419555664,904100
2005-02-07,14.489999771118164,14.529999732971191,14.289999961853027,14.460000038146973,13.926889419555664,1371700
2005-02-08,14.449999809265137,14.5,14.270000457763672,14.399999618530273,13.869101524353027,1687200
2005-02-09,14.399999618530273,14.5,14.15999984741211,14.199999809265137,13.676475524902344,775000
2005-02-10,14.260000228881836,14.369999885559082,14.010000228881836,14.279999732971191,13.753525733947754,1297500
2005-02-11,14.279999732971191,15.0,14.180000305175781,14.800000190734863,14.254356384277344,2596800
2005-02-14,14.899999618530273,15.5,14.899999618530273,15.470000267028809,14.899652481079102,2172700
2005-02-15,15.420000076293945,15.800000190734863,15.380000114440918,15.800000190734863,15.217488288879395,2099000
2005-02-16,15.649999618530273,16.200000762939453,15.4399995803833,16.049999237060547,15.458270072937012,2307400
2005-02-17,16.299999237060547,16.309999465942383,15.640000343322754,15.899999618530273,15.313801765441895,1531300
2005-02-18,15.90999984741211,15.9399995803833,15.649999618530273,15.829999923706055,15.246379852294922,959200
2005-02-22,15.729999542236328,15.789999961853027,15.3100004196167,15.430000305175781,14.861128807067871,1056300
2005-02-23,15.479999542236328,15.640000343322754,15.329999923706055,15.520000457763672,14.947810173034668,838200
2005-02-24,15.5,15.710000038146973,15.140000343322754,15.699999809265137,15.121173858642578,1003300
2005-02-25,15.649999618530273,16.25,15.600000381469727,16.149999618530273,15.554581642150879,1293000
2005-02-28,16.149999618530273,16.68000030517578,16.09000015258789,16.450000762939453,15.843523025512695,1885800
2005-03-01,16.549999237060547,16.649999618530273,16.040000915527344,16.09000015258789,15.496794700622559,1169000
2005-03-02,16.100000381469727,16.959999084472656,15.880000114440918,16.649999618530273,16.036151885986328,2102900
2005-03-03,16.8700008392334,17.0,16.700000762939453,16.790000915527344,16.170988082885742,1174400
2005-03-04,16.889999389648438,17.059999465942383,16.809999465942383,17.020000457763672,16.39250946044922,1496600
2005-03-07,17.010000228881836,17.239999771118164,16.90999984741211,17.06999969482422,16.440664291381836,877000
2005-03-08,17.06999969482422,17.209999084472656,16.969999313354492,17.0,16.373245239257812,942300
2005-03-09,16.899999618530273,17.139999389648438,16.8700008392334,16.989999771118164,16.363615036010742,1275300
2005-03-10,16.969999313354492,16.979999542236328,16.489999771118164,16.489999771118164,15.882048606872559,1980900
2005-03-11,16.549999237060547,16.899999618530273,16.549999237060547,16.84000015258789,16.219144821166992,1407300
2005-03-14,16.829999923706055,16.899999618530273,16.729999542236328,16.8700008392334,16.24803924560547,765000
2005-03-15,16.940000534057617,17.0,16.809999465942383,16.850000381469727,16.22877311706543,985100
2005-03-16,16.75,16.829999923706055,16.579999923706055,16.579999923706055,15.968731880187988,1205300
2005-03-17,16.579999923706055,16.989999771118164,16.5,16.979999542236328,16.35398292541504,1236600
2005-03-18,16.989999771118164,17.030000686645508,16.799999237060547,16.93000030517578,16.30582618713379,1507600
2005-03-21,16.969999313354492,17.0,16.600000381469727,16.760000228881836,16.14209747314453,737400
2005-03-22,16.760000228881836,16.93000030517578,16.399999618530273,16.489999771118164,15.882048606872559,1084800
2005-03-23,16.3799991607666,16.43000030517578,16.030000686645508,16.139999389648438,15.544950485229492,1360300
2005-03-24,16.15999984741211,16.479999542236328,16.06999969482422,16.149999618530273,15.554581642150879,568400
2005-03-28,16.299999237060547,16.299999237060547,15.90999984741211,16.030000686645508,15.439010620117188,917600
2005-03-29,16.040000915527344,16.239999771118164,15.5,15.8100004196167,15.227120399475098,1181900
2005-03-30,15.800000190734863,15.800000190734863,14.720000267028809,15.529999732971191,14.957439422607422,3530800
2005-03-31,15.529999732971191,15.729999542236328,15.420000076293945,15.5600004196167,14.986334800720215,1324800
2005-04-01,15.5600004196167,15.850000381469727,15.270000457763672,15.319999694824219,14.755183219909668,2464100
2005-04-04,15.289999961853027,15.640000343322754,15.289999961853027,15.609999656677246,15.034490585327148,1083600
2005-04-05,15.600000381469727,16.0,15.5,15.920000076293945,15.333063125610352,1599100
2005-04-06,16.049999237060547,16.1200008392334,15.6899995803833,15.75,15.169329643249512,813500
2005-04-07,15.760000228881836,16.0,15.600000381469727,15.890000343322754,15.304168701171875,549600
2005-04-08,15.9399995803833,16.299999237060547,15.470000267028809,15.670000076293945,15.09228229522705,1056900
2005-04-11,15.670000076293945,15.670000076293945,15.0,15.180000305175781,14.620345115661621,1702300
2005-04-12,15.479999542236328,15.930000305175781,14.819999694824219,15.930000305175781,15.342696189880371,2359300
2005-04-13,15.800000190734863,15.800000190734863,15.020000457763672,15.100000381469727,14.543294906616211,1221200
2005-04-14,15.100000381469727,15.149999618530273,14.489999771118164,14.800000190734863,14.254356384277344,2037200
2005-04-15,14.789999961853027,15.050000190734863,14.109999656677246,14.25,13.724632263183594,2100000
2005-04-18,14.25,14.710000038146973,14.239999771118164,14.630000114440918,14.090620040893555,1374500
2005-04-19,15.729999542236328,15.729999542236328,14.880000114440918,15.460000038146973,14.890023231506348,3181300
2005-04-20,15.619999885559082,15.640000343322754,15.289999961853027,15.300000190734863,14.735920906066895,2913400
2005-04-21,15.5,15.65999984741211,15.239999771118164,15.609999656677246,15.034490585327148,2122700
2005-04-22,15.609999656677246,15.880000114440918,15.520000457763672,15.739999771118164,15.159699440002441,1507200
2005-04-25,15.739999771118164,15.90999984741211,15.579999923706055,15.75,15.169329643249512,915600
2005-04-26,15.430000305175781,15.59000015258789,15.15999984741211,15.1899995803833,14.629977226257324,1051500
2005-04-27,15.199999809265137,15.619999885559082,14.960000038146973,15.510000228881836,14.938179016113281,1654200
2005-04-28,15.350000381469727,15.619999885559082,14.850000381469727,14.850000381469727,14.302510261535645,1255300
2005-04-29,14.949999809265137,15.210000038146973,14.850000381469727,15.050000190734863,14.495138168334961,1676500
2005-05-02,15.010000228881836,15.199999809265137,14.960000038146973,15.149999618530273,14.591451644897461,967600
2005-05-03,15.210000038146973,15.520000457763672,15.140000343322754,15.239999771118164,14.678131103515625,950200
2005-05-04,15.239999771118164,15.680000305175781,15.149999618530273,15.319999694824219,14.755183219909668,1030600
2005-05-05,15.319999694824219,15.479999542236328,15.199999809265137,15.25,14.687763214111328,660600
2005-05-06,15.680000305175781,15.84000015258789,15.449999809265137,15.789999961853027,15.207857131958008,1851000
2005-05-09,15.779999732971191,15.869999885559082,15.539999961853027,15.75,15.169329643249512,822800
2005-05-10,15.75,15.75,15.319999694824219,15.40999984741211,14.841865539550781,778700
2005-05-11,15.40999984741211,15.569999694824219,15.270000457763672,15.479999542236328,14.909284591674805,813300
2005-05-12,15.430000305175781,15.5,14.850000381469727,14.930000305175781,14.379562377929688,1224100
2005-05-13,14.84000015258789,14.970000267028809,13.510000228881836,14.350000381469727,13.82094669342041,3363700
2005-05-16,14.329999923706055,14.5600004196167,14.199999809265137,14.529999732971191,13.994311332702637,1786300
2005-05-17,14.529999732971191,14.720000267028809,14.420000076293945,14.600000381469727,14.061727523803711,1042200
2005-05-18,14.789999961853027,15.0,14.579999923706055,14.890000343322754,14.341036796569824,1038400
2005-05-19,14.859999656677246,15.029999732971191,14.710000038146973,15.010000228881836,14.456611633300781,768300
2005-05-20,14.90999984741211,14.90999984741211,14.6899995803833,14.779999732971191,14.235090255737305,511800
2005-05-23,14.350000381469727,15.140000343322754,14.0,15.109999656677246,14.552924156188965,1792700
2005-05-24,15.279999732971191,15.279999732971191,14.850000381469727,15.15999984741211,14.601082801818848,975100
2005-05-25,15.0600004196167,15.069999694824219,14.579999923706055,14.9399995803833,14.389192581176758,798400
2005-05-26,14.989999771118164,15.260000228881836,14.850000381469727,15.25,14.687763214111328,1114800
2005-05-27,15.199999809265137,15.25,15.119999885559082,15.239999771118164,14.678131103515625,297700
2005-05-31,15.050000190734863,15.0600004196167,14.699999809265137,14.890000343322754,14.341036796569824,981900
2005-06-01,14.8100004196167,15.109999656677246,14.65999984741211,14.90999984741211,14.360298156738281,1083100
2005-06-02,14.899999618530273,14.90999984741211,14.699999809265137,14.859999656677246,14.312143325805664,1551500
2005-06-03,14.869999885559082,15.180000305175781,14.869999885559082,15.100000381469727,14.543294906616211,1671600
2005-06-06,15.149999618530273,15.34000015258789,15.119999885559082,15.329999923706055,14.764814376831055,1045700
2005-06-07,15.329999923706055,15.460000038146973,14.949999809265137,15.100000381469727,14.543294906616211,1023000
2005-06-08,15.15999984741211,15.180000305175781,14.800000190734863,14.930000305175781,14.379562377929688,678900
2005-06-09,14.829999923706055,14.949999809265137,14.619999885559082,14.789999961853027,14.24472427368164,654500
2005-06-10,14.789999961853027,14.859999656677246,14.609999656677246,14.6899995803833,14.148408889770508,539600
2005-06-13,14.59000015258789,14.770000457763672,14.510000228881836,14.670000076293945,14.129149436950684,958300
2005-06-14,14.869999885559082,14.920000076293945,14.449999809265137,14.640000343322754,14.100253105163574,715500
2005-06-15,14.670000076293945,14.800000190734863,14.569999694824219,14.739999771118164,14.196565628051758,1359600
2005-06-16,14.800000190734863,14.989999771118164,14.779999732971191,14.970000267028809,14.418087005615234,766800
2005-06-17,14.979999542236328,15.1899995803833,14.729999542236328,14.850000381469727,14.302510261535645,1805800
2005-06-20,14.850000381469727,14.850000381469727,14.420000076293945,14.649999618530273,14.109884262084961,1252200
2005-06-21,14.619999885559082,14.739999771118164,14.470000267028809,14.699999809265137,14.158041000366211,903800
2005-06-22,14.800000190734863,14.9399995803833,14.539999961853027,14.600000381469727,14.061727523803711,1095700
2005-06-23,14.600000381469727,14.619999885559082,14.09000015258789,14.279999732971191,13.753525733947754,2101900
2005-06-24,14.229999542236328,14.34000015258789,13.970000267028809,14.210000038146973,13.686107635498047,4663600
2005-06-27,14.180000305175781,14.25,14.100000381469727,14.25,13.724632263183594,1137900
2005-06-28,14.350000381469727,14.40999984741211,14.029999732971191,14.350000381469727,13.82094669342041,1905300
2005-06-29,14.3100004196167,14.479999542236328,14.220000267028809,14.359999656677246,13.83057689666748,1308400
2005-06-30,14.350000381469727,14.430000305175781,14.029999732971191,14.229999542236328,13.705368041992188,1422700
2005-07-01,14.210000038146973,14.489999771118164,14.119999885559082,14.449999809265137,13.917258262634277,1436500
2005-07-05,14.460000038146973,14.880000114440918,14.460000038146973,14.819999694824219,14.273616790771484,1297200
2005-07-06,14.770000457763672,14.970000267028809,14.649999618530273,14.869999885559082,14.321773529052734,1308900
2005-07-07,14.770000457763672,15.149999618530273,14.670000076293945,15.130000114440918,14.572189331054688,1204600
2005-07-08,15.149999618530273,15.699999809265137,15.149999618530273,15.630000114440918,15.053753852844238,1619800
2005-07-11,15.720000267028809,15.819999694824219,15.470000267028809,15.670000076293945,15.09228229522705,961800
2005-07-12,15.670000076293945,15.960000038146973,15.670000076293945,15.779999732971191,15.198226928710938,1239800
2005-07-13,15.779999732971191,15.890000343322754,15.430000305175781,15.710000038146973,15.130806922912598,1612300
2005-07-14,15.720000267028809,15.800000190734863,15.350000381469727,15.479999542236328,14.909284591674805,900500
2005-07-15,15.600000381469727,15.600000381469727,15.210000038146973,15.300000190734863,14.735920906066895,897800
2005-07-18,15.130000114440918,15.329999923706055,14.920000076293945,15.210000038146973,14.649239540100098,1743700
2005-07-19,15.199999809265137,15.470000267028809,15.149999618530273,15.270000457763672,14.707027435302734,2050100
2005-07-20,15.270000457763672,15.569999694824219,15.149999618530273,15.460000038146973,14.890023231506348,2123000
2005-07-21,15.369999885559082,15.449999809265137,15.199999809265137,15.210000038146973,14.649239540100098,1362900
2005-07-22,15.149999618530273,15.779999732971191,15.149999618530273,15.770000457763672,15.188593864440918,1053000
2005-07-25,15.819999694824219,16.100000381469727,15.739999771118164,15.850000381469727,15.265644073486328,1416100
2005-07-26,16.030000686645508,16.049999237060547,15.920000076293945,15.979999542236328,15.390851020812988,1182500
2005-07-27,15.899999618530273,15.979999542236328,15.550000190734863,15.550000190734863,14.976703643798828,1322200
2005-07-28,15.520000457763672,15.779999732971191,15.520000457763672,15.680000305175781,15.101912498474121,1259100
2005-07-29,15.75,16.049999237060547,15.720000267028809,15.789999961853027,15.207857131958008,1053400
2005-08-01,15.770000457763672,16.040000915527344,15.770000457763672,15.9399995803833,15.352324485778809,1131000
2005-08-02,16.0,16.440000534057617,16.0,16.290000915527344,15.689419746398926,1097200
2005-08-03,16.360000610351562,16.799999237060547,16.31999969482422,16.6200008392334,16.00725555419922,1232400
2005-08-04,16.6200008392334,16.690000534057617,16.459999084472656,16.469999313354492,15.862783432006836,772900
2005-08-05,16.270000457763672,16.440000534057617,16.25,16.350000381469727,15.747209548950195,693600
2005-08-08,16.5,16.520000457763672,16.170000076293945,16.190000534057617,15.59311294555664,588800
2005-08-09,16.25,16.3799991607666,16.219999313354492,16.299999237060547,15.699054718017578,1021000
2005-08-10,16.260000228881836,16.6200008392334,16.260000228881836,16.489999771118164,15.882048606872559,1394100
2005-08-11,16.450000762939453,16.739999771118164,16.450000762939453,16.549999237060547,15.939836502075195,866100
2005-08-12,16.540000915527344,16.549999237060547,16.309999465942383,16.399999618530273,15.795366287231445,862200
2005-08-15,16.399999618530273,16.450000762939453,16.15999984741211,16.40999984741211,15.804999351501465,1096500
2005-08-16,16.399999618530273,16.469999313354492,16.219999313354492,16.299999237060547,15.699054718017578,634700
2005-08-17,16.200000762939453,16.479999542236328,16.18000030517578,16.389999389648438,15.785735130310059,860900
2005-08-18,16.389999389648438,16.389999389648438,16.229999542236328,16.31999969482422,15.718314170837402,1021000
2005-08-19,16.75,17.3700008392334,16.65999984741211,17.170000076293945,16.536977767944336,3890600
2005-08-22,17.170000076293945,17.239999771118164,16.84000015258789,16.940000534057617,16.315452575683594,1564600
2005-08-23,16.84000015258789,17.0,16.68000030517578,16.729999542236328,16.113195419311523,927300
2005-08-24,16.68000030517578,16.760000228881836,16.399999618530273,16.5,15.891676902770996,1229100
2005-08-25,16.450000762939453,16.770000457763672,16.260000228881836,16.56999969482422,15.959100723266602,1083900
2005-08-26,16.469999313354492,16.709999084472656,16.440000534057617,16.559999465942383,15.949466705322266,983700
2005-08-29,16.520000457763672,16.829999923706055,16.479999542236328,16.829999923706055,16.20951271057129,732700
2005-08-30,16.93000030517578,17.0,16.639999389648438,16.799999237060547,16.18061637878418,834700
2005-08-31,16.799999237060547,16.959999084472656,16.780000686645508,16.889999389648438,16.267303466796875,566300
2005-09-01,16.860000610351562,17.0,16.649999618530273,16.8799991607666,16.257671356201172,608900
2005-09-02,16.84000015258789,16.84000015258789,16.649999618530273,16.81999969482422,16.19988250732422,656500
2005-09-06,16.979999542236328,17.18000030517578,16.940000534057617,17.079999923706055,16.450300216674805,1092900
2005-09-07,16.959999084472656,17.270000457763672,16.950000762939453,17.1200008392334,16.488819122314453,711600
2005-09-08,17.06999969482422,17.15999984741211,16.979999542236328,17.0,16.373245239257812,473400
2005-09-09,17.040000915527344,17.149999618530273,16.979999542236328,17.079999923706055,16.450300216674805,546200
2005-09-12,17.0,17.1200008392334,16.850000381469727,16.899999618530273,16.276931762695312,904400
2005-09-13,16.860000610351562,16.899999618530273,16.700000762939453,16.729999542236328,16.113195419311523,1120200
2005-09-14,16.700000762939453,16.729999542236328,16.440000534057617,16.579999923706055,15.968731880187988,977900
2005-09-15,16.579999923706055,16.739999771118164,16.469999313354492,16.739999771118164,16.122833251953125,511600
2005-09-16,16.739999771118164,16.739999771118164,15.84000015258789,16.360000610351562,15.756841659545898,3285000
2005-09-19,16.5,16.8700008392334,16.309999465942383,16.399999618530273,15.795366287231445,2095700
2005-09-20,16.5,16.610000610351562,16.0,16.139999389648438,15.544950485229492,877300
2005-09-21,16.0,16.09000015258789,15.619999885559082,15.640000343322754,15.063385009765625,1553900
2005-09-22,15.600000381469727,15.65999984741211,15.130000114440918,15.390000343322754,14.822603225708008,3269900
2005-09-23,15.369999885559082,15.600000381469727,15.25,15.470000267028809,14.899652481079102,2378000
2005-09-26,15.399999618530273,15.520000457763672,15.130000114440918,15.350000381469727,14.784077644348145,1704900
2005-09-27,15.380000114440918,15.569999694824219,15.199999809265137,15.5,14.928546905517578,1835800
2005-09-28,15.5600004196167,15.869999885559082,15.5,15.680000305175781,15.101912498474121,1000400
2005-09-29,15.550000190734863,15.710000038146973,15.520000457763672,15.670000076293945,15.09228229522705,793500
2005-09-30,15.619999885559082,16.040000915527344,15.609999656677246,15.9399995803833,15.352324485778809,752400
2005-10-03,15.84000015258789,16.100000381469727,15.729999542236328,15.989999771118164,15.400482177734375,1204400
2005-10-04,15.989999771118164,16.049999237060547,15.699999809265137,15.75,15.169329643249512,752000
2005-10-05,15.75,15.850000381469727,15.350000381469727,15.40999984741211,14.841865539550781,1583200
2005-10-06,15.470000267028809,15.890000343322754,15.329999923706055,15.609999656677246,15.034490585327148,1657200
2005-10-07,15.600000381469727,15.84000015258789,15.539999961853027,15.680000305175781,15.101912498474121,1051100
2005-10-10,15.619999885559082,15.779999732971191,15.5,15.630000114440918,15.053753852844238,691500
2005-10-11,15.630000114440918,16.25,15.630000114440918,16.18000030517578,15.583477020263672,2646100
2005-10-12,16.170000076293945,16.229999542236328,15.34000015258789,15.899999618530273,15.313801765441895,1744000
2005-10-13,15.90999984741211,15.9399995803833,15.710000038146973,15.800000190734863,15.217488288879395,1264200
2005-10-14,16.149999618530273,16.149999618530273,15.760000228881836,15.9399995803833,15.352324485778809,1741500
2005-10-17,15.90999984741211,16.139999389648438,15.84000015258789,16.0,15.410114288330078,1163800
2005-10-18,15.949999809265137,16.65999984741211,15.859999656677246,16.040000915527344,15.448640823364258,2174200
2005-10-19,16.049999237060547,16.399999618530273,15.6899995803833,16.3700008392334,15.766473770141602,1016800
2005-10-20,16.399999618530273,16.639999389648438,16.0,16.06999969482422,15.477532386779785,1698200
2005-10-21,16.229999542236328,16.399999618530273,15.949999809265137,16.309999465942383,15.7086820602417,986000
2005-10-24,16.309999465942383,16.489999771118164,16.25,16.350000381469727,15.747209548950195,1018700
2005-10-25,16.270000457763672,16.5,16.09000015258789,16.219999313354492,15.621999740600586,672900
2005-10-26,16.1299991607666,16.299999237060547,15.960000038146973,16.079999923706055,15.487165451049805,828500
2005-10-27,16.049999237060547,16.059999465942383,15.699999809265137,15.800000190734863,15.217488288879395,950200
2005-10-28,15.789999961853027,15.960000038146973,15.729999542236328,15.9399995803833,15.352324485778809,465700
2005-10-31,16.0,16.299999237060547,16.0,16.219999313354492,15.621999740600586,818500
2005-11-01,16.229999542236328,16.420000076293945,16.149999618530273,16.350000381469727,15.747209548950195,780600
2005-11-02,16.229999542236328,16.360000610351562,16.079999923706055,16.290000915527344,15.689419746398926,1166600
2005-11-03,16.399999618530273,16.399999618530273,16.15999984741211,16.299999237060547,15.699054718017578,615300
2005-11-04,16.34000015258789,16.350000381469727,16.18000030517578,16.290000915527344,15.689419746398926,869800
2005-11-07,16.229999542236328,16.299999237060547,16.06999969482422,16.25,15.650896072387695,666400
2005-11-08,16.100000381469727,16.540000915527344,15.970000267028809,16.40999984741211,15.804999351501465,1313900
2005-11-09,16.559999465942383,16.979999542236328,16.459999084472656,16.920000076293945,16.296192169189453,1324900
2005-11-10,16.969999313354492,17.219999313354492,16.610000610351562,17.09000015258789,16.459930419921875,1285000
2005-11-11,17.0,17.540000915527344,17.0,17.350000381469727,16.710342407226562,2303300
2005-11-14,17.280000686645508,17.459999084472656,17.09000015258789,17.229999542236328,16.594762802124023,1396000
2005-11-15,17.239999771118164,17.989999771118164,17.1299991607666,17.899999618530273,17.240060806274414,2832200
2005-11-16,18.329999923706055,18.34000015258789,17.850000381469727,18.31999969482422,17.644575119018555,4293600
2005-11-17,18.350000381469727,18.59000015258789,18.030000686645508,18.579999923706055,17.89499282836914,2534200
2005-11-18,18.489999771118164,18.799999237060547,18.31999969482422,18.489999771118164,17.808311462402344,2658800
2005-11-21,18.489999771118164,18.489999771118164,17.8799991607666,18.40999984741211,17.731260299682617,2429800
2005-11-22,18.459999084472656,18.770000457763672,18.3700008392334,18.56999969482422,17.885358810424805,2235400
2005-11-23,18.639999389648438,18.639999389648438,18.239999771118164,18.559999465942383,17.875732421875,749800
2005-11-25,18.5,18.6299991607666,18.309999465942383,18.440000534057617,17.760154724121094,562400
2005-11-28,18.389999389648438,18.450000762939453,18.020000457763672,18.200000762939453,17.529006958007812,1421900
2005-11-29,18.200000762939453,18.639999389648438,18.200000762939453,18.469999313354492,17.78904914855957,1325500
2005-11-30,18.3700008392334,18.649999618530273,18.350000381469727,18.540000915527344,17.856470108032227,1325200
2005-12-01,18.739999771118164,19.059999465942383,18.690000534057617,18.81999969482422,18.12614631652832,1976000
2005-12-02,18.84000015258789,19.260000228881836,18.739999771118164,19.139999389648438,18.43434715270996,1180000
2005-12-05,19.110000610351562,19.399999618530273,18.979999542236328,18.979999542236328,18.28024673461914,1848600
2005-12-06,19.010000228881836,19.610000610351562,19.010000228881836,19.5,18.781076431274414,3237600
2005-12-07,19.5,19.899999618530273,19.3700008392334,19.440000534057617,18.723285675048828,1767100
2005-12-08,19.420000076293945,19.979999542236328,19.420000076293945,19.799999237060547,19.070016860961914,1983800
2005-12-09,19.860000610351562,20.399999618530273,19.850000381469727,20.190000534057617,19.445636749267578,2753500
2005-12-12,20.219999313354492,20.450000762939453,19.989999771118164,20.149999618530273,19.4071102142334,1456200
2005-12-13,20.200000762939453,20.389999389648438,20.149999618530273,20.260000228881836,19.513051986694336,796600
2005-12-14,20.290000915527344,20.350000381469727,20.079999923706055,20.18000030517578,19.43600845336914,1121300
2005-12-15,20.239999771118164,20.239999771118164,19.84000015258789,19.989999771118164,19.25301170349121,903500
2005-12-16,20.0,20.0,19.670000076293945,19.709999084472656,18.98332977294922,719200
2005-12-19,19.860000610351562,19.989999771118164,19.239999771118164,19.389999389648438,18.675132751464844,1118500
2005-12-20,19.649999618530273,19.739999771118164,19.420000076293945,19.649999618530273,18.92554473876953,1066500
2005-12-21,19.75,19.950000762939453,19.700000762939453,19.860000610351562,19.1278076171875,990000
2005-12-22,19.860000610351562,19.93000030517578,19.649999618530273,19.8799991607666,19.147064208984375,665000
2005-12-23,19.860000610351562,19.950000762939453,19.799999237060547,19.860000610351562,19.1278076171875,845300
2005-12-27,19.850000381469727,19.860000610351562,19.450000762939453,19.59000015258789,18.86775779724121,633300
2005-12-28,19.600000381469727,19.739999771118164,19.440000534057617,19.6200008392334,18.896650314331055,400300
2005-12-29,19.6299991607666,19.649999618530273,19.459999084472656,19.469999313354492,18.752182006835938,396500
2005-12-30,19.469999313354492,19.530000686645508,19.280000686645508,19.530000686645508,18.809968948364258,650300
2006-01-03,19.5,19.940000534057617,19.5,19.790000915527344,19.060382843017578,2093900
2006-01-04,19.100000381469727,19.84000015258789,19.06999969482422,19.700000762939453,18.97370147705078,2394000
2006-01-05,19.600000381469727,19.829999923706055,19.420000076293945,19.579999923706055,18.858123779296875,1698000
2006-01-06,19.5,19.690000534057617,19.459999084472656,19.579999923706055,18.858123779296875,1143400
2006-01-09,19.5,19.68000030517578,19.31999969482422,19.6200008392334,18.896650314331055,966600
2006-01-10,19.5,19.65999984741211,19.209999084472656,19.549999237060547,18.829233169555664,840700
2006-01-11,19.549999237060547,19.65999984741211,19.459999084472656,19.479999542236328,18.76181411743164,617300
2006-01-12,19.549999237060547,19.6200008392334,19.290000915527344,19.350000381469727,18.63660430908203,385400
2006-01-13,20.110000610351562,20.110000610351562,19.25,19.280000686645508,18.56918716430664,567100
2006-01-17,19.0,19.170000076293945,18.81999969482422,18.959999084472656,18.2609806060791,1240200
2006-01-18,18.6299991607666,18.8700008392334,18.610000610351562,18.729999542236328,18.039464950561523,1441200
2006-01-19,18.739999771118164,18.899999618530273,18.68000030517578,18.690000534057617,18.000940322875977,1201200
2006-01-20,18.59000015258789,18.760000228881836,18.43000030517578,18.6299991607666,17.94314956665039,1332000
2006-01-23,18.760000228881836,18.979999542236328,18.65999984741211,18.68000030517578,17.99130630493164,1998300
2006-01-24,18.68000030517578,18.799999237060547,18.520000457763672,18.68000030517578,17.99130630493164,1500600
2006-01-25,18.719999313354492,19.40999984741211,18.700000762939453,19.309999465942383,18.598079681396484,1388300
2006-01-26,19.219999313354492,19.290000915527344,18.809999465942383,18.809999465942383,18.11651039123535,1466900
2006-01-27,18.75,18.8799991607666,18.309999465942383,18.5,17.817943572998047,2176800
2006-01-30,18.649999618530273,19.31999969482422,17.850000381469727,19.190000534057617,18.48250389099121,2148400
2006-01-31,19.15999984741211,19.229999542236328,18.670000076293945,18.709999084472656,18.020200729370117,1403000
2006-02-01,18.90999984741211,19.190000534057617,18.780000686645508,19.040000915527344,18.33803367614746,1440700
2006-02-02,19.040000915527344,19.549999237060547,18.459999084472656,18.549999237060547,17.86609649658203,2084000
2006-02-03,18.450000762939453,18.489999771118164,17.610000610351562,18.239999771118164,17.567529678344727,2293900
2006-02-06,17.90999984741211,18.079999923706055,17.690000534057617,17.770000457763672,17.114858627319336,2368400
2006-02-07,17.770000457763672,17.770000457763672,17.299999237060547,17.489999771118164,16.84518051147461,2636900
2006-02-08,17.489999771118164,17.93000030517578,17.350000381469727,17.90999984741211,17.24969482421875,2707800
2006-02-09,17.8799991607666,18.09000015258789,17.729999542236328,17.829999923706055,17.17264175415039,1178000
2006-02-10,17.770000457763672,17.809999465942383,17.3700008392334,17.729999542236328,17.07633399963379,1463000
2006-02-13,17.729999542236328,17.729999542236328,17.299999237060547,17.5,16.854812622070312,1495800
2006-02-14,17.450000762939453,17.6200008392334,17.139999389648438,17.510000228881836,16.86444091796875,1399400
2006-02-15,17.31999969482422,18.469999313354492,17.139999389648438,18.260000228881836,17.586788177490234,1987800
2006-02-16,18.260000228881836,18.43000030517578,18.229999542236328,18.40999984741211,17.731260299682617,603500
2006-02-17,18.5,18.760000228881836,18.420000076293945,18.600000381469727,17.914257049560547,750300
2006-02-21,18.530000686645508,18.540000915527344,18.149999618530273,18.31999969482422,17.644575119018555,834000
2006-02-22,18.280000686645508,18.600000381469727,18.25,18.56999969482422,17.885358810424805,1132100
2006-02-23,18.520000457763672,18.780000686645508,18.3700008392334,18.709999084472656,18.020200729370117,1035900
2006-02-24,18.690000534057617,18.809999465942383,18.479999542236328,18.639999389648438,17.952783584594727,506100
2006-02-27,18.5,18.579999923706055,18.239999771118164,18.260000228881836,17.586788177490234,711700
2006-02-28,18.1299991607666,18.3700008392334,17.989999771118164,18.299999237060547,17.62531280517578,1236700
2006-03-01,18.309999465942383,18.68000030517578,18.299999237060547,18.459999084472656,17.779420852661133,699400
2006-03-02,18.969999313354492,19.299999237060547,18.8700008392334,19.280000686645508,18.56918716430664,1644800
2006-03-03,19.280000686645508,19.489999771118164,19.229999542236328,19.389999389648438,18.675132751464844,1041900
2006-03-06,19.389999389648438,19.420000076293945,19.020000457763672,19.040000915527344,18.33803367614746,1099800
2006-03-07,18.959999084472656,19.040000915527344,18.739999771118164,18.969999313354492,18.270618438720703,812000
2006-03-08,18.899999618530273,18.959999084472656,18.709999084472656,18.75,18.05872917175293,873700
2006-03-09,18.75,19.15999984741211,18.639999389648438,18.75,18.05872917175293,1047700
2006-03-10,18.719999313354492,18.950000762939453,18.6299991607666,18.739999771118164,18.04909324645996,1170800
2006-03-13,18.700000762939453,18.709999084472656,18.440000534057617,18.479999542236328,17.79867935180664,1489700
2006-03-14,18.43000030517578,18.700000762939453,18.270000457763672,18.579999923706055,17.89499282836914,732700
2006-03-15,18.639999389648438,18.989999771118164,18.639999389648438,18.809999465942383,18.11651039123535,714100
2006-03-16,18.829999923706055,19.100000381469727,18.829999923706055,18.959999084472656,18.2609806060791,904400
2006-03-17,19.059999465942383,19.059999465942383,18.850000381469727,18.889999389648438,18.19356346130371,561700
2006-03-20,18.920000076293945,19.110000610351562,18.770000457763672,18.959999084472656,18.2609806060791,560900
2006-03-21,18.950000762939453,19.09000015258789,18.719999313354492,18.8700008392334,18.17430305480957,709700
2006-03-22,18.8799991607666,19.100000381469727,18.729999542236328,19.100000381469727,18.395822525024414,763100
2006-03-23,19.100000381469727,19.229999542236328,19.040000915527344,19.170000076293945,18.463239669799805,563000
2006-03-24,19.059999465942383,19.360000610351562,18.950000762939453,18.950000762939453,18.251358032226562,1118100
2006-03-27,19.0,19.010000228881836,18.65999984741211,18.690000534057617,18.000940322875977,998400
2006-03-28,18.450000762939453,18.559999465942383,17.899999618530273,18.020000457763672,17.35563850402832,2926700
2006-03-29,18.049999237060547,18.09000015258789,17.760000228881836,17.989999771118164,17.326745986938477,1854800
2006-03-30,18.06999969482422,18.200000762939453,17.81999969482422,17.889999389648438,17.230430603027344,1569200
2006-03-31,17.950000762939453,18.049999237060547,17.649999618530273,17.739999771118164,17.085962295532227,1701000
2006-04-03,17.979999542236328,18.170000076293945,17.850000381469727,17.899999618530273,17.240060806274414,1614300
2006-04-04,17.959999084472656,17.959999084472656,17.530000686645508,17.799999237060547,17.14375114440918,2414900
2006-04-05,17.8700008392334,17.8700008392334,17.559999465942383,17.65999984741211,17.008913040161133,1768900
2006-04-06,17.600000381469727,17.649999618530273,17.440000534057617,17.5,16.854812622070312,2091000
2006-04-07,17.5,17.920000076293945,17.5,17.709999084472656,17.057069778442383,1503500
2006-04-10,17.790000915527344,17.899999618530273,17.56999969482422,17.649999618530273,16.99928092956543,2044400
2006-04-11,17.700000762939453,17.84000015258789,17.260000228881836,17.3799991607666,16.739233016967773,1156300
2006-04-12,17.399999618530273,17.5,17.209999084472656,17.219999313354492,16.585134506225586,1341500
2006-04-13,17.219999313354492,17.579999923706055,16.8700008392334,17.469999313354492,16.825918197631836,2472700
2006-04-17,17.440000534057617,17.670000076293945,17.360000610351562,17.399999618530273,16.758502960205078,1741100
2006-04-18,16.90999984741211,17.639999389648438,16.81999969482422,17.06999969482422,16.440664291381836,4765400
2006-04-19,17.0,17.079999923706055,16.299999237060547,16.979999542236328,16.35398292541504,4708600
2006-04-20,16.93000030517578,17.170000076293945,16.40999984741211,16.549999237060547,15.939836502075195,3138300
2006-04-21,16.489999771118164,16.8700008392334,16.469999313354492,16.81999969482422,16.19988250732422,2250300
2006-04-24,16.700000762939453,16.75,16.469999313354492,16.530000686645508,15.920574188232422,1619900
2006-04-25,16.459999084472656,16.530000686645508,16.149999618530273,16.170000076293945,15.573846817016602,2996100
2006-04-26,16.149999618530273,16.190000534057617,15.989999771118164,16.030000686645508,15.439010620117188,3359700
2006-04-27,15.869999885559082,16.25,15.699999809265137,16.1200008392334,15.525691032409668,3074500
2006-04-28,16.0,16.100000381469727,15.829999923706055,16.030000686645508,15.439010620117188,2442100
2006-05-01,16.020000457763672,16.34000015258789,16.020000457763672,16.040000915527344,15.448640823364258,3348800
2006-05-02,16.06999969482422,16.1299991607666,15.989999771118164,16.049999237060547,15.458270072937012,1530500
2006-05-03,15.970000267028809,16.270000457763672,15.970000267028809,16.139999389648438,15.544950485229492,2104200
2006-05-04,16.149999618530273,16.489999771118164,16.149999618530273,16.389999389648438,15.785735130310059,1640300
2006-05-05,16.389999389648438,16.93000030517578,16.389999389648438,16.850000381469727,16.22877311706543,2789800
2006-05-08,16.6299991607666,16.809999465942383,16.559999465942383,16.75,16.132461547851562,1767500
2006-05-09,16.65999984741211,16.8700008392334,16.639999389648438,16.799999237060547,16.18061637878418,1714000
2006-05-10,16.700000762939453,16.850000381469727,16.649999618530273,16.81999969482422,16.19988250732422,1163400
2006-05-11,16.700000762939453,16.760000228881836,16.18000030517578,16.270000457763672,15.670159339904785,2191300
2006-05-12,16.260000228881836,16.350000381469727,15.989999771118164,16.239999771118164,15.641265869140625,1655400
2006-05-15,16.200000762939453,16.309999465942383,16.010000228881836,16.299999237060547,15.699054718017578,2017300
2006-05-16,16.299999237060547,16.329999923706055,16.100000381469727,16.149999618530273,15.554581642150879,1490600
2006-05-17,16.100000381469727,16.1200008392334,15.649999618530273,15.829999923706055,15.246379852294922,2811800
2006-05-18,15.899999618530273,15.970000267028809,15.680000305175781,15.699999809265137,15.121173858642578,1472900
2006-05-19,15.819999694824219,15.859999656677246,15.520000457763672,15.640000343322754,15.063385009765625,2606500
2006-05-22,15.619999885559082,15.670000076293945,15.270000457763672,15.59000015258789,15.015227317810059,2167500
2006-05-23,15.8100004196167,16.110000610351562,15.510000228881836,15.5600004196167,14.986334800720215,2396300
2006-05-24,15.529999732971191,15.699999809265137,15.149999618530273,15.520000457763672,14.947810173034668,1834300
2006-05-25,15.609999656677246,15.899999618530273,15.609999656677246,15.779999732971191,15.198226928710938,1430300
2006-05-26,15.8100004196167,15.890000343322754,15.640000343322754,15.649999618530273,15.073017120361328,1386300
2006-05-30,15.649999618530273,15.729999542236328,15.140000343322754,15.239999771118164,14.678131103515625,1924800
2006-05-31,15.279999732971191,16.15999984741211,15.260000228881836,16.1299991607666,15.535320281982422,2365900
2006-06-01,16.5,16.5,16.25,16.459999084472656,15.85315227508545,2846300
2006-06-02,16.600000381469727,16.65999984741211,16.229999542236328,16.440000534057617,15.833892822265625,1342400
2006-06-05,16.440000534057617,16.479999542236328,16.239999771118164,16.25,15.650896072387695,1663500
2006-06-06,15.920000076293945,16.100000381469727,15.399999618530273,15.609999656677246,15.034490585327148,2910300
2006-06-07,15.619999885559082,15.630000114440918,15.399999618530273,15.5,14.928546905517578,1735500
2006-06-08,15.479999542236328,15.75,15.050000190734863,15.649999618530273,15.073017120361328,2206400
2006-06-09,15.699999809265137,15.9399995803833,15.520000457763672,15.760000228881836,15.178961753845215,1150700
2006-06-12,15.800000190734863,15.800000190734863,15.350000381469727,15.430000305175781,14.861128807067871,1036200
2006-06-13,15.420000076293945,15.550000190734863,15.25,15.430000305175781,14.861128807067871,2385500
2006-06-14,15.380000114440918,15.550000190734863,14.989999771118164,15.25,14.687763214111328,1572600
2006-06-15,15.350000381469727,15.5,15.140000343322754,15.359999656677246,14.793708801269531,1789600
2006-06-16,15.329999923706055,15.399999618530273,15.170000076293945,15.270000457763672,14.707027435302734,1414900
2006-06-19,15.350000381469727,15.5,14.859999656677246,15.029999732971191,14.475874900817871,931600
2006-06-20,15.029999732971191,15.1899995803833,14.720000267028809,14.770000457763672,14.22546100616455,2205500
2006-06-21,14.729999542236328,15.119999885559082,14.729999542236328,14.970000267028809,14.418087005615234,1470500
2006-06-22,15.0,15.149999618530273,14.770000457763672,15.039999961853027,14.485506057739258,1011900
2006-06-23,14.930000305175781,15.319999694824219,14.8100004196167,15.119999885559082,14.562556266784668,683800
2006-06-26,15.119999885559082,15.420000076293945,15.09000015258789,15.34000015258789,14.774445533752441,906900
2006-06-27,15.300000190734863,15.399999618530273,14.920000076293945,15.010000228881836,14.456611633300781,1334100
2006-06-28,15.0,15.210000038146973,14.829999923706055,15.100000381469727,14.543294906616211,1062400
2006-06-29,15.199999809265137,15.619999885559082,15.09000015258789,15.550000190734863,14.976703643798828,996200
2006-06-30,15.649999618530273,15.670000076293945,15.319999694824219,15.569999694824219,14.995966911315918,1348400
2006-07-03,15.5600004196167,15.9399995803833,15.449999809265137,15.90999984741211,15.323431968688965,656500
2006-07-05,15.899999618530273,16.06999969482422,15.649999618530273,16.020000457763672,15.429377555847168,1369300
2006-07-06,16.0,16.100000381469727,15.850000381469727,15.890000343322754,15.304168701171875,781300
2006-07-07,15.890000343322754,15.90999984741211,15.5600004196167,15.5600004196167,14.986334800720215,786100
2006-07-10,15.569999694824219,15.720000267028809,15.539999961853027,15.649999618530273,15.073017120361328,519000
2006-07-11,15.600000381469727,15.619999885559082,15.260000228881836,15.4399995803833,14.870758056640625,750900
2006-07-12,15.390000343322754,15.550000190734863,15.130000114440918,15.15999984741211,14.601082801818848,875800
2006-07-13,15.130000114440918,15.199999809265137,14.829999923706055,14.949999809265137,14.398824691772461,968700
2006-07-14,14.949999809265137,15.029999732971191,14.710000038146973,14.920000076293945,14.369930267333984,844100
2006-07-17,14.960000038146973,15.199999809265137,14.779999732971191,15.149999618530273,14.591451644897461,1163300
2006-07-18,15.899999618530273,16.559999465942383,15.779999732971191,16.479999542236328,15.872419357299805,5401500
2006-07-19,16.639999389648438,16.8799991607666,16.5,16.65999984741211,16.045780181884766,2005000
2006-07-20,16.639999389648438,16.790000915527344,16.239999771118164,16.31999969482422,15.718314170837402,1264700
2006-07-21,16.450000762939453,16.59000015258789,16.25,16.350000381469727,15.747209548950195,1118900
2006-07-24,16.350000381469727,16.489999771118164,16.139999389648438,16.170000076293945,15.573846817016602,1408900
2006-07-25,16.110000610351562,16.459999084472656,16.100000381469727,16.3700008392334,15.766473770141602,1320400
2006-07-26,16.260000228881836,16.549999237060547,16.09000015258789,16.520000457763672,15.910943984985352,743300
2006-07-27,16.600000381469727,16.75,16.3700008392334,16.3799991607666,15.776105880737305,796700
2006-07-28,16.479999542236328,16.729999542236328,16.360000610351562,16.56999969482422,15.959100723266602,787100
2006-07-31,16.729999542236328,16.850000381469727,16.600000381469727,16.65999984741211,16.045780181884766,679300
2006-08-01,16.6200008392334,16.770000457763672,16.350000381469727,16.479999542236328,15.872419357299805,1027500
2006-08-02,16.5,16.84000015258789,16.5,16.68000030517578,16.06504249572754,1101100
2006-08-03,16.600000381469727,17.280000686645508,16.600000381469727,17.260000228881836,16.6236572265625,1673900
2006-08-04,17.3700008392334,17.510000228881836,16.799999237060547,17.010000228881836,16.38288116455078,1051200
2006-08-07,17.0,17.1200008392334,16.790000915527344,16.90999984741211,16.286561965942383,642300
2006-08-08,16.90999984741211,16.93000030517578,16.68000030517578,16.760000228881836,16.14209747314453,794700
2006-08-09,16.780000686645508,16.850000381469727,16.520000457763672,16.610000610351562,15.997623443603516,806800
2006-08-10,16.56999969482422,16.780000686645508,16.450000762939453,16.770000457763672,16.1517276763916,996900
2006-08-11,16.760000228881836,17.200000762939453,16.700000762939453,16.899999618530273,16.276931762695312,1609900
2006-08-14,17.0,17.149999618530273,16.829999923706055,16.90999984741211,16.286561965942383,641800
2006-08-15,17.0,17.540000915527344,16.959999084472656,17.5,16.854812622070312,1979400
2006-08-16,17.5,17.84000015258789,17.450000762939453,17.780000686645508,17.124486923217773,1400900
2006-08-17,17.799999237060547,17.979999542236328,17.75,17.829999923706055,17.17264175415039,1380400
2006-08-18,17.799999237060547,17.979999542236328,17.75,17.860000610351562,17.201539993286133,1348400
2006-08-21,17.850000381469727,18.0,17.790000915527344,17.950000762939453,17.288219451904297,1320000
2006-08-22,17.8799991607666,18.079999923706055,17.8799991607666,18.020000457763672,17.35563850402832,834200
2006-08-23,18.0,18.1299991607666,17.899999618530273,18.079999923706055,17.41342544555664,895700
2006-08-24,18.079999923706055,18.190000534057617,17.860000610351562,18.049999237060547,17.384531021118164,1096000
2006-08-25,17.989999771118164,18.200000762939453,17.959999084472656,18.190000534057617,17.519371032714844,548800
2006-08-28,18.190000534057617,18.239999771118164,18.059999465942383,18.200000762939453,17.529006958007812,635700
2006-08-29,18.190000534057617,18.389999389648438,18.030000686645508,18.309999465942383,17.634950637817383,1002800
2006-08-30,18.25,18.40999984741211,18.1299991607666,18.329999923706055,17.65421485900879,738200
2006-08-31,18.290000915527344,18.450000762939453,18.280000686645508,18.389999389648438,17.71199607849121,857000
2006-09-01,18.40999984741211,18.709999084472656,18.360000610351562,18.670000076293945,17.981672286987305,1322300
2006-09-05,18.719999313354492,18.8799991607666,18.649999618530273,18.729999542236328,18.039464950561523,1034700
2006-09-06,18.649999618530273,18.670000076293945,18.399999618530273,18.510000228881836,17.827573776245117,1612200
2006-09-07,18.399999618530273,18.5,18.209999084472656,18.350000381469727,17.673479080200195,926100
2006-09-08,18.34000015258789,18.5,18.200000762939453,18.219999313354492,17.54826545715332,1055700
2006-09-11,18.100000381469727,18.350000381469727,17.920000076293945,18.149999618530273,17.480846405029297,1038600
2006-09-12,18.100000381469727,18.510000228881836,18.100000381469727,18.43000030517578,17.75052261352539,872100
2006-09-13,18.389999389648438,18.549999237060547,18.3799991607666,18.5,17.817943572998047,548300
2006-09-14,18.510000228881836,18.549999237060547,18.459999084472656,18.510000228881836,17.827573776245117,584600
2006-09-15,18.520000457763672,18.760000228881836,18.469999313354492,18.469999313354492,17.78904914855957,1037600
2006-09-18,18.530000686645508,18.6200008392334,18.15999984741211,18.239999771118164,17.567529678344727,646200
2006-09-19,18.280000686645508,18.450000762939453,18.06999969482422,18.440000534057617,17.760154724121094,743800
2006-09-20,18.469999313354492,18.75,18.469999313354492,18.670000076293945,17.981672286987305,890800
2006-09-21,18.649999618530273,18.889999389648438,18.420000076293945,18.670000076293945,17.981672286987305,926700
2006-09-22,18.670000076293945,18.75,18.440000534057617,18.59000015258789,17.904624938964844,936300
2006-09-25,18.600000381469727,18.610000610351562,18.25,18.399999618530273,17.721630096435547,1077000
2006-09-26,18.31999969482422,18.610000610351562,18.280000686645508,18.600000381469727,17.914257049560547,1033200
2006-09-27,18.549999237060547,18.790000915527344,18.540000915527344,18.719999313354492,18.02983283996582,951700
2006-09-28,18.690000534057617,18.799999237060547,18.549999237060547,18.649999618530273,17.96240997314453,682700
2006-09-29,18.780000686645508,18.780000686645508,18.549999237060547,18.600000381469727,17.914257049560547,999900
2006-10-02,18.459999084472656,18.6200008392334,18.229999542236328,18.309999465942383,17.634950637817383,1154300
2006-10-03,18.299999237060547,18.520000457763672,18.239999771118164,18.450000762939453,17.769786834716797,1549900
2006-10-04,18.450000762939453,18.780000686645508,18.3799991607666,18.739999771118164,18.04909324645996,917300
2006-10-05,18.719999313354492,19.209999084472656,18.700000762939453,19.190000534057617,18.48250389099121,1537500
2006-10-06,19.100000381469727,19.270000457763672,18.950000762939453,19.25,18.540292739868164,1220200
2006-10-09,19.25,19.299999237060547,19.1200008392334,19.219999313354492,18.511394500732422,956400
2006-10-10,19.280000686645508,19.450000762939453,19.149999618530273,19.360000610351562,18.646238327026367,1276300
2006-10-11,19.389999389648438,19.600000381469727,19.34000015258789,19.59000015258789,18.86775779724121,1449800
2006-10-12,19.600000381469727,19.81999969482422,19.489999771118164,19.700000762939453,18.97370147705078,1826700
2006-10-13,19.709999084472656,20.149999618530273,19.709999084472656,20.100000381469727,19.35895347595215,2952800
2006-10-16,20.239999771118164,20.239999771118164,19.579999923706055,19.670000076293945,18.944808959960938,2177100
2006-10-17,18.5,18.959999084472656,18.350000381469727,18.90999984741211,18.21282958984375,5640100
2006-10-18,19.0,19.299999237060547,18.8799991607666,18.979999542236328,18.28024673461914,2225200
2006-10-19,19.0,19.18000030517578,18.920000076293945,19.0,18.29950523376465,1141800
2006-10-20,19.100000381469727,19.139999389648438,18.8799991607666,19.049999237060547,18.347665786743164,1681500
2006-10-23,19.049999237060547,19.239999771118164,19.0,19.18000030517578,18.47287368774414,978600
2006-10-24,19.229999542236328,19.3799991607666,19.139999389648438,19.270000457763672,18.559558868408203,843200
2006-10-25,19.299999237060547,19.43000030517578,19.149999618530273,19.15999984741211,18.45361328125,1252200
2006-10-26,19.200000762939453,19.5,19.200000762939453,19.479999542236328,18.76181411743164,1200100
2006-10-27,19.40999984741211,19.510000228881836,19.219999313354492,19.34000015258789,18.626977920532227,833600
2006-10-30,19.34000015258789,19.459999084472656,19.190000534057617,19.34000015258789,18.626977920532227,633200
2006-10-31,19.299999237060547,19.450000762939453,19.200000762939453,19.440000534057617,18.723285675048828,693400
2006-11-01,19.5,19.780000686645508,19.3799991607666,19.43000030517578,18.713655471801758,1188700
2006-11-02,19.399999618530273,19.43000030517578,19.200000762939453,19.299999237060547,18.588449478149414,655200
2006-11-03,19.309999465942383,19.6200008392334,19.309999465942383,19.389999389648438,18.675132751464844,933100
2006-11-06,19.399999618530273,19.600000381469727,19.3700008392334,19.459999084472656,18.74254608154297,538300
2006-11-07,19.459999084472656,19.540000915527344,19.31999969482422,19.420000076293945,18.704025268554688,858800
2006-11-08,19.280000686645508,19.899999618530273,19.270000457763672,19.790000915527344,19.060382843017578,1268200
2006-11-09,19.770000457763672,20.0,19.770000457763672,19.950000762939453,19.21448516845703,826000
2006-11-10,19.889999389648438,20.0,19.829999923706055,19.920000076293945,19.185590744018555,598000
2006-11-13,20.0,20.469999313354492,19.969999313354492,20.200000762939453,19.45526885986328,1581900
2006-11-14,20.200000762939453,20.68000030517578,20.0,20.670000076293945,19.907936096191406,1951200
2006-11-15,20.75,20.90999984741211,20.350000381469727,20.459999084472656,19.705684661865234,1842200
2006-11-16,20.479999542236328,20.690000534057617,20.399999618530273,20.510000228881836,19.753841400146484,958300
2006-11-17,20.549999237060547,20.639999389648438,20.469999313354492,20.549999237060547,19.792362213134766,830300
2006-11-20,20.549999237060547,20.639999389648438,20.040000915527344,20.1200008392334,19.378219604492188,1197400
2006-11-21,20.100000381469727,20.270000457763672,19.959999084472656,20.1200008392334,19.378219604492188,1459400
2006-11-22,20.200000762939453,20.469999313354492,20.1200008392334,20.329999923706055,19.58047866821289,1372000
2006-11-24,20.299999237060547,20.489999771118164,20.299999237060547,20.389999389648438,19.638259887695312,487300
2006-11-27,20.399999618530273,20.399999618530273,19.90999984741211,19.950000762939453,19.21448516845703,1291300
2006-11-28,19.950000762939453,20.1299991607666,19.799999237060547,20.059999465942383,19.32042694091797,1079800
2006-11-29,20.100000381469727,20.549999237060547,20.049999237060547,20.40999984741211,19.65752410888672,685700
2006-11-30,20.3700008392334,20.649999618530273,20.270000457763672,20.600000381469727,19.840518951416016,767300
2006-12-01,20.739999771118164,20.920000076293945,20.639999389648438,20.860000610351562,20.09093475341797,926100
2006-12-04,20.860000610351562,21.100000381469727,20.850000381469727,20.969999313354492,20.19687843322754,886100
2006-12-05,20.90999984741211,21.100000381469727,20.760000228881836,20.8799991607666,20.110197067260742,775400
2006-12-06,20.899999618530273,21.100000381469727,20.829999923706055,20.969999313354492,20.19687843322754,527400
2006-12-07,21.010000228881836,21.190000534057617,20.8799991607666,20.969999313354492,20.19687843322754,430500
2006-12-08,20.969999313354492,20.969999313354492,20.760000228881836,20.860000610351562,20.09093475341797,354400
2006-12-11,20.899999618530273,20.950000762939453,20.729999542236328,20.739999771118164,19.975358963012695,376800
2006-12-12,20.729999542236328,21.09000015258789,20.649999618530273,21.0,20.22577476501465,840100
2006-12-13,21.059999465942383,21.479999542236328,21.059999465942383,21.399999618530273,20.61102294921875,831100
2006-12-14,21.299999237060547,21.68000030517578,21.299999237060547,21.299999237060547,20.51470947265625,1119100
2006-12-15,21.5,21.780000686645508,21.420000076293945,21.510000228881836,20.716968536376953,1165800
2006-12-18,21.520000457763672,21.540000915527344,20.889999389648438,21.040000915527344,20.264297485351562,815700
2006-12-19,20.8799991607666,20.989999771118164,20.739999771118164,20.799999237060547,20.033140182495117,571000
2006-12-20,20.719999313354492,21.100000381469727,20.700000762939453,20.780000686645508,20.013883590698242,587400
2006-12-21,20.700000762939453,20.93000030517578,20.3799991607666,20.450000762939453,19.69605255126953,773700
2006-12-22,20.549999237060547,21.0,20.43000030517578,20.56999969482422,19.811626434326172,417400
2006-12-26,20.510000228881836,20.790000915527344,20.510000228881836,20.790000915527344,20.023515701293945,352400
2006-12-27,20.780000686645508,21.149999618530273,20.700000762939453,21.1299991607666,20.35097885131836,698400
2006-12-28,21.350000381469727,21.350000381469727,20.979999542236328,20.989999771118164,20.216144561767578,670400
2006-12-29,20.989999771118164,21.1200008392334,20.8700008392334,20.920000076293945,20.148723602294922,431900
2007-01-03,20.920000076293945,21.469999313354492,20.920000076293945,21.100000381469727,20.32208824157715,836200
2007-01-04,21.040000915527344,21.31999969482422,20.829999923706055,21.18000030517578,20.399139404296875,613200
2007-01-05,21.139999389648438,21.209999084472656,21.0,21.139999389648438,20.360614776611328,426300
2007-01-08,21.079999923706055,21.18000030517578,20.950000762939453,21.15999984741211,20.3798770904541,435800
2007-01-09,21.110000610351562,21.489999771118164,21.049999237060547,21.469999313354492,20.678447723388672,534000
2007-01-10,21.399999618530273,21.399999618530273,21.239999771118164,21.3799991607666,20.591760635375977,292200
2007-01-11,21.350000381469727,21.84000015258789,21.350000381469727,21.5,20.707338333129883,635400
2007-01-12,21.5,21.790000915527344,21.5,21.6200008392334,20.82291603088379,447900
2007-01-16,21.6299991607666,21.799999237060547,21.6200008392334,21.639999389648438,20.842178344726562,360900
2007-01-17,21.639999389648438,21.75,21.5,21.549999237060547,20.755495071411133,1140900
2007-01-18,21.649999618530273,22.110000610351562,21.540000915527344,21.940000534057617,21.13111686706543,1260200
2007-01-19,21.8700008392334,22.200000762939453,21.780000686645508,21.989999771118164,21.179275512695312,1064900
2007-01-22,22.09000015258789,22.100000381469727,21.760000228881836,21.780000686645508,20.977020263671875,812400
2007-01-23,21.760000228881836,22.25,21.760000228881836,22.200000762939453,21.38153648376465,815700
2007-01-24,22.200000762939453,22.25,22.030000686645508,22.110000610351562,21.294851303100586,477300
2007-01-25,22.200000762939453,22.40999984741211,21.799999237060547,21.979999542236328,21.16964340209961,879400
2007-01-26,21.979999542236328,21.979999542236328,21.510000228881836,21.729999542236328,20.928861618041992,912400
2007-01-29,21.719999313354492,22.520000457763672,21.639999389648438,22.440000534057617,21.612686157226562,1502600
2007-01-30,22.440000534057617,22.729999542236328,22.3799991607666,22.440000534057617,21.612686157226562,576800
2007-01-31,22.459999084472656,22.56999969482422,21.899999618530273,22.06999969482422,21.256322860717773,1377500
2007-02-01,21.950000762939453,22.520000457763672,21.639999389648438,21.920000076293945,21.11185646057129,3122900
2007-02-02,21.899999618530273,22.5,21.770000457763672,22.34000015258789,21.516372680664062,1538600
2007-02-05,22.43000030517578,22.530000686645508,22.299999237060547,22.43000030517578,21.603052139282227,887300
2007-02-06,22.3799991607666,22.809999465942383,22.31999969482422,22.719999313354492,21.882362365722656,918200
2007-02-07,22.719999313354492,22.780000686645508,22.5,22.540000915527344,21.708995819091797,1196800
2007-02-08,22.5,22.75,22.139999389648438,22.6299991607666,21.795677185058594,1169900
2007-02-09,22.6200008392334,22.770000457763672,22.549999237060547,22.6299991607666,21.795677185058594,665400
2007-02-12,22.56999969482422,22.739999771118164,22.479999542236328,22.65999984741211,21.82457160949707,867600
2007-02-13,22.65999984741211,23.270000457763672,22.649999618530273,23.139999389648438,22.286876678466797,939400
2007-02-14,23.219999313354492,23.6200008392334,23.219999313354492,23.389999389648438,22.52765655517578,907900
2007-02-15,23.489999771118164,23.809999465942383,23.450000762939453,23.6200008392334,22.749183654785156,799600
2007-02-16,23.6299991607666,23.729999542236328,23.389999389648438,23.520000457763672,22.65286636352539,880700
2007-02-20,23.469999313354492,23.520000457763672,23.25,23.450000762939453,22.585447311401367,1165800
2007-02-21,23.25,23.459999084472656,23.190000534057617,23.399999618530273,22.53729248046875,1210300
2007-02-22,23.399999618530273,23.68000030517578,22.940000534057617,23.170000076293945,22.315767288208008,1401900
2007-02-23,23.149999618530273,23.489999771118164,22.940000534057617,23.309999465942383,22.450611114501953,1694700
2007-02-26,23.3700008392334,23.5,22.579999923706055,23.25,22.392822265625,1055600
2007-02-27,23.139999389648438,23.139999389648438,22.200000762939453,22.459999084472656,21.631946563720703,1167300
2007-02-28,22.530000686645508,23.040000915527344,22.389999389648438,22.790000915527344,21.949783325195312,1820500
2007-03-01,22.84000015258789,22.969999313354492,22.540000915527344,22.799999237060547,21.95941162109375,1506000
2007-03-02,22.790000915527344,23.0,22.670000076293945,22.780000686645508,21.940147399902344,1174400
2007-03-05,22.399999618530273,22.950000762939453,22.399999618530273,22.700000762939453,21.86310386657715,1080900
2007-03-06,22.850000381469727,23.329999923706055,22.829999923706055,23.100000381469727,22.248350143432617,1296200
2007-03-07,23.1299991607666,23.43000030517578,22.950000762939453,23.31999969482422,22.46023941040039,761800
2007-03-08,23.469999313354492,23.690000534057617,23.329999923706055,23.40999984741211,22.54692268371582,781800
2007-03-09,23.65999984741211,23.68000030517578,23.290000915527344,23.56999969482422,22.701021194458008,967600
2007-03-12,23.56999969482422,23.8799991607666,23.510000228881836,23.770000457763672,22.89365005493164,795400
2007-03-13,23.770000457763672,23.979999542236328,23.25,23.309999465942383,22.450611114501953,1168100
2007-03-14,23.3799991607666,23.649999618530273,23.149999618530273,23.600000381469727,22.729921340942383,954200
2007-03-15,23.549999237060547,23.959999084472656,23.549999237060547,23.84000015258789,22.961069107055664,970000
2007-03-16,23.8799991607666,24.059999465942383,23.729999542236328,23.860000610351562,22.980335235595703,836000
2007-03-19,23.899999618530273,24.010000228881836,23.799999237060547,23.8799991607666,22.99959373474121,657100
2007-03-20,23.8799991607666,24.290000915527344,23.84000015258789,24.280000686645508,23.384849548339844,1314000
2007-03-21,24.3700008392334,24.68000030517578,24.170000076293945,24.639999389648438,23.73157501220703,1004000
2007-03-22,25.350000381469727,25.350000381469727,24.56999969482422,24.75,23.83751678466797,1049300
2007-03-23,24.790000915527344,24.8799991607666,24.459999084472656,24.540000915527344,23.6352596282959,969600
2007-03-26,24.6200008392334,24.770000457763672,24.139999389648438,24.700000762939453,23.789365768432617,1224600
2007-03-27,24.59000015258789,24.899999618530273,24.479999542236328,24.760000228881836,23.847150802612305,914700
2007-03-28,25.389999389648438,25.420000076293945,24.40999984741211,24.469999313354492,23.567846298217773,867400
2007-03-29,24.610000610351562,24.739999771118164,24.18000030517578,24.290000915527344,23.394479751586914,1170500
2007-03-30,24.329999923706055,24.579999923706055,24.209999084472656,24.459999084472656,23.558208465576172,930700
2007-04-02,24.649999618530273,25.0,24.010000228881836,24.920000076293945,24.001249313354492,1336600
2007-04-03,25.0,25.040000915527344,24.729999542236328,24.950000762939453,24.030147552490234,1167800
2007-04-04,23.760000228881836,25.670000076293945,23.760000228881836,25.459999084472656,24.52134132385254,1485600
2007-04-05,25.579999923706055,25.600000381469727,24.979999542236328,24.989999771118164,24.06867218017578,1278300
2007-04-09,25.0,25.389999389648438,25.0,25.239999771118164,24.30945587158203,1338500
2007-04-10,25.31999969482422,25.979999542236328,25.31999969482422,25.8799991607666,24.925857543945312,1995000
2007-04-11,25.8799991607666,25.90999984741211,25.3799991607666,25.459999084472656,24.52134132385254,1343300
2007-04-12,25.489999771118164,25.760000228881836,25.399999618530273,25.479999542236328,24.540607452392578,880700
2007-04-13,25.510000228881836,25.790000915527344,25.479999542236328,25.68000030517578,24.733234405517578,1017800
2007-04-16,25.690000534057617,25.920000076293945,25.40999984741211,25.440000534057617,24.502077102661133,1461500
2007-04-17,25.5,25.649999618530273,25.200000762939453,25.5,24.559865951538086,2104100
2007-04-18,24.5,24.600000381469727,24.100000381469727,24.219999313354492,23.327056884765625,5458700
2007-04-19,24.219999313354492,24.3799991607666,24.100000381469727,24.200000762939453,23.307796478271484,2407700
2007-04-20,24.299999237060547,24.56999969482422,24.299999237060547,24.389999389648438,23.49078941345215,1607500
2007-04-23,24.219999313354492,24.399999618530273,24.040000915527344,24.040000915527344,23.153696060180664,1502000
2007-04-24,24.049999237060547,24.389999389648438,23.850000381469727,24.260000228881836,23.36558723449707,1583200
2007-04-25,24.260000228881836,24.40999984741211,24.049999237060547,24.229999542236328,23.336688995361328,865700
2007-04-26,24.399999618530273,24.899999618530273,24.399999618530273,24.639999389648438,23.73157501220703,1289700
2007-04-27,24.530000686645508,24.780000686645508,24.43000030517578,24.540000915527344,23.6352596282959,762000
2007-04-30,24.5,24.520000457763672,24.1200008392334,24.170000076293945,23.278900146484375,819400
2007-05-01,24.06999969482422,24.479999542236328,23.8799991607666,24.3700008392334,23.471532821655273,1095100
2007-05-02,24.3700008392334,24.700000762939453,24.329999923706055,24.6200008392334,23.712312698364258,698600
2007-05-03,24.6200008392334,24.950000762939453,24.530000686645508,24.860000610351562,23.943466186523438,1441900
2007-05-04,24.969999313354492,25.18000030517578,24.610000610351562,24.670000076293945,23.760465621948242,804100
2007-05-07,24.559999465942383,25.079999923706055,24.559999465942383,24.920000076293945,24.001249313354492,641400
2007-05-08,24.739999771118164,24.760000228881836,24.520000457763672,24.670000076293945,23.760465621948242,718200
2007-05-09,24.459999084472656,24.770000457763672,24.389999389648438,24.739999771118164,23.8278865814209,636200
2007-05-10,24.739999771118164,24.739999771118164,24.3700008392334,24.450000762939453,23.548585891723633,530300
2007-05-11,24.459999084472656,24.809999465942383,24.3700008392334,24.75,23.83751678466797,414500
2007-05-14,24.760000228881836,24.84000015258789,24.43000030517578,24.43000030517578,23.529319763183594,772800
2007-05-15,24.469999313354492,24.520000457763672,24.079999923706055,24.079999923706055,23.19222068786621,847200
2007-05-16,24.1200008392334,24.299999237060547,23.899999618530273,24.18000030517578,23.288536071777344,830700
2007-05-17,24.18000030517578,24.520000457763672,23.989999771118164,24.43000030517578,23.529319763183594,794900
2007-05-18,24.459999084472656,24.84000015258789,24.440000534057617,24.670000076293945,23.760465621948242,561000
2007-05-21,23.989999771118164,24.829999923706055,23.889999389648438,24.809999465942383,23.895305633544922,515600
2007-05-22,24.75,24.84000015258789,24.459999084472656,24.739999771118164,23.8278865814209,611600
2007-05-23,24.739999771118164,25.0,24.459999084472656,24.469999313354492,23.567846298217773,494900
2007-05-24,24.549999237060547,24.979999542236328,24.09000015258789,24.260000228881836,23.36558723449707,854700
2007-05-25,24.200000762939453,24.739999771118164,24.079999923706055,24.610000610351562,23.702678680419922,596000
2007-05-29,24.729999542236328,25.100000381469727,24.719999313354492,24.979999542236328,24.059040069580078,577700
2007-05-30,24.8799991607666,25.239999771118164,24.780000686645508,25.200000762939453,24.27092933654785,765000
2007-05-31,25.18000030517578,25.350000381469727,24.90999984741211,24.93000030517578,24.010881423950195,2864400
2007-06-01,24.950000762939453,25.270000457763672,24.889999389648438,25.25,24.319082260131836,1637700
2007-06-04,25.260000228881836,25.3700008392334,24.979999542236328,25.139999389648438,24.213138580322266,1450900
2007-06-05,25.200000762939453,25.3700008392334,24.93000030517578,25.350000381469727,24.4153995513916,1032700
2007-06-06,25.34000015258789,25.350000381469727,24.84000015258789,24.989999771118164,24.06867218017578,940900
2007-06-07,24.790000915527344,24.889999389648438,24.25,24.459999084472656,23.558208465576172,1247400
2007-06-08,24.350000381469727,24.809999465942383,24.260000228881836,24.709999084472656,23.798994064331055,826900
2007-06-11,24.729999542236328,24.889999389648438,24.489999771118164,24.520000457763672,23.615999221801758,856800
2007-06-12,24.520000457763672,24.6200008392334,24.0,24.479999542236328,23.577470779418945,930200
2007-06-13,24.5,24.5,24.170000076293945,24.360000610351562,23.461896896362305,957600
2007-06-14,24.299999237060547,25.450000762939453,24.190000534057617,25.399999618530273,24.46355628967285,2050500
2007-06-15,25.489999771118164,25.670000076293945,25.350000381469727,25.440000534057617,24.502077102661133,956800
2007-06-18,25.420000076293945,25.469999313354492,25.280000686645508,25.309999465942383,24.37687110900879,474400
2007-06-19,25.200000762939453,25.280000686645508,25.020000457763672,25.200000762939453,24.27092933654785,611300
2007-06-20,25.270000457763672,25.34000015258789,24.809999465942383,24.809999465942383,23.895305633544922,703900
2007-06-21,24.889999389648438,25.1200008392334,24.75,25.049999237060547,24.1264591217041,491300
2007-06-22,24.950000762939453,25.049999237060547,24.719999313354492,24.8799991607666,23.962726593017578,914200
2007-06-25,24.93000030517578,25.139999389648438,24.549999237060547,24.729999542236328,23.818256378173828,989700
2007-06-26,24.8799991607666,25.149999618530273,24.670000076293945,24.719999313354492,23.808624267578125,1065000
2007-06-27,24.6299991607666,24.850000381469727,24.399999618530273,24.770000457763672,23.856782913208008,734500
2007-06-28,24.799999237060547,25.06999969482422,24.770000457763672,24.770000457763672,23.856782913208008,402900
2007-06-29,24.899999618530273,25.079999923706055,24.75,24.969999313354492,24.049406051635742,581600
2007-07-02,25.100000381469727,25.670000076293945,25.100000381469727,25.559999465942383,24.61765480041504,975000
2007-07-03,25.700000762939453,25.799999237060547,25.43000030517578,25.6200008392334,24.675447463989258,321600
2007-07-05,25.6299991607666,25.799999237060547,25.3799991607666,25.520000457763672,24.579130172729492,591900
2007-07-06,25.520000457763672,26.06999969482422,25.520000457763672,25.8799991607666,24.925857543945312,975500
2007-07-09,26.0,26.059999465942383,25.600000381469727,25.790000915527344,24.83917999267578,765200
2007-07-10,25.56999969482422,25.829999923706055,25.40999984741211,25.450000762939453,24.51171112060547,810700
2007-07-11,25.5,25.829999923706055,25.40999984741211,25.770000457763672,24.81991958618164,636600
2007-07-12,25.850000381469727,26.25,25.780000686645508,26.139999389648438,25.17626953125,819400
2007-07-13,26.260000228881836,26.489999771118164,26.06999969482422,26.329999923706055,25.359268188476562,621200
2007-07-16,26.15999984741211,26.290000915527344,25.31999969482422,25.510000228881836,24.569501876831055,1215500
2007-07-17,25.6200008392334,26.079999923706055,25.190000534057617,25.809999465942383,24.858436584472656,1986600
2007-07-18,26.209999084472656,26.940000534057617,25.93000030517578,26.34000015258789,25.3689022064209,3775600
2007-07-19,26.790000915527344,27.43000030517578,26.709999084472656,27.18000030517578,26.177928924560547,2532700
2007-07-20,27.049999237060547,27.139999389648438,26.6299991607666,26.920000076293945,25.927513122558594,1289100
2007-07-23,27.149999618530273,27.25,26.450000762939453,26.790000915527344,25.802309036254883,1113400
2007-07-24,26.790000915527344,26.8700008392334,26.100000381469727,26.34000015258789,25.3689022064209,930900
2007-07-25,26.5,26.700000762939453,25.75,25.989999771118164,25.031801223754883,1485800
2007-07-26,25.469999313354492,25.8700008392334,25.030000686645508,25.3700008392334,24.434659957885742,2209900
2007-07-27,25.239999771118164,25.3799991607666,24.610000610351562,24.739999771118164,23.8278865814209,2000500
2007-07-30,24.600000381469727,24.799999237060547,24.049999237060547,24.420000076293945,23.519685745239258,3531000
2007-07-31,24.700000762939453,25.100000381469727,24.469999313354492,24.559999465942383,23.654525756835938,1434900
2007-08-01,24.350000381469727,24.780000686645508,24.239999771118164,24.489999771118164,23.587108612060547,1486400
2007-08-02,24.43000030517578,24.8700008392334,24.360000610351562,24.600000381469727,23.693050384521484,1550200
2007-08-03,24.450000762939453,24.829999923706055,23.389999389648438,23.709999084472656,22.83586311340332,2136000
2007-08-06,23.8799991607666,24.049999237060547,22.950000762939453,23.610000610351562,22.739547729492188,1839600
2007-08-07,23.459999084472656,23.65999984741211,22.809999465942383,22.8700008392334,22.026832580566406,2567000
2007-08-08,22.899999618530273,23.399999618530273,22.649999618530273,22.899999618530273,22.055728912353516,3328000
2007-08-09,22.200000762939453,22.649999618530273,21.600000381469727,21.739999771118164,20.93848991394043,4679200
2007-08-10,21.5,24.040000915527344,21.309999465942383,23.389999389648438,22.52765655517578,3542400
2007-08-13,23.389999389648438,24.43000030517578,23.239999771118164,23.309999465942383,22.450611114501953,2014100
2007-08-14,23.8799991607666,24.280000686645508,23.030000686645508,23.200000762939453,22.344661712646484,1818900
2007-08-15,23.479999542236328,23.700000762939453,22.31999969482422,22.420000076293945,21.593420028686523,1480800
2007-08-16,22.170000076293945,22.760000228881836,21.670000076293945,22.600000381469727,21.766786575317383,2476700
2007-08-17,23.299999237060547,23.670000076293945,22.649999618530273,23.290000915527344,22.43134880065918,1704800
2007-08-20,23.3700008392334,23.68000030517578,23.0,23.360000610351562,22.498767852783203,1044300
2007-08-21,23.290000915527344,23.700000762939453,23.290000915527344,23.5,22.633604049682617,1060000
2007-08-22,23.540000915527344,24.309999465942383,23.540000915527344,24.200000762939453,23.307796478271484,904300
2007-08-23,24.40999984741211,24.739999771118164,24.25,24.450000762939453,23.548585891723633,1778700
2007-08-24,24.40999984741211,24.59000015258789,24.280000686645508,24.420000076293945,23.519685745239258,487500
2007-08-27,24.5,24.770000457763672,24.020000457763672,24.25,23.355955123901367,775900
2007-08-28,24.229999542236328,24.31999969482422,23.670000076293945,23.670000076293945,22.79733657836914,1030900
2007-08-29,23.790000915527344,23.899999618530273,23.420000076293945,23.770000457763672,22.89365005493164,998900
2007-08-30,23.59000015258789,24.0,23.399999618530273,23.600000381469727,22.729921340942383,562400
2007-08-31,23.969999313354492,24.18000030517578,23.700000762939453,24.020000457763672,23.134431838989258,529500
2007-09-04,23.90999984741211,24.389999389648438,23.799999237060547,24.239999771118164,23.34632110595703,807700
2007-09-05,24.09000015258789,24.25,23.579999923706055,23.790000915527344,22.91291618347168,835500
2007-09-06,23.780000686645508,24.100000381469727,23.479999542236328,23.729999542236328,22.85512351989746,590700
2007-09-07,23.510000228881836,23.8700008392334,23.31999969482422,23.6299991607666,22.75881004333496,875500
2007-09-10,23.719999313354492,23.739999771118164,22.68000030517578,23.0,22.15203857421875,1388300
2007-09-11,23.100000381469727,23.610000610351562,22.84000015258789,22.93000030517578,22.084619522094727,1004100
2007-09-12,22.899999618530273,23.200000762939453,22.68000030517578,22.770000457763672,21.930519104003906,1213000
2007-09-13,22.690000534057617,22.969999313354492,22.65999984741211,22.8799991607666,22.036460876464844,833400
2007-09-14,22.68000030517578,23.309999465942383,22.600000381469727,23.270000457763672,22.41208267211914,654800
2007-09-17,23.290000915527344,23.43000030517578,23.0,23.049999237060547,22.200197219848633,649900
2007-09-18,23.139999389648438,23.280000686645508,22.600000381469727,23.079999923706055,22.229087829589844,2190500
2007-09-19,23.3799991607666,24.059999465942383,23.3700008392334,23.780000686645508,22.903278350830078,1807700
2007-09-20,23.780000686645508,23.799999237060547,23.5,23.719999313354492,22.845491409301758,1244200
2007-09-21,23.700000762939453,24.049999237060547,23.670000076293945,23.829999923706055,22.951435089111328,887100
2007-09-24,23.760000228881836,23.90999984741211,22.829999923706055,23.010000228881836,22.161670684814453,1060200
2007-09-25,23.0,23.09000015258789,22.739999771118164,22.889999389648438,22.046092987060547,1066700
2007-09-26,22.940000534057617,23.18000030517578,22.56999969482422,22.6299991607666,21.795677185058594,1122000
2007-09-27,22.690000534057617,22.860000610351562,22.399999618530273,22.790000915527344,21.949783325195312,1262400
2007-09-28,22.530000686645508,22.809999465942383,22.100000381469727,22.760000228881836,21.920888900756836,1712200
2007-10-01,22.75,23.219999313354492,22.610000610351562,23.18000030517578,22.325403213500977,830200
2007-10-02,23.229999542236328,23.270000457763672,22.75,22.959999084472656,22.113513946533203,740900
2007-10-03,22.809999465942383,23.040000915527344,22.399999618530273,23.0,22.15203857421875,1270100
2007-10-04,23.0,23.170000076293945,22.799999237060547,23.079999923706055,22.229087829589844,574900
2007-10-05,23.219999313354492,23.3700008392334,23.020000457763672,23.280000686645508,22.421716690063477,833600
2007-10-08,23.309999465942383,23.65999984741211,23.290000915527344,23.610000610351562,22.739547729492188,779600
2007-10-09,23.610000610351562,23.610000610351562,23.149999618530273,23.450000762939453,22.585447311401367,1146300
2007-10-10,23.389999389648438,23.43000030517578,22.709999084472656,23.31999969482422,22.46023941040039,1927400
2007-10-11,23.209999084472656,23.389999389648438,22.739999771118164,22.899999618530273,22.055728912353516,1352000
2007-10-12,23.030000686645508,23.059999465942383,22.639999389648438,23.040000915527344,22.190563201904297,1647700
2007-10-15,22.940000534057617,23.100000381469727,22.530000686645508,22.850000381469727,22.007564544677734,2003500
2007-10-16,22.799999237060547,22.799999237060547,22.059999465942383,22.65999984741211,21.82457160949707,2902400
2007-10-17,23.579999923706055,24.780000686645508,23.579999923706055,24.239999771118164,23.34632110595703,3451700
2007-10-18,23.959999084472656,24.809999465942383,23.899999618530273,24.739999771118164,23.8278865814209,2398100
2007-10-19,24.600000381469727,25.0,24.31999969482422,24.5,23.596738815307617,2046400
2007-10-22,24.059999465942383,24.440000534057617,23.649999618530273,24.440000534057617,23.538951873779297,1273300
2007-10-23,24.459999084472656,24.459999084472656,23.799999237060547,24.350000381469727,23.4522647857666,1260500
2007-10-24,24.360000610351562,24.40999984741211,23.65999984741211,24.3799991607666,23.481159210205078,1509300
2007-10-25,24.40999984741211,24.450000762939453,23.81999969482422,24.0,23.115169525146484,1213700
2007-10-26,24.0,24.0,23.729999542236328,23.81999969482422,22.94180679321289,1339700
2007-10-29,23.899999618530273,24.190000534057617,23.719999313354492,24.030000686645508,23.144067764282227,1001700
2007-10-30,24.06999969482422,24.5,23.920000076293945,24.34000015258789,23.4426326751709,825000
2007-10-31,24.510000228881836,24.860000610351562,24.079999923706055,24.799999237060547,23.88567543029785,1236100
2007-11-01,24.579999923706055,24.709999084472656,24.149999618530273,24.299999237060547,23.40410614013672,1057100
2007-11-02,24.459999084472656,24.5,23.860000610351562,24.190000534057617,23.298168182373047,1534000
2007-11-05,24.110000610351562,24.260000228881836,23.700000762939453,24.06999969482422,23.182592391967773,1201700
2007-11-06,23.989999771118164,24.25,23.68000030517578,24.229999542236328,23.336688995361328,1126000
2007-11-07,24.1299991607666,24.1299991607666,23.549999237060547,23.690000534057617,22.816598892211914,1505800
2007-11-08,23.489999771118164,24.3700008392334,23.280000686645508,24.280000686645508,23.384849548339844,1895800
2007-11-09,24.040000915527344,24.25,23.559999465942383,23.8700008392334,22.989961624145508,1125600
2007-11-12,23.8799991607666,23.90999984741211,23.440000534057617,23.540000915527344,22.67213249206543,1702800
2007-11-13,23.809999465942383,23.899999618530273,23.3700008392334,23.860000610351562,22.980335235595703,1067400
2007-11-14,23.860000610351562,24.5,23.850000381469727,24.149999618530273,23.259639739990234,1341500
2007-11-15,24.0,24.34000015258789,23.799999237060547,23.969999313354492,23.08627700805664,1195900
2007-11-16,24.0,24.15999984741211,23.489999771118164,24.010000228881836,23.124801635742188,1533200
2007-11-19,23.799999237060547,24.110000610351562,23.649999618530273,23.899999618530273,23.01885986328125,1331600
2007-11-20,23.729999542236328,24.18000030517578,23.729999542236328,24.059999465942383,23.17296028137207,1566900
2007-11-21,23.889999389648438,24.280000686645508,23.639999389648438,23.969999313354492,23.08627700805664,874600
2007-11-23,24.06999969482422,24.479999542236328,24.06999969482422,24.350000381469727,23.4522647857666,310600
2007-11-26,24.3799991607666,24.790000915527344,24.260000228881836,24.3700008392334,23.471532821655273,1540000
2007-11-27,24.260000228881836,24.690000534057617,24.049999237060547,24.610000610351562,23.702678680419922,1210300
2007-11-28,24.540000915527344,25.90999984741211,24.540000915527344,25.799999237060547,24.848806381225586,1602800
2007-11-29,25.479999542236328,26.190000534057617,25.479999542236328,25.68000030517578,24.733234405517578,1382500
2007-11-30,25.889999389648438,26.0,25.350000381469727,25.65999984741211,24.713972091674805,1283400
2007-12-03,25.43000030517578,25.90999984741211,25.420000076293945,25.649999618530273,24.704336166381836,915700
2007-12-04,25.59000015258789,26.06999969482422,25.399999618530273,25.809999465942383,24.858436584472656,818800
2007-12-05,25.989999771118164,26.149999618530273,25.780000686645508,26.040000915527344,25.079957962036133,576000
2007-12-06,26.09000015258789,26.850000381469727,26.0,26.84000015258789,25.8504638671875,862100
2007-12-07,26.799999237060547,26.799999237060547,26.389999389648438,26.5,25.522998809814453,661800
2007-12-10,26.489999771118164,27.1299991607666,26.489999771118164,26.8700008392334,25.87936019897461,1098400
2007-12-11,26.989999771118164,27.049999237060547,26.3799991607666,26.389999389648438,25.41705322265625,464800
2007-12-12,26.600000381469727,26.8700008392334,26.459999084472656,26.56999969482422,25.59041976928711,736300
2007-12-13,26.200000762939453,26.65999984741211,25.709999084472656,26.540000915527344,25.561527252197266,741200
2007-12-14,26.459999084472656,26.579999923706055,26.270000457763672,26.34000015258789,25.3689022064209,841000
2007-12-17,26.260000228881836,26.31999969482422,25.860000610351562,25.920000076293945,24.964385986328125,897400
2007-12-18,25.989999771118164,26.200000762939453,25.469999313354492,25.670000076293945,24.72359848022461,972300
2007-12-19,25.690000534057617,25.799999237060547,25.110000610351562,25.299999237060547,24.36724090576172,878200
2007-12-20,25.520000457763672,25.6299991607666,24.93000030517578,25.440000534057617,24.502077102661133,1021200
2007-12-21,25.790000915527344,26.290000915527344,25.600000381469727,26.1200008392334,25.157011032104492,658000
2007-12-24,26.389999389648438,26.709999084472656,26.329999923706055,26.3700008392334,25.39779281616211,256400
2007-12-26,26.229999542236328,26.440000534057617,26.040000915527344,26.170000076293945,25.205163955688477,374900
2007-12-27,26.15999984741211,26.389999389648438,25.829999923706055,25.889999389648438,24.935487747192383,648000
2007-12-28,26.1200008392334,26.219999313354492,25.899999618530273,26.030000686645508,25.070329666137695,261400
2007-12-31,25.8799991607666,26.059999465942383,25.190000534057617,25.649999618530273,24.704336166381836,880900
2008-01-02,25.610000610351562,25.670000076293945,25.100000381469727,25.239999771118164,24.30945587158203,781100
2008-01-03,25.459999084472656,25.459999084472656,24.829999923706055,24.84000015258789,23.924203872680664,671700
2008-01-04,23.190000534057617,24.1200008392334,23.190000534057617,23.799999237060547,22.92254066467285,2075500
2008-01-07,23.860000610351562,23.969999313354492,23.06999969482422,23.31999969482422,22.46023941040039,1524500
2008-01-08,23.479999542236328,23.6200008392334,22.700000762939453,22.770000457763672,21.930519104003906,1086600
2008-01-09,22.649999618530273,22.90999984741211,22.110000610351562,22.68000030517578,21.843835830688477,1899700
2008-01-10,22.59000015258789,23.5,22.479999542236328,23.290000915527344,22.43134880065918,1332400
2008-01-11,23.059999465942383,23.68000030517578,22.8700008392334,23.299999237060547,22.440980911254883,1119200
2008-01-14,23.469999313354492,24.110000610351562,23.450000762939453,24.09000015258789,23.20185089111328,1327000
2008-01-15,23.84000015258789,23.84000015258789,23.200000762939453,23.479999542236328,22.61433982849121,1110300
2008-01-16,23.299999237060547,23.700000762939453,23.170000076293945,23.190000534057617,22.335033416748047,815600
2008-01-17,23.1200008392334,23.299999237060547,22.219999313354492,22.329999923706055,21.50674057006836,1379200
2008-01-18,22.549999237060547,22.979999542236328,22.190000534057617,22.809999465942383,21.96904182434082,1503300
2008-01-22,22.100000381469727,22.440000534057617,21.139999389648438,21.350000381469727,20.562870025634766,2448200
2008-01-23,20.84000015258789,21.959999084472656,20.459999084472656,21.75,20.948122024536133,2741500
2008-01-24,21.760000228881836,22.170000076293945,21.6200008392334,21.90999984741211,21.102224349975586,1752400
2008-01-25,22.030000686645508,23.110000610351562,22.030000686645508,22.479999542236328,21.65121078491211,2177300
2008-01-28,22.510000228881836,23.1200008392334,22.059999465942383,23.079999923706055,22.229087829589844,1316900
2008-01-29,23.290000915527344,24.06999969482422,23.100000381469727,23.940000534057617,23.057382583618164,2010000
2008-01-30,23.889999389648438,24.3799991607666,23.700000762939453,24.0,23.115169525146484,1496300
2008-01-31,23.90999984741211,24.950000762939453,22.0,24.469999313354492,23.567846298217773,4050200
2008-02-01,24.8799991607666,25.25,24.270000457763672,24.6200008392334,23.712312698364258,1956100
2008-02-04,24.790000915527344,24.790000915527344,24.219999313354492,24.299999237060547,23.40410614013672,1491500
2008-02-05,24.110000610351562,24.110000610351562,23.219999313354492,23.3799991607666,22.518028259277344,1910900
2008-02-06,23.579999923706055,23.579999923706055,23.020000457763672,23.06999969482422,22.21945571899414,1149400
2008-02-07,22.739999771118164,23.8700008392334,22.690000534057617,23.600000381469727,22.729921340942383,1295300
2008-02-08,23.600000381469727,23.700000762939453,23.1299991607666,23.34000015258789,22.479501724243164,1224000
2008-02-11,23.40999984741211,23.989999771118164,23.020000457763672,23.8700008392334,22.989961624145508,1441700
2008-02-12,23.780000686645508,24.290000915527344,23.540000915527344,23.75,22.874391555786133,1615000
2008-02-13,23.739999771118164,24.280000686645508,23.739999771118164,23.950000762939453,23.067018508911133,1701400
2008-02-14,24.049999237060547,24.469999313354492,23.920000076293945,24.059999465942383,23.17296028137207,1251100
2008-02-15,24.0,24.25,23.739999771118164,24.149999618530273,23.259639739990234,937800
2008-02-19,24.399999618530273,24.450000762939453,23.709999084472656,23.860000610351562,22.980335235595703,1208800
2008-02-20,23.700000762939453,24.31999969482422,23.600000381469727,24.31999969482422,23.42337417602539,915400
2008-02-21,24.440000534057617,24.549999237060547,24.06999969482422,24.079999923706055,23.19222068786621,694300
2008-02-22,24.209999084472656,24.729999542236328,23.649999618530273,24.709999084472656,23.798994064331055,1175700
2008-02-25,24.780000686645508,25.479999542236328,24.760000228881836,25.350000381469727,24.4153995513916,1640800
2008-02-26,25.170000076293945,25.479999542236328,24.889999389648438,25.020000457763672,24.097564697265625,807800
2008-02-27,24.8799991607666,25.399999618530273,24.639999389648438,25.059999465942383,24.136089324951172,639200
2008-02-28,24.889999389648438,25.139999389648438,24.65999984741211,24.760000228881836,23.847150802612305,794500
2008-02-29,24.450000762939453,25.3700008392334,24.450000762939453,24.90999984741211,23.991619110107422,1567800
2008-03-03,24.729999542236328,25.43000030517578,24.670000076293945,25.170000076293945,24.24203872680664,1353600
2008-03-04,25.0,25.15999984741211,24.239999771118164,24.639999389648438,23.73157501220703,1147300
2008-03-05,24.579999923706055,24.920000076293945,24.5,24.760000228881836,23.847150802612305,1074400
2008-03-06,24.700000762939453,24.809999465942383,24.350000381469727,24.40999984741211,23.510053634643555,749200
2008-03-07,24.25,24.700000762939453,24.030000686645508,24.389999389648438,23.49078941345215,1026200
2008-03-10,25.469999313354492,25.469999313354492,24.309999465942383,24.3700008392334,23.471532821655273,1368500
2008-03-11,24.920000076293945,24.979999542236328,23.93000030517578,24.549999237060547,23.644893646240234,1077300
2008-03-12,24.649999618530273,25.049999237060547,24.389999389648438,24.420000076293945,23.519685745239258,1151800
2008-03-13,23.989999771118164,25.010000228881836,23.989999771118164,24.8700008392334,23.953092575073242,1042000
2008-03-14,24.969999313354492,25.020000457763672,24.100000381469727,24.510000228881836,23.606369018554688,1056600
2008-03-17,23.760000228881836,24.1200008392334,23.600000381469727,23.729999542236328,22.85512351989746,1339200
2008-03-18,24.079999923706055,24.549999237060547,23.56999969482422,24.280000686645508,23.384849548339844,1277000
2008-03-19,24.31999969482422,24.389999389648438,23.469999313354492,23.5,22.633604049682617,1034500
2008-03-20,23.40999984741211,23.93000030517578,23.020000457763672,23.850000381469727,22.970701217651367,833600
2008-03-24,23.809999465942383,24.719999313354492,23.690000534057617,24.40999984741211,23.510053634643555,908700
2008-03-25,24.559999465942383,25.290000915527344,24.479999542236328,25.059999465942383,24.136089324951172,1030600
2008-03-26,25.0,25.5,24.959999084472656,25.18000030517578,24.251665115356445,976400
2008-03-27,25.100000381469727,25.149999618530273,24.6299991607666,24.739999771118164,23.8278865814209,815700
2008-03-28,24.6200008392334,24.899999618530273,24.549999237060547,24.75,23.83751678466797,761800
2008-03-31,24.770000457763672,25.219999313354492,24.690000534057617,25.15999984741211,24.23240089416504,945000
2008-04-01,25.229999542236328,25.93000030517578,24.969999313354492,25.75,24.80065155029297,1914900
2008-04-02,25.809999465942383,26.200000762939453,25.479999542236328,25.899999618530273,24.94512367248535,1074300
2008-04-03,25.6200008392334,26.18000030517578,25.479999542236328,26.010000228881836,25.051067352294922,902400
2008-04-04,26.15999984741211,26.579999923706055,26.020000457763672,26.520000457763672,25.542261123657227,910000
2008-04-07,26.68000030517578,26.68000030517578,25.489999771118164,25.790000915527344,24.83917999267578,1308200
2008-04-08,25.690000534057617,26.010000228881836,25.40999984741211,25.65999984741211,24.713972091674805,802000
2008-04-09,25.520000457763672,25.520000457763672,24.770000457763672,25.059999465942383,24.136089324951172,1176700
2008-04-10,24.969999313354492,24.979999542236328,24.479999542236328,24.719999313354492,23.808624267578125,940200
2008-04-11,24.510000228881836,24.56999969482422,24.239999771118164,24.469999313354492,23.567846298217773,910300
2008-04-14,24.399999618530273,24.850000381469727,24.209999084472656,24.65999984741211,23.750837326049805,1807500
2008-04-15,24.709999084472656,25.100000381469727,24.6200008392334,25.049999237060547,24.1264591217041,1173600
2008-04-16,25.479999542236328,26.190000534057617,25.34000015258789,25.8700008392334,24.916227340698242,3328100
2008-04-17,27.360000610351562,27.920000076293945,26.450000762939453,27.479999542236328,26.46687126159668,6187300
2008-04-18,27.8799991607666,28.3799991607666,27.459999084472656,28.329999923706055,27.28553009033203,2357900
2008-04-21,28.100000381469727,28.450000762939453,27.81999969482422,27.81999969482422,26.794336318969727,2153800
2008-04-22,27.889999389648438,28.09000015258789,27.389999389648438,27.56999969482422,26.55355453491211,1729600
2008-04-23,27.559999465942383,27.799999237060547,26.979999542236328,27.1299991607666,26.129770278930664,1873300
2008-04-24,27.139999389648438,27.6200008392334,26.420000076293945,27.280000686645508,26.27424430847168,2067200
2008-04-25,27.3799991607666,27.700000762939453,27.18000030517578,27.510000228881836,26.495763778686523,1146900
2008-04-28,27.639999389648438,27.639999389648438,27.100000381469727,27.209999084472656,26.206823348999023,1074400
2008-04-29,27.190000534057617,27.190000534057617,26.540000915527344,26.600000381469727,25.619314193725586,1301600
2008-04-30,26.700000762939453,27.1200008392334,26.6200008392334,26.84000015258789,25.8504638671875,1300800
2008-05-01,26.979999542236328,27.15999984741211,26.3700008392334,26.93000030517578,25.937149047851562,2004200
2008-05-02,27.0,27.1200008392334,26.1299991607666,26.510000228881836,25.532630920410156,1622700
2008-05-05,26.34000015258789,27.260000228881836,26.34000015258789,26.8700008392334,25.87936019897461,1573700
2008-05-06,26.760000228881836,27.280000686645508,26.719999313354492,27.200000762939453,26.197189331054688,1477800
2008-05-07,27.43000030517578,27.43000030517578,26.68000030517578,26.760000228881836,25.773414611816406,1265300
2008-05-08,26.8700008392334,27.770000457763672,26.600000381469727,27.469999313354492,26.457239151000977,1717200
2008-05-09,27.239999771118164,27.3700008392334,26.8700008392334,27.25,26.24534797668457,776200
2008-05-12,27.209999084472656,27.8700008392334,27.010000228881836,27.809999465942383,26.78470230102539,1203600
2008-05-13,27.760000228881836,28.110000610351562,27.559999465942383,28.100000381469727,27.064010620117188,1056300
2008-05-14,28.25,29.09000015258789,28.040000915527344,28.75,27.690046310424805,2076100
2008-05-15,28.600000381469727,29.239999771118164,28.600000381469727,29.1299991607666,28.0560359954834,1927800
2008-05-16,29.239999771118164,29.239999771118164,28.440000534057617,28.889999389648438,27.824880599975586,1231300
2008-05-19,29.020000457763672,29.049999237060547,28.3700008392334,28.639999389648438,27.584102630615234,1212300
2008-05-20,28.399999618530273,28.950000762939453,28.110000610351562,28.68000030517578,27.62262535095215,858500
2008-05-21,28.790000915527344,28.93000030517578,28.149999618530273,28.309999465942383,27.266267776489258,938900
2008-05-22,28.170000076293945,28.600000381469727,27.790000915527344,28.149999618530273,27.112167358398438,1017200
2008-05-23,28.15999984741211,28.309999465942383,27.540000915527344,28.06999969482422,27.035120010375977,1212800
2008-05-27,27.950000762939453,28.1200008392334,27.5,28.040000915527344,27.006221771240234,686600
2008-05-28,28.030000686645508,28.469999313354492,27.809999465942383,28.329999923706055,27.28553009033203,863500
2008-05-29,28.18000030517578,28.3700008392334,27.829999923706055,28.350000381469727,27.30478858947754,904900
2008-05-30,28.270000457763672,28.969999313354492,28.1299991607666,28.850000381469727,27.786361694335938,1314100
2008-06-02,28.790000915527344,29.100000381469727,28.600000381469727,28.889999389648438,27.824880599975586,1457500
2008-06-03,28.889999389648438,29.040000915527344,28.139999389648438,28.420000076293945,27.372215270996094,1200300
2008-06-04,28.459999084472656,28.600000381469727,27.90999984741211,28.049999237060547,27.015853881835938,863300
2008-06-05,28.190000534057617,28.959999084472656,28.040000915527344,28.90999984741211,27.844146728515625,1291000
2008-06-06,28.81999969482422,29.139999389648438,28.170000076293945,28.239999771118164,27.19884490966797,984000
2008-06-09,28.270000457763672,28.389999389648438,27.799999237060547,28.040000915527344,27.006221771240234,751300
2008-06-10,27.700000762939453,27.8700008392334,26.90999984741211,27.350000381469727,26.341665267944336,1357800
2008-06-11,27.31999969482422,27.479999542236328,26.790000915527344,26.799999237060547,25.811939239501953,797400
2008-06-12,26.780000686645508,27.93000030517578,26.780000686645508,27.40999984741211,26.399450302124023,1116300
2008-06-13,27.510000228881836,28.479999542236328,27.459999084472656,28.459999084472656,27.410736083984375,1940600
2008-06-16,28.1299991607666,28.459999084472656,27.969999313354492,28.0,26.96769905090332,751400
2008-06-17,28.34000015258789,28.389999389648438,28.049999237060547,28.260000228881836,27.21811294555664,802500
2008-06-18,28.049999237060547,28.229999542236328,27.520000457763672,27.700000762939453,26.678760528564453,940100
2008-06-19,27.790000915527344,28.209999084472656,27.59000015258789,27.979999542236328,26.94843101501465,701100
2008-06-20,27.09000015258789,28.0,27.09000015258789,27.40999984741211,26.399450302124023,764100
2008-06-23,27.389999389648438,27.559999465942383,27.149999618530273,27.270000457763672,26.264610290527344,376300
2008-06-24,28.079999923706055,28.079999923706055,27.139999389648438,27.229999542236328,26.226085662841797,1114000
2008-06-25,27.149999618530273,27.989999771118164,26.8700008392334,27.65999984741211,26.640235900878906,1084100
2008-06-26,27.219999313354492,27.489999771118164,26.34000015258789,26.709999084472656,25.725257873535156,1480400
2008-06-27,26.770000457763672,26.829999923706055,25.8799991607666,26.049999237060547,25.0895938873291,1523700
2008-06-30,26.079999923706055,26.09000015258789,25.68000030517578,25.989999771118164,25.031801223754883,1061700
2008-07-01,25.6200008392334,26.65999984741211,25.56999969482422,26.469999313354492,25.49410629272461,1832800
2008-07-02,26.739999771118164,26.969999313354492,25.479999542236328,25.540000915527344,24.598392486572266,1760000
2008-07-03,25.90999984741211,26.209999084472656,25.420000076293945,26.15999984741211,25.19553565979004,917600
2008-07-07,26.479999542236328,26.690000534057617,25.690000534057617,26.1200008392334,25.157011032104492,1466800
2008-07-08,26.200000762939453,26.969999313354492,25.860000610351562,26.8799991607666,25.888988494873047,2837100
2008-07-09,26.8799991607666,27.110000610351562,26.34000015258789,26.469999313354492,25.49410629272461,1846000
2008-07-10,26.469999313354492,26.75,26.219999313354492,26.600000381469727,25.619314193725586,1042500
2008-07-11,26.299999237060547,26.31999969482422,25.56999969482422,26.010000228881836,25.051067352294922,1345500
2008-07-14,26.239999771118164,26.549999237060547,25.75,26.190000534057617,25.22443389892578,1007400
2008-07-15,25.899999618530273,26.799999237060547,25.690000534057617,26.469999313354492,25.49410629272461,1791000
2008-07-16,26.3700008392334,27.469999313354492,26.15999984741211,27.299999237060547,26.293508529663086,2168100
2008-07-17,29.09000015258789,29.260000228881836,28.1200008392334,29.149999618530273,28.075300216674805,4902100
2008-07-18,29.25,29.579999923706055,28.899999618530273,29.040000915527344,27.969356536865234,2858000
2008-07-21,29.200000762939453,29.600000381469727,29.049999237060547,29.329999923706055,28.248661041259766,1993400
2008-07-22,29.280000686645508,29.280000686645508,28.780000686645508,28.959999084472656,27.892305374145508,1546200
2008-07-23,29.010000228881836,29.010000228881836,28.559999465942383,28.809999465942383,27.747835159301758,1271700
2008-07-24,28.760000228881836,28.760000228881836,27.389999389648438,27.469999313354492,26.457239151000977,2194200
2008-07-25,27.719999313354492,27.920000076293945,27.209999084472656,27.799999237060547,26.775070190429688,1405900
2008-07-28,27.84000015258789,28.309999465942383,27.65999984741211,27.899999618530273,26.87138557434082,1142600
2008-07-29,27.920000076293945,28.15999984741211,27.649999618530273,27.899999618530273,26.87138557434082,1059700
2008-07-30,28.110000610351562,28.43000030517578,27.829999923706055,28.200000762939453,27.16032600402832,1186800
2008-07-31,27.969999313354492,28.200000762939453,27.510000228881836,28.030000686645508,26.996591567993164,2113700
2008-08-01,27.920000076293945,28.290000915527344,27.700000762939453,27.979999542236328,26.94843101501465,1873500
2008-08-04,27.829999923706055,28.229999542236328,26.950000762939453,27.079999923706055,26.081619262695312,1467200
2008-08-05,27.280000686645508,27.520000457763672,26.030000686645508,26.700000762939453,25.715625762939453,2815800
2008-08-06,26.770000457763672,27.049999237060547,26.459999084472656,26.8799991607666,25.888988494873047,1236000
2008-08-07,26.68000030517578,27.020000457763672,26.440000534057617,26.700000762939453,25.715625762939453,1076600
2008-08-08,26.549999237060547,26.860000610351562,26.139999389648438,26.670000076293945,25.68673324584961,1395900
2008-08-11,26.59000015258789,27.030000686645508,26.540000915527344,26.6299991607666,25.648202896118164,1405000
2008-08-12,26.43000030517578,26.700000762939453,26.049999237060547,26.139999389648438,25.17626953125,1011800
2008-08-13,25.979999542236328,26.450000762939453,25.75,26.399999618530273,25.426687240600586,1692200
2008-08-14,26.309999465942383,26.8700008392334,26.309999465942383,26.780000686645508,25.792678833007812,1740500
2008-08-15,26.690000534057617,27.0,26.1299991607666,26.84000015258789,25.8504638671875,1857100
2008-08-18,26.969999313354492,27.18000030517578,26.350000381469727,26.520000457763672,25.542261123657227,1254300
2008-08-19,26.209999084472656,26.850000381469727,26.139999389648438,26.739999771118164,25.754148483276367,1180300
2008-08-20,26.780000686645508,27.139999389648438,26.65999984741211,27.020000457763672,26.023826599121094,1089200
2008-08-21,26.860000610351562,27.719999313354492,26.6200008392334,27.43000030517578,26.41871452331543,1296200
2008-08-22,27.760000228881836,27.81999969482422,27.290000915527344,27.56999969482422,26.55355453491211,1195400
2008-08-25,27.360000610351562,27.399999618530273,26.559999465942383,26.799999237060547,25.811939239501953,833500
2008-08-26,27.0,27.110000610351562,26.809999465942383,27.110000610351562,26.110511779785156,812700
2008-08-27,27.200000762939453,27.5,27.010000228881836,27.329999923706055,26.322399139404297,647000
2008-08-28,27.540000915527344,27.770000457763672,27.43000030517578,27.68000030517578,26.659496307373047,751200
2008-08-29,27.59000015258789,27.739999771118164,27.3700008392334,27.739999771118164,26.71728515625,460500
2008-09-02,27.989999771118164,28.09000015258789,25.969999313354492,26.1200008392334,25.157011032104492,1987600
2008-09-03,26.219999313354492,26.559999465942383,25.790000915527344,26.149999618530273,25.18590545654297,1194600
2008-09-04,26.049999237060547,26.1200008392334,24.100000381469727,24.290000915527344,23.394479751586914,2223300
2008-09-05,24.399999618530273,25.18000030517578,23.920000076293945,25.0,24.07830238342285,1685900
2008-09-08,25.5,25.530000686645508,23.360000610351562,24.0,23.115169525146484,2355700
2008-09-09,23.049999237060547,25.260000228881836,23.049999237060547,23.549999237060547,22.6817569732666,2827900
2008-09-10,23.530000686645508,24.360000610351562,23.5,24.079999923706055,23.19222068786621,1364800
2008-09-11,23.520000457763672,25.190000534057617,23.520000457763672,25.15999984741211,24.23240089416504,2042000
2008-09-12,25.020000457763672,25.8700008392334,24.739999771118164,25.700000762939453,24.75249671936035,1145800
2008-09-15,25.020000457763672,25.700000762939453,24.15999984741211,24.479999542236328,23.577470779418945,1109200
2008-09-16,22.93000030517578,24.309999465942383,22.549999237060547,23.260000228881836,22.402450561523438,3346900
2008-09-17,22.899999618530273,23.170000076293945,21.739999771118164,21.799999237060547,20.996278762817383,1925600
2008-09-18,21.989999771118164,22.579999923706055,20.34000015258789,22.170000076293945,21.352638244628906,3349300
2008-09-19,25.079999923706055,25.079999923706055,23.290000915527344,24.010000228881836,23.124801635742188,2697400
2008-09-22,23.850000381469727,24.670000076293945,23.540000915527344,23.719999313354492,22.845491409301758,1928800
2008-09-23,23.420000076293945,23.989999771118164,22.639999389648438,23.06999969482422,22.21945571899414,1918900
2008-09-24,23.100000381469727,23.469999313354492,22.43000030517578,22.84000015258789,21.997940063476562,2051000
2008-09-25,23.020000457763672,24.100000381469727,22.809999465942383,23.610000610351562,22.739547729492188,1738800
2008-09-26,23.489999771118164,23.489999771118164,22.6299991607666,23.3799991607666,22.518028259277344,1189600
2008-09-29,22.729999542236328,22.81999969482422,20.350000381469727,21.43000030517578,20.639921188354492,2949800
2008-09-30,21.920000076293945,22.3799991607666,20.809999465942383,22.209999084472656,21.39116096496582,3030300
2008-10-01,22.200000762939453,23.020000457763672,21.739999771118164,22.860000610351562,22.01720428466797,1864000
2008-10-02,22.540000915527344,22.719999313354492,20.81999969482422,20.920000076293945,20.148723602294922,2599400
2008-10-03,20.989999771118164,21.8700008392334,20.290000915527344,20.329999923706055,19.58047866821289,1725400
2008-10-06,19.979999542236328,20.329999923706055,18.459999084472656,20.020000457763672,19.281902313232422,2263100
2008-10-07,19.950000762939453,20.84000015258789,19.68000030517578,19.760000228881836,19.031490325927734,2876100
2008-10-08,19.290000915527344,21.639999389648438,18.81999969482422,20.010000228881836,19.272274017333984,2046500
2008-10-09,20.510000228881836,21.450000762939453,18.110000610351562,18.25,17.577163696289062,2562500
2008-10-10,17.40999984741211,18.93000030517578,16.280000686645508,18.020000457763672,17.35563850402832,3863000
2008-10-13,18.700000762939453,21.06999969482422,18.68000030517578,21.06999969482422,20.29319190979004,2668700
2008-10-14,21.649999618530273,21.920000076293945,19.450000762939453,19.75,19.0218563079834,2541100
2008-10-15,19.760000228881836,19.760000228881836,17.719999313354492,18.1200008392334,17.45195770263672,3168200
2008-10-16,19.450000762939453,21.190000534057617,18.829999923706055,20.559999465942383,19.80199432373047,6410800
2008-10-17,19.860000610351562,22.360000610351562,19.030000686645508,21.3799991607666,20.591760635375977,3580400
2008-10-20,21.790000915527344,22.079999923706055,21.329999923706055,22.059999465942383,21.246692657470703,2456300
2008-10-21,21.040000915527344,22.170000076293945,20.649999618530273,21.010000228881836,20.23540496826172,1942700
2008-10-22,20.5,20.940000534057617,19.049999237060547,19.829999923706055,19.098909378051758,1864900
2008-10-23,19.969999313354492,20.31999969482422,17.600000381469727,19.139999389648438,18.43434715270996,2702100
2008-10-24,17.770000457763672,19.0,17.68000030517578,18.190000534057617,17.519371032714844,1824700
2008-10-27,17.6299991607666,18.8799991607666,16.739999771118164,16.809999465942383,16.19024658203125,1508400
2008-10-28,17.399999618530273,18.450000762939453,16.329999923706055,18.450000762939453,17.769786834716797,1850600
2008-10-29,18.5,20.020000457763672,17.760000228881836,19.31999969482422,18.60771369934082,2603000
2008-10-30,19.799999237060547,20.43000030517578,18.780000686645508,19.610000610351562,18.887022018432617,1456700
2008-10-31,19.440000534057617,20.309999465942383,19.18000030517578,20.18000030517578,19.43600845336914,1596100
2008-11-03,19.950000762939453,20.479999542236328,19.520000457763672,19.770000457763672,19.041114807128906,1152900
2008-11-04,20.139999389648438,20.420000076293945,19.610000610351562,20.06999969482422,19.330062866210938,1899900
2008-11-05,19.540000915527344,19.790000915527344,19.040000915527344,19.399999618530273,18.68476104736328,1986600
2008-11-06,18.729999542236328,19.790000915527344,18.6299991607666,18.729999542236328,18.039464950561523,1059200
2008-11-07,18.700000762939453,19.329999923706055,18.15999984741211,19.200000762939453,18.492136001586914,1970300
2008-11-10,19.6200008392334,19.81999969482422,18.139999389648438,18.610000610351562,17.923887252807617,1595400
2008-11-11,18.559999465942383,18.950000762939453,17.049999237060547,17.770000457763672,17.114858627319336,1702600
2008-11-12,17.399999618530273,17.84000015258789,16.43000030517578,16.5,15.891676902770996,1811400
2008-11-13,16.610000610351562,17.420000076293945,15.399999618530273,17.420000076293945,16.777761459350586,2820500
2008-11-14,17.0,17.5,16.290000915527344,16.309999465942383,15.7086820602417,2239500
2008-11-17,16.040000915527344,17.020000457763672,15.760000228881836,16.3700008392334,15.766473770141602,1574400
2008-11-18,16.360000610351562,16.969999313354492,15.460000038146973,16.079999923706055,15.487165451049805,1696600
2008-11-19,15.899999618530273,16.239999771118164,15.079999923706055,15.229999542236328,14.668500900268555,2525500
2008-11-20,14.829999923706055,15.479999542236328,13.859999656677246,14.050000190734863,13.532005310058594,2905700
2008-11-21,14.3100004196167,14.550000190734863,13.569999694824219,14.3100004196167,13.782421112060547,2790800
2008-11-24,14.59000015258789,15.270000457763672,14.029999732971191,14.970000267028809,14.418087005615234,3879700
2008-11-25,15.0,15.970000267028809,13.369999885559082,15.029999732971191,14.475874900817871,5364600
2008-11-26,15.0,16.100000381469727,14.329999923706055,15.930000305175781,15.342696189880371,1908400
2008-11-28,15.789999961853027,16.059999465942383,15.539999961853027,16.049999237060547,15.458270072937012,561000
2008-12-01,15.949999809265137,15.970000267028809,14.710000038146973,14.720000267028809,14.1773042678833,1470900
2008-12-02,14.800000190734863,15.899999618530273,14.75,15.8100004196167,15.227120399475098,2740500
2008-12-03,15.539999961853027,16.709999084472656,15.350000381469727,16.65999984741211,16.045780181884766,2457100
2008-12-04,16.25,16.75,15.850000381469727,16.170000076293945,15.573846817016602,1981400
2008-12-05,15.90999984741211,16.739999771118164,15.40999984741211,16.639999389648438,16.026519775390625,1968600
2008-12-08,17.270000457763672,18.149999618530273,17.139999389648438,18.0,17.33637809753418,2307000
2008-12-09,17.690000534057617,18.40999984741211,17.239999771118164,17.420000076293945,16.777761459350586,1900900
2008-12-10,17.700000762939453,18.350000381469727,17.59000015258789,18.25,17.577163696289062,1519500
2008-12-11,18.25,18.75,17.540000915527344,17.75,17.09559440612793,2100600
2008-12-12,17.399999618530273,18.68000030517578,17.25,18.5,17.817943572998047,1758500
2008-12-15,18.850000381469727,18.8700008392334,18.079999923706055,18.3799991607666,17.702367782592773,1192500
2008-12-16,18.540000915527344,19.520000457763672,18.299999237060547,19.420000076293945,18.704025268554688,2157500
2008-12-17,19.239999771118164,19.790000915527344,19.059999465942383,19.290000915527344,18.578821182250977,2152200
2008-12-18,19.34000015258789,19.940000534057617,19.200000762939453,19.3799991607666,18.665496826171875,2127600
2008-12-19,19.399999618530273,20.280000686645508,19.100000381469727,19.459999084472656,18.74254608154297,2175500
2008-12-22,19.440000534057617,19.530000686645508,17.81999969482422,18.510000228881836,17.827573776245117,1896500
2008-12-23,18.770000457763672,18.770000457763672,17.81999969482422,18.239999771118164,17.567529678344727,1585200
2008-12-24,18.239999771118164,18.34000015258789,18.0,18.260000228881836,17.586788177490234,545400
2008-12-26,18.420000076293945,18.829999923706055,18.1299991607666,18.790000915527344,18.097251892089844,600800
2008-12-29,18.610000610351562,19.0,17.850000381469727,18.440000534057617,17.760154724121094,1593500
2008-12-30,18.360000610351562,18.899999618530273,18.1299991607666,18.850000381469727,18.155038833618164,1363000
2008-12-31,18.899999618530273,19.309999465942383,18.719999313354492,19.200000762939453,18.492136001586914,1580600
2009-01-02,19.280000686645508,19.440000534057617,18.709999084472656,19.360000610351562,18.646238327026367,1507700
2009-01-05,19.190000534057617,19.850000381469727,18.81999969482422,19.34000015258789,18.626977920532227,1593800
2009-01-06,19.59000015258789,20.06999969482422,19.049999237060547,19.209999084472656,18.50176429748535,1739800
2009-01-07,19.110000610351562,19.110000610351562,18.6299991607666,18.84000015258789,18.145410537719727,1670700
2009-01-08,18.8799991607666,19.219999313354492,18.59000015258789,19.209999084472656,18.50176429748535,1369900
2009-01-09,19.239999771118164,19.329999923706055,18.389999389648438,18.799999237060547,18.106882095336914,1490600
2009-01-12,19.020000457763672,19.020000457763672,18.399999618530273,18.559999465942383,17.875732421875,1703600
2009-01-13,18.639999389648438,19.040000915527344,18.280000686645508,18.790000915527344,18.097251892089844,1864600
2009-01-14,18.209999084472656,18.520000457763672,18.030000686645508,18.149999618530273,17.480846405029297,2117700
2009-01-15,18.010000228881836,18.889999389648438,17.479999542236328,18.489999771118164,17.808311462402344,2545300
2009-01-16,18.700000762939453,19.200000762939453,18.600000381469727,18.8700008392334,18.17430305480957,2610700
2009-01-20,18.84000015258789,18.920000076293945,17.65999984741211,17.889999389648438,17.230430603027344,2312000
2009-01-21,18.09000015258789,18.479999542236328,17.719999313354492,18.469999313354492,17.78904914855957,1678200
2009-01-22,18.139999389648438,18.399999618530273,17.610000610351562,17.8700008392334,17.211170196533203,3337200
2009-01-23,17.399999618530273,18.469999313354492,17.350000381469727,18.229999542236328,17.557899475097656,2116000
2009-01-26,18.360000610351562,18.65999984741211,18.0,18.239999771118164,17.567529678344727,1744400
2009-01-27,18.520000457763672,18.549999237060547,18.040000915527344,18.5,17.817943572998047,1106300
2009-01-28,18.81999969482422,19.059999465942383,18.549999237060547,18.959999084472656,18.2609806060791,1933100
2009-01-29,18.920000076293945,19.1299991607666,18.59000015258789,18.84000015258789,18.145410537719727,1443500
2009-01-30,18.84000015258789,19.15999984741211,18.649999618530273,18.75,18.05872917175293,2559600
2009-02-02,18.670000076293945,19.010000228881836,18.360000610351562,18.549999237060547,17.86609649658203,3122900
2009-02-03,19.75,20.3700008392334,19.309999465942383,20.0,19.26263999938965,5446100
2009-02-04,20.239999771118164,21.190000534057617,20.010000228881836,20.729999542236328,19.965730667114258,4458700
2009-02-05,20.600000381469727,21.670000076293945,20.3700008392334,20.8799991607666,20.110197067260742,4643400
2009-02-06,20.940000534057617,21.68000030517578,20.90999984741211,21.459999084472656,20.66880989074707,2877900
2009-02-09,21.549999237060547,21.860000610351562,21.25,21.5,20.707338333129883,1754500
2009-02-10,21.299999237060547,21.690000534057617,20.65999984741211,20.860000610351562,20.09093475341797,2728800
2009-02-11,21.020000457763672,21.469999313354492,20.780000686645508,21.1200008392334,20.341352462768555,2228300
2009-02-12,21.010000228881836,22.0,20.670000076293945,21.950000762939453,21.140750885009766,1973400
2009-02-13,21.760000228881836,22.18000030517578,21.639999389648438,21.68000030517578,20.880701065063477,1942900
2009-02-17,21.15999984741211,21.399999618530273,20.850000381469727,20.90999984741211,20.13908576965332,1841300
2009-02-18,21.209999084472656,21.280000686645508,20.600000381469727,20.989999771118164,20.216144561767578,2469400
2009-02-19,21.100000381469727,21.149999618530273,20.739999771118164,20.940000534057617,20.167984008789062,2054700
2009-02-20,20.489999771118164,20.920000076293945,20.309999465942383,20.75,19.9849910736084,2140800
2009-02-23,20.959999084472656,21.170000076293945,19.889999389648438,19.989999771118164,19.25301170349121,1797900
2009-02-24,20.3700008392334,21.030000686645508,20.0,20.81999969482422,20.052410125732422,2079300
2009-02-25,20.950000762939453,21.479999542236328,20.579999923706055,21.0,20.22577476501465,2457700
2009-02-26,21.290000915527344,21.700000762939453,20.850000381469727,21.020000457763672,20.24503517150879,1913600
2009-02-27,20.469999313354492,21.610000610351562,20.3799991607666,21.079999923706055,20.302825927734375,2435100
2009-03-02,20.540000915527344,21.1299991607666,20.020000457763672,20.15999984741211,19.41674041748047,2173000
2009-03-03,20.559999465942383,20.600000381469727,19.719999313354492,20.0,19.26263999938965,1848700
2009-03-04,21.030000686645508,21.56999969482422,20.899999618530273,21.18000030517578,20.399139404296875,4544700
2009-03-05,20.65999984741211,21.440000534057617,20.65999984741211,21.139999389648438,20.360614776611328,3532900
2009-03-06,21.139999389648438,21.3700008392334,20.110000610351562,20.65999984741211,19.89830780029297,2214600
2009-03-09,20.31999969482422,20.760000228881836,19.739999771118164,19.950000762939453,19.21448516845703,2057100
2009-03-10,20.270000457763672,20.770000457763672,20.059999465942383,20.770000457763672,20.004253387451172,2384500
2009-03-11,20.989999771118164,21.209999084472656,20.610000610351562,20.93000030517578,20.15835189819336,1980100
2009-03-12,20.860000610351562,21.600000381469727,20.780000686645508,21.520000457763672,20.726600646972656,1131500
2009-03-13,21.729999542236328,22.329999923706055,21.479999542236328,22.190000534057617,21.37190055847168,1816000
2009-03-16,22.15999984741211,22.510000228881836,21.229999542236328,21.31999969482422,20.53397560119629,2895500
2009-03-17,21.399999618530273,21.799999237060547,21.170000076293945,21.59000015258789,20.794015884399414,2375900
2009-03-18,21.280000686645508,22.260000228881836,21.149999618530273,22.09000015258789,21.275590896606445,2025600
2009-03-19,22.18000030517578,22.5,21.770000457763672,21.8799991607666,21.07332992553711,1293000
2009-03-20,22.0,22.0,21.110000610351562,21.329999923706055,20.543603897094727,1015900
2009-03-23,21.829999923706055,21.860000610351562,20.709999084472656,21.149999618530273,20.370243072509766,2533700
2009-03-24,21.010000228881836,21.459999084472656,20.799999237060547,20.979999542236328,20.206506729125977,1638600
2009-03-25,21.030000686645508,21.579999923706055,20.59000015258789,21.579999923706055,20.784391403198242,2809800
2009-03-26,21.600000381469727,22.15999984741211,21.270000457763672,22.079999923706055,21.265954971313477,2603200
2009-03-27,21.700000762939453,22.190000534057617,21.420000076293945,21.610000610351562,20.813282012939453,1707300
2009-03-30,21.15999984741211,22.25,21.040000915527344,22.149999618530273,21.333370208740234,1984100
2009-03-31,22.579999923706055,23.149999618530273,22.329999923706055,22.729999542236328,21.891992568969727,2349100
2009-04-01,22.540000915527344,22.959999084472656,22.139999389648438,22.520000457763672,21.689733505249023,2970800
2009-04-02,23.010000228881836,23.239999771118164,22.600000381469727,22.760000228881836,21.920888900756836,2742600
2009-04-03,22.81999969482422,23.139999389648438,22.1200008392334,22.639999389648438,21.805307388305664,2374300
2009-04-06,22.549999237060547,22.760000228881836,22.170000076293945,22.34000015258789,21.516372680664062,1878800
2009-04-07,22.18000030517578,22.309999465942383,21.889999389648438,21.93000030517578,21.121484756469727,1561500
2009-04-08,22.1200008392334,22.299999237060547,21.850000381469727,22.209999084472656,21.39116096496582,2209800
2009-04-09,22.700000762939453,22.8700008392334,21.969999313354492,22.200000762939453,21.38153648376465,2206800
2009-04-13,21.979999542236328,22.190000534057617,21.59000015258789,21.93000030517578,21.121484756469727,3738100
2009-04-14,21.790000915527344,22.309999465942383,21.59000015258789,21.889999389648438,21.082956314086914,2171000
2009-04-15,21.90999984741211,22.75,21.790000915527344,22.469999313354492,21.641576766967773,3336700
2009-04-16,23.399999618530273,24.59000015258789,23.209999084472656,24.149999618530273,23.259639739990234,6977300
2009-04-17,24.389999389648438,24.389999389648438,23.84000015258789,23.93000030517578,23.04775619506836,2567500
2009-04-20,23.209999084472656,23.709999084472656,23.209999084472656,23.399999618530273,22.53729248046875,3356300
2009-04-21,23.239999771118164,23.8700008392334,23.040000915527344,23.829999923706055,22.951435089111328,2922500
2009-04-22,23.780000686645508,23.8700008392334,23.329999923706055,23.399999618530273,22.53729248046875,2884500
2009-04-23,23.479999542236328,23.530000686645508,22.8799991607666,23.360000610351562,22.498767852783203,3061300
2009-04-24,23.489999771118164,23.780000686645508,22.920000076293945,23.360000610351562,22.498767852783203,3509600
2009-04-27,22.81999969482422,23.280000686645508,22.459999084472656,22.719999313354492,21.882362365722656,2217200
2009-04-28,22.690000534057617,22.8799991607666,22.329999923706055,22.389999389648438,21.564529418945312,1420800
2009-04-29,22.40999984741211,23.18000030517578,22.40999984741211,22.81999969482422,21.978675842285156,1753900
2009-04-30,23.09000015258789,23.09000015258789,21.549999237060547,22.049999237060547,21.237062454223633,5183300
2009-05-01,22.049999237060547,23.15999984741211,22.049999237060547,22.579999923706055,21.747526168823242,2904500
2009-05-04,22.770000457763672,23.5,22.530000686645508,23.100000381469727,22.248350143432617,1836800
2009-05-05,23.139999389648438,23.579999923706055,22.850000381469727,23.540000915527344,22.67213249206543,2930600
2009-05-06,22.799999237060547,23.899999618530273,22.799999237060547,23.420000076293945,22.556554794311523,2729300
2009-05-07,23.540000915527344,23.790000915527344,22.719999313354492,23.0,22.15203857421875,2032000
2009-05-08,23.360000610351562,23.360000610351562,22.5,22.959999084472656,22.113513946533203,2858400
2009-05-11,22.709999084472656,22.969999313354492,22.350000381469727,22.649999618530273,21.81494140625,1842100
2009-05-12,22.68000030517578,23.459999084472656,22.420000076293945,23.3700008392334,22.508399963378906,3032200
2009-05-13,23.06999969482422,23.139999389648438,22.479999542236328,22.68000030517578,21.843835830688477,2069900
2009-05-14,22.829999923706055,23.8799991607666,22.729999542236328,23.690000534057617,22.816598892211914,3433000
2009-05-15,23.59000015258789,24.3700008392334,23.59000015258789,23.989999771118164,23.10553550720215,2059200
2009-05-18,24.020000457763672,24.1200008392334,23.100000381469727,23.75,22.874391555786133,2778100
2009-05-19,23.770000457763672,24.389999389648438,23.770000457763672,24.049999237060547,23.163326263427734,2549900
2009-05-20,24.1299991607666,24.329999923706055,23.1200008392334,23.25,22.392822265625,2797600
2009-05-21,23.149999618530273,23.299999237060547,22.790000915527344,23.149999618530273,22.296506881713867,1653600
2009-05-22,23.200000762939453,23.809999465942383,22.969999313354492,23.579999923706055,22.710655212402344,2171500
2009-05-26,23.6299991607666,24.8700008392334,23.31999969482422,24.770000457763672,23.856782913208008,3627500
2009-05-27,24.790000915527344,24.790000915527344,23.93000030517578,24.020000457763672,23.134431838989258,2359200
2009-05-28,24.190000534057617,24.700000762939453,23.5,24.209999084472656,23.317426681518555,3451700
2009-05-29,23.329999923706055,23.790000915527344,22.979999542236328,23.5,22.633604049682617,7147700
2009-06-01,23.81999969482422,24.149999618530273,23.5,23.950000762939453,23.067018508911133,2256500
2009-06-02,23.959999084472656,24.56999969482422,23.8700008392334,24.239999771118164,23.34632110595703,2200300
2009-06-03,24.100000381469727,24.219999313354492,23.639999389648438,23.959999084472656,23.076644897460938,1770100
2009-06-04,23.950000762939453,24.559999465942383,23.93000030517578,24.450000762939453,23.548585891723633,1287000
2009-06-05,24.600000381469727,24.709999084472656,23.850000381469727,24.020000457763672,23.134431838989258,2292600
2009-06-08,23.790000915527344,24.239999771118164,23.610000610351562,24.110000610351562,23.221115112304688,1304400
2009-06-09,24.149999618530273,24.350000381469727,23.959999084472656,24.200000762939453,23.307796478271484,1248100
2009-06-10,24.309999465942383,24.479999542236328,23.510000228881836,24.010000228881836,23.124801635742188,1295500
2009-06-11,23.81999969482422,24.110000610351562,23.510000228881836,23.670000076293945,22.79733657836914,1805300
2009-06-12,23.610000610351562,23.6200008392334,23.010000228881836,23.25,22.392822265625,1741800
2009-06-15,23.18000030517578,23.18000030517578,22.56999969482422,22.690000534057617,21.853471755981445,1636900
2009-06-16,22.75,22.889999389648438,22.219999313354492,22.459999084472656,21.631946563720703,1620600
2009-06-17,22.399999618530273,22.899999618530273,22.18000030517578,22.639999389648438,21.805307388305664,1562100
2009-06-18,22.68000030517578,22.989999771118164,22.219999313354492,22.489999771118164,21.660839080810547,1860800
2009-06-19,22.6200008392334,23.170000076293945,22.469999313354492,22.579999923706055,21.747526168823242,2206000
2009-06-22,22.290000915527344,22.6200008392334,22.0,22.389999389648438,21.564529418945312,1814500
2009-06-23,22.399999618530273,22.729999542236328,22.139999389648438,22.510000228881836,21.680105209350586,1137000
2009-06-24,22.040000915527344,22.770000457763672,22.0,22.56999969482422,21.737892150878906,1174500
2009-06-25,22.510000228881836,23.469999313354492,22.510000228881836,23.399999618530273,22.53729248046875,1497400
2009-06-26,23.440000534057617,23.770000457763672,23.40999984741211,23.6299991607666,22.75881004333496,964300
2009-06-29,23.739999771118164,24.059999465942383,23.600000381469727,23.899999618530273,23.01885986328125,1074300
2009-06-30,24.0,24.200000762939453,23.670000076293945,24.139999389648438,23.250011444091797,1692400
2009-07-01,24.3700008392334,25.229999542236328,24.3700008392334,24.65999984741211,23.750837326049805,2639800
2009-07-02,24.440000534057617,24.920000076293945,24.200000762939453,24.719999313354492,23.808624267578125,1564300
2009-07-06,24.6200008392334,24.68000030517578,24.15999984741211,24.59000015258789,23.68341636657715,1136400
2009-07-07,24.479999542236328,24.59000015258789,23.81999969482422,24.09000015258789,23.20185089111328,1557300
2009-07-08,24.040000915527344,24.329999923706055,23.670000076293945,24.280000686645508,23.384849548339844,1604100
2009-07-09,24.440000534057617,24.440000534057617,23.479999542236328,23.600000381469727,22.729921340942383,2190600
2009-07-10,23.5,23.56999969482422,23.010000228881836,23.209999084472656,22.354293823242188,2683500
2009-07-13,23.290000915527344,23.389999389648438,22.510000228881836,23.360000610351562,22.498767852783203,2971500
2009-07-14,23.489999771118164,23.5,22.8700008392334,23.309999465942383,22.450611114501953,2491700
2009-07-15,23.690000534057617,23.889999389648438,23.219999313354492,23.850000381469727,22.970701217651367,3549700
2009-07-16,24.739999771118164,24.850000381469727,24.0,24.760000228881836,23.847150802612305,5047800
2009-07-17,24.850000381469727,25.0,24.600000381469727,24.8700008392334,23.953092575073242,2270900
2009-07-20,24.899999618530273,25.06999969482422,24.450000762939453,24.950000762939453,24.030147552490234,2535600
2009-07-21,25.040000915527344,25.350000381469727,24.229999542236328,24.6299991607666,23.72194480895996,3858700
2009-07-22,24.56999969482422,25.149999618530273,24.510000228881836,25.040000915527344,24.1168270111084,2711400
2009-07-23,25.049999237060547,25.8700008392334,25.0,25.760000228881836,24.81028175354004,3101800
2009-07-24,25.510000228881836,25.829999923706055,25.40999984741211,25.829999923706055,24.877702713012695,1552000
2009-07-27,25.780000686645508,26.1200008392334,25.450000762939453,25.690000534057617,24.74286460876465,1361800
2009-07-28,25.700000762939453,25.780000686645508,25.100000381469727,25.18000030517578,24.251665115356445,1527500
2009-07-29,25.190000534057617,25.280000686645508,24.729999542236328,24.860000610351562,23.943466186523438,1270100
2009-07-30,25.040000915527344,25.290000915527344,24.93000030517578,25.049999237060547,24.1264591217041,1406200
2009-07-31,24.950000762939453,25.309999465942383,24.780000686645508,25.100000381469727,24.174619674682617,925500
2009-08-03,25.479999542236328,25.540000915527344,25.15999984741211,25.540000915527344,24.598392486572266,1304400
2009-08-04,25.309999465942383,25.709999084472656,25.270000457763672,25.479999542236328,24.540607452392578,669100
2009-08-05,25.479999542236328,25.610000610351562,25.209999084472656,25.469999313354492,24.530975341796875,679000
2009-08-06,25.43000030517578,25.690000534057617,24.8799991607666,25.0,24.07830238342285,765800
2009-08-07,25.1299991607666,25.329999923706055,24.360000610351562,24.43000030517578,23.529319763183594,2384700
2009-08-10,24.34000015258789,24.520000457763672,24.190000534057617,24.3799991607666,23.481159210205078,1344700
2009-08-11,24.3700008392334,24.950000762939453,24.1200008392334,24.739999771118164,23.8278865814209,2383800
2009-08-12,24.649999618530273,25.270000457763672,24.649999618530273,25.09000015258789,24.16498565673828,1397900
2009-08-13,25.229999542236328,25.889999389648438,25.219999313354492,25.59000015258789,24.64655113220215,1597900
2009-08-14,25.709999084472656,25.709999084472656,25.25,25.690000534057617,24.74286460876465,1652400
2009-08-17,25.43000030517578,25.719999313354492,25.190000534057617,25.540000915527344,24.598392486572266,1911400
2009-08-18,25.56999969482422,25.649999618530273,25.389999389648438,25.579999923706055,24.636919021606445,665100
2009-08-19,25.290000915527344,25.809999465942383,25.25,25.520000457763672,24.579130172729492,1002500
2009-08-20,25.459999084472656,25.600000381469727,25.329999923706055,25.459999084472656,24.52134132385254,667300
2009-08-21,25.540000915527344,25.940000534057617,25.530000686645508,25.809999465942383,24.858436584472656,732900
2009-08-24,25.809999465942383,26.059999465942383,25.350000381469727,25.520000457763672,24.579130172729492,1248800
2009-08-25,25.700000762939453,25.809999465942383,25.309999465942383,25.420000076293945,24.482820510864258,786600
2009-08-26,25.420000076293945,25.420000076293945,25.049999237060547,25.360000610351562,24.425029754638672,1280000
2009-08-27,25.309999465942383,25.65999984741211,25.040000915527344,25.649999618530273,24.704336166381836,1154100
2009-08-28,25.719999313354492,25.799999237060547,25.229999542236328,25.360000610351562,24.425029754638672,976700
2009-08-31,25.110000610351562,25.110000610351562,24.670000076293945,24.829999923706055,23.914569854736328,2106700
2009-09-01,24.639999389648438,25.030000686645508,24.360000610351562,24.43000030517578,23.529319763183594,2010700
2009-09-02,24.18000030517578,24.6299991607666,24.1200008392334,24.209999084472656,23.317426681518555,1508900
2009-09-03,24.3799991607666,24.65999984741211,24.1200008392334,24.600000381469727,23.693050384521484,981000
2009-09-04,24.709999084472656,25.020000457763672,24.459999084472656,24.84000015258789,23.924203872680664,901200
2009-09-08,25.010000228881836,25.06999969482422,24.729999542236328,24.809999465942383,23.895305633544922,2020900
2009-09-09,25.0,25.1299991607666,24.600000381469727,24.760000228881836,23.847150802612305,1773900
2009-09-10,24.790000915527344,25.549999237060547,24.600000381469727,25.520000457763672,24.579130172729492,2401600
2009-09-11,25.579999923706055,26.030000686645508,25.5,25.93000030517578,24.97401237487793,2256700
2009-09-14,25.8700008392334,26.639999389648438,25.540000915527344,26.6200008392334,25.638578414916992,1192300
2009-09-15,26.489999771118164,26.8799991607666,26.3799991607666,26.860000610351562,25.86972999572754,1255100
2009-09-16,26.850000381469727,27.09000015258789,26.649999618530273,26.920000076293945,25.927513122558594,1652000
2009-09-17,26.75,26.969999313354492,26.139999389648438,26.229999542236328,25.262954711914062,2830300
2009-09-18,26.239999771118164,26.559999465942383,26.18000030517578,26.389999389648438,25.41705322265625,2152600
2009-09-21,26.170000076293945,27.190000534057617,26.149999618530273,27.06999969482422,26.071983337402344,1726900
2009-09-22,27.110000610351562,27.329999923706055,26.43000030517578,26.600000381469727,25.619314193725586,1840600
2009-09-23,26.549999237060547,26.639999389648438,26.0,26.1299991607666,25.166641235351562,2058600
2009-09-24,26.280000686645508,26.360000610351562,25.6200008392334,26.1200008392334,25.157011032104492,1387900
2009-09-25,26.110000610351562,26.440000534057617,25.959999084472656,26.3700008392334,25.39779281616211,1668300
2009-09-28,26.3799991607666,26.989999771118164,26.270000457763672,26.8700008392334,25.87936019897461,757800
2009-09-29,26.959999084472656,27.25,26.780000686645508,27.149999618530273,26.149036407470703,1179400
2009-09-30,27.15999984741211,27.350000381469727,26.549999237060547,27.200000762939453,26.197189331054688,1612600
2009-10-01,26.770000457763672,27.110000610351562,26.520000457763672,26.59000015258789,25.609678268432617,1417500
2009-10-02,26.299999237060547,26.760000228881836,25.93000030517578,26.56999969482422,25.59041976928711,1331900
2009-10-05,26.540000915527344,26.829999923706055,26.540000915527344,26.719999313354492,25.73488998413086,2042100
2009-10-06,26.989999771118164,27.309999465942383,26.940000534057617,27.209999084472656,26.206823348999023,1413900
2009-10-07,27.389999389648438,28.700000762939453,27.360000610351562,28.6200008392334,27.564842224121094,2928400
2009-10-08,28.6200008392334,28.93000030517578,28.040000915527344,28.34000015258789,27.295162200927734,1984900
2009-10-09,28.399999618530273,28.6299991607666,28.309999465942383,28.420000076293945,27.372215270996094,1787600
2009-10-12,28.469999313354492,29.149999618530273,28.469999313354492,28.850000381469727,27.786361694335938,1952200
2009-10-13,28.899999618530273,28.969999313354492,28.510000228881836,28.75,27.690046310424805,1270000
2009-10-14,28.940000534057617,29.350000381469727,28.68000030517578,29.209999084472656,28.13309097290039,2552600
2009-10-15,27.40999984741211,27.700000762939453,26.020000457763672,26.6299991607666,25.648202896118164,9339500
2009-10-16,26.520000457763672,27.280000686645508,26.40999984741211,27.09000015258789,26.091249465942383,4951800
2009-10-19,26.989999771118164,27.31999969482422,26.8700008392334,27.18000030517578,26.177928924560547,2927900
2009-10-20,27.139999389648438,27.299999237060547,26.719999313354492,27.0,26.004566192626953,2586100
2009-10-21,26.8799991607666,27.1200008392334,26.65999984741211,26.729999542236328,25.744522094726562,2366500
2009-10-22,26.799999237060547,26.899999618530273,26.280000686645508,26.440000534057617,25.465213775634766,3458700
2009-10-23,26.360000610351562,26.709999084472656,26.040000915527344,26.25,25.28221893310547,2776900
2009-10-26,26.280000686645508,26.649999618530273,26.020000457763672,26.139999389648438,25.17626953125,2165900
2009-10-27,26.25,26.559999465942383,26.040000915527344,26.399999618530273,25.426687240600586,2352500
2009-10-28,26.420000076293945,26.559999465942383,25.950000762939453,25.950000762939453,24.993276596069336,2969700
2009-10-29,26.110000610351562,26.65999984741211,26.020000457763672,26.530000686645508,25.551895141601562,1586800
2009-10-30,26.360000610351562,26.84000015258789,26.290000915527344,26.649999618530273,25.667469024658203,3011700
2009-11-02,26.579999923706055,26.979999542236328,25.56999969482422,25.90999984741211,24.954750061035156,3564100
2009-11-03,25.920000076293945,26.770000457763672,25.799999237060547,26.709999084472656,25.725257873535156,2338400
2009-11-04,26.920000076293945,27.100000381469727,26.540000915527344,26.600000381469727,25.619314193725586,2345300
2009-11-05,26.639999389648438,26.889999389648438,26.40999984741211,26.469999313354492,25.49410629272461,1809700
2009-11-06,26.299999237060547,26.489999771118164,26.1299991607666,26.309999465942383,25.340007781982422,2201100
2009-11-09,26.360000610351562,27.09000015258789,26.360000610351562,27.030000686645508,26.033462524414062,2521500
2009-11-10,26.989999771118164,27.059999465942383,26.40999984741211,26.530000686645508,25.551895141601562,2529600
2009-11-11,26.600000381469727,26.90999984741211,26.059999465942383,26.510000228881836,25.532630920410156,2012600
2009-11-12,26.5,26.68000030517578,26.209999084472656,26.350000381469727,25.378528594970703,1252500
2009-11-13,26.350000381469727,26.450000762939453,26.059999465942383,26.280000686645508,25.31110954284668,1697700
2009-11-16,26.31999969482422,26.649999618530273,26.290000915527344,26.5,25.522998809814453,2299500
2009-11-17,26.450000762939453,26.559999465942383,26.149999618530273,26.280000686645508,25.31110954284668,1260600
2009-11-18,26.299999237060547,26.40999984741211,26.0,26.06999969482422,25.108850479125977,1309800
2009-11-19,26.0,26.0,25.510000228881836,25.68000030517578,24.733234405517578,2379100
2009-11-20,25.5,25.8799991607666,25.5,25.719999313354492,24.77175521850586,1662300
2009-11-23,25.950000762939453,26.200000762939453,25.68000030517578,25.860000610351562,24.90659523010254,2235700
2009-11-24,26.0,26.030000686645508,25.530000686645508,25.68000030517578,24.733234405517578,1420400
2009-11-25,25.690000534057617,25.8700008392334,25.6200008392334,25.760000228881836,24.81028175354004,1211100
2009-11-27,25.290000915527344,25.43000030517578,24.799999237060547,25.139999389648438,24.213138580322266,1008400
2009-11-30,25.260000228881836,25.489999771118164,25.020000457763672,25.170000076293945,24.24203872680664,2076000
2009-12-01,25.170000076293945,25.3799991607666,24.979999542236328,25.059999465942383,24.136089324951172,2441200
2009-12-02,25.0,25.459999084472656,25.0,25.209999084472656,24.280559539794922,2136100
2009-12-03,25.149999618530273,25.510000228881836,25.149999618530273,25.200000762939453,24.27092933654785,1453300
2009-12-04,25.31999969482422,25.690000534057617,25.059999465942383,25.43000030517578,24.492448806762695,2597500
2009-12-07,25.479999542236328,25.950000762939453,25.40999984741211,25.6299991607666,24.685075759887695,2108700
2009-12-08,25.469999313354492,25.709999084472656,25.209999084472656,25.459999084472656,24.52134132385254,1739300
2009-12-09,25.540000915527344,25.639999389648438,25.219999313354492,25.5,24.559865951538086,943100
2009-12-10,25.40999984741211,25.65999984741211,25.40999984741211,25.520000457763672,24.579130172729492,1097000
2009-12-11,25.549999237060547,25.65999984741211,25.389999389648438,25.510000228881836,24.569501876831055,720700
2009-12-14,25.739999771118164,25.760000228881836,25.43000030517578,25.649999618530273,24.704336166381836,1201500
2009-12-15,25.600000381469727,25.719999313354492,25.5,25.59000015258789,24.64655113220215,1741100
2009-12-16,25.6299991607666,25.799999237060547,25.479999542236328,25.540000915527344,24.598392486572266,883100
2009-12-17,25.399999618530273,25.520000457763672,25.280000686645508,25.3799991607666,24.444290161132812,1119100
2009-12-18,25.5,25.649999618530273,25.0,25.010000228881836,24.087934494018555,2211800
2009-12-21,25.049999237060547,25.450000762939453,24.959999084472656,25.31999969482422,24.386505126953125,1340500
2009-12-22,25.290000915527344,25.59000015258789,25.290000915527344,25.5,24.559865951538086,1714000
2009-12-23,25.5,25.68000030517578,25.34000015258789,25.59000015258789,24.64655113220215,816600
2009-12-24,25.6299991607666,25.729999542236328,25.469999313354492,25.549999237060547,24.608022689819336,387400
2009-12-28,25.549999237060547,25.729999542236328,25.549999237060547,25.690000534057617,24.74286460876465,847400
2009-12-29,25.639999389648438,25.860000610351562,25.579999923706055,25.739999771118164,24.791019439697266,583600
2009-12-30,25.719999313354492,25.81999969482422,25.600000381469727,25.649999618530273,24.704336166381836,687300
2009-12-31,25.639999389648438,25.719999313354492,25.5,25.579999923706055,24.636919021606445,793600
2010-01-04,25.3799991607666,26.489999771118164,25.290000915527344,26.389999389648438,25.41705322265625,2940900
2010-01-05,26.3799991607666,26.760000228881836,26.260000228881836,26.649999618530273,25.667469024658203,2223500
2010-01-06,26.649999618530273,26.989999771118164,26.6299991607666,26.649999618530273,25.667469024658203,1097100
2010-01-07,26.729999542236328,26.790000915527344,26.1299991607666,26.299999237060547,25.330371856689453,1413800
2010-01-08,26.190000534057617,26.489999771118164,26.040000915527344,26.350000381469727,25.378528594970703,782100
2010-01-11,26.3700008392334,26.43000030517578,25.829999923706055,25.969999313354492,25.012537002563477,1278700
2010-01-12,25.780000686645508,25.989999771118164,25.690000534057617,25.8799991607666,24.925857543945312,1284400
2010-01-13,25.959999084472656,26.09000015258789,25.84000015258789,26.030000686645508,25.070329666137695,1120500
2010-01-14,25.93000030517578,25.969999313354492,25.729999542236328,25.850000381469727,24.896961212158203,837300
2010-01-15,25.75,26.229999542236328,25.75,26.010000228881836,25.051067352294922,2332600
2010-01-19,25.93000030517578,26.299999237060547,25.93000030517578,26.280000686645508,25.31110954284668,908100
2010-01-20,26.219999313354492,26.219999313354492,25.84000015258789,26.09000015258789,25.128114700317383,1339300
2010-01-21,26.200000762939453,26.229999542236328,25.700000762939453,25.75,24.80065155029297,1565900
2010-01-22,25.8799991607666,25.8799991607666,24.829999923706055,24.850000381469727,23.9338321685791,2222700
2010-01-25,24.940000534057617,25.040000915527344,24.700000762939453,24.809999465942383,23.895305633544922,1375900
2010-01-26,24.770000457763672,24.81999969482422,24.280000686645508,24.350000381469727,23.4522647857666,1593000
2010-01-27,24.40999984741211,24.5,23.8700008392334,24.290000915527344,23.394479751586914,1875400
2010-01-28,24.739999771118164,24.75,24.149999618530273,24.200000762939453,23.307796478271484,1524400
2010-01-29,24.260000228881836,24.5,23.790000915527344,23.809999465942383,22.93217658996582,1198800
2010-02-01,23.8700008392334,24.100000381469727,23.34000015258789,23.639999389648438,22.768444061279297,4139800
2010-02-02,25.040000915527344,26.0,25.040000915527344,25.93000030517578,24.97401237487793,5218700
2010-02-03,25.81999969482422,26.520000457763672,25.770000457763672,25.889999389648438,24.935487747192383,2604300
2010-02-04,25.5,25.809999465942383,25.25,25.290000915527344,24.35761260986328,1461100
2010-02-05,25.450000762939453,25.670000076293945,25.1200008392334,25.639999389648438,24.6947078704834,1277900
2010-02-08,25.760000228881836,25.760000228881836,25.34000015258789,25.440000534057617,24.502077102661133,1073100
2010-02-09,25.59000015258789,26.010000228881836,25.559999465942383,25.8700008392334,24.916227340698242,1509500
2010-02-10,25.850000381469727,26.0,25.350000381469727,25.610000610351562,24.665817260742188,794400
2010-02-11,25.510000228881836,26.06999969482422,25.350000381469727,25.959999084472656,25.002906799316406,1025600
2010-02-12,25.790000915527344,26.149999618530273,25.600000381469727,26.149999618530273,25.18590545654297,962800
2010-02-16,26.280000686645508,26.530000686645508,26.139999389648438,26.520000457763672,25.542261123657227,1030200
2010-02-17,26.559999465942383,26.6200008392334,26.280000686645508,26.31999969482422,25.349637985229492,748100
2010-02-18,26.200000762939453,26.34000015258789,25.920000076293945,25.920000076293945,24.964385986328125,1935800
2010-02-19,25.719999313354492,26.010000228881836,25.690000534057617,26.010000228881836,25.051067352294922,1968500
2010-02-22,26.040000915527344,26.239999771118164,25.84000015258789,26.149999618530273,25.18590545654297,1348400
2010-02-23,26.100000381469727,26.399999618530273,26.020000457763672,26.049999237060547,25.0895938873291,1773100
2010-02-24,26.190000534057617,26.59000015258789,26.149999618530273,26.559999465942383,25.58078956604004,1147100
2010-02-25,26.260000228881836,26.829999923706055,26.110000610351562,26.799999237060547,25.811939239501953,1359300
2010-02-26,26.8700008392334,27.34000015258789,26.739999771118164,27.31999969482422,26.312768936157227,1560500
2010-03-01,27.43000030517578,27.649999618530273,27.149999618530273,27.6200008392334,26.601707458496094,1121800
2010-03-02,27.520000457763672,27.520000457763672,27.079999923706055,27.190000534057617,26.187562942504883,2036800
2010-03-03,27.360000610351562,27.450000762939453,27.020000457763672,27.079999923706055,26.081619262695312,1264600
2010-03-04,27.09000015258789,27.200000762939453,26.649999618530273,26.93000030517578,25.937149047851562,1325800
2010-03-05,27.149999618530273,27.270000457763672,26.81999969482422,27.239999771118164,26.2357177734375,1222300
2010-03-08,27.110000610351562,27.3799991607666,27.06999969482422,27.3700008392334,26.360925674438477,968000
2010-03-09,27.239999771118164,27.459999084472656,27.06999969482422,27.270000457763672,26.264610290527344,833700
2010-03-10,27.15999984741211,27.350000381469727,27.010000228881836,27.219999313354492,26.216459274291992,1179100
2010-03-11,27.100000381469727,27.40999984741211,27.049999237060547,27.360000610351562,26.351295471191406,698400
2010-03-12,27.3799991607666,27.549999237060547,27.290000915527344,27.399999618530273,26.38981819152832,707900
2010-03-15,27.399999618530273,27.399999618530273,27.049999237060547,27.389999389648438,26.38018798828125,436500
2010-03-16,27.399999618530273,27.5,27.239999771118164,27.450000762939453,26.437978744506836,812300
2010-03-17,27.559999465942383,27.709999084472656,27.389999389648438,27.600000381469727,26.582448959350586,878700
2010-03-18,27.579999923706055,27.65999984741211,27.200000762939453,27.280000686645508,26.27424430847168,1133400
2010-03-19,27.299999237060547,27.350000381469727,27.06999969482422,27.299999237060547,26.293508529663086,1020000
2010-03-22,27.09000015258789,27.459999084472656,26.93000030517578,27.440000534057617,26.428340911865234,804800
2010-03-23,27.420000076293945,27.65999984741211,27.25,27.610000610351562,26.592079162597656,1058800
2010-03-24,27.610000610351562,27.610000610351562,27.200000762939453,27.309999465942383,26.30313491821289,901400
2010-03-25,27.360000610351562,27.510000228881836,27.149999618530273,27.200000762939453,26.197189331054688,1226800
2010-03-26,27.31999969482422,27.389999389648438,26.81999969482422,26.8799991607666,25.888988494873047,1682200
2010-03-29,26.920000076293945,27.209999084472656,26.920000076293945,27.139999389648438,26.139400482177734,538700
2010-03-30,27.190000534057617,27.200000762939453,26.700000762939453,26.860000610351562,25.86972999572754,714200
2010-03-31,26.690000534057617,26.969999313354492,26.6200008392334,26.959999084472656,25.966041564941406,1649300
2010-04-01,27.030000686645508,27.559999465942383,27.030000686645508,27.450000762939453,26.437978744506836,1058500
2010-04-05,27.700000762939453,27.940000534057617,27.440000534057617,27.8799991607666,26.85212516784668,740300
2010-04-06,27.889999389648438,27.959999084472656,27.290000915527344,27.5,26.486133575439453,1178200
2010-04-07,27.5,27.520000457763672,27.0,27.25,26.24534797668457,2059900
2010-04-08,27.1299991607666,27.239999771118164,26.799999237060547,27.229999542236328,26.226085662841797,1124200
2010-04-09,27.270000457763672,27.56999969482422,27.239999771118164,27.549999237060547,26.53428840637207,1057500
2010-04-12,27.549999237060547,27.549999237060547,27.15999984741211,27.219999313354492,26.216459274291992,879400
2010-04-13,27.079999923706055,27.170000076293945,26.760000228881836,26.829999923706055,25.840835571289062,963100
2010-04-14,26.940000534057617,27.030000686645508,26.729999542236328,26.989999771118164,25.99493408203125,1047200
2010-04-15,26.940000534057617,27.170000076293945,26.829999923706055,27.1299991607666,26.129770278930664,1188000
2010-04-16,27.09000015258789,27.520000457763672,27.040000915527344,27.329999923706055,26.322399139404297,2064300
2010-04-19,27.290000915527344,27.459999084472656,26.899999618530273,27.1299991607666,26.129770278930664,1906800
2010-04-20,27.479999542236328,27.739999771118164,26.790000915527344,27.170000076293945,26.168298721313477,2109500
2010-04-21,27.25,27.299999237060547,26.979999542236328,27.200000762939453,26.197189331054688,1870200
2010-04-22,26.959999084472656,27.469999313354492,26.940000534057617,27.43000030517578,26.41871452331543,1515800
2010-04-23,27.399999618530273,27.770000457763672,27.360000610351562,27.729999542236328,26.707653045654297,1277700
2010-04-26,27.75,27.760000228881836,27.399999618530273,27.469999313354492,26.457239151000977,1033600
2010-04-27,27.3700008392334,27.489999771118164,26.829999923706055,26.940000534057617,25.94677734375,1541600
2010-04-28,26.969999313354492,27.100000381469727,26.799999237060547,27.040000915527344,26.043094635009766,1289500
2010-04-29,27.260000228881836,27.260000228881836,26.579999923706055,26.719999313354492,25.73488998413086,1400100
2010-04-30,26.670000076293945,26.920000076293945,25.860000610351562,26.0,25.04143524169922,2701600
2010-05-03,26.239999771118164,26.239999771118164,25.809999465942383,26.0,25.04143524169922,1526600
2010-05-04,25.799999237060547,25.860000610351562,25.25,25.440000534057617,24.502077102661133,1567900
2010-05-05,25.229999542236328,25.450000762939453,24.510000228881836,25.190000534057617,24.26129722595215,1967800
2010-05-06,25.15999984741211,25.469999313354492,23.56999969482422,24.81999969482422,23.90494155883789,2302400
2010-05-07,24.860000610351562,25.049999237060547,23.979999542236328,24.200000762939453,23.307796478271484,2316600
2010-05-10,24.8799991607666,25.389999389648438,24.799999237060547,25.110000610351562,24.184249877929688,1490200
2010-05-11,24.860000610351562,24.950000762939453,24.59000015258789,24.59000015258789,23.68341636657715,1609200
2010-05-12,24.610000610351562,25.0,24.5,24.829999923706055,23.914569854736328,2453500
2010-05-13,24.709999084472656,24.81999969482422,24.350000381469727,24.420000076293945,23.519685745239258,1219300
2010-05-14,24.18000030517578,24.31999969482422,23.959999084472656,24.25,23.355955123901367,1978000
2010-05-17,24.40999984741211,24.639999389648438,24.25,24.489999771118164,23.587108612060547,2173200
2010-05-18,24.729999542236328,24.799999237060547,24.25,24.34000015258789,23.4426326751709,1803800
2010-05-19,24.190000534057617,24.420000076293945,23.860000610351562,24.139999389648438,23.250011444091797,1450900
2010-05-20,23.719999313354492,23.940000534057617,23.15999984741211,23.25,22.392822265625,2351100
2010-05-21,22.93000030517578,23.5,22.899999618530273,23.440000534057617,22.57581901550293,1639400
2010-05-24,23.389999389648438,23.43000030517578,22.969999313354492,23.040000915527344,22.190563201904297,1233000
2010-05-25,22.709999084472656,22.889999389648438,22.450000762939453,22.8700008392334,22.026832580566406,3082900
2010-05-26,22.989999771118164,23.1200008392334,22.56999969482422,22.65999984741211,21.82457160949707,1552400
2010-05-27,23.030000686645508,24.969999313354492,22.899999618530273,23.420000076293945,22.556554794311523,1485800
2010-05-28,23.3799991607666,23.700000762939453,23.229999542236328,23.510000228881836,22.64323616027832,2075900
2010-06-01,23.40999984741211,23.489999771118164,22.93000030517578,22.940000534057617,22.09425163269043,1497700
2010-06-02,22.979999542236328,23.860000610351562,22.93000030517578,23.799999237060547,22.92254066467285,3001500
2010-06-03,23.93000030517578,24.420000076293945,23.8799991607666,24.309999465942383,23.413742065429688,2200900
2010-06-04,23.809999465942383,24.290000915527344,23.799999237060547,23.940000534057617,23.057382583618164,1811300
2010-06-07,23.940000534057617,24.1299991607666,23.700000762939453,23.809999465942383,22.93217658996582,1914200
2010-06-08,23.709999084472656,24.030000686645508,23.540000915527344,23.950000762939453,23.067018508911133,2174300
2010-06-09,24.149999618530273,24.389999389648438,23.899999618530273,24.040000915527344,23.153696060180664,2114700
2010-06-10,24.290000915527344,24.670000076293945,24.18000030517578,24.360000610351562,23.461896896362305,1539400
2010-06-11,24.219999313354492,24.790000915527344,24.149999618530273,24.790000915527344,23.87604331970215,1000000
2010-06-14,25.100000381469727,25.25,24.829999923706055,24.860000610351562,23.943466186523438,1464700
2010-06-15,25.09000015258789,25.450000762939453,25.049999237060547,25.399999618530273,24.46355628967285,1232300
2010-06-16,25.90999984741211,25.90999984741211,25.1299991607666,25.3799991607666,24.444290161132812,1661300
2010-06-17,25.40999984741211,25.75,25.25,25.459999084472656,24.52134132385254,906700
2010-06-18,25.3700008392334,25.649999618530273,25.309999465942383,25.56999969482422,24.62728500366211,888400
2010-06-21,25.760000228881836,25.899999618530273,25.299999237060547,25.389999389648438,24.453920364379883,666200
2010-06-22,25.329999923706055,25.389999389648438,24.829999923706055,24.860000610351562,23.943466186523438,806000
2010-06-23,24.860000610351562,25.06999969482422,24.6299991607666,24.920000076293945,24.001249313354492,856600
2010-06-24,24.770000457763672,25.100000381469727,24.770000457763672,24.940000534057617,24.0205135345459,1281800
2010-06-25,25.06999969482422,25.06999969482422,24.600000381469727,24.950000762939453,24.030147552490234,1327700
2010-06-28,24.90999984741211,25.260000228881836,24.899999618530273,25.1200008392334,24.193878173828125,2193100
2010-06-29,24.84000015258789,25.1200008392334,24.639999389648438,24.75,23.83751678466797,2568600
2010-06-30,24.770000457763672,25.31999969482422,24.709999084472656,25.040000915527344,24.1168270111084,2271400
2010-07-01,25.09000015258789,25.09000015258789,24.40999984741211,24.6299991607666,23.72194480895996,1927500
2010-07-02,24.65999984741211,24.770000457763672,24.450000762939453,24.520000457763672,23.615999221801758,1089100
2010-07-06,24.739999771118164,25.020000457763672,24.389999389648438,24.579999923706055,23.673791885375977,935700
2010-07-07,24.559999465942383,25.1200008392334,24.5,25.1200008392334,24.193878173828125,833000
2010-07-08,25.170000076293945,25.5,25.059999465942383,25.5,24.559865951538086,901500
2010-07-09,25.450000762939453,25.639999389648438,25.18000030517578,25.350000381469727,24.4153995513916,917400
2010-07-12,25.31999969482422,25.469999313354492,25.170000076293945,25.290000915527344,24.35761260986328,862500
2010-07-13,25.459999084472656,26.049999237060547,25.459999084472656,26.010000228881836,25.051067352294922,1826500
2010-07-14,25.989999771118164,26.18000030517578,25.860000610351562,26.0,25.04143524169922,992800
2010-07-15,25.8799991607666,26.239999771118164,25.850000381469727,26.170000076293945,25.205163955688477,1232200
2010-07-16,25.979999542236328,26.1299991607666,25.780000686645508,25.899999618530273,24.94512367248535,1394300
2010-07-19,25.81999969482422,25.860000610351562,25.59000015258789,25.860000610351562,24.90659523010254,1764200
2010-07-20,25.579999923706055,26.600000381469727,25.440000534057617,26.559999465942383,25.58078956604004,3295800
2010-07-21,26.770000457763672,27.350000381469727,26.59000015258789,26.709999084472656,25.725257873535156,2039000
2010-07-22,27.559999465942383,27.600000381469727,26.979999542236328,27.459999084472656,26.44760513305664,2530900
2010-07-23,27.389999389648438,28.06999969482422,27.280000686645508,28.049999237060547,27.015853881835938,1477800
2010-07-26,28.020000457763672,28.030000686645508,27.540000915527344,27.729999542236328,26.707653045654297,1502400
2010-07-27,27.770000457763672,27.940000534057617,27.489999771118164,27.8700008392334,26.842493057250977,1097700
2010-07-28,27.75,27.860000610351562,27.25,27.3700008392334,26.360925674438477,1138100
2010-07-29,27.690000534057617,27.690000534057617,27.200000762939453,27.540000915527344,26.524656295776367,1139500
2010-07-30,27.31999969482422,27.850000381469727,27.209999084472656,27.829999923706055,26.80396270751953,1082400
2010-08-02,27.989999771118164,28.389999389648438,27.979999542236328,28.309999465942383,27.266267776489258,1150400
2010-08-03,28.190000534057617,28.450000762939453,28.079999923706055,28.139999389648438,27.102537155151367,796000
2010-08-04,28.239999771118164,28.34000015258789,28.149999618530273,28.260000228881836,27.21811294555664,864000
2010-08-05,28.1200008392334,28.479999542236328,28.049999237060547,28.399999618530273,27.352951049804688,963600
2010-08-06,28.299999237060547,29.040000915527344,28.170000076293945,28.5,27.449264526367188,1862000
2010-08-09,28.479999542236328,28.670000076293945,28.459999084472656,28.549999237060547,27.497421264648438,923000
2010-08-10,28.270000457763672,28.760000228881836,28.1299991607666,28.65999984741211,27.603364944458008,1058500
2010-08-11,28.350000381469727,28.440000534057617,27.989999771118164,28.18000030517578,27.141063690185547,1087800
2010-08-12,27.899999618530273,28.18000030517578,27.75,28.170000076293945,27.131431579589844,817400
2010-08-13,28.1299991607666,28.350000381469727,28.030000686645508,28.170000076293945,27.131431579589844,690000
2010-08-16,28.100000381469727,28.200000762939453,27.68000030517578,27.8700008392334,26.842493057250977,1272200
2010-08-17,28.15999984741211,28.770000457763672,28.110000610351562,28.59000015258789,27.535945892333984,1186600
2010-08-18,28.510000228881836,28.940000534057617,28.3700008392334,28.8799991607666,27.81525230407715,1647300
2010-08-19,28.700000762939453,28.969999313354492,28.3799991607666,28.579999923706055,27.526315689086914,1326200
2010-08-20,28.479999542236328,28.690000534057617,28.40999984741211,28.670000076293945,27.612998962402344,753500
2010-08-23,28.860000610351562,28.860000610351562,28.530000686645508,28.6200008392334,27.564842224121094,1250600
2010-08-24,28.290000915527344,28.899999618530273,27.959999084472656,28.1299991607666,27.092906951904297,2362600
2010-08-25,28.049999237060547,28.209999084472656,27.809999465942383,28.1299991607666,27.092906951904297,2091800
2010-08-26,28.219999313354492,28.270000457763672,27.719999313354492,27.799999237060547,26.775070190429688,1118600
2010-08-27,27.860000610351562,28.030000686645508,27.540000915527344,27.950000762939453,26.919544219970703,1038900
2010-08-30,27.940000534057617,28.09000015258789,27.6200008392334,27.690000534057617,26.669126510620117,1086200
2010-08-31,27.549999237060547,27.979999542236328,27.530000686645508,27.850000381469727,26.82322883605957,1251000
2010-09-01,28.170000076293945,28.420000076293945,28.079999923706055,28.329999923706055,27.28553009033203,1407100
2010-09-02,28.3700008392334,28.610000610351562,28.139999389648438,28.579999923706055,27.526315689086914,754400
2010-09-03,28.799999237060547,28.799999237060547,28.270000457763672,28.540000915527344,27.487791061401367,1275400
2010-09-07,28.43000030517578,28.899999618530273,28.3799991607666,28.670000076293945,27.612998962402344,927500
2010-09-08,28.709999084472656,29.139999389648438,28.610000610351562,29.079999923706055,28.007884979248047,1057800
2010-09-09,29.3700008392334,29.3700008392334,28.959999084472656,29.110000610351562,28.036773681640625,1093900
2010-09-10,29.110000610351562,29.489999771118164,29.010000228881836,29.309999465942383,28.229398727416992,979000
2010-09-13,29.5,29.6200008392334,29.15999984741211,29.559999465942383,28.47018051147461,1329500
2010-09-14,29.600000381469727,29.889999389648438,29.459999084472656,29.639999389648438,28.54723358154297,917200
2010-09-15,29.450000762939453,29.670000076293945,28.559999465942383,29.260000228881836,28.18124008178711,1164900
2010-09-16,29.219999313354492,29.25,28.760000228881836,28.93000030517578,27.863412857055664,1601300
2010-09-17,28.93000030517578,29.0,28.06999969482422,28.219999313354492,27.179584503173828,3405900
2010-09-20,28.219999313354492,28.5,28.1299991607666,28.389999389648438,27.343318939208984,865000
2010-09-21,28.489999771118164,28.690000534057617,28.299999237060547,28.610000610351562,27.555208206176758,994500
2010-09-22,28.5,28.65999984741211,28.350000381469727,28.3700008392334,27.324054718017578,844900
2010-09-23,28.139999389648438,28.579999923706055,27.81999969482422,28.200000762939453,27.16032600402832,714800
2010-09-24,28.290000915527344,28.329999923706055,27.959999084472656,28.280000686645508,27.237375259399414,2250400
2010-09-27,28.190000534057617,28.559999465942383,28.190000534057617,28.389999389648438,27.343318939208984,1375200
2010-09-28,28.43000030517578,28.559999465942383,28.170000076293945,28.520000457763672,27.468528747558594,764200
2010-09-29,28.450000762939453,28.65999984741211,28.40999984741211,28.549999237060547,27.497421264648438,576500
2010-09-30,28.690000534057617,28.850000381469727,28.450000762939453,28.65999984741211,27.603364944458008,1214000
2010-10-01,28.8700008392334,29.1200008392334,28.809999465942383,28.989999771118164,27.92119598388672,1225200
2010-10-04,29.0,29.09000015258789,28.559999465942383,28.770000457763672,27.70931053161621,1087000
2010-10-05,28.940000534057617,29.1299991607666,28.940000534057617,28.950000762939453,27.882673263549805,1094900
2010-10-06,28.8799991607666,29.059999465942383,28.8700008392334,29.0,27.93082618713379,612100
2010-10-07,29.059999465942383,29.15999984741211,28.850000381469727,29.020000457763672,27.950096130371094,752200
2010-10-08,29.0,29.049999237060547,28.440000534057617,28.510000228881836,27.458898544311523,2164900
2010-10-11,28.5,29.059999465942383,28.479999542236328,28.920000076293945,27.853778839111328,1354200
2010-10-12,28.93000030517578,28.969999313354492,28.739999771118164,28.889999389648438,27.824880599975586,1051100
2010-10-13,29.059999465942383,29.43000030517578,28.889999389648438,29.219999313354492,28.142717361450195,860000
2010-10-14,29.290000915527344,29.700000762939453,29.290000915527344,29.690000534057617,28.595394134521484,1274800
2010-10-15,29.860000610351562,30.110000610351562,29.700000762939453,29.920000076293945,28.81690788269043,2253500
2010-10-18,29.959999084472656,30.0,29.729999542236328,29.739999771118164,28.64354705810547,1854200
2010-10-19,29.979999542236328,30.719999313354492,29.299999237060547,30.6200008392334,29.491098403930664,3989000
2010-10-20,30.790000915527344,31.149999618530273,30.6299991607666,30.809999465942383,29.67409896850586,1415400
2010-10-21,30.899999618530273,31.1299991607666,30.81999969482422,31.010000228881836,29.866722106933594,1257500
2010-10-22,31.0,31.010000228881836,30.6200008392334,30.850000381469727,29.71262550354004,779800
2010-10-25,31.0,31.579999923706055,31.0,31.270000457763672,30.11713981628418,1151800
2010-10-26,31.190000534057617,31.420000076293945,30.90999984741211,31.3799991607666,30.223085403442383,867500
2010-10-27,31.149999618530273,31.440000534057617,31.079999923706055,31.420000076293945,30.261613845825195,1458100
2010-10-28,31.540000915527344,31.950000762939453,31.5,31.84000015258789,30.666126251220703,1149600
2010-10-29,31.739999771118164,32.22999954223633,31.739999771118164,32.18000030517578,30.993589401245117,1556000
2010-11-01,32.31999969482422,32.7400016784668,32.0,32.16999816894531,30.983957290649414,1142900
2010-11-02,32.34000015258789,32.58000183105469,32.16999816894531,32.25,31.061010360717773,982800
2010-11-03,32.209999084472656,32.27000045776367,31.6200008392334,31.860000610351562,30.685392379760742,1216600
2010-11-04,32.0,32.90999984741211,32.0,32.90999984741211,31.696674346923828,804600
2010-11-05,32.790000915527344,32.900001525878906,32.439998626708984,32.5,31.30179214477539,883500
2010-11-08,32.400001525878906,32.790000915527344,32.29999923706055,32.790000915527344,31.581096649169922,830400
2010-11-09,32.77000045776367,32.790000915527344,32.220001220703125,32.33000183105469,31.138063430786133,695000
2010-11-10,32.2400016784668,32.279998779296875,31.889999389648438,32.06999969482422,30.887645721435547,926700
2010-11-11,31.8700008392334,32.45000076293945,31.799999237060547,32.400001525878906,31.205480575561523,527200
2010-11-12,31.549999237060547,32.06999969482422,31.09000015258789,31.09000015258789,29.943775177001953,2257300
2010-11-15,31.1200008392334,31.790000915527344,31.09000015258789,31.299999237060547,30.146034240722656,550400
2010-11-16,31.020000457763672,31.139999389648438,30.610000610351562,30.81999969482422,29.683731079101562,713900
2010-11-17,30.770000457763672,30.8799991607666,30.469999313354492,30.530000686645508,29.4044246673584,1057300
2010-11-18,30.739999771118164,31.059999465942383,30.479999542236328,30.56999969482422,29.442947387695312,1939100
2010-11-19,30.549999237060547,31.209999084472656,30.469999313354492,31.049999237060547,29.905248641967773,1083300
2010-11-22,31.030000686645508,31.40999984741211,30.860000610351562,31.3700008392334,30.21345329284668,856200
2010-11-23,31.1299991607666,31.15999984741211,30.65999984741211,30.979999542236328,29.837831497192383,1254800
2010-11-24,31.1200008392334,31.479999542236328,31.100000381469727,31.43000030517578,30.271242141723633,490000
2010-11-26,31.170000076293945,31.420000076293945,31.1299991607666,31.209999084472656,30.059354782104492,151200
2010-11-29,31.1200008392334,31.229999542236328,30.700000762939453,31.0,29.857093811035156,602300
2010-11-30,30.829999923706055,31.15999984741211,30.739999771118164,31.030000686645508,29.8859920501709,884600
2010-12-01,31.389999389648438,31.84000015258789,31.209999084472656,31.75,30.579444885253906,831900
2010-12-02,31.780000686645508,32.54999923706055,31.610000610351562,32.27000045776367,31.08027458190918,945000
2010-12-03,32.34000015258789,32.459999084472656,32.099998474121094,32.310001373291016,31.118797302246094,1192000
2010-12-06,32.31999969482422,32.31999969482422,31.940000534057617,31.969999313354492,30.791332244873047,910500
2010-12-07,32.099998474121094,32.15999984741211,31.75,32.060001373291016,30.878021240234375,1160700
2010-12-08,32.060001373291016,32.25,31.979999542236328,32.22999954223633,31.041749954223633,1043700
2010-12-09,32.38999938964844,32.59000015258789,31.920000076293945,32.119998931884766,30.935806274414062,1423500
2010-12-10,32.529998779296875,33.060001373291016,32.529998779296875,32.93000030517578,31.715938568115234,1108200
2010-12-13,33.2599983215332,33.599998474121094,33.11000061035156,33.40999984741211,32.178245544433594,1871800
2010-12-14,33.38999938964844,33.97999954223633,33.38999938964844,33.79999923706055,32.553863525390625,1187000
2010-12-15,33.779998779296875,33.880001068115234,33.540000915527344,33.599998474121094,32.36123275756836,798600
2010-12-16,33.52000045776367,33.790000915527344,33.29999923706055,33.709999084472656,32.46717834472656,888800
2010-12-17,33.560001373291016,33.650001525878906,33.2599983215332,33.5099983215332,32.274559020996094,1271000
2010-12-20,33.52000045776367,33.58000183105469,33.04999923706055,33.209999084472656,31.985614776611328,993900
2010-12-21,33.45000076293945,33.86000061035156,33.25,33.77000045776367,32.52497100830078,1004400
2010-12-22,33.65999984741211,33.900001525878906,33.65999984741211,33.849998474121094,32.602020263671875,725000
2010-12-23,33.86000061035156,33.9900016784668,33.7400016784668,33.79999923706055,32.553863525390625,483400
2010-12-27,33.650001525878906,33.88999938964844,33.56999969482422,33.7599983215332,32.515342712402344,515000
2010-12-28,33.81999969482422,33.869998931884766,33.560001373291016,33.72999954223633,32.4864387512207,607000
2010-12-29,33.72999954223633,33.88999938964844,33.59000015258789,33.720001220703125,32.47681427001953,685400
2010-12-30,33.709999084472656,33.9900016784668,33.630001068115234,33.81999969482422,32.573123931884766,505400
2010-12-31,33.72999954223633,33.83000183105469,33.34000015258789,33.380001068115234,32.14934539794922,734700
2011-01-03,33.56999969482422,33.81999969482422,33.38999938964844,33.70000076293945,32.45754623413086,1639800
2011-01-04,33.79999923706055,33.9900016784668,33.4900016784668,33.84000015258789,32.592384338378906,1042200
2011-01-05,33.869998931884766,34.08000183105469,33.599998474121094,33.869998931884766,32.62128829956055,1451000
2011-01-06,34.0,34.060001373291016,33.56999969482422,33.95000076293945,32.69833755493164,1106200
2011-01-07,33.90999984741211,34.09000015258789,33.790000915527344,33.869998931884766,32.62128829956055,1035300
2011-01-10,33.86000061035156,33.880001068115234,33.34000015258789,33.43000030517578,32.197509765625,1597300
2011-01-11,33.70000076293945,33.70000076293945,32.689998626708984,33.0,31.783353805541992,2819300
2011-01-12,33.09000015258789,33.59000015258789,32.97999954223633,33.33000183105469,32.1011962890625,2396100
2011-01-13,33.22999954223633,33.560001373291016,33.22999954223633,33.34000015258789,32.1108283996582,883400
2011-01-14,33.310001373291016,33.31999969482422,32.86000061035156,33.040000915527344,31.821887969970703,809500
2011-01-18,33.029998779296875,33.400001525878906,33.0099983215332,33.2599983215332,32.03377151489258,794400
2011-01-19,33.29999923706055,33.380001068115234,32.869998931884766,33.06999969482422,31.850778579711914,991400
2011-01-20,32.849998474121094,33.13999938964844,32.689998626708984,32.93000030517578,31.715938568115234,1127100
2011-01-21,33.0,33.22999954223633,32.93000030517578,33.11000061035156,31.88930320739746,1210400
2011-01-24,33.029998779296875,33.63999938964844,33.029998779296875,33.5099983215332,32.274559020996094,924600
2011-01-25,33.540000915527344,33.540000915527344,33.13999938964844,33.4900016784668,32.25529479980469,1119500
2011-01-26,33.540000915527344,34.0099983215332,33.27000045776367,33.97999954223633,32.727230072021484,1764800
2011-01-27,33.939998626708984,34.369998931884766,33.720001220703125,33.790000915527344,32.54423141479492,1776900
2011-01-28,33.95000076293945,34.0,33.04999923706055,33.16999816894531,31.947092056274414,1241700
2011-01-31,33.279998779296875,33.52000045776367,33.15999984741211,33.36000061035156,32.13008499145508,1322300
2011-02-01,33.619998931884766,33.84000015258789,33.5,33.70000076293945,32.45754623413086,1056900
2011-02-02,34.83000183105469,36.279998779296875,34.83000183105469,35.63999938964844,34.326026916503906,3878100
2011-02-03,35.599998474121094,36.45000076293945,35.599998474121094,36.290000915527344,34.952064514160156,2032600
2011-02-04,36.40999984741211,36.41999816894531,35.970001220703125,36.31999969482422,34.980953216552734,955500
2011-02-07,36.2400016784668,36.779998779296875,36.2400016784668,36.52000045776367,35.17357635498047,866300
2011-02-08,36.5,36.779998779296875,36.380001068115234,36.4900016784668,35.14469528198242,641900
2011-02-09,36.33000183105469,36.54999923706055,36.119998931884766,36.52000045776367,35.17357635498047,774400
2011-02-10,36.220001220703125,37.16999816894531,36.220001220703125,37.08000183105469,35.71294021606445,1175600
2011-02-11,37.79999923706055,38.189998626708984,37.290000915527344,37.86000061035156,36.464176177978516,1575400
2011-02-14,37.849998474121094,38.13999938964844,37.790000915527344,37.84000015258789,36.44491195678711,773300
2011-02-15,37.81999969482422,38.04999923706055,37.61000061035156,37.869998931884766,36.47380065917969,658000
2011-02-16,37.869998931884766,38.209999084472656,37.84000015258789,38.18000030517578,36.77237319946289,654700
2011-02-17,38.02000045776367,38.5,37.880001068115234,37.97999954223633,36.57975769042969,949800
2011-02-18,38.0,38.54999923706055,37.91999816894531,38.40999984741211,36.99390411376953,1092200
2011-02-22,37.4900016784668,38.22999954223633,37.22999954223633,37.369998931884766,35.99224090576172,1248800
2011-02-23,37.72999954223633,37.869998931884766,37.15999984741211,37.5,36.11745834350586,1747900
2011-02-24,37.2599983215332,38.11000061035156,37.20000076293945,37.88999938964844,36.49306869506836,1141900
2011-02-25,37.880001068115234,38.54999923706055,37.880001068115234,38.5099983215332,37.090213775634766,970000
2011-02-28,38.369998931884766,38.619998931884766,38.2400016784668,38.47999954223633,37.061317443847656,794300
2011-03-01,38.4900016784668,38.72999954223633,38.08000183105469,38.119998931884766,36.714595794677734,895600
2011-03-02,38.0,38.59000015258789,37.880001068115234,38.5099983215332,37.090213775634766,761500
2011-03-03,38.66999816894531,39.279998779296875,38.66999816894531,38.97999954223633,37.54288864135742,943500
2011-03-04,39.02000045776367,39.13999938964844,38.400001525878906,39.119998931884766,37.6777229309082,1000900
2011-03-07,39.08000183105469,39.95000076293945,38.650001525878906,38.869998931884766,37.436946868896484,1008600
2011-03-08,38.900001525878906,39.38999938964844,38.61000061035156,39.310001373291016,37.8607292175293,567400
2011-03-09,39.310001373291016,39.529998779296875,38.79999923706055,39.47999954223633,38.024452209472656,832300
2011-03-10,39.029998779296875,39.22999954223633,38.66999816894531,39.0,37.56215286254883,1385400
2011-03-11,38.75,39.130001068115234,38.7400016784668,38.9900016784668,37.55251693725586,1025500
2011-03-14,38.75,39.0,38.310001373291016,38.369998931884766,36.955379486083984,1147500
2011-03-15,37.41999816894531,37.900001525878906,36.849998474121094,37.150001525878906,35.78036117553711,2619200
2011-03-16,36.849998474121094,37.0,36.04999923706055,36.7599983215332,35.40473556518555,2062400
2011-03-17,37.2400016784668,37.41999816894531,36.849998474121094,36.86000061035156,35.50104522705078,1185800
2011-03-18,37.11000061035156,37.47999954223633,37.11000061035156,37.290000915527344,35.915199279785156,768100
2011-03-21,37.59000015258789,38.08000183105469,37.45000076293945,38.029998779296875,36.62791442871094,942000
2011-03-22,38.0099983215332,38.16999816894531,37.689998626708984,37.93000030517578,36.5316047668457,682300
2011-03-23,37.97999954223633,38.779998779296875,37.939998626708984,38.65999984741211,37.234683990478516,1180600
2011-03-24,38.939998626708984,38.970001220703125,38.54999923706055,38.880001068115234,37.446571350097656,916100
2011-03-25,38.88999938964844,39.59000015258789,38.83000183105469,39.369998931884766,37.91850662231445,1055600
2011-03-28,39.45000076293945,39.66999816894531,38.63999938964844,38.63999938964844,37.21542739868164,844600
2011-03-29,38.560001373291016,38.599998474121094,37.970001220703125,38.040000915527344,36.63754653930664,1314900
2011-03-30,38.2599983215332,38.779998779296875,38.13999938964844,38.75,37.32136154174805,1140800
2011-03-31,38.779998779296875,38.93000030517578,38.400001525878906,38.58000183105469,37.15764236450195,1016600
2011-04-01,38.66999816894531,39.08000183105469,38.4900016784668,38.619998931884766,37.19615936279297,700200
2011-04-04,38.709999084472656,38.84000015258789,38.439998626708984,38.59000015258789,37.167266845703125,1118000
2011-04-05,38.61000061035156,38.70000076293945,38.470001220703125,38.56999969482422,37.148006439208984,1548000
2011-04-06,38.650001525878906,38.81999969482422,38.31999969482422,38.400001525878906,36.98427200317383,858500
2011-04-07,38.290000915527344,38.630001068115234,38.220001220703125,38.59000015258789,37.167266845703125,1495200
2011-04-08,38.7599983215332,38.900001525878906,38.18000030517578,38.29999923706055,36.88795471191406,1296800
2011-04-11,38.33000183105469,38.400001525878906,37.66999816894531,38.040000915527344,36.63754653930664,1758500
2011-04-12,37.720001220703125,38.45000076293945,37.70000076293945,38.029998779296875,36.62791442871094,992400
2011-04-13,38.33000183105469,38.709999084472656,38.13999938964844,38.470001220703125,37.05168914794922,1102300
2011-04-14,38.400001525878906,38.91999816894531,38.060001373291016,38.84000015258789,37.408050537109375,810300
2011-04-15,38.90999984741211,39.599998474121094,38.59000015258789,39.470001220703125,38.01482391357422,1568300
2011-04-18,38.900001525878906,39.25,38.36000061035156,39.13999938964844,37.696990966796875,1254100
2011-04-19,38.810001373291016,39.5099983215332,38.63999938964844,39.2400016784668,37.79330062866211,1525900
2011-04-20,39.290000915527344,40.0,37.02000045776367,37.75,36.35823440551758,5335300
2011-04-21,37.91999816894531,38.290000915527344,37.619998931884766,37.83000183105469,36.43528366088867,2985600
2011-04-25,38.900001525878906,38.900001525878906,36.83000183105469,36.97999954223633,35.61662292480469,2077300
2011-04-26,37.0,37.720001220703125,36.93000030517578,37.65999984741211,36.27155303955078,2200000
2011-04-27,37.7400016784668,37.7400016784668,36.88999938964844,36.97999954223633,35.61662292480469,1723900
2011-04-28,37.0,37.5,36.84000015258789,37.0,35.635887145996094,1698000
2011-04-29,37.099998474121094,37.43000030517578,37.08000183105469,37.400001525878906,36.02114486694336,784000
2011-05-02,37.459999084472656,37.72999954223633,37.22999954223633,37.72999954223633,36.33897399902344,1385300
2011-05-03,37.61000061035156,38.150001525878906,37.56999969482422,38.099998474121094,36.69533157348633,1413100
2011-05-04,38.130001068115234,39.59000015258789,38.119998931884766,39.31999969482422,37.87035369873047,2884800
2011-05-05,39.16999816894531,39.560001373291016,38.779998779296875,39.0099983215332,37.571773529052734,1470800
2011-05-06,39.290000915527344,39.619998931884766,38.720001220703125,39.08000183105469,37.63920974731445,970300
2011-05-09,38.95000076293945,39.540000915527344,38.75,39.439998626708984,37.98592758178711,1102700
2011-05-10,39.5,40.83000183105469,39.470001220703125,40.689998626708984,39.18984603881836,2595000
2011-05-11,40.56999969482422,40.95000076293945,40.310001373291016,40.58000183105469,39.083900451660156,1201500
2011-05-12,40.66999816894531,41.58000183105469,40.650001525878906,41.16999816894531,39.65214538574219,1940200
2011-05-13,41.2599983215332,41.47999954223633,40.779998779296875,40.95000076293945,39.44026184082031,878700
2011-05-16,40.869998931884766,41.08000183105469,40.41999816894531,40.43000030517578,38.939422607421875,1526400
2011-05-17,40.290000915527344,40.81999969482422,40.0,40.7400016784668,39.237998962402344,1099700
2011-05-18,40.70000076293945,41.220001220703125,40.650001525878906,40.7400016784668,39.237998962402344,1119200
2011-05-19,40.88999938964844,41.349998474121094,40.86000061035156,41.189998626708984,39.67140579223633,858900
2011-05-20,41.11000061035156,41.25,40.709999084472656,41.0,39.48841857910156,761900
2011-05-23,40.5,40.5099983215332,39.95000076293945,40.0099983215332,38.534908294677734,1083800
2011-05-24,40.060001373291016,40.2400016784668,39.5,39.90999984741211,38.438602447509766,1970700
2011-05-25,39.90999984741211,40.099998474121094,39.5,39.77000045776367,38.30376434326172,1282400
2011-05-26,39.790000915527344,40.439998626708984,39.790000915527344,40.130001068115234,38.65049743652344,1012500
2011-05-27,40.13999938964844,40.380001068115234,39.959999084472656,40.11000061035156,38.63123321533203,967600
2011-05-31,40.150001525878906,40.61000061035156,39.66999816894531,40.61000061035156,39.112796783447266,1877600
2011-06-01,40.599998474121094,40.650001525878906,39.540000915527344,39.56999969482422,38.11114501953125,1093000
2011-06-02,39.540000915527344,39.720001220703125,39.02000045776367,39.16999816894531,37.72587966918945,1718400
2011-06-03,38.72999954223633,38.75,37.970001220703125,38.119998931884766,36.714595794677734,1991500
2011-06-06,38.0,38.4900016784668,37.77000045776367,38.20000076293945,36.79164505004883,1866300
2011-06-07,38.25,39.189998626708984,38.2400016784668,38.63999938964844,37.21542739868164,1248000
2011-06-08,38.52000045776367,38.77000045776367,38.22999954223633,38.34000015258789,36.92647933959961,987200
2011-06-09,38.349998474121094,39.15999984741211,38.08000183105469,38.93000030517578,37.49473571777344,940600
2011-06-10,38.619998931884766,38.7599983215332,37.7599983215332,37.81999969482422,36.4256591796875,2644900
2011-06-13,37.970001220703125,38.349998474121094,37.91999816894531,37.970001220703125,36.57011795043945,1948700
2011-06-14,38.36000061035156,38.79999923706055,38.15999984741211,38.18000030517578,36.77237319946289,1520200
2011-06-15,37.779998779296875,38.16999816894531,37.22999954223633,37.47999954223633,36.09818649291992,1422000
2011-06-16,37.43000030517578,37.459999084472656,36.459999084472656,36.970001220703125,35.60700225830078,1163900
2011-06-17,37.22999954223633,37.36000061035156,36.779998779296875,37.2400016784668,35.86703872680664,1074000
2011-06-20,37.0099983215332,37.209999084472656,36.81999969482422,37.029998779296875,35.6647834777832,1229000
2011-06-21,37.130001068115234,38.0099983215332,37.06999969482422,37.79999923706055,36.40639114379883,877700
2011-06-22,37.599998474121094,38.099998474121094,37.560001373291016,37.68000030517578,36.29082107543945,807800
2011-06-23,37.29999923706055,38.029998779296875,36.880001068115234,38.0,36.5990104675293,1065400
2011-06-24,37.900001525878906,38.349998474121094,37.900001525878906,38.09000015258789,36.68569564819336,2050500
2011-06-27,38.20000076293945,38.529998779296875,38.06999969482422,38.189998626708984,36.782012939453125,1064700
2011-06-28,38.209999084472656,38.470001220703125,37.90999984741211,38.43000030517578,37.0131721496582,714900
2011-06-29,38.4900016784668,38.86000061035156,38.349998474121094,38.5,37.08058547973633,790700
2011-06-30,38.45000076293945,38.970001220703125,38.33000183105469,38.81999969482422,37.38878631591797,619700
2011-07-01,38.93000030517578,39.630001068115234,38.88999938964844,39.22999954223633,37.78366470336914,913400
2011-07-05,39.2400016784668,39.400001525878906,38.720001220703125,39.189998626708984,37.74514389038086,919000
2011-07-06,39.040000915527344,39.459999084472656,38.900001525878906,39.130001068115234,37.68735885620117,1154900
2011-07-07,39.5099983215332,39.619998931884766,39.0,39.130001068115234,37.68735885620117,1447400
2011-07-08,38.77000045776367,39.04999923706055,38.65999984741211,39.0,37.56215286254883,723200
2011-07-11,38.58000183105469,39.060001373291016,38.11000061035156,38.33000183105469,36.91685485839844,895900
2011-07-12,38.150001525878906,38.150001525878906,37.15999984741211,38.0,36.5990104675293,1561700
2011-07-13,38.150001525878906,38.88999938964844,38.06999969482422,38.11000061035156,36.70496368408203,1202600
2011-07-14,38.119998931884766,38.27000045776367,37.58000183105469,37.709999084472656,36.31970977783203,854100
2011-07-15,37.849998474121094,38.099998474121094,37.56999969482422,38.06999969482422,36.66644287109375,899400
2011-07-18,37.790000915527344,37.790000915527344,36.29999923706055,36.66999816894531,35.31805419921875,1801300
2011-07-19,36.790000915527344,37.470001220703125,36.790000915527344,37.08000183105469,35.71294021606445,1477900
2011-07-20,38.029998779296875,39.20000076293945,37.06999969482422,38.2599983215332,36.84943389892578,2652500
2011-07-21,38.470001220703125,38.70000076293945,38.2400016784668,38.650001525878906,37.22505187988281,966400
2011-07-22,38.790000915527344,39.06999969482422,38.58000183105469,39.0099983215332,37.571773529052734,994300
2011-07-25,38.70000076293945,39.040000915527344,38.459999084472656,39.0099983215332,37.571773529052734,922800
2011-07-26,38.9900016784668,38.9900016784668,38.63999938964844,38.900001525878906,37.46583938598633,1036100
2011-07-27,38.4900016784668,38.689998626708984,38.15999984741211,38.279998779296875,36.86869430541992,1293500
2011-07-28,38.18000030517578,38.75,37.95000076293945,38.189998626708984,36.782012939453125,1363500
2011-07-29,37.97999954223633,38.52000045776367,37.650001525878906,38.40999984741211,36.99390411376953,977300
2011-08-01,38.720001220703125,39.029998779296875,38.150001525878906,38.470001220703125,37.05168914794922,1313900
2011-08-02,38.11000061035156,38.400001525878906,36.849998474121094,36.900001525878906,35.539573669433594,2139900
2011-08-03,36.900001525878906,37.47999954223633,36.0099983215332,37.38999938964844,36.01150894165039,1761800
2011-08-04,36.779998779296875,36.90999984741211,35.72999954223633,35.880001068115234,34.55718231201172,1643000
2011-08-05,36.220001220703125,36.630001068115234,34.880001068115234,36.380001068115234,35.03874206542969,2554700
2011-08-08,35.130001068115234,35.560001373291016,33.4900016784668,33.58000183105469,32.341976165771484,2062200
2011-08-09,34.45000076293945,36.380001068115234,33.880001068115234,36.310001373291016,34.9713249206543,3000600
2011-08-10,35.400001525878906,35.9900016784668,34.400001525878906,34.43000030517578,33.1606330871582,3222200
2011-08-11,34.7400016784668,35.47999954223633,34.43000030517578,35.040000915527344,33.748146057128906,2504600
2011-08-12,35.33000183105469,35.66999816894531,35.0,35.34000015258789,34.03709030151367,2020800
2011-08-15,35.52000045776367,35.810001373291016,35.290000915527344,35.65999984741211,34.34528350830078,1455500
2011-08-16,35.400001525878906,35.88999938964844,35.2599983215332,35.619998931884766,34.30677032470703,1516800
2011-08-17,35.84000015258789,35.959999084472656,35.38999938964844,35.5,34.19118881225586,1050600
2011-08-18,35.0,35.04999923706055,34.0,34.27000045776367,33.006534576416016,2204200
2011-08-19,33.90999984741211,34.470001220703125,33.45000076293945,33.5,32.264923095703125,1448100
2011-08-22,34.25,34.310001373291016,32.65999984741211,32.779998779296875,31.571470260620117,1812600
2011-08-23,32.95000076293945,33.599998474121094,32.86000061035156,33.5,32.264923095703125,1798300
2011-08-24,33.43000030517578,34.09000015258789,33.220001220703125,33.79999923706055,32.553863525390625,1605500
2011-08-25,34.08000183105469,34.150001525878906,33.0,33.20000076293945,31.975980758666992,2167900
2011-08-26,32.90999984741211,33.7599983215332,32.380001068115234,33.56999969482422,32.33233642578125,1873700
2011-08-29,33.97999954223633,34.939998626708984,33.939998626708984,34.75,33.46884536743164,1653300
2011-08-30,34.59000015258789,35.599998474121094,34.59000015258789,35.40999984741211,34.1045036315918,1410800
2011-08-31,35.75,35.86000061035156,35.150001525878906,35.470001220703125,34.162296295166016,1348300
2011-09-01,35.36000061035156,35.61000061035156,34.7599983215332,34.84000015258789,33.55552291870117,1438400
2011-09-02,34.22999954223633,34.380001068115234,33.66999816894531,34.15999984741211,32.90060043334961,1155100
2011-09-06,33.099998474121094,33.79999923706055,33.0,33.63999938964844,32.39976501464844,1207800
2011-09-07,34.11000061035156,34.380001068115234,33.88999938964844,34.06999969482422,32.81391906738281,1010800
2011-09-08,33.939998626708984,34.22999954223633,33.650001525878906,33.650001525878906,32.409400939941406,1002800
2011-09-09,33.2599983215332,33.279998779296875,32.189998626708984,32.369998931884766,31.176586151123047,1535700
2011-09-12,31.760000228881836,32.099998474121094,31.25,31.8700008392334,30.69502067565918,1876500
2011-09-13,31.760000228881836,32.2400016784668,31.510000228881836,32.04999923706055,30.868383407592773,1167200
2011-09-14,32.0099983215332,32.189998626708984,31.510000228881836,31.729999542236328,30.560182571411133,1870500
2011-09-15,31.959999084472656,32.130001068115234,31.6299991607666,32.029998779296875,30.849117279052734,1246400
2011-09-16,32.06999969482422,32.65999984741211,32.06999969482422,32.220001220703125,31.032119750976562,1317400
2011-09-19,31.65999984741211,31.65999984741211,30.84000015258789,31.309999465942383,30.15566635131836,1803300
2011-09-20,31.260000228881836,31.8700008392334,30.920000076293945,31.15999984741211,30.011194229125977,1841800
2011-09-21,31.1299991607666,32.060001373291016,30.729999542236328,31.290000915527344,30.13640594482422,2909500
2011-09-22,30.290000915527344,30.709999084472656,29.850000381469727,30.25,29.134748458862305,2085400
2011-09-23,30.059999465942383,30.549999237060547,29.8799991607666,30.420000076293945,29.298479080200195,1413700
2011-09-26,30.56999969482422,30.700000762939453,29.739999771118164,30.290000915527344,29.17327308654785,1867200
2011-09-27,30.889999389648438,31.920000076293945,30.889999389648438,31.399999618530273,30.242347717285156,1423000
2011-09-28,31.450000762939453,31.540000915527344,30.56999969482422,30.700000762939453,29.56815528869629,1649300
2011-09-29,31.15999984741211,31.520000457763672,30.489999771118164,31.1200008392334,29.97266960144043,1732000
2011-09-30,30.649999618530273,31.329999923706055,30.43000030517578,30.610000610351562,29.481473922729492,1470500
2011-10-03,30.219999313354492,30.700000762939453,29.290000915527344,29.299999237060547,28.219768524169922,1976800
2011-10-04,28.93000030517578,30.149999618530273,28.68000030517578,30.139999389648438,29.028797149658203,2000000
2011-10-05,30.040000915527344,30.170000076293945,29.260000228881836,29.389999389648438,28.30644989013672,2488800
2011-10-06,29.329999923706055,30.559999465942383,28.93000030517578,30.229999542236328,29.115482330322266,1965500
2011-10-07,30.530000686645508,31.200000762939453,30.25,30.8799991607666,29.74151611328125,1497400
2011-10-10,31.219999313354492,32.09000015258789,31.219999313354492,32.08000183105469,30.897281646728516,1435000
2011-10-11,31.950000762939453,32.529998779296875,31.670000076293945,32.43000030517578,31.234375,1320800
2011-10-12,32.709999084472656,33.150001525878906,32.459999084472656,32.9900016784668,31.773740768432617,1919500
2011-10-13,32.77000045776367,32.88999938964844,32.279998779296875,32.7599983215332,31.55221176147461,768600
2011-10-14,33.130001068115234,33.27000045776367,32.83000183105469,33.15999984741211,31.937463760375977,1013100
2011-10-17,32.91999816894531,33.0,32.060001373291016,32.16999816894531,30.983957290649414,1097500
2011-10-18,32.150001525878906,32.720001220703125,31.75,32.560001373291016,31.359577178955078,1461900
2011-10-19,33.5,33.9900016784668,32.720001220703125,32.880001068115234,31.66778564453125,2396700
2011-10-20,32.75,33.22999954223633,32.38999938964844,33.16999816894531,31.947092056274414,1387700
2011-10-21,33.400001525878906,33.56999969482422,32.84000015258789,33.04999923706055,31.83151626586914,1394500
2011-10-24,33.029998779296875,33.43000030517578,32.869998931884766,33.27000045776367,32.04340744018555,1269100
2011-10-25,33.25,33.41999816894531,32.54999923706055,32.61000061035156,31.407737731933594,1422400
2011-10-26,32.959999084472656,33.150001525878906,32.459999084472656,32.90999984741211,31.696674346923828,1338000
2011-10-27,33.810001373291016,34.86000061035156,33.599998474121094,34.27000045776367,33.006534576416016,1963200
2011-10-28,34.27000045776367,34.810001373291016,34.189998626708984,34.66999816894531,33.39179229736328,1672800
2011-10-31,34.31999969482422,34.47999954223633,33.7599983215332,33.790000915527344,32.54423141479492,1013000
2011-11-01,32.70000076293945,33.22999954223633,32.5,32.7599983215332,31.55221176147461,2067300
2011-11-02,33.130001068115234,33.27000045776367,32.77000045776367,32.9900016784668,31.773740768432617,1216200
2011-11-03,33.150001525878906,33.61000061035156,32.900001525878906,33.459999084472656,32.22639083862305,1275800
2011-11-04,33.22999954223633,33.810001373291016,33.0,33.75,32.50571060180664,1549500
2011-11-07,33.529998779296875,33.72999954223633,33.0099983215332,33.459999084472656,32.22639083862305,629400
2011-11-08,33.52000045776367,33.869998931884766,33.189998626708984,33.75,32.50571060180664,543700
2011-11-09,33.08000183105469,33.09000015258789,32.0099983215332,32.2400016784668,31.051382064819336,1670300
2011-11-10,32.709999084472656,32.869998931884766,32.09000015258789,32.400001525878906,31.205480575561523,1692700
2011-11-11,32.81999969482422,33.459999084472656,32.779998779296875,33.20000076293945,31.975980758666992,708000
2011-11-14,33.0,33.25,32.630001068115234,32.689998626708984,31.484785079956055,573600
2011-11-15,32.56999969482422,32.79999923706055,32.31999969482422,32.43000030517578,31.234375,905300
2011-11-16,32.380001068115234,32.630001068115234,32.02000045776367,32.040000915527344,30.858755111694336,794900
2011-11-17,32.150001525878906,32.470001220703125,31.399999618530273,31.59000015258789,30.425342559814453,1876200
2011-11-18,31.75,31.799999237060547,31.190000534057617,31.239999771118164,30.08824348449707,1115600
2011-11-21,30.770000457763672,30.93000030517578,30.450000762939453,30.729999542236328,29.597043991088867,1532600
2011-11-22,30.600000381469727,30.790000915527344,30.350000381469727,30.549999237060547,29.423681259155273,756600
2011-11-23,30.43000030517578,30.760000228881836,29.920000076293945,30.40999984741211,29.288846969604492,1237400
2011-11-25,30.229999542236328,30.59000015258789,30.15999984741211,30.25,29.134748458862305,485800
2011-11-28,30.920000076293945,31.290000915527344,30.84000015258789,31.139999389648438,29.991933822631836,1058100
2011-11-29,31.209999084472656,31.950000762939453,31.09000015258789,31.510000228881836,30.34829330444336,882600
2011-11-30,32.439998626708984,32.7400016784668,31.8700008392334,32.310001373291016,31.118797302246094,1442800
2011-12-01,32.09000015258789,32.83000183105469,32.060001373291016,32.15999984741211,30.97433090209961,778300
2011-12-02,32.470001220703125,32.75,32.27000045776367,32.439998626708984,31.243999481201172,900900
2011-12-05,32.7599983215332,33.119998931884766,32.689998626708984,32.88999938964844,31.677412033081055,1295300
2011-12-06,33.54999923706055,33.90999984741211,33.060001373291016,33.13999938964844,31.918201446533203,1567500
2011-12-07,33.040000915527344,33.040000915527344,32.65999984741211,32.88999938964844,31.677412033081055,988500
2011-12-08,32.720001220703125,32.849998474121094,32.439998626708984,32.650001525878906,31.446258544921875,1305200
2011-12-09,32.720001220703125,32.81999969482422,32.400001525878906,32.560001373291016,31.359577178955078,885800
2011-12-12,32.27000045776367,32.400001525878906,32.0,32.2400016784668,31.051382064819336,1099900
2011-12-13,32.310001373291016,32.65999984741211,31.709999084472656,31.860000610351562,30.685392379760742,1097600
2011-12-14,31.84000015258789,32.650001525878906,31.780000686645508,32.22999954223633,31.041749954223633,1823300
2011-12-15,32.45000076293945,33.38999938964844,32.43000030517578,33.189998626708984,31.966350555419922,2591200
2011-12-16,33.470001220703125,33.84000015258789,33.119998931884766,33.310001373291016,32.08192443847656,1676300
2011-12-19,33.33000183105469,33.439998626708984,32.400001525878906,32.4900016784668,31.29216957092285,913100
2011-12-20,32.93000030517578,33.790000915527344,32.93000030517578,33.5099983215332,32.274559020996094,1389400
2011-12-21,33.4900016784668,33.68000030517578,33.22999954223633,33.630001068115234,32.390132904052734,1026900
2011-12-22,33.599998474121094,34.33000183105469,33.599998474121094,34.15999984741211,32.90060043334961,861600
2011-12-23,34.15999984741211,34.72999954223633,33.83000183105469,34.4900016784668,33.21842956542969,836600
2011-12-27,34.43000030517578,34.439998626708984,34.0,34.13999938964844,32.88132858276367,675800
2011-12-28,34.29999923706055,34.34000015258789,33.04999923706055,33.06999969482422,31.850778579711914,891800
2011-12-29,33.220001220703125,33.97999954223633,33.20000076293945,33.88999938964844,32.64054870605469,695700
2011-12-30,33.86000061035156,33.86000061035156,33.560001373291016,33.58000183105469,32.341976165771484,373400
2012-01-03,34.150001525878906,34.150001525878906,33.75,33.790000915527344,32.54423141479492,1088100
2012-01-04,33.63999938964844,34.189998626708984,33.619998931884766,34.11000061035156,32.852439880371094,1201100
2012-01-05,33.95000076293945,34.310001373291016,33.470001220703125,34.27000045776367,33.006534576416016,1240000
2012-01-06,34.279998779296875,34.5,33.959999084472656,34.2599983215332,32.99689865112305,960900
2012-01-09,34.279998779296875,34.33000183105469,33.88999938964844,33.90999984741211,32.65980911254883,876000
2012-01-10,34.279998779296875,34.34000015258789,33.790000915527344,33.81999969482422,32.573123931884766,1792600
2012-01-11,33.79999923706055,34.439998626708984,33.72999954223633,34.130001068115234,32.87169647216797,760500
2012-01-12,34.18000030517578,34.459999084472656,34.099998474121094,34.400001525878906,33.13174057006836,729900
2012-01-13,34.099998474121094,34.130001068115234,33.56999969482422,33.97999954223633,32.727230072021484,752700
2012-01-17,34.31999969482422,34.560001373291016,33.83000183105469,33.86000061035156,32.61165237426758,736200
2012-01-18,33.7599983215332,34.400001525878906,33.75,34.400001525878906,33.13174057006836,642100
2012-01-19,34.38999938964844,35.06999969482422,34.029998779296875,34.93000030517578,33.64220428466797,674100
2012-01-20,34.79999923706055,34.810001373291016,34.45000076293945,34.619998931884766,33.34363555908203,633900
2012-01-23,34.7599983215332,35.06999969482422,34.5,34.7599983215332,33.47846603393555,768600
2012-01-24,34.650001525878906,35.290000915527344,34.52000045776367,35.119998931884766,33.8251953125,1211100
2012-01-25,35.0,35.4900016784668,34.720001220703125,35.36000061035156,34.056358337402344,768200
2012-01-26,35.59000015258789,36.83000183105469,35.470001220703125,36.4900016784668,35.14469528198242,1914500
2012-01-27,36.36000061035156,36.81999969482422,35.959999084472656,36.11000061035156,34.7786979675293,1048500
2012-01-30,35.88999938964844,36.209999084472656,35.619998931884766,36.11000061035156,34.7786979675293,729700
2012-01-31,36.18000030517578,36.34000015258789,36.02000045776367,36.06999969482422,34.74017333984375,806900
2012-02-01,36.33000183105469,37.040000915527344,36.130001068115234,36.2400016784668,34.90391540527344,1884600
2012-02-02,35.439998626708984,35.72999954223633,34.529998779296875,35.5099983215332,34.2008171081543,1768100
2012-02-03,35.849998474121094,36.560001373291016,35.61000061035156,36.290000915527344,34.952064514160156,1233600
2012-02-06,36.13999938964844,36.7400016784668,36.119998931884766,36.72999954223633,35.3758430480957,1040200
2012-02-07,36.650001525878906,37.29999923706055,36.599998474121094,37.0099983215332,35.64552307128906,1193900
2012-02-08,37.0099983215332,37.56999969482422,36.93000030517578,37.209999084472656,35.83814239501953,1274600
2012-02-09,37.290000915527344,37.900001525878906,37.25,37.810001373291016,36.41603088378906,1498000
2012-02-10,37.380001068115234,37.52000045776367,37.130001068115234,37.5,36.11745834350586,1133700
2012-02-13,37.75,37.93000030517578,37.290000915527344,37.349998474121094,35.97298049926758,1770100
2012-02-14,37.08000183105469,37.18000030517578,36.709999084472656,36.9900016784668,35.62625503540039,1538600
2012-02-15,36.97999954223633,37.290000915527344,36.88999938964844,37.099998474121094,35.73219299316406,1602100
2012-02-16,37.029998779296875,37.61000061035156,36.91999816894531,37.54999923706055,36.16561508178711,727200
2012-02-17,37.7400016784668,37.77000045776367,36.790000915527344,36.81999969482422,35.462520599365234,828700
2012-02-21,36.9900016784668,37.29999923706055,36.959999084472656,37.119998931884766,35.75146484375,516900
2012-02-22,37.060001373291016,37.2599983215332,36.52000045776367,36.52000045776367,35.17357635498047,615100
2012-02-23,36.470001220703125,36.720001220703125,36.2599983215332,36.540000915527344,35.192848205566406,431200
2012-02-24,36.529998779296875,36.959999084472656,36.31999969482422,36.599998474121094,35.25062561035156,560000
2012-02-27,36.36000061035156,36.75,36.150001525878906,36.61000061035156,35.26026153564453,596300
2012-02-28,36.54999923706055,37.060001373291016,36.54999923706055,36.63999938964844,35.28915023803711,626100
2012-02-29,36.75,37.25,36.72999954223633,36.970001220703125,35.60700225830078,945600
2012-03-01,37.0099983215332,37.349998474121094,36.790000915527344,36.939998626708984,35.57809829711914,579200
2012-03-02,36.97999954223633,37.0099983215332,36.43000030517578,36.47999954223633,35.13505935668945,593500
2012-03-05,36.34000015258789,36.5,36.0099983215332,36.290000915527344,34.952064514160156,429900
2012-03-06,36.119998931884766,36.31999969482422,35.7599983215332,36.2400016784668,34.90391540527344,759000
2012-03-07,36.290000915527344,36.619998931884766,36.220001220703125,36.4900016784668,35.14469528198242,684700
2012-03-08,36.619998931884766,36.79999923706055,36.20000076293945,36.34000015258789,35.00021743774414,2289100
2012-03-09,36.380001068115234,36.56999969482422,36.099998474121094,36.2400016784668,34.90391540527344,1881200
2012-03-12,36.29999923706055,36.36000061035156,35.9900016784668,36.04999923706055,34.72090148925781,671500
2012-03-13,36.220001220703125,36.97999954223633,36.15999984741211,36.970001220703125,35.60700225830078,976100
2012-03-14,36.91999816894531,37.279998779296875,36.849998474121094,37.060001373291016,35.69367980957031,814000
2012-03-15,37.06999969482422,37.40999984741211,36.97999954223633,37.400001525878906,36.02114486694336,663700
2012-03-16,37.380001068115234,37.66999816894531,37.20000076293945,37.650001525878906,36.26191711425781,579900
2012-03-19,37.540000915527344,38.130001068115234,37.4900016784668,37.79999923706055,36.40639114379883,750900
2012-03-20,37.54999923706055,37.790000915527344,37.380001068115234,37.68000030517578,36.29082107543945,616300
2012-03-21,37.77000045776367,37.83000183105469,37.470001220703125,37.470001220703125,36.088565826416016,306600
2012-03-22,37.04999923706055,37.04999923706055,36.2400016784668,36.5099983215332,35.1639518737793,900500
2012-03-23,36.459999084472656,36.58000183105469,36.20000076293945,36.560001373291016,35.21211242675781,620900
2012-03-26,36.90999984741211,37.11000061035156,36.630001068115234,36.900001525878906,35.539573669433594,464400
2012-03-27,36.88999938964844,37.150001525878906,36.709999084472656,37.099998474121094,35.73219299316406,770800
2012-03-28,37.0099983215332,37.0099983215332,36.61000061035156,36.939998626708984,35.57809829711914,773200
2012-03-29,36.61000061035156,36.959999084472656,36.58000183105469,36.93000030517578,35.56847381591797,756600
2012-03-30,37.0099983215332,37.04999923706055,36.68000030517578,36.83000183105469,35.47214889526367,1094600
2012-04-02,36.68000030517578,37.529998779296875,36.65999984741211,37.5,36.11745834350586,1477800
2012-04-03,37.290000915527344,37.529998779296875,37.20000076293945,37.5099983215332,36.12708282470703,1723400
2012-04-04,37.02000045776367,37.7400016784668,36.869998931884766,37.630001068115234,36.24266052246094,1346000
2012-04-05,37.599998474121094,37.68000030517578,37.2599983215332,37.4900016784668,36.10782241821289,1783000
2012-04-09,37.0099983215332,37.290000915527344,36.84000015258789,37.25,35.876670837402344,1019700
2012-04-10,37.2599983215332,37.33000183105469,36.310001373291016,36.400001525878906,35.058013916015625,1868500
2012-04-11,37.13999938964844,37.150001525878906,36.2599983215332,36.7599983215332,35.40473556518555,1706400
2012-04-12,36.849998474121094,37.220001220703125,36.720001220703125,36.97999954223633,35.61662292480469,1490900
2012-04-13,36.900001525878906,37.029998779296875,36.56999969482422,36.58000183105469,35.23137283325195,925500
2012-04-16,36.619998931884766,37.04999923706055,36.5,36.84000015258789,35.481788635253906,1042400
2012-04-17,37.0,37.689998626708984,36.970001220703125,37.560001373291016,36.17523193359375,1011200
2012-04-18,37.369998931884766,38.040000915527344,37.34000015258789,37.5,36.11745834350586,2380900
2012-04-19,37.720001220703125,38.560001373291016,37.189998626708984,37.33000183105469,35.9537239074707,1917300
2012-04-20,37.34000015258789,38.060001373291016,37.220001220703125,37.66999816894531,36.28117752075195,1355000
2012-04-23,37.279998779296875,37.290000915527344,36.77000045776367,37.060001373291016,35.69367980957031,765500
2012-04-24,36.90999984741211,37.279998779296875,36.779998779296875,37.040000915527344,35.67441177368164,867400
2012-04-25,37.189998626708984,37.310001373291016,36.68000030517578,36.72999954223633,35.3758430480957,1146000
2012-04-26,36.619998931884766,36.779998779296875,36.189998626708984,36.70000076293945,35.34695816040039,1117200
2012-04-27,36.70000076293945,37.25,36.68000030517578,37.16999816894531,35.799617767333984,1154600
2012-04-30,37.09000015258789,37.150001525878906,36.689998626708984,36.97999954223633,35.61662292480469,1429000
2012-05-01,37.06999969482422,37.470001220703125,36.7599983215332,37.25,35.876670837402344,839700
2012-05-02,37.209999084472656,37.34000015258789,36.959999084472656,37.08000183105469,35.71294021606445,657600
2012-05-03,37.06999969482422,37.209999084472656,36.83000183105469,36.86000061035156,35.50104522705078,956100
2012-05-04,36.7599983215332,36.7599983215332,36.22999954223633,36.25,34.91353225708008,1192700
2012-05-07,36.060001373291016,36.41999816894531,35.869998931884766,36.41999816894531,35.077274322509766,702200
2012-05-08,36.369998931884766,36.599998474121094,35.599998474121094,36.52000045776367,35.17357635498047,1349900
2012-05-09,36.20000076293945,36.70000076293945,36.119998931884766,36.439998626708984,35.09653091430664,749900
2012-05-10,36.72999954223633,36.86000061035156,36.2599983215332,36.79999923706055,35.443260192871094,1741500
2012-05-11,36.63999938964844,36.849998474121094,36.52000045776367,36.709999084472656,35.35657501220703,873200
2012-05-14,36.349998474121094,36.47999954223633,36.060001373291016,36.16999816894531,34.83648681640625,1086900
2012-05-15,36.099998474121094,36.38999938964844,35.79999923706055,36.060001373291016,34.73054885864258,1075200
2012-05-16,36.06999969482422,36.290000915527344,35.27000045776367,35.290000915527344,33.988929748535156,1083100
2012-05-17,35.25,35.38999938964844,34.40999984741211,34.439998626708984,33.17026901245117,640100
2012-05-18,34.459999084472656,34.689998626708984,33.880001068115234,33.9900016784668,32.736854553222656,641000
2012-05-21,34.0,34.58000183105469,33.79999923706055,34.4900016784668,33.21842956542969,1375700
2012-05-22,34.5,34.619998931884766,34.130001068115234,34.279998779296875,33.016178131103516,1322500
2012-05-23,34.040000915527344,34.63999938964844,33.81999969482422,34.5099983215332,33.2376823425293,1121100
2012-05-24,34.599998474121094,34.66999816894531,34.029998779296875,34.400001525878906,33.13174057006836,987300
2012-05-25,34.459999084472656,34.630001068115234,34.310001373291016,34.40999984741211,33.14137649536133,586500
2012-05-29,34.81999969482422,34.900001525878906,34.45000076293945,34.63999938964844,33.362892150878906,547000
2012-05-30,34.540000915527344,34.540000915527344,34.16999816894531,34.290000915527344,33.02579879760742,728000
2012-05-31,34.18000030517578,34.279998779296875,33.56999969482422,34.09000015258789,32.83317565917969,1684400
2012-06-01,33.599998474121094,33.599998474121094,32.689998626708984,32.689998626708984,31.484785079956055,1481400
2012-06-04,32.779998779296875,33.11000061035156,32.400001525878906,33.11000061035156,31.88930320739746,1924300
2012-06-05,32.959999084472656,33.290000915527344,32.54999923706055,33.20000076293945,31.975980758666992,1184200
2012-06-06,33.5,33.66999816894531,33.36000061035156,33.63999938964844,32.39976501464844,1680300
2012-06-07,33.959999084472656,34.31999969482422,33.599998474121094,33.68000030517578,32.438289642333984,1770200
2012-06-08,33.650001525878906,34.380001068115234,33.560001373291016,34.310001373291016,33.04507064819336,1131100
2012-06-11,34.619998931884766,34.65999984741211,33.689998626708984,33.70000076293945,32.45754623413086,800600
2012-06-12,33.70000076293945,34.06999969482422,33.630001068115234,34.040000915527344,32.78501892089844,538300
2012-06-13,33.88999938964844,34.189998626708984,33.790000915527344,33.939998626708984,32.68870544433594,684000
2012-06-14,33.959999084472656,34.27000045776367,33.83000183105469,34.040000915527344,32.78501892089844,414600
2012-06-15,34.04999923706055,34.400001525878906,33.97999954223633,34.31999969482422,33.05469512939453,683700
2012-06-18,34.11000061035156,34.439998626708984,33.880001068115234,34.34000015258789,33.07395553588867,876600
2012-06-19,34.560001373291016,34.900001525878906,34.43000030517578,34.63999938964844,33.362892150878906,691700
2012-06-20,34.540000915527344,35.060001373291016,34.47999954223633,34.849998474121094,33.56515121459961,920600
2012-06-21,34.84000015258789,35.040000915527344,34.25,34.29999923706055,33.03543472290039,870800
2012-06-22,34.310001373291016,34.47999954223633,33.9900016784668,34.189998626708984,32.92948532104492,2377000
2012-06-25,33.7599983215332,33.86000061035156,33.310001373291016,33.54999923706055,32.313087463378906,536900
2012-06-26,33.529998779296875,33.56999969482422,33.08000183105469,33.45000076293945,32.21677017211914,493700
2012-06-27,33.27000045776367,33.7599983215332,33.27000045776367,33.439998626708984,32.20713424682617,1087600
2012-06-28,33.2599983215332,33.97999954223633,33.2599983215332,33.779998779296875,32.53460693359375,1020100
2012-06-29,34.59000015258789,34.91999816894531,34.380001068115234,34.4900016784668,33.21842956542969,1162400
2012-07-02,34.43000030517578,34.43000030517578,33.939998626708984,33.939998626708984,32.68870544433594,1252100
2012-07-03,33.7400016784668,34.27000045776367,33.709999084472656,34.27000045776367,33.006534576416016,884700
2012-07-05,34.13999938964844,34.52000045776367,34.119998931884766,34.33000183105469,33.0643310546875,827400
2012-07-06,34.040000915527344,34.2400016784668,33.939998626708984,34.09000015258789,32.83317565917969,413900
2012-07-09,33.970001220703125,34.18000030517578,33.58000183105469,33.689998626708984,32.44792175292969,817900
2012-07-10,33.7400016784668,34.15999984741211,33.41999816894531,33.63999938964844,32.39976501464844,794500
2012-07-11,33.689998626708984,33.75,33.33000183105469,33.59000015258789,32.35160827636719,821200
2012-07-12,33.41999816894531,33.540000915527344,33.130001068115234,33.40999984741211,32.178245544433594,656200
2012-07-13,33.4900016784668,34.41999816894531,33.41999816894531,34.31999969482422,33.05469512939453,777500
2012-07-16,34.209999084472656,34.220001220703125,33.86000061035156,34.02000045776367,32.76576232910156,728600
2012-07-17,34.060001373291016,34.279998779296875,33.810001373291016,34.09000015258789,32.83317565917969,480200
2012-07-18,34.040000915527344,34.279998779296875,33.7400016784668,34.20000076293945,32.93912124633789,1810100
2012-07-19,34.470001220703125,36.290000915527344,34.13999938964844,36.06999969482422,34.74017333984375,2384300
2012-07-20,35.779998779296875,35.790000915527344,35.029998779296875,35.060001373291016,33.76741027832031,874500
2012-07-23,34.65999984741211,35.45000076293945,34.2599983215332,35.2599983215332,33.96003723144531,1866200
2012-07-24,35.119998931884766,35.25,34.5099983215332,34.81999969482422,33.5362548828125,1042800
2012-07-25,34.93000030517578,35.029998779296875,34.38999938964844,34.86000061035156,33.57478332519531,1006100
2012-07-26,35.11000061035156,35.369998931884766,34.470001220703125,35.060001373291016,33.76741027832031,1589000
2012-07-27,35.2599983215332,35.84000015258789,34.900001525878906,35.630001068115234,34.3163948059082,1407000
2012-07-30,35.75,35.93000030517578,35.56999969482422,35.790000915527344,34.470497131347656,916600
2012-07-31,35.81999969482422,36.029998779296875,35.630001068115234,35.900001525878906,34.576438903808594,1016600
2012-08-01,35.9900016784668,36.16999816894531,35.560001373291016,35.900001525878906,34.576438903808594,1383200
2012-08-02,35.540000915527344,35.90999984741211,35.279998779296875,35.5099983215332,34.2008171081543,1124300
2012-08-03,35.97999954223633,36.540000915527344,35.93000030517578,36.5099983215332,35.1639518737793,977300
2012-08-06,36.54999923706055,36.630001068115234,36.43000030517578,36.45000076293945,35.10616683959961,692700
2012-08-07,36.43000030517578,36.59000015258789,36.18000030517578,36.310001373291016,34.9713249206543,1021900
2012-08-08,36.2400016784668,36.61000061035156,36.099998474121094,36.47999954223633,35.13505935668945,807800
2012-08-09,36.36000061035156,36.650001525878906,36.15999984741211,36.59000015258789,35.241004943847656,721300
2012-08-10,36.790000915527344,36.790000915527344,36.15999984741211,36.43000030517578,35.08689498901367,922100
2012-08-13,36.439998626708984,36.7599983215332,36.29999923706055,36.599998474121094,35.25062561035156,450800
2012-08-14,36.810001373291016,37.04999923706055,36.439998626708984,36.540000915527344,35.192848205566406,1312300
2012-08-15,36.54999923706055,36.86000061035156,36.439998626708984,36.720001220703125,35.3662109375,885100
2012-08-16,36.650001525878906,37.04999923706055,36.650001525878906,36.790000915527344,35.433631896972656,752900
2012-08-17,36.77000045776367,36.900001525878906,36.58000183105469,36.7400016784668,35.385475158691406,517900
2012-08-20,36.84000015258789,36.900001525878906,36.38999938964844,36.72999954223633,35.3758430480957,585000
2012-08-21,36.84000015258789,36.90999984741211,36.470001220703125,36.560001373291016,35.21211242675781,435200
2012-08-22,36.5,36.88999938964844,36.470001220703125,36.880001068115234,35.52030944824219,622900
2012-08-23,36.880001068115234,36.880001068115234,36.540000915527344,36.61000061035156,35.26026153564453,778000
2012-08-24,36.5,36.560001373291016,36.279998779296875,36.38999938964844,35.048377990722656,655000
2012-08-27,36.439998626708984,36.470001220703125,36.09000015258789,36.09000015258789,34.759437561035156,461800
2012-08-28,36.04999923706055,36.04999923706055,35.849998474121094,35.880001068115234,34.55718231201172,694000
2012-08-29,35.9900016784668,36.25,35.849998474121094,36.189998626708984,34.855751037597656,431000
2012-08-30,35.970001220703125,36.279998779296875,35.90999984741211,36.15999984741211,34.82685089111328,548800
2012-08-31,36.43000030517578,36.5099983215332,36.15999984741211,36.25,34.91353225708008,492200
2012-09-04,36.15999984741211,36.22999954223633,35.650001525878906,35.900001525878906,34.576438903808594,613300
2012-09-05,35.869998931884766,35.959999084472656,35.70000076293945,35.86000061035156,34.53792190551758,868600
2012-09-06,36.150001525878906,36.83000183105469,36.119998931884766,36.4900016784668,35.14469528198242,598700
2012-09-07,36.5099983215332,36.900001525878906,36.5099983215332,36.810001373291016,35.45289993286133,462800
2012-09-10,36.79999923706055,37.16999816894531,36.61000061035156,36.900001525878906,35.539573669433594,964700
2012-09-11,37.2400016784668,37.2400016784668,36.790000915527344,36.970001220703125,35.60700225830078,663500
2012-09-12,37.619998931884766,37.619998931884766,36.900001525878906,37.040000915527344,35.67441177368164,427900
2012-09-13,36.880001068115234,37.459999084472656,36.84000015258789,37.220001220703125,35.847774505615234,524100
2012-09-14,37.2400016784668,37.470001220703125,36.7599983215332,37.0099983215332,35.64552307128906,1988800
2012-09-17,37.0,37.29999923706055,36.91999816894531,37.25,35.876670837402344,813200
2012-09-18,37.040000915527344,37.310001373291016,36.959999084472656,37.279998779296875,35.90556716918945,686500
2012-09-19,37.2599983215332,37.5099983215332,36.900001525878906,37.400001525878906,36.02114486694336,755300
2012-09-20,37.20000076293945,37.59000015258789,37.099998474121094,37.40999984741211,36.03076934814453,628400
2012-09-21,37.65999984741211,37.880001068115234,37.040000915527344,37.119998931884766,35.75146484375,1164300
2012-09-24,36.90999984741211,37.540000915527344,36.90999984741211,37.279998779296875,35.90556716918945,761000
2012-09-25,37.349998474121094,37.400001525878906,36.7599983215332,36.7599983215332,35.40473556518555,749100
2012-09-26,36.56999969482422,36.68000030517578,36.290000915527344,36.5,35.154327392578125,947700
2012-09-27,36.599998474121094,36.75,36.34000015258789,36.59000015258789,35.241004943847656,630100
2012-09-28,36.439998626708984,36.81999969482422,36.439998626708984,36.75,35.395103454589844,825700
2012-10-01,36.880001068115234,37.189998626708984,36.66999816894531,36.95000076293945,35.58772659301758,966200
2012-10-02,37.04999923706055,37.04999923706055,36.7400016784668,36.90999984741211,35.5492057800293,562800
2012-10-03,36.90999984741211,37.4900016784668,36.869998931884766,37.400001525878906,36.02114486694336,693500
2012-10-04,37.47999954223633,37.70000076293945,37.16999816894531,37.310001373291016,35.934452056884766,793200
2012-10-05,37.599998474121094,38.70000076293945,37.4900016784668,38.16999816894531,36.76275634765625,1421900
2012-10-08,37.939998626708984,38.119998931884766,37.790000915527344,37.90999984741211,36.512332916259766,962600
2012-10-09,38.060001373291016,38.060001373291016,37.34000015258789,37.36000061035156,35.98261260986328,898000
2012-10-10,37.22999954223633,37.22999954223633,36.7400016784668,36.93000030517578,35.56847381591797,931200
2012-10-11,37.099998474121094,37.33000183105469,36.97999954223633,37.130001068115234,35.7610969543457,738000
2012-10-12,37.04999923706055,37.380001068115234,36.880001068115234,37.220001220703125,35.847774505615234,539300
2012-10-15,37.290000915527344,37.45000076293945,37.150001525878906,37.2400016784668,35.86703872680664,912100
2012-10-16,37.310001373291016,37.5099983215332,37.2400016784668,37.310001373291016,35.934452056884766,815600
2012-10-17,37.5099983215332,37.630001068115234,37.310001373291016,37.5,36.11745834350586,968300
2012-10-18,36.95000076293945,37.540000915527344,36.5,37.5,36.11745834350586,1166000
2012-10-19,37.25,37.52000045776367,37.20000076293945,37.369998931884766,35.99224090576172,1188000
2012-10-22,37.27000045776367,37.65999984741211,37.27000045776367,37.58000183105469,36.19450378417969,736500
2012-10-23,37.36000061035156,37.470001220703125,37.06999969482422,37.38999938964844,36.01150894165039,877800
2012-10-24,37.43000030517578,37.52000045776367,37.25,37.470001220703125,36.088565826416016,803700
2012-10-25,37.61000061035156,37.9900016784668,37.54999923706055,37.709999084472656,36.31970977783203,756800
2012-10-26,37.77000045776367,38.11000061035156,37.65999984741211,38.09000015258789,36.68569564819336,731400
2012-10-31,38.189998626708984,38.61000061035156,38.119998931884766,38.25,36.83980178833008,1056700
2012-11-01,38.33000183105469,38.790000915527344,38.189998626708984,38.66999816894531,37.244319915771484,942700
2012-11-02,38.900001525878906,39.04999923706055,38.689998626708984,38.77000045776367,37.34062576293945,1125800
2012-11-05,38.63999938964844,38.79999923706055,38.41999816894531,38.720001220703125,37.292476654052734,707700
2012-11-06,38.720001220703125,38.900001525878906,38.470001220703125,38.790000915527344,37.35989761352539,3424400
2012-11-07,38.7599983215332,38.7599983215332,37.869998931884766,38.08000183105469,36.67606735229492,1250400
2012-11-08,38.0099983215332,38.18000030517578,37.529998779296875,37.529998779296875,36.14634323120117,823500
2012-11-09,37.47999954223633,37.959999084472656,37.34000015258789,37.630001068115234,36.24266052246094,869400
2012-11-12,37.86000061035156,37.9900016784668,37.11000061035156,37.20000076293945,35.828514099121094,840500
2012-11-13,37.0099983215332,37.31999969482422,36.959999084472656,37.099998474121094,35.73219299316406,1249200
2012-11-14,37.029998779296875,37.2400016784668,36.630001068115234,36.630001068115234,35.27952575683594,1139700
2012-11-15,36.61000061035156,36.779998779296875,36.36000061035156,36.38999938964844,35.048377990722656,815400
2012-11-16,36.310001373291016,36.369998931884766,35.84000015258789,36.34000015258789,35.00021743774414,1635400
2012-11-19,36.650001525878906,36.959999084472656,36.61000061035156,36.900001525878906,35.539573669433594,2004300
2012-11-20,36.900001525878906,37.040000915527344,36.7599983215332,36.9900016784668,35.62625503540039,1201400
2012-11-21,36.90999984741211,37.150001525878906,36.709999084472656,37.119998931884766,35.75146484375,950400
2012-11-23,37.33000183105469,37.45000076293945,37.130001068115234,37.349998474121094,35.97298049926758,365200
2012-11-26,36.810001373291016,37.2400016784668,36.810001373291016,37.040000915527344,35.67441177368164,952800
2012-11-27,36.86000061035156,37.06999969482422,36.630001068115234,36.88999938964844,35.52994155883789,700200
2012-11-28,36.86000061035156,36.91999816894531,36.61000061035156,36.900001525878906,35.539573669433594,627900
2012-11-29,37.02000045776367,37.220001220703125,36.810001373291016,37.130001068115234,35.7610969543457,665900
2012-11-30,37.20000076293945,37.349998474121094,37.06999969482422,37.349998474121094,35.97298049926758,873300
2012-12-03,37.34000015258789,37.380001068115234,36.709999084472656,36.7599983215332,35.40473556518555,899500
2012-12-04,36.70000076293945,36.97999954223633,36.43000030517578,36.790000915527344,35.433631896972656,1001600
2012-12-05,36.79999923706055,37.41999816894531,36.68000030517578,37.040000915527344,35.67441177368164,893300
2012-12-06,37.130001068115234,37.279998779296875,36.7400016784668,37.27000045776367,35.895931243896484,1047300
2012-12-07,37.20000076293945,37.52000045776367,37.189998626708984,37.47999954223633,36.09818649291992,463800
2012-12-10,37.5099983215332,37.81999969482422,37.459999084472656,37.540000915527344,36.15598678588867,600700
2012-12-11,37.54999923706055,37.68000030517578,37.130001068115234,37.20000076293945,35.828514099121094,973100
2012-12-12,37.43000030517578,37.529998779296875,37.13999938964844,37.20000076293945,35.828514099121094,780100
2012-12-13,37.189998626708984,37.52000045776367,36.939998626708984,36.970001220703125,35.60700225830078,774200
2012-12-14,36.959999084472656,37.029998779296875,36.40999984741211,36.470001220703125,35.12541961669922,1051000
2012-12-17,36.75,37.16999816894531,36.65999984741211,37.13999938964844,35.77071762084961,953500
2012-12-18,37.09000015258789,37.5,36.77000045776367,37.349998474121094,35.97298049926758,1009100
2012-12-19,37.38999938964844,37.689998626708984,37.150001525878906,37.470001220703125,36.088565826416016,992300
2012-12-20,37.4900016784668,38.09000015258789,37.45000076293945,38.0,36.5990104675293,1101000
2012-12-21,37.529998779296875,37.7599983215332,37.31999969482422,37.31999969482422,35.944091796875,907800
2012-12-24,37.33000183105469,37.43000030517578,37.099998474121094,37.25,35.876670837402344,228800
2012-12-26,37.2400016784668,37.310001373291016,36.5,36.689998626708984,35.33730697631836,732700
2012-12-27,36.709999084472656,36.709999084472656,36.20000076293945,36.599998474121094,35.25062561035156,608800
2012-12-28,36.33000183105469,36.63999938964844,36.220001220703125,36.540000915527344,35.192848205566406,581000
2012-12-31,36.470001220703125,36.81999969482422,36.33000183105469,36.810001373291016,35.45289993286133,701300
2013-01-02,37.20000076293945,37.95000076293945,37.20000076293945,37.93000030517578,36.5316047668457,1036400
2013-01-03,37.970001220703125,38.52000045776367,37.689998626708984,38.150001525878906,36.743492126464844,1126900
2013-01-04,38.130001068115234,38.45000076293945,38.11000061035156,38.349998474121094,36.93610763549805,586900
2013-01-07,38.130001068115234,38.290000915527344,37.84000015258789,37.86000061035156,36.464176177978516,554600
2013-01-08,37.849998474121094,38.04999923706055,37.5,38.04999923706055,36.64718246459961,649400
2013-01-09,37.47999954223633,38.08000183105469,37.47999954223633,37.61000061035156,36.22339630126953,738600
2013-01-10,37.86000061035156,37.86000061035156,37.5,37.61000061035156,36.22339630126953,392600
2013-01-11,37.720001220703125,38.08000183105469,37.619998931884766,38.08000183105469,36.67606735229492,621900
2013-01-14,37.849998474121094,38.40999984741211,37.849998474121094,38.02000045776367,36.618289947509766,524900
2013-01-15,37.810001373291016,38.02000045776367,37.709999084472656,37.939998626708984,36.541236877441406,227500
2013-01-16,37.900001525878906,38.0099983215332,37.58000183105469,37.959999084472656,36.56049346923828,675600
2013-01-17,38.0099983215332,38.63999938964844,37.97999954223633,38.439998626708984,37.022789001464844,716000
2013-01-18,38.310001373291016,38.5,37.91999816894531,38.47999954223633,37.061317443847656,523300
2013-01-22,38.27000045776367,38.630001068115234,38.27000045776367,38.41999816894531,37.0035285949707,519300
2013-01-23,38.27000045776367,38.400001525878906,37.86000061035156,38.189998626708984,36.782012939453125,1119900
2013-01-24,38.34000015258789,38.849998474121094,38.18000030517578,38.68000030517578,37.25395584106445,774500
2013-01-25,38.59000015258789,38.689998626708984,38.029998779296875,38.189998626708984,36.782012939453125,1064600
2013-01-28,38.2599983215332,38.40999984741211,37.91999816894531,38.27000045776367,36.85906982421875,874700
2013-01-29,38.290000915527344,38.630001068115234,38.18000030517578,38.630001068115234,37.20579147338867,1153800
2013-01-30,38.689998626708984,38.939998626708984,37.95000076293945,38.540000915527344,37.119117736816406,943900
2013-01-31,37.0,39.150001525878906,37.0,37.86000061035156,36.464176177978516,1693300
2013-02-01,38.33000183105469,39.25,37.810001373291016,39.18000030517578,37.73551559448242,1276300
2013-02-04,38.79999923706055,39.0,38.40999984741211,38.66999816894531,37.244319915771484,977600
2013-02-05,38.790000915527344,39.31999969482422,38.7400016784668,39.31999969482422,37.87035369873047,723600
2013-02-06,39.31999969482422,39.40999984741211,39.06999969482422,39.290000915527344,37.841461181640625,497500
2013-02-07,39.349998474121094,39.470001220703125,39.08000183105469,39.09000015258789,37.64883804321289,559500
2013-02-08,39.209999084472656,39.34000015258789,39.06999969482422,39.150001525878906,37.70662307739258,399600
2013-02-11,39.209999084472656,39.40999984741211,39.0,39.27000045776367,37.82219314575195,474300
2013-02-12,39.36000061035156,39.5,39.029998779296875,39.08000183105469,37.63920974731445,382600
2013-02-13,39.22999954223633,39.4900016784668,39.029998779296875,39.47999954223633,38.024452209472656,291200
2013-02-14,39.380001068115234,39.81999969482422,39.369998931884766,39.779998779296875,38.31339645385742,569600
2013-02-15,39.779998779296875,40.0,39.59000015258789,39.790000915527344,38.32301712036133,581800
2013-02-19,39.84000015258789,39.9900016784668,39.529998779296875,39.630001068115234,38.16893005371094,388400
2013-02-20,39.70000076293945,39.70000076293945,38.70000076293945,38.779998779296875,37.35026550292969,688200
2013-02-21,38.540000915527344,38.720001220703125,38.220001220703125,38.38999938964844,36.974632263183594,865300
2013-02-22,38.52000045776367,38.95000076293945,38.279998779296875,38.77000045776367,37.34062576293945,572200
2013-02-25,38.70000076293945,39.04999923706055,37.90999984741211,37.90999984741211,36.512332916259766,561000
2013-02-26,38.0099983215332,38.2400016784668,37.7599983215332,38.189998626708984,36.782012939453125,585200
2013-02-27,38.2400016784668,38.81999969482422,38.06999969482422,38.68000030517578,37.25395584106445,724900
2013-02-28,38.7400016784668,39.029998779296875,38.529998779296875,38.869998931884766,37.436946868896484,844300
2013-03-01,38.66999816894531,38.66999816894531,38.150001525878906,38.29999923706055,36.88795471191406,659200
2013-03-04,38.2400016784668,38.29999923706055,37.9900016784668,38.29999923706055,36.88795471191406,649000
2013-03-05,38.47999954223633,38.58000183105469,38.29999923706055,38.5,37.08058547973633,690400
2013-03-06,38.66999816894531,39.060001373291016,38.529998779296875,38.900001525878906,37.46583938598633,978300
2013-03-07,38.790000915527344,39.06999969482422,38.790000915527344,38.849998474121094,37.41767501831055,567000
2013-03-08,39.13999938964844,39.61000061035156,39.040000915527344,39.54999923706055,38.09186935424805,996600
2013-03-11,39.29999923706055,39.7400016784668,39.29999923706055,39.63999938964844,38.17855453491211,635600
2013-03-12,39.66999816894531,39.790000915527344,39.470001220703125,39.599998474121094,38.14003372192383,347800
2013-03-13,39.619998931884766,39.790000915527344,39.369998931884766,39.75,38.28450012207031,859000
2013-03-14,39.970001220703125,40.630001068115234,39.83000183105469,40.279998779296875,38.794952392578125,863400
2013-03-15,40.27000045776367,40.560001373291016,40.09000015258789,40.5,39.0068473815918,736600
2013-03-18,40.02000045776367,40.540000915527344,39.91999816894531,40.459999084472656,38.96831512451172,432200
2013-03-19,40.4900016784668,40.810001373291016,40.380001068115234,40.63999938964844,39.141685485839844,886800
2013-03-20,40.849998474121094,41.040000915527344,40.689998626708984,40.900001525878906,39.39210510253906,1239100
2013-03-21,40.72999954223633,41.060001373291016,40.58000183105469,40.599998474121094,39.103153228759766,1584100
2013-03-22,40.630001068115234,40.83000183105469,39.810001373291016,40.529998779296875,39.035743713378906,1103900
2013-03-25,40.529998779296875,40.900001525878906,40.52000045776367,40.65999984741211,39.16095733642578,599000
2013-03-26,40.880001068115234,41.029998779296875,40.45000076293945,41.029998779296875,39.517303466796875,724100
2013-03-27,40.75,41.599998474121094,40.47999954223633,41.470001220703125,39.94108581542969,1141500
2013-03-28,41.52000045776367,41.689998626708984,41.209999084472656,41.61000061035156,40.07592010498047,1402900
2013-04-01,41.529998779296875,41.720001220703125,41.099998474121094,41.439998626708984,39.91218948364258,539400
2013-04-02,41.599998474121094,41.77000045776367,41.279998779296875,41.77000045776367,40.23003005981445,655400
2013-04-03,41.66999816894531,41.79999923706055,40.61000061035156,40.970001220703125,39.45952606201172,914000
2013-04-04,40.9900016784668,41.11000061035156,40.77000045776367,40.83000183105469,39.324684143066406,582900
2013-04-05,40.45000076293945,40.810001373291016,40.11000061035156,40.709999084472656,39.209110260009766,523900
2013-04-08,40.790000915527344,41.11000061035156,40.77000045776367,41.099998474121094,39.58472442626953,683900
2013-04-09,41.099998474121094,41.36000061035156,40.88999938964844,41.25,39.72919464111328,484800
2013-04-10,41.369998931884766,41.86000061035156,41.099998474121094,41.790000915527344,40.249290466308594,947500
2013-04-11,41.86000061035156,41.869998931884766,41.529998779296875,41.689998626708984,40.152976989746094,748200
2013-04-12,41.56999969482422,41.56999969482422,41.0,41.34000015258789,39.81587219238281,470300
2013-04-15,41.0,41.0,39.970001220703125,40.02000045776367,38.54454803466797,454100
2013-04-16,40.54999923706055,41.029998779296875,40.2599983215332,41.0,39.48841857910156,898100
2013-04-17,40.88999938964844,41.02000045776367,40.04999923706055,40.5099983215332,39.0164794921875,681700
2013-04-18,41.439998626708984,42.0,40.08000183105469,40.22999954223633,38.74681091308594,1879000
2013-04-19,40.54999923706055,41.16999816894531,40.22999954223633,41.08000183105469,39.56546401977539,1205300
2013-04-22,41.06999969482422,41.2400016784668,40.779998779296875,41.130001068115234,39.613616943359375,979300
2013-04-23,41.20000076293945,41.81999969482422,41.11000061035156,41.81999969482422,40.27817153930664,1038900
2013-04-24,41.81999969482422,42.220001220703125,41.75,42.040000915527344,40.49007034301758,1910100
2013-04-25,42.04999923706055,42.20000076293945,41.68000030517578,41.97999954223633,40.432289123535156,871000
2013-04-26,41.90999984741211,42.02000045776367,41.41999816894531,41.72999954223633,40.19150161743164,1058800
2013-04-29,41.970001220703125,42.43000030517578,41.77000045776367,42.09000015258789,40.53822708129883,960800
2013-04-30,42.04999923706055,42.68000030517578,41.709999084472656,42.68000030517578,41.10647964477539,1090100
2013-05-01,42.650001525878906,42.650001525878906,42.029998779296875,42.16999816894531,40.615272521972656,876900
2013-05-02,42.349998474121094,42.720001220703125,42.150001525878906,42.619998931884766,41.04868698120117,972000
2013-05-03,42.900001525878906,43.45000076293945,42.900001525878906,43.119998931884766,41.53025436401367,786200
2013-05-06,43.34000015258789,43.34000015258789,43.0099983215332,43.20000076293945,41.60731506347656,342300
2013-05-07,43.29999923706055,43.560001373291016,43.119998931884766,43.560001373291016,41.95404052734375,413300
2013-05-08,43.66999816894531,43.88999938964844,43.529998779296875,43.880001068115234,42.26223373413086,390700
2013-05-09,43.709999084472656,43.90999984741211,43.4900016784668,43.599998474121094,41.992557525634766,390800
2013-05-10,43.560001373291016,43.779998779296875,43.4900016784668,43.66999816894531,42.059974670410156,661200
2013-05-13,43.709999084472656,43.75,43.369998931884766,43.400001525878906,41.799930572509766,743800
2013-05-14,43.470001220703125,43.900001525878906,43.380001068115234,43.790000915527344,42.17555236816406,1029400
2013-05-15,43.619998931884766,44.15999984741211,43.619998931884766,44.040000915527344,42.41633224487305,698700
2013-05-16,44.029998779296875,44.310001373291016,43.75,43.869998931884766,42.25261306762695,786600
2013-05-17,44.06999969482422,44.150001525878906,43.900001525878906,44.040000915527344,42.41633224487305,962600
2013-05-20,44.0,44.13999938964844,43.90999984741211,44.0,42.37779998779297,1100700
2013-05-21,44.040000915527344,44.2400016784668,43.900001525878906,43.900001525878906,42.28150177001953,1361300
2013-05-22,43.91999816894531,44.2400016784668,43.52000045776367,43.720001220703125,42.10813522338867,1131400
2013-05-23,43.439998626708984,43.459999084472656,42.970001220703125,43.150001525878906,41.559146881103516,2228900
2013-05-24,42.86000061035156,42.970001220703125,42.54999923706055,42.72999954223633,41.15462875366211,477200
2013-05-28,43.220001220703125,43.36000061035156,43.08000183105469,43.18000030517578,41.58803176879883,748000
2013-05-29,42.90999984741211,43.0,42.619998931884766,42.779998779296875,41.202789306640625,594500
2013-05-30,42.90999984741211,43.04999923706055,42.59000015258789,42.61000061035156,41.039058685302734,535400
2013-05-31,42.5,42.880001068115234,42.33000183105469,42.349998474121094,40.788639068603516,668800
2013-06-03,42.52000045776367,42.61000061035156,41.900001525878906,42.380001068115234,40.817535400390625,827000
2013-06-04,42.310001373291016,42.689998626708984,41.81999969482422,42.15999984741211,40.60565185546875,756100
2013-06-05,41.93000030517578,41.9900016784668,41.25,41.33000183105469,39.806251525878906,718200
2013-06-06,41.47999954223633,42.29999923706055,41.38999938964844,42.279998779296875,40.721229553222656,887800
2013-06-07,42.5,43.130001068115234,42.36000061035156,43.08000183105469,41.49173355102539,1185400
2013-06-10,43.20000076293945,43.439998626708984,43.0099983215332,43.38999938964844,41.7902946472168,860300
2013-06-11,43.0,43.29999923706055,42.529998779296875,42.529998779296875,40.96200942993164,1411100
2013-06-12,42.619998931884766,42.75,41.630001068115234,41.93000030517578,40.38412857055664,1195100
2013-06-13,41.95000076293945,42.90999984741211,41.95000076293945,42.5,40.93312072753906,1758600
2013-06-14,42.56999969482422,42.84000015258789,42.04999923706055,42.439998626708984,40.87532043457031,1053900
2013-06-17,42.720001220703125,42.7400016784668,42.40999984741211,42.4900016784668,40.92347717285156,779800
2013-06-18,42.56999969482422,42.66999816894531,42.369998931884766,42.470001220703125,40.90421676635742,457400
2013-06-19,42.43000030517578,42.4900016784668,41.470001220703125,41.5099983215332,39.9796142578125,1589200
2013-06-20,41.0099983215332,41.119998931884766,40.349998474121094,40.470001220703125,38.97795486450195,920000
2013-06-21,40.880001068115234,40.97999954223633,39.95000076293945,40.2400016784668,38.756439208984375,1261800
2013-06-24,39.88999938964844,40.560001373291016,39.31999969482422,40.279998779296875,38.794952392578125,1168200
2013-06-25,40.11000061035156,40.560001373291016,39.470001220703125,40.459999084472656,38.96831512451172,1618900
2013-06-26,40.720001220703125,40.95000076293945,40.20000076293945,40.540000915527344,39.045379638671875,906400
2013-06-27,40.77000045776367,41.06999969482422,40.650001525878906,40.79999923706055,39.29579544067383,570600
2013-06-28,40.869998931884766,41.470001220703125,40.560001373291016,41.130001068115234,39.613616943359375,2618300
2013-07-01,41.33000183105469,42.029998779296875,41.25,41.470001220703125,39.94108581542969,982800
2013-07-02,41.349998474121094,41.599998474121094,41.08000183105469,41.369998931884766,39.84477233886719,824300
2013-07-03,41.06999969482422,41.27000045776367,40.91999816894531,41.18000030517578,39.66178512573242,591800
2013-07-05,41.38999938964844,41.95000076293945,41.220001220703125,41.900001525878906,40.3552360534668,445100
2013-07-08,42.0099983215332,42.06999969482422,41.56999969482422,41.66999816894531,40.13371276855469,651400
2013-07-09,41.779998779296875,41.93000030517578,41.540000915527344,41.869998931884766,40.326332092285156,905300
2013-07-10,41.779998779296875,42.33000183105469,41.650001525878906,42.25,40.692325592041016,654700
2013-07-11,42.79999923706055,42.97999954223633,42.56999969482422,42.90999984741211,41.3279914855957,557900
2013-07-12,42.97999954223633,43.400001525878906,42.7599983215332,42.93000030517578,41.34726333618164,1003300
2013-07-15,42.900001525878906,42.900001525878906,42.290000915527344,42.619998931884766,41.04868698120117,626600
2013-07-16,42.459999084472656,42.70000076293945,42.029998779296875,42.290000915527344,40.730857849121094,897100
2013-07-17,42.5,42.849998474121094,42.09000015258789,42.5,40.93312072753906,1358500
2013-07-18,43.619998931884766,45.25,43.09000015258789,44.060001373291016,42.43559646606445,2370700
2013-07-19,44.09000015258789,44.54999923706055,43.95000076293945,44.439998626708984,42.80158615112305,1487200
2013-07-22,44.540000915527344,44.7400016784668,44.29999923706055,44.43000030517578,42.79195785522461,1088200
2013-07-23,44.619998931884766,44.709999084472656,44.2400016784668,44.349998474121094,42.71490478515625,623600
2013-07-24,44.650001525878906,44.650001525878906,44.02000045776367,44.27000045776367,42.63785171508789,703200
2013-07-25,44.25,44.34000015258789,43.95000076293945,44.040000915527344,42.41633224487305,820800
2013-07-26,43.88999938964844,44.029998779296875,43.61000061035156,43.83000183105469,42.21407699584961,630200
2013-07-29,43.849998474121094,44.15999984741211,43.79999923706055,43.900001525878906,42.28150177001953,479800
2013-07-30,44.119998931884766,44.279998779296875,43.900001525878906,44.18000030517578,42.55118179321289,421100
2013-07-31,44.209999084472656,44.58000183105469,43.77000045776367,43.83000183105469,42.21407699584961,629700
2013-08-01,44.290000915527344,44.97999954223633,44.09000015258789,44.90999984741211,43.254268646240234,1177400
2013-08-02,44.90999984741211,45.150001525878906,44.720001220703125,45.060001373291016,43.39873123168945,401100
2013-08-05,44.97999954223633,45.22999954223633,44.630001068115234,45.06999969482422,43.40836715698242,546000
2013-08-06,45.0099983215332,45.08000183105469,44.34000015258789,44.650001525878906,43.003849029541016,558400
2013-08-07,44.52000045776367,44.779998779296875,44.349998474121094,44.540000915527344,42.89790725708008,598700
2013-08-08,44.959999084472656,45.04999923706055,44.400001525878906,44.41999816894531,42.78232192993164,488900
2013-08-09,44.400001525878906,44.81999969482422,44.400001525878906,44.56999969482422,42.92679214477539,500700
2013-08-12,44.2599983215332,44.970001220703125,44.189998626708984,44.90999984741211,43.254268646240234,762600
2013-08-13,45.08000183105469,45.15999984741211,44.86000061035156,44.9900016784668,43.33131790161133,649100
2013-08-14,45.0,45.400001525878906,44.959999084472656,45.220001220703125,43.55283737182617,748100
2013-08-15,44.810001373291016,44.88999938964844,43.84000015258789,44.20000076293945,42.5704345703125,1143400
2013-08-16,44.220001220703125,44.63999938964844,44.09000015258789,44.150001525878906,42.522281646728516,803500
2013-08-19,44.15999984741211,44.61000061035156,44.150001525878906,44.29999923706055,42.66674041748047,837600
2013-08-20,44.31999969482422,44.7599983215332,44.09000015258789,44.279998779296875,42.64748764038086,638900
2013-08-21,44.0099983215332,44.70000076293945,44.0099983215332,44.34000015258789,42.70527648925781,1040200
2013-08-22,44.47999954223633,44.77000045776367,44.380001068115234,44.61000061035156,42.96532440185547,736900
2013-08-23,44.869998931884766,45.119998931884766,44.650001525878906,44.880001068115234,43.225372314453125,995800
2013-08-26,44.90999984741211,45.34000015258789,44.79999923706055,45.04999923706055,43.389102935791016,677500
2013-08-27,44.560001373291016,44.83000183105469,44.06999969482422,44.18000030517578,42.55118179321289,522100
2013-08-28,44.099998474121094,44.16999816894531,43.68000030517578,43.79999923706055,42.1851806640625,674100
2013-08-29,43.70000076293945,44.2599983215332,43.65999984741211,43.810001373291016,42.194820404052734,377300
2013-08-30,43.880001068115234,43.880001068115234,43.27000045776367,43.459999084472656,41.857723236083984,602000
2013-09-03,43.959999084472656,44.5,43.47999954223633,43.849998474121094,42.23334884643555,1304000
2013-09-04,43.86000061035156,44.290000915527344,43.720001220703125,44.119998931884766,42.493385314941406,719200
2013-09-05,44.150001525878906,44.150001525878906,43.599998474121094,43.619998931884766,42.01181411743164,709200
2013-09-06,43.790000915527344,43.84000015258789,42.91999816894531,43.54999923706055,41.94440460205078,762600
2013-09-09,43.70000076293945,44.22999954223633,43.63999938964844,44.08000183105469,42.45486068725586,819900
2013-09-10,44.310001373291016,44.63999938964844,44.06999969482422,44.459999084472656,42.82084655761719,595600
2013-09-11,44.40999984741211,44.5,43.849998474121094,44.20000076293945,42.5704345703125,636300
2013-09-12,44.2400016784668,44.2400016784668,43.439998626708984,43.58000183105469,41.97329330444336,762600
2013-09-13,43.720001220703125,43.93000030517578,43.5,43.790000915527344,42.17555236816406,564900
2013-09-16,44.27000045776367,44.75,44.08000183105469,44.2599983215332,42.62822341918945,640600
2013-09-17,44.2599983215332,44.400001525878906,43.91999816894531,44.04999923706055,42.42596435546875,308900
2013-09-18,44.130001068115234,44.5,43.72999954223633,44.36000061035156,42.72454071044922,553000
2013-09-19,44.41999816894531,44.63999938964844,43.81999969482422,44.040000915527344,42.41633224487305,542200
2013-09-20,43.959999084472656,44.15999984741211,43.36000061035156,43.529998779296875,41.92512512207031,885500
2013-09-23,43.36000061035156,43.619998931884766,43.130001068115234,43.400001525878906,41.799930572509766,531700
2013-09-24,43.310001373291016,43.630001068115234,43.27000045776367,43.470001220703125,41.867347717285156,413800
2013-09-25,41.900001525878906,43.540000915527344,41.849998474121094,43.16999816894531,41.57841110229492,4129800
2013-09-26,43.15999984741211,43.47999954223633,42.720001220703125,42.9900016784668,41.40504837036133,2343800
2013-09-27,42.939998626708984,42.95000076293945,42.41999816894531,42.54999923706055,40.98127365112305,2133200
2013-09-30,42.11000061035156,42.599998474121094,42.09000015258789,42.279998779296875,40.721229553222656,2039000
2013-10-01,42.099998474121094,42.689998626708984,42.04999923706055,42.2400016784668,40.68270492553711,1265700
2013-10-02,42.040000915527344,42.619998931884766,41.81999969482422,42.29999923706055,40.74048614501953,1016100
2013-10-03,42.22999954223633,42.349998474121094,41.66999816894531,41.84000015258789,40.297447204589844,921900
2013-10-04,41.900001525878906,42.310001373291016,41.779998779296875,41.880001068115234,40.335968017578125,874800
2013-10-07,41.5099983215332,41.90999984741211,41.2400016784668,41.68000030517578,40.14335250854492,1255300
2013-10-08,41.04999923706055,41.849998474121094,41.0,41.41999816894531,39.89293670654297,1929300
2013-10-09,41.439998626708984,41.720001220703125,41.150001525878906,41.209999084472656,39.690670013427734,1412600
2013-10-10,41.7599983215332,41.86000061035156,41.040000915527344,41.25,39.72919464111328,2114100
2013-10-11,41.290000915527344,41.5099983215332,41.06999969482422,41.470001220703125,39.94108581542969,901000
2013-10-14,41.34000015258789,41.68000030517578,41.25,41.540000915527344,40.008506774902344,882100
2013-10-15,41.630001068115234,41.630001068115234,41.09000015258789,41.16999816894531,39.65214538574219,1301100
2013-10-16,41.52000045776367,41.52000045776367,40.65999984741211,40.84000015258789,39.334312438964844,2440000
2013-10-17,40.779998779296875,41.470001220703125,39.77000045776367,40.54999923706055,39.05500793457031,5862200
2013-10-18,40.72999954223633,40.939998626708984,39.869998931884766,40.290000915527344,38.80459213256836,2988800
2013-10-21,40.38999938964844,40.459999084472656,39.83000183105469,40.27000045776367,38.785335540771484,2728000
2013-10-22,40.560001373291016,40.849998474121094,40.380001068115234,40.790000915527344,39.286155700683594,2063800
2013-10-23,40.779998779296875,40.779998779296875,40.04999923706055,40.2599983215332,38.77568817138672,1322800
2013-10-24,40.5,40.90999984741211,40.5,40.75,39.24763488769531,887800
2013-10-25,40.70000076293945,41.47999954223633,40.689998626708984,41.400001525878906,39.87366485595703,1266700
2013-10-28,41.34000015258789,41.52000045776367,41.119998931884766,41.310001373291016,39.7869873046875,1318700
2013-10-29,41.40999984741211,41.54999923706055,41.08000183105469,41.13999938964844,39.623252868652344,941600
2013-10-30,41.279998779296875,41.279998779296875,40.439998626708984,40.619998931884766,39.1224250793457,1217100
2013-10-31,42.83000183105469,44.08000183105469,41.95000076293945,43.599998474121094,41.992557525634766,7951800
2013-11-01,43.290000915527344,43.959999084472656,43.04999923706055,43.36000061035156,41.76140213012695,2126300
2013-11-04,43.47999954223633,43.65999984741211,43.13999938964844,43.5,41.896244049072266,1420900
2013-11-05,43.279998779296875,43.40999984741211,42.849998474121094,43.08000183105469,41.49173355102539,1504400
2013-11-06,43.29999923706055,43.33000183105469,42.97999954223633,43.2400016784668,41.64583206176758,975100
2013-11-07,43.22999954223633,43.9900016784668,43.119998931884766,43.15999984741211,41.568782806396484,2055600
2013-11-08,43.209999084472656,43.59000015258789,43.029998779296875,43.20000076293945,41.60731506347656,1364900
2013-11-11,43.220001220703125,43.58000183105469,43.11000061035156,43.36000061035156,41.76140213012695,676800
2013-11-12,43.33000183105469,43.349998474121094,42.880001068115234,43.040000915527344,41.45320129394531,854900
2013-11-13,42.81999969482422,43.34000015258789,42.79999923706055,43.34000015258789,41.742149353027344,1381700
2013-11-14,43.400001525878906,43.5,42.970001220703125,43.20000076293945,41.60731506347656,1055100
2013-11-15,43.4900016784668,43.599998474121094,43.209999084472656,43.52000045776367,41.91550827026367,949700
2013-11-18,43.4900016784668,44.189998626708984,43.369998931884766,43.90999984741211,42.29113006591797,1276800
2013-11-19,43.75,44.38999938964844,43.58000183105469,43.65999984741211,42.05034255981445,1038200
2013-11-20,43.7400016784668,43.959999084472656,43.13999938964844,43.34000015258789,41.742149353027344,976300
2013-11-21,43.470001220703125,43.869998931884766,43.310001373291016,43.619998931884766,42.01181411743164,578500
2013-11-22,43.61000061035156,43.72999954223633,43.52000045776367,43.689998626708984,42.07923126220703,566200
2013-11-25,43.790000915527344,43.900001525878906,43.58000183105469,43.72999954223633,42.117767333984375,589100
2013-11-26,43.689998626708984,43.90999984741211,43.36000061035156,43.7400016784668,42.12739562988281,970600
2013-11-27,43.779998779296875,44.439998626708984,43.7400016784668,44.0,42.37779998779297,796700
2013-11-29,44.0,44.29999923706055,44.0,44.13999938964844,42.51264572143555,417800
2013-12-02,44.119998931884766,44.939998626708984,43.9900016784668,44.630001068115234,42.98458480834961,1156300
2013-12-03,44.4900016784668,44.630001068115234,43.810001373291016,44.2599983215332,42.62822341918945,1072500
2013-12-04,44.130001068115234,44.439998626708984,43.650001525878906,43.81999969482422,42.20444869995117,1057800
2013-12-05,43.72999954223633,44.0,43.650001525878906,43.84000015258789,42.22371292114258,545600
2013-12-06,44.040000915527344,44.29999923706055,43.720001220703125,43.779998779296875,42.16591262817383,953400
2013-12-09,43.849998474121094,44.08000183105469,43.79999923706055,43.84000015258789,42.22371292114258,1014900
2013-12-10,43.810001373291016,43.97999954223633,43.290000915527344,43.43000030517578,41.82882308959961,1431000
2013-12-11,43.529998779296875,43.529998779296875,43.060001373291016,43.099998474121094,41.510990142822266,607100
2013-12-12,43.099998474121094,43.36000061035156,42.900001525878906,43.27000045776367,41.674720764160156,715900
2013-12-13,43.279998779296875,43.540000915527344,43.08000183105469,43.290000915527344,41.693992614746094,599900
2013-12-16,43.400001525878906,43.65999984741211,42.90999984741211,43.2599983215332,41.66508483886719,1707600
2013-12-17,43.290000915527344,43.459999084472656,42.90999984741211,43.310001373291016,41.7132453918457,1027400
2013-12-18,43.65999984741211,43.790000915527344,43.09000015258789,43.75,42.13702392578125,630900
2013-12-19,43.65999984741211,43.83000183105469,43.279998779296875,43.66999816894531,42.059974670410156,613100
2013-12-20,43.650001525878906,43.939998626708984,43.5099983215332,43.66999816894531,42.059974670410156,747100
2013-12-23,43.790000915527344,43.83000183105469,43.560001373291016,43.619998931884766,42.01181411743164,656100
2013-12-24,43.619998931884766,43.9900016784668,43.4900016784668,43.790000915527344,42.17555236816406,266000
2013-12-26,43.869998931884766,44.02000045776367,43.650001525878906,43.93000030517578,42.31039047241211,455700
2013-12-27,44.040000915527344,44.16999816894531,43.779998779296875,43.83000183105469,42.21407699584961,510500
2013-12-30,43.79999923706055,44.5099983215332,43.7400016784668,44.4900016784668,42.84975051879883,558300
2013-12-31,44.529998779296875,44.72999954223633,44.27000045776367,44.56999969482422,42.92679214477539,431900
2014-01-02,44.45000076293945,44.52000045776367,43.880001068115234,44.380001068115234,42.74380111694336,935800
2014-01-03,44.34000015258789,44.470001220703125,44.209999084472656,44.31999969482422,42.686012268066406,421200
2014-01-06,44.33000183105469,44.439998626708984,43.88999938964844,44.33000183105469,42.695648193359375,692500
2014-01-07,44.38999938964844,44.61000061035156,44.34000015258789,44.470001220703125,42.83047866821289,911400
2014-01-08,44.959999084472656,45.13999938964844,43.97999954223633,43.9900016784668,42.36817932128906,2271300
2014-01-09,44.119998931884766,44.79999923706055,44.04999923706055,44.70000076293945,43.05200958251953,1974400
2014-01-10,44.66999816894531,45.02000045776367,44.459999084472656,44.599998474121094,42.9556884765625,588900
2014-01-13,44.130001068115234,44.45000076293945,42.88999938964844,43.130001068115234,41.539886474609375,2299700
2014-01-14,43.119998931884766,43.34000015258789,42.34000015258789,43.0099983215332,41.42430877685547,1859700
2014-01-15,43.029998779296875,43.310001373291016,42.810001373291016,43.0099983215332,41.42430877685547,698100
2014-01-16,43.029998779296875,43.150001525878906,42.7599983215332,42.939998626708984,41.356895446777344,984600
2014-01-17,42.91999816894531,42.970001220703125,42.459999084472656,42.47999954223633,40.91384506225586,497500
2014-01-21,42.58000183105469,42.869998931884766,42.130001068115234,42.439998626708984,40.87532043457031,1221000
2014-01-22,42.540000915527344,42.7400016784668,42.34000015258789,42.70000076293945,41.12574005126953,930700
2014-01-23,42.470001220703125,42.72999954223633,42.0,42.25,40.692325592041016,1059600
2014-01-24,42.029998779296875,42.029998779296875,41.0,41.02000045776367,39.50768280029297,1265000
2014-01-27,41.0099983215332,41.41999816894531,40.22999954223633,40.58000183105469,39.083900451660156,1428300
2014-01-28,40.52000045776367,40.779998779296875,39.95000076293945,40.119998931884766,38.64085388183594,2791900
2014-01-29,39.959999084472656,40.91999816894531,39.93000030517578,40.650001525878906,39.15132522583008,1344200
2014-01-30,41.06999969482422,41.54999923706055,40.97999954223633,41.09000015258789,39.57509231567383,1523600
2014-01-31,40.66999816894531,41.34000015258789,40.380001068115234,41.099998474121094,39.58472442626953,1347200
2014-02-03,41.43000030517578,41.43000030517578,40.25,40.31999969482422,38.83348083496094,1380600
2014-02-04,39.0,41.68000030517578,37.290000915527344,41.06999969482422,39.55583572387695,4380700
2014-02-05,40.88999938964844,40.95000076293945,40.189998626708984,40.45000076293945,38.95869445800781,1435500
2014-02-06,41.27000045776367,41.77000045776367,40.650001525878906,41.65999984741211,40.12407684326172,1845700
2014-02-07,42.36000061035156,42.630001068115234,41.83000183105469,42.5099983215332,40.94274139404297,1828600
2014-02-10,42.31999969482422,42.650001525878906,42.220001220703125,42.630001068115234,41.05832290649414,1071000
2014-02-11,42.59000015258789,43.439998626708984,42.439998626708984,43.40999984741211,41.8095588684082,1061000
2014-02-12,43.369998931884766,43.720001220703125,43.25,43.56999969482422,41.963653564453125,1226100
2014-02-13,43.20000076293945,44.2400016784668,43.18000030517578,43.91999816894531,42.300750732421875,1898000
2014-02-14,43.79999923706055,44.31999969482422,43.70000076293945,44.25,42.618595123291016,787600
2014-02-18,44.380001068115234,44.790000915527344,44.36000061035156,44.4900016784668,42.84975051879883,1308100
2014-02-19,44.380001068115234,45.0,44.15999984741211,44.25,42.618595123291016,1461300
2014-02-20,44.369998931884766,44.529998779296875,43.81999969482422,44.20000076293945,42.5704345703125,1399500
2014-02-21,44.25,44.5099983215332,44.08000183105469,44.310001373291016,42.67637634277344,864300
2014-02-24,44.33000183105469,44.56999969482422,44.27000045776367,44.349998474121094,42.71490478515625,850800
2014-02-25,44.36000061035156,44.56999969482422,44.16999816894531,44.5,42.859371185302734,949800
2014-02-26,44.5,44.79999923706055,44.5,44.66999816894531,43.023109436035156,813600
2014-02-27,44.65999984741211,44.849998474121094,44.5,44.7599983215332,43.10979461669922,991400
2014-02-28,44.75,45.13999938964844,44.63999938964844,45.02000045776367,43.36021041870117,667100
2014-03-03,44.599998474121094,44.72999954223633,44.279998779296875,44.540000915527344,42.89790725708008,837300
2014-03-04,44.86000061035156,45.099998474121094,44.5099983215332,44.63999938964844,42.99422073364258,988500
2014-03-05,44.63999938964844,45.02000045776367,44.5,44.86000061035156,43.20610427856445,1651100
2014-03-06,44.90999984741211,45.08000183105469,44.529998779296875,44.56999969482422,42.92679214477539,1028700
2014-03-07,44.720001220703125,44.779998779296875,44.08000183105469,44.38999938964844,42.75343322753906,740200
2014-03-10,44.29999923706055,44.40999984741211,43.77000045776367,44.150001525878906,42.522281646728516,934700
2014-03-11,44.15999984741211,44.529998779296875,43.959999084472656,44.060001373291016,42.43559646606445,882300
2014-03-12,43.869998931884766,44.33000183105469,43.56999969482422,43.9900016784668,42.36817932128906,1050600
2014-03-13,44.04999923706055,44.400001525878906,43.84000015258789,44.2599983215332,42.62822341918945,1085000
2014-03-14,44.09000015258789,45.0,44.0,44.5,42.859371185302734,2931400
2014-03-17,44.540000915527344,44.66999816894531,44.02000045776367,44.189998626708984,42.56079864501953,1942500
2014-03-18,44.189998626708984,44.849998474121094,44.189998626708984,44.70000076293945,43.05200958251953,1127100
2014-03-19,44.70000076293945,44.77000045776367,43.93000030517578,44.099998474121094,42.474124908447266,1281300
2014-03-20,44.02000045776367,44.34000015258789,43.849998474121094,44.06999969482422,42.44523239135742,1274900
2014-03-21,44.29999923706055,44.43000030517578,44.0,44.04999923706055,42.42596435546875,1230300
2014-03-24,44.08000183105469,44.47999954223633,43.56999969482422,43.59000015258789,41.98292922973633,1578100
2014-03-25,43.709999084472656,44.0,43.709999084472656,43.849998474121094,42.23334884643555,1329700
2014-03-26,44.0099983215332,44.11000061035156,43.22999954223633,43.380001068115234,41.78067398071289,1155300
2014-03-27,43.59000015258789,43.68000030517578,43.16999816894531,43.599998474121094,41.992557525634766,649000
2014-03-28,43.880001068115234,44.16999816894531,43.72999954223633,43.869998931884766,42.25261306762695,583000
2014-03-31,43.900001525878906,44.79999923706055,43.900001525878906,44.7400016784668,43.09053421020508,806900
2014-04-01,44.650001525878906,45.25,44.650001525878906,45.189998626708984,43.5239372253418,1289200
2014-04-02,45.220001220703125,46.0,44.86000061035156,45.93000030517578,44.236663818359375,1099600
2014-04-03,45.79999923706055,45.79999923706055,45.369998931884766,45.5099983215332,43.8321418762207,715700
2014-04-04,45.79999923706055,46.040000915527344,45.08000183105469,45.31999969482422,43.64914321899414,526400
2014-04-07,45.04999923706055,45.33000183105469,44.560001373291016,44.58000183105469,42.936424255371094,1154100
2014-04-08,44.650001525878906,45.119998931884766,44.36000061035156,44.83000183105469,43.177215576171875,1071400
2014-04-09,44.70000076293945,45.52000045776367,44.70000076293945,45.38999938964844,43.7165641784668,1113000
2014-04-10,45.33000183105469,45.689998626708984,44.709999084472656,44.75,43.10016632080078,1334100
2014-04-11,44.54999923706055,44.75,44.11000061035156,44.189998626708984,42.56079864501953,1002900
2014-04-14,44.540000915527344,44.77000045776367,44.25,44.70000076293945,43.05200958251953,1332100
2014-04-15,44.83000183105469,46.040000915527344,44.4900016784668,45.939998626708984,44.24629211425781,3543200
2014-04-16,46.18000030517578,46.56999969482422,45.9900016784668,46.529998779296875,44.814537048339844,2000400
2014-04-17,46.310001373291016,47.310001373291016,45.060001373291016,46.59000015258789,44.8723258972168,4034500
2014-04-21,46.900001525878906,46.900001525878906,46.13999938964844,46.439998626708984,44.72785186767578,1111500
2014-04-22,46.52000045776367,47.16999816894531,46.40999984741211,46.900001525878906,45.170894622802734,1122400
2014-04-23,47.29999923706055,47.459999084472656,46.72999954223633,47.2599983215332,45.51762008666992,1520100
2014-04-24,47.45000076293945,47.7599983215332,47.279998779296875,47.650001525878906,45.89324188232422,1536000
2014-04-25,47.540000915527344,47.630001068115234,47.18000030517578,47.5099983215332,45.7584114074707,1294200
2014-04-28,47.70000076293945,47.869998931884766,47.209999084472656,47.459999084472656,45.71024703979492,1209400
2014-04-29,47.68000030517578,47.7599983215332,47.0,47.04999923706055,45.31535720825195,844700
2014-04-30,47.150001525878906,47.34000015258789,46.779998779296875,47.16999816894531,45.43093490600586,1386200
2014-05-01,47.15999984741211,47.45000076293945,46.900001525878906,47.08000183105469,45.34426498413086,715700
2014-05-02,47.11000061035156,47.310001373291016,46.79999923706055,46.81999969482422,45.09384536743164,719200
2014-05-05,46.650001525878906,47.310001373291016,46.560001373291016,47.25,45.507991790771484,812300
2014-05-06,47.150001525878906,47.209999084472656,46.869998931884766,47.119998931884766,45.38278579711914,490100
2014-05-07,47.22999954223633,48.310001373291016,47.0,48.310001373291016,46.52891159057617,1346300
2014-05-08,48.25,48.47999954223633,47.95000076293945,48.34000015258789,46.55780029296875,1177200
2014-05-09,48.36000061035156,48.5,48.119998931884766,48.45000076293945,46.66374969482422,824500
2014-05-12,48.54999923706055,48.77000045776367,48.349998474121094,48.66999816894531,46.875640869140625,746100
2014-05-13,48.63999938964844,48.83000183105469,48.540000915527344,48.650001525878906,46.856380462646484,615800
2014-05-14,48.66999816894531,49.41999816894531,48.45000076293945,49.060001373291016,47.251258850097656,953100
2014-05-15,48.900001525878906,49.11000061035156,48.2599983215332,48.61000061035156,46.81785583496094,1107400
2014-05-16,48.470001220703125,48.689998626708984,48.040000915527344,48.5099983215332,46.721534729003906,727500
2014-05-19,48.43000030517578,49.209999084472656,48.43000030517578,49.20000076293945,47.38610076904297,994300
2014-05-20,49.029998779296875,49.20000076293945,48.619998931884766,48.63999938964844,46.84674835205078,781200
2014-05-21,48.720001220703125,49.029998779296875,48.38999938964844,48.54999923706055,46.76005935668945,1307300
2014-05-22,48.540000915527344,48.7599983215332,48.40999984741211,48.41999816894531,46.63485336303711,669200
2014-05-23,48.4900016784668,48.630001068115234,48.279998779296875,48.4900016784668,46.702274322509766,816300
2014-05-27,48.70000076293945,48.790000915527344,48.54999923706055,48.650001525878906,46.856380462646484,627900
2014-05-28,48.63999938964844,48.83000183105469,48.47999954223633,48.5,46.711910247802734,718500
2014-05-29,48.5,48.849998474121094,48.400001525878906,48.849998474121094,47.04900360107422,845000
2014-05-30,48.779998779296875,48.9900016784668,48.65999984741211,48.849998474121094,47.04900360107422,613000
2014-06-02,48.970001220703125,49.040000915527344,48.540000915527344,48.900001525878906,47.097171783447266,454600
2014-06-03,48.630001068115234,49.099998474121094,48.560001373291016,49.0,47.193477630615234,665100
2014-06-04,48.93000030517578,49.0,48.7599983215332,48.849998474121094,47.04900360107422,506700
2014-06-05,48.9900016784668,49.4900016784668,48.63999938964844,49.470001220703125,47.646148681640625,666500
2014-06-06,49.79999923706055,50.25,49.599998474121094,50.2400016784668,48.38775634765625,1391300
2014-06-09,50.11000061035156,50.709999084472656,50.0,50.68000030517578,48.81153869628906,997500
2014-06-10,50.470001220703125,50.88999938964844,50.130001068115234,50.459999084472656,48.599639892578125,736800
2014-06-11,50.16999816894531,50.279998779296875,49.86000061035156,49.959999084472656,48.118080139160156,586300
2014-06-12,49.79999923706055,49.84000015258789,49.15999984741211,49.33000183105469,47.51130294799805,512400
2014-06-13,49.31999969482422,49.66999816894531,48.93000030517578,49.52000045776367,47.69430160522461,1161700
2014-06-16,49.5,49.59000015258789,48.849998474121094,48.97999954223633,47.174217224121094,594500
2014-06-17,48.88999938964844,49.290000915527344,48.720001220703125,49.040000915527344,47.231998443603516,1034200
2014-06-18,49.02000045776367,49.22999954223633,48.72999954223633,49.189998626708984,47.376461029052734,478700
2014-06-19,49.29999923706055,49.380001068115234,49.099998474121094,49.220001220703125,47.405357360839844,711900
2014-06-20,49.36000061035156,49.560001373291016,49.16999816894531,49.290000915527344,47.4727897644043,868200
2014-06-23,48.95000076293945,50.0,48.72999954223633,49.939998626708984,48.098812103271484,1120400
2014-06-24,49.689998626708984,50.38999938964844,49.29999923706055,49.86000061035156,48.02176284790039,727300
2014-06-25,49.5099983215332,49.7599983215332,49.400001525878906,49.54999923706055,47.72319412231445,642600
2014-06-26,49.68000030517578,49.810001373291016,49.209999084472656,49.4900016784668,47.665409088134766,621800
2014-06-27,49.40999984741211,49.849998474121094,49.15999984741211,49.400001525878906,47.578731536865234,1393100
2014-06-30,49.459999084472656,49.849998474121094,49.060001373291016,49.7599983215332,47.925453186035156,736300
2014-07-01,49.91999816894531,50.369998931884766,49.630001068115234,50.0,48.1566047668457,601700
2014-07-02,50.130001068115234,50.349998474121094,49.779998779296875,50.18000030517578,48.32997131347656,1069000
2014-07-03,50.40999984741211,50.75,50.29999923706055,50.65999984741211,48.792266845703125,676200
2014-07-07,50.560001373291016,50.810001373291016,50.34000015258789,50.63999938964844,48.77301025390625,718500
2014-07-08,50.459999084472656,50.869998931884766,50.290000915527344,50.86000061035156,48.98489761352539,764900
2014-07-09,50.880001068115234,51.150001525878906,50.61000061035156,51.13999938964844,49.25457000732422,810800
2014-07-10,50.65999984741211,51.45000076293945,50.5,51.04999923706055,49.16789245605469,1131100
2014-07-11,51.209999084472656,51.380001068115234,50.869998931884766,50.9900016784668,49.110111236572266,993400
2014-07-14,51.13999938964844,51.349998474121094,50.900001525878906,50.959999084472656,49.081214904785156,620800
2014-07-15,51.04999923706055,51.4900016784668,51.02000045776367,51.099998474121094,49.21604537963867,737300
2014-07-16,51.310001373291016,51.41999816894531,50.709999084472656,50.7599983215332,48.888580322265625,610900
2014-07-17,50.52000045776367,50.790000915527344,50.040000915527344,50.119998931884766,48.272178649902344,571900
2014-07-18,50.5099983215332,51.290000915527344,50.189998626708984,51.290000915527344,49.399044036865234,772900
2014-07-21,51.29999923706055,51.560001373291016,50.939998626708984,51.470001220703125,49.572410583496094,937500
2014-07-22,50.880001068115234,50.95000076293945,48.349998474121094,48.880001068115234,47.077903747558594,3497200
2014-07-23,48.720001220703125,48.90999984741211,47.5099983215332,47.849998474121094,46.085872650146484,2331200
2014-07-24,47.79999923706055,48.79999923706055,47.79999923706055,48.75,46.95268630981445,1194000
2014-07-25,48.599998474121094,48.77000045776367,48.310001373291016,48.4900016784668,46.702274322509766,875600
2014-07-28,48.380001068115234,48.560001373291016,47.88999938964844,47.959999084472656,46.191810607910156,621000
2014-07-29,47.880001068115234,48.220001220703125,47.560001373291016,47.59000015258789,45.83546447753906,1113100
2014-07-30,47.5099983215332,47.869998931884766,47.13999938964844,47.41999816894531,45.67172622680664,806600
2014-07-31,47.06999969482422,47.20000076293945,46.25,46.54999923706055,44.833797454833984,1186400
2014-08-01,46.45000076293945,46.65999984741211,45.63999938964844,45.959999084472656,44.26555252075195,1917700
2014-08-04,46.040000915527344,46.31999969482422,45.79999923706055,46.040000915527344,44.34260559082031,1458600
2014-08-05,45.77000045776367,46.060001373291016,45.36000061035156,45.470001220703125,43.793617248535156,747800
2014-08-06,45.209999084472656,46.470001220703125,45.13999938964844,46.380001068115234,44.670066833496094,1379500
2014-08-07,46.72999954223633,46.88999938964844,46.31999969482422,46.45000076293945,44.737491607666016,1265800
2014-08-08,46.38999938964844,46.41999816894531,46.029998779296875,46.349998474121094,44.641178131103516,526300
2014-08-11,46.47999954223633,46.630001068115234,45.970001220703125,46.09000015258789,44.3907585144043,516400
2014-08-12,45.77000045776367,46.18000030517578,45.77000045776367,46.11000061035156,44.41001892089844,402200
2014-08-13,46.209999084472656,46.41999816894531,45.79999923706055,45.959999084472656,44.26555252075195,651900
2014-08-14,46.04999923706055,46.33000183105469,45.939998626708984,46.220001220703125,44.51597213745117,583200
2014-08-15,46.33000183105469,46.560001373291016,46.06999969482422,46.45000076293945,44.737491607666016,503000
2014-08-18,46.540000915527344,47.08000183105469,46.540000915527344,47.060001373291016,45.32500457763672,675900
2014-08-19,47.15999984741211,47.31999969482422,46.9900016784668,47.0099983215332,45.27683639526367,467100
2014-08-20,46.849998474121094,47.02000045776367,46.58000183105469,46.810001373291016,45.0842170715332,478200
2014-08-21,46.939998626708984,47.40999984741211,46.83000183105469,47.09000015258789,45.353885650634766,1031800
2014-08-22,47.18000030517578,47.2400016784668,46.709999084472656,46.779998779296875,45.05531311035156,579400
2014-08-25,46.9900016784668,46.9900016784668,46.369998931884766,46.709999084472656,44.9879035949707,641400
2014-08-26,46.79999923706055,47.630001068115234,46.779998779296875,47.599998474121094,45.8450813293457,1089200
2014-08-27,47.5099983215332,47.810001373291016,47.38999938964844,47.779998779296875,46.01845169067383,619700
2014-08-28,47.59000015258789,48.209999084472656,47.349998474121094,48.150001525878906,46.37480926513672,1966000
2014-08-29,48.20000076293945,48.29999923706055,47.95000076293945,48.27000045776367,46.490386962890625,675900
2014-09-02,49.36000061035156,50.400001525878906,49.279998779296875,50.119998931884766,48.272178649902344,3141400
2014-09-03,50.36000061035156,50.630001068115234,50.029998779296875,50.09000015258789,48.243289947509766,1055500
2014-09-04,50.29999923706055,50.470001220703125,49.72999954223633,49.75,47.91581726074219,1361700
2014-09-05,49.650001525878906,50.52000045776367,49.45000076293945,50.4900016784668,48.62854766845703,1104700
2014-09-08,50.31999969482422,50.720001220703125,49.86000061035156,49.93000030517578,48.08919143676758,1388700
2014-09-09,49.810001373291016,50.02000045776367,49.630001068115234,49.779998779296875,47.94471740722656,736100
2014-09-10,49.58000183105469,49.68000030517578,49.16999816894531,49.470001220703125,47.646148681640625,1210200
2014-09-11,49.369998931884766,49.81999969482422,49.25,49.61000061035156,47.78097915649414,806300
2014-09-12,49.630001068115234,49.7599983215332,49.02000045776367,49.099998474121094,47.28978729248047,936400
2014-09-15,49.209999084472656,49.279998779296875,48.869998931884766,48.95000076293945,47.14531707763672,771000
2014-09-16,48.79999923706055,49.0,48.41999816894531,48.45000076293945,46.66374969482422,1069100
2014-09-17,48.150001525878906,48.40999984741211,46.959999084472656,47.189998626708984,45.4502067565918,1975600
2014-09-18,47.099998474121094,47.18000030517578,46.47999954223633,46.97999954223633,45.24795150756836,1037700
2014-09-19,47.08000183105469,47.15999984741211,46.459999084472656,46.5,44.78564453125,1218600
2014-09-22,46.38999938964844,46.52000045776367,45.86000061035156,46.279998779296875,44.573753356933594,1814200
2014-09-23,46.31999969482422,46.5099983215332,45.86000061035156,46.13999938964844,44.43891143798828,1194000
2014-09-24,46.20000076293945,46.27000045776367,45.72999954223633,46.060001373291016,44.36186599731445,766900
2014-09-25,45.91999816894531,45.91999816894531,45.29999923706055,45.31999969482422,43.64914321899414,694300
2014-09-26,45.31999969482422,45.31999969482422,44.880001068115234,44.97999954223633,43.321678161621094,636600
2014-09-29,44.709999084472656,44.95000076293945,44.2400016784668,44.90999984741211,43.254268646240234,1721300
2014-09-30,44.75,44.939998626708984,44.31999969482422,44.52000045776367,42.87864303588867,1103900
2014-10-01,44.560001373291016,44.650001525878906,44.040000915527344,44.349998474121094,42.71490478515625,1718400
2014-10-02,44.16999816894531,44.290000915527344,43.63999938964844,44.08000183105469,42.45486068725586,1670000
2014-10-03,44.2400016784668,44.279998779296875,43.88999938964844,43.939998626708984,42.32001876831055,1497400
2014-10-06,44.06999969482422,44.880001068115234,44.06999969482422,44.599998474121094,42.9556884765625,1073900
2014-10-07,44.790000915527344,45.150001525878906,44.119998931884766,44.189998626708984,42.56079864501953,1412100
2014-10-08,44.290000915527344,45.38999938964844,44.08000183105469,45.34000015258789,43.66840362548828,930900
2014-10-09,45.209999084472656,45.45000076293945,44.41999816894531,44.540000915527344,42.89790725708008,1073000
2014-10-10,44.43000030517578,44.59000015258789,43.75,43.79999923706055,42.1851806640625,851800
2014-10-13,43.630001068115234,43.91999816894531,42.95000076293945,42.97999954223633,41.39541244506836,879100
2014-10-14,43.099998474121094,43.529998779296875,42.7400016784668,43.189998626708984,41.59767150878906,1011000
2014-10-15,42.779998779296875,44.58000183105469,42.5,43.849998474121094,42.23334884643555,1727100
2014-10-16,43.400001525878906,44.900001525878906,43.0099983215332,44.869998931884766,43.21574783325195,1791800
2014-10-17,46.16999816894531,47.5,45.72999954223633,46.220001220703125,44.51597213745117,2529300
2014-10-20,46.18000030517578,46.869998931884766,45.84000015258789,46.720001220703125,44.997535705566406,1334200
2014-10-21,47.060001373291016,47.810001373291016,46.779998779296875,47.689998626708984,45.9317626953125,842000
2014-10-22,47.880001068115234,47.97999954223633,46.86000061035156,47.0099983215332,45.27683639526367,1097400
2014-10-23,47.2599983215332,47.81999969482422,46.970001220703125,47.2599983215332,45.51762008666992,725300
2014-10-24,47.400001525878906,47.70000076293945,46.93000030517578,47.54999923706055,45.796939849853516,366500
2014-10-27,47.2599983215332,47.279998779296875,46.189998626708984,46.63999938964844,44.92047882080078,1028900
2014-10-28,46.93000030517578,47.54999923706055,46.630001068115234,47.54999923706055,45.796939849853516,622000
2014-10-29,47.4900016784668,47.75,46.869998931884766,47.209999084472656,45.469459533691406,987600
2014-10-30,46.93000030517578,47.310001373291016,46.58000183105469,46.900001525878906,45.170894622802734,844300
2014-10-31,47.439998626708984,48.0,47.040000915527344,47.93000030517578,46.16291809082031,980200
2014-11-03,48.150001525878906,48.209999084472656,47.09000015258789,47.209999084472656,45.469459533691406,709500
2014-11-04,47.16999816894531,47.7599983215332,47.119998931884766,47.40999984741211,45.6620979309082,420500
2014-11-05,47.619998931884766,48.36000061035156,47.380001068115234,48.279998779296875,46.500022888183594,702700
2014-11-06,48.310001373291016,48.720001220703125,48.029998779296875,48.650001525878906,46.856380462646484,759300
2014-11-07,48.720001220703125,48.970001220703125,48.40999984741211,48.849998474121094,47.04900360107422,1001700
2014-11-10,48.779998779296875,49.18000030517578,48.779998779296875,49.150001525878906,47.33794403076172,375100
2014-11-11,49.13999938964844,49.43000030517578,49.040000915527344,49.29999923706055,47.48240661621094,581200
2014-11-12,49.22999954223633,49.38999938964844,48.459999084472656,49.18000030517578,47.3668327331543,818500
2014-11-13,49.08000183105469,49.130001068115234,47.63999938964844,48.02000045776367,46.249603271484375,1063400
2014-11-14,47.900001525878906,48.470001220703125,47.459999084472656,47.540000915527344,45.78730010986328,883400
2014-11-17,47.540000915527344,48.459999084472656,47.540000915527344,48.290000915527344,46.5096435546875,1120900
2014-11-18,48.279998779296875,48.68000030517578,48.04999923706055,48.38999938964844,46.60596466064453,765700
2014-11-19,48.349998474121094,48.79999923706055,47.880001068115234,48.70000076293945,46.9045295715332,974500
2014-11-20,48.439998626708984,48.880001068115234,48.439998626708984,48.869998931884766,47.068267822265625,917000
2014-11-21,48.83000183105469,49.310001373291016,48.470001220703125,48.779998779296875,46.9815788269043,862400
2014-11-24,48.779998779296875,48.90999984741211,48.43000030517578,48.810001373291016,47.01048278808594,846300
2014-11-25,48.93000030517578,49.060001373291016,48.7400016784668,48.959999084472656,47.15494155883789,868800
2014-11-26,48.97999954223633,49.060001373291016,48.70000076293945,49.040000915527344,47.231998443603516,411800
2014-11-28,48.86000061035156,49.689998626708984,48.849998474121094,49.5,47.67503356933594,689300
2014-12-01,49.529998779296875,50.11000061035156,49.15999984741211,50.060001373291016,48.214393615722656,1344100
2014-12-02,50.02000045776367,50.40999984741211,49.709999084472656,50.279998779296875,48.42627716064453,586100
2014-12-03,50.33000183105469,51.27000045776367,50.20000076293945,51.22999954223633,49.34125518798828,666500
2014-12-04,51.2599983215332,51.72999954223633,51.06999969482422,51.34000015258789,49.44719696044922,1306000
2014-12-05,51.38999938964844,51.5,51.09000015258789,51.2599983215332,49.37015151977539,882000
2014-12-08,51.20000076293945,51.36000061035156,50.5099983215332,50.630001068115234,48.76337814331055,520600
2014-12-09,50.27000045776367,50.720001220703125,50.029998779296875,50.70000076293945,48.8307991027832,333200
2014-12-10,50.66999816894531,50.709999084472656,49.7400016784668,49.810001373291016,47.97361373901367,641500
2014-12-11,49.88999938964844,50.119998931884766,49.20000076293945,49.290000915527344,47.4727897644043,829700
2014-12-12,48.93000030517578,49.220001220703125,48.4900016784668,48.540000915527344,46.750431060791016,529200
2014-12-15,48.81999969482422,49.099998474121094,48.439998626708984,48.5,46.711910247802734,1398200
2014-12-16,48.22999954223633,48.790000915527344,48.15999984741211,48.310001373291016,46.52891159057617,520200
2014-12-17,48.459999084472656,49.25,48.150001525878906,49.209999084472656,47.395729064941406,698600
2014-12-18,49.880001068115234,50.310001373291016,49.34000015258789,50.279998779296875,48.42627716064453,742100
2014-12-19,50.5099983215332,51.150001525878906,50.349998474121094,51.08000183105469,49.19678497314453,850700
2014-12-22,51.11000061035156,51.7599983215332,51.08000183105469,51.7599983215332,49.851715087890625,563500
2014-12-23,51.779998779296875,52.52000045776367,51.5,52.310001373291016,50.38144302368164,774300
2014-12-24,52.2599983215332,52.369998931884766,51.88999938964844,51.97999954223633,50.063602447509766,258000
2014-12-26,52.20000076293945,52.369998931884766,51.90999984741211,51.97999954223633,50.063602447509766,239400
2014-12-29,51.7400016784668,52.20000076293945,51.56999969482422,52.09000015258789,50.16954803466797,404600
2014-12-30,52.06999969482422,52.36000061035156,51.72999954223633,51.7599983215332,49.851715087890625,328000
2014-12-31,51.75,51.75,50.88999938964844,50.900001525878906,49.02342224121094,284800
2015-01-02,50.900001525878906,51.189998626708984,50.279998779296875,50.66999816894531,48.80189514160156,522300
2015-01-05,50.27000045776367,50.529998779296875,49.689998626708984,49.79999923706055,47.96397018432617,555000
2015-01-06,49.0,49.34000015258789,47.04999923706055,47.86000061035156,46.09551239013672,2107800
2015-01-07,48.189998626708984,48.310001373291016,47.709999084472656,48.209999084472656,46.43259811401367,1116500
2015-01-08,48.220001220703125,48.810001373291016,48.099998474121094,48.810001373291016,47.01048278808594,736400
2015-01-09,48.939998626708984,49.130001068115234,47.619998931884766,47.650001525878906,45.89324188232422,1040700
2015-01-12,47.59000015258789,47.86000061035156,47.02000045776367,47.65999984741211,45.902870178222656,605200
2015-01-13,48.06999969482422,48.220001220703125,46.959999084472656,47.34000015258789,45.59467315673828,956600
2015-01-14,46.900001525878906,47.52000045776367,46.630001068115234,47.439998626708984,45.690982818603516,816400
2015-01-15,47.68000030517578,47.68000030517578,46.560001373291016,46.560001373291016,44.84343338012695,912100
2015-01-16,46.54999923706055,46.72999954223633,45.93000030517578,46.209999084472656,44.50633239746094,1007300
2015-01-20,46.22999954223633,46.9900016784668,45.959999084472656,46.65999984741211,44.93974685668945,1262900
2015-01-21,46.5099983215332,47.459999084472656,46.130001068115234,47.130001068115234,45.392417907714844,845300
2015-01-22,47.560001373291016,48.029998779296875,47.27000045776367,47.689998626708984,45.9317626953125,800300
2015-01-23,47.52000045776367,47.61000061035156,46.189998626708984,46.189998626708984,44.48707962036133,689300
2015-01-26,46.31999969482422,46.38999938964844,45.34000015258789,45.90999984741211,44.2173957824707,1467600
2015-01-27,45.5,45.95000076293945,45.13999938964844,45.650001525878906,43.96697998046875,935900
2015-01-28,45.97999954223633,46.209999084472656,44.880001068115234,44.93000030517578,43.273521423339844,1221200
2015-01-29,45.119998931884766,45.119998931884766,43.849998474121094,44.33000183105469,42.695648193359375,1807800
2015-01-30,43.970001220703125,44.66999816894531,43.95000076293945,44.310001373291016,42.67637634277344,1261900
2015-02-02,44.470001220703125,44.93000030517578,44.119998931884766,44.75,43.10016632080078,1352900
2015-02-03,44.95000076293945,45.83000183105469,44.93000030517578,45.349998474121094,43.67803192138672,1404100
2015-02-04,45.349998474121094,46.29999923706055,45.18000030517578,45.7400016784668,44.05366516113281,2164100
2015-02-05,48.0,48.849998474121094,47.2599983215332,48.060001373291016,46.28813552856445,2555800
2015-02-06,48.04999923706055,48.08000183105469,46.970001220703125,47.13999938964844,45.402042388916016,1383600
2015-02-09,46.720001220703125,47.369998931884766,46.56999969482422,46.79999923706055,45.0745849609375,1408100
2015-02-10,47.02000045776367,50.41999816894531,47.02000045776367,50.33000183105469,48.47443771362305,2853300
2015-02-11,50.439998626708984,50.439998626708984,49.459999084472656,49.54999923706055,47.72319412231445,1273400
2015-02-12,49.779998779296875,50.33000183105469,49.7400016784668,49.90999984741211,48.069923400878906,1034500
2015-02-13,50.06999969482422,50.72999954223633,49.9900016784668,50.650001525878906,48.78264236450195,928100
2015-02-17,50.15999984741211,50.529998779296875,50.029998779296875,50.209999084472656,48.35886001586914,998600
2015-02-18,50.209999084472656,52.15999984741211,50.08000183105469,52.130001068115234,50.20808029174805,1476300
2015-02-19,52.220001220703125,52.41999816894531,51.43000030517578,51.56999969482422,49.668724060058594,1272800
2015-02-20,51.400001525878906,51.7599983215332,50.619998931884766,51.720001220703125,49.81319046020508,776600
2015-02-23,51.459999084472656,52.40999984741211,51.33000183105469,52.22999954223633,50.304386138916016,769600
2015-02-24,52.11000061035156,52.41999816894531,51.79999923706055,52.119998931884766,50.19844055175781,666700
2015-02-25,52.22999954223633,53.16999816894531,51.880001068115234,52.54999923706055,50.61259460449219,1276100
2015-02-26,52.54999923706055,52.91999816894531,52.310001373291016,52.790000915527344,50.843746185302734,614400
2015-02-27,52.849998474121094,53.29999923706055,52.68000030517578,53.0,51.045997619628906,1123400
2015-03-02,53.0,53.16999816894531,52.29999923706055,53.130001068115234,51.171207427978516,874000
2015-03-03,53.349998474121094,53.349998474121094,52.439998626708984,53.0099983215332,51.055633544921875,1174500
2015-03-04,52.7400016784668,52.7400016784668,52.150001525878906,52.31999969482422,50.39107131958008,1186900
2015-03-05,52.5,52.56999969482422,51.15999984741211,51.689998626708984,49.7842903137207,1528400
2015-03-06,51.459999084472656,51.68000030517578,50.41999816894531,50.7599983215332,48.888580322265625,1469800
2015-03-09,50.81999969482422,51.0,50.7400016784668,50.86000061035156,48.98489761352539,631200
2015-03-10,50.52000045776367,50.880001068115234,50.29999923706055,50.52000045776367,48.657432556152344,748400
2015-03-11,50.2599983215332,50.619998931884766,49.81999969482422,50.209999084472656,48.35886001586914,1007700
2015-03-12,50.33000183105469,51.040000915527344,50.13999938964844,51.0099983215332,49.12936782836914,1049700
2015-03-13,50.84000015258789,50.959999084472656,49.849998474121094,50.150001525878906,48.30107116699219,476000
2015-03-16,50.290000915527344,51.02000045776367,50.20000076293945,51.0,49.11973190307617,830200
2015-03-17,50.72999954223633,51.25,50.5099983215332,51.029998779296875,49.14862823486328,654600
2015-03-18,51.04999923706055,53.38999938964844,51.02000045776367,53.25,51.286781311035156,1985800
2015-03-19,52.970001220703125,52.97999954223633,52.43000030517578,52.900001525878906,50.94969177246094,771400
2015-03-20,53.060001373291016,53.20000076293945,52.630001068115234,53.09000015258789,51.13268280029297,967200
2015-03-23,53.25,53.31999969482422,52.65999984741211,52.95000076293945,50.99784469604492,611100
2015-03-24,52.84000015258789,53.279998779296875,52.529998779296875,53.20000076293945,51.23862838745117,911400
2015-03-25,53.16999816894531,53.16999816894531,51.93000030517578,52.029998779296875,50.111759185791016,746300
2015-03-26,51.81999969482422,51.9900016784668,51.439998626708984,51.79999923706055,49.8902473449707,850400
2015-03-27,51.65999984741211,52.040000915527344,51.470001220703125,52.029998779296875,50.111759185791016,724900
2015-03-30,52.599998474121094,53.70000076293945,52.470001220703125,53.66999816894531,51.69130325317383,948900
2015-03-31,53.790000915527344,54.029998779296875,53.36000061035156,54.02000045776367,52.02839660644531,1158500
2015-04-01,54.20000076293945,54.22999954223633,53.52000045776367,54.15999984741211,52.163238525390625,1573600
2015-04-02,54.16999816894531,54.27000045776367,53.810001373291016,54.099998474121094,52.10543441772461,971800
2015-04-06,53.95000076293945,55.2400016784668,53.779998779296875,55.06999969482422,53.0396842956543,700900
2015-04-07,54.9900016784668,55.040000915527344,54.619998931884766,54.93000030517578,52.904842376708984,1455700
2015-04-08,54.79999923706055,55.47999954223633,54.400001525878906,55.45000076293945,53.40568161010742,961700
2015-04-09,55.349998474121094,55.81999969482422,55.0099983215332,55.220001220703125,53.18415832519531,1379300
2015-04-10,54.43000030517578,54.97999954223633,54.22999954223633,54.720001220703125,52.70259094238281,1069300
2015-04-13,54.5099983215332,55.099998474121094,54.22999954223633,54.709999084472656,52.69294738769531,973300
2015-04-14,54.7599983215332,55.0099983215332,54.4900016784668,54.70000076293945,52.68333053588867,879100
2015-04-15,54.70000076293945,55.0,54.34000015258789,54.43000030517578,52.423282623291016,1333300
2015-04-16,54.38999938964844,54.5,53.540000915527344,54.150001525878906,52.153602600097656,1752000
2015-04-17,53.599998474121094,55.880001068115234,52.25,54.33000183105469,52.326969146728516,2386800
2015-04-20,54.529998779296875,54.84000015258789,53.91999816894531,54.33000183105469,52.326969146728516,740400
2015-04-21,55.36000061035156,55.5,54.40999984741211,54.560001373291016,52.54848861694336,1500300
2015-04-22,54.54999923706055,54.849998474121094,54.220001220703125,54.75,52.73147964477539,788800
2015-04-23,54.63999938964844,55.04999923706055,54.47999954223633,54.84000015258789,52.81815719604492,598700
2015-04-24,55.040000915527344,55.349998474121094,54.720001220703125,55.290000915527344,53.2515754699707,448800
2015-04-27,55.5,55.779998779296875,55.11000061035156,55.20000076293945,53.16489791870117,901300
2015-04-28,55.130001068115234,55.470001220703125,54.90999984741211,55.22999954223633,53.193790435791016,584400
2015-04-29,54.86000061035156,55.13999938964844,54.41999816894531,54.63999938964844,52.62553787231445,530800
2015-04-30,54.279998779296875,54.68000030517578,53.93000030517578,54.2599983215332,52.25954055786133,1035900
2015-05-01,54.209999084472656,55.310001373291016,54.209999084472656,55.2400016784668,53.20341491699219,654900
2015-05-04,55.5099983215332,55.72999954223633,54.9900016784668,55.2400016784668,53.20341491699219,746900
2015-05-05,55.34000015258789,55.38999938964844,54.380001068115234,54.52000045776367,52.50995635986328,604400
2015-05-06,54.7599983215332,54.90999984741211,54.06999969482422,54.630001068115234,52.61590576171875,895100
2015-05-07,54.470001220703125,54.810001373291016,54.209999084472656,54.47999954223633,52.471435546875,764800
2015-05-08,54.75,55.25,54.4900016784668,54.90999984741211,52.88558578491211,643100
2015-05-11,54.779998779296875,55.45000076293945,54.58000183105469,55.130001068115234,53.09746551513672,647900
2015-05-12,54.939998626708984,55.0099983215332,54.040000915527344,54.220001220703125,52.22102355957031,992100
2015-05-13,54.47999954223633,55.09000015258789,54.29999923706055,54.52000045776367,52.50995635986328,459800
2015-05-14,54.900001525878906,55.29999923706055,54.599998474121094,55.2599983215332,53.222679138183594,348200
2015-05-15,55.45000076293945,55.63999938964844,54.9900016784668,55.220001220703125,53.18415832519531,633900
2015-05-18,55.20000076293945,56.650001525878906,54.970001220703125,56.630001068115234,54.542171478271484,876500
2015-05-19,56.689998626708984,56.88999938964844,56.5099983215332,56.59000015258789,54.50364303588867,819500
2015-05-20,56.790000915527344,57.08000183105469,56.4900016784668,56.560001373291016,54.47475051879883,522400
2015-05-21,56.47999954223633,56.619998931884766,56.099998474121094,56.34000015258789,54.26286315917969,334800
2015-05-22,56.25,56.31999969482422,55.790000915527344,55.939998626708984,53.877601623535156,228200
2015-05-26,55.68000030517578,55.90999984741211,55.15999984741211,55.66999816894531,53.61756134033203,652100
2015-05-27,55.72999954223633,56.41999816894531,55.400001525878906,56.349998474121094,54.27248764038086,565000
2015-05-28,56.41999816894531,56.66999816894531,55.77000045776367,55.9900016784668,53.9257698059082,596000
2015-05-29,55.689998626708984,55.95000076293945,54.869998931884766,55.290000915527344,53.2515754699707,925200
2015-06-01,55.29999923706055,55.540000915527344,54.970001220703125,55.310001373291016,53.27083969116211,539600
2015-06-02,55.150001525878906,55.27000045776367,54.65999984741211,54.689998626708984,52.67369842529297,702800
2015-06-03,54.72999954223633,55.290000915527344,54.439998626708984,55.279998779296875,53.241939544677734,959600
2015-06-04,54.79999923706055,55.060001373291016,54.58000183105469,54.91999816894531,52.89521026611328,522000
2015-06-05,54.58000183105469,55.72999954223633,54.52000045776367,55.709999084472656,53.656089782714844,586000
2015-06-08,55.61000061035156,55.869998931884766,55.369998931884766,55.52000045776367,53.47309112548828,643100
2015-06-09,55.369998931884766,56.20000076293945,55.369998931884766,55.54999923706055,53.50197982788086,757800
2015-06-10,55.75,56.06999969482422,55.65999984741211,55.90999984741211,53.84870910644531,459400
2015-06-11,56.09000015258789,56.779998779296875,56.02000045776367,56.459999084472656,54.37843704223633,306800
2015-06-12,56.150001525878906,56.22999954223633,55.66999816894531,55.880001068115234,53.81982421875,318300
2015-06-15,55.16999816894531,55.349998474121094,54.779998779296875,55.20000076293945,53.16489791870117,717900
2015-06-16,55.20000076293945,55.34000015258789,54.79999923706055,54.93000030517578,52.904842376708984,404500
2015-06-17,55.11000061035156,55.2599983215332,54.45000076293945,54.97999954223633,52.9530029296875,444600
2015-06-18,55.130001068115234,55.720001220703125,54.869998931884766,55.470001220703125,53.4249382019043,543400
2015-06-19,55.45000076293945,55.72999954223633,55.18000030517578,55.22999954223633,53.193790435791016,437300
2015-06-22,55.470001220703125,55.61000061035156,55.150001525878906,55.459999084472656,53.415306091308594,518700
2015-06-23,55.5099983215332,55.63999938964844,55.0,55.189998626708984,53.15525436401367,356300
2015-06-24,55.060001373291016,55.25,54.310001373291016,54.540000915527344,52.52922058105469,489700
2015-06-25,54.77000045776367,54.790000915527344,54.2400016784668,54.33000183105469,52.326969146728516,843800
2015-06-26,54.459999084472656,54.70000076293945,54.13999938964844,54.619998931884766,52.60626983642578,2476200
2015-06-29,54.08000183105469,54.349998474121094,53.540000915527344,53.560001373291016,51.585357666015625,642600
2015-06-30,54.02000045776367,54.099998474121094,52.90999984741211,52.90999984741211,50.95931625366211,850400
2015-07-01,53.529998779296875,54.150001525878906,53.470001220703125,54.119998931884766,52.12471389770508,923100
2015-07-02,54.27000045776367,54.45000076293945,53.61000061035156,53.779998779296875,51.797245025634766,891800
2015-07-06,53.310001373291016,53.91999816894531,52.91999816894531,53.15999984741211,51.20009994506836,1086100
2015-07-07,53.25,53.61000061035156,52.77000045776367,53.529998779296875,51.556461334228516,871700
2015-07-08,53.18000030517578,53.29999923706055,52.15999984741211,52.38999938964844,50.45848846435547,687500
2015-07-09,52.880001068115234,53.02000045776367,52.54999923706055,52.720001220703125,50.77632522583008,454100
2015-07-10,53.22999954223633,54.040000915527344,53.130001068115234,53.88999938964844,51.90318298339844,707200
2015-07-13,54.209999084472656,54.38999938964844,54.0,54.209999084472656,52.21139144897461,606700
2015-07-14,54.349998474121094,54.560001373291016,54.029998779296875,54.31999969482422,52.31733322143555,500000
2015-07-15,54.31999969482422,54.66999816894531,53.86000061035156,53.900001525878906,51.91282272338867,838900
2015-07-16,54.540000915527344,55.15999984741211,54.29999923706055,54.88999938964844,52.86631774902344,775300
2015-07-17,55.15999984741211,55.15999984741211,54.20000076293945,54.29999923706055,52.298072814941406,422200
2015-07-20,54.06999969482422,54.20000076293945,53.09000015258789,53.34000015258789,51.37346649169922,960300
2015-07-21,50.93000030517578,53.5,49.81999969482422,52.540000915527344,50.602962493896484,1993200
2015-07-22,52.52000045776367,53.099998474121094,52.11000061035156,52.209999084472656,50.28512191772461,634600
2015-07-23,52.400001525878906,52.400001525878906,50.93000030517578,51.029998779296875,49.14862823486328,455100
2015-07-24,51.09000015258789,51.369998931884766,50.2599983215332,50.599998474121094,48.73448181152344,541100
2015-07-27,50.209999084472656,50.209999084472656,49.599998474121094,49.970001220703125,48.12770462036133,632700
2015-07-28,50.29999923706055,51.11000061035156,49.84000015258789,50.91999816894531,49.04268264770508,604500
2015-07-29,50.81999969482422,51.939998626708984,50.81999969482422,51.77000045776367,49.86135482788086,682900
2015-07-30,51.310001373291016,52.04999923706055,51.29999923706055,51.97999954223633,50.063602447509766,621200
2015-07-31,52.06999969482422,52.369998931884766,51.38999938964844,51.5099983215332,49.610931396484375,676500
2015-08-03,51.38999938964844,51.56999969482422,50.540000915527344,50.9900016784668,49.110111236572266,636700
2015-08-04,50.880001068115234,51.689998626708984,50.86000061035156,51.2400016784668,49.350894927978516,581600
2015-08-05,51.439998626708984,51.689998626708984,51.04999923706055,51.40999984741211,49.514617919921875,383300
2015-08-06,51.279998779296875,51.38999938964844,50.970001220703125,51.25,49.36052322387695,344800
2015-08-07,51.279998779296875,51.45000076293945,50.869998931884766,51.209999084472656,49.321990966796875,350000
2015-08-10,51.209999084472656,52.380001068115234,51.209999084472656,52.33000183105469,50.40070343017578,370000
2015-08-11,51.75,51.880001068115234,51.369998931884766,51.689998626708984,49.7842903137207,399500
2015-08-12,51.150001525878906,51.31999969482422,50.540000915527344,51.11000061035156,49.225685119628906,478100
2015-08-13,51.15999984741211,51.439998626708984,50.790000915527344,51.25,49.36052322387695,644600
2015-08-14,51.099998474121094,52.88999938964844,51.099998474121094,52.790000915527344,50.843746185302734,658500
2015-08-17,52.43000030517578,52.95000076293945,51.470001220703125,52.95000076293945,50.99784469604492,584300
2015-08-18,52.68000030517578,53.0,52.529998779296875,52.66999816894531,50.7281608581543,476700
2015-08-19,52.2599983215332,52.310001373291016,51.290000915527344,51.81999969482422,49.90950012207031,635100
2015-08-20,51.27000045776367,51.72999954223633,51.0099983215332,51.0099983215332,49.12936782836914,673500
2015-08-21,50.369998931884766,50.619998931884766,49.529998779296875,49.75,47.91581726074219,653100
2015-08-24,47.400001525878906,49.47999954223633,46.040000915527344,48.220001220703125,46.442230224609375,1339600
2015-08-25,49.189998626708984,49.33000183105469,47.970001220703125,48.220001220703125,46.442230224609375,1366300
2015-08-26,48.880001068115234,49.189998626708984,48.119998931884766,49.0,47.193477630615234,1195700
2015-08-27,49.599998474121094,50.93000030517578,49.349998474121094,50.58000183105469,48.71522521972656,619700
2015-08-28,50.31999969482422,50.97999954223633,50.20000076293945,50.7400016784668,48.869319915771484,641600
2015-08-31,50.29999923706055,50.36000061035156,49.41999816894531,49.56999969482422,47.74245834350586,1221900
2015-09-01,48.689998626708984,48.9900016784668,47.959999084472656,48.2599983215332,46.480751037597656,790200
2015-09-02,48.880001068115234,48.959999084472656,48.099998474121094,48.810001373291016,47.01048278808594,634500
2015-09-03,49.119998931884766,49.70000076293945,48.88999938964844,49.52000045776367,47.69430160522461,405300
2015-09-04,48.720001220703125,49.130001068115234,48.5,48.720001220703125,46.92379379272461,443500
2015-09-08,49.5,49.959999084472656,49.130001068115234,49.869998931884766,48.031394958496094,628900
2015-09-09,50.20000076293945,50.5099983215332,49.5,49.52000045776367,47.69430160522461,475700
2015-09-10,49.41999816894531,50.029998779296875,49.18000030517578,49.380001068115234,47.55946731567383,600200
2015-09-11,49.189998626708984,49.279998779296875,48.59000015258789,49.029998779296875,47.22236633300781,407000
2015-09-14,48.79999923706055,49.08000183105469,48.29999923706055,48.38999938964844,46.60596466064453,396700
2015-09-15,48.060001373291016,48.880001068115234,47.349998474121094,48.68000030517578,46.8852653503418,470500
2015-09-16,48.63999938964844,49.470001220703125,48.56999969482422,49.31999969482422,47.50167465209961,513400
2015-09-17,49.11000061035156,49.68000030517578,48.84000015258789,49.060001373291016,47.251258850097656,727200
2015-09-18,48.470001220703125,49.380001068115234,48.36000061035156,48.7599983215332,46.962318420410156,711300
2015-09-21,49.0099983215332,49.599998474121094,48.439998626708984,48.59000015258789,46.7985954284668,936300
2015-09-22,47.83000183105469,48.5,47.15999984741211,47.290000915527344,45.54652404785156,787200
2015-09-23,47.34000015258789,47.349998474121094,46.11000061035156,46.41999816894531,44.708587646484375,747900
2015-09-24,46.130001068115234,46.470001220703125,45.43000030517578,46.33000183105469,44.621910095214844,515500
2015-09-25,46.70000076293945,46.70000076293945,46.08000183105469,46.349998474121094,44.641178131103516,425300
2015-09-28,46.0,46.060001373291016,45.029998779296875,45.099998474121094,43.437255859375,643100
2015-09-29,45.22999954223633,45.52000045776367,44.7599983215332,45.0099983215332,43.35057830810547,517800
2015-09-30,45.52000045776367,45.810001373291016,45.150001525878906,45.75,44.063297271728516,957500
2015-10-01,45.86000061035156,46.36000061035156,45.439998626708984,45.95000076293945,44.255916595458984,808400
2015-10-02,45.369998931884766,47.43000030517578,45.150001525878906,47.369998931884766,45.623573303222656,1012100
2015-10-05,47.470001220703125,47.959999084472656,47.209999084472656,47.52000045776367,45.76803207397461,992900
2015-10-06,47.63999938964844,48.02000045776367,46.939998626708984,47.040000915527344,45.30573272705078,784500
2015-10-07,47.439998626708984,48.18000030517578,47.09000015258789,48.16999816894531,46.394073486328125,677000
2015-10-08,47.849998474121094,50.04999923706055,47.849998474121094,50.0,48.1566047668457,1083900
2015-10-09,50.02000045776367,50.56999969482422,49.83000183105469,50.27000045776367,48.416648864746094,1040800
2015-10-12,50.209999084472656,50.97999954223633,49.81999969482422,50.86000061035156,48.98489761352539,675300
2015-10-13,50.65999984741211,50.959999084472656,50.380001068115234,50.529998779296875,48.66706085205078,559800
2015-10-14,50.43000030517578,50.95000076293945,50.279998779296875,50.369998931884766,48.512962341308594,566500
2015-10-15,50.439998626708984,51.380001068115234,50.040000915527344,51.220001220703125,49.331634521484375,885800
2015-10-16,51.31999969482422,51.68000030517578,50.880001068115234,51.630001068115234,49.72651290893555,903300
2015-10-19,51.470001220703125,51.65999984741211,50.9900016784668,51.150001525878906,49.26421356201172,1434700
2015-10-20,53.47999954223633,54.38999938964844,52.04999923706055,52.790000915527344,50.843746185302734,1643000
2015-10-21,52.59000015258789,53.27000045776367,52.43000030517578,52.43000030517578,50.497013092041016,1027500
2015-10-22,52.90999984741211,54.150001525878906,52.77000045776367,53.83000183105469,51.84539794921875,992600
2015-10-23,54.060001373291016,54.20000076293945,52.54999923706055,52.77000045776367,50.82448196411133,1132400
2015-10-26,52.779998779296875,53.029998779296875,52.40999984741211,52.619998931884766,50.680015563964844,1282900
2015-10-27,52.18000030517578,52.61000061035156,51.58000183105469,52.59000015258789,50.651119232177734,1038900
2015-10-28,52.709999084472656,53.38999938964844,52.380001068115234,53.13999938964844,51.18083953857422,678600
2015-10-29,52.790000915527344,53.34000015258789,52.310001373291016,52.849998474121094,50.901527404785156,718000
2015-10-30,52.970001220703125,53.59000015258789,52.52000045776367,53.040000915527344,51.08452224731445,845600
2015-11-02,53.0,54.099998474121094,52.65999984741211,53.970001220703125,51.98023986816406,872800
2015-11-03,53.779998779296875,53.970001220703125,53.189998626708984,53.220001220703125,51.25788497924805,852200
2015-11-04,53.41999816894531,53.43000030517578,52.689998626708984,52.83000183105469,50.88227081298828,514200
2015-11-05,53.02000045776367,53.02000045776367,52.33000183105469,52.58000183105469,50.64148712158203,581600
2015-11-06,52.5,52.7599983215332,51.88999938964844,52.70000076293945,50.757057189941406,618600
2015-11-09,52.7400016784668,52.75,51.65999984741211,52.09000015258789,50.16954803466797,565200
2015-11-10,52.130001068115234,52.47999954223633,51.619998931884766,52.45000076293945,50.51627731323242,673900
2015-11-11,52.5099983215332,53.06999969482422,52.470001220703125,52.959999084472656,51.00746536254883,500000
2015-11-12,51.86000061035156,52.18000030517578,49.65999984741211,49.689998626708984,47.858028411865234,2223000
2015-11-13,49.83000183105469,50.29999923706055,49.400001525878906,50.150001525878906,48.30107116699219,810300
2015-11-16,50.060001373291016,50.540000915527344,49.79999923706055,50.189998626708984,48.339595794677734,1036500
2015-11-17,50.36000061035156,50.58000183105469,49.70000076293945,49.959999084472656,48.118080139160156,625800
2015-11-18,50.09000015258789,51.09000015258789,50.0,51.040000915527344,49.158260345458984,1189200
2015-11-19,51.20000076293945,51.20000076293945,50.459999084472656,50.90999984741211,49.03305435180664,561300
2015-11-20,51.209999084472656,51.7599983215332,50.9900016784668,51.400001525878906,49.5049934387207,740100
2015-11-23,51.400001525878906,51.91999816894531,51.119998931884766,51.18000030517578,49.2931022644043,428000
2015-11-24,50.869998931884766,52.2400016784668,50.81999969482422,51.97999954223633,50.063602447509766,702100
2015-11-25,51.72999954223633,52.130001068115234,51.5099983215332,51.56999969482422,49.668724060058594,422200
2015-11-27,51.470001220703125,52.189998626708984,51.11000061035156,51.939998626708984,50.02507400512695,220300
2015-11-30,51.84000015258789,52.150001525878906,51.650001525878906,51.90999984741211,49.996185302734375,562300
2015-12-01,51.88999938964844,52.38999938964844,51.45000076293945,51.66999816894531,49.7650260925293,626200
2015-12-02,51.529998779296875,51.790000915527344,50.470001220703125,50.52000045776367,48.657432556152344,494700
2015-12-03,50.88999938964844,51.029998779296875,49.97999954223633,50.459999084472656,48.599639892578125,671800
2015-12-04,50.619998931884766,51.52000045776367,50.439998626708984,51.43000030517578,49.533878326416016,575100
2015-12-07,51.310001373291016,51.38999938964844,50.38999938964844,50.880001068115234,49.004154205322266,435400
2015-12-08,50.34000015258789,50.58000183105469,49.529998779296875,49.91999816894531,48.07955551147461,520400
2015-12-09,49.93000030517578,50.81999969482422,49.459999084472656,49.689998626708984,47.858028411865234,447300
2015-12-10,49.84000015258789,50.41999816894531,49.56999969482422,50.09000015258789,48.243289947509766,479000
2015-12-11,49.52000045776367,50.369998931884766,49.33000183105469,49.54999923706055,47.72319412231445,456500
2015-12-14,49.459999084472656,49.77000045776367,48.33000183105469,48.97999954223633,47.174217224121094,552000
2015-12-15,49.36000061035156,49.68000030517578,49.130001068115234,49.31999969482422,47.50167465209961,594100
2015-12-16,49.810001373291016,49.88999938964844,49.029998779296875,49.810001373291016,47.97361373901367,532000
2015-12-17,49.790000915527344,49.869998931884766,48.880001068115234,48.900001525878906,47.097171783447266,296500
2015-12-18,48.52000045776367,48.709999084472656,48.130001068115234,48.47999954223633,46.69264221191406,1048300
2015-12-21,48.7400016784668,49.380001068115234,48.439998626708984,48.95000076293945,47.14531707763672,620900
2015-12-22,48.97999954223633,49.849998474121094,48.68000030517578,49.59000015258789,47.76171875,634100
2015-12-23,49.95000076293945,50.72999954223633,49.61000061035156,50.619998931884766,48.75374221801758,923700
2015-12-24,50.529998779296875,50.84000015258789,50.34000015258789,50.630001068115234,48.76337814331055,177400
2015-12-28,50.47999954223633,51.189998626708984,50.27000045776367,50.9900016784668,49.110111236572266,597900
2015-12-29,51.279998779296875,51.939998626708984,50.9900016784668,51.83000183105469,49.91913604736328,519700
2015-12-30,51.790000915527344,51.880001068115234,51.310001373291016,51.540000915527344,49.63983917236328,525900
2015-12-31,51.220001220703125,51.529998779296875,50.689998626708984,50.70000076293945,48.8307991027832,414400
2016-01-04,49.779998779296875,49.81999969482422,48.79999923706055,49.7599983215332,47.925453186035156,724100
2016-01-05,49.88999938964844,50.47999954223633,49.5099983215332,50.40999984741211,48.551483154296875,731500
2016-01-06,49.79999923706055,50.31999969482422,49.31999969482422,49.59000015258789,47.76171875,579200
2016-01-07,48.720001220703125,49.189998626708984,48.27000045776367,48.470001220703125,46.68301773071289,620300
2016-01-08,48.66999816894531,48.91999816894531,47.099998474121094,47.209999084472656,45.469459533691406,753400
2016-01-11,47.31999969482422,47.58000183105469,46.040000915527344,46.58000183105469,44.86269760131836,1019200
2016-01-12,47.08000183105469,47.119998931884766,46.13999938964844,46.7599983215332,45.03605651855469,508700
2016-01-13,47.0,47.290000915527344,45.47999954223633,45.540000915527344,43.86103820800781,706900
2016-01-14,46.0,46.34000015258789,44.81999969482422,46.02000045776367,44.323341369628906,965900
2016-01-15,44.83000183105469,45.720001220703125,44.59000015258789,45.279998779296875,43.61061477661133,967800
2016-01-19,45.56999969482422,45.77000045776367,44.20000076293945,44.83000183105469,43.177215576171875,716300
2016-01-20,44.310001373291016,45.650001525878906,43.33000183105469,45.25,43.58173370361328,795900
2016-01-21,45.279998779296875,46.209999084472656,44.959999084472656,45.33000183105469,43.658782958984375,579000
2016-01-22,45.83000183105469,46.47999954223633,45.41999816894531,46.27000045776367,44.56412887573242,357500
2016-01-25,45.869998931884766,46.13999938964844,44.7400016784668,45.0,43.340946197509766,1203200
2016-01-26,45.290000915527344,46.02000045776367,44.97999954223633,45.7400016784668,44.05366516113281,577600
2016-01-27,45.540000915527344,45.83000183105469,44.86000061035156,45.5,43.822509765625,1369100
2016-01-28,45.790000915527344,46.47999954223633,44.25,44.93000030517578,43.273521423339844,1546100
2016-01-29,45.189998626708984,45.91999816894531,44.869998931884766,45.880001068115234,44.18850326538086,1881600
2016-02-01,45.29999923706055,45.72999954223633,44.75,45.099998474121094,43.437255859375,1981700
2016-02-02,44.59000015258789,45.61000061035156,44.470001220703125,45.5,43.822509765625,1387900
2016-02-03,45.709999084472656,45.83000183105469,43.959999084472656,44.689998626708984,43.0423698425293,1871100
2016-02-04,43.790000915527344,47.9900016784668,43.29999923706055,47.93000030517578,46.16291809082031,2236300
2016-02-05,47.58000183105469,48.27000045776367,45.709999084472656,45.810001373291016,44.12107849121094,1551900
2016-02-08,45.38999938964844,45.41999816894531,43.41999816894531,44.209999084472656,42.5800666809082,1588300
2016-02-09,43.709999084472656,45.25,43.54999923706055,44.790000915527344,43.1386833190918,1501400
2016-02-10,45.0099983215332,45.630001068115234,44.810001373291016,44.970001220703125,43.31204605102539,1439900
2016-02-11,44.209999084472656,45.029998779296875,43.95000076293945,44.56999969482422,42.92679214477539,932200
2016-02-12,44.86000061035156,45.290000915527344,44.599998474121094,45.02000045776367,43.36021041870117,1186600
2016-02-16,45.599998474121094,46.0099983215332,45.0,45.599998474121094,43.9188232421875,858800
2016-02-17,45.91999816894531,46.2400016784668,45.68000030517578,45.81999969482422,44.13071060180664,1056900
2016-02-18,45.77000045776367,45.91999816894531,45.209999084472656,45.25,43.58173370361328,1163600
2016-02-19,45.939998626708984,46.150001525878906,44.970001220703125,45.560001373291016,43.88029479980469,1385000
2016-02-22,45.95000076293945,46.83000183105469,45.47999954223633,46.0,44.3040771484375,926000
2016-02-23,45.689998626708984,46.2400016784668,45.599998474121094,45.720001220703125,44.03440856933594,563100
2016-02-24,45.349998474121094,46.02000045776367,44.93000030517578,45.88999938964844,44.19812774658203,516800
2016-02-25,46.0,46.45000076293945,45.439998626708984,46.310001373291016,44.60265350341797,898100
2016-02-26,46.68000030517578,46.68000030517578,45.93000030517578,46.18000030517578,44.47744369506836,715900
2016-02-29,46.349998474121094,47.06999969482422,46.18000030517578,46.849998474121094,45.122737884521484,1101200
2016-03-01,47.15999984741211,47.63999938964844,46.79999923706055,47.20000076293945,45.459842681884766,1162800
2016-03-02,46.95000076293945,47.650001525878906,46.86000061035156,47.33000183105469,45.585052490234375,697300
2016-03-03,47.20000076293945,48.189998626708984,47.0,48.119998931884766,46.34592056274414,972100
2016-03-04,48.029998779296875,48.720001220703125,47.849998474121094,48.040000915527344,46.268863677978516,603800
2016-03-07,47.90999984741211,48.2599983215332,47.040000915527344,47.599998474121094,45.8450813293457,710100
2016-03-08,47.2599983215332,47.68000030517578,46.79999923706055,47.38999938964844,45.6428337097168,626000
2016-03-09,47.54999923706055,47.9900016784668,47.349998474121094,47.91999816894531,46.153289794921875,597900
2016-03-10,48.060001373291016,48.15999984741211,47.25,47.59000015258789,45.83546447753906,442500
2016-03-11,48.040000915527344,49.099998474121094,47.91999816894531,48.869998931884766,47.068267822265625,514600
2016-03-14,48.77000045776367,48.93000030517578,48.27000045776367,48.63999938964844,46.84674835205078,360200
2016-03-15,48.220001220703125,48.2400016784668,47.599998474121094,47.79999923706055,46.0377197265625,972700
2016-03-16,47.61000061035156,48.68000030517578,47.45000076293945,48.52000045776367,46.73117446899414,654300
2016-03-17,48.63999938964844,49.709999084472656,48.529998779296875,49.459999084472656,47.636512756347656,683500
2016-03-18,49.40999984741211,49.81999969482422,49.209999084472656,49.72999954223633,47.89655685424805,909700
2016-03-21,49.59000015258789,49.59000015258789,48.88999938964844,49.0,47.193477630615234,598700
2016-03-22,48.66999816894531,49.68000030517578,48.66999816894531,49.310001373291016,47.492042541503906,449600
2016-03-23,49.310001373291016,49.47999954223633,48.630001068115234,49.099998474121094,47.28978729248047,779000
2016-03-24,48.970001220703125,49.2400016784668,48.5,48.630001068115234,46.837120056152344,656400
2016-03-28,48.65999984741211,48.75,48.15999984741211,48.5099983215332,46.721534729003906,862300
2016-03-29,48.619998931884766,49.06999969482422,48.310001373291016,49.060001373291016,47.251258850097656,599200
2016-03-30,49.25,49.61000061035156,48.7599983215332,49.599998474121094,47.7713508605957,600500
2016-03-31,49.650001525878906,49.779998779296875,49.22999954223633,49.59000015258789,47.76171875,924100
2016-04-01,49.380001068115234,49.7599983215332,49.040000915527344,49.61000061035156,47.78097915649414,696400
2016-04-04,49.59000015258789,49.65999984741211,48.599998474121094,48.68000030517578,46.8852653503418,463300
2016-04-05,48.220001220703125,48.41999816894531,47.72999954223633,48.279998779296875,46.500022888183594,649400
2016-04-06,48.34000015258789,49.41999816894531,48.029998779296875,49.400001525878906,47.578731536865234,627800
2016-04-07,49.060001373291016,49.209999084472656,48.689998626708984,49.16999816894531,47.35720443725586,788300
2016-04-08,49.380001068115234,49.439998626708984,48.4900016784668,48.790000915527344,46.991214752197266,559500
2016-04-11,48.900001525878906,49.31999969482422,48.58000183105469,48.900001525878906,47.097171783447266,524300
2016-04-12,48.81999969482422,50.099998474121094,48.81999969482422,50.040000915527344,48.19512939453125,1302900
2016-04-13,50.2599983215332,50.65999984741211,49.66999816894531,50.47999954223633,48.61891174316406,476200
2016-04-14,50.470001220703125,50.58000183105469,49.9900016784668,50.470001220703125,48.60927200317383,448500
2016-04-15,50.5,51.2400016784668,50.470001220703125,51.13999938964844,49.25457000732422,1122200
2016-04-18,50.77000045776367,51.7400016784668,50.720001220703125,51.59000015258789,49.687984466552734,722300
2016-04-19,52.04999923706055,52.08000183105469,51.650001525878906,52.029998779296875,50.111759185791016,689800
2016-04-20,52.119998931884766,53.04999923706055,51.86000061035156,52.7400016784668,50.79558563232422,1597000
2016-04-21,49.650001525878906,53.45000076293945,49.650001525878906,53.15999984741211,51.20009994506836,2625900
2016-04-22,53.470001220703125,54.5,53.220001220703125,54.11000061035156,52.115074157714844,1693100
2016-04-25,53.93000030517578,54.119998931884766,53.0,53.27000045776367,51.30604934692383,1574300
2016-04-26,53.529998779296875,53.91999816894531,53.310001373291016,53.849998474121094,51.864662170410156,923700
2016-04-27,53.90999984741211,54.20000076293945,53.599998474121094,53.970001220703125,51.98023986816406,713600
2016-04-28,53.439998626708984,54.04999923706055,53.11000061035156,53.599998474121094,51.623878479003906,701200
2016-04-29,53.2599983215332,53.7599983215332,52.540000915527344,52.959999084472656,51.00746536254883,1047100
2016-05-02,52.959999084472656,54.02000045776367,52.779998779296875,53.869998931884766,51.8839225769043,1972300
2016-05-03,53.7400016784668,53.7400016784668,53.08000183105469,53.58000183105469,51.604618072509766,1374800
2016-05-04,53.18000030517578,53.650001525878906,52.91999816894531,53.63999938964844,51.66240692138672,1018900
2016-05-05,53.66999816894531,53.79999923706055,53.31999969482422,53.58000183105469,51.604618072509766,1113500
2016-05-06,53.59000015258789,53.810001373291016,53.27000045776367,53.58000183105469,51.604618072509766,909000
2016-05-09,53.33000183105469,53.779998779296875,53.09000015258789,53.619998931884766,51.64314270019531,745600
2016-05-10,53.790000915527344,54.56999969482422,53.63999938964844,54.400001525878906,52.394378662109375,905900
2016-05-11,54.18000030517578,54.970001220703125,54.0099983215332,54.439998626708984,52.432918548583984,965300
2016-05-12,54.939998626708984,55.439998626708984,54.529998779296875,55.04999923706055,53.02041244506836,1017300
2016-05-13,54.689998626708984,54.720001220703125,54.0,54.20000076293945,52.201759338378906,1134300
2016-05-16,54.22999954223633,54.72999954223633,54.150001525878906,54.22999954223633,52.23065185546875,772100
2016-05-17,54.18000030517578,54.220001220703125,52.869998931884766,53.0,51.045997619628906,1599900
2016-05-18,53.0,53.54999923706055,52.45000076293945,52.88999938964844,50.9400634765625,1161700
2016-05-19,52.4900016784668,52.77000045776367,51.849998474121094,52.099998474121094,50.1791877746582,1303300
2016-05-20,52.27000045776367,52.630001068115234,51.97999954223633,52.150001525878906,50.22734069824219,839100
2016-05-23,52.290000915527344,52.43000030517578,51.88999938964844,51.93000030517578,50.015445709228516,647700
2016-05-24,52.2400016784668,52.79999923706055,52.08000183105469,52.41999816894531,50.48738479614258,1460200
2016-05-25,52.689998626708984,53.029998779296875,52.400001525878906,52.5099983215332,50.57406997680664,675900
2016-05-26,52.75,52.75,51.66999816894531,51.84000015258789,49.92877197265625,1638000
2016-05-27,51.86000061035156,52.619998931884766,51.86000061035156,52.459999084472656,50.525909423828125,838800
2016-05-31,52.56999969482422,52.7400016784668,51.970001220703125,52.16999816894531,50.2465934753418,799600
2016-06-01,51.93000030517578,52.9900016784668,51.79999923706055,52.79999923706055,50.85337448120117,1072100
2016-06-02,52.63999938964844,53.29999923706055,52.43000030517578,53.279998779296875,51.315677642822266,905900
2016-06-03,53.31999969482422,53.33000183105469,52.72999954223633,53.220001220703125,51.25788497924805,606500
2016-06-06,53.220001220703125,53.65999984741211,53.20000076293945,53.5,51.52757263183594,644200
2016-06-07,53.66999816894531,53.9900016784668,53.220001220703125,53.709999084472656,51.72982406616211,603500
2016-06-08,53.7599983215332,54.130001068115234,53.43000030517578,54.08000183105469,52.08618927001953,729700
2016-06-09,53.66999816894531,54.36000061035156,53.5099983215332,54.25,52.24992370605469,760300
2016-06-10,53.869998931884766,54.0,52.970001220703125,53.099998474121094,51.14231491088867,624000
2016-06-13,52.810001373291016,52.88999938964844,52.02000045776367,52.060001373291016,50.14065933227539,510200
2016-06-14,51.83000183105469,52.939998626708984,51.790000915527344,52.900001525878906,50.94969177246094,1084900
2016-06-15,52.91999816894531,53.209999084472656,52.529998779296875,52.59000015258789,50.651119232177734,754300
2016-06-16,52.27000045776367,52.79999923706055,51.86000061035156,52.75,50.80521011352539,389900
2016-06-17,52.630001068115234,53.25,52.61000061035156,52.90999984741211,50.95931625366211,581700
2016-06-20,53.380001068115234,53.95000076293945,53.310001373291016,53.38999938964844,51.421627044677734,830900
2016-06-21,53.540000915527344,53.540000915527344,52.91999816894531,52.95000076293945,50.99784469604492,780700
2016-06-22,53.04999923706055,53.31999969482422,52.95000076293945,53.06999969482422,51.11341857910156,884800
2016-06-23,53.65999984741211,54.06999969482422,53.18000030517578,53.27000045776367,51.30604934692383,980200
2016-06-24,51.38999938964844,51.869998931884766,49.779998779296875,49.810001373291016,47.97361373901367,2848800
2016-06-27,49.4900016784668,49.52000045776367,48.040000915527344,48.36000061035156,46.57707214355469,887400
2016-06-28,48.650001525878906,49.540000915527344,48.33000183105469,49.47999954223633,47.6557731628418,1072900
2016-06-29,49.869998931884766,49.91999816894531,49.15999984741211,49.540000915527344,47.713565826416016,1269100
2016-06-30,49.540000915527344,50.689998626708984,49.130001068115234,50.66999816894531,48.80189514160156,911800
2016-07-01,50.45000076293945,50.959999084472656,50.13999938964844,50.880001068115234,49.004154205322266,970900
2016-07-05,50.7599983215332,50.779998779296875,49.459999084472656,49.75,47.91581726074219,699300
2016-07-06,49.16999816894531,50.36000061035156,49.13999938964844,50.06999969482422,48.22402572631836,951100
2016-07-07,50.08000183105469,51.34000015258789,50.08000183105469,50.470001220703125,48.60927200317383,929200
2016-07-08,51.0,52.0099983215332,50.81999969482422,51.68000030517578,49.7746696472168,889700
2016-07-11,51.97999954223633,52.060001373291016,51.279998779296875,51.95000076293945,50.03470993041992,475400
2016-07-12,52.25,52.869998931884766,51.90999984741211,51.939998626708984,50.02507400512695,992800
2016-07-13,52.2599983215332,52.36000061035156,51.61000061035156,51.86000061035156,49.94802474975586,845400
2016-07-14,52.31999969482422,52.31999969482422,51.689998626708984,51.880001068115234,49.96730041503906,570500
2016-07-15,51.939998626708984,52.119998931884766,51.56999969482422,51.779998779296875,49.870975494384766,664600
2016-07-18,51.63999938964844,51.970001220703125,51.150001525878906,51.869998931884766,49.95765686035156,1003400
2016-07-19,51.7400016784668,52.06999969482422,51.650001525878906,51.83000183105469,49.91913604736328,1012900
2016-07-20,51.91999816894531,52.310001373291016,51.68000030517578,52.2599983215332,50.333282470703125,1296300
2016-07-21,52.439998626708984,55.5,52.439998626708984,53.0,51.045997619628906,4049400
2016-07-22,53.27000045776367,53.779998779296875,52.93000030517578,52.9900016784668,51.036373138427734,2234400
2016-07-25,53.02000045776367,53.06999969482422,52.7599983215332,53.0,51.045997619628906,1577500
2016-07-26,53.0,53.70000076293945,52.9900016784668,53.38999938964844,51.421627044677734,1023700
2016-07-27,53.61000061035156,53.83000183105469,53.15999984741211,53.630001068115234,51.65277862548828,1106500
2016-07-28,53.58000183105469,53.58000183105469,52.959999084472656,53.290000915527344,51.32530975341797,520200
2016-07-29,53.189998626708984,53.27000045776367,52.58000183105469,52.970001220703125,51.01710891723633,570400
2016-08-01,53.02000045776367,53.36000061035156,52.66999816894531,52.97999954223633,51.026737213134766,748500
2016-08-02,53.09000015258789,53.09000015258789,52.209999084472656,52.560001373291016,50.62221908569336,630400
2016-08-03,52.459999084472656,53.119998931884766,52.34000015258789,52.790000915527344,50.843746185302734,801000
2016-08-04,52.970001220703125,54.47999954223633,52.970001220703125,53.68000030517578,51.700927734375,1089100
2016-08-05,53.95000076293945,54.4900016784668,53.90999984741211,54.08000183105469,52.08618927001953,712800
2016-08-08,54.04999923706055,54.33000183105469,53.68000030517578,53.849998474121094,51.864662170410156,605200
2016-08-09,53.93000030517578,54.119998931884766,53.619998931884766,53.720001220703125,51.73945999145508,631500
2016-08-10,53.97999954223633,54.40999984741211,53.7599983215332,54.189998626708984,52.19213104248047,743600
2016-08-11,54.59000015258789,54.93000030517578,54.279998779296875,54.63999938964844,52.62553787231445,633300
2016-08-12,54.619998931884766,54.720001220703125,53.880001068115234,54.0099983215332,52.018760681152344,818900
2016-08-15,54.150001525878906,54.869998931884766,54.040000915527344,54.060001373291016,52.066925048828125,628600
2016-08-16,53.9900016784668,54.150001525878906,53.56999969482422,53.56999969482422,51.59497833251953,451600
2016-08-17,53.540000915527344,53.900001525878906,53.18000030517578,53.72999954223633,51.749080657958984,678700
2016-08-18,53.790000915527344,54.18000030517578,53.650001525878906,54.16999816894531,52.17286682128906,584500
2016-08-19,53.91999816894531,54.31999969482422,53.5099983215332,54.130001068115234,52.13434600830078,399200
2016-08-22,53.880001068115234,53.9900016784668,53.560001373291016,53.88999938964844,51.90318298339844,474600
2016-08-23,54.18000030517578,54.279998779296875,53.900001525878906,54.0,52.009132385253906,571300
2016-08-24,54.060001373291016,54.060001373291016,53.400001525878906,53.4900016784668,51.5179328918457,400100
2016-08-25,53.47999954223633,53.75,53.31999969482422,53.470001220703125,51.4986686706543,875500
2016-08-26,53.5099983215332,53.97999954223633,52.790000915527344,53.150001525878906,51.19047927856445,875300
2016-08-29,53.18000030517578,53.7599983215332,53.08000183105469,53.75,51.768348693847656,679700
2016-08-30,53.709999084472656,54.04999923706055,53.52000045776367,54.04999923706055,52.05729293823242,663400
2016-08-31,53.880001068115234,54.34000015258789,53.7400016784668,54.22999954223633,52.23065185546875,1005300
2016-09-01,54.189998626708984,54.790000915527344,54.11000061035156,54.77000045776367,52.75074005126953,1406800
2016-09-02,54.95000076293945,55.029998779296875,54.54999923706055,54.83000183105469,52.80853271484375,383600
2016-09-06,55.0099983215332,56.02000045776367,54.93000030517578,56.02000045776367,53.95466232299805,1241800
2016-09-07,56.0,56.790000915527344,56.0,56.54999923706055,54.46512222290039,1097100
2016-09-08,56.34000015258789,56.529998779296875,55.56999969482422,55.65999984741211,53.60792541503906,697100
2016-09-09,55.150001525878906,55.150001525878906,54.060001373291016,54.279998779296875,52.27880096435547,826000
2016-09-12,53.880001068115234,54.88999938964844,53.779998779296875,54.83000183105469,52.80853271484375,477800
2016-09-13,54.4900016784668,54.7400016784668,53.869998931884766,54.22999954223633,52.23065185546875,865400
2016-09-14,54.0,54.36000061035156,53.54999923706055,53.810001373291016,51.826141357421875,788600
2016-09-15,53.70000076293945,54.63999938964844,53.43000030517578,54.5099983215332,52.500328063964844,1072900
2016-09-16,53.97999954223633,54.380001068115234,53.470001220703125,53.790000915527344,51.80686950683594,987300
2016-09-19,54.209999084472656,54.22999954223633,53.619998931884766,54.040000915527344,52.04765319824219,1178800
2016-09-20,54.349998474121094,54.619998931884766,53.61000061035156,53.619998931884766,51.64314270019531,869300
2016-09-21,53.81999969482422,54.16999816894531,53.439998626708984,53.959999084472656,51.970603942871094,909800
2016-09-22,54.22999954223633,54.470001220703125,54.04999923706055,54.369998931884766,52.3654899597168,960500
2016-09-23,54.290000915527344,54.58000183105469,53.93000030517578,54.2599983215332,52.25954055786133,430300
2016-09-26,53.9900016784668,54.27000045776367,53.86000061035156,53.900001525878906,51.91282272338867,565000
2016-09-27,54.52000045776367,56.20000076293945,54.52000045776367,56.02000045776367,53.95466232299805,2388000
2016-09-28,56.2599983215332,56.72999954223633,55.88999938964844,56.70000076293945,54.60957717895508,1302300
2016-09-29,56.54999923706055,57.060001373291016,56.13999938964844,56.68000030517578,54.59032440185547,1127600
2016-09-30,57.0,57.459999084472656,56.5099983215332,57.09000015258789,54.985206604003906,1292800
2016-10-03,57.029998779296875,57.029998779296875,56.40999984741211,56.720001220703125,54.62885665893555,918000
2016-10-04,56.869998931884766,56.939998626708984,55.599998474121094,55.72999954223633,53.675357818603516,912300
2016-10-05,56.08000183105469,56.22999954223633,55.630001068115234,56.029998779296875,53.96428680419922,705200
2016-10-06,56.0099983215332,56.5099983215332,55.83000183105469,56.2599983215332,54.185813903808594,510000
2016-10-07,56.290000915527344,56.31999969482422,55.470001220703125,55.86000061035156,53.80055236816406,1000100
2016-10-10,56.16999816894531,56.349998474121094,55.599998474121094,55.72999954223633,53.675357818603516,494300
2016-10-11,55.43000030517578,55.43000030517578,54.630001068115234,55.099998474121094,53.06857681274414,647500
2016-10-12,55.099998474121094,55.54999923706055,54.97999954223633,55.47999954223633,53.4345703125,713200
2016-10-13,54.88999938964844,55.86000061035156,54.43000030517578,55.189998626708984,53.15525436401367,1047200
2016-10-14,55.619998931884766,56.0,55.2599983215332,55.2599983215332,53.222679138183594,533200
2016-10-17,55.529998779296875,55.720001220703125,54.779998779296875,55.380001068115234,53.338253021240234,995200
2016-10-18,57.16999816894531,57.4900016784668,55.91999816894531,55.97999954223633,53.9161376953125,2011200
2016-10-19,56.36000061035156,57.099998474121094,55.849998474121094,56.7599983215332,54.66737747192383,1494600
2016-10-20,55.880001068115234,56.439998626708984,54.0,54.7599983215332,52.74111557006836,2767800
2016-10-21,54.189998626708984,54.959999084472656,53.880001068115234,54.54999923706055,52.53886413574219,1057200
2016-10-24,54.849998474121094,55.22999954223633,54.5,54.58000183105469,52.567752838134766,715100
2016-10-25,54.40999984741211,55.0099983215332,54.400001525878906,54.619998931884766,52.60626983642578,682500
2016-10-26,54.58000183105469,55.13999938964844,54.5,54.52000045776367,52.50995635986328,840200
2016-10-27,54.58000183105469,54.58000183105469,53.93000030517578,54.060001373291016,52.066925048828125,751200
2016-10-28,54.08000183105469,54.400001525878906,53.66999816894531,54.119998931884766,52.12471389770508,875100
2016-10-31,54.33000183105469,54.560001373291016,53.97999954223633,54.25,52.24992370605469,968900
2016-11-01,54.41999816894531,54.459999084472656,53.25,53.4900016784668,51.5179328918457,795100
2016-11-02,53.29999923706055,53.689998626708984,52.970001220703125,52.970001220703125,51.01710891723633,667900
2016-11-03,53.15999984741211,53.91999816894531,52.86000061035156,53.470001220703125,51.4986686706543,594900
2016-11-04,53.5099983215332,53.709999084472656,53.040000915527344,53.040000915527344,51.08452224731445,906300
2016-11-07,53.779998779296875,54.34000015258789,53.779998779296875,54.209999084472656,52.21139144897461,614000
2016-11-08,54.040000915527344,54.869998931884766,53.68000030517578,54.650001525878906,52.635169982910156,507500
2016-11-09,53.939998626708984,54.790000915527344,53.43000030517578,54.11000061035156,52.115074157714844,1059400
2016-11-10,54.5099983215332,54.9900016784668,52.63999938964844,52.689998626708984,50.74742126464844,1087400
2016-11-11,52.59000015258789,52.779998779296875,51.66999816894531,52.279998779296875,50.3525390625,1385000
2016-11-14,52.4900016784668,53.599998474121094,52.36000061035156,53.56999969482422,51.59497833251953,1056000
2016-11-15,53.810001373291016,54.16999816894531,53.70000076293945,53.83000183105469,51.84539794921875,841000
2016-11-16,53.619998931884766,53.790000915527344,53.0,53.060001373291016,51.103790283203125,794100
2016-11-17,53.040000915527344,53.220001220703125,52.2599983215332,52.97999954223633,51.026737213134766,1003800
2016-11-18,52.880001068115234,53.650001525878906,52.880001068115234,53.290000915527344,51.32530975341797,896500
2016-11-21,53.16999816894531,54.2599983215332,53.130001068115234,54.209999084472656,52.21139144897461,783300
2016-11-22,54.34000015258789,54.900001525878906,54.0099983215332,54.81999969482422,52.79890060424805,641600
2016-11-23,54.77000045776367,55.2400016784668,54.77000045776367,54.83000183105469,52.80853271484375,303300
2016-11-25,55.060001373291016,55.060001373291016,54.380001068115234,54.90999984741211,52.88558578491211,170400
2016-11-28,54.619998931884766,55.31999969482422,54.56999969482422,55.130001068115234,53.09746551513672,492000
2016-11-29,54.90999984741211,55.779998779296875,54.900001525878906,55.63999938964844,53.58867263793945,1198200
2016-11-30,55.83000183105469,55.9900016784668,54.33000183105469,54.38999938964844,52.3847541809082,1271400
2016-12-01,54.54999923706055,54.79999923706055,52.31999969482422,52.380001068115234,50.44886779785156,2158300
2016-12-02,52.290000915527344,52.369998931884766,51.56999969482422,52.0,50.08287048339844,2069700
2016-12-05,52.099998474121094,52.58000183105469,51.63999938964844,51.720001220703125,49.81319046020508,1230600
2016-12-06,51.7400016784668,52.119998931884766,51.61000061035156,51.900001525878906,49.98655319213867,881500
2016-12-07,51.70000076293945,52.7400016784668,51.70000076293945,52.650001525878906,50.708900451660156,1547000
2016-12-08,52.95000076293945,53.95000076293945,52.95000076293945,53.279998779296875,51.315677642822266,2219000
2016-12-09,53.16999816894531,53.9900016784668,53.130001068115234,53.849998474121094,51.864662170410156,866800
2016-12-12,53.970001220703125,54.349998474121094,52.720001220703125,53.040000915527344,51.08452224731445,851300
2016-12-13,53.02000045776367,53.400001525878906,52.380001068115234,53.15999984741211,51.20009994506836,1270900
2016-12-14,53.2599983215332,53.5099983215332,52.709999084472656,52.91999816894531,50.96894836425781,1515500
2016-12-15,52.95000076293945,53.65999984741211,52.52000045776367,52.84000015258789,50.89189529418945,1004900
2016-12-16,53.119998931884766,53.16999816894531,52.470001220703125,52.779998779296875,50.8341064453125,1055400
2016-12-19,52.689998626708984,53.209999084472656,52.43000030517578,53.18000030517578,51.219356536865234,754800
2016-12-20,53.130001068115234,53.4900016784668,52.97999954223633,53.43000030517578,51.460147857666016,804200
2016-12-21,53.59000015258789,54.31999969482422,53.2599983215332,53.709999084472656,51.72982406616211,932600
2016-12-22,53.68000030517578,53.93000030517578,53.369998931884766,53.84000015258789,51.85502624511719,753900
2016-12-23,53.619998931884766,53.810001373291016,53.459999084472656,53.4900016784668,51.5179328918457,435000
2016-12-27,53.58000183105469,54.119998931884766,53.58000183105469,53.88999938964844,51.90318298339844,286900
2016-12-28,54.150001525878906,54.150001525878906,53.150001525878906,53.16999816894531,51.2097282409668,368800
2016-12-29,53.11000061035156,53.5099983215332,52.7400016784668,52.91999816894531,50.96894836425781,472500
2016-12-30,53.13999938964844,53.13999938964844,52.400001525878906,52.56999969482422,50.631858825683594,354800
2017-01-03,52.650001525878906,53.31999969482422,52.47999954223633,53.15999984741211,51.20009994506836,861000
2017-01-04,53.25,53.95000076293945,53.25,53.95000076293945,51.96097183227539,779700
2017-01-05,53.91999816894531,54.220001220703125,53.459999084472656,54.029998779296875,52.03803253173828,1067000
2017-01-06,54.06999969482422,54.52000045776367,53.84000015258789,54.33000183105469,52.326969146728516,848000
2017-01-09,54.18000030517578,54.18000030517578,52.4900016784668,52.869998931884766,50.92079162597656,1304300
2017-01-10,52.869998931884766,53.560001373291016,52.709999084472656,53.16999816894531,51.2097282409668,1110400
2017-01-11,53.349998474121094,53.84000015258789,53.04999923706055,53.81999969482422,51.83576583862305,695200
2017-01-12,53.619998931884766,54.43000030517578,53.45000076293945,54.40999984741211,52.404014587402344,1081500
2017-01-13,54.15999984741211,54.810001373291016,54.02000045776367,54.72999954223633,52.71221923828125,1555000
2017-01-17,54.7400016784668,54.7400016784668,54.310001373291016,54.5,52.49069595336914,763600
2017-01-18,54.529998779296875,54.939998626708984,54.40999984741211,54.689998626708984,52.67369842529297,728700
2017-01-19,54.56999969482422,54.970001220703125,53.75,54.11000061035156,52.115074157714844,688200
2017-01-20,54.20000076293945,54.349998474121094,52.97999954223633,53.220001220703125,51.25788497924805,974000
2017-01-23,53.029998779296875,53.45000076293945,52.77000045776367,53.45000076293945,51.47941207885742,657700
2017-01-24,53.36000061035156,54.439998626708984,53.130001068115234,54.20000076293945,52.201759338378906,788000
2017-01-25,54.34000015258789,54.40999984741211,53.7599983215332,53.959999084472656,51.970603942871094,1139100
2017-01-26,54.150001525878906,54.40999984741211,53.47999954223633,54.2599983215332,52.25954055786133,835300
2017-01-27,54.290000915527344,54.4900016784668,53.720001220703125,54.029998779296875,52.03803253173828,475000
2017-01-30,53.58000183105469,54.060001373291016,52.97999954223633,53.65999984741211,51.681671142578125,502100
2017-01-31,53.61000061035156,54.2400016784668,53.38999938964844,54.16999816894531,52.17286682128906,984600
2017-02-01,54.61000061035156,54.97999954223633,53.70000076293945,53.79999923706055,51.816505432128906,1884300
2017-02-02,53.619998931884766,54.20000076293945,53.06999969482422,54.06999969482422,52.0765495300293,1681900
2017-02-03,53.5,54.20000076293945,52.54999923706055,53.08000183105469,51.12305450439453,2279500
2017-02-06,53.04999923706055,53.59000015258789,52.38999938964844,52.97999954223633,51.026737213134766,1965300
2017-02-07,52.9900016784668,53.209999084472656,52.66999816894531,52.70000076293945,50.757057189941406,1350600
2017-02-08,52.70000076293945,53.27000045776367,52.54999923706055,53.09000015258789,51.13268280029297,953000
2017-02-09,52.9900016784668,53.2400016784668,52.70000076293945,53.09000015258789,51.13268280029297,770200
2017-02-10,53.369998931884766,53.40999984741211,52.689998626708984,53.08000183105469,51.12305450439453,771400
2017-02-13,53.290000915527344,53.66999816894531,53.02000045776367,53.31999969482422,51.35420227050781,876900
2017-02-14,53.130001068115234,53.290000915527344,52.7400016784668,52.93000030517578,50.97858428955078,703300
2017-02-15,52.93000030517578,53.18000030517578,52.810001373291016,52.93000030517578,50.97858428955078,712600
2017-02-16,52.86000061035156,53.58000183105469,52.86000061035156,53.029998779296875,51.07490158081055,784700
2017-02-17,53.04999923706055,53.150001525878906,52.52000045776367,52.779998779296875,50.8341064453125,1184100
2017-02-21,52.79999923706055,53.66999816894531,52.79999923706055,53.56999969482422,51.59497833251953,864200
2017-02-22,53.45000076293945,53.45000076293945,52.86000061035156,53.189998626708984,51.22899627685547,599300
2017-02-23,53.43000030517578,53.84000015258789,53.2599983215332,53.619998931884766,51.64314270019531,862500
2017-02-24,53.22999954223633,53.56999969482422,53.08000183105469,53.33000183105469,51.36383819580078,529500
2017-02-27,53.31999969482422,53.4900016784668,53.029998779296875,53.349998474121094,51.38309097290039,540700
2017-02-28,53.34000015258789,54.11000061035156,53.02000045776367,53.59000015258789,51.614253997802734,1500700
2017-03-01,53.9900016784668,54.40999984741211,53.66999816894531,53.939998626708984,51.951351165771484,863900
2017-03-02,53.869998931884766,53.869998931884766,53.099998474121094,53.2599983215332,51.29640579223633,641800
2017-03-03,53.18000030517578,53.529998779296875,52.93000030517578,53.5,51.52757263183594,689800
2017-03-06,53.189998626708984,53.34000015258789,52.689998626708984,52.720001220703125,50.77632522583008,650400
2017-03-07,52.7599983215332,52.849998474121094,52.2599983215332,52.47999954223633,50.545169830322266,857200
2017-03-08,52.54999923706055,52.97999954223633,52.400001525878906,52.91999816894531,50.96894836425781,815300
2017-03-09,53.0,53.36000061035156,52.58000183105469,53.27000045776367,51.30604934692383,1292800
2017-03-10,53.310001373291016,54.130001068115234,53.310001373291016,53.95000076293945,51.96097183227539,1312200
2017-03-13,54.0099983215332,54.119998931884766,53.45000076293945,53.720001220703125,51.73945999145508,645900
2017-03-14,53.40999984741211,53.86000061035156,53.40999984741211,53.47999954223633,51.508296966552734,499600
2017-03-15,53.689998626708984,53.93000030517578,53.27000045776367,53.689998626708984,51.71055603027344,938400
2017-03-16,53.900001525878906,54.060001373291016,53.709999084472656,53.779998779296875,51.797245025634766,617100
2017-03-17,53.650001525878906,53.959999084472656,53.650001525878906,53.90999984741211,51.922454833984375,736300
2017-03-20,53.91999816894531,54.38999938964844,53.66999816894531,54.04999923706055,52.05729293823242,792600
2017-03-21,54.119998931884766,54.150001525878906,53.0099983215332,53.099998474121094,51.14231491088867,796000
2017-03-22,53.11000061035156,53.40999984741211,52.79999923706055,53.33000183105469,51.36383819580078,799200
2017-03-23,53.13999938964844,53.630001068115234,53.09000015258789,53.31999969482422,51.35420227050781,476400
2017-03-24,53.529998779296875,53.59000015258789,52.22999954223633,52.540000915527344,50.602962493896484,1267700
2017-03-27,51.900001525878906,52.599998474121094,51.7599983215332,52.5099983215332,50.57406997680664,1263300
2017-03-28,52.40999984741211,52.939998626708984,52.279998779296875,52.66999816894531,50.7281608581543,767200
2017-03-29,52.59000015258789,52.81999969482422,52.34000015258789,52.630001068115234,50.689640045166016,700000
2017-03-30,52.56999969482422,52.72999954223633,52.31999969482422,52.52000045776367,50.58369827270508,422300
2017-03-31,52.470001220703125,53.130001068115234,52.400001525878906,52.95000076293945,50.99784469604492,783900
2017-04-03,52.9900016784668,53.27000045776367,52.810001373291016,53.099998474121094,51.14231491088867,1138000
2017-04-04,52.81999969482422,52.93000030517578,52.41999816894531,52.52000045776367,50.58369827270508,1039800
2017-04-05,52.66999816894531,53.04999923706055,52.5,52.900001525878906,50.94969177246094,1184500
2017-04-06,52.970001220703125,53.22999954223633,52.63999938964844,53.0099983215332,51.055633544921875,1355900
2017-04-07,52.83000183105469,53.150001525878906,52.79999923706055,52.900001525878906,50.94969177246094,1031900
2017-04-10,52.959999084472656,53.63999938964844,52.689998626708984,53.40999984741211,51.44089126586914,805500
2017-04-11,53.209999084472656,53.93000030517578,53.209999084472656,53.86000061035156,51.874298095703125,1009900
2017-04-12,53.41999816894531,53.63999938964844,53.15999984741211,53.54999923706055,51.57572555541992,1471200
2017-04-13,53.439998626708984,53.97999954223633,53.279998779296875,53.34000015258789,51.37346649169922,749400
2017-04-17,53.619998931884766,54.40999984741211,53.56999969482422,54.400001525878906,52.394378662109375,1073700
2017-04-18,53.9900016784668,54.619998931884766,53.939998626708984,54.459999084472656,52.452171325683594,1093200
2017-04-19,54.79999923706055,55.15999984741211,54.70000076293945,54.86000061035156,52.83742904663086,1157300
2017-04-20,55.61000061035156,55.61000061035156,53.959999084472656,54.75,52.73147964477539,1736200
2017-04-21,54.77000045776367,55.68000030517578,54.709999084472656,55.06999969482422,53.0396842956543,1366400
2017-04-24,55.7599983215332,55.849998474121094,54.9900016784668,55.7400016784668,53.68498611450195,1230300
2017-04-25,56.02000045776367,56.310001373291016,55.77000045776367,55.91999816894531,53.858341217041016,636700
2017-04-26,56.029998779296875,56.380001068115234,55.72999954223633,55.77000045776367,53.713871002197266,937100
2017-04-27,55.720001220703125,56.31999969482422,55.5,56.11000061035156,54.04133987426758,732900
2017-04-28,56.060001373291016,56.15999984741211,55.880001068115234,56.09000015258789,54.02207946777344,626000
2017-05-01,56.2400016784668,56.4900016784668,55.9900016784668,56.11000061035156,54.04133987426758,549700
2017-05-02,56.119998931884766,56.58000183105469,55.97999954223633,56.380001068115234,54.301387786865234,799900
2017-05-03,56.25,56.41999816894531,55.880001068115234,55.95000076293945,53.887245178222656,514900
2017-05-04,56.04999923706055,56.880001068115234,56.04999923706055,56.810001373291016,54.715538024902344,630000
2017-05-05,57.0,57.15999984741211,56.66999816894531,56.790000915527344,54.69626998901367,567800
2017-05-08,56.7400016784668,56.84000015258789,56.45000076293945,56.81999969482422,54.72515869140625,558500
2017-05-09,56.880001068115234,56.880001068115234,56.349998474121094,56.54999923706055,54.46512222290039,594400
2017-05-10,56.52000045776367,56.79999923706055,56.279998779296875,56.709999084472656,54.61921691894531,525000
2017-05-11,56.43000030517578,56.7599983215332,56.09000015258789,56.5,54.416969299316406,352600
2017-05-12,56.29999923706055,56.619998931884766,56.290000915527344,56.33000183105469,54.25323486328125,327000
2017-05-15,56.25,57.150001525878906,56.25,56.93000030517578,54.83111572265625,587400
2017-05-16,56.93000030517578,56.97999954223633,56.56999969482422,56.709999084472656,54.61921691894531,490100
2017-05-17,56.25,56.599998474121094,56.099998474121094,56.459999084472656,54.37843704223633,672100
2017-05-18,56.130001068115234,56.130001068115234,55.130001068115234,55.66999816894531,53.61756134033203,718600
2017-05-19,55.84000015258789,56.11000061035156,55.470001220703125,56.0099983215332,53.94502639770508,489900
2017-05-22,56.06999969482422,56.540000915527344,55.970001220703125,56.349998474121094,54.27248764038086,621400
2017-05-23,56.599998474121094,57.43000030517578,56.41999816894531,56.529998779296875,54.445858001708984,643900
2017-05-24,56.5099983215332,56.84000015258789,56.310001373291016,56.810001373291016,54.715538024902344,604800
2017-05-25,56.93000030517578,57.290000915527344,56.79999923706055,57.130001068115234,55.02373504638672,451300
2017-05-26,56.95000076293945,57.2400016784668,56.84000015258789,57.04999923706055,54.946678161621094,331100
2017-05-30,56.81999969482422,57.83000183105469,56.79999923706055,57.709999084472656,55.58235168457031,595700
2017-05-31,57.810001373291016,57.9900016784668,57.33000183105469,57.7400016784668,55.611244201660156,773200
2017-06-01,57.9900016784668,58.68000030517578,57.93000030517578,58.41999816894531,56.26618194580078,508200
2017-06-02,58.439998626708984,58.790000915527344,57.959999084472656,58.56999969482422,56.410640716552734,493800
2017-06-05,58.40999984741211,58.779998779296875,58.15999984741211,58.349998474121094,56.198753356933594,502100
2017-06-06,58.220001220703125,58.560001373291016,58.04999923706055,58.2400016784668,56.092811584472656,579100
2017-06-07,58.43000030517578,58.59000015258789,57.81999969482422,57.900001525878906,55.76534652709961,460800
2017-06-08,57.72999954223633,57.91999816894531,57.220001220703125,57.47999954223633,55.36083221435547,383100
2017-06-09,57.209999084472656,57.93000030517578,57.15999984741211,57.36000061035156,55.2452507019043,667500
2017-06-12,57.220001220703125,57.47999954223633,56.81999969482422,57.34000015258789,55.22599792480469,666600
2017-06-13,57.650001525878906,58.06999969482422,57.27000045776367,58.0099983215332,55.87129592895508,791800
2017-06-14,58.06999969482422,58.25,57.619998931884766,57.84000015258789,55.707557678222656,693200
2017-06-15,57.529998779296875,57.7599983215332,57.0099983215332,57.58000183105469,55.45714569091797,478100
2017-06-16,57.630001068115234,57.66999816894531,56.529998779296875,57.02000045776367,54.91779708862305,1282500
2017-06-19,57.36000061035156,58.310001373291016,57.150001525878906,58.310001373291016,56.16022491455078,863700
2017-06-20,58.06999969482422,58.22999954223633,57.27000045776367,57.66999816894531,55.543819427490234,733900
2017-06-21,57.79999923706055,58.4900016784668,57.59000015258789,57.97999954223633,55.84239196777344,554600
2017-06-22,58.130001068115234,58.279998779296875,57.560001373291016,57.619998931884766,55.495670318603516,645200
2017-06-23,57.70000076293945,58.36000061035156,57.5099983215332,58.02000045776367,55.88091278076172,1598100
2017-06-26,58.119998931884766,58.560001373291016,58.099998474121094,58.470001220703125,56.31433868408203,464900
2017-06-27,58.459999084472656,58.79999923706055,58.130001068115234,58.40999984741211,56.25653839111328,737600
2017-06-28,58.650001525878906,59.470001220703125,58.380001068115234,59.34000015258789,57.15225601196289,817400
2017-06-29,59.5,59.779998779296875,58.720001220703125,59.02000045776367,56.844051361083984,893200
2017-06-30,59.220001220703125,59.81999969482422,59.189998626708984,59.65999984741211,57.46045684814453,855800
2017-07-03,59.65999984741211,59.959999084472656,59.47999954223633,59.66999816894531,57.470088958740234,522300
2017-07-05,59.810001373291016,59.97999954223633,59.54999923706055,59.560001373291016,57.3641471862793,683200
2017-07-06,59.41999816894531,59.79999923706055,59.06999969482422,59.599998474121094,57.40266418457031,932900
2017-07-07,59.869998931884766,59.91999816894531,59.54999923706055,59.810001373291016,57.60492706298828,441700
2017-07-10,59.79999923706055,59.959999084472656,59.4900016784668,59.810001373291016,57.60492706298828,591500
2017-07-11,59.79999923706055,59.810001373291016,59.130001068115234,59.4900016784668,57.296722412109375,753300
2017-07-12,59.83000183105469,59.95000076293945,59.56999969482422,59.63999938964844,57.441192626953125,644500
2017-07-13,59.720001220703125,59.81999969482422,59.09000015258789,59.5,57.30636215209961,758500
2017-07-14,59.810001373291016,60.279998779296875,59.66999816894531,60.22999954223633,58.00944137573242,634500
2017-07-17,60.290000915527344,60.959999084472656,60.189998626708984,60.900001525878906,58.65474319458008,947900
2017-07-18,60.810001373291016,60.880001068115234,60.209999084472656,60.470001220703125,58.240596771240234,784500
2017-07-19,60.79999923706055,60.83000183105469,60.18000030517578,60.619998931884766,58.38506317138672,922400
2017-07-20,60.31999969482422,60.54999923706055,58.52000045776367,59.849998474121094,57.643455505371094,1476400
2017-07-21,59.33000183105469,59.900001525878906,58.959999084472656,59.83000183105469,57.62419891357422,792400
2017-07-24,59.939998626708984,60.099998474121094,59.560001373291016,59.939998626708984,57.730140686035156,967000
2017-07-25,60.0,60.13999938964844,59.099998474121094,59.189998626708984,57.00778579711914,799200
2017-07-26,59.25,59.720001220703125,59.040000915527344,59.22999954223633,57.04631042480469,604800
2017-07-27,59.290000915527344,59.459999084472656,58.90999984741211,59.209999084472656,57.02705764770508,671600
2017-07-28,59.18000030517578,59.29999923706055,58.77000045776367,58.88999938964844,56.71885299682617,778300
2017-07-31,59.18000030517578,59.56999969482422,58.90999984741211,59.470001220703125,57.27747344970703,758500
2017-08-01,59.650001525878906,60.06999969482422,59.599998474121094,59.93000030517578,57.72050094604492,480700
2017-08-02,59.72999954223633,60.099998474121094,59.459999084472656,60.06999969482422,57.855342864990234,406600
2017-08-03,60.060001373291016,60.11000061035156,59.029998779296875,59.16999816894531,56.988521575927734,637900
2017-08-04,59.349998474121094,59.47999954223633,58.939998626708984,59.130001068115234,56.94999694824219,284000
2017-08-07,59.189998626708984,59.63999938964844,59.189998626708984,59.5,57.30636215209961,328000
2017-08-08,59.29999923706055,59.529998779296875,59.06999969482422,59.29999923706055,57.113731384277344,343500
2017-08-09,59.130001068115234,59.439998626708984,58.31999969482422,58.599998474121094,56.439537048339844,397300
2017-08-10,58.380001068115234,58.63999938964844,57.939998626708984,58.13999938964844,55.996490478515625,369900
2017-08-11,58.119998931884766,58.369998931884766,57.95000076293945,58.15999984741211,56.015769958496094,625400
2017-08-14,58.58000183105469,58.86000061035156,58.34000015258789,58.400001525878906,56.246910095214844,548200
2017-08-15,58.52000045776367,58.75,58.099998474121094,58.349998474121094,56.198753356933594,547500
2017-08-16,58.599998474121094,58.83000183105469,58.38999938964844,58.619998931884766,56.458797454833984,321900
2017-08-17,58.4900016784668,58.65999984741211,57.83000183105469,57.84000015258789,55.707557678222656,312800
2017-08-18,57.54999923706055,57.810001373291016,57.38999938964844,57.689998626708984,55.563087463378906,344300
2017-08-21,57.70000076293945,57.91999816894531,57.02000045776367,57.02000045776367,54.91779708862305,353200
2017-08-22,57.150001525878906,57.439998626708984,56.970001220703125,57.2400016784668,55.12968444824219,839200
2017-08-23,57.0,57.31999969482422,56.970001220703125,57.06999969482422,54.9659538269043,429600
2017-08-24,57.060001373291016,57.220001220703125,56.81999969482422,56.959999084472656,54.86000442504883,326800
2017-08-25,57.18000030517578,57.40999984741211,57.08000183105469,57.16999816894531,55.062252044677734,596400
2017-08-28,57.29999923706055,57.380001068115234,57.029998779296875,57.09000015258789,54.985206604003906,1011900
2017-08-29,56.81999969482422,57.43000030517578,56.689998626708984,57.310001373291016,55.19710159301758,603200
2017-08-30,57.31999969482422,58.22999954223633,57.31999969482422,58.08000183105469,55.93871307373047,660600
2017-08-31,58.310001373291016,59.11000061035156,58.310001373291016,59.029998779296875,56.85368728637695,728700
2017-09-01,59.22999954223633,59.41999816894531,58.880001068115234,59.2599983215332,57.07520294189453,586200
2017-09-05,59.2599983215332,59.41999816894531,58.400001525878906,58.61000061035156,56.44917297363281,502400
2017-09-06,58.779998779296875,58.84000015258789,57.84000015258789,58.11000061035156,55.96760559082031,449500
2017-09-07,58.20000076293945,58.84000015258789,57.58000183105469,58.7599983215332,56.59363555908203,837700
2017-09-08,58.650001525878906,59.369998931884766,58.63999938964844,58.9900016784668,56.81516647338867,559800
2017-09-11,59.369998931884766,60.52000045776367,59.16999816894531,60.400001525878906,58.173179626464844,1092000
2017-09-12,60.560001373291016,60.65999984741211,60.099998474121094,60.130001068115234,57.91313171386719,694300
2017-09-13,60.22999954223633,60.810001373291016,59.900001525878906,60.459999084472656,58.23096466064453,705300
2017-09-14,60.29999923706055,60.349998474121094,59.61000061035156,60.150001525878906,57.93239212036133,690900
2017-09-15,60.11000061035156,60.5099983215332,59.79999923706055,60.4900016784668,58.259864807128906,1001300
2017-09-18,60.849998474121094,61.38999938964844,60.689998626708984,61.16999816894531,58.9147834777832,736000
2017-09-19,61.220001220703125,61.310001373291016,60.40999984741211,60.58000183105469,58.3465461730957,583300
2017-09-20,60.689998626708984,61.189998626708984,60.689998626708984,61.0099983215332,58.76069259643555,450200
2017-09-21,60.88999938964844,61.11000061035156,60.810001373291016,60.84000015258789,58.59695816040039,566900
2017-09-22,60.869998931884766,61.189998626708984,60.52000045776367,60.88999938964844,58.64510726928711,469100
2017-09-25,60.97999954223633,60.97999954223633,60.33000183105469,60.41999816894531,58.19243621826172,484500
2017-09-26,60.540000915527344,60.65999984741211,60.119998931884766,60.189998626708984,57.97091293334961,659700
2017-09-27,60.45000076293945,60.59000015258789,59.400001525878906,59.83000183105469,57.62419891357422,1984000
2017-09-28,59.650001525878906,60.5099983215332,59.529998779296875,60.189998626708984,57.97091293334961,933500
2017-09-29,59.97999954223633,60.060001373291016,59.470001220703125,59.720001220703125,57.51824951171875,740600
2017-10-02,59.70000076293945,59.9900016784668,59.209999084472656,59.79999923706055,57.595298767089844,1161300
2017-10-03,59.9900016784668,60.130001068115234,59.5099983215332,59.959999084472656,57.749393463134766,843700
2017-10-04,59.9900016784668,60.34000015258789,59.63999938964844,60.22999954223633,58.00944137573242,804500
2017-10-05,60.380001068115234,60.7400016784668,60.290000915527344,60.380001068115234,58.15392303466797,908100
2017-10-06,60.25,60.95000076293945,60.13999938964844,60.619998931884766,58.38506317138672,955800
2017-10-09,60.709999084472656,60.900001525878906,59.970001220703125,60.13999938964844,57.92276382446289,1007700
2017-10-10,60.290000915527344,60.84000015258789,60.06999969482422,60.400001525878906,58.173179626464844,839100
2017-10-11,60.41999816894531,61.099998474121094,60.36000061035156,60.900001525878906,58.65474319458008,1040500
2017-10-12,60.7599983215332,61.16999816894531,60.58000183105469,60.72999954223633,58.49100875854492,721100
2017-10-13,60.869998931884766,61.02000045776367,60.66999816894531,60.70000076293945,58.46211624145508,574400
2017-10-16,60.709999084472656,60.970001220703125,59.84000015258789,60.060001373291016,57.845706939697266,878700
2017-10-17,60.22999954223633,60.279998779296875,59.810001373291016,60.040000915527344,57.826446533203125,593100
2017-10-18,60.33000183105469,60.33000183105469,59.790000915527344,59.81999969482422,57.61455535888672,698100
2017-10-19,60.81999969482422,61.61000061035156,60.2400016784668,60.68000030517578,58.442848205566406,1515400
2017-10-20,61.06999969482422,61.150001525878906,60.560001373291016,60.869998931884766,58.6258430480957,987400
2017-10-23,60.810001373291016,61.4900016784668,60.7599983215332,60.90999984741211,58.66437911987305,1285200
2017-10-24,60.709999084472656,60.7400016784668,59.560001373291016,59.90999984741211,57.70124053955078,1439100
2017-10-25,59.529998779296875,59.84000015258789,59.150001525878906,59.47999954223633,57.28709411621094,1184900
2017-10-26,59.65999984741211,59.90999984741211,59.36000061035156,59.529998779296875,57.335243225097656,757400
2017-10-27,59.4900016784668,59.52000045776367,58.349998474121094,59.27000045776367,57.0848388671875,872500
2017-10-30,59.099998474121094,59.349998474121094,59.0099983215332,59.27000045776367,57.0848388671875,733900
2017-10-31,59.400001525878906,60.400001525878906,59.220001220703125,60.16999816894531,57.95165252685547,1136900
2017-11-01,60.36000061035156,61.0099983215332,60.27000045776367,60.56999969482422,58.3369026184082,922300
2017-11-02,60.56999969482422,60.59000015258789,59.220001220703125,59.880001068115234,57.67234802246094,1017800
2017-11-03,59.880001068115234,60.720001220703125,59.880001068115234,60.41999816894531,58.19243621826172,844800
2017-11-06,60.7400016784668,60.7400016784668,59.97999954223633,60.41999816894531,58.19243621826172,412400
2017-11-07,60.41999816894531,60.619998931884766,59.540000915527344,59.790000915527344,57.585670471191406,540300
2017-11-08,59.540000915527344,59.900001525878906,59.4900016784668,59.68000030517578,57.47972106933594,583800
2017-11-09,59.290000915527344,59.54999923706055,58.79999923706055,59.150001525878906,56.969261169433594,503200
2017-11-10,59.16999816894531,59.279998779296875,58.63999938964844,59.150001525878906,56.969261169433594,764400
2017-11-13,59.16999816894531,59.54999923706055,58.88999938964844,59.45000076293945,57.258201599121094,456900
2017-11-14,59.099998474121094,59.4900016784668,58.88999938964844,58.93000030517578,56.75736999511719,581400
2017-11-15,58.65999984741211,58.91999816894531,58.279998779296875,58.310001373291016,56.16022491455078,744900
2017-11-16,58.5,59.459999084472656,58.279998779296875,59.209999084472656,57.02705764770508,476700
2017-11-17,59.04999923706055,59.11000061035156,58.61000061035156,58.61000061035156,56.44917297363281,329200
2017-11-20,58.709999084472656,59.0,58.61000061035156,58.93000030517578,56.75736999511719,599400
2017-11-21,59.09000015258789,59.70000076293945,58.95000076293945,59.040000915527344,56.86330795288086,394300
2017-11-22,59.029998779296875,59.34000015258789,58.7599983215332,58.790000915527344,56.622528076171875,249000
2017-11-24,59.08000183105469,59.16999816894531,58.650001525878906,58.970001220703125,56.795902252197266,240100
2017-11-27,59.130001068115234,59.880001068115234,58.939998626708984,59.58000183105469,57.38341522216797,581900
2017-11-28,59.86000061035156,59.880001068115234,58.95000076293945,59.16999816894531,56.988521575927734,553800
2017-11-29,59.040000915527344,59.66999816894531,58.75,59.220001220703125,57.03668212890625,524000
2017-11-30,59.15999984741211,59.97999954223633,59.08000183105469,59.72999954223633,57.52788162231445,612700
2017-12-01,59.66999816894531,60.0,58.52000045776367,59.5099983215332,57.315982818603516,499700
2017-12-04,59.959999084472656,60.77000045776367,59.75,60.189998626708984,57.97091293334961,453500
2017-12-05,60.029998779296875,60.029998779296875,59.189998626708984,59.7599983215332,57.55677032470703,809100
2017-12-06,59.75,59.90999984741211,59.119998931884766,59.34000015258789,57.15225601196289,517800
2017-12-07,59.54999923706055,59.810001373291016,59.09000015258789,59.25,57.06557846069336,538500
2017-12-08,59.29999923706055,59.29999923706055,58.130001068115234,58.79999923706055,56.632164001464844,924200
2017-12-11,59.0,59.0,58.380001068115234,58.619998931884766,56.458797454833984,735900
2017-12-12,58.630001068115234,58.90999984741211,58.2599983215332,58.40999984741211,56.25653839111328,602300
2017-12-13,58.34000015258789,58.70000076293945,58.130001068115234,58.189998626708984,56.044654846191406,452800
2017-12-14,58.040000915527344,58.52000045776367,57.099998474121094,57.40999984741211,55.29341125488281,1111000
2017-12-15,57.79999923706055,58.38999938964844,57.400001525878906,57.86000061035156,55.72682571411133,932000
2017-12-18,57.95000076293945,58.47999954223633,57.70000076293945,57.779998779296875,55.64976119995117,623500
2017-12-19,58.5,62.27000045776367,56.369998931884766,56.529998779296875,54.445858001708984,7028700
2017-12-20,57.0,57.689998626708984,55.720001220703125,56.58000183105469,54.49401092529297,4301000
2017-12-21,56.95000076293945,57.279998779296875,56.189998626708984,56.25,54.17618179321289,1430200
2017-12-22,56.22999954223633,56.369998931884766,55.9900016784668,56.150001525878906,54.07986831665039,1259900
2017-12-26,56.34000015258789,56.40999984741211,55.380001068115234,55.91999816894531,53.858341217041016,1710600
2017-12-27,56.0,56.06999969482422,55.599998474121094,55.84000015258789,53.781307220458984,1192600
2017-12-28,55.93000030517578,56.439998626708984,55.7599983215332,56.27000045776367,54.1954345703125,1829700
2017-12-29,56.36000061035156,56.560001373291016,56.04999923706055,56.25,54.17618179321289,1127100
2018-01-02,56.810001373291016,57.34000015258789,56.7400016784668,56.93000030517578,54.83111572265625,1090700
2018-01-03,57.04999923706055,57.209999084472656,56.619998931884766,57.09000015258789,54.985206604003906,1017800
2018-01-04,57.18000030517578,57.34000015258789,56.869998931884766,57.0,54.898529052734375,953600
2018-01-05,57.27000045776367,57.61000061035156,56.68000030517578,56.7400016784668,54.648109436035156,2582500
2018-01-08,56.63999938964844,57.54999923706055,56.61000061035156,56.810001373291016,54.715538024902344,4220800
2018-01-09,57.060001373291016,57.150001525878906,56.25,56.56999969482422,54.4843864440918,8823100
2018-01-10,56.310001373291016,57.18000030517578,56.06999969482422,56.58000183105469,54.49401092529297,2531500
2018-01-11,56.810001373291016,57.56999969482422,56.59000015258789,57.470001220703125,55.351192474365234,2725100
2018-01-12,57.59000015258789,58.25,56.90999984741211,58.099998474121094,55.957977294921875,2179100
2018-01-16,58.2400016784668,58.470001220703125,57.5099983215332,57.790000915527344,55.65940475463867,1283900
2018-01-17,57.9900016784668,58.209999084472656,57.16999816894531,57.27000045776367,55.15857696533203,1905100
2018-01-18,57.349998474121094,57.61000061035156,57.099998474121094,57.290000915527344,55.17784118652344,2458800
2018-01-19,57.5099983215332,57.97999954223633,57.22999954223633,57.88999938964844,55.755714416503906,1443300
2018-01-22,57.7599983215332,57.95000076293945,57.47999954223633,57.7400016784668,55.611244201660156,1469700
2018-01-23,57.540000915527344,58.41999816894531,57.189998626708984,58.209999084472656,56.06392288208008,1562700
2018-01-24,58.5,58.75,57.75,58.18000030517578,56.035030364990234,1674500
2018-01-25,58.599998474121094,59.41999816894531,58.279998779296875,59.2599983215332,57.07520294189453,1172700
2018-01-26,59.18000030517578,59.5,58.09000015258789,58.25,56.102439880371094,1370900
2018-01-29,58.29999923706055,58.4900016784668,57.81999969482422,57.84000015258789,55.707557678222656,773900
2018-01-30,57.7599983215332,58.150001525878906,57.540000915527344,57.54999923706055,55.428253173828125,805500
2018-01-31,57.7599983215332,58.2400016784668,57.279998779296875,58.04999923706055,55.909812927246094,991700
2018-02-01,57.959999084472656,58.4900016784668,57.75,58.29999923706055,56.15060043334961,964900
2018-02-02,58.04999923706055,58.04999923706055,56.68000030517578,56.880001068115234,54.782955169677734,788300
2018-02-05,56.65999984741211,56.91999816894531,54.529998779296875,54.529998779296875,52.51958465576172,1109900
2018-02-06,53.790000915527344,54.84000015258789,53.31999969482422,54.54999923706055,52.53886413574219,1701000
2018-02-07,54.97999954223633,56.63999938964844,54.97999954223633,55.13999938964844,53.10710906982422,2321300
2018-02-08,54.869998931884766,54.959999084472656,52.16999816894531,52.20000076293945,50.27549362182617,3361900
2018-02-09,52.47999954223633,52.77000045776367,50.470001220703125,51.119998931884766,49.23530960083008,2630900
2018-02-12,51.45000076293945,51.91999816894531,50.41999816894531,51.029998779296875,49.14862823486328,3735000
2018-02-13,50.959999084472656,51.36000061035156,50.5099983215332,50.619998931884766,48.75374221801758,1414700
2018-02-14,50.27000045776367,51.08000183105469,50.15999984741211,50.650001525878906,48.78264236450195,1930100
2018-02-15,51.209999084472656,51.70000076293945,50.72999954223633,51.470001220703125,49.572410583496094,2783200
2018-02-16,51.34000015258789,52.130001068115234,51.150001525878906,51.5,49.60130310058594,1275200
2018-02-20,51.16999816894531,51.29999923706055,50.5,50.58000183105469,48.71522521972656,1662300
2018-02-21,50.529998779296875,51.29999923706055,50.29999923706055,50.310001373291016,48.45518112182617,1103400
2018-02-22,50.41999816894531,51.0,50.13999938964844,50.869998931884766,48.99453353881836,2496700
2018-02-23,50.939998626708984,51.16999816894531,50.58000183105469,50.869998931884766,48.99453353881836,703600
2018-02-26,51.220001220703125,51.279998779296875,50.43000030517578,51.2400016784668,49.350894927978516,1102300
2018-02-27,51.20000076293945,51.38999938964844,50.619998931884766,50.63999938964844,48.77301025390625,857700
2018-02-28,50.849998474121094,50.849998474121094,49.84000015258789,49.84000015258789,48.002498626708984,1946200
2018-03-01,49.97999954223633,50.369998931884766,49.16999816894531,49.459999084472656,47.636512756347656,1239500
2018-03-02,49.31999969482422,49.79999923706055,48.86000061035156,49.630001068115234,47.80024337768555,819500
2018-03-05,49.400001525878906,49.68000030517578,49.099998474121094,49.5,47.67503356933594,821900
2018-03-06,49.59000015258789,50.54999923706055,49.2599983215332,50.27000045776367,48.416648864746094,1529500
2018-03-07,50.13999938964844,50.65999984741211,49.869998931884766,50.2400016784668,48.38775634765625,1333600
2018-03-08,50.34000015258789,50.56999969482422,49.959999084472656,50.0,48.1566047668457,1389000
2018-03-09,50.349998474121094,51.470001220703125,49.95000076293945,51.290000915527344,49.399044036865234,1248800
2018-03-12,51.279998779296875,51.849998474121094,51.029998779296875,51.2400016784668,49.350894927978516,917000
2018-03-13,51.290000915527344,51.900001525878906,51.27000045776367,51.34000015258789,49.44719696044922,1046000
2018-03-14,51.41999816894531,51.470001220703125,50.58000183105469,51.02000045776367,49.13900375366211,2485400
2018-03-15,51.150001525878906,51.540000915527344,50.869998931884766,51.209999084472656,49.321990966796875,1578700
2018-03-16,51.4900016784668,51.86000061035156,51.2599983215332,51.310001373291016,49.41830062866211,1335200
2018-03-19,51.15999984741211,51.439998626708984,50.56999969482422,50.79999923706055,48.9271125793457,1841000
2018-03-20,50.9900016784668,51.380001068115234,49.369998931884766,49.95000076293945,48.10844802856445,1910100
2018-03-21,49.90999984741211,50.0,49.619998931884766,49.65999984741211,47.829139709472656,916300
2018-03-22,49.20000076293945,49.5,48.5,48.52000045776367,46.73117446899414,1150300
2018-03-23,48.63999938964844,48.63999938964844,48.27000045776367,48.29999923706055,46.51927947998047,1048800
2018-03-26,49.13999938964844,50.369998931884766,48.81999969482422,50.18000030517578,48.32997131347656,1441700
2018-03-27,50.25,50.79999923706055,49.900001525878906,50.119998931884766,48.272178649902344,1628500
2018-03-28,50.2400016784668,50.56999969482422,49.81999969482422,50.150001525878906,48.30107116699219,1960400
2018-03-29,50.43000030517578,50.9900016784668,50.29999923706055,50.75,48.87895965576172,893400
2018-04-02,50.65999984741211,50.849998474121094,49.349998474121094,49.970001220703125,48.12770462036133,1058200
2018-04-03,50.09000015258789,50.79999923706055,49.63999938964844,50.66999816894531,48.80189514160156,1209500
2018-04-04,50.029998779296875,50.38999938964844,49.70000076293945,50.220001220703125,48.368499755859375,1675900
2018-04-05,50.34000015258789,50.529998779296875,49.689998626708984,50.20000076293945,48.349239349365234,1424500
2018-04-06,49.75,50.25,48.59000015258789,48.7599983215332,46.962318420410156,1300400
2018-04-09,48.84000015258789,49.400001525878906,48.47999954223633,49.2400016784668,47.424625396728516,2300900
2018-04-10,49.77000045776367,50.7400016784668,49.7599983215332,50.38999938964844,48.53221893310547,1843900
2018-04-11,50.349998474121094,52.63999938964844,50.2400016784668,51.54999923706055,49.649452209472656,3231200
2018-04-12,52.18000030517578,52.18000030517578,51.33000183105469,51.689998626708984,49.7842903137207,1542300
2018-04-13,51.959999084472656,52.040000915527344,51.459999084472656,51.91999816894531,50.00581359863281,1040500
2018-04-16,52.06999969482422,52.349998474121094,51.650001525878906,52.08000183105469,50.159915924072266,1083100
2018-04-17,52.33000183105469,52.560001373291016,51.88999938964844,52.40999984741211,50.477752685546875,1598500
2018-04-18,52.810001373291016,52.810001373291016,52.20000076293945,52.34000015258789,50.41032791137695,1454200
2018-04-19,53.9900016784668,54.099998474121094,50.75,51.20000076293945,49.31235885620117,3481100
2018-04-20,51.849998474121094,52.189998626708984,51.0099983215332,51.290000915527344,49.399044036865234,2710300
2018-04-23,51.38999938964844,51.38999938964844,49.25,49.689998626708984,47.858028411865234,2225400
2018-04-24,50.04999923706055,50.04999923706055,48.33000183105469,49.119998931884766,47.309051513671875,2684900
2018-04-25,49.18000030517578,50.54999923706055,49.13999938964844,50.08000183105469,48.2336540222168,2504500
2018-04-26,50.709999084472656,50.83000183105469,49.97999954223633,50.400001525878906,48.5418586730957,1753100
2018-04-27,50.31999969482422,50.7599983215332,50.130001068115234,50.529998779296875,48.66706085205078,1073600
2018-04-30,50.77000045776367,51.04999923706055,49.45000076293945,49.84000015258789,48.002498626708984,2389800
2018-05-01,49.56999969482422,49.56999969482422,47.81999969482422,48.279998779296875,46.500022888183594,1826400
2018-05-02,48.400001525878906,48.400001525878906,47.27000045776367,47.439998626708984,45.690982818603516,2047900
2018-05-03,47.150001525878906,47.33000183105469,42.630001068115234,45.439998626708984,43.76472473144531,8445000
2018-05-04,45.5,46.7599983215332,45.4900016784668,46.20000076293945,44.496700286865234,3572300
2018-05-07,46.16999816894531,46.650001525878906,45.279998779296875,45.439998626708984,43.76472473144531,1738800
2018-05-08,45.5,45.5,44.08000183105469,44.18000030517578,42.55118179321289,1987300
2018-05-09,44.380001068115234,45.189998626708984,44.2599983215332,44.970001220703125,43.31204605102539,1619100
2018-05-10,45.0,45.189998626708984,44.66999816894531,45.09000015258789,43.42762756347656,1509500
2018-05-11,45.029998779296875,45.439998626708984,44.36000061035156,44.68000030517578,43.032745361328125,880200
2018-05-14,44.83000183105469,45.09000015258789,44.68000030517578,44.91999816894531,43.263893127441406,2277300
2018-05-15,44.560001373291016,44.61000061035156,43.529998779296875,43.86000061035156,42.24296951293945,1637300
2018-05-16,43.959999084472656,44.31999969482422,43.5,44.2400016784668,42.60895538330078,1669300
2018-05-17,44.060001373291016,44.380001068115234,43.91999816894531,44.11000061035156,42.48375701904297,1114700
2018-05-18,43.939998626708984,44.5099983215332,43.939998626708984,44.22999954223633,42.599334716796875,1754600
2018-05-21,44.5099983215332,44.810001373291016,43.959999084472656,44.650001525878906,43.003849029541016,1243300
2018-05-22,44.81999969482422,45.7400016784668,44.810001373291016,45.29999923706055,43.6298828125,1747900
2018-05-23,45.16999816894531,45.58000183105469,45.029998779296875,45.47999954223633,43.80324935913086,1485100
2018-05-24,45.529998779296875,45.7400016784668,45.209999084472656,45.33000183105469,43.658782958984375,964000
2018-05-25,45.220001220703125,45.75,45.04999923706055,45.560001373291016,43.88029479980469,1022500
2018-05-29,45.209999084472656,45.34000015258789,44.36000061035156,44.52000045776367,42.87864303588867,1284300
2018-05-30,44.599998474121094,44.95000076293945,44.130001068115234,44.15999984741211,42.53190994262695,1733600
2018-05-31,44.290000915527344,44.290000915527344,43.16999816894531,43.34000015258789,41.742149353027344,2814600
2018-06-01,43.7400016784668,44.2400016784668,43.31999969482422,43.720001220703125,42.10813522338867,1684700
2018-06-04,43.79999923706055,44.84000015258789,43.779998779296875,44.79999923706055,43.148319244384766,2990000
2018-06-05,44.79999923706055,45.20000076293945,44.52000045776367,44.650001525878906,43.003849029541016,2195000
2018-06-06,44.54999923706055,44.84000015258789,44.189998626708984,44.560001373291016,42.91716384887695,1276500
2018-06-07,44.59000015258789,45.099998474121094,44.380001068115234,44.63999938964844,42.99422073364258,1426300
2018-06-08,44.529998779296875,44.619998931884766,43.790000915527344,44.58000183105469,42.936424255371094,900500
2018-06-11,44.75,45.630001068115234,44.61000061035156,45.150001525878906,43.485416412353516,1123200
2018-06-12,45.33000183105469,45.86000061035156,45.130001068115234,45.529998779296875,43.85140609741211,1456200
2018-06-13,45.59000015258789,46.02000045776367,44.529998779296875,44.59000015258789,42.9460563659668,1714900
2018-06-14,44.83000183105469,45.09000015258789,44.349998474121094,44.970001220703125,43.31204605102539,1590500
2018-06-15,44.709999084472656,45.38999938964844,44.439998626708984,45.31999969482422,43.64914321899414,2625700
2018-06-18,44.95000076293945,45.810001373291016,44.790000915527344,45.77000045776367,44.08255386352539,2155600
2018-06-19,45.2400016784668,45.400001525878906,44.650001525878906,44.84000015258789,43.18684005737305,4295600
2018-06-20,45.0,45.90999984741211,44.7400016784668,45.63999938964844,43.95735168457031,3106600
2018-06-21,45.70000076293945,45.900001525878906,44.54999923706055,44.599998474121094,42.9556884765625,2414700
2018-06-22,44.970001220703125,45.2599983215332,44.34000015258789,45.189998626708984,43.5239372253418,2267100
2018-06-25,44.9900016784668,45.4900016784668,44.470001220703125,45.34000015258789,43.66840362548828,2001000
2018-06-26,45.5,45.54999923706055,45.0099983215332,45.0099983215332,43.35057830810547,1779100
2018-06-27,44.939998626708984,45.619998931884766,44.4900016784668,44.72999954223633,43.08089065551758,1042300
2018-06-28,44.65999984741211,44.7599983215332,43.65999984741211,44.54999923706055,42.90752410888672,1388100
2018-06-29,44.72999954223633,45.130001068115234,44.45000076293945,44.7599983215332,43.10979461669922,1202000
2018-07-02,44.68000030517578,44.939998626708984,44.209999084472656,44.849998474121094,43.196475982666016,860800
2018-07-03,45.09000015258789,45.7400016784668,44.65999984741211,44.689998626708984,43.0423698425293,728800
2018-07-05,44.869998931884766,45.02000045776367,44.27000045776367,44.959999084472656,43.30242156982422,1013700
2018-07-06,44.880001068115234,45.650001525878906,44.720001220703125,45.400001525878906,43.7262077331543,898300
2018-07-09,45.52000045776367,46.09000015258789,45.400001525878906,45.880001068115234,44.18850326538086,900800
2018-07-10,46.0,46.84000015258789,45.7599983215332,46.619998931884766,44.901222229003906,1786700
2018-07-11,46.209999084472656,47.2400016784668,46.18000030517578,46.95000076293945,45.219051361083984,1784900
2018-07-12,47.099998474121094,47.13999938964844,46.470001220703125,46.560001373291016,44.84343338012695,1708800
2018-07-13,46.060001373291016,46.349998474121094,45.25,45.36000061035156,43.68767166137695,1896300
2018-07-16,45.20000076293945,45.439998626708984,44.34000015258789,44.75,43.10016632080078,1969200
2018-07-17,44.5,45.63999938964844,44.400001525878906,45.400001525878906,43.7262077331543,2021200
2018-07-18,45.45000076293945,45.560001373291016,44.779998779296875,45.119998931884766,43.456520080566406,2530800
2018-07-19,43.2400016784668,45.36000061035156,42.70000076293945,44.540000915527344,42.89790725708008,5967900
2018-07-20,44.27000045776367,44.72999954223633,42.970001220703125,43.400001525878906,41.799930572509766,4004600
2018-07-23,43.27000045776367,43.720001220703125,42.7400016784668,42.88999938964844,41.308738708496094,3164700
2018-07-24,42.970001220703125,43.27000045776367,42.5,42.619998931884766,41.04868698120117,2885500
2018-07-25,42.58000183105469,42.790000915527344,42.06999969482422,42.4900016784668,40.92347717285156,2681500
2018-07-26,42.52000045776367,43.7599983215332,42.2599983215332,43.369998931884766,41.77103805541992,2574200
2018-07-27,43.5099983215332,44.59000015258789,43.470001220703125,44.560001373291016,42.91716384887695,2649600
2018-07-30,44.599998474121094,45.290000915527344,44.599998474121094,45.16999816894531,43.504676818847656,2971500
2018-07-31,45.33000183105469,45.56999969482422,45.0,45.27000045776367,43.60099411010742,2277900
2018-08-01,44.9900016784668,45.06999969482422,44.33000183105469,44.5099983215332,42.8690071105957,2183000
2018-08-02,44.41999816894531,44.54999923706055,44.209999084472656,44.400001525878906,42.7630729675293,2090400
2018-08-03,44.5,45.5,44.45000076293945,45.400001525878906,43.7262077331543,1764100
2018-08-06,45.22999954223633,45.380001068115234,44.939998626708984,45.20000076293945,43.533573150634766,1657600
2018-08-07,45.09000015258789,45.369998931884766,45.040000915527344,45.150001525878906,43.485416412353516,2611400
2018-08-08,45.040000915527344,45.349998474121094,44.400001525878906,44.849998474121094,43.196475982666016,2234000
2018-08-09,44.849998474121094,45.13999938964844,44.630001068115234,44.70000076293945,43.05200958251953,2587700
2018-08-10,44.27000045776367,44.599998474121094,42.7599983215332,42.84000015258789,41.26057434082031,3367200
2018-08-13,42.630001068115234,42.7400016784668,40.61000061035156,40.7599983215332,39.257259368896484,4772700
2018-08-14,40.97999954223633,41.56999969482422,40.65999984741211,40.90999984741211,39.401737213134766,3663500
2018-08-15,40.709999084472656,41.130001068115234,40.099998474121094,41.0,39.48841857910156,2589000
2018-08-16,41.20000076293945,41.5,40.599998474121094,40.77000045776367,39.26689529418945,2783000
2018-08-17,40.619998931884766,41.439998626708984,40.09000015258789,41.119998931884766,39.60398864746094,5471400
2018-08-20,41.22999954223633,42.189998626708984,41.22999954223633,41.86000061035156,40.31670379638672,1968800
2018-08-21,41.939998626708984,42.43000030517578,41.560001373291016,42.22999954223633,40.67306900024414,1783100
2018-08-22,42.380001068115234,42.380001068115234,41.400001525878906,41.59000015258789,40.056671142578125,1556000
2018-08-23,41.58000183105469,42.02000045776367,41.4900016784668,41.599998474121094,40.066280364990234,2066100
2018-08-24,41.56999969482422,42.400001525878906,41.56999969482422,42.20000076293945,40.6441764831543,1446700
2018-08-27,42.310001373291016,43.43000030517578,42.310001373291016,43.130001068115234,41.539886474609375,2041800
2018-08-28,43.18000030517578,43.84000015258789,43.06999969482422,43.459999084472656,41.857723236083984,1744500
2018-08-29,43.58000183105469,43.959999084472656,43.16999816894531,43.47999954223633,41.87697982788086,1559900
2018-08-30,43.290000915527344,43.540000915527344,42.38999938964844,42.63999938964844,41.06795120239258,1206300
2018-08-31,42.650001525878906,43.09000015258789,42.58000183105469,42.810001373291016,41.231689453125,1065200
2018-09-04,42.5,42.81999969482422,41.720001220703125,41.90999984741211,40.3648567199707,2065400
2018-09-05,41.810001373291016,42.65999984741211,41.810001373291016,42.560001373291016,40.99089813232422,1643100
2018-09-06,42.54999923706055,43.06999969482422,42.279998779296875,42.95000076293945,41.366519927978516,1773200
2018-09-07,42.849998474121094,43.040000915527344,42.54999923706055,42.880001068115234,41.299102783203125,844600
2018-09-10,43.13999938964844,44.43000030517578,43.08000183105469,44.209999084472656,42.5800666809082,1848500
2018-09-11,43.880001068115234,44.279998779296875,43.22999954223633,44.119998931884766,42.493385314941406,1405000
2018-09-12,44.189998626708984,44.560001373291016,43.970001220703125,44.2400016784668,42.60895538330078,1125100
2018-09-13,44.43000030517578,45.099998474121094,44.43000030517578,44.83000183105469,43.177215576171875,1629700
2018-09-14,44.84000015258789,46.2400016784668,44.75,46.0099983215332,44.31370544433594,2188400
2018-09-17,45.9900016784668,46.290000915527344,45.81999969482422,46.16999816894531,44.467803955078125,1374000
2018-09-18,46.529998779296875,48.15999984741211,46.150001525878906,47.869998931884766,46.10512161254883,2564200
2018-09-19,47.65999984741211,48.11000061035156,47.40999984741211,47.939998626708984,46.17255401611328,1925000
2018-09-20,48.0099983215332,48.470001220703125,47.59000015258789,47.959999084472656,46.191810607910156,1249300
2018-09-21,47.880001068115234,48.81999969482422,47.599998474121094,48.709999084472656,46.91415786743164,2230400
2018-09-24,48.61000061035156,48.77000045776367,47.66999816894531,48.2599983215332,46.480751037597656,1944400
2018-09-25,48.4900016784668,48.4900016784668,47.13999938964844,47.20000076293945,45.459842681884766,1266500
2018-09-26,47.2599983215332,48.15999984741211,46.97999954223633,47.970001220703125,46.20145797729492,1903800
2018-09-27,48.13999938964844,48.290000915527344,47.709999084472656,47.7599983215332,45.99918746948242,1043400
2018-09-28,47.68000030517578,48.400001525878906,47.5,48.0,46.23033905029297,2041300
2018-10-01,48.310001373291016,48.38999938964844,47.38999938964844,47.5099983215332,45.7584114074707,3345300
2018-10-02,47.59000015258789,48.900001525878906,47.34000015258789,48.77000045776367,46.971954345703125,2432700
2018-10-03,49.13999938964844,50.29999923706055,48.97999954223633,49.5099983215332,47.68467330932617,4445500
2018-10-04,49.58000183105469,49.880001068115234,48.97999954223633,49.2599983215332,47.44388961791992,2371500
2018-10-05,49.099998474121094,49.70000076293945,48.849998474121094,49.22999954223633,47.41498947143555,2331900
2018-10-08,49.470001220703125,50.060001373291016,49.2400016784668,49.90999984741211,48.069923400878906,1657600
2018-10-09,49.689998626708984,49.81999969482422,48.720001220703125,48.7599983215332,46.962318420410156,3908700
2018-10-10,48.439998626708984,48.72999954223633,47.2599983215332,47.29999923706055,45.556148529052734,3933700
2018-10-11,47.31999969482422,47.630001068115234,45.220001220703125,45.5,43.822509765625,4388600
2018-10-12,46.099998474121094,46.209999084472656,45.22999954223633,46.08000183105469,44.381126403808594,1657900
2018-10-15,45.88999938964844,47.11000061035156,45.88999938964844,46.5,44.78564453125,1619000
2018-10-16,46.91999816894531,48.15999984741211,46.72999954223633,47.88999938964844,46.12439727783203,2223700
2018-10-17,47.779998779296875,48.08000183105469,47.2599983215332,47.61000061035156,45.85472106933594,2881300
2018-10-18,45.86000061035156,49.20000076293945,45.86000061035156,46.459999084472656,44.747127532958984,4872100
2018-10-19,46.349998474121094,47.380001068115234,45.06999969482422,45.38999938964844,43.7165641784668,2280300
2018-10-22,45.790000915527344,46.06999969482422,44.77000045776367,44.95000076293945,43.29279327392578,1807200
2018-10-23,44.349998474121094,44.86000061035156,43.58000183105469,44.58000183105469,42.936424255371094,2197400
2018-10-24,44.439998626708984,44.84000015258789,42.31999969482422,42.400001525878906,40.836795806884766,2189300
2018-10-25,42.7400016784668,42.9900016784668,41.70000076293945,41.77000045776367,40.23003005981445,2672500
2018-10-26,41.2400016784668,41.849998474121094,40.79999923706055,41.65999984741211,40.12407684326172,3312800
2018-10-29,42.34000015258789,42.68000030517578,40.849998474121094,41.34000015258789,39.81587219238281,2309000
2018-10-30,41.33000183105469,42.650001525878906,41.06999969482422,42.560001373291016,40.99089813232422,1601100
2018-10-31,43.040000915527344,43.20000076293945,42.04999923706055,42.290000915527344,40.730857849121094,2309500
2018-11-01,42.70000076293945,44.66999816894531,42.68000030517578,44.470001220703125,42.83047866821289,1785100
2018-11-02,44.79999923706055,45.470001220703125,44.2400016784668,45.06999969482422,43.40836715698242,1651800
2018-11-05,45.150001525878906,45.70000076293945,45.04999923706055,45.27000045776367,43.60099411010742,1248000
2018-11-06,45.38999938964844,45.79999923706055,44.630001068115234,45.31999969482422,43.64914321899414,1125300
2018-11-07,45.66999816894531,47.029998779296875,45.66999816894531,46.619998931884766,44.901222229003906,1279300
2018-11-08,46.54999923706055,47.279998779296875,46.5,46.77000045776367,45.04569625854492,941900
2018-11-09,47.52000045776367,47.689998626708984,45.56999969482422,45.790000915527344,44.1018180847168,3661100
2018-11-12,46.18000030517578,47.529998779296875,45.59000015258789,46.79999923706055,45.0745849609375,1900200
2018-11-13,47.11000061035156,48.25,47.029998779296875,47.77000045776367,46.00882339477539,1714700
2018-11-14,48.16999816894531,49.130001068115234,47.97999954223633,48.06999969482422,46.29775619506836,2083200
2018-11-15,47.7599983215332,49.5,47.47999954223633,49.459999084472656,47.636512756347656,2078600
2018-11-16,49.369998931884766,50.029998779296875,48.939998626708984,49.47999954223633,47.6557731628418,1652400
2018-11-19,49.150001525878906,50.65999984741211,49.04999923706055,49.04999923706055,47.24163055419922,1716500
2018-11-20,48.470001220703125,49.04999923706055,47.630001068115234,48.18000030517578,46.40370178222656,1465300
2018-11-21,48.369998931884766,49.15999984741211,47.81999969482422,48.369998931884766,46.586700439453125,1107600
2018-11-23,47.9900016784668,48.16999816894531,47.54999923706055,47.66999816894531,45.91250228881836,587800
2018-11-26,47.9900016784668,48.939998626708984,47.779998779296875,48.709999084472656,46.91415786743164,1662800
2018-11-27,48.34000015258789,49.41999816894531,48.34000015258789,49.18000030517578,47.3668327331543,1072500
2018-11-28,49.33000183105469,50.290000915527344,48.689998626708984,50.2400016784668,48.38775634765625,1394100
2018-11-29,50.060001373291016,51.38999938964844,49.93000030517578,50.93000030517578,49.05231857299805,1206700
2018-11-30,50.72999954223633,51.5099983215332,50.72999954223633,51.279998779296875,49.3894157409668,1229600
2018-12-03,52.040000915527344,52.25,50.7599983215332,51.400001525878906,49.5049934387207,973800
2018-12-04,51.060001373291016,51.40999984741211,49.7400016784668,50.04999923706055,48.20476150512695,1374000
2018-12-06,49.16999816894531,49.20000076293945,47.189998626708984,48.029998779296875,46.259239196777344,2777800
2018-12-07,47.720001220703125,48.790000915527344,47.41999816894531,48.0,46.23033905029297,1404900
2018-12-10,47.79999923706055,48.33000183105469,47.119998931884766,47.220001220703125,45.479095458984375,1687500
2018-12-11,48.099998474121094,48.349998474121094,45.310001373291016,45.880001068115234,44.18850326538086,1928300
2018-12-12,46.59000015258789,46.97999954223633,45.779998779296875,46.09000015258789,44.3907585144043,1662100
2018-12-13,46.310001373291016,46.400001525878906,45.290000915527344,45.47999954223633,43.80324935913086,1195800
2018-12-14,45.2400016784668,46.189998626708984,45.220001220703125,45.939998626708984,44.24629211425781,1731300
2018-12-17,45.790000915527344,45.90999984741211,44.88999938964844,45.209999084472656,43.5432014465332,1353000
2018-12-18,45.40999984741211,46.099998474121094,44.810001373291016,45.119998931884766,43.456520080566406,1309000
2018-12-19,45.040000915527344,45.88999938964844,44.5,45.220001220703125,43.55283737182617,2232300
2018-12-20,45.150001525878906,45.150001525878906,42.38999938964844,42.810001373291016,41.231689453125,2957400
2018-12-21,42.810001373291016,43.45000076293945,40.95000076293945,41.0,39.48841857910156,1663000
2018-12-24,40.95000076293945,41.0,39.470001220703125,39.630001068115234,38.16893005371094,984700
2018-12-26,39.77000045776367,40.75,39.04999923706055,40.58000183105469,39.083900451660156,2348100
2018-12-27,39.959999084472656,41.290000915527344,39.459999084472656,41.2599983215332,39.73883056640625,1625700
2018-12-28,41.5099983215332,41.790000915527344,40.65999984741211,40.790000915527344,39.286155700683594,1142600
2018-12-31,40.959999084472656,41.66999816894531,40.959999084472656,41.56999969482422,40.03739929199219,1056900
2019-01-02,40.97999954223633,41.43000030517578,40.5,41.22999954223633,39.70993423461914,941800
2019-01-03,41.369998931884766,42.189998626708984,40.209999084472656,41.83000183105469,40.28781509399414,1461700
2019-01-04,42.45000076293945,43.83000183105469,42.34000015258789,43.06999969482422,41.48209762573242,1345400
2019-01-07,43.06999969482422,45.86000061035156,42.83000183105469,44.83000183105469,43.177215576171875,1840200
2019-01-08,45.38999938964844,46.06999969482422,45.16999816894531,45.45000076293945,43.774356842041016,1180600
2019-01-09,45.470001220703125,45.56999969482422,44.56999969482422,45.11000061035156,43.4468879699707,893000
2019-01-10,44.970001220703125,46.31999969482422,44.619998931884766,45.689998626708984,44.00550842285156,989300
2019-01-11,45.58000183105469,46.7400016784668,45.33000183105469,46.54999923706055,44.833797454833984,1013200
2019-01-14,46.29999923706055,47.43000030517578,45.93000030517578,47.0099983215332,45.27683639526367,1413100
2019-01-15,46.91999816894531,47.75,46.68000030517578,47.560001373291016,45.806556701660156,916100
2019-01-16,47.599998474121094,48.040000915527344,47.439998626708984,47.86000061035156,46.09551239013672,1294200
2019-01-17,47.88999938964844,48.04999923706055,47.09000015258789,47.599998474121094,45.8450813293457,1926300
2019-01-18,47.849998474121094,49.040000915527344,47.63999938964844,48.27000045776367,46.490386962890625,1229700
2019-01-22,48.11000061035156,48.70000076293945,47.619998931884766,47.83000183105469,46.06660842895508,1351400
2019-01-23,48.11000061035156,48.369998931884766,46.81999969482422,47.619998931884766,45.86435317993164,882300
2019-01-24,47.619998931884766,48.970001220703125,47.47999954223633,48.810001373291016,47.01048278808594,1651700
2019-01-25,49.400001525878906,49.7400016784668,48.689998626708984,49.41999816894531,47.59798812866211,1811200
2019-01-28,49.130001068115234,49.7599983215332,48.83000183105469,49.0099983215332,47.20309829711914,1171400
2019-01-29,49.11000061035156,49.52000045776367,48.9900016784668,49.15999984741211,47.34758377075195,1145900
2019-01-30,49.70000076293945,49.959999084472656,49.06999969482422,49.529998779296875,47.70392990112305,1239000
2019-01-31,48.9900016784668,51.06999969482422,48.400001525878906,51.0,49.11973190307617,2225500
2019-02-01,51.04999923706055,52.13999938964844,50.97999954223633,51.13999938964844,49.25457000732422,1786400
2019-02-04,51.040000915527344,51.70000076293945,50.84000015258789,50.93000030517578,49.05231857299805,1299900
2019-02-05,51.13999938964844,51.459999084472656,50.72999954223633,51.439998626708984,49.54351043701172,3168000
2019-02-06,51.060001373291016,52.349998474121094,51.04999923706055,51.83000183105469,49.91913604736328,3032100
2019-02-07,50.619998931884766,53.11000061035156,49.130001068115234,52.5,50.56443786621094,3313400
2019-02-08,52.25,52.849998474121094,51.68000030517578,52.779998779296875,50.8341064453125,2792100
2019-02-11,52.9900016784668,54.439998626708984,52.959999084472656,53.310001373291016,51.344566345214844,3928100
2019-02-12,53.4900016784668,54.099998474121094,53.31999969482422,53.40999984741211,51.44089126586914,2583600
2019-02-13,53.63999938964844,54.619998931884766,53.47999954223633,54.349998474121094,52.346221923828125,1928600
2019-02-14,54.150001525878906,54.189998626708984,53.150001525878906,53.150001525878906,51.19047927856445,2729600
2019-02-15,53.61000061035156,53.68000030517578,53.06999969482422,53.279998779296875,51.315677642822266,1199200
2019-02-19,53.41999816894531,53.97999954223633,53.08000183105469,53.7599983215332,51.777976989746094,1101700
2019-02-20,53.75,54.5,53.68000030517578,54.2599983215332,52.25954055786133,1031100
2019-02-21,54.290000915527344,54.70000076293945,53.970001220703125,54.290000915527344,52.288448333740234,642000
2019-02-22,54.599998474121094,54.869998931884766,54.09000015258789,54.47999954223633,52.471435546875,598300
2019-02-25,54.66999816894531,55.34000015258789,54.52000045776367,54.90999984741211,52.88558578491211,954400
2019-02-26,54.90999984741211,55.380001068115234,54.47999954223633,54.4900016784668,52.4810676574707,794900
2019-02-27,54.400001525878906,54.91999816894531,54.209999084472656,54.5099983215332,52.500328063964844,950100
2019-02-28,54.380001068115234,54.52000045776367,54.040000915527344,54.290000915527344,52.288448333740234,1126900
2019-03-01,54.52000045776367,54.90999984741211,54.29999923706055,54.5,52.49069595336914,1030900
2019-03-04,54.83000183105469,55.040000915527344,54.15999984741211,54.779998779296875,52.7603759765625,1750400
2019-03-05,54.790000915527344,55.790000915527344,54.63999938964844,55.54999923706055,53.50197982788086,2745400
2019-03-06,55.5099983215332,55.93000030517578,55.2599983215332,55.5099983215332,53.463462829589844,1041800
2019-03-07,55.470001220703125,55.470001220703125,53.43000030517578,54.040000915527344,52.04765319824219,2017100
2019-03-08,53.560001373291016,54.720001220703125,53.540000915527344,54.619998931884766,52.60626983642578,1427400
2019-03-11,54.529998779296875,55.47999954223633,54.400001525878906,54.75,52.73147964477539,3347900
2019-03-12,54.7599983215332,54.95000076293945,54.2599983215332,54.650001525878906,52.635169982910156,2556500
2019-03-13,54.900001525878906,55.31999969482422,54.560001373291016,54.779998779296875,52.7603759765625,1374000
2019-03-14,54.849998474121094,54.91999816894531,53.97999954223633,54.119998931884766,52.12471389770508,1322500
2019-03-15,54.06999969482422,54.38999938964844,53.52000045776367,54.380001068115234,52.375125885009766,1655600
2019-03-18,54.369998931884766,55.040000915527344,54.16999816894531,54.93000030517578,52.904842376708984,1013000
2019-03-19,55.25,55.77000045776367,54.77000045776367,55.33000183105469,53.29010009765625,1027900
2019-03-20,55.33000183105469,55.400001525878906,53.900001525878906,54.70000076293945,52.68333053588867,781200
2019-03-21,54.5,55.939998626708984,54.5,55.90999984741211,53.84870910644531,1168900
2019-03-22,55.70000076293945,55.70000076293945,53.869998931884766,54.04999923706055,52.05729293823242,1143600
2019-03-25,53.90999984741211,54.56999969482422,53.56999969482422,54.400001525878906,52.394378662109375,740600
2019-03-26,54.65999984741211,55.040000915527344,54.08000183105469,54.38999938964844,52.3847541809082,845100
2019-03-27,54.45000076293945,54.849998474121094,54.040000915527344,54.349998474121094,52.346221923828125,836400
2019-03-28,54.41999816894531,55.08000183105469,54.33000183105469,54.90999984741211,52.88558578491211,1345700
2019-03-29,55.16999816894531,55.5099983215332,54.4900016784668,54.56999969482422,52.55811309814453,968300
2019-04-01,55.0099983215332,55.709999084472656,54.79999923706055,55.63999938964844,53.58867263793945,1223400
2019-04-02,55.61000061035156,55.790000915527344,55.08000183105469,55.130001068115234,53.09746551513672,928200
2019-04-03,55.349998474121094,55.599998474121094,54.97999954223633,55.33000183105469,53.29010009765625,698200
2019-04-04,55.279998779296875,55.689998626708984,55.119998931884766,55.65999984741211,53.60792541503906,624200
2019-04-05,55.56999969482422,56.5,55.310001373291016,55.939998626708984,53.877601623535156,643100
2019-04-08,55.79999923706055,56.470001220703125,54.970001220703125,56.02000045776367,53.95466232299805,1032800
2019-04-09,55.72999954223633,55.88999938964844,55.220001220703125,55.84000015258789,53.781307220458984,969700
2019-04-10,56.13999938964844,56.58000183105469,55.709999084472656,56.27000045776367,54.1954345703125,1246600
2019-04-11,56.40999984741211,56.70000076293945,56.04999923706055,56.66999816894531,54.5806999206543,1021300
2019-04-12,56.869998931884766,57.31999969482422,56.4900016784668,56.72999954223633,54.63848114013672,1252000
2019-04-15,56.75,57.130001068115234,56.439998626708984,56.72999954223633,54.63848114013672,865200
2019-04-16,56.68000030517578,56.900001525878906,55.560001373291016,55.970001220703125,53.90650177001953,901500
2019-04-17,56.27000045776367,57.08000183105469,56.040000915527344,56.5,54.416969299316406,1203400
2019-04-18,53.81999969482422,57.36000061035156,53.7599983215332,56.43000030517578,54.34954071044922,2544500
2019-04-22,56.4900016784668,57.720001220703125,56.099998474121094,57.709999084472656,55.58235168457031,1425300
2019-04-23,57.59000015258789,59.5,57.59000015258789,59.2599983215332,57.07520294189453,1840500
2019-04-24,59.290000915527344,59.58000183105469,57.86000061035156,58.5099983215332,56.35285568237305,1091100
2019-04-25,58.20000076293945,58.36000061035156,57.310001373291016,57.61000061035156,55.48603820800781,776100
2019-04-26,57.83000183105469,58.7599983215332,57.459999084472656,58.279998779296875,56.1313362121582,955600
2019-04-29,58.45000076293945,58.4900016784668,57.91999816894531,58.33000183105469,56.17949676513672,681700
2019-04-30,57.5,58.5,57.22999954223633,58.130001068115234,55.98686218261719,1273000
2019-05-01,58.470001220703125,58.52000045776367,57.290000915527344,57.72999954223633,55.60161590576172,892400
2019-05-02,57.650001525878906,58.83000183105469,56.099998474121094,58.81999969482422,56.65142822265625,1020500
2019-05-03,59.0,60.58000183105469,58.939998626708984,60.45000076293945,58.22132873535156,1164100
2019-05-06,59.369998931884766,60.38999938964844,59.0099983215332,59.880001068115234,57.67234802246094,901200
2019-05-07,59.349998474121094,59.86000061035156,59.060001373291016,59.4900016784668,57.296722412109375,1422600
2019-05-08,59.279998779296875,59.939998626708984,58.810001373291016,59.029998779296875,56.85368728637695,1485500
2019-05-09,58.560001373291016,59.33000183105469,58.25,59.04999923706055,56.872947692871094,607500
2019-05-10,58.93000030517578,60.470001220703125,58.86000061035156,60.36000061035156,58.1346549987793,766100
2019-05-13,59.349998474121094,59.779998779296875,58.540000915527344,59.619998931884766,57.421932220458984,1272200
2019-05-14,59.95000076293945,60.619998931884766,59.68000030517578,59.869998931884766,57.6627197265625,519600
2019-05-15,59.7400016784668,60.900001525878906,59.560001373291016,60.540000915527344,58.308013916015625,670600
2019-05-16,60.75,61.400001525878906,60.54999923706055,61.20000076293945,58.94368362426758,933600
2019-05-17,60.869998931884766,61.2400016784668,60.36000061035156,60.45000076293945,58.22132873535156,960300
2019-05-20,59.91999816894531,60.040000915527344,58.7400016784668,58.75,56.584007263183594,1901400
2019-05-21,59.150001525878906,60.560001373291016,58.90999984741211,60.04999923706055,57.836082458496094,1324200
2019-05-22,60.06999969482422,60.599998474121094,59.5099983215332,59.880001068115234,57.67234802246094,825200
2019-05-23,59.439998626708984,60.13999938964844,59.08000183105469,59.720001220703125,57.51824951171875,1194100
2019-05-24,59.939998626708984,60.529998779296875,59.77000045776367,60.029998779296875,57.81681823730469,1049500
2019-05-28,60.04999923706055,60.33000183105469,59.68000030517578,59.83000183105469,57.62419891357422,1651400
2019-05-29,59.84000015258789,59.84000015258789,57.58000183105469,57.65999984741211,55.534202575683594,1965700
2019-05-30,57.61000061035156,57.849998474121094,53.189998626708984,55.779998779296875,53.7235107421875,4508100
2019-05-31,54.7599983215332,55.63999938964844,53.7599983215332,55.43000030517578,53.38640594482422,1817100
2019-06-03,55.25,56.88999938964844,55.08000183105469,55.45000076293945,53.40568161010742,1601600
2019-06-04,55.83000183105469,57.279998779296875,55.779998779296875,57.2400016784668,55.12968444824219,1399500
2019-06-05,57.65999984741211,57.65999984741211,56.380001068115234,56.88999938964844,54.79258346557617,1464300
2019-06-06,56.88999938964844,59.52000045776367,56.7400016784668,59.459999084472656,57.2678337097168,1891600
2019-06-07,59.7400016784668,60.09000015258789,59.279998779296875,59.619998931884766,57.421932220458984,1106800
2019-06-10,60.0099983215332,61.31999969482422,59.959999084472656,60.20000076293945,57.980552673339844,1382700
2019-06-11,60.630001068115234,60.65999984741211,59.880001068115234,60.040000915527344,57.826446533203125,1196200
2019-06-12,59.81999969482422,60.290000915527344,59.470001220703125,59.540000915527344,57.344879150390625,633600
2019-06-13,59.70000076293945,60.0099983215332,57.720001220703125,58.02000045776367,55.88091278076172,1075400
2019-06-14,57.900001525878906,58.040000915527344,57.33000183105469,57.939998626708984,55.80386734008789,852700
2019-06-17,57.959999084472656,58.0099983215332,57.22999954223633,57.470001220703125,55.351192474365234,812000
2019-06-18,57.779998779296875,59.31999969482422,57.59000015258789,58.68000030517578,56.516597747802734,964800
2019-06-19,58.90999984741211,59.36000061035156,58.02000045776367,59.310001373291016,57.12336349487305,970400
2019-06-20,59.93000030517578,60.369998931884766,59.2599983215332,59.63999938964844,57.441192626953125,1300000
2019-06-21,59.5,59.58000183105469,58.95000076293945,59.31999969482422,57.13299560546875,580900
2019-06-24,59.29999923706055,59.779998779296875,58.880001068115234,59.11000061035156,56.93073654174805,616300
2019-06-25,59.29999923706055,60.0,58.970001220703125,59.5,57.30636215209961,759400
2019-06-26,59.27000045776367,59.400001525878906,57.83000183105469,58.25,56.102439880371094,1188900
2019-06-27,58.540000915527344,59.58000183105469,58.150001525878906,59.439998626708984,57.248573303222656,1191000
2019-06-28,59.5,61.220001220703125,59.47999954223633,61.099998474121094,58.84736251831055,2728800
2019-07-01,61.779998779296875,62.15999984741211,60.77000045776367,62.06999969482422,59.781612396240234,980600
2019-07-02,62.119998931884766,62.54999923706055,61.4900016784668,62.25,59.95497512817383,1273400
2019-07-03,62.25,63.25,62.13999938964844,63.09000015258789,60.76400375366211,614600
2019-07-05,62.68000030517578,63.33000183105469,62.27000045776367,63.33000183105469,60.99515914916992,761200
2019-07-08,63.150001525878906,63.38999938964844,61.97999954223633,62.369998931884766,60.070552825927734,1350100
2019-07-09,62.27000045776367,62.43000030517578,61.400001525878906,61.650001525878906,59.37709426879883,1135300
2019-07-10,62.150001525878906,62.41999816894531,60.90999984741211,61.0099983215332,58.76069259643555,683300
2019-07-11,60.849998474121094,61.68000030517578,60.619998931884766,61.599998474121094,59.32893753051758,1049200
2019-07-12,61.65999984741211,61.779998779296875,60.75,60.77000045776367,58.52953338623047,1115300
2019-07-15,60.4900016784668,61.27000045776367,60.25,60.540000915527344,58.308013916015625,1433300
2019-07-16,60.619998931884766,60.7599983215332,59.79999923706055,60.220001220703125,57.99980926513672,1221800
2019-07-17,60.13999938964844,60.380001068115234,59.349998474121094,59.380001068115234,57.19078826904297,2372900
2019-07-18,56.90999984741211,59.72999954223633,56.72999954223633,59.58000183105469,57.38341522216797,3709300
2019-07-19,59.77000045776367,60.09000015258789,58.130001068115234,59.5,57.30636215209961,1757700
2019-07-22,59.47999954223633,61.709999084472656,58.93000030517578,61.650001525878906,59.37709426879883,1798000
2019-07-23,61.88999938964844,63.54999923706055,61.83000183105469,63.34000015258789,61.00478744506836,2087900
2019-07-24,63.38999938964844,65.12000274658203,63.29999923706055,64.44999694824219,62.0738639831543,2517400
2019-07-25,64.63999938964844,65.52999877929688,63.27000045776367,63.400001525878906,61.06257629394531,999800
2019-07-26,63.33000183105469,64.54000091552734,63.310001373291016,64.5,62.12202072143555,903400
2019-07-29,64.48999786376953,64.66000366210938,63.790000915527344,64.20999908447266,61.84271240234375,727300
2019-07-30,63.95000076293945,64.9000015258789,63.400001525878906,64.9000015258789,62.50727462768555,1061300
2019-07-31,64.87000274658203,65.04000091552734,63.290000915527344,64.01000213623047,61.650089263916016,1606000
2019-08-01,63.790000915527344,66.0999984741211,63.38999938964844,65.2300033569336,62.82511901855469,2647100
2019-08-02,64.98999786376953,65.3499984741211,64.08000183105469,65.06999969482422,62.671016693115234,1060900
2019-08-05,63.959999084472656,64.33000183105469,63.15999984741211,63.349998474121094,61.01441955566406,2027300
2019-08-06,63.709999084472656,64.51000213623047,63.29999923706055,63.81999969482422,61.467098236083984,1483700
2019-08-07,62.939998626708984,64.97000122070312,62.22999954223633,64.54000091552734,62.16054916381836,1343300
2019-08-08,64.7699966430664,66.33000183105469,64.54000091552734,65.55000305175781,63.13330078125,1564800
2019-08-09,65.31999969482422,66.1500015258789,65.12000274658203,65.19999694824219,62.79621887207031,1702100
2019-08-12,64.87999725341797,66.18000030517578,64.33000183105469,65.68000030517578,63.25851821899414,1553100
2019-08-13,65.5,68.83999633789062,65.5,68.58000183105469,66.05159759521484,2212600
2019-08-14,67.16999816894531,68.23999786376953,65.2300033569336,65.23999786376953,62.8347282409668,1731600
2019-08-15,65.4800033569336,65.66000366210938,64.4000015258789,65.02999877929688,62.63246536254883,1925000
2019-08-16,65.45999908447266,66.52999877929688,65.44000244140625,66.3499984741211,63.903804779052734,2162800
2019-08-19,67.29000091552734,67.75,66.7300033569336,67.13999938964844,64.6646728515625,955500
2019-08-20,67.01000213623047,67.16999816894531,66.19999694824219,66.51000213623047,64.05790710449219,747500
2019-08-21,66.95999908447266,67.22000122070312,66.5,66.88999938964844,64.42389678955078,562300
2019-08-22,66.88999938964844,67.11000061035156,66.18000030517578,66.68000030517578,64.2216567993164,625600
2019-08-23,66.5199966430664,66.95999908447266,65.36000061035156,65.58000183105469,63.162193298339844,723300
2019-08-26,66.08999633789062,66.20999908447266,65.30000305175781,65.4000015258789,62.98883819580078,593200
2019-08-27,65.81999969482422,66.02999877929688,64.48999786376953,64.55999755859375,62.17980194091797,726300
2019-08-28,64.20999908447266,65.33999633789062,63.86000061035156,65.18000030517578,62.776947021484375,995700
2019-08-29,66.06999969482422,66.41999816894531,65.80999755859375,66.26000213623047,63.817134857177734,830400
2019-08-30,66.69999694824219,66.70999908447266,65.55000305175781,65.83999633789062,63.4126091003418,1264000
2019-09-03,65.33000183105469,65.77999877929688,64.94999694824219,65.31999969482422,62.91178894042969,831100
2019-09-04,65.76000213623047,66.22000122070312,65.1500015258789,66.05000305175781,63.614871978759766,830100
2019-09-05,66.36000061035156,67.12999725341797,65.4000015258789,65.44999694824219,63.03699493408203,552100
2019-09-06,65.73999786376953,65.87999725341797,64.83999633789062,65.0199966430664,62.62285232543945,1086700
2019-09-09,65.41000366210938,65.45999908447266,63.08000183105469,63.150001525878906,60.82179641723633,1506900
2019-09-10,63.11000061035156,63.310001373291016,61.630001068115234,63.29999923706055,60.96625900268555,1836600
2019-09-11,63.150001525878906,64.12000274658203,62.81999969482422,63.650001525878906,61.30336380004883,1089300
2019-09-12,63.72999954223633,65.13999938964844,63.619998931884766,64.76000213623047,62.37245178222656,1157600
2019-09-13,65.13999938964844,65.13999938964844,63.41999816894531,63.599998474121094,61.25520706176758,947900
2019-09-16,63.18000030517578,63.709999084472656,62.66999816894531,63.08000183105469,60.75437545776367,1109000
2019-09-17,62.79999923706055,63.47999954223633,62.18000030517578,63.470001220703125,61.130001068115234,935600
2019-09-18,63.470001220703125,63.68000030517578,62.459999084472656,63.380001068115234,61.04331588745117,963700
2019-09-19,63.2599983215332,63.939998626708984,62.75,63.34000015258789,61.00478744506836,993500
2019-09-20,63.560001373291016,64.12000274658203,62.72999954223633,62.970001220703125,60.64842987060547,1012000
2019-09-23,62.83000183105469,64.4000015258789,62.58000183105469,64.16000366210938,61.79456329345703,948700
2019-09-24,64.7300033569336,65.55999755859375,64.1500015258789,64.37999725341797,62.00644302368164,1153300
2019-09-25,64.41000366210938,65.48999786376953,63.75,65.29000091552734,62.882904052734375,952900
2019-09-26,65.54000091552734,66.58000183105469,65.08999633789062,66.2699966430664,63.826759338378906,1055500
2019-09-27,66.2699966430664,66.94000244140625,65.41000366210938,66.01000213623047,63.57634735107422,918700
2019-09-30,66.20999908447266,66.54000091552734,65.70999908447266,66.05999755859375,63.62451171875,899300
2019-10-01,66.2300033569336,66.5999984741211,65.01000213623047,65.04000091552734,62.64210891723633,824900
2019-10-02,63.90999984741211,64.5199966430664,60.84000015258789,61.88999938964844,59.60824203491211,1600200
2019-10-03,61.619998931884766,62.709999084472656,61.0,62.060001373291016,59.7719841003418,1721300
2019-10-04,62.38999938964844,64.08000183105469,62.16999816894531,63.75,61.3996696472168,1290300
2019-10-07,63.439998626708984,63.88999938964844,63.0,63.20000076293945,60.86995315551758,1245000
2019-10-08,62.40999984741211,62.61000061035156,61.189998626708984,61.880001068115234,59.598609924316406,1495000
2019-10-09,62.31999969482422,62.77000045776367,61.959999084472656,62.65999984741211,60.34986114501953,1002000
2019-10-10,62.7400016784668,63.279998779296875,62.52000045776367,62.630001068115234,60.32096862792969,3191000
2019-10-11,63.41999816894531,64.94999694824219,63.41999816894531,64.1500015258789,61.78492736816406,1339700
2019-10-14,64.04000091552734,64.25,63.13999938964844,64.0199966430664,61.65970993041992,850100
2019-10-15,64.20999908447266,64.62000274658203,62.7400016784668,62.86000061035156,60.542484283447266,1348900
2019-10-16,62.810001373291016,63.810001373291016,62.4900016784668,63.529998779296875,61.187774658203125,1034300
2019-10-17,66.20999908447266,70.87999725341797,66.0,67.48999786376953,65.00178527832031,5854000
2019-10-18,67.5,70.75,67.5,69.87000274658203,67.29405212402344,2742000
2019-10-21,70.1500015258789,70.33999633789062,69.04000091552734,69.4800033569336,66.91841888427734,1430000
2019-10-22,69.27999877929688,70.38999938964844,68.81999969482422,69.05000305175781,66.50426483154297,1070600
2019-10-23,68.83999633789062,70.45999908447266,68.83999633789062,69.30000305175781,66.74504852294922,1143500
2019-10-24,69.33000183105469,69.91000366210938,68.62999725341797,68.9800033569336,66.43685913085938,778600
2019-10-25,68.87999725341797,70.01000213623047,68.80000305175781,69.93000030517578,67.3518295288086,1018400
2019-10-28,70.37999725341797,72.31999969482422,70.37999725341797,72.2300033569336,69.56702423095703,1679700
2019-10-29,71.80000305175781,73.69000244140625,71.30999755859375,72.81999969482422,70.13528442382812,1897000
2019-10-30,72.98999786376953,74.26000213623047,72.52999877929688,73.5,70.79020690917969,1267800
2019-10-31,73.12999725341797,73.5999984741211,72.25,72.83999633789062,70.15454864501953,1646600
2019-11-01,72.94999694824219,73.56999969482422,72.5,73.20999908447266,70.51091003417969,753900
2019-11-04,73.62999725341797,73.62999725341797,72.44000244140625,72.69999694824219,70.01969909667969,950500
2019-11-05,75.87000274658203,78.29000091552734,75.08999633789062,75.27999877929688,72.50458526611328,3074200
2019-11-06,75.27999877929688,75.76000213623047,74.22000122070312,75.52999877929688,72.745361328125,1524300
2019-11-07,75.88999938964844,76.12999725341797,73.29000091552734,74.30000305175781,71.56072235107422,1976200
2019-11-08,74.29000091552734,75.47000122070312,73.91000366210938,75.0,72.23491668701172,1599400
2019-11-11,74.66999816894531,75.29000091552734,74.4800033569336,75.01000213623047,72.24453735351562,728900
2019-11-12,75.12999725341797,75.26000213623047,74.43000030517578,74.7699966430664,72.01338195800781,923900
2019-11-13,74.93000030517578,75.33999633789062,74.37999725341797,74.5,71.75334167480469,799200
2019-11-14,74.29000091552734,74.94000244140625,73.55000305175781,74.4000015258789,71.65702819824219,946600
2019-11-15,74.7300033569336,75.05999755859375,73.29000091552734,73.6500015258789,70.93468475341797,721100
2019-11-18,73.54000091552734,74.51000213623047,73.54000091552734,74.5,71.75334167480469,1430100
2019-11-19,74.51000213623047,74.97000122070312,73.87000274658203,74.41000366210938,71.66665649414062,801500
2019-11-20,74.19999694824219,75.47000122070312,74.19999694824219,74.9000015258789,72.13858795166016,1735100
2019-11-21,74.94999694824219,75.44999694824219,74.25,75.19999694824219,72.42752838134766,864500
2019-11-22,75.27999877929688,75.66999816894531,74.31999969482422,74.5199966430664,71.77259826660156,965100
2019-11-25,74.68000030517578,74.95999908447266,74.47000122070312,74.61000061035156,71.85928344726562,837100
2019-11-26,74.80999755859375,76.62000274658203,74.37999725341797,76.62000274658203,73.79518127441406,1340200
2019-11-27,76.72000122070312,76.88999938964844,76.0,76.08000183105469,73.27509307861328,1245400
2019-11-29,75.91999816894531,76.41999816894531,75.7300033569336,75.9000015258789,73.10172271728516,346700
2019-12-02,76.3499984741211,76.36000061035156,75.2699966430664,75.75,72.9572525024414,848400
2019-12-03,75.22000122070312,76.08000183105469,74.4800033569336,75.83000183105469,73.03431701660156,811100
2019-12-04,76.23999786376953,76.2699966430664,75.37999725341797,75.41000366210938,72.62979888916016,1163100
2019-12-05,75.62000274658203,76.5,75.08999633789062,75.83000183105469,73.03431701660156,1135100
2019-12-06,76.30000305175781,76.61000061035156,73.95999908447266,74.19999694824219,71.46438598632812,1513900
2019-12-09,74.3499984741211,74.61000061035156,73.58999633789062,73.81999969482422,71.0984115600586,1957000
2019-12-10,73.73999786376953,73.94999694824219,72.47000122070312,72.72000122070312,70.0389633178711,1444000
2019-12-11,72.7300033569336,73.05999755859375,71.79000091552734,72.16000366210938,69.49960327148438,881800
2019-12-12,72.12000274658203,73.19000244140625,71.37000274658203,71.5999984741211,68.96024322509766,1217300
2019-12-13,71.94999694824219,72.9000015258789,71.27999877929688,71.73999786376953,69.0950927734375,973300
2019-12-16,72.29000091552734,73.13999938964844,71.79000091552734,72.56999969482422,69.8945083618164,1055200
2019-12-17,72.44999694824219,73.37999725341797,72.44999694824219,72.5,69.82706451416016,796200
2019-12-18,72.52999877929688,72.66999816894531,71.76000213623047,71.80000305175781,69.15287780761719,969200
2019-12-19,71.93000030517578,71.93000030517578,70.4000015258789,70.69000244140625,68.08380126953125,1774000
2019-12-20,71.12000274658203,72.62000274658203,70.94999694824219,71.91999816894531,69.26846313476562,1949200
2019-12-23,71.95999908447266,73.66999816894531,71.80000305175781,73.30999755859375,70.60721588134766,1234500
2019-12-24,73.29000091552734,73.68000030517578,72.5999984741211,72.63999938964844,69.96190643310547,167100
2019-12-26,72.70999908447266,73.16999816894531,72.52999877929688,73.11000061035156,70.41458892822266,384800
2019-12-27,73.22000122070312,73.5999984741211,72.81999969482422,73.19999694824219,70.50125122070312,502600
2019-12-30,73.33000183105469,73.58999633789062,72.54000091552734,72.70999908447266,70.02933502197266,452700
2019-12-31,72.62999725341797,73.13999938964844,72.13999938964844,72.54000091552734,69.8656005859375,636100
2020-01-02,72.8499984741211,73.52999877929688,71.19000244140625,72.20999908447266,69.54776763916016,1169500
2020-01-03,71.30000305175781,73.01000213623047,71.12000274658203,72.25,69.58629608154297,698400
2020-01-06,72.0,72.30999755859375,71.55000305175781,71.69999694824219,69.05657196044922,955700
2020-01-07,71.43000030517578,71.47000122070312,70.4800033569336,70.52999877929688,67.92970275878906,1223600
2020-01-08,70.79000091552734,71.22000122070312,70.26000213623047,70.30999755859375,67.71781921386719,1337700
2020-01-09,70.75,71.72000122070312,70.66000366210938,71.04000091552734,68.4208984375,1604400
2020-01-10,71.2300033569336,71.61000061035156,70.55000305175781,71.08999633789062,68.46906280517578,1044700
2020-01-13,71.30000305175781,72.80999755859375,71.30000305175781,72.5199966430664,69.8463363647461,1270100
2020-01-14,72.41000366210938,72.80000305175781,71.69999694824219,71.77999877929688,69.13365173339844,691200
2020-01-15,71.81999969482422,73.23999786376953,71.79000091552734,72.33000183105469,69.6633529663086,534700
2020-01-16,72.95999908447266,74.26000213623047,72.86000061035156,73.69999694824219,70.98283386230469,851900
2020-01-17,73.95999908447266,74.4000015258789,73.30999755859375,73.44000244140625,70.732421875,734800
2020-01-21,72.91999816894531,73.80000305175781,72.83000183105469,73.25,70.54940795898438,735200
2020-01-22,73.56999969482422,75.5199966430664,73.4000015258789,75.11000061035156,72.34083557128906,1422800
2020-01-23,74.79000091552734,76.1500015258789,74.1500015258789,75.87000274658203,73.07282257080078,1156000
2020-01-24,75.95999908447266,76.0199966430664,74.75,75.0,72.23491668701172,841500
2020-01-27,74.33999633789062,77.2300033569336,73.79000091552734,76.05000305175781,73.24618530273438,1129700
2020-01-28,76.26000213623047,76.33000183105469,75.11000061035156,75.52999877929688,72.745361328125,801200
2020-01-29,75.93000030517578,76.16999816894531,74.76000213623047,74.79000091552734,72.03264617919922,768500
2020-01-30,74.33000183105469,76.04000091552734,73.98999786376953,75.81999969482422,73.02466583251953,1077400
2020-01-31,75.13999938964844,75.61000061035156,73.58000183105469,74.02999877929688,71.30066680908203,1190600
2020-02-03,74.08000183105469,75.0199966430664,73.62999725341797,74.62999725341797,71.87854766845703,1148500
2020-02-04,75.3499984741211,76.48999786376953,74.94000244140625,76.05000305175781,73.24618530273438,1341500
2020-02-05,75.72000122070312,79.37000274658203,75.69000244140625,78.73999786376953,75.8370132446289,1975500
2020-02-06,78.75,80.37000274658203,78.56999969482422,79.5999984741211,76.66532135009766,1839600
2020-02-07,79.26000213623047,79.93000030517578,78.44999694824219,78.58999633789062,75.69254302978516,1276300
2020-02-10,78.2699966430664,79.5199966430664,78.18000030517578,79.25,76.32821655273438,1116000
2020-02-11,79.6500015258789,79.73999786376953,78.91000366210938,79.3499984741211,76.42453002929688,1008400
2020-02-12,79.5199966430664,79.8499984741211,77.94000244140625,78.87000274658203,75.96222686767578,1088400
2020-02-13,78.86000061035156,80.44999694824219,78.08999633789062,79.97000122070312,77.02167510986328,768400
2020-02-14,80.0,80.56999969482422,79.77999877929688,80.0,77.0505599975586,593000
2020-02-18,79.77999877929688,79.88999938964844,79.18000030517578,79.75,76.80977630615234,639700
2020-02-19,80.1500015258789,80.36000061035156,78.94999694824219,78.95999908447266,76.04890441894531,671300
2020-02-20,78.66999816894531,79.70999908447266,78.36000061035156,78.88999938964844,75.98150634765625,833500
2020-02-21,78.41000366210938,79.43000030517578,78.23999786376953,79.19000244140625,76.27042388916016,640100
2020-02-24,77.63999938964844,78.05999755859375,76.68000030517578,77.75,74.8835220336914,665400
2020-02-25,77.80000305175781,78.26000213623047,74.88999938964844,75.13999938964844,72.36974334716797,952700
2020-02-26,75.5999984741211,76.80000305175781,74.41999816894531,74.5199966430664,71.77259826660156,749400
2020-02-27,73.47000122070312,73.47000122070312,70.04000091552734,70.23999786376953,67.650390625,1355700
2020-02-28,68.41999816894531,71.9000015258789,67.05999755859375,70.5,67.90079498291016,2026300
2020-03-02,71.05999755859375,74.25,70.75,74.20999908447266,71.47403717041016,1750300
2020-03-03,74.25,76.16000366210938,72.88999938964844,74.45999908447266,71.7148208618164,1547100
2020-03-04,75.77999877929688,76.83999633789062,75.31999969482422,76.63999938964844,73.814453125,1474600
2020-03-05,75.22000122070312,75.58000183105469,73.02999877929688,74.4800033569336,71.73407745361328,1680700
2020-03-06,72.72000122070312,73.19999694824219,70.6500015258789,73.11000061035156,70.41458892822266,2367500
2020-03-09,68.58000183105469,68.58999633789062,63.68000030517578,64.0,61.64045715332031,1869900
2020-03-10,65.7699966430664,66.56999969482422,63.08000183105469,66.55999755859375,64.1060791015625,2666000
2020-03-11,65.13999938964844,65.22000122070312,60.43000030517578,61.470001220703125,59.2037239074707,1816300
2020-03-12,56.4900016784668,58.84000015258789,53.0099983215332,54.439998626708984,52.432918548583984,3214900
2020-03-13,57.290000915527344,59.849998474121094,55.5099983215332,59.849998474121094,57.643455505371094,2013500
2020-03-16,50.27000045776367,55.150001525878906,48.77000045776367,48.959999084472656,47.15494155883789,2402600
2020-03-17,50.369998931884766,52.20000076293945,46.650001525878906,50.33000183105469,48.47443771362305,3487700
2020-03-18,47.2599983215332,50.7599983215332,44.869998931884766,48.9900016784668,47.183841705322266,2462000
2020-03-19,48.279998779296875,51.09000015258789,46.29999923706055,50.380001068115234,48.5225944519043,1986500
2020-03-20,50.560001373291016,52.15999984741211,46.689998626708984,46.959999084472656,45.22867965698242,2393900
2020-03-23,46.02000045776367,46.79999923706055,42.970001220703125,43.689998626708984,42.07923126220703,1939500
2020-03-24,46.400001525878906,53.290000915527344,45.93000030517578,52.7400016784668,50.79558563232422,2445900
2020-03-25,53.11000061035156,57.09000015258789,50.0099983215332,54.060001373291016,52.066925048828125,1905800
2020-03-26,54.380001068115234,58.22999954223633,53.61000061035156,58.060001373291016,55.91944885253906,2410800
2020-03-27,56.11000061035156,58.27000045776367,55.56999969482422,57.2400016784668,55.12968444824219,1753100
2020-03-30,57.86000061035156,58.790000915527344,56.27000045776367,58.52000045776367,56.36248016357422,1303700
2020-03-31,58.66999816894531,59.619998931884766,57.16999816894531,58.040000915527344,55.90019226074219,2091500
2020-04-01,55.56999969482422,57.43000030517578,54.41999816894531,55.099998474121094,53.06857681274414,1961900
2020-04-02,55.060001373291016,57.5,53.709999084472656,55.0,52.972267150878906,1539000
2020-04-03,54.279998779296875,55.18000030517578,51.459999084472656,52.65999984741211,50.718536376953125,1206300
2020-04-06,55.20000076293945,58.47999954223633,55.04999923706055,57.150001525878906,55.04300308227539,1908000
2020-04-07,59.599998474121094,61.119998931884766,56.29999923706055,56.5,54.416969299316406,1314400
2020-04-08,57.29999923706055,60.27000045776367,56.27000045776367,59.81999969482422,57.61455535888672,1470600
2020-04-09,60.81999969482422,63.83000183105469,60.5,62.20000076293945,59.90681457519531,1576500
2020-04-13,61.959999084472656,62.5099983215332,60.029998779296875,61.060001373291016,58.8088493347168,751900
2020-04-14,61.91999816894531,63.15999984741211,60.650001525878906,62.47999954223633,60.17648696899414,1817300
2020-04-15,60.84000015258789,61.689998626708984,59.88999938964844,61.09000015258789,58.837738037109375,1330200
2020-04-16,61.349998474121094,61.349998474121094,58.7599983215332,60.61000061035156,58.37542724609375,981200
2020-04-17,62.15999984741211,63.220001220703125,61.90999984741211,62.900001525878906,60.581016540527344,1037800
2020-04-20,61.130001068115234,62.0,60.20000076293945,61.279998779296875,59.02073287963867,1562500
2020-04-21,62.84000015258789,64.58999633789062,59.029998779296875,59.47999954223633,57.28709411621094,2618500
2020-04-22,60.099998474121094,60.86000061035156,59.150001525878906,59.59000015258789,57.39303970336914,1312600
2020-04-23,59.900001525878906,60.720001220703125,59.209999084472656,59.33000183105469,57.14262771606445,944400
2020-04-24,60.150001525878906,60.599998474121094,58.5099983215332,59.220001220703125,57.03668212890625,1098700
2020-04-27,60.130001068115234,63.79999923706055,59.81999969482422,63.310001373291016,60.97589874267578,1231900
2020-04-28,64.55000305175781,65.23999786376953,62.58000183105469,62.97999954223633,60.65806198120117,1449100
2020-04-29,64.30999755859375,65.69999694824219,63.86000061035156,65.12999725341797,62.72880172729492,1301100
2020-04-30,63.97999954223633,65.19000244140625,62.93000030517578,64.41000366210938,62.03534698486328,1266300
2020-05-01,63.16999816894531,63.279998779296875,60.83000183105469,62.52000045776367,60.21501541137695,1457500
2020-05-04,61.939998626708984,63.029998779296875,61.04999923706055,62.689998626708984,60.378753662109375,800200
2020-05-05,63.06999969482422,63.68000030517578,62.310001373291016,62.529998779296875,60.224647521972656,1611000
2020-05-06,63.0,63.22999954223633,61.209999084472656,61.33000183105469,59.06889343261719,892200
2020-05-07,62.040000915527344,64.06999969482422,61.529998779296875,62.459999084472656,60.15723419189453,1082100
2020-05-08,63.380001068115234,64.20999908447266,62.59000015258789,63.06999969482422,60.74474334716797,737700
2020-05-11,62.22999954223633,62.59000015258789,60.720001220703125,60.72999954223633,58.49100875854492,850700
2020-05-12,60.91999816894531,61.369998931884766,59.41999816894531,59.41999816894531,57.229305267333984,924800
2020-05-13,59.11000061035156,59.15999984741211,56.20000076293945,57.25,55.13929748535156,1865000
2020-05-14,56.38999938964844,60.22999954223633,55.849998474121094,60.119998931884766,57.903499603271484,1533800
2020-05-15,59.189998626708984,59.790000915527344,58.099998474121094,59.380001068115234,57.19078826904297,1054200
2020-05-18,61.599998474121094,63.18000030517578,61.11000061035156,62.70000076293945,60.38838195800781,1737400
2020-05-19,62.38999938964844,63.619998931884766,61.9900016784668,62.61000061035156,60.30169677734375,1003800
2020-05-20,63.36000061035156,63.900001525878906,62.68000030517578,62.939998626708984,60.619537353515625,704100
2020-05-21,63.220001220703125,63.70000076293945,61.95000076293945,62.119998931884766,59.82975769042969,720500
2020-05-22,61.970001220703125,62.52000045776367,61.25,62.08000183105469,59.79124069213867,441300
2020-05-26,63.869998931884766,65.45999908447266,63.65999984741211,64.83999633789062,62.44947814941406,1076200
2020-05-27,65.94000244140625,66.55000305175781,64.73999786376953,66.0999984741211,63.66303253173828,938900
2020-05-28,66.75,67.22000122070312,66.12000274658203,66.4800033569336,64.02902221679688,933700
2020-05-29,66.1500015258789,66.52999877929688,64.22000122070312,65.43000030517578,63.01772689819336,1310700
2020-06-01,65.3499984741211,66.94000244140625,65.02999877929688,66.76000213623047,64.29869079589844,1607400
2020-06-02,67.0,67.7300033569336,66.27999877929688,67.33999633789062,64.85730743408203,1414800
2020-06-03,68.26000213623047,69.38999938964844,67.9800033569336,68.52999877929688,66.00345611572266,967100
2020-06-04,68.16000366210938,69.52999877929688,67.77999877929688,69.5199966430664,66.9569320678711,964400
2020-06-05,71.37000274658203,72.12000274658203,69.87000274658203,69.91000366210938,67.33257293701172,1067200
2020-06-08,70.08999633789062,71.19000244140625,69.94000244140625,70.80999755859375,68.19938659667969,740500
2020-06-09,69.69999694824219,69.7300033569336,68.19999694824219,68.2300033569336,65.71450805664062,627000
2020-06-10,68.20999908447266,68.22000122070312,66.44000244140625,66.98999786376953,64.52023315429688,1198600
2020-06-11,65.54000091552734,66.26000213623047,63.0,63.02000045776367,60.69658660888672,1477500
2020-06-12,65.37999725341797,65.91999816894531,63.59000015258789,65.2300033569336,62.82511901855469,1174400
2020-06-15,63.47999954223633,66.51000213623047,62.5099983215332,65.91999816894531,63.48967742919922,977200
2020-06-16,68.5,68.73999786376953,66.52999877929688,67.08000183105469,64.6069107055664,1050200
2020-06-17,67.30999755859375,67.63999938964844,65.63999938964844,65.80000305175781,63.37409210205078,673700
2020-06-18,65.22000122070312,66.30000305175781,65.04000091552734,65.55999755859375,63.142940521240234,729300
2020-06-19,66.68000030517578,66.88999938964844,65.12000274658203,65.66999816894531,63.24889373779297,1055800
2020-06-22,65.52999877929688,65.68000030517578,64.2300033569336,65.47000122070312,63.05625534057617,963200
2020-06-23,66.31999969482422,66.37000274658203,64.91000366210938,64.94000244140625,62.54581069946289,831000
2020-06-24,64.38999938964844,64.38999938964844,62.25,62.290000915527344,59.993492126464844,843400
2020-06-25,61.810001373291016,62.93000030517578,61.0,62.93000030517578,60.60990905761719,992900
2020-06-26,62.79999923706055,63.970001220703125,61.560001373291016,63.70000076293945,61.35151290893555,2486800
2020-06-29,64.20999908447266,65.41999816894531,63.7599983215332,64.94999694824219,62.555423736572266,997800
2020-06-30,64.69000244140625,65.62000274658203,64.38999938964844,65.12999725341797,62.72880172729492,1338300
2020-07-01,65.33000183105469,65.87999725341797,64.91000366210938,65.4800033569336,63.065895080566406,1228400
2020-07-02,66.30000305175781,67.31999969482422,65.7699966430664,66.91999816894531,64.4527816772461,955800
2020-07-06,68.20999908447266,68.45999908447266,66.37999725341797,66.77999877929688,64.3179702758789,702300
2020-07-07,66.37999725341797,66.94999694824219,65.6500015258789,66.5199966430664,64.06754302978516,715200
2020-07-08,66.73999786376953,67.44000244140625,65.77999877929688,66.69999694824219,64.24090576171875,1226900
2020-07-09,66.94000244140625,67.02999877929688,64.69999694824219,65.29000091552734,62.882904052734375,836700
2020-07-10,65.19000244140625,67.37000274658203,65.19000244140625,67.33999633789062,64.85730743408203,955300
2020-07-13,67.95999908447266,68.36000061035156,66.1500015258789,66.31999969482422,63.87492752075195,876600
2020-07-14,66.33999633789062,68.80999755859375,66.0999984741211,68.76000213623047,66.22496795654297,917800
2020-07-15,69.7300033569336,70.30999755859375,64.91999816894531,67.0999984741211,64.62617492675781,2464700
2020-07-16,67.4000015258789,67.61000061035156,66.41999816894531,67.06999969482422,64.59727478027344,1066000
2020-07-17,67.4000015258789,68.62999725341797,67.22000122070312,68.26000213623047,65.74339294433594,831000
2020-07-20,68.05000305175781,70.04000091552734,68.05000305175781,69.62000274658203,67.05326080322266,1118600
2020-07-21,71.81999969482422,71.94000244140625,68.0,70.69000244140625,68.08380126953125,2323500
2020-07-22,71.94999694824219,72.0,70.0999984741211,70.75,68.14161682128906,969800
2020-07-23,70.7699966430664,71.98999786376953,70.4800033569336,70.87999725341797,68.26679992675781,1005600
2020-07-24,70.87999725341797,71.13999938964844,70.18000030517578,70.69999694824219,68.09343719482422,963600
2020-07-27,70.69000244140625,72.56999969482422,70.2300033569336,72.41999816894531,69.75000762939453,696100
2020-07-28,72.18000030517578,72.4800033569336,70.80000305175781,70.88999938964844,68.27643585205078,720300
2020-07-29,71.45999908447266,72.76000213623047,71.0999984741211,72.3499984741211,69.68260192871094,765600
2020-07-30,71.54000091552734,72.06999969482422,70.83000183105469,72.0,69.34551239013672,431400
2020-07-31,71.87999725341797,72.11000061035156,70.51000213623047,71.58000183105469,68.94099426269531,844300
2020-08-03,72.0,72.80999755859375,71.16000366210938,72.56999969482422,69.8945083618164,770200
2020-08-04,72.5,73.4000015258789,72.08000183105469,72.62000274658203,69.9426498413086,683200
2020-08-05,72.94000244140625,74.04000091552734,72.94000244140625,73.13999938964844,70.44346618652344,616100
2020-08-06,73.11000061035156,73.73999786376953,72.3499984741211,73.55999755859375,70.84798431396484,700000
2020-08-07,73.1500015258789,74.1500015258789,72.87999725341797,74.1500015258789,71.41625213623047,627800
2020-08-10,74.05999755859375,74.55000305175781,73.62999725341797,73.81999969482422,71.0984115600586,585600
2020-08-11,74.44999694824219,74.98999786376953,73.47000122070312,73.55000305175781,70.8383560180664,662000
2020-08-12,74.12000274658203,75.44999694824219,73.95999908447266,75.1500015258789,72.37937927246094,797600
2020-08-13,74.83000183105469,76.87000274658203,74.80999755859375,76.83000183105469,73.99744415283203,1070800
2020-08-14,75.87999725341797,77.18000030517578,75.87999725341797,76.36000061035156,73.54474639892578,579200
2020-08-17,76.62000274658203,77.08999633789062,76.12000274658203,76.27999877929688,73.46769714355469,427600
2020-08-18,76.19999694824219,76.47000122070312,75.23999786376953,75.44000244140625,72.65869140625,425100
2020-08-19,75.6500015258789,76.06999969482422,74.43000030517578,74.4800033569336,71.73407745361328,493900
2020-08-20,73.97000122070312,74.76000213623047,73.5999984741211,74.36000061035156,71.61849975585938,452400
2020-08-21,73.83000183105469,75.12000274658203,73.69999694824219,74.97000122070312,72.2060317993164,511000
2020-08-24,75.4800033569336,75.97000122070312,75.08000183105469,75.43000030517578,72.64905548095703,964800
2020-08-25,75.5,75.56999969482422,74.66000366210938,75.30999755859375,72.53347778320312,536300
2020-08-26,75.37999725341797,77.30000305175781,74.77999877929688,76.94999694824219,74.1130142211914,496300
2020-08-27,77.06999969482422,78.0199966430664,76.94000244140625,76.97000122070312,74.13227844238281,494700
2020-08-28,76.95999908447266,77.48999786376953,76.12000274658203,77.19000244140625,74.34415435791016,750200
2020-08-31,77.30000305175781,77.4800033569336,76.68000030517578,76.8499984741211,74.0167007446289,551000
2020-09-01,76.93000030517578,78.77999877929688,76.30999755859375,78.37999725341797,75.49028778076172,674600
2020-09-02,78.6500015258789,80.54000091552734,78.19999694824219,80.19000244140625,77.23355865478516,657200
2020-09-03,80.0,80.04000091552734,76.87999725341797,78.11000061035156,75.23025512695312,598000
2020-09-04,78.87000274658203,78.87000274658203,75.5,77.3499984741211,74.49827575683594,676500
2020-09-08,76.48999786376953,76.48999786376953,74.27999877929688,74.41000366210938,71.66665649414062,774700
2020-09-09,75.01000213623047,75.75,74.47000122070312,75.5,72.71646881103516,946000
2020-09-10,75.69999694824219,76.4800033569336,74.20999908447266,74.55999755859375,71.8111343383789,556700
2020-09-11,74.93000030517578,75.68000030517578,74.43000030517578,75.54000091552734,72.7550048828125,663400
2020-09-14,76.2300033569336,76.48999786376953,75.48999786376953,75.73999786376953,72.94760131835938,815800
2020-09-15,76.1500015258789,77.08000183105469,75.61000061035156,75.73999786376953,72.94760131835938,546500
2020-09-16,76.81999969482422,77.7699966430664,75.87999725341797,76.51000213623047,73.68923950195312,805200
2020-09-17,75.51000213623047,76.36000061035156,74.05000305175781,76.16000366210938,73.35213470458984,777700
2020-09-18,76.36000061035156,76.36000061035156,74.3499984741211,75.2300033569336,72.45643615722656,1496700
2020-09-21,73.70999908447266,73.91000366210938,71.91999816894531,73.16000366210938,70.4627456665039,804400
2020-09-22,73.22000122070312,74.54000091552734,73.22000122070312,74.25,71.51256561279297,643100
2020-09-23,74.48999786376953,75.30000305175781,73.0,73.1500015258789,70.453125,908100
2020-09-24,72.72000122070312,74.95999908447266,72.12000274658203,73.83999633789062,71.11768341064453,775600
2020-09-25,73.33999633789062,75.36000061035156,72.83999633789062,74.80999755859375,72.0519027709961,616600
2020-09-28,75.80999755859375,77.11000061035156,75.52999877929688,76.36000061035156,73.54474639892578,762900
2020-09-29,76.61000061035156,76.8499984741211,75.66000366210938,76.36000061035156,73.54474639892578,669500
2020-09-30,76.72000122070312,77.52999877929688,76.27999877929688,76.86000061035156,74.0263442993164,737400
2020-10-01,77.22000122070312,78.01000213623047,75.79000091552734,75.9800033569336,73.17878723144531,832500
2020-10-02,74.62999725341797,77.31999969482422,74.23999786376953,76.70999908447266,73.88185119628906,513300
2020-10-05,77.38999938964844,79.33000183105469,77.38999938964844,78.63999938964844,75.74070739746094,943500
2020-10-06,78.63999938964844,79.19000244140625,77.95999908447266,78.08000183105469,75.20136260986328,962000
2020-10-07,79.33000183105469,80.3499984741211,78.94000244140625,80.04000091552734,77.08909606933594,673200
2020-10-08,80.61000061035156,82.29000091552734,80.25,82.19999694824219,79.16944885253906,841900
2020-10-09,82.5,83.12000274658203,81.55000305175781,81.6500015258789,78.63973236083984,681700
2020-10-12,82.27999877929688,82.38999938964844,81.48999786376953,81.69999694824219,78.68788146972656,765300
2020-10-13,81.4800033569336,82.16999816894531,80.73999786376953,81.80999755859375,78.79383850097656,698700
2020-10-14,82.23999786376953,82.87999725341797,81.83000183105469,81.9000015258789,78.88052368164062,1011600
2020-10-15,80.68000030517578,82.80000305175781,79.9000015258789,82.44999694824219,79.41024017333984,1161300
2020-10-16,83.26000213623047,84.33999633789062,82.8499984741211,83.26000213623047,80.19036865234375,1476700
2020-10-19,83.83000183105469,84.19999694824219,81.75,82.16000366210938,79.13092803955078,1227500
2020-10-20,87.58000183105469,90.22000122070312,86.47000122070312,87.0,83.79248809814453,2222300
2020-10-21,87.94999694824219,90.87999725341797,87.05000305175781,90.18000030517578,86.85525512695312,2105000
2020-10-22,90.25,92.08999633789062,88.7699966430664,91.44000244140625,88.06881713867188,2145100
2020-10-23,92.3499984741211,93.2699966430664,90.04000091552734,90.37999725341797,87.0478744506836,1043800
2020-10-26,89.45999908447266,89.95999908447266,87.08999633789062,88.19999694824219,84.94824981689453,772500
2020-10-27,87.94000244140625,89.54000091552734,87.0199966430664,87.86000061035156,84.62078094482422,813600
2020-10-28,86.04000091552734,87.2300033569336,84.9000015258789,85.7300033569336,82.5693130493164,1024300
2020-10-29,85.58000183105469,88.36000061035156,85.58000183105469,87.20999908447266,83.99474334716797,834700
2020-10-30,86.86000061035156,87.70999908447266,84.77999877929688,85.80000305175781,82.63672637939453,1045900
2020-11-02,87.06999969482422,89.80000305175781,87.05999755859375,89.55999755859375,86.25811767578125,1008900
2020-11-03,90.41000366210938,92.5,90.0,92.26000213623047,88.85856628417969,974800
2020-11-04,92.58999633789062,95.36000061035156,90.70999908447266,93.56999969482422,90.12026977539062,1081500
2020-11-05,95.0,96.95999908447266,94.56999969482422,95.37000274658203,91.85392761230469,1001800
2020-11-06,95.52999877929688,96.37000274658203,94.30999755859375,95.12999725341797,91.62276458740234,721400
2020-11-09,97.94999694824219,99.86000061035156,90.9800033569336,91.3499984741211,87.98211669921875,1319900
2020-11-10,91.19000244140625,94.86000061035156,90.66000366210938,94.18000030517578,90.70777130126953,931800
2020-11-11,94.83999633789062,94.83999633789062,93.05999755859375,94.33999633789062,90.86186981201172,734500
2020-11-12,94.06999969482422,94.12999725341797,92.26000213623047,93.88999938964844,90.42847442626953,595800
2020-11-13,94.54000091552734,95.44000244140625,94.08999633789062,95.11000061035156,91.6034927368164,434400
2020-11-16,96.12999725341797,96.55000305175781,94.45999908447266,95.30999755859375,91.79612731933594,678800
2020-11-17,94.97000122070312,95.8499984741211,94.62000274658203,95.58999633789062,92.0657958984375,719200
2020-11-18,95.97000122070312,97.08000183105469,95.38999938964844,95.6500015258789,92.12358093261719,933200
2020-11-19,95.26000213623047,96.68000030517578,94.7699966430664,96.2300033569336,92.68219757080078,466600
2020-11-20,96.44999694824219,97.04000091552734,95.37999725341797,96.27999877929688,92.7303695678711,566200
2020-11-23,97.0,98.3499984741211,95.55999755859375,95.7699966430664,92.23914337158203,750300
2020-11-24,96.69999694824219,98.0,96.25,96.76000213623047,93.19267272949219,658200
2020-11-25,96.66999816894531,97.12000274658203,95.0999984741211,95.80999755859375,92.27769470214844,467500
2020-11-27,95.70999908447266,96.3499984741211,94.47000122070312,95.55999755859375,92.03690338134766,308800
2020-11-30,95.55000305175781,95.88999938964844,93.93000030517578,94.25,90.77519989013672,1131600
2020-12-01,95.87999725341797,99.43000030517578,94.86000061035156,98.31999969482422,94.6951675415039,1392400
2020-12-02,97.61000061035156,97.80999755859375,95.66999816894531,96.69999694824219,93.13488006591797,1070600
2020-12-03,96.30999755859375,97.72000122070312,96.08999633789062,96.61000061035156,93.04818725585938,701200
2020-12-04,97.05000305175781,98.5,97.05000305175781,98.25,94.62771606445312,552500
2020-12-07,97.97000122070312,98.76000213623047,97.7699966430664,98.26000213623047,94.63735961914062,395600
2020-12-08,97.73999786376953,98.7699966430664,97.5,98.23999786376953,94.61810302734375,530300
2020-12-09,98.75,99.19000244140625,95.73999786376953,97.0999984741211,93.5201187133789,804900
2020-12-10,96.69999694824219,97.7699966430664,96.55999755859375,97.33999633789062,93.75128173828125,773700
2020-12-11,96.4800033569336,97.22000122070312,95.9800033569336,96.80000305175781,93.23118591308594,903300
2020-12-14,97.63999938964844,97.79000091552734,94.94999694824219,95.19000244140625,91.68054962158203,664600
2020-12-15,96.7300033569336,98.86000061035156,96.4800033569336,98.37999725341797,94.75292205810547,728000
2020-12-16,98.66000366210938,98.83999633789062,97.0,97.29000091552734,93.70310974121094,636000
2020-12-17,98.0,98.41999816894531,97.05000305175781,98.08000183105469,94.46399688720703,836200
2020-12-18,98.30000305175781,98.58999633789062,96.0,96.29000091552734,92.73998260498047,1434700
2020-12-21,95.33000183105469,98.16000366210938,94.58999633789062,97.69000244140625,94.08838653564453,728400
2020-12-22,97.38999938964844,98.19999694824219,97.16999816894531,97.3499984741211,93.76091003417969,727100
2020-12-23,97.36000061035156,97.87000274658203,96.62999725341797,96.95999908447266,93.38528442382812,438800
2020-12-24,97.25,98.8499984741211,97.19999694824219,98.5999984741211,94.96481323242188,346100
2020-12-28,98.95999908447266,99.51000213623047,97.30999755859375,97.66000366210938,94.05948638916016,411100
2020-12-29,97.98999786376953,99.0,97.75,98.18000030517578,94.56031036376953,495700
2020-12-30,99.0,100.41999816894531,98.16000366210938,99.83999633789062,96.15911102294922,515600
2020-12-31,99.4000015258789,100.58000183105469,98.5199966430664,100.19999694824219,96.5058364868164,507500
2021-01-04,100.31999969482422,100.8499984741211,97.05999755859375,97.2699966430664,93.68385314941406,938300
2021-01-05,97.33000183105469,98.41999816894531,96.72000122070312,97.44000244140625,93.84758758544922,480500
2021-01-06,98.05000305175781,101.13999938964844,97.98999786376953,100.25,96.55398559570312,609600
2021-01-07,101.37000274658203,101.37000274658203,99.48999786376953,100.7699966430664,97.05482482910156,729500
2021-01-08,101.30000305175781,101.4000015258789,98.0999984741211,99.6500015258789,95.97611999511719,659800
2021-01-11,98.62000274658203,100.51000213623047,98.5,100.04000091552734,96.35173797607422,623800
2021-01-12,99.76000213623047,99.98999786376953,98.4000015258789,98.77999877929688,95.13818359375,644200
2021-01-13,98.69999694824219,99.08999633789062,97.4800033569336,98.38999938964844,94.7625732421875,718500
2021-01-14,98.37000274658203,98.66000366210938,95.51000213623047,95.75,92.21990203857422,757400
2021-01-15,95.19999694824219,96.2699966430664,93.87000274658203,95.19999694824219,91.6901626586914,1250400
2021-01-19,95.80999755859375,96.29000091552734,93.5999984741211,93.77999877929688,90.32252502441406,801200
2021-01-20,94.33000183105469,96.2300033569336,92.55999755859375,95.72000122070312,92.19102478027344,806500
2021-01-21,95.62000274658203,95.6500015258789,94.3499984741211,94.58000183105469,91.09304809570312,691900
2021-01-22,94.25,94.29000091552734,90.86000061035156,93.73999786376953,90.28399658203125,1366800
2021-01-25,92.9000015258789,93.44999694824219,89.2699966430664,92.98999786376953,89.56165313720703,2021200
2021-01-26,93.4800033569336,94.31999969482422,92.7300033569336,93.2300033569336,89.7928237915039,1574400
2021-01-27,91.75,91.75,85.6500015258789,86.0,82.82935333251953,1848800
2021-01-28,87.13999938964844,90.80999755859375,87.08000183105469,90.27999877929688,86.95156860351562,2974600
2021-01-29,89.33000183105469,90.62999725341797,88.2300033569336,90.1500015258789,86.82637023925781,837800
2021-02-01,91.23999786376953,91.91999816894531,89.06999969482422,91.81999969482422,88.4347915649414,1014600
2021-02-02,92.75,93.86000061035156,92.44000244140625,92.61000061035156,89.19567108154297,751700
2021-02-03,92.69000244140625,93.12000274658203,91.48999786376953,91.77999877929688,88.39625549316406,620200
2021-02-04,92.11000061035156,92.13999938964844,90.31999969482422,90.86000061035156,87.51019287109375,840500
2021-02-05,91.69999694824219,92.97000122070312,90.98999786376953,92.75,89.33051300048828,966500
2021-02-08,93.11000061035156,94.19999694824219,92.72000122070312,93.69000244140625,90.23584747314453,624600
2021-02-09,93.47000122070312,93.98999786376953,92.41000366210938,92.7300033569336,89.3112564086914,612300
2021-02-10,98.86000061035156,101.94999694824219,96.72000122070312,98.05000305175781,94.43511199951172,2229800
2021-02-11,98.4800033569336,99.75,95.31999969482422,96.69999694824219,93.13488006591797,1144900
2021-02-12,96.83999633789062,99.44999694824219,96.80000305175781,98.95999908447266,95.3115463256836,702900
2021-02-16,98.80000305175781,99.87000274658203,98.26000213623047,99.48999786376953,95.82200622558594,626700
2021-02-17,99.33000183105469,99.41999816894531,98.11000061035156,98.98999786376953,95.3404541015625,632700
2021-02-18,98.33999633789062,99.63999938964844,98.11000061035156,99.06999969482422,95.41749572753906,833300
2021-02-19,99.44999694824219,101.2699966430664,99.25,101.01000213623047,97.28598022460938,786500
2021-02-22,101.6500015258789,101.6500015258789,99.63999938964844,100.16000366210938,96.4673080444336,730800
2021-02-23,99.48999786376953,99.9000015258789,96.55000305175781,97.8499984741211,94.24247741699219,1080000
2021-02-24,97.83000183105469,99.7300033569336,97.12999725341797,99.08999633789062,95.43675231933594,808200
2021-02-25,98.66000366210938,99.37999725341797,96.43000030517578,96.44999694824219,92.89409637451172,1576900
2021-02-26,97.27999877929688,97.91999816894531,95.36000061035156,95.55999755859375,92.03690338134766,1118400
2021-03-01,96.72000122070312,99.58999633789062,96.72000122070312,98.37000274658203,94.74330139160156,886700
2021-03-02,98.55999755859375,99.79000091552734,97.83999633789062,98.66000366210938,95.0226058959961,852200
2021-03-03,98.6500015258789,99.05000305175781,97.56999969482422,97.56999969482422,93.97279357910156,1060600
2021-03-04,97.04000091552734,98.76000213623047,95.0,96.16999816894531,92.62439727783203,1415800
2021-03-05,97.12999725341797,97.27999877929688,94.11000061035156,96.83999633789062,93.26970672607422,1753100
2021-03-08,97.0999984741211,98.52999877929688,96.08999633789062,96.29000091552734,92.73998260498047,1416200
2021-03-09,96.83999633789062,98.56999969482422,96.0199966430664,97.69000244140625,94.08838653564453,1537200
2021-03-10,98.5,99.16999816894531,97.52999877929688,98.0199966430664,94.5998764038086,1515200
2021-03-11,98.2300033569336,98.86000061035156,97.06999969482422,97.33999633789062,93.94359588623047,805500
2021-03-12,97.43000030517578,97.62999725341797,95.91000366210938,96.0,92.6503677368164,918500
2021-03-15,96.3499984741211,97.13999938964844,95.26000213623047,97.01000213623047,93.6251220703125,961700
2021-03-16,97.36000061035156,97.5999984741211,96.2300033569336,97.0,93.61548614501953,1680400
2021-03-17,96.8499984741211,97.69999694824219,96.52999877929688,96.93000030517578,93.54790496826172,636900
2021-03-18,96.77999877929688,98.05000305175781,96.12000274658203,96.13999938964844,92.78547668457031,2019300
2021-03-19,96.01000213623047,97.25,95.62999725341797,96.4800033569336,93.11361694335938,2177900
2021-03-22,96.2300033569336,98.62999725341797,95.3499984741211,98.12999725341797,94.7060546875,660400
2021-03-23,97.56999969482422,99.6500015258789,95.86000061035156,96.56999969482422,93.20047760009766,1292400
2021-03-24,97.0999984741211,98.58999633789062,96.94000244140625,97.02999877929688,93.64442443847656,566100
2021-03-25,96.9800033569336,98.0999984741211,95.87000274658203,97.72000122070312,94.31033325195312,548300
2021-03-26,98.43000030517578,98.5,96.0,97.9800033569336,94.561279296875,752500
2021-03-29,97.47000122070312,99.02999877929688,96.87000274658203,98.55000305175781,95.11139678955078,857800
2021-03-30,98.1500015258789,98.2699966430664,96.73999786376953,97.05000305175781,93.66373443603516,853300
2021-03-31,97.01000213623047,98.05999755859375,96.26000213623047,97.04000091552734,93.65406799316406,878900
2021-04-01,97.98999786376953,100.44999694824219,97.12999725341797,100.37999725341797,96.87753295898438,1344000
2021-04-05,101.37999725341797,102.08000183105469,100.47000122070312,101.70999908447266,98.1611099243164,834200
2021-04-06,101.27999877929688,103.12999725341797,100.6500015258789,102.88999938964844,99.2999496459961,738600
2021-04-07,103.02999877929688,103.30999755859375,100.94000244140625,100.94999694824219,97.4276351928711,902100
2021-04-08,101.02999877929688,102.01000213623047,100.08999633789062,101.98999786376953,98.43135070800781,659900
2021-04-09,105.0,105.48999786376953,103.5999984741211,104.87000274658203,101.21088409423828,1045500
2021-04-12,103.94999694824219,106.30000305175781,103.94999694824219,105.54000091552734,101.85749053955078,1003200
2021-04-13,105.25,106.55000305175781,104.52999877929688,106.43000030517578,102.7164535522461,1023700
2021-04-14,106.26000213623047,106.76000213623047,106.0,106.55000305175781,102.8322525024414,1229100
2021-04-15,107.55000305175781,108.66000366210938,106.9000015258789,108.4000015258789,104.61769104003906,878200
2021-04-16,109.19999694824219,110.19000244140625,108.4000015258789,109.08999633789062,105.28363037109375,1300800
2021-04-19,109.6500015258789,109.6500015258789,108.4000015258789,108.7699966430664,104.97479248046875,1313900
2021-04-20,109.26000213623047,111.66999816894531,106.94999694824219,107.87999725341797,104.1158447265625,1869700
2021-04-21,107.19000244140625,108.5,107.08999633789062,107.80999755859375,104.04829406738281,1091400
2021-04-22,107.69999694824219,108.70999908447266,106.86000061035156,107.16999816894531,103.43061065673828,879800
2021-04-23,107.80000305175781,109.69999694824219,107.11000061035156,109.61000061035156,105.78548431396484,1108400
2021-04-26,110.06999969482422,110.55000305175781,109.22000122070312,109.80000305175781,105.96885681152344,1044000
2021-04-27,109.08999633789062,109.94000244140625,108.7300033569336,109.80000305175781,105.96885681152344,497700
2021-04-28,109.94000244140625,110.12999725341797,107.7699966430664,108.08000183105469,104.30887603759766,873400
2021-04-29,108.87999725341797,109.58000183105469,108.0,108.22000122070312,104.4439697265625,1135600
2021-04-30,108.26000213623047,109.9000015258789,108.1500015258789,109.80000305175781,105.96885681152344,819500
2021-05-03,110.33999633789062,111.12000274658203,110.02999877929688,110.44000244140625,106.58651733398438,768600
2021-05-04,110.27999877929688,111.25,110.05000305175781,111.08000183105469,107.2042007446289,684000
2021-05-05,111.0199966430664,111.18000030517578,109.52999877929688,110.76000213623047,107.0881576538086,614800
2021-05-06,111.12000274658203,112.83999633789062,110.55999755859375,112.70999908447266,108.9735107421875,1176600
2021-05-07,112.44000244140625,114.55000305175781,112.08000183105469,113.54000091552734,109.77601623535156,1086400
2021-05-10,114.30999755859375,114.33999633789062,112.37000274658203,112.61000061035156,108.8768310546875,724300
2021-05-11,111.81999969482422,113.01000213623047,111.36000061035156,112.38999938964844,108.66412353515625,810800
2021-05-12,111.55000305175781,111.95999908447266,108.62999725341797,108.80999755859375,105.20279693603516,995400
2021-05-13,109.47000122070312,111.02999877929688,109.06999969482422,110.87999725341797,107.20417785644531,1015800
2021-05-14,111.13999938964844,112.13999938964844,111.0,111.69000244140625,107.98735046386719,379100
2021-05-17,111.45999908447266,112.12999725341797,110.72000122070312,111.37999725341797,107.6875991821289,353400
2021-05-18,111.33000183105469,111.33000183105469,109.13999938964844,109.18000030517578,105.56053924560547,519900
2021-05-19,108.27999877929688,109.4000015258789,107.54000091552734,108.76000213623047,105.15448760986328,554400
2021-05-20,109.83999633789062,111.56999969482422,109.83999633789062,111.05000305175781,107.36856079101562,1181600
2021-05-21,111.47000122070312,111.55999755859375,109.91000366210938,110.26000213623047,106.60474395751953,590000
2021-05-24,110.72000122070312,110.91000366210938,109.87000274658203,110.7300033569336,107.05915832519531,637000
2021-05-25,111.31999969482422,111.36000061035156,107.76000213623047,108.08000183105469,104.49701690673828,1088000
2021-05-26,104.16000366210938,105.79000091552734,101.1500015258789,102.11000061035156,98.72492218017578,3452000
2021-05-27,102.9800033569336,104.58000183105469,102.41000366210938,102.66000366210938,99.2566909790039,1492300
2021-05-28,103.0199966430664,103.6500015258789,102.68000030517578,103.23999786376953,99.81746673583984,1151900
2021-06-01,103.83000183105469,104.36000061035156,102.55999755859375,103.16999816894531,99.74979400634766,997000
2021-06-02,103.5,103.5,100.02999877929688,100.66999816894531,97.33264923095703,1468100
2021-06-03,100.23999786376953,101.19999694824219,99.25,100.5999984741211,97.26498413085938,1725500
2021-06-04,100.80999755859375,101.08999633789062,99.41999816894531,100.44000244140625,97.11029052734375,1074900
2021-06-07,100.05999755859375,100.5,98.98999786376953,99.58999633789062,96.2884750366211,893400
2021-06-08,99.79000091552734,100.23999786376953,98.91000366210938,99.27999877929688,95.98875427246094,963500
2021-06-09,99.45999908447266,100.08000183105469,99.13999938964844,99.69000244140625,96.3851547241211,627300
2021-06-10,99.75,100.62000274658203,99.05999755859375,100.33999633789062,97.01359558105469,920100
2021-06-11,101.54000091552734,101.54000091552734,100.41999816894531,101.30000305175781,97.94178009033203,965200
2021-06-14,101.05999755859375,101.3499984741211,99.80000305175781,100.11000061035156,96.79122161865234,745200
2021-06-15,99.94000244140625,101.52999877929688,99.73999786376953,101.29000091552734,97.9321060180664,1031600
2021-06-16,101.23999786376953,102.44000244140625,100.70999908447266,101.55999755859375,98.19316101074219,1574400
2021-06-17,101.38999938964844,101.4000015258789,98.83000183105469,99.6500015258789,96.34647369384766,964900
2021-06-18,98.29000091552734,99.47000122070312,98.04000091552734,98.44000244140625,95.17659759521484,1435500
2021-06-21,99.4800033569336,100.13999938964844,98.68000030517578,99.75,96.44316101074219,757100
2021-06-22,99.58999633789062,100.94000244140625,99.48999786376953,100.41000366210938,97.08129119873047,668300
2021-06-23,100.5999984741211,100.5999984741211,99.05000305175781,99.08000183105469,95.79537200927734,880500
2021-06-24,99.30999755859375,100.69000244140625,99.12000274658203,100.36000061035156,97.03294372558594,1248200
2021-06-25,100.87999725341797,103.1500015258789,100.7300033569336,102.30000305175781,98.90862274169922,1486300
2021-06-28,102.30000305175781,102.45999908447266,101.55000305175781,102.0199966430664,98.63789367675781,796000
2021-06-29,101.9000015258789,102.63999938964844,101.83000183105469,102.1500015258789,98.76359558105469,776700
2021-06-30,101.98999786376953,102.94000244140625,101.87999725341797,102.20999908447266,98.82160186767578,1365500
2021-07-01,102.61000061035156,104.02999877929688,102.61000061035156,103.48999786376953,100.0591812133789,918600
2021-07-02,103.73999786376953,103.73999786376953,102.55999755859375,102.98999786376953,99.57575225830078,583100
2021-07-06,103.37999725341797,103.41000366210938,101.93000030517578,102.31999969482422,98.92796325683594,876100
2021-07-07,102.27999877929688,104.19999694824219,102.27999877929688,103.79000091552734,100.34923553466797,855400
2021-07-08,102.7300033569336,105.3499984741211,102.16999816894531,104.72000122070312,101.24840545654297,1126000
2021-07-09,105.29000091552734,105.68000030517578,104.77999877929688,105.56999969482422,102.07022094726562,850000
2021-07-12,104.86000061035156,106.2699966430664,104.70999908447266,105.83000183105469,102.32159423828125,950100
2021-07-13,105.61000061035156,106.33000183105469,105.37999725341797,105.61000061035156,102.10889434814453,797700
2021-07-14,105.81999969482422,106.26000213623047,104.83999633789062,105.30999755859375,101.81883239746094,1202400
2021-07-15,104.81999969482422,105.01000213623047,103.5999984741211,104.56999969482422,101.1033706665039,1134200
2021-07-16,104.77999877929688,105.7699966430664,103.55000305175781,103.80000305175781,100.35890197753906,888500
2021-07-19,103.36000061035156,103.36000061035156,100.80000305175781,101.33999633789062,97.98043823242188,1353200
2021-07-20,101.9800033569336,105.08999633789062,101.9800033569336,102.73999786376953,99.33403778076172,1896000
2021-07-21,103.41000366210938,104.19000244140625,101.63999938964844,101.77999877929688,98.40587615966797,1713700
2021-07-22,101.79000091552734,101.79000091552734,99.68000030517578,100.02999877929688,96.7138671875,1010000
2021-07-23,99.58999633789062,99.58999633789062,95.2699966430664,97.29000091552734,94.06472778320312,3049200
2021-07-26,97.2699966430664,99.94999694824219,97.2300033569336,99.73999786376953,96.43348693847656,1755100
2021-07-27,99.5199966430664,100.4000015258789,98.61000061035156,99.54000091552734,96.2401351928711,1032200
2021-07-28,100.0,100.66000366210938,99.47000122070312,99.87000274658203,96.55918884277344,749100
2021-07-29,100.61000061035156,101.22000122070312,99.66999816894531,99.87999725341797,96.56885528564453,595100
2021-07-30,99.95999908447266,100.69999694824219,99.58000183105469,99.76000213623047,96.45282745361328,752300
2021-08-02,99.87000274658203,100.66000366210938,99.5199966430664,99.8499984741211,96.53983306884766,748600
2021-08-03,99.75,99.83999633789062,98.69999694824219,99.61000061035156,96.30780792236328,606600
2021-08-04,98.94999694824219,99.55999755859375,97.19999694824219,97.44000244140625,94.39927673339844,938600
2021-08-05,98.04000091552734,100.16999816894531,97.76000213623047,100.13999938964844,97.0150146484375,1133700
2021-08-06,100.12000274658203,101.73999786376953,100.12000274658203,101.2300033569336,98.07101440429688,1071100
2021-08-09,101.0199966430664,103.63999938964844,100.80999755859375,103.16999816894531,99.9504623413086,823200
2021-08-10,103.20999908447266,106.0199966430664,103.19999694824219,105.7699966430664,102.46932983398438,1697200
2021-08-11,106.12999725341797,107.95999908447266,105.5,107.5,104.14533996582031,1225500
2021-08-12,107.98999786376953,108.44999694824219,107.02999877929688,108.16000366210938,104.78475189208984,513200
2021-08-13,108.41999816894531,108.56999969482422,107.52999877929688,108.2699966430664,104.89131164550781,552400
2021-08-16,108.01000213623047,108.08000183105469,106.80999755859375,107.3499984741211,104.0000228881836,615900
2021-08-17,106.62999725341797,107.19999694824219,105.97000122070312,106.81999969482422,103.48656463623047,717500
2021-08-18,106.23999786376953,107.97000122070312,106.06999969482422,107.55999755859375,104.20347595214844,630900
2021-08-19,106.7699966430664,108.2300033569336,106.4000015258789,106.80999755859375,103.47688293457031,1149400
2021-08-20,106.80000305175781,108.91999816894531,106.72000122070312,108.72000122070312,105.3272705078125,744100
2021-08-23,108.68000030517578,109.01000213623047,107.91000366210938,108.3499984741211,104.96882629394531,697500
2021-08-24,108.52999877929688,109.36000061035156,108.31999969482422,109.19000244140625,105.78260040283203,780600
2021-08-25,108.97000122070312,111.11000061035156,108.77999877929688,110.83999633789062,107.38111114501953,589600
2021-08-26,110.75,110.75,109.33999633789062,109.5,106.08293151855469,556200
2021-08-27,109.5,110.27999877929688,109.13999938964844,109.27999877929688,105.86978912353516,842400
2021-08-30,109.55000305175781,110.5999984741211,109.08999633789062,109.97000122070312,106.53828430175781,621400
2021-08-31,110.12000274658203,110.7300033569336,109.33000183105469,109.79000091552734,106.3638916015625,662800
2021-09-01,109.47000122070312,110.56999969482422,108.86000061035156,109.86000061035156,106.43170166015625,712300
2021-09-02,110.43000030517578,111.79000091552734,110.04000091552734,111.7300033569336,108.24333190917969,625200
2021-09-03,111.62000274658203,112.13999938964844,111.4000015258789,111.80000305175781,108.31116485595703,445500
2021-09-07,111.25,111.63999938964844,109.5,110.33000183105469,106.88703918457031,796800
2021-09-08,110.19999694824219,110.3499984741211,109.51000213623047,109.69000244140625,106.26700592041016,710300
2021-09-09,108.51000213623047,108.66999816894531,106.3499984741211,106.44000244140625,103.1184310913086,1256600
2021-09-10,106.88999938964844,107.20999908447266,106.08999633789062,106.1500015258789,102.83747863769531,721900
2021-09-13,106.5999984741211,106.79000091552734,104.38999938964844,104.98999786376953,101.71366119384766,977000
2021-09-14,106.02999877929688,106.51000213623047,104.88999938964844,105.58999633789062,102.29495239257812,808200
2021-09-15,105.66999816894531,109.30999755859375,105.29000091552734,108.77999877929688,105.38540649414062,1332900
2021-09-16,108.56999969482422,108.56999969482422,106.73999786376953,108.0,104.6297378540039,868400
2021-09-17,107.76000213623047,108.13999938964844,104.94999694824219,105.8499984741211,102.54683685302734,1906600
2021-09-20,105.12999725341797,106.08999633789062,104.2699966430664,105.47000122070312,102.1786880493164,887900
2021-09-21,105.80000305175781,106.33999633789062,103.81999969482422,104.04000091552734,100.7933120727539,833800
2021-09-22,104.05000305175781,105.55000305175781,103.54000091552734,105.05999755859375,101.78148651123047,513100
2021-09-23,105.7699966430664,106.97000122070312,105.75,106.22000122070312,102.90528869628906,347200
2021-09-24,105.80000305175781,106.12999725341797,104.31999969482422,104.37000274658203,101.113037109375,604400
2021-09-27,103.87000274658203,104.68000030517578,102.2699966430664,102.62000274658203,99.41764068603516,1296300
2021-09-28,102.08000183105469,102.25,100.33999633789062,100.5,97.36378479003906,877800
2021-09-29,100.52999877929688,101.91999816894531,100.08999633789062,100.9800033569336,97.82881164550781,910200
2021-09-30,101.0199966430664,102.5,100.7300033569336,100.77999877929688,97.63506317138672,855000
2021-10-01,100.54000091552734,100.9000015258789,99.43000030517578,100.08000183105469,96.95689392089844,771400
2021-10-04,99.66000366210938,100.87000274658203,99.55000305175781,100.45999908447266,97.32503509521484,725700
2021-10-05,100.61000061035156,102.48999786376953,100.16999816894531,101.7300033569336,98.55541229248047,638500
2021-10-06,101.91000366210938,103.16000366210938,101.05000305175781,103.06999969482422,99.85359954833984,1087300
2021-10-07,103.7300033569336,105.0999984741211,103.69999694824219,104.1500015258789,100.89989471435547,759300
2021-10-08,104.43000030517578,104.75,103.30999755859375,103.63999938964844,100.40579986572266,531100
2021-10-11,103.80000305175781,104.5999984741211,102.56999969482422,102.66999816894531,99.466064453125,393500
2021-10-12,102.7300033569336,102.94999694824219,101.0,101.06999969482422,97.9159927368164,519900
2021-10-13,102.0,102.54000091552734,101.04000091552734,102.20999908447266,99.02043151855469,612400
2021-10-14,102.06999969482422,104.81999969482422,101.44000244140625,104.63999938964844,101.37460327148438,449500
2021-10-15,105.26000213623047,105.52999877929688,103.62999725341797,103.7699966430664,100.53174591064453,555100
2021-10-18,103.0199966430664,103.48999786376953,102.54000091552734,102.81999969482422,99.61140441894531,434100
2021-10-19,103.4000015258789,104.75,103.0199966430664,103.48999786376953,100.26049041748047,402300
2021-10-20,103.7699966430664,105.62999725341797,103.7699966430664,105.37999725341797,102.09149932861328,689700
2021-10-21,104.94000244140625,105.30000305175781,103.87999725341797,104.56999969482422,101.30677795410156,838100
2021-10-22,104.5999984741211,106.58000183105469,104.37000274658203,105.0,101.7233657836914,904500
2021-10-25,104.93000030517578,105.18000030517578,99.62000274658203,101.05999755859375,97.90631866455078,1943400
2021-10-26,98.22000122070312,103.0,98.19999694824219,101.2300033569336,98.07101440429688,2160900
2021-10-27,101.79000091552734,105.19999694824219,101.06999969482422,102.61000061035156,99.40794372558594,1240200
2021-10-28,103.16999816894531,105.54000091552734,103.08000183105469,105.0999984741211,101.82022857666016,1306100
2021-10-29,104.41999816894531,105.62000274658203,103.81999969482422,103.98999786376953,100.744873046875,1271100
2021-11-01,104.29000091552734,104.88999938964844,103.43000030517578,104.30999755859375,101.05488586425781,899300
2021-11-02,104.5999984741211,107.63999938964844,104.51000213623047,106.08000183105469,102.7696762084961,1852500
2021-11-03,105.83000183105469,107.79000091552734,105.83000183105469,107.44999694824219,104.0969009399414,650900
2021-11-04,107.05999755859375,107.88999938964844,105.08999633789062,106.12000274658203,102.80841064453125,1042500
2021-11-05,106.61000061035156,107.94000244140625,105.98999786376953,106.97000122070312,103.63188171386719,1361100
2021-11-08,107.83999633789062,107.91999816894531,104.70999908447266,106.12000274658203,102.80841064453125,986500
2021-11-09,106.16000366210938,107.79000091552734,106.12999725341797,106.79000091552734,103.4574966430664,704500
2021-11-10,106.41000366210938,108.2699966430664,106.41000366210938,106.83000183105469,103.69044494628906,743300
2021-11-11,107.30999755859375,108.5,106.4000015258789,108.3499984741211,105.16577911376953,1015700
2021-11-12,108.70999908447266,110.08000183105469,108.08999633789062,109.94000244140625,106.70906066894531,803500
2021-11-15,110.13999938964844,112.0199966430664,109.94000244140625,111.87999725341797,108.59203338623047,2010900
2021-11-16,111.86000061035156,113.1500015258789,111.69000244140625,112.37000274658203,109.06763458251953,1825000
2021-11-17,112.55999755859375,112.5999984741211,110.05000305175781,111.16000366210938,107.89321899414062,781800
2021-11-18,111.72000122070312,112.62000274658203,109.4800033569336,110.26000213623047,107.01966094970703,898000
2021-11-19,109.75,111.88999938964844,109.44000244140625,111.55000305175781,108.27173614501953,729400
2021-11-22,111.8499984741211,113.05999755859375,111.58000183105469,111.94999694824219,108.65998077392578,1035700
2021-11-23,111.75,112.70999908447266,111.0199966430664,111.55999755859375,108.28145599365234,996100
2021-11-24,111.12000274658203,111.62999725341797,110.30999755859375,110.43000030517578,107.18465423583984,1228900
2021-11-26,108.91999816894531,113.75,108.4800033569336,111.58999633789062,108.31056213378906,1776900
2021-11-29,112.19000244140625,112.25,108.37000274658203,108.4000015258789,105.21430206298828,1494100
2021-11-30,107.69999694824219,107.98999786376953,105.63999938964844,105.80000305175781,102.69071960449219,1788100
2021-12-01,107.29000091552734,109.30000305175781,105.5,105.5,102.39954376220703,1261900
2021-12-02,105.81999969482422,108.0199966430664,105.7300033569336,106.5,103.37014770507812,698000
2021-12-03,106.58000183105469,108.44000244140625,106.12999725341797,107.23999786376953,104.08839416503906,1021900
2021-12-06,107.80000305175781,109.6500015258789,106.80999755859375,108.05999755859375,104.88430786132812,1773700
2021-12-07,109.12000274658203,109.33999633789062,106.88999938964844,107.16000366210938,104.01075744628906,753100
2021-12-08,107.16000366210938,107.69999694824219,104.94000244140625,106.26000213623047,103.13720703125,821100
2021-12-09,105.83000183105469,107.01000213623047,103.7699966430664,103.83999633789062,100.78831481933594,1030800
2021-12-10,107.19000244140625,109.94000244140625,106.0199966430664,108.55999755859375,105.36959838867188,1988600
2021-12-13,108.43000030517578,108.68000030517578,105.75,106.31999969482422,103.19542694091797,926700
2021-12-14,106.44000244140625,107.25,105.19999694824219,105.43000030517578,102.33158874511719,1412700
2021-12-15,105.43000030517578,108.63999938964844,104.8499984741211,108.16999816894531,104.9910659790039,1135900
2021-12-16,109.08000183105469,109.91999816894531,108.41000366210938,108.93000030517578,105.7287368774414,693200
2021-12-17,109.47000122070312,109.47000122070312,106.63999938964844,106.93000030517578,103.78752899169922,1265200
2021-12-20,105.55000305175781,105.98999786376953,102.02999877929688,103.33000183105469,100.2933120727539,769200
2021-12-21,104.08999633789062,106.26000213623047,104.08999633789062,105.62000274658203,102.51600646972656,785100
2021-12-22,105.72000122070312,106.13999938964844,104.94999694824219,105.48999786376953,102.38983154296875,488100
2021-12-23,105.70999908447266,106.16999816894531,104.72000122070312,105.69000244140625,102.58395385742188,403600
2021-12-27,105.4800033569336,106.55999755859375,104.9800033569336,106.55000305175781,103.4186782836914,373400
2021-12-28,106.95999908447266,108.27999877929688,105.91999816894531,108.23999786376953,105.05901336669922,391300
2021-12-29,108.37999725341797,109.81999969482422,108.2300033569336,109.66999816894531,106.44698333740234,351100
2021-12-30,109.83999633789062,110.76000213623047,108.2699966430664,109.37000274658203,106.15580749511719,500300
2021-12-31,109.13999938964844,111.0,108.91000366210938,110.62000274658203,107.36906433105469,485700
2022-01-03,110.55999755859375,110.86000061035156,107.95999908447266,108.5199966430664,105.33078002929688,561800
2022-01-04,108.2300033569336,110.19999694824219,107.91999816894531,108.12000274658203,104.94254302978516,992800
2022-01-05,108.16999816894531,111.0,107.41999816894531,108.91999816894531,105.71902465820312,1006100
2022-01-06,109.05000305175781,110.83999633789062,108.9800033569336,109.76000213623047,106.53435516357422,643500
2022-01-07,110.36000061035156,110.37000274658203,109.48999786376953,109.54000091552734,106.32080841064453,604700
2022-01-10,109.26000213623047,109.88999938964844,107.7699966430664,108.8499984741211,105.65109252929688,1208900
2022-01-11,108.6500015258789,109.5,108.44999694824219,109.3499984741211,106.13639068603516,758000
2022-01-12,109.91999816894531,111.88999938964844,109.08000183105469,111.69000244140625,108.40763092041016,712500
2022-01-13,112.0,113.27999877929688,111.54000091552734,112.37999725341797,109.07733917236328,995700
2022-01-14,111.94000244140625,113.12999725341797,110.44000244140625,113.12999725341797,109.80530548095703,718600
2022-01-18,111.66000366210938,113.2699966430664,111.30000305175781,112.87000274658203,109.5529556274414,945300
2022-01-19,113.20999908447266,116.88999938964844,112.11000061035156,116.4800033569336,113.05684661865234,1347800
2022-01-20,116.97000122070312,118.05000305175781,115.51000213623047,115.73999786376953,112.3386001586914,1592300
2022-01-21,115.79000091552734,116.5,111.7300033569336,112.6500015258789,109.33941650390625,1745400
2022-01-24,109.9000015258789,111.04000091552734,105.86000061035156,108.19000244140625,105.01049041748047,1531700
2022-01-25,106.75,107.9800033569336,104.31999969482422,107.2699966430664,104.11751556396484,943200
2022-01-26,107.4000015258789,109.37999725341797,106.37000274658203,106.97000122070312,103.82633209228516,1133900
2022-01-27,108.36000061035156,114.29000091552734,107.9800033569336,112.48999786376953,109.18411254882812,1315700
2022-01-28,112.13999938964844,112.6500015258789,110.45999908447266,111.94999694824219,108.65998077392578,1049000
2022-01-31,112.0,114.62999725341797,111.66999816894531,114.4000015258789,111.0379638671875,1697100
2022-02-01,114.41999816894531,116.55999755859375,114.25,116.02999877929688,112.62007141113281,1018300
2022-02-02,116.4800033569336,116.9800033569336,114.48999786376953,114.81999969482422,111.44563293457031,828000
2022-02-03,114.33999633789062,114.62000274658203,111.97000122070312,112.30000305175781,108.99968719482422,746800
2022-02-04,111.66000366210938,114.16999816894531,111.22000122070312,113.01000213623047,109.68882751464844,698100
2022-02-07,113.25,114.0999984741211,110.94000244140625,111.19999694824219,107.93202209472656,731500
2022-02-08,111.76000213623047,114.22000122070312,110.80999755859375,114.04000091552734,110.68856048583984,1075600
2022-02-09,115.75,117.80000305175781,113.30000305175781,115.25,111.86299133300781,1282900
2022-02-10,116.7699966430664,118.7300033569336,114.62000274658203,115.43000030517578,112.03771209716797,1443000
2022-02-11,116.30999755859375,118.97000122070312,115.16000366210938,116.58000183105469,113.1539306640625,1318200
2022-02-14,116.08000183105469,118.70999908447266,115.44999694824219,118.36000061035156,114.881591796875,1571600
2022-02-15,119.23999786376953,122.69999694824219,119.23999786376953,121.7699966430664,118.19139099121094,1474900
2022-02-16,121.77999877929688,124.06999969482422,121.06999969482422,124.04000091552734,120.3946762084961,971100
2022-02-17,123.54000091552734,124.58000183105469,121.23999786376953,121.62999725341797,118.05549621582031,1121700
2022-02-18,121.56999969482422,123.0199966430664,120.62000274658203,120.72000122070312,117.17225646972656,1006500
2022-02-22,119.83000183105469,122.19000244140625,119.43000030517578,120.70999908447266,117.16254425048828,911400
2022-02-23,121.06999969482422,123.08999633789062,119.94999694824219,119.98999786376953,116.46369171142578,1141900
2022-02-24,116.88999938964844,118.72000122070312,115.81999969482422,117.98999786376953,114.5224609375,1139100
2022-02-25,118.41000366210938,123.0999984741211,117.5,122.56999969482422,118.9678726196289,1928700
2022-02-28,120.2300033569336,122.81999969482422,120.04000091552734,122.66999816894531,119.06493377685547,3627000
2022-03-01,122.5,124.30000305175781,118.79000091552734,119.0199966430664,115.5221939086914,1954200
2022-03-02,119.33000183105469,123.20999908447266,119.0199966430664,122.08999633789062,118.50196838378906,2475000
2022-03-03,122.73999786376953,124.19000244140625,121.55000305175781,122.51000213623047,118.90963745117188,2065600
2022-03-04,120.05999755859375,124.47000122070312,119.43000030517578,124.31999969482422,120.66644287109375,1508900
2022-03-07,124.30000305175781,127.1500015258789,122.0999984741211,122.66000366210938,119.05523681640625,1921800
2022-03-08,122.94999694824219,124.26000213623047,116.16000366210938,116.83000183105469,113.39657592773438,1799200
2022-03-09,118.9000015258789,120.3499984741211,117.70999908447266,118.77999877929688,115.50677490234375,1051400
2022-03-10,117.0199966430664,121.76000213623047,117.0199966430664,121.62000274658203,118.26850891113281,658400
2022-03-11,122.22000122070312,123.0199966430664,120.8499984741211,121.41999816894531,118.07402038574219,741700
2022-03-14,122.0,125.70999908447266,121.55999755859375,124.29000091552734,120.86492156982422,1021400
2022-03-15,125.18000030517578,127.2300033569336,124.4800033569336,127.08000183105469,123.57804870605469,1178700
2022-03-16,127.41000366210938,128.47999572753906,123.87000274658203,126.04000091552734,122.56671142578125,999500
2022-03-17,125.91999816894531,127.48999786376953,123.62000274658203,126.81999969482422,123.32520294189453,1328600
2022-03-18,126.16000366210938,128.6199951171875,124.04000091552734,128.1199951171875,124.58939361572266,1484200
2022-03-21,127.6500015258789,129.57000732421875,126.37999725341797,129.30999755859375,125.74658966064453,754200
2022-03-22,130.0,130.0,127.5,128.0,124.47269439697266,1034400
2022-03-23,127.81999969482422,128.63999938964844,126.19999694824219,126.4800033569336,122.99459075927734,565900
2022-03-24,127.0,129.17999267578125,125.61000061035156,128.47999572753906,124.939453125,814700
2022-03-25,128.77999877929688,130.4199981689453,128.11000061035156,129.6699981689453,126.09667205810547,929200
2022-03-28,128.9499969482422,129.02999877929688,127.13999938964844,128.5399932861328,124.997802734375,714300
2022-03-29,129.10000610351562,129.22000122070312,125.98999786376953,127.01000213623047,123.50997924804688,1172800
2022-03-30,127.44999694824219,128.0800018310547,125.9800033569336,127.47000122070312,123.95730590820312,920300
2022-03-31,127.86000061035156,128.6300048828125,125.05000305175781,125.08999633789062,121.64286804199219,855400
2022-04-01,126.51000213623047,126.7300033569336,124.37999725341797,125.76000213623047,122.29443359375,1311900
2022-04-04,125.81999969482422,126.52999877929688,123.56999969482422,125.7699966430664,122.30414581298828,1067400
2022-04-05,124.91000366210938,126.41000366210938,124.45999908447266,124.79000091552734,121.35114288330078,857700
2022-04-06,124.0199966430664,125.16000366210938,121.52999877929688,122.36000061035156,118.98812103271484,1701800
2022-04-07,122.55999755859375,122.87000274658203,119.0,120.9800033569336,117.64615631103516,1573500
2022-04-08,121.98999786376953,123.7699966430664,120.80000305175781,121.55999755859375,118.21015930175781,1161600
2022-04-11,121.33000183105469,122.06999969482422,119.63999938964844,119.91999816894531,116.6153564453125,1465000
2022-04-12,120.0,121.0199966430664,118.41000366210938,118.62000274658203,115.35118103027344,1259100
2022-04-13,119.02999877929688,120.9800033569336,118.62999725341797,120.87000274658203,117.53916931152344,930400
2022-04-14,120.9000015258789,120.9000015258789,118.88999938964844,118.93000030517578,115.65262603759766,834800
2022-04-18,119.05999755859375,120.29000091552734,116.95999908447266,117.1500015258789,113.92169189453125,1175100
2022-04-19,117.79000091552734,120.69999694824219,117.0199966430664,120.62999725341797,117.3057861328125,1016000
2022-04-20,121.23999786376953,123.68000030517578,120.87999725341797,122.7699966430664,119.3868179321289,1471900
2022-04-21,123.61000061035156,124.0999984741211,121.1500015258789,121.88999938964844,118.53106689453125,790200
2022-04-22,120.77999877929688,121.27999877929688,119.0,119.36000061035156,116.07079315185547,1892500
2022-04-25,118.69999694824219,119.12000274658203,114.5999984741211,116.61000061035156,113.39657592773438,1177700
2022-04-26,116.5999984741211,117.0199966430664,106.2699966430664,106.69000244140625,103.74993896484375,3285100
2022-04-27,106.83999633789062,109.83999633789062,106.30999755859375,108.43000030517578,105.44198608398438,2159200
2022-04-28,108.5199966430664,111.83999633789062,108.0999984741211,111.12000274658203,108.05785369873047,1425600
2022-04-29,111.31999969482422,113.52999877929688,109.93000030517578,110.04000091552734,107.00762939453125,2115300
2022-05-02,111.41000366210938,111.75,108.4800033569336,110.29000091552734,107.25072479248047,1094100
2022-05-03,110.16000366210938,113.80999755859375,110.05000305175781,112.12999725341797,109.04002380371094,937800
2022-05-04,111.7699966430664,114.73999786376953,110.83999633789062,114.5,111.3447036743164,2156100
2022-05-05,112.94000244140625,113.98999786376953,107.37999725341797,109.26000213623047,106.24911499023438,1232300
2022-05-06,107.58000183105469,108.41000366210938,104.44999694824219,105.5,102.59272003173828,1021600
2022-05-09,103.7300033569336,104.55999755859375,101.19000244140625,101.7300033569336,98.92662048339844,1166000
2022-05-10,103.2699966430664,104.36000061035156,99.36000061035156,102.04000091552734,99.22807312011719,1962500
2022-05-11,101.1500015258789,104.7300033569336,100.9000015258789,101.26000213623047,98.68232727050781,1209100
2022-05-12,100.0,102.94999694824219,100.0,101.51000213623047,98.92596435546875,1187900
2022-05-13,102.16000366210938,104.94999694824219,101.79000091552734,103.66000366210938,101.021240234375,1109900
2022-05-16,103.7699966430664,106.33999633789062,103.36000061035156,105.37999725341797,102.69744873046875,1148500
2022-05-17,107.61000061035156,108.16999816894531,105.70999908447266,106.30999755859375,103.60377502441406,796900
2022-05-18,105.5,105.5,100.63999938964844,101.08999633789062,98.51665496826172,760000
2022-05-19,100.41999816894531,101.87999725341797,99.4000015258789,101.05000305175781,98.47769165039062,1226800
2022-05-20,102.12000274658203,102.4000015258789,98.38999938964844,101.08000183105469,98.50690460205078,1432900
2022-05-23,101.91000366210938,102.94000244140625,101.30000305175781,102.1500015258789,99.54967498779297,1088400
2022-05-24,100.69000244140625,101.83999633789062,98.36000061035156,100.08999633789062,97.54210662841797,952100
2022-05-25,99.61000061035156,102.41999816894531,98.88999938964844,101.83999633789062,99.24757385253906,1118800
2022-05-26,102.4000015258789,104.11000061035156,102.4000015258789,103.44000244140625,100.80683135986328,738800
2022-05-27,104.9000015258789,106.94000244140625,104.19999694824219,106.93000030517578,104.2080078125,1261400
2022-05-31,106.29000091552734,106.30000305175781,104.12000274658203,104.44000244140625,101.78137969970703,1102500
2022-06-01,104.83999633789062,105.41999816894531,102.95999908447266,104.33999633789062,101.68392944335938,723400
2022-06-02,104.38999938964844,107.08000183105469,104.06999969482422,107.02999877929688,104.30545806884766,425200
2022-06-03,105.58999633789062,107.0,105.47000122070312,106.8499984741211,104.13003540039062,401100
2022-06-06,107.58000183105469,108.43000030517578,107.16999816894531,107.8499984741211,105.10457611083984,409800
2022-06-07,107.16000366210938,110.80000305175781,106.9800033569336,109.97000122070312,107.17060852050781,932200
2022-06-08,108.91999816894531,109.20999908447266,106.0199966430664,106.44000244140625,103.73046875,657500
2022-06-09,104.55000305175781,104.73999786376953,102.44000244140625,102.7300033569336,100.11491394042969,897200
2022-06-10,102.0,102.0,99.16000366210938,99.16999816894531,96.64553833007812,1220900
2022-06-13,96.19999694824219,96.5199966430664,92.2300033569336,93.77999877929688,91.39274597167969,2414300
2022-06-14,93.70999908447266,94.23999786376953,92.11000061035156,94.0199966430664,91.62662506103516,1542700
2022-06-15,95.55000305175781,97.13999938964844,92.62000274658203,95.83000183105469,93.39056396484375,1607700
2022-06-16,93.77999877929688,94.13999938964844,91.75,92.16999816894531,89.82373809814453,1373200
2022-06-17,92.51000213623047,93.18000030517578,91.27999877929688,92.9800033569336,90.61310577392578,1095700
2022-06-21,93.58999633789062,94.72000122070312,91.95999908447266,92.0999984741211,89.7555160522461,1354800
2022-06-22,90.98999786376953,91.58999633789062,90.23999786376953,90.58000183105469,88.27420043945312,1166700
2022-06-23,90.66999816894531,91.12999725341797,88.08999633789062,89.58000183105469,87.29965209960938,1334100
2022-06-24,90.0,95.62999725341797,89.66000366210938,95.43000030517578,93.00074005126953,3194900
2022-06-27,95.63999938964844,96.80000305175781,94.70999908447266,96.05000305175781,93.6049575805664,670100
2022-06-28,96.63999938964844,97.33000183105469,94.5199966430664,94.69000244140625,92.27957916259766,803100
2022-06-29,95.20999908447266,95.20999908447266,92.16000366210938,93.23999786376953,90.86648559570312,789000
2022-06-30,91.86000061035156,93.43000030517578,91.26000213623047,92.16999816894531,89.82373809814453,851100
2022-07-01,91.83999633789062,93.79000091552734,91.43000030517578,93.0,90.63259887695312,3367500
2022-07-05,91.5199966430664,92.36000061035156,88.04000091552734,90.44999694824219,88.14750671386719,2557300
2022-07-06,91.08000183105469,91.73999786376953,89.8499984741211,91.08000183105469,88.761474609375,1142500
2022-07-07,91.44000244140625,92.13999938964844,91.08000183105469,91.33999633789062,89.01483917236328,915600
2022-07-08,90.26000213623047,91.08000183105469,87.16999816894531,88.83999633789062,86.5784912109375,1967200
2022-07-11,88.27999877929688,89.12000274658203,87.76000213623047,88.4000015258789,86.14971160888672,1608100
2022-07-12,88.13999938964844,89.72000122070312,87.66000366210938,88.06999969482422,85.82808685302734,938100
2022-07-13,86.93000030517578,89.5199966430664,86.6500015258789,88.37999725341797,86.13020324707031,1261800
2022-07-14,87.0,87.62999725341797,85.8499984741211,87.33999633789062,85.11666870117188,1093900
2022-07-15,88.87000274658203,89.0199966430664,87.63999938964844,88.12000274658203,85.8768310546875,860600
2022-07-18,88.97000122070312,89.55000305175781,87.70999908447266,88.31999969482422,86.07173156738281,1133000
2022-07-19,88.66999816894531,92.5,88.66999816894531,92.1500015258789,89.80422973632812,955700
2022-07-20,92.19999694824219,94.11000061035156,92.19999694824219,93.83000183105469,91.44147491455078,1219600
2022-07-21,93.01000213623047,97.33999633789062,91.25,97.31999969482422,94.8426284790039,2655100
2022-07-22,97.0999984741211,97.70999908447266,94.41999816894531,94.93000030517578,92.51348114013672,1384900
2022-07-25,94.87999725341797,97.13999938964844,94.02999877929688,95.6500015258789,93.21514892578125,886600
2022-07-26,95.20999908447266,96.54000091552734,94.66000366210938,95.55999755859375,93.12743377685547,816800
2022-07-27,97.27999877929688,98.86000061035156,95.76000213623047,98.01000213623047,95.51506805419922,756700
2022-07-28,98.77999877929688,100.56999969482422,97.44999694824219,100.19000244140625,97.63958740234375,902200
2022-07-29,100.1500015258789,101.81999969482422,100.11000061035156,101.68000030517578,99.09163665771484,861800
2022-08-01,100.66000366210938,101.62999725341797,100.16999816894531,100.66999816894531,98.10734558105469,678000
2022-08-02,100.12000274658203,100.54000091552734,98.58000183105469,99.02999877929688,96.50909423828125,1059800
2022-08-03,99.9800033569336,99.9800033569336,97.81999969482422,99.30999755859375,96.7819595336914,608100
2022-08-04,95.2300033569336,95.2300033569336,87.83000183105469,92.44000244140625,90.08686065673828,3708000
2022-08-05,91.41999816894531,93.36000061035156,89.33999633789062,90.30000305175781,88.0013198852539,1702100
2022-08-08,90.83999633789062,93.52999877929688,90.83999633789062,93.05000305175781,90.68132781982422,1193900
2022-08-09,93.19000244140625,93.19000244140625,91.52999877929688,91.80000305175781,89.46314239501953,1113900
2022-08-10,93.56999969482422,98.43000030517578,93.56999969482422,96.81999969482422,94.58202362060547,1835600
2022-08-11,96.69000244140625,98.7300033569336,96.5999984741211,97.38999938964844,95.13884735107422,899700
2022-08-12,98.44999694824219,100.19999694824219,97.83000183105469,100.12999725341797,97.81550598144531,929300
2022-08-15,99.37999725341797,100.94999694824219,99.12999725341797,100.63999938964844,98.313720703125,1488100
2022-08-16,100.30999755859375,102.68000030517578,100.0,101.7699966430664,99.41759490966797,926000
2022-08-17,100.5199966430664,101.3499984741211,99.9800033569336,100.19000244140625,97.87413024902344,875100
2022-08-18,99.81999969482422,101.44999694824219,99.69000244140625,100.7300033569336,98.40164947509766,724700
2022-08-19,100.0999984741211,101.01000213623047,98.13999938964844,98.56999969482422,96.29158020019531,613400
2022-08-22,96.91999816894531,97.30999755859375,95.45999908447266,95.55999755859375,93.35114288330078,719200
2022-08-23,96.08000183105469,96.91000366210938,95.62000274658203,96.30000305175781,94.07403564453125,768300
2022-08-24,96.83000183105469,97.91000366210938,96.37999725341797,97.7300033569336,95.47100067138672,868400
2022-08-25,98.54000091552734,98.72000122070312,96.33000183105469,96.91999816894531,94.6797103881836,1160700
2022-08-26,96.76000213623047,97.66000366210938,92.0999984741211,92.12000274658203,89.99066162109375,1431000
2022-08-29,91.58000183105469,92.87000274658203,91.11000061035156,91.75,89.62921905517578,585600
2022-08-30,92.12000274658203,92.79000091552734,89.91999816894531,92.1500015258789,90.01996612548828,1077200
2022-08-31,92.70999908447266,92.70999908447266,90.41999816894531,90.58999633789062,88.49603271484375,972600
2022-09-01,90.0,91.08999633789062,88.4800033569336,91.0199966430664,88.91608428955078,736400
2022-09-02,92.79000091552734,93.31999969482422,90.70999908447266,91.37000274658203,89.25800323486328,791300
2022-09-06,91.0199966430664,92.37000274658203,90.81999969482422,92.1500015258789,90.01996612548828,955000
2022-09-07,92.70999908447266,95.81999969482422,92.05000305175781,95.55999755859375,93.35114288330078,1038300
2022-09-08,93.9000015258789,98.01000213623047,93.9000015258789,97.9000015258789,95.63705444335938,1247400
2022-09-09,98.41999816894531,99.22000122070312,97.7300033569336,98.7300033569336,96.44789123535156,1552600
2022-09-12,99.0,100.38999938964844,98.95999908447266,100.30000305175781,97.9815902709961,1130500
2022-09-13,97.77999877929688,97.9800033569336,96.55999755859375,97.37000274658203,95.11930084228516,1252400
2022-09-14,97.5,97.73999786376953,96.13999938964844,97.22000122070312,94.97278594970703,1903500
2022-09-15,96.80000305175781,97.94000244140625,96.62000274658203,97.44000244140625,95.18769073486328,2231000
2022-09-16,96.05999755859375,96.05999755859375,92.1500015258789,93.91000366210938,91.73929595947266,2813700
2022-09-19,92.83000183105469,95.33000183105469,92.83000183105469,95.20999908447266,93.00923156738281,790200
2022-09-20,94.05000305175781,94.05000305175781,90.22000122070312,90.66999816894531,88.57418823242188,1505000
2022-09-21,91.19999694824219,91.70999908447266,87.5999984741211,87.63999938964844,85.61421203613281,1351600
2022-09-22,87.66999816894531,87.7699966430664,83.6500015258789,84.2699966430664,82.32210540771484,2852000
2022-09-23,82.62000274658203,83.01000213623047,80.31999969482422,82.7699966430664,80.85678100585938,2678500
2022-09-26,82.30000305175781,83.44000244140625,80.98999786376953,81.48999786376953,79.60636901855469,1455300
2022-09-27,82.44999694824219,83.30000305175781,78.91000366210938,79.7300033569336,77.88705444335938,1402800
2022-09-28,80.52999877929688,83.11000061035156,79.66000366210938,82.38999938964844,80.4855728149414,1776000
2022-09-29,81.1500015258789,81.55000305175781,79.22000122070312,80.29000091552734,78.43412017822266,1149900
2022-09-30,80.69999694824219,82.18000030517578,80.55999755859375,81.02999877929688,79.1570053100586,1188400
2022-10-03,82.22000122070312,83.30000305175781,81.06999969482422,82.12000274658203,80.2218246459961,2237100
2022-10-04,83.83999633789062,84.73999786376953,83.06999969482422,84.43000030517578,82.4784164428711,3442000
2022-10-05,83.27999877929688,85.69000244140625,82.73999786376953,84.94000244140625,82.97663879394531,1523500
2022-10-06,84.52999877929688,85.5199966430664,83.6500015258789,83.94000244140625,81.99974822998047,1171700
2022-10-07,82.54000091552734,82.73999786376953,80.5999984741211,81.12999725341797,79.25469970703125,905800
2022-10-10,81.62999725341797,82.25,80.93000030517578,81.62999725341797,79.74313354492188,812200
2022-10-11,81.12999725341797,82.30000305175781,80.33999633789062,81.23999786376953,79.36214447021484,794500
2022-10-12,81.20999908447266,81.70999908447266,80.37999725341797,81.41000366210938,79.52821350097656,1113400
2022-10-13,79.8499984741211,83.61000061035156,78.4800033569336,83.0999984741211,81.17916107177734,796300
2022-10-14,83.61000061035156,84.2300033569336,81.37000274658203,81.51000213623047,79.62591552734375,834300
2022-10-17,82.87999725341797,83.66000366210938,81.52999877929688,83.33999633789062,81.41361236572266,1826000
2022-10-18,85.5999984741211,86.37999725341797,83.4800033569336,84.83000183105469,82.8691635131836,717200
2022-10-19,84.05000305175781,84.79000091552734,82.0999984741211,83.08000183105469,81.15962982177734,946700
2022-10-20,83.27999877929688,84.69999694824219,81.93000030517578,82.52999877929688,80.6223373413086,1117800
2022-10-21,82.87000274658203,84.75,82.18000030517578,83.94000244140625,81.99974822998047,2240500
2022-10-24,84.44999694824219,86.20999908447266,84.22000122070312,85.01000213623047,83.04501342773438,1949600
2022-10-25,77.29000091552734,77.44999694824219,66.0,70.69000244140625,69.0560073852539,9604900
2022-10-26,70.0,71.08999633789062,68.55999755859375,69.58000183105469,67.97166442871094,4716200
2022-10-27,69.19999694824219,70.83999633789062,68.01000213623047,68.19999694824219,66.62355041503906,4591600
2022-10-28,68.29000091552734,69.93000030517578,67.70999908447266,68.11000061035156,66.53564453125,3562200
2022-10-31,67.8499984741211,68.91999816894531,67.19999694824219,68.58999633789062,67.00455474853516,2017600
2022-11-01,69.36000061035156,70.08999633789062,68.41000366210938,68.95999908447266,67.36599731445312,1905700
2022-11-02,69.08000183105469,69.08000183105469,66.76000213623047,66.76000213623047,65.21685028076172,2671700
2022-11-03,70.36000061035156,74.4000015258789,69.05000305175781,73.68000030517578,71.9769058227539,5161200
2022-11-04,74.83000183105469,75.16999816894531,72.45999908447266,75.06999969482422,73.33477783203125,2164100
2022-11-07,75.76000213623047,76.94999694824219,74.87000274658203,75.72000122070312,73.9697494506836,2222600
2022-11-08,75.47000122070312,77.6500015258789,75.3499984741211,76.97000122070312,75.19084930419922,1399600
2022-11-09,76.16999816894531,76.2699966430664,72.18000030517578,72.22000122070312,70.75288391113281,1144600
2022-11-10,74.63999938964844,77.62999725341797,74.2699966430664,77.61000061035156,76.03338623046875,1421100
2022-11-11,77.91999816894531,80.18000030517578,77.26000213623047,79.7300033569336,78.11031341552734,1060200
2022-11-14,79.30000305175781,80.0999984741211,78.73999786376953,79.08999633789062,77.48332977294922,1031000
2022-11-15,80.77999877929688,81.58000183105469,78.20999908447266,78.41000366210938,76.817138671875,897000
2022-11-16,78.2300033569336,79.58000183105469,77.88999938964844,79.12000274658203,77.51270294189453,780200
2022-11-17,77.80999755859375,79.19999694824219,77.80999755859375,78.27999877929688,76.68977355957031,1048700
2022-11-18,79.58000183105469,80.70999908447266,78.66999816894531,80.4000015258789,78.7667007446289,950600
2022-11-21,79.83000183105469,80.87999725341797,79.25,79.75,78.12991333007812,1404400
2022-11-22,80.12999725341797,81.6500015258789,80.01000213623047,81.25,79.59943389892578,566100
2022-11-23,80.9800033569336,82.76000213623047,80.77999877929688,82.62999725341797,80.9513931274414,911900
2022-11-25,82.58999633789062,83.33000183105469,82.08000183105469,82.87000274658203,81.18653106689453,295700
2022-11-28,81.61000061035156,82.06999969482422,80.5,80.88999938964844,79.24675750732422,1191400
2022-11-29,80.77999877929688,81.2300033569336,79.83000183105469,80.2300033569336,78.60016632080078,624100
2022-11-30,80.20999908447266,82.23999786376953,79.0999984741211,82.20999908447266,80.53992462158203,1380100
2022-12-01,82.93000030517578,84.12000274658203,82.0199966430664,82.7300033569336,81.04937744140625,1008600
2022-12-02,81.77999877929688,84.30000305175781,81.02999877929688,84.08999633789062,82.38174438476562,750600
2022-12-05,82.98999786376953,83.48999786376953,82.01000213623047,82.58000183105469,80.90242004394531,1334700
2022-12-06,82.44000244140625,83.48999786376953,81.45999908447266,82.29000091552734,80.6183090209961,1256600
2022-12-07,82.12999725341797,83.76000213623047,80.37999725341797,80.70999908447266,79.0704116821289,1901300
2022-12-08,81.33999633789062,82.23999786376953,80.36000061035156,81.44999694824219,79.79537200927734,5392900
2022-12-09,81.33000183105469,82.0999984741211,80.1500015258789,80.26000213623047,78.62954711914062,1192300
2022-12-12,80.41999816894531,80.87000274658203,78.5,79.33000183105469,77.71844482421875,1520300
2022-12-13,81.61000061035156,82.4800033569336,81.06999969482422,82.23999786376953,80.56932830810547,1836000
2022-12-14,82.91999816894531,85.08000183105469,82.25,83.51000213623047,81.81352996826172,1119200
2022-12-15,81.54000091552734,82.2699966430664,79.26000213623047,79.41999816894531,77.80661010742188,1280800
2022-12-16,79.0,81.12999725341797,78.37000274658203,80.5,78.86467742919922,1470700
2022-12-19,80.44999694824219,81.08999633789062,79.5,80.0,78.37483215332031,1615800
2022-12-20,80.12000274658203,81.33999633789062,80.12000274658203,80.30999755859375,78.67853546142578,935700
2022-12-21,80.80999755859375,82.5,80.27999877929688,82.41000366210938,80.73587036132812,720500
2022-12-22,81.55000305175781,82.23999786376953,79.62000274658203,81.66000366210938,80.00111389160156,506400
2022-12-23,81.69000244140625,82.63999938964844,80.76000213623047,82.58000183105469,80.90242004394531,302000
2022-12-27,82.72000122070312,83.27999877929688,82.02999877929688,82.7699966430664,81.08855438232422,773700
2022-12-28,83.05999755859375,83.37999725341797,81.63999938964844,81.68000030517578,80.02070617675781,726500
2022-12-29,81.97000122070312,83.18000030517578,81.37000274658203,82.87999725341797,81.19632720947266,776200
2022-12-30,82.0,82.91999816894531,81.5999984741211,82.20999908447266,80.53992462158203,707900
2023-01-03,82.68000030517578,84.13999938964844,81.66999816894531,82.48999786376953,80.81424713134766,1469600
2023-01-04,82.4800033569336,83.97000122070312,82.2300033569336,83.12999725341797,81.44125366210938,691700
2023-01-05,82.3499984741211,83.2699966430664,81.33999633789062,83.2699966430664,81.57839965820312,978100
2023-01-06,84.16000366210938,84.80000305175781,83.20999908447266,83.88999938964844,82.18579864501953,1484600
2023-01-09,84.55000305175781,86.48999786376953,83.80000305175781,84.80000305175781,83.07732391357422,3190500
2023-01-10,84.66999816894531,85.37999725341797,83.77999877929688,85.23999786376953,83.50837707519531,3148800
2023-01-11,85.45999908447266,85.75,84.16000366210938,84.7300033569336,83.00875091552734,766100
2023-01-12,85.79000091552734,87.2300033569336,85.12999725341797,86.5199966430664,84.76237487792969,854300
2023-01-13,85.87999725341797,87.80999755859375,85.7699966430664,87.56999969482422,85.79105377197266,767100
2023-01-17,87.80999755859375,87.98999786376953,85.76000213623047,86.73999786376953,84.97791290283203,976600
2023-01-18,87.2300033569336,87.54000091552734,86.31999969482422,86.38999938964844,84.63502502441406,765500
2023-01-19,86.01000213623047,87.2699966430664,85.13999938964844,85.5199966430664,83.78268432617188,899900
2023-01-20,86.30999755859375,87.52999877929688,85.97000122070312,87.4000015258789,85.62451171875,1564200
2023-01-23,87.37999725341797,89.5999984741211,87.0999984741211,89.25,87.43692779541016,633900
2023-01-24,88.75,89.52999877929688,87.2300033569336,87.26000213623047,85.48735046386719,527900
2023-01-25,86.58000183105469,87.6500015258789,85.55999755859375,87.0,85.2326431274414,944000
2023-01-26,87.51000213623047,88.77999877929688,87.11000061035156,88.7699966430664,86.9666748046875,529100
2023-01-27,88.1500015258789,88.61000061035156,87.0199966430664,88.44999694824219,86.65316772460938,1008600
2023-01-30,87.91999816894531,88.55000305175781,86.33999633789062,86.33999633789062,84.58602905273438,1949700
2023-01-31,86.16000366210938,88.19000244140625,86.02999877929688,88.16000366210938,86.36906433105469,1057800
2023-02-01,87.41000366210938,89.36000061035156,86.87999725341797,89.01000213623047,87.20179748535156,1167300
2023-02-02,88.5,90.91000366210938,87.02999877929688,89.9000015258789,88.07371520996094,1712400
2023-02-03,89.29000091552734,89.69000244140625,87.54000091552734,87.7699966430664,85.98698425292969,1585600
2023-02-06,87.37000274658203,88.44999694824219,86.80000305175781,88.01000213623047,86.22211456298828,759100
2023-02-07,88.06999969482422,88.7300033569336,86.44000244140625,88.08000183105469,86.29069519042969,807300
2023-02-08,90.58000183105469,90.79000091552734,86.01000213623047,87.02999877929688,85.26200103759766,1505000
2023-02-09,87.7699966430664,88.58000183105469,86.04000091552734,86.0999984741211,84.35091400146484,1219800
2023-02-10,85.41000366210938,85.68000030517578,83.91000366210938,84.88999938964844,83.16549682617188,848300
2023-02-13,85.2699966430664,85.77999877929688,84.55999755859375,85.62999725341797,83.89045715332031,661500
2023-02-14,85.80000305175781,86.80999755859375,85.02999877929688,85.69999694824219,83.95903015136719,676100
2023-02-15,84.88999938964844,88.66999816894531,84.88999938964844,88.63999938964844,86.83932495117188,870600
2023-02-16,87.62999725341797,89.12999725341797,87.36000061035156,87.72000122070312,85.93800354003906,714200
2023-02-17,87.76000213623047,87.94000244140625,86.25,86.77999877929688,85.01708984375,606500
2023-02-21,85.87000274658203,86.5,84.1500015258789,84.62000274658203,82.90097045898438,802700
2023-02-22,84.97000122070312,85.69999694824219,84.0999984741211,85.22000122070312,83.48878479003906,869200
2023-02-23,85.76000213623047,86.72000122070312,84.31999969482422,86.68000030517578,84.91912841796875,1276100
2023-02-24,86.23999786376953,86.23999786376953,84.5,85.58000183105469,83.84148406982422,463500
2023-02-27,86.45999908447266,87.06999969482422,86.2300033569336,86.68000030517578,84.91912841796875,1326800
2023-02-28,86.68000030517578,87.51000213623047,86.22000122070312,86.51000213623047,84.7525863647461,736900
2023-03-01,86.51000213623047,87.33999633789062,85.41999816894531,86.0,84.25294494628906,906100
2023-03-02,85.72000122070312,87.05999755859375,85.23999786376953,86.9800033569336,85.21304321289062,609700
2023-03-03,87.5999984741211,88.2300033569336,87.30999755859375,88.0,86.21231842041016,444400
2023-03-06,88.0999984741211,88.51000213623047,86.47000122070312,87.05999755859375,85.2914047241211,960700
2023-03-07,86.77999877929688,87.16000366210938,85.25,85.44000244140625,83.70431518554688,732100
2023-03-08,84.93000030517578,85.77999877929688,84.5,85.30999755859375,83.81238555908203,807300
2023-03-09,85.4000015258789,86.19999694824219,84.13999938964844,84.16999816894531,82.6924057006836,677100
2023-03-10,84.06999969482422,84.06999969482422,81.66999816894531,81.79000091552734,80.35418701171875,1011800
2023-03-13,80.87999725341797,81.55999755859375,79.4800033569336,80.44000244140625,79.02788543701172,894300
2023-03-14,81.56999969482422,82.5199966430664,80.37000274658203,81.3499984741211,79.92190551757812,924100
2023-03-15,79.80000305175781,80.3499984741211,77.66000366210938,78.0,76.6307144165039,676500
2023-03-16,77.37999725341797,78.41000366210938,76.22000122070312,78.33000183105469,76.95491790771484,1559800
2023-03-17,78.31999969482422,78.31999969482422,76.12000274658203,76.66000366210938,75.31423950195312,1225100
2023-03-20,77.47000122070312,78.30000305175781,77.0199966430664,77.63999938964844,76.27703857421875,773800
2023-03-21,78.7300033569336,79.3499984741211,78.16999816894531,79.18000030517578,77.79000091552734,1422400
2023-03-22,79.38999938964844,79.93000030517578,77.81999969482422,77.91000366210938,76.54229736328125,1054200
2023-03-23,78.12000274658203,79.18000030517578,76.94000244140625,77.2699966430664,75.91352081298828,513000
2023-03-24,76.4800033569336,77.12000274658203,76.0,77.05000305175781,75.69739532470703,417500
2023-03-27,77.62999725341797,79.4000015258789,77.0199966430664,78.37999725341797,77.00404357910156,1103300
2023-03-28,77.94000244140625,80.02999877929688,77.69999694824219,80.02999877929688,78.62508392333984,729200
2023-03-29,80.95999908447266,81.29000091552734,80.31999969482422,80.75,79.33243560791016,553100
2023-03-30,81.3499984741211,81.80000305175781,80.76000213623047,81.51000213623047,80.07910919189453,930400
2023-03-31,82.0,82.83000183105469,81.4800033569336,82.70999908447266,81.2580337524414,554300
2023-04-03,82.51000213623047,83.51000213623047,82.08000183105469,82.75,81.29733276367188,804400
2023-04-04,82.63999938964844,82.63999938964844,79.70999908447266,80.41999816894531,79.00823211669922,617700
2023-04-05,80.30999755859375,80.5199966430664,78.77999877929688,79.41000366210938,78.01595306396484,806500
2023-04-06,79.48999786376953,79.48999786376953,77.83000183105469,78.62999725341797,77.24964904785156,934400
2023-04-10,78.23999786376953,78.8499984741211,77.52999877929688,78.51000213623047,77.13175964355469,695100
2023-04-11,79.5199966430664,79.9000015258789,78.7300033569336,79.11000061035156,77.72123718261719,595000
2023-04-12,79.22000122070312,79.33999633789062,76.75,76.94000244140625,75.58931732177734,1235000
2023-04-13,77.30000305175781,78.61000061035156,76.62999725341797,78.1500015258789,76.77808380126953,841300
2023-04-14,77.72000122070312,78.54000091552734,75.73999786376953,76.1500015258789,74.81318664550781,1132600
2023-04-17,76.33000183105469,78.33999633789062,75.61000061035156,78.25,76.87632751464844,1394000
2023-04-18,78.5,79.1500015258789,77.8499984741211,79.0999984741211,77.71139526367188,855200
2023-04-19,79.27999877929688,79.8499984741211,78.54000091552734,79.73999786376953,78.34015655517578,996500
2023-04-20,79.5199966430664,79.81999969482422,78.77999877929688,79.18000030517578,77.79000091552734,810000
2023-04-21,79.43000030517578,79.43000030517578,78.18000030517578,78.86000061035156,77.47561645507812,576500
2023-04-24,78.9800033569336,79.54000091552734,78.30999755859375,79.05000305175781,77.66229248046875,1894100
2023-04-25,80.76000213623047,84.9000015258789,80.1500015258789,81.2699966430664,79.84329986572266,2372400
2023-04-26,80.62000274658203,82.01000213623047,79.88999938964844,80.62999725341797,79.21454620361328,940300
2023-04-27,81.30999755859375,85.11000061035156,80.88999938964844,84.87000274658203,83.38011169433594,1257700
2023-04-28,85.31999969482422,86.5,84.86000061035156,85.77999877929688,84.27413177490234,1113300
2023-05-01,85.47000122070312,86.5,85.19000244140625,85.51000213623047,84.00887298583984,593700
2023-05-02,85.22000122070312,85.43000030517578,83.43000030517578,84.2699966430664,82.7906494140625,675800
2023-05-03,84.77999877929688,85.30000305175781,83.08000183105469,83.12000274658203,81.66084289550781,711500
2023-05-04,84.4800033569336,86.47000122070312,84.2300033569336,84.80000305175781,83.31135559082031,1207500
2023-05-05,85.4800033569336,86.4000015258789,84.44999694824219,85.7300033569336,84.22502136230469,704300
2023-05-08,85.80000305175781,85.80000305175781,84.25,84.37000274658203,82.8888931274414,1428300
2023-05-09,83.9800033569336,84.37000274658203,83.16999816894531,83.41000366210938,81.94574737548828,834300
2023-05-10,83.55000305175781,83.94999694824219,81.56999969482422,82.63999938964844,81.42354583740234,585400
2023-05-11,82.62000274658203,83.51000213623047,82.29000091552734,83.41000366210938,82.18221282958984,527400
2023-05-12,83.3499984741211,83.97000122070312,81.30999755859375,82.0199966430664,80.81267547607422,631100
2023-05-15,82.2699966430664,83.1500015258789,81.91000366210938,82.83000183105469,81.61075592041016,735400
2023-05-16,82.2300033569336,82.2300033569336,79.95999908447266,80.45999908447266,79.275634765625,929900
2023-05-17,80.55000305175781,81.5199966430664,80.2300033569336,81.38999938964844,80.19194030761719,497500
2023-05-18,81.11000061035156,82.27999877929688,80.5199966430664,82.12000274658203,80.91120147705078,393800
2023-05-19,82.86000061035156,83.16999816894531,81.30000305175781,81.55000305175781,80.34959411621094,316900
2023-05-22,81.19999694824219,81.56999969482422,79.88999938964844,80.51000213623047,79.32490539550781,1012900
2023-05-23,80.16999816894531,81.75,79.55999755859375,81.4800033569336,80.28062438964844,465800
2023-05-24,81.19000244140625,81.19000244140625,79.23999786376953,79.25,78.08345031738281,542700
2023-05-25,78.87999725341797,79.41000366210938,75.83999633789062,78.1500015258789,76.99964141845703,1604000
2023-05-26,78.4000015258789,79.12000274658203,77.48999786376953,78.7699966430664,77.61050415039062,648400
2023-05-30,78.8499984741211,79.33999633789062,76.61000061035156,78.41999816894531,77.26565551757812,1319000
2023-05-31,78.08000183105469,78.2699966430664,76.01000213623047,76.2300033569336,75.10791015625,1350200
2023-06-01,76.37000274658203,78.26000213623047,76.01000213623047,77.29000091552734,76.15229797363281,698300
2023-06-02,78.58000183105469,80.5199966430664,78.55000305175781,80.37000274658203,79.18695831298828,534600
2023-06-05,83.30999755859375,84.62999725341797,81.79000091552734,82.5199966430664,81.30530548095703,1372100
2023-06-06,81.56999969482422,84.26000213623047,81.56999969482422,83.2300033569336,82.0048599243164,954900
2023-06-07,83.27999877929688,84.56999969482422,82.95999908447266,83.3499984741211,82.12309265136719,1157500
2023-06-08,83.30000305175781,84.01000213623047,82.18000030517578,83.80000305175781,82.56647491455078,1324800
2023-06-09,83.43000030517578,84.55000305175781,82.95999908447266,83.7699966430664,82.53691101074219,1359900
2023-06-12,83.47000122070312,85.9000015258789,83.05999755859375,85.37000274658203,84.11334991455078,1497100
2023-06-13,85.43000030517578,87.18000030517578,84.7300033569336,85.75,84.4877700805664,2061500
2023-06-14,86.01000213623047,86.44999694824219,84.70999908447266,85.31999969482422,84.06409454345703,1632700
2023-06-15,84.97000122070312,87.1500015258789,84.97000122070312,86.75,85.47305297851562,1886800
2023-06-16,87.5,88.9000015258789,86.70999908447266,88.80999755859375,87.5027084350586,20478800
2023-06-20,86.44000244140625,88.63999938964844,86.44000244140625,87.9800033569336,86.68494415283203,3066200
2023-06-21,88.0,89.37000274658203,86.87000274658203,86.9800033569336,85.69966888427734,1634700
2023-06-22,86.9800033569336,87.94000244140625,86.0999984741211,87.5,86.21199798583984,1719100
2023-06-23,86.12000274658203,86.66000366210938,85.08999633789062,85.73999786376953,84.4779052734375,4441600
2023-06-26,86.19000244140625,87.12000274658203,85.72000122070312,85.9000015258789,84.63555908203125,1335100
2023-06-27,86.37999725341797,87.91999816894531,85.5199966430664,87.43000030517578,86.1430435180664,1783600
2023-06-28,87.16999816894531,87.16999816894531,85.0199966430664,85.19999694824219,83.94584655761719,1272000
2023-06-29,84.66999816894531,86.9000015258789,84.0999984741211,86.66000366210938,85.38436889648438,689500
2023-06-30,87.05000305175781,87.41000366210938,85.77999877929688,86.87000274658203,85.5912857055664,1073000
2023-07-03,86.47000122070312,88.33000183105469,86.01000213623047,88.27999877929688,86.98053741455078,324100
2023-07-05,86.94999694824219,86.94999694824219,84.66999816894531,84.70999908447266,83.46307373046875,757900
2023-07-06,84.19000244140625,84.51000213623047,83.37000274658203,84.25,83.00984191894531,752600
2023-07-07,84.13999938964844,87.23999786376953,84.13999938964844,86.76000213623047,85.48290252685547,1032500
2023-07-10,85.12000274658203,87.23999786376953,85.12000274658203,86.06999969482422,84.80306243896484,1141600
2023-07-11,86.6500015258789,87.19999694824219,86.04000091552734,87.05999755859375,85.77848052978516,640600
2023-07-12,88.0,89.5,87.5,88.95999908447266,87.65052795410156,1219400
2023-07-13,89.04000091552734,89.7699966430664,88.79000091552734,88.94000244140625,87.63081359863281,612700
2023-07-14,88.76000213623047,89.58999633789062,88.12000274658203,89.37999725341797,88.0643310546875,627100
2023-07-17,89.01000213623047,89.5,88.41000366210938,88.66999816894531,87.36478424072266,488100
2023-07-18,89.29000091552734,90.0,88.4000015258789,89.9800033569336,88.65550994873047,1175000
2023-07-19,90.0,90.98999786376953,89.7300033569336,90.94000244140625,89.60136413574219,1055000
2023-07-20,91.58000183105469,91.7300033569336,90.01000213623047,91.54000091552734,90.19254302978516,960100
2023-07-21,91.5199966430664,91.55000305175781,90.4000015258789,90.80999755859375,89.47328186035156,652900
2023-07-24,90.77999877929688,91.04000091552734,89.9800033569336,90.5199966430664,89.18754577636719,1451100
2023-07-25,90.12000274658203,96.3499984741211,88.44000244140625,96.11000061035156,94.69527435302734,1793100
2023-07-26,95.76000213623047,95.91999816894531,93.5,94.08000183105469,92.69515228271484,1908800
2023-07-27,95.0,95.30999755859375,93.1500015258789,93.58000183105469,92.2025146484375,928900
2023-07-28,94.22000122070312,95.12999725341797,93.37999725341797,94.41000366210938,93.02029418945312,1282700
2023-07-31,94.25,94.77999877929688,92.5999984741211,92.76000213623047,91.39457702636719,874700
2023-08-01,91.97000122070312,93.58999633789062,90.8499984741211,92.97000122070312,91.60148620605469,1102400
2023-08-02,91.88999938964844,92.02999877929688,90.25,90.81999969482422,89.48313903808594,750100
2023-08-03,90.58999633789062,92.97000122070312,90.04000091552734,91.5199966430664,90.1728286743164,1873200
2023-08-04,91.4800033569336,92.30999755859375,89.41000366210938,90.5199966430664,89.18754577636719,1049700
2023-08-07,90.83000183105469,91.01000213623047,89.68000030517578,90.26000213623047,88.93138122558594,566500
2023-08-08,89.08999633789062,89.83999633789062,88.2300033569336,89.31999969482422,88.00521087646484,1494300
2023-08-09,88.83000183105469,89.44999694824219,88.20999908447266,88.45999908447266,87.3927001953125,853500
2023-08-10,88.77999877929688,90.3499984741211,88.18000030517578,89.12999725341797,88.05460357666016,1495300
2023-08-11,88.69999694824219,89.27999877929688,88.37999725341797,88.98999786376953,87.91629791259766,610100
2023-08-14,88.69999694824219,89.37999725341797,87.79000091552734,89.22000122070312,88.14352416992188,863000
2023-08-15,88.41000366210938,89.25,88.0999984741211,88.1500015258789,87.08644104003906,510600
2023-08-16,87.95999908447266,89.22000122070312,87.91000366210938,88.08999633789062,87.02715301513672,817500
2023-08-17,88.16999816894531,89.2300033569336,87.62000274658203,87.94000244140625,86.87897491455078,598700
2023-08-18,87.16000366210938,87.62999725341797,86.69000244140625,87.55000305175781,86.4936752319336,699900
2023-08-21,87.83999633789062,88.08000183105469,86.26000213623047,87.37000274658203,86.31585693359375,1384900
2023-08-22,87.48999786376953,87.91000366210938,86.56999969482422,87.77999877929688,86.72090911865234,529300
2023-08-23,87.87999725341797,87.91000366210938,87.30000305175781,87.9000015258789,86.83946228027344,723100
2023-08-24,87.61000061035156,88.95999908447266,87.4000015258789,88.55000305175781,87.48161315917969,673300
2023-08-25,89.1500015258789,89.3499984741211,87.91000366210938,88.52999877929688,87.46185302734375,451100
2023-08-28,88.66999816894531,89.9800033569336,88.37999725341797,89.72000122070312,88.63749694824219,435600
2023-08-29,90.05999755859375,91.80000305175781,89.3499984741211,91.6500015258789,90.5442123413086,745000
2023-08-30,91.91999816894531,93.04000091552734,91.5199966430664,92.33000183105469,91.21600341796875,616600
2023-08-31,92.73999786376953,93.18000030517578,92.48999786376953,92.66000366210938,91.54203796386719,480000
2023-09-01,93.2699966430664,94.48999786376953,93.2699966430664,93.87000274658203,92.7374267578125,599300
2023-09-05,92.91999816894531,92.97000122070312,91.19999694824219,92.05000305175781,90.93938446044922,846800
2023-09-06,91.8499984741211,92.30999755859375,90.19999694824219,90.80999755859375,89.71434783935547,464200
2023-09-07,90.04000091552734,90.9000015258789,88.86000061035156,88.94999694824219,87.87677764892578,888800
2023-09-08,89.23999786376953,90.16999816894531,88.87999725341797,89.94000244140625,88.85484313964844,419700
2023-09-11,90.7300033569336,91.58999633789062,89.0999984741211,89.33999633789062,88.26206970214844,1266100
2023-09-12,89.22000122070312,89.6500015258789,88.27999877929688,89.4000015258789,88.32135009765625,778700
2023-09-13,89.08000183105469,91.55999755859375,88.47000122070312,90.26000213623047,89.17098236083984,988600
2023-09-14,91.20999908447266,92.36000061035156,90.91000366210938,91.93000030517578,90.8208236694336,1063500
2023-09-15,91.56999969482422,92.33999633789062,89.70999908447266,90.33999633789062,89.25000762939453,1162500
2023-09-18,90.30000305175781,90.91999816894531,89.5999984741211,90.30000305175781,89.21050262451172,399100
2023-09-19,90.37999725341797,91.02999877929688,89.2699966430664,89.70999908447266,88.62760925292969,624300
2023-09-20,89.91999816894531,91.45999908447266,89.16999816894531,90.37000274658203,89.27965545654297,568700
2023-09-21,90.0999984741211,90.0999984741211,88.29000091552734,88.3499984741211,87.28402709960938,702400
2023-09-22,88.3499984741211,88.68000030517578,87.47000122070312,87.5,86.44428253173828,463700
2023-09-25,87.0,87.48999786376953,86.26000213623047,87.08000183105469,86.02935028076172,573600
2023-09-26,86.44000244140625,87.0,85.62000274658203,85.69999694824219,84.6659927368164,574000
2023-09-27,86.06999969482422,87.72000122070312,85.43000030517578,86.58000183105469,85.5353775024414,879200
2023-09-28,86.76000213623047,88.83999633789062,86.31999969482422,88.1500015258789,87.08644104003906,554400
2023-09-29,89.30000305175781,89.83000183105469,88.30000305175781,88.4800033569336,87.41246795654297,688800
2023-10-02,88.1500015258789,89.0,87.63999938964844,88.05999755859375,86.99752807617188,615300
2023-10-03,87.12000274658203,88.29000091552734,86.19999694824219,86.80999755859375,85.76260375976562,688700
2023-10-04,87.30999755859375,87.94999694824219,86.11000061035156,87.76000213623047,86.7011489868164,716900
2023-10-05,87.4800033569336,88.04000091552734,84.6500015258789,85.56999969482422,84.53756713867188,1212300
2023-10-06,85.48999786376953,85.66000366210938,82.0999984741211,82.12999725341797,81.13906860351562,1810200
2023-10-09,81.70999908447266,84.19999694824219,80.0,83.69999694824219,82.69012451171875,1755600
2023-10-10,83.2699966430664,85.01000213623047,82.66000366210938,84.51000213623047,83.4903564453125,1582500
2023-10-11,84.98999786376953,85.87000274658203,83.25,83.87000274658203,82.85808563232422,857200
2023-10-12,82.43000030517578,82.66999816894531,79.66999816894531,80.12999725341797,79.16319274902344,1132900
2023-10-13,80.62999725341797,81.11000061035156,78.51000213623047,79.36000061035156,78.40249633789062,970600
2023-10-16,80.1500015258789,81.44000244140625,79.48999786376953,81.08000183105469,80.10173797607422,875100
2023-10-17,80.13999938964844,83.11000061035156,80.05000305175781,82.70999908447266,81.71207427978516,930800
2023-10-18,81.81999969482422,82.37999725341797,81.13999938964844,81.19999694824219,80.22029113769531,1411300
2023-10-19,80.4800033569336,81.31999969482422,79.48999786376953,79.88999938964844,78.92610168457031,979500
2023-10-20,79.77999877929688,80.41999816894531,77.91999816894531,78.31999969482422,77.37503051757812,1059600
2023-10-23,77.83000183105469,78.22000122070312,76.5999984741211,77.0199966430664,76.0907211303711,1390900
2023-10-24,78.30999755859375,82.0199966430664,77.12999725341797,81.5999984741211,80.61547088623047,2671500
2023-10-25,81.01000213623047,81.7300033569336,78.97000122070312,79.2699966430664,78.31358337402344,1295700
2023-10-26,79.61000061035156,82.81999969482422,79.61000061035156,81.12999725341797,80.15113067626953,1153900
2023-10-27,81.33000183105469,81.33000183105469,78.86000061035156,79.5199966430664,78.56056213378906,1257500
2023-10-30,80.33999633789062,81.11000061035156,79.58000183105469,80.37999725341797,79.41019439697266,1911200
2023-10-31,80.45999908447266,81.29000091552734,80.05999755859375,80.5999984741211,79.62753295898438,1192100
2023-11-01,80.69999694824219,81.31999969482422,80.08000183105469,80.91000366210938,79.93379974365234,1606100
2023-11-02,81.6500015258789,82.81999969482422,80.36000061035156,81.02999877929688,80.05233764648438,1553700
2023-11-03,82.20999908447266,83.97000122070312,81.41000366210938,83.30999755859375,82.3048324584961,1992500
2023-11-06,83.12000274658203,83.9800033569336,82.18000030517578,82.55999755859375,81.56388092041016,1524200
2023-11-07,81.86000061035156,82.48999786376953,80.91999816894531,81.12999725341797,80.38480377197266,1559900
2023-11-08,81.37000274658203,81.98999786376953,80.87000274658203,81.20999908447266,80.46408081054688,1471800
2023-11-09,81.70999908447266,81.75,79.51000213623047,79.87000274658203,79.13638305664062,2116200
2023-11-10,79.98999786376953,80.54000091552734,79.2300033569336,80.41999816894531,79.68133544921875,1038300
2023-11-13,80.0999984741211,80.91000366210938,79.55999755859375,80.19999694824219,79.4633560180664,981100
2023-11-14,81.4800033569336,83.47000122070312,80.91999816894531,83.13999938964844,82.37635040283203,813900
2023-11-15,83.27999877929688,84.63999938964844,83.12999725341797,84.12999725341797,83.35726165771484,1030300
2023-11-16,83.45999908447266,84.58000183105469,82.70999908447266,83.36000061035156,82.59432983398438,1167300
2023-11-17,83.86000061035156,84.4800033569336,82.81999969482422,83.58999633789062,82.82221984863281,1581600
2023-11-20,83.38999938964844,83.93000030517578,82.02999877929688,83.05999755859375,82.29708099365234,2369600
2023-11-21,82.7699966430664,83.33000183105469,82.29000091552734,83.16999816894531,82.40607452392578,832800
2023-11-22,83.16999816894531,83.5999984741211,82.2699966430664,82.33000183105469,81.57379913330078,653700
2023-11-24,82.72000122070312,83.44999694824219,82.48999786376953,82.94000244140625,82.17818450927734,334500
2023-11-27,82.3499984741211,83.11000061035156,81.58999633789062,82.63999938964844,81.88094329833984,1594300
2023-11-28,82.83000183105469,82.94999694824219,81.81999969482422,82.19000244140625,81.4350814819336,866800
2023-11-29,82.68000030517578,84.33000183105469,82.5,84.06999969482422,83.29780578613281,1262600
2023-11-30,84.37000274658203,86.12999725341797,83.68000030517578,86.01000213623047,85.21998596191406,2016800
2023-12-01,85.8499984741211,88.41999816894531,85.47000122070312,88.04000091552734,87.2313461303711,1598500
2023-12-04,87.45999908447266,88.6500015258789,87.0199966430664,88.4800033569336,87.66731262207031,1085000
2023-12-05,87.93000030517578,88.16000366210938,86.25,86.44000244140625,85.64604187011719,1064400
2023-12-06,87.0,89.25,86.7300033569336,88.38999938964844,87.578125,1399600
2023-12-07,88.44999694824219,89.4800033569336,87.9000015258789,88.77999877929688,87.96454620361328,1033600
2023-12-08,88.48999786376953,89.1500015258789,88.0,88.52999877929688,87.71684265136719,818900
2023-12-11,88.41000366210938,89.61000061035156,88.2300033569336,88.41999816894531,87.60785675048828,584700
2023-12-12,88.20999908447266,88.30000305175781,87.0999984741211,87.87999725341797,87.07281494140625,644900
2023-12-13,87.4800033569336,91.0,87.4800033569336,90.44999694824219,89.61920928955078,1615600
2023-12-14,91.80000305175781,93.45999908447266,90.80000305175781,90.83000183105469,89.99571990966797,1897000
2023-12-15,90.43000030517578,91.47000122070312,89.62999725341797,90.05999755859375,89.2327880859375,2189100
2023-12-18,90.62999725341797,91.31999969482422,89.56999969482422,91.11000061035156,90.27314758300781,2141500
2023-12-19,91.79000091552734,92.61000061035156,91.54000091552734,92.54000091552734,91.69001770019531,2292600
2023-12-20,92.38999938964844,93.18000030517578,91.26000213623047,91.29000091552734,90.45149230957031,1168400
2023-12-21,92.04000091552734,92.25,91.25,92.06999969482422,91.22432708740234,469900
2023-12-22,92.3499984741211,93.0199966430664,91.61000061035156,92.12000274658203,91.27388000488281,536300
2023-12-26,91.76000213623047,93.29000091552734,91.68000030517578,92.73999786376953,91.88816833496094,533100
2023-12-27,92.7699966430664,93.26000213623047,92.47000122070312,92.95999908447266,92.10615539550781,589500
2023-12-28,93.75,93.79000091552734,92.83999633789062,93.30999755859375,92.45293426513672,568000
2023-12-29,92.77999877929688,93.1500015258789,92.08000183105469,92.08999633789062,91.244140625,705200
2024-01-02,91.26000213623047,92.61000061035156,91.02999877929688,91.75,90.90726470947266,737900
2024-01-03,90.63999938964844,91.01000213623047,89.25,90.11000061035156,89.28233337402344,1006300
2024-01-04,89.9800033569336,90.69000244140625,89.97000122070312,90.33999633789062,89.51020812988281,823200
2024-01-05,89.80000305175781,91.56999969482422,89.2699966430664,91.2300033569336,90.39205169677734,1298800
2024-01-08,91.08999633789062,92.08999633789062,90.5199966430664,92.0,91.15496826171875,855600
2024-01-09,91.44999694824219,92.08000183105469,90.66999816894531,91.77999877929688,90.9369888305664,559800
2024-01-10,91.44000244140625,92.04000091552734,90.94999694824219,91.4800033569336,90.6397476196289,757100
2024-01-11,91.86000061035156,92.06999969482422,90.72000122070312,91.1500015258789,90.31278228759766,900600
2024-01-12,92.08999633789062,92.5,90.51000213623047,90.8499984741211,90.01553344726562,412600
2024-01-16,90.12999725341797,90.80999755859375,89.43000030517578,90.79000091552734,89.95608520507812,863200
2024-01-17,89.72000122070312,90.58000183105469,89.25,89.55999755859375,88.73738098144531,821200
2024-01-18,89.73999786376953,90.0199966430664,88.72000122070312,89.29000091552734,88.46986389160156,799000
2024-01-19,89.30999755859375,90.80999755859375,88.33000183105469,90.63999938964844,89.80746459960938,840100
2024-01-22,90.4800033569336,91.30000305175781,90.25,90.8499984741211,90.01553344726562,552200
2024-01-23,91.6500015258789,91.80000305175781,90.5,91.1500015258789,90.31278228759766,1059900
2024-01-24,91.81999969482422,91.9800033569336,89.95999908447266,89.98999786376953,89.1634292602539,681100
2024-01-25,91.23999786376953,91.70999908447266,90.01000213623047,90.51000213623047,89.67865753173828,1159600
2024-01-26,91.13999938964844,91.31999969482422,90.36000061035156,91.04000091552734,90.20378875732422,709000
2024-01-29,90.62000274658203,90.97000122070312,89.69000244140625,90.7300033569336,89.89664459228516,1219900
2024-01-30,90.0999984741211,91.01000213623047,89.94000244140625,90.69000244140625,89.85700988769531,1053700
2024-01-31,91.11000061035156,91.16999816894531,88.4000015258789,88.5,87.6871109008789,1282200
2024-02-01,90.0999984741211,90.33999633789062,88.19999694824219,89.6500015258789,88.82655334472656,2147700
2024-02-02,88.37999725341797,89.26000213623047,87.27999877929688,89.04000091552734,88.22216033935547,1169600
2024-02-05,87.83999633789062,88.47000122070312,86.62999725341797,88.33000183105469,87.51868438720703,1206000
2024-02-06,70.83999633789062,77.76000213623047,69.61000061035156,76.66999816894531,75.96578216552734,5849500
2024-02-07,79.0,79.0,74.6500015258789,74.95999908447266,74.271484375,2629400
2024-02-08,74.9000015258789,75.52999877929688,73.94000244140625,74.29000091552734,73.6076431274414,1877100
2024-02-09,74.93000030517578,75.41999816894531,73.37999725341797,74.79000091552734,74.1030502319336,1342400
2024-02-12,74.98999786376953,76.2300033569336,74.80000305175781,75.63999938964844,74.94524383544922,1841600
2024-02-13,74.33999633789062,74.69000244140625,73.30000305175781,73.52999877929688,72.85462188720703,1695000
2024-02-14,73.68000030517578,74.19000244140625,72.79000091552734,73.47000122070312,72.79517364501953,1656900
2024-02-15,73.61000061035156,74.0199966430664,71.80000305175781,71.94000244140625,71.27922821044922,1877500
2024-02-16,71.62000274658203,72.2699966430664,71.0,72.26000213623047,71.5962905883789,1806700
2024-02-20,72.0999984741211,73.7699966430664,71.80000305175781,73.13999938964844,72.46819305419922,1155500
2024-02-21,73.02999877929688,75.2699966430664,73.02999877929688,75.25,74.5588150024414,1531900
2024-02-22,75.13999938964844,77.12000274658203,75.06999969482422,76.81999969482422,76.1144027709961,1610000
2024-02-23,77.48999786376953,77.66999816894531,76.47000122070312,76.91999816894531,76.2134780883789,867100
2024-02-26,76.6500015258789,77.73999786376953,75.83000183105469,75.83999633789062,75.14339447021484,789400
2024-02-27,76.37000274658203,77.69000244140625,76.0999984741211,77.48999786376953,76.77824401855469,1204600
2024-02-28,77.05000305175781,77.69000244140625,74.91999816894531,75.12000274658203,74.43001556396484,1807700
2024-02-29,75.80000305175781,76.80999755859375,75.0,76.62000274658203,75.91624450683594,1898000
2024-03-01,76.52999877929688,76.95999908447266,75.81999969482422,76.31999969482422,75.6189956665039,1129900
2024-03-04,76.75,76.77999877929688,75.77999877929688,75.9000015258789,75.20285034179688,1337700
2024-03-05,75.55999755859375,75.97000122070312,74.31999969482422,74.6500015258789,73.96434020996094,1239300
2024-03-06,75.51000213623047,76.43000030517578,75.01000213623047,76.0,75.30193328857422,950600
2024-03-07,76.5999984741211,77.9000015258789,76.29000091552734,77.80000305175781,77.08540344238281,1209400
2024-03-08,78.16000366210938,78.80000305175781,77.91000366210938,77.9800033569336,77.26375579833984,894500
2024-03-11,77.88999938964844,78.93000030517578,77.73999786376953,78.23999786376953,77.52135467529297,983700
2024-03-12,78.7699966430664,78.83000183105469,77.54000091552734,78.0,77.2835693359375,1147900
2024-03-13,77.66000366210938,78.62000274658203,77.66000366210938,77.95999908447266,77.49230194091797,1091100
2024-03-14,77.51000213623047,78.05999755859375,76.80999755859375,77.26000213623047,76.7965087890625,1255400
2024-03-15,77.0,78.62999725341797,77.0,77.72000122070312,77.25374603271484,1872600
2024-03-18,77.5999984741211,78.19999694824219,76.91000366210938,77.43000030517578,76.9654769897461,1462300
2024-03-19,77.41000366210938,78.19000244140625,77.05999755859375,77.26000213623047,76.7965087890625,1457600
2024-03-20,76.80999755859375,77.69999694824219,76.68000030517578,77.29000091552734,76.82632446289062,1550600
2024-03-21,77.69000244140625,77.80999755859375,77.0999984741211,77.75,77.28356170654297,1210900
2024-03-22,78.22000122070312,78.22000122070312,77.12000274658203,77.55000305175781,77.08476257324219,1057500
2024-03-25,77.87000274658203,78.33999633789062,77.36000061035156,77.38999938964844,76.92572021484375,790600
2024-03-26,77.97000122070312,78.08999633789062,77.33000183105469,77.43000030517578,76.9654769897461,996300
2024-03-27,77.3499984741211,78.51000213623047,77.12000274658203,78.51000213623047,78.03900146484375,882500
2024-03-28,78.29000091552734,79.36000061035156,78.04000091552734,79.26000213623047,78.78450775146484,1403700
2024-04-01,79.2699966430664,79.47000122070312,78.87000274658203,79.30999755859375,78.83419799804688,654000
2024-04-02,79.12000274658203,79.26000213623047,77.97000122070312,78.1500015258789,77.68115997314453,803700
2024-04-03,77.69999694824219,78.37999725341797,76.9000015258789,77.41999816894531,76.95553588867188,756100
2024-04-04,77.91000366210938,78.79000091552734,77.27999877929688,77.5,77.03506469726562,584500
2024-04-05,77.33999633789062,78.01000213623047,77.2300033569336,77.30000305175781,76.83625793457031,608700
2024-04-08,77.48999786376953,77.9000015258789,76.69999694824219,76.98999786376953,76.52812194824219,736300
2024-04-09,77.33000183105469,80.56999969482422,77.20999908447266,80.55999755859375,80.07670593261719,1388000
2024-04-10,79.0199966430664,79.69999694824219,78.43000030517578,79.5,79.02306365966797,961700
2024-04-11,79.48999786376953,79.94999694824219,78.98999786376953,79.51000213623047,79.03300476074219,802200
2024-04-12,78.87000274658203,79.5199966430664,76.87000274658203,77.30999755859375,76.84619903564453,1110100
2024-04-15,78.29000091552734,78.70999908447266,75.27999877929688,76.19999694824219,75.74285888671875,1338200
2024-04-16,77.11000061035156,77.5,75.75,76.9800033569336,76.51818084716797,998800
2024-04-17,76.87000274658203,77.0199966430664,76.04000091552734,76.43000030517578,75.97148132324219,889900
2024-04-18,76.76000213623047,77.06999969482422,76.1500015258789,76.91999816894531,76.45854187011719,593000
2024-04-19,76.43000030517578,77.87000274658203,76.1500015258789,77.66999816894531,77.20404052734375,1084300
2024-04-22,78.0,79.68000030517578,77.12000274658203,79.43000030517578,78.95348358154297,1036900
2024-04-23,78.80000305175781,80.58000183105469,78.55000305175781,78.5999984741211,78.12845611572266,1154900
2024-04-24,78.33999633789062,79.18000030517578,77.9000015258789,78.83000183105469,78.35708618164062,1602300
2024-04-25,78.41000366210938,79.9800033569336,78.16000366210938,79.77999877929688,79.30137634277344,1596500
2024-04-26,80.81999969482422,81.29000091552734,80.0,80.58999633789062,80.10652160644531,1903800
2024-04-29,81.08999633789062,81.91999816894531,80.76000213623047,81.08999633789062,80.603515625,2063900
2024-04-30,83.19999694824219,85.66000366210938,81.91000366210938,82.06999969482422,81.57764434814453,2933200
2024-05-01,82.52999877929688,84.37999725341797,81.66000366210938,83.05999755859375,82.56170654296875,1847400
2024-05-02,83.6500015258789,83.81999969482422,82.30999755859375,82.37000274658203,81.8758544921875,1007200
2024-05-03,83.1500015258789,83.38999938964844,82.08999633789062,82.44999694824219,81.95536041259766,841700
2024-05-06,83.01000213623047,83.80000305175781,82.81999969482422,83.2699966430664,82.77044677734375,671200
2024-05-07,83.5199966430664,84.19000244140625,83.23999786376953,83.83999633789062,83.33702087402344,1092500
2024-05-08,83.5,84.13999938964844,83.05999755859375,84.02999877929688,83.52587890625,1338000
2024-05-09,84.2300033569336,84.62000274658203,83.70999908447266,83.77999877929688,83.27738952636719,644100
2024-05-10,84.1500015258789,84.30999755859375,83.45999908447266,84.02999877929688,83.52587890625,489200
2024-05-13,84.55999755859375,84.62999725341797,83.4800033569336,84.11000061035156,83.60540771484375,922700
2024-05-14,84.5,84.87000274658203,84.0999984741211,84.69000244140625,84.18193054199219,772300
2024-05-15,85.0,85.11000061035156,84.16999816894531,84.22000122070312,83.71475219726562,621500
2024-05-16,84.33000183105469,85.48999786376953,84.06999969482422,85.25,84.73856353759766,914700
2024-05-17,85.37999725341797,85.4000015258789,84.62000274658203,84.9000015258789,84.39067077636719,532100
2024-05-20,84.66000366210938,85.5199966430664,84.52999877929688,85.16999816894531,84.65904998779297,512600
2024-05-21,85.13999938964844,85.8499984741211,84.91999816894531,85.7300033569336,85.21569061279297,795300
2024-05-22,85.38999938964844,85.44999694824219,84.41999816894531,84.77999877929688,84.2713851928711,480800
2024-05-23,84.7300033569336,84.81999969482422,82.81999969482422,83.37000274658203,82.8698501586914,471500
2024-05-24,83.87000274658203,84.12000274658203,83.3499984741211,83.66999816894531,83.16805267333984,630200
2024-05-28,83.75,83.75,82.05999755859375,82.55000305175781,82.05477142333984,834800
2024-05-29,81.83000183105469,82.4800033569336,81.58000183105469,82.27999877929688,81.78638458251953,681600
2024-05-30,82.48999786376953,83.45999908447266,81.73999786376953,83.44000244140625,82.93942260742188,552500
2024-05-31,83.45999908447266,84.25,82.94999694824219,84.19000244140625,83.68492889404297,810200
2024-06-03,84.37999725341797,84.37999725341797,83.23999786376953,83.48999786376953,82.98912811279297,641100
2024-06-04,83.05999755859375,83.37999725341797,82.25,82.37000274658203,81.8758544921875,728600
2024-06-05,82.2300033569336,82.58000183105469,81.43000030517578,82.33000183105469,81.83609008789062,630600
2024-06-06,82.41000366210938,82.81999969482422,82.13999938964844,82.29000091552734,81.79632568359375,480600
2024-06-07,81.9800033569336,82.41999816894531,81.5999984741211,82.20999908447266,81.71680450439453,427700
2024-06-10,81.5199966430664,82.73999786376953,81.0199966430664,82.66999816894531,82.17404174804688,944400
2024-06-11,82.37000274658203,82.37000274658203,80.18000030517578,80.3499984741211,79.86796569824219,850400
2024-06-12,81.16999816894531,81.6500015258789,79.4800033569336,79.98999786376953,79.51012420654297,1317600
2024-06-13,79.83000183105469,80.55999755859375,78.83999633789062,79.1500015258789,78.92182159423828,1176200
2024-06-14,78.51000213623047,78.95999908447266,77.56999969482422,78.18000030517578,77.95462036132812,1066900
2024-06-17,77.87000274658203,78.48999786376953,77.76000213623047,77.98999786376953,77.76516723632812,922500
2024-06-18,77.9000015258789,78.62000274658203,76.2699966430664,76.44000244140625,76.21963500976562,1318600
2024-06-20,76.4000015258789,78.13999938964844,76.30000305175781,77.25,77.02729797363281,1206900
2024-06-21,77.06999969482422,78.51000213623047,77.06999969482422,77.54000091552734,77.31646728515625,1702400
2024-06-24,77.87999725341797,79.77999877929688,77.58999633789062,79.19999694824219,78.9716796875,1014800
2024-06-25,79.18000030517578,79.55000305175781,77.66999816894531,78.62999725341797,78.4033203125,701000
2024-06-26,78.11000061035156,78.11000061035156,77.05999755859375,77.43000030517578,77.20677947998047,636300
2024-06-27,77.19999694824219,77.19999694824219,75.80000305175781,76.4800033569336,76.259521484375,719100
2024-06-28,76.5199966430664,76.69999694824219,73.98999786376953,74.38999938964844,74.17554473876953,1955500
2024-07-01,74.83000183105469,74.83000183105469,72.72000122070312,73.23999786376953,73.02886199951172,938200
2024-07-02,73.0199966430664,73.33999633789062,72.19999694824219,73.22000122070312,73.00891876220703,811500
2024-07-03,73.41999816894531,73.9800033569336,72.52999877929688,72.5999984741211,72.39070129394531,414700
2024-07-05,72.41999816894531,72.41999816894531,70.83999633789062,71.5199966430664,71.31381225585938,1914700
2024-07-08,71.97000122070312,73.4000015258789,71.7699966430664,72.94999694824219,72.73969268798828,1096400
2024-07-09,72.36000061035156,72.7300033569336,71.61000061035156,71.9000015258789,71.6927261352539,883700
2024-07-10,72.41000366210938,73.25,71.62000274658203,72.4800033569336,72.27105712890625,795900
2024-07-11,73.48999786376953,75.45999908447266,73.22000122070312,74.5999984741211,74.38494110107422,1274600
2024-07-12,75.54000091552734,76.51000213623047,75.33000183105469,75.98999786376953,75.77092742919922,956000
2024-07-15,75.9800033569336,77.25,75.93000030517578,76.06999969482422,75.85070037841797,900800
2024-07-16,75.94000244140625,77.61000061035156,75.77999877929688,77.3499984741211,77.12701416015625,793600
2024-07-17,76.9800033569336,78.68000030517578,76.94999694824219,78.04000091552734,77.81502532958984,1269700
2024-07-18,77.44000244140625,79.27999877929688,77.22000122070312,77.83999633789062,77.61559295654297,1093900
2024-07-19,77.69999694824219,78.04000091552734,76.41999816894531,77.58000183105469,77.35635375976562,1010700
2024-07-22,77.6500015258789,77.88999938964844,76.02999877929688,77.45999908447266,77.2366943359375,1434900
2024-07-23,84.80000305175781,86.11000061035156,83.7300033569336,84.37000274658203,84.12677764892578,3986300
2024-07-24,84.93000030517578,85.43000030517578,83.80000305175781,85.02999877929688,84.78487396240234,2337300
2024-07-25,85.4800033569336,86.72000122070312,84.7699966430664,84.9000015258789,84.6552505493164,2023900
2024-07-26,85.70999908447266,86.86000061035156,85.02999877929688,85.68000030517578,85.43299865722656,1556500
2024-07-29,87.5,87.94999694824219,86.16000366210938,86.77999877929688,86.52982330322266,1052400
2024-07-30,86.5999984741211,87.62000274658203,86.30000305175781,87.36000061035156,87.108154296875,1336900
2024-07-31,87.48999786376953,89.97000122070312,86.38999938964844,88.69999694824219,88.44429016113281,1406300
2024-08-01,88.6500015258789,89.68000030517578,86.43000030517578,88.11000061035156,87.85599517822266,1368300
2024-08-02,87.45999908447266,88.23999786376953,85.61000061035156,88.16000366210938,87.90585327148438,1704700
2024-08-05,84.66000366210938,85.83000183105469,83.30000305175781,85.37999725341797,85.13385772705078,1792100
2024-08-06,85.23999786376953,87.47000122070312,85.05000305175781,85.29000091552734,85.04412078857422,1201000
2024-08-07,85.8499984741211,87.05999755859375,85.7699966430664,85.94999694824219,85.70221710205078,969900
2024-08-08,86.16999816894531,86.80000305175781,85.52999877929688,86.13999938964844,85.89167022705078,780800
2024-08-09,85.98999786376953,86.13999938964844,84.8499984741211,85.81999969482422,85.57259368896484,657200
2024-08-12,85.62999725341797,85.94000244140625,84.97000122070312,85.5999984741211,85.35322570800781,941900
2024-08-13,85.98999786376953,86.86000061035156,85.41999816894531,86.18000030517578,85.93155670166016,743900
2024-08-14,86.30999755859375,86.9800033569336,86.02999877929688,86.72000122070312,86.47000122070312,771200
2024-08-15,87.30999755859375,88.4000015258789,86.25,87.87999725341797,87.87999725341797,1162200
2024-08-16,87.5999984741211,88.33000183105469,87.26000213623047,87.97000122070312,87.97000122070312,495400
2024-08-19,87.87999725341797,89.36000061035156,87.87999725341797,89.12999725341797,89.12999725341797,1064900
2024-08-20,89.04000091552734,89.11000061035156,87.51000213623047,87.80999755859375,87.80999755859375,641800
2024-08-21,87.98999786376953,89.37999725341797,87.98999786376953,89.3499984741211,89.3499984741211,646800
2024-08-22,89.58000183105469,89.91000366210938,88.95999908447266,89.75,89.75,760700
2024-08-23,90.0,90.56999969482422,89.12999725341797,89.55000305175781,89.55000305175781,1229800
2024-08-26,90.20999908447266,90.80000305175781,89.36000061035156,90.19000244140625,90.19000244140625,974900
2024-08-27,89.51000213623047,90.4000015258789,89.16999816894531,89.66999816894531,89.66999816894531,628800
2024-08-28,89.5,90.48999786376953,88.97000122070312,89.30000305175781,89.30000305175781,1033400
2024-08-29,89.95999908447266,89.95999908447266,87.87999725341797,89.1500015258789,89.1500015258789,1191000
2024-08-30,89.69999694824219,90.56999969482422,89.0,90.41000366210938,90.41000366210938,899700
2024-09-03,89.72000122070312,90.76000213623047,89.72000122070312,90.41999816894531,90.41999816894531,1128500
2024-09-04,90.12999725341797,91.3499984741211,89.88999938964844,90.33000183105469,90.33000183105469,2999200
2024-09-05,90.79000091552734,91.11000061035156,89.66999816894531,90.37999725341797,90.37999725341797,2229400
2024-09-06,90.58000183105469,92.30999755859375,90.58000183105469,91.36000061035156,91.36000061035156,1351100
2024-09-09,91.2699966430664,92.12999725341797,90.63999938964844,90.9000015258789,90.9000015258789,931200
2024-09-10,90.66999816894531,91.11000061035156,89.62999725341797,89.86000061035156,89.86000061035156,623400
2024-09-11,89.83999633789062,89.9800033569336,87.88999938964844,89.94000244140625,89.94000244140625,517500
2024-09-12,90.04000091552734,90.58999633789062,89.41999816894531,90.1500015258789,90.1500015258789,936500
2024-09-13,90.62999725341797,91.41999816894531,90.13999938964844,91.33999633789062,91.33999633789062,503300
2024-09-16,91.77999877929688,92.54000091552734,91.29000091552734,92.47000122070312,92.47000122070312,685200
2024-09-17,92.54000091552734,93.04000091552734,92.19999694824219,92.22000122070312,92.22000122070312,572900
2024-09-18,92.55000305175781,93.80000305175781,92.27999877929688,93.12999725341797,93.12999725341797,739000
2024-09-19,94.0,94.45999908447266,93.1500015258789,94.43000030517578,94.43000030517578,807100
2024-09-20,93.87000274658203,94.33999633789062,93.12999725341797,93.69999694824219,93.69999694824219,1371000
2024-09-23,94.01000213623047,95.72000122070312,93.23999786376953,95.4800033569336,95.4800033569336,1329200
2024-09-24,95.08999633789062,96.36000061035156,95.0199966430664,95.72000122070312,95.72000122070312,919700
2024-09-25,96.0,96.73999786376953,94.30000305175781,94.7699966430664,94.7699966430664,575100
2024-09-26,94.94999694824219,95.73999786376953,94.58000183105469,94.98999786376953,94.98999786376953,856100
2024-09-27,95.54000091552734,96.13999938964844,94.2300033569336,94.73999786376953,94.73999786376953,814400
2024-09-30,94.45999908447266,95.9000015258789,93.91000366210938,95.87999725341797,95.87999725341797,937500
2024-10-01,96.0,96.62000274658203,95.27999877929688,95.80000305175781,95.80000305175781,570500
2024-10-02,95.7699966430664,96.19000244140625,94.0999984741211,94.16999816894531,94.16999816894531,850000
2024-10-03,93.83000183105469,94.12000274658203,93.11000061035156,93.23999786376953,93.23999786376953,804300
2024-10-04,93.69000244140625,94.29000091552734,93.25,93.77999877929688,93.77999877929688,595100
2024-10-07,93.0,93.29000091552734,91.41999816894531,92.0999984741211,92.0999984741211,904300
2024-10-08,91.7300033569336,92.33999633789062,91.30999755859375,92.25,92.25,1092800
2024-10-09,91.77999877929688,93.19999694824219,91.77999877929688,92.5999984741211,92.5999984741211,809000
