Date,Open,High,Low,Close,Adj Close,Volume
2010-02-09,19.3700008392334,19.3700008392334,19.3700008392334,19.3700008392334,12.07764720916748,0
2010-06-25,100.0,103.05000305175781,100.0,102.1500015258789,63.69289779663086,76356
2010-06-28,102.1500015258789,102.5,100.1500015258789,101.8499984741211,63.5058479309082,0
2010-06-29,102.3499984741211,102.3499984741211,100.5,101.8499984741211,63.5058479309082,33226
2010-06-30,102.1500015258789,102.25,100.75,102.25,63.75525665283203,38630
2010-07-01,102.3499984741211,102.69999694824219,101.0,102.0,63.599361419677734,54643
2010-07-02,101.75,104.0,101.27999877929688,103.05000305175781,64.25408172607422,41303
2010-07-06,103.05000305175781,105.0,101.6500015258789,102.9000015258789,64.16055297851562,29350
2010-07-07,103.69999694824219,103.75,101.75,102.5,63.91112518310547,20483
2010-07-08,102.69999694824219,103.75,100.6500015258789,101.69999694824219,63.41231918334961,58650
2010-07-09,101.80000305175781,103.19999694824219,101.25,102.9000015258789,64.16055297851562,21449
2010-07-12,103.75,104.8499984741211,101.5,102.0,63.599361419677734,48674
2010-07-13,102.8499984741211,102.94999694824219,101.55000305175781,101.69999694824219,63.41231918334961,27281
2010-07-14,101.6500015258789,102.44999694824219,101.25,101.30000305175781,63.162899017333984,30449
2010-07-15,102.0999984741211,102.75,100.80000305175781,102.0999984741211,63.661705017089844,45367
2010-07-16,104.1500015258789,104.1500015258789,101.5999984741211,102.0,63.599361419677734,56162
2010-07-19,102.8499984741211,102.8499984741211,101.27999877929688,102.3499984741211,63.817596435546875,28417
2010-07-20,102.75,103.75,101.8499984741211,103.05000305175781,64.25408172607422,42338
2010-07-21,103.5,103.87300109863281,102.5,102.94999694824219,64.19169616699219,30611
2010-07-22,103.9000015258789,103.94999694824219,102.0,103.23999786376953,64.37252807617188,24234
2010-07-23,103.44999694824219,103.44999694824219,102.1500015258789,103.05000305175781,64.25408172607422,27510
2010-07-26,102.25,103.0,101.71499633789062,102.0999984741211,63.661705017089844,47680
2010-07-27,101.5999984741211,102.80000305175781,101.0999984741211,102.4000015258789,63.848785400390625,30598
2010-07-28,102.25,103.19999694824219,101.19999694824219,102.75,64.0670166015625,26744
2010-07-29,102.0,102.3499984741211,100.0,100.0,62.35231018066406,94932
2010-07-30,100.44999694824219,101.16500091552734,100.25,100.9000015258789,62.91347885131836,39382
2010-08-02,101.25,101.55000305175781,100.5,100.5999984741211,62.7264289855957,28772
2010-08-03,100.8499984741211,101.5,100.6500015258789,101.30000305175781,63.162899017333984,33525
2010-08-04,101.5,102.0,100.80000305175781,101.0,62.97584915161133,48155
2010-08-05,100.5,102.19999694824219,100.5,102.1500015258789,63.69289779663086,54492
2010-08-06,102.55000305175781,103.0999984741211,101.25,102.44999694824219,63.879940032958984,77784
2010-08-09,102.75,103.25,101.8499984741211,103.25,64.37876892089844,50064
2010-08-10,102.75,103.0,101.4000015258789,102.80000305175781,64.09818267822266,71944
2010-08-11,100.75,100.95249938964844,99.75,100.1500015258789,62.44584274291992,80062
2010-08-12,100.0,102.1500015258789,99.75,102.0,63.599361419677734,52613
2010-08-13,101.75,102.31999969482422,100.94999694824219,102.05000305175781,63.630550384521484,36177
2010-08-16,102.30000305175781,102.30000305175781,100.8499984741211,101.80049896240234,63.474971771240234,59793
2010-08-17,103.0999984741211,103.0999984741211,101.09500122070312,101.25,63.131736755371094,66016
2010-08-18,101.5,102.0,100.80000305175781,102.0,63.599361419677734,52279
2010-08-19,100.69999694824219,101.4749984741211,100.44999694824219,100.80000305175781,62.851131439208984,37964
2010-08-20,101.6500015258789,101.94999694824219,100.25,100.4000015258789,62.601715087890625,30829
2010-08-23,101.75,101.75,100.5999984741211,101.1500015258789,63.0693473815918,36141
2010-08-24,100.94999694824219,101.0,100.1500015258789,100.5,62.66407775878906,30819
2010-08-25,101.25,101.25,100.1500015258789,100.1500015258789,62.44584274291992,32855
2010-08-26,100.94999694824219,100.94999694824219,99.05000305175781,99.75,62.196441650390625,49739
2010-08-27,99.30000305175781,100.44999694824219,98.75,100.19999694824219,62.477027893066406,32951
2010-08-30,99.05000305175781,99.94999694824219,98.8499984741211,99.5999984741211,62.1029052734375,26434
2010-08-31,99.8499984741211,100.6500015258789,98.94999694824219,100.05000305175781,62.38350296020508,32288
2010-09-01,99.94999694824219,102.44999694824219,99.55000305175781,101.44999694824219,63.256404876708984,58540
2010-09-02,102.30000305175781,102.30000305175781,100.69999694824219,101.4000015258789,63.225242614746094,22841
2010-09-03,102.30000305175781,102.30000305175781,100.5999984741211,101.44999694824219,63.256404876708984,20465
2010-09-07,101.44999694824219,101.44999694824219,100.0999984741211,100.5,62.66407775878906,30684
2010-09-08,100.9000015258789,101.6500015258789,100.25,100.80000305175781,62.851131439208984,30642
2010-09-09,101.5999984741211,101.75,100.5999984741211,101.1500015258789,63.0693473815918,25076
2010-09-10,101.5999984741211,101.69999694824219,100.94999694824219,101.05000305175781,63.00703048706055,21093
2010-09-13,101.9000015258789,102.25,101.0999984741211,102.0999984741211,63.661705017089844,38833
2010-09-14,102.19999694824219,103.0,101.5999984741211,102.65049743652344,64.00497436523438,55830
2010-09-15,102.94999694824219,103.1500015258789,101.79499816894531,102.0999984741211,63.661705017089844,35106
2010-09-16,101.94999694824219,102.69999694824219,101.75,102.5,63.91112518310547,37552
2010-09-17,102.5,102.9000015258789,101.75,102.6500015258789,64.00465393066406,31180
2010-09-20,102.80000305175781,102.9000015258789,101.75,101.94999694824219,63.568206787109375,34163
2010-09-21,101.75,102.5999984741211,101.25,101.73100280761719,63.431640625,37989
2010-09-22,102.5,102.6500015258789,101.05000305175781,102.05000305175781,63.630550384521484,44073
2010-09-23,101.4000015258789,101.94999694824219,101.05000305175781,101.6500015258789,63.381134033203125,33149
2010-09-24,101.9000015258789,102.05000305175781,100.9000015258789,101.4000015258789,63.225242614746094,52767
2010-09-27,101.55000305175781,101.5999984741211,99.69999694824219,99.99800109863281,62.35108184814453,71606
2010-09-28,100.0,101.3499984741211,99.5,99.80000305175781,62.22761154174805,53994
2010-09-29,99.94999694824219,101.0,99.5999984741211,100.6500015258789,62.75761413574219,36732
2010-09-30,101.4000015258789,102.1500015258789,100.55000305175781,101.9000015258789,63.53702926635742,41215
2010-10-01,102.25,102.30500030517578,101.30000305175781,102.19999694824219,63.724082946777344,43418
2010-10-04,102.0,102.94999694824219,100.9000015258789,102.75,64.0670166015625,52689
2010-10-05,100.9000015258789,102.6500015258789,100.9000015258789,102.30000305175781,63.78642654418945,50778
2010-10-06,102.25,103.30000305175781,101.75,103.30000305175781,64.40995025634766,52674
2010-10-07,103.5,104.0,102.8499984741211,104.0,64.84639739990234,41920
2010-10-08,104.0,104.9000015258789,102.8499984741211,103.80000305175781,64.72171020507812,33664
2010-10-11,103.30000305175781,104.0999984741211,103.25,104.05000305175781,64.8775863647461,29454
2010-10-12,104.3499984741211,104.3499984741211,102.94999694824219,103.5,64.53466033935547,31183
2010-10-13,103.75,104.5,103.55000305175781,104.25,65.0022964477539,40466
2010-10-14,104.4000015258789,104.44999694824219,103.55000305175781,103.6500015258789,64.628173828125,46904
2010-10-15,104.05000305175781,104.4000015258789,103.75,104.19499969482422,64.9679946899414,43013
2010-10-18,103.75,104.75,103.5999984741211,104.625,65.23612213134766,42269
2010-10-19,104.55000305175781,104.69999694824219,103.9000015258789,104.4000015258789,65.09583282470703,37439
2010-10-20,103.8499984741211,104.55000305175781,103.75,103.80000305175781,64.72171020507812,42190
2010-10-21,103.9000015258789,104.55000305175781,103.75,104.0999984741211,64.90876007080078,44015
2010-10-22,104.5,104.5,103.80000305175781,103.80249786376953,64.7232666015625,35243
2010-10-25,104.25,104.5,102.75,103.05000305175781,64.25408172607422,48944
2010-10-26,103.44999694824219,103.8499984741211,102.8499984741211,103.44999694824219,64.50347137451172,47068
2010-10-27,104.05000305175781,104.05000305175781,102.8499984741211,103.4000015258789,64.4723129272461,42613
2010-10-28,103.94999694824219,104.12300109863281,103.1500015258789,103.75,64.69054412841797,25440
2010-10-29,103.9000015258789,104.75,103.5,104.6500015258789,65.25169372558594,23158
2010-11-01,104.4000015258789,104.94999694824219,104.0999984741211,104.80000305175781,65.3452377319336,39769
2010-11-02,104.9000015258789,105.0,104.6500015258789,104.6500015258789,65.25169372558594,34864
2010-11-03,104.80000305175781,105.4000015258789,104.5479965209961,105.4000015258789,65.71936798095703,39480
2010-11-04,107.5,107.6500015258789,106.0,107.06999969482422,66.76065063476562,63592
2010-11-05,106.75,107.19999694824219,106.19999694824219,107.0,66.71697235107422,51103
2010-11-08,107.4000015258789,122.0,106.6500015258789,107.8499984741211,67.24699401855469,79245
2010-11-09,108.0,108.9000015258789,107.6500015258789,108.4000015258789,67.58990478515625,43483
2010-11-10,109.5,109.5,108.0,108.25,67.49639129638672,40588
2010-11-11,107.94999694824219,109.25,106.4000015258789,108.25,67.49639129638672,38155
2010-11-12,107.0,107.84649658203125,105.75,105.80000305175781,65.96875,41120
2010-11-15,106.69999694824219,107.9000015258789,106.0,106.75,66.56109619140625,47477
2010-11-16,106.94999694824219,106.94999694824219,102.9000015258789,104.05000305175781,64.8775863647461,68131
2010-11-17,104.5999984741211,104.5999984741211,101.30000305175781,102.0,63.599361419677734,46586
2010-11-18,102.05000305175781,103.25,101.75,103.0,64.22288513183594,65131
2010-11-19,103.30000305175781,103.69999694824219,101.9000015258789,102.44999694824219,63.879940032958984,36620
2010-11-22,101.8499984741211,102.44999694824219,100.30000305175781,100.5999984741211,62.7264289855957,78954
2010-11-23,100.05000305175781,103.3499984741211,100.0,103.0999984741211,64.28522491455078,79356
2010-11-24,103.75,104.4000015258789,102.80000305175781,103.30000305175781,64.40995025634766,35763
2010-11-26,102.94999694824219,104.25,102.3499984741211,103.6500015258789,64.628173828125,13923
2010-11-29,104.25,105.0,103.25,105.0,65.46994018554688,27322
2010-11-30,104.75,106.4000015258789,104.30000305175781,106.30000305175781,66.280517578125,32051
2010-12-01,106.94999694824219,107.94999694824219,106.5,107.55000305175781,67.05992126464844,50585
2010-12-02,107.5,108.0,106.0999984741211,107.19999694824219,66.8416748046875,42617
2010-12-03,108.25,108.25,106.30000305175781,108.0,67.34050750732422,35418
2010-12-06,107.6500015258789,107.9000015258789,106.30000305175781,106.44999694824219,66.37403869628906,49075
2010-12-07,107.5,107.5,106.44999694824219,107.4000015258789,66.9664077758789,33852
2010-12-08,107.4000015258789,108.0,106.80000305175781,108.0,67.34050750732422,32554
2010-12-09,108.0,109.0,107.30000305175781,108.94999694824219,67.9328384399414,35299
2010-12-10,107.80000305175781,109.5,107.75,107.75,67.18461608886719,35764
2010-12-13,108.5,109.5,105.5,105.9000015258789,66.03111267089844,46167
2010-12-14,107.1500015258789,108.05000305175781,105.31999969482422,106.75,66.56109619140625,40234
2010-12-15,107.0999984741211,107.25,102.9000015258789,103.05000305175781,64.25408172607422,34576
2010-12-16,103.5999984741211,104.4000015258789,102.5,103.55000305175781,64.56584167480469,54079
2010-12-17,104.0999984741211,105.5,103.3499984741211,104.80000305175781,65.3452377319336,41575
2010-12-20,105.55000305175781,105.75,104.0,105.1500015258789,65.56346130371094,24515
2010-12-21,105.75,106.6500015258789,104.44999694824219,105.4000015258789,65.71936798095703,38418
2010-12-22,106.4000015258789,108.55000305175781,106.0,107.34500122070312,66.93211364746094,47382
2010-12-23,107.3499984741211,108.25,105.5,106.0,66.09346771240234,24060
2010-12-27,105.3499984741211,106.44999694824219,104.9000015258789,105.1500015258789,65.56346130371094,24035
2010-12-28,104.69999694824219,106.27999877929688,104.5,106.05000305175781,66.12462615966797,27072
2010-12-29,105.8499984741211,109.25,105.55000305175781,107.91999816894531,67.29064178466797,32680
2010-12-30,108.75,109.3499984741211,107.5,108.6500015258789,67.74579620361328,25662
2010-12-31,108.6500015258789,109.9000015258789,108.6500015258789,109.9000015258789,68.52519226074219,27420
2011-01-03,109.6500015258789,109.94999694824219,107.0999984741211,108.75,67.80815124511719,47582
2011-01-04,108.44999694824219,109.5,106.30000305175781,107.5,67.02873992919922,47763
2011-01-05,106.5,111.0,106.3499984741211,110.19999694824219,68.71226501464844,66931
2011-01-06,108.80000305175781,109.94999694824219,107.1500015258789,109.1500015258789,68.05754852294922,43961
2011-01-07,108.19999694824219,109.75,108.19999694824219,108.80000305175781,67.8393325805664,25846
2011-01-10,108.1500015258789,111.25,108.1500015258789,111.25,69.36695098876953,40038
2011-01-11,111.0999984741211,112.9000015258789,109.55000305175781,111.0,69.21106719970703,59176
2011-01-12,110.6500015258789,112.0,110.4000015258789,110.6500015258789,68.99285888671875,36415
2011-01-13,111.05000305175781,111.5,109.19999694824219,109.75,68.43167114257812,49818
2011-01-14,109.25,110.94999694824219,108.80000305175781,109.25,68.11991119384766,32857
2011-01-18,110.0,110.44999694824219,108.25,108.75,67.80815124511719,46858
2011-01-19,109.3499984741211,109.75,108.25,108.75,67.80815124511719,48840
2011-01-20,108.30000305175781,108.5999984741211,107.0,107.75,67.18461608886719,43443
2011-01-21,108.44999694824219,109.1500015258789,107.30000305175781,107.4000015258789,66.9664077758789,37375
2011-01-24,108.4000015258789,108.80000305175781,107.35549926757812,108.25,67.49639129638672,41493
2011-01-25,108.25,108.5,106.75,107.94999694824219,67.30933380126953,54014
2011-01-26,107.5,108.0,107.0,107.44999694824219,66.9975357055664,43955
2011-01-27,107.3499984741211,108.9000015258789,107.3499984741211,108.62000274658203,67.72708892822266,40541
2011-01-28,109.19999694824219,109.4000015258789,107.80000305175781,109.1500015258789,68.05754852294922,32771
2011-01-31,109.75,110.0,108.0,108.1500015258789,67.43404388427734,61701
2011-02-01,108.69999694824219,110.0,108.4000015258789,109.94999694824219,68.55638122558594,39279
2011-02-02,109.94999694824219,112.5,109.6500015258789,112.30000305175781,70.02167510986328,36528
2011-02-03,112.6500015258789,112.6500015258789,110.1500015258789,111.94999694824219,69.80342102050781,38956
2011-02-04,112.4000015258789,112.5,110.69999694824219,112.0,69.83457946777344,31838
2011-02-07,112.19999694824219,113.25,111.25,112.52999877929688,70.16506958007812,48801
2011-02-08,112.8499984741211,113.1500015258789,111.88400268554688,113.0,70.4581069946289,37996
2011-02-09,112.9000015258789,114.30000305175781,112.55000305175781,114.0,71.0816421508789,63986
2011-02-10,114.25,114.4000015258789,111.1500015258789,111.80000305175781,69.70989990234375,58704
2011-02-11,112.0,112.5999984741211,111.4000015258789,112.0,69.83457946777344,38333
2011-02-14,111.69999694824219,113.44999694824219,111.69999694824219,112.69999694824219,70.27106475830078,62974
2011-02-15,112.80000305175781,113.8499984741211,112.05000305175781,113.05000305175781,70.48928833007812,66589
2011-02-16,112.25,112.30000305175781,109.69999694824219,110.58000183105469,68.9491958618164,84999
2011-02-17,110.44999694824219,112.80000305175781,110.05000305175781,110.30000305175781,68.77462005615234,65667
2011-02-18,110.6500015258789,110.8499984741211,109.75,110.15049743652344,68.681396484375,55147
2011-02-22,110.4000015258789,110.44999694824219,107.5999984741211,107.8499984741211,67.24699401855469,74440
2011-02-23,108.1500015258789,109.0,105.8499984741211,107.30049896240234,66.90435791015625,76129
2011-02-24,107.5,108.55000305175781,107.05000305175781,108.30000305175781,67.5275650024414,34923
2011-02-25,109.3499984741211,109.6500015258789,107.55000305175781,109.25,68.11991119384766,38101
2011-02-28,109.0999984741211,111.0,109.0999984741211,110.0,68.58755493164062,38841
2011-03-01,110.94999694824219,111.0,109.4000015258789,110.0,68.58755493164062,33962
2011-03-02,109.94999694824219,110.5,109.55000305175781,110.5,68.89933013916016,30008
2011-03-03,111.25,111.75,110.09500122070312,111.19999694824219,69.33576202392578,32738
2011-03-04,110.94999694824219,112.0,110.75,110.9000015258789,69.14872741699219,37825
2011-03-07,111.25,113.0,109.75,113.0,70.4581069946289,35405
2011-03-08,112.94999694824219,112.94999694824219,111.30000305175781,112.6500015258789,70.23987579345703,30089
2011-03-09,111.5999984741211,112.8499984741211,110.8499984741211,112.25,69.99047088623047,26396
2011-03-10,110.94999694824219,111.5999984741211,110.0,110.44999694824219,68.86814880371094,33488
2011-03-11,110.0,111.44999694824219,110.0,111.0999984741211,69.27342224121094,34648
2011-03-14,110.4000015258789,112.0999984741211,109.52999877929688,110.25,68.74342346191406,32384
2011-03-15,107.9000015258789,109.25,105.69999694824219,108.4000015258789,67.58990478515625,45555
2011-03-16,108.5999984741211,110.5,106.4000015258789,109.1500015258789,68.05754852294922,50375
2011-03-17,109.94999694824219,110.9000015258789,109.0999984741211,109.8499984741211,68.49402618408203,45639
2011-03-18,111.30000305175781,111.55000305175781,109.6500015258789,110.44999694824219,68.86814880371094,40000
2011-03-21,111.5,112.3499984741211,110.75,111.80000305175781,69.70989990234375,37904
2011-03-22,112.44999694824219,112.44999694824219,110.69999694824219,112.05000305175781,69.86579895019531,35143
2011-03-23,112.4000015258789,112.44999694824219,110.75,111.25,69.36695098876953,52182
2011-03-24,112.9000015258789,112.9000015258789,110.4000015258789,111.4000015258789,69.46048736572266,43485
2011-03-25,111.25,112.0,110.9000015258789,111.69999694824219,69.64753723144531,31383
2011-03-28,111.3499984741211,112.4000015258789,111.0999984741211,112.05000305175781,69.86579895019531,32051
2011-03-29,111.55000305175781,112.75,111.55000305175781,112.69999694824219,70.27106475830078,28478
2011-03-30,113.0,113.4000015258789,112.2979965209961,112.6969985961914,70.26919555664062,36260
2011-03-31,113.1500015258789,113.4000015258789,112.6500015258789,113.0,70.4581069946289,27304
2011-04-01,113.44999694824219,113.8499984741211,112.94999694824219,113.8499984741211,70.98809814453125,22515
2011-04-04,114.0,114.30000305175781,112.94999694824219,113.80000305175781,70.95692443847656,25842
2011-04-05,112.55000305175781,114.4000015258789,111.5999984741211,114.19999694824219,71.20635986328125,54696
2011-04-06,117.0,117.25,114.5,115.6500015258789,72.1104507446289,32036
2011-04-07,115.9000015258789,116.19999694824219,114.05000305175781,114.6500015258789,71.48693084716797,25229
2011-04-08,114.25,115.49349975585938,113.75,115.0,71.70515441894531,24250
2011-04-11,115.0,115.80000305175781,114.05000305175781,114.4000015258789,71.3310546875,31711
2011-04-12,114.25,114.25,111.5999984741211,112.75,70.30224609375,32441
2011-04-13,113.75,114.25,112.4749984741211,114.25,71.2375259399414,24712
2011-04-14,115.0,116.25,113.69999694824219,116.0999984741211,72.39102935791016,32433
2011-04-15,116.25,116.30000305175781,114.5999984741211,115.4000015258789,71.95458984375,26226
2011-04-18,113.94999694824219,115.9000015258789,112.55000305175781,114.80000305175781,71.58045196533203,36852
2011-04-19,115.25,116.30000305175781,115.05000305175781,115.30000305175781,71.8922348022461,25657
2011-04-20,115.5,116.69049835205078,114.57499694824219,115.69999694824219,72.14161682128906,36313
2011-04-21,116.5999984741211,116.5999984741211,114.94999694824219,115.8499984741211,72.23515319824219,30477
2011-04-25,115.05000305175781,117.0,115.05000305175781,115.4000015258789,71.95458984375,38942
2011-04-26,115.5999984741211,116.5,114.75,115.19999694824219,71.82988739013672,40514
2011-04-27,115.8499984741211,116.4000015258789,115.19999694824219,116.3499984741211,72.54693603515625,26737
2011-04-28,117.0,117.5,115.9000015258789,117.3499984741211,73.17044830322266,33742
2011-04-29,117.0,119.3499984741211,116.55000305175781,119.3499984741211,74.4175033569336,37510
2011-05-02,119.8499984741211,119.8499984741211,117.8499984741211,118.9000015258789,74.13690948486328,37529
2011-05-03,118.0999984741211,118.8499984741211,116.25,117.5,73.26397705078125,47570
2011-05-04,118.75,118.75,113.3499984741211,115.05000305175781,71.73635864257812,68123
2011-05-05,113.94999694824219,114.98999786376953,108.80000305175781,110.9000015258789,69.14872741699219,54045
2011-05-06,111.0,113.8499984741211,111.0,112.8499984741211,70.36457824707031,44688
2011-05-09,113.6500015258789,114.44999694824219,112.177001953125,112.8499984741211,70.36457824707031,33854
2011-05-10,113.75,113.8499984741211,112.68550109863281,113.44999694824219,70.73870849609375,50007
2011-05-11,114.1500015258789,114.25,111.25,112.1500015258789,69.9281234741211,30463
2011-05-12,111.1500015258789,112.25,110.32499694824219,111.5999984741211,69.5851821899414,55963
2011-05-13,112.4000015258789,112.5,110.19999694824219,111.20500183105469,69.33890533447266,34183
2011-05-16,110.6500015258789,112.30000305175781,110.5,111.9000015258789,69.7722396850586,44879
2011-05-17,112.8499984741211,112.8499984741211,108.0,111.0,69.21106719970703,61758
2011-05-18,108.69999694824219,110.69999694824219,108.44999694824219,110.30000305175781,68.77462005615234,43385
2011-05-19,111.5,111.94999694824219,110.05000305175781,110.94999694824219,69.17989349365234,42922
2011-05-20,110.55000305175781,111.44999694824219,109.5999984741211,110.9000015258789,69.14872741699219,46989
2011-05-23,110.1500015258789,110.9000015258789,109.0,109.44999694824219,68.24461364746094,44762
2011-05-24,109.6500015258789,110.49500274658203,107.5,107.5,67.02873992919922,48428
2011-05-25,107.5,108.4000015258789,106.9000015258789,107.4000015258789,66.9664077758789,64373
2011-05-26,106.80000305175781,108.3499984741211,106.80000305175781,108.24949645996094,67.49608612060547,35503
2011-05-27,112.80000305175781,112.80000305175781,107.5999984741211,108.5999984741211,67.7146224975586,24252
2011-05-31,110.0,110.25,108.5999984741211,109.8499984741211,68.49402618408203,42327
2011-06-01,109.0999984741211,109.94999694824219,108.0,108.69999694824219,67.77696990966797,35186
2011-06-02,110.25,110.25,108.1500015258789,109.44999694824219,68.24461364746094,40552
2011-06-03,109.5,109.5,108.3499984741211,108.69999694824219,67.77696990966797,32580
2011-06-06,108.5,109.05000305175781,105.80000305175781,106.44999694824219,66.37403869628906,52379
2011-06-07,106.44999694824219,107.19999694824219,104.5999984741211,106.05000305175781,66.12462615966797,80298
2011-06-08,106.0,106.69999694824219,104.5,105.55000305175781,65.81285858154297,61457
2011-06-09,105.4000015258789,106.80000305175781,105.4000015258789,106.44999694824219,66.37403869628906,47844
2011-06-10,106.5,107.5,105.90499877929688,107.19999694824219,66.8416748046875,42560
2011-06-13,107.9000015258789,108.44999694824219,106.25,107.0999984741211,66.77932739257812,40808
2011-06-14,107.4000015258789,108.5,107.0,108.30000305175781,67.5275650024414,29614
2011-06-15,107.0999984741211,108.3499984741211,105.0,105.5999984741211,65.84403228759766,36225
2011-06-16,106.69999694824219,106.69999694824219,105.19999694824219,106.55000305175781,66.4364013671875,36386
2011-06-17,107.69999694824219,107.69999694824219,106.0999984741211,106.5,66.40521240234375,24738
2011-06-20,107.05000305175781,108.0,106.5,108.0,67.34050750732422,18163
2011-06-21,107.5999984741211,109.9000015258789,107.55000305175781,109.9000015258789,68.52519226074219,32200
2011-06-22,109.94999694824219,111.5199966430664,109.1500015258789,111.0,69.21106719970703,25793
2011-06-23,110.1500015258789,111.75,109.75800323486328,111.69999694824219,69.64753723144531,34526
2011-06-24,111.25,111.75,109.9000015258789,109.9000015258789,68.52519226074219,13338
2011-06-27,109.69999694824219,110.5999984741211,108.5999984741211,109.0,67.96401977539062,61454
2011-06-28,109.0,109.8499984741211,108.0,108.76799774169922,67.81937408447266,47767
2011-06-29,109.5999984741211,110.05000305175781,109.0,109.9000015258789,68.52519226074219,32906
2011-06-30,110.9000015258789,110.94999694824219,109.5,110.94999694824219,69.17989349365234,31914
2011-07-01,111.44999694824219,111.75,110.55000305175781,111.5,69.5228271484375,33632
2011-07-05,111.5,111.75,111.0999984741211,111.75,69.67871856689453,26878
2011-07-06,111.4000015258789,111.75,111.25,111.75,69.67871856689453,18436
2011-07-07,113.0999984741211,113.0999984741211,111.3499984741211,112.6500015258789,70.23987579345703,35109
2011-07-08,112.94999694824219,112.94999694824219,111.0,112.05000305175781,69.86579895019531,29038
2011-07-11,111.94999694824219,111.94999694824219,109.3499984741211,111.427001953125,69.47733306884766,22427
2011-07-12,111.19999694824219,112.25,110.5,111.65899658203125,69.62197875976562,24695
2011-07-13,112.5,112.5,110.30000305175781,110.91549682617188,69.15837097167969,32229
2011-07-14,110.9000015258789,112.0999984741211,110.25,110.75,69.0551986694336,25653
2011-07-15,110.75,111.44999694824219,109.44999694824219,111.05000305175781,69.24224853515625,20660
2011-07-18,110.9000015258789,110.9000015258789,109.1500015258789,110.0,68.58755493164062,26872
2011-07-19,110.0,111.25,110.0,110.5999984741211,68.961669921875,27695
2011-07-20,110.8499984741211,110.8499984741211,109.44999694824219,109.75,68.43167114257812,36962
2011-07-21,110.0,110.8499984741211,109.79000091552734,110.5,68.89933013916016,32960
2011-07-22,109.94999694824219,110.74949645996094,109.9000015258789,110.5,68.89933013916016,19981
2011-07-25,110.0,110.4000015258789,108.8499984741211,109.30000305175781,68.15109252929688,26808
2011-07-26,109.9000015258789,110.25,105.55000305175781,106.75,66.56109619140625,46890
2011-07-27,106.94999694824219,107.75,104.3499984741211,106.05000305175781,66.12462615966797,39743
2011-07-28,107.0,109.1500015258789,105.25,107.5,67.02873992919922,73263
2011-07-29,106.1500015258789,108.3499984741211,106.1500015258789,108.19999694824219,67.4652099609375,27684
2011-08-01,109.5,110.5,108.25,110.1500015258789,68.68107604980469,20930
2011-08-02,110.0,110.4000015258789,109.0,109.8499984741211,68.49402618408203,21788
2011-08-03,110.19999694824219,110.25,107.96800231933594,109.5999984741211,68.33816528320312,29189
2011-08-04,109.0999984741211,109.5999984741211,104.75,107.25,66.87286376953125,64814
2011-08-05,107.94999694824219,108.75,96.5999984741211,105.3499984741211,65.68817901611328,108340
2011-08-08,94.0,100.8499984741211,92.5999984741211,93.80000305175781,58.486488342285156,97983
2011-08-09,94.3499984741211,110.0,93.75,102.5,63.91112518310547,93569
2011-08-10,101.75,107.5,100.80000305175781,106.19999694824219,66.2181625366211,45367
2011-08-11,106.5,109.489501953125,105.0,109.25,68.11991119384766,37334
2011-08-12,109.25,109.94999694824219,108.0,108.6500015258789,67.74579620361328,30013
2011-08-15,108.5999984741211,110.5,108.5999984741211,109.6500015258789,68.36932373046875,29310
2011-08-16,109.0,109.80000305175781,107.0999984741211,109.25,68.11991119384766,29323
2011-08-17,108.0999984741211,108.44999694824219,106.05000305175781,107.30000305175781,66.904052734375,19509
2011-08-18,104.69999694824219,105.80000305175781,103.25499725341797,105.6500015258789,65.87521362304688,25174
2011-08-19,104.25,106.08799743652344,102.5,102.6415023803711,63.9993782043457,23461
2011-08-22,104.0,104.19999694824219,100.75,101.68250274658203,63.40140151977539,25351
2011-08-23,102.0999984741211,103.49749755859375,101.1500015258789,103.0999984741211,64.28522491455078,23575
2011-08-24,102.25,104.0999984741211,101.5,102.4000015258789,63.848785400390625,33909
2011-08-25,103.19999694824219,103.19999694824219,100.3499984741211,102.15699768066406,63.697261810302734,34734
2011-08-26,102.94999694824219,104.11750030517578,100.30000305175781,103.5999984741211,64.59700012207031,28328
2011-08-29,104.75,105.75,104.5,105.55000305175781,65.81285858154297,25068
2011-08-30,106.0,107.55000305175781,104.6719970703125,105.5,65.78168487548828,20388
2011-08-31,106.0999984741211,106.69000244140625,105.05000305175781,106.4000015258789,66.3428726196289,20044
2011-09-01,107.0999984741211,107.0999984741211,104.37999725341797,105.19999694824219,65.59464263916016,20977
2011-09-02,104.5,105.3499984741211,103.5999984741211,105.30000305175781,65.6570053100586,10476
2011-09-06,103.75,104.45950317382812,102.80000305175781,103.80000305175781,64.72171020507812,22621
2011-09-07,105.94999694824219,105.94999694824219,103.05000305175781,103.25,64.37876892089844,24793
2011-09-08,102.69999694824219,103.6500015258789,102.3499984741211,102.69999694824219,64.03582763671875,22108
2011-09-09,102.5,102.5,101.4000015258789,102.3499984741211,63.817596435546875,17286
2011-09-12,101.9000015258789,102.46499633789062,101.25,102.1500015258789,63.69289779663086,21543
2011-09-13,102.69999694824219,102.69999694824219,101.5999984741211,102.5,63.91112518310547,25447
2011-09-14,102.5,102.81999969482422,101.6500015258789,102.30000305175781,63.78642654418945,34652
2011-09-15,102.55000305175781,102.80000305175781,101.55000305175781,102.80000305175781,64.09818267822266,28975
2011-09-16,102.25,103.9000015258789,102.0,102.75,64.0670166015625,23793
2011-09-19,102.0999984741211,103.0999984741211,100.80000305175781,103.05000305175781,64.25408172607422,31705
2011-09-20,104.0,104.0999984741211,102.44999694824219,102.80000305175781,64.09818267822266,45425
2011-09-21,103.25,103.3499984741211,101.55000305175781,102.1500015258789,63.69289779663086,31661
2011-09-22,100.94999694824219,101.05000305175781,99.44999694824219,100.30000305175781,62.53937911987305,30187
2011-09-23,99.5999984741211,101.05000305175781,99.5999984741211,101.05000305175781,63.00703048706055,24264
2011-09-26,101.0999984741211,102.09300231933594,99.5999984741211,100.0999984741211,62.41465759277344,34014
2011-09-27,101.4000015258789,102.3499984741211,99.44999694824219,99.73799896240234,62.188961029052734,42077
2011-09-28,100.1500015258789,100.19999694824219,98.9000015258789,99.0,61.72878646850586,29344
2011-09-29,99.9000015258789,100.25,99.25,99.75,62.196441650390625,26087
2011-09-30,99.6500015258789,99.87049865722656,97.5999984741211,97.6500015258789,60.88704299926758,23644
2011-10-03,97.5,97.75,94.23799896240234,94.4000015258789,58.86060333251953,31248
2011-10-04,93.5999984741211,93.69999694824219,88.0999984741211,93.5999984741211,58.36177062988281,49073
2011-10-05,93.94999694824219,97.5,93.6500015258789,97.0999984741211,60.544097900390625,34436
2011-10-06,98.05000305175781,99.8499984741211,96.25,99.8499984741211,62.25880432128906,35129
2011-10-07,100.25,100.25,98.19999694824219,98.8499984741211,61.63528060913086,23167
2011-10-10,99.94999694824219,100.9000015258789,99.25,100.0999984741211,62.41465759277344,26706
2011-10-11,99.30000305175781,101.55000305175781,99.05000305175781,101.55000305175781,63.31878662109375,32889
2011-10-12,103.05000305175781,103.05000305175781,101.55000305175781,102.13999938964844,63.68666076660156,25782
2011-10-13,102.4000015258789,103.44999694824219,100.80000305175781,103.4000015258789,64.4723129272461,26887
2011-10-14,104.9000015258789,104.9000015258789,102.8499984741211,103.69999694824219,64.65935516357422,43410
2011-10-17,103.69999694824219,105.30000305175781,103.33000183105469,105.05000305175781,65.50112915039062,23441
2011-10-18,105.9000015258789,105.9000015258789,104.55000305175781,105.6500015258789,65.87521362304688,24565
2011-10-19,105.94999694824219,107.5,105.66999816894531,106.6500015258789,66.49874877929688,24743
2011-10-20,107.5999984741211,107.69999694824219,105.69999694824219,107.0,66.71697235107422,28947
2011-10-21,110.5,110.5,107.3499984741211,107.8499984741211,67.24699401855469,35890
2011-10-24,108.44999694824219,110.0,108.05000305175781,108.5,67.65227508544922,27407
2011-10-25,109.5,109.5,107.6500015258789,107.80000305175781,67.21580505371094,29452
2011-10-26,109.6500015258789,110.0,107.25,109.55000305175781,68.30696868896484,32862
2011-10-27,110.8499984741211,111.0,108.69999694824219,108.69999694824219,67.77696990966797,31515
2011-10-28,109.75,110.05000305175781,108.83499908447266,109.5999984741211,68.33816528320312,15645
2011-10-31,109.8499984741211,109.94999694824219,108.30000305175781,109.73249816894531,68.42076873779297,18593
2011-11-01,109.69999694824219,109.94999694824219,107.5999984741211,109.25,68.11991119384766,27531
2011-11-02,109.5,110.44999694824219,109.25,110.0999984741211,68.64989471435547,24342
2011-11-03,110.19999694824219,110.5,108.9000015258789,110.0,68.58755493164062,22070
2011-11-04,110.75,110.8499984741211,109.4749984741211,110.0999984741211,68.64989471435547,23001
2011-11-07,110.94999694824219,111.0,108.94999694824219,110.30000305175781,68.77462005615234,18770
2011-11-08,110.5,110.9000015258789,109.05500030517578,110.69999694824219,69.02400970458984,27200
2011-11-09,109.44999694824219,110.34950256347656,108.3499984741211,108.44999694824219,67.62109375,31764
2011-11-10,112.25,112.25,108.55000305175781,109.30000305175781,68.15109252929688,30270
2011-11-11,110.75,110.75,108.3499984741211,108.55000305175781,67.6834716796875,20974
2011-11-14,108.5999984741211,110.44999694824219,108.30999755859375,110.4000015258789,68.83697509765625,23940
2011-11-15,110.30000305175781,110.44999694824219,109.19999694824219,109.4000015258789,68.21344757080078,21377
2011-11-16,106.5999984741211,107.9000015258789,106.25,106.75,66.56109619140625,28400
2011-11-17,107.3499984741211,107.75,106.25,107.75,67.18461608886719,21966
2011-11-18,109.0999984741211,109.55000305175781,107.40499877929688,108.44999694824219,67.62109375,19323
2011-11-21,108.8499984741211,108.8499984741211,105.0,106.94999694824219,66.68580627441406,33164
2011-11-22,109.75,109.75,105.69999694824219,105.75,65.93758392333984,23462
2011-11-23,106.1500015258789,106.1500015258789,104.4000015258789,104.5999984741211,65.22052764892578,15099
2011-11-25,108.5,108.59950256347656,104.5,104.54499816894531,65.18624114990234,9845
2011-11-28,106.1500015258789,108.0,105.69999694824219,106.75,66.56109619140625,28740
2011-11-29,107.25,108.32949829101562,106.89600372314453,108.19999694824219,67.4652099609375,19338
2011-11-30,110.25,110.25,108.80000305175781,109.44999694824219,68.24461364746094,28774
2011-12-01,109.5999984741211,110.5,109.25,110.5,68.89933013916016,31861
2011-12-02,110.5999984741211,111.0999984741211,109.9000015258789,110.19999694824219,68.71226501464844,27363
2011-12-05,110.5,111.25,110.19999694824219,110.75,69.0551986694336,18169
2011-12-06,111.0999984741211,111.69999694824219,110.30049896240234,111.55000305175781,69.55399322509766,22602
2011-12-07,110.94999694824219,111.05000305175781,110.0,110.6500015258789,68.99285888671875,27669
2011-12-08,110.19999694824219,110.19999694824219,108.55000305175781,109.19999694824219,68.0887222290039,18129
2011-12-09,108.8499984741211,110.07599639892578,108.2750015258789,110.05000305175781,68.61873626708984,25499
2011-12-12,109.69999694824219,110.05000305175781,108.80000305175781,110.0,68.58755493164062,16862
2011-12-13,110.9000015258789,110.9000015258789,108.94999694824219,109.23999786376953,68.1136703491211,22483
2011-12-14,109.80000305175781,110.9000015258789,109.0,110.5,68.89933013916016,20543
2011-12-15,111.5999984741211,111.5999984741211,109.30000305175781,110.69999694824219,69.02400970458984,24139
2011-12-16,111.30000305175781,111.94999694824219,110.0,111.75,69.67871856689453,25993
2011-12-19,111.25,111.25,110.1500015258789,110.8499984741211,69.11754608154297,26774
2011-12-20,111.25,112.5,111.1500015258789,112.5,70.14637756347656,23298
2011-12-21,113.0999984741211,113.55000305175781,112.00050354003906,113.4000015258789,70.70752716064453,20839
2011-12-22,113.55000305175781,113.9000015258789,112.74600219726562,113.1500015258789,70.55165100097656,23670
2011-12-23,112.94999694824219,113.75,112.80000305175781,112.94999694824219,70.42693328857422,20003
2011-12-27,113.44999694824219,113.47200012207031,112.3499984741211,112.9000015258789,70.39578247070312,21899
2011-12-28,112.55000305175781,113.9000015258789,112.3499984741211,113.19999694824219,70.58282470703125,29273
2011-12-29,113.6500015258789,113.69999694824219,112.5,112.75,70.30224609375,22033
2011-12-30,113.0999984741211,113.44999694824219,111.80000305175781,112.19999694824219,69.95931243896484,22094
2012-01-03,113.5,113.5,112.5,112.55000305175781,70.17753601074219,20467
2012-01-04,113.25,114.05000305175781,112.75,114.0,71.0816421508789,21875
2012-01-05,114.0999984741211,115.80000305175781,113.80000305175781,115.3499984741211,71.92340850830078,24511
2012-01-06,115.0,115.5999984741211,113.59349822998047,114.69999694824219,71.51810455322266,27789
2012-01-09,114.3499984741211,114.69999694824219,113.8499984741211,114.6500015258789,71.48693084716797,25799
2012-01-10,114.9000015258789,115.0,113.5,114.6500015258789,71.48693084716797,26480
2012-01-11,114.05000305175781,115.25,113.95050048828125,115.25,71.86103820800781,28025
2012-01-12,115.55000305175781,115.55000305175781,113.99949645996094,114.8499984741211,71.61164855957031,27387
2012-01-13,115.55000305175781,115.75,114.43499755859375,115.75,72.17280578613281,18889
2012-01-17,119.25,119.25,114.8499984741211,115.25,71.86103820800781,21505
2012-01-18,115.75,116.25,114.94999694824219,115.8499984741211,72.23515319824219,24578
2012-01-19,118.25,118.25,115.55000305175781,115.94999694824219,72.29751586914062,28068
2012-01-20,115.75,116.6500015258789,115.05000305175781,115.8499984741211,72.23515319824219,27013
2012-01-23,115.3499984741211,117.25,115.3499984741211,116.6500015258789,72.73396301269531,21318
2012-01-24,116.6500015258789,116.94950103759766,115.5999984741211,116.3499984741211,72.54693603515625,32210
2012-01-25,116.6500015258789,117.9000015258789,116.0,117.9000015258789,73.51339721679688,21805
2012-01-26,118.5,118.69999694824219,116.75,117.80000305175781,73.4510498046875,30210
2012-01-27,117.1500015258789,117.1500015258789,114.69999694824219,115.19999694824219,71.82988739013672,39571
2012-01-30,115.0,116.25,114.8499984741211,116.25,72.48458862304688,26748
2012-01-31,116.69999694824219,116.94999694824219,115.5999984741211,116.19999694824219,72.4533920288086,31806
2012-02-01,117.0999984741211,117.75,116.75,117.3499984741211,73.17044830322266,22754
2012-02-02,118.1500015258789,118.1500015258789,117.0,117.25,73.10807800292969,20354
2012-02-03,117.75,117.92749786376953,116.6050033569336,117.1500015258789,73.04574584960938,17759
2012-02-06,116.1500015258789,117.19999694824219,116.1500015258789,116.30000305175781,72.51576232910156,19437
2012-02-07,116.0,117.0,116.0,116.69999694824219,72.76515197753906,21113
2012-02-08,116.69999694824219,117.19999694824219,115.80000305175781,116.25,72.48458862304688,28993
2012-02-09,115.9000015258789,116.44999694824219,115.4749984741211,115.94999694824219,72.29751586914062,35730
2012-02-10,116.1500015258789,117.80000305175781,114.75,117.44999694824219,73.2328109741211,38721
2012-02-13,117.80000305175781,117.99949645996094,116.6500015258789,117.25,73.10807800292969,40730
2012-02-14,117.25,117.4000015258789,116.49800109863281,116.75,72.79633331298828,26841
2012-02-15,114.1500015258789,115.5999984741211,114.1500015258789,115.0,71.70515441894531,34318
2012-02-16,115.1500015258789,115.79949951171875,114.89800262451172,115.25,71.86103820800781,29174
2012-02-17,115.30000305175781,115.99800109863281,114.75,115.25,71.86103820800781,34660
2012-02-21,115.0999984741211,115.8499984741211,113.96800231933594,114.4000015258789,71.3310546875,36611
2012-02-22,114.44999694824219,115.19999694824219,113.71499633789062,115.19999694824219,71.82988739013672,32331
2012-02-23,114.69999694824219,115.5,114.69999694824219,115.3499984741211,71.92340850830078,28408
2012-02-24,116.05000305175781,116.6500015258789,115.12200164794922,116.6500015258789,72.73396301269531,28301
2012-02-27,116.05000305175781,117.75,116.0,117.5,73.26397705078125,28552
2012-02-28,117.19999694824219,118.4000015258789,116.98149871826172,118.4000015258789,73.82514190673828,27183
2012-02-29,118.0,118.3499984741211,116.94999694824219,117.4000015258789,73.2016372680664,30581
2012-03-01,117.5,118.44999694824219,117.0999984741211,118.25,73.73162841796875,16513
2012-03-02,117.8499984741211,118.9000015258789,117.44999694824219,117.6500015258789,73.35750579833984,18820
2012-03-05,117.3499984741211,117.7509994506836,116.5999984741211,117.5999984741211,73.32633209228516,16161
2012-03-06,116.80000305175781,117.0,115.4000015258789,116.9000015258789,72.88985443115234,22988
2012-03-07,117.30000305175781,117.30000305175781,116.5999984741211,116.8499984741211,72.85868072509766,23107
2012-03-08,116.6500015258789,117.25,116.05000305175781,116.5999984741211,72.70281219482422,17974
2012-03-09,116.44999694824219,117.44999694824219,116.30000305175781,117.44999694824219,73.2328109741211,23690
2012-03-12,117.80000305175781,118.44499969482422,116.8499984741211,117.80000305175781,73.4510498046875,31704
2012-03-13,118.25,118.25,116.9625015258789,117.9000015258789,73.51339721679688,27368
2012-03-14,117.9000015258789,117.9000015258789,116.44999694824219,116.625,72.71839904785156,20353
2012-03-15,116.8499984741211,118.0,115.5,117.9000015258789,73.51339721679688,29909
2012-03-16,117.75,119.25,117.55000305175781,119.25,74.35514068603516,17397
2012-03-19,119.05000305175781,120.0,118.6500015258789,118.75,74.04338836669922,16348
2012-03-20,119.3499984741211,119.9000015258789,116.69999694824219,117.55000305175781,73.29515075683594,28080
2012-03-21,117.19999694824219,117.64749908447266,116.75,117.19999694824219,73.07691192626953,19485
2012-03-22,118.5,118.5,116.0999984741211,116.5,72.64044952392578,20245
2012-03-23,117.25,118.75,116.85050201416016,118.0,73.57573699951172,20725
2012-03-26,118.05000305175781,118.56999969482422,117.25,117.8499984741211,73.48220825195312,22388
2012-03-27,117.4000015258789,118.9000015258789,117.4000015258789,117.75,73.41985321044922,16016
2012-03-28,118.0999984741211,118.0999984741211,115.5,116.5999984741211,72.70281219482422,21154
2012-03-29,116.5999984741211,117.3499984741211,115.71649932861328,117.3499984741211,73.17044830322266,21761
2012-03-30,116.8499984741211,119.80000305175781,116.8499984741211,118.0,73.57573699951172,29891
2012-04-02,118.25,118.6500015258789,117.5999984741211,118.0,73.57573699951172,20084
2012-04-03,117.5999984741211,118.5999984741211,117.5999984741211,118.25,73.73162841796875,25782
2012-04-04,117.75,117.9000015258789,116.80000305175781,117.19999694824219,73.07691192626953,29481
2012-04-05,117.25,117.6500015258789,116.3499984741211,117.1500015258789,73.04574584960938,20423
2012-04-09,116.5,116.6500015258789,115.69999694824219,116.0999984741211,72.39102935791016,20585
2012-04-10,116.25,116.25,112.5,113.19999694824219,70.58282470703125,28741
2012-04-11,114.1500015258789,114.44999694824219,113.05000305175781,113.79100036621094,70.95133209228516,21112
2012-04-12,114.1500015258789,114.80000305175781,113.55049896240234,114.0999984741211,71.14398193359375,23639
2012-04-13,113.75,115.0,113.1500015258789,113.69999694824219,70.89458465576172,18636
2012-04-16,114.3499984741211,114.3499984741211,112.44999694824219,113.75,70.9257583618164,24022
2012-04-17,114.94999694824219,114.94999694824219,113.80000305175781,114.5,71.3934097290039,19006
2012-04-18,115.0,115.0,113.90499877929688,114.44999694824219,71.36221313476562,21875
2012-04-19,114.8499984741211,115.5999984741211,114.18299865722656,115.05000305175781,71.73635864257812,22400
2012-04-20,115.0,115.94999694824219,114.6500015258789,115.25,71.86103820800781,16054
2012-04-23,114.75,115.8499984741211,114.5999984741211,115.55000305175781,72.04810333251953,19873
2012-04-24,115.30000305175781,115.69999694824219,115.1050033569336,115.5,72.01692199707031,22590
2012-04-25,116.25,116.25,114.80000305175781,115.75,72.17280578613281,22799
2012-04-26,115.5999984741211,115.5999984741211,114.6500015258789,115.3499984741211,71.92340850830078,33376
2012-04-27,115.94999694824219,116.55000305175781,115.5,116.25,72.48458862304688,20411
2012-04-30,115.55000305175781,116.9000015258789,115.55000305175781,116.25,72.48458862304688,22883
2012-05-01,116.5,117.31950378417969,116.25,116.80000305175781,72.8275146484375,24038
2012-05-02,116.80000305175781,118.25,116.80000305175781,117.0999984741211,73.0145492553711,28025
2012-05-03,116.94999694824219,117.44950103759766,116.0,116.30000305175781,72.51576232910156,28232
2012-05-04,115.94999694824219,116.01000213623047,114.69999694824219,115.5,72.01692199707031,19050
2012-05-07,114.5999984741211,115.56999969482422,114.5,115.44999694824219,71.98575592041016,18853
2012-05-08,115.1500015258789,115.19999694824219,114.0,115.19999694824219,71.82988739013672,20012
2012-05-09,114.5,115.5,113.44999694824219,113.6500015258789,70.86341857910156,27227
2012-05-10,114.25,114.8499984741211,113.3499984741211,113.80000305175781,70.95692443847656,28356
2012-05-11,114.19999694824219,114.3499984741211,112.05000305175781,112.19999694824219,69.95931243896484,28929
2012-05-14,111.3499984741211,112.09950256347656,110.8479995727539,111.25,69.36695098876953,24771
2012-05-15,110.6500015258789,112.41999816894531,110.5999984741211,112.05000305175781,69.86579895019531,23096
2012-05-16,112.5,112.5,109.0250015258789,109.19999694824219,68.0887222290039,29767
2012-05-17,108.75,109.0,105.0,105.25,65.62582397460938,40119
2012-05-18,105.0999984741211,105.8499984741211,102.30000305175781,102.9000015258789,64.16055297851562,30886
2012-05-21,102.8499984741211,105.25,102.55000305175781,105.0,65.46994018554688,50104
2012-05-22,104.69999694824219,106.05999755859375,104.55000305175781,105.25,65.62582397460938,36989
2012-05-23,105.0,105.44999694824219,103.1500015258789,105.19999694824219,65.59464263916016,42790
2012-05-24,104.5,105.19999694824219,103.55000305175781,104.5999984741211,65.22052764892578,37803
2012-05-25,104.94999694824219,106.30000305175781,104.5999984741211,106.30000305175781,66.280517578125,35606
2012-05-29,107.1500015258789,109.1500015258789,106.80000305175781,109.1500015258789,68.05754852294922,34001
2012-05-30,108.69999694824219,108.69999694824219,106.98699951171875,107.5,67.02873992919922,22221
2012-05-31,107.30000305175781,107.3499984741211,105.66500091552734,106.91999816894531,66.6671142578125,24740
2012-06-01,105.55000305175781,106.1500015258789,104.55000305175781,105.25,65.62582397460938,32563
2012-06-04,105.69999694824219,106.0,103.69999694824219,104.9000015258789,65.40757751464844,30378
2012-06-05,104.80000305175781,106.9000015258789,103.75,106.9000015258789,66.65463256835938,45590
2012-06-06,106.9000015258789,108.64949798583984,106.9000015258789,107.9000015258789,67.2781753540039,28857
2012-06-07,108.75,109.30000305175781,108.1500015258789,108.9000015258789,67.90168762207031,46150
2012-06-08,108.30000305175781,109.0,107.30000305175781,108.44999694824219,67.62109375,40665
2012-06-11,109.0,109.8499984741211,107.05000305175781,107.3499984741211,66.93521881103516,33354
2012-06-12,107.75,108.30000305175781,106.71499633789062,106.9000015258789,66.65463256835938,56464
2012-06-13,106.5,107.30000305175781,105.8499984741211,106.5999984741211,66.46757507324219,34076
2012-06-14,107.25,107.25,105.6500015258789,106.19999694824219,66.2181625366211,31776
2012-06-15,106.25,106.80000305175781,105.9000015258789,106.19999694824219,66.2181625366211,25051
2012-06-18,106.25,107.5999984741211,105.5999984741211,107.5,67.02873992919922,48804
2012-06-19,108.55000305175781,109.5999984741211,108.0,109.19999694824219,68.0887222290039,38715
2012-06-20,109.94999694824219,110.0,109.19999694824219,109.75,68.43167114257812,28485
2012-06-21,109.8499984741211,109.8499984741211,107.50499725341797,107.75,67.18461608886719,27444
2012-06-22,108.05000305175781,109.25,107.95999908447266,108.6500015258789,67.74579620361328,30127
2012-06-25,108.19999694824219,108.5999984741211,106.1500015258789,106.55000305175781,66.4364013671875,29111
2012-06-26,107.3499984741211,107.44999694824219,106.0,106.14600372314453,66.18450164794922,44912
2012-06-27,106.94999694824219,108.60099792480469,106.44999694824219,108.19999694824219,67.4652099609375,22642
2012-06-28,108.75,109.37850189208984,107.75,109.1500015258789,68.05754852294922,19781
2012-06-29,110.30000305175781,111.0,110.0250015258789,110.3499984741211,68.80579376220703,24264
2012-07-02,111.0,112.0999984741211,110.8499984741211,112.0,69.83457946777344,20512
2012-07-03,111.94999694824219,113.3499984741211,111.94999694824219,113.1500015258789,70.55165100097656,26012
2012-07-05,113.0999984741211,113.8499984741211,112.5,113.3499984741211,70.67635345458984,19413
2012-07-06,114.0,114.5,112.8499984741211,113.67500305175781,70.87901306152344,17490
2012-07-09,114.0,114.55000305175781,113.44999694824219,114.30000305175781,71.2686996459961,16529
2012-07-10,115.0,115.0,113.94999694824219,114.70500183105469,71.52124786376953,18113
2012-07-11,115.3499984741211,116.0,114.75,115.75,72.17280578613281,16184
2012-07-12,115.0,116.25,114.44300079345703,116.25,72.48458862304688,16786
2012-07-13,116.69999694824219,117.4000015258789,115.80000305175781,116.8499984741211,72.85868072509766,14980
2012-07-16,117.55000305175781,117.55000305175781,115.6500015258789,116.55000305175781,72.671630859375,21643
2012-07-17,117.25,117.5,116.4000015258789,116.44999694824219,72.6092758178711,26639
2012-07-18,117.55000305175781,117.9000015258789,116.6500015258789,117.55000305175781,73.29515075683594,23383
2012-07-19,118.75,118.75,117.5,118.0,73.57573699951172,20174
2012-07-20,119.6500015258789,119.6500015258789,118.0,118.5999984741211,73.94985961914062,15952
2012-07-23,117.5999984741211,118.4000015258789,116.8499984741211,117.55000305175781,73.29515075683594,41058
2012-07-24,118.55000305175781,118.75,117.1500015258789,117.16999816894531,73.05821990966797,25095
2012-07-25,119.5999984741211,119.5999984741211,117.19999694824219,117.75,73.41985321044922,18587
2012-07-26,118.69999694824219,119.17500305175781,117.70500183105469,118.30000305175781,73.76280212402344,21879
2012-07-27,119.1500015258789,119.89649963378906,118.79000091552734,119.3499984741211,74.4175033569336,22530
2012-07-30,119.05000305175781,120.0,117.94999694824219,118.0,73.57573699951172,21720
2012-07-31,118.4000015258789,119.69999694824219,118.0,118.94999694824219,74.1680679321289,21699
2012-08-01,119.75,119.8499984741211,117.75,118.1500015258789,73.66927337646484,21972
2012-08-02,120.0,120.0,116.94999694824219,117.1500015258789,73.04574584960938,18719
2012-08-03,117.75,119.25,117.25,118.05000305175781,73.60692596435547,19610
2012-08-06,119.05000305175781,119.30000305175781,118.1500015258789,118.8499984741211,74.10574340820312,14499
2012-08-07,119.1500015258789,119.5,118.30000305175781,119.5,74.51102447509766,15118
2012-08-08,119.4000015258789,119.5,118.0999984741211,119.0,74.19925689697266,20244
2012-08-09,118.9000015258789,119.5,118.5999984741211,119.44999694824219,74.47985076904297,14992
2012-08-10,120.0,120.25,119.1500015258789,119.9000015258789,74.76040649414062,30110
2012-08-13,119.5,120.05000305175781,117.1500015258789,118.4000015258789,73.82514190673828,36002
2012-08-14,118.6500015258789,119.0,118.00900268554688,118.19999694824219,73.70043182373047,20025
2012-08-15,118.25,118.94999694824219,117.4000015258789,118.44999694824219,73.8563232421875,19415
2012-08-16,118.5,119.9000015258789,118.0999984741211,119.69999694824219,74.63572692871094,18895
2012-08-17,119.6500015258789,121.05000305175781,119.25,121.05000305175781,75.47749328613281,24463
2012-08-20,121.3499984741211,121.5,120.5999984741211,121.25,75.60218811035156,25554
2012-08-21,121.6500015258789,121.9000015258789,120.25,120.5,75.13455200195312,32741
2012-08-22,118.1500015258789,119.25,117.5999984741211,118.4000015258789,73.82514190673828,23441
2012-08-23,118.30000305175781,119.80000305175781,117.8499984741211,118.5,73.88748931884766,22548
2012-08-24,119.75,119.75,118.05500030517578,118.1500015258789,73.66927337646484,21141
2012-08-27,118.94999694824219,119.0,117.69999694824219,118.0,73.57573699951172,15513
2012-08-28,119.5,119.6500015258789,117.94999694824219,118.0,73.57573699951172,26323
2012-08-29,118.1500015258789,118.44999694824219,117.6500015258789,118.1500015258789,73.66927337646484,20454
2012-08-30,117.0999984741211,118.3499984741211,117.0999984741211,118.19999694824219,73.70043182373047,22588
2012-08-31,119.5999984741211,119.80000305175781,117.9000015258789,118.6500015258789,73.98103332519531,39287
2012-09-04,118.8499984741211,119.8239974975586,118.4000015258789,119.5,74.51102447509766,26177
2012-09-05,119.8499984741211,119.9000015258789,119.0,119.3499984741211,74.4175033569336,12550
2012-09-06,119.69999694824219,119.69999694824219,118.19999694824219,118.80000305175781,74.0745620727539,18337
2012-09-07,118.4000015258789,118.94999694824219,118.19999694824219,118.94999694824219,74.1680679321289,15329
2012-09-10,118.94999694824219,119.75,118.19999694824219,118.5999984741211,73.94985961914062,31757
2012-09-11,119.19999694824219,119.19999694824219,118.0999984741211,118.44999694824219,73.8563232421875,20903
2012-09-12,118.1500015258789,118.46749877929688,117.94999694824219,118.4000015258789,73.82514190673828,25930
2012-09-13,118.75,119.5,118.0,119.30000305175781,74.3863296508789,22343
2012-09-14,119.44999694824219,119.75,118.94999694824219,119.75,74.66690063476562,31443
2012-09-17,120.0,120.30000305175781,119.1500015258789,119.44999694824219,74.47985076904297,20215
2012-09-18,120.05000305175781,120.69499969482422,119.30000305175781,120.1500015258789,74.91631317138672,26064
2012-09-19,120.1500015258789,120.6500015258789,120.09950256347656,120.4000015258789,75.07218170166016,25103
2012-09-20,120.25,120.5,119.19999694824219,120.0,74.82278442382812,22827
2012-09-21,119.94999694824219,120.83999633789062,119.4000015258789,119.9000015258789,74.76040649414062,25745
2012-09-24,120.0,120.25,119.38249969482422,120.25,74.97866821289062,19639
2012-09-25,120.25,120.25,118.90049743652344,119.1500015258789,74.29280090332031,22751
2012-09-26,119.3499984741211,119.9000015258789,118.8499984741211,119.55000305175781,74.54218292236328,24973
2012-09-27,120.0,121.25,119.75,121.0999984741211,75.50865936279297,30999
2012-09-28,120.6500015258789,122.6500015258789,120.6500015258789,122.6500015258789,76.47510528564453,35454
2012-10-01,123.19999694824219,123.6500015258789,122.34200286865234,123.19999694824219,76.81806182861328,30585
2012-10-02,124.3499984741211,124.3499984741211,122.4000015258789,123.0,76.69335174560547,23224
2012-10-03,122.5999984741211,123.63099670410156,122.19999694824219,123.0,76.69335174560547,32162
2012-10-04,123.4000015258789,123.4000015258789,122.56700134277344,122.94999694824219,76.66217803955078,19564
2012-10-05,122.9000015258789,123.3499984741211,122.5,122.94999694824219,76.66217803955078,21156
2012-10-08,123.5999984741211,123.5999984741211,122.25,123.19999694824219,76.81806182861328,19604
2012-10-09,122.80000305175781,122.8499984741211,121.3499984741211,122.05000305175781,76.10101318359375,24184
2012-10-10,122.3499984741211,122.3499984741211,120.4000015258789,120.9000015258789,75.38397216796875,24659
2012-10-11,121.0,122.0,120.80000305175781,121.75,75.91395568847656,18270
2012-10-12,121.94999694824219,122.0,121.31700134277344,121.80000305175781,75.94513702392578,18623
2012-10-15,122.55000305175781,122.55000305175781,121.6500015258789,121.94999694824219,76.03866577148438,25169
2012-10-16,122.0,122.75,121.69999694824219,122.3499984741211,76.2880630493164,17944
2012-10-17,122.80000305175781,123.44999694824219,122.19999694824219,122.8499984741211,76.5998306274414,23046
2012-10-18,122.94999694824219,123.8499984741211,122.44999694824219,123.8499984741211,77.22335052490234,25373
2012-10-19,123.80000305175781,123.80000305175781,122.33000183105469,122.80000305175781,76.56864166259766,20660
2012-10-22,122.9000015258789,122.9000015258789,121.25,122.30000305175781,76.25688171386719,20475
2012-10-23,121.80000305175781,122.3499984741211,121.44999694824219,121.75,75.91395568847656,21941
2012-10-24,122.0999984741211,122.5999984741211,120.9000015258789,121.44999694824219,75.72689819335938,23709
2012-10-25,121.9000015258789,122.19000244140625,121.19999694824219,122.0,76.06983947753906,19842
2012-10-26,122.0999984741211,122.0999984741211,120.33000183105469,121.1500015258789,75.53985595703125,13602
2012-10-31,118.5999984741211,121.5999984741211,117.6500015258789,120.30000305175781,75.00985717773438,24517
2012-11-01,121.19999694824219,122.44999694824219,121.0,122.30000305175781,76.25688171386719,19941
2012-11-02,121.94999694824219,122.0,121.1500015258789,121.75,75.91395568847656,13545
2012-11-05,121.19999694824219,121.30000305175781,120.19999694824219,120.55000305175781,75.16572570800781,16957
2012-11-06,120.25,121.44999694824219,120.25,121.05000305175781,75.47749328613281,25927
2012-11-07,120.0999984741211,120.4000015258789,118.80000305175781,120.0999984741211,74.88512420654297,35698
2012-11-08,119.80000305175781,120.0,118.80000305175781,119.30000305175781,74.3863296508789,18526
2012-11-09,118.75,119.11000061035156,117.0,117.75,73.41985321044922,33316
2012-11-12,117.1500015258789,118.3499984741211,113.55000305175781,114.75,71.54927825927734,28472
2012-11-13,113.5999984741211,114.5,111.3499984741211,113.94999694824219,71.05046081542969,58323
2012-11-14,113.44999694824219,114.51000213623047,110.5,110.5999984741211,68.961669921875,46269
2012-11-15,110.75,111.80000305175781,105.75,109.44999694824219,68.24461364746094,76312
2012-11-16,110.44999694824219,113.33450317382812,109.25900268554688,111.5999984741211,69.5851821899414,42699
2012-11-19,112.80000305175781,114.6449966430664,112.80000305175781,114.19999694824219,71.20635986328125,39779
2012-11-20,112.69999694824219,113.94999694824219,111.8499984741211,113.69999694824219,70.89458465576172,50291
2012-11-21,113.94999694824219,114.2074966430664,111.94999694824219,113.3499984741211,70.67635345458984,37826
2012-11-23,113.94999694824219,113.94999694824219,112.55899810791016,113.1500015258789,70.55165100097656,11675
2012-11-26,112.25,112.75,111.0,111.30000305175781,69.39813232421875,60021
2012-11-27,111.05000305175781,112.44999694824219,110.6500015258789,112.4000015258789,70.08401489257812,42263
2012-11-28,111.94999694824219,114.0,111.94999694824219,113.69999694824219,70.89458465576172,31100
2012-11-29,114.25,115.69999694824219,113.94249725341797,114.94999694824219,71.67398071289062,38721
2012-11-30,116.1500015258789,117.19999694824219,114.94999694824219,116.0,72.32868957519531,41100
2012-12-03,117.0,117.05000305175781,114.8499984741211,115.0999984741211,71.76751708984375,39968
2012-12-04,115.5,115.5,114.5,115.30000305175781,71.8922348022461,21472
2012-12-05,115.80000305175781,116.0,114.5,115.0999984741211,71.76751708984375,38315
2012-12-06,115.4000015258789,115.4000015258789,112.25,113.69999694824219,70.89458465576172,40403
2012-12-07,114.30000305175781,114.69999694824219,113.69999694824219,114.25,71.2375259399414,30184
2012-12-10,113.55000305175781,114.7760009765625,113.19999694824219,113.5,70.76988983154297,34866
2012-12-11,113.94999694824219,114.30000305175781,113.19999694824219,113.6500015258789,70.86341857910156,42263
2012-12-12,114.75,114.7874984741211,113.75,114.19999694824219,71.20635986328125,37841
2012-12-13,114.5,114.94999694824219,113.80000305175781,114.9000015258789,71.64283752441406,31403
2012-12-14,114.9000015258789,114.9000015258789,113.4000015258789,114.05000305175781,71.11282348632812,33359
2012-12-17,113.69999694824219,114.67400360107422,112.94999694824219,114.0,71.0816421508789,35495
2012-12-18,113.5999984741211,115.44999694824219,113.55000305175781,114.75,71.54927825927734,37621
2012-12-19,115.3499984741211,116.5999984741211,114.1500015258789,116.05000305175781,72.3598861694336,64914
2012-12-20,116.55000305175781,116.5979995727539,115.0999984741211,115.9000015258789,72.266357421875,33303
2012-12-21,115.25,116.75,114.8499984741211,116.5,72.64044952392578,48548
2012-12-24,116.75,118.30000305175781,116.37999725341797,117.60099792480469,73.32695770263672,15477
2012-12-26,117.75,117.75,115.0,115.55000305175781,72.04810333251953,20833
2012-12-27,115.75,115.75,113.95500183105469,114.69999694824219,71.51810455322266,32286
2012-12-28,114.4000015258789,115.28150177001953,113.80000305175781,113.80000305175781,70.95692443847656,23695
2012-12-31,114.69999694824219,115.55000305175781,113.0,115.1500015258789,71.79869842529297,27974
2013-01-02,116.75,120.5999984741211,116.4800033569336,120.5999984741211,75.19690704345703,24669
2013-01-03,119.9000015258789,120.44999694824219,117.75,119.9000015258789,74.76040649414062,46088
2013-01-04,120.3499984741211,121.5999984741211,120.05000305175781,121.4000015258789,75.69570922851562,18679
2013-01-07,121.4000015258789,122.5,121.25050354003906,122.5,76.381591796875,25026
2013-01-08,122.80000305175781,123.31500244140625,122.1500015258789,123.19999694824219,76.81806182861328,23143
2013-01-09,123.80000305175781,124.4000015258789,123.07499694824219,124.1500015258789,77.41040802001953,23747
2013-01-10,124.30000305175781,124.75,123.05000305175781,123.94999694824219,77.28568267822266,26476
2013-01-11,124.69999694824219,125.0999984741211,123.4000015258789,124.5,77.6286392211914,34344
2013-01-14,125.44999694824219,125.44999694824219,123.0615005493164,124.44999694824219,77.59745788574219,28132
2013-01-15,124.5,124.94999694824219,124.05000305175781,124.75,77.7845230102539,29052
2013-01-16,124.6500015258789,125.0,124.10250091552734,124.94999694824219,77.90921783447266,24910
2013-01-17,125.0,126.0,124.69999694824219,125.75,78.40804290771484,29687
2013-01-18,126.25,126.5999984741211,124.6500015258789,124.94999694824219,77.90921783447266,59173
2013-01-22,125.25,125.9000015258789,124.9000015258789,125.4000015258789,78.1898193359375,49208
2013-01-23,124.8499984741211,126.25,124.5,125.4000015258789,78.1898193359375,52663
2013-01-24,125.69999694824219,126.25,125.0,125.19999694824219,78.06511688232422,33643
2013-01-25,125.75,126.4000015258789,124.87249755859375,125.6500015258789,78.34568786621094,37824
2013-01-28,125.94999694824219,125.94999694824219,123.55000305175781,124.1500015258789,77.41040802001953,44728
2013-01-29,124.8499984741211,125.80000305175781,123.94999694824219,124.3499984741211,77.53511810302734,55820
2013-01-30,124.75,125.55000305175781,124.1500015258789,124.4000015258789,77.56631469726562,49248
2013-01-31,124.80000305175781,127.19999694824219,124.80000305175781,127.19999694824219,79.31216430664062,43127
2013-02-01,128.4499969482422,128.4499969482422,126.80000305175781,128.1999969482422,79.93567657470703,43417
2013-02-04,128.35000610351562,128.35000610351562,127.5999984741211,128.0500030517578,79.8421401977539,28289
2013-02-05,128.64999389648438,130.35000610351562,128.35000610351562,130.14999389648438,81.15155029296875,55953
2013-02-06,130.75,131.0500030517578,129.0,130.0,81.05802154541016,38902
2013-02-07,130.14999389648438,130.60000610351562,128.4499969482422,129.4499969482422,80.715087890625,32739
2013-02-08,129.5,130.5500030517578,128.9499969482422,130.5500030517578,81.40094757080078,33633
2013-02-11,130.60000610351562,131.5500030517578,130.11000061035156,131.5500030517578,82.02446746826172,25791
2013-02-12,132.0,132.0,129.89999389648438,131.10000610351562,81.74388122558594,33325
2013-02-13,132.75,132.75,128.0500030517578,129.64999389648438,80.83978271484375,47379
2013-02-14,130.10000610351562,130.14999389648438,128.4550018310547,129.4499969482422,80.715087890625,37342
2013-02-15,124.0999984741211,131.39999389648438,124.05000305175781,129.89999389648438,80.99565887451172,28062
2013-02-19,132.35000610351562,132.35000610351562,130.1999969482422,131.25,81.83743286132812,43151
2013-02-20,131.6999969482422,132.60000610351562,129.64999389648438,129.89999389648438,80.99565887451172,30600
2013-02-21,130.10000610351562,130.10000610351562,126.8499984741211,128.64999389648438,80.21625518798828,46300
2013-02-22,129.60000610351562,131.14999389648438,127.0,128.0,79.81096649169922,49960
2013-02-25,128.6999969482422,129.75,127.55000305175781,127.75,79.65508270263672,47884
2013-02-26,128.6999969482422,129.14999389648438,128.0500030517578,128.64999389648438,80.21625518798828,45853
2013-02-27,129.4499969482422,131.0500030517578,129.00050354003906,130.85000610351562,81.58800506591797,30373
2013-02-28,133.39999389648438,133.39999389648438,131.25,132.4499969482422,82.58566284179688,44359
2013-03-01,132.85000610351562,133.22000122070312,131.5500030517578,132.35000610351562,82.5233154296875,35726
2013-03-04,132.0,132.1999969482422,129.5,129.5500030517578,80.77742767333984,41395
2013-03-05,130.25,130.8000030517578,129.14999389648438,129.8000030517578,80.9333267211914,35247
2013-03-06,130.6999969482422,130.8000030517578,128.75,129.1999969482422,80.5592041015625,39069
2013-03-07,130.4499969482422,130.4499969482422,128.1999969482422,129.8000030517578,80.9333267211914,33994
2013-03-08,130.4499969482422,130.62399291992188,129.35000610351562,130.10000610351562,81.12036895751953,39790
2013-03-11,129.3000030517578,130.1320037841797,128.8000030517578,129.14999389648438,80.52801513671875,43903
2013-03-12,129.60000610351562,130.39999389648438,128.75,129.5,80.74626922607422,32961
2013-03-13,130.39999389648438,130.39999389648438,128.89999389648438,129.4499969482422,80.715087890625,36522
2013-03-14,129.4499969482422,129.8000030517578,128.08799743652344,128.75,80.27861022949219,37395
2013-03-15,128.9499969482422,128.9499969482422,125.94999694824219,126.75,79.03157806396484,49111
2013-03-18,126.6500015258789,126.8499984741211,125.05000305175781,125.75,78.40804290771484,40480
2013-03-19,126.5,126.75,123.5999984741211,123.75,77.16100311279297,51540
2013-03-20,124.6500015258789,126.25,124.4000015258789,126.05000305175781,78.59510803222656,59065
2013-03-21,126.75,128.5,126.10050201416016,127.94999694824219,79.77979278564453,43956
2013-03-22,129.0,130.14999389648438,128.5500030517578,129.25,80.59037017822266,31058
2013-03-25,129.5500030517578,130.4949951171875,128.0500030517578,129.25,80.59037017822266,52799
2013-03-26,129.75,131.39999389648438,129.1999969482422,131.39999389648438,81.93093872070312,34762
2013-03-27,131.75,132.5,130.9499969482422,132.5,82.61683654785156,43298
2013-03-28,133.0,133.89999389648438,132.60049438476562,133.8000030517578,83.42741394042969,31795
2013-04-01,134.85000610351562,134.85000610351562,133.25,134.6999969482422,83.98855590820312,33993
2013-04-02,135.60000610351562,135.8000030517578,134.14999389648438,134.85000610351562,84.08209991455078,30785
2013-04-03,135.4499969482422,135.4499969482422,131.6999969482422,132.39999389648438,82.55447387695312,35600
2013-04-04,132.75,132.89999389648438,131.10000610351562,132.0500030517578,82.33621978759766,28511
2013-04-05,131.89999389648438,133.75,131.35000610351562,133.75,83.39623260498047,32441
2013-04-08,134.5500030517578,135.10000610351562,133.8000030517578,135.0,84.17564392089844,31252
2013-04-09,135.10000610351562,135.66250610351562,134.8000030517578,135.35000610351562,84.39386749267578,27790
2013-04-10,136.39999389648438,136.89999389648438,135.35000610351562,136.1999969482422,84.92387390136719,31894
2013-04-11,136.39999389648438,136.39999389648438,135.50050354003906,136.25,84.95503997802734,29250
2013-04-12,136.25,136.25,135.0,135.60000610351562,84.54974365234375,27332
2013-04-15,135.4499969482422,135.4499969482422,132.5500030517578,133.6999969482422,83.36505889892578,33017
2013-04-16,134.0500030517578,135.14999389648438,133.4499969482422,134.64999389648438,83.95738220214844,27643
2013-04-17,133.39999389648438,135.0500030517578,132.39999389648438,133.39999389648438,83.17798614501953,26804
2013-04-18,134.35000610351562,134.39999389648438,132.427001953125,133.6999969482422,83.36505889892578,22110
2013-04-19,133.89999389648438,135.3000030517578,132.8000030517578,135.0,84.17564392089844,38107
2013-04-22,135.4499969482422,135.89999389648438,133.75,134.8000030517578,84.0509262084961,32472
2013-04-23,135.5500030517578,136.9499969482422,135.1125030517578,136.9499969482422,85.39149475097656,40407
2013-04-24,136.6999969482422,136.8000030517578,135.4499969482422,136.1999969482422,84.92387390136719,33813
2013-04-25,136.5500030517578,136.61000061035156,135.6020050048828,136.1999969482422,84.92387390136719,25919
2013-04-26,136.4499969482422,137.1999969482422,136.0500030517578,137.0,85.42269134521484,22643
2013-04-29,137.25,138.6999969482422,136.39999389648438,138.25,86.20207214355469,30208
2013-04-30,138.39999389648438,139.0500030517578,137.60000610351562,138.8000030517578,86.54502868652344,34169
2013-05-01,138.85000610351562,139.8000030517578,138.25050354003906,139.3000030517578,86.8567886352539,25158
2013-05-02,139.9499969482422,140.4499969482422,137.60000610351562,138.9499969482422,86.63854217529297,24152
2013-05-03,139.35000610351562,139.6999969482422,137.8000030517578,138.5,86.35794067382812,29206
2013-05-06,137.89999389648438,138.9499969482422,137.14999389648438,138.6999969482422,86.482666015625,37920
2013-05-07,138.8000030517578,139.27499389648438,137.4499969482422,138.25,86.20207214355469,25528
2013-05-08,138.35000610351562,139.14999389648438,137.64999389648438,138.75,86.51384735107422,50054
2013-05-09,138.89999389648438,141.5500030517578,138.5500030517578,141.4499969482422,88.19734954833984,49920
2013-05-10,141.89999389648438,143.80999755859375,141.35000610351562,143.5,89.4755859375,44778
2013-05-13,143.9499969482422,143.9499969482422,142.60000610351562,143.0,89.16381072998047,37471
2013-05-14,143.5500030517578,145.85000610351562,143.5500030517578,143.85000610351562,89.69381713867188,58877
2013-05-15,144.39999389648438,145.1999969482422,142.35000610351562,144.64999389648438,90.19261932373047,65093
2013-05-16,144.64999389648438,145.44500732421875,143.10000610351562,144.64999389648438,90.19261932373047,43952
2013-05-17,145.85000610351562,146.25,144.0,144.60000610351562,90.16148376464844,32919
2013-05-20,143.8000030517578,144.8000030517578,143.10000610351562,143.85000610351562,89.69381713867188,34985
2013-05-21,143.6999969482422,145.9499969482422,143.0500030517578,145.25,90.56673431396484,41764
2013-05-22,143.89999389648438,144.91749572753906,141.0,142.35000610351562,88.75852966308594,55529
2013-05-23,141.4499969482422,142.3000030517578,137.79949951171875,139.75,87.13735961914062,50547
2013-05-24,139.64999389648438,141.64999389648438,139.25,141.60000610351562,88.2908935546875,25409
2013-05-28,142.5,143.4499969482422,139.60000610351562,140.5500030517578,87.63618469238281,36941
2013-05-29,140.64999389648438,140.9499969482422,135.85000610351562,136.64999389648438,85.2044448852539,43450
2013-05-30,136.6999969482422,137.7899932861328,132.5500030517578,134.3000030517578,83.73916625976562,59851
2013-05-31,135.60000610351562,136.35000610351562,132.5,133.64999389648438,83.33387756347656,50451
2013-06-03,134.75,135.25,129.39999389648438,130.39999389648438,81.30742645263672,55753
2013-06-04,130.35000610351562,132.0,129.8000030517578,130.5500030517578,81.40094757080078,44875
2013-06-05,130.25,130.39999389648438,126.80000305175781,127.4000015258789,79.43683624267578,43646
2013-06-06,126.6500015258789,129.1999969482422,125.25,128.89999389648438,80.37214660644531,49167
2013-06-07,129.6999969482422,134.4499969482422,129.25,134.4499969482422,83.83270263671875,56337
2013-06-10,134.10000610351562,134.25,130.0500030517578,132.19000244140625,82.42353057861328,36761
2013-06-11,131.5,133.64999389648438,130.85000610351562,132.60000610351562,82.67919158935547,33998
2013-06-12,134.0500030517578,134.6999969482422,130.0500030517578,131.5,81.9932861328125,42820
2013-06-13,132.14999389648438,134.14999389648438,130.5500030517578,134.0500030517578,83.58328247070312,32777
2013-06-14,133.6999969482422,134.3000030517578,132.60000610351562,134.14999389648438,83.64564514160156,22926
2013-06-17,134.75,135.64999389648438,132.1999969482422,133.9499969482422,83.52093505859375,30150
2013-06-18,134.39999389648438,136.3699951171875,133.25,135.85000610351562,84.70564270019531,30573
2013-06-19,135.14999389648438,136.39999389648438,134.25,134.89999389648438,84.1132583618164,25886
2013-06-20,134.64999389648438,134.6999969482422,130.3000030517578,133.25,83.08447265625,58390
2013-06-21,134.10000610351562,134.8000030517578,131.0500030517578,132.1999969482422,82.42976379394531,41828
2013-06-24,130.9499969482422,131.19500732421875,126.9000015258789,130.5,81.36976623535156,41127
2013-06-25,131.1999969482422,132.25,129.5500030517578,130.9499969482422,81.6503677368164,47564
2013-06-26,132.35000610351562,136.64999389648438,132.35000610351562,136.60000610351562,85.17324829101562,31235
2013-06-27,137.5500030517578,139.3000030517578,137.35000610351562,139.3000030517578,86.8567886352539,35359
2013-06-28,139.39999389648438,141.39999389648438,138.35000610351562,140.75,87.76090240478516,32509
2013-07-01,141.85000610351562,143.10000610351562,141.10000610351562,141.75,88.38439178466797,36241
2013-07-02,142.25,142.25,137.39999389648438,138.1999969482422,86.1708984375,31715
2013-07-03,137.9499969482422,138.8000030517578,135.5500030517578,137.64999389648438,85.82796478271484,14916
2013-07-05,137.64999389648438,138.35000610351562,135.80499267578125,137.6999969482422,85.85913848876953,15454
2013-07-08,138.85000610351562,140.1999969482422,138.0500030517578,139.10000610351562,86.7320785522461,20404
2013-07-09,140.10000610351562,140.25,138.89999389648438,139.75,87.13735961914062,16585
2013-07-10,140.10000610351562,140.5500030517578,138.64999389648438,138.8000030517578,86.54502868652344,25723
2013-07-11,139.6999969482422,140.89999389648438,139.05050659179688,139.75,87.13735961914062,21416
2013-07-12,139.75,140.875,139.5500030517578,140.5500030517578,87.63618469238281,16656
2013-07-15,140.8000030517578,142.35000610351562,139.89999389648438,141.64999389648438,88.3220443725586,21316
2013-07-16,142.25,142.9499969482422,138.89999389648438,139.6999969482422,87.10619354248047,22489
2013-07-17,140.35000610351562,140.89999389648438,138.3000030517578,140.0500030517578,87.32441711425781,31064
2013-07-18,140.25,141.0500030517578,139.64999389648438,140.35000610351562,87.5114974975586,23631
2013-07-19,139.64999389648438,140.8000030517578,138.5,140.8000030517578,87.79207611083984,28838
2013-07-22,141.25,141.3000030517578,139.39999389648438,141.14999389648438,88.01029205322266,26054
2013-07-23,141.14999389648438,141.625,140.5500030517578,140.89999389648438,87.85443115234375,20542
2013-07-24,141.0,141.10000610351562,138.8000030517578,139.89999389648438,87.23089599609375,23089
2013-07-25,140.14999389648438,140.85000610351562,138.6999969482422,140.85000610351562,87.8232421875,20170
2013-07-26,141.0500030517578,141.3000030517578,138.89999389648438,140.6999969482422,87.72969055175781,32747
2013-07-29,139.9499969482422,140.63999938964844,137.3000030517578,137.89999389648438,85.98384857177734,24616
2013-07-30,138.4499969482422,138.49600219726562,137.0,138.0500030517578,86.07737731933594,27290
2013-07-31,138.0,139.25,137.1999969482422,138.64999389648438,86.45150756835938,34964
2013-08-01,139.25,139.75,137.89999389648438,139.4499969482422,86.95032501220703,24126
2013-08-02,139.5,139.6999969482422,138.1999969482422,138.60000610351562,86.42030334472656,23159
2013-08-05,138.64999389648438,138.64999389648438,136.8000030517578,137.5500030517578,85.76561737060547,24738
2013-08-06,137.75,139.0,136.9499969482422,139.0,86.66972351074219,24376
2013-08-07,137.8000030517578,138.89999389648438,136.2550048828125,138.75,86.51384735107422,21086
2013-08-08,138.64999389648438,139.0,137.11099243164062,138.3000030517578,86.2332763671875,15094
2013-08-09,138.3000030517578,139.14999389648438,137.5500030517578,139.0,86.66972351074219,11699
2013-08-12,138.6999969482422,138.6999969482422,137.75,138.25,86.20207214355469,16023
2013-08-13,138.25,138.25,136.35000610351562,136.5,85.11091613769531,21623
2013-08-14,136.60000610351562,137.0500030517578,136.25,136.39999389648438,85.0485610961914,15725
2013-08-15,135.9499969482422,137.25,134.7949981689453,136.13299560546875,84.88207244873047,32091
2013-08-16,136.14999389648438,137.14999389648438,135.5500030517578,137.0,85.42269134521484,17964
2013-08-19,137.14999389648438,138.3000030517578,136.6999969482422,138.0500030517578,86.07737731933594,17459
2013-08-20,138.3000030517578,139.0,137.3000030517578,138.39999389648438,86.29561614990234,23118
2013-08-21,136.85000610351562,136.85000610351562,134.42649841308594,135.3000030517578,84.36270141601562,18798
2013-08-22,135.9499969482422,137.35000610351562,134.45050048828125,135.25,84.33152770996094,23168
2013-08-23,135.25,135.9499969482422,134.25,135.25,84.33152770996094,24752
2013-08-26,134.60000610351562,135.64500427246094,134.15049743652344,134.39999389648438,83.80152130126953,20448
2013-08-27,134.25,134.5,133.1999969482422,133.89999389648438,83.4897689819336,28454
2013-08-28,133.4499969482422,134.3000030517578,133.00999450683594,133.14999389648438,83.0221176147461,19536
2013-08-29,133.9499969482422,135.0,133.0500030517578,135.0,84.17564392089844,19293
2013-08-30,135.89999389648438,136.1999969482422,134.06100463867188,134.75,84.0197525024414,27533
2013-09-03,135.4499969482422,136.8000030517578,133.1999969482422,135.1999969482422,84.30033111572266,23282
2013-09-04,134.75,135.0,134.14999389648438,134.35000610351562,83.77033996582031,12975
2013-09-05,133.89999389648438,135.3000030517578,133.8000030517578,134.0,83.5521240234375,14021
2013-09-06,134.60000610351562,134.89999389648438,133.1999969482422,133.60000610351562,83.30269622802734,13400
2013-09-09,133.0,133.85000610351562,132.10000610351562,132.35000610351562,82.5233154296875,23989
2013-09-10,132.75,134.60000610351562,132.39999389648438,134.1999969482422,83.67681121826172,22095
2013-09-11,134.1999969482422,134.1999969482422,132.5500030517578,132.75,82.77272033691406,16803
2013-09-12,132.1999969482422,132.5500030517578,129.60000610351562,131.5,81.9932861328125,37606
2013-09-13,130.9499969482422,130.9499969482422,129.6999969482422,130.60000610351562,81.43213653564453,23549
2013-09-16,130.75,132.1999969482422,130.55099487304688,131.5,81.9932861328125,29230
2013-09-17,130.9499969482422,131.10000610351562,129.39999389648438,130.0500030517578,81.08920288085938,31711
2013-09-18,129.5500030517578,132.6999969482422,128.8000030517578,132.5,82.61683654785156,54066
2013-09-19,132.0500030517578,134.5500030517578,132.0500030517578,134.1999969482422,83.67681121826172,37504
2013-09-20,133.75,134.10000610351562,131.39999389648438,131.85000610351562,82.21154022216797,31872
2013-09-23,132.0500030517578,132.125,130.3000030517578,130.5,81.36976623535156,26634
2013-09-24,130.3000030517578,133.0500030517578,129.39999389648438,132.14999389648438,82.39859771728516,42616
2013-09-25,131.75,132.5500030517578,130.10000610351562,131.89999389648438,82.24271392822266,37626
2013-09-26,131.25,132.89999389648438,130.5,132.39999389648438,82.55447387695312,35990
2013-09-27,132.10000610351562,132.8000030517578,131.5500030517578,132.35000610351562,82.5233154296875,16451
2013-09-30,131.3000030517578,133.25,130.4499969482422,133.25,83.08447265625,22683
2013-10-01,132.64999389648438,133.85000610351562,132.39999389648438,133.85000610351562,83.45858764648438,27529
2013-10-02,133.0500030517578,133.41000366210938,132.3000030517578,133.0,82.92859649658203,24201
2013-10-03,132.60000610351562,133.0500030517578,130.85000610351562,131.9499969482422,82.27386474609375,29366
2013-10-04,131.39999389648438,132.9499969482422,131.39999389648438,132.64999389648438,82.71036529541016,17993
2013-10-07,132.25,132.25,131.10000610351562,131.25,81.83743286132812,19413
2013-10-08,130.85000610351562,131.10000610351562,129.64999389648438,129.64999389648438,80.83978271484375,22873
2013-10-09,129.64999389648438,130.09950256347656,128.89999389648438,129.64999389648438,80.83978271484375,27951
2013-10-10,130.1999969482422,131.25,129.60000610351562,130.0,81.05802154541016,29012
2013-10-11,129.39999389648438,131.35000610351562,129.39999389648438,131.0,81.68154907226562,25379
2013-10-14,130.3000030517578,131.9499969482422,130.10000610351562,131.64999389648438,82.0868148803711,20462
2013-10-15,131.0,131.34500122070312,129.60000610351562,129.89999389648438,80.99565887451172,18444
2013-10-16,130.8000030517578,131.1999969482422,130.0500030517578,130.6999969482422,81.49449920654297,22421
2013-10-17,130.85000610351562,132.85000610351562,130.35000610351562,132.60000610351562,82.67919158935547,26298
2013-10-18,132.60000610351562,134.91949462890625,132.1999969482422,134.75,84.0197525024414,20200
2013-10-21,134.14999389648438,135.89999389648438,133.14999389648438,135.60000610351562,84.54974365234375,25318
2013-10-22,136.35000610351562,136.75,135.5,136.14999389648438,84.89269256591797,20925
2013-10-23,136.3000030517578,137.39999389648438,135.5,137.39999389648438,85.67208099365234,17556
2013-10-24,137.5,137.6999969482422,135.8000030517578,135.89999389648438,84.73680877685547,17179
2013-10-25,136.4499969482422,138.60000610351562,136.3000030517578,137.10000610351562,85.48503112792969,40488
2013-10-28,136.64999389648438,137.75,134.1999969482422,134.8000030517578,84.0509262084961,25147
2013-10-29,134.3000030517578,135.89999389648438,134.3000030517578,135.85000610351562,84.70564270019531,19444
2013-10-30,136.5,137.9499969482422,135.6999969482422,137.8000030517578,85.92152404785156,24514
2013-10-31,137.5500030517578,137.6999969482422,135.60000610351562,137.25,85.57854461669922,23534
2013-11-01,137.0500030517578,137.75,136.2104949951172,136.5,85.11091613769531,13688
2013-11-04,136.5,136.5,134.6999969482422,136.35000610351562,85.01737976074219,22359
2013-11-05,135.60000610351562,137.6999969482422,135.15049743652344,137.6999969482422,85.85913848876953,23203
2013-11-06,137.39999389648438,137.8000030517578,136.4499969482422,137.4499969482422,85.7032470703125,19747
2013-11-07,137.25,137.60000610351562,135.5,136.5,85.11091613769531,18537
2013-11-08,136.5,136.83749389648438,135.53250122070312,136.8000030517578,85.29798126220703,11845
2013-11-11,136.0500030517578,136.5,135.5,136.1999969482422,84.92387390136719,18057
2013-11-12,135.60000610351562,136.75,135.39999389648438,136.39999389648438,85.0485610961914,19243
2013-11-13,135.5500030517578,136.4499969482422,134.5,135.35000610351562,84.39386749267578,23656
2013-11-14,134.60000610351562,137.44949340820312,134.60000610351562,136.5,85.11091613769531,27637
2013-11-15,137.3000030517578,138.6699981689453,136.72500610351562,138.39999389648438,86.29561614990234,17097
2013-11-18,138.35000610351562,138.8300018310547,137.00050354003906,137.5,85.73443603515625,15505
2013-11-19,137.0500030517578,138.0500030517578,136.0500030517578,136.6999969482422,85.2356185913086,29645
2013-11-20,134.60000610351562,135.89999389648438,133.89999389648438,134.75,84.0197525024414,33098
2013-11-21,134.3000030517578,135.5500030517578,134.3000030517578,135.1999969482422,84.30033111572266,33460
2013-11-22,134.85000610351562,136.8000030517578,134.6999969482422,136.0500030517578,84.83031463623047,26541
2013-11-25,136.85000610351562,137.3699951171875,134.75,135.39999389648438,84.42504119873047,28848
2013-11-26,134.89999389648438,135.5,134.35000610351562,134.4499969482422,83.83270263671875,24845
2013-11-27,134.39999389648438,136.1490020751953,134.1999969482422,135.35000610351562,84.39386749267578,17682
2013-11-29,140.0,143.89999389648438,135.25,136.75,85.26679992675781,25010
2013-12-02,136.3000030517578,136.9949951171875,136.10000610351562,136.10000610351562,84.86150360107422,27234
2013-12-03,135.39999389648438,136.19949340820312,135.14999389648438,135.1999969482422,84.30033111572266,22474
2013-12-04,134.35000610351562,135.4499969482422,133.5500030517578,133.9499969482422,83.52093505859375,16509
2013-12-05,133.25,134.5,132.5,132.85000610351562,82.8350601196289,24298
2013-12-06,132.5500030517578,133.0,131.35000610351562,131.5,81.9932861328125,29639
2013-12-09,131.1999969482422,132.4499969482422,128.25,128.5,80.12272644042969,72136
2013-12-10,128.0,129.60000610351562,128.0,129.3000030517578,80.62155151367188,35526
2013-12-11,130.14999389648438,130.14999389648438,127.65049743652344,128.1999969482422,79.93567657470703,31469
2013-12-12,127.80000305175781,130.10000610351562,127.5,130.10000610351562,81.12036895751953,32571
2013-12-13,129.39999389648438,130.4250030517578,127.8499984741211,129.25,80.59037017822266,25334
2013-12-16,129.25,130.4499969482422,129.0,129.85000610351562,80.9645004272461,17444
2013-12-17,129.3000030517578,132.5,128.6999969482422,131.39999389648438,81.93093872070312,38851
2013-12-18,131.25,132.75,130.4499969482422,131.8000030517578,82.18037414550781,40797
2013-12-19,130.75,133.60000610351562,130.75,133.60000610351562,83.30269622802734,53954
2013-12-20,132.85000610351562,133.75,132.60000610351562,132.64999389648438,82.71036529541016,23043
2013-12-23,134.39999389648438,135.10000610351562,133.60049438476562,134.6999969482422,83.98855590820312,25294
2013-12-24,134.5,136.64999389648438,134.5,135.9499969482422,84.76798248291016,10514
2013-12-26,135.85000610351562,136.9499969482422,135.60000610351562,135.6999969482422,84.6120834350586,10757
2013-12-27,135.0,136.60000610351562,133.75,136.0,84.79916381835938,21550
2013-12-30,135.39999389648438,136.54949951171875,134.5500030517578,135.4499969482422,84.45622253417969,14908
2013-12-31,135.39999389648438,136.64950561523438,135.25,136.10000610351562,84.86150360107422,20507
2014-01-02,135.25,135.78700256347656,133.0,134.75,84.0197525024414,52171
2014-01-03,134.3000030517578,135.14999389648438,132.5500030517578,132.85000610351562,82.8350601196289,27622
2014-01-06,133.1999969482422,133.54949951171875,131.8000030517578,132.10000610351562,82.367431640625,27501
2014-01-07,132.25,132.89999389648438,130.89999389648438,131.1999969482422,81.80624389648438,36855
2014-01-08,130.64999389648438,130.9499969482422,129.75,130.3000030517578,81.2450942993164,44182
2014-01-09,130.1999969482422,130.60000610351562,129.39999389648438,129.60000610351562,80.80860137939453,33482
2014-01-10,129.8000030517578,131.14999389648438,129.61599731445312,130.3000030517578,81.2450942993164,25522
2014-01-13,130.0,130.89950561523438,129.3000030517578,129.60000610351562,80.80860137939453,27278
2014-01-14,129.4499969482422,129.69000244140625,128.6999969482422,128.75,80.27861022949219,40466
2014-01-15,128.75,129.14999389648438,128.14999389648438,128.9499969482422,80.40330505371094,45907
2014-01-16,129.39999389648438,130.5500030517578,128.5,130.1999969482422,81.18272399902344,24729
2014-01-17,129.75,130.8979949951172,129.4499969482422,130.75,81.52566528320312,20509
2014-01-21,130.75,132.89999389648438,130.75,132.4499969482422,82.58566284179688,21520
2014-01-22,132.10000610351562,133.1999969482422,131.60000610351562,131.85000610351562,82.21154022216797,40843
2014-01-23,131.5500030517578,132.25,131.10000610351562,131.25,81.83743286132812,28760
2014-01-24,130.5500030517578,130.75,128.5,128.8000030517578,80.3097915649414,25223
2014-01-27,128.60000610351562,129.6999969482422,128.10000610351562,129.0,80.43448638916016,54062
2014-01-28,129.3000030517578,130.39999389648438,129.1425018310547,130.0500030517578,81.08920288085938,17884
2014-01-29,128.9499969482422,129.60000610351562,128.35000610351562,128.85000610351562,80.3409652709961,16438
2014-01-30,129.10000610351562,131.10000610351562,128.89999389648438,130.5,81.36976623535156,23502
2014-01-31,129.35000610351562,131.1999969482422,128.85000610351562,130.6999969482422,81.49449920654297,26201
2014-02-03,131.10000610351562,131.5,128.35000610351562,129.75,80.90214538574219,37389
2014-02-04,129.8000030517578,131.10000610351562,129.60000610351562,130.89999389648438,81.61917877197266,20369
2014-02-05,130.4499969482422,130.7064971923828,129.5500030517578,130.39999389648438,81.30742645263672,15875
2014-02-06,130.39999389648438,131.1999969482422,130.3000030517578,131.10000610351562,81.74388122558594,19050
2014-02-07,131.14999389648438,131.5,130.72250366210938,131.35000610351562,81.89978790283203,25986
2014-02-10,131.35000610351562,131.35000610351562,130.35000610351562,130.89999389648438,81.61917877197266,25915
2014-02-11,131.0,133.3000030517578,130.9499969482422,131.60000610351562,82.05565643310547,58715
2014-02-12,131.5500030517578,132.14999389648438,131.25050354003906,131.5,81.9932861328125,26966
2014-02-13,131.3000030517578,133.39999389648438,131.1999969482422,131.75,82.14918518066406,21760
2014-02-14,132.25,132.3000030517578,131.14999389648438,131.5,81.9932861328125,43235
2014-02-18,131.5500030517578,131.94949340820312,130.89999389648438,131.1999969482422,81.80624389648438,47062
2014-02-19,129.39999389648438,129.39999389648438,128.10000610351562,128.1999969482422,79.93567657470703,22491
2014-02-20,127.75,128.14999389648438,127.0,127.5999984741211,79.56156158447266,39873
2014-02-21,128.1999969482422,128.29949951171875,127.44999694824219,127.69999694824219,79.6239013671875,27546
2014-02-24,127.0,127.55000305175781,126.3499984741211,126.44999694824219,78.84449768066406,48286
2014-02-25,126.5999984741211,127.44999694824219,125.5999984741211,126.69999694824219,79.00039672851562,78035
2014-02-26,126.75,128.4499969482422,126.4000015258789,128.3000030517578,79.99803924560547,26035
2014-02-27,128.64999389648438,129.1999969482422,127.05000305175781,129.0500030517578,80.46566772460938,41043
2014-02-28,129.60000610351562,130.1999969482422,128.39999389648438,129.25,80.59037017822266,37463
2014-03-03,129.1999969482422,130.1999969482422,128.64999389648438,130.10000610351562,81.12036895751953,32305
2014-03-04,130.39999389648438,131.10000610351562,129.84750366210938,130.5,81.36976623535156,26361
2014-03-05,130.1999969482422,131.14999389648438,130.14999389648438,130.35000610351562,81.2762680053711,29635
2014-03-06,130.3000030517578,130.64999389648438,129.60000610351562,130.39999389648438,81.30742645263672,35720
2014-03-07,130.14999389648438,130.89999389648438,129.4149932861328,130.25,81.2138900756836,39969
2014-03-10,129.75,130.79600524902344,129.75,130.1999969482422,81.18272399902344,18844
2014-03-11,130.0500030517578,130.37049865722656,129.8000030517578,130.0500030517578,81.08920288085938,25725
2014-03-12,129.25,131.0,129.0,130.6999969482422,81.49449920654297,24898
2014-03-13,130.14999389648438,130.89849853515625,129.89999389648438,130.64999389648438,81.46330261230469,28038
2014-03-14,130.10000610351562,131.5,129.5500030517578,131.3000030517578,81.86860656738281,21592
2014-03-17,131.0500030517578,131.89999389648438,131.0500030517578,131.4499969482422,81.96212768554688,26898
2014-03-18,132.25,132.79949951171875,132.0,132.35000610351562,82.5233154296875,31565
2014-03-19,132.39999389648438,133.10000610351562,131.64999389648438,132.0500030517578,82.33621978759766,38124
2014-03-20,131.3000030517578,134.0,131.3000030517578,133.75,83.39623260498047,30105
2014-03-21,133.8000030517578,135.0,132.4499969482422,132.4499969482422,82.58566284179688,27064
2014-03-24,132.25,133.64999389648438,132.25,132.4499969482422,82.58566284179688,24525
2014-03-25,132.5,133.89999389648438,132.5,133.35000610351562,83.14683532714844,31034
2014-03-26,134.25,134.25,132.75,133.14999389648438,83.0221176147461,28438
2014-03-27,133.35000610351562,134.25,131.8000030517578,132.5500030517578,82.64798736572266,22694
2014-03-28,132.5,133.14999389648438,132.35049438476562,132.8000030517578,82.80387115478516,19605
2014-03-31,132.75,133.35000610351562,132.55050659179688,133.14999389648438,83.0221176147461,17153
2014-04-01,133.35000610351562,134.64999389648438,133.14999389648438,134.5500030517578,83.89503479003906,15408
2014-04-02,134.14999389648438,135.0500030517578,134.14999389648438,134.60000610351562,83.92621612548828,22746
2014-04-03,134.5500030517578,134.84950256347656,133.8000030517578,134.25,83.7079849243164,18336
2014-04-04,134.39999389648438,134.9499969482422,133.75,133.75,83.39623260498047,16691
2014-04-07,133.25,133.8000030517578,132.60000610351562,133.4499969482422,83.20917510986328,22162
2014-04-08,133.3000030517578,133.9239959716797,133.14999389648438,133.8000030517578,83.42741394042969,21130
2014-04-09,134.25,135.5,133.75,135.0,84.17564392089844,28023
2014-04-10,134.5500030517578,136.0,134.10000610351562,135.3000030517578,84.36270141601562,28409
2014-04-11,135.4499969482422,141.75,135.10000610351562,136.9499969482422,85.39149475097656,69877
2014-04-14,137.0500030517578,138.25,136.73049926757812,137.25,85.57854461669922,25994
2014-04-15,137.0,138.10000610351562,136.8000030517578,137.14999389648438,85.5162124633789,16973
2014-04-16,137.10000610351562,137.3925018310547,135.64999389648438,135.75,84.64326477050781,27615
2014-04-17,135.5500030517578,137.36399841308594,135.0500030517578,136.60000610351562,85.17324829101562,23059
2014-04-21,136.64999389648438,138.14999389648438,136.5,137.8000030517578,85.92152404785156,20408
2014-04-22,138.3000030517578,138.75,136.50050354003906,137.25,85.57854461669922,25747
2014-04-23,137.1999969482422,138.4499969482422,136.90350341796875,137.4499969482422,85.7032470703125,18963
2014-04-24,137.60000610351562,138.5500030517578,137.25,138.0500030517578,86.07737731933594,18103
2014-04-25,137.64999389648438,138.4499969482422,135.75,136.75,85.26679992675781,28565
2014-04-28,137.14999389648438,140.39999389648438,136.75,139.5,86.98148345947266,31483
2014-04-29,139.25,139.64999389648438,138.8000030517578,139.25,86.82559967041016,18148
2014-04-30,140.75,140.75,139.0500030517578,139.9499969482422,87.2620620727539,25878
2014-05-01,139.39999389648438,140.85000610351562,138.85000610351562,139.4499969482422,86.95032501220703,27228
2014-05-02,138.5,139.3000030517578,138.0,138.64999389648438,86.45150756835938,27950
2014-05-05,137.5500030517578,139.14999389648438,137.25,138.9499969482422,86.63854217529297,31844
2014-05-06,138.64999389648438,141.14999389648438,138.3000030517578,140.9499969482422,87.8856201171875,36058
2014-05-07,140.60000610351562,141.64950561523438,140.35000610351562,141.10000610351562,87.97913360595703,25294
2014-05-08,140.5500030517578,142.64999389648438,140.5500030517578,142.3000030517578,88.72736358642578,31340
2014-05-09,141.8000030517578,142.85000610351562,141.5500030517578,142.6999969482422,88.97674560546875,20668
2014-05-12,142.6999969482422,144.9499969482422,142.0,144.1999969482422,89.91205596923828,29439
2014-05-13,143.89999389648438,143.89999389648438,142.5500030517578,143.5,89.4755859375,21488
2014-05-14,143.0500030517578,144.20750427246094,142.0500030517578,142.64999389648438,88.94559478759766,32701
2014-05-15,143.5,143.5,141.5,142.0,88.54029846191406,22035
2014-05-16,143.39999389648438,146.4499969482422,141.8000030517578,143.5,89.4755859375,69559
2014-05-19,143.39999389648438,143.89999389648438,142.75,142.85000610351562,89.07030487060547,17317
2014-05-20,142.39999389648438,145.09950256347656,142.1999969482422,142.64999389648438,88.94559478759766,27500
2014-05-21,141.5,141.87399291992188,140.10000610351562,140.60000610351562,87.66737365722656,23234
2014-05-22,141.3000030517578,142.85000610351562,140.60049438476562,141.3000030517578,88.10382843017578,22798
2014-05-23,141.89999389648438,142.0,140.0500030517578,140.5,87.60501098632812,21357
2014-05-27,141.35000610351562,141.9499969482422,139.9499969482422,141.1999969482422,88.0414810180664,29064
2014-05-28,140.89999389648438,142.5,140.89999389648438,142.5,88.8520736694336,12820
2014-05-29,142.9499969482422,143.4499969482422,142.0399932861328,143.39999389648438,89.4132308959961,22477
2014-05-30,144.10000610351562,146.25,143.5,144.75,90.25497436523438,33753
2014-06-02,144.75,147.0,143.14199829101562,144.3000030517578,89.9743881225586,41503
2014-06-03,144.4499969482422,144.5,142.85000610351562,143.0,89.16381072998047,27952
2014-06-04,143.60000610351562,143.9499969482422,143.0,143.9499969482422,89.75617218017578,16191
2014-06-05,143.5,144.10000610351562,143.3000030517578,143.5,89.4755859375,25833
2014-06-06,143.35000610351562,144.29949951171875,142.80999755859375,143.89999389648438,89.7249984741211,13671
2014-06-09,143.35000610351562,144.79949951171875,142.6999969482422,144.5,90.09910583496094,21870
2014-06-10,144.8000030517578,145.15350341796875,142.64999389648438,143.5,89.4755859375,32362
2014-06-11,143.64999389648438,143.9499969482422,143.07000732421875,143.85000610351562,89.69381713867188,16678
2014-06-12,143.8000030517578,144.0,143.02499389648438,143.4499969482422,89.44441223144531,12047
2014-06-13,144.1999969482422,144.1999969482422,142.64999389648438,144.0,89.78734588623047,27610
2014-06-16,144.25,144.60000610351562,143.60000610351562,144.5,90.09910583496094,12461
2014-06-17,144.5,144.75,143.10000610351562,143.1999969482422,89.28854370117188,20240
2014-06-18,143.60000610351562,144.39999389648438,142.4499969482422,143.10000610351562,89.22618103027344,19096
2014-06-19,143.64999389648438,144.0,142.60000610351562,144.0,89.78734588623047,16705
2014-06-20,144.39999389648438,144.79949951171875,143.5,144.75,90.25497436523438,22199
2014-06-23,146.0500030517578,146.0500030517578,145.00050354003906,146.0,91.0344009399414,24103
2014-06-24,145.8000030517578,147.3000030517578,145.8000030517578,146.60000610351562,91.40850067138672,26184
2014-06-25,146.5,148.5500030517578,146.15499877929688,148.1999969482422,92.40612030029297,25920
2014-06-26,148.9499969482422,149.89950561523438,148.1999969482422,149.1999969482422,93.0296630859375,26951
2014-06-27,149.75,149.82400512695312,149.0,149.64999389648438,93.31026458740234,17989
2014-06-30,150.0,150.0,149.14999389648438,149.25,93.06084442138672,19469
2014-07-01,150.25,150.25,149.0500030517578,149.25,93.06084442138672,30777
2014-07-02,149.60000610351562,149.8000030517578,148.5,149.25,93.06084442138672,16979
2014-07-03,149.0,149.35000610351562,147.60000610351562,147.89999389648438,92.21906280517578,13737
2014-07-07,148.35000610351562,148.35000610351562,146.25,147.14999389648438,91.75143432617188,21372
2014-07-08,147.35000610351562,147.35000610351562,146.0500030517578,147.0500030517578,91.68907165527344,19177
2014-07-09,146.89999389648438,148.0500030517578,146.25,147.5,91.96964263916016,17373
2014-07-10,147.5500030517578,148.35000610351562,146.39999389648438,146.9499969482422,91.62673950195312,28746
2014-07-11,146.5,147.5850067138672,146.10000610351562,147.4499969482422,91.93850708007812,19836
2014-07-14,147.64999389648438,148.14999389648438,146.5,147.35000610351562,91.87615203857422,15256
2014-07-15,147.3000030517578,147.3000030517578,146.25,146.4499969482422,91.31499481201172,21312
2014-07-16,146.25,147.25,146.1999969482422,146.75,91.50203704833984,22680
2014-07-17,147.14999389648438,148.5,146.60049438476562,148.14999389648438,92.37496185302734,25329
2014-07-18,148.35000610351562,148.89999389648438,147.6999969482422,148.10000610351562,92.34378051757812,14730
2014-07-21,148.14999389648438,148.35000610351562,147.1999969482422,148.0,92.28142547607422,13138
2014-07-22,148.5500030517578,150.0500030517578,148.25,150.0,93.52849578857422,16579
2014-07-23,149.5,151.6999969482422,149.5,150.5500030517578,93.87141418457031,22438
2014-07-24,150.5,151.35000610351562,149.0500030517578,149.75,93.37261199951172,29957
2014-07-25,149.14999389648438,150.10000610351562,146.75,147.4499969482422,91.93850708007812,65360
2014-07-28,147.3000030517578,148.0,146.25,146.4499969482422,91.31499481201172,21738
2014-07-29,146.60000610351562,147.25,146.25,146.64999389648438,91.43968200683594,19768
2014-07-30,146.85000610351562,147.1999969482422,145.0,145.64999389648438,90.816162109375,26394
2014-07-31,145.1999969482422,145.3000030517578,142.64999389648438,143.3000030517578,89.35089874267578,48960
2014-08-01,142.85000610351562,143.39999389648438,141.0500030517578,141.39999389648438,88.16616821289062,24655
2014-08-04,140.9499969482422,141.61749267578125,139.8000030517578,141.39999389648438,88.16616821289062,46414
2014-08-05,140.89999389648438,141.35000610351562,139.64999389648438,140.6999969482422,87.72969055175781,35724
2014-08-06,140.3000030517578,141.14999389648438,139.89999389648438,140.75,87.76090240478516,23827
2014-08-07,141.0500030517578,142.14999389648438,139.8000030517578,140.9499969482422,87.8856201171875,16985
2014-08-08,140.75,141.4499969482422,140.40049743652344,141.4499969482422,88.19734954833984,15243
2014-08-11,143.0,147.0,143.0,146.4499969482422,91.31499481201172,25585
2014-08-12,146.4499969482422,146.8000030517578,145.0,146.8000030517578,91.533203125,15841
2014-08-13,146.9499969482422,146.9499969482422,145.0,146.10000610351562,91.09674835205078,37967
2014-08-14,145.64999389648438,147.35000610351562,145.64999389648438,147.35000610351562,91.87615203857422,18306
2014-08-15,147.60000610351562,148.89999389648438,147.14999389648438,148.8000030517578,92.7802505493164,18998
2014-08-18,148.9499969482422,149.7949981689453,147.5540008544922,148.0500030517578,92.31261444091797,24899
2014-08-19,148.5,149.4499969482422,148.14999389648438,149.3000030517578,93.09201049804688,18500
2014-08-20,147.64999389648438,148.6999969482422,147.0500030517578,148.39999389648438,92.53084564208984,30156
2014-08-21,148.39999389648438,148.6999969482422,144.0500030517578,145.0,90.41085815429688,171103
2014-08-22,144.64999389648438,144.89999389648438,142.0,142.14999389648438,88.6338119506836,65916
2014-08-25,143.1649932861328,144.10000610351562,142.4499969482422,143.1999969482422,89.28854370117188,78338
2014-08-26,143.6999969482422,144.75,143.3000030517578,144.75,90.25497436523438,69462
2014-08-27,144.85000610351562,145.3000030517578,144.35000610351562,145.3000030517578,90.5979232788086,72154
2014-08-28,144.75,145.75,144.63499450683594,145.5,90.72264099121094,32885
2014-08-29,145.89999389648438,147.0,145.39999389648438,145.8000030517578,90.90966796875,54452
2014-09-02,146.0,146.1999969482422,144.5500030517578,145.10000610351562,90.47322845458984,50375
2014-09-03,145.3000030517578,145.59500122070312,144.60000610351562,145.0500030517578,90.4420394897461,31622
2014-09-04,145.0,145.25,144.10000610351562,144.39999389648438,90.03672790527344,36007
2014-09-05,144.25,144.34950256347656,142.1999969482422,143.25,89.3196792602539,55800
2014-09-08,142.8000030517578,143.39999389648438,142.64999389648438,143.0500030517578,89.19499969482422,48997
2014-09-09,143.0,143.5,142.75,143.1999969482422,89.28854370117188,34216
2014-09-10,143.25,143.8000030517578,143.0,143.75,89.63146209716797,37604
2014-09-11,143.60000610351562,143.8000030517578,142.5,143.8000030517578,89.66263580322266,26943
2014-09-12,143.35000610351562,143.35000610351562,140.25,141.14999389648438,88.01029205322266,30927
2014-09-15,140.8000030517578,140.9459991455078,138.4499969482422,139.25,86.82559967041016,34240
2014-09-16,138.8000030517578,140.64999389648438,138.39999389648438,138.89999389648438,86.60735321044922,63035
2014-09-17,139.0500030517578,140.23500061035156,139.0,139.60000610351562,87.04383850097656,70384
2014-09-18,139.6999969482422,140.58399963378906,138.6999969482422,140.4499969482422,87.57383728027344,60318
2014-09-19,140.75,141.4499969482422,140.5500030517578,141.10000610351562,87.97913360595703,33463
2014-09-22,140.6999969482422,140.6999969482422,138.0500030517578,138.5500030517578,86.38912200927734,33938
2014-09-23,138.25,138.4499969482422,136.75,136.75,85.26679992675781,40534
2014-09-24,136.75,136.89999389648438,134.25,136.1999969482422,84.92387390136719,70715
2014-09-25,136.3000030517578,136.6824951171875,134.60000610351562,135.5,84.48739624023438,41724
2014-09-26,135.8000030517578,137.39999389648438,135.25,136.89999389648438,85.36034393310547,30566
2014-09-29,136.0500030517578,137.8000030517578,135.57049560546875,137.8000030517578,85.92152404785156,28402
2014-09-30,138.10000610351562,139.60000610351562,136.5,139.39999389648438,86.91914367675781,44373
2014-10-01,139.35000610351562,140.4499969482422,137.69900512695312,138.10000610351562,86.10855865478516,44179
2014-10-02,137.64999389648438,138.64999389648438,135.60000610351562,138.0,86.04620361328125,57680
2014-10-03,138.25,138.7100067138672,137.1999969482422,138.39999389648438,86.29561614990234,39152
2014-10-06,138.64999389648438,138.75,136.75050354003906,137.5,85.73443603515625,35032
2014-10-07,136.9499969482422,137.35000610351562,135.25,135.75,84.64326477050781,32714
2014-10-08,135.75,135.75050354003906,132.75,135.1999969482422,84.30033111572266,54485
2014-10-09,134.9499969482422,135.1999969482422,131.0500030517578,131.5,81.9932861328125,60663
2014-10-10,131.10000610351562,131.39999389648438,125.1500015258789,128.1999969482422,79.93567657470703,73909
2014-10-13,127.94999694824219,129.4499969482422,121.30000305175781,121.4000015258789,75.69570922851562,81238
2014-10-14,121.80000305175781,123.375,115.9000015258789,120.75,75.29042053222656,161973
2014-10-15,118.44999694824219,125.30000305175781,113.8499984741211,124.75,77.7845230102539,139499
2014-10-16,123.4000015258789,133.8000030517578,122.5999984741211,130.89999389648438,81.61917877197266,91988
2014-10-17,132.64999389648438,136.4499969482422,131.50250244140625,133.60000610351562,83.30269622802734,63137
2014-10-20,132.60000610351562,135.1840057373047,132.0500030517578,135.0500030517578,84.2068099975586,39166
2014-10-21,135.9499969482422,137.85000610351562,135.8834991455078,137.39999389648438,85.67208099365234,39085
2014-10-22,137.85000610351562,138.4499969482422,133.89999389648438,134.10000610351562,83.61446380615234,41561
2014-10-23,135.5,137.5,135.5,137.35000610351562,85.64093017578125,32019
2014-10-24,136.89999389648438,140.5034942626953,136.85000610351562,139.60000610351562,87.04383850097656,39529
2014-10-27,138.60000610351562,140.77499389648438,137.72000122070312,139.6999969482422,87.10619354248047,26037
2014-10-28,139.89999389648438,140.59950256347656,139.25,140.14999389648438,87.38677215576172,21501
2014-10-29,140.14999389648438,141.4499969482422,139.60000610351562,141.0500030517578,87.9479751586914,21875
2014-10-30,140.75,141.00100708007812,139.10000610351562,139.3000030517578,86.8567886352539,31118
2014-10-31,139.5,140.14999389648438,138.70050048828125,140.0,87.29324340820312,33116
2014-11-03,139.39999389648438,140.0175018310547,138.5500030517578,138.64999389648438,86.45150756835938,32122
2014-11-04,137.64999389648438,138.03750610351562,135.14999389648438,135.1999969482422,84.30033111572266,41613
2014-11-05,135.35000610351562,137.5,134.35000610351562,137.1999969482422,85.54735565185547,42278
2014-11-06,136.85000610351562,137.60000610351562,136.3000030517578,137.0,85.42269134521484,37368
2014-11-07,137.0500030517578,139.04949951171875,137.0500030517578,138.9499969482422,86.63854217529297,33706
2014-11-10,139.0500030517578,139.6750030517578,138.35049438476562,138.75,86.51384735107422,27377
2014-11-11,138.0500030517578,140.0,137.64999389648438,140.0,87.29324340820312,29957
2014-11-12,138.75,140.75,138.64999389648438,138.64999389648438,86.45150756835938,26044
2014-11-13,139.0,139.75,137.14999389648438,138.25,86.20207214355469,34219
2014-11-14,138.64999389648438,140.1999969482422,138.14999389648438,140.0,87.29324340820312,19423
2014-11-17,139.75,141.1999969482422,139.39999389648438,140.9499969482422,87.8856201171875,36576
2014-11-18,141.10000610351562,141.5,140.64999389648438,141.4499969482422,88.19734954833984,22828
2014-11-19,139.39999389648438,142.25,138.5500030517578,141.0500030517578,87.9479751586914,40340
2014-11-20,140.8000030517578,142.25,140.60000610351562,142.25,88.6961669921875,30663
2014-11-21,143.3000030517578,144.3000030517578,140.9499969482422,141.39999389648438,88.16616821289062,48453
2014-11-24,141.25,142.25,140.0,140.5,87.60501098632812,24499
2014-11-25,141.14999389648438,143.0500030517578,140.0500030517578,141.60000610351562,88.2908935546875,48643
2014-11-26,141.60000610351562,143.75,141.14999389648438,143.75,89.63146209716797,21939
2014-11-28,143.0,143.0,137.25,137.85000610351562,85.95268249511719,36616
2014-12-01,136.89999389648438,136.89999389648438,131.25,132.6999969482422,82.74154663085938,70346
2014-12-02,132.4499969482422,135.9499969482422,131.5500030517578,133.89999389648438,83.4897689819336,60815
2014-12-03,134.60000610351562,137.85000610351562,134.5050048828125,134.89999389648438,84.1132583618164,53408
2014-12-04,134.10000610351562,136.5,134.10000610351562,135.14999389648438,84.26914978027344,41631
2014-12-05,135.64999389648438,136.14999389648438,133.3000030517578,133.3000030517578,83.11566162109375,40310
2014-12-08,132.4499969482422,132.64999389648438,125.05000305175781,127.0999984741211,79.24979400634766,59450
2014-12-09,124.55000305175781,130.1999969482422,123.05000305175781,129.5500030517578,80.77742767333984,84843
2014-12-10,128.1999969482422,128.1999969482422,123.8499984741211,125.0,77.94039154052734,59889
2014-12-11,124.69999694824219,128.1999969482422,124.19999694824219,124.75,77.7845230102539,71000
2014-12-12,123.6500015258789,124.69999694824219,121.75,122.5,76.381591796875,78466
2014-12-15,123.44999694824219,124.5999984741211,119.1500015258789,120.25,74.97866821289062,99261
2014-12-16,118.94999694824219,124.19999694824219,116.94999694824219,122.44999694824219,76.35040283203125,112018
2014-12-17,121.8499984741211,127.80000305175781,121.8499984741211,127.5999984741211,79.56156158447266,85735
2014-12-18,130.10000610351562,132.60000610351562,127.0,130.89999389648438,81.61917877197266,72625
2014-12-19,131.8000030517578,134.14999389648438,130.1999969482422,134.14999389648438,83.64564514160156,43182
2014-12-22,133.4499969482422,133.60000610351562,130.39999389648438,132.39999389648438,82.55447387695312,55774
2014-12-23,133.3000030517578,134.25,132.5,132.64999389648438,82.71036529541016,51672
2014-12-24,132.6999969482422,134.4499969482422,131.89999389648438,134.35000610351562,83.77033996582031,22853
2014-12-26,134.0,135.60000610351562,133.8000030517578,135.4499969482422,84.45622253417969,28482
2014-12-29,135.75,136.75,134.45050048828125,136.75,85.26679992675781,28244
2014-12-30,136.10000610351562,137.5,135.89999389648438,137.1999969482422,85.54735565185547,24481
2014-12-31,137.35000610351562,138.8000030517578,135.89999389648438,138.0,86.04620361328125,55462
2015-01-02,138.35000610351562,138.8000030517578,137.0500030517578,138.14999389648438,86.13971710205078,17446
2015-01-05,136.5,136.6824951171875,131.64999389648438,132.14999389648438,82.39859771728516,46163
2015-01-06,131.39999389648438,132.49949645996094,126.9000015258789,129.4499969482422,80.715087890625,37871
2015-01-07,130.0500030517578,131.08999633789062,126.8499984741211,127.0999984741211,79.24979400634766,55449
2015-01-08,127.80000305175781,131.0500030517578,127.75,129.89999389648438,80.99565887451172,34386
2015-01-09,129.60000610351562,130.8000030517578,128.8000030517578,130.8000030517578,81.55685424804688,29719
2015-01-12,130.25,130.25,122.8499984741211,124.80000305175781,77.81570434570312,73580
2015-01-13,124.80000305175781,125.69950103759766,121.25,124.25,77.47274780273438,73483
2015-01-14,123.0,123.94999694824219,119.45050048828125,123.25,76.8492431640625,70490
2015-01-15,124.5999984741211,124.8499984741211,122.19999694824219,123.0999984741211,76.75569152832031,42055
2015-01-16,123.80000305175781,127.1500015258789,123.80000305175781,126.9000015258789,79.12511444091797,35055
2015-01-20,126.6500015258789,127.8499984741211,125.1500015258789,127.5,79.49921417236328,39819
2015-01-21,127.5,130.75,127.4000015258789,130.5500030517578,81.40094757080078,48809
2015-01-22,131.6999969482422,131.75,129.5,130.5500030517578,81.40094757080078,40918
2015-01-23,130.14999389648438,131.64950561523438,129.14999389648438,130.35000610351562,81.2762680053711,31370
2015-01-26,130.85000610351562,131.04949951171875,129.5500030517578,130.75,81.52566528320312,35277
2015-01-27,130.0,130.99899291992188,128.6999969482422,130.14999389648438,81.15155029296875,45962
2015-01-28,130.4499969482422,130.4499969482422,126.3499984741211,126.6500015258789,78.9692153930664,42168
2015-01-29,127.0,127.75,124.4000015258789,126.8499984741211,79.09392547607422,32716
2015-01-30,125.5999984741211,129.39999389648438,125.0,127.5,79.49921417236328,38606
2015-02-02,127.75,129.89999389648438,126.25,128.89999389648438,80.37214660644531,51803
2015-02-03,129.9499969482422,131.2935028076172,129.39999389648438,130.6999969482422,81.49449920654297,29854
2015-02-04,130.3000030517578,130.6999969482422,129.14999389648438,129.8000030517578,80.9333267211914,38128
2015-02-05,131.1999969482422,133.39999389648438,130.64999389648438,132.5500030517578,82.64798736572266,45151
2015-02-06,133.5,134.4499969482422,131.5,132.1999969482422,82.42976379394531,27156
2015-02-09,132.5500030517578,133.1074981689453,131.62950134277344,131.89999389648438,82.24271392822266,19271
2015-02-10,131.9499969482422,132.39999389648438,129.35000610351562,131.0,81.68154907226562,23001
2015-02-11,130.39999389648438,130.64999389648438,129.39999389648438,129.85000610351562,80.9645004272461,22040
2015-02-12,130.4499969482422,131.3000030517578,130.4499969482422,131.1999969482422,81.80624389648438,23029
2015-02-13,132.1999969482422,133.0500030517578,131.75,132.10000610351562,82.367431640625,19269
2015-02-17,131.85000610351562,132.39999389648438,131.10000610351562,131.35000610351562,81.89978790283203,38132
2015-02-18,129.25,129.8000030517578,128.89999389648438,129.1999969482422,80.5592041015625,26663
2015-02-19,127.44999694824219,129.8000030517578,127.44999694824219,129.5500030517578,80.77742767333984,30998
2015-02-20,130.14999389648438,131.39999389648438,129.9499969482422,131.35000610351562,81.89978790283203,22242
2015-02-23,131.0,131.6999969482422,130.64999389648438,130.75,81.52566528320312,36029
2015-02-24,130.9499969482422,132.10000610351562,130.75,132.0500030517578,82.33621978759766,43660
2015-02-25,132.8000030517578,134.4499969482422,132.1999969482422,133.8000030517578,83.42741394042969,35432
2015-02-26,133.60000610351562,133.89999389648438,131.8000030517578,132.64999389648438,82.71036529541016,47367
2015-02-27,133.4499969482422,134.5500030517578,133.10000610351562,134.25,83.7079849243164,41774
2015-03-02,134.25,134.6999969482422,132.9499969482422,133.60000610351562,83.30269622802734,35263
2015-03-03,133.3000030517578,133.5,132.10000610351562,132.4499969482422,82.58566284179688,30705
2015-03-04,132.75,132.9499969482422,131.25,132.9499969482422,82.89740753173828,26817
2015-03-05,132.6999969482422,134.6999969482422,132.6999969482422,134.6999969482422,83.98855590820312,18889
2015-03-06,133.89999389648438,134.05850219726562,132.0500030517578,133.60000610351562,83.30269622802734,26218
2015-03-09,133.4499969482422,134.14999389648438,130.39999389648438,130.6999969482422,81.49449920654297,21131
2015-03-10,130.25,130.35000610351562,128.35000610351562,129.4499969482422,80.715087890625,23879
2015-03-11,129.89999389648438,129.9499969482422,124.8499984741211,125.0999984741211,78.00273895263672,55505
2015-03-12,125.44999694824219,126.05000305175781,124.4749984741211,125.69999694824219,78.3768539428711,25247
2015-03-13,125.0,125.25,122.9000015258789,124.4000015258789,77.56631469726562,22518
2015-03-16,124.1500015258789,124.1500015258789,122.55000305175781,122.6500015258789,76.47510528564453,29503
2015-03-17,122.0,122.44999694824219,121.0999984741211,121.4000015258789,75.69570922851562,36110
2015-03-18,120.75,124.44999694824219,119.5999984741211,123.8499984741211,77.22335052490234,52033
2015-03-19,122.94999694824219,123.4000015258789,122.3499984741211,123.19999694824219,76.81806182861328,29105
2015-03-20,123.9000015258789,125.44999694824219,123.55000305175781,124.5,77.6286392211914,26155
2015-03-23,124.80000305175781,126.3499984741211,124.80000305175781,125.5999984741211,78.31449890136719,45340
2015-03-24,125.9000015258789,125.9000015258789,124.75,125.1500015258789,78.03392791748047,30803
2015-03-25,125.3499984741211,125.3499984741211,123.8499984741211,124.5,77.6286392211914,37770
2015-03-26,124.9000015258789,125.6500015258789,123.5,124.19999694824219,77.44156646728516,32411
2015-03-27,124.44999694824219,125.19999694824219,123.8499984741211,123.8499984741211,77.22335052490234,31462
2015-03-30,124.1500015258789,125.3499984741211,124.1500015258789,125.19999694824219,78.06511688232422,16097
2015-03-31,124.5,126.14949798583984,124.30000305175781,124.80000305175781,77.81570434570312,27308
2015-04-01,125.0999984741211,126.05000305175781,124.9530029296875,125.4000015258789,78.1898193359375,17732
2015-04-02,125.3499984741211,126.5,125.19999694824219,126.0,78.56391906738281,59185
2015-04-06,125.9000015258789,127.05000305175781,125.9000015258789,126.6500015258789,78.9692153930664,17241
2015-04-07,126.6500015258789,127.64949798583984,126.4000015258789,127.4000015258789,79.43683624267578,18485
2015-04-08,127.8499984741211,128.25,126.5999984741211,126.9000015258789,79.12511444091797,21179
2015-04-09,126.6500015258789,127.69950103759766,126.6500015258789,126.94999694824219,79.1562728881836,20272
2015-04-10,127.80000305175781,127.94999694824219,126.75,127.0,79.18745422363281,16419
2015-04-13,127.44999694824219,127.5,126.05000305175781,126.3499984741211,78.78217315673828,17097
2015-04-14,126.55000305175781,128.4499969482422,126.4000015258789,128.0500030517578,79.8421401977539,21005
2015-04-15,128.85000610351562,130.5,128.25,130.14999389648438,81.15155029296875,21647
2015-04-16,130.25,130.4499969482422,129.35000610351562,130.10000610351562,81.12036895751953,25750
2015-04-17,129.85000610351562,129.85000610351562,128.14999389648438,128.64999389648438,80.21625518798828,32267
2015-04-20,128.85000610351562,130.3000030517578,128.3000030517578,129.0,80.43448638916016,30423
2015-04-21,129.10000610351562,129.39999389648438,128.35000610351562,128.39999389648438,80.06036376953125,21244
2015-04-22,129.10000610351562,129.4499969482422,128.5500030517578,129.0,80.43448638916016,21819
2015-04-23,129.39999389648438,130.60000610351562,129.39999389648438,130.25,81.2138900756836,20568
2015-04-24,130.4499969482422,130.6999969482422,130.0500030517578,130.14999389648438,81.15155029296875,20075
2015-04-27,130.1999969482422,130.9499969482422,129.6999969482422,130.1999969482422,81.18272399902344,25464
2015-04-28,129.9499969482422,130.39999389648438,129.0,130.14999389648438,81.15155029296875,16085
2015-04-29,130.0500030517578,132.64999389648438,129.75,132.64999389648438,82.71036529541016,38164
2015-04-30,132.4499969482422,133.4499969482422,131.8000030517578,132.5,82.61683654785156,31805
2015-05-01,132.39999389648438,132.89999389648438,131.1999969482422,132.35000610351562,82.5233154296875,25870
2015-05-04,132.5500030517578,132.6999969482422,131.4550018310547,131.8000030517578,82.18037414550781,26255
2015-05-05,131.85000610351562,132.39700317382812,131.1999969482422,131.85000610351562,82.21154022216797,14687
2015-05-06,132.35000610351562,132.35000610351562,128.5,130.14999389648438,81.15155029296875,21413
2015-05-07,130.0500030517578,130.0500030517578,127.6500015258789,128.1999969482422,79.93567657470703,37233
2015-05-08,128.8000030517578,129.0260009765625,127.9000015258789,128.6999969482422,80.2474365234375,53037
2015-05-11,128.25,128.6999969482422,127.19999694824219,127.5999984741211,79.56156158447266,25750
2015-05-12,127.69999694824219,128.9499969482422,127.25399780273438,128.75,80.27861022949219,21310
2015-05-13,129.64999389648438,131.0500030517578,128.9499969482422,130.4499969482422,81.33861541748047,35814
2015-05-14,131.39999389648438,131.39999389648438,130.0500030517578,130.8000030517578,81.55685424804688,35394
2015-05-15,131.0500030517578,131.0500030517578,130.14999389648438,130.1999969482422,81.18272399902344,23397
2015-05-18,130.4499969482422,131.0,130.10000610351562,130.85000610351562,81.58800506591797,18790
2015-05-19,130.8000030517578,130.8000030517578,130.10000610351562,130.1999969482422,81.18272399902344,23525
2015-05-20,128.60000610351562,128.60000610351562,127.6500015258789,127.9000015258789,79.74862670898438,30243
2015-05-21,128.39999389648438,128.64999389648438,127.9000015258789,128.14999389648438,79.90450286865234,28288
2015-05-22,128.25,128.35000610351562,127.5,128.0500030517578,79.8421401977539,25513
2015-05-26,128.0,128.0,125.9000015258789,126.44999694824219,78.84449768066406,23245
2015-05-27,126.9000015258789,127.80000305175781,126.0,127.3499984741211,79.40568542480469,119222
2015-05-28,126.75,127.0,126.1500015258789,126.8499984741211,79.09392547607422,36347
2015-05-29,127.1500015258789,127.44999694824219,125.8499984741211,126.30000305175781,78.7509765625,60136
2015-06-01,126.5999984741211,126.80000305175781,125.8499984741211,126.19999694824219,78.6886215209961,29089
2015-06-02,126.19999694824219,126.5,125.5,126.5,78.87566375732422,27188
2015-06-03,126.25,126.25,125.15049743652344,125.5,78.25214385986328,33854
2015-06-04,125.44999694824219,125.5,123.0,123.25,76.8492431640625,28690
2015-06-05,123.0999984741211,123.69999694824219,122.05000305175781,123.6500015258789,77.0986557006836,24089
2015-06-08,123.1500015258789,123.94999694824219,122.05500030517578,123.25,76.8492431640625,22328
2015-06-09,123.94999694824219,123.94999694824219,122.25050354003906,122.55000305175781,76.41277313232422,16257
2015-06-10,122.6500015258789,123.25,121.8499984741211,121.8499984741211,75.976318359375,23500
2015-06-11,121.6500015258789,122.05000305175781,120.75,121.19999694824219,75.57101440429688,16880
2015-06-12,120.4000015258789,120.88800048828125,119.4000015258789,120.0999984741211,74.88512420654297,31937
2015-06-15,120.0,121.84950256347656,119.1500015258789,121.5999984741211,75.82042694091797,30393
2015-06-16,121.8499984741211,122.19999694824219,121.0999984741211,121.8499984741211,75.976318359375,22820
2015-06-17,122.44999694824219,123.25,122.05000305175781,122.69999694824219,76.50628662109375,39881
2015-06-18,123.1500015258789,123.3499984741211,121.9000015258789,122.0,76.06983947753906,30014
2015-06-19,121.69999694824219,122.0,121.0999984741211,121.8499984741211,75.976318359375,32639
2015-06-22,122.9000015258789,123.44999694824219,121.25,121.8499984741211,75.976318359375,28544
2015-06-23,122.25,122.44999694824219,121.55000305175781,121.69999694824219,75.88278198242188,31717
2015-06-24,121.80000305175781,122.05000305175781,121.25,121.5999984741211,75.82042694091797,21390
2015-06-25,121.3499984741211,122.3499984741211,120.44999694824219,120.44999694824219,75.1033706665039,29038
2015-06-26,120.0,120.1500015258789,118.1500015258789,118.44999694824219,73.8563232421875,52474
2015-06-29,118.05000305175781,118.19999694824219,114.1500015258789,114.69999694824219,71.51810455322266,66447
2015-06-30,116.6500015258789,116.6500015258789,113.94750213623047,116.30000305175781,72.51576232910156,40504
2015-07-01,116.9000015258789,117.5999984741211,115.0,115.5999984741211,72.07929229736328,32450
2015-07-02,115.3499984741211,116.8499984741211,115.05000305175781,115.69999694824219,72.14161682128906,39022
2015-07-06,114.9000015258789,114.9000015258789,113.44999694824219,113.80000305175781,70.95692443847656,27907
2015-07-07,113.0,118.0,111.69999694824219,117.1500015258789,73.04574584960938,52024
2015-07-08,113.80000305175781,117.19999694824219,113.80000305175781,115.05000305175781,71.73635864257812,49194
2015-07-09,116.25,116.9000015258789,114.1500015258789,115.9000015258789,72.266357421875,42672
2015-07-10,117.19999694824219,119.14949798583984,116.55000305175781,118.44999694824219,73.8563232421875,37537
2015-07-13,118.30000305175781,120.4000015258789,118.19650268554688,118.69999694824219,74.01219177246094,35404
2015-07-14,118.75,120.55000305175781,118.35600280761719,119.5,74.51102447509766,32051
2015-07-15,119.4000015258789,120.1500015258789,116.55000305175781,117.25,73.10807800292969,60425
2015-07-16,117.0,117.0999984741211,115.0999984741211,116.05000305175781,72.3598861694336,53371
2015-07-17,115.3499984741211,115.3499984741211,113.0999984741211,113.5,70.76988983154297,49016
2015-07-20,112.9000015258789,113.97450256347656,107.80000305175781,108.75,67.80815124511719,66554
2015-07-21,108.75,110.1604995727539,107.80000305175781,109.5,68.27579498291016,47052
2015-07-22,108.9000015258789,108.9000015258789,104.5,105.05000305175781,65.50112915039062,89506
2015-07-23,105.5999984741211,106.1500015258789,103.75,105.0999984741211,65.53229522705078,76888
2015-07-24,105.0999984741211,106.25,104.5999984741211,105.5999984741211,65.84403228759766,50757
2015-07-27,105.25,107.44999694824219,104.05000305175781,106.5,66.40521240234375,68544
2015-07-28,106.44999694824219,110.5,105.93800354003906,110.44999694824219,68.86814880371094,64291
2015-07-29,110.19999694824219,112.98999786376953,109.3499984741211,112.55000305175781,70.17753601074219,72138
2015-07-30,112.3499984741211,112.3499984741211,109.9000015258789,110.80000305175781,69.08638763427734,66624
2015-07-31,111.5999984741211,112.75,110.8499984741211,112.4000015258789,70.08401489257812,68289
2015-08-03,111.55000305175781,111.74949645996094,109.75,110.19999694824219,68.71226501464844,55577
2015-08-04,109.69999694824219,111.30000305175781,109.0999984741211,110.1500015258789,68.68107604980469,52193
2015-08-05,110.9000015258789,112.19999694824219,105.3499984741211,105.69999694824219,65.90640258789062,60285
2015-08-06,104.69999694824219,104.94999694824219,100.3499984741211,103.05000305175781,64.25408172607422,103411
2015-08-07,102.94999694824219,104.51399993896484,102.55000305175781,103.19999694824219,64.34758758544922,42699
2015-08-10,104.0,108.80000305175781,103.6500015258789,106.80000305175781,66.59228515625,58852
2015-08-11,104.75,109.94999694824219,104.75,107.0,66.71697235107422,62454
2015-08-12,107.25,112.2699966430664,107.0,111.3499984741211,69.4293212890625,75387
2015-08-13,110.1500015258789,112.05000305175781,109.95500183105469,111.1500015258789,69.30461120605469,41182
2015-08-14,111.19999694824219,115.44999694824219,111.0,114.44999694824219,71.36221313476562,42909
2015-08-17,114.05000305175781,116.30000305175781,113.1500015258789,115.30000305175781,71.8922348022461,62558
2015-08-18,115.5,117.5,114.25,117.5,73.26397705078125,50626
2015-08-19,114.44999694824219,115.44999694824219,111.13999938964844,113.19999694824219,70.58282470703125,62450
2015-08-20,112.75,116.05000305175781,110.6500015258789,111.0,69.21106719970703,63094
2015-08-21,110.5,111.05000305175781,104.15049743652344,108.9000015258789,67.90168762207031,84291
2015-08-24,100.30000305175781,104.19950103759766,91.0999984741211,98.25,61.26115036010742,109923
2015-08-25,100.8499984741211,108.44999694824219,98.25,103.30000305175781,64.40995025634766,106529
2015-08-26,104.80000305175781,105.64949798583984,101.25050354003906,103.55000305175781,64.56584167480469,77894
2015-08-27,104.55000305175781,110.05599975585938,103.1500015258789,106.80000305175781,66.59228515625,62413
2015-08-28,107.75,112.1500015258789,107.24299621582031,111.0,69.21106719970703,69035
2015-08-31,110.0999984741211,112.5,107.55000305175781,107.69999694824219,67.1534423828125,54764
2015-09-01,104.94999694824219,107.25,103.1500015258789,105.69999694824219,65.90640258789062,50088
2015-09-02,107.30000305175781,107.69999694824219,103.30000305175781,103.8499984741211,64.75288391113281,54282
2015-09-03,104.5,108.6500015258789,103.7594985961914,108.44999694824219,67.62109375,42614
2015-09-04,107.0999984741211,110.80000305175781,106.5,110.25,68.74342346191406,26454
2015-09-08,110.94999694824219,112.4000015258789,106.55000305175781,108.4000015258789,67.58990478515625,45944
2015-09-09,108.55000305175781,109.2300033569336,103.0999984741211,104.6500015258789,65.25169372558594,62315
2015-09-10,104.9000015258789,106.05000305175781,103.55000305175781,104.3499984741211,65.06464385986328,25745
2015-09-11,103.5,104.67449951171875,102.6500015258789,103.3499984741211,64.44112396240234,24729
2015-09-14,103.19999694824219,103.6500015258789,100.67449951171875,103.05000305175781,64.25408172607422,33214
2015-09-15,102.80000305175781,104.3499984741211,102.5999984741211,103.55000305175781,64.56584167480469,28959
2015-09-16,104.0,108.6500015258789,101.0999984741211,108.30000305175781,67.5275650024414,43028
2015-09-17,107.5,108.49400329589844,105.5999984741211,106.75,66.56109619140625,26030
2015-09-18,105.5,105.80000305175781,103.44999694824219,104.25,65.0022964477539,18387
2015-09-21,104.05000305175781,104.62349700927734,102.5999984741211,103.0,64.22288513183594,27774
2015-09-22,102.0,102.4000015258789,98.44999694824219,98.8499984741211,61.63528060913086,45232
2015-09-23,98.5999984741211,99.94999694824219,96.94999694824219,98.3499984741211,61.32352066040039,47834
2015-09-24,97.69999694824219,99.5,94.3499984741211,98.3499984741211,61.32352066040039,63586
2015-09-25,99.44999694824219,100.1500015258789,95.94999694824219,97.0,60.48173904418945,39240
2015-09-28,96.05000305175781,96.3125,89.05000305175781,89.5999984741211,55.86766052246094,64270
2015-09-29,89.3499984741211,89.62999725341797,80.80000305175781,82.94999694824219,51.72126770019531,124334
2015-09-30,84.19999694824219,87.3499984741211,82.3499984741211,86.5999984741211,53.99711227416992,99178
2015-10-01,87.55000305175781,91.0999984741211,85.8499984741211,87.4000015258789,54.49592971801758,98225
2015-10-02,85.8499984741211,91.19999694824219,85.0999984741211,90.0,56.117095947265625,93000
2015-10-05,91.0,94.8499984741211,91.0,92.5999984741211,57.73826599121094,104449
2015-10-06,93.0,97.44999694824219,92.69999694824219,96.19999694824219,59.98294448852539,105432
2015-10-07,96.94999694824219,99.1500015258789,96.5,98.5,61.41704177856445,59116
2015-10-08,98.0999984741211,102.44999694824219,98.0999984741211,101.94999694824219,63.568206787109375,51585
2015-10-09,102.5,104.8499984741211,101.5999984741211,104.44999694824219,65.12700653076172,38856
2015-10-12,104.4000015258789,104.4000015258789,100.94999694824219,102.1500015258789,63.69289779663086,40923
2015-10-13,101.25,101.5999984741211,97.8499984741211,98.75,61.572933197021484,84348
2015-10-14,98.6500015258789,101.3499984741211,96.8499984741211,97.80000305175781,60.9805793762207,127856
2015-10-15,97.05000305175781,99.5999984741211,95.5999984741211,99.3499984741211,61.947021484375,34708
2015-10-16,99.44999694824219,100.1500015258789,98.05049896240234,99.9000015258789,62.28997039794922,36248
2015-10-19,99.25,100.0999984741211,97.6500015258789,99.75,62.196441650390625,26380
2015-10-20,99.0999984741211,101.44999694824219,97.94999694824219,100.8499984741211,62.882320404052734,60349
2015-10-21,100.55000305175781,100.9000015258789,98.9000015258789,99.30000305175781,61.91585922241211,39818
2015-10-22,99.25,101.1500015258789,97.8499984741211,98.9000015258789,61.66645812988281,93824
2015-10-23,98.9000015258789,99.75,96.5250015258789,97.8499984741211,61.011749267578125,68091
2015-10-26,96.6500015258789,97.44999694824219,93.69999694824219,93.80000305175781,58.486488342285156,63979
2015-10-27,92.5999984741211,92.5999984741211,89.75,91.6500015258789,57.14589309692383,119320
2015-10-28,91.80000305175781,97.1500015258789,90.875,95.44999694824219,59.515289306640625,60283
2015-10-29,94.55000305175781,96.8499984741211,94.3499984741211,96.3499984741211,60.07647705078125,55288
2015-10-30,96.25,100.0,95.19999694824219,99.1500015258789,61.82234191894531,49504
2015-11-02,98.3499984741211,102.25,97.42500305175781,100.75,62.81996154785156,67211
2015-11-03,101.05000305175781,104.0999984741211,100.0999984741211,100.6500015258789,62.75761413574219,68688
2015-11-04,100.6500015258789,101.5,98.25,99.25,61.88467788696289,55094
2015-11-05,98.5,99.44999694824219,96.5,98.19999694824219,61.229976654052734,41503
2015-11-06,97.19999694824219,97.74199676513672,95.30000305175781,96.9000015258789,60.41938781738281,28114
2015-11-09,95.8499984741211,97.4000015258789,94.69999694824219,96.25,60.01410675048828,43746
2015-11-10,95.4000015258789,97.0999984741211,94.0999984741211,94.80000305175781,59.1099853515625,50665
2015-11-11,94.75,95.4000015258789,91.65499877929688,93.25,58.1435546875,57617
2015-11-12,92.25,93.19999694824219,90.5,91.3499984741211,56.95884323120117,56176
2015-11-13,90.80000305175781,95.3499984741211,88.94999694824219,94.80000305175781,59.1099853515625,104057
2015-11-16,94.44999694824219,98.4000015258789,93.8499984741211,96.80000305175781,60.35703659057617,46537
2015-11-17,96.3499984741211,99.0,92.75,94.3499984741211,58.82939529418945,61326
2015-11-18,92.4000015258789,93.25,90.0,92.75,57.83179473876953,72414
2015-11-19,92.75,92.75,89.69999694824219,90.80000305175781,56.615901947021484,84419
2015-11-20,90.44999694824219,90.84400177001953,87.94999694824219,88.75,55.337677001953125,61407
2015-11-23,88.69999694824219,90.0999984741211,86.6500015258789,86.8499984741211,54.152992248535156,78960
2015-11-24,87.6500015258789,90.44999694824219,86.95649719238281,89.5,55.80533981323242,76405
2015-11-25,89.94999694824219,91.5,88.30000305175781,90.19999694824219,56.241798400878906,89181
2015-11-27,91.0999984741211,94.75,89.5999984741211,90.0999984741211,56.179447174072266,49238
2015-11-30,90.0999984741211,94.5,89.39900207519531,91.80000305175781,57.23942565917969,107061
2015-12-01,91.94999694824219,95.55000305175781,91.19999694824219,95.05000305175781,59.265872955322266,78901
2015-12-02,94.5,95.0,92.19999694824219,94.5,58.92294692993164,89697
2015-12-03,93.4000015258789,96.0,92.0999984741211,92.19999694824219,57.48884201049805,119256
2015-12-04,92.0,92.0,83.0999984741211,83.5,52.06418991088867,124568
2015-12-07,82.25,83.44999694824219,68.05000305175781,71.80000305175781,44.76896667480469,272201
2015-12-08,68.30000305175781,74.29650115966797,67.5,68.0999984741211,42.461936950683594,235211
2015-12-09,68.69999694824219,74.0,68.69999694824219,71.05000305175781,44.30131149291992,211014
2015-12-10,70.44999694824219,72.8499984741211,69.19999694824219,70.69999694824219,44.08308410644531,154054
2015-12-11,68.0999984741211,70.0,66.4000015258789,66.84950256347656,41.68221664428711,168983
2015-12-14,65.9000015258789,67.0,62.79999923706055,63.5,39.593727111816406,196317
2015-12-15,64.25,66.94999694824219,62.95000076293945,66.30000305175781,41.339595794677734,168216
2015-12-16,66.0999984741211,69.30000305175781,65.25,66.05000305175781,41.1837158203125,269323
2015-12-17,66.05000305175781,67.05000305175781,64.55000305175781,65.0,40.52901077270508,246346
2015-12-18,64.44999694824219,67.0,63.79999923706055,66.1500015258789,41.24606704711914,214264
2015-12-21,66.0999984741211,66.5999984741211,64.4000015258789,66.44999694824219,41.43311309814453,177745
2015-12-22,66.30000305175781,72.3499984741211,66.1500015258789,69.94999694824219,43.615447998046875,238779
2015-12-23,71.3499984741211,76.55000305175781,71.25,75.19999694824219,46.88894271850586,284621
2015-12-24,75.5999984741211,76.75,74.25,74.94999694824219,46.733055114746094,81442
2015-12-28,73.19999694824219,74.625,70.3499984741211,73.0999984741211,45.57953643798828,195857
2015-12-29,74.44999694824219,75.4000015258789,70.55000305175781,70.9000015258789,44.20780563354492,294832
2015-12-30,70.4000015258789,71.25,68.94999694824219,69.55000305175781,43.36603927612305,293356
2015-12-31,69.0,76.75,68.4000015258789,75.9000015258789,47.32540512084961,238619
2016-01-04,74.9000015258789,76.5999984741211,72.4000015258789,76.0999984741211,47.45011520385742,70247
2016-01-05,76.25,76.44999694824219,73.55000305175781,74.94999694824219,46.733055114746094,53949
2016-01-06,73.44999694824219,74.05000305175781,68.7750015258789,70.25,43.80250549316406,85820
2016-01-07,68.3499984741211,70.44999694824219,65.80000305175781,66.19999694824219,41.27723693847656,134941
2016-01-08,66.4000015258789,67.79949951171875,65.75,65.94999694824219,41.12135696411133,79191
2016-01-11,66.75,66.75,60.650001525878906,61.349998474121094,38.253143310546875,90084
2016-01-12,62.650001525878906,63.849998474121094,56.25,59.79999923706055,37.28668975830078,86784
2016-01-13,60.599998474121094,62.3849983215332,55.400001525878906,55.849998474121094,34.823768615722656,130541
2016-01-14,56.349998474121094,60.5,55.54999923706055,59.849998474121094,37.31786346435547,106826
2016-01-15,57.75,58.32500076293945,55.75,57.5,35.852577209472656,113631
2016-01-19,57.79999923706055,58.599998474121094,53.20000076293945,54.29999923706055,33.8573112487793,102690
2016-01-20,53.75,54.04949951171875,46.75,50.099998474121094,31.238513946533203,195399
2016-01-21,51.099998474121094,54.29999923706055,49.5,53.54999923706055,33.38966369628906,184222
2016-01-22,55.70000076293945,60.8494987487793,55.599998474121094,60.25,37.56727600097656,143008
2016-01-25,58.70000076293945,62.5,58.25,58.900001525878906,36.72552490234375,84894
2016-01-26,60.25,62.099998474121094,59.150001525878906,61.0,38.03491973876953,125785
2016-01-27,60.900001525878906,62.0,57.95000076293945,58.5,36.476097106933594,73833
2016-01-28,62.150001525878906,63.45000076293945,60.150001525878906,60.900001525878906,37.97256851196289,104060
2016-01-29,61.900001525878906,64.80000305175781,61.79999923706055,63.150001525878906,39.37548828125,72481
2016-02-01,62.5,63.20000076293945,60.599998474121094,62.150001525878906,38.75196838378906,99956
2016-02-02,60.349998474121094,62.319000244140625,59.849998474121094,61.650001525878906,38.44020080566406,81336
2016-02-03,62.70000076293945,64.5,60.54999923706055,62.45000076293945,38.939022064208984,89187
2016-02-04,62.95000076293945,66.5,62.305999755859375,66.0,41.15253829956055,60733
2016-02-05,65.19999694824219,66.17500305175781,64.25,64.8499984741211,40.435482025146484,50613
2016-02-08,63.75,63.75,54.0,54.0,33.67025375366211,146887
2016-02-09,52.099998474121094,52.45000076293945,50.0,51.54999923706055,32.14261245727539,90275
2016-02-10,51.5,53.70000076293945,50.04999923706055,50.150001525878906,31.269689559936523,123552
2016-02-11,49.5,51.349998474121094,47.150001525878906,47.5,29.61734962463379,119532
2016-02-12,48.75,53.349998474121094,47.10049819946289,52.79999923706055,32.92201614379883,137642
2016-02-16,54.0,58.47999954223633,53.599998474121094,57.25,35.69670486450195,62240
2016-02-17,57.0,58.25,56.599998474121094,57.849998474121094,36.07080841064453,91830
2016-02-18,59.650001525878906,59.650001525878906,57.0,57.900001525878906,36.10198974609375,67194
2016-02-19,56.849998474121094,57.20000076293945,55.0,56.54999923706055,35.26023483276367,55862
2016-02-22,58.25,61.75,58.25,60.599998474121094,37.78550720214844,64790
2016-02-23,60.75,61.54999923706055,59.45050048828125,59.75,37.25551223754883,81913
2016-02-24,58.650001525878906,63.775001525878906,57.599998474121094,63.0,39.281959533691406,76308
2016-02-25,62.25,63.099998474121094,60.75,62.75,39.12607192993164,66833
2016-02-26,64.44999694824219,67.25,64.05000305175781,66.69999694824219,41.588993072509766,83858
2016-02-29,67.44999694824219,68.5999984741211,66.75,68.0,42.39958190917969,60420
2016-03-01,68.05000305175781,70.0,66.84400177001953,69.94999694824219,43.615447998046875,78312
2016-03-02,69.44999694824219,69.75,67.94999694824219,69.3499984741211,43.2413330078125,51772
2016-03-03,68.6500015258789,72.1500015258789,68.55000305175781,70.25,43.80250549316406,86640
2016-03-04,70.8499984741211,74.80000305175781,68.5999984741211,68.75,42.867218017578125,108658
2016-03-07,67.9000015258789,70.5999984741211,67.19999694824219,69.0999984741211,43.08544921875,92899
2016-03-08,68.44999694824219,68.44999694824219,65.05000305175781,65.94999694824219,41.12135696411133,63911
2016-03-09,66.94999694824219,69.5999984741211,65.8499984741211,68.30000305175781,42.58662414550781,64832
2016-03-10,67.75,68.0,65.94999694824219,67.4000015258789,42.02546310424805,61790
2016-03-11,68.8499984741211,69.44950103759766,66.55000305175781,67.1500015258789,41.86958312988281,54801
2016-03-14,65.05000305175781,67.3499984741211,64.0999984741211,67.0,41.77606201171875,44458
2016-03-15,65.75,66.30000305175781,63.97850036621094,66.05000305175781,41.1837158203125,38738
2016-03-16,66.05000305175781,69.30000305175781,66.05000305175781,69.19999694824219,43.14780807495117,42083
2016-03-17,69.80000305175781,71.3499984741211,69.30000305175781,70.9000015258789,44.20780563354492,45332
2016-03-18,71.1500015258789,71.6500015258789,67.9000015258789,68.4000015258789,42.648990631103516,69911
2016-03-21,69.19999694824219,69.625,67.44999694824219,67.8499984741211,42.3060417175293,49966
2016-03-22,66.30000305175781,69.3499984741211,66.30000305175781,69.25,43.17897033691406,26303
2016-03-23,68.0999984741211,69.19999694824219,65.6500015258789,66.05000305175781,41.1837158203125,34819
2016-03-24,64.8499984741211,66.44999694824219,63.599998474121094,65.44999694824219,40.80958938598633,49068
2016-03-28,65.6500015258789,66.55000305175781,64.05000305175781,64.80000305175781,40.404300689697266,44440
2016-03-29,64.05000305175781,65.69999694824219,62.29999923706055,65.5999984741211,40.90312194824219,66431
2016-03-30,66.94999694824219,67.94999694824219,66.30000305175781,66.5999984741211,41.526641845703125,35288
2016-03-31,66.80000305175781,67.9000015258789,66.4000015258789,67.8499984741211,42.3060417175293,35175
2016-04-01,66.69999694824219,67.25,65.1500015258789,66.1500015258789,41.24606704711914,29066
2016-04-04,66.30000305175781,67.09950256347656,63.5,63.849998474121094,39.81195068359375,32518
2016-04-05,62.900001525878906,63.8494987487793,62.599998474121094,62.650001525878906,39.06372833251953,31313
2016-04-06,62.900001525878906,65.05000305175781,62.900001525878906,64.05000305175781,39.93666458129883,58706
2016-04-07,63.650001525878906,64.5999984741211,62.349998474121094,63.0,39.281959533691406,63284
2016-04-08,64.80000305175781,66.69999694824219,64.30000305175781,65.3499984741211,40.747249603271484,37899
2016-04-11,66.05000305175781,67.0,64.69999694824219,64.69999694824219,40.34194564819336,27490
2016-04-12,65.19999694824219,68.19999694824219,64.94999694824219,68.0,42.39958190917969,46628
2016-04-13,67.5999984741211,68.5,66.8499984741211,68.0,42.39958190917969,36058
2016-04-14,68.8499984741211,68.8499984741211,67.4000015258789,68.0,42.39958190917969,61490
2016-04-15,67.30000305175781,67.55000305175781,65.69999694824219,65.69999694824219,40.96546936035156,34793
2016-04-18,64.5999984741211,68.69999694824219,63.5,68.4000015258789,42.648990631103516,41118
2016-04-19,68.80000305175781,71.55000305175781,68.80000305175781,71.25,44.4260368347168,31900
2016-04-20,70.69999694824219,73.80000305175781,70.69999694824219,72.9000015258789,45.454833984375,50126
2016-04-21,73.55000305175781,74.0999984741211,72.15049743652344,72.55000305175781,45.23661422729492,46109
2016-04-22,73.4000015258789,73.80000305175781,72.80000305175781,73.05000305175781,45.54837417602539,26769
2016-04-25,73.30000305175781,73.63500213623047,71.3499984741211,71.75,44.73779296875,32603
2016-04-26,72.5999984741211,73.19999694824219,71.65049743652344,72.9000015258789,45.454833984375,37131
2016-04-27,73.75,75.9000015258789,73.75,74.69999694824219,46.57717514038086,50816
2016-04-28,74.6500015258789,75.55000305175781,73.80249786376953,73.94999694824219,46.10953140258789,24443
2016-04-29,74.5,75.6500015258789,73.3499984741211,74.80000305175781,46.63954162597656,48318
2016-05-02,74.55000305175781,75.0,72.5,72.8499984741211,45.42366409301758,37461
2016-05-03,72.0,72.37999725341797,70.3499984741211,70.69999694824219,44.08308410644531,51500
2016-05-04,70.94999694824219,71.94999694824219,69.94999694824219,71.0,44.27014923095703,42269
2016-05-05,72.5,74.19999694824219,71.71949768066406,73.1500015258789,45.61072540283203,39137
2016-05-06,73.0999984741211,74.52100372314453,72.75,72.94999694824219,45.48601531982422,56406
2016-05-09,73.19999694824219,73.7300033569336,70.0,72.30000305175781,45.08074188232422,29022
2016-05-10,72.80000305175781,73.75,72.3499984741211,72.4000015258789,45.14308166503906,51072
2016-05-11,72.4000015258789,74.43000030517578,70.75,72.8499984741211,45.42366409301758,44734
2016-05-12,74.19999694824219,75.5999984741211,73.30000305175781,74.25,46.29660415649414,42484
2016-05-13,74.5999984741211,75.0,73.69999694824219,73.8499984741211,46.047183990478516,35170
2016-05-16,74.94999694824219,76.5999984741211,74.9000015258789,76.4000015258789,47.637168884277344,40673
2016-05-17,75.94999694824219,78.1500015258789,75.6500015258789,77.55000305175781,48.354225158691406,69373
2016-05-18,76.0,76.75,74.25,74.94999694824219,46.733055114746094,84831
2016-05-19,74.30000305175781,77.1500015258789,73.19999694824219,76.0999984741211,47.45011520385742,84129
2016-05-20,77.0999984741211,79.4000015258789,76.75,78.44999694824219,48.9153938293457,64319
2016-05-23,78.25,79.80000305175781,78.0,79.3499984741211,49.4765625,43206
2016-05-24,80.0,80.9000015258789,78.19999694824219,78.25,48.79069900512695,36110
2016-05-25,78.94999694824219,79.9000015258789,78.19999694824219,78.5999984741211,49.00892639160156,47340
2016-05-26,79.0999984741211,80.0425033569336,77.05000305175781,80.0,49.8818473815918,57416
2016-05-27,80.25,86.44999694824219,79.81500244140625,84.80000305175781,52.8747673034668,88557
2016-05-31,84.75,86.8499984741211,80.3499984741211,81.19999694824219,50.63009262084961,91525
2016-06-01,79.80000305175781,82.5,79.64299774169922,81.55000305175781,50.84831237792969,33730
2016-06-02,81.19999694824219,82.0999984741211,80.6500015258789,81.69999694824219,50.94184112548828,35677
2016-06-03,81.3499984741211,83.30000305175781,81.3499984741211,82.5,51.44065475463867,41242
2016-06-06,83.6500015258789,84.19999694824219,82.3499984741211,82.5999984741211,51.503021240234375,45331
2016-06-07,83.69999694824219,84.30000305175781,83.1500015258789,83.69999694824219,52.18889617919922,49367
2016-06-08,84.19999694824219,84.69950103759766,82.30000305175781,83.19999694824219,51.87713623046875,44302
2016-06-09,81.8499984741211,84.25,81.8499984741211,84.0,52.375953674316406,26066
2016-06-10,82.4000015258789,83.04499816894531,79.44999694824219,80.9000015258789,50.443031311035156,38913
2016-06-13,80.30000305175781,81.25,78.4000015258789,78.44999694824219,48.9153938293457,38028
2016-06-14,77.9000015258789,79.05000305175781,76.90049743652344,79.05000305175781,49.28950119018555,51728
2016-06-15,78.0,79.0999984741211,77.3499984741211,77.80000305175781,48.510101318359375,36048
2016-06-16,77.0999984741211,77.9000015258789,75.75,77.55000305175781,48.354225158691406,26392
2016-06-17,78.30000305175781,78.75,77.83899688720703,78.25,48.79069900512695,21304
2016-06-20,79.1500015258789,79.69999694824219,78.30000305175781,79.5999984741211,49.632442474365234,23646
2016-06-21,79.5,81.02799987792969,79.0999984741211,80.5,50.19362258911133,24870
2016-06-22,80.94999694824219,80.94999694824219,79.6500015258789,79.9000015258789,49.81950378417969,27600
2016-06-23,81.0999984741211,82.30000305175781,80.1500015258789,82.0,51.128910064697266,29683
2016-06-24,79.19999694824219,81.3499984741211,77.75,78.5999984741211,49.00892639160156,38431
2016-06-27,77.55000305175781,77.75,75.0,75.5,47.07600784301758,43451
2016-06-28,77.1500015258789,78.75,75.8499984741211,77.5,48.323055267333984,48738
2016-06-29,78.3499984741211,80.05000305175781,78.30000305175781,79.6500015258789,49.663631439208984,35360
2016-06-30,79.9000015258789,80.0,78.6500015258789,79.6500015258789,49.663631439208984,19866
2016-07-01,79.55000305175781,80.55000305175781,79.25,79.30000305175781,49.44538497924805,16883
2016-07-05,78.3499984741211,78.5,77.0999984741211,77.94999694824219,48.603641510009766,18770
2016-07-06,77.5999984741211,77.64949798583984,76.80000305175781,77.5,48.323055267333984,26839
2016-07-07,78.3499984741211,79.0999984741211,77.44999694824219,77.80000305175781,48.510101318359375,44001
2016-07-08,78.75,79.24949645996094,78.19999694824219,78.94999694824219,49.22715759277344,28976
2016-07-11,79.5,79.5999984741211,78.4000015258789,78.80000305175781,49.133628845214844,21188
2016-07-12,79.55000305175781,81.5,79.55000305175781,80.4000015258789,50.13126754760742,26727
2016-07-13,80.9000015258789,81.0,78.1500015258789,79.25,49.414215087890625,28948
2016-07-14,80.0999984741211,80.0999984741211,78.94999694824219,79.44999694824219,49.5389289855957,17697
2016-07-15,79.80000305175781,79.89600372314453,78.19999694824219,78.94999694824219,49.22715759277344,23336
2016-07-18,78.44999694824219,79.75,77.94999694824219,79.4000015258789,49.50773239135742,23989
2016-07-19,79.5999984741211,79.80000305175781,78.5999984741211,79.69999694824219,49.69478988647461,27058
2016-07-20,79.69999694824219,81.0999984741211,79.05000305175781,81.0999984741211,50.56774139404297,37244
2016-07-21,80.5999984741211,81.79499816894531,80.0999984741211,80.30000305175781,50.068912506103516,29140
2016-07-22,80.44999694824219,81.44999694824219,80.0,81.30000305175781,50.69242858886719,22078
2016-07-25,80.9000015258789,81.01499938964844,79.6500015258789,79.75,49.72597885131836,17281
2016-07-26,79.5,80.41999816894531,78.94999694824219,79.0,49.258331298828125,22190
2016-07-27,78.80000305175781,80.0999984741211,78.69999694824219,78.9000015258789,49.19599151611328,18643
2016-07-28,78.5999984741211,79.00700378417969,77.94999694824219,78.55000305175781,48.97774887084961,20482
2016-07-29,77.8499984741211,79.5999984741211,77.75,79.30000305175781,49.44538497924805,23260
2016-08-01,79.0999984741211,79.0999984741211,76.5,76.5,47.699520111083984,29489
2016-08-02,77.3499984741211,77.75,74.6500015258789,75.4000015258789,47.01365280151367,52895
2016-08-03,75.5999984741211,77.3499984741211,75.25,77.0999984741211,48.073638916015625,32986
2016-08-04,77.0,77.94999694824219,76.5999984741211,77.75,48.478939056396484,31527
2016-08-05,77.9000015258789,78.64949798583984,77.25,78.55000305175781,48.97774887084961,23268
2016-08-08,79.0999984741211,80.4000015258789,79.0999984741211,79.5,49.570098876953125,35483
2016-08-09,80.1500015258789,80.5,78.55000305175781,79.25,49.414215087890625,36139
2016-08-10,79.55000305175781,79.55000305175781,77.3499984741211,78.3499984741211,48.85304641723633,35114
2016-08-11,78.4000015258789,79.59950256347656,78.0,78.05000305175781,48.665992736816406,36609
2016-08-12,78.1500015258789,80.0999984741211,78.1500015258789,79.44999694824219,49.5389289855957,38862
2016-08-15,79.69999694824219,80.44999694824219,79.69999694824219,80.05000305175781,49.91304016113281,27168
2016-08-16,79.8499984741211,81.44999694824219,79.75,81.25,50.6612663269043,32977
2016-08-17,79.8499984741211,79.8499984741211,78.69999694824219,79.44999694824219,49.5389289855957,41382
2016-08-18,79.55000305175781,80.9000015258789,79.55000305175781,80.80000305175781,50.38067626953125,27793
2016-08-19,80.69999694824219,81.0,80.19999694824219,80.75,50.349491119384766,26955
2016-08-22,80.0999984741211,80.5,79.4000015258789,80.0,49.8818473815918,48360
2016-08-23,80.4000015258789,82.25,79.5999984741211,81.44999694824219,50.78596496582031,58059
2016-08-24,81.5,81.69950103759766,80.1500015258789,80.86000061035156,50.41808319091797,24923
2016-08-25,80.3499984741211,81.0,79.94999694824219,80.5999984741211,50.25597381591797,56360
2016-08-26,80.25,83.55000305175781,80.1500015258789,82.6500015258789,51.5341796875,106720
2016-08-29,82.5,83.19999694824219,81.8499984741211,82.05000305175781,51.16008758544922,50954
2016-08-30,82.25,82.2750015258789,81.69999694824219,82.05000305175781,51.16008758544922,24004
2016-08-31,81.75,82.3499984741211,81.0999984741211,82.05000305175781,51.16008758544922,26122
2016-09-01,81.55000305175781,82.0999984741211,81.19999694824219,81.6500015258789,50.91067886352539,21233
2016-09-02,82.5999984741211,82.8499984741211,81.6500015258789,82.80000305175781,51.627723693847656,13584
2016-09-06,82.5,83.05000305175781,82.5,82.81600189208984,51.6376953125,30902
2016-09-07,83.0999984741211,84.19999694824219,83.0,84.05000305175781,52.40711975097656,37029
2016-09-08,84.5999984741211,85.8499984741211,84.55000305175781,85.19999694824219,53.12416458129883,40208
2016-09-09,84.30000305175781,84.61949920654297,82.80000305175781,83.0,51.75242233276367,29818
2016-09-12,82.3499984741211,82.5,80.94999694824219,81.4000015258789,50.754791259765625,44783
2016-09-13,81.0,81.0,78.1500015258789,78.5,48.94657897949219,37434
2016-09-14,78.0,79.1500015258789,77.0999984741211,77.3499984741211,48.229515075683594,33226
2016-09-15,77.9000015258789,78.05000305175781,76.9000015258789,76.94999694824219,47.98011779785156,17250
2016-09-16,76.6500015258789,77.44999694824219,76.30049896240234,77.19999694824219,48.135990142822266,22325
2016-09-19,77.8499984741211,79.69999694824219,77.58899688720703,79.05000305175781,49.28950119018555,24802
2016-09-20,79.4000015258789,79.9000015258789,78.9000015258789,79.05000305175781,49.28950119018555,21111
2016-09-21,79.44999694824219,80.6500015258789,79.25,80.55000305175781,50.224788665771484,22210
2016-09-22,81.30000305175781,82.05000305175781,80.75,81.05000305175781,50.53655242919922,28789
2016-09-23,81.25,81.5,79.94999694824219,80.4000015258789,50.13126754760742,30446
2016-09-26,80.19999694824219,80.69999694824219,79.0999984741211,79.5999984741211,49.632442474365234,25971
2016-09-27,78.75,79.30000305175781,78.30000305175781,79.30000305175781,49.44538497924805,31448
2016-09-28,79.80000305175781,81.20600128173828,79.19999694824219,81.1500015258789,50.59889602661133,42705
2016-09-29,81.4000015258789,81.63500213623047,80.04650115966797,80.75,50.349491119384766,22641
2016-09-30,81.3499984741211,81.5374984741211,80.5999984741211,81.4000015258789,50.754791259765625,26883
2016-10-03,81.55000305175781,81.55000305175781,80.69999694824219,80.9000015258789,50.443031311035156,16276
2016-10-04,80.80000305175781,80.83200073242188,79.1624984741211,79.55000305175781,49.60126876831055,18290
2016-10-05,80.25,80.8499984741211,79.9749984741211,80.6500015258789,50.287147521972656,39694
2016-10-06,80.94999694824219,81.5,80.25,81.25,50.6612663269043,34619
2016-10-07,81.5999984741211,83.55000305175781,81.05000305175781,81.9000015258789,51.06654739379883,46174
2016-10-10,82.25,82.80000305175781,82.1500015258789,82.5999984741211,51.503021240234375,20060
2016-10-11,82.44999694824219,82.44999694824219,80.75,80.94999694824219,50.47419738769531,27435
2016-10-12,80.19999694824219,81.25,79.94999694824219,81.0999984741211,50.56774139404297,33597
2016-10-13,80.1500015258789,80.8499984741211,79.25,80.0999984741211,49.944217681884766,28543
2016-10-14,80.05000305175781,80.6500015258789,79.0999984741211,80.3499984741211,50.100093841552734,37429
2016-10-17,80.0,80.1500015258789,78.25,79.44999694824219,49.5389289855957,28660
2016-10-18,80.05000305175781,80.05000305175781,78.4000015258789,79.30000305175781,49.44538497924805,21363
2016-10-19,79.5,80.94999694824219,79.4000015258789,80.69999694824219,50.31831741333008,37430
2016-10-20,80.0999984741211,80.9000015258789,80.0,80.6500015258789,50.287147521972656,22784
2016-10-21,80.30000305175781,81.1500015258789,80.30000305175781,80.80000305175781,50.38067626953125,17804
2016-10-24,80.75,81.69999694824219,80.69999694824219,81.19999694824219,50.63009262084961,47534
2016-10-25,80.9000015258789,81.4000015258789,79.69999694824219,80.19999694824219,50.00655746459961,23782
2016-10-26,79.75,80.94999694824219,79.39949798583984,80.94999694824219,50.47419738769531,29520
2016-10-27,80.69999694824219,81.5,80.55000305175781,80.9000015258789,50.443031311035156,33619
2016-10-28,80.55000305175781,80.94999694824219,79.30000305175781,79.30000305175781,49.44538497924805,21511
2016-10-31,78.9000015258789,78.9000015258789,76.30000305175781,76.69999694824219,47.8242301940918,39874
2016-11-01,76.75,77.3499984741211,76.25,76.9000015258789,47.948936462402344,31284
2016-11-02,76.05000305175781,76.4000015258789,74.55000305175781,76.25,47.54365158081055,31442
2016-11-03,76.05000305175781,76.23149871826172,74.75,74.9000015258789,46.70189666748047,32341
2016-11-04,74.4000015258789,74.87449645996094,72.8499984741211,73.25,45.673072814941406,37145
2016-11-07,74.05000305175781,74.4000015258789,73.05000305175781,73.0999984741211,45.57953643798828,31430
2016-11-08,72.5999984741211,74.35800170898438,71.5999984741211,73.1500015258789,45.61072540283203,58863
2016-11-09,71.8499984741211,76.09950256347656,71.8499984741211,75.30000305175781,46.9512939453125,54263
2016-11-10,75.8499984741211,77.49949645996094,75.80000305175781,77.0,48.011295318603516,41078
2016-11-11,76.9000015258789,76.9000015258789,74.3499984741211,75.3499984741211,46.98247146606445,78120
2016-11-14,75.0999984741211,76.79499816894531,75.05000305175781,75.55000305175781,47.107173919677734,37517
2016-11-15,76.30000305175781,77.30000305175781,75.5,77.0999984741211,48.073638916015625,49058
2016-11-16,74.80000305175781,75.9260025024414,74.80000305175781,75.44999694824219,47.04481887817383,53678
2016-11-17,75.44999694824219,76.0999984741211,74.75,74.80000305175781,46.63954162597656,77734
2016-11-18,75.1500015258789,75.1500015258789,73.6500015258789,74.0999984741211,46.203060150146484,66770
2016-11-21,74.8499984741211,75.5,74.30000305175781,75.3499984741211,46.98247146606445,106177
2016-11-22,76.05000305175781,76.75,75.30000305175781,75.94999694824219,47.35658264160156,55471
2016-11-23,76.0,76.9000015258789,75.55049896240234,76.6500015258789,47.79306411743164,47128
2016-11-25,76.8499984741211,78.19999694824219,76.58450317382812,77.5999984741211,48.38541030883789,89500
2016-11-28,78.25,78.25,75.0999984741211,75.19999694824219,46.88894271850586,64760
2016-11-29,74.6500015258789,75.30000305175781,73.5,75.0999984741211,46.82658767700195,69863
2016-11-30,76.94999694824219,78.0999984741211,75.94999694824219,76.5,47.699520111083984,82170
2016-12-01,78.19999694824219,78.19999694824219,75.75,76.44999694824219,47.668338775634766,53388
2016-12-02,76.05000305175781,76.5199966430664,75.80049896240234,76.19999694824219,47.512474060058594,59025
2016-12-05,76.8499984741211,76.8499984741211,75.55000305175781,75.6500015258789,47.16952896118164,51982
2016-12-06,75.6500015258789,76.05000305175781,75.17849731445312,75.5,47.07600784301758,38028
2016-12-07,75.05000305175781,75.94999694824219,74.8499984741211,75.19999694824219,46.88894271850586,56986
2016-12-08,75.19999694824219,75.6500015258789,74.9000015258789,75.4000015258789,47.01365280151367,55434
2016-12-09,75.8499984741211,76.0999984741211,75.25,75.6500015258789,47.16952896118164,51213
2016-12-12,76.3499984741211,77.1500015258789,75.55000305175781,75.9000015258789,47.32540512084961,65358
2016-12-13,76.19999694824219,76.6500015258789,75.55000305175781,76.44999694824219,47.668338775634766,64694
2016-12-14,75.8499984741211,76.3499984741211,74.75,75.19999694824219,46.88894271850586,72135
2016-12-15,75.0,75.8499984741211,74.5,74.75,46.60836410522461,70422
2016-12-16,74.94999694824219,75.55000305175781,74.6500015258789,75.30000305175781,46.9512939453125,63116
2016-12-19,75.5,75.69999694824219,75.05000305175781,75.69999694824219,47.2006950378418,84084
2016-12-20,75.80000305175781,76.55000305175781,75.80000305175781,76.05000305175781,47.4189453125,98114
2016-12-21,76.5999984741211,77.0,76.24449920654297,76.8499984741211,47.917747497558594,49983
2016-12-22,77.55000305175781,78.25,77.1500015258789,78.25,48.79069900512695,59178
2016-12-23,78.4000015258789,78.94999694824219,78.05000305175781,78.8499984741211,49.16480255126953,49260
2016-12-27,78.94999694824219,79.2300033569336,78.76850128173828,79.0999984741211,49.3206901550293,59221
2016-12-28,79.05000305175781,79.26899719238281,77.75,77.8499984741211,48.541282653808594,51744
2016-12-29,78.0999984741211,78.16400146484375,77.3499984741211,77.6500015258789,48.41658020019531,64970
2016-12-30,77.9000015258789,78.3499984741211,77.25,77.80000305175781,48.510101318359375,50192
2017-01-03,78.3499984741211,79.1500015258789,78.0,78.30000305175781,48.821868896484375,32234
2017-01-04,78.6500015258789,80.30000305175781,78.5999984741211,80.19999694824219,50.00655746459961,71819
2017-01-05,80.0,80.61900329589844,79.8499984741211,80.3499984741211,50.100093841552734,32674
2017-01-06,80.9000015258789,81.1500015258789,80.5,80.9000015258789,50.443031311035156,32050
2017-01-09,80.69999694824219,80.8844985961914,79.75,79.75,49.72597885131836,38538
2017-01-10,79.80000305175781,80.30000305175781,79.0,79.19999694824219,49.3830451965332,49001
2017-01-11,79.75,80.69999694824219,79.50250244140625,80.69999694824219,50.31831741333008,27673
2017-01-12,81.25,81.3499984741211,79.55000305175781,79.8499984741211,49.788326263427734,33412
2017-01-13,80.1500015258789,81.05000305175781,79.69999694824219,80.9000015258789,50.443031311035156,31523
2017-01-17,81.5,81.55000305175781,80.69999694824219,81.1500015258789,50.59889602661133,39750
2017-01-18,80.94999694824219,81.0,80.0999984741211,80.8499984741211,50.41184997558594,43491
2017-01-19,81.1500015258789,81.1500015258789,80.1500015258789,80.80000305175781,50.38067626953125,33056
2017-01-20,81.30000305175781,81.4000015258789,80.5,81.0999984741211,50.56774139404297,32563
2017-01-23,80.80000305175781,81.05000305175781,80.1500015258789,80.55000305175781,50.224788665771484,34845
2017-01-24,80.80000305175781,82.5,80.80000305175781,82.0999984741211,51.19125747680664,49289
2017-01-25,82.80000305175781,84.8499984741211,82.80000305175781,84.55000305175781,52.7188835144043,51610
2017-01-26,85.3499984741211,86.19999694824219,85.0,85.44999694824219,53.280052185058594,47647
2017-01-27,84.75,85.25,84.15699768066406,85.25,53.155364990234375,33628
2017-01-30,84.69999694824219,84.69999694824219,82.9209976196289,83.3499984741211,51.97066879272461,24784
2017-01-31,83.44999694824219,83.44999694824219,82.44999694824219,82.9000015258789,51.6900749206543,44263
2017-02-01,84.05000305175781,85.6500015258789,84.0,85.3499984741211,53.21769714355469,61724
2017-02-02,85.8499984741211,85.8499984741211,84.50050354003906,85.69999694824219,53.43593215942383,31588
2017-02-03,86.0999984741211,87.0999984741211,85.95999908447266,87.0999984741211,54.30886459350586,34378
2017-02-06,87.05000305175781,87.5999984741211,86.44999694824219,87.4000015258789,54.49592971801758,42400
2017-02-07,87.44999694824219,87.80000305175781,86.5999984741211,86.6500015258789,54.028297424316406,34055
2017-02-08,85.8499984741211,86.59100341796875,84.69999694824219,86.25,53.77888107299805,47006
2017-02-09,87.19999694824219,88.0999984741211,86.65149688720703,88.0,54.87003707885742,30881
2017-02-10,88.69999694824219,88.75,88.05249786376953,88.5,55.18180465698242,36466
2017-02-13,88.3499984741211,89.05000305175781,88.19999694824219,88.55000305175781,55.212974548339844,37356
2017-02-14,88.94999694824219,89.80000305175781,87.80000305175781,87.94999694824219,54.83885955810547,60361
2017-02-15,86.05000305175781,87.05000305175781,85.9000015258789,86.5999984741211,53.99711227416992,49537
2017-02-16,87.0,87.20700073242188,85.69999694824219,85.8499984741211,53.52947235107422,47686
2017-02-17,85.69999694824219,86.23049926757812,85.44999694824219,85.75,53.46711349487305,41023
2017-02-21,86.75,86.8499984741211,85.94999694824219,86.55000305175781,53.9659309387207,44829
2017-02-22,86.44999694824219,86.44999694824219,85.44999694824219,85.9000015258789,53.560638427734375,32633
2017-02-23,86.5999984741211,86.80000305175781,85.80699920654297,86.4000015258789,53.872406005859375,42934
2017-02-24,85.5999984741211,88.5,85.5999984741211,86.6500015258789,54.028297424316406,122114
2017-02-27,86.6500015258789,86.75,86.25,86.4000015258789,53.872406005859375,49075
2017-02-28,86.3499984741211,86.75,85.8499984741211,85.94999694824219,53.59181594848633,41291
2017-03-01,86.30000305175781,86.89949798583984,86.30000305175781,86.4000015258789,53.872406005859375,55005
2017-03-02,85.80000305175781,86.6500015258789,85.75,86.0,53.62300109863281,30655
2017-03-03,85.80000305175781,86.2925033569336,85.67250061035156,85.99500274658203,53.619873046875,23801
2017-03-06,85.75,85.8499984741211,85.05000305175781,85.1500015258789,53.09299850463867,35212
2017-03-07,85.75,86.5,85.3499984741211,86.25,53.77888107299805,32843
2017-03-08,85.55000305175781,86.08100128173828,83.44999694824219,83.5999984741211,52.12653350830078,34115
2017-03-09,83.0999984741211,83.4000015258789,80.5999984741211,81.9000015258789,51.06654739379883,40491
2017-03-10,81.94999694824219,83.5999984741211,81.16999816894531,83.55000305175781,52.09537887573242,56314
2017-03-13,82.9000015258789,83.5,82.4000015258789,82.69999694824219,51.56536865234375,33783
2017-03-14,81.8499984741211,82.14949798583984,81.0,81.1500015258789,50.59889602661133,30848
2017-03-15,81.5,82.94999694824219,81.30000305175781,82.80000305175781,51.627723693847656,25145
2017-03-16,82.55000305175781,83.69999694824219,81.94999694824219,82.75,51.5965461730957,37789
2017-03-17,82.5,83.10199737548828,82.20050048828125,82.3499984741211,51.347137451171875,32696
2017-03-20,81.75,82.4000015258789,81.05000305175781,81.5999984741211,50.87948989868164,44856
2017-03-21,81.5999984741211,82.0999984741211,80.25,80.55000305175781,50.224788665771484,29144
2017-03-22,80.0,80.75,78.75,80.55000305175781,50.224788665771484,24367
2017-03-23,80.80000305175781,81.5999984741211,80.5999984741211,81.19999694824219,50.63009262084961,34052
2017-03-24,81.4000015258789,81.75,81.4000015258789,81.44999694824219,50.78596496582031,23178
2017-03-27,80.9000015258789,81.30000305175781,80.1500015258789,80.69999694824219,50.31831741333008,28229
2017-03-28,81.0999984741211,81.56549835205078,80.75,81.05000305175781,50.53655242919922,38004
2017-03-29,81.0999984741211,82.55000305175781,81.0999984741211,82.4000015258789,51.37831497192383,33741
2017-03-30,82.80000305175781,83.05000305175781,82.40149688720703,82.75,51.5965461730957,28359
2017-03-31,82.94999694824219,83.6500015258789,82.75,83.6500015258789,52.15771484375,27747
2017-04-03,83.55000305175781,84.05000305175781,82.5999984741211,83.69999694824219,52.18889617919922,47877
2017-04-04,83.5,84.69999694824219,83.5,84.5,52.687713623046875,31950
2017-04-05,85.0,85.75,84.44999694824219,84.5,52.687713623046875,38579
2017-04-06,84.8499984741211,86.05000305175781,84.5999984741211,86.0,53.62300109863281,25291
2017-04-07,86.0,86.4000015258789,85.19999694824219,86.19999694824219,53.74769592285156,27879
2017-04-10,86.5,86.80000305175781,85.9000015258789,86.1500015258789,53.71651840209961,35745
2017-04-11,86.19999694824219,86.71649932861328,85.19999694824219,85.19999694824219,53.12416458129883,24594
2017-04-12,85.19999694824219,85.8499984741211,84.80000305175781,84.9000015258789,52.9371337890625,29369
2017-04-13,84.9000015258789,86.55000305175781,84.5,85.3499984741211,53.21769714355469,20542
2017-04-17,85.5,85.5,84.4000015258789,84.69999694824219,52.81241226196289,27271
2017-04-18,84.6500015258789,84.80000305175781,83.9000015258789,84.69999694824219,52.81241226196289,28143
2017-04-19,84.75,85.0,83.05000305175781,83.0999984741211,51.81478500366211,39331
2017-04-20,83.0,83.4000015258789,82.3499984741211,82.9000015258789,51.6900749206543,45100
2017-04-21,83.25,83.80000305175781,82.5999984741211,83.55000305175781,52.09537887573242,32815
2017-04-24,84.05000305175781,84.54499816894531,83.83200073242188,83.9000015258789,52.3136100769043,24783
2017-04-25,83.8499984741211,85.3499984741211,83.8499984741211,85.0999984741211,53.06182098388672,23893
2017-04-26,85.1500015258789,85.94999694824219,84.6500015258789,84.8499984741211,52.90594482421875,25926
2017-04-27,84.6500015258789,85.5999984741211,84.4000015258789,85.19999694824219,53.12416458129883,23315
2017-04-28,85.6500015258789,85.69999694824219,84.1500015258789,84.55000305175781,52.7188835144043,28248
2017-05-01,84.44999694824219,85.1500015258789,84.05000305175781,84.30000305175781,52.563011169433594,26465
2017-05-02,84.3499984741211,84.6500015258789,83.51249694824219,83.6500015258789,52.15771484375,19253
2017-05-03,83.6500015258789,84.05000305175781,83.19950103759766,83.4000015258789,52.001827239990234,29884
2017-05-04,82.75,82.75,80.1500015258789,80.80000305175781,50.38067626953125,40051
2017-05-05,80.9000015258789,82.94999694824219,80.85050201416016,82.9000015258789,51.6900749206543,31047
2017-05-08,82.8499984741211,83.05000305175781,82.0999984741211,82.8499984741211,51.65890121459961,20566
2017-05-09,82.30000305175781,82.4229965209961,80.94999694824219,81.6500015258789,50.91067886352539,22103
2017-05-10,81.75,82.4000015258789,81.5,82.1500015258789,51.22242736816406,39058
2017-05-11,82.9000015258789,82.94999694824219,81.0999984741211,81.44999694824219,50.78596496582031,36312
2017-05-12,82.19999694824219,82.4000015258789,81.5,82.19999694824219,51.253597259521484,30640
2017-05-15,83.44999694824219,83.44999694824219,82.44999694824219,82.94999694824219,51.72126770019531,39963
2017-05-16,83.0999984741211,83.25,82.40499877929688,82.6500015258789,51.5341796875,33780
2017-05-17,80.94999694824219,80.94999694824219,79.80000305175781,79.94999694824219,49.85067367553711,29524
2017-05-18,79.69999694824219,80.17500305175781,79.30000305175781,79.5009994506836,49.570716857910156,37190
2017-05-19,80.3499984741211,80.94999694824219,79.94999694824219,80.05000305175781,49.91304016113281,27885
2017-05-22,80.6500015258789,81.0,80.05000305175781,80.5999984741211,50.25597381591797,27713
2017-05-23,80.8499984741211,81.44999694824219,80.69999694824219,81.44999694824219,50.78596496582031,17954
2017-05-24,81.4000015258789,82.0,80.8499984741211,81.05000305175781,50.53655242919922,21890
2017-05-25,81.0,81.5,79.69999694824219,80.1500015258789,49.975399017333984,31725
2017-05-26,80.5,80.55000305175781,79.5999984741211,80.0,49.8818473815918,29608
2017-05-30,80.0,80.0,78.5999984741211,78.75,49.10244369506836,40575
2017-05-31,77.69999694824219,78.9000015258789,77.6500015258789,78.4000015258789,48.884220123291016,42138
2017-06-01,78.6500015258789,81.30000305175781,78.25,81.0,50.50537872314453,99917
2017-06-02,80.8499984741211,81.25,79.44999694824219,79.44999694824219,49.5389289855957,46892
2017-06-05,78.80000305175781,79.9000015258789,78.30000305175781,79.75,49.72597885131836,73836
2017-06-06,79.75,79.9000015258789,78.9000015258789,79.6500015258789,49.663631439208984,36495
2017-06-07,79.1500015258789,80.03299713134766,77.69999694824219,78.25,48.79069900512695,37516
2017-06-08,77.4000015258789,78.3499984741211,76.8499984741211,77.0999984741211,48.073638916015625,43771
2017-06-09,76.8499984741211,78.19999694824219,76.8499984741211,78.19999694824219,48.75951385498047,46770
2017-06-12,78.5999984741211,79.0270004272461,77.69999694824219,78.25,48.79069900512695,27477
2017-06-13,78.0,78.21099853515625,77.0999984741211,77.44999694824219,48.29187774658203,68817
2017-06-14,77.1500015258789,77.19999694824219,75.5999984741211,75.94999694824219,47.35658264160156,62210
2017-06-15,75.75,75.80000305175781,74.4000015258789,74.9000015258789,46.70189666748047,47022
2017-06-16,75.55000305175781,75.94999694824219,74.9000015258789,75.6500015258789,47.16952896118164,31527
2017-06-19,76.05000305175781,76.05000305175781,74.44999694824219,74.5,46.452484130859375,33464
2017-06-20,74.0,74.02149963378906,71.75,72.0,44.893672943115234,84837
2017-06-21,72.0999984741211,72.75,69.44999694824219,70.1500015258789,43.740150451660156,138148
2017-06-22,70.30000305175781,72.4000015258789,70.30000305175781,71.4000015258789,44.51955795288086,51623
2017-06-23,71.3499984741211,73.3499984741211,71.25,73.3499984741211,45.73542022705078,50156
2017-06-26,73.55000305175781,74.1500015258789,73.30000305175781,73.9000015258789,46.07836151123047,68406
2017-06-27,74.19999694824219,75.55000305175781,73.77899932861328,74.55000305175781,46.48366165161133,60413
2017-06-28,74.80000305175781,75.6500015258789,74.1500015258789,75.30000305175781,46.9512939453125,40869
2017-06-29,75.5,76.25,75.1500015258789,75.6500015258789,47.16952896118164,55354
2017-06-30,76.05000305175781,77.0,75.80000305175781,76.30000305175781,47.5748291015625,39155
2017-07-03,76.5,78.05000305175781,76.35299682617188,77.94999694824219,48.603641510009766,21531
2017-07-05,77.80000305175781,77.875,76.25,77.05000305175781,48.04246520996094,49402
2017-07-06,76.80000305175781,77.3499984741211,76.0999984741211,76.19999694824219,47.512474060058594,43713
2017-07-07,75.8499984741211,76.6500015258789,75.4000015258789,76.5999984741211,47.76187515258789,36203
2017-07-10,76.5,76.86650085449219,75.89649963378906,76.25,47.54365158081055,41222
2017-07-11,76.1500015258789,76.6500015258789,75.5,76.3499984741211,47.60600280761719,45889
2017-07-12,76.75,77.3499984741211,76.7490005493164,76.80000305175781,47.886573791503906,46256
2017-07-13,76.9000015258789,77.0,75.6500015258789,76.80000305175781,47.886573791503906,70154
2017-07-14,77.05000305175781,78.80000305175781,76.69300079345703,78.75,49.10244369506836,39494
2017-07-17,79.0,79.05000305175781,78.5999984741211,78.8499984741211,49.16480255126953,38219
2017-07-18,78.9000015258789,79.4000015258789,78.0999984741211,78.94999694824219,49.22715759277344,41934
2017-07-19,78.8499984741211,79.0999984741211,77.44999694824219,77.69999694824219,48.44777297973633,61749
2017-07-20,77.94999694824219,78.0,77.1500015258789,77.5,48.323055267333984,27811
2017-07-21,77.69999694824219,78.05000305175781,77.05000305175781,77.75,48.478939056396484,26666
2017-07-24,78.0,78.5999984741211,77.69999694824219,77.9000015258789,48.572452545166016,40243
2017-07-25,78.55000305175781,78.9000015258789,77.8499984741211,78.0999984741211,48.69716262817383,23608
2017-07-26,78.75,78.75,78.0,78.0999984741211,48.69716262817383,19906
2017-07-27,78.44999694824219,78.44999694824219,77.80000305175781,78.0999984741211,48.69716262817383,15806
2017-07-28,78.0999984741211,78.0999984741211,77.75,77.9000015258789,48.572452545166016,21846
2017-07-31,77.80000305175781,78.44999694824219,77.5,78.19999694824219,48.75951385498047,35569
2017-08-01,78.5,79.0999984741211,78.0999984741211,79.05000305175781,49.28950119018555,29408
2017-08-02,79.05000305175781,79.4000015258789,78.63500213623047,79.19999694824219,49.3830451965332,28380
2017-08-03,79.1500015258789,79.3499984741211,78.0,78.05000305175781,48.665992736816406,29393
2017-08-04,78.25,78.5,77.9000015258789,77.9000015258789,48.572452545166016,25086
2017-08-07,78.0999984741211,78.0999984741211,77.05000305175781,77.5,48.323055267333984,38571
2017-08-08,76.69999694824219,76.69999694824219,74.69999694824219,74.69999694824219,46.57717514038086,32698
2017-08-09,74.55000305175781,75.80000305175781,74.25,75.5,47.07600784301758,44850
2017-08-10,75.4000015258789,75.7020034790039,72.75,72.8499984741211,45.42366409301758,36266
2017-08-11,72.05000305175781,74.05000305175781,71.44999694824219,72.89600372314453,45.45234680175781,54954
2017-08-14,73.69999694824219,74.30000305175781,73.62200164794922,73.80000305175781,46.01601791381836,36972
2017-08-15,73.75,73.75,72.13249969482422,72.19999694824219,45.01836395263672,43662
2017-08-16,73.19999694824219,73.3010025024414,72.6500015258789,73.0999984741211,45.57953643798828,36409
2017-08-17,73.0999984741211,73.4000015258789,72.6500015258789,73.05000305175781,45.54837417602539,39629
2017-08-18,72.94999694824219,73.55000305175781,72.25,73.19999694824219,45.64188766479492,31712
2017-08-21,73.0999984741211,73.19999694824219,72.0,72.5999984741211,45.26778793334961,38482
2017-08-22,73.3499984741211,73.69999694824219,72.6500015258789,73.5250015258789,45.84453582763672,48705
2017-08-23,71.69999694824219,73.78500366210938,71.44999694824219,71.94999694824219,45.41062927246094,44437
2017-08-24,72.5,72.5999984741211,71.6500015258789,72.25,45.5999755859375,36582
2017-08-25,72.5999984741211,73.3499984741211,72.05000305175781,72.9000015258789,46.010215759277344,30732
2017-08-28,73.4000015258789,73.4280014038086,71.69999694824219,71.80000305175781,45.31596755981445,29239
2017-08-29,71.75,72.80000305175781,71.55000305175781,72.05000305175781,45.47374725341797,33410
2017-08-30,72.19999694824219,72.8499984741211,71.95050048828125,72.80000305175781,45.94710922241211,23250
2017-08-31,73.05000305175781,74.25,72.91449737548828,74.25,46.86227035522461,27435
2017-09-01,74.8499984741211,77.25,74.67500305175781,75.8499984741211,47.8720817565918,54529
2017-09-05,76.5,76.5999984741211,74.55000305175781,74.55000305175781,47.051597595214844,41037
2017-09-06,75.0999984741211,75.21700286865234,74.0999984741211,74.1500015258789,46.79914093017578,26283
2017-09-07,74.44999694824219,74.75,74.19999694824219,74.3499984741211,46.92537307739258,16814
2017-09-08,74.1500015258789,74.75,73.80000305175781,74.25,46.86227035522461,25713
2017-09-11,74.5,74.7020034790039,74.25,74.55000305175781,47.051597595214844,20756
2017-09-12,74.3499984741211,74.6500015258789,74.0,74.1500015258789,46.79914093017578,24448
2017-09-13,74.30000305175781,74.79499816894531,74.19999694824219,74.6500015258789,47.11471176147461,20339
2017-09-14,74.6500015258789,75.19999694824219,74.5,74.6500015258789,47.11471176147461,26655
2017-09-15,74.75,75.0,74.05000305175781,74.0999984741211,46.76759338378906,25250
2017-09-18,74.1500015258789,74.69999694824219,73.5,73.6500015258789,46.48357009887695,38813
2017-09-19,73.5,74.19999694824219,73.5,74.05000305175781,46.736026763916016,32978
2017-09-20,74.6500015258789,74.94999694824219,74.1500015258789,74.5,47.020050048828125,26356
2017-09-21,74.25,74.5,72.94999694824219,72.94999694824219,46.04178237915039,35784
2017-09-22,73.25,73.9000015258789,73.05000305175781,73.80000305175781,46.57825469970703,28639
2017-09-25,74.1500015258789,74.44999694824219,73.80000305175781,74.30000305175781,46.89382553100586,43456
2017-09-26,74.1500015258789,74.80000305175781,74.05000305175781,74.55000305175781,47.051597595214844,35030
2017-09-27,74.94999694824219,75.0,73.94999694824219,74.55000305175781,47.051597595214844,32003
2017-09-28,74.5999984741211,74.8499984741211,73.80000305175781,74.0999984741211,46.76759338378906,35073
2017-09-29,74.19999694824219,74.94999694824219,74.19999694824219,74.19999694824219,46.8306999206543,46640
2017-10-02,73.94999694824219,74.55000305175781,73.80000305175781,74.0,46.704471588134766,32896
2017-10-03,74.19999694824219,74.4000015258789,73.75,73.75,46.54668045043945,28816
2017-10-04,73.75,74.4000015258789,73.5999984741211,74.0,46.704471588134766,39867
2017-10-05,74.4000015258789,74.9000015258789,74.0625,74.4000015258789,46.956932067871094,38003
2017-10-06,74.19999694824219,74.33000183105469,73.9000015258789,74.0,46.704471588134766,33830
2017-10-09,74.05000305175781,74.44999694824219,74.0,74.19999694824219,46.8306999206543,36456
2017-10-10,74.44999694824219,74.5999984741211,74.0999984741211,74.25,46.86227035522461,36189
2017-10-11,74.25,74.55000305175781,74.19999694824219,74.5,47.020050048828125,32280
2017-10-12,74.0,74.4000015258789,73.5,73.5,46.388912200927734,32963
2017-10-13,73.94999694824219,74.0999984741211,72.6500015258789,72.6500015258789,45.852439880371094,32021
2017-10-16,73.5,73.5,72.4000015258789,72.4000015258789,45.69465255737305,23810
2017-10-17,72.1500015258789,72.6500015258789,70.94999694824219,71.30000305175781,45.00038528442383,45734
2017-10-18,71.19999694824219,71.69999694824219,70.25,70.55000305175781,44.52703094482422,46448
2017-10-19,70.0,70.69999694824219,69.44999694824219,70.19999694824219,44.30613327026367,51025
2017-10-20,70.5999984741211,70.75,69.44999694824219,69.55000305175781,43.895896911621094,40398
2017-10-23,69.80000305175781,70.0999984741211,68.69999694824219,68.94999694824219,43.517208099365234,55357
2017-10-24,69.3499984741211,69.55000305175781,68.05000305175781,68.69999694824219,43.35942077636719,72511
2017-10-25,68.05000305175781,68.5999984741211,65.94999694824219,66.30000305175781,41.844696044921875,69254
2017-10-26,66.3499984741211,67.51000213623047,65.9000015258789,66.80000305175781,42.16025924682617,83573
2017-10-27,67.19999694824219,68.5,67.0,68.0,42.91762924194336,71059
2017-10-30,68.30000305175781,69.05000305175781,67.5999984741211,67.69999694824219,42.72828674316406,48942
2017-10-31,67.80000305175781,68.05000305175781,66.69999694824219,67.05000305175781,42.31803512573242,76264
2017-11-01,67.55000305175781,68.30000305175781,67.44999694824219,68.0,42.91762924194336,84156
2017-11-02,68.0,68.25,65.8499984741211,66.80000305175781,42.16025924682617,81436
2017-11-03,66.75,67.6500015258789,66.69999694824219,67.44999694824219,42.57049560546875,80640
2017-11-06,67.80000305175781,68.44999694824219,67.55000305175781,68.4000015258789,43.17008590698242,71940
2017-11-07,68.55000305175781,68.75,67.94999694824219,68.3499984741211,43.13853454589844,70265
2017-11-08,68.1500015258789,68.6500015258789,66.94999694824219,67.05000305175781,42.31803512573242,126552
2017-11-09,66.94999694824219,67.6500015258789,66.85800170898438,67.0,42.286476135253906,52921
2017-11-10,67.1500015258789,67.44999694824219,66.19999694824219,66.30000305175781,41.844696044921875,61946
2017-11-13,66.3499984741211,66.69999694824219,64.3499984741211,64.69999694824219,40.83485412597656,103729
2017-11-14,64.55000305175781,64.6500015258789,62.70100021362305,63.20000076293945,39.888145446777344,108553
2017-11-15,62.70000076293945,64.30000305175781,62.400001525878906,64.1500015258789,40.487728118896484,151083
2017-11-16,64.5,64.9000015258789,64.1500015258789,64.4000015258789,40.6455192565918,119563
2017-11-17,64.5,65.25,64.1500015258789,65.25,41.181983947753906,98286
2017-11-20,65.05000305175781,65.69999694824219,64.43699645996094,65.5999984741211,41.40287780761719,99866
2017-11-21,66.1500015258789,66.1500015258789,64.4749984741211,65.0,41.024192810058594,121790
2017-11-22,63.650001525878906,63.75,63.0,63.04999923706055,40.704952239990234,93638
2017-11-24,63.5,63.95000076293945,63.29999923706055,63.70000076293945,41.124603271484375,29555
2017-11-27,63.599998474121094,63.599998474121094,62.099998474121094,62.25,40.188480377197266,90688
2017-11-28,62.0,62.5,61.04999923706055,61.20000076293945,39.51059341430664,126411
2017-11-29,61.0,61.45000076293945,60.5,61.04999923706055,39.41374588012695,139667
2017-11-30,61.099998474121094,63.75,61.099998474121094,63.75,41.1568717956543,227351
2017-12-01,64.0999984741211,65.8499984741211,63.849998474121094,65.4000015258789,42.222110748291016,212265
2017-12-04,65.75,66.0999984741211,64.5999984741211,64.6500015258789,41.737911224365234,132029
2017-12-05,64.6500015258789,64.94999694824219,64.2125015258789,64.25,41.47967529296875,136116
2017-12-06,63.75,64.24949645996094,63.099998474121094,63.45000076293945,40.96319580078125,168653
2017-12-07,63.20000076293945,67.5,63.099998474121094,67.25,43.41645431518555,433241
2017-12-08,67.55000305175781,67.5999984741211,66.6500015258789,67.55000305175781,43.61014938354492,145857
2017-12-11,67.44999694824219,69.30000305175781,67.05000305175781,69.1500015258789,44.64309310913086,191984
2017-12-12,68.9000015258789,71.75,68.55000305175781,71.55000305175781,46.19253921508789,312984
2017-12-13,71.3499984741211,71.5250015258789,70.05000305175781,70.80000305175781,45.708343505859375,125036
2017-12-14,70.25,71.44499969482422,70.25,70.9000015258789,45.77290725708008,131906
2017-12-15,71.3499984741211,71.4000015258789,69.69999694824219,69.94999694824219,45.159576416015625,135675
2017-12-18,70.1500015258789,70.69999694824219,69.94999694824219,70.5,45.514652252197266,96989
2017-12-19,70.5,70.9000015258789,70.19000244140625,70.6500015258789,45.611488342285156,115886
2017-12-20,70.55000305175781,70.8499984741211,69.8499984741211,70.3499984741211,45.417816162109375,118199
2017-12-21,70.05000305175781,71.05000305175781,69.75,70.19999694824219,45.32097244262695,122578
2017-12-22,69.80000305175781,73.55000305175781,69.80000305175781,71.4000015258789,46.09568786621094,138440
2017-12-26,74.5,76.1500015258789,73.3499984741211,74.30000305175781,47.967933654785156,191744
2017-12-27,74.80000305175781,75.05699920654297,73.30999755859375,74.5999984741211,48.16160583496094,117395
2017-12-28,74.19999694824219,74.94999694824219,73.25,74.55000305175781,48.12932205200195,129732
2017-12-29,74.94999694824219,77.0,74.69999694824219,76.3499984741211,49.291412353515625,134236
2018-01-02,76.9000015258789,81.6500015258789,76.8499984741211,81.25,52.454830169677734,214197
2018-01-03,82.1500015258789,83.30000305175781,81.44999694824219,83.0,53.58462905883789,216640
2018-01-04,83.55000305175781,83.6500015258789,81.15350341796875,82.30000305175781,53.13270950317383,216110
2018-01-05,82.19999694824219,82.4000015258789,80.83149719238281,82.19999694824219,53.068145751953125,56624
2018-01-08,82.80000305175781,82.8499984741211,81.5,82.75,53.42323684692383,49537
2018-01-09,83.4000015258789,83.69999694824219,82.4000015258789,83.30000305175781,53.77831268310547,43926
2018-01-10,83.55000305175781,84.30000305175781,82.75,84.0,54.230228424072266,57739
2018-01-11,84.0,85.30000305175781,84.0,84.75,54.71442794799805,65458
2018-01-12,85.0,85.3499984741211,83.05000305175781,84.05000305175781,54.26251220703125,67763
2018-01-16,84.75,85.75,83.3499984741211,83.55000305175781,53.93971633911133,48038
2018-01-17,83.25,83.75,82.75,83.25,53.74604415893555,51353
2018-01-18,83.25,83.25,80.7249984741211,81.19999694824219,52.42256164550781,61858
2018-01-19,80.6500015258789,82.94999694824219,80.4000015258789,82.94999694824219,53.55236053466797,32811
2018-01-22,83.5,84.94999694824219,83.23500061035156,84.94999694824219,54.84355163574219,26724
2018-01-23,85.6500015258789,85.75,84.3499984741211,85.5,55.1986198425293,51894
2018-01-24,85.75,86.30000305175781,84.9000015258789,85.3499984741211,55.10179138183594,24841
2018-01-25,85.8499984741211,85.8740005493164,84.94999694824219,85.5999984741211,55.263187408447266,47305
2018-01-26,85.9000015258789,86.80000305175781,85.5,86.80000305175781,56.03790283203125,39836
2018-01-29,86.4000015258789,86.4000015258789,84.94999694824219,85.05000305175781,54.90809631347656,43998
2018-01-30,83.5,85.25,82.50499725341797,84.5999984741211,54.6175651550293,133170
2018-01-31,85.19999694824219,85.80000305175781,84.3499984741211,84.3499984741211,54.4561882019043,44281
2018-02-01,84.9000015258789,86.25,83.99800109863281,86.25,55.682830810546875,32972
2018-02-02,85.55000305175781,85.94999694824219,83.5,84.05000305175781,54.26251220703125,55275
2018-02-05,83.44999694824219,83.69999694824219,77.69999694824219,79.30000305175781,51.1959228515625,56580
2018-02-06,78.5999984741211,82.05000305175781,78.0,82.05000305175781,52.97132110595703,42918
2018-02-07,81.1500015258789,82.30000305175781,80.19999694824219,81.0,52.29343795776367,57132
2018-02-08,81.75,81.75,78.0999984741211,78.0999984741211,50.421199798583984,32709
2018-02-09,79.25,79.25,75.0999984741211,77.3499984741211,49.937007904052734,50511
2018-02-12,77.80000305175781,79.15499877929688,77.05000305175781,79.05000305175781,51.034523010253906,27401
2018-02-13,79.25,80.4000015258789,79.0,80.1500015258789,51.74468231201172,15905
2018-02-14,79.5999984741211,81.7385025024414,79.1500015258789,81.3499984741211,52.51939010620117,26707
2018-02-15,80.5999984741211,81.51300048828125,79.1500015258789,81.1500015258789,53.558902740478516,58746
2018-02-16,81.3499984741211,81.3499984741211,78.0,78.1500015258789,51.57890319824219,26522
2018-02-20,77.9000015258789,78.69100189208984,76.8499984741211,77.19999694824219,50.95189666748047,25987
2018-02-21,76.80000305175781,77.55000305175781,76.02999877929688,76.30000305175781,50.35789108276367,21757
2018-02-22,76.6500015258789,76.75,74.6500015258789,75.19999694824219,49.631893157958984,34423
2018-02-23,75.6500015258789,75.6500015258789,74.4000015258789,74.9000015258789,49.43389129638672,27014
2018-02-26,75.5,75.5,74.00199890136719,74.75,49.33489990234375,30348
2018-02-27,74.05000305175781,74.83699798583984,73.5999984741211,74.05000305175781,48.87290954589844,35700
2018-02-28,74.25,74.3499984741211,71.44999694824219,71.44999694824219,47.15690994262695,35775
2018-03-01,71.9000015258789,72.94999694824219,71.29350280761719,71.9000015258789,47.45390319824219,84811
2018-03-02,71.3499984741211,72.25,70.44999694824219,71.94999694824219,47.486907958984375,42769
2018-03-05,71.9000015258789,72.69999694824219,71.43099975585938,72.44999694824219,47.81689453125,22934
2018-03-06,72.9000015258789,72.99949645996094,71.69999694824219,71.75,47.35490417480469,26716
2018-03-07,71.6500015258789,72.05000305175781,71.0999984741211,71.69999694824219,47.321903228759766,23043
2018-03-08,71.5999984741211,71.94950103759766,70.30000305175781,70.80000305175781,46.72792053222656,41611
2018-03-09,71.44999694824219,71.94999694824219,70.94999694824219,71.5999984741211,47.25590515136719,36285
2018-03-12,71.8499984741211,72.5999984741211,71.75,72.55000305175781,47.882896423339844,34123
2018-03-13,72.5999984741211,73.05000305175781,72.3499984741211,72.75,48.01490783691406,24595
2018-03-14,73.1500015258789,73.1500015258789,71.20500183105469,71.55000305175781,47.2229118347168,29983
2018-03-15,71.5,71.80000305175781,63.849998474121094,66.1500015258789,43.65892028808594,235789
2018-03-16,66.6500015258789,68.25,66.5,68.0,44.879913330078125,65931
2018-03-19,68.0,68.05000305175781,65.55000305175781,66.1500015258789,43.65892028808594,60412
2018-03-20,66.25,66.6500015258789,64.69999694824219,65.19999694824219,43.03190994262695,49615
2018-03-21,65.3499984741211,66.3499984741211,65.0999984741211,66.3499984741211,43.79091262817383,62586
2018-03-22,66.0,66.25,64.75,65.0,42.89990997314453,43128
2018-03-23,65.5,65.5999984741211,64.05000305175781,64.19999694824219,42.371910095214844,48036
2018-03-26,65.25,65.25,63.349998474121094,64.44999694824219,42.53691101074219,52446
2018-03-27,64.8499984741211,64.8499984741211,62.04999923706055,62.95000076293945,41.54692459106445,80887
2018-03-28,63.25,63.25,61.849998474121094,62.25,41.084930419921875,81590
2018-03-29,62.150001525878906,63.5,62.099998474121094,62.95000076293945,41.54692459106445,65058
2018-04-02,62.95000076293945,63.79999923706055,62.29999923706055,63.099998474121094,41.64592361450195,57917
2018-04-03,63.70000076293945,64.30000305175781,61.650001525878906,63.5,41.9099235534668,37984
2018-04-04,62.849998474121094,63.69499969482422,62.16350173950195,63.599998474121094,41.97591781616211,38962
2018-04-05,63.75,65.5,63.599998474121094,65.3499984741211,43.13091278076172,53815
2018-04-06,64.3499984741211,65.0999984741211,63.25,63.79999923706055,42.107913970947266,44258
2018-04-09,64.5,64.5,63.050498962402344,63.349998474121094,41.810909271240234,43794
2018-04-10,63.70000076293945,65.3499984741211,63.5,65.0,42.89990997314453,50905
2018-04-11,65.44999694824219,66.19999694824219,64.82499694824219,66.19999694824219,43.69190979003906,39457
2018-04-12,66.1500015258789,66.44999694824219,65.0,65.5,43.22991943359375,41120
2018-04-13,65.5999984741211,65.8499984741211,64.6500015258789,65.5999984741211,43.2959098815918,34082
2018-04-16,65.80000305175781,67.9000015258789,65.30000305175781,67.75,44.714908599853516,81780
2018-04-17,68.19999694824219,69.5,68.0,69.4000015258789,45.80390548706055,68786
2018-04-18,69.75,70.4000015258789,68.5009994506836,68.6500015258789,45.308902740478516,77618
2018-04-19,69.0,69.30000305175781,67.8499984741211,67.9010009765625,44.8145751953125,33673
2018-04-20,68.1500015258789,68.46549987792969,67.3499984741211,68.30000305175781,45.077903747558594,48477
2018-04-23,68.5,69.8499984741211,68.09100341796875,69.6500015258789,45.968910217285156,53223
2018-04-24,69.94999694824219,70.0,67.55000305175781,67.69999694824219,44.681915283203125,66350
2018-04-25,67.75,68.30000305175781,66.94999694824219,68.30000305175781,45.077903747558594,36780
2018-04-26,68.5,69.30000305175781,68.15499877929688,68.94999694824219,45.50691223144531,29239
2018-04-27,69.0,69.69999694824219,68.3499984741211,69.25,45.70491027832031,22241
2018-04-30,69.75,70.14849853515625,69.30000305175781,69.5999984741211,45.9359130859375,30583
2018-05-01,69.44999694824219,69.9000015258789,69.25,69.30000305175781,45.737911224365234,31350
2018-05-02,69.4000015258789,69.69999694824219,69.0999984741211,69.1500015258789,45.63890838623047,36546
2018-05-03,68.30000305175781,68.8499984741211,68.05000305175781,68.55000305175781,45.24291229248047,35937
2018-05-04,68.19999694824219,69.3499984741211,68.05000305175781,68.69999694824219,45.3419075012207,33291
2018-05-07,69.3499984741211,70.05000305175781,68.5999984741211,69.3499984741211,45.770904541015625,42841
2018-05-08,69.4000015258789,70.0,68.51200103759766,69.75,46.034908294677734,30147
2018-05-09,70.4000015258789,71.1500015258789,70.05000305175781,70.8499984741211,46.760902404785156,63741
2018-05-10,71.1500015258789,72.125,70.5999984741211,72.0999984741211,47.58591079711914,48514
2018-05-11,72.4000015258789,74.1500015258789,71.3499984741211,72.3499984741211,47.75090026855469,119370
2018-05-14,73.0,73.80000305175781,72.30000305175781,73.80000305175781,48.70792007446289,40785
2018-05-15,73.94999694824219,74.44999694824219,73.3499984741211,74.3499984741211,49.07089614868164,38209
2018-05-16,74.30000305175781,74.6500015258789,74.05799865722656,74.3499984741211,49.07089614868164,28595
2018-05-17,74.75,75.69999694824219,74.5999984741211,74.9000015258789,49.43389129638672,43535
2018-05-18,75.19999694824219,75.44999694824219,74.55000305175781,75.05000305175781,49.53291702270508,24836
2018-05-21,75.69999694824219,75.91549682617188,74.9000015258789,75.05000305175781,49.53291702270508,21441
2018-05-22,75.25,76.0,74.8499984741211,74.94999694824219,49.46690368652344,34032
2018-05-23,72.9000015258789,74.8499984741211,72.05000305175781,74.19999694824219,50.15980911254883,50579
2018-05-24,73.69999694824219,73.9000015258789,71.5,71.6500015258789,48.435997009277344,24611
2018-05-25,70.30000305175781,70.80000305175781,69.75,70.09950256347656,47.38783264160156,21888
2018-05-29,69.94999694824219,71.0999984741211,69.7249984741211,70.69999694824219,47.79377746582031,21718
2018-05-30,71.19999694824219,72.69999694824219,70.8915023803711,72.5999984741211,49.07819747924805,28760
2018-05-31,72.69999694824219,74.44999694824219,72.4000015258789,72.4000015258789,48.9429931640625,55274
2018-06-01,73.1500015258789,73.8499984741211,72.55000305175781,73.69999694824219,49.82180404663086,44706
2018-06-04,73.75,74.0,72.69999694824219,73.19999694824219,49.48380661010742,49579
2018-06-05,73.19999694824219,73.89800262451172,73.19999694824219,73.55000305175781,49.720394134521484,26412
2018-06-06,73.69999694824219,73.69999694824219,72.8499984741211,73.5999984741211,49.75420379638672,19365
2018-06-07,74.0999984741211,74.0999984741211,73.5,73.75,49.8555908203125,15452
2018-06-08,73.9000015258789,73.9635009765625,72.9000015258789,73.19999694824219,49.48380661010742,16866
2018-06-11,72.69999694824219,74.55000305175781,72.69999694824219,74.30000305175781,50.2274169921875,21797
2018-06-12,74.5,75.09500122070312,74.0999984741211,74.5,50.362613677978516,25392
2018-06-13,74.44999694824219,74.56600189208984,72.9000015258789,73.1500015258789,49.44999694824219,29977
2018-06-14,73.19999694824219,73.6500015258789,72.80000305175781,72.8499984741211,49.24720001220703,14971
2018-06-15,72.94999694824219,72.94999694824219,71.3550033569336,71.75,48.50358581542969,17157
2018-06-18,71.75,71.94999694824219,71.1500015258789,71.44999694824219,48.30078887939453,15585
2018-06-19,71.19999694824219,71.8499984741211,70.80000305175781,70.9000015258789,47.92898178100586,25638
2018-06-20,71.6500015258789,72.0,71.39900207519531,71.44999694824219,48.30078887939453,20779
2018-06-21,71.5999984741211,71.5999984741211,70.75350189208984,71.0999984741211,48.06418228149414,13434
2018-06-22,72.0,72.25,71.3499984741211,71.44999694824219,48.30078887939453,33242
2018-06-25,71.6500015258789,71.6500015258789,69.5,69.55000305175781,47.0163688659668,38399
2018-06-26,69.80000305175781,70.8499984741211,69.55000305175781,70.6500015258789,47.75998306274414,25902
2018-06-27,71.30000305175781,71.6500015258789,69.6500015258789,69.94999694824219,47.286766052246094,25231
2018-06-28,69.8499984741211,70.19999694824219,69.31099700927734,69.6500015258789,47.0839729309082,25012
2018-06-29,69.94999694824219,71.3499984741211,69.5250015258789,70.6500015258789,47.75998306274414,49088
2018-07-02,70.3499984741211,70.9020004272461,69.65299987792969,69.9000015258789,47.25297546386719,26141
2018-07-03,70.6500015258789,71.1500015258789,69.94999694824219,70.19999694824219,47.45576477050781,11998
2018-07-05,70.44999694824219,70.8499984741211,70.3499984741211,70.4000015258789,47.59097671508789,28009
2018-07-06,70.5999984741211,70.75,70.22000122070312,70.6500015258789,47.75998306274414,26880
2018-07-09,71.05000305175781,71.3499984741211,70.3499984741211,71.3499984741211,48.233184814453125,33477
2018-07-10,71.55000305175781,71.8499984741211,70.44999694824219,70.44999694824219,47.6247673034668,22108
2018-07-11,70.19999694824219,71.4000015258789,69.94999694824219,70.17500305175781,47.43887710571289,34295
2018-07-12,70.5,70.5,69.4000015258789,70.0,47.32057189941406,41418
2018-07-13,70.0999984741211,70.80000305175781,69.8499984741211,70.4000015258789,47.59097671508789,24723
2018-07-16,70.0999984741211,70.25,69.75,69.75,47.15156555175781,28993
2018-07-17,69.94999694824219,70.09500122070312,69.5,69.69999694824219,47.11777114868164,20374
2018-07-18,69.6500015258789,70.80000305175781,69.19999694824219,70.26750183105469,47.501399993896484,17827
2018-07-19,72.4000015258789,73.25,71.5,73.05000305175781,49.38240432739258,38344
2018-07-20,73.6500015258789,73.6500015258789,71.44999694824219,71.44999694824219,48.30078887939453,31039
2018-07-23,71.94999694824219,71.94999694824219,70.94999694824219,71.69999694824219,48.46979522705078,37570
2018-07-24,72.4000015258789,73.1500015258789,71.9000015258789,72.5999984741211,49.07819747924805,24845
2018-07-25,72.6500015258789,73.69999694824219,72.30049896240234,73.69999694824219,49.82180404663086,20337
2018-07-26,73.5999984741211,74.44999694824219,73.43099975585938,74.19999694824219,50.15980911254883,23057
2018-07-27,74.1500015258789,74.3499984741211,72.55000305175781,72.5999984741211,49.07819747924805,32010
2018-07-30,73.30000305175781,73.52799987792969,72.9000015258789,73.19999694824219,49.48380661010742,13542
2018-07-31,73.0999984741211,74.4000015258789,73.0,74.3499984741211,50.26121520996094,23866
2018-08-01,74.1500015258789,74.55149841308594,73.63999938964844,74.1500015258789,50.12601089477539,19768
2018-08-02,74.30000305175781,75.9000015258789,74.30000305175781,75.6500015258789,51.140037536621094,24499
2018-08-03,75.9000015258789,76.25,75.5,75.9000015258789,51.30902862548828,18619
2018-08-06,76.30000305175781,76.80000305175781,75.94999694824219,76.5,51.714630126953125,37859
2018-08-07,77.0,77.40249633789062,76.40499877929688,76.75,51.88362503051758,29254
2018-08-08,76.25,76.89949798583984,75.89749908447266,76.44999694824219,51.68083572387695,41076
2018-08-09,76.8499984741211,77.29850006103516,76.75849914550781,77.19999694824219,52.187828063964844,15549
2018-08-10,77.3499984741211,77.94999694824219,76.94999694824219,77.1500015258789,52.15403366088867,23331
2018-08-13,77.44999694824219,77.74500274658203,75.3499984741211,75.3499984741211,50.937217712402344,40700
2018-08-14,75.94999694824219,76.1500015258789,75.5,75.69999694824219,51.173828125,18487
2018-08-15,75.69999694824219,75.69999694824219,74.0,74.5999984741211,50.430213928222656,25382
2018-08-16,74.5999984741211,75.3499984741211,74.5114974975586,74.94999694824219,50.666805267333984,16567
2018-08-17,74.8499984741211,76.0999984741211,74.8499984741211,76.05000305175781,51.41042709350586,30735
2018-08-20,76.19999694824219,76.8499984741211,76.19999694824219,76.80000305175781,51.91742706298828,26196
2018-08-21,77.3499984741211,77.3499984741211,75.5999984741211,75.8499984741211,51.27521896362305,32162
2018-08-22,75.94999694824219,76.80000305175781,75.81749725341797,76.80000305175781,51.91742706298828,42460
2018-08-23,75.1500015258789,75.1500015258789,74.5,74.75,51.72712707519531,23172
2018-08-24,75.5,75.5,74.1500015258789,74.5,51.554134368896484,34181
2018-08-27,75.0999984741211,75.19999694824219,74.25,75.19999694824219,52.038536071777344,42731
2018-08-28,75.25,75.25,73.9000015258789,74.19999694824219,51.346527099609375,44744
2018-08-29,74.5,74.5,73.1500015258789,73.30000305175781,50.723724365234375,45149
2018-08-30,73.0999984741211,73.1500015258789,72.05000305175781,72.8499984741211,50.412330627441406,33510
2018-08-31,73.1500015258789,73.1719970703125,72.0999984741211,72.55000305175781,50.20473861694336,55928
2018-09-04,72.69999694824219,75.19999694824219,72.6500015258789,74.94999694824219,51.86552810668945,102672
2018-09-05,74.75,74.75,73.25,73.8499984741211,51.104331970214844,31207
2018-09-06,73.8499984741211,74.1500015258789,72.80000305175781,73.05000305175781,50.55073165893555,23842
2018-09-07,72.69999694824219,72.94999694824219,72.05000305175781,72.30000305175781,50.03174591064453,26108
2018-09-10,72.80000305175781,73.25,72.80000305175781,73.25,50.689125061035156,14474
2018-09-11,73.3499984741211,74.0,73.1500015258789,73.75,51.035118103027344,16106
2018-09-12,73.80000305175781,74.25,73.55000305175781,73.80000305175781,51.06972885131836,28158
2018-09-13,73.94999694824219,74.0999984741211,73.5,73.5999984741211,50.93132781982422,13535
2018-09-14,73.75,73.75,72.69999694824219,73.0999984741211,50.58531951904297,19679
2018-09-17,72.94999694824219,73.55000305175781,72.94999694824219,73.30000305175781,50.723724365234375,16234
2018-09-18,73.5,73.5,72.5,72.94999694824219,50.48152542114258,25967
2018-09-19,73.25,73.5,72.80000305175781,73.5,50.862125396728516,27427
2018-09-20,73.80000305175781,73.80000305175781,73.11900329589844,73.55000305175781,50.896724700927734,25370
2018-09-21,73.94999694824219,74.05000305175781,73.0,73.19999694824219,50.65453338623047,26717
2018-09-24,73.3499984741211,73.8499984741211,72.25,72.25,49.99711608886719,27692
2018-09-25,72.4000015258789,72.69999694824219,71.0,71.25,49.30513381958008,53262
2018-09-26,71.05000305175781,71.4000015258789,70.5,70.69999694824219,48.92451858520508,66886
2018-09-27,70.94999694824219,71.80000305175781,70.75,71.80000305175781,49.68572998046875,27824
2018-09-28,71.8499984741211,72.74500274658203,71.45050048828125,72.6500015258789,50.273921966552734,24065
2018-10-01,73.0,74.05000305175781,73.0,73.55000305175781,50.896724700927734,30942
2018-10-02,73.9000015258789,74.1500015258789,73.30000305175781,73.4000015258789,50.79292678833008,30695
2018-10-03,73.30000305175781,74.30000305175781,73.30000305175781,74.1500015258789,51.31193161010742,24627
2018-10-04,74.1500015258789,74.1500015258789,72.9000015258789,73.0999984741211,50.58531951904297,22518
2018-10-05,73.0999984741211,73.54750061035156,72.55000305175781,72.75,50.3431282043457,14646
2018-10-08,72.69999694824219,73.05000305175781,71.94999694824219,72.0999984741211,49.893333435058594,13505
2018-10-09,71.9000015258789,73.0999984741211,71.8499984741211,72.9000015258789,50.446922302246094,14407
2018-10-10,72.5999984741211,72.8499984741211,71.5999984741211,71.5999984741211,49.54732894897461,20883
2018-10-11,71.30000305175781,71.5,69.44999694824219,70.4000015258789,48.71692657470703,57067
2018-10-12,71.55000305175781,71.55000305175781,69.0,70.19999694824219,48.578514099121094,20411
2018-10-15,70.44999694824219,70.60399627685547,68.8499984741211,68.8499984741211,47.64433288574219,61105
2018-10-16,69.4000015258789,70.9000015258789,69.4000015258789,70.6500015258789,48.889923095703125,34841
2018-10-17,70.44999694824219,70.75,69.53500366210938,70.05000305175781,48.47472381591797,27282
2018-10-18,69.44999694824219,70.5999984741211,69.25,70.4000015258789,48.71692657470703,52920
2018-10-19,70.44999694824219,71.5999984741211,70.05000305175781,70.3499984741211,48.68232727050781,55312
2018-10-22,70.4000015258789,70.75700378417969,69.3499984741211,69.5999984741211,48.16332244873047,37410
2018-10-23,68.75,69.2239990234375,67.44999694824219,68.9000015258789,47.67892837524414,61380
2018-10-24,68.8499984741211,68.94999694824219,66.5,66.69999694824219,46.15650939941406,66085
2018-10-25,67.44999694824219,67.47550201416016,66.30000305175781,66.94999694824219,46.32951736450195,43275
2018-10-26,66.1500015258789,66.1500015258789,64.6500015258789,65.05000305175781,45.01472091674805,46106
2018-10-29,65.55000305175781,65.68350219726562,62.650001525878906,63.54999923706055,43.976715087890625,51742
2018-10-30,63.0,64.3949966430664,61.54999923706055,62.099998474121094,42.97331237792969,103306
2018-10-31,62.400001525878906,63.95000076293945,62.400001525878906,62.70000076293945,43.388511657714844,76922
2018-11-01,63.25,64.24949645996094,63.0,63.75,44.115116119384766,70640
2018-11-02,64.05000305175781,64.5999984741211,63.599998474121094,64.4000015258789,44.56491470336914,86014
2018-11-05,64.69999694824219,65.20999908447266,64.0,64.80000305175781,44.84171676635742,54577
2018-11-06,64.8499984741211,65.55000305175781,64.44999694824219,65.25,45.15311050415039,33134
2018-11-07,65.75,67.0,65.6500015258789,66.55000305175781,46.05271911621094,26291
2018-11-08,66.55000305175781,67.5,66.19999694824219,66.5,46.01812744140625,28211
2018-11-09,65.6500015258789,66.0,64.5999984741211,65.94999694824219,45.63751220703125,50601
2018-11-12,66.0,66.22899627685547,64.6500015258789,65.0,44.9801139831543,57372
2018-11-13,64.94999694824219,65.58499908447266,62.849998474121094,64.0,44.28812026977539,69325
2018-11-14,64.6500015258789,64.6500015258789,62.87699890136719,63.150001525878906,43.699913024902344,46100
2018-11-15,63.0,63.849998474121094,62.54999923706055,62.95000076293945,43.5615119934082,52626
2018-11-16,63.25,63.95000076293945,63.01350021362305,63.099998474121094,43.66530990600586,53786
2018-11-19,63.25,63.650001525878906,62.25,62.25,43.077110290527344,65843
2018-11-20,61.75,61.75,60.0,60.650001525878906,41.96990966796875,72711
2018-11-21,59.5,60.400001525878906,59.25,59.25,41.291133880615234,101556
2018-11-23,58.349998474121094,58.849998474121094,57.75,58.29999923706055,40.62907791137695,39309
2018-11-26,59.04999923706055,59.5,58.04999923706055,58.45000076293945,40.733619689941406,83940
2018-11-27,58.099998474121094,58.86399841308594,57.79999923706055,57.95000076293945,40.385162353515625,80689
2018-11-28,58.04999923706055,58.5,57.54249954223633,58.29999923706055,40.62907791137695,90411
2018-11-29,58.25,59.79999923706055,57.95000076293945,59.04999923706055,41.15176010131836,130466
2018-11-30,59.099998474121094,59.70000076293945,58.099998474121094,59.599998474121094,41.5350456237793,140173
2018-12-03,61.400001525878906,62.54999923706055,60.849998474121094,62.04999923706055,43.24243927001953,149670
2018-12-04,62.349998474121094,62.400001525878906,60.050498962402344,60.400001525878906,42.09255599975586,57343
2018-12-06,58.25,58.73899841308594,56.599998474121094,58.29999923706055,40.62907791137695,147754
2018-12-07,59.29999923706055,59.949501037597656,58.20000076293945,58.349998474121094,40.66392135620117,127985
2018-12-10,58.70000076293945,58.70000076293945,55.625,56.599998474121094,39.4443473815918,349294
2018-12-11,57.20000076293945,57.720001220703125,56.25,56.599998474121094,39.4443473815918,140082
2018-12-12,57.099998474121094,57.54999923706055,56.525001525878906,56.849998474121094,39.61857986450195,127032
2018-12-13,56.650001525878906,58.20000076293945,56.650001525878906,58.099998474121094,40.48970413208008,167123
2018-12-14,57.650001525878906,58.099998474121094,56.5,56.54999923706055,39.40951156616211,186193
2018-12-17,56.04999923706055,56.650001525878906,53.45000076293945,53.79999923706055,37.4930534362793,188659
2018-12-18,53.650001525878906,53.8494987487793,51.54999923706055,52.0,36.23863983154297,303302
2018-12-19,51.75,53.400001525878906,51.75,52.29999923706055,36.447696685791016,374711
2018-12-20,51.75,52.349998474121094,49.54999923706055,50.900001525878906,35.4720458984375,353635
2018-12-21,51.0,51.650001525878906,49.599998474121094,49.650001525878906,34.600921630859375,274657
2018-12-24,49.650001525878906,49.840999603271484,48.150001525878906,48.400001525878906,33.729801177978516,161639
2018-12-26,48.79999923706055,51.45000076293945,48.0,51.400001525878906,35.82049560546875,351549
2018-12-27,50.25,51.0,48.900001525878906,51.0,35.541725158691406,380919
2018-12-28,50.79999923706055,51.79999923706055,49.599998474121094,50.70000076293945,35.332664489746094,786875
2018-12-31,51.04999923706055,52.25,50.875,52.04999923706055,36.273475646972656,451544
2019-01-02,51.25,53.849998474121094,51.0,53.400001525878906,37.214290618896484,244006
2019-01-03,53.70000076293945,54.57500076293945,52.875,53.75,37.45820236206055,180073
2019-01-04,54.70000076293945,56.9995002746582,54.55500030517578,56.75,39.548885345458984,139013
2019-01-07,57.45000076293945,58.962501525878906,56.90999984741211,58.650001525878906,40.87299346923828,83487
2019-01-08,59.70000076293945,60.775001525878906,59.29999923706055,60.349998474121094,42.057716369628906,94716
2019-01-09,61.0,61.54999923706055,60.74300003051758,61.5,42.8591423034668,52714
2019-01-10,61.5,61.5,60.25,60.5,42.162254333496094,48511
2019-01-11,60.25,60.54899978637695,59.75,59.79999923706055,41.67442321777344,37700
2019-01-14,59.70000076293945,60.099998474121094,59.29999923706055,59.650001525878906,41.569881439208984,45602
2019-01-15,60.04999923706055,61.5,60.04999923706055,61.29999923706055,42.71976852416992,142755
2019-01-16,61.650001525878906,61.95000076293945,61.2760009765625,61.849998474121094,43.10306167602539,62309
2019-01-17,61.54999923706055,61.79999923706055,61.20000076293945,61.25,42.68492126464844,65228
2019-01-18,61.70000076293945,62.349998474121094,61.54999923706055,62.29999923706055,43.416664123535156,52944
2019-01-22,61.150001525878906,61.70000076293945,61.04999923706055,61.20000076293945,42.65008544921875,125527
2019-01-23,61.349998474121094,61.70000076293945,60.5,61.0,42.510704040527344,52638
2019-01-24,61.0,61.099998474121094,60.20000076293945,60.45000076293945,42.127410888671875,56311
2019-01-25,60.70000076293945,61.25,60.70000076293945,61.150001525878906,42.615234375,38835
2019-01-28,60.25,60.75,59.662498474121094,60.650001525878906,42.26679229736328,108798
2019-01-29,60.70000076293945,61.20000076293945,60.70000076293945,60.849998474121094,42.40616226196289,107634
2019-01-30,61.099998474121094,61.79999923706055,60.75,61.5,42.8591423034668,166964
2019-01-31,61.900001525878906,62.150001525878906,60.224998474121094,60.900001525878906,42.441017150878906,51341
2019-02-01,61.20000076293945,61.5,60.654998779296875,61.5,42.8591423034668,53724
2019-02-04,61.599998474121094,61.900001525878906,61.025001525878906,61.849998474121094,43.10306167602539,56273
2019-02-05,61.79999923706055,62.20000076293945,61.25,61.599998474121094,42.928836822509766,57222
2019-02-06,61.70000076293945,61.83000183105469,60.599998474121094,60.599998474121094,42.23193359375,60272
2019-02-07,60.5,60.5,59.20000076293945,60.099998474121094,41.88349533081055,112959
2019-02-08,60.25,60.25,58.849998474121094,60.0,41.813804626464844,71597
2019-02-11,59.900001525878906,59.98400115966797,59.400001525878906,59.650001525878906,41.569881439208984,71551
2019-02-12,60.5,60.849998474121094,60.04999923706055,60.5,42.162254333496094,61078
2019-02-13,60.900001525878906,61.5,60.900001525878906,61.29999923706055,42.71976852416992,50163
2019-02-14,59.900001525878906,60.93299865722656,59.54999923706055,60.650001525878906,43.30888748168945,40582
2019-02-15,61.04999923706055,61.29999923706055,60.900001525878906,61.04999923706055,43.594520568847656,35195
2019-02-19,60.95000076293945,62.45000076293945,60.95000076293945,62.400001525878906,44.55852127075195,56947
2019-02-20,62.5,62.5,61.599998474121094,61.70000076293945,44.05866622924805,36722
2019-02-21,61.650001525878906,61.650001525878906,60.25,60.650001525878906,43.30888748168945,44837
2019-02-22,60.849998474121094,61.400001525878906,60.849998474121094,61.04999923706055,43.594520568847656,26030
2019-02-25,61.0,61.349998474121094,60.599998474121094,61.29999923706055,43.77303695678711,50341
2019-02-26,61.400001525878906,61.5,60.54999923706055,60.650001525878906,43.30888748168945,66567
2019-02-27,60.75,60.77000045776367,60.070499420166016,60.150001525878906,42.951839447021484,80756
2019-02-28,60.599998474121094,60.599998474121094,59.400001525878906,59.400001525878906,42.416282653808594,117913
2019-03-01,59.75,60.45000076293945,59.25,60.20000076293945,42.987548828125,103952
2019-03-04,60.54999923706055,60.54999923706055,59.5,60.29999923706055,43.0589485168457,57139
2019-03-05,60.5,60.54750061035156,59.70000076293945,60.25,43.02324676513672,26511
2019-03-06,60.25,60.29999923706055,59.45050048828125,59.79999923706055,42.70191955566406,42280
2019-03-07,59.79999923706055,61.0,59.599998474121094,61.0,43.55881881713867,43906
2019-03-08,60.75,60.849998474121094,59.974998474121094,60.79999923706055,43.41599655151367,45056
2019-03-11,61.0,61.849998474121094,61.0,61.349998474121094,43.808738708496094,39462
2019-03-12,61.54999923706055,61.70000076293945,61.04999923706055,61.20000076293945,43.701629638671875,33790
2019-03-13,61.04999923706055,61.54999923706055,61.04999923706055,61.349998474121094,43.808738708496094,34300
2019-03-14,61.29999923706055,61.599998474121094,61.29999923706055,61.54999923706055,43.9515495300293,21943
2019-03-15,61.349998474121094,61.555999755859375,61.25,61.29999923706055,43.77303695678711,21623
2019-03-18,61.29999923706055,62.150001525878906,61.29999923706055,62.099998474121094,44.344295501708984,26704
2019-03-19,62.400001525878906,63.150001525878906,62.400001525878906,62.75,44.808448791503906,37399
2019-03-20,62.54999923706055,63.54999923706055,62.349998474121094,63.29999923706055,45.20119857788086,39525
2019-03-21,63.04999923706055,64.1500015258789,63.04999923706055,63.79999923706055,45.558231353759766,27185
2019-03-22,63.650001525878906,63.650001525878906,62.599998474121094,62.849998474121094,44.879852294921875,35601
2019-03-25,62.849998474121094,62.849998474121094,61.70000076293945,62.150001525878906,44.380008697509766,31953
2019-03-26,62.5,63.349998474121094,62.28200149536133,62.54999923706055,44.66562271118164,39308
2019-03-27,62.70000076293945,62.949501037597656,62.0,62.400001525878906,44.55852127075195,27710
2019-03-28,62.25,63.04999923706055,62.25,62.95000076293945,44.95126724243164,24249
2019-03-29,63.400001525878906,63.45000076293945,62.95500183105469,63.29999923706055,45.20119857788086,16667
2019-04-01,63.70000076293945,63.95000076293945,63.5,63.79999923706055,45.558231353759766,33776
2019-04-02,63.900001525878906,64.34300231933594,63.849998474121094,64.25,45.87956619262695,16254
2019-04-03,64.5999984741211,64.79949951171875,63.849998474121094,64.0,45.701053619384766,18483
2019-04-04,64.0,64.36799621582031,63.5,63.75,45.52252960205078,17421
2019-04-05,63.79999923706055,64.14949798583984,63.73749923706055,63.95000076293945,45.665340423583984,24152
2019-04-08,64.0,64.44999694824219,63.5,63.599998474121094,45.41542053222656,31259
2019-04-09,63.54999923706055,63.599998474121094,63.04999923706055,63.150001525878906,45.094085693359375,17193
2019-04-10,63.400001525878906,63.54999923706055,63.1505012512207,63.20000076293945,45.129783630371094,16322
2019-04-11,63.29999923706055,63.449501037597656,63.04999923706055,63.349998474121094,45.236900329589844,17352
2019-04-12,63.79999923706055,64.1500015258789,63.755001068115234,64.0,45.701053619384766,27538
2019-04-15,64.05000305175781,64.06449890136719,63.599998474121094,63.599998474121094,45.41542053222656,17489
2019-04-16,63.599998474121094,63.599998474121094,62.70000076293945,62.849998474121094,44.879852294921875,38064
2019-04-17,63.099998474121094,63.20000076293945,62.5,62.5,44.62993240356445,23627
2019-04-18,62.5,62.79999923706055,61.599998474121094,62.04999923706055,44.30859375,23091
2019-04-22,62.29999923706055,63.150001525878906,62.29999923706055,63.04999923706055,45.02267837524414,22276
2019-04-23,63.20000076293945,63.540000915527344,62.98849868774414,63.20000076293945,45.129783630371094,34216
2019-04-24,63.25,63.3494987487793,62.845001220703125,63.099998474121094,45.058380126953125,30529
2019-04-25,62.95000076293945,63.0,62.5,62.75,44.808448791503906,26093
2019-04-26,62.25,62.79999923706055,62.25,62.54999923706055,44.66562271118164,34370
2019-04-29,62.54999923706055,62.849998474121094,62.400001525878906,62.75,44.808448791503906,30320
2019-04-30,62.849998474121094,63.199501037597656,62.04999923706055,62.29999923706055,44.48711013793945,19284
2019-05-01,62.150001525878906,62.5,62.0,62.29999923706055,44.48711013793945,19235
2019-05-02,61.900001525878906,61.95000076293945,60.79999923706055,60.849998474121094,43.451698303222656,26272
2019-05-03,61.150001525878906,61.638999938964844,61.150001525878906,61.5,43.91585922241211,27070
2019-05-06,61.150001525878906,61.5,60.9005012512207,61.25,43.737335205078125,27743
2019-05-07,61.0,61.10049819946289,60.599998474121094,61.0,43.55881881713867,34000
2019-05-08,60.95000076293945,61.64500045776367,60.849998474121094,61.150001525878906,43.665931701660156,24603
2019-05-09,60.79999923706055,60.94649887084961,60.099998474121094,60.400001525878906,43.130367279052734,21042
2019-05-10,60.79999923706055,62.349998474121094,60.79999923706055,62.25,44.45140838623047,26822
2019-05-13,61.95000076293945,62.11600112915039,61.349998474121094,61.75,44.09437942504883,24986
2019-05-14,62.29999923706055,63.04999923706055,62.25,62.599998474121094,44.701332092285156,24130
2019-05-15,62.5,63.150001525878906,62.25199890136719,63.04999923706055,45.02267837524414,17614
2019-05-16,63.25,63.70000076293945,63.150001525878906,63.54999923706055,45.37971878051758,23773
2019-05-17,63.650001525878906,63.95000076293945,63.34349822998047,63.54999923706055,45.37971878051758,32694
2019-05-20,63.54999923706055,63.79999923706055,63.2504997253418,63.70000076293945,45.486820220947266,22249
2019-05-21,63.650001525878906,64.4000015258789,63.650001525878906,64.30000305175781,45.9152717590332,21474
2019-05-22,63.95000076293945,64.19950103759766,63.54999923706055,63.70000076293945,45.486820220947266,27238
2019-05-23,61.70000076293945,61.7400016784668,60.252498626708984,60.599998474121094,44.29894256591797,32534
2019-05-24,61.099998474121094,61.54999923706055,60.5,60.70000076293945,44.372039794921875,20763
2019-05-28,60.95000076293945,61.14950180053711,60.25,60.45000076293945,44.189292907714844,30248
2019-05-29,59.849998474121094,60.20000076293945,59.099998474121094,60.099998474121094,43.933433532714844,38684
2019-05-30,59.95000076293945,60.56800079345703,59.66899871826172,60.099998474121094,43.933433532714844,26188
2019-05-31,59.599998474121094,60.570499420166016,59.05400085449219,59.79999923706055,43.714134216308594,55240
2019-06-03,60.150001525878906,60.79999923706055,59.95050048828125,60.45000076293945,44.189292907714844,59543
2019-06-04,60.95000076293945,61.099998474121094,60.150001525878906,60.650001525878906,44.335487365722656,39560
2019-06-05,60.54999923706055,60.54999923706055,59.75,59.79999923706055,43.714134216308594,52892
2019-06-06,59.95000076293945,60.20000076293945,59.599998474121094,59.79999923706055,43.714134216308594,33554
2019-06-07,59.95000076293945,60.20000076293945,59.900001525878906,60.099998474121094,43.933433532714844,25957
2019-06-10,60.25,60.45000076293945,59.75,60.349998474121094,44.116180419921875,24992
2019-06-11,60.400001525878906,60.731998443603516,60.25,60.650001525878906,44.335487365722656,24419
2019-06-12,60.349998474121094,60.54999923706055,59.95000076293945,60.099998474121094,43.933433532714844,17315
2019-06-13,60.29999923706055,60.599998474121094,60.150001525878906,60.25,44.043087005615234,14182
2019-06-14,60.400001525878906,60.400001525878906,59.599998474121094,59.599998474121094,43.56793212890625,23373
2019-06-17,59.45000076293945,59.650001525878906,59.099998474121094,59.150001525878906,43.238983154296875,24465
2019-06-18,59.29999923706055,59.650001525878906,59.25,59.400001525878906,43.42173385620117,31822
2019-06-19,59.20000076293945,59.45000076293945,58.70000076293945,59.04999923706055,43.1658821105957,88667
2019-06-20,59.70000076293945,60.44599914550781,58.849998474121094,59.25,43.31208801269531,379223
2019-06-21,59.29999923706055,59.662498474121094,59.20000076293945,59.45000076293945,43.458282470703125,55533
2019-06-24,59.54999923706055,59.67499923706055,59.04999923706055,59.25,43.31208801269531,47412
2019-06-25,59.25,59.415000915527344,58.400001525878906,58.599998474121094,42.83692932128906,27971
2019-06-26,58.849998474121094,59.54999923706055,58.849998474121094,59.150001525878906,43.238983154296875,45717
2019-06-27,59.45000076293945,59.4995002746582,58.79999923706055,59.04999923706055,43.1658821105957,29259
2019-06-28,59.20000076293945,59.849998474121094,59.20000076293945,59.75,43.67758560180664,26313
2019-07-01,60.45000076293945,60.70000076293945,60.20000076293945,60.20000076293945,44.00653839111328,36203
2019-07-02,60.20000076293945,60.400001525878906,59.79999923706055,60.04999923706055,43.896881103515625,32890
2019-07-03,60.04999923706055,60.849998474121094,60.04999923706055,60.75,44.408592224121094,23169
2019-07-05,60.849998474121094,61.29999923706055,60.73149871826172,61.20000076293945,44.737548828125,18887
2019-07-08,61.150001525878906,61.349998474121094,60.900001525878906,61.099998474121094,44.66443634033203,21514
2019-07-09,61.150001525878906,61.150001525878906,60.79999923706055,61.150001525878906,44.70100021362305,17978
2019-07-10,61.54999923706055,62.150001525878906,61.435001373291016,62.04999923706055,45.35889434814453,26364
2019-07-11,62.400001525878906,62.599998474121094,62.150001525878906,62.29999923706055,45.541648864746094,51537
2019-07-12,62.349998474121094,62.61000061035156,62.349998474121094,62.5,45.6878547668457,16266
2019-07-15,62.650001525878906,62.70000076293945,62.474998474121094,62.650001525878906,45.79750442504883,19228
2019-07-16,62.5,62.650001525878906,62.29999923706055,62.5,45.6878547668457,29810
2019-07-17,62.650001525878906,62.79999923706055,62.04999923706055,62.150001525878906,45.432003021240234,56784
2019-07-18,62.04999923706055,62.099998474121094,61.20000076293945,61.599998474121094,45.02994918823242,27622
2019-07-19,61.75,61.900001525878906,61.52199935913086,61.79999923706055,45.176143646240234,25656
2019-07-22,61.900001525878906,62.349998474121094,61.900001525878906,62.29999923706055,45.541648864746094,15052
2019-07-23,62.400001525878906,62.70000076293945,62.099998474121094,62.349998474121094,45.57819747924805,25206
2019-07-24,62.349998474121094,62.599998474121094,62.0,62.20000076293945,45.46855163574219,36460
2019-07-25,62.5,62.5,61.64950180053711,61.79999923706055,45.176143646240234,29254
2019-07-26,61.599998474121094,61.70000076293945,61.20000076293945,61.349998474121094,44.847190856933594,19310
2019-07-29,61.349998474121094,61.45000076293945,60.54999923706055,60.650001525878906,44.335487365722656,31369
2019-07-30,60.599998474121094,60.75,59.79999923706055,60.45000076293945,44.189292907714844,24214
2019-07-31,60.45000076293945,60.849998474121094,60.150001525878906,60.5,44.22584915161133,59201
2019-08-01,60.650001525878906,60.650001525878906,59.65449905395508,60.0,43.8603401184082,26430
2019-08-02,59.75,59.986000061035156,58.95000076293945,59.400001525878906,43.42173385620117,45652
2019-08-05,58.75,58.75,57.0,57.75,42.215572357177734,52927
2019-08-06,57.79999923706055,58.349998474121094,56.79999923706055,57.54999923706055,42.06937026977539,40376
2019-08-07,56.650001525878906,56.650001525878906,54.05149841308594,56.45000076293945,41.265262603759766,62685
2019-08-08,56.599998474121094,57.04999923706055,56.449501037597656,56.95000076293945,41.630767822265625,59463
2019-08-09,57.349998474121094,57.45000076293945,56.5,56.849998474121094,41.55766677856445,29969
2019-08-12,56.599998474121094,56.599998474121094,55.97249984741211,56.29999923706055,41.155616760253906,54346
2019-08-13,56.150001525878906,57.04999923706055,56.150001525878906,56.75,41.48456954956055,51031
2019-08-14,56.25,56.25,54.87200164794922,55.349998474121094,40.461158752441406,55244
2019-08-15,55.20000076293945,55.650001525878906,54.75,54.900001525878906,40.13221740722656,61468
2019-08-16,55.150001525878906,56.20000076293945,55.150001525878906,56.0,40.936317443847656,57253
2019-08-19,56.650001525878906,57.20000076293945,56.599998474121094,56.79999923706055,41.5211181640625,62052
2019-08-20,56.95000076293945,57.25,56.57500076293945,56.79999923706055,41.5211181640625,41879
2019-08-21,57.04999923706055,57.45000076293945,56.849998474121094,57.0,41.66731643676758,57272
2019-08-22,55.79999923706055,55.849998474121094,54.849998474121094,54.900001525878906,41.198307037353516,43936
2019-08-23,54.5,54.5,53.25149917602539,53.400001525878906,40.072662353515625,51746
2019-08-26,53.70000076293945,54.02199935913086,53.04999923706055,53.20000076293945,39.922576904296875,40381
2019-08-27,53.5,53.5,52.150001525878906,52.45000076293945,39.35976028442383,68611
2019-08-28,52.95000076293945,54.04999923706055,52.95000076293945,53.849998474121094,40.41035461425781,88538
2019-08-29,54.400001525878906,54.900001525878906,54.400001525878906,54.70000076293945,41.0482292175293,80973
2019-08-30,55.29999923706055,55.75,54.849998474121094,54.95000076293945,41.23582077026367,97384
2019-09-03,54.5,55.20000076293945,54.25,54.79999923706055,41.123260498046875,65901
2019-09-04,55.29999923706055,55.4995002746582,55.0,55.150001525878906,41.38591384887695,45147
2019-09-05,55.5,56.150001525878906,55.25,55.349998474121094,41.53599548339844,39928
2019-09-06,55.04999923706055,55.29999923706055,54.400001525878906,55.0,41.27334213256836,41164
2019-09-09,55.349998474121094,56.099998474121094,55.349998474121094,56.04999923706055,42.061283111572266,51478
2019-09-10,56.20000076293945,56.900001525878906,56.20000076293945,56.400001525878906,42.32393264770508,36194
2019-09-11,56.400001525878906,57.0,56.400001525878906,56.79999923706055,42.62410354614258,29927
2019-09-12,56.70000076293945,56.849998474121094,56.20000076293945,56.25,42.21138000488281,34893
2019-09-13,56.29999923706055,57.54999923706055,56.29999923706055,57.20000076293945,42.924285888671875,43996
2019-09-16,58.75,59.20000076293945,58.20000076293945,58.25,43.71221923828125,39710
2019-09-17,58.45000076293945,58.84550094604492,57.650001525878906,58.29999923706055,43.74974822998047,46368
2019-09-18,58.099998474121094,58.45000076293945,57.95000076293945,58.25,43.71221923828125,36779
2019-09-19,58.70000076293945,58.900001525878906,57.95000076293945,58.150001525878906,43.637176513671875,28442
2019-09-20,58.20000076293945,58.900001525878906,57.900001525878906,58.400001525878906,43.824790954589844,41781
2019-09-23,58.400001525878906,58.5,57.95000076293945,58.349998474121094,43.787269592285156,25413
2019-09-24,58.400001525878906,58.400001525878906,57.25,57.45000076293945,43.11189270019531,45456
2019-09-25,57.150001525878906,57.45000076293945,56.54999923706055,57.0,42.77420425415039,29380
2019-09-26,56.75,56.900001525878906,56.29999923706055,56.599998474121094,42.47403335571289,28773
2019-09-27,56.599998474121094,57.0,56.20000076293945,56.45000076293945,42.361454010009766,31468
2019-09-30,56.54999923706055,56.95000076293945,56.349998474121094,56.900001525878906,42.69915008544922,30036
2019-10-01,56.95000076293945,57.150001525878906,56.400001525878906,56.5,42.398983001708984,28175
2019-10-02,56.29999923706055,56.29999923706055,55.25,55.79999923706055,41.873687744140625,33178
2019-10-03,55.70000076293945,56.0,54.650001525878906,56.0,42.023773193359375,53595
2019-10-04,56.20000076293945,56.650001525878906,55.75400161743164,56.04999923706055,42.061283111572266,29936
2019-10-07,55.900001525878906,56.150001525878906,55.29999923706055,55.349998474121094,41.53599548339844,33960
2019-10-08,54.900001525878906,55.150001525878906,54.400001525878906,54.70000076293945,41.0482292175293,29986
2019-10-09,55.04999923706055,55.349998474121094,54.20000076293945,54.20000076293945,40.673004150390625,42986
2019-10-10,54.45000076293945,54.70000076293945,54.04999923706055,54.25,40.710533142089844,22694
2019-10-11,54.95000076293945,55.0,54.349998474121094,54.400001525878906,40.82309341430664,45869
2019-10-14,54.20000076293945,54.349998474121094,53.5,53.75,40.33531951904297,36139
2019-10-15,53.75,54.20000076293945,53.349998474121094,53.599998474121094,40.22274398803711,51615
2019-10-16,53.599998474121094,53.900001525878906,53.349998474121094,53.70000076293945,40.29779052734375,59213
2019-10-17,53.849998474121094,53.849998474121094,53.20000076293945,53.29999923706055,39.997623443603516,44914
2019-10-18,53.29999923706055,54.099998474121094,53.29999923706055,53.95000076293945,40.48539733886719,46116
2019-10-21,54.04999923706055,54.20000076293945,53.525001525878906,53.79999923706055,40.372840881347656,42856
2019-10-22,54.20000076293945,54.54750061035156,53.75,53.849998474121094,40.41035461425781,38225
2019-10-23,53.900001525878906,54.150001525878906,53.54999923706055,53.75,40.33531951904297,82281
2019-10-24,54.04999923706055,54.150001525878906,53.4474983215332,53.599998474121094,40.22274398803711,58891
2019-10-25,53.45000076293945,53.900001525878906,53.29999923706055,53.79999923706055,40.372840881347656,52780
2019-10-28,53.79999923706055,54.04999923706055,53.25,53.29999923706055,39.997623443603516,65878
2019-10-29,53.150001525878906,53.70000076293945,53.0,53.349998474121094,40.03514862060547,46807
2019-10-30,53.29999923706055,53.70000076293945,53.0,53.45000076293945,40.11017990112305,77528
2019-10-31,53.349998474121094,53.54999923706055,52.996498107910156,53.20000076293945,39.922576904296875,117154
2019-11-01,53.349998474121094,53.849998474121094,53.25,53.79999923706055,40.372840881347656,67897
2019-11-04,54.150001525878906,54.849998474121094,54.150001525878906,54.20000076293945,40.673004150390625,120176
2019-11-05,54.5,54.75,53.45000076293945,53.900001525878906,40.44788360595703,98933
2019-11-06,54.0,54.06650161743164,53.20000076293945,53.400001525878906,40.072662353515625,61100
2019-11-07,53.45000076293945,53.82550048828125,52.75,53.25,39.96010971069336,103598
2019-11-08,52.70000076293945,53.25,52.45000076293945,52.95000076293945,39.7349739074707,88453
2019-11-11,52.75,52.75,52.20000076293945,52.20000076293945,39.17214584350586,67513
2019-11-12,52.29999923706055,52.79999923706055,51.79999923706055,51.900001525878906,38.9470329284668,85829
2019-11-13,51.900001525878906,52.25,51.29999923706055,51.70000076293945,38.79694366455078,100544
2019-11-14,51.900001525878906,51.900001525878906,50.95000076293945,51.349998474121094,38.534297943115234,76911
2019-11-15,51.5,52.150001525878906,51.29999923706055,52.0,39.02206802368164,156389
2019-11-18,52.0,52.04999923706055,51.20000076293945,51.400001525878906,38.57182312011719,186839
2019-11-19,51.5,51.617000579833984,50.45000076293945,50.599998474121094,37.97148513793945,111401
2019-11-20,50.599998474121094,51.04999923706055,50.25,50.79999923706055,38.12156295776367,154981
2019-11-21,49.95000076293945,50.25,49.45000076293945,50.20000076293945,37.847129821777344,138359
2019-11-22,50.29999923706055,50.79999923706055,50.04999923706055,50.5,38.07331085205078,109220
2019-11-25,50.29999923706055,51.0,50.25,50.75,38.26179122924805,105095
2019-11-26,50.849998474121094,51.099998474121094,49.75,49.95000076293945,37.65865707397461,115559
2019-11-27,49.900001525878906,50.150001525878906,49.04999923706055,50.150001525878906,37.80943298339844,132453
2019-11-29,50.04999923706055,51.45000076293945,49.849998474121094,50.04999923706055,37.73404312133789,91397
2019-12-02,50.099998474121094,50.20000076293945,49.5,49.54999923706055,37.35708999633789,168791
2019-12-03,49.150001525878906,49.70000076293945,48.849998474121094,49.5,37.31937789916992,153023
2019-12-04,49.95000076293945,50.150001525878906,49.349998474121094,49.900001525878906,37.62095642089844,143146
2019-12-05,49.849998474121094,50.20000076293945,49.75,49.79999923706055,37.54555892944336,134966
2019-12-06,50.04999923706055,50.79999923706055,49.75,50.650001525878906,38.1864013671875,133675
2019-12-09,50.599998474121094,52.0,50.599998474121094,52.0,39.204193115234375,151607
2019-12-10,52.0,53.900001525878906,52.0,53.79999923706055,40.561275482177734,219248
2019-12-11,53.900001525878906,54.54999923706055,53.349998474121094,54.29999923706055,40.938236236572266,192810
2019-12-12,54.25,55.20000076293945,54.0984992980957,54.650001525878906,41.20210266113281,170467
2019-12-13,54.25,54.349998474121094,53.31650161743164,54.20000076293945,40.86284255981445,150659
2019-12-16,54.349998474121094,54.765499114990234,54.25,54.599998474121094,41.16441345214844,138856
2019-12-17,54.79999923706055,55.95000076293945,54.79999923706055,55.150001525878906,41.57907485961914,133519
2019-12-18,55.0,56.650001525878906,55.0,56.54999923706055,42.63457489013672,165652
2019-12-19,56.75,57.92300033569336,56.400001525878906,57.599998474121094,43.42619705200195,201645
2019-12-20,57.70000076293945,59.099998474121094,57.599998474121094,58.95000076293945,44.444000244140625,160865
2019-12-23,58.70000076293945,59.349998474121094,58.400001525878906,59.29999923706055,44.70787048339844,127598
2019-12-24,59.54999923706055,59.54999923706055,59.0,59.150001525878906,44.59477996826172,50657
2019-12-26,59.599998474121094,60.0,59.186500549316406,59.95000076293945,45.19792556762695,96119
2019-12-27,60.0,60.0,57.5,57.650001525878906,43.46388626098633,158213
2019-12-30,57.79999923706055,58.0,55.650001525878906,56.45000076293945,42.559173583984375,159546
2019-12-31,56.25,57.099998474121094,55.57749938964844,56.29999923706055,42.44608688354492,138567
2020-01-02,56.900001525878906,57.400001525878906,56.650001525878906,57.20000076293945,43.12462615966797,52470
2020-01-03,57.54999923706055,57.79999923706055,56.599998474121094,57.5,43.35079574584961,52658
2020-01-06,57.79999923706055,59.29999923706055,57.79999923706055,58.349998474121094,43.99163818359375,66359
2020-01-07,58.54999923706055,58.900001525878906,58.09600067138672,58.75,44.293216705322266,44668
2020-01-08,59.25,59.45000076293945,57.900001525878906,58.099998474121094,43.803157806396484,68323
2020-01-09,58.099998474121094,58.29999923706055,57.54999923706055,58.0,43.72776412963867,43578
2020-01-10,58.150001525878906,58.29999923706055,57.29999923706055,57.54999923706055,43.38850021362305,36766
2020-01-13,57.650001525878906,58.95000076293945,57.63349914550781,58.95000076293945,44.444000244140625,49547
2020-01-14,59.150001525878906,59.400001525878906,58.5,59.349998474121094,44.74556350708008,38577
2020-01-15,59.45000076293945,59.79999923706055,59.25,59.5,44.85865783691406,22336
2020-01-16,59.5,59.78049850463867,59.04999923706055,59.20000076293945,44.632469177246094,46552
2020-01-17,59.349998474121094,59.400001525878906,58.349998474121094,58.45000076293945,44.06703186035156,33338
2020-01-21,58.349998474121094,58.5,57.20000076293945,57.849998474121094,43.61467361450195,34789
2020-01-22,57.70000076293945,57.78150177001953,56.75,56.849998474121094,42.860740661621094,52304
2020-01-23,56.54999923706055,56.75,55.95000076293945,56.20000076293945,42.37069320678711,48713
2020-01-24,56.150001525878906,56.821998596191406,55.09450149536133,55.150001525878906,41.57907485961914,31345
2020-01-27,54.25,54.54999923706055,53.75,53.95000076293945,40.674354553222656,62267
2020-01-28,54.29999923706055,54.75,53.75,53.849998474121094,40.59896469116211,66984
2020-01-29,54.20000076293945,54.54999923706055,53.54999923706055,53.599998474121094,40.41047668457031,46527
2020-01-30,53.150001525878906,53.45000076293945,52.400001525878906,53.29999923706055,40.184303283691406,71927
2020-01-31,52.75,53.25,52.400001525878906,52.900001525878906,39.88273620605469,84644
2020-02-03,52.79999923706055,53.29999923706055,52.429500579833984,52.5,39.58116149902344,39103
2020-02-04,53.29999923706055,54.48249816894531,53.16600036621094,54.150001525878906,40.82514953613281,179577
2020-02-05,54.849998474121094,55.79999923706055,54.775001525878906,55.20000076293945,41.61677551269531,65617
2020-02-06,55.400001525878906,55.400001525878906,54.20000076293945,54.5,41.08902359008789,46018
2020-02-07,54.20000076293945,54.20000076293945,53.349998474121094,54.04999923706055,40.749752044677734,63406
2020-02-10,53.900001525878906,54.0,52.900001525878906,53.849998474121094,40.59896469116211,101018
2020-02-11,54.25,54.25,53.45000076293945,53.75,40.52357864379883,41699
2020-02-12,54.400001525878906,54.95000076293945,53.79999923706055,54.400001525878906,41.01362991333008,49823
2020-02-13,54.5,54.95000076293945,54.20000076293945,54.70000076293945,41.23980712890625,42210
2020-02-14,54.5,55.0,54.349998474121094,54.75,41.277503967285156,51097
2020-02-18,54.650001525878906,55.0,54.29999923706055,55.0,41.465980529785156,41384
2020-02-19,55.599998474121094,55.599998474121094,54.650001525878906,54.849998474121094,41.3528938293457,59367
2020-02-20,53.849998474121094,54.150001525878906,52.79999923706055,53.45000076293945,40.47152328491211,72759
2020-02-21,53.45000076293945,53.45000076293945,52.150001525878906,52.45000076293945,39.71434020996094,36637
2020-02-24,51.0,51.0,49.900001525878906,50.150001525878906,37.972816467285156,85511
2020-02-25,50.150001525878906,50.60599899291992,47.79999923706055,47.849998474121094,36.231285095214844,106330
2020-02-26,47.599998474121094,48.602500915527344,46.04999923706055,46.04999923706055,34.86836624145508,103928
2020-02-27,44.95000076293945,45.125,42.20000076293945,43.900001525878906,33.24041748046875,138951
2020-02-28,42.95000076293945,43.900001525878906,41.79999923706055,43.650001525878906,33.05112075805664,231956
2020-03-02,44.25,46.150001525878906,43.89149856567383,45.45000076293945,34.4140510559082,139021
2020-03-03,45.849998474121094,46.40700149536133,42.70000076293945,43.25,32.748252868652344,184133
2020-03-04,44.04999923706055,44.45000076293945,43.099998474121094,43.45000076293945,32.899688720703125,98431
2020-03-05,42.599998474121094,43.0,41.5,41.75,31.612468719482422,94681
2020-03-06,40.5,40.599998474121094,38.45000076293945,38.95000076293945,29.492347717285156,146314
2020-03-09,31.200000762939453,32.0890007019043,27.5,27.75,21.011878967285156,197914
2020-03-10,29.0,29.0,20.850000381469727,24.75,18.740327835083008,474083
2020-03-11,23.450000762939453,24.25,22.100000381469727,22.5,17.036657333374023,236022
2020-03-12,19.75,19.75,15.699999809265137,16.0,12.114957809448242,295077
2020-03-13,17.105499267578125,17.75,14.649999618530273,16.950000762939453,12.834285736083984,318848
2020-03-16,14.649999618530273,15.149999618530273,12.300000190734863,12.550000190734863,9.502669334411621,400322
2020-03-17,12.449999809265137,12.449999809265137,10.0,10.300000190734863,7.7990031242370605,544680
2020-03-18,9.0,9.0,3.75,4.099999904632568,3.1044578552246094,661941
2020-03-19,4.300000190734863,7.099999904632568,4.150000095367432,5.650000095367432,4.2780938148498535,422921
2020-03-20,6.400000095367432,9.899999618530273,6.300000190734863,8.149999618530273,6.171055793762207,521108
2020-03-23,8.149999618530273,8.5,6.949999809265137,7.949999809265137,6.019619941711426,369085
2020-03-24,8.850000381469727,10.0,8.5,9.25,7.003959655761719,254164
2020-03-25,9.850000381469727,11.0,9.25,10.149999618530273,7.6854248046875,206459
2020-03-26,10.800000190734863,11.75,10.100000381469727,10.5,7.950441837310791,416229
2020-03-27,10.0,10.100000381469727,9.449999809265137,9.699999809265137,7.344691753387451,151598
2020-03-30,8.800000190734863,9.199999809265137,7.85099983215332,8.600000381469727,6.511789321899414,211302
2020-03-31,8.699999809265137,9.5,8.5,9.149999618530273,6.928239345550537,323883
2020-04-01,8.850000381469727,9.699999809265137,8.300000190734863,9.550000190734863,7.231114864349365,415202
2020-04-02,10.100000381469727,11.649999618530273,9.746000289916992,11.0,8.329030990600586,320293
2020-04-03,11.550000190734863,12.0,10.350000381469727,11.0,8.329030990600586,235844
2020-04-06,10.649999618530273,11.449999809265137,10.399999618530273,10.75,8.13973617553711,165829
2020-04-07,11.850000381469727,12.550000190734863,11.25,11.350000381469727,8.594048500061035,140315
2020-04-08,11.800000190734863,12.550000190734863,11.5,12.300000190734863,9.313372611999512,152020
2020-04-09,13.25,14.246500015258789,11.299500465393066,12.550000190734863,9.502669334411621,258193
2020-04-13,13.600000381469727,14.550000190734863,12.100000381469727,12.25,9.2755126953125,158693
2020-04-14,12.449999809265137,13.25,12.355999946594238,13.0,9.843400955200195,373015
2020-04-15,12.350000381469727,12.899999618530273,11.75,12.649999618530273,9.578385353088379,202952
2020-04-16,12.800000190734863,12.91450023651123,12.100000381469727,12.399999618530273,9.389092445373535,104202
2020-04-17,12.550000190734863,13.600000381469727,12.550000190734863,13.600000381469727,10.297713279724121,86660
2020-04-20,12.25,13.899999618530273,12.0,12.850000381469727,9.729825973510742,281775
2020-04-21,12.050000190734863,13.300000190734863,12.0,13.0,9.843400955200195,127297
2020-04-22,13.199999809265137,13.799500465393066,13.050000190734863,13.600000381469727,10.297713279724121,132283
2020-04-23,14.399999618530273,15.050000190734863,14.012499809265137,14.800000190734863,11.206336975097656,95849
2020-04-24,15.0,15.699999809265137,14.649999618530273,15.100000381469727,11.433491706848145,123091
2020-04-27,15.149999618530273,15.949999809265137,14.786499977111816,15.149999618530273,11.47135066986084,117347
2020-04-28,15.25,16.549999237060547,15.064499855041504,15.850000381469727,12.001379013061523,153267
2020-04-29,16.350000381469727,17.399999618530273,16.100000381469727,17.149999618530273,12.98572063446045,167604
2020-04-30,17.5,18.25,16.899999618530273,17.049999237060547,12.910000801086426,141935
2020-05-01,16.850000381469727,16.850000381469727,15.850000381469727,16.350000381469727,12.379972457885742,68401
2020-05-04,15.850000381469727,16.600000381469727,15.399999618530273,16.25,12.304252624511719,93408
2020-05-05,17.149999618530273,17.450000762939453,16.049999237060547,16.200000762939453,12.266395568847656,105930
2020-05-06,16.450000762939453,16.700000762939453,15.5,15.850000381469727,12.001379013061523,84395
2020-05-07,16.299999237060547,16.649999618530273,15.699999809265137,15.949999809265137,12.07709789276123,90380
2020-05-08,16.25,16.5,15.550000190734863,15.949999809265137,12.07709789276123,129890
2020-05-11,16.0,16.274999618530273,15.65999984741211,16.149999618530273,12.228535652160645,86431
2020-05-12,16.450000762939453,17.450000762939453,16.100000381469727,16.25,12.304252624511719,111819
2020-05-13,16.299999237060547,16.450000762939453,15.0,15.300000190734863,11.584927558898926,103490
2020-05-14,15.0,15.725000381469727,14.300000190734863,15.449999809265137,11.698506355285645,64823
2020-05-15,15.550000190734863,16.450000762939453,15.25,16.25,12.304252624511719,75340
2020-05-18,17.100000381469727,17.649999618530273,16.881000518798828,17.5,13.250733375549316,77032
2020-05-19,17.399999618530273,17.899999618530273,17.049999237060547,17.700000762939453,13.40217113494873,152721
2020-05-20,17.700000762939453,18.5,17.399999618530273,18.200000762939453,13.840192794799805,215805
2020-05-21,18.200000762939453,18.5,17.899999618530273,18.049999237060547,13.72612476348877,103329
2020-05-22,18.149999618530273,18.149999618530273,17.399999618530273,18.0,13.688101768493652,79643
2020-05-26,18.5,18.950000762939453,18.100000381469727,18.299999237060547,13.91623306274414,100000
2020-05-27,18.75,19.0,18.049999237060547,18.649999618530273,14.182393074035645,99330
2020-05-28,18.799999237060547,19.125,18.299999237060547,18.299999237060547,13.91623306274414,85514
2020-05-29,18.700000762939453,18.799999237060547,17.899999618530273,18.649999618530273,14.182393074035645,125542
2020-06-01,18.649999618530273,18.649999618530273,17.700000762939453,17.700000762939453,13.459965705871582,126926
2020-06-02,17.850000381469727,18.100000381469727,17.75,17.75,13.497986793518066,45128
2020-06-03,17.850000381469727,18.5,17.850000381469727,18.200000762939453,13.840192794799805,101285
2020-06-04,18.350000381469727,19.299999237060547,18.219999313354492,19.299999237060547,14.676688194274902,36178
2020-06-05,19.950000762939453,20.700000762939453,19.950000762939453,20.299999237060547,15.43713665008545,141879
2020-06-08,21.299999237060547,22.200000762939453,21.049999237060547,21.850000381469727,16.615833282470703,93394
2020-06-09,21.600000381469727,21.749500274658203,20.200000762939453,21.0,15.969452857971191,125938
2020-06-10,21.25,21.450000762939453,19.549999237060547,20.25,15.399114608764648,113767
2020-06-11,18.299999237060547,18.649999618530273,17.299999237060547,17.549999237060547,13.345897674560547,99873
2020-06-12,18.350000381469727,18.547500610351562,17.075000762939453,17.549999237060547,13.345897674560547,104515
2020-06-15,16.950000762939453,18.450000762939453,16.299999237060547,18.200000762939453,13.840192794799805,106202
2020-06-16,19.450000762939453,19.450000762939453,18.350000381469727,18.350000381469727,13.954258918762207,47025
2020-06-17,18.450000762939453,18.700000762939453,17.899999618530273,18.0,13.688101768493652,116897
2020-06-18,18.0,18.700000762939453,17.549999237060547,18.299999237060547,13.91623306274414,88296
2020-06-19,18.600000381469727,18.899499893188477,17.700000762939453,17.700000762939453,13.459965705871582,54383
2020-06-22,17.600000381469727,18.049999237060547,17.5,18.049999237060547,13.72612476348877,38760
2020-06-23,18.299999237060547,18.399999618530273,17.350000381469727,17.399999618530273,13.231830596923828,51322
2020-06-24,17.0,17.200000762939453,16.200000762939453,16.299999237060547,12.39533519744873,59775
2020-06-25,16.149999618530273,16.850000381469727,15.600000381469727,16.25,12.357312202453613,38485
2020-06-26,15.949999809265137,15.972000122070312,15.0,15.399999618530273,11.710930824279785,65004
2020-06-29,15.449999809265137,15.699999809265137,15.050000190734863,15.550000190734863,11.824999809265137,82729
2020-06-30,15.449999809265137,16.049999237060547,15.154999732971191,15.949999809265137,12.129178047180176,52890
2020-07-01,16.149999618530273,16.288000106811523,15.199999809265137,15.350000381469727,11.672908782958984,69659
2020-07-02,15.649999618530273,16.04949951171875,15.399999618530273,15.600000381469727,11.863020896911621,121911
2020-07-06,15.699999809265137,16.25,14.649999618530273,14.800000190734863,11.254660606384277,123577
2020-07-07,14.75,15.267499923706055,14.600000381469727,14.899999618530273,11.330705642700195,82880
2020-07-08,14.899999618530273,15.324999809265137,14.600000381469727,14.899999618530273,11.330705642700195,113516
2020-07-09,14.800000190734863,15.031000137329102,14.0,14.100000381469727,10.722346305847168,41589
2020-07-10,14.149999618530273,14.300000190734863,13.850000381469727,14.149999618530273,10.760369300842285,65789
2020-07-13,14.199999809265137,14.25,13.517000198364258,13.600000381469727,10.342120170593262,54775
2020-07-14,13.5,13.850000381469727,13.42300033569336,13.600000381469727,10.342120170593262,60267
2020-07-15,13.899999618530273,14.5,13.800000190734863,14.399999618530273,10.950480461120605,43019
2020-07-16,14.350000381469727,14.800000190734863,14.149999618530273,14.300000190734863,10.874434471130371,65707
2020-07-17,14.350000381469727,14.899999618530273,14.199999809265137,14.25,10.836414337158203,38847
2020-07-20,14.100000381469727,14.600000381469727,14.100000381469727,14.300000190734863,10.874434471130371,69751
2020-07-21,14.449999809265137,15.149999618530273,14.449999809265137,15.100000381469727,11.482794761657715,45005
2020-07-22,15.050000190734863,15.600000381469727,14.149999618530273,15.449999809265137,11.748953819274902,135274
2020-07-23,15.350000381469727,15.350000381469727,14.649999618530273,14.75,11.21663761138916,74192
2020-07-24,14.699999809265137,14.899999618530273,14.5,14.649999618530273,11.140593528747559,37573
2020-07-27,14.649999618530273,14.850000381469727,14.199999809265137,14.199999809265137,10.798389434814453,53084
2020-07-28,14.329999923706055,14.4399995803833,13.672599792480469,13.890000343322754,10.562649726867676,49884
2020-07-29,13.880000114440918,14.569999694824219,13.880000114440918,14.460000038146973,10.99610710144043,88379
2020-07-30,14.319999694824219,14.369999885559082,14.109999656677246,14.239999771118164,10.828808784484863,56928
2020-07-31,14.039999961853027,14.149999618530273,13.734299659729004,14.0,10.646300315856934,93796
2020-08-03,13.970000267028809,14.4399995803833,13.869999885559082,14.289999961853027,10.866830825805664,101124
2020-08-04,14.15999984741211,14.779999732971191,14.130000114440918,14.699999809265137,11.17861557006836,83926
2020-08-05,14.949999809265137,15.380000114440918,14.899999618530273,15.380000114440918,11.695721626281738,214087
2020-08-06,15.380000114440918,15.680000305175781,15.295000076293945,15.59000015258789,11.855416297912598,132638
2020-08-07,15.550000190734863,15.899999618530273,15.449999809265137,15.84000015258789,12.04552936553955,117420
2020-08-10,15.829999923706055,16.719999313354492,15.829999923706055,16.719999313354492,12.71472454071045,125429
2020-08-11,16.90999984741211,17.040000915527344,16.549999237060547,16.549999237060547,12.585448265075684,56686
2020-08-12,16.700000762939453,17.139999389648438,16.69499969482422,17.139999389648438,13.034114837646484,46851
2020-08-13,17.200000762939453,17.239999771118164,16.84000015258789,17.030000686645508,12.95046329498291,93000
2020-08-14,16.889999389648438,17.312999725341797,16.889999389648438,17.139999389648438,13.034114837646484,34731
2020-08-17,17.059999465942383,17.294099807739258,16.8799991607666,16.950000762939453,12.889630317687988,92510
2020-08-18,17.100000381469727,17.100000381469727,16.8700008392334,17.0,12.927651405334473,77161
2020-08-19,16.899999618530273,17.358999252319336,16.83449935913086,17.040000915527344,12.958069801330566,152441
2020-08-20,16.829999923706055,16.95199966430664,16.600099563598633,16.6200008392334,12.638680458068848,223996
2020-08-21,16.209999084472656,16.209999084472656,15.5,15.65999984741211,11.963353157043457,231157
2020-08-24,15.859999656677246,15.9399995803833,15.649999618530273,15.649999618530273,11.955714225769043,68454
2020-08-25,15.59000015258789,15.670000076293945,15.317000389099121,15.380000114440918,11.74945068359375,56840
2020-08-26,15.390000343322754,15.649999618530273,14.869999885559082,14.890000343322754,11.375117301940918,68861
2020-08-27,14.979999542236328,15.100000381469727,14.779999732971191,15.100000381469727,11.53554630279541,97098
2020-08-28,15.210000038146973,15.210000038146973,14.490300178527832,15.0600004196167,11.504987716674805,100546
2020-08-31,15.229999542236328,15.229999542236328,14.600000381469727,14.699999809265137,11.229966163635254,124721
2020-09-01,14.640000343322754,14.6899995803833,14.319999694824219,14.529999732971191,11.100098609924316,96653
2020-09-02,14.460000038146973,14.649999618530273,14.270000457763672,14.399999618530273,11.000785827636719,148621
2020-09-03,14.470000267028809,14.550000190734863,13.725000381469727,14.0,10.695208549499512,150632
2020-09-04,14.020000457763672,14.020000457763672,13.324199676513672,13.779999732971191,10.527139663696289,70764
2020-09-08,13.5,13.63010025024414,12.845000267028809,13.109999656677246,10.015297889709473,152706
2020-09-09,13.1899995803833,13.460000038146973,13.119999885559082,13.350000381469727,10.198646545410156,53034
2020-09-10,13.479999542236328,13.479999542236328,12.739999771118164,12.8100004196167,9.786115646362305,63435
2020-09-11,12.779999732971191,13.239999771118164,12.59000015258789,12.600000381469727,9.625686645507812,60443
2020-09-14,12.739999771118164,12.850000381469727,12.619999885559082,12.850000381469727,9.816675186157227,30938
2020-09-15,12.920000076293945,13.15999984741211,12.65999984741211,12.65999984741211,9.671525001525879,66278
2020-09-16,12.710000038146973,13.00100040435791,12.699999809265137,12.819999694824219,9.793755531311035,43429
2020-09-17,12.739999771118164,12.869999885559082,12.529999732971191,12.710000038146973,9.709721565246582,62741
2020-09-18,12.619999885559082,12.919899940490723,12.369999885559082,12.5,9.549293518066406,47892
2020-09-21,12.449999809265137,12.449999809265137,11.920000076293945,12.25,9.358307838439941,43402
2020-09-22,12.15999984741211,12.35990047454834,11.868000030517578,11.989999771118164,9.159682273864746,68490
2020-09-23,12.039999961853027,12.15999984741211,11.210000038146973,11.25,8.594364166259766,43733
2020-09-24,11.229999542236328,11.229999542236328,10.619999885559082,11.0600004196167,8.449213027954102,109391
2020-09-25,10.880000114440918,11.167699813842773,10.733200073242188,10.9399995803833,8.35754108428955,33688
2020-09-28,11.09000015258789,11.399999618530273,11.010000228881836,11.180000305175781,8.540886878967285,63585
2020-09-29,11.220000267028809,11.439800262451172,11.100000381469727,11.359399795532227,8.677937507629395,65628
2020-09-30,11.4399995803833,11.569899559020996,10.940099716186523,11.050000190734863,8.44157600402832,76657
2020-10-01,11.020000457763672,11.095999717712402,10.699999809265137,10.789999961853027,8.242949485778809,80740
2020-10-02,10.649999618530273,10.989999771118164,10.609999656677246,10.979999542236328,8.388099670410156,106370
2020-10-05,11.170000076293945,11.795000076293945,11.170000076293945,11.779999732971191,8.999252319335938,266165
2020-10-06,11.880000114440918,12.194999694824219,11.717300415039062,11.800000190734863,9.014531135559082,131085
2020-10-07,12.0,12.152199745178223,11.699999809265137,11.979999542236328,9.152042388916016,88079
2020-10-08,12.15999984741211,12.890000343322754,12.09000015258789,12.819999694824219,9.793755531311035,151862
2020-10-09,12.960000038146973,13.160400390625,12.75,13.039999961853027,9.961822509765625,124692
2020-10-12,13.15999984741211,13.15999984741211,12.71679973602295,12.8100004196167,9.786115646362305,98471
2020-10-13,12.75,12.989999771118164,12.56309986114502,12.979999542236328,9.915985107421875,97232
2020-10-14,13.109999656677246,13.489999771118164,13.109999656677246,13.3100004196167,10.168086051940918,109363
2020-10-15,13.15999984741211,13.390000343322754,12.920100212097168,13.390000343322754,10.229202270507812,113590
2020-10-16,13.34000015258789,13.389699935913086,13.170000076293945,13.199999809265137,10.084053993225098,75510
2020-10-19,13.199999809265137,13.390000343322754,12.850000381469727,12.890000343322754,9.847229957580566,165654
2020-10-20,13.079999923706055,13.149800300598145,12.899999618530273,12.989999771118164,9.923626899719238,161926
2020-10-21,13.069999694824219,13.15999984741211,12.769000053405762,12.850000381469727,9.816675186157227,97372
2020-10-22,12.869999885559082,13.479999542236328,12.850000381469727,13.479999542236328,10.297956466674805,109614
2020-10-23,13.539999961853027,13.600000381469727,13.199999809265137,13.489999771118164,10.305596351623535,144807
2020-10-26,13.329999923706055,13.329999923706055,12.880000114440918,13.020000457763672,9.946544647216797,81496
2020-10-27,13.020000457763672,13.083000183105469,12.75,12.880000114440918,9.839590072631836,94840
2020-10-28,12.699999809265137,12.699999809265137,12.0600004196167,12.260000228881836,9.365947723388672,90673
2020-10-29,12.170000076293945,12.420000076293945,11.890000343322754,12.420000076293945,9.488179206848145,96959
2020-10-30,12.390000343322754,12.390000343322754,12.029999732971191,12.270000457763672,9.37358570098877,58698
2020-11-02,12.369999885559082,12.406200408935547,12.110799789428711,12.239999771118164,9.350667953491211,93108
2020-11-03,12.399999618530273,12.640000343322754,12.213000297546387,12.390000343322754,9.465259552001953,75796
2020-11-04,12.579999923706055,12.729999542236328,12.199999809265137,12.399999618530273,9.472899436950684,73037
2020-11-05,12.600000381469727,12.927000045776367,12.5600004196167,12.84000015258789,9.809033393859863,64108
2020-11-06,12.84000015258789,12.890000343322754,12.079999923706055,12.079999923706055,9.228437423706055,61679
2020-11-09,12.899999618530273,13.760000228881836,12.750100135803223,13.630000114440918,10.412549018859863,204247
2020-11-10,13.8100004196167,14.149999618530273,13.630999565124512,14.100000381469727,10.771601676940918,96279
2020-11-11,14.3100004196167,14.579999923706055,14.136799812316895,14.3100004196167,10.93203067779541,165010
2020-11-12,14.010000228881836,14.430000305175781,14.010000228881836,14.229999542236328,10.870915412902832,88840
2020-11-13,14.1899995803833,15.069999694824219,14.162599563598633,14.979999542236328,11.44387149810791,168323
2020-11-16,15.550000190734863,16.219999313354492,15.335000038146973,15.859999656677246,12.116142272949219,252773
2020-11-17,15.770000457763672,16.420000076293945,15.510000228881836,16.3799991607666,12.513392448425293,130252
2020-11-18,16.43000030517578,17.18000030517578,16.3799991607666,16.6200008392334,12.696739196777344,374872
2020-11-19,16.030000686645508,16.899999618530273,15.710000038146973,16.8799991607666,13.274757385253906,377019
2020-11-20,16.81999969482422,17.0,16.280000686645508,16.280000686645508,12.802907943725586,183891
2020-11-23,16.469999313354492,16.969999313354492,16.469999313354492,16.8799991607666,13.274757385253906,238718
2020-11-24,17.360000610351562,17.889999389648438,17.145200729370117,17.309999465942383,13.61291790008545,185374
2020-11-25,17.34000015258789,17.65999984741211,17.030000686645508,17.389999389648438,13.675830841064453,106776
2020-11-27,17.469999313354492,17.51300048828125,16.92009925842285,17.18000030517578,13.5106840133667,54669
2020-11-30,17.079999923706055,17.25,16.170000076293945,16.309999465942383,12.826498031616211,222226
2020-12-01,16.579999923706055,16.996000289916992,16.308700561523438,16.3799991607666,12.881546974182129,64573
2020-12-02,16.3700008392334,17.06999969482422,16.270000457763672,16.770000457763672,13.188251495361328,150003
2020-12-03,16.90999984741211,17.697999954223633,16.684999465942383,17.520000457763672,13.778067588806152,107361
2020-12-04,17.790000915527344,18.899999618530273,17.790000915527344,18.670000076293945,14.68244743347168,160913
2020-12-07,18.600000381469727,18.649900436401367,18.110000610351562,18.170000076293945,14.289237976074219,109857
2020-12-08,18.110000610351562,18.920000076293945,18.110000610351562,18.420000076293945,14.485844612121582,133650
2020-12-09,18.709999084472656,19.125499725341797,17.989999771118164,18.260000228881836,14.360015869140625,149186
2020-12-10,18.15999984741211,19.1200008392334,18.04789924621582,19.020000457763672,14.957693099975586,118137
2020-12-11,19.030000686645508,19.110000610351562,18.669700622558594,19.049999237060547,14.98128890991211,99082
2020-12-14,19.209999084472656,19.456100463867188,18.43000030517578,18.549999237060547,14.588075637817383,134313
2020-12-15,18.719999313354492,19.030000686645508,18.43000030517578,18.969999313354492,14.918374061584473,150983
2020-12-16,19.020000457763672,19.020000457763672,18.43090057373047,18.690000534057617,14.698179244995117,122929
2020-12-17,18.799999237060547,18.921100616455078,18.559999465942383,18.700000762939453,14.706042289733887,146890
2020-12-18,18.690000534057617,18.700000762939453,18.25,18.399999618530273,14.470113754272461,102608
2020-12-21,17.90999984741211,18.010000228881836,17.3799991607666,17.6299991607666,13.864571571350098,207467
2020-12-22,17.489999771118164,17.729999542236328,17.18000030517578,17.56999969482422,13.817386627197266,211954
2020-12-23,17.6299991607666,17.8700008392334,17.520000457763672,17.600000381469727,13.840977668762207,138645
2020-12-24,17.739999771118164,17.739999771118164,17.239999771118164,17.3700008392334,13.660102844238281,81658
2020-12-28,17.440000534057617,17.479999542236328,16.84000015258789,16.989999771118164,13.361261367797852,249093
2020-12-29,17.0,17.075000762939453,16.61079978942871,16.75,13.172525405883789,154114
2020-12-30,16.860000610351562,17.13990020751953,16.579999923706055,16.600000381469727,13.054560661315918,266097
2020-12-31,16.610000610351562,16.93000030517578,16.469999313354492,16.780000686645508,13.196117401123047,542417
2021-01-04,17.020000457763672,17.264999389648438,16.540000915527344,16.6200008392334,13.070287704467773,168568
2021-01-05,16.65999984741211,18.100000381469727,16.65999984741211,17.6299991607666,13.864571571350098,172073
2021-01-06,17.93000030517578,18.700000762939453,17.56999969482422,18.540000915527344,14.58021354675293,113723
2021-01-07,18.739999771118164,19.239999771118164,18.579999923706055,19.030000686645508,14.965560913085938,129638
2021-01-08,19.280000686645508,19.358699798583984,18.490999221801758,18.670000076293945,14.68244743347168,74194
2021-01-11,18.389999389648438,19.179399490356445,18.23740005493164,19.059999465942383,14.989154815673828,52965
2021-01-12,19.290000915527344,20.329999923706055,19.290000915527344,20.190000534057617,15.877805709838867,78448
2021-01-13,20.3700008392334,20.516000747680664,20.190000534057617,20.43000030517578,16.066547393798828,74242
2021-01-14,20.520000457763672,21.049999237060547,20.520000457763672,20.770000457763672,16.333927154541016,77895
2021-01-15,20.6299991607666,20.770000457763672,20.100000381469727,20.649999618530273,16.23955726623535,157260
2021-01-19,20.760000228881836,20.829999923706055,20.360000610351562,20.360000610351562,16.011497497558594,83842
2021-01-20,20.5,20.66860008239746,19.950000762939453,20.31999969482422,15.98004150390625,108359
2021-01-21,20.3700008392334,20.459999084472656,19.299999237060547,19.3799991607666,15.240805625915527,85392
2021-01-22,18.809999465942383,19.139999389648438,18.6299991607666,18.950000762939453,14.902647972106934,93981
2021-01-25,18.770000457763672,18.940000534057617,18.3799991607666,18.93000030517578,14.886916160583496,68043
2021-01-26,19.030000686645508,19.469999313354492,18.93000030517578,18.959999084472656,14.91050910949707,64550
2021-01-27,18.729999542236328,19.06999969482422,18.25,18.25,14.352151870727539,111897
2021-01-28,18.420000076293945,18.779800415039062,18.420000076293945,18.690000534057617,14.698179244995117,43453
2021-01-29,18.530000686645508,18.933900833129883,18.170000076293945,18.239999771118164,14.344287872314453,75844
2021-02-01,18.459999084472656,18.690000534057617,18.209999084472656,18.420000076293945,14.485844612121582,40046
2021-02-02,18.780000686645508,19.31999969482422,18.780000686645508,18.780000686645508,14.768953323364258,98577
2021-02-03,18.959999084472656,19.360000610351562,18.940000534057617,19.299999237060547,15.177892684936523,54308
2021-02-04,19.479999542236328,19.670000076293945,19.350000381469727,19.549999237060547,15.374494552612305,58104
2021-02-05,19.770000457763672,20.040000915527344,19.610000610351562,20.040000915527344,15.759840965270996,90533
2021-02-08,20.219999313354492,20.719999313354492,20.1200008392334,20.65999984741211,16.24742317199707,121929
2021-02-09,20.68000030517578,20.68000030517578,20.25,20.559999465942383,16.168779373168945,93216
2021-02-10,20.700000762939453,20.700000762939453,20.299999237060547,20.639999389648438,16.231693267822266,101657
2021-02-11,20.600000381469727,20.889999389648438,20.360000610351562,20.549999237060547,16.160919189453125,81245
2021-02-12,20.360000610351562,21.200000762939453,20.360000610351562,21.190000534057617,16.664226531982422,132579
2021-02-16,21.739999771118164,22.100000381469727,21.549999237060547,21.950000762939453,17.26190185546875,163378
2021-02-17,22.079999923706055,22.079999923706055,21.420000076293945,21.969999313354492,17.277631759643555,110172
2021-02-18,21.530000686645508,21.530000686645508,20.66189956665039,20.690000534057617,16.630573272705078,82376
2021-02-19,20.760000228881836,20.866199493408203,20.530000686645508,20.719999313354492,16.654685974121094,95611
2021-02-22,20.790000915527344,21.498600006103516,20.709999084472656,21.459999084472656,17.24949836730957,126034
2021-02-23,21.520000457763672,21.638900756835938,20.81999969482422,21.600000381469727,17.362031936645508,118088
2021-02-24,21.719999313354492,22.73900032043457,21.6200008392334,22.489999771118164,18.077407836914062,105025
2021-02-25,22.690000534057617,22.81999969482422,21.90999984741211,22.110000610351562,17.771968841552734,97370
2021-02-26,22.0,22.094499588012695,20.93000030517578,21.280000686645508,17.104820251464844,173493
2021-03-01,21.670000076293945,22.469999313354492,21.670000076293945,22.290000915527344,17.916650772094727,68430
2021-03-02,22.420000076293945,22.545000076293945,22.25,22.489999771118164,18.077407836914062,59167
2021-03-03,22.56999969482422,23.100000381469727,22.56999969482422,22.719999313354492,18.262283325195312,132214
2021-03-04,22.84000015258789,23.621000289916992,22.739999771118164,23.020000457763672,18.5034236907959,97740
2021-03-05,23.639999389648438,23.90999984741211,22.280000686645508,23.1200008392334,18.583799362182617,81700
2021-03-08,23.3700008392334,23.428199768066406,22.847900390625,22.950000762939453,18.447154998779297,56675
2021-03-09,23.18000030517578,23.184999465942383,22.489999771118164,22.780000686645508,18.310510635375977,107339
2021-03-10,22.850000381469727,23.959999084472656,22.850000381469727,23.940000534057617,19.242918014526367,28669
2021-03-11,24.100000381469727,24.45989990234375,23.959999084472656,24.290000915527344,19.524250030517578,96260
2021-03-12,24.40999984741211,24.56999969482422,24.180099487304688,24.510000228881836,19.701082229614258,36749
2021-03-15,24.700000762939453,24.770000457763672,24.2106990814209,24.3799991607666,19.59658432006836,76623
2021-03-16,24.209999084472656,24.309999465942383,23.920000076293945,24.229999542236328,19.47602081298828,57139
2021-03-17,24.059999465942383,24.559999465942383,23.790000915527344,24.420000076293945,19.628742218017578,92205
2021-03-18,24.360000610351562,24.360000610351562,22.9606990814209,23.049999237060547,18.527538299560547,80386
2021-03-19,22.84000015258789,23.589799880981445,22.51799964904785,23.350000381469727,18.768674850463867,46685
2021-03-22,23.360000610351562,23.43000030517578,23.200000762939453,23.290000915527344,18.72044563293457,44037
2021-03-23,22.8799991607666,23.1299991607666,22.1299991607666,22.1299991607666,17.788040161132812,54224
2021-03-24,22.190000534057617,22.889999389648438,22.190000534057617,22.399999618530273,18.00506591796875,44622
2021-03-25,22.09000015258789,22.530000686645508,21.559999465942383,22.510000228881836,18.093488693237305,73439
2021-03-26,22.889999389648438,23.329999923706055,22.881900787353516,23.190000534057617,18.64006805419922,45235
2021-03-29,23.219999313354492,23.3700008392334,23.040000915527344,23.34000015258789,18.760639190673828,78150
2021-03-30,23.219999313354492,23.239200592041016,23.040000915527344,23.170000076293945,18.623992919921875,32236
2021-03-31,23.149999618530273,23.549999237060547,23.149999618530273,23.350000381469727,18.768674850463867,42940
2021-04-01,23.510000228881836,24.0,23.510000228881836,23.959999084472656,19.258991241455078,39812
2021-04-05,24.0,24.247499465942383,23.55739974975586,23.700000762939453,19.050004959106445,59463
2021-04-06,23.700000762939453,24.18000030517578,23.700000762939453,24.0,19.291141510009766,81057
2021-04-07,24.190000534057617,24.30150032043457,23.952600479125977,24.100000381469727,19.371522903442383,119507
2021-04-08,24.059999465942383,24.229999542236328,23.8700008392334,24.200000762939453,19.451904296875,54038
2021-04-09,24.219999313354492,24.45989990234375,24.1299991607666,24.1299991607666,19.395639419555664,63604
2021-04-12,24.1299991607666,24.1299991607666,23.770000457763672,23.809999465942383,19.13842010498047,26066
2021-04-13,23.690000534057617,23.860000610351562,23.6200008392334,23.739999771118164,19.0821590423584,64999
2021-04-14,23.8700008392334,24.121599197387695,23.75,23.920000076293945,19.226842880249023,96539
2021-04-15,24.09000015258789,24.290000915527344,23.741600036621094,24.229999542236328,19.47602081298828,98392
2021-04-16,24.31999969482422,24.31999969482422,23.93000030517578,23.969999313354492,19.26702880859375,61461
2021-04-19,23.940000534057617,24.219999313354492,23.8700008392334,24.149999618530273,19.41171646118164,78169
2021-04-20,24.1299991607666,24.1299991607666,23.510000228881836,23.809999465942383,19.13842010498047,95899
2021-04-21,23.600000381469727,24.399999618530273,23.600000381469727,24.389999389648438,19.60462760925293,62354
2021-04-22,24.520000457763672,24.6200008392334,24.190000534057617,24.190000534057617,19.44386863708496,45037
2021-04-23,24.25,24.770000457763672,24.25,24.770000457763672,19.91006851196289,35433
2021-04-26,24.790000915527344,24.95009994506836,24.770000457763672,24.90999984741211,20.022600173950195,35621
2021-04-27,24.989999771118164,25.079999923706055,24.540000915527344,24.920000076293945,20.030637741088867,72939
2021-04-28,25.110000610351562,25.649999618530273,25.05620002746582,25.459999084472656,20.46468734741211,49621
2021-04-29,25.84000015258789,26.1299991607666,25.600000381469727,26.06999969482422,20.955005645751953,86844
2021-04-30,26.100000381469727,26.389999389648438,25.6299991607666,25.68000030517578,20.641525268554688,75281
2021-05-03,25.899999618530273,26.030000686645508,25.739999771118164,25.940000534057617,20.850513458251953,38652
2021-05-04,26.030000686645508,26.469600677490234,25.709999084472656,25.809999465942383,20.746017456054688,74263
2021-05-05,26.15999984741211,26.809999465942383,26.500099182128906,26.530000686645508,21.32475471496582,65505
2021-05-06,26.600000381469727,26.770000457763672,26.239999771118164,26.729999542236328,21.485511779785156,55844
2021-05-07,26.75,27.25,26.75,27.190000534057617,21.855262756347656,62078
2021-05-10,27.3799991607666,28.020000457763672,27.3799991607666,27.709999084472656,22.273237228393555,76759
2021-05-11,27.5,27.59239959716797,26.950000762939453,27.25,21.903486251831055,131439
2021-05-12,27.3799991607666,28.059999465942383,26.84000015258789,26.93000030517578,21.64627456665039,80066
2021-05-13,26.8799991607666,27.610000610351562,26.8799991607666,27.600000381469727,22.184818267822266,89985
2021-05-14,27.75,28.280000686645508,27.75,28.059999465942383,22.5545597076416,159066
2021-05-17,28.100000381469727,28.81999969482422,27.95800018310547,28.690000534057617,23.06095314025879,95214
2021-05-18,28.889999389648438,28.969100952148438,28.639999389648438,28.799999237060547,23.14937400817871,68079
2021-05-19,28.329999923706055,28.639999389648438,27.989999771118164,28.5,22.908235549926758,48115
2021-05-20,28.010000228881836,28.959999084472656,27.464000701904297,28.440000534057617,23.25161361694336,97362
2021-05-21,28.729999542236328,28.729999542236328,28.139999389648438,28.219999313354492,23.071746826171875,44519
2021-05-24,28.360000610351562,28.360000610351562,28.030000686645508,28.15999984741211,23.02269172668457,70282
2021-05-25,28.200000762939453,28.290000915527344,27.559999465942383,27.56999969482422,22.540328979492188,36385
2021-05-26,27.40999984741211,27.950000762939453,27.389999389648438,27.940000534057617,22.84282875061035,48252
2021-05-27,28.100000381469727,28.18000030517578,27.84320068359375,28.020000457763672,22.908235549926758,38414
2021-05-28,28.3700008392334,28.440000534057617,27.78219985961914,27.850000381469727,22.769248962402344,46083
2021-06-01,28.200000762939453,28.850000381469727,28.195999145507812,28.75,23.50505828857422,108327
2021-06-02,28.889999389648438,29.309999465942383,28.760000228881836,29.040000915527344,23.742155075073242,92927
2021-06-03,29.010000228881836,29.280000686645508,28.899999618530273,29.149999618530273,23.83208465576172,60061
2021-06-04,29.469999313354492,29.93000030517578,29.18000030517578,29.889999389648438,24.437088012695312,58376
2021-06-07,30.010000228881836,30.719999313354492,30.010000228881836,30.649999618530273,25.05843734741211,62340
2021-06-08,30.799999237060547,31.389999389648438,30.600900650024414,31.049999237060547,25.38546371459961,67228
2021-06-09,31.15999984741211,31.250699996948242,30.93000030517578,31.020000457763672,25.360939025878906,46661
2021-06-10,31.219999313354492,31.67799949645996,31.1299991607666,31.56999969482422,25.810596466064453,146544
2021-06-11,31.690000534057617,32.09939956665039,31.56999969482422,31.829999923706055,26.02316665649414,43598
2021-06-14,32.09000015258789,32.56999969482422,31.799999237060547,32.0099983215332,26.170324325561523,72596
2021-06-15,32.119998931884766,32.349998474121094,31.530000686645508,31.8843994140625,26.06764030456543,50446
2021-06-16,31.850000381469727,32.18960189819336,31.670000076293945,32.02000045776367,26.178504943847656,32161
2021-06-17,31.860000610351562,32.099998474121094,29.75,30.110000610351562,24.6169490814209,94419
2021-06-18,29.5,29.8799991607666,28.770000457763672,28.770000457763672,23.52140998840332,85747
2021-06-21,28.799999237060547,29.920000076293945,28.799999237060547,29.65999984741211,24.249046325683594,79444
2021-06-22,29.739999771118164,29.739999771118164,29.010000228881836,29.200000762939453,23.87296485900879,63730
2021-06-23,29.5,29.709999084472656,29.219999313354492,29.229999542236328,23.897491455078125,38263
2021-06-24,29.239999771118164,29.399999618530273,29.032499313354492,29.350000381469727,23.99559783935547,28522
2021-06-25,29.280000686645508,29.479999542236328,29.07939910888672,29.31999969482422,23.9710693359375,24124
2021-06-28,29.31999969482422,29.31999969482422,28.170799255371094,28.3700008392334,23.19438362121582,36456
2021-06-29,28.459999084472656,28.75,28.420000076293945,28.549999237060547,23.3415470123291,39355
2021-06-30,28.549999237060547,29.359899520874023,28.549999237060547,29.239999771118164,23.905668258666992,46772
2021-07-01,29.739999771118164,29.84000015258789,29.3700008392334,29.690000534057617,24.273571014404297,37770
2021-07-02,29.81999969482422,30.030000686645508,29.494800567626953,30.0,24.52701759338379,40820
2021-07-06,30.1299991607666,30.1299991607666,29.1299991607666,29.6299991607666,24.224515914916992,90784
2021-07-07,29.549999237060547,29.729999542236328,28.769800186157227,28.8700008392334,23.603168487548828,58291
2021-07-08,28.3700008392334,28.71500015258789,27.372400283813477,28.31999969482422,23.153505325317383,106216
2021-07-09,28.690000534057617,29.389999389648438,28.531999588012695,29.31999969482422,23.9710693359375,40630
2021-07-12,29.190000534057617,29.280000686645508,29.131500244140625,29.200000762939453,23.87296485900879,16905
2021-07-13,29.100000381469727,29.110000610351562,28.459999084472656,28.5,23.300668716430664,34434
2021-07-14,28.530000686645508,28.790000915527344,27.6299991607666,27.690000534057617,22.63844108581543,75562
2021-07-15,27.459999084472656,27.573200225830078,26.959999084472656,27.079999923706055,22.139724731445312,62550
2021-07-16,27.219999313354492,27.260000228881836,26.489999771118164,26.559999465942383,21.71458625793457,52811
2021-07-19,25.8700008392334,26.0,24.5,25.020000457763672,20.455533981323242,146959
2021-07-20,25.040000915527344,26.25,25.020000457763672,26.229999542236328,21.44478988647461,82782
2021-07-21,26.65999984741211,27.401100158691406,26.540000915527344,26.6200008392334,21.763641357421875,55575
2021-07-22,26.700000762939453,26.989999771118164,26.200000762939453,26.729999542236328,21.853574752807617,68002
2021-07-23,26.950000762939453,26.950000762939453,26.280000686645508,26.5,21.665531158447266,40858
2021-07-26,26.479999542236328,27.299999237060547,26.479999542236328,27.280000686645508,22.303237915039062,53161
2021-07-27,27.219999313354492,27.219999313354492,26.540000915527344,26.56999969482422,21.722763061523438,75607
2021-07-28,26.649999618530273,27.280000686645508,26.450000762939453,27.030000686645508,22.09884262084961,65648
2021-07-29,27.360000610351562,27.59000015258789,27.139999389648438,27.270000457763672,22.295061111450195,49102
2021-07-30,27.190000534057617,27.3799991607666,26.600000381469727,26.809999465942383,21.918981552124023,41912
2021-08-02,26.799999237060547,27.219999313354492,26.38089942932129,26.420000076293945,21.600130081176758,19845
2021-08-03,26.239999771118164,26.5,25.81999969482422,26.489999771118164,21.657360076904297,43793
2021-08-04,26.229999542236328,26.3799991607666,25.764999389648438,25.84000015258789,21.125938415527344,41019
2021-08-05,25.84000015258789,26.600000381469727,25.84000015258789,25.940000534057617,21.20769500732422,46074
2021-08-06,26.260000228881836,26.270000457763672,26.05030059814453,26.100000381469727,21.3385066986084,22499
2021-08-09,25.75,25.899999618530273,25.510000228881836,25.790000915527344,21.08506202697754,44124
2021-08-10,25.90999984741211,26.6200008392334,25.799999237060547,26.610000610351562,21.755470275878906,35093
2021-08-11,26.709999084472656,27.059999465942383,26.450000762939453,26.959999084472656,22.041614532470703,58131
2021-08-12,27.030000686645508,27.299999237060547,26.690000534057617,27.260000228881836,22.286884307861328,19745
2021-08-13,27.290000915527344,27.399999618530273,26.940000534057617,26.979999542236328,22.057964324951172,39967
2021-08-16,26.6299991607666,26.899999618530273,26.3799991607666,26.770000457763672,21.88627815246582,55986
2021-08-17,26.530000686645508,27.0,26.260000228881836,26.440000534057617,21.616477966308594,39962
2021-08-18,26.360000610351562,26.549999237060547,25.809999465942383,25.81999969482422,21.109586715698242,27886
2021-08-19,25.329999923706055,25.52440071105957,24.823200225830078,25.110000610351562,20.52911376953125,52336
2021-08-20,24.959999084472656,25.520000457763672,24.809999465942383,25.31999969482422,20.7008056640625,56028
2021-08-23,25.469999313354492,25.729999542236328,25.43000030517578,25.43000030517578,20.85399055480957,42981
2021-08-24,25.700000762939453,26.010000228881836,25.649999618530273,25.93000030517578,21.264019012451172,77699
2021-08-25,25.979999542236328,26.59000015258789,25.799999237060547,26.350000381469727,21.60843849182129,60333
2021-08-26,26.270000457763672,26.389999389648438,25.700000762939453,25.700000762939453,21.075403213500977,30208
2021-08-27,25.8799991607666,26.716999053955078,25.854999542236328,26.600000381469727,21.813451766967773,47664
2021-08-30,26.81999969482422,26.81999969482422,26.219999313354492,26.280000686645508,21.551034927368164,52186
2021-08-31,26.34000015258789,26.42889976501465,26.14229965209961,26.209999084472656,21.493633270263672,34346
2021-09-01,26.190000534057617,26.559999465942383,26.040000915527344,26.5,21.731447219848633,40013
2021-09-02,26.68000030517578,27.299999237060547,26.68000030517578,27.18000030517578,22.289085388183594,32076
2021-09-03,27.309999465942383,27.364999771118164,27.010000228881836,27.1299991607666,22.24808120727539,23868
2021-09-07,27.110000610351562,27.329999923706055,26.760000228881836,26.760000228881836,21.944660186767578,33094
2021-09-08,26.780000686645508,27.1299991607666,26.549999237060547,26.610000610351562,21.821659088134766,33036
2021-09-09,26.510000228881836,26.85810089111328,26.336000442504883,26.489999771118164,21.723251342773438,43949
2021-09-10,26.790000915527344,27.020000457763672,26.40999984741211,26.40999984741211,21.657644271850586,17246
2021-09-13,26.739999771118164,27.15999984741211,26.57029914855957,26.799999237060547,21.977466583251953,41002
2021-09-14,27.049999237060547,27.108600616455078,26.43000030517578,26.440000534057617,21.682241439819336,28402
2021-09-15,26.59000015258789,27.09000015258789,26.59000015258789,26.940000534057617,22.092273712158203,52682
2021-09-16,26.950000762939453,27.056299209594727,26.621200561523438,26.969999313354492,22.116872787475586,52822
2021-09-17,26.8799991607666,27.06999969482422,26.392000198364258,26.530000686645508,21.756052017211914,21832
2021-09-20,25.760000228881836,25.940000534057617,25.0,25.31999969482422,20.763784408569336,53493
2021-09-21,25.579999923706055,25.780000686645508,25.09000015258789,25.43000030517578,20.85399055480957,42880
2021-09-22,25.8799991607666,26.420000076293945,25.462499618530273,26.139999389648438,21.436227798461914,44045
2021-09-23,26.309999465942383,27.075000762939453,26.309999465942383,26.950000762939453,22.100473403930664,30912
2021-09-24,26.8799991607666,27.121999740600586,26.649999618530273,26.899999618530273,22.05946922302246,29222
2021-09-27,27.1299991607666,27.989999771118164,27.1299991607666,27.84000015258789,22.830320358276367,31896
2021-09-28,28.049999237060547,28.290000915527344,27.3031005859375,27.420000076293945,22.48590087890625,30408
2021-09-29,27.489999771118164,27.665000915527344,27.25,27.489999771118164,22.543298721313477,51233
2021-09-30,27.600000381469727,27.809999465942383,27.149999618530273,27.149999618530273,22.264484405517578,89848
2021-10-01,27.290000915527344,27.82990074157715,27.139999389648438,27.649999618530273,22.674509048461914,32580
2021-10-04,27.90999984741211,28.70989990234375,27.90999984741211,28.440000534057617,23.322355270385742,45539
2021-10-05,28.68000030517578,29.1299991607666,28.210100173950195,28.59000015258789,23.44536018371582,55237
2021-10-06,28.479999542236328,28.479999542236328,27.549999237060547,28.079999923706055,23.027132034301758,49819
2021-10-07,28.1200008392334,28.670000076293945,28.04599952697754,28.670000076293945,23.510963439941406,49178
2021-10-08,28.850000381469727,29.149999618530273,28.799999237060547,29.09000015258789,23.855392456054688,54854
2021-10-11,29.43000030517578,29.770000457763672,29.260299682617188,29.420000076293945,24.126007080078125,59648
2021-10-12,29.56999969482422,29.895000457763672,29.5,29.739999771118164,24.388427734375,75536
2021-10-13,29.709999084472656,30.209999084472656,29.459999084472656,30.209999084472656,24.773849487304688,42499
2021-10-14,30.530000686645508,30.934999465942383,30.300100326538086,30.90999984741211,25.347888946533203,52547
2021-10-15,31.190000534057617,31.64940071105957,31.049999237060547,31.43000030517578,25.774316787719727,72119
2021-10-18,31.68000030517578,31.8799991607666,31.200000762939453,31.600000381469727,25.913724899291992,90025
2021-10-19,31.639999389648438,31.790000915527344,31.51609992980957,31.790000915527344,26.06954002380371,36863
2021-10-20,31.770000457763672,32.130001068115234,31.549999237060547,32.11000061035156,26.331954956054688,67458
2021-10-21,32.060001373291016,32.189998626708984,31.079999923706055,31.260000228881836,25.63490867614746,61239
2021-10-22,31.299999237060547,31.350000381469727,30.760000228881836,31.110000610351562,25.511899948120117,37448
2021-10-25,31.139999389648438,31.56999969482422,30.979999542236328,31.25,25.6267032623291,53924
2021-10-26,31.350000381469727,31.559999465942383,30.84000015258789,30.850000381469727,25.298683166503906,33419
2021-10-27,30.639999389648438,30.989999771118164,30.3799991607666,30.389999389648438,24.921457290649414,33093
2021-10-28,30.479999542236328,30.647899627685547,30.250699996948242,30.3799991607666,24.91326141357422,20288
2021-10-29,30.3799991607666,30.399999618530273,29.549999237060547,29.780000686645508,24.421228408813477,29528
2021-11-01,29.950000762939453,30.600000381469727,29.950000762939453,30.440000534057617,24.96246337890625,50941
2021-11-02,30.450000762939453,30.479999542236328,30.020000457763672,30.280000686645508,24.831253051757812,40252
2021-11-03,30.1299991607666,30.540000915527344,30.010099411010742,30.139999389648438,24.716449737548828,31735
2021-11-04,30.360000610351562,30.399999618530273,29.486000061035156,29.719999313354492,24.372024536132812,40390
2021-11-05,30.059999465942383,30.200000762939453,29.729999542236328,29.90999984741211,24.52783203125,33984
2021-11-08,30.239999771118164,30.489999771118164,30.22010040283203,30.440000534057617,24.96246337890625,61628
2021-11-09,30.5,30.579999923706055,30.229999542236328,30.510000228881836,25.019865036010742,28643
2021-11-10,30.489999771118164,30.639999389648438,29.75,29.93000030517578,24.544235229492188,34841
2021-11-11,30.010000228881836,30.3799991607666,30.010000228881836,30.290000915527344,24.839454650878906,20059
2021-11-12,30.260000228881836,30.34000015258789,29.959999084472656,30.149999618530273,24.724645614624023,12965
2021-11-15,30.149999618530273,30.389999389648438,30.0,30.25,24.806652069091797,33208
2021-11-16,30.200000762939453,30.385000228881836,30.065000534057617,30.280000686645508,24.831253051757812,45231
2021-11-17,30.079999923706055,30.40999984741211,29.65999984741211,29.729999542236328,24.380226135253906,39614
2021-11-18,29.81999969482422,29.850000381469727,29.420000076293945,29.549999237060547,24.232616424560547,51534
2021-11-19,28.709999084472656,28.770000457763672,27.93000030517578,27.979999542236328,23.243240356445312,63697
2021-11-22,28.09000015258789,28.489999771118164,27.920000076293945,28.219999313354492,23.442609786987305,64376
2021-11-23,28.360000610351562,28.709299087524414,28.229999542236328,28.6299991607666,23.7831974029541,69397
2021-11-24,28.59000015258789,29.1299991607666,28.475000381469727,29.030000686645508,24.11548614501953,52004
2021-11-26,28.030000686645508,28.332599639892578,27.440000534057617,28.149999618530273,23.38446044921875,40059
2021-11-29,28.760000228881836,28.760000228881836,27.56999969482422,27.670000076293945,22.985721588134766,48648
2021-11-30,27.31999969482422,27.360000610351562,26.210399627685547,26.690000534057617,22.1716251373291,65551
2021-12-01,27.25,27.56999969482422,25.979999542236328,26.040000915527344,21.63166618347168,72645
2021-12-02,25.989999771118164,26.780000686645508,25.530000686645508,26.5,22.013790130615234,58065
2021-12-03,26.860000610351562,27.079999923706055,26.100000381469727,26.25,21.806116104125977,57482
2021-12-06,26.59000015258789,26.780000686645508,26.161300659179688,26.5,22.013790130615234,50366
2021-12-07,26.829999923706055,27.510000228881836,26.829999923706055,27.139999389648438,22.54544448852539,56926
2021-12-08,27.350000381469727,27.5,26.989999771118164,27.139999389648438,22.54544448852539,44089
2021-12-09,26.8700008392334,26.8700008392334,26.5049991607666,26.610000610351562,22.105173110961914,31074
2021-12-10,26.690000534057617,26.690000534057617,26.09000015258789,26.3799991607666,21.91410255432129,47587
2021-12-13,26.190000534057617,26.190000534057617,25.59000015258789,25.770000457763672,21.407377243041992,81191
2021-12-14,25.540000915527344,25.999799728393555,25.31999969482422,25.530000686645508,21.208003997802734,48293
2021-12-15,25.479999542236328,25.809999465942383,24.8700008392334,25.649999618530273,21.307689666748047,185462
2021-12-16,25.860000610351562,26.354900360107422,25.76180076599121,25.920000076293945,21.531982421875,117720
2021-12-17,25.75,26.040000915527344,25.186800003051758,25.760000228881836,21.39906883239746,78302
2021-12-20,25.31999969482422,25.440000534057617,24.649999618530273,25.06999969482422,20.82587432861328,142280
2021-12-21,25.239999771118164,25.969999313354492,25.239999771118164,25.8799991607666,21.498748779296875,83364
2021-12-22,25.889999389648438,26.100000381469727,25.461999893188477,25.809999465942383,21.440601348876953,80851
2021-12-23,25.809999465942383,26.198299407958984,25.809999465942383,25.989999771118164,21.59012794494629,73125
2021-12-27,26.059999465942383,26.75,25.920000076293945,26.639999389648438,22.13008689880371,71276
2021-12-28,26.780000686645508,27.18000030517578,26.700000762939453,26.760000228881836,22.229774475097656,60005
2021-12-29,26.649999618530273,26.729999542236328,26.3799991607666,26.5,22.013790130615234,142049
2021-12-30,26.5,27.239999771118164,26.424999237060547,26.459999084472656,21.980562210083008,89306
2021-12-31,26.5,27.049999237060547,26.3302001953125,26.90999984741211,22.354381561279297,102107
2022-01-03,27.170000076293945,27.932199478149414,27.170000076293945,27.770000457763672,23.06879234313965,68193
2022-01-04,28.0,28.760000228881836,28.0,28.510000228881836,23.683513641357422,40873
2022-01-05,28.709999084472656,29.087299346923828,28.1200008392334,28.1299991607666,23.367847442626953,52093
2022-01-06,28.450000762939453,28.959999084472656,28.141199111938477,28.81999969482422,23.941038131713867,50260
2022-01-07,28.979999542236328,29.299999237060547,28.801000595092773,29.15999984741211,24.22347640991211,58731
2022-01-10,29.31999969482422,29.31999969482422,28.43000030517578,29.079999923706055,24.15702247619629,51490
2022-01-11,29.459999084472656,29.940000534057617,29.1200008392334,29.799999237060547,24.755128860473633,58530
2022-01-12,30.0,30.559999465942383,29.959999084472656,30.239999771118164,25.120641708374023,62557
2022-01-13,30.34000015258789,30.539899826049805,29.899999618530273,29.93000030517578,24.863122940063477,88262
2022-01-14,29.860000610351562,30.3799991607666,29.860000610351562,30.3700008392334,25.2286376953125,51523
2022-01-18,30.43000030517578,30.780000686645508,30.072099685668945,30.43000030517578,25.278478622436523,144522
2022-01-19,30.719999313354492,30.719999313354492,29.84000015258789,30.139999389648438,25.037574768066406,78674
2022-01-20,29.8700008392334,30.540000915527344,29.625,29.639999389648438,24.622215270996094,121672
2022-01-21,29.34000015258789,29.450000762939453,28.309999465942383,28.760000228881836,23.891193389892578,158933
2022-01-24,28.049999237060547,28.774999618530273,26.916400909423828,28.760000228881836,23.891193389892578,104571
2022-01-25,28.34000015258789,29.838300704956055,28.0,29.600000381469727,24.5889892578125,86732
2022-01-26,29.899999618530273,30.700899124145508,29.31999969482422,29.459999084472656,24.472686767578125,80130
2022-01-27,29.84000015258789,30.559999465942383,29.19860076904297,29.670000076293945,24.647136688232422,33782
2022-01-28,29.65999984741211,29.93000030517578,29.079999923706055,29.8799991607666,24.82158660888672,55960
2022-01-31,29.760000228881836,30.679899215698242,29.600000381469727,30.489999771118164,25.32832145690918,39290
2022-02-01,30.5,31.59000015258789,30.329999923706055,31.43000030517578,26.10918617248535,45272
2022-02-02,31.3700008392334,31.950000762939453,31.209999084472656,31.889999389648438,26.49131202697754,32314
2022-02-03,31.719999313354492,31.829999923706055,31.25,31.610000610351562,26.258716583251953,41525
2022-02-04,31.899999618530273,32.20000076293945,31.350000381469727,31.899999618530273,26.49962043762207,67925
2022-02-07,31.959999084472656,32.18000030517578,31.58009910583496,31.889999389648438,26.49131202697754,53037
2022-02-08,31.889999389648438,31.950000762939453,31.280000686645508,31.530000686645508,26.1922607421875,54417
2022-02-09,31.739999771118164,32.20000076293945,31.610000610351562,31.8799991607666,26.48300552368164,28146
2022-02-10,31.649999618530273,32.279998779296875,31.09000015258789,31.229999542236328,25.94304656982422,72744
2022-02-11,31.540000915527344,32.5,31.540000915527344,32.40999984741211,26.923280715942383,59914
2022-02-14,32.439998626708984,32.439998626708984,31.68000030517578,31.700000762939453,26.333478927612305,62662
2022-02-15,31.43000030517578,31.799999237060547,30.93000030517578,31.579999923706055,26.233793258666992,59717
2022-02-16,31.850000381469727,32.130001068115234,31.389999389648438,31.450000762939453,26.12580108642578,43097
2022-02-17,30.989999771118164,30.989999771118164,30.459999084472656,30.639999389648438,25.85576629638672,33725
2022-02-18,30.469999313354492,30.959999084472656,30.030000686645508,30.170000076293945,25.459156036376953,39429
2022-02-22,30.6299991607666,30.6299991607666,28.719999313354492,29.18000030517578,24.623735427856445,35665
2022-02-23,29.34000015258789,29.850000381469727,29.18000030517578,29.5,24.893770217895508,66007
2022-02-24,30.020000457763672,30.020000457763672,28.530000686645508,29.260000228881836,24.69124412536621,73813
2022-02-25,29.479999542236328,30.100000381469727,29.479999542236328,29.959999084472656,25.28194236755371,86303
2022-02-28,30.139999389648438,31.190000534057617,30.0,31.190000534057617,26.31989097595215,47463
2022-03-01,31.3700008392334,31.6200008392334,30.6299991607666,31.479999542236328,26.564605712890625,77099
2022-03-02,31.90999984741211,32.43000030517578,31.770000457763672,32.18000030517578,27.15530776977539,81001
2022-03-03,32.18000030517578,32.40999984741211,31.6299991607666,32.27000045776367,27.23125457763672,58886
2022-03-04,32.279998779296875,32.36000061035156,31.549999237060547,32.349998474121094,27.29875946044922,137377
2022-03-07,32.45000076293945,33.20000076293945,31.350000381469727,31.780000686645508,26.817764282226562,135643
2022-03-08,32.27000045776367,33.334999084472656,31.700000762939453,31.860000610351562,26.885271072387695,76448
2022-03-09,31.299999237060547,31.860000610351562,30.8799991607666,31.479999542236328,26.564605712890625,97254
2022-03-10,31.260000228881836,32.560298919677734,31.260000228881836,32.41999816894531,27.357831954956055,89147
2022-03-11,32.310001373291016,32.400001525878906,31.32080078125,31.399999618530273,26.497100830078125,97622
2022-03-14,31.010000228881836,31.010000228881836,29.850000381469727,30.149999618530273,25.442276000976562,67938
2022-03-15,29.3700008392334,29.989999771118164,28.93000030517578,29.6299991607666,25.003469467163086,52855
2022-03-16,29.829999923706055,30.351499557495117,29.649999618530273,30.149999618530273,25.442276000976562,82180
2022-03-17,30.649999618530273,31.290000915527344,30.56999969482422,31.030000686645508,26.184873580932617,22117
2022-03-18,31.1299991607666,31.306900024414062,30.760000228881836,31.049999237060547,26.201744079589844,36459
2022-03-21,31.389999389648438,32.34000015258789,31.389999389648438,32.209999084472656,27.180620193481445,41099
2022-03-22,32.34000015258789,32.35240173339844,31.68000030517578,32.119998931884766,27.10467529296875,38190
2022-03-23,32.34000015258789,32.77000045776367,32.290000915527344,32.369998931884766,27.315637588500977,57467
2022-03-24,32.63999938964844,32.97999954223633,32.52000045776367,32.86000061035156,27.7291259765625,38435
2022-03-25,32.7400016784668,33.63130187988281,32.7400016784668,33.61000061035156,28.362022399902344,44261
2022-03-28,33.2400016784668,33.290000915527344,32.52000045776367,33.220001220703125,28.032920837402344,61809
2022-03-29,32.77000045776367,33.61000061035156,32.59000015258789,33.61000061035156,28.362022399902344,49537
2022-03-30,33.79999923706055,34.20000076293945,33.68000030517578,34.0099983215332,28.699562072753906,64251
2022-03-31,33.849998474121094,34.38990020751953,33.720001220703125,33.720001220703125,28.45484733581543,38551
2022-04-01,33.75,34.540000915527344,33.75,34.310001373291016,28.952722549438477,36661
2022-04-04,34.61000061035156,34.709999084472656,33.9468994140625,34.56999969482422,29.17212677001953,65166
2022-04-05,34.709999084472656,34.970001220703125,33.9900016784668,34.11000061035156,28.783950805664062,31406
2022-04-06,34.2599983215332,34.2599983215332,33.630001068115234,33.91999816894531,28.623615264892578,33866
2022-04-07,33.91999816894531,34.189998626708984,33.060001373291016,34.150001525878906,28.817705154418945,55487
2022-04-08,34.150001525878906,34.560001373291016,33.939998626708984,34.5099983215332,29.121490478515625,21566
2022-04-11,34.29999923706055,34.369998931884766,33.90999984741211,34.099998474121094,28.775508880615234,52997
2022-04-12,34.43000030517578,35.099998474121094,34.43000030517578,35.06999969482422,29.594051361083984,35037
2022-04-13,35.209999084472656,35.63999938964844,34.93000030517578,35.58000183105469,30.024417877197266,42033
2022-04-14,35.59000015258789,36.209999084472656,35.59000015258789,35.9900016784668,30.370397567749023,93321
2022-04-18,36.220001220703125,36.88999938964844,36.0099983215332,36.56999969482422,30.85983657836914,94653
2022-04-19,36.52000045776367,37.150001525878906,36.22999954223633,37.0099983215332,31.231128692626953,76424
2022-04-20,37.15999984741211,37.7400016784668,37.02000045776367,37.63999938964844,31.76276206970215,83599
2022-04-21,37.91999816894531,37.9900016784668,36.20320129394531,36.31999969482422,30.64887237548828,69090
2022-04-22,35.91999816894531,36.18000030517578,34.65999984741211,34.68000030517578,29.264949798583984,67876
2022-04-25,33.70000076293945,33.880001068115234,31.85569953918457,33.470001220703125,28.243879318237305,82803
2022-04-26,33.349998474121094,34.2599983215332,33.2958984375,33.349998474121094,28.142614364624023,46851
2022-04-27,33.54999923706055,34.09000015258789,33.167999267578125,33.61000061035156,28.362022399902344,53571
2022-04-28,33.90999984741211,34.95000076293945,33.34000015258789,34.7599983215332,29.33245277404785,37027
2022-04-29,34.7599983215332,35.099998474121094,33.29999923706055,33.47999954223633,28.252317428588867,38015
2022-05-02,33.150001525878906,33.583900451660156,32.314998626708984,33.290000915527344,28.09198570251465,41260
2022-05-03,33.16999816894531,34.38999938964844,33.1609001159668,34.15999984741211,28.82613754272461,48206
2022-05-04,34.79999923706055,35.84000015258789,34.32500076293945,35.83000183105469,30.23538589477539,23032
2022-05-05,36.060001373291016,36.060001373291016,33.94499969482422,34.810001373291016,29.374650955200195,61439
2022-05-06,34.689998626708984,35.290000915527344,33.81999969482422,35.2400016784668,29.73750877380371,50627
2022-05-09,34.7599983215332,34.7599983215332,32.209999084472656,32.369998931884766,27.315637588500977,110260
2022-05-10,32.650001525878906,33.45000076293945,31.200000762939453,31.920000076293945,26.93590545654297,52086
2022-05-11,32.400001525878906,33.54999923706055,31.1200008392334,31.1200008392334,26.260818481445312,99425
2022-05-12,30.940000534057617,31.40999984741211,30.0,30.18000030517578,25.46759033203125,163556
2022-05-13,31.09000015258789,32.25,31.09000015258789,32.029998779296875,27.02872657775879,107938
2022-05-16,31.989999771118164,33.279998779296875,31.989999771118164,32.7400016784668,27.62786865234375,115140
2022-05-17,33.529998779296875,33.829898834228516,33.02000045776367,33.72999954223633,28.46328353881836,80549
2022-05-18,34.290000915527344,34.290000915527344,32.6593017578125,33.119998931884766,27.94853401184082,43814
2022-05-19,32.54999923706055,34.029998779296875,32.04010009765625,33.709999084472656,28.4464054107666,101507
2022-05-20,33.209999084472656,33.746700286865234,32.480098724365234,33.13999938964844,28.09040641784668,50927
2022-05-23,33.36000061035156,33.900001525878906,33.24039840698242,33.470001220703125,28.370121002197266,49927
2022-05-24,33.290000915527344,33.54999923706055,32.630001068115234,33.439998626708984,28.344688415527344,45873
2022-05-25,33.77000045776367,34.630001068115234,33.7599983215332,34.56999969482422,29.302513122558594,29417
2022-05-26,34.90999984741211,35.540000915527344,34.90999984741211,35.099998474121094,29.75175666809082,53447
2022-05-27,35.220001220703125,36.08000183105469,35.220001220703125,35.91999816894531,30.446805953979492,38103
2022-05-31,36.5,36.5,35.72999954223633,35.790000915527344,30.33661651611328,78188
2022-06-01,36.25,37.31999969482422,35.810001373291016,37.16999816894531,31.506349563598633,51602
2022-06-02,37.29999923706055,37.310001373291016,36.470001220703125,37.0099983215332,31.370723724365234,54102
2022-06-03,36.83000183105469,37.13999938964844,36.6349983215332,36.939998626708984,31.311389923095703,76863
2022-06-06,37.34000015258789,37.369998931884766,36.81999969482422,37.16999816894531,31.506349563598633,29255
2022-06-07,37.18000030517578,37.86589813232422,37.15999984741211,37.86000061035156,32.09120559692383,45366
2022-06-08,37.77000045776367,37.77479934692383,36.84000015258789,37.34000015258789,31.65044403076172,28492
2022-06-09,36.93000030517578,37.290000915527344,36.65999984741211,36.68000030517578,31.091005325317383,20872
2022-06-10,36.310001373291016,36.380001068115234,35.310001373291016,35.529998779296875,30.116235733032227,62719
2022-06-13,34.40999984741211,34.40999984741211,32.540000915527344,32.65999984741211,27.683542251586914,65641
2022-06-14,33.25,33.88999938964844,31.639999389648438,31.8799991607666,27.022390365600586,76913
2022-06-15,32.20000076293945,32.540000915527344,30.860000610351562,31.290000915527344,26.52229118347168,51079
2022-06-16,30.989999771118164,30.989999771118164,29.280000686645508,29.889999389648438,25.33561134338379,156600
2022-06-17,29.459999084472656,29.75,27.360000610351562,28.209999084472656,23.91159439086914,121209
2022-06-21,28.6299991607666,30.34000015258789,28.6299991607666,29.719999313354492,25.19151496887207,101292
2022-06-22,28.8700008392334,28.8700008392334,27.961000442504883,28.079999923706055,23.801403045654297,118483
2022-06-23,28.260000228881836,28.489999771118164,26.670000076293945,27.34000015258789,23.174156188964844,96711
2022-06-24,27.829999923706055,28.56999969482422,27.639999389648438,28.229999542236328,23.928546905517578,163633
2022-06-27,28.43000030517578,29.209999084472656,28.43000030517578,28.899999618530273,24.496458053588867,84340
2022-06-28,29.559999465942383,30.34000015258789,29.334999084472656,29.8700008392334,25.318655014038086,79629
2022-06-29,30.290000915527344,30.290000915527344,28.915000915527344,29.09000015258789,24.657506942749023,46666
2022-06-30,28.479999542236328,29.040000915527344,28.125,28.729999542236328,24.35236167907715,34106
2022-07-01,28.770000457763672,29.3700008392334,28.06999969482422,29.280000686645508,24.818557739257812,94123
2022-07-05,28.420000076293945,28.420000076293945,27.26409912109375,28.299999237060547,23.98788070678711,84108
2022-07-06,27.950000762939453,28.5,26.397199630737305,27.420000076293945,23.24197006225586,81601
2022-07-07,27.760000228881836,28.989999771118164,27.760000228881836,28.75,24.369312286376953,78428
2022-07-08,29.18000030517578,29.209999084472656,28.510000228881836,28.90999984741211,24.504934310913086,54954
2022-07-11,28.65999984741211,28.93829917907715,28.139999389648438,28.829999923706055,24.43712615966797,68034
2022-07-12,28.25,28.56999969482422,27.870100021362305,28.309999465942383,23.996356964111328,121446
2022-07-13,27.84000015258789,28.850000381469727,27.84000015258789,28.65999984741211,24.29302978515625,31127
2022-07-14,27.600000381469727,28.469999313354492,27.100000381469727,28.399999618530273,24.07264518737793,48202
2022-07-15,28.950000762939453,29.049999237060547,28.450000762939453,29.040000915527344,24.615127563476562,56641
2022-07-18,29.56999969482422,30.149999618530273,29.56999969482422,29.6200008392334,25.10675048828125,61078
2022-07-19,29.889999389648438,30.600000381469727,29.889999389648438,30.459999084472656,25.818758010864258,83801
2022-07-20,30.40999984741211,31.049999237060547,29.979999542236328,30.739999771118164,26.05609130859375,50799
2022-07-21,30.219999313354492,30.59000015258789,29.760000228881836,30.579999923706055,25.920475006103516,43881
2022-07-22,30.469999313354492,30.899999618530273,29.8700008392334,30.239999771118164,25.632280349731445,25429
2022-07-25,30.239999771118164,31.739999771118164,30.239999771118164,31.670000076293945,26.844390869140625,66164
2022-07-26,32.189998626708984,32.540000915527344,31.799999237060547,32.06999969482422,27.183443069458008,47574
2022-07-27,32.209999084472656,32.979000091552734,32.04999923706055,32.720001220703125,27.73440170288086,48793
2022-07-28,33.11000061035156,33.58000183105469,32.380001068115234,33.40999984741211,28.319259643554688,48591
2022-07-29,33.63999938964844,34.19990158081055,33.38999938964844,33.40999984741211,28.319259643554688,64315
2022-08-01,32.880001068115234,33.595001220703125,32.56999969482422,33.349998474121094,28.268400192260742,40911
2022-08-02,33.349998474121094,33.36000061035156,32.853599548339844,33.22999954223633,28.16669273376465,40283
2022-08-03,33.439998626708984,33.47100067138672,32.80500030517578,33.150001525878906,28.098880767822266,20420
2022-08-04,33.13999938964844,33.13999938964844,31.559999465942383,31.81999969482422,26.971532821655273,39115
2022-08-05,31.34000015258789,32.41999816894531,31.34000015258789,32.13999938964844,27.242774963378906,71374
2022-08-08,32.31999969482422,32.80500030517578,31.829999923706055,32.47999954223633,27.53096580505371,19312
2022-08-09,32.900001525878906,33.13999938964844,32.77149963378906,32.93000030517578,27.912399291992188,28632
2022-08-10,33.290000915527344,33.92829895019531,33.02000045776367,33.630001068115234,28.505741119384766,35692
2022-08-11,34.189998626708984,34.81999969482422,34.17060089111328,34.630001068115234,29.353368759155273,21506
2022-08-12,34.7400016784668,35.119998931884766,33.309600830078125,34.9900016784668,29.658519744873047,40422
2022-08-15,34.04999923706055,34.694000244140625,33.9900016784668,34.630001068115234,29.353368759155273,20103
2022-08-16,34.540000915527344,35.560001373291016,34.540000915527344,35.560001373291016,30.141666412353516,45261
2022-08-17,35.31999969482422,35.619998931884766,34.66619873046875,34.7400016784668,29.446613311767578,28928
2022-08-18,35.04999923706055,35.880001068115234,35.04999923706055,35.709999084472656,30.26880645751953,38176
2022-08-19,35.52000045776367,35.77000045776367,35.209999084472656,35.25,29.87889862060547,52124
2022-08-22,34.9900016784668,35.44499969482422,34.714500427246094,35.18000030517578,29.819564819335938,77045
2022-08-23,35.06999969482422,35.9900016784668,35.06999969482422,35.599998474121094,30.708023071289062,43930
2022-08-24,35.900001525878906,36.12820053100586,35.61000061035156,35.84000015258789,30.915048599243164,88369
2022-08-25,36.15999984741211,36.27000045776367,35.88999938964844,36.16999816894531,31.19969940185547,72166
2022-08-26,36.22999954223633,36.22999954223633,35.470001220703125,35.54999923706055,30.664897918701172,58006
2022-08-29,35.36000061035156,36.247100830078125,35.349998474121094,35.880001068115234,30.949552536010742,30925
2022-08-30,35.540000915527344,35.540000915527344,34.439998626708984,34.83000183105469,30.043832778930664,51759
2022-08-31,34.63999938964844,34.75529861450195,33.78969955444336,33.86000061035156,29.207130432128906,86765
2022-09-01,33.45000076293945,33.66999816894531,32.90999984741211,33.5099983215332,28.905223846435547,51587
2022-09-02,34.09000015258789,34.70989990234375,33.79199981689453,34.09000015258789,29.405521392822266,40391
2022-09-06,34.380001068115234,34.786399841308594,33.400001525878906,33.45000076293945,28.853469848632812,24991
2022-09-07,32.88999938964844,33.609901428222656,32.63999938964844,33.5099983215332,28.905223846435547,24148
2022-09-08,33.7400016784668,33.75,33.20000076293945,33.68000030517578,29.05186653137207,14617
2022-09-09,34.27000045776367,34.77920150756836,34.27000045776367,34.619998931884766,29.86269187927246,11715
2022-09-12,35.0,35.59000015258789,34.83000183105469,35.220001220703125,30.380245208740234,39120
2022-09-13,34.88999938964844,35.279998779296875,33.77000045776367,33.93000030517578,29.267513275146484,47103
2022-09-14,34.11000061035156,34.9900016784668,33.86000061035156,34.7599983215332,29.983449935913086,70568
2022-09-15,34.40999984741211,34.79999923706055,34.154998779296875,34.220001220703125,29.517662048339844,49283
2022-09-16,34.09000015258789,34.09000015258789,32.47050094604492,32.79999923706055,28.292787551879883,81284
2022-09-19,32.04999923706055,33.369998931884766,32.04999923706055,33.22999954223633,28.663705825805664,24523
2022-09-20,33.2599983215332,33.2599983215332,32.720001220703125,33.099998474121094,28.551563262939453,37864
2022-09-21,33.459999084472656,33.65999984741211,32.560001373291016,32.65999984741211,28.172029495239258,30789
2022-09-22,32.77000045776367,32.90999984741211,31.5,31.579999923706055,27.240432739257812,32869
2022-09-23,30.59000015258789,30.59000015258789,28.389999389648438,28.81999969482422,24.85970115661621,119200
2022-09-26,28.520000457763672,28.829999923706055,27.604999542236328,27.790000915527344,23.971235275268555,62369
2022-09-27,28.110000610351562,28.959999084472656,27.959999084472656,28.270000457763672,24.38528060913086,55085
2022-09-28,28.59000015258789,30.020000457763672,28.25,29.860000610351562,25.756790161132812,74530
2022-09-29,29.709999084472656,29.979999542236328,28.42690086364746,29.5,25.446256637573242,37925
2022-09-30,29.280000686645508,29.969999313354492,28.829999923706055,29.799999237060547,25.705032348632812,87965
2022-10-03,30.639999389648438,31.219999313354492,30.520000457763672,30.8700008392334,26.62799835205078,74618
2022-10-04,31.65999984741211,32.40999984741211,31.5,32.060001373291016,27.654476165771484,46620
2022-10-05,32.27000045776367,32.619998931884766,31.43000030517578,32.31999969482422,27.87874984741211,25102
2022-10-06,31.8799991607666,32.720001220703125,31.854700088500977,31.93000030517578,27.54233741760254,119279
2022-10-07,31.84000015258789,32.22999954223633,31.309999465942383,31.68000030517578,27.32669448852539,52427
2022-10-10,31.75,32.20199966430664,30.700000762939453,30.8799991607666,26.636627197265625,80500
2022-10-11,30.549999237060547,31.79990005493164,30.270000457763672,31.40999984741211,27.093795776367188,70782
2022-10-12,31.309999465942383,31.599899291992188,30.809999465942383,31.229999542236328,26.93853187561035,52943
2022-10-13,30.920000076293945,32.540000915527344,30.700000762939453,32.40999984741211,27.95638084411621,40360
2022-10-14,32.310001373291016,32.5099983215332,31.434999465942383,31.489999771118164,27.16280174255371,55464
2022-10-17,31.959999084472656,32.470001220703125,31.92340087890625,32.369998931884766,27.921876907348633,41018
2022-10-18,32.72999954223633,33.40999984741211,32.511600494384766,33.09000015258789,28.542940139770508,60401
2022-10-19,33.09000015258789,33.38999938964844,32.14630126953125,33.09000015258789,28.542940139770508,36232
2022-10-20,33.150001525878906,33.439998626708984,32.54999923706055,32.90999984741211,28.38767433166504,56332
2022-10-21,32.869998931884766,33.54999923706055,32.667999267578125,33.459999084472656,28.862096786499023,43133
2022-10-24,33.630001068115234,33.630001068115234,32.915000915527344,33.150001525878906,28.594694137573242,49540
2022-10-25,33.060001373291016,33.72999954223633,32.90999984741211,33.72999954223633,29.094995498657227,47935
2022-10-26,33.9900016784668,34.310001373291016,33.709999084472656,34.099998474121094,29.41415023803711,55371
2022-10-27,34.689998626708984,35.0,34.45000076293945,34.7400016784668,29.966209411621094,51449
2022-10-28,34.939998626708984,35.0,34.060001373291016,34.900001525878906,30.104223251342773,43668
2022-10-31,34.650001525878906,35.38999938964844,34.650001525878906,35.16999816894531,30.337112426757812,34897
2022-11-01,35.86000061035156,35.86000061035156,35.33000183105469,35.470001220703125,30.59589195251465,53358
2022-11-02,35.2599983215332,35.599998474121094,34.52000045776367,34.560001373291016,29.810941696166992,53283
2022-11-03,34.279998779296875,35.37860107421875,34.279998779296875,35.18000030517578,30.34574317932129,61863
2022-11-04,35.86000061035156,36.099998474121094,35.02000045776367,35.650001525878906,30.751157760620117,64384
2022-11-07,36.029998779296875,36.029998779296875,35.52000045776367,35.72999954223633,30.820161819458008,50224
2022-11-08,35.790000915527344,36.25,35.65999984741211,36.029998779296875,31.078943252563477,66710
2022-11-09,35.869998931884766,35.9900016784668,34.790000915527344,34.939998626708984,30.138721466064453,44709
2022-11-10,35.79999923706055,35.97999954223633,35.11000061035156,35.560001373291016,30.67352294921875,131663
2022-11-11,36.099998474121094,36.29999923706055,35.5099983215332,35.720001220703125,30.811538696289062,20424
2022-11-14,35.810001373291016,36.35029983520508,35.654701232910156,35.75,30.837417602539062,28866
2022-11-15,35.939998626708984,36.380001068115234,35.459999084472656,35.459999084472656,30.587265014648438,251327
2022-11-16,35.43000030517578,35.58000183105469,35.06999969482422,35.5,30.62177085876465,33467
2022-11-17,35.08000183105469,35.38999938964844,34.900001525878906,35.38999938964844,30.526884078979492,34888
2022-11-18,34.7599983215332,36.02000045776367,34.7599983215332,36.0099983215332,31.06168556213379,51101
2022-11-21,34.970001220703125,34.970001220703125,33.849998474121094,34.4900016784668,30.271760940551758,47230
2022-11-22,34.65999984741211,35.560001373291016,34.65999984741211,35.5,31.158235549926758,50480
2022-11-23,35.189998626708984,35.45000076293945,34.83000183105469,35.0099983215332,30.728160858154297,22802
2022-11-25,35.2400016784668,35.560001373291016,34.970001220703125,35.310001373291016,30.991472244262695,8288
2022-11-28,34.9900016784668,35.34000015258789,34.689998626708984,34.970001220703125,30.69305992126465,92485
2022-11-29,35.22999954223633,35.91999816894531,35.18000030517578,35.91999816894531,31.526866912841797,52771
2022-11-30,36.27000045776367,36.380001068115234,35.220001220703125,35.77000045776367,31.395214080810547,83362
2022-12-01,36.13999938964844,36.279998779296875,35.42499923706055,35.5099983215332,31.167009353637695,41133
2022-12-02,35.25,35.66999816894531,35.209999084472656,35.439998626708984,31.10556983947754,55625
2022-12-05,35.380001068115234,35.45000076293945,34.30780029296875,34.52000045776367,30.2980899810791,33044
2022-12-06,34.2599983215332,34.70000076293945,33.13999938964844,33.34000015258789,29.262409210205078,99688
2022-12-07,33.349998474121094,33.56999969482422,32.72999954223633,32.779998779296875,28.770898818969727,74287
2022-12-08,33.04999923706055,33.435001373291016,32.720001220703125,32.790000915527344,28.77967643737793,59157
2022-12-09,32.4900016784668,33.060001373291016,32.130001068115234,32.130001068115234,28.200397491455078,62692
2022-12-12,32.029998779296875,33.310001373291016,32.029998779296875,33.220001220703125,29.157087326049805,67747
2022-12-13,33.970001220703125,34.060001373291016,33.529998779296875,33.81999969482422,29.68370246887207,66277
2022-12-14,34.09000015258789,34.5,33.779998779296875,34.29999923706055,30.104997634887695,56746
2022-12-15,33.880001068115234,33.880001068115234,33.13999938964844,33.63999938964844,29.52571678161621,39492
2022-12-16,33.0099983215332,33.459999084472656,32.369998931884766,32.95000076293945,28.920106887817383,49072
2022-12-19,32.90999984741211,33.040000915527344,31.760000228881836,31.93000030517578,28.024856567382812,67068
2022-12-20,31.760000228881836,33.11000061035156,31.6200008392334,31.739999771118164,27.858095169067383,126122
2022-12-21,32.16999816894531,32.93000030517578,32.099998474121094,32.88999938964844,28.867448806762695,88900
2022-12-22,32.68000030517578,33.09000015258789,31.6299991607666,32.310001373291016,28.358383178710938,49204
2022-12-23,32.40999984741211,33.40999984741211,32.40999984741211,33.40999984741211,29.3238468170166,50626
2022-12-27,33.459999084472656,33.95000076293945,33.29999923706055,33.75,29.62226676940918,57616
2022-12-28,33.70000076293945,34.040000915527344,32.56999969482422,32.56999969482422,28.586584091186523,50623
2022-12-29,32.540000915527344,33.560001373291016,32.540000915527344,33.29999923706055,29.2273006439209,68412
2022-12-30,33.22999954223633,33.470001220703125,33.0099983215332,33.36000061035156,29.279964447021484,43776
2023-01-03,33.25,33.42499923706055,32.02000045776367,32.310001373291016,28.358383178710938,98033
2023-01-04,31.700000762939453,32.54999923706055,31.700000762939453,32.380001068115234,28.419822692871094,60876
2023-01-05,32.2599983215332,32.458900451660156,32.04999923706055,32.290000915527344,28.34082794189453,81456
2023-01-06,32.619998931884766,33.72999954223633,32.619998931884766,33.720001220703125,29.595932006835938,52259
2023-01-09,34.16999816894531,34.47999954223633,34.040401458740234,34.060001373291016,29.89435386657715,25783
2023-01-10,34.2599983215332,34.45000076293945,33.869998931884766,34.310001373291016,30.113779067993164,34704
2023-01-11,34.56999969482422,34.939998626708984,34.56999969482422,34.91999816894531,30.649169921875,53966
2023-01-12,35.189998626708984,35.66999816894531,34.959999084472656,35.45000076293945,31.114347457885742,47570
2023-01-13,35.560001373291016,35.77000045776367,35.310001373291016,35.720001220703125,31.351335525512695,86923
2023-01-17,35.88999938964844,35.9900016784668,35.400001525878906,35.59000015258789,31.237228393554688,77991
2023-01-18,35.68000030517578,35.967498779296875,34.66999816894531,34.720001220703125,30.473628997802734,72759
2023-01-19,34.52000045776367,35.29999923706055,34.52000045776367,35.0,30.719385147094727,75988
2023-01-20,35.15999984741211,35.5,35.05500030517578,35.40999984741211,31.079240798950195,372447
2023-01-23,35.61000061035156,36.369998931884766,35.400001525878906,36.279998779296875,31.84284019470215,71438
2023-01-24,36.060001373291016,36.400001525878906,35.84370040893555,36.349998474121094,31.904273986816406,83343
2023-01-25,36.08000183105469,36.13999938964844,35.099998474121094,36.119998931884766,31.702407836914062,37485
2023-01-26,36.439998626708984,36.560001373291016,36.06999969482422,36.27000045776367,31.834064483642578,34535
2023-01-27,36.31999969482422,36.599998474121094,36.13999938964844,36.2400016784668,31.807735443115234,29078
2023-01-30,36.2400016784668,36.310001373291016,35.470001220703125,35.630001068115234,31.272336959838867,53582
2023-01-31,35.4900016784668,35.959999084472656,35.3380012512207,35.959999084472656,31.56197166442871,32534
2023-02-01,35.970001220703125,36.349998474121094,35.33110046386719,35.93000030517578,31.53564453125,34137
2023-02-02,35.869998931884766,36.45500183105469,35.869998931884766,36.25,31.816505432128906,33710
2023-02-03,36.34000015258789,36.95119857788086,36.040000915527344,36.040000915527344,31.63219451904297,19519
2023-02-06,35.86000061035156,36.09000015258789,35.61000061035156,35.650001525878906,31.289894104003906,50567
2023-02-07,35.619998931884766,35.66999816894531,35.150001525878906,35.36000061035156,31.035358428955078,67009
2023-02-08,35.279998779296875,35.564998626708984,35.150001525878906,35.43000030517578,31.096797943115234,39337
2023-02-09,35.36000061035156,35.89139938354492,34.93000030517578,35.060001373291016,30.772050857543945,39327
2023-02-10,35.25,35.91999816894531,35.243499755859375,35.790000915527344,31.412765502929688,20857
2023-02-13,35.720001220703125,36.499900817871094,35.720001220703125,36.189998626708984,31.763845443725586,24658
2023-02-14,36.20000076293945,36.939998626708984,36.20000076293945,36.93000030517578,32.4133415222168,79677
2023-02-15,36.7599983215332,36.93000030517578,36.40999984741211,36.849998474121094,32.34312057495117,47493
2023-02-16,36.970001220703125,37.20000076293945,36.61000061035156,36.97999954223633,32.45722579956055,54419
2023-02-17,36.09000015258789,36.09000015258789,35.34000015258789,35.529998779296875,31.725038528442383,96152
2023-02-21,35.5099983215332,35.529998779296875,34.810001373291016,35.02000045776367,31.269657135009766,60382
2023-02-22,34.84000015258789,35.29999923706055,34.474998474121094,34.84000015258789,31.108938217163086,63384
2023-02-23,35.0,35.400001525878906,34.64500045776367,34.93000030517578,31.18929672241211,70661
2023-02-24,34.630001068115234,34.70000076293945,34.34000015258789,34.4900016784668,30.796415328979492,45766
2023-02-27,34.619998931884766,34.91999816894531,34.4900016784668,34.68000030517578,30.966068267822266,35123
2023-02-28,34.88999938964844,34.96630096435547,34.25,34.349998474121094,30.671409606933594,35511
2023-03-01,34.150001525878906,34.7400016784668,34.13999938964844,34.41999816894531,30.733911514282227,41253
2023-03-02,34.27000045776367,34.95000076293945,34.16999816894531,34.72999954223633,31.01071548461914,46830
2023-03-03,34.65999984741211,35.529998779296875,34.65999984741211,35.209999084472656,31.439306259155273,15822
2023-03-06,35.29999923706055,35.560001373291016,35.099998474121094,35.099998474121094,31.341087341308594,21718
2023-03-07,35.1150016784668,35.1150016784668,34.4900016784668,34.61000061035156,30.9035701751709,33640
2023-03-08,34.470001220703125,34.755001068115234,33.9900016784668,34.27000045776367,30.599977493286133,19554
2023-03-09,34.11000061035156,34.47999954223633,33.61000061035156,33.619998931884766,30.01958656311035,27544
2023-03-10,33.650001525878906,33.65999984741211,32.51110076904297,32.540000915527344,29.05524444580078,61509
2023-03-13,31.809999465942383,32.61790084838867,31.360000610351562,31.959999084472656,28.5373592376709,29513
2023-03-14,32.04999923706055,33.15999984741211,31.979999542236328,32.40999984741211,28.939165115356445,38263
2023-03-15,31.610000610351562,31.610000610351562,30.139999389648438,30.459999084472656,27.197994232177734,51898
2023-03-16,29.889999389648438,31.1200008392334,29.489999771118164,31.1200008392334,27.787317276000977,44302
2023-03-17,30.8700008392334,30.8700008392334,30.020000457763672,30.59000015258789,27.31407356262207,16882
2023-03-20,30.690000534057617,31.3700008392334,30.6299991607666,30.68000030517578,27.39443588256836,39068
2023-03-21,31.0,31.75,31.0,31.520000457763672,28.144479751586914,20273
2023-03-22,31.540000915527344,31.649900436401367,30.700000762939453,30.700000762939453,27.412294387817383,35856
2023-03-23,30.889999389648438,31.100000381469727,29.790800094604492,29.950000762939453,26.742612838745117,22991
2023-03-24,29.530000686645508,30.27750015258789,29.219999313354492,30.049999237060547,26.831899642944336,29492
2023-03-27,30.59000015258789,31.110000610351562,30.450000762939453,31.0,27.680164337158203,31453
2023-03-28,30.989999771118164,31.53890037536621,30.989999771118164,31.43000030517578,28.064119338989258,23901
2023-03-29,31.790000915527344,32.04990005493164,31.6299991607666,32.0,28.573076248168945,27295
2023-03-30,32.25,32.310001373291016,32.06999969482422,32.2400016784668,28.78737449645996,20272
2023-03-31,32.439998626708984,32.59000015258789,32.22999954223633,32.369998931884766,28.9034481048584,42597
2023-04-03,32.880001068115234,33.58000183105469,32.880001068115234,33.27000045776367,29.707069396972656,26378
2023-04-04,33.22999954223633,33.27000045776367,32.41999816894531,32.65999984741211,29.162395477294922,31748
2023-04-05,32.7400016784668,33.04999923706055,32.54999923706055,32.97999954223633,29.448123931884766,32561
2023-04-06,33.15999984741211,33.15999984741211,32.66999816894531,32.66999816894531,29.171321868896484,17625
2023-04-10,32.720001220703125,33.25,32.65999984741211,32.720001220703125,29.215967178344727,16018
2023-04-11,32.790000915527344,33.630001068115234,32.790000915527344,33.58000183105469,29.98387336730957,46283
2023-04-12,33.7599983215332,34.0098991394043,33.75,33.77000045776367,30.153522491455078,50664
2023-04-13,33.779998779296875,34.05500030517578,33.779998779296875,34.029998779296875,30.38567543029785,8851
2023-04-14,34.02000045776367,34.08000183105469,33.747100830078125,34.08000183105469,30.430328369140625,11434
2023-04-17,33.869998931884766,34.150001525878906,33.59000015258789,33.7400016784668,30.126737594604492,24696
2023-04-18,33.79999923706055,33.839900970458984,33.41999816894531,33.560001373291016,29.966012954711914,18759
2023-04-19,33.290000915527344,33.310001373291016,33.0,33.04999923706055,29.510631561279297,10707
2023-04-20,32.72999954223633,32.869998931884766,32.54999923706055,32.81999969482422,29.305261611938477,18309
2023-04-21,32.849998474121094,33.09000015258789,32.810001373291016,33.029998779296875,29.492765426635742,11607
2023-04-24,33.02000045776367,33.31999969482422,32.976898193359375,33.2599983215332,29.698137283325195,21136
2023-04-25,33.040000915527344,33.040000915527344,32.40999984741211,32.40999984741211,28.939165115356445,18229
2023-04-26,32.25,32.91419982910156,31.885000228881836,32.06999969482422,28.63558006286621,23432
2023-04-27,32.08000183105469,32.70000076293945,32.0099983215332,32.58000183105469,29.090965270996094,26793
2023-04-28,32.68000030517578,33.15999984741211,32.59000015258789,33.0099983215332,29.47490882873535,28355
2023-05-01,32.81999969482422,33.28200149536133,32.81999969482422,32.900001525878906,29.376691818237305,10655
2023-05-02,32.630001068115234,32.630001068115234,31.25,31.670000076293945,28.278413772583008,49131
2023-05-03,31.329999923706055,31.90999984741211,31.329999923706055,31.510000228881836,28.135549545288086,44091
2023-05-04,31.479999542236328,31.479999542236328,30.70009994506836,30.899999618530273,27.59087562561035,24093
2023-05-05,31.399999618530273,32.10499954223633,31.399999618530273,31.90999984741211,28.492713928222656,40190
2023-05-08,32.349998474121094,32.349998474121094,31.46500015258789,31.68000030517578,28.287343978881836,16233
2023-05-09,31.40999984741211,32.25,31.40999984741211,31.889999389648438,28.474853515625,20457
2023-05-10,31.940000534057617,32.11000061035156,31.584999084472656,31.84000015258789,28.43021011352539,21037
2023-05-11,31.489999771118164,31.649999618530273,31.40999984741211,31.510000228881836,28.135549545288086,19738
2023-05-12,31.6200008392334,32.040000915527344,31.6200008392334,31.68000030517578,28.287343978881836,24110
2023-05-15,32.08000183105469,33.310001373291016,32.08000183105469,33.310001373291016,29.74279022216797,53701
2023-05-16,33.189998626708984,33.189998626708984,32.4900016784668,32.52000045776367,29.037385940551758,21579
2023-05-17,32.68000030517578,32.88999938964844,32.217498779296875,32.86000061035156,29.34097671508789,16469
2023-05-18,32.79999923706055,33.720001220703125,32.61000061035156,33.650001525878906,30.04637908935547,40966
2023-05-19,34.25,34.25,33.650001525878906,33.79999923706055,30.18030548095703,44861
2023-05-22,33.11000061035156,33.124000549316406,32.86000061035156,32.93000030517578,29.970979690551758,22299
2023-05-23,33.0099983215332,33.12620162963867,32.70500183105469,32.810001373291016,29.86176300048828,25573
2023-05-24,33.189998626708984,33.189998626708984,32.430599212646484,32.45000076293945,29.53411102294922,32118
2023-05-25,32.13999938964844,32.290000915527344,31.704999923706055,31.8799991607666,29.01532554626465,22229
2023-05-26,32.0099983215332,32.17499923706055,31.8799991607666,31.940000534057617,29.069936752319336,15232
2023-05-30,31.6299991607666,31.729999542236328,31.3700008392334,31.729999542236328,28.878807067871094,11161
2023-05-31,31.530000686645508,31.6476993560791,31.170000076293945,31.329999923706055,28.51474952697754,34369
2023-06-01,31.149999618530273,31.989999771118164,31.149999618530273,31.969900131225586,29.097148895263672,42881
2023-06-02,32.4900016784668,33.20000076293945,31.829999923706055,32.9900016784668,30.02558708190918,60181
2023-06-05,33.459999084472656,33.46500015258789,32.91999816894531,33.029998779296875,30.061986923217773,32973
2023-06-06,32.83000183105469,33.3224983215332,32.83000183105469,33.29999923706055,30.307727813720703,22246
2023-06-07,33.380001068115234,34.08000183105469,33.380001068115234,33.93000030517578,30.881120681762695,63415
2023-06-08,33.970001220703125,34.59000015258789,33.7599983215332,34.540000915527344,31.436309814453125,60325
2023-06-09,34.619998931884766,34.619998931884766,33.349998474121094,33.349998474121094,30.353235244750977,34081
2023-06-12,33.15999984741211,33.59000015258789,32.910099029541016,33.25,30.262222290039062,13283
2023-06-13,33.279998779296875,33.849998474121094,33.04999923706055,33.2400016784668,30.253124237060547,25787
2023-06-14,33.400001525878906,33.689998626708984,32.83000183105469,33.380001068115234,30.38054084777832,32755
2023-06-15,33.470001220703125,34.0885009765625,33.36000061035156,33.900001525878906,30.85381317138672,26594
2023-06-16,34.04999923706055,34.279998779296875,33.86000061035156,34.06999969482422,31.00853729248047,23777
2023-06-20,33.869998931884766,34.060001373291016,33.52000045776367,33.56999969482422,30.553466796875,33036
2023-06-21,33.31999969482422,33.86000061035156,33.22999954223633,33.27000045776367,30.280427932739258,30810
2023-06-22,33.220001220703125,33.279998779296875,32.77000045776367,32.83000183105469,29.87996482849121,14922
2023-06-23,32.459999084472656,32.790000915527344,32.34000015258789,32.439998626708984,29.525007247924805,25938
2023-06-26,32.279998779296875,33.130001068115234,32.279998779296875,32.95000076293945,29.989179611206055,64610
2023-06-27,33.04999923706055,33.290000915527344,33.005001068115234,33.22999954223633,30.2440185546875,12572
2023-06-28,33.279998779296875,33.93000030517578,33.279998779296875,33.93000030517578,30.881120681762695,16130
2023-06-29,34.08000183105469,34.439998626708984,34.08000183105469,34.439998626708984,31.345291137695312,14667
2023-06-30,34.63999938964844,35.0,34.630001068115234,34.66999816894531,31.55462074279785,51331
2023-07-03,34.79999923706055,35.25,34.79999923706055,35.02000045776367,31.873172760009766,22231
2023-07-05,35.189998626708984,35.189998626708984,34.709999084472656,34.7400016784668,31.618337631225586,37691
2023-07-06,34.56999969482422,34.56999969482422,34.0,34.220001220703125,31.145063400268555,20851
2023-07-07,34.08000183105469,34.77000045776367,33.64419937133789,34.56999969482422,31.46360969543457,11679
2023-07-10,34.619998931884766,34.95000076293945,34.619998931884766,34.75,31.62743377685547,15137
2023-07-11,34.75,35.246498107910156,34.75,35.209999084472656,32.04609680175781,23303
2023-07-12,35.47999954223633,35.76449966430664,35.16849899291992,35.68000030517578,32.4738655090332,38697
2023-07-13,35.81999969482422,36.0,35.81999969482422,35.900001525878906,32.67409896850586,37093
2023-07-14,35.959999084472656,35.959999084472656,35.040000915527344,35.040000915527344,31.891376495361328,35854
2023-07-17,34.810001373291016,35.08000183105469,34.7599983215332,34.880001068115234,31.745752334594727,88170
2023-07-18,34.75,35.619998931884766,34.75,35.34000015258789,32.16442108154297,53037
2023-07-19,35.54999923706055,35.709999084472656,35.470001220703125,35.599998474121094,32.40105438232422,36121
2023-07-20,35.65999984741211,35.999000549316406,35.65999984741211,35.93000030517578,32.7014045715332,70507
2023-07-21,36.08000183105469,36.25,35.68000030517578,35.68000030517578,32.4738655090332,429074
2023-07-24,36.0,36.630001068115234,36.0,36.45000076293945,33.174678802490234,63009
2023-07-25,36.599998474121094,36.75,36.312400817871094,36.439998626708984,33.16557693481445,45688
2023-07-26,36.5,36.959999084472656,36.5,36.724998474121094,33.42496871948242,88644
2023-07-27,36.93000030517578,36.9900016784668,36.400001525878906,36.400001525878906,33.12916946411133,42338
2023-07-28,36.47999954223633,36.95000076293945,36.47999954223633,36.869998931884766,33.55693817138672,51200
2023-07-31,36.86000061035156,37.75,36.86000061035156,37.56999969482422,34.194034576416016,26736
2023-08-01,37.400001525878906,37.419898986816406,36.869998931884766,37.189998626708984,33.848182678222656,30292
2023-08-02,37.04999923706055,37.04999923706055,36.29999923706055,36.439998626708984,33.16557693481445,32019
2023-08-03,36.33000183105469,36.689998626708984,36.33000183105469,36.41999816894531,33.147369384765625,26423
2023-08-04,36.599998474121094,37.11000061035156,36.40999984741211,36.40999984741211,33.13827133178711,37199
2023-08-07,36.59000015258789,37.41999816894531,36.59000015258789,36.959999084472656,33.638851165771484,34531
2023-08-08,36.84000015258789,37.2598991394043,36.5,37.040000915527344,33.71166229248047,23996
2023-08-09,37.0,37.6083984375,37.0,37.279998779296875,33.930091857910156,24744
2023-08-10,37.189998626708984,37.8849983215332,37.189998626708984,37.47999954223633,34.11212158203125,17500
2023-08-11,37.279998779296875,38.209999084472656,37.279998779296875,38.15999984741211,34.73101806640625,18267
2023-08-14,38.15999984741211,38.290000915527344,37.86000061035156,37.869998931884766,34.46708297729492,18771
2023-08-15,37.61000061035156,37.64500045776367,37.096500396728516,37.18000030517578,33.839080810546875,24723
2023-08-16,37.220001220703125,37.2400016784668,36.529998779296875,36.599998474121094,33.31119918823242,32365
2023-08-17,36.77000045776367,37.175899505615234,36.77000045776367,36.810001373291016,33.5023307800293,21163
2023-08-18,36.58000183105469,37.2599983215332,36.58000183105469,37.16999816894531,33.82997512817383,71212
2023-08-21,37.369998931884766,37.470001220703125,37.060001373291016,37.279998779296875,33.930091857910156,33658
2023-08-22,37.310001373291016,37.4900016784668,37.029998779296875,37.04999923706055,33.720760345458984,21991
2023-08-23,36.040000915527344,36.22999954223633,35.7317008972168,36.0,33.460514068603516,25889
2023-08-24,36.029998779296875,36.189998626708984,35.709999084472656,35.75,33.228145599365234,23189
2023-08-25,35.900001525878906,36.21500015258789,35.77920150756836,36.130001068115234,33.58134460449219,17740
2023-08-28,36.29999923706055,36.5099983215332,36.29999923706055,36.41999816894531,33.85088348388672,23126
2023-08-29,36.599998474121094,36.84000015258789,36.415000915527344,36.7599983215332,34.166900634765625,20189
2023-08-30,36.650001525878906,37.119998931884766,36.650001525878906,36.88999938964844,34.2877311706543,21145
2023-08-31,37.349998474121094,37.36000061035156,36.619998931884766,36.619998931884766,34.03677749633789,44982
2023-09-01,36.810001373291016,37.13999938964844,36.529998779296875,36.619998931884766,34.03677749633789,26502
2023-09-05,36.88999938964844,37.06990051269531,36.43000030517578,36.43000030517578,33.86017990112305,22706
2023-09-06,36.400001525878906,36.400001525878906,35.099998474121094,35.099998474121094,32.624000549316406,53259
2023-09-07,35.119998931884766,35.529998779296875,35.11000061035156,35.40999984741211,32.912132263183594,28435
2023-09-08,35.58000183105469,35.68000030517578,35.39500045776367,35.400001525878906,32.90283966064453,19078
2023-09-11,35.63999938964844,35.66999816894531,35.09000015258789,35.279998779296875,32.79130554199219,15624
2023-09-12,35.34000015258789,35.939998626708984,35.34000015258789,35.689998626708984,33.17238235473633,14922
2023-09-13,35.779998779296875,35.970001220703125,35.540000915527344,35.86000061035156,33.330387115478516,19222
2023-09-14,36.130001068115234,36.540000915527344,35.97999954223633,36.540000915527344,33.962425231933594,20333
2023-09-15,36.43000030517578,36.66999816894531,36.18000030517578,36.18000030517578,33.62781524658203,21933
2023-09-18,36.380001068115234,36.59000015258789,36.17499923706055,36.560001373291016,33.98100662231445,7683
2023-09-19,36.83000183105469,36.970001220703125,36.58000183105469,36.84000015258789,34.24126052856445,28913
2023-09-20,36.68000030517578,37.43000030517578,36.63999938964844,36.75,34.1576042175293,68753
2023-09-21,36.56999969482422,36.75,36.4900016784668,36.4900016784668,33.915950775146484,44602
2023-09-22,36.66999816894531,37.060001373291016,36.33000183105469,36.459999084472656,33.8880615234375,17550
2023-09-25,36.47999954223633,37.22710037231445,36.470001220703125,36.849998474121094,34.25054931640625,26005
2023-09-26,36.720001220703125,36.720001220703125,36.13999938964844,36.150001525878906,33.59993362426758,36012
2023-09-27,36.310001373291016,36.5099983215332,36.010101318359375,36.11000061035156,33.5627555847168,65985
2023-09-28,36.0099983215332,36.02000045776367,35.630001068115234,35.68000030517578,33.1630859375,54795
2023-09-29,35.68000030517578,35.8031005859375,35.209999084472656,35.22999954223633,32.74483108520508,25270
2023-10-02,35.130001068115234,35.279998779296875,34.47999954223633,34.630001068115234,32.187156677246094,65241
2023-10-03,34.58000183105469,34.58000183105469,33.64939880371094,33.900001525878906,31.508651733398438,53929
2023-10-04,33.79999923706055,33.79999923706055,33.11000061035156,33.400001525878906,31.043922424316406,19796
2023-10-05,33.22999954223633,33.869998931884766,33.22999954223633,33.81999969482422,31.434295654296875,32100
2023-10-06,34.0,34.41999816894531,33.52000045776367,34.189998626708984,31.7781925201416,28189
2023-10-09,34.790000915527344,35.380001068115234,34.459999084472656,35.29999923706055,32.80989074707031,26179
2023-10-10,35.38999938964844,35.880001068115234,34.681800842285156,35.61000061035156,33.098026275634766,19658
2023-10-11,35.68000030517578,36.16999816894531,35.68000030517578,35.90999984741211,33.376861572265625,18341
2023-10-12,36.130001068115234,36.130001068115234,35.40650177001953,35.83000183105469,33.30250549316406,11579
2023-10-13,36.099998474121094,36.46500015258789,36.06999969482422,36.27000045776367,33.71146774291992,11120
2023-10-16,36.380001068115234,36.68450164794922,36.25,36.560001373291016,33.98100662231445,31685
2023-10-17,36.470001220703125,37.0,36.290000915527344,36.34000015258789,33.77653121948242,19884
2023-10-18,36.34000015258789,36.50320053100586,35.97999954223633,36.02000045776367,33.47909927368164,27799
2023-10-19,35.970001220703125,36.334999084472656,35.68000030517578,35.86000061035156,33.330387115478516,34408
2023-10-20,35.939998626708984,35.939998626708984,35.209999084472656,35.2400016784668,32.754127502441406,33079
2023-10-23,35.029998779296875,35.209999084472656,34.16120147705078,34.77000045776367,32.31727981567383,21212
2023-10-24,34.7599983215332,35.29999923706055,34.6411018371582,34.689998626708984,32.242923736572266,30790
2023-10-25,34.70000076293945,35.27000045776367,34.5099983215332,35.029998779296875,32.558937072753906,56714
2023-10-26,34.97999954223633,35.119998931884766,34.470001220703125,34.720001220703125,32.27080535888672,46753
2023-10-27,34.61000061035156,35.0,34.02000045776367,34.15999984741211,31.750307083129883,87396
2023-10-30,33.91999816894531,34.44499969482422,33.83000183105469,34.16999816894531,31.759601593017578,43380
2023-10-31,34.13999938964844,34.94990158081055,34.099998474121094,34.43000030517578,32.00126266479492,37501
2023-11-01,34.349998474121094,35.29990005493164,34.220001220703125,35.09000015258789,32.614707946777344,29560
2023-11-02,35.029998779296875,36.67890167236328,35.029998779296875,36.400001525878906,33.832298278808594,177894
2023-11-03,36.59000015258789,37.0,36.400001525878906,36.66999816894531,34.083251953125,26121
2023-11-06,36.560001373291016,36.970001220703125,36.31999969482422,36.380001068115234,33.81371307373047,23434
2023-11-07,36.08000183105469,36.08000183105469,35.72999954223633,35.939998626708984,33.40474319458008,81716
2023-11-08,35.75,35.79499816894531,35.16510009765625,35.189998626708984,32.7076530456543,94559
2023-11-09,35.41999816894531,35.72999954223633,35.369998931884766,35.4900016784668,32.98649215698242,74211
2023-11-10,35.72999954223633,36.06999969482422,35.709999084472656,35.709999084472656,33.19096755981445,26700
2023-11-13,35.880001068115234,36.369998931884766,35.880001068115234,36.34000015258789,33.77653121948242,21228
2023-11-14,36.88999938964844,37.13999938964844,36.599998474121094,37.029998779296875,34.41785430908203,56329
2023-11-15,37.2599983215332,37.5,36.720001220703125,36.79999923706055,34.204078674316406,25796
2023-11-16,36.7400016784668,37.380001068115234,36.31999969482422,36.41999816894531,33.85088348388672,47947
2023-11-17,36.560001373291016,37.339900970458984,36.560001373291016,37.0099983215332,34.39926528930664,22588
2023-11-20,37.0099983215332,37.20029830932617,36.900001525878906,36.939998626708984,34.33420181274414,30700
2023-11-21,36.029998779296875,36.51599884033203,36.0,36.290000915527344,34.44811248779297,22830
2023-11-22,35.84000015258789,36.43000030517578,35.70000076293945,36.375,34.52880096435547,23920
2023-11-24,36.27000045776367,36.97999954223633,36.27000045776367,36.709999084472656,34.84679412841797,12353
2023-11-27,36.5,36.709999084472656,36.345001220703125,36.5,34.647457122802734,31770
2023-11-28,36.619998931884766,36.959999084472656,36.459999084472656,36.849998474121094,34.97969055175781,75974
2023-11-29,36.939998626708984,37.70000076293945,36.939998626708984,37.70000076293945,35.78654861450195,65958
2023-11-30,38.02000045776367,38.599998474121094,37.97169876098633,38.34000015258789,36.39406967163086,79273
2023-12-01,38.47999954223633,38.95000076293945,38.380001068115234,38.88999938964844,36.91615295410156,52875
2023-12-04,38.540000915527344,38.84000015258789,38.40999984741211,38.72999954223633,36.7642707824707,47490
2023-12-05,38.72999954223633,38.7599983215332,38.349998474121094,38.4900016784668,36.53645706176758,108160
2023-12-06,38.369998931884766,38.744998931884766,37.665000915527344,38.029998779296875,36.09980010986328,84476
2023-12-07,38.09000015258789,38.72999954223633,37.93000030517578,37.9900016784668,36.061832427978516,40535
2023-12-08,37.93000030517578,37.93000030517578,37.53499984741211,37.68000030517578,35.76757049560547,16870
2023-12-11,37.79999923706055,37.970001220703125,36.93320083618164,37.150001525878906,35.26446533203125,22178
2023-12-12,36.880001068115234,37.26499938964844,36.14360046386719,36.31999969482422,34.47658920288086,17022
2023-12-13,36.15999984741211,37.209999084472656,36.089900970458984,37.0099983215332,35.131568908691406,30357
2023-12-14,37.4900016784668,37.849998474121094,37.10599899291992,37.56999969482422,35.66314697265625,33748
2023-12-15,37.65999984741211,37.70000076293945,37.040000915527344,37.040000915527344,35.16004943847656,22803
2023-12-18,37.29999923706055,37.58000183105469,37.005001068115234,37.130001068115234,35.245479583740234,29749
2023-12-19,37.16999816894531,38.08000183105469,37.16999816894531,37.88999938964844,35.9669075012207,58309
2023-12-20,38.0,38.14080047607422,37.599998474121094,37.70000076293945,35.78654861450195,44834
2023-12-21,37.599998474121094,38.064998626708984,37.599998474121094,37.66999816894531,35.75807189941406,21136
2023-12-22,37.79999923706055,38.25,37.400001525878906,37.54999923706055,35.6441650390625,20224
2023-12-26,38.849998474121094,40.85499954223633,38.849998474121094,40.02000045776367,37.988800048828125,249774
2023-12-27,39.90999984741211,40.525001525878906,39.599998474121094,39.61000061035156,37.599609375,82658
2023-12-28,39.25,40.16230010986328,39.25,40.04999923706055,38.017276763916016,47792
2023-12-29,39.779998779296875,40.25,39.779998779296875,40.09000015258789,38.05524826049805,24273
2024-01-02,40.41999816894531,40.41999816894531,39.66999816894531,39.880001068115234,37.85590744018555,86045
2024-01-03,39.47999954223633,40.66999816894531,39.47999954223633,40.2599983215332,38.216617584228516,174967
2024-01-04,40.099998474121094,40.630001068115234,39.90999984741211,39.90999984741211,37.88438415527344,64843
2024-01-05,39.77000045776367,40.21649932861328,39.77000045776367,39.849998474121094,37.82742691040039,33557
2024-01-08,39.630001068115234,39.959999084472656,39.47909927368164,39.81999969482422,37.7989501953125,42466
2024-01-09,39.65999984741211,39.91999816894531,39.525001525878906,39.7400016784668,37.7230110168457,42402
2024-01-10,39.650001525878906,40.189998626708984,39.650001525878906,40.099998474121094,38.06473922729492,23986
2024-01-11,39.900001525878906,40.09000015258789,39.7599983215332,39.84000015258789,37.817935943603516,46956
2024-01-12,40.290000915527344,40.525001525878906,39.83000183105469,40.4900016784668,38.4349479675293,33977
2024-01-16,40.209999084472656,40.7599983215332,40.15399932861328,40.31999969482422,38.2735710144043,69851
2024-01-17,39.56999969482422,40.470001220703125,39.56999969482422,39.599998474121094,37.590118408203125,88470
2024-01-18,39.630001068115234,39.91999816894531,39.61000061035156,39.810001373291016,37.789459228515625,80658
2024-01-19,39.7599983215332,40.08000183105469,39.04499816894531,39.16999816894531,37.18193817138672,357154
2024-01-22,39.400001525878906,40.290000915527344,39.28810119628906,39.75,37.732505798339844,29442
2024-01-23,39.65999984741211,40.040000915527344,39.65999984741211,39.849998474121094,37.82742691040039,18052
2024-01-24,39.810001373291016,40.31999969482422,39.810001373291016,40.099998474121094,38.06473922729492,40408
2024-01-25,40.029998779296875,40.620399475097656,39.972801208496094,40.5,38.44443893432617,90037
2024-01-26,40.599998474121094,41.2599983215332,40.59000015258789,41.189998626708984,39.09941482543945,82930
2024-01-29,41.150001525878906,41.63999938964844,40.86360168457031,41.630001068115234,39.51708984375,28034
2024-01-30,41.470001220703125,41.72999954223633,41.392398834228516,41.68000030517578,39.564544677734375,33222
2024-01-31,41.560001373291016,41.75,41.029998779296875,41.09000015258789,39.00449752807617,34023
2024-02-01,41.20000076293945,41.720001220703125,40.690101623535156,41.11000061035156,39.023475646972656,18867
2024-02-02,41.06999969482422,41.06999969482422,40.488800048828125,40.66999816894531,38.605812072753906,31009
2024-02-05,40.310001373291016,40.650001525878906,40.03499984741211,40.43000030517578,38.37799072265625,24340
2024-02-06,40.2599983215332,40.470001220703125,40.130001068115234,40.16999816894531,38.131187438964844,22356
2024-02-07,39.970001220703125,40.36000061035156,39.92499923706055,40.119998931884766,38.08372116088867,24190
2024-02-08,40.029998779296875,40.43000030517578,40.0,40.34000015258789,38.29256057739258,21454
2024-02-09,40.209999084472656,40.54999923706055,40.209999084472656,40.36000061035156,38.311546325683594,16141
2024-02-12,40.560001373291016,41.25199890136719,40.560001373291016,41.09000015258789,39.00449752807617,30353
2024-02-13,41.029998779296875,41.029998779296875,40.5099983215332,40.560001373291016,38.50139236450195,20502
2024-02-14,40.560001373291016,40.849998474121094,40.459999084472656,40.4900016784668,38.4349479675293,17278
2024-02-15,40.380001068115234,41.73630142211914,40.380001068115234,41.564998626708984,39.45538330078125,26234
2024-02-16,41.560001373291016,42.119998931884766,41.47999954223633,41.970001220703125,39.83982849121094,28453
2024-02-20,41.959999084472656,42.27000045776367,41.907100677490234,42.20000076293945,40.05815505981445,35869
2024-02-21,41.56999969482422,42.20000076293945,41.56999969482422,42.040000915527344,40.64795684814453,16071
2024-02-22,41.81999969482422,42.7599983215332,41.81999969482422,42.630001068115234,41.218421936035156,12143
2024-02-23,42.529998779296875,42.880001068115234,42.45000076293945,42.474998474121094,41.06855392456055,15911
2024-02-26,42.13999938964844,42.599998474121094,42.13999938964844,42.220001220703125,40.821998596191406,56570
2024-02-27,42.22999954223633,42.619998931884766,42.22999954223633,42.33000183105469,40.9283561706543,25204
2024-02-28,42.2400016784668,42.55500030517578,41.7599983215332,41.869998931884766,40.483585357666016,39508
2024-02-29,42.20000076293945,42.63999938964844,42.0099983215332,42.150001525878906,40.75431442260742,51435
2024-03-01,42.279998779296875,43.150001525878906,42.279998779296875,42.810001373291016,41.392459869384766,34390
2024-03-04,42.9900016784668,43.14939880371094,42.84000015258789,42.88999938964844,41.469810485839844,14469
2024-03-05,42.61000061035156,43.459999084472656,42.61000061035156,43.119998931884766,41.69219207763672,37922
2024-03-06,43.439998626708984,43.81999969482422,43.439998626708984,43.560001373291016,42.11763000488281,22755
2024-03-07,43.619998931884766,43.7318000793457,43.40010070800781,43.619998931884766,42.17564010620117,14197
2024-03-08,43.65999984741211,43.79999923706055,43.310001373291016,43.310001373291016,41.87590408325195,13049
2024-03-11,43.119998931884766,43.689998626708984,43.119998931884766,43.619998931884766,42.17564010620117,6434
2024-03-12,43.650001525878906,43.8484992980957,43.650001525878906,43.779998779296875,42.33034133911133,15306
2024-03-13,44.060001373291016,44.38999938964844,43.994998931884766,44.02000045776367,42.56239700317383,14688
2024-03-14,43.97999954223633,44.29999923706055,43.150001525878906,43.209999084472656,41.77921676635742,12857
2024-03-15,42.9900016784668,44.029998779296875,42.9900016784668,43.7599983215332,42.31100082397461,21415
2024-03-18,43.939998626708984,44.040000915527344,43.72999954223633,43.970001220703125,42.51405334472656,12103
2024-03-19,43.81999969482422,44.529998779296875,43.81999969482422,44.459999084472656,42.987823486328125,13865
2024-03-20,44.529998779296875,44.96229934692383,44.250099182128906,44.779998779296875,43.2972297668457,17116
2024-03-21,44.63999938964844,45.220001220703125,44.52009963989258,44.720001220703125,43.23921585083008,36928
2024-03-22,44.84000015258789,45.0,44.4900016784668,44.52000045776367,43.045841217041016,11226
2024-03-25,44.43000030517578,44.900001525878906,44.43000030517578,44.72999954223633,43.24888229370117,14829
2024-03-26,44.7599983215332,44.7599983215332,44.560001373291016,44.63999938964844,43.161865234375,16531
2024-03-27,44.970001220703125,45.20000076293945,44.7599983215332,45.15999984741211,43.664649963378906,16893
2024-03-28,45.34000015258789,45.93000030517578,45.34000015258789,45.779998779296875,44.26411819458008,14712
2024-04-01,45.7400016784668,45.810001373291016,45.5099983215332,45.77000045776367,44.254451751708984,17071
2024-04-02,45.70000076293945,46.01499938964844,45.70000076293945,45.9900016784668,44.4671630859375,11966
2024-04-03,45.91999816894531,46.53200149536133,45.720001220703125,46.369998931884766,44.83457946777344,23152
2024-04-04,46.400001525878906,46.790000915527344,46.02000045776367,46.09000015258789,44.5638542175293,20434
2024-04-05,46.040000915527344,46.209999084472656,45.709999084472656,46.18000030517578,44.65087127685547,14374
2024-04-08,46.560001373291016,46.59000015258789,46.119998931884766,46.27000045776367,44.73789596557617,28381
2024-04-09,46.220001220703125,46.38999938964844,45.79999923706055,45.88999938964844,44.37047576904297,12009
2024-04-10,45.66999816894531,45.86000061035156,45.5,45.599998474121094,44.0900764465332,12436
2024-04-11,45.58000183105469,45.58000183105469,45.08000183105469,45.52000045776367,44.012725830078125,11906
2024-04-12,45.61000061035156,46.119998931884766,44.59000015258789,44.59000015258789,43.113521575927734,31795
2024-04-15,44.65999984741211,45.040000915527344,44.040000915527344,44.119998931884766,42.65908432006836,22793
2024-04-16,44.04999923706055,44.189998626708984,43.57500076293945,43.77000045776367,42.32067108154297,26105
2024-04-17,43.77000045776367,44.45000076293945,43.77000045776367,44.38999938964844,42.920143127441406,34355
2024-04-18,44.2400016784668,44.84000015258789,44.2400016784668,44.72999954223633,43.24888229370117,22834
2024-04-19,44.75,45.649898529052734,44.75,45.45000076293945,43.945045471191406,38753
2024-04-22,45.65999984741211,45.939998626708984,45.255001068115234,45.75,44.235111236572266,31921
2024-04-23,45.68000030517578,46.189998626708984,45.68000030517578,45.93000030517578,44.40915298461914,16884
2024-04-24,45.75,46.02000045776367,45.689998626708984,45.97999954223633,44.45749282836914,24411
2024-04-25,45.79999923706055,46.06999969482422,45.400001525878906,45.970001220703125,44.44782638549805,59494
2024-04-26,45.83000183105469,46.029998779296875,45.61000061035156,45.83000183105469,44.312461853027344,27424
2024-04-29,45.83000183105469,45.97999954223633,45.77000045776367,45.88999938964844,44.37047576904297,25059
2024-04-30,45.88999938964844,45.93000030517578,45.079898834228516,45.079898834228516,43.58720016479492,35143
2024-05-01,45.0,45.38999938964844,44.959999084472656,45.11000061035156,43.616302490234375,59084
2024-05-02,45.029998779296875,45.720001220703125,44.99449920654297,45.65999984741211,44.14809036254883,30279
2024-05-03,45.97999954223633,46.04999923706055,45.5900993347168,46.0099983215332,44.48649978637695,23955
2024-05-06,46.099998474121094,46.619998931884766,46.05329895019531,46.459999084472656,44.921600341796875,22176
2024-05-07,46.72999954223633,47.060001373291016,46.650001525878906,46.83000183105469,45.27935028076172,59695
2024-05-08,46.619998931884766,47.13999938964844,46.569000244140625,47.13999938964844,45.57908248901367,40749
2024-05-09,47.33000183105469,47.45000076293945,47.099998474121094,47.36000061035156,45.79180145263672,35031
2024-05-10,47.36000061035156,47.36000061035156,47.15489959716797,47.279998779296875,45.714447021484375,47871
2024-05-13,47.290000915527344,47.66999816894531,47.279998779296875,47.349998474121094,45.78213119506836,14082
2024-05-14,47.13999938964844,47.470001220703125,47.01409912109375,47.43000030517578,45.85948181152344,60259
2024-05-15,47.5,47.77000045776367,47.5,47.630001068115234,46.052860260009766,20632
2024-05-16,47.45000076293945,47.869998931884766,47.45000076293945,47.68000030517578,46.10120391845703,34713
2024-05-17,47.939998626708984,48.46500015258789,47.77000045776367,48.369998931884766,46.76835250854492,42910
2024-05-20,48.540000915527344,48.61000061035156,48.30009841918945,48.54999923706055,46.9423942565918,41267
2024-05-21,48.41999816894531,48.61000061035156,48.33000183105469,48.36000061035156,46.75868606567383,20432
2024-05-22,47.689998626708984,47.95000076293945,47.04999923706055,47.13999938964844,46.31654739379883,86377
2024-05-23,47.150001525878906,47.15999984741211,46.41999816894531,46.5,45.68772888183594,41468
2024-05-24,46.529998779296875,47.029998779296875,46.36600112915039,46.70000076293945,45.88423538208008,22541
2024-05-28,46.880001068115234,47.119998931884766,46.63999938964844,46.72999954223633,45.91371154785156,25928
2024-05-29,46.72999954223633,46.72999954223633,46.27000045776367,46.279998779296875,45.4715690612793,80819
2024-05-30,46.15999984741211,46.82080078125,45.72570037841797,46.349998474121094,45.540348052978516,73581
2024-05-31,46.810001373291016,47.369998931884766,45.79999923706055,47.290000915527344,46.46392822265625,31667
2024-06-03,47.38999938964844,47.400001525878906,46.630001068115234,46.7599983215332,45.94318389892578,33532
2024-06-04,46.61000061035156,46.93000030517578,46.38010025024414,46.81999969482422,46.00213623046875,35330
2024-06-05,46.83000183105469,47.20500183105469,46.77000045776367,47.08000183105469,46.257598876953125,35066
2024-06-06,46.9900016784668,47.43000030517578,46.76190185546875,47.18000030517578,46.35585021972656,39904
2024-06-07,46.849998474121094,47.459999084472656,46.849998474121094,47.33000183105469,46.503231048583984,9793
2024-06-10,47.33000183105469,48.0,47.33000183105469,47.849998474121094,47.01414489746094,16883
2024-06-11,47.790000915527344,47.810001373291016,47.18000030517578,47.70000076293945,46.86676788330078,20654
2024-06-12,47.75,48.0,47.36009979248047,47.83000183105469,46.9944953918457,16596
2024-06-13,47.95000076293945,47.95000076293945,47.27000045776367,47.33000183105469,46.503231048583984,10587
2024-06-14,47.34000015258789,47.470001220703125,46.83000183105469,46.83000183105469,46.011966705322266,14650
2024-06-17,46.83000183105469,47.4900016784668,46.650001525878906,47.34000015258789,46.51305389404297,17736
2024-06-18,47.189998626708984,47.599998474121094,47.189998626708984,47.5099983215332,46.680084228515625,17392
2024-06-20,47.310001373291016,47.310001373291016,44.029998779296875,45.0099983215332,44.2237548828125,70028
2024-06-21,44.7599983215332,46.35599899291992,44.7599983215332,46.310001373291016,45.50104904174805,29371
2024-06-24,46.369998931884766,46.369998931884766,45.81999969482422,46.02000045776367,45.21611404418945,11764
2024-06-25,46.20000076293945,46.83000183105469,46.16999816894531,46.29999923706055,45.4912223815918,10620
2024-06-26,46.369998931884766,46.68000030517578,45.625,46.130001068115234,45.32419204711914,32985
2024-06-27,46.08000183105469,46.45000076293945,46.000099182128906,46.18000030517578,45.37331771850586,21746
2024-06-28,46.130001068115234,47.77000045776367,46.130001068115234,47.40999984741211,46.58183288574219,19089
2024-07-01,47.540000915527344,47.54999923706055,46.66389846801758,46.88999938964844,46.07091522216797,16397
2024-07-02,46.630001068115234,47.04999923706055,46.2599983215332,46.2599983215332,45.45191955566406,18222
2024-07-03,46.0,47.339900970458984,46.0,47.15999984741211,46.33620071411133,8918
2024-07-05,47.2400016784668,47.24480056762695,46.209999084472656,46.29999923706055,45.4912223815918,18099
2024-07-08,46.150001525878906,46.36000061035156,44.790000915527344,45.09000015258789,44.3023567199707,78023
2024-07-09,44.79999923706055,45.34000015258789,44.79999923706055,45.10499954223633,44.31709671020508,15223
2024-07-10,44.939998626708984,45.04999923706055,44.66999816894531,44.93000030517578,44.1451530456543,22173
2024-07-11,44.93000030517578,45.52000045776367,44.93000030517578,45.5,44.705196380615234,8004
2024-07-12,45.13999938964844,45.95000076293945,45.13999938964844,45.810001373291016,45.00978088378906,11548
2024-07-15,45.61000061035156,46.16640090942383,45.20000076293945,45.209999084472656,44.42026138305664,55627
2024-07-16,45.119998931884766,45.669898986816406,45.119998931884766,45.34000015258789,44.54799270629883,45232
2024-07-17,45.099998474121094,45.75,45.099998474121094,45.5,44.705196380615234,45049
2024-07-18,45.45000076293945,46.06990051269531,45.45000076293945,45.650001525878906,44.852577209472656,45130
2024-07-19,45.380001068115234,45.650001525878906,43.900001525878906,44.29999923706055,43.52615737915039,403067
2024-07-22,44.349998474121094,45.279998779296875,44.349998474121094,45.20000076293945,44.410438537597656,33368
2024-07-23,45.119998931884766,45.119998931884766,44.810001373291016,45.0099983215332,44.2237548828125,13209
2024-07-24,45.40999984741211,45.41999816894531,44.0099983215332,44.119998931884766,43.349300384521484,21638
2024-07-25,44.02000045776367,44.3650016784668,43.81999969482422,43.86000061035156,43.09384536743164,16592
2024-07-26,43.7599983215332,44.34700012207031,43.7599983215332,44.119998931884766,43.349300384521484,22860
2024-07-29,44.22999954223633,44.345001220703125,43.880001068115234,44.04999923706055,43.28052520751953,14324
2024-07-30,44.11000061035156,44.41999816894531,43.970001220703125,44.07500076293945,43.30508804321289,38145
2024-07-31,44.4900016784668,44.769901275634766,44.13999938964844,44.369998931884766,43.594932556152344,12576
2024-08-01,44.22999954223633,44.61000061035156,43.91999816894531,44.310001373291016,43.53598403930664,14071
2024-08-02,43.540000915527344,43.970001220703125,42.2599983215332,42.97999954223633,42.229217529296875,36529
2024-08-05,42.29999923706055,42.29999923706055,41.22999954223633,41.689998626708984,40.96175003051758,37329
2024-08-06,41.70000076293945,43.599998474121094,41.70000076293945,43.5099983215332,42.74995803833008,44056
2024-08-07,44.099998474121094,44.2666015625,43.65999984741211,43.86000061035156,43.09384536743164,17223
2024-08-08,43.709999084472656,44.279998779296875,43.630001068115234,44.08000183105469,43.310001373291016,19967
2024-08-09,44.04999923706055,44.2599983215332,43.622501373291016,43.93000030517578,43.162620544433594,21348
2024-08-12,43.970001220703125,44.69540023803711,43.93000030517578,44.525001525878906,43.747230529785156,57150
2024-08-13,44.349998474121094,44.739898681640625,43.904998779296875,44.08000183105469,43.310001373291016,30088
2024-08-14,43.310001373291016,43.5,42.959999084472656,43.47999954223633,43.47999954223633,14853
2024-08-15,43.41999816894531,44.13999938964844,43.41999816894531,44.130001068115234,44.130001068115234,10560
2024-08-16,43.84000015258789,44.56990051269531,43.84000015258789,44.41999816894531,44.41999816894531,13923
2024-08-19,44.439998626708984,44.77000045776367,44.290000915527344,44.41999816894531,44.41999816894531,19797
2024-08-20,44.4900016784668,44.584999084472656,43.970001220703125,43.970001220703125,43.970001220703125,19493
2024-08-21,43.970001220703125,44.310001373291016,43.970001220703125,44.060001373291016,44.060001373291016,9665
2024-08-22,43.880001068115234,44.296600341796875,43.880001068115234,43.91999816894531,43.91999816894531,27188
2024-08-23,43.84000015258789,44.349998474121094,43.84000015258789,44.279998779296875,44.279998779296875,16282
2024-08-26,44.560001373291016,44.650001525878906,44.439998626708984,44.459999084472656,44.459999084472656,8329
2024-08-27,44.290000915527344,44.41999816894531,44.060001373291016,44.27000045776367,44.27000045776367,5818
2024-08-28,43.91999816894531,44.11159896850586,43.72999954223633,44.08000183105469,44.08000183105469,11955
2024-08-29,43.79999923706055,44.880001068115234,43.79999923706055,44.880001068115234,44.880001068115234,22559
2024-08-30,45.08000183105469,45.40999984741211,44.779998779296875,45.36000061035156,45.36000061035156,31879
2024-09-03,44.95000076293945,44.95000076293945,44.220001220703125,44.779998779296875,44.779998779296875,19981
2024-09-04,44.61000061035156,45.029998779296875,44.474998474121094,44.51499938964844,44.51499938964844,9265
2024-09-05,44.31999969482422,44.924800872802734,44.31999969482422,44.68000030517578,44.68000030517578,5720
2024-09-06,44.439998626708984,44.974998474121094,44.381500244140625,44.63999938964844,44.63999938964844,14093
2024-09-09,44.63999938964844,44.63999938964844,44.63999938964844,44.63999938964844,44.63999938964844,0
2024-09-10,51.95000076293945,51.95000076293945,51.95000076293945,51.95000076293945,51.95000076293945,0
