Date,Open,High,Low,Close,Adj Close,Volume
2021-12-08,15.100000381469727,16.940000534057617,15.100000381469727,16.81999969482422,14.919130325317383,176200
2021-12-09,16.68000030517578,17.0,16.059999465942383,16.3799991607666,14.528853416442871,440300
2021-12-10,16.399999618530273,16.540000915527344,15.420000076293945,16.0,14.191800117492676,386600
2021-12-13,16.010000228881836,16.040000915527344,14.859999656677246,14.930000305175781,13.24272346496582,310300
2021-12-14,14.59000015258789,14.779999732971191,14.119999885559082,14.5,12.86131763458252,376100
2021-12-15,14.5,14.664999961853027,13.569999694824219,14.5,12.86131763458252,309900
2021-12-16,14.520000457763672,14.989999771118164,13.539999961853027,13.779999732971191,12.222687721252441,269500
2021-12-17,13.699999809265137,13.699999809265137,13.029999732971191,13.279999732971191,11.779193878173828,502300
2021-12-20,12.670000076293945,12.880000114440918,12.279999732971191,12.390000343322754,10.989776611328125,352500
2021-12-21,12.390000343322754,12.720000267028809,11.970000267028809,12.239999771118164,10.85672664642334,730900
2021-12-22,12.210000038146973,13.039999961853027,11.899999618530273,12.4399995803833,11.034124374389648,402900
2021-12-23,12.75,12.90999984741211,12.359999656677246,12.430000305175781,11.025254249572754,271200
2021-12-27,12.3100004196167,12.84000015258789,12.119999885559082,12.84000015258789,11.38891887664795,424100
2021-12-28,12.850000381469727,13.949999809265137,12.850000381469727,13.420000076293945,11.90337085723877,772700
2021-12-29,13.75,13.75,13.050000190734863,13.4399995803833,11.921111106872559,340000
2021-12-30,13.550000190734863,14.020999908447266,12.75,12.789999961853027,11.344571113586426,314000
2021-12-31,12.789999961853027,13.050000190734863,12.399999618530273,12.680000305175781,11.247001647949219,306600
2022-01-03,12.720000267028809,13.609999656677246,12.720000267028809,13.449999809265137,11.929981231689453,299700
2022-01-04,13.609999656677246,14.170000076293945,13.609999656677246,13.9399995803833,12.364603996276855,245300
2022-01-05,14.0600004196167,14.5600004196167,13.449999809265137,13.539999961853027,12.009810447692871,322300
2022-01-06,13.899999618530273,14.390000343322754,13.640000343322754,14.180000305175781,12.577483177185059,287200
2022-01-07,14.260000228881836,14.28600025177002,13.800000190734863,14.050000190734863,12.462175369262695,156700
2022-01-10,14.0,14.069999694824219,13.270000457763672,13.579999923706055,12.04529094696045,221900
2022-01-11,13.579999923706055,14.640000343322754,13.329999923706055,14.619999885559082,12.967757225036621,197400
2022-01-12,14.9399995803833,15.1899995803833,14.399999618530273,14.640000343322754,12.985496520996094,205400
2022-01-13,14.6899995803833,14.729999542236328,14.100000381469727,14.319999694824219,12.701661109924316,202900
2022-01-14,14.399999618530273,15.15999984741211,14.399999618530273,15.130000114440918,13.420120239257812,161300
2022-01-18,15.350000381469727,15.59000015258789,14.741999626159668,15.210000038146973,13.491081237792969,226500
2022-01-19,15.210000038146973,15.420000076293945,14.180000305175781,14.199999809265137,12.595221519470215,319300
2022-01-20,14.199999809265137,14.800000190734863,13.34000015258789,13.479999542236328,11.956591606140137,367900
2022-01-21,13.380000114440918,13.460000038146973,12.3100004196167,12.600000381469727,11.176041603088379,500700
2022-01-24,12.380000114440918,13.229999542236328,11.899999618530273,13.0600004196167,11.584057807922363,413300
2022-01-25,12.890000343322754,13.90999984741211,12.350000381469727,13.680000305175781,12.133991241455078,215200
2022-01-26,13.84000015258789,14.119999885559082,12.829999923706055,13.0600004196167,11.584057807922363,181400
2022-01-27,13.380000114440918,13.520000457763672,12.600000381469727,12.869999885559082,11.415529251098633,111400
2022-01-28,12.789999961853027,13.0,12.149999618530273,12.6899995803833,11.255870819091797,154800
2022-01-31,12.899999618530273,13.562999725341797,12.65999984741211,13.270000457763672,11.770325660705566,164100
2022-02-01,13.300000190734863,14.100000381469727,13.300000190734863,13.949999809265137,12.373476028442383,183700
2022-02-02,14.039999961853027,14.119999885559082,13.149999618530273,13.5,11.974329948425293,209700
2022-02-03,13.300000190734863,13.359999656677246,12.920000076293945,13.300000190734863,11.7969331741333,146300
2022-02-04,13.430000305175781,14.109999656677246,13.430000305175781,13.960000038146973,12.382343292236328,203100
2022-02-07,14.0,14.0,13.470000267028809,13.520000457763672,11.992071151733398,206600
2022-02-08,13.619999885559082,13.619999885559082,12.859999656677246,12.949999809265137,11.486488342285156,176500
2022-02-09,13.050000190734863,13.739999771118164,13.010000228881836,13.329999923706055,11.823542594909668,255400
2022-02-10,13.210000038146973,14.050000190734863,13.149999618530273,13.34000015258789,11.832413673400879,283700
2022-02-11,13.609999656677246,14.069999694824219,13.5600004196167,13.989999771118164,12.408954620361328,344100
2022-02-14,13.989999771118164,14.180000305175781,13.619999885559082,13.970000267028809,12.391215324401855,240200
2022-02-15,13.65999984741211,13.920000076293945,13.34000015258789,13.59000015258789,12.054160118103027,140100
2022-02-16,14.170000076293945,15.300000190734863,14.050000190734863,14.25,12.639571189880371,685900
2022-02-17,14.380000114440918,15.079999923706055,14.319999694824219,14.510000228881836,12.870187759399414,219800
2022-02-18,14.460000038146973,14.5600004196167,13.970000267028809,14.119999885559082,12.524264335632324,206700
2022-02-22,14.399999618530273,14.5600004196167,13.524999618530273,13.8100004196167,12.249296188354492,206000
2022-02-23,13.869999885559082,14.100000381469727,13.739999771118164,13.9399995803833,12.364603996276855,131800
2022-02-24,14.40999984741211,14.545000076293945,13.729999542236328,14.3100004196167,12.692790985107422,191000
2022-02-25,14.210000038146973,14.680000305175781,14.038000106811523,14.65999984741211,13.003235816955566,140200
2022-02-28,14.710000038146973,15.369999885559082,14.710000038146973,15.149999618530273,13.437859535217285,291800
2022-03-01,15.369999885559082,15.600000381469727,14.720999717712402,15.0,13.30481243133545,319100
2022-03-02,15.449999809265137,15.75,14.960000038146973,15.380000114440918,13.641868591308594,378300
2022-03-03,15.170000076293945,15.279999732971191,14.819999694824219,15.140000343322754,13.428990364074707,372000
2022-03-04,15.140000343322754,15.90999984741211,15.020000457763672,15.649999618530273,13.881354331970215,392500
2022-03-07,16.0,16.899999618530273,15.949999809265137,16.450000762939453,14.59094524383545,511200
2022-03-08,16.90999984741211,17.94499969482422,16.309999465942383,16.68000030517578,14.794952392578125,385700
2022-03-09,16.219999313354492,16.459999084472656,15.649999618530273,16.31999969482422,14.475635528564453,353300
2022-03-10,16.540000915527344,17.079999923706055,16.0,16.959999084472656,15.043309211730957,355900
2022-03-11,16.670000076293945,17.06999969482422,16.059999465942383,16.149999618530273,14.324847221374512,190900
2022-03-14,16.190000534057617,16.190000534057617,14.869999885559082,15.329999923706055,13.597517967224121,375700
2022-03-15,14.699999809265137,15.305000305175781,14.199999809265137,15.140000343322754,13.428990364074707,272100
2022-03-16,15.109999656677246,15.40999984741211,14.774999618530273,15.039999961853027,13.340290069580078,255600
2022-03-17,15.100000381469727,16.270000457763672,15.100000381469727,16.170000076293945,14.457942962646484,280800
2022-03-18,16.190000534057617,16.43000030517578,15.859999656677246,16.31999969482422,14.592061996459961,481000
2022-03-21,16.649999618530273,17.040000915527344,16.209999084472656,16.649999618530273,14.88712215423584,358500
2022-03-22,16.649999618530273,16.790000915527344,16.209999084472656,16.790000915527344,15.012299537658691,190200
2022-03-23,17.0,17.799999237060547,16.920000076293945,17.270000457763672,15.441476821899414,218300
2022-03-24,17.219999313354492,17.56999969482422,16.93000030517578,17.18000030517578,15.361007690429688,128900
2022-03-25,17.100000381469727,18.079999923706055,17.100000381469727,18.06999969482422,16.156770706176758,242600
2022-03-28,17.610000610351562,17.729999542236328,17.139999389648438,17.270000457763672,15.441476821899414,263900
2022-03-29,17.0,17.729999542236328,16.690000534057617,17.709999084472656,15.834893226623535,186300
2022-03-30,17.950000762939453,18.389999389648438,17.389999389648438,17.520000457763672,15.665007591247559,172000
2022-03-31,17.329999923706055,17.979999542236328,17.25,17.34000015258789,15.504066467285156,217900
2022-04-01,17.5,18.420000076293945,17.5,18.40999984741211,16.460777282714844,286000
2022-04-04,18.520000457763672,18.829999923706055,18.170000076293945,18.510000228881836,16.550188064575195,168500
2022-04-05,18.5,18.84000015258789,18.040000915527344,18.110000610351562,16.192537307739258,216200
2022-04-06,18.299999237060547,18.312000274658203,17.649999618530273,18.020000457763672,16.11206817626953,180600
2022-04-07,18.030000686645508,18.229999542236328,17.350000381469727,17.940000534057617,16.040536880493164,158500
2022-04-08,18.139999389648438,18.6200008392334,18.020000457763672,18.450000762939453,16.49654197692871,178900
2022-04-11,18.09000015258789,18.09000015258789,17.34000015258789,17.81999969482422,15.933243751525879,171700
2022-04-12,18.149999618530273,18.790000915527344,17.959999084472656,18.100000381469727,16.18360137939453,206500
2022-04-13,18.420000076293945,18.809999465942383,18.0,18.639999389648438,16.66642189025879,173300
2022-04-14,18.65999984741211,19.163000106811523,18.551000595092773,19.0,16.988306045532227,361700
2022-04-18,19.34000015258789,19.649999618530273,17.959999084472656,18.389999389648438,16.442895889282227,720000
2022-04-19,18.1299991607666,18.549999237060547,17.850000381469727,18.06999969482422,16.156770706176758,243600
2022-04-20,18.299999237060547,18.860000610351562,18.15999984741211,18.719999313354492,16.73795509338379,230200
2022-04-21,18.75,19.229999542236328,17.780000686645508,17.989999771118164,16.085247039794922,319700
2022-04-22,17.829999923706055,18.239999771118164,16.899999618530273,17.100000381469727,15.28947639465332,251900
2022-04-25,16.639999389648438,16.850000381469727,15.5,16.549999237060547,14.797708511352539,412500
2022-04-26,16.479999542236328,16.84000015258789,15.9399995803833,15.970000267028809,14.279119491577148,246000
2022-04-27,16.040000915527344,16.239999771118164,15.5600004196167,16.059999465942383,14.359590530395508,202500
2022-04-28,16.260000228881836,16.670000076293945,15.630000114440918,16.549999237060547,14.797708511352539,123100
2022-04-29,16.600000381469727,16.65999984741211,15.510000228881836,15.710000038146973,14.046648979187012,211000
2022-05-02,15.510000228881836,15.960000038146973,14.899999618530273,15.390000343322754,13.760528564453125,238200
2022-05-03,15.390000343322754,16.399999618530273,15.390000343322754,16.329999923706055,14.60100269317627,191700
2022-05-04,16.600000381469727,17.34000015258789,16.29800033569336,17.299999237060547,15.468300819396973,234600
2022-05-05,17.440000534057617,17.59000015258789,16.280000686645508,16.829999923706055,15.048065185546875,141800
2022-05-06,16.979999542236328,17.190000534057617,16.469999313354492,16.860000610351562,15.074885368347168,157700
2022-05-09,16.329999923706055,16.329999923706055,15.210000038146973,15.300000190734863,13.680059432983398,358800
2022-05-10,15.479999542236328,16.15999984741211,14.819999694824219,15.510000228881836,13.867822647094727,274500
2022-05-11,16.0,16.850000381469727,15.217000007629395,15.510000228881836,13.867822647094727,277000
2022-05-12,15.510000228881836,16.25,15.21500015258789,15.75,14.082411766052246,172600
2022-05-13,15.989999771118164,16.799999237060547,15.989999771118164,16.56999969482422,14.815592765808105,156700
2022-05-16,16.700000762939453,17.3799991607666,16.700000762939453,17.020000457763672,15.217945098876953,185000
2022-05-17,17.290000915527344,17.84000015258789,16.954999923706055,17.6299991607666,15.763359069824219,176200
2022-05-18,17.520000457763672,17.649999618530273,16.799999237060547,16.959999084472656,15.164300918579102,249000
2022-05-19,16.5,17.18000030517578,16.5,16.639999389648438,14.878178596496582,264100
2022-05-20,16.8799991607666,17.16900062561035,16.399999618530273,16.719999313354492,14.94970989227295,267800
2022-05-23,16.90999984741211,17.440000534057617,16.350000381469727,17.440000534057617,15.753654479980469,388300
2022-05-24,17.15999984741211,17.32200050354004,16.690000534057617,16.760000228881836,15.139403343200684,276700
2022-05-25,16.760000228881836,17.399999618530273,16.549999237060547,17.280000686645508,15.609126091003418,270300
2022-05-26,17.600000381469727,17.600000381469727,16.959999084472656,17.270000457763672,15.600091934204102,266000
2022-05-27,17.270000457763672,17.969999313354492,17.010000228881836,17.93000030517578,16.196273803710938,318800
2022-05-31,18.25,18.31999969482422,17.73699951171875,18.06999969482422,16.322736740112305,591400
2022-06-01,18.270000457763672,18.709999084472656,18.100000381469727,18.5,16.711156845092773,530900
2022-06-02,18.360000610351562,18.790000915527344,18.184999465942383,18.5,16.711156845092773,259100
2022-06-03,18.5,18.579999923706055,17.649999618530273,18.190000534057617,16.431133270263672,302500
2022-06-06,18.43000030517578,18.5,17.450000762939453,17.68000030517578,15.97044849395752,370400
2022-06-07,17.59000015258789,18.360000610351562,17.5,18.34000015258789,16.56662940979004,266300
2022-06-08,18.34000015258789,18.959999084472656,18.31999969482422,18.6200008392334,16.819555282592773,357500
2022-06-09,18.420000076293945,18.520000457763672,17.899999618530273,18.110000610351562,16.358867645263672,181700
2022-06-10,17.899999618530273,18.200000762939453,17.510000228881836,18.010000228881836,16.268537521362305,218200
2022-06-13,16.649999618530273,17.059999465942383,15.579999923706055,15.960000038146973,14.416760444641113,741300
2022-06-14,16.280000686645508,16.329999923706055,15.260000228881836,15.640000343322754,14.127702713012695,389100
2022-06-15,15.670000076293945,16.219999313354492,15.470000267028809,15.9399995803833,14.398693084716797,460200
2022-06-16,15.5,15.6899995803833,15.020000457763672,15.119999885559082,13.657983779907227,509500
2022-06-17,15.130000114440918,15.3100004196167,13.899999618530273,14.020000457763672,12.664347648620605,1248000
2022-06-21,14.319999694824219,14.779999732971191,14.130000114440918,14.3100004196167,12.92630672454834,429800
2022-06-22,13.640000343322754,13.890000343322754,12.930000305175781,13.180000305175781,11.905570983886719,697200
2022-06-23,13.1899995803833,13.479999542236328,12.380000114440918,12.890000343322754,11.643611907958984,615500
2022-06-24,13.220000267028809,13.460000038146973,12.739999771118164,12.930000305175781,11.679742813110352,584000
2022-06-27,13.0,13.413000106811523,12.869999885559082,13.289999961853027,12.004934310913086,285900
2022-06-28,13.75,14.069999694824219,13.220000267028809,13.479999542236328,12.176560401916504,301200
2022-06-29,13.8100004196167,13.869999885559082,12.65999984741211,12.789999961853027,11.553282737731934,250600
2022-06-30,12.390000343322754,12.890999794006348,12.270000457763672,12.479999542236328,11.273255348205566,343100
2022-07-01,12.569999694824219,12.781000137329102,12.010000228881836,12.520000457763672,11.309389114379883,225500
2022-07-05,12.020000457763672,12.15999984741211,11.229999542236328,11.760000228881836,10.622878074645996,480400
2022-07-06,11.59000015258789,11.8100004196167,10.859999656677246,11.279999732971191,10.189289093017578,408200
2022-07-07,11.59000015258789,12.399999618530273,11.59000015258789,12.239999771118164,11.056461334228516,318600
2022-07-08,12.399999618530273,12.800000190734863,12.050000190734863,12.710000038146973,11.481016159057617,282300
2022-07-11,12.420000076293945,12.760000228881836,12.15999984741211,12.600000381469727,11.381653785705566,181900
2022-07-12,12.289999961853027,12.5600004196167,12.140000343322754,12.25,11.065497398376465,193700
2022-07-13,12.050000190734863,12.65999984741211,12.050000190734863,12.34000015258789,11.1467924118042,132200
2022-07-14,12.0,12.029999732971191,11.59000015258789,11.9399995803833,10.785470008850098,180600
2022-07-15,12.289999961853027,12.40999984741211,11.9399995803833,12.369999885559082,11.173892974853516,134400
2022-07-18,12.75,13.140000343322754,12.75,12.949999809265137,11.697810173034668,148900
2022-07-19,13.010000228881836,13.510000228881836,13.010000228881836,13.460000038146973,12.158496856689453,195600
2022-07-20,13.369999885559082,13.640000343322754,13.184000015258789,13.59000015258789,12.275927543640137,137900
2022-07-21,13.170000076293945,13.350000381469727,12.680000305175781,13.34000015258789,12.050101280212402,136200
2022-07-22,13.420000076293945,13.510000228881836,12.890000343322754,13.0,11.742976188659668,128700
2022-07-25,13.239999771118164,13.880000114440918,12.920000076293945,13.859999656677246,12.519818305969238,169900
2022-07-26,13.90999984741211,14.159000396728516,13.626999855041504,13.75,12.420454978942871,133800
2022-07-27,13.829999923706055,14.270000457763672,13.635000228881836,14.199999809265137,12.82694149017334,212200
2022-07-28,14.430000305175781,14.609999656677246,14.079999923706055,14.329999923706055,12.944372177124023,393400
2022-07-29,14.619999885559082,15.0,14.380000114440918,14.600000381469727,13.18826675415039,941600
2022-08-01,14.279999732971191,14.531000137329102,13.770000457763672,13.829999923706055,12.492718696594238,466300
2022-08-02,13.899999618530273,14.050000190734863,13.569999694824219,13.75,12.420454978942871,200200
2022-08-03,13.8100004196167,13.895000457763672,12.96500015258789,13.130000114440918,11.860404014587402,191900
2022-08-04,12.920000076293945,13.149999618530273,12.600000381469727,12.960000038146973,11.706843376159668,293200
2022-08-05,12.720000267028809,13.75,12.720000267028809,13.619999885559082,12.303025245666504,136700
2022-08-08,13.640000343322754,13.779999732971191,13.34000015258789,13.569999694824219,12.25786018371582,161500
2022-08-09,13.65999984741211,13.90999984741211,13.5,13.630000114440918,12.312057495117188,229000
2022-08-10,13.789999961853027,14.555000305175781,13.569999694824219,14.430000305175781,13.034703254699707,338900
2022-08-11,15.0,16.020000457763672,15.0,15.739999771118164,14.218033790588379,472600
2022-08-12,16.100000381469727,16.649999618530273,15.539999961853027,16.43000030517578,14.841316223144531,481200
2022-08-15,16.049999237060547,16.049999237060547,15.109999656677246,15.9399995803833,14.398693084716797,324400
2022-08-16,16.860000610351562,17.239999771118164,16.219999313354492,16.440000534057617,14.850347518920898,374200
2022-08-17,16.530000686645508,17.729999542236328,16.5,17.59000015258789,15.88914966583252,292300
2022-08-18,17.8799991607666,18.159000396728516,17.479999542236328,17.790000915527344,16.069812774658203,342500
2022-08-19,17.649999618530273,17.729999542236328,16.979999542236328,17.309999465942383,15.636223793029785,392800
2022-08-22,16.709999084472656,17.3799991607666,16.440000534057617,17.15999984741211,15.65446662902832,340500
2022-08-23,17.56999969482422,18.030000686645508,17.31999969482422,17.360000610351562,15.836922645568848,421800
2022-08-24,17.469999313354492,18.010000228881836,17.389999389648438,17.799999237060547,16.238319396972656,321600
2022-08-25,17.90999984741211,17.950000762939453,17.040000915527344,17.200000762939453,15.690960884094238,305600
2022-08-26,17.219999313354492,17.219999313354492,16.760000228881836,17.010000228881836,15.517630577087402,255500
2022-08-29,16.829999923706055,17.530000686645508,16.799999237060547,17.260000228881836,15.745694160461426,190600
2022-08-30,16.989999771118164,17.190000534057617,15.600000381469727,16.34000015258789,14.906410217285156,368400
2022-08-31,16.0,17.18000030517578,15.75,17.1299991607666,15.62709903717041,389300
2022-09-01,17.020000457763672,17.020000457763672,16.225000381469727,16.34000015258789,14.906410217285156,461600
2022-09-02,16.8700008392334,17.06999969482422,16.5,16.770000457763672,15.298685073852539,266000
2022-09-06,17.389999389648438,17.75,16.841999053955078,16.8700008392334,15.389913558959961,564900
2022-09-07,15.630000114440918,16.0,14.010000228881836,15.59000015258789,14.222212791442871,1460200
2022-09-08,15.630000114440918,16.389999389648438,15.59000015258789,16.270000457763672,14.842551231384277,536200
2022-09-09,16.350000381469727,16.579999923706055,15.619999885559082,15.850000381469727,14.45940113067627,3764200
2022-09-12,16.110000610351562,16.309999465942383,15.819999694824219,15.880000114440918,14.486769676208496,734400
2022-09-13,15.800000190734863,16.40999984741211,15.510000228881836,15.6899995803833,14.313438415527344,611300
2022-09-14,15.8100004196167,16.927000045776367,15.8100004196167,16.3700008392334,14.933778762817383,736100
2022-09-15,16.15999984741211,16.420000076293945,15.75,15.800000190734863,14.413788795471191,501800
2022-09-16,15.65999984741211,15.6899995803833,14.770000457763672,15.020000457763672,13.702223777770996,778300
2022-09-19,14.65999984741211,15.289999961853027,14.550000190734863,15.180000305175781,13.848184585571289,370100
2022-09-20,15.079999923706055,15.079999923706055,14.649999618530273,14.760000228881836,13.465033531188965,391500
2022-09-21,15.0,15.100000381469727,14.300000190734863,14.34000015258789,13.081880569458008,290700
2022-09-22,14.649999618530273,14.760000228881836,14.100000381469727,14.119999885559082,12.881182670593262,321100
2022-09-23,13.619999885559082,13.779999732971191,12.65999984741211,13.569999694824219,12.379437446594238,1005800
2022-09-26,13.239999771118164,13.460000038146973,12.850000381469727,12.920000076293945,11.786465644836426,686300
2022-09-27,13.069999694824219,13.09000015258789,12.569999694824219,12.84000015258789,11.713483810424805,553700
2022-09-28,13.149999618530273,13.880000114440918,12.920000076293945,13.770000457763672,12.561891555786133,641700
2022-09-29,13.569999694824219,13.6850004196167,13.16100025177002,13.680000305175781,12.479784965515137,322300
2022-09-30,13.479999542236328,13.789999961853027,13.329999923706055,13.470000267028809,12.288209915161133,225300
2022-10-03,13.9399995803833,14.670000076293945,13.9399995803833,14.640000343322754,13.355561256408691,632900
2022-10-04,14.9399995803833,15.329999923706055,14.739999771118164,15.329999923706055,13.985025405883789,445500
2022-10-05,15.100000381469727,16.0,14.8100004196167,15.8100004196167,14.422911643981934,373400
2022-10-06,15.729999542236328,16.260000228881836,15.729999542236328,16.079999923706055,14.669222831726074,313500
2022-10-07,16.049999237060547,16.389999389648438,15.390000343322754,15.5,14.140108108520508,589000
2022-10-10,15.4399995803833,15.4399995803833,14.3100004196167,14.399999618530273,13.136616706848145,487100
2022-10-11,14.130000114440918,14.869999885559082,13.899999618530273,14.619999885559082,13.337315559387207,382900
2022-10-12,14.619999885559082,14.890000343322754,14.130000114440918,14.569999694824219,13.291702270507812,247800
2022-10-13,14.390000343322754,15.42300033569336,14.350000381469727,15.210000038146973,13.8755521774292,371800
2022-10-14,15.130000114440918,15.239999771118164,14.109999656677246,14.140000343322754,12.899429321289062,270000
2022-10-17,14.420000076293945,14.829999923706055,14.32699966430664,14.609999656677246,13.328192710876465,203400
2022-10-18,14.850000381469727,14.989999771118164,14.34000015258789,14.579999923706055,13.300825119018555,212900
2022-10-19,14.4399995803833,14.680000305175781,14.029999732971191,14.609999656677246,13.328192710876465,344800
2022-10-20,14.680000305175781,14.859999656677246,14.369999885559082,14.489999771118164,13.218721389770508,298800
2022-10-21,14.600000381469727,14.880000114440918,14.369999885559082,14.829999923706055,13.528891563415527,241100
2022-10-24,14.789999961853027,14.800000190734863,14.354999542236328,14.569999694824219,13.291702270507812,275100
2022-10-25,14.539999961853027,14.670000076293945,14.300000190734863,14.600000381469727,13.319071769714355,222000
2022-10-26,14.640000343322754,15.069999694824219,14.489999771118164,14.5,13.227842330932617,292400
2022-10-27,14.819999694824219,14.979000091552734,13.85200023651123,13.880000114440918,12.662240028381348,234700
2022-10-28,13.979999542236328,13.979999542236328,13.137999534606934,13.4399995803833,12.260842323303223,484700
2022-10-31,13.369999885559082,13.920000076293945,13.289999961853027,13.779999732971191,12.571012496948242,336800
2022-11-01,14.100000381469727,14.819999694824219,13.899999618530273,14.420000076293945,13.154863357543945,1003200
2022-11-02,14.390000343322754,14.460000038146973,13.489999771118164,13.739999771118164,12.53452205657959,285700
2022-11-03,13.510000228881836,13.979999542236328,13.479999542236328,13.770000457763672,12.561891555786133,261900
2022-11-04,14.289999961853027,14.619999885559082,14.111000061035156,14.430000305175781,13.163985252380371,286900
2022-11-07,14.630000114440918,15.109999656677246,14.539999961853027,14.850000381469727,13.547137260437012,300500
2022-11-08,14.880000114440918,15.109999656677246,14.430000305175781,15.029999732971191,13.711344718933105,213400
2022-11-09,14.869999885559082,14.869999885559082,13.859999656677246,14.100000381469727,12.862936973571777,587000
2022-11-10,15.069999694824219,15.140000343322754,14.050000190734863,14.34000015258789,13.081880569458008,626900
2022-11-11,14.65999984741211,14.895000457763672,14.133999824523926,14.369999885559082,13.109248161315918,508800
2022-11-14,14.34000015258789,14.539999961853027,13.595000267028809,13.640000343322754,12.443294525146484,375600
2022-11-15,13.699999809265137,14.369999885559082,13.484999656677246,14.300000190734863,13.045391082763672,324600
2022-11-16,13.970000267028809,14.104999542236328,13.5600004196167,13.850000381469727,12.634871482849121,522600
2022-11-17,14.1899995803833,14.449999809265137,13.9399995803833,14.229999542236328,12.981531143188477,475700
2022-11-18,13.979999542236328,14.100000381469727,13.449999809265137,14.0600004196167,12.826447486877441,320000
2022-11-21,13.75,14.020000457763672,13.170000076293945,13.949999809265137,12.726099014282227,486200
2022-11-22,13.890000343322754,14.567999839782715,13.890000343322754,14.5,13.391032218933105,385500
2022-11-23,14.40999984741211,14.59000015258789,14.039999961853027,14.140000343322754,13.058566093444824,257900
2022-11-25,14.149999618530273,14.569999694824219,14.079999923706055,14.279999732971191,13.187857627868652,140000
2022-11-28,13.829999923706055,14.050000190734863,13.520000457763672,13.5600004196167,12.522924423217773,376100
2022-11-29,13.789999961853027,14.069999694824219,13.640000343322754,14.029999732971191,12.956978797912598,281500
2022-11-30,14.289999961853027,14.369000434875488,13.869999885559082,14.050000190734863,12.975448608398438,599300
2022-12-01,14.180000305175781,14.4399995803833,13.65999984741211,13.720000267028809,12.670686721801758,601200
2022-12-02,13.600000381469727,13.75,13.180000305175781,13.34000015258789,12.319750785827637,327000
2022-12-05,13.59000015258789,14.260000228881836,13.335000038146973,13.630000114440918,12.587570190429688,712600
2022-12-06,13.539999961853027,13.829999923706055,12.5600004196167,12.640000343322754,11.673287391662598,364100
2022-12-07,12.6899995803833,12.927000045776367,12.350000381469727,12.510000228881836,11.553228378295898,324200
2022-12-08,12.819999694824219,12.90999984741211,12.050000190734863,12.180000305175781,11.248468399047852,304000
2022-12-09,12.199999809265137,12.510000228881836,11.979999542236328,12.140000343322754,11.211526870727539,312600
2022-12-12,12.180000305175781,12.399999618530273,12.029999732971191,12.270000457763672,11.331583976745605,421900
2022-12-13,12.479999542236328,12.979999542236328,12.390000343322754,12.520000457763672,11.562463760375977,885300
2022-12-14,12.510000228881836,12.819999694824219,12.130000114440918,12.15999984741211,11.229995727539062,619100
2022-12-15,12.130000114440918,12.260000228881836,11.600000381469727,12.010000228881836,11.091468811035156,755300
2022-12-16,11.699999809265137,11.920000076293945,11.399999618530273,11.720000267028809,10.823648452758789,1947400
2022-12-19,11.779999732971191,12.1899995803833,11.779999732971191,12.069999694824219,11.146879196166992,557400
2022-12-20,12.069999694824219,12.479999542236328,12.069999694824219,12.329999923706055,11.386995315551758,273900
2022-12-21,12.600000381469727,12.642999649047852,12.364999771118164,12.489999771118164,11.534758567810059,389600
2022-12-22,12.489999771118164,12.529999732971191,11.710000038146973,12.09000015258789,11.165349960327148,449500
2022-12-23,12.119999885559082,12.630000114440918,11.930000305175781,12.619999885559082,11.654815673828125,282800
2022-12-27,12.670000076293945,12.710000038146973,12.404999732971191,12.579999923706055,11.617875099182129,202800
2022-12-28,12.420000076293945,12.520000457763672,11.819999694824219,11.960000038146973,11.045292854309082,319600
2022-12-29,12.0,12.149999618530273,11.930000305175781,12.010000228881836,11.091468811035156,435300
2022-12-30,11.90999984741211,12.09000015258789,11.760000228881836,11.989999771118164,11.072998046875,283200
2023-01-03,11.819999694824219,12.100000381469727,11.15999984741211,11.4399995803833,10.565062522888184,498400
2023-01-04,11.270000457763672,11.510000228881836,11.119999885559082,11.1899995803833,10.334182739257812,302300
2023-01-05,11.09000015258789,11.369999885559082,10.829999923706055,11.15999984741211,10.306476593017578,246200
2023-01-06,11.260000228881836,11.359999656677246,10.890000343322754,10.970000267028809,10.131010055541992,321100
2023-01-09,11.079999923706055,11.430000305175781,11.079999923706055,11.34000015258789,10.472710609436035,305800
2023-01-10,11.65999984741211,11.989999771118164,11.4399995803833,11.890000343322754,10.980646133422852,378100
2023-01-11,12.069999694824219,12.270000457763672,11.633000373840332,12.260000228881836,11.322347640991211,242200
2023-01-12,12.390000343322754,12.960000038146973,12.300000190734863,12.859999656677246,11.876460075378418,288900
2023-01-13,12.720000267028809,13.039999961853027,12.619999885559082,12.84000015258789,11.857990264892578,218000
2023-01-17,12.899999618530273,13.079999923706055,12.6899995803833,12.789999961853027,11.811813354492188,332800
2023-01-18,12.850000381469727,13.210000038146973,12.59000015258789,12.609999656677246,11.645581245422363,232900
2023-01-19,12.699999809265137,13.180000305175781,12.484999656677246,13.130000114440918,12.125809669494629,278100
2023-01-20,13.199999809265137,13.300000190734863,12.640000343322754,12.949999809265137,11.959577560424805,454100
2023-01-23,12.989999771118164,13.489999771118164,12.779999732971191,13.420000076293945,12.393631935119629,282000
2023-01-24,13.550000190734863,13.550000190734863,12.979999542236328,12.989999771118164,11.9965181350708,115200
2023-01-25,12.260000228881836,12.65999984741211,11.260000228881836,12.229999542236328,11.29464340209961,523200
2023-01-26,12.199999809265137,12.4399995803833,12.114999771118164,12.369999885559082,11.423935890197754,268600
2023-01-27,12.380000114440918,12.649999618530273,12.229999542236328,12.399999618530273,11.451642036437988,233400
2023-01-30,12.039999961853027,12.25,11.640000343322754,11.75,10.85135269165039,407600
2023-01-31,11.729999542236328,12.079999923706055,11.569999694824219,12.0600004196167,11.13764476776123,382000
2023-02-01,12.0,12.029999732971191,11.458000183105469,11.880000114440918,10.97141170501709,477200
2023-02-02,11.899999618530273,11.920000076293945,11.15999984741211,11.329999923706055,10.463475227355957,375700
2023-02-03,11.34000015258789,11.729999542236328,11.25,11.34000015258789,10.472710609436035,282700
2023-02-06,11.25,11.434000015258789,10.90999984741211,11.119999885559082,10.269535064697266,312600
2023-02-07,11.09000015258789,11.550000190734863,11.029999732971191,11.520000457763672,10.638944625854492,323100
2023-02-08,11.5,11.571999549865723,11.350000381469727,11.460000038146973,10.58353328704834,223100
2023-02-09,11.529999732971191,11.600000381469727,11.277000427246094,11.3100004196167,10.4450044631958,306300
2023-02-10,11.449999809265137,12.199999809265137,11.449999809265137,12.170000076293945,11.239232063293457,301300
2023-02-13,12.09000015258789,12.1899995803833,11.899999618530273,12.140000343322754,11.211526870727539,192900
2023-02-14,11.949999809265137,12.0600004196167,11.350000381469727,11.899999618530273,10.989880561828613,280000
2023-02-15,11.84000015258789,11.880000114440918,11.260000228881836,11.779999732971191,10.879059791564941,305200
2023-02-16,11.779999732971191,12.008999824523926,11.569999694824219,11.59000015258789,10.703590393066406,230200
2023-02-17,11.460000038146973,11.460000038146973,11.119999885559082,11.180000305175781,10.32494831085205,293500
2023-02-21,11.0600004196167,11.199999809265137,10.789999961853027,10.930000305175781,10.094067573547363,376400
2023-02-22,10.9399995803833,11.149999618530273,10.729999542236328,11.050000190734863,10.204890251159668,295000
2023-02-23,11.260000228881836,11.65999984741211,11.1899995803833,11.520000457763672,10.638944625854492,222500
2023-02-24,11.329999923706055,11.8100004196167,11.300000190734863,11.789999961853027,10.888294219970703,246900
2023-02-27,11.920000076293945,12.109999656677246,11.789999961853027,11.880000114440918,10.97141170501709,232900
2023-02-28,12.010000228881836,12.024999618530273,11.5,11.539999961853027,10.657414436340332,513900
2023-03-01,11.390000343322754,11.760000228881836,11.390000343322754,11.609999656677246,10.722062110900879,358600
2023-03-02,11.579999923706055,12.154999732971191,11.460000038146973,12.0,11.082232475280762,264000
2023-03-03,11.84000015258789,12.449999809265137,11.800000190734863,12.3100004196167,11.368524551391602,304700
2023-03-06,12.1899995803833,12.1899995803833,11.901000022888184,12.069999694824219,11.146879196166992,309500
2023-03-07,12.010000228881836,12.119999885559082,11.664999961853027,11.739999771118164,10.842117309570312,420500
2023-03-08,12.350000381469727,12.470000267028809,11.329999923706055,11.619999885559082,10.73129653930664,522900
2023-03-09,11.680000305175781,11.850000381469727,11.229999542236328,11.279999732971191,10.417299270629883,369800
2023-03-10,11.239999771118164,11.585000038146973,11.069999694824219,11.210000038146973,10.352653503417969,387500
2023-03-13,11.779999732971191,11.779999732971191,10.869999885559082,10.970000267028809,10.131010055541992,623900
2023-03-14,11.079999923706055,11.319999694824219,10.5,10.75,9.927834510803223,503600
2023-03-15,10.4399995803833,10.5,9.979999542236328,10.119999885559082,9.346016883850098,883700
2023-03-16,9.9399995803833,10.65999984741211,9.800000190734863,10.539999961853027,9.733895301818848,604500
2023-03-17,10.449999809265137,10.529999732971191,10.015000343322754,10.3100004196167,9.677577018737793,1303300
2023-03-20,10.270000457763672,10.569999694824219,10.079999923706055,10.460000038146973,9.818374633789062,488900
2023-03-21,10.65999984741211,10.829999923706055,10.399999618530273,10.6899995803833,10.034265518188477,463200
2023-03-22,10.699999809265137,10.84000015258789,10.380000114440918,10.479999542236328,9.83714771270752,569000
2023-03-23,10.670000076293945,10.710000038146973,10.130000114440918,10.319999694824219,9.686962127685547,492600
2023-03-24,10.15999984741211,10.720000267028809,10.109999656677246,10.710000038146973,10.053038597106934,466900
2023-03-27,10.649999618530273,10.675000190734863,10.039999961853027,10.609999656677246,9.959174156188965,505500
2023-03-28,10.5600004196167,10.850000381469727,10.449999809265137,10.819999694824219,10.156291007995605,492900
2023-03-29,10.859999656677246,11.069999694824219,10.630000114440918,10.989999771118164,10.315862655639648,629300
2023-03-30,11.079999923706055,11.130000114440918,10.845000267028809,11.130000114440918,10.44727611541748,304600
2023-03-31,11.1899995803833,11.369999885559082,11.085000038146973,11.3100004196167,10.616233825683594,493600
2023-04-03,11.710000038146973,12.020000457763672,11.5600004196167,12.020000457763672,11.282684326171875,722400
2023-04-04,12.140000343322754,12.25,11.800000190734863,11.90999984741211,11.17943000793457,431600
2023-04-05,11.8100004196167,11.899999618530273,11.510000228881836,11.770000457763672,11.048018455505371,309300
2023-04-06,11.789999961853027,11.979999542236328,11.625,11.859999656677246,11.13249683380127,440100
2023-04-10,11.890000343322754,12.229999542236328,11.890000343322754,12.039999961853027,11.301456451416016,344000
2023-04-11,12.359999656677246,12.680000305175781,12.199999809265137,12.510000228881836,11.742626190185547,555700
2023-04-12,12.59000015258789,12.84000015258789,12.520000457763672,12.680000305175781,11.902198791503906,270900
2023-04-13,12.640000343322754,12.90999984741211,12.550000190734863,12.600000381469727,11.827105522155762,263300
2023-04-14,12.649999618530273,12.760000228881836,12.430000305175781,12.569999694824219,11.798944473266602,192700
2023-04-17,12.579999923706055,12.680000305175781,12.0,12.100000381469727,11.357773780822754,292500
2023-04-18,11.920000076293945,12.03499984741211,11.484999656677246,11.649999618530273,10.935379028320312,415800
2023-04-19,11.449999809265137,11.494999885559082,11.100000381469727,11.460000038146973,10.75703239440918,276300
2023-04-20,11.220000267028809,11.399999618530273,11.0,11.369999885559082,10.672554016113281,302300
2023-04-21,11.420000076293945,11.520000457763672,11.210000038146973,11.449999809265137,10.747647285461426,352600
2023-04-24,11.390000343322754,11.739999771118164,11.359999656677246,11.65999984741211,10.944764137268066,300100
2023-04-25,11.460000038146973,11.460000038146973,10.994999885559082,11.1899995803833,10.503595352172852,265300
2023-04-26,11.029999732971191,11.199999809265137,10.979999542236328,11.140000343322754,10.45666217803955,473700
2023-04-27,11.149999618530273,11.300000190734863,11.039999961853027,11.220000267028809,10.531756401062012,164700
2023-04-28,11.289999961853027,11.850000381469727,11.260000228881836,11.619999885559082,10.907218933105469,295900
2023-05-01,11.430000305175781,11.800000190734863,11.390000343322754,11.609999656677246,10.897832870483398,232900
2023-05-02,11.390000343322754,11.418999671936035,10.699999809265137,10.979999542236328,10.306477546691895,507400
2023-05-03,10.84000015258789,11.157999992370605,10.515000343322754,10.609999656677246,9.959174156188965,746300
2023-05-04,10.739999771118164,11.470000267028809,10.600000381469727,10.65999984741211,10.00610637664795,772100
2023-05-05,10.949999809265137,11.295000076293945,10.880000114440918,11.079999923706055,10.40034294128418,333300
2023-05-08,11.359999656677246,11.560999870300293,10.890000343322754,10.899999618530273,10.231383323669434,304800
2023-05-09,10.75,10.880000114440918,10.449999809265137,10.619999885559082,9.968560218811035,516400
2023-05-10,10.630000114440918,10.675000190734863,10.420000076293945,10.550000190734863,9.902853965759277,351100
2023-05-11,10.670000076293945,10.670000076293945,9.9399995803833,10.039999961853027,9.424137115478516,462700
2023-05-12,10.140000343322754,10.175000190734863,9.779999732971191,10.0,9.386592864990234,289900
2023-05-15,10.079999923706055,10.399999618530273,9.850000381469727,10.130000114440918,9.50861644744873,354200
2023-05-16,10.069999694824219,10.15999984741211,9.819999694824219,9.829999923706055,9.227019309997559,228500
2023-05-17,9.90999984741211,10.15999984741211,9.600000381469727,10.09000015258789,9.471071243286133,406700
2023-05-18,10.09000015258789,10.380000114440918,9.979999542236328,10.369999885559082,9.733895301818848,297200
2023-05-19,10.529999732971191,10.569999694824219,10.119999885559082,10.210000038146973,9.583710670471191,252700
2023-05-22,10.220000267028809,10.369999885559082,10.039999961853027,10.260000228881836,9.630642890930176,222300
2023-05-23,10.25,10.461000442504883,10.170000076293945,10.1899995803833,9.678131103515625,248500
2023-05-24,10.25,10.289999961853027,9.9399995803833,10.100000381469727,9.592652320861816,221000
2023-05-25,9.880000114440918,9.930000305175781,9.359999656677246,9.550000190734863,9.070280075073242,335700
2023-05-26,9.569999694824219,9.869999885559082,9.470000267028809,9.8100004196167,9.317220687866211,531300
2023-05-30,9.619999885559082,9.710000038146973,9.449999809265137,9.670000076293945,9.184252738952637,291700
2023-05-31,9.670000076293945,9.720000267028809,9.260000228881836,9.40999984741211,8.937313079833984,576500
2023-06-01,9.4399995803833,9.670000076293945,9.170000076293945,9.539999961853027,9.060782432556152,373500
2023-06-02,9.75,10.020000457763672,9.619999885559082,9.90999984741211,9.412196159362793,270500
2023-06-05,10.119999885559082,10.1899995803833,9.59000015258789,9.609999656677246,9.127266883850098,280900
2023-06-06,9.470000267028809,9.90999984741211,9.4399995803833,9.819999694824219,9.326716423034668,466600
2023-06-07,9.890000343322754,10.529999732971191,9.890000343322754,10.420000076293945,9.896576881408691,811800
2023-06-08,10.430000305175781,10.5649995803833,10.1899995803833,10.300000190734863,9.78260612487793,294500
2023-06-09,10.40999984741211,10.430000305175781,10.050000190734863,10.100000381469727,9.592652320861816,333000
2023-06-12,10.100000381469727,10.34000015258789,9.854999542236328,9.979999542236328,9.478679656982422,377000
2023-06-13,10.199999809265137,10.680000305175781,10.069999694824219,10.260000228881836,9.744614601135254,373100
2023-06-14,10.420000076293945,10.529999732971191,9.989999771118164,10.199999809265137,9.687628746032715,334300
2023-06-15,10.300000190734863,10.539999961853027,10.239999771118164,10.380000114440918,9.858588218688965,266000
2023-06-16,10.489999771118164,10.489999771118164,10.170000076293945,10.3100004196167,9.792104721069336,669400
2023-06-20,10.180000305175781,10.234999656677246,9.869999885559082,10.079999923706055,9.573657035827637,355400
2023-06-21,10.039999961853027,10.270000457763672,9.994999885559082,10.020000457763672,9.516671180725098,648400
2023-06-22,9.850000381469727,10.029999732971191,9.779999732971191,9.920000076293945,9.421693801879883,517500
2023-06-23,9.729999542236328,10.069999694824219,9.600000381469727,9.9399995803833,9.440689086914062,2410800
2023-06-26,9.869999885559082,10.1899995803833,9.84000015258789,10.010000228881836,9.507173538208008,409900
2023-06-27,9.979999542236328,10.425000190734863,9.800000190734863,10.350000381469727,9.830094337463379,546000
2023-06-28,10.380000114440918,10.470000267028809,10.09000015258789,10.380000114440918,9.858588218688965,445800
2023-06-29,10.40999984741211,10.619999885559082,10.369999885559082,10.600000381469727,10.067536354064941,357700
2023-06-30,10.6899995803833,10.6899995803833,10.40999984741211,10.420000076293945,9.896576881408691,327800
2023-07-03,10.390000343322754,10.5600004196167,10.380000114440918,10.460000038146973,9.93456745147705,125500
2023-07-05,10.510000228881836,10.59000015258789,10.364999771118164,10.380000114440918,9.858588218688965,225500
2023-07-06,10.239999771118164,10.3149995803833,9.73900032043457,10.039999961853027,9.535665512084961,343300
2023-07-07,10.010000228881836,10.640000343322754,10.010000228881836,10.460000038146973,9.93456745147705,509400
2023-07-10,10.40999984741211,10.680000305175781,10.375,10.65999984741211,10.124521255493164,311100
2023-07-11,10.800000190734863,10.880000114440918,10.482000350952148,10.65999984741211,10.124521255493164,563600
2023-07-12,10.850000381469727,10.970000267028809,10.670000076293945,10.770000457763672,10.228997230529785,296800
2023-07-13,10.800000190734863,11.109999656677246,10.779999732971191,10.930000305175781,10.380958557128906,535500
2023-07-14,10.899999618530273,10.899999618530273,10.479999542236328,10.510000228881836,9.982057571411133,379400
2023-07-17,10.420000076293945,11.100000381469727,10.40999984741211,10.9399995803833,10.390457153320312,495700
2023-07-18,10.859999656677246,11.510000228881836,10.859999656677246,11.369999885559082,10.798856735229492,460000
2023-07-19,11.449999809265137,11.760000228881836,11.420000076293945,11.430000305175781,10.855842590332031,562600
2023-07-20,11.539999961853027,11.654999732971191,11.420000076293945,11.470000267028809,10.89383316040039,304900
2023-07-21,11.579999923706055,11.579999923706055,11.239999771118164,11.289999961853027,10.722874641418457,431700
2023-07-24,11.15999984741211,11.505000114440918,11.069999694824219,11.350000381469727,10.779862403869629,275000
2023-07-25,11.350000381469727,11.539999961853027,11.050000190734863,11.359999656677246,10.789358139038086,255100
2023-07-26,11.300000190734863,11.380000114440918,11.15999984741211,11.319999694824219,10.75136947631836,184900
2023-07-27,11.430000305175781,11.550000190734863,11.239999771118164,11.359999656677246,10.789358139038086,301900
2023-07-28,11.449999809265137,11.739999771118164,11.321999549865723,11.6899995803833,11.102781295776367,286900
2023-07-31,11.729999542236328,11.899999618530273,11.609999656677246,11.869999885559082,11.2737398147583,294500
2023-08-01,11.800000190734863,11.800000190734863,11.359999656677246,11.59000015258789,11.007805824279785,254400
2023-08-02,11.470000267028809,11.539999961853027,11.359999656677246,11.479999542236328,10.90333080291748,292400
2023-08-03,11.529999732971191,12.0,11.40999984741211,11.859999656677246,11.264242172241211,379000
2023-08-04,11.899999618530273,12.130000114440918,11.899999618530273,12.010000228881836,11.406709671020508,431600
2023-08-07,12.0600004196167,12.140000343322754,11.878999710083008,12.119999885559082,11.511181831359863,272200
2023-08-08,11.789999961853027,12.100000381469727,11.489999771118164,12.069999694824219,11.463692665100098,285100
2023-08-09,12.25,12.8100004196167,12.149999618530273,12.670000076293945,12.033554077148438,652500
2023-08-10,13.0,13.220000267028809,12.4399995803833,12.8100004196167,12.166522979736328,527600
2023-08-11,12.899999618530273,13.550000190734863,12.810999870300293,13.539999961853027,12.85985279083252,716700
2023-08-14,13.529999732971191,13.579999923706055,13.050000190734863,13.420000076293945,12.745881080627441,842800
2023-08-15,13.220000267028809,13.460000038146973,13.100000381469727,13.220000267028809,12.555928230285645,514500
2023-08-16,13.34000015258789,13.5600004196167,13.34000015258789,13.399999618530273,12.726884841918945,452700
2023-08-17,13.630000114440918,14.029999732971191,13.59000015258789,13.640000343322754,12.954829216003418,1040100
2023-08-18,13.520000457763672,13.890000343322754,13.40999984741211,13.65999984741211,12.973825454711914,838200
2023-08-21,13.760000228881836,13.9399995803833,13.40999984741211,13.5,12.821861267089844,759300
2023-08-22,13.430000305175781,13.800000190734863,13.413999557495117,13.569999694824219,13.003935813903809,501600
2023-08-23,13.289999961853027,13.300000190734863,12.579999923706055,13.100000381469727,12.553542137145996,759600
2023-08-24,13.0600004196167,13.359999656677246,13.0600004196167,13.25,12.697284698486328,621100
2023-08-25,13.289999961853027,13.470000267028809,13.0600004196167,13.380000114440918,12.82186222076416,790200
2023-08-28,13.600000381469727,13.770000457763672,13.484999656677246,13.619999885559082,13.051850318908691,394600
2023-08-29,13.720000267028809,13.720000267028809,13.460000038146973,13.579999923706055,13.013519287109375,341300
2023-08-30,13.539999961853027,13.649999618530273,13.40999984741211,13.5,12.936856269836426,532700
2023-08-31,13.5600004196167,13.760000228881836,13.329999923706055,13.630000114440918,13.061432838439941,819700
2023-09-01,13.800000190734863,14.220000267028809,13.800000190734863,13.979999542236328,13.396832466125488,972800
2023-09-05,14.0,14.09000015258789,13.600000381469727,13.619999885559082,13.051850318908691,631200
2023-09-06,13.579999923706055,13.774999618530273,13.34000015258789,13.489999771118164,12.92727279663086,490900
2023-09-07,12.800000190734863,13.494999885559082,12.739999771118164,13.300000190734863,12.745199203491211,9559000
2023-09-08,13.300000190734863,13.430000305175781,13.050000190734863,13.100000381469727,12.553542137145996,1746100
2023-09-11,13.229999542236328,13.3100004196167,12.210000038146973,12.300000190734863,11.78691291809082,1758600
2023-09-12,12.5,12.75,12.364999771118164,12.479999542236328,11.959403991699219,1792300
2023-09-13,12.5600004196167,12.680000305175781,12.140000343322754,12.300000190734863,11.78691291809082,1147400
2023-09-14,12.4399995803833,12.5600004196167,12.220000267028809,12.40999984741211,11.892324447631836,1272200
2023-09-15,12.40999984741211,12.510000228881836,12.279999732971191,12.449999809265137,11.930656433105469,3703300
2023-09-18,12.729999542236328,12.890000343322754,12.270000457763672,12.489999771118164,11.968987464904785,813100
2023-09-19,12.630000114440918,12.6899995803833,11.994999885559082,12.079999923706055,11.576090812683105,816400
2023-09-20,11.979999542236328,12.1899995803833,11.880000114440918,11.90999984741211,11.41318130493164,486500
2023-09-21,11.9399995803833,12.020000457763672,11.609999656677246,11.640000343322754,11.15444564819336,582800
2023-09-22,11.699999809265137,11.829999923706055,11.510000228881836,11.609999656677246,11.125696182250977,624600
2023-09-25,11.600000381469727,12.444999694824219,11.600000381469727,12.399999618530273,11.882741928100586,1194200
2023-09-26,12.289999961853027,12.609999656677246,12.170000076293945,12.210000038146973,11.700668334960938,778300
2023-09-27,12.609999656677246,13.130000114440918,12.609999656677246,13.029999732971191,12.486461639404297,1345900
2023-09-28,13.130000114440918,13.319999694824219,12.630000114440918,12.779999732971191,12.246891021728516,738800
2023-09-29,12.819999694824219,12.819999694824219,12.5600004196167,12.640000343322754,12.112730979919434,502000
2023-10-02,12.649999618530273,12.649999618530273,11.6899995803833,11.770000457763672,11.279022216796875,853300
2023-10-03,11.670000076293945,11.890000343322754,11.609999656677246,11.850000381469727,11.355685234069824,641200
2023-10-04,11.569999694824219,11.739999771118164,10.9399995803833,10.960000038146973,10.502809524536133,704400
2023-10-05,10.789999961853027,11.029999732971191,10.649999618530273,10.6899995803833,10.244073867797852,692000
2023-10-06,10.680000305175781,11.180000305175781,10.550999641418457,11.039999961853027,10.579474449157715,728600
2023-10-09,11.430000305175781,11.680000305175781,11.289999961853027,11.640000343322754,11.15444564819336,610900
2023-10-10,11.630000114440918,11.75,11.5,11.6899995803833,11.20235824584961,474300
2023-10-11,11.479999542236328,11.619999885559082,11.239999771118164,11.609999656677246,11.125696182250977,417100
2023-10-12,11.739999771118164,11.739999771118164,11.399999618530273,11.489999771118164,11.010701179504395,333100
2023-10-13,11.75,12.020000457763672,11.645000457763672,12.020000457763672,11.518594741821289,548500
2023-10-16,12.050000190734863,12.279999732971191,11.890000343322754,12.260000228881836,11.748581886291504,517100
2023-10-17,12.180000305175781,12.420000076293945,12.109999656677246,12.109999656677246,11.604838371276855,569700
2023-10-18,12.109999656677246,12.199999809265137,11.963000297546387,12.109999656677246,11.604838371276855,322600
2023-10-19,12.020000457763672,12.420000076293945,11.880000114440918,12.199999809265137,11.691085815429688,395900
2023-10-20,12.220000267028809,12.354999542236328,12.069999694824219,12.149999618530273,11.643169403076172,475400
2023-10-23,11.989999771118164,12.25,11.765000343322754,11.979999542236328,11.480262756347656,448900
2023-10-24,12.010000228881836,12.164999961853027,11.930000305175781,12.079999923706055,11.576090812683105,466400
2023-10-25,12.079999923706055,12.420000076293945,12.020000457763672,12.329999923706055,11.815661430358887,450900
2023-10-26,12.229999542236328,12.40999984741211,12.039999961853027,12.3100004196167,11.796496391296387,527000
2023-10-27,12.329999923706055,12.510000228881836,12.100000381469727,12.380000114440918,11.863576889038086,523700
2023-10-30,12.449999809265137,12.609999656677246,12.069999694824219,12.350000381469727,11.83482837677002,424100
2023-10-31,12.350000381469727,12.399999618530273,12.079999923706055,12.180000305175781,11.671919822692871,441700
2023-11-01,12.279999732971191,12.40999984741211,12.055000305175781,12.079999923706055,11.576090812683105,346900
2023-11-02,12.170000076293945,12.585000038146973,12.109999656677246,12.520000457763672,11.997735977172852,608100
2023-11-03,12.59000015258789,12.670000076293945,12.350000381469727,12.489999771118164,11.968987464904785,648300
2023-11-06,12.550000190734863,12.649999618530273,11.970000267028809,11.989999771118164,11.489845275878906,743500
2023-11-07,11.739999771118164,11.979999542236328,10.5,10.970000267028809,10.512393951416016,1575700
2023-11-08,10.829999923706055,10.920999526977539,10.359999656677246,10.609999656677246,10.167409896850586,1421200
2023-11-09,10.630000114440918,10.84000015258789,10.390000343322754,10.4399995803833,10.004501342773438,965100
2023-11-10,10.489999771118164,10.600000381469727,10.329999923706055,10.520000457763672,10.081165313720703,587100
2023-11-13,10.470000267028809,10.699999809265137,10.380000114440918,10.600000381469727,10.157828330993652,502000
2023-11-14,11.010000228881836,11.574999809265137,10.949999809265137,11.40999984741211,10.934040069580078,1037700
2023-11-15,11.4399995803833,11.819999694824219,11.380000114440918,11.5,11.020284652709961,6845400
2023-11-16,11.3100004196167,11.350000381469727,10.869999885559082,11.010000228881836,10.550724983215332,904700
2023-11-17,11.039999961853027,11.600000381469727,11.039999961853027,11.520000457763672,11.161097526550293,620500
2023-11-20,11.600000381469727,11.949999809265137,11.489999771118164,11.529999732971191,11.170784950256348,1114400
2023-11-21,11.4399995803833,11.630000114440918,11.140000343322754,11.5,11.141719818115234,778200
2023-11-22,11.119999885559082,11.40999984741211,10.869999885559082,11.380000114440918,11.025460243225098,980400
2023-11-24,11.40999984741211,11.765000343322754,11.40999984741211,11.630000114440918,11.267671585083008,453300
2023-11-27,11.489999771118164,11.6899995803833,11.255000114440918,11.369999885559082,11.01577091217041,566800
2023-11-28,11.420000076293945,11.609999656677246,11.300000190734863,11.470000267028809,11.112654685974121,1135100
2023-11-29,11.550000190734863,11.649999618530273,11.270000457763672,11.40999984741211,11.054525375366211,634800
2023-11-30,11.489999771118164,11.800000190734863,11.319999694824219,11.399999618530273,11.044836044311523,790300
2023-12-01,11.510000228881836,11.770000457763672,11.260000228881836,11.529999732971191,11.170784950256348,574800
2023-12-04,11.510000228881836,11.78499984741211,11.350000381469727,11.510000228881836,11.151409149169922,1256300
2023-12-05,11.760000228881836,11.777000427246094,11.449999809265137,11.489999771118164,11.132031440734863,1319700
2023-12-06,11.359999656677246,11.494999885559082,10.944999694824219,10.949999809265137,10.608855247497559,846400
2023-12-07,11.050000190734863,11.305000305175781,11.039999961853027,11.199999809265137,10.851067543029785,780600
2023-12-08,11.300000190734863,11.510000228881836,11.119999885559082,11.510000228881836,11.151409149169922,735100
2023-12-11,11.630000114440918,11.630000114440918,11.239999771118164,11.34000015258789,10.98670482635498,792800
2023-12-12,11.039999961853027,11.039999961853027,10.625,10.6899995803833,10.356955528259277,1164300
2023-12-13,10.760000228881836,11.199999809265137,10.550000190734863,11.15999984741211,10.812313079833984,1157100
2023-12-14,11.5,11.795000076293945,11.5,11.699999809265137,11.335489273071289,1187800
2023-12-15,11.829999923706055,12.039999961853027,11.600000381469727,11.9399995803833,11.568011283874512,7759300
2023-12-18,12.130000114440918,12.350000381469727,11.920000076293945,12.180000305175781,11.800536155700684,825800
2023-12-19,12.149999618530273,12.479999542236328,12.119999885559082,12.470000267028809,12.081500053405762,764800
2023-12-20,12.510000228881836,12.789999961853027,12.289999961853027,12.359999656677246,11.97492790222168,798600
2023-12-21,12.420000076293945,12.970000267028809,12.369999885559082,12.930000305175781,12.527169227600098,715100
2023-12-22,13.140000343322754,13.295000076293945,13.029999732971191,13.1899995803833,12.779068946838379,634800
2023-12-26,13.369999885559082,13.789999961853027,13.279999732971191,13.770000457763672,13.340999603271484,858100
2023-12-27,13.84000015258789,13.850000381469727,13.600000381469727,13.65999984741211,13.234426498413086,711200
2023-12-28,13.539999961853027,13.604999542236328,13.270000457763672,13.279999732971191,12.866265296936035,565900
2023-12-29,13.270000457763672,13.395000457763672,13.149999618530273,13.210000038146973,12.798446655273438,873800
2024-01-02,13.25,13.307999610900879,12.760000228881836,12.859999656677246,12.4593505859375,831600
2024-01-03,12.479999542236328,12.789999961853027,12.380000114440918,12.65999984741211,12.265581130981445,1036700
2024-01-04,12.8100004196167,12.8100004196167,11.914999961853027,11.9399995803833,11.568011283874512,1527900
2024-01-05,11.920000076293945,12.359999656677246,11.829999923706055,12.109999656677246,11.732715606689453,2990900
2024-01-08,11.869999885559082,12.255000114440918,11.640000343322754,12.180000305175781,11.800536155700684,933100
2024-01-09,12.1899995803833,12.199999809265137,11.8100004196167,12.149999618530273,11.771469116210938,666800
2024-01-10,12.130000114440918,12.130000114440918,11.755000114440918,11.899999618530273,11.529257774353027,751200
2024-01-11,11.960000038146973,12.0,11.739999771118164,11.890000343322754,11.519570350646973,853300
2024-01-12,12.270000457763672,12.300000190734863,11.84000015258789,11.869999885559082,11.500192642211914,577800
2024-01-16,11.75,11.779999732971191,10.970000267028809,11.020000457763672,10.676674842834473,1229900
2024-01-17,10.720000267028809,10.970000267028809,10.569999694824219,10.829999923706055,10.492593765258789,1772100
2024-01-18,10.869999885559082,10.9399995803833,10.609999656677246,10.890000343322754,10.550724983215332,760300
2024-01-19,10.895000457763672,10.975000381469727,10.675000190734863,10.960000038146973,10.61854362487793,675400
2024-01-22,10.890000343322754,11.079999923706055,10.75,11.0,10.657299041748047,967800
2024-01-23,10.989999771118164,11.164999961853027,10.899999618530273,11.039999961853027,10.696051597595215,615000
2024-01-24,11.170000076293945,11.255000114440918,11.005000114440918,11.15999984741211,10.812313079833984,818600
2024-01-25,11.390000343322754,11.489999771118164,11.079999923706055,11.40999984741211,11.054525375366211,808500
2024-01-26,11.449999809265137,11.53499984741211,11.25,11.5,11.141719818115234,621800
2024-01-29,11.449999809265137,11.449999809265137,11.149999618530273,11.420000076293945,11.064213752746582,602000
2024-01-30,11.270000457763672,11.649999618530273,11.229999542236328,11.59000015258789,11.228917121887207,757200
2024-01-31,11.579999923706055,11.579999923706055,11.050000190734863,11.050000190734863,10.705739974975586,633300
2024-02-01,11.1899995803833,11.350000381469727,10.78499984741211,10.869999885559082,10.531347274780273,1065800
2024-02-02,10.770000457763672,10.770000457763672,10.4350004196167,10.489999771118164,10.163186073303223,651200
2024-02-05,10.40999984741211,10.765000343322754,10.270000457763672,10.59000015258789,10.260072708129883,1242600
2024-02-06,10.609999656677246,10.800000190734863,10.529999732971191,10.779999732971191,10.44415283203125,865700
2024-02-07,10.800000190734863,10.854999542236328,10.664999961853027,10.800000190734863,10.463529586791992,777500
2024-02-08,10.779999732971191,10.9399995803833,10.630000114440918,10.869999885559082,10.531347274780273,1167700
2024-02-09,10.869999885559082,10.914999961853027,10.699999809265137,10.760000228881836,10.424775123596191,983100
2024-02-12,10.779999732971191,11.239999771118164,10.779999732971191,11.079999923706055,10.7348051071167,587800
2024-02-13,10.970000267028809,11.0,10.53499984741211,10.649999618530273,10.318201065063477,933100
2024-02-14,10.739999771118164,10.800000190734863,10.399999618530273,10.479999542236328,10.153497695922852,821900
2024-02-15,10.529999732971191,11.199999809265137,10.529999732971191,11.199999809265137,10.851067543029785,1381900
2024-02-16,11.199999809265137,11.300000190734863,10.9399995803833,11.09000015258789,10.74449348449707,635100
2024-02-20,11.0,11.0649995803833,10.805000305175781,10.949999809265137,10.608855247497559,668800
2024-02-21,11.029999732971191,11.319999694824219,11.029999732971191,11.229999542236328,10.880131721496582,528000
2024-02-22,11.149999618530273,11.239999771118164,11.015000343322754,11.170000076293945,10.822002410888672,700100
2024-02-23,11.0600004196167,11.154999732971191,10.850000381469727,11.0600004196167,10.715428352355957,573800
2024-02-26,10.979999542236328,11.180000305175781,10.850000381469727,10.979999542236328,10.637921333312988,640500
2024-02-27,11.0,11.085000038146973,10.875,10.979999542236328,10.637921333312988,701000
2024-02-28,10.920000076293945,11.024999618530273,10.739999771118164,10.970000267028809,10.628233909606934,684600
2024-02-29,11.09000015258789,11.255000114440918,11.029999732971191,11.180000305175781,10.831690788269043,538300
2024-03-01,11.300000190734863,11.430000305175781,11.229999542236328,11.369999885559082,11.01577091217041,700100
2024-03-04,11.489999771118164,11.5,11.100000381469727,11.119999885559082,10.773558616638184,1008600
2024-03-05,11.739999771118164,12.229999542236328,11.218000411987305,11.930000305175781,11.558323860168457,2566000
2024-03-06,11.949999809265137,11.979999542236328,11.213000297546387,11.279999732971191,10.928573608398438,1481300
2024-03-07,10.789999961853027,11.029999732971191,10.609999656677246,10.640000343322754,10.308513641357422,7605800
2024-03-08,10.789999961853027,10.930000305175781,10.449999809265137,10.850000381469727,10.511971473693848,3201900
2024-03-11,10.8100004196167,11.020000457763672,10.694999694824219,10.869999885559082,10.531347274780273,1658500
2024-03-12,10.789999961853027,10.949999809265137,10.645000457763672,10.899999618530273,10.560412406921387,1044000
2024-03-13,11.0,11.104999542236328,10.789999961853027,11.0,10.657299041748047,1272700
2024-03-14,10.890000343322754,10.979000091552734,10.770000457763672,10.960000038146973,10.7356595993042,972100
2024-03-15,10.90999984741211,11.130000114440918,10.90999984741211,11.109999656677246,10.882589340209961,3080000
2024-03-18,11.180000305175781,11.180000305175781,10.9399995803833,11.180000305175781,10.951157569885254,1262800
2024-03-19,11.130000114440918,11.59000015258789,11.119999885559082,11.399999618530273,11.166653633117676,1731300
2024-03-20,11.399999618530273,11.539999961853027,11.279999732971191,11.479999542236328,11.245016098022461,937200
2024-03-21,11.449999809265137,11.520000457763672,11.265000343322754,11.479999542236328,11.245016098022461,1148900
2024-03-22,11.399999618530273,11.470000267028809,11.149999618530273,11.25,11.019723892211914,1230500
2024-03-25,11.270000457763672,11.569999694824219,11.270000457763672,11.510000228881836,11.274402618408203,1022200
2024-03-26,11.59000015258789,11.630000114440918,11.34000015258789,11.369999885559082,11.13726806640625,1225000
2024-03-27,11.390000343322754,11.739999771118164,11.390000343322754,11.739999771118164,11.499693870544434,1439300
2024-03-28,11.890000343322754,12.010000228881836,11.800000190734863,11.899999618530273,11.656418800354004,1706900
2024-04-01,12.0,12.0,11.569999694824219,11.680000305175781,11.440922737121582,1740500
2024-04-02,11.430000305175781,11.529999732971191,11.09000015258789,11.329999923706055,11.0980863571167,3885800
2024-04-03,11.390000343322754,11.529999732971191,11.260000228881836,11.489999771118164,11.25481128692627,2346500
2024-04-04,11.59000015258789,11.850000381469727,11.569999694824219,11.739999771118164,11.499693870544434,3450100
2024-04-05,11.75,12.164999961853027,11.555000305175781,11.979999542236328,11.734782218933105,3943300
2024-04-08,11.949999809265137,12.064000129699707,11.805000305175781,11.869999885559082,11.627033233642578,1371700
2024-04-09,11.920000076293945,12.010000228881836,11.850000381469727,12.0,11.754372596740723,1748100
2024-04-10,11.949999809265137,12.09000015258789,11.699999809265137,11.989999771118164,11.744577407836914,2746000
2024-04-11,12.079999923706055,12.15999984741211,11.8100004196167,11.850000381469727,11.607442855834961,1631700
2024-04-12,11.9399995803833,12.012999534606934,11.65999984741211,11.670000076293945,11.431127548217773,1503600
2024-04-15,11.75,11.779999732971191,11.260000228881836,11.359999656677246,11.127471923828125,1314600
2024-04-16,11.289999961853027,11.475000381469727,11.079999923706055,11.329999923706055,11.0980863571167,1355200
2024-04-17,11.350000381469727,11.479999542236328,11.020000457763672,11.050000190734863,10.82381820678711,925600
2024-04-18,11.050000190734863,11.109999656677246,10.770000457763672,10.789999961853027,10.569140434265137,860400
2024-04-19,10.739999771118164,11.09000015258789,10.720000267028809,10.970000267028809,10.74545669555664,927900
2024-04-22,10.960000038146973,11.170000076293945,10.800000190734863,11.020000457763672,10.794432640075684,961600
2024-04-23,10.960000038146973,11.0,10.829999923706055,10.979999542236328,10.755250930786133,1097900
2024-04-24,10.84000015258789,10.9399995803833,10.550000190734863,10.770000457763672,10.54955005645752,2000100
2024-04-25,10.75,10.850000381469727,10.630000114440918,10.75,10.529958724975586,1122100
2024-04-26,10.680000305175781,10.84000015258789,10.630000114440918,10.829999923706055,10.608321189880371,957600
2024-04-29,10.819999694824219,11.029999732971191,10.789999961853027,11.010000228881836,10.784637451171875,621900
2024-04-30,10.90999984741211,10.90999984741211,10.579999923706055,10.640000343322754,10.422210693359375,1301900
2024-05-01,10.6899995803833,10.75,10.109999656677246,10.239999771118164,10.030397415161133,1413400
2024-05-02,10.420000076293945,10.579999923706055,10.375,10.5,10.285076141357422,1030600
2024-05-03,10.59000015258789,10.649999618530273,10.4399995803833,10.569999694824219,10.353642463684082,937100
2024-05-06,10.630000114440918,10.975000381469727,10.609999656677246,10.779999732971191,10.559345245361328,1442600
2024-05-07,10.979999542236328,11.920000076293945,10.979999542236328,11.869999885559082,11.627033233642578,3587100
2024-05-08,11.859999656677246,12.46500015258789,11.84000015258789,12.319999694824219,12.067821502685547,3646000
2024-05-09,12.270000457763672,12.640000343322754,12.020000457763672,12.5600004196167,12.302910804748535,2086000
2024-05-10,12.649999618530273,12.649999618530273,11.970000267028809,12.15999984741211,11.911097526550293,1796900
2024-05-13,12.289999961853027,12.3100004196167,12.020000457763672,12.289999961853027,12.038435935974121,1121200
2024-05-14,12.399999618530273,12.449999809265137,12.164999961853027,12.350000381469727,12.097208976745605,1007700
2024-05-15,12.350000381469727,12.449999809265137,12.130000114440918,12.25,11.999255180358887,846800
2024-05-16,11.789999961853027,12.085000038146973,10.90999984741211,11.640000343322754,11.401741981506348,7969700
2024-05-17,11.850000381469727,12.1899995803833,11.414999961853027,12.020000457763672,11.773963928222656,3682600
2024-05-20,12.069999694824219,12.619999885559082,12.020000457763672,12.619999885559082,12.486337661743164,5183800
2024-05-21,12.630000114440918,12.8100004196167,12.194999694824219,12.279999732971191,12.149938583374023,3254600
2024-05-22,12.199999809265137,12.239999771118164,11.989999771118164,12.180000305175781,12.050997734069824,2293200
2024-05-23,12.399999618530273,12.59000015258789,12.149999618530273,12.260000228881836,12.13015079498291,2467800
2024-05-24,12.510000228881836,12.550000190734863,12.255000114440918,12.369999885559082,12.238985061645508,2742800
2024-05-28,12.5,12.6850004196167,12.420000076293945,12.470000267028809,12.337926864624023,4030200
2024-05-29,12.40999984741211,12.489999771118164,12.260000228881836,12.4399995803833,12.308243751525879,1700000
2024-05-30,12.4399995803833,12.548999786376953,12.25,12.510000228881836,12.37750244140625,1944700
2024-05-31,12.59000015258789,12.65999984741211,12.460000038146973,12.600000381469727,12.46654987335205,4006900
2024-06-03,12.625,12.739999771118164,12.265000343322754,12.430000305175781,12.29835033416748,2561800
2024-06-04,12.199999809265137,12.460000038146973,12.0,12.460000038146973,12.328032493591309,2718700
2024-06-05,12.5,12.579999923706055,12.34000015258789,12.350000381469727,12.219197273254395,2971100
2024-06-06,12.289999961853027,12.4399995803833,12.164999961853027,12.270000457763672,12.140045166015625,1364100
2024-06-07,12.170000076293945,12.364999771118164,12.079999923706055,12.199999809265137,12.070785522460938,1114800
2024-06-10,12.229999542236328,12.555000305175781,12.199999809265137,12.380000114440918,12.248879432678223,1802300
2024-06-11,12.25,12.4399995803833,12.140000343322754,12.359999656677246,12.229090690612793,1819800
2024-06-12,12.640000343322754,12.6899995803833,12.104999542236328,12.199999809265137,12.070785522460938,2009500
2024-06-13,12.140000343322754,12.289999961853027,11.619999885559082,11.890000343322754,11.764069557189941,3408200
2024-06-14,11.90999984741211,12.020000457763672,11.824999809265137,11.899999618530273,11.77396297454834,2940900
2024-06-17,11.920000076293945,11.960000038146973,11.779999732971191,11.90999984741211,11.783857345581055,1741800
2024-06-18,11.760000228881836,11.850000381469727,11.520000457763672,11.720000267028809,11.595870018005371,4175100
2024-06-20,11.699999809265137,11.949999809265137,11.670000076293945,11.949999809265137,11.823433876037598,2135400
2024-06-21,11.949999809265137,11.949999809265137,11.470000267028809,11.550000190734863,11.4276704788208,5203100
2024-06-24,11.569999694824219,11.944999694824219,11.550000190734863,11.899999618530273,11.77396297454834,3039900
2024-06-25,11.960000038146973,11.960000038146973,11.704999923706055,11.819999694824219,11.694809913635254,1633300
2024-06-26,11.829999923706055,11.84000015258789,11.569999694824219,11.619999885559082,11.496928215026855,1849400
2024-06-27,11.75,11.9350004196167,11.65999984741211,11.930000305175781,11.803646087646484,2723800
2024-06-28,11.989999771118164,12.050000190734863,11.779999732971191,11.850000381469727,11.724493026733398,4863600
2024-07-01,11.979999542236328,12.0600004196167,11.779999732971191,11.819999694824219,11.694809913635254,2181000
2024-07-02,11.899999618530273,12.050000190734863,11.789999961853027,12.039999961853027,11.912480354309082,2273700
2024-07-03,12.050000190734863,12.489999771118164,12.0,12.369999885559082,12.238985061645508,2055700
2024-07-05,12.359999656677246,12.369999885559082,12.0649995803833,12.170000076293945,12.04110336303711,2829800
2024-07-08,12.239999771118164,12.239999771118164,11.914999961853027,12.149999618530273,12.02131462097168,1715400
2024-07-09,12.039999961853027,12.079999923706055,11.819999694824219,11.819999694824219,11.694809913635254,1766400
2024-07-10,11.890000343322754,12.149999618530273,11.8100004196167,12.149999618530273,12.02131462097168,1293500
2024-07-11,12.239999771118164,12.399999618530273,12.119999885559082,12.279999732971191,12.149938583374023,2751800
2024-07-12,12.369999885559082,12.420000076293945,12.260000228881836,12.300000190734863,12.169727325439453,1252200
2024-07-15,12.430000305175781,12.529999732971191,12.274999618530273,12.5,12.367608070373535,3090100
2024-07-16,12.369999885559082,12.475000381469727,12.265000343322754,12.399999618530273,12.268667221069336,1833300
2024-07-17,12.470000267028809,12.640000343322754,12.3100004196167,12.3100004196167,12.179620742797852,2043600
2024-07-18,12.34000015258789,12.34000015258789,12.140000343322754,12.140000343322754,12.011421203613281,2688200
2024-07-19,12.149999618530273,12.210000038146973,12.0,12.050000190734863,11.922374725341797,2992700
2024-07-22,12.050000190734863,12.220000267028809,11.989999771118164,12.149999618530273,12.02131462097168,3788800
2024-07-23,12.069999694824219,12.279999732971191,12.010000228881836,12.119999885559082,11.991633415222168,4271600
2024-07-24,12.229999542236328,12.25,12.050000190734863,12.109999656677246,11.981739044189453,4324600
2024-07-25,12.039999961853027,12.5649995803833,12.020000457763672,12.350000381469727,12.219197273254395,3825500
2024-07-26,12.329999923706055,12.449999809265137,12.0,12.100000381469727,11.971845626831055,2551500
2024-07-29,12.09000015258789,12.130000114440918,11.3149995803833,11.770000457763672,11.645340919494629,12704700
2024-07-30,11.649999618530273,11.949999809265137,11.59000015258789,11.819999694824219,11.694809913635254,2710000
2024-07-31,12.0,12.289999961853027,12.0,12.229999542236328,12.100467681884766,3280900
2024-08-01,12.180000305175781,12.295000076293945,11.729999542236328,11.930000305175781,11.803646087646484,2909200
2024-08-02,11.680000305175781,11.680000305175781,10.635000228881836,10.8100004196167,10.695508003234863,3953600
2024-08-05,10.359999656677246,10.380000114440918,9.880000114440918,10.1899995803833,10.082074165344238,5203900
2024-08-06,10.359999656677246,10.4399995803833,10.010000228881836,10.199999809265137,10.091968536376953,4496700
2024-08-07,10.369999885559082,10.600000381469727,10.199999809265137,10.350000381469727,10.24038028717041,3456300
2024-08-08,10.579999923706055,10.699999809265137,10.375,10.520000457763672,10.40857982635498,3629600
2024-08-09,10.510000228881836,10.579999923706055,10.369999885559082,10.470000267028809,10.359108924865723,2150700
2024-08-12,10.550000190734863,10.920000076293945,10.550000190734863,10.850000381469727,10.735084533691406,2711200
2024-08-13,11.029999732971191,11.194999694824219,10.899999618530273,11.170000076293945,11.051694869995117,1979400
2024-08-14,11.40999984741211,11.4399995803833,11.194999694824219,11.239999771118164,11.120953559875488,2018700
2024-08-15,11.369999885559082,11.600000381469727,11.244999885559082,11.59000015258789,11.467247009277344,1998900
2024-08-16,11.390000343322754,11.59000015258789,11.220000267028809,11.329999923706055,11.210000038146973,3155700
2024-08-19,11.25,11.4399995803833,11.180000305175781,11.199999809265137,11.199999809265137,1517900
2024-08-20,11.170000076293945,11.199999809265137,10.850000381469727,10.869999885559082,10.869999885559082,1965500
2024-08-21,10.989999771118164,11.079999923706055,10.944999694824219,11.029999732971191,11.029999732971191,1509200
2024-08-22,11.029999732971191,11.154999732971191,10.960000038146973,11.079999923706055,11.079999923706055,1358200
2024-08-23,11.220000267028809,11.3149995803833,11.069999694824219,11.270000457763672,11.270000457763672,1417100
2024-08-26,11.460000038146973,11.640000343322754,11.354999542236328,11.449999809265137,11.449999809265137,1179600
2024-08-27,11.600000381469727,11.600000381469727,11.354999542236328,11.449999809265137,11.449999809265137,1820000
2024-08-28,11.319999694824219,11.520000457763672,11.289999961853027,11.520000457763672,11.520000457763672,1419500
2024-08-29,11.59000015258789,12.069999694824219,11.550000190734863,12.069999694824219,12.069999694824219,2340500
2024-08-30,11.930000305175781,11.979999542236328,11.770000457763672,11.930000305175781,11.930000305175781,2096800
