Date,Open,High,Low,Close,Adj Close,Volume
1984-08-24,0.0,6.1875,6.0833330154418945,6.125,3.999499559402466,277200
1984-08-27,0.0,6.1145830154418945,5.8958330154418945,5.8958330154418945,3.849858522415161,40800
1984-08-28,5.8958330154418945,5.8958330154418945,5.8958330154418945,5.8958330154418945,3.849858522415161,0
1984-08-29,0.0,5.75,5.5625,5.7083330154418945,3.7274231910705566,320400
1984-08-30,0.0,5.8333330154418945,5.75,5.8125,3.795444965362549,67200
1984-08-31,0.0,5.875,5.8229169845581055,5.875,3.836254596710205,196800
1984-09-04,0.0,5.8541669845581055,5.8333330154418945,5.8541669845581055,3.8226492404937744,73200
1984-09-05,0.0,5.9895830154418945,5.875,5.9895830154418945,3.911073923110962,92400
1984-09-06,0.0,6.0625,6.0208330154418945,6.0625,3.9586877822875977,26400
1984-09-07,0.0,6.0416669845581055,6.0208330154418945,6.03125,3.9382822513580322,31200
1984-09-10,0.0,6.0104169845581055,5.9166669845581055,5.9166669845581055,3.8634631633758545,26400
1984-09-11,0.0,5.9375,5.9166669845581055,5.9166669845581055,3.8634631633758545,45600
1984-09-12,0.0,6.0416669845581055,6.0,6.0,3.917875289916992,106800
1984-09-13,0.0,6.0729169845581055,5.9791669845581055,6.0729169845581055,3.9654886722564697,49200
1984-09-14,0.0,6.1979169845581055,6.1145830154418945,6.1666669845581055,4.026705741882324,97200
1984-09-17,0.0,6.2083330154418945,6.1666669845581055,6.2083330154418945,4.053915023803711,49800
1984-09-18,0.0,6.2291669845581055,6.1666669845581055,6.1666669845581055,4.026705741882324,57000
1984-09-19,0.0,6.25,6.1875,6.2083330154418945,4.053915023803711,68400
1984-09-20,0.0,6.2083330154418945,6.1666669845581055,6.1666669845581055,4.026705741882324,9600
1984-09-21,0.0,6.2291669845581055,6.1666669845581055,6.2083330154418945,4.053915023803711,115200
1984-09-24,0.0,6.2708330154418945,6.2291669845581055,6.2708330154418945,4.094723701477051,5400
1984-09-25,0.0,6.625,6.2291669845581055,6.5833330154418945,4.298779487609863,49800
1984-09-26,0.0,6.9791669845581055,6.7083330154418945,6.9583330154418945,4.543647766113281,149400
1984-09-27,0.0,6.9583330154418945,6.75,6.8333330154418945,4.462024211883545,61800
1984-09-28,0.0,6.8125,6.4583330154418945,6.4791669845581055,4.230762004852295,111600
1984-10-01,0.0,6.6666669845581055,6.4375,6.4583330154418945,4.21715784072876,65400
1984-10-02,0.0,6.4583330154418945,6.4375,6.4375,4.203555583953857,1128000
1984-10-03,0.0,6.4583330154418945,6.4166669845581055,6.4166669845581055,4.189950942993164,417000
1984-10-04,0.0,6.5208330154418945,6.4375,6.5208330154418945,4.257969379425049,381600
1984-10-05,0.0,6.5833330154418945,6.5,6.5416669845581055,4.271574974060059,103200
1984-10-08,0.0,6.5833330154418945,6.5,6.5416669845581055,4.271574974060059,140400
1984-10-09,0.0,6.5833330154418945,6.5208330154418945,6.5833330154418945,4.298779487609863,63000
1984-10-10,0.0,6.5833330154418945,6.5416669845581055,6.5416669845581055,4.271574974060059,40800
1984-10-11,0.0,6.5833330154418945,6.5416669845581055,6.5416669845581055,4.271574974060059,79800
1984-10-12,0.0,6.6458330154418945,6.5625,6.625,4.325988292694092,940200
1984-10-15,0.0,6.7083330154418945,6.6458330154418945,6.7083330154418945,4.380402565002441,49800
1984-10-16,0.0,6.7083330154418945,6.5625,6.6041669845581055,4.312382221221924,78000
1984-10-17,0.0,6.6458330154418945,6.5625,6.6458330154418945,4.339592933654785,5400
1984-10-18,0.0,6.6666669845581055,6.6666669845581055,6.6666669845581055,4.353194713592529,2217600
1984-10-19,0.0,6.9166669845581055,6.6458330154418945,6.6458330154418945,4.339592933654785,636600
1984-10-22,0.0,6.8333330154418945,6.6458330154418945,6.7916669845581055,4.434818267822266,124200
1984-10-23,0.0,6.8333330154418945,6.7291669845581055,6.7708330154418945,4.421215057373047,25200
1984-10-24,0.0,6.7916669845581055,6.75,6.7916669845581055,4.434818267822266,7800
1984-10-25,0.0,6.8541669845581055,6.8125,6.8541669845581055,4.475629806518555,30000
1984-10-26,0.0,6.9166669845581055,6.7708330154418945,6.8125,4.448421955108643,90600
1984-10-29,0.0,6.8125,6.7708330154418945,6.7708330154418945,4.421215057373047,3600
1984-10-30,0.0,6.7916669845581055,6.7083330154418945,6.75,4.4076104164123535,18600
1984-10-31,0.0,6.7291669845581055,6.7083330154418945,6.7083330154418945,4.380402565002441,1800
1984-11-01,0.0,6.7916669845581055,6.7083330154418945,6.7916669845581055,4.434818267822266,543600
1984-11-02,0.0,6.8125,6.7916669845581055,6.7916669845581055,4.434818267822266,331200
1984-11-05,0.0,6.7708330154418945,6.7291669845581055,6.7291669845581055,4.394005298614502,10200
1984-11-06,0.0,6.8125,6.7291669845581055,6.7291669845581055,4.394005298614502,415800
1984-11-07,0.0,6.6875,6.5208330154418945,6.5416669845581055,4.271574974060059,24600
1984-11-08,0.0,6.5625,6.5,6.5,4.244363784790039,18600
1984-11-09,0.0,6.625,6.5416669845581055,6.5416669845581055,4.271574974060059,34800
1984-11-12,0.0,6.5416669845581055,6.5,6.5,4.244363784790039,6000
1984-11-13,0.0,6.5833330154418945,6.5,6.5625,4.285175323486328,30000
1984-11-14,0.0,6.7083330154418945,6.5833330154418945,6.7083330154418945,4.380402565002441,25800
1984-11-15,0.0,6.7708330154418945,6.625,6.7083330154418945,4.380402565002441,69000
1984-11-16,0.0,6.7083330154418945,6.6666669845581055,6.7083330154418945,4.380402565002441,18000
1984-11-19,0.0,6.75,6.6458330154418945,6.6875,4.36679744720459,44400
1984-11-20,0.0,6.6666669845581055,6.625,6.625,4.325988292694092,93000
1984-11-21,0.0,6.7291669845581055,6.625,6.6666669845581055,4.353194713592529,35400
1984-11-23,0.0,6.7291669845581055,6.6666669845581055,6.6666669845581055,4.353194713592529,4800
1984-11-26,0.0,6.75,6.6875,6.7291669845581055,4.394005298614502,88200
1984-11-27,0.0,6.6875,6.6666669845581055,6.6666669845581055,4.353194713592529,16800
1984-11-28,0.0,6.7291669845581055,6.6666669845581055,6.7083330154418945,4.380402565002441,42600
1984-11-29,0.0,6.7083330154418945,6.7083330154418945,6.7083330154418945,4.380402565002441,39000
1984-11-30,0.0,6.7708330154418945,6.7083330154418945,6.7291669845581055,4.394005298614502,67200
1984-12-03,0.0,6.7083330154418945,6.6666669845581055,6.6666669845581055,4.353194713592529,153000
1984-12-04,0.0,6.625,6.625,6.625,4.325988292694092,1200
1984-12-05,0.0,6.6458330154418945,6.5416669845581055,6.5416669845581055,4.271574974060059,199200
1984-12-06,0.0,6.4583330154418945,6.0833330154418945,6.125,3.999499559402466,208800
1984-12-07,0.0,6.375,6.1666669845581055,6.375,4.162744998931885,79200
1984-12-10,0.0,6.4583330154418945,6.375,6.4583330154418945,4.21715784072876,64800
1984-12-11,0.0,6.5,6.4375,6.4375,4.203555583953857,201600
1984-12-12,0.0,6.375,6.3125,6.3541669845581055,4.149140357971191,117000
1984-12-13,0.0,6.375,6.3541669845581055,6.3541669845581055,4.149140357971191,28200
1984-12-14,0.0,6.4583330154418945,6.375,6.4166669845581055,4.189950942993164,36600
1984-12-17,0.0,6.4166669845581055,6.375,6.4166669845581055,4.189950942993164,16200
1984-12-18,0.0,6.5416669845581055,6.4583330154418945,6.5416669845581055,4.271574974060059,69600
1984-12-19,0.0,6.5416669845581055,6.4166669845581055,6.4166669845581055,4.189950942993164,42600
1984-12-20,0.0,6.3958330154418945,6.3541669845581055,6.3541669845581055,4.149140357971191,39000
1984-12-21,0.0,6.375,6.3541669845581055,6.3541669845581055,4.149140357971191,43800
1984-12-24,0.0,6.375,6.3333330154418945,6.3333330154418945,4.135538101196289,61200
1984-12-26,0.0,6.375,6.375,6.375,4.162744998931885,27000
1984-12-27,0.0,6.5,6.4166669845581055,6.4583330154418945,4.21715784072876,34800
1984-12-28,0.0,6.4375,6.3333330154418945,6.3541669845581055,4.149140357971191,75600
1984-12-31,0.0,6.3958330154418945,6.3333330154418945,6.375,4.162744998931885,27000
1985-01-02,0.0,6.5,6.3333330154418945,6.5,4.244363784790039,76800
1985-01-03,0.0,6.4583330154418945,6.3958330154418945,6.3958330154418945,4.1763482093811035,18600
1985-01-04,0.0,6.4166669845581055,6.3333330154418945,6.375,4.162744998931885,96600
1985-01-07,0.0,6.3333330154418945,6.0416669845581055,6.0833330154418945,3.972292184829712,277200
1985-01-08,0.0,6.3333330154418945,6.0833330154418945,6.2708330154418945,4.094723701477051,232800
1985-01-09,0.0,6.3541669845581055,6.25,6.3125,4.121930122375488,43800
1985-01-10,0.0,6.375,6.3333330154418945,6.3333330154418945,4.135538101196289,15000
1985-01-11,0.0,6.3958330154418945,6.3541669845581055,6.3541669845581055,4.149140357971191,15000
1985-01-14,0.0,6.6666669845581055,6.3958330154418945,6.6666669845581055,4.353194713592529,67200
1985-01-15,0.0,7.0833330154418945,6.75,7.0416669845581055,4.598064422607422,382200
1985-01-16,0.0,7.2916669845581055,7.0208330154418945,7.0208330154418945,4.584458827972412,1016400
1985-01-17,0.0,7.2083330154418945,7.0625,7.2083330154418945,4.706891059875488,46200
1985-01-18,0.0,7.25,7.1666669845581055,7.2083330154418945,4.706891059875488,315000
1985-01-21,0.0,7.2916669845581055,7.1666669845581055,7.2916669845581055,4.761307716369629,424200
1985-01-22,0.0,7.5,7.25,7.5,4.8973469734191895,505800
1985-01-23,0.0,7.5833330154418945,7.4583330154418945,7.5833330154418945,4.951760292053223,662400
1985-01-24,0.0,7.9583330154418945,7.625,7.7291669845581055,5.046985149383545,351600
1985-01-25,0.0,7.5833330154418945,7.5625,7.5833330154418945,4.951760292053223,30600
1985-01-28,0.0,7.6458330154418945,7.5,7.5,4.8973469734191895,31200
1985-01-29,0.0,7.5,7.3541669845581055,7.4375,4.856534004211426,46200
1985-01-30,0.0,7.4791669845581055,7.2916669845581055,7.2916669845581055,4.761307716369629,103200
1985-01-31,0.0,7.3125,7.125,7.3125,4.774909973144531,42000
1985-02-01,0.0,7.5416669845581055,7.2708330154418945,7.5,4.8973469734191895,137400
1985-02-04,0.0,7.7916669845581055,7.5,7.625,4.978968143463135,630000
1985-02-05,0.0,7.7291669845581055,7.6666669845581055,7.7083330154418945,5.033382415771484,39000
1985-02-06,0.0,7.75,7.6875,7.75,5.060589790344238,171000
1985-02-07,0.0,7.7916669845581055,7.75,7.75,5.060589790344238,19800
1985-02-08,0.0,7.75,7.6875,7.6875,5.019777297973633,12600
1985-02-11,0.0,7.6666669845581055,7.6041669845581055,7.6666669845581055,5.006174564361572,112200
1985-02-12,0.0,7.6666669845581055,7.6041669845581055,7.6666669845581055,5.006174564361572,6600
1985-02-13,0.0,7.6666669845581055,7.625,7.6666669845581055,5.006174564361572,10800
1985-02-14,0.0,7.75,7.6666669845581055,7.6875,5.019777297973633,51000
1985-02-15,0.0,7.6875,7.5833330154418945,7.6875,5.019777297973633,34800
1985-02-19,0.0,7.7083330154418945,7.6666669845581055,7.7083330154418945,5.033382415771484,104400
1985-02-20,0.0,7.8333330154418945,7.6458330154418945,7.8333330154418945,5.115002632141113,1013400
1985-02-21,0.0,7.8333330154418945,7.6666669845581055,7.7916669845581055,5.087797164916992,935400
1985-02-22,0.0,7.8333330154418945,7.7291669845581055,7.75,5.060589790344238,584400
1985-02-25,0.0,7.75,7.7083330154418945,7.7083330154418945,5.033382415771484,16200
1985-02-26,0.0,7.75,7.6875,7.75,5.060589790344238,331200
1985-02-27,0.0,7.875,7.7916669845581055,7.875,5.142214298248291,94200
1985-02-28,0.0,7.8958330154418945,7.8541669845581055,7.8541669845581055,5.128608703613281,6000
1985-03-01,0.0,8.083333015441895,7.875,8.083333015441895,5.278247833251953,82800
1985-03-04,0.0,8.083333015441895,7.9791669845581055,8.020833015441895,5.237438201904297,37200
1985-03-05,0.0,8.1875,8.0625,8.1875,5.34626579284668,1229400
1985-03-06,0.0,8.375,8.166666984558105,8.25,5.387078285217285,1935600
1985-03-07,0.0,8.333333015441895,8.229166984558105,8.291666984558105,5.4142866134643555,64200
1985-03-08,0.0,8.291666984558105,8.229166984558105,8.291666984558105,5.4142866134643555,15000
1985-03-11,0.0,8.291666984558105,8.25,8.25,5.387078285217285,27000
1985-03-12,0.0,8.3125,8.25,8.291666984558105,5.4142866134643555,27000
1985-03-13,0.0,8.3125,8.229166984558105,8.229166984558105,5.373475074768066,21000
1985-03-14,0.0,8.5,8.25,8.5,5.550323963165283,874200
1985-03-15,0.0,8.833333015441895,8.4375,8.833333015441895,5.767983913421631,48600
1985-03-18,0.0,9.458333015441895,8.875,9.416666984558105,6.148890018463135,82800
1985-03-19,0.0,9.375,9.083333015441895,9.375,6.121680736541748,160200
1985-03-20,0.0,9.458333015441895,9.354166984558105,9.4375,6.1624932289123535,94800
1985-03-21,0.0,10.354166984558105,9.479166984558105,10.25,6.69304084777832,94200
1985-03-22,0.0,10.125,9.916666984558105,10.083333015441895,6.58420991897583,147000
1985-03-25,0.0,10.0,9.791666984558105,9.8125,6.4073615074157715,55200
1985-03-26,0.0,9.75,9.479166984558105,9.604166984558105,6.27132511138916,42000
1985-03-27,0.0,10.041666984558105,9.604166984558105,10.0,6.529796600341797,859200
1985-03-28,0.0,10.0,9.875,9.958333015441895,6.5025858879089355,37800
1985-03-29,0.0,10.125,10.0,10.104166984558105,6.597813606262207,130800
1985-04-01,0.0,10.0,9.875,10.0,6.529796600341797,115200
1985-04-02,0.0,10.0,9.979166984558105,9.979166984558105,6.5161871910095215,24600
1985-04-03,0.0,9.916666984558105,9.791666984558105,9.791666984558105,6.393757343292236,47400
1985-04-04,0.0,9.791666984558105,9.75,9.791666984558105,6.393757343292236,22200
1985-04-08,0.0,9.833333015441895,9.708333015441895,9.708333015441895,6.339341163635254,75000
1985-04-09,0.0,9.666666984558105,9.666666984558105,9.666666984558105,6.312130928039551,5400
1985-04-10,0.0,9.625,9.5,9.541666984558105,6.230513572692871,446400
1985-04-11,0.0,9.5625,9.416666984558105,9.416666984558105,6.148890018463135,60000
1985-04-12,0.0,9.375,9.25,9.375,6.121680736541748,36600
1985-04-15,0.0,9.479166984558105,9.333333015441895,9.375,6.121680736541748,46200
1985-04-16,0.0,9.583333015441895,9.4375,9.5,6.203304290771484,107400
1985-04-17,0.0,9.791666984558105,9.666666984558105,9.75,6.366552352905273,22800
1985-04-18,0.0,9.708333015441895,9.583333015441895,9.583333015441895,6.257717609405518,17400
1985-04-19,0.0,9.729166984558105,9.625,9.729166984558105,6.352944374084473,5400
1985-04-22,0.0,9.791666984558105,9.729166984558105,9.75,6.366552352905273,32400
1985-04-23,0.0,9.791666984558105,9.708333015441895,9.75,6.366552352905273,77400
1985-04-24,0.0,9.958333015441895,9.791666984558105,9.958333015441895,6.5025858879089355,78600
1985-04-25,0.0,10.041666984558105,9.916666984558105,10.0,6.529796600341797,85200
1985-04-26,0.0,10.083333015441895,10.0,10.0,6.529796600341797,6600
1985-04-29,0.0,10.083333015441895,10.041666984558105,10.083333015441895,6.58420991897583,9000
1985-04-30,0.0,10.041666984558105,9.9375,9.9375,6.4889817237854,5400
1985-05-01,0.0,9.895833015441895,9.583333015441895,9.583333015441895,6.257717609405518,47400
1985-05-02,0.0,9.5625,9.458333015441895,9.5,6.203304290771484,69000
1985-05-03,0.0,9.583333015441895,9.541666984558105,9.5625,6.244115352630615,6600
1985-05-06,0.0,9.625,9.541666984558105,9.541666984558105,6.230513572692871,13800
1985-05-07,0.0,9.666666984558105,9.541666984558105,9.666666984558105,6.312130928039551,66600
1985-05-08,0.0,9.666666984558105,9.541666984558105,9.541666984558105,6.230513572692871,78600
1985-05-09,0.0,9.583333015441895,9.5,9.541666984558105,6.230513572692871,97200
1985-05-10,0.0,9.666666984558105,9.5625,9.666666984558105,6.312130928039551,64800
1985-05-13,0.0,9.666666984558105,9.5625,9.666666984558105,6.312130928039551,57000
1985-05-14,0.0,9.916666984558105,9.666666984558105,9.875,6.448171615600586,345000
1985-05-15,0.0,9.875,9.833333015441895,9.854166984558105,6.434563159942627,18600
1985-05-16,0.0,9.958333015441895,9.875,9.9375,6.4889817237854,225600
1985-05-17,0.0,9.958333015441895,9.895833015441895,9.916666984558105,6.475371360778809,432000
1985-05-20,0.0,10.625,9.916666984558105,10.583333015441895,6.910698890686035,1147200
1985-05-21,0.0,11.166666984558105,10.770833015441895,10.833333015441895,7.073946475982666,190200
1985-05-22,0.0,10.791666984558105,10.708333015441895,10.791666984558105,7.046738624572754,34200
1985-05-23,0.0,10.75,10.666666984558105,10.666666984558105,6.965115547180176,58800
1985-05-24,0.0,10.708333015441895,10.604166984558105,10.645833015441895,6.951503753662109,325200
1985-05-28,0.0,10.875,10.770833015441895,10.875,7.101149559020996,110400
1985-05-29,0.0,11.375,10.958333015441895,11.375,7.427635669708252,337200
1985-05-30,0.0,11.333333015441895,11.166666984558105,11.333333015441895,7.400435924530029,69600
1985-05-31,0.0,11.541666984558105,11.3125,11.458333015441895,7.4820556640625,30000
1985-06-03,0.0,11.583333015441895,11.5,11.583333015441895,7.563677787780762,37800
1985-06-04,0.0,12.25,11.666666984558105,12.208333015441895,7.971786975860596,66000
1985-06-05,0.0,12.625,12.041666984558105,12.625,8.243860244750977,170400
1985-06-06,0.0,12.708333015441895,12.333333015441895,12.583333015441895,8.216659545898438,145800
1985-06-07,0.0,12.541666984558105,12.333333015441895,12.333333015441895,8.053410530090332,26400
1985-06-10,0.0,12.291666984558105,12.208333015441895,12.25,7.998999118804932,33000
1985-06-11,0.0,12.1875,11.958333015441895,12.041666984558105,7.8629631996154785,54600
1985-06-12,0.0,12.25,12.0,12.166666984558105,7.94458532333374,53400
1985-06-13,0.0,12.104166984558105,12.041666984558105,12.041666984558105,7.8629631996154785,4800
1985-06-14,0.0,12.083333015441895,11.666666984558105,11.708333015441895,7.645297527313232,132600
1985-06-17,0.0,11.708333015441895,11.541666984558105,11.708333015441895,7.645297527313232,186600
1985-06-18,0.0,11.75,11.666666984558105,11.708333015441895,7.645297527313232,144600
1985-06-19,0.0,11.791666984558105,11.75,11.75,7.67250919342041,7800
1985-06-20,0.0,11.708333015441895,11.666666984558105,11.708333015441895,7.645297527313232,78000
1985-06-21,0.0,11.75,11.666666984558105,11.75,7.67250919342041,134400
1985-06-24,0.0,11.729166984558105,11.625,11.708333015441895,7.645297527313232,285600
1985-06-25,0.0,11.708333015441895,11.666666984558105,11.708333015441895,7.645297527313232,210000
1985-06-26,0.0,11.791666984558105,11.666666984558105,11.770833015441895,7.686108589172363,89400
1985-06-27,0.0,12.083333015441895,11.770833015441895,12.083333015441895,7.890170097351074,67800
1985-06-28,0.0,12.5,12.291666984558105,12.5,8.162237167358398,94200
1985-07-01,0.0,12.5,12.354166984558105,12.375,8.080620765686035,100800
1985-07-02,0.0,12.333333015441895,12.270833015441895,12.270833015441895,8.012604713439941,387000
1985-07-03,0.0,12.229166984558105,12.125,12.125,7.917375564575195,90000
1985-07-05,0.0,12.208333015441895,12.125,12.166666984558105,7.94458532333374,147600
1985-07-08,0.0,12.125,12.020833015441895,12.020833015441895,7.849358081817627,23400
1985-07-09,0.0,12.083333015441895,11.958333015441895,12.020833015441895,7.849358081817627,257400
1985-07-10,0.0,12.0625,11.833333015441895,11.833333015441895,7.726925373077393,85200
1985-07-11,0.0,11.875,11.791666984558105,11.875,7.754126071929932,55200
1985-07-12,0.0,11.833333015441895,11.625,11.708333015441895,7.645297527313232,219600
1985-07-15,0.0,11.75,11.666666984558105,11.666666984558105,7.6180949211120605,113400
1985-07-16,0.0,11.875,11.666666984558105,11.875,7.754126071929932,156000
1985-07-17,0.0,12.25,11.916666984558105,12.041666984558105,7.8629631996154785,138600
1985-07-18,0.0,12.0,11.791666984558105,11.791666984558105,7.699717998504639,43800
1985-07-19,0.0,11.833333015441895,11.75,11.8125,7.713318347930908,37200
1985-07-22,0.0,11.854166984558105,11.666666984558105,11.666666984558105,7.6180949211120605,236400
1985-07-23,0.0,11.854166984558105,11.666666984558105,11.666666984558105,7.6180949211120605,122400
1985-07-24,0.0,11.75,11.708333015441895,11.75,7.67250919342041,71400
1985-07-25,0.0,11.75,11.541666984558105,11.541666984558105,7.536468982696533,51000
1985-07-26,0.0,11.5625,11.041666984558105,11.333333015441895,7.400435924530029,151200
1985-07-29,0.0,11.291666984558105,10.833333015441895,10.875,7.101149559020996,379200
1985-07-30,0.0,10.833333015441895,10.458333015441895,10.625,6.937910079956055,385800
1985-07-31,0.0,11.25,10.666666984558105,11.25,7.346017360687256,142800
1985-08-01,0.0,11.583333015441895,11.104166984558105,11.166666984558105,7.291604042053223,86400
1985-08-02,0.0,11.25,11.208333015441895,11.208333015441895,7.318808555603027,4800
1985-08-05,0.0,11.333333015441895,11.166666984558105,11.333333015441895,7.400435924530029,21600
1985-08-06,0.0,11.333333015441895,11.229166984558105,11.229166984558105,7.3324103355407715,173400
1985-08-07,0.0,11.25,11.125,11.125,7.2643938064575195,73800
1985-08-08,0.0,11.333333015441895,11.125,11.270833015441895,7.359619140625,22200
1985-08-09,0.0,11.583333015441895,11.270833015441895,11.583333015441895,7.563677787780762,39600
1985-08-12,0.0,11.5625,11.458333015441895,11.458333015441895,7.4820556640625,54600
1985-08-13,0.0,11.416666984558105,11.166666984558105,11.166666984558105,7.291604042053223,127200
1985-08-14,0.0,11.208333015441895,11.166666984558105,11.166666984558105,7.291604042053223,19800
1985-08-15,0.0,11.208333015441895,10.666666984558105,10.708333015441895,6.992318153381348,181800
1985-08-16,0.0,10.708333015441895,10.166666984558105,10.666666984558105,6.965115547180176,393600
1985-08-19,0.0,10.666666984558105,10.5,10.541666984558105,6.8834919929504395,30600
1985-08-20,0.0,10.583333015441895,10.5,10.541666984558105,6.8834919929504395,283800
1985-08-21,0.0,10.541666984558105,10.5,10.541666984558105,6.8834919929504395,502200
1985-08-22,0.0,10.5,10.375,10.375,6.774658679962158,64200
1985-08-23,0.0,10.5,10.375,10.5,6.8562846183776855,89400
1985-08-26,0.0,10.5,10.458333015441895,10.5,6.8562846183776855,115800
1985-08-27,0.0,10.458333015441895,10.333333015441895,10.333333015441895,6.7474541664123535,227400
1985-08-28,0.0,10.416666984558105,10.291666984558105,10.416666984558105,6.801873683929443,13800
1985-08-29,0.0,10.541666984558105,10.458333015441895,10.541666984558105,6.8834919929504395,9000
1985-08-30,0.0,10.958333015441895,10.541666984558105,10.916666984558105,7.128364562988281,45000
1985-09-03,0.0,11.166666984558105,10.958333015441895,11.104166984558105,7.250793933868408,22800
1985-09-04,0.0,11.1875,11.0,11.1875,7.305208206176758,115200
1985-09-05,0.0,11.208333015441895,11.125,11.125,7.2643938064575195,11400
1985-09-06,0.0,11.083333015441895,10.875,11.0,7.182774066925049,40800
1985-09-09,0.0,11.25,11.0,11.25,7.346017360687256,187800
1985-09-10,0.0,11.25,11.125,11.125,7.2643938064575195,9000
1985-09-11,0.0,11.083333015441895,10.916666984558105,10.916666984558105,7.128364562988281,14400
1985-09-12,0.0,10.875,10.666666984558105,10.708333015441895,6.992318153381348,34200
1985-09-13,0.0,10.833333015441895,10.75,10.75,7.019529819488525,57000
1985-09-16,0.0,10.791666984558105,10.75,10.791666984558105,7.046738624572754,112200
1985-09-17,0.0,10.75,10.333333015441895,10.354166984558105,6.761057376861572,96000
1985-09-18,0.0,10.3125,10.1875,10.291666984558105,6.720250129699707,151200
1985-09-19,0.0,10.5,10.333333015441895,10.5,6.8562846183776855,57600
1985-09-20,0.0,10.583333015441895,10.5,10.520833015441895,6.8698883056640625,36000
1985-09-23,0.0,10.625,10.5,10.625,6.937910079956055,59400
1985-09-24,0.0,10.625,10.333333015441895,10.375,6.774658679962158,228000
1985-09-25,0.0,10.458333015441895,10.354166984558105,10.354166984558105,6.761057376861572,148800
1985-09-26,0.0,10.333333015441895,10.166666984558105,10.270833015441895,6.7066426277160645,87000
1985-09-30,0.0,10.333333015441895,10.208333015441895,10.25,6.69304084777832,177600
1985-10-01,0.0,10.333333015441895,10.1875,10.333333015441895,6.7474541664123535,93600
1985-10-02,0.0,10.416666984558105,10.3125,10.375,6.774658679962158,100200
1985-10-03,0.0,10.333333015441895,10.208333015441895,10.25,6.69304084777832,133800
1985-10-04,0.0,10.25,10.166666984558105,10.166666984558105,6.638623237609863,114000
1985-10-07,0.0,10.125,10.125,10.125,6.611415863037109,18600
1985-10-08,0.0,10.166666984558105,10.083333015441895,10.104166984558105,6.597813606262207,10800
1985-10-09,0.0,10.125,10.041666984558105,10.104166984558105,6.597813606262207,35400
1985-10-10,0.0,10.083333015441895,10.041666984558105,10.0625,6.570603847503662,47400
1985-10-11,0.0,10.125,10.0625,10.125,6.611415863037109,133200
1985-10-14,0.0,10.25,10.166666984558105,10.25,6.69304084777832,144600
1985-10-15,0.0,10.541666984558105,10.333333015441895,10.541666984558105,6.8834919929504395,19200
1985-10-16,0.0,10.625,10.458333015441895,10.625,6.937910079956055,11400
1985-10-17,0.0,10.833333015441895,10.625,10.833333015441895,7.073946475982666,15000
1985-10-18,0.0,10.854166984558105,10.75,10.791666984558105,7.046738624572754,82200
1985-10-21,0.0,11.0,10.708333015441895,10.875,7.101149559020996,19800
1985-10-22,0.0,11.041666984558105,10.833333015441895,11.020833015441895,7.196371078491211,57000
1985-10-23,0.0,11.041666984558105,11.020833015441895,11.041666984558105,7.209980010986328,9600
1985-10-24,0.0,11.083333015441895,11.041666984558105,11.041666984558105,7.209980010986328,11400
1985-10-25,0.0,11.083333015441895,11.0,11.0,7.182774066925049,6000
1985-10-28,0.0,10.958333015441895,10.833333015441895,10.833333015441895,7.073946475982666,10800
1985-10-29,0.0,10.854166984558105,10.791666984558105,10.833333015441895,7.073946475982666,33000
1985-10-30,0.0,10.895833015441895,10.791666984558105,10.791666984558105,7.046738624572754,13200
1985-10-31,0.0,10.916666984558105,10.791666984558105,10.916666984558105,7.128364562988281,24000
1985-11-01,0.0,10.958333015441895,10.875,10.916666984558105,7.128364562988281,44400
1985-11-04,0.0,11.0,10.916666984558105,10.916666984558105,7.128364562988281,128400
1985-11-05,0.0,10.875,10.708333015441895,10.833333015441895,7.073946475982666,283800
1985-11-06,0.0,10.958333015441895,10.770833015441895,10.770833015441895,7.033130645751953,52800
1985-11-07,0.0,10.916666984558105,10.75,10.916666984558105,7.128364562988281,149400
1985-11-08,0.0,11.166666984558105,10.958333015441895,11.166666984558105,7.291604042053223,21000
1985-11-11,0.0,11.666666984558105,11.291666984558105,11.625,7.590889930725098,36000
1985-11-12,0.0,12.041666984558105,11.75,11.875,7.754126071929932,77400
1985-11-13,0.0,11.875,11.583333015441895,11.583333015441895,7.563677787780762,99000
1985-11-14,0.0,11.583333015441895,11.375,11.416666984558105,7.45484733581543,27000
1985-11-15,0.0,11.583333015441895,11.333333015441895,11.583333015441895,7.563677787780762,38400
1985-11-18,0.0,12.375,11.6875,12.083333015441895,7.890170097351074,154200
1985-11-19,0.0,12.125,12.083333015441895,12.083333015441895,7.890170097351074,36600
1985-11-20,0.0,12.125,11.958333015441895,11.958333015441895,7.8085408210754395,187200
1985-11-21,0.0,12.083333015441895,11.708333015441895,11.875,7.754126071929932,324600
1985-11-22,0.0,12.0,11.875,11.916666984558105,7.781339645385742,72000
1985-11-25,0.0,12.0,11.916666984558105,11.9375,7.794936656951904,27600
1985-11-26,0.0,11.916666984558105,11.666666984558105,11.666666984558105,7.6180949211120605,23400
1985-11-27,0.0,11.916666984558105,11.666666984558105,11.875,7.754126071929932,316200
1985-11-29,0.0,12.125,12.0,12.125,7.917375564575195,40200
1985-12-02,0.0,12.3125,12.208333015441895,12.270833015441895,8.012604713439941,103200
1985-12-03,0.0,12.333333015441895,12.25,12.270833015441895,8.012604713439941,118200
1985-12-04,0.0,12.270833015441895,12.208333015441895,12.25,7.998999118804932,15600
1985-12-05,0.0,12.25,12.166666984558105,12.229166984558105,7.9853997230529785,115200
1985-12-06,0.0,12.208333015441895,11.791666984558105,11.791666984558105,7.699717998504639,164400
1985-12-09,0.0,11.916666984558105,11.791666984558105,11.916666984558105,7.781339645385742,66000
1985-12-10,0.0,11.875,11.75,11.770833015441895,7.686108589172363,54000
1985-12-11,0.0,11.833333015441895,11.666666984558105,11.75,7.67250919342041,112200
1985-12-12,0.0,11.8125,11.666666984558105,11.8125,7.713318347930908,142200
1985-12-13,0.0,12.25,11.833333015441895,12.208333015441895,7.971786975860596,466800
1985-12-16,0.0,12.375,12.270833015441895,12.375,8.080620765686035,118200
1985-12-17,0.0,12.791666984558105,12.5,12.541666984558105,8.189447402954102,123300
1985-12-18,0.0,12.541666984558105,12.333333015441895,12.416666984558105,8.107830047607422,80100
1985-12-19,0.0,12.708333015441895,12.5,12.708333015441895,8.298279762268066,104100
1985-12-20,0.0,12.833333015441895,12.666666984558105,12.666666984558105,8.271077156066895,52200
1985-12-23,0.0,12.708333015441895,12.5,12.541666984558105,8.189447402954102,115200
1985-12-24,0.0,12.583333015441895,12.416666984558105,12.458333015441895,8.135031700134277,72600
1985-12-26,0.0,12.625,12.25,12.25,7.998999118804932,123600
1985-12-27,0.0,12.583333015441895,12.166666984558105,12.583333015441895,8.216659545898438,141900
1985-12-30,0.0,12.833333015441895,12.458333015441895,12.583333015441895,8.216659545898438,115800
1985-12-31,0.0,12.666666984558105,12.5,12.5,8.162237167358398,91200
1986-01-02,0.0,12.541666984558105,12.416666984558105,12.458333015441895,8.135031700134277,238500
1986-01-03,0.0,12.833333015441895,12.416666984558105,12.833333015441895,8.379900932312012,90900
1986-01-06,0.0,13.666666984558105,12.916666984558105,13.416666984558105,8.7608060836792,195300
1986-01-07,0.0,14.25,13.375,14.166666984558105,9.25053882598877,265800
1986-01-08,0.0,14.458333015441895,13.708333015441895,13.875,9.06008529663086,109500
1986-01-09,0.0,13.875,13.333333015441895,13.416666984558105,8.7608060836792,150600
1986-01-10,0.0,13.708333015441895,13.5,13.666666984558105,8.924049377441406,78000
1986-01-13,0.0,13.916666984558105,13.666666984558105,13.875,9.06008529663086,69300
1986-01-14,0.0,14.0,13.791666984558105,13.916666984558105,9.087296485900879,63600
1986-01-15,0.0,14.291666984558105,13.958333015441895,14.25,9.304956436157227,95700
1986-01-16,0.0,14.458333015441895,14.333333015441895,14.375,9.386574745178223,111300
1986-01-17,0.0,14.833333015441895,14.333333015441895,14.75,9.631449699401855,198900
1986-01-20,0.0,14.75,14.541666984558105,14.583333015441895,9.522615432739258,76500
1986-01-21,0.0,14.583333015441895,14.375,14.375,9.386574745178223,123300
1986-01-22,0.0,14.458333015441895,14.083333015441895,14.083333015441895,9.196127891540527,74100
1986-01-23,0.0,14.25,13.875,14.125,9.223336219787598,204900
1986-01-24,0.0,14.083333015441895,13.916666984558105,14.0,9.141706466674805,88800
1986-01-27,0.0,14.125,13.916666984558105,13.958333015441895,9.11450481414795,43500
1986-01-28,0.0,14.083333015441895,13.833333015441895,13.833333015441895,9.032879829406738,185700
1986-01-29,0.0,14.125,13.833333015441895,13.833333015441895,9.032879829406738,141000
1986-01-30,0.0,14.0,13.833333015441895,13.916666984558105,9.087296485900879,49500
1986-01-31,0.0,14.041666984558105,13.833333015441895,14.0,9.141706466674805,110400
1986-02-03,0.0,13.916666984558105,13.666666984558105,13.75,8.978466987609863,194100
1986-02-04,0.0,13.875,13.666666984558105,13.75,8.978466987609863,96000
1986-02-05,0.0,13.666666984558105,13.5,13.541666984558105,8.842430114746094,98400
1986-02-06,0.0,13.541666984558105,13.0,13.125,8.570350646972656,798300
1986-02-07,0.0,13.125,12.833333015441895,13.125,8.570350646972656,377100
1986-02-10,0.0,13.208333015441895,13.0,13.0,8.488727569580078,250200
1986-02-11,0.0,13.166666984558105,12.875,13.0,8.488727569580078,99900
1986-02-12,0.0,13.125,13.0,13.083333015441895,8.543149948120117,128400
1986-02-13,0.0,13.083333015441895,12.916666984558105,13.041666984558105,8.515939712524414,268500
1986-02-14,0.0,13.125,13.0,13.125,8.570350646972656,57600
1986-02-18,0.0,13.25,13.083333015441895,13.208333015441895,8.624764442443848,349500
1986-02-19,0.0,13.375,13.166666984558105,13.166666984558105,8.597559928894043,241500
1986-02-20,0.0,13.458333015441895,13.25,13.375,8.73359489440918,326100
1986-02-21,0.0,13.5,13.083333015441895,13.166666984558105,8.597559928894043,396300
1986-02-24,0.0,13.416666984558105,12.75,12.791666984558105,8.352696418762207,211500
1986-02-25,0.0,12.75,12.5,12.666666984558105,8.271077156066895,145500
1986-02-26,0.0,12.708333015441895,12.5,12.541666984558105,8.189447402954102,200400
1986-02-27,0.0,12.875,12.666666984558105,12.833333015441895,8.379900932312012,133800
1986-02-28,0.0,12.875,12.708333015441895,12.75,8.32548999786377,230400
1986-03-03,0.0,12.875,12.666666984558105,12.666666984558105,8.271077156066895,108300
1986-03-04,0.0,12.916666984558105,12.625,12.833333015441895,8.379900932312012,728400
1986-03-05,0.0,12.875,12.5,12.583333015441895,8.216659545898438,215400
1986-03-06,0.0,13.083333015441895,12.666666984558105,12.916666984558105,8.434316635131836,197700
1986-03-07,0.0,13.0,12.666666984558105,12.791666984558105,8.352696418762207,1697700
1986-03-10,0.0,12.833333015441895,12.625,12.708333015441895,8.298279762268066,198900
1986-03-11,0.0,13.041666984558105,12.625,13.041666984558105,8.515939712524414,209100
1986-03-12,0.0,13.375,13.166666984558105,13.25,8.651976585388184,425700
1986-03-13,0.0,13.416666984558105,13.083333015441895,13.333333015441895,8.706388473510742,408300
1986-03-14,0.0,14.125,13.5,13.916666984558105,9.087296485900879,372900
1986-03-17,0.0,14.166666984558105,13.916666984558105,13.958333015441895,9.11450481414795,101700
1986-03-18,0.0,14.125,13.875,14.125,9.223336219787598,194400
1986-03-19,0.0,14.458333015441895,14.208333015441895,14.291666984558105,9.332161903381348,93900
1986-03-20,0.0,14.5,13.791666984558105,14.0,9.141706466674805,140700
1986-03-21,0.0,14.125,14.0,14.083333015441895,9.196127891540527,172200
1986-03-24,0.0,14.166666984558105,14.0,14.083333015441895,9.196127891540527,88500
1986-03-25,0.0,14.416666984558105,14.041666984558105,14.416666984558105,9.413782119750977,103500
1986-03-26,0.0,14.625,14.5,14.5,9.468201637268066,126600
1986-03-27,0.0,14.625,14.5,14.541666984558105,9.49540901184082,1072800
1986-03-31,0.0,14.791666984558105,14.541666984558105,14.666666984558105,9.577034950256348,186300
1986-04-01,0.0,14.666666984558105,14.541666984558105,14.541666984558105,9.49540901184082,266100
1986-04-02,0.0,14.75,14.458333015441895,14.5,9.468201637268066,537900
1986-04-03,0.0,14.458333015441895,14.083333015441895,14.166666984558105,9.25053882598877,261000
1986-04-04,0.0,14.416666984558105,14.083333015441895,14.416666984558105,9.413782119750977,246900
1986-04-07,0.0,14.375,14.291666984558105,14.291666984558105,9.332161903381348,112500
1986-04-08,0.0,14.458333015441895,14.166666984558105,14.25,9.304956436157227,336600
1986-04-09,0.0,14.416666984558105,13.833333015441895,13.833333015441895,9.032879829406738,150000
1986-04-10,0.0,13.875,13.708333015441895,13.833333015441895,9.032879829406738,353400
1986-04-11,0.0,14.041666984558105,13.791666984558105,14.0,9.141706466674805,68100
1986-04-14,0.0,14.083333015441895,13.875,13.958333015441895,9.11450481414795,274800
1986-04-15,0.0,14.125,13.833333015441895,14.083333015441895,9.196127891540527,294000
1986-04-16,0.0,14.291666984558105,14.125,14.208333015441895,9.277749061584473,272400
1986-04-17,0.0,14.291666984558105,14.125,14.166666984558105,9.25053882598877,165000
1986-04-18,0.0,14.291666984558105,14.083333015441895,14.083333015441895,9.196127891540527,134400
1986-04-21,0.0,14.25,14.0,14.25,9.304956436157227,323700
1986-04-22,0.0,14.541666984558105,14.333333015441895,14.5,9.468201637268066,339900
1986-04-23,0.0,14.416666984558105,14.25,14.333333015441895,9.359370231628418,316500
1986-04-24,0.0,14.541666984558105,14.375,14.375,9.386574745178223,115500
1986-04-25,0.0,14.5,14.25,14.25,9.304956436157227,260400
1986-04-28,0.0,14.291666984558105,14.166666984558105,14.291666984558105,9.332161903381348,127500
1986-04-29,0.0,14.333333015441895,14.041666984558105,14.041666984558105,9.168917655944824,99300
1986-04-30,0.0,14.125,13.875,13.875,9.06008529663086,113400
1986-05-01,0.0,14.625,13.833333015441895,14.625,9.549819946289062,329700
1986-05-02,0.0,14.791666984558105,14.25,14.291666984558105,9.332161903381348,291300
1986-05-05,0.0,14.458333015441895,14.25,14.291666984558105,9.332161903381348,229500
1986-05-06,0.0,14.208333015441895,13.833333015441895,13.916666984558105,9.087296485900879,147600
1986-05-07,0.0,14.0,13.25,13.291666984558105,8.679186820983887,204300
1986-05-08,0.0,13.5,13.25,13.416666984558105,8.7608060836792,372600
1986-05-09,0.0,13.416666984558105,13.208333015441895,13.333333015441895,8.706388473510742,255300
1986-05-12,0.0,13.333333015441895,13.208333015441895,13.333333015441895,8.706388473510742,214800
1986-05-13,0.0,13.416666984558105,13.208333015441895,13.333333015441895,8.706388473510742,432900
1986-05-14,0.0,13.333333015441895,13.208333015441895,13.208333015441895,8.624764442443848,193200
1986-05-15,0.0,13.208333015441895,13.125,13.166666984558105,8.597559928894043,77400
1986-05-16,0.0,12.958333015441895,12.458333015441895,12.583333015441895,8.216659545898438,933900
1986-05-19,0.0,12.416666984558105,12.083333015441895,12.375,8.080620765686035,915900
1986-05-20,0.0,13.0,12.333333015441895,13.0,8.488727569580078,889200
1986-05-21,0.0,13.375,13.125,13.125,8.570350646972656,373500
1986-05-22,0.0,13.458333015441895,13.083333015441895,13.458333015441895,8.788009643554688,826200
1986-05-23,0.0,14.166666984558105,13.583333015441895,13.958333015441895,9.11450481414795,277800
1986-05-27,0.0,14.125,13.875,14.041666984558105,9.168917655944824,164700
1986-05-28,0.0,14.458333015441895,14.208333015441895,14.416666984558105,9.413782119750977,257100
1986-05-29,0.0,14.541666984558105,14.333333015441895,14.541666984558105,9.49540901184082,164100
1986-05-30,0.0,15.25,14.458333015441895,14.458333015441895,9.44098949432373,136500
1986-06-02,0.0,14.875,14.541666984558105,14.666666984558105,9.577034950256348,197700
1986-06-03,0.0,14.708333015441895,14.458333015441895,14.458333015441895,9.44098949432373,46800
1986-06-04,0.0,14.875,14.458333015441895,14.666666984558105,9.577034950256348,266400
1986-06-05,0.0,14.791666984558105,14.541666984558105,14.583333015441895,9.522615432739258,96900
1986-06-06,0.0,15.041666984558105,14.583333015441895,14.916666984558105,9.740276336669922,158400
1986-06-09,0.0,14.958333015441895,14.625,14.75,9.631449699401855,190800
1986-06-10,0.0,14.75,14.541666984558105,14.583333015441895,9.522615432739258,243900
1986-06-11,0.0,14.708333015441895,14.416666984558105,14.583333015441895,9.522615432739258,143700
1986-06-12,0.0,14.583333015441895,14.416666984558105,14.416666984558105,9.413782119750977,42900
1986-06-13,0.0,14.5,14.25,14.25,9.304956436157227,108900
1986-06-16,0.0,14.416666984558105,14.166666984558105,14.291666984558105,9.332161903381348,226200
1986-06-17,0.0,14.291666984558105,13.75,13.833333015441895,9.032879829406738,1090200
1986-06-18,0.0,13.791666984558105,13.666666984558105,13.75,8.978466987609863,76500
1986-06-19,0.0,13.833333015441895,13.708333015441895,13.791666984558105,9.005671501159668,87900
1986-06-20,0.0,13.875,13.708333015441895,13.791666984558105,9.005671501159668,129900
1986-06-23,0.0,14.0,13.791666984558105,13.958333015441895,9.11450481414795,240900
1986-06-24,0.0,14.0,13.666666984558105,13.916666984558105,9.087296485900879,333900
1986-06-25,0.0,14.291666984558105,13.875,14.291666984558105,9.332161903381348,149700
1986-06-26,0.0,14.375,14.083333015441895,14.083333015441895,9.196127891540527,122400
1986-06-27,0.0,14.208333015441895,13.708333015441895,13.833333015441895,9.032879829406738,123000
1986-06-30,0.0,14.041666984558105,13.875,13.958333015441895,9.11450481414795,236700
1986-07-01,0.0,14.083333015441895,13.625,13.625,8.896843910217285,98100
1986-07-02,0.0,13.958333015441895,13.541666984558105,13.916666984558105,9.087296485900879,197400
1986-07-03,0.0,14.166666984558105,13.875,13.875,9.06008529663086,170700
1986-07-07,0.0,13.916666984558105,13.416666984558105,13.5,8.815220832824707,264300
1986-07-08,0.0,13.333333015441895,13.125,13.208333015441895,8.624764442443848,430200
1986-07-09,0.0,13.458333015441895,13.291666984558105,13.458333015441895,8.788009643554688,423600
1986-07-10,0.0,13.5,13.208333015441895,13.208333015441895,8.624764442443848,573600
1986-07-11,0.0,13.291666984558105,13.083333015441895,13.125,8.570350646972656,291300
1986-07-14,0.0,13.208333015441895,13.041666984558105,13.041666984558105,8.515939712524414,105900
1986-07-15,0.0,13.041666984558105,12.625,12.625,8.243860244750977,285300
1986-07-16,0.0,12.958333015441895,12.666666984558105,12.791666984558105,8.352696418762207,228600
1986-07-17,0.0,12.833333015441895,12.625,12.791666984558105,8.352696418762207,364800
1986-07-18,0.0,13.083333015441895,12.833333015441895,13.0,8.488727569580078,198300
1986-07-21,0.0,13.125,13.0,13.041666984558105,8.515939712524414,122100
1986-07-22,0.0,13.125,12.958333015441895,12.958333015441895,8.461523056030273,501300
1986-07-23,0.0,13.041666984558105,12.75,12.75,8.32548999786377,102000
1986-07-24,0.0,12.708333015441895,12.583333015441895,12.666666984558105,8.271077156066895,66300
1986-07-25,0.0,12.875,12.708333015441895,12.875,8.407111167907715,60300
1986-07-28,0.0,12.791666984558105,12.5,12.583333015441895,8.216659545898438,138900
1986-07-29,0.0,12.625,12.25,12.291666984558105,8.026206016540527,118200
1986-07-30,0.0,12.0,11.416666984558105,11.791666984558105,7.699717998504639,545100
1986-07-31,0.0,12.041666984558105,11.666666984558105,11.666666984558105,7.6180949211120605,177300
1986-08-01,0.0,11.875,11.708333015441895,11.791666984558105,7.699717998504639,58200
1986-08-04,0.0,11.75,11.5,11.5,7.509263515472412,171000
1986-08-05,0.0,11.666666984558105,11.5,11.541666984558105,7.536468982696533,232800
1986-08-06,0.0,11.541666984558105,11.083333015441895,11.125,7.2643938064575195,151800
1986-08-07,0.0,11.0,10.666666984558105,10.75,7.019529819488525,378900
1986-08-08,0.0,11.291666984558105,10.833333015441895,11.25,7.346017360687256,293100
1986-08-11,0.0,11.708333015441895,11.375,11.666666984558105,7.6180949211120605,183000
1986-08-12,0.0,11.958333015441895,11.833333015441895,11.833333015441895,7.726925373077393,191700
1986-08-13,0.0,12.125,11.875,12.125,7.917375564575195,80400
1986-08-14,0.0,12.25,12.083333015441895,12.208333015441895,7.971786975860596,254700
1986-08-15,0.0,12.625,12.208333015441895,12.416666984558105,8.107830047607422,187200
1986-08-18,0.0,12.583333015441895,12.333333015441895,12.5,8.162237167358398,268500
1986-08-19,0.0,12.75,12.5,12.541666984558105,8.189447402954102,156000
1986-08-20,0.0,12.625,12.458333015441895,12.541666984558105,8.189447402954102,29400
1986-08-21,0.0,12.75,12.5,12.625,8.243860244750977,278400
1986-08-22,0.0,12.666666984558105,12.333333015441895,12.333333015441895,8.053410530090332,62400
1986-08-25,0.0,12.666666984558105,12.25,12.5,8.162237167358398,114300
1986-08-26,0.0,12.5,12.25,12.333333015441895,8.053410530090332,183000
1986-08-27,0.0,12.375,12.0,12.041666984558105,7.8629631996154785,282000
1986-08-28,0.0,11.958333015441895,11.666666984558105,11.666666984558105,7.6180949211120605,469500
1986-08-29,0.0,11.75,11.541666984558105,11.75,7.67250919342041,458100
1986-09-02,0.0,12.166666984558105,11.75,12.166666984558105,7.94458532333374,458400
1986-09-03,0.0,12.125,11.916666984558105,11.916666984558105,7.781339645385742,73200
1986-09-04,0.0,12.125,11.916666984558105,12.041666984558105,7.8629631996154785,92700
1986-09-05,0.0,12.25,12.0,12.208333015441895,7.971786975860596,322800
1986-09-08,0.0,12.583333015441895,12.166666984558105,12.5,8.162237167358398,129600
1986-09-09,0.0,12.666666984558105,12.458333015441895,12.625,8.243860244750977,266400
1986-09-10,0.0,12.791666984558105,12.666666984558105,12.666666984558105,8.271077156066895,123000
1986-09-11,0.0,12.75,11.916666984558105,12.0,7.835750579833984,220500
1986-09-12,0.0,11.916666984558105,11.375,11.583333015441895,7.563677787780762,384000
1986-09-15,0.0,11.541666984558105,11.083333015441895,11.416666984558105,7.45484733581543,451800
1986-09-16,0.0,11.333333015441895,11.166666984558105,11.208333015441895,7.318808555603027,603300
1986-09-17,0.0,11.666666984558105,11.291666984558105,11.666666984558105,7.6180949211120605,222000
1986-09-18,0.0,11.833333015441895,11.583333015441895,11.708333015441895,7.645297527313232,107100
1986-09-19,0.0,11.833333015441895,11.583333015441895,11.791666984558105,7.699717998504639,394200
1986-09-22,0.0,11.916666984558105,11.666666984558105,11.833333015441895,7.726925373077393,509100
1986-09-23,0.0,12.166666984558105,11.833333015441895,12.0,7.835750579833984,188400
1986-09-24,0.0,12.083333015441895,12.0,12.083333015441895,7.890170097351074,115500
1986-09-25,0.0,12.125,11.916666984558105,12.041666984558105,7.8629631996154785,257700
1986-09-26,0.0,11.916666984558105,11.666666984558105,11.791666984558105,7.699717998504639,341400
1986-09-29,0.0,11.833333015441895,11.75,11.833333015441895,7.726925373077393,103800
1986-09-30,0.0,11.833333015441895,11.708333015441895,11.791666984558105,7.699717998504639,39300
1986-10-01,0.0,12.125,11.75,12.083333015441895,7.890170097351074,291600
1986-10-02,0.0,13.041666984558105,12.625,12.666666984558105,8.271077156066895,1194900
1986-10-03,0.0,12.625,12.541666984558105,12.583333015441895,8.216659545898438,848100
1986-10-06,0.0,12.666666984558105,12.583333015441895,12.625,8.243860244750977,46500
1986-10-07,0.0,12.833333015441895,12.583333015441895,12.791666984558105,8.352696418762207,42300
1986-10-08,0.0,13.0,12.708333015441895,13.0,8.488727569580078,64200
1986-10-09,0.0,13.5,13.0,13.25,8.651976585388184,330300
1986-10-10,0.0,13.25,13.166666984558105,13.208333015441895,8.624764442443848,87000
1986-10-13,0.0,13.291666984558105,13.125,13.166666984558105,8.597559928894043,65400
1986-10-14,0.0,13.333333015441895,13.208333015441895,13.25,8.651976585388184,90300
1986-10-15,0.0,13.75,13.291666984558105,13.708333015441895,8.951258659362793,215400
1986-10-16,0.0,13.791666984558105,13.541666984558105,13.541666984558105,8.842430114746094,165900
1986-10-17,0.0,13.708333015441895,13.541666984558105,13.666666984558105,8.924049377441406,66300
1986-10-20,0.0,13.625,13.458333015441895,13.625,8.896843910217285,30900
1986-10-21,0.0,13.75,13.5,13.708333015441895,8.951258659362793,89700
1986-10-22,0.0,13.708333015441895,13.583333015441895,13.666666984558105,8.924049377441406,15600
1986-10-23,0.0,13.75,13.583333015441895,13.666666984558105,8.924049377441406,411000
1986-10-24,0.0,13.75,13.583333015441895,13.708333015441895,8.951258659362793,335400
1986-10-27,0.0,13.708333015441895,13.625,13.625,8.896843910217285,36300
1986-10-28,0.0,13.666666984558105,13.5,13.541666984558105,8.842430114746094,157200
1986-10-29,0.0,13.75,13.458333015441895,13.75,8.978466987609863,163200
1986-10-30,0.0,13.791666984558105,13.666666984558105,13.75,8.978466987609863,56100
1986-10-31,0.0,13.958333015441895,13.666666984558105,13.958333015441895,9.11450481414795,198300
1986-11-03,0.0,14.291666984558105,13.916666984558105,14.291666984558105,9.332161903381348,190800
1986-11-04,0.0,14.541666984558105,14.291666984558105,14.458333015441895,9.44098949432373,86100
1986-11-05,0.0,14.5,14.291666984558105,14.458333015441895,9.44098949432373,91200
1986-11-06,0.0,14.5,14.166666984558105,14.208333015441895,9.277749061584473,211200
1986-11-07,0.0,14.166666984558105,13.958333015441895,14.166666984558105,9.25053882598877,151200
1986-11-10,0.0,14.125,14.0,14.041666984558105,9.168917655944824,52800
1986-11-11,0.0,14.083333015441895,14.0,14.083333015441895,9.196127891540527,15000
1986-11-12,0.0,14.083333015441895,13.916666984558105,14.083333015441895,9.196127891540527,63600
1986-11-13,0.0,14.125,13.875,13.875,9.06008529663086,330300
1986-11-14,0.0,13.833333015441895,13.666666984558105,13.708333015441895,8.951258659362793,145200
1986-11-17,0.0,13.833333015441895,13.583333015441895,13.666666984558105,8.924049377441406,45900
1986-11-18,0.0,13.791666984558105,13.5,13.666666984558105,8.924049377441406,195000
1986-11-19,0.0,13.833333015441895,13.583333015441895,13.791666984558105,9.005671501159668,336900
1986-11-20,0.0,13.875,13.583333015441895,13.75,8.978466987609863,73200
1986-11-21,0.0,13.75,13.625,13.75,8.978466987609863,57000
1986-11-24,0.0,13.833333015441895,13.666666984558105,13.833333015441895,9.032879829406738,294900
1986-11-25,0.0,14.125,13.833333015441895,14.125,9.223336219787598,159600
1986-11-26,0.0,14.208333015441895,14.041666984558105,14.208333015441895,9.277749061584473,93900
1986-11-28,0.0,14.208333015441895,14.125,14.208333015441895,9.277749061584473,9300
1986-12-01,0.0,14.458333015441895,14.0,14.458333015441895,9.44098949432373,333600
1986-12-02,0.0,14.583333015441895,14.375,14.583333015441895,9.522615432739258,353400
1986-12-03,0.0,14.583333015441895,14.416666984558105,14.458333015441895,9.44098949432373,211200
1986-12-04,0.0,14.416666984558105,14.208333015441895,14.25,9.304956436157227,194400
1986-12-05,0.0,14.416666984558105,14.208333015441895,14.25,9.304956436157227,135900
1986-12-08,0.0,14.25,14.083333015441895,14.125,9.223336219787598,219000
1986-12-09,0.0,14.166666984558105,13.625,13.625,8.896843910217285,205500
1986-12-10,0.0,13.75,13.541666984558105,13.708333015441895,8.951258659362793,201900
1986-12-11,0.0,13.708333015441895,13.291666984558105,13.375,8.73359489440918,146700
1986-12-12,0.0,13.416666984558105,13.25,13.25,8.651976585388184,93000
1986-12-15,0.0,13.166666984558105,12.75,12.875,8.407111167907715,232800
1986-12-16,0.0,12.875,12.75,12.875,8.407111167907715,162900
1986-12-17,0.0,13.0,12.833333015441895,12.833333015441895,8.379900932312012,168900
1986-12-18,0.0,13.041666984558105,12.833333015441895,12.958333015441895,8.461523056030273,147000
1986-12-19,0.0,13.333333015441895,12.958333015441895,13.333333015441895,8.706388473510742,243300
1986-12-22,0.0,13.333333015441895,12.916666984558105,13.125,8.570350646972656,360900
1986-12-23,0.0,13.125,12.708333015441895,12.791666984558105,8.352696418762207,198000
1986-12-24,0.0,12.958333015441895,12.791666984558105,12.958333015441895,8.468143463134766,74700
1986-12-26,0.0,13.041666984558105,13.0,13.041666984558105,8.522601127624512,21000
1986-12-29,0.0,12.958333015441895,12.833333015441895,12.833333015441895,8.386456489562988,95700
1986-12-30,0.0,12.875,12.791666984558105,12.875,8.413686752319336,70500
1986-12-31,0.0,12.875,12.583333015441895,12.625,8.250310897827148,213300
1987-01-02,0.0,12.791666984558105,12.708333015441895,12.791666984558105,8.359227180480957,34200
1987-01-05,0.0,12.875,12.75,12.875,8.413686752319336,265200
1987-01-06,0.0,12.833333015441895,12.541666984558105,12.583333015441895,8.223087310791016,129000
1987-01-07,0.0,12.916666984558105,12.583333015441895,12.916666984558105,8.440911293029785,341100
1987-01-08,0.0,13.208333015441895,12.875,13.208333015441895,8.631516456604004,431400
1987-01-09,0.0,13.291666984558105,13.125,13.208333015441895,8.631516456604004,136200
1987-01-12,0.0,13.333333015441895,13.083333015441895,13.291666984558105,8.6859769821167,67200
1987-01-13,0.0,13.75,13.375,13.666666984558105,8.931034088134766,81600
1987-01-14,0.0,13.666666984558105,13.458333015441895,13.583333015441895,8.876572608947754,97200
1987-01-15,0.0,13.583333015441895,13.333333015441895,13.541666984558105,8.849346160888672,409500
1987-01-16,0.0,13.583333015441895,13.375,13.5,8.822113037109375,281400
1987-01-19,0.0,13.625,13.5,13.541666984558105,8.849346160888672,50700
1987-01-20,0.0,13.666666984558105,13.416666984558105,13.583333015441895,8.876572608947754,185400
1987-01-21,0.0,13.958333015441895,13.5,13.583333015441895,8.876572608947754,701700
1987-01-22,0.0,13.75,13.541666984558105,13.75,8.985490798950195,139500
1987-01-23,0.0,14.083333015441895,13.666666984558105,13.75,8.985490798950195,478500
1987-01-26,0.0,13.708333015441895,13.5,13.583333015441895,8.876572608947754,170400
1987-01-27,0.0,13.833333015441895,13.5,13.708333015441895,8.958264350891113,333600
1987-01-28,0.0,13.916666984558105,13.708333015441895,13.833333015441895,9.03995132446289,109200
1987-01-29,0.0,14.0,13.541666984558105,13.541666984558105,8.849346160888672,571800
1987-01-30,0.0,13.5,13.25,13.416666984558105,8.767657279968262,54600
1987-02-02,0.0,13.541666984558105,13.375,13.541666984558105,8.849346160888672,79800
1987-02-03,0.0,13.5,13.166666984558105,13.291666984558105,8.6859769821167,111900
1987-02-04,0.0,13.583333015441895,13.208333015441895,13.583333015441895,8.876572608947754,432000
1987-02-05,0.0,13.583333015441895,13.416666984558105,13.416666984558105,8.767657279968262,252000
1987-02-06,0.0,13.625,13.458333015441895,13.458333015441895,8.794888496398926,314400
1987-02-09,0.0,13.5,13.333333015441895,13.375,8.740428924560547,236700
1987-02-10,0.0,13.375,13.083333015441895,13.25,8.658748626708984,211500
1987-02-11,0.0,13.333333015441895,13.208333015441895,13.291666984558105,8.6859769821167,81300
1987-02-12,0.0,13.375,13.166666984558105,13.25,8.658748626708984,137400
1987-02-13,0.0,13.625,13.25,13.541666984558105,8.849346160888672,749100
1987-02-17,0.0,13.833333015441895,13.583333015441895,13.833333015441895,9.03995132446289,804900
1987-02-18,0.0,13.916666984558105,13.791666984558105,13.833333015441895,9.03995132446289,156900
1987-02-19,0.0,14.083333015441895,13.916666984558105,14.041666984558105,9.176095008850098,842100
1987-02-20,0.0,14.333333015441895,14.125,14.333333015441895,9.366694450378418,155700
1987-02-23,0.0,14.333333015441895,13.958333015441895,14.25,9.312237739562988,173400
1987-02-24,0.0,14.458333015441895,14.083333015441895,14.333333015441895,9.366694450378418,339600
1987-02-25,0.0,15.75,14.416666984558105,15.125,9.884039878845215,935100
1987-02-26,0.0,16.166667938232422,15.25,15.875,10.374159812927246,205500
1987-02-27,0.0,15.791666984558105,15.208333015441895,15.5,10.129100799560547,230700
1987-03-02,0.0,16.083332061767578,15.291666984558105,16.083332061767578,10.510298728942871,423900
1987-03-03,0.0,15.958333015441895,15.583333015441895,15.625,10.210783958435059,171900
1987-03-04,0.0,16.0,15.541666984558105,15.75,10.292473793029785,189900
1987-03-05,0.0,15.75,14.875,14.916666984558105,9.747896194458008,274500
1987-03-06,0.0,15.0,14.583333015441895,14.708333015441895,9.611749649047852,309000
1987-03-09,0.0,14.75,14.5,14.541666984558105,9.502835273742676,242700
1987-03-10,0.0,14.875,14.541666984558105,14.833333015441895,9.693437576293945,166500
1987-03-11,0.0,14.958333015441895,14.583333015441895,14.875,9.720664978027344,95400
1987-03-12,0.0,15.125,14.958333015441895,15.083333015441895,9.856812477111816,204900
1987-03-13,0.0,15.125,14.75,14.75,9.638982772827148,376800
1987-03-16,0.0,14.625,14.416666984558105,14.416666984558105,9.421149253845215,170100
1987-03-17,0.0,14.708333015441895,14.458333015441895,14.708333015441895,9.611749649047852,118200
1987-03-18,0.0,14.916666984558105,14.5,14.583333015441895,9.530067443847656,105900
1987-03-19,0.0,14.833333015441895,14.541666984558105,14.75,9.638982772827148,99000
1987-03-20,0.0,14.916666984558105,14.5,14.666666984558105,9.584524154663086,133200
1987-03-23,0.0,14.958333015441895,14.583333015441895,14.791666984558105,9.666211128234863,108000
1987-03-24,0.0,14.916666984558105,14.541666984558105,14.625,9.557295799255371,246900
1987-03-25,0.0,14.75,14.541666984558105,14.583333015441895,9.536588668823242,113400
1987-03-26,0.0,14.833333015441895,14.666666984558105,14.666666984558105,9.591085433959961,57900
1987-03-27,0.0,14.708333015441895,14.5,14.541666984558105,9.509337425231934,81600
1987-03-30,0.0,14.333333015441895,13.833333015441895,13.833333015441895,9.046133041381836,86700
1987-03-31,0.0,13.958333015441895,13.625,13.958333015441895,9.127880096435547,133800
1987-04-01,0.0,14.291666984558105,13.875,14.291666984558105,9.345855712890625,114300
1987-04-02,0.0,14.333333015441895,14.041666984558105,14.166666984558105,9.264116287231445,64200
1987-04-03,0.0,14.375,14.0,14.333333015441895,9.373101234436035,180600
1987-04-06,0.0,14.458333015441895,14.25,14.416666984558105,9.427597045898438,159900
1987-04-07,0.0,14.333333015441895,13.708333015441895,13.75,8.991639137268066,431400
1987-04-08,0.0,14.0,13.666666984558105,13.75,8.991639137268066,120900
1987-04-09,0.0,13.875,13.5,13.583333015441895,8.882647514343262,129300
1987-04-10,0.0,13.666666984558105,13.5,13.625,8.909897804260254,38400
1987-04-13,0.0,13.5,13.25,13.25,8.6646728515625,151500
1987-04-14,0.0,13.125,12.208333015441895,12.5,8.174220085144043,221100
1987-04-15,0.0,13.083333015441895,12.333333015441895,12.416666984558105,8.119725227355957,623100
1987-04-16,0.0,12.875,12.5,12.875,8.419441223144531,289800
1987-04-20,0.0,13.0,12.666666984558105,12.75,8.337700843811035,166500
1987-04-21,0.0,12.75,12.0,12.333333015441895,8.06523323059082,392400
1987-04-22,0.0,12.333333015441895,11.958333015441895,12.041666984558105,7.8744988441467285,500100
1987-04-23,0.0,12.083333015441895,11.666666984558105,11.958333015441895,7.819998741149902,130200
1987-04-24,0.0,11.958333015441895,11.708333015441895,11.833333015441895,7.738263130187988,123300
1987-04-27,0.0,12.041666984558105,11.666666984558105,11.958333015441895,7.819998741149902,517500
1987-04-28,0.0,12.291666984558105,11.875,12.208333015441895,7.983487129211426,231900
1987-04-29,0.0,12.458333015441895,12.208333015441895,12.291666984558105,8.037980079650879,198600
1987-04-30,0.0,13.25,12.375,13.0,8.501185417175293,422100
1987-05-01,0.0,13.083333015441895,12.916666984558105,13.0,8.501185417175293,186600
1987-05-04,0.0,12.958333015441895,12.75,12.875,8.419441223144531,83700
1987-05-05,0.0,13.291666984558105,12.916666984558105,13.25,8.6646728515625,566700
1987-05-06,0.0,13.583333015441895,13.125,13.5,8.82815170288086,237900
1987-05-07,0.0,13.625,13.458333015441895,13.458333015441895,8.800908088684082,87000
1987-05-08,0.0,13.75,13.333333015441895,13.75,8.991639137268066,92700
1987-05-11,0.0,14.25,13.833333015441895,13.833333015441895,9.046133041381836,215700
1987-05-12,0.0,13.958333015441895,13.75,13.791666984558105,9.018888473510742,71700
1987-05-13,0.0,13.791666984558105,13.583333015441895,13.708333015441895,8.96439266204834,153000
1987-05-14,0.0,13.708333015441895,13.5,13.541666984558105,8.855398178100586,79800
1987-05-15,0.0,13.5,13.291666984558105,13.375,8.746413230895996,73500
1987-05-18,0.0,13.333333015441895,13.125,13.25,8.6646728515625,62100
1987-05-19,0.0,13.166666984558105,12.833333015441895,12.958333015441895,8.473939895629883,76500
1987-05-20,0.0,12.916666984558105,12.625,12.666666984558105,8.283209800720215,251700
1987-05-21,0.0,13.083333015441895,12.791666984558105,12.916666984558105,8.446688652038574,202800
1987-05-22,0.0,13.458333015441895,12.958333015441895,13.458333015441895,8.800908088684082,118500
1987-05-26,0.0,13.708333015441895,13.416666984558105,13.666666984558105,8.937143325805664,105300
1987-05-27,0.0,13.75,13.541666984558105,13.583333015441895,8.882647514343262,68400
1987-05-28,0.0,13.916666984558105,13.583333015441895,13.833333015441895,9.046133041381836,44100
1987-05-29,0.0,13.958333015441895,13.75,13.875,9.073384284973145,57900
1987-06-01,0.0,14.208333015441895,13.916666984558105,14.0,9.155122756958008,78300
1987-06-02,0.0,14.166666984558105,13.833333015441895,14.0,9.155122756958008,81000
1987-06-03,0.0,14.791666984558105,14.041666984558105,14.75,9.64558219909668,220800
1987-06-04,0.0,14.875,14.666666984558105,14.875,9.727313995361328,136800
1987-06-05,0.0,14.791666984558105,14.541666984558105,14.583333015441895,9.536588668823242,73800
1987-06-08,0.0,14.666666984558105,14.5,14.5,9.482091903686523,74100
1987-06-09,0.0,14.541666984558105,14.375,14.5,9.482091903686523,95700
1987-06-10,0.0,14.916666984558105,14.416666984558105,14.666666984558105,9.591085433959961,402000
1987-06-11,0.0,15.291666984558105,14.625,15.25,9.97254753112793,245100
1987-06-12,0.0,15.333333015441895,15.166666984558105,15.25,9.97254753112793,209700
1987-06-15,0.0,15.5,15.208333015441895,15.208333015441895,9.945295333862305,191700
1987-06-16,0.0,15.791666984558105,15.166666984558105,15.791666984558105,10.326759338378906,428400
1987-06-17,0.0,16.041667938232422,15.833333015441895,15.916666984558105,10.408502578735352,228900
1987-06-18,0.0,16.333332061767578,15.916666984558105,16.333332061767578,10.680976867675781,262800
1987-06-19,0.0,17.208332061767578,16.666667938232422,16.791667938232422,10.98069953918457,467100
1987-06-22,0.0,16.791667938232422,16.5,16.75,10.953448295593262,144300
1987-06-23,0.0,16.791667938232422,16.5,16.666667938232422,10.898955345153809,144000
1987-06-24,0.0,16.833332061767578,16.625,16.708332061767578,10.93276596069336,176700
1987-06-25,0.0,16.833332061767578,16.5,16.5,10.7964448928833,179400
1987-06-26,0.0,16.458332061767578,16.125,16.291667938232422,10.66012954711914,208800
1987-06-29,0.0,16.291667938232422,16.083332061767578,16.291667938232422,10.66012954711914,98400
1987-06-30,0.0,16.208332061767578,15.791666984558105,15.833333015441895,10.360225677490234,87000
1987-07-01,0.0,15.833333015441895,15.625,15.625,10.223902702331543,75600
1987-07-02,0.0,15.916666984558105,15.625,15.791666984558105,10.332959175109863,67800
1987-07-06,0.0,15.958333015441895,15.833333015441895,15.958333015441895,10.442017555236816,105900
1987-07-07,0.0,16.291667938232422,16.0,16.125,10.551072120666504,159900
1987-07-08,0.0,16.25,15.916666984558105,16.25,10.632859230041504,33900
1987-07-09,0.0,16.333332061767578,16.208332061767578,16.208332061767578,10.605600357055664,43500
1987-07-10,0.0,16.333332061767578,16.083332061767578,16.25,10.632859230041504,132000
1987-07-13,0.0,16.333332061767578,16.125,16.25,10.632859230041504,49800
1987-07-14,0.0,16.541667938232422,16.25,16.5,10.7964448928833,29700
1987-07-15,0.0,16.625,16.375,16.458332061767578,10.769179344177246,74400
1987-07-16,0.0,16.458332061767578,16.125,16.291667938232422,10.66012954711914,67200
1987-07-17,0.0,16.583332061767578,16.25,16.583332061767578,10.850972175598145,97800
1987-07-20,0.0,16.625,16.166667938232422,16.291667938232422,10.66012954711914,115800
1987-07-21,0.0,16.291667938232422,15.875,15.875,10.38748836517334,41400
1987-07-22,0.0,15.916666984558105,15.75,15.791666984558105,10.332959175109863,91800
1987-07-23,0.0,15.791666984558105,15.625,15.625,10.223902702331543,40800
1987-07-24,0.0,15.75,15.666666984558105,15.75,10.305699348449707,60900
1987-07-27,0.0,15.791666984558105,15.666666984558105,15.708333015441895,10.278434753417969,33900
1987-07-28,0.0,15.791666984558105,15.583333015441895,15.583333015441895,10.196640968322754,59400
1987-07-29,0.0,16.125,15.5,16.125,10.551072120666504,96600
1987-07-30,0.0,16.458332061767578,16.041667938232422,16.375,10.71465015411377,56700
1987-07-31,0.0,16.833332061767578,16.375,16.666667938232422,10.905495643615723,96000
1987-08-03,0.0,16.75,16.458332061767578,16.541667938232422,10.82370662689209,375600
1987-08-04,0.0,16.75,16.583332061767578,16.666667938232422,10.905495643615723,201600
1987-08-05,0.0,17.166667938232422,16.666667938232422,17.0,11.12360668182373,280500
1987-08-06,0.0,17.25,16.875,17.25,11.287196159362793,159900
1987-08-07,0.0,17.75,17.333332061767578,17.666667938232422,11.559830665588379,121500
1987-08-10,0.0,18.583332061767578,17.791667938232422,18.333332061767578,11.996054649353027,128700
1987-08-11,0.0,19.166667938232422,18.25,19.083332061767578,12.486797332763672,360300
1987-08-12,0.0,18.958332061767578,18.583332061767578,18.75,12.268691062927246,172200
1987-08-13,0.0,18.791667938232422,18.083332061767578,18.333332061767578,11.996054649353027,192300
1987-08-14,0.0,18.416667938232422,17.916667938232422,18.083332061767578,11.832469940185547,102600
1987-08-17,0.0,18.166667938232422,17.791667938232422,17.916667938232422,11.723411560058594,69900
1987-08-18,0.0,17.916667938232422,17.541667938232422,17.75,11.614355087280273,82800
1987-08-19,0.0,18.041667938232422,17.666667938232422,18.041667938232422,11.805205345153809,82500
1987-08-20,0.0,18.333332061767578,18.083332061767578,18.208332061767578,11.914253234863281,186300
1987-08-21,0.0,18.416667938232422,18.083332061767578,18.416667938232422,12.050579071044922,38400
1987-08-24,0.0,18.333332061767578,18.083332061767578,18.083332061767578,11.832469940185547,68400
1987-08-25,0.0,18.208332061767578,18.0,18.0,11.777939796447754,50700
1987-08-26,0.0,18.083332061767578,17.875,17.875,11.696144104003906,85800
1987-08-27,0.0,18.0,17.666667938232422,17.958332061767578,11.750667572021484,87600
1987-08-28,0.0,17.958332061767578,17.833332061767578,17.916667938232422,11.723411560058594,26700
1987-08-31,0.0,18.0,17.833332061767578,17.916667938232422,11.723411560058594,60000
1987-09-01,0.0,18.083332061767578,17.833332061767578,17.833332061767578,11.6688871383667,159600
1987-09-02,0.0,17.75,17.458332061767578,17.541667938232422,11.47803783416748,149100
1987-09-03,0.0,17.75,17.333332061767578,17.333332061767578,11.341723442077637,192300
1987-09-04,0.0,17.333332061767578,16.75,16.833332061767578,11.014554977416992,57300
1987-09-08,0.0,16.75,15.875,16.041667938232422,10.496541976928711,87300
1987-09-09,0.0,16.0,15.333333015441895,15.416666984558105,10.087590217590332,250500
1987-09-10,0.0,16.041667938232422,15.75,16.0,10.469281196594238,237000
1987-09-11,0.0,16.291667938232422,16.041667938232422,16.041667938232422,10.496541976928711,218700
1987-09-14,0.0,16.166667938232422,15.708333015441895,15.916666984558105,10.414752006530762,211800
1987-09-15,0.0,15.958333015441895,15.625,15.75,10.305699348449707,248100
1987-09-16,0.0,15.75,15.541666984558105,15.541666984558105,10.169378280639648,46800
1987-09-17,0.0,15.625,15.458333015441895,15.541666984558105,10.169378280639648,239700
1987-09-18,0.0,15.916666984558105,15.416666984558105,15.916666984558105,10.414752006530762,50100
1987-09-21,0.0,16.0,15.625,15.625,10.223902702331543,141300
1987-09-22,0.0,16.125,15.291666984558105,16.125,10.551072120666504,233100
1987-09-23,0.0,16.333332061767578,15.958333015441895,16.333332061767578,10.687387466430664,111600
1987-09-24,0.0,16.375,16.25,16.25,10.641549110412598,21900
1987-09-25,0.0,16.25,16.041667938232422,16.208332061767578,10.614262580871582,59400
1987-09-28,0.0,16.541667938232422,16.208332061767578,16.458332061767578,10.777979850769043,146100
1987-09-29,0.0,16.5,16.333332061767578,16.333332061767578,10.696123123168945,75600
1987-09-30,0.0,16.333332061767578,16.041667938232422,16.208332061767578,10.614262580871582,125700
1987-10-01,0.0,16.916667938232422,16.25,16.916667938232422,11.078126907348633,182100
1987-10-02,0.0,17.333332061767578,17.083332061767578,17.208332061767578,11.269123077392578,97500
1987-10-05,0.0,17.291667938232422,16.833332061767578,16.916667938232422,11.078126907348633,47400
1987-10-06,0.0,16.833332061767578,15.583333015441895,15.583333015441895,10.204970359802246,92100
1987-10-07,0.0,15.791666984558105,15.333333015441895,15.583333015441895,10.204970359802246,321300
1987-10-08,0.0,15.625,14.666666984558105,15.0,9.822967529296875,463200
1987-10-09,0.0,15.416666984558105,15.0,15.041666984558105,9.850255966186523,479700
1987-10-12,0.0,15.25,15.0,15.125,9.90482234954834,123600
1987-10-13,0.0,15.833333015441895,15.166666984558105,15.833333015441895,10.368684768676758,169500
1987-10-14,0.0,15.708333015441895,15.083333015441895,15.083333015441895,9.877538681030273,112800
1987-10-15,0.0,14.666666984558105,14.0,14.458333015441895,9.468250274658203,194100
1987-10-16,0.0,14.583333015441895,13.708333015441895,14.0,9.168102264404297,274800
1987-10-19,0.0,13.583333015441895,12.416666984558105,13.0,8.51323413848877,538800
1987-10-20,0.0,13.0,11.333333015441895,11.333333015441895,7.4218010902404785,413100
1987-10-21,0.0,12.333333015441895,11.5,12.0,7.858375072479248,315000
1987-10-22,0.0,11.333333015441895,10.833333015441895,11.0,7.20350980758667,660300
1987-10-23,0.0,10.75,10.166666984558105,10.666666984558105,6.985220432281494,505200
1987-10-26,0.0,10.5,9.5,10.333333015441895,6.766931533813477,348600
1987-10-27,0.0,10.416666984558105,10.208333015441895,10.416666984558105,6.821504592895508,526800
1987-10-28,0.0,10.375,10.0,10.208333015441895,6.685079097747803,237900
1987-10-29,0.0,10.583333015441895,10.125,10.5,6.876079559326172,89700
1987-10-30,0.0,10.958333015441895,10.166666984558105,10.375,6.794218063354492,258000
1987-11-02,0.0,10.833333015441895,10.333333015441895,10.833333015441895,7.094359397888184,119100
1987-11-03,0.0,10.916666984558105,10.416666984558105,10.916666984558105,7.148935317993164,218700
1987-11-04,0.0,11.333333015441895,10.75,11.166666984558105,7.312653064727783,66600
1987-11-05,0.0,11.708333015441895,11.0,11.583333015441895,7.585510730743408,116400
1987-11-06,0.0,12.0,11.416666984558105,11.5,7.530941009521484,101100
1987-11-09,0.0,11.083333015441895,10.583333015441895,11.0,7.20350980758667,174300
1987-11-10,0.0,11.666666984558105,10.833333015441895,11.5,7.530941009521484,133800
1987-11-11,0.0,11.708333015441895,11.5,11.583333015441895,7.585510730743408,109200
1987-11-12,0.0,11.833333015441895,10.833333015441895,11.0,7.20350980758667,558600
1987-11-13,0.0,11.083333015441895,10.708333015441895,10.875,7.121651649475098,249600
1987-11-16,0.0,10.75,10.25,10.291666984558105,6.73964786529541,139800
1987-11-17,0.0,10.291666984558105,9.541666984558105,9.625,6.303066730499268,112800
1987-11-18,0.0,9.791666984558105,9.25,9.583333015441895,6.275789260864258,192900
1987-11-19,0.0,9.75,9.208333015441895,9.291666984558105,6.084781169891357,327600
1987-11-20,0.0,9.333333015441895,9.0,9.166666984558105,6.002923965454102,213900
1987-11-23,0.0,9.25,9.0,9.125,5.975641250610352,102900
1987-11-24,0.0,9.416666984558105,9.166666984558105,9.375,6.139354705810547,140100
1987-11-25,0.0,9.5,9.291666984558105,9.5,6.221214771270752,95700
1987-11-27,0.0,9.833333015441895,9.458333015441895,9.833333015441895,6.439499855041504,48600
1987-11-30,0.0,9.666666984558105,8.75,9.333333015441895,6.112067222595215,124800
1987-12-01,0.0,9.416666984558105,9.083333015441895,9.25,6.057497501373291,100800
1987-12-02,0.0,9.583333015441895,9.041666984558105,9.583333015441895,6.275789260864258,37500
1987-12-03,0.0,9.5,8.833333015441895,8.958333015441895,5.866495609283447,98100
1987-12-04,0.0,8.875,8.458333015441895,8.75,5.730064868927002,94500
1987-12-07,0.0,8.833333015441895,8.291666984558105,8.375,5.484490871429443,74100
1987-12-08,0.0,8.375,8.0,8.333333015441895,5.457202434539795,82500
1987-12-09,0.0,8.916666984558105,8.291666984558105,8.916666984558105,5.839207172393799,241200
1987-12-10,0.0,9.416666984558105,8.708333015441895,9.208333015441895,6.03020715713501,173100
1987-12-11,0.0,9.208333015441895,8.916666984558105,8.916666984558105,5.839207172393799,114600
1987-12-14,0.0,9.291666984558105,8.75,9.041666984558105,5.921066761016846,186900
1987-12-15,0.0,9.291666984558105,8.916666984558105,9.0,5.893779754638672,172800
1987-12-16,0.0,8.916666984558105,8.458333015441895,8.916666984558105,5.839207172393799,248400
1987-12-17,0.0,9.25,8.625,8.75,5.730064868927002,341700
1987-12-18,0.0,9.25,8.541666984558105,8.833333015441895,5.784637928009033,267000
1987-12-21,0.0,8.833333015441895,8.666666984558105,8.75,5.730064868927002,58200
1987-12-22,0.0,8.833333015441895,8.541666984558105,8.666666984558105,5.675491809844971,360600
1987-12-23,0.0,9.083333015441895,8.583333015441895,9.0,5.893779754638672,192000
1987-12-24,0.0,9.375,8.916666984558105,9.25,6.066484451293945,215400
1987-12-28,0.0,9.166666984558105,8.625,8.958333015441895,5.875199317932129,84300
1987-12-29,0.0,9.083333015441895,8.75,8.75,5.73856782913208,61200
1987-12-30,0.0,8.833333015441895,8.583333015441895,8.625,5.656584739685059,206700
1987-12-31,0.0,8.625,8.208333015441895,8.208333015441895,5.383321762084961,157500
1988-01-04,0.0,8.958333015441895,8.375,8.958333015441895,5.875199317932129,193500
1988-01-05,0.0,9.291666984558105,9.0,9.125,5.984506607055664,176400
1988-01-06,0.0,9.791666984558105,9.208333015441895,9.75,6.3944010734558105,172200
1988-01-07,0.0,10.041666984558105,9.583333015441895,10.041666984558105,6.585684776306152,846000
1988-01-08,0.0,10.333333015441895,9.625,9.666666984558105,6.339751243591309,476100
1988-01-11,0.0,10.083333015441895,9.75,9.958333015441895,6.531035423278809,207900
1988-01-12,0.0,10.25,9.833333015441895,9.916666984558105,6.503707408905029,166500
1988-01-13,0.0,9.916666984558105,9.625,9.75,6.3944010734558105,84900
1988-01-14,0.0,9.875,9.625,9.791666984558105,6.421730995178223,137100
1988-01-15,0.0,10.333333015441895,10.0,10.333333015441895,6.776970863342285,89700
1988-01-18,0.0,10.5,10.25,10.416666984558105,6.831625461578369,42000
1988-01-19,0.0,10.458333015441895,10.041666984558105,10.041666984558105,6.585684776306152,55800
1988-01-20,0.0,9.958333015441895,9.791666984558105,9.833333015441895,6.4490532875061035,54600
1988-01-21,0.0,10.041666984558105,9.875,10.041666984558105,6.585684776306152,231600
1988-01-22,0.0,10.25,10.0,10.25,6.722318649291992,19800
1988-01-25,0.0,10.625,10.333333015441895,10.583333015441895,6.9409332275390625,120000
1988-01-26,0.0,11.166666984558105,10.541666984558105,11.166666984558105,7.323503017425537,106500
1988-01-27,0.0,11.625,10.875,10.875,7.1322174072265625,92400
1988-01-28,0.0,11.125,10.958333015441895,11.125,7.296173572540283,120300
1988-01-29,0.0,11.291666984558105,11.041666984558105,11.208333015441895,7.350832939147949,155100
1988-02-01,0.0,11.25,10.833333015441895,10.916666984558105,7.159544944763184,62400
1988-02-02,0.0,11.166666984558105,10.708333015441895,10.958333015441895,7.186873912811279,94800
1988-02-03,0.0,11.166666984558105,10.833333015441895,10.958333015441895,7.186873912811279,44400
1988-02-04,0.0,11.416666984558105,11.0,11.416666984558105,7.487463474273682,62700
1988-02-05,0.0,11.5,11.333333015441895,11.5,7.542113780975342,82200
1988-02-08,0.0,11.5,11.291666984558105,11.375,7.4601359367370605,21000
1988-02-09,0.0,11.541666984558105,11.25,11.458333015441895,7.514789581298828,58800
1988-02-10,0.0,11.666666984558105,11.416666984558105,11.416666984558105,7.487463474273682,170400
1988-02-11,0.0,11.458333015441895,11.208333015441895,11.208333015441895,7.350832939147949,178500
1988-02-12,0.0,11.583333015441895,11.208333015441895,11.416666984558105,7.487463474273682,50100
1988-02-16,0.0,11.416666984558105,11.291666984558105,11.291666984558105,7.405480861663818,49500
1988-02-17,0.0,11.375,11.083333015441895,11.083333015441895,7.268855094909668,41700
1988-02-18,0.0,11.083333015441895,10.833333015441895,11.083333015441895,7.268855094909668,174300
1988-02-19,0.0,11.291666984558105,11.0,11.291666984558105,7.405480861663818,54000
1988-02-22,0.0,11.791666984558105,11.125,11.791666984558105,7.733399868011475,238500
1988-02-23,0.0,11.916666984558105,11.541666984558105,11.625,7.624096870422363,433200
1988-02-24,0.0,11.625,11.083333015441895,11.166666984558105,7.323503017425537,93900
1988-02-25,0.0,11.333333015441895,11.208333015441895,11.25,7.378155708312988,193800
1988-02-26,0.0,11.333333015441895,11.041666984558105,11.291666984558105,7.405480861663818,72900
1988-02-29,0.0,11.333333015441895,11.208333015441895,11.333333015441895,7.4328107833862305,73500
1988-03-01,0.0,11.291666984558105,11.083333015441895,11.208333015441895,7.350832939147949,170400
1988-03-02,0.0,11.5,11.25,11.416666984558105,7.487463474273682,229200
1988-03-03,0.0,11.375,11.291666984558105,11.291666984558105,7.405480861663818,122100
1988-03-04,0.0,11.25,10.875,11.125,7.296173572540283,111000
1988-03-07,0.0,11.208333015441895,11.041666984558105,11.208333015441895,7.350832939147949,28500
1988-03-08,0.0,12.25,11.666666984558105,12.25,8.033994674682617,192600
1988-03-09,0.0,12.625,12.083333015441895,12.583333015441895,8.252607345581055,190800
1988-03-10,0.0,13.041666984558105,12.416666984558105,12.5,8.197948455810547,323700
1988-03-11,0.0,12.75,11.791666984558105,12.333333015441895,8.088644981384277,217200
1988-03-14,0.0,12.625,12.25,12.25,8.033994674682617,154200
1988-03-15,0.0,12.5,12.291666984558105,12.416666984558105,8.143299102783203,302400
1988-03-16,0.0,12.458333015441895,12.291666984558105,12.458333015441895,8.170628547668457,142200
1988-03-17,0.0,12.5,12.333333015441895,12.458333015441895,8.170628547668457,123300
1988-03-18,0.0,12.833333015441895,12.583333015441895,12.833333015441895,8.416563034057617,398700
1988-03-21,0.0,12.75,12.583333015441895,12.708333015441895,8.334587097167969,73500
1988-03-22,0.0,12.708333015441895,12.583333015441895,12.583333015441895,8.252607345581055,73500
1988-03-23,0.0,12.708333015441895,12.5,12.666666984558105,8.307249069213867,205200
1988-03-24,0.0,12.625,12.291666984558105,12.375,8.115971565246582,56700
1988-03-25,0.0,12.375,12.25,12.333333015441895,8.097367286682129,64200
1988-03-28,0.0,12.375,12.166666984558105,12.291666984558105,8.070016860961914,207000
1988-03-29,0.0,12.333333015441895,12.25,12.291666984558105,8.070016860961914,64200
1988-03-30,0.0,12.416666984558105,12.041666984558105,12.041666984558105,7.90587854385376,127200
1988-03-31,0.0,12.25,12.0,12.25,8.042658805847168,51300
1988-04-04,0.0,12.25,11.916666984558105,12.0,7.878525733947754,100200
1988-04-05,0.0,12.166666984558105,11.958333015441895,12.125,7.960594177246094,204000
1988-04-06,0.0,12.708333015441895,12.0,12.708333015441895,8.343573570251465,90000
1988-04-07,0.0,13.208333015441895,12.708333015441895,13.166666984558105,8.644487380981445,102900
1988-04-08,0.0,14.083333015441895,13.208333015441895,14.083333015441895,9.246321678161621,137100
1988-04-11,0.0,14.208333015441895,13.916666984558105,14.166666984558105,9.301030158996582,78300
1988-04-12,0.0,14.166666984558105,14.041666984558105,14.125,9.273675918579102,108000
1988-04-13,0.0,14.083333015441895,13.916666984558105,13.958333015441895,9.164257049560547,46800
1988-04-14,0.0,13.875,13.583333015441895,13.666666984558105,8.972766876220703,166800
1988-04-15,0.0,13.75,13.458333015441895,13.541666984558105,8.890690803527832,192600
1988-04-18,0.0,13.625,13.458333015441895,13.583333015441895,8.918047904968262,52800
1988-04-19,0.0,13.666666984558105,13.416666984558105,13.5,8.863335609436035,96900
1988-04-20,0.0,13.5,13.375,13.5,8.863335609436035,60900
1988-04-21,0.0,13.708333015441895,13.5,13.666666984558105,8.972766876220703,123300
1988-04-22,0.0,13.791666984558105,13.708333015441895,13.708333015441895,9.000113487243652,142500
1988-04-25,0.0,13.875,13.666666984558105,13.791666984558105,9.054831504821777,173100
1988-04-26,0.0,14.291666984558105,13.666666984558105,14.25,9.355749130249023,359400
1988-04-27,0.0,14.5,14.208333015441895,14.416666984558105,9.465170860290527,198300
1988-04-28,0.0,14.458333015441895,14.166666984558105,14.208333015441895,9.328389167785645,61500
1988-04-29,0.0,14.166666984558105,13.833333015441895,14.083333015441895,9.246321678161621,103500
1988-05-02,0.0,14.083333015441895,13.875,14.041666984558105,9.218961715698242,164400
1988-05-03,0.0,14.333333015441895,14.0,14.083333015441895,9.246321678161621,230100
1988-05-04,0.0,14.041666984558105,13.75,13.75,9.027470588684082,129000
1988-05-05,0.0,13.583333015441895,13.25,13.333333015441895,8.753911972045898,120600
1988-05-06,0.0,13.333333015441895,13.041666984558105,13.041666984558105,8.562422752380371,120600
1988-05-09,0.0,13.083333015441895,12.916666984558105,13.083333015441895,8.589774131774902,334500
1988-05-10,0.0,13.416666984558105,13.0,13.125,8.617131233215332,134700
1988-05-11,0.0,13.041666984558105,12.75,12.833333015441895,8.425642967224121,164700
1988-05-12,0.0,12.916666984558105,12.833333015441895,12.875,8.452999114990234,38700
1988-05-13,0.0,13.25,12.958333015441895,13.25,8.699201583862305,39300
1988-05-16,0.0,13.416666984558105,13.25,13.333333015441895,8.753911972045898,118500
1988-05-17,0.0,13.666666984558105,13.333333015441895,13.333333015441895,8.753911972045898,49800
1988-05-18,0.0,13.333333015441895,13.083333015441895,13.083333015441895,8.589774131774902,64800
1988-05-19,0.0,13.166666984558105,12.875,13.166666984558105,8.644487380981445,63600
1988-05-20,0.0,13.25,13.041666984558105,13.083333015441895,8.589774131774902,268200
1988-05-23,0.0,13.125,13.0,13.0,8.535065650939941,108000
1988-05-24,0.0,12.916666984558105,12.75,12.791666984558105,8.398285865783691,98400
1988-05-25,0.0,12.916666984558105,12.75,12.75,8.370929718017578,109800
1988-05-26,0.0,12.791666984558105,12.708333015441895,12.791666984558105,8.398285865783691,201000
1988-05-27,0.0,12.875,12.833333015441895,12.833333015441895,8.425642967224121,11100
1988-05-31,0.0,13.75,12.916666984558105,13.75,9.027470588684082,138000
1988-06-01,0.0,14.416666984558105,13.666666984558105,14.416666984558105,9.465170860290527,142200
1988-06-02,0.0,14.375,14.125,14.125,9.273675918579102,64500
1988-06-03,0.0,14.083333015441895,13.5,13.666666984558105,8.972766876220703,186000
1988-06-06,0.0,13.833333015441895,13.708333015441895,13.75,9.027470588684082,57600
1988-06-07,0.0,14.0,13.583333015441895,13.583333015441895,8.918047904968262,194700
1988-06-08,0.0,13.916666984558105,13.458333015441895,13.916666984558105,9.136898040771484,135900
1988-06-09,0.0,13.916666984558105,13.75,13.75,9.027470588684082,51900
1988-06-10,0.0,14.0,13.625,13.791666984558105,9.054831504821777,53700
1988-06-13,0.0,13.916666984558105,13.708333015441895,13.875,9.109540939331055,72600
1988-06-14,0.0,14.416666984558105,13.958333015441895,14.208333015441895,9.328389167785645,81900
1988-06-15,0.0,14.333333015441895,14.0,14.333333015441895,9.410457611083984,64200
1988-06-16,0.0,14.416666984558105,14.208333015441895,14.333333015441895,9.410457611083984,58800
1988-06-17,0.0,14.625,14.166666984558105,14.208333015441895,9.328389167785645,189600
1988-06-20,0.0,14.125,13.916666984558105,14.0,9.191607475280762,27300
1988-06-21,0.0,14.0,13.625,13.916666984558105,9.136898040771484,72900
1988-06-22,0.0,14.291666984558105,14.041666984558105,14.208333015441895,9.328389167785645,107400
1988-06-23,0.0,14.208333015441895,14.083333015441895,14.208333015441895,9.328389167785645,61800
1988-06-24,0.0,14.208333015441895,14.083333015441895,14.208333015441895,9.337153434753418,46500
1988-06-27,0.0,14.208333015441895,14.083333015441895,14.083333015441895,9.255002975463867,95700
1988-06-28,0.0,14.25,14.041666984558105,14.25,9.36453914642334,148500
1988-06-29,0.0,14.25,13.958333015441895,13.958333015441895,9.172863006591797,39300
1988-06-30,0.0,14.125,13.791666984558105,13.791666984558105,9.063332557678223,128700
1988-07-01,0.0,13.833333015441895,13.666666984558105,13.708333015441895,9.008572578430176,200400
1988-07-05,0.0,14.125,13.625,14.125,9.282386779785156,101100
1988-07-06,0.0,14.25,14.125,14.125,9.282386779785156,40200
1988-07-07,0.0,14.208333015441895,14.0,14.125,9.282386779785156,59700
1988-07-08,0.0,14.25,14.083333015441895,14.166666984558105,9.309771537780762,335100
1988-07-11,0.0,14.5,14.166666984558105,14.416666984558105,9.474051475524902,155100
1988-07-12,0.0,14.416666984558105,14.125,14.125,9.282386779785156,79500
1988-07-13,0.0,14.291666984558105,14.083333015441895,14.25,9.36453914642334,66900
1988-07-14,0.0,14.5,14.25,14.5,9.528822898864746,319500
1988-07-15,0.0,14.583333015441895,14.333333015441895,14.583333015441895,9.583584785461426,111000
1988-07-18,0.0,14.666666984558105,14.333333015441895,14.416666984558105,9.474051475524902,93000
1988-07-19,0.0,14.458333015441895,13.958333015441895,14.166666984558105,9.309771537780762,202500
1988-07-20,0.0,14.333333015441895,14.083333015441895,14.333333015441895,9.419297218322754,83400
1988-07-21,0.0,14.25,14.125,14.125,9.282386779785156,99600
1988-07-22,0.0,14.166666984558105,14.0,14.0,9.200241088867188,117900
1988-07-25,0.0,14.125,13.958333015441895,14.083333015441895,9.255002975463867,54300
1988-07-26,0.0,14.208333015441895,14.083333015441895,14.166666984558105,9.309771537780762,28800
1988-07-27,0.0,14.125,13.833333015441895,13.875,9.118095397949219,106500
1988-07-28,0.0,13.958333015441895,13.833333015441895,13.833333015441895,9.090713500976562,109500
1988-07-29,0.0,13.958333015441895,13.75,13.958333015441895,9.172863006591797,287400
1988-08-01,0.0,14.0,13.875,13.916666984558105,9.14548110961914,80700
1988-08-02,0.0,14.0,13.833333015441895,13.833333015441895,9.090713500976562,72000
1988-08-03,0.0,13.916666984558105,13.75,13.791666984558105,9.063332557678223,51900
1988-08-04,0.0,13.916666984558105,13.791666984558105,13.875,9.118095397949219,73500
1988-08-05,0.0,13.875,13.791666984558105,13.875,9.118095397949219,50700
1988-08-08,0.0,14.25,13.875,14.125,9.282386779785156,77100
1988-08-09,0.0,14.041666984558105,13.708333015441895,13.75,9.0359525680542,122700
1988-08-10,0.0,13.75,13.625,13.666666984558105,8.981184959411621,48600
1988-08-11,0.0,13.791666984558105,13.666666984558105,13.791666984558105,9.063332557678223,81900
1988-08-12,0.0,13.875,13.791666984558105,13.791666984558105,9.063332557678223,50700
1988-08-15,0.0,13.791666984558105,13.583333015441895,13.666666984558105,8.981184959411621,46200
1988-08-16,0.0,13.666666984558105,13.5,13.541666984558105,8.899044036865234,104400
1988-08-17,0.0,13.541666984558105,13.25,13.375,8.789518356323242,78600
1988-08-18,0.0,13.5,13.291666984558105,13.416666984558105,8.816899299621582,496200
1988-08-19,0.0,13.5,13.333333015441895,13.458333015441895,8.844281196594238,94200
1988-08-22,0.0,13.375,13.208333015441895,13.208333015441895,8.679991722106934,45600
1988-08-23,0.0,13.166666984558105,13.041666984558105,13.083333015441895,8.597847938537598,29700
1988-08-24,0.0,13.416666984558105,13.041666984558105,13.416666984558105,8.816899299621582,112800
1988-08-25,0.0,13.375,13.291666984558105,13.333333015441895,8.76213550567627,20700
1988-08-26,0.0,13.291666984558105,13.208333015441895,13.291666984558105,8.734750747680664,39300
1988-08-29,0.0,13.625,13.375,13.583333015441895,8.92642593383789,68100
1988-08-30,0.0,13.541666984558105,13.333333015441895,13.333333015441895,8.76213550567627,30000
1988-08-31,0.0,13.416666984558105,13.291666984558105,13.416666984558105,8.816899299621582,202200
1988-09-01,0.0,13.375,13.208333015441895,13.25,8.707369804382324,67500
1988-09-02,0.0,13.416666984558105,13.25,13.333333015441895,8.76213550567627,207000
1988-09-06,0.0,13.416666984558105,13.291666984558105,13.375,8.789518356323242,276600
1988-09-07,0.0,13.708333015441895,13.416666984558105,13.708333015441895,9.008572578430176,189600
1988-09-08,0.0,13.791666984558105,13.666666984558105,13.75,9.0359525680542,39900
1988-09-09,0.0,13.833333015441895,13.625,13.833333015441895,9.090713500976562,96600
1988-09-12,0.0,14.041666984558105,13.875,13.958333015441895,9.172863006591797,118500
1988-09-13,0.0,13.958333015441895,13.833333015441895,13.916666984558105,9.14548110961914,80700
1988-09-14,0.0,13.958333015441895,13.875,13.958333015441895,9.172863006591797,75300
1988-09-15,0.0,14.125,13.916666984558105,14.125,9.282386779785156,1908000
1988-09-16,0.0,14.208333015441895,14.0,14.208333015441895,9.337153434753418,101100
1988-09-19,0.0,14.166666984558105,14.0,14.0,9.200241088867188,72300
1988-09-20,0.0,14.0,13.875,13.958333015441895,9.172863006591797,35100
1988-09-21,0.0,14.0,13.833333015441895,13.916666984558105,9.14548110961914,237600
1988-09-22,0.0,14.083333015441895,13.833333015441895,14.0,9.200241088867188,911400
1988-09-23,0.0,14.416666984558105,14.041666984558105,14.333333015441895,9.419297218322754,101100
1988-09-26,0.0,14.5,14.375,14.5,9.537693977355957,58800
1988-09-27,0.0,14.458333015441895,14.333333015441895,14.333333015441895,9.428064346313477,41700
1988-09-28,0.0,14.833333015441895,14.375,14.833333015441895,9.756951332092285,249600
1988-09-29,0.0,15.458333015441895,14.75,15.333333015441895,10.085837364196777,250200
1988-09-30,0.0,15.5,15.208333015441895,15.208333015441895,10.003618240356445,125700
1988-10-03,0.0,15.416666984558105,14.875,14.958333015441895,9.83917236328125,347700
1988-10-04,0.0,15.041666984558105,14.875,14.958333015441895,9.83917236328125,84900
1988-10-05,0.0,14.958333015441895,14.791666984558105,14.833333015441895,9.756951332092285,78000
1988-10-06,0.0,14.916666984558105,14.708333015441895,14.833333015441895,9.756951332092285,46500
1988-10-07,0.0,15.166666984558105,14.875,15.166666984558105,9.97620964050293,162300
1988-10-10,0.0,15.166666984558105,14.916666984558105,15.083333015441895,9.921395301818848,119400
1988-10-11,0.0,15.041666984558105,14.916666984558105,15.041666984558105,9.893986701965332,25800
1988-10-12,0.0,15.0,14.833333015441895,14.958333015441895,9.83917236328125,35400
1988-10-13,0.0,15.166666984558105,14.833333015441895,14.916666984558105,9.811769485473633,176400
1988-10-14,0.0,15.041666984558105,14.875,15.0,9.866580963134766,53100
1988-10-17,0.0,15.041666984558105,14.958333015441895,15.0,9.866580963134766,22200
1988-10-18,0.0,14.958333015441895,14.75,14.75,9.702136993408203,360300
1988-10-19,0.0,14.791666984558105,14.333333015441895,14.458333015441895,9.510289192199707,420900
1988-10-20,0.0,14.833333015441895,14.416666984558105,14.833333015441895,9.756951332092285,123000
1988-10-21,0.0,14.958333015441895,14.666666984558105,14.958333015441895,9.83917236328125,100800
1988-10-24,0.0,15.0,14.875,14.958333015441895,9.83917236328125,95100
1988-10-25,0.0,15.125,14.916666984558105,15.125,9.94880199432373,37200
1988-10-26,0.0,15.208333015441895,15.041666984558105,15.125,9.94880199432373,492300
1988-10-27,0.0,15.083333015441895,14.791666984558105,14.791666984558105,9.729547500610352,67800
1988-10-28,0.0,14.916666984558105,14.708333015441895,14.708333015441895,9.674734115600586,198600
1988-10-31,0.0,14.708333015441895,14.625,14.708333015441895,9.674734115600586,71700
1988-11-01,0.0,14.708333015441895,14.375,14.5,9.537693977355957,118500
1988-11-02,0.0,14.583333015441895,14.375,14.583333015441895,9.592509269714355,57300
1988-11-03,0.0,14.625,14.541666984558105,14.541666984558105,9.565094947814941,39600
1988-11-04,0.0,14.625,14.375,14.416666984558105,9.48287582397461,113100
1988-11-07,0.0,14.5,14.375,14.416666984558105,9.48287582397461,40200
1988-11-08,0.0,14.5,14.416666984558105,14.458333015441895,9.510289192199707,58200
1988-11-09,0.0,14.458333015441895,14.25,14.333333015441895,9.428064346313477,112200
1988-11-10,0.0,14.416666984558105,14.25,14.333333015441895,9.428064346313477,67800
1988-11-11,0.0,14.25,14.0,14.041666984558105,9.23621654510498,120300
1988-11-14,0.0,14.125,13.958333015441895,13.958333015441895,9.181404113769531,137700
1988-11-15,0.0,14.041666984558105,13.708333015441895,13.708333015441895,9.016962051391602,149400
1988-11-16,0.0,13.791666984558105,13.458333015441895,13.458333015441895,8.852514266967773,120900
1988-11-17,0.0,13.583333015441895,13.25,13.291666984558105,8.742883682250977,79500
1988-11-18,0.0,13.375,13.208333015441895,13.375,8.797701835632324,128700
1988-11-21,0.0,13.333333015441895,13.125,13.208333015441895,8.68807601928711,46800
1988-11-22,0.0,13.25,13.083333015441895,13.166666984558105,8.660669326782227,28800
1988-11-23,0.0,13.5,13.208333015441895,13.5,8.879920959472656,42900
1988-11-25,0.0,13.583333015441895,13.375,13.583333015441895,8.934737205505371,39900
1988-11-28,0.0,13.625,13.416666984558105,13.541666984558105,8.907325744628906,83400
1988-11-29,0.0,13.916666984558105,13.541666984558105,13.916666984558105,9.153990745544434,102300
1988-11-30,0.0,14.083333015441895,13.875,14.0,9.208805084228516,72300
1988-12-01,0.0,13.916666984558105,13.708333015441895,13.708333015441895,9.016962051391602,49800
1988-12-02,0.0,13.791666984558105,13.708333015441895,13.791666984558105,9.071772575378418,26100
1988-12-05,0.0,14.208333015441895,13.833333015441895,14.166666984558105,9.318442344665527,59700
1988-12-06,0.0,14.375,14.125,14.333333015441895,9.428064346313477,65100
1988-12-07,0.0,15.041666984558105,14.333333015441895,15.041666984558105,9.893986701965332,137700
1988-12-08,0.0,15.208333015441895,14.916666984558105,15.041666984558105,9.893986701965332,59100
1988-12-09,0.0,15.125,15.0,15.083333015441895,9.921395301818848,22500
1988-12-12,0.0,15.083333015441895,14.916666984558105,14.916666984558105,9.811769485473633,15000
1988-12-13,0.0,14.833333015441895,14.583333015441895,14.625,9.619917869567871,63600
1988-12-14,0.0,14.666666984558105,14.416666984558105,14.458333015441895,9.510289192199707,25800
1988-12-15,0.0,14.5,14.291666984558105,14.416666984558105,9.48287582397461,51600
1988-12-16,0.0,14.333333015441895,14.083333015441895,14.333333015441895,9.428064346313477,150600
1988-12-19,0.0,14.666666984558105,14.291666984558105,14.458333015441895,9.510289192199707,190200
1988-12-20,0.0,14.458333015441895,14.375,14.375,9.455477714538574,64800
1988-12-21,0.0,14.375,14.041666984558105,14.041666984558105,9.23621654510498,292800
1988-12-22,0.0,14.125,14.0,14.125,9.291028022766113,80700
1988-12-23,0.0,14.208333015441895,14.125,14.208333015441895,9.354674339294434,95400
1988-12-27,0.0,14.166666984558105,14.083333015441895,14.125,9.299811363220215,28500
1988-12-28,0.0,14.125,13.791666984558105,13.958333015441895,9.190081596374512,53700
1988-12-29,0.0,14.125,13.958333015441895,14.125,9.299811363220215,15600
1988-12-30,0.0,14.208333015441895,14.083333015441895,14.125,9.299811363220215,47400
1989-01-03,0.0,14.166666984558105,13.75,13.791666984558105,9.080345153808594,48600
1989-01-04,0.0,14.083333015441895,13.75,14.041666984558105,9.244946479797363,36600
1989-01-05,0.0,14.208333015441895,14.041666984558105,14.125,9.299811363220215,302100
1989-01-06,0.0,14.25,14.166666984558105,14.208333015441895,9.354674339294434,51900
1989-01-09,0.0,14.5,14.125,14.5,9.546709060668945,91500
1989-01-10,0.0,14.541666984558105,14.416666984558105,14.5,9.546709060668945,49200
1989-01-11,0.0,14.625,14.416666984558105,14.625,9.629006385803223,265800
1989-01-12,0.0,14.625,14.458333015441895,14.458333015441895,9.519272804260254,167400
1989-01-13,0.0,14.458333015441895,14.125,14.125,9.299811363220215,291300
1989-01-16,0.0,14.166666984558105,13.875,13.958333015441895,9.190081596374512,101100
1989-01-17,0.0,14.166666984558105,13.833333015441895,14.166666984558105,9.327244758605957,300600
1989-01-18,0.0,14.416666984558105,14.083333015441895,14.416666984558105,9.491839408874512,139200
1989-01-19,0.0,14.416666984558105,14.25,14.25,9.382107734680176,67500
1989-01-20,0.0,14.333333015441895,14.208333015441895,14.25,9.382107734680176,91200
1989-01-23,0.0,14.333333015441895,14.166666984558105,14.291666984558105,9.409539222717285,145200
1989-01-24,0.0,14.458333015441895,14.208333015441895,14.333333015441895,9.436971664428711,183600
1989-01-25,0.0,14.458333015441895,14.208333015441895,14.208333015441895,9.354674339294434,180000
1989-01-26,0.0,14.458333015441895,14.125,14.458333015441895,9.519272804260254,84300
1989-01-27,0.0,14.5,14.291666984558105,14.291666984558105,9.409539222717285,252600
1989-01-30,0.0,14.291666984558105,14.125,14.166666984558105,9.327244758605957,112500
1989-01-31,0.0,14.166666984558105,13.666666984558105,14.166666984558105,9.327244758605957,465000
1989-02-01,0.0,14.25,14.125,14.125,9.299811363220215,389700
1989-02-02,0.0,14.25,14.125,14.25,9.382107734680176,17400
1989-02-03,0.0,14.416666984558105,14.166666984558105,14.375,9.464406967163086,169800
1989-02-06,0.0,14.416666984558105,14.291666984558105,14.291666984558105,9.409539222717285,40200
1989-02-07,0.0,15.041666984558105,14.333333015441895,14.916666984558105,9.821043968200684,164400
1989-02-08,0.0,15.25,14.916666984558105,15.166666984558105,9.985640525817871,157200
1989-02-09,0.0,15.291666984558105,15.041666984558105,15.083333015441895,9.930770874023438,115500
1989-02-10,0.0,15.083333015441895,14.916666984558105,14.916666984558105,9.821043968200684,34800
1989-02-13,0.0,15.166666984558105,14.875,15.125,9.958199501037598,41100
1989-02-14,0.0,15.208333015441895,15.0,15.0,9.875904083251953,43500
1989-02-15,0.0,15.583333015441895,15.0,15.541666984558105,10.232534408569336,111600
1989-02-16,0.0,15.625,15.5,15.5,10.205102920532227,30300
1989-02-17,0.0,15.5,15.25,15.458333015441895,10.177663803100586,78900
1989-02-21,0.0,15.375,15.291666984558105,15.333333015441895,10.095366477966309,32700
1989-02-22,0.0,15.333333015441895,14.916666984558105,14.916666984558105,9.821043968200684,91800
1989-02-23,0.0,15.083333015441895,14.833333015441895,15.041666984558105,9.903339385986328,54900
1989-02-24,0.0,15.0,14.75,14.791666984558105,9.738737106323242,49200
1989-02-27,0.0,14.875,14.791666984558105,14.875,9.793600082397461,13800
1989-02-28,0.0,15.0,14.791666984558105,14.916666984558105,9.821043968200684,123600
1989-03-01,0.0,15.041666984558105,14.541666984558105,14.541666984558105,9.574137687683105,87000
1989-03-02,0.0,15.041666984558105,14.416666984558105,15.041666984558105,9.903339385986328,166500
1989-03-03,0.0,15.166666984558105,15.0,15.0,9.875904083251953,72900
1989-03-06,0.0,15.25,15.083333015441895,15.208333015441895,10.013067245483398,43500
1989-03-07,0.0,15.458333015441895,15.125,15.458333015441895,10.177663803100586,338400
1989-03-08,0.0,15.541666984558105,15.416666984558105,15.416666984558105,10.150238037109375,72300
1989-03-09,0.0,15.541666984558105,15.375,15.541666984558105,10.232534408569336,87900
1989-03-10,0.0,15.625,15.416666984558105,15.5,10.205102920532227,145200
1989-03-13,0.0,15.916666984558105,15.583333015441895,15.75,10.369698524475098,32100
1989-03-14,0.0,16.208332061767578,15.75,16.208332061767578,10.67145824432373,249900
1989-03-15,0.0,16.875,16.291667938232422,16.416667938232422,10.808627128601074,334200
1989-03-16,0.0,16.625,16.416667938232422,16.583332061767578,10.918360710144043,77400
1989-03-17,0.0,16.625,16.0,16.541667938232422,10.890928268432617,468600
1989-03-20,0.0,16.625,16.291667938232422,16.416667938232422,10.808627128601074,121500
1989-03-21,0.0,16.5,16.208332061767578,16.416667938232422,10.808627128601074,236400
1989-03-22,0.0,16.75,16.458332061767578,16.75,11.028091430664062,150600
1989-03-23,0.0,16.708332061767578,16.5,16.5,10.863489151000977,124500
1989-03-27,0.0,16.583332061767578,16.375,16.583332061767578,10.927191734313965,98400
1989-03-28,0.0,16.666667938232422,16.541667938232422,16.541667938232422,10.899739265441895,9600
1989-03-29,0.0,17.041667938232422,16.583332061767578,17.041667938232422,11.229201316833496,133500
1989-03-30,0.0,17.291667938232422,16.875,17.208332061767578,11.339021682739258,111600
1989-03-31,0.0,17.333332061767578,17.125,17.125,11.284107208251953,80100
1989-04-03,0.0,17.5,17.083332061767578,17.458332061767578,11.503748893737793,159900
1989-04-04,0.0,17.583332061767578,17.375,17.583332061767578,11.586121559143066,100500
1989-04-05,0.0,17.958332061767578,17.541667938232422,17.958332061767578,11.833209991455078,152700
1989-04-06,0.0,17.958332061767578,17.75,17.833332061767578,11.750846862792969,141600
1989-04-07,0.0,18.541667938232422,17.958332061767578,18.458332061767578,12.162676811218262,389400
1989-04-10,0.0,18.75,17.875,17.958332061767578,11.833209991455078,189000
1989-04-11,0.0,18.291667938232422,17.875,18.166667938232422,11.970497131347656,258300
1989-04-12,0.0,18.375,18.083332061767578,18.375,12.107767105102539,250200
1989-04-13,0.0,18.375,18.041667938232422,18.041667938232422,11.888128280639648,121500
1989-04-14,0.0,18.458332061767578,18.041667938232422,18.458332061767578,12.162676811218262,120900
1989-04-17,0.0,18.5,18.333332061767578,18.416667938232422,12.135221481323242,123900
1989-04-18,0.0,18.958332061767578,18.5,18.958332061767578,12.492138862609863,165300
1989-04-19,0.0,18.958332061767578,18.666667938232422,18.708332061767578,12.327404975891113,143400
1989-04-20,0.0,18.666667938232422,18.416667938232422,18.541667938232422,12.217585563659668,66000
1989-04-21,0.0,18.541667938232422,18.5,18.541667938232422,12.217585563659668,69900
1989-04-24,0.0,18.541667938232422,18.333332061767578,18.333332061767578,12.080313682556152,109500
1989-04-25,0.0,18.333332061767578,18.208332061767578,18.25,12.02540111541748,85800
1989-04-26,0.0,18.25,17.916667938232422,17.916667938232422,11.805754661560059,67800
1989-04-27,0.0,18.166667938232422,17.958332061767578,18.166667938232422,11.970497131347656,224700
1989-04-28,0.0,18.166667938232422,18.041667938232422,18.125,11.943029403686523,66300
1989-05-01,0.0,18.166667938232422,18.083332061767578,18.166667938232422,11.970497131347656,166200
1989-05-02,0.0,18.291667938232422,18.083332061767578,18.083332061767578,11.915579795837402,336300
1989-05-03,0.0,18.125,17.875,18.125,11.943029403686523,76200
1989-05-04,0.0,18.125,18.041667938232422,18.083332061767578,11.915579795837402,77100
1989-05-05,0.0,18.458332061767578,18.125,18.166667938232422,11.970497131347656,394200
1989-05-08,0.0,18.125,18.0,18.0,11.86066722869873,31200
1989-05-09,0.0,18.083332061767578,17.833332061767578,17.833332061767578,11.750846862792969,44400
1989-05-10,0.0,17.833332061767578,17.625,17.75,11.695935249328613,66600
1989-05-11,0.0,17.875,17.75,17.833332061767578,11.750846862792969,55800
1989-05-12,0.0,18.291667938232422,17.916667938232422,18.291667938232422,12.0528564453125,254700
1989-05-15,0.0,18.541667938232422,18.25,18.291667938232422,12.0528564453125,288900
1989-05-16,0.0,18.583332061767578,18.25,18.416667938232422,12.135221481323242,177900
1989-05-17,0.0,18.5,18.375,18.458332061767578,12.162676811218262,621300
1989-05-18,0.0,18.625,18.333332061767578,18.458332061767578,12.162676811218262,138000
1989-05-19,0.0,18.875,18.583332061767578,18.875,12.437230110168457,104400
1989-05-22,0.0,19.125,18.791667938232422,19.041667938232422,12.547049522399902,166500
1989-05-23,0.0,19.041667938232422,18.875,18.916667938232422,12.464682579040527,186900
1989-05-24,0.0,19.0,18.833332061767578,19.0,12.519586563110352,118200
1989-05-25,0.0,19.625,18.916667938232422,19.5,12.849055290222168,169200
1989-05-26,0.0,19.916667938232422,19.458332061767578,19.916667938232422,13.12360954284668,115200
1989-05-30,0.0,20.0,19.666667938232422,19.666667938232422,12.958880424499512,77700
1989-05-31,0.0,20.125,19.625,19.916667938232422,13.12360954284668,175800
1989-06-01,0.0,20.125,19.833332061767578,20.041667938232422,13.205982208251953,171000
1989-06-02,0.0,20.625,20.208332061767578,20.333332061767578,13.39815902709961,217200
1989-06-05,0.0,20.791667938232422,20.375,20.625,13.590354919433594,182700
1989-06-06,0.0,20.708332061767578,20.458332061767578,20.666667938232422,13.617810249328613,109800
1989-06-07,0.0,20.916667938232422,20.75,20.791667938232422,13.700164794921875,100200
1989-06-08,0.0,21.0,20.833332061767578,20.916667938232422,13.7825345993042,54600
1989-06-09,0.0,21.083332061767578,20.833332061767578,21.083332061767578,13.892355918884277,84000
1989-06-12,0.0,21.083332061767578,20.833332061767578,20.916667938232422,13.7825345993042,87000
1989-06-13,0.0,20.875,20.708332061767578,20.75,13.672717094421387,68700
1989-06-14,0.0,20.875,20.75,20.791667938232422,13.700164794921875,67200
1989-06-15,0.0,20.791667938232422,20.5,20.583332061767578,13.562902450561523,73200
1989-06-16,0.0,20.333332061767578,20.125,20.208332061767578,13.315799713134766,293400
1989-06-19,0.0,20.208332061767578,19.916667938232422,20.083332061767578,13.233420372009277,52500
1989-06-20,0.0,20.166667938232422,19.916667938232422,20.0,13.178525924682617,64800
1989-06-21,0.0,20.083332061767578,19.75,19.791667938232422,13.041243553161621,52500
1989-06-22,0.0,20.333332061767578,19.833332061767578,20.333332061767578,13.39815902709961,150000
1989-06-23,0.0,20.416667938232422,20.333332061767578,20.416667938232422,13.453076362609863,156600
1989-06-26,0.0,20.75,20.291667938232422,20.708332061767578,13.654178619384766,68100
1989-06-27,0.0,20.833332061767578,20.666667938232422,20.833332061767578,13.736598014831543,78900
1989-06-28,0.0,20.791667938232422,20.666667938232422,20.75,13.681649208068848,235800
1989-06-29,0.0,20.791667938232422,20.125,20.125,13.269556045532227,174000
1989-06-30,20.208332061767578,20.208332061767578,19.583332061767578,19.75,13.022294044494629,136200
1989-07-03,19.75,19.791667938232422,19.666667938232422,19.666667938232422,12.967354774475098,14700
1989-07-05,19.666667938232422,19.666667938232422,19.458332061767578,19.5,12.857449531555176,99000
1989-07-06,19.416667938232422,19.5,19.416667938232422,19.5,12.857449531555176,108900
1989-07-07,19.458332061767578,19.5,19.416667938232422,19.458332061767578,12.829988479614258,59400
1989-07-10,19.375,19.416667938232422,19.333332061767578,19.375,12.775033950805664,30300
1989-07-11,19.416667938232422,19.583332061767578,19.375,19.5,12.857449531555176,63600
1989-07-12,19.416667938232422,19.5,19.333332061767578,19.5,12.857449531555176,22500
1989-07-13,19.583332061767578,19.916667938232422,19.583332061767578,19.875,13.104716300964355,70500
1989-07-14,19.958332061767578,19.958332061767578,19.708332061767578,19.958332061767578,13.15965461730957,119400
1989-07-17,19.916667938232422,21.083332061767578,19.916667938232422,21.083332061767578,13.901432037353516,236400
1989-07-18,21.0,21.083332061767578,20.916667938232422,21.0,13.846484184265137,144000
1989-07-19,21.041667938232422,21.416667938232422,21.041667938232422,21.375,14.093742370605469,350700
1989-07-20,21.333332061767578,21.375,21.083332061767578,21.208332061767578,13.983854293823242,361800
1989-07-21,21.166667938232422,21.25,21.125,21.25,14.01132869720459,192600
1989-07-24,21.166667938232422,21.208332061767578,20.833332061767578,20.833332061767578,13.736598014831543,118200
1989-07-25,20.625,20.625,20.583332061767578,20.583332061767578,13.571762084960938,1056300
1989-07-26,20.625,20.708332061767578,20.583332061767578,20.666667938232422,13.626700401306152,451200
1989-07-27,20.666667938232422,20.666667938232422,20.625,20.625,13.59923267364502,155400
1989-07-28,20.583332061767578,20.666667938232422,20.541667938232422,20.666667938232422,13.626700401306152,246600
1989-07-31,20.708332061767578,20.708332061767578,20.583332061767578,20.625,13.59923267364502,195300
1989-08-01,20.625,20.708332061767578,20.583332061767578,20.625,13.59923267364502,230700
1989-08-02,20.625,20.625,20.5,20.625,13.59923267364502,204900
1989-08-03,20.625,20.666667938232422,20.583332061767578,20.625,13.59923267364502,227700
1989-08-04,20.625,20.625,20.5,20.625,13.59923267364502,44400
1989-08-07,20.583332061767578,20.75,20.416667938232422,20.75,13.681649208068848,232500
1989-08-08,20.75,20.75,20.333332061767578,20.5,13.516817092895508,132000
1989-08-09,20.458332061767578,20.625,20.458332061767578,20.458332061767578,13.489336967468262,93000
1989-08-10,20.416667938232422,20.75,20.25,20.75,13.681649208068848,345600
1989-08-11,20.75,20.791667938232422,20.666667938232422,20.791667938232422,13.709117889404297,399900
1989-08-14,20.791667938232422,20.791667938232422,20.625,20.625,13.59923267364502,102900
1989-08-15,20.625,20.666667938232422,20.583332061767578,20.625,13.59923267364502,340500
1989-08-16,20.666667938232422,20.75,20.625,20.75,13.681649208068848,554700
1989-08-17,20.708332061767578,21.333332061767578,20.708332061767578,21.333332061767578,14.066272735595703,255000
1989-08-18,21.25,21.916667938232422,21.25,21.833332061767578,14.395951271057129,365100
1989-08-21,21.666667938232422,22.291667938232422,21.625,22.041667938232422,14.533308029174805,263700
1989-08-22,22.041667938232422,22.25,21.958332061767578,22.25,14.670674324035645,216900
1989-08-23,22.25,23.25,22.25,23.25,15.330042839050293,267000
1989-08-24,23.416667938232422,23.958332061767578,23.25,23.958332061767578,15.79709529876709,249300
1989-08-25,24.0,24.125,23.25,23.5,15.494880676269531,157500
1989-08-28,23.458332061767578,24.083332061767578,23.458332061767578,24.083332061767578,15.879500389099121,135600
1989-08-29,24.166667938232422,24.25,23.875,24.0,15.824559211730957,363300
1989-08-30,23.916667938232422,23.916667938232422,23.291667938232422,23.458332061767578,15.467416763305664,235800
1989-08-31,23.375,23.458332061767578,23.375,23.458332061767578,15.467416763305664,44400
1989-09-01,23.375,23.375,23.333332061767578,23.333332061767578,15.384984016418457,126600
1989-09-05,23.333332061767578,23.333332061767578,23.208332061767578,23.208332061767578,15.302566528320312,71100
1989-09-06,23.166667938232422,23.166667938232422,22.625,22.666667938232422,14.945412635803223,49200
1989-09-07,22.833332061767578,22.916667938232422,22.5,22.583332061767578,14.890457153320312,156000
1989-09-08,22.541667938232422,22.958332061767578,22.125,22.833332061767578,15.055305480957031,403800
1989-09-11,22.916667938232422,23.583332061767578,22.833332061767578,23.5,15.494880676269531,89100
1989-09-12,23.583332061767578,24.166667938232422,23.583332061767578,24.083332061767578,15.879500389099121,315900
1989-09-13,24.0,24.416667938232422,23.666667938232422,24.0,15.824559211730957,408600
1989-09-14,23.916667938232422,23.916667938232422,23.583332061767578,23.583332061767578,15.549814224243164,190800
1989-09-15,23.5,24.0,23.5,24.0,15.824559211730957,277800
1989-09-18,24.0,24.583332061767578,23.875,24.333332061767578,16.044340133666992,191700
1989-09-19,24.25,24.75,24.25,24.416667938232422,16.099285125732422,119100
1989-09-20,24.416667938232422,24.666667938232422,24.416667938232422,24.666667938232422,16.26413345336914,195000
1989-09-21,24.666667938232422,24.666667938232422,24.25,24.333332061767578,16.044340133666992,158400
1989-09-22,24.25,24.666667938232422,24.166667938232422,24.625,16.23664665222168,206400
1989-09-25,24.5,24.541667938232422,23.916667938232422,24.041667938232422,15.862765312194824,145800
1989-09-26,23.958332061767578,23.958332061767578,23.75,23.75,15.670321464538574,247200
1989-09-27,23.625,23.791667938232422,23.416667938232422,23.666667938232422,15.615340232849121,123600
1989-09-28,23.75,23.875,23.583332061767578,23.875,15.752801895141602,104100
1989-09-29,23.833332061767578,23.833332061767578,23.625,23.75,15.670321464538574,106200
1989-10-02,23.75,23.75,23.166667938232422,23.708332061767578,15.642827987670898,111000
1989-10-03,23.75,23.791667938232422,23.333332061767578,23.416667938232422,15.450382232666016,288300
1989-10-04,23.5,23.625,23.375,23.416667938232422,15.450382232666016,84600
1989-10-05,23.5,23.583332061767578,23.375,23.541667938232422,15.532861709594727,248400
1989-10-06,23.666667938232422,23.708332061767578,23.333332061767578,23.583332061767578,15.560358047485352,62700
1989-10-09,23.791667938232422,23.791667938232422,23.416667938232422,23.416667938232422,15.450382232666016,43500
1989-10-10,23.666667938232422,23.666667938232422,23.5,23.666667938232422,15.615340232849121,217800
1989-10-11,23.666667938232422,23.75,23.541667938232422,23.666667938232422,15.615340232849121,75900
1989-10-12,23.75,23.75,23.666667938232422,23.708332061767578,15.642827987670898,107400
1989-10-13,23.75,23.791667938232422,22.166667938232422,22.166667938232422,14.62564754486084,216000
1989-10-16,22.0,23.75,21.583332061767578,23.375,15.422904014587402,315000
1989-10-17,23.25,23.291667938232422,23.083332061767578,23.166667938232422,15.285435676574707,250200
1989-10-18,23.166667938232422,23.333332061767578,23.0,23.0,15.175472259521484,53400
1989-10-19,23.0,23.25,23.0,23.125,15.25793743133545,70200
1989-10-20,23.125,23.375,22.916667938232422,23.25,15.340417861938477,24000
1989-10-23,23.291667938232422,23.333332061767578,23.25,23.291667938232422,15.367915153503418,109200
1989-10-24,23.208332061767578,23.291667938232422,22.333332061767578,22.666667938232422,14.955535888671875,126000
1989-10-25,22.541667938232422,22.666667938232422,22.458332061767578,22.5,14.845563888549805,112500
1989-10-26,22.583332061767578,22.583332061767578,21.958332061767578,22.083332061767578,14.570652961730957,69000
1989-10-27,22.125,22.166667938232422,21.583332061767578,22.0,14.515671730041504,90000
1989-10-30,22.208332061767578,22.333332061767578,22.0,22.0,14.515671730041504,101400
1989-10-31,22.083332061767578,22.916667938232422,22.083332061767578,22.833332061767578,15.065505027770996,111000
1989-11-01,22.833332061767578,23.333332061767578,22.833332061767578,22.958332061767578,15.147967338562012,135000
1989-11-02,23.083332061767578,23.083332061767578,22.375,22.375,14.763092994689941,141000
1989-11-03,22.291667938232422,22.583332061767578,22.083332061767578,22.083332061767578,14.570652961730957,107400
1989-11-06,22.041667938232422,22.041667938232422,21.0,21.166667938232422,13.965841293334961,208200
1989-11-07,21.208332061767578,21.833332061767578,21.208332061767578,21.75,14.350712776184082,459000
1989-11-08,22.333332061767578,23.0,22.25,22.708332061767578,14.983030319213867,466200
1989-11-09,22.708332061767578,22.75,22.333332061767578,22.333332061767578,14.735612869262695,126000
1989-11-10,22.25,22.75,22.25,22.541667938232422,14.873067855834961,99600
1989-11-13,22.625,22.833332061767578,22.583332061767578,22.708332061767578,14.983030319213867,81300
1989-11-14,22.625,22.916667938232422,22.625,22.708332061767578,14.983030319213867,56700
1989-11-15,22.75,23.0,22.583332061767578,23.0,15.175472259521484,132600
1989-11-16,23.125,23.25,22.833332061767578,23.25,15.340417861938477,89100
1989-11-17,23.166667938232422,23.583332061767578,23.166667938232422,23.333332061767578,15.39540958404541,150300
1989-11-20,23.333332061767578,23.333332061767578,22.75,22.916667938232422,15.120499610900879,41700
1989-11-21,22.875,23.166667938232422,22.75,23.166667938232422,15.285435676574707,64500
1989-11-22,23.125,23.291667938232422,23.083332061767578,23.25,15.340417861938477,104400
1989-11-24,23.291667938232422,23.333332061767578,23.291667938232422,23.333332061767578,15.39540958404541,76200
1989-11-27,23.375,23.5,23.166667938232422,23.25,15.340417861938477,37200
1989-11-28,23.166667938232422,23.25,23.0,23.0,15.175472259521484,80400
1989-11-29,22.916667938232422,22.916667938232422,22.416667938232422,22.583332061767578,14.900543212890625,112500
1989-11-30,22.583332061767578,22.833332061767578,22.166667938232422,22.333332061767578,14.735612869262695,98700
1989-12-01,22.166667938232422,22.333332061767578,21.875,22.291667938232422,14.70810604095459,103200
1989-12-04,22.375,22.958332061767578,22.375,22.916667938232422,15.120499610900879,332100
1989-12-05,22.833332061767578,23.125,22.833332061767578,23.0,15.175472259521484,312600
1989-12-06,23.125,23.25,22.916667938232422,22.916667938232422,15.120499610900879,100200
1989-12-07,22.833332061767578,23.166667938232422,22.833332061767578,22.958332061767578,15.147967338562012,42600
1989-12-08,23.041667938232422,23.125,22.833332061767578,23.125,15.25793743133545,125400
1989-12-11,23.083332061767578,23.5,23.0,23.5,15.505372047424316,93600
1989-12-12,23.458332061767578,23.458332061767578,23.208332061767578,23.25,15.340417861938477,71100
1989-12-13,23.208332061767578,23.375,23.083332061767578,23.166667938232422,15.285435676574707,87300
1989-12-14,23.208332061767578,23.25,22.833332061767578,22.916667938232422,15.120499610900879,158100
1989-12-15,23.25,23.333332061767578,23.0,23.333332061767578,15.39540958404541,196500
1989-12-18,23.333332061767578,23.791667938232422,23.208332061767578,23.25,15.340417861938477,156300
1989-12-19,23.166667938232422,23.25,23.0,23.041667938232422,15.202967643737793,186300
1989-12-20,23.041667938232422,23.166667938232422,22.5,22.583332061767578,14.900543212890625,52800
1989-12-21,22.666667938232422,22.958332061767578,22.666667938232422,22.958332061767578,15.147967338562012,47100
1989-12-22,22.958332061767578,23.333332061767578,22.958332061767578,23.333332061767578,15.40658950805664,49200
1989-12-26,23.5,23.5,23.208332061767578,23.208332061767578,15.324060440063477,53100
1989-12-27,23.208332061767578,23.541667938232422,23.125,23.166667938232422,15.29653549194336,57300
1989-12-28,23.25,23.666667938232422,23.25,23.541667938232422,15.544150352478027,139500
1989-12-29,23.708332061767578,23.75,23.625,23.666667938232422,15.626687049865723,53100
1990-01-02,23.583332061767578,24.916667938232422,23.333332061767578,24.916667938232422,16.452043533325195,307200
1990-01-03,24.875,24.916667938232422,24.333332061767578,24.75,16.341991424560547,381600
1990-01-04,24.791667938232422,24.791667938232422,23.916667938232422,24.333332061767578,16.066869735717773,111000
1990-01-05,24.333332061767578,24.458332061767578,23.75,23.75,15.681708335876465,276600
1990-01-08,23.75,24.0,23.625,23.916667938232422,15.791755676269531,152100
1990-01-09,23.916667938232422,23.916667938232422,23.333332061767578,23.416667938232422,15.461605072021484,105600
1990-01-10,23.458332061767578,23.833332061767578,23.166667938232422,23.666667938232422,15.626687049865723,204900
1990-01-11,23.75,24.0,23.75,23.916667938232422,15.791755676269531,86400
1990-01-12,23.75,23.75,23.291667938232422,23.541667938232422,15.544150352478027,79200
1990-01-15,23.25,23.25,22.833332061767578,22.833332061767578,15.076456069946289,280500
1990-01-16,22.666667938232422,23.458332061767578,22.333332061767578,23.291667938232422,15.379079818725586,387000
1990-01-17,23.125,23.5,22.916667938232422,23.125,15.269033432006836,237300
1990-01-18,23.041667938232422,23.208332061767578,22.666667938232422,22.875,15.103965759277344,89700
1990-01-19,22.958332061767578,23.041667938232422,22.833332061767578,22.833332061767578,15.076456069946289,73800
1990-01-22,22.583332061767578,22.833332061767578,22.166667938232422,22.166667938232422,14.636263847351074,101100
1990-01-23,22.208332061767578,22.416667938232422,22.041667938232422,22.083332061767578,14.581239700317383,73200
1990-01-24,21.833332061767578,22.541667938232422,21.583332061767578,22.375,14.773829460144043,173400
1990-01-25,22.5,22.625,22.375,22.375,14.773829460144043,42300
1990-01-26,22.416667938232422,22.416667938232422,22.166667938232422,22.291667938232422,14.718791007995605,220500
1990-01-29,22.208332061767578,22.208332061767578,21.75,21.75,14.361146926879883,114900
1990-01-30,21.75,21.791667938232422,21.25,21.25,14.031007766723633,151500
1990-01-31,21.333332061767578,21.75,21.333332061767578,21.666667938232422,14.306118965148926,135600
1990-02-01,21.75,22.0,21.5,22.0,14.526211738586426,89700
1990-02-02,21.75,22.5,21.75,22.208332061767578,14.66376781463623,108900
1990-02-05,22.125,22.416667938232422,22.125,22.208332061767578,14.66376781463623,59400
1990-02-06,22.166667938232422,22.166667938232422,21.875,21.916667938232422,14.471196174621582,61800
1990-02-07,21.833332061767578,21.875,21.541667938232422,21.708332061767578,14.333638191223145,140400
1990-02-08,21.583332061767578,21.666667938232422,21.333332061767578,21.5,14.196065902709961,342000
1990-02-09,21.583332061767578,21.583332061767578,21.25,21.333332061767578,14.086029052734375,300900
1990-02-12,21.208332061767578,21.333332061767578,20.583332061767578,20.583332061767578,13.590816497802734,180600
1990-02-13,20.583332061767578,21.166667938232422,20.583332061767578,21.0,13.86593246459961,849900
1990-02-14,21.166667938232422,21.416667938232422,21.041667938232422,21.125,13.948477745056152,95100
1990-02-15,21.083332061767578,21.666667938232422,21.083332061767578,21.583332061767578,14.251090049743652,129300
1990-02-16,21.666667938232422,21.666667938232422,21.541667938232422,21.625,14.278609275817871,36900
1990-02-20,21.333332061767578,21.458332061767578,21.166667938232422,21.458332061767578,14.168559074401855,87300
1990-02-21,21.458332061767578,21.666667938232422,21.458332061767578,21.625,14.278609275817871,65700
1990-02-22,21.666667938232422,21.791667938232422,21.458332061767578,21.458332061767578,14.168559074401855,172200
1990-02-23,21.333332061767578,21.541667938232422,21.208332061767578,21.333332061767578,14.086029052734375,86400
1990-02-26,21.333332061767578,21.625,21.333332061767578,21.625,14.278609275817871,51000
1990-02-27,21.541667938232422,21.958332061767578,21.541667938232422,21.666667938232422,14.306118965148926,61500
1990-02-28,21.833332061767578,22.208332061767578,21.833332061767578,21.833332061767578,14.416163444519043,440700
1990-03-01,21.666667938232422,21.958332061767578,21.416667938232422,21.5,14.196065902709961,204000
1990-03-02,21.416667938232422,22.416667938232422,21.416667938232422,22.291667938232422,14.718791007995605,159600
1990-03-05,22.25,22.333332061767578,21.958332061767578,22.125,14.608742713928223,59700
1990-03-06,22.125,22.291667938232422,22.0,22.291667938232422,14.718791007995605,177300
1990-03-07,22.5,22.75,22.458332061767578,22.625,14.938894271850586,94800
1990-03-08,22.625,23.541667938232422,22.625,23.541667938232422,15.544150352478027,234900
1990-03-09,23.416667938232422,23.666667938232422,22.916667938232422,23.25,15.351574897766113,125400
1990-03-12,23.166667938232422,23.208332061767578,22.916667938232422,22.916667938232422,15.131479263305664,52500
1990-03-13,22.75,22.833332061767578,22.375,22.625,14.938894271850586,125700
1990-03-14,22.708332061767578,23.083332061767578,22.666667938232422,22.833332061767578,15.076456069946289,62100
1990-03-15,22.916667938232422,23.333332061767578,22.916667938232422,23.166667938232422,15.29653549194336,38400
1990-03-16,23.5,23.791667938232422,23.25,23.625,15.59916877746582,303000
1990-03-19,23.625,24.25,23.416667938232422,24.083332061767578,15.901803016662598,79800
1990-03-20,23.916667938232422,24.208332061767578,23.75,23.833332061767578,15.736725807189941,127200
1990-03-21,23.916667938232422,23.916667938232422,23.666667938232422,23.708332061767578,15.654191970825195,140400
1990-03-22,23.666667938232422,23.666667938232422,23.333332061767578,23.458332061767578,15.4891357421875,178800
1990-03-23,23.5,23.666667938232422,23.458332061767578,23.458332061767578,15.4891357421875,84900
1990-03-26,23.583332061767578,23.791667938232422,23.5,23.791667938232422,15.720385551452637,84300
1990-03-27,23.75,24.833332061767578,23.75,24.833332061767578,16.408676147460938,207300
1990-03-28,24.5,24.583332061767578,24.083332061767578,24.291667938232422,16.050762176513672,103800
1990-03-29,24.208332061767578,24.416667938232422,24.0,24.166667938232422,15.968174934387207,150900
1990-03-30,24.208332061767578,24.666667938232422,23.958332061767578,24.5,16.188419342041016,151500
1990-04-02,24.041667938232422,24.25,23.75,23.833332061767578,15.747920989990234,106800
1990-04-03,23.583332061767578,24.5,23.583332061767578,24.0,15.858051300048828,168300
1990-04-04,23.916667938232422,24.333332061767578,23.875,23.916667938232422,15.802988052368164,155100
1990-04-05,23.916667938232422,24.166667938232422,23.833332061767578,23.958332061767578,15.830509185791016,80400
1990-04-06,24.291667938232422,24.5,24.125,24.5,16.188419342041016,72900
1990-04-09,24.541667938232422,24.875,24.541667938232422,24.666667938232422,16.298551559448242,69900
1990-04-10,24.833332061767578,24.916667938232422,24.666667938232422,24.833332061767578,16.408676147460938,137700
1990-04-11,24.833332061767578,24.833332061767578,24.458332061767578,24.541667938232422,16.215957641601562,69600
1990-04-12,24.625,25.333332061767578,24.625,25.291667938232422,16.711515426635742,135900
1990-04-16,25.583332061767578,25.583332061767578,25.291667938232422,25.291667938232422,16.711515426635742,167400
1990-04-17,25.083332061767578,25.166667938232422,24.916667938232422,25.083332061767578,16.57386589050293,97500
1990-04-18,25.125,25.125,24.291667938232422,24.291667938232422,16.050762176513672,85500
1990-04-19,24.291667938232422,24.833332061767578,24.291667938232422,24.583332061767578,16.243488311767578,100200
1990-04-20,24.541667938232422,24.625,24.333332061767578,24.458332061767578,16.160886764526367,133800
1990-04-23,24.125,24.416667938232422,24.083332061767578,24.125,15.94063949584961,123300
1990-04-24,24.125,24.25,23.916667938232422,23.958332061767578,15.830509185791016,102300
1990-04-25,24.041667938232422,24.208332061767578,23.916667938232422,23.916667938232422,15.802988052368164,32700
1990-04-26,23.958332061767578,24.0,23.875,23.958332061767578,15.830509185791016,123300
1990-04-27,24.0,24.0,23.875,23.958332061767578,15.830509185791016,60900
1990-04-30,23.916667938232422,23.916667938232422,23.583332061767578,23.916667938232422,15.802988052368164,135000
1990-05-01,23.916667938232422,23.916667938232422,23.625,23.75,15.692869186401367,151200
1990-05-02,23.75,24.0,23.708332061767578,23.916667938232422,15.802988052368164,60000
1990-05-03,23.916667938232422,24.416667938232422,23.916667938232422,24.416667938232422,16.13336181640625,79200
1990-05-04,24.416667938232422,25.25,24.333332061767578,25.25,16.683990478515625,252900
1990-05-07,25.25,26.0,25.25,26.0,17.179553985595703,74400
1990-05-08,25.916667938232422,26.25,25.833332061767578,26.0,17.179553985595703,213900
1990-05-09,26.0,26.0,25.666667938232422,25.791667938232422,17.041889190673828,87900
1990-05-10,25.833332061767578,26.333332061767578,25.708332061767578,25.916667938232422,17.124492645263672,122400
1990-05-11,26.0,27.166667938232422,26.0,27.125,17.92289924621582,206400
1990-05-14,27.208332061767578,28.083332061767578,27.208332061767578,27.75,18.335865020751953,168900
1990-05-15,27.541667938232422,28.916667938232422,27.333332061767578,28.916667938232422,19.10674285888672,308700
1990-05-16,29.333332061767578,29.416667938232422,28.666667938232422,28.708332061767578,18.969085693359375,519900
1990-05-17,28.75,28.833332061767578,28.291667938232422,28.333332061767578,18.721303939819336,268200
1990-05-18,28.416667938232422,28.458332061767578,28.0,28.458332061767578,18.80389404296875,243000
1990-05-21,28.458332061767578,28.791667938232422,28.458332061767578,28.791667938232422,19.02415657043457,300600
1990-05-22,28.875,29.083332061767578,28.666667938232422,28.958332061767578,19.1342716217041,381300
1990-05-23,29.0,29.416667938232422,28.916667938232422,29.333332061767578,19.382051467895508,202500
1990-05-24,29.416667938232422,29.541667938232422,29.083332061767578,29.083332061767578,19.21687126159668,82500
1990-05-25,29.666667938232422,29.666667938232422,29.291667938232422,29.291667938232422,19.354528427124023,135300
1990-05-29,29.333332061767578,29.625,29.25,29.583332061767578,19.547245025634766,70800
1990-05-30,29.708332061767578,29.958332061767578,29.666667938232422,29.833332061767578,19.712434768676758,108900
1990-05-31,29.916667938232422,30.625,29.875,30.583332061767578,20.207992553710938,147300
1990-06-01,30.666667938232422,30.875,29.833332061767578,29.916667938232422,19.767498016357422,158700
1990-06-04,29.833332061767578,30.083332061767578,29.5,30.0,19.822559356689453,114000
1990-06-05,30.0,30.041667938232422,29.625,29.666667938232422,19.60230255126953,178800
1990-06-06,29.625,29.625,29.208332061767578,29.375,19.409591674804688,117300
1990-06-07,29.458332061767578,29.791667938232422,29.166667938232422,29.291667938232422,19.354528427124023,61800
1990-06-08,29.291667938232422,29.291667938232422,28.333332061767578,28.416667938232422,18.7763729095459,241800
1990-06-11,28.25,28.416667938232422,28.25,28.25,18.666242599487305,195300
1990-06-12,28.375,29.25,28.333332061767578,28.875,19.0792236328125,149400
1990-06-13,29.208332061767578,29.5,28.875,29.416667938232422,19.437122344970703,195900
1990-06-14,29.458332061767578,29.541667938232422,29.208332061767578,29.291667938232422,19.354528427124023,99300
1990-06-15,28.833332061767578,29.291667938232422,28.833332061767578,29.208332061767578,19.299467086791992,216900
1990-06-18,29.125,29.166667938232422,28.833332061767578,28.833332061767578,19.05167579650879,110100
1990-06-19,28.875,28.875,28.333332061767578,28.583332061767578,18.886493682861328,96000
1990-06-20,28.666667938232422,28.875,28.625,28.833332061767578,19.05167579650879,139500
1990-06-21,28.833332061767578,29.25,28.833332061767578,29.25,19.326988220214844,82200
1990-06-22,29.333332061767578,29.833332061767578,29.083332061767578,29.083332061767578,19.21687126159668,179400
1990-06-25,29.041667938232422,29.041667938232422,28.625,28.625,18.92486572265625,121800
1990-06-26,28.708332061767578,28.75,28.0,28.0,18.511667251586914,512700
1990-06-27,28.041667938232422,28.708332061767578,28.041667938232422,28.625,18.92486572265625,297000
1990-06-28,28.666667938232422,28.666667938232422,28.5,28.5,18.84222984313965,126300
1990-06-29,28.5,29.333332061767578,28.5,29.333332061767578,19.39316749572754,256500
1990-07-02,29.333332061767578,29.708332061767578,29.333332061767578,29.541667938232422,19.530912399291992,62400
1990-07-03,29.583332061767578,30.333332061767578,29.583332061767578,30.333332061767578,20.054304122924805,185100
1990-07-05,30.333332061767578,30.333332061767578,29.833332061767578,29.958332061767578,19.806373596191406,249600
1990-07-06,29.791667938232422,30.041667938232422,29.75,29.958332061767578,19.806373596191406,113100
1990-07-09,30.041667938232422,30.166667938232422,29.875,30.166667938232422,19.944110870361328,157500
1990-07-10,30.083332061767578,30.208332061767578,29.958332061767578,29.958332061767578,19.806373596191406,225300
1990-07-11,30.041667938232422,30.791667938232422,30.041667938232422,30.583332061767578,20.219581604003906,135600
1990-07-12,30.541667938232422,31.166667938232422,30.416667938232422,31.166667938232422,20.605239868164062,108000
1990-07-13,31.166667938232422,32.0,31.083332061767578,31.166667938232422,20.605239868164062,96000
1990-07-16,31.083332061767578,31.333332061767578,30.916667938232422,31.208332061767578,20.632787704467773,80100
1990-07-17,31.125,31.166667938232422,30.5,31.083332061767578,20.550153732299805,102300
1990-07-18,30.916667938232422,30.916667938232422,30.416667938232422,30.458332061767578,20.136943817138672,139200
1990-07-19,30.458332061767578,30.541667938232422,30.25,30.5,20.164485931396484,111600
1990-07-20,30.458332061767578,30.458332061767578,29.75,29.75,19.66863250732422,183600
1990-07-23,29.666667938232422,29.666667938232422,28.666667938232422,29.583332061767578,19.558460235595703,213600
1990-07-24,29.666667938232422,29.666667938232422,29.166667938232422,29.375,19.42071533203125,90600
1990-07-25,29.375,29.5,28.916667938232422,29.375,19.42071533203125,174600
1990-07-26,29.291667938232422,29.541667938232422,29.208332061767578,29.416667938232422,19.448261260986328,186900
1990-07-27,29.416667938232422,29.416667938232422,28.875,29.166667938232422,19.282989501953125,102600
1990-07-30,29.166667938232422,29.166667938232422,28.708332061767578,29.083332061767578,19.227890014648438,196200
1990-07-31,29.0,29.0,28.166667938232422,28.5,18.84222984313965,157500
1990-08-01,28.5,28.5,27.25,28.0,18.511667251586914,412200
1990-08-02,27.875,27.875,27.125,27.25,18.015806198120117,215400
1990-08-03,27.25,27.916667938232422,26.458332061767578,27.666667938232422,18.29129409790039,429300
1990-08-06,27.708332061767578,27.791667938232422,26.75,26.75,17.685253143310547,215700
1990-08-07,27.0,27.083332061767578,26.416667938232422,26.666667938232422,17.63015365600586,388500
1990-08-08,26.666667938232422,28.083332061767578,26.625,28.083332061767578,18.566755294799805,209400
1990-08-09,28.0,28.75,28.0,28.25,18.67694664001465,195300
1990-08-10,28.458332061767578,28.5,28.208332061767578,28.375,18.75958824157715,219900
1990-08-13,28.333332061767578,28.333332061767578,28.0,28.208332061767578,18.649396896362305,189300
1990-08-14,28.333332061767578,28.416667938232422,28.166667938232422,28.333332061767578,18.73204803466797,300600
1990-08-15,28.416667938232422,28.5,28.0,28.0,18.511667251586914,145200
1990-08-16,28.0,28.041667938232422,27.5,27.541667938232422,18.208650588989258,1505100
1990-08-17,27.25,27.333332061767578,26.833332061767578,27.166667938232422,17.960718154907227,524400
1990-08-20,27.25,27.291667938232422,27.125,27.208332061767578,17.988271713256836,285300
1990-08-21,26.833332061767578,26.833332061767578,26.416667938232422,26.5,17.51996421813965,468900
1990-08-22,26.541667938232422,26.916667938232422,25.916667938232422,26.083332061767578,17.24449348449707,248700
1990-08-23,24.5,25.416667938232422,24.458332061767578,25.0,16.528263092041016,972900
1990-08-24,25.333332061767578,25.708332061767578,25.25,25.625,16.941478729248047,344100
1990-08-27,26.291667938232422,27.125,26.291667938232422,26.666667938232422,17.63015365600586,327900
1990-08-28,26.625,26.666667938232422,26.416667938232422,26.541667938232422,17.547517776489258,242100
1990-08-29,26.541667938232422,26.875,26.541667938232422,26.625,17.602617263793945,223500
1990-08-30,26.541667938232422,26.583332061767578,26.291667938232422,26.333332061767578,17.409778594970703,280500
1990-08-31,26.291667938232422,26.541667938232422,26.25,26.541667938232422,17.547517776489258,76500
1990-09-04,26.416667938232422,26.75,26.375,26.75,17.685253143310547,74100
1990-09-05,26.791667938232422,28.083332061767578,26.791667938232422,27.625,18.263744354248047,249000
1990-09-06,27.625,27.625,27.208332061767578,27.25,18.015806198120117,165900
1990-09-07,27.25,27.458332061767578,27.083332061767578,27.166667938232422,17.960718154907227,142200
1990-09-10,27.333332061767578,27.375,26.875,27.166667938232422,17.960718154907227,167100
1990-09-11,27.25,27.333332061767578,27.083332061767578,27.083332061767578,17.905635833740234,51600
1990-09-12,27.083332061767578,27.083332061767578,26.625,26.833332061767578,17.740341186523438,242700
1990-09-13,26.875,26.875,26.208332061767578,26.25,17.35468864440918,353700
1990-09-14,26.208332061767578,26.291667938232422,25.916667938232422,26.291667938232422,17.382226943969727,186600
1990-09-17,26.208332061767578,26.666667938232422,26.208332061767578,26.625,17.602617263793945,87600
1990-09-18,26.541667938232422,26.708332061767578,26.208332061767578,26.625,17.602617263793945,227100
1990-09-19,26.666667938232422,27.083332061767578,26.666667938232422,27.0,17.85053825378418,490500
1990-09-20,26.75,26.833332061767578,26.666667938232422,26.708332061767578,17.657699584960938,229800
1990-09-21,26.791667938232422,26.791667938232422,26.25,26.416667938232422,17.464868545532227,378600
1990-09-24,26.416667938232422,26.416667938232422,25.0,25.0,16.538698196411133,387900
1990-09-25,25.0,25.75,24.916667938232422,25.666667938232422,16.97974395751953,453300
1990-09-26,25.75,25.916667938232422,25.208332061767578,25.833332061767578,17.089990615844727,357000
1990-09-27,25.958332061767578,26.125,25.291667938232422,25.5,16.869476318359375,471000
1990-09-28,25.416667938232422,26.166667938232422,24.875,26.125,17.28293800354004,594000
1990-10-01,26.208332061767578,26.75,26.166667938232422,26.583332061767578,17.58615493774414,192900
1990-10-02,26.791667938232422,27.583332061767578,26.75,26.75,17.69642448425293,283200
1990-10-03,26.666667938232422,26.666667938232422,25.0,25.083332061767578,16.593839645385742,1571400
1990-10-04,25.0,25.208332061767578,23.833332061767578,24.666667938232422,16.31818389892578,685200
1990-10-05,24.5,25.083332061767578,24.166667938232422,25.0,16.538698196411133,190500
1990-10-08,25.083332061767578,25.5,25.083332061767578,25.25,16.704086303710938,360900
1990-10-09,25.166667938232422,25.166667938232422,23.958332061767578,24.0,15.877154350280762,883500
1990-10-10,24.083332061767578,24.083332061767578,22.625,22.666667938232422,14.995087623596191,764400
1990-10-11,22.333332061767578,22.375,21.125,21.791667938232422,14.416237831115723,620100
1990-10-12,22.041667938232422,22.958332061767578,22.0,22.75,15.050226211547852,609600
1990-10-15,22.833332061767578,22.958332061767578,22.083332061767578,22.666667938232422,14.995087623596191,401100
1990-10-16,22.583332061767578,22.791667938232422,22.25,22.666667938232422,14.995087623596191,222900
1990-10-17,22.708332061767578,23.083332061767578,22.583332061767578,22.833332061767578,15.105355262756348,161100
1990-10-18,22.833332061767578,23.583332061767578,22.833332061767578,23.291667938232422,15.408560752868652,454200
1990-10-19,24.041667938232422,24.875,23.791667938232422,24.666667938232422,16.31818389892578,445500
1990-10-22,24.666667938232422,25.5,24.583332061767578,25.25,16.704086303710938,322800
1990-10-23,25.291667938232422,25.916667938232422,25.291667938232422,25.625,16.95217514038086,300900
1990-10-24,25.5,25.75,25.166667938232422,25.583332061767578,16.924606323242188,240300
1990-10-25,25.5,25.541667938232422,25.0,25.208332061767578,16.676532745361328,342300
1990-10-26,24.833332061767578,24.916667938232422,24.125,24.25,16.04254913330078,181500
1990-10-29,24.166667938232422,24.75,23.541667938232422,23.75,15.711775779724121,300300
1990-10-30,23.666667938232422,24.25,23.291667938232422,24.25,16.04254913330078,252300
1990-10-31,24.333332061767578,24.791667938232422,24.25,24.416667938232422,16.152793884277344,195600
1990-11-01,24.5,25.166667938232422,24.333332061767578,25.166667938232422,16.648967742919922,144900
1990-11-02,25.166667938232422,26.333332061767578,25.166667938232422,25.916667938232422,17.145130157470703,583500
1990-11-05,25.916667938232422,26.291667938232422,25.875,26.291667938232422,17.393203735351562,141900
1990-11-06,26.25,26.625,26.083332061767578,26.166667938232422,17.310518264770508,275700
1990-11-07,26.125,26.416667938232422,25.458332061767578,25.458332061767578,16.841920852661133,364200
1990-11-08,25.458332061767578,25.5,24.666667938232422,24.833332061767578,16.428443908691406,606000
1990-11-09,24.916667938232422,26.083332061767578,24.916667938232422,25.75,17.03486442565918,284100
1990-11-12,26.166667938232422,27.333332061767578,26.166667938232422,27.041667938232422,17.88937759399414,351000
1990-11-13,27.0,27.75,26.75,27.25,18.027179718017578,334200
1990-11-14,27.166667938232422,27.875,27.166667938232422,27.791667938232422,18.38553237915039,336900
1990-11-15,27.833332061767578,28.333332061767578,27.625,27.666667938232422,18.302841186523438,299400
1990-11-16,27.666667938232422,27.666667938232422,27.166667938232422,27.291667938232422,18.054758071899414,486600
1990-11-19,27.333332061767578,27.833332061767578,27.333332061767578,27.75,18.357961654663086,437700
1990-11-20,27.833332061767578,28.166667938232422,27.708332061767578,27.708332061767578,18.33038902282715,293100
1990-11-21,27.583332061767578,27.625,27.0,27.166667938232422,17.972061157226562,267600
1990-11-23,27.125,27.416667938232422,27.125,27.166667938232422,17.972061157226562,84000
1990-11-26,27.083332061767578,27.291667938232422,26.916667938232422,27.291667938232422,18.054758071899414,158100
1990-11-27,27.5,28.208332061767578,27.5,28.208332061767578,18.661174774169922,384300
1990-11-28,28.125,28.75,28.125,28.5,18.854124069213867,408900
1990-11-29,28.416667938232422,28.5,28.291667938232422,28.458332061767578,18.826553344726562,205500
1990-11-30,28.416667938232422,29.291667938232422,28.416667938232422,29.208332061767578,19.32271957397461,254400
1990-12-03,29.5,29.625,29.333332061767578,29.375,19.432981491088867,228600
1990-12-04,29.458332061767578,29.458332061767578,29.083332061767578,29.333332061767578,19.405412673950195,124500
1990-12-05,29.333332061767578,29.583332061767578,29.291667938232422,29.5,19.515682220458984,128100
1990-12-06,30.125,30.291667938232422,29.666667938232422,29.75,19.681053161621094,312600
1990-12-07,29.666667938232422,29.666667938232422,29.083332061767578,29.333332061767578,19.405412673950195,231000
1990-12-10,29.333332061767578,29.541667938232422,29.0,29.375,19.432981491088867,156300
1990-12-11,29.25,29.291667938232422,28.916667938232422,29.0,19.184898376464844,247200
1990-12-12,29.083332061767578,29.708332061767578,29.041667938232422,29.666667938232422,19.62593650817871,174600
1990-12-13,29.666667938232422,29.666667938232422,29.416667938232422,29.583332061767578,19.5708065032959,130200
1990-12-14,29.5,29.541667938232422,29.208332061767578,29.333332061767578,19.405412673950195,198000
1990-12-17,29.333332061767578,29.333332061767578,28.916667938232422,29.083332061767578,19.24003028869629,183900
1990-12-18,29.041667938232422,29.75,29.041667938232422,29.75,19.681053161621094,300900
1990-12-19,29.75,29.75,29.0,29.25,19.35028839111328,243300
1990-12-20,29.25,29.5,28.916667938232422,29.458332061767578,19.48810386657715,249600
1990-12-21,30.083332061767578,30.208332061767578,29.708332061767578,30.166667938232422,19.956703186035156,334500
1990-12-24,30.041667938232422,30.083332061767578,29.875,30.041667938232422,19.88500213623047,67800
1990-12-26,30.083332061767578,30.166667938232422,29.875,29.916667938232422,19.802265167236328,224100
1990-12-27,29.833332061767578,29.916667938232422,29.291667938232422,29.333332061767578,19.4161434173584,432300
1990-12-28,29.25,29.333332061767578,28.833332061767578,29.041667938232422,19.223085403442383,223500
1990-12-31,28.958332061767578,29.25,28.666667938232422,29.125,19.278234481811523,235200
1991-01-02,29.083332061767578,29.083332061767578,28.458332061767578,28.458332061767578,18.836965560913086,241200
1991-01-03,28.208332061767578,28.208332061767578,27.5,27.5,18.202625274658203,1059000
1991-01-04,27.708332061767578,28.458332061767578,27.708332061767578,28.375,18.78182029724121,212700
1991-01-07,28.208332061767578,28.75,28.041667938232422,28.166667938232422,18.643922805786133,344700
1991-01-08,28.166667938232422,28.166667938232422,27.833332061767578,27.958332061767578,18.506011962890625,370800
1991-01-09,28.208332061767578,28.916667938232422,28.166667938232422,28.333332061767578,18.754222869873047,280500
1991-01-10,28.333332061767578,28.875,28.333332061767578,28.875,19.112760543823242,173400
1991-01-11,28.875,29.166667938232422,28.583332061767578,28.958332061767578,19.167924880981445,245700
1991-01-14,28.625,28.916667938232422,28.541667938232422,28.916667938232422,19.14034652709961,231300
1991-01-15,28.916667938232422,29.5,28.875,29.375,19.4437198638916,166800
1991-01-16,29.208332061767578,30.0,29.208332061767578,30.0,19.8574161529541,168600
1991-01-17,31.333332061767578,31.333332061767578,30.833332061767578,31.041667938232422,20.546905517578125,447600
1991-01-18,30.708332061767578,32.33333206176758,30.708332061767578,32.33333206176758,21.40188217163086,459900
1991-01-21,31.833332061767578,31.958332061767578,30.75,31.166667938232422,20.62964630126953,578400
1991-01-22,30.541667938232422,30.708332061767578,27.75,28.708332061767578,19.0024471282959,3177600
1991-01-23,28.708332061767578,29.416667938232422,28.708332061767578,29.208332061767578,19.333402633666992,628200
1991-01-24,29.541667938232422,29.583332061767578,29.125,29.166667938232422,19.305828094482422,799500
1991-01-25,29.166667938232422,29.5,28.833332061767578,28.833332061767578,19.085174560546875,294900
1991-01-28,28.833332061767578,29.666667938232422,28.833332061767578,29.458332061767578,19.49888038635254,459900
1991-01-29,29.458332061767578,29.5,28.916667938232422,29.25,19.360977172851562,309000
1991-01-30,29.166667938232422,30.083332061767578,29.166667938232422,30.041667938232422,19.88500213623047,984900
1991-01-31,29.958332061767578,30.25,29.625,30.0,19.8574161529541,439800
1991-02-01,30.166667938232422,30.5,29.666667938232422,30.416667938232422,20.13321304321289,697800
1991-02-04,30.5,31.583332061767578,30.375,31.166667938232422,20.62964630126953,440700
1991-02-05,31.166667938232422,32.33333206176758,31.083332061767578,31.916667938232422,21.126081466674805,540600
1991-02-06,31.833332061767578,32.66666793823242,31.708332061767578,32.58333206176758,21.567363739013672,564900
1991-02-07,32.58333206176758,33.66666793823242,32.0,32.08333206176758,21.23639488220215,489900
1991-02-08,32.0,32.41666793823242,31.583332061767578,32.20833206176758,21.31914520263672,410400
1991-02-11,32.25,33.41666793823242,32.16666793823242,33.33333206176758,22.063796997070312,449100
1991-02-12,34.0,34.29166793823242,33.29166793823242,33.45833206176758,22.14653778076172,638100
1991-02-13,33.54166793823242,33.83333206176758,33.20833206176758,33.75,22.3395938873291,218100
1991-02-14,33.5,33.54166793823242,32.75,32.875,21.760414123535156,177600
1991-02-15,33.08333206176758,33.75,32.95833206176758,33.66666793823242,22.28443145751953,486600
1991-02-19,33.70833206176758,33.91666793823242,33.625,33.79166793823242,22.3671817779541,229800
1991-02-20,33.70833206176758,33.875,32.75,33.0,21.843149185180664,273300
1991-02-21,32.875,33.75,32.875,33.625,22.256855010986328,144000
1991-02-22,33.58333206176758,34.41666793823242,33.0,33.25,22.00864028930664,208200
1991-02-25,33.75,34.08333206176758,33.625,33.83333206176758,22.39475440979004,97500
1991-02-26,33.70833206176758,33.70833206176758,33.04166793823242,33.04166793823242,21.8707332611084,85500
1991-02-27,33.08333206176758,33.08333206176758,32.16666793823242,32.45833206176758,21.484621047973633,364500
1991-02-28,32.33333206176758,32.45833206176758,31.583332061767578,32.08333206176758,21.23639488220215,1171500
1991-03-01,32.04166793823242,33.91666793823242,32.04166793823242,33.91666793823242,22.449914932250977,379200
1991-03-04,33.83333206176758,35.125,33.83333206176758,34.95833206176758,23.13941192626953,325200
1991-03-05,35.04166793823242,36.04166793823242,35.0,35.33333206176758,23.38762855529785,427800
1991-03-06,35.375,35.66666793823242,34.5,35.625,23.58067512512207,605400
1991-03-07,35.54166793823242,35.875,35.04166793823242,35.04166793823242,23.19457244873047,132300
1991-03-08,34.95833206176758,35.33333206176758,34.66666793823242,35.04166793823242,23.19457244873047,103800
1991-03-11,34.58333206176758,34.83333206176758,34.33333206176758,34.375,22.753297805786133,126600
1991-03-12,34.45833206176758,34.70833206176758,34.125,34.125,22.587818145751953,200400
1991-03-13,34.08333206176758,34.16666793823242,33.33333206176758,33.95833206176758,22.47749137878418,421800
1991-03-14,34.04166793823242,34.04166793823242,32.75,33.375,22.091384887695312,300600
1991-03-15,33.95833206176758,33.95833206176758,33.58333206176758,33.875,22.42232894897461,363600
1991-03-18,33.875,34.5,33.79166793823242,34.5,22.83602523803711,128700
1991-03-19,34.41666793823242,34.41666793823242,33.08333206176758,33.33333206176758,22.063796997070312,281700
1991-03-20,33.08333206176758,33.875,33.08333206176758,33.66666793823242,22.28443145751953,363300
1991-03-21,33.66666793823242,34.16666793823242,33.66666793823242,33.83333206176758,22.39475440979004,147000
1991-03-22,33.70833206176758,33.75,33.58333206176758,33.70833206176758,22.32300567626953,81300
1991-03-25,33.79166793823242,34.54166793823242,33.79166793823242,34.54166793823242,22.8748836517334,38400
1991-03-26,34.45833206176758,35.91666793823242,34.29166793823242,35.66666793823242,23.61990737915039,393000
1991-03-27,35.125,35.16666793823242,34.58333206176758,35.08333206176758,23.23359489440918,474000
1991-03-28,35.08333206176758,35.08333206176758,34.25,34.45833206176758,22.819677352905273,315300
1991-04-01,34.375,34.5,33.95833206176758,34.0,22.516162872314453,501300
1991-04-02,33.79166793823242,33.83333206176758,33.375,33.66666793823242,22.295413970947266,912000
1991-04-03,35.0,36.41666793823242,34.75,36.0,23.84063720703125,3619800
1991-04-04,35.91666793823242,36.33333206176758,35.75,36.20833206176758,23.978595733642578,654900
1991-04-05,36.16666793823242,36.20833206176758,35.54166793823242,35.875,23.75786590576172,483000
1991-04-08,35.79166793823242,37.45833206176758,35.79166793823242,37.41666793823242,24.778833389282227,384000
1991-04-09,37.16666793823242,37.58333206176758,36.66666793823242,37.0,24.502893447875977,467700
1991-04-10,37.25,37.70833206176758,36.91666793823242,37.20833206176758,24.640867233276367,410700
1991-04-11,37.25,38.5,36.95833206176758,38.0,25.165115356445312,341100
1991-04-12,38.16666793823242,39.08333206176758,38.16666793823242,38.95833206176758,25.799772262573242,666300
1991-04-15,38.75,39.25,38.66666793823242,38.75,25.66181755065918,370800
1991-04-16,38.66666793823242,40.0,38.66666793823242,39.625,26.241268157958984,377400
1991-04-17,39.66666793823242,40.0,39.45833206176758,39.79166793823242,26.351642608642578,598800
1991-04-18,39.625,39.91666793823242,39.5,39.66666793823242,26.26885986328125,270600
1991-04-19,39.79166793823242,39.79166793823242,38.0,38.08333206176758,25.220312118530273,507900
1991-04-22,38.08333206176758,38.41666793823242,37.5,38.33333206176758,25.38588523864746,381600
1991-04-23,38.41666793823242,39.0,38.41666793823242,38.875,25.74458885192871,341100
1991-04-24,38.91666793823242,39.33333206176758,38.83333206176758,39.04166793823242,25.854957580566406,314100
1991-04-25,38.95833206176758,39.0,38.41666793823242,38.83333206176758,25.71700096130371,150600
1991-04-26,38.66666793823242,38.66666793823242,37.58333206176758,37.58333206176758,24.88918113708496,355800
1991-04-29,37.95833206176758,38.83333206176758,37.83333206176758,37.83333206176758,25.05474853515625,511500
1991-04-30,37.20833206176758,37.75,37.20833206176758,37.70833206176758,24.971965789794922,461400
1991-05-01,38.16666793823242,38.83333206176758,38.0,38.58333206176758,25.551435470581055,355200
1991-05-02,38.83333206176758,40.33333206176758,38.75,38.875,25.74458885192871,531600
1991-05-03,38.75,40.54166793823242,38.70833206176758,40.33333206176758,26.710344314575195,668100
1991-05-06,39.83333206176758,40.16666793823242,39.70833206176758,40.16666793823242,26.599977493286133,246300
1991-05-07,40.08333206176758,40.41666793823242,39.875,39.95833206176758,26.462007522583008,211500
1991-05-08,39.875,39.875,39.45833206176758,39.875,26.406829833984375,94200
1991-05-09,40.0,40.79166793823242,40.0,40.33333206176758,26.710344314575195,363600
1991-05-10,40.33333206176758,40.5,39.33333206176758,39.45833206176758,26.13089942932129,296700
1991-05-13,40.0,41.29166793823242,39.75,41.08333206176758,27.20703125,354900
1991-05-14,40.58333206176758,40.95833206176758,39.91666793823242,40.41666793823242,26.76553726196289,452700
1991-05-15,40.29166793823242,40.33333206176758,39.0,39.29166793823242,26.020519256591797,377400
1991-05-16,39.5,41.125,39.41666793823242,40.75,26.98628807067871,477000
1991-05-17,40.66666793823242,40.95833206176758,40.20833206176758,40.58333206176758,26.875919342041016,250500
1991-05-20,40.91666793823242,41.66666793823242,40.79166793823242,40.95833206176758,27.124256134033203,304800
1991-05-21,40.70833206176758,41.41666793823242,40.70833206176758,41.375,27.400178909301758,381300
1991-05-22,41.29166793823242,42.04166793823242,40.91666793823242,42.04166793823242,27.841672897338867,195900
1991-05-23,42.125,42.33333206176758,41.75,41.91666793823242,27.758909225463867,400800
1991-05-24,42.08333206176758,43.875,42.04166793823242,43.25,28.641883850097656,608700
1991-05-28,42.75,43.125,42.0,42.83333206176758,28.36597442626953,335100
1991-05-29,43.0,43.33333206176758,42.45833206176758,42.5,28.145204544067383,273300
1991-05-30,42.75,43.375,42.75,43.20833206176758,28.614288330078125,399000
1991-05-31,43.04166793823242,43.625,43.04166793823242,43.54166793823242,28.83502960205078,320700
1991-06-03,43.54166793823242,43.875,43.125,43.20833206176758,28.614288330078125,233700
1991-06-04,43.125,43.125,42.45833206176758,42.5,28.145204544067383,187200
1991-06-05,42.58333206176758,42.58333206176758,41.75,41.83333206176758,27.703697204589844,256800
1991-06-06,41.83333206176758,42.08333206176758,40.91666793823242,41.25,27.317398071289062,407100
1991-06-07,41.25,41.33333206176758,41.08333206176758,41.16666793823242,27.262224197387695,220800
1991-06-10,41.29166793823242,41.33333206176758,41.16666793823242,41.16666793823242,27.262224197387695,88500
1991-06-11,41.33333206176758,41.58333206176758,41.08333206176758,41.20833206176758,27.289810180664062,257100
1991-06-12,41.04166793823242,41.41666793823242,40.58333206176758,40.58333206176758,26.875919342041016,227700
1991-06-13,40.66666793823242,41.25,40.16666793823242,41.125,27.2346248626709,540600
1991-06-14,41.04166793823242,41.41666793823242,40.875,41.08333206176758,27.20703125,190200
1991-06-17,41.375,41.70833206176758,41.20833206176758,41.58333206176758,27.53816032409668,272700
1991-06-18,41.5,41.58333206176758,40.91666793823242,40.91666793823242,27.096664428710938,209400
1991-06-19,41.08333206176758,41.08333206176758,40.33333206176758,41.08333206176758,27.20703125,277200
1991-06-20,41.16666793823242,41.45833206176758,41.0,41.45833206176758,27.455373764038086,387000
1991-06-21,41.625,41.75,41.16666793823242,41.33333206176758,27.37259292602539,249900
1991-06-24,40.66666793823242,40.66666793823242,40.04166793823242,40.20833206176758,26.638303756713867,291600
1991-06-25,40.20833206176758,40.75,39.41666793823242,39.5,26.169036865234375,259800
1991-06-26,39.66666793823242,40.0,39.29166793823242,40.0,26.500301361083984,195000
1991-06-27,40.0,40.625,40.0,40.54166793823242,26.8591365814209,185400
1991-06-28,40.54166793823242,40.70833206176758,39.83333206176758,40.45833206176758,26.80394172668457,196200
1991-07-01,41.0,41.83333206176758,41.0,41.83333206176758,27.714874267578125,401700
1991-07-02,42.0,42.33333206176758,41.83333206176758,42.04166793823242,27.852903366088867,418200
1991-07-03,41.91666793823242,42.125,41.83333206176758,41.95833206176758,27.79769515991211,290400
1991-07-05,42.125,42.29166793823242,42.08333206176758,42.125,27.90812110900879,60000
1991-07-08,41.83333206176758,42.04166793823242,41.58333206176758,42.04166793823242,27.852903366088867,240900
1991-07-09,42.04166793823242,42.25,41.08333206176758,41.16666793823242,27.27322006225586,218100
1991-07-10,41.66666793823242,41.75,41.125,41.25,27.32841682434082,201600
1991-07-11,41.33333206176758,42.0,41.16666793823242,42.0,27.825326919555664,135300
1991-07-12,42.08333206176758,42.29166793823242,41.5,41.66666793823242,27.60446548461914,320100
1991-07-15,41.75,41.91666793823242,41.625,41.75,27.65967559814453,149400
1991-07-16,41.83333206176758,42.29166793823242,41.83333206176758,42.0,27.825326919555664,236400
1991-07-17,42.08333206176758,42.08333206176758,41.16666793823242,41.16666793823242,27.27322006225586,180300
1991-07-18,41.20833206176758,41.83333206176758,41.08333206176758,41.375,27.411235809326172,208200
1991-07-19,41.45833206176758,41.625,41.0,41.04166793823242,27.19040298461914,184500
1991-07-22,41.08333206176758,41.375,41.0,41.04166793823242,27.19040298461914,109800
1991-07-23,41.16666793823242,41.29166793823242,40.54166793823242,40.625,26.91436004638672,220800
1991-07-24,40.70833206176758,40.79166793823242,40.04166793823242,40.16666793823242,26.610708236694336,156000
1991-07-25,40.0,40.95833206176758,39.91666793823242,40.625,26.91436004638672,303300
1991-07-26,40.66666793823242,40.91666793823242,40.41666793823242,40.91666793823242,27.107593536376953,116400
1991-07-29,41.08333206176758,41.91666793823242,41.08333206176758,41.79166793823242,27.687288284301758,173400
1991-07-30,41.875,42.20833206176758,41.83333206176758,42.16666793823242,27.935728073120117,346800
1991-07-31,42.08333206176758,42.29166793823242,41.875,41.95833206176758,27.79769515991211,232200
1991-08-01,41.91666793823242,41.91666793823242,41.375,41.83333206176758,27.714874267578125,234300
1991-08-02,41.875,41.91666793823242,41.33333206176758,41.54166793823242,27.521657943725586,256200
1991-08-05,41.54166793823242,41.58333206176758,41.20833206176758,41.5,27.494043350219727,86700
1991-08-06,41.41666793823242,41.95833206176758,41.25,41.66666793823242,27.60446548461914,342600
1991-08-07,41.66666793823242,41.79166793823242,41.25,41.58333206176758,27.549266815185547,581400
1991-08-08,41.58333206176758,41.83333206176758,41.08333206176758,41.41666793823242,27.4388484954834,139800
1991-08-09,41.5,41.95833206176758,41.20833206176758,41.41666793823242,27.4388484954834,179400
1991-08-12,41.625,41.875,41.54166793823242,41.83333206176758,27.714874267578125,317100
1991-08-13,42.0,42.25,41.79166793823242,42.20833206176758,27.963336944580078,327000
1991-08-14,42.83333206176758,43.75,42.41666793823242,43.25,28.653438568115234,491700
1991-08-15,43.75,44.25,43.33333206176758,43.33333206176758,28.708641052246094,208800
1991-08-16,43.33333206176758,43.5,42.41666793823242,43.0,28.487812042236328,284700
1991-08-19,40.66666793823242,42.16666793823242,40.66666793823242,41.66666793823242,27.60446548461914,438600
1991-08-20,41.83333206176758,42.0,41.58333206176758,41.875,27.742494583129883,353400
1991-08-21,42.41666793823242,43.58333206176758,42.41666793823242,43.5,28.819076538085938,239700
1991-08-22,43.83333206176758,43.83333206176758,43.375,43.41666793823242,28.763851165771484,197400
1991-08-23,43.5,44.33333206176758,43.375,43.75,28.984683990478516,289500
1991-08-26,43.83333206176758,43.83333206176758,43.29166793823242,43.54166793823242,28.846654891967773,147000
1991-08-27,43.45833206176758,43.5,42.91666793823242,43.25,28.653438568115234,166800
1991-08-28,43.33333206176758,43.45833206176758,43.0,43.45833206176758,28.79146385192871,232200
1991-08-29,43.375,44.0,43.25,44.0,29.150333404541016,222900
1991-08-30,44.08333206176758,44.41666793823242,43.66666793823242,43.75,28.984683990478516,157500
1991-09-03,44.08333206176758,44.29166793823242,43.79166793823242,43.79166793823242,29.012327194213867,166800
1991-09-04,44.16666793823242,44.20833206176758,42.66666793823242,43.5,28.819076538085938,286800
1991-09-05,43.20833206176758,43.875,43.20833206176758,43.375,28.736249923706055,140100
1991-09-06,43.45833206176758,43.70833206176758,43.08333206176758,43.54166793823242,28.846654891967773,214800
1991-09-09,43.375,43.75,43.25,43.41666793823242,28.763851165771484,153000
1991-09-10,43.95833206176758,43.95833206176758,42.70833206176758,42.75,28.322193145751953,196200
1991-09-11,42.875,43.08333206176758,42.83333206176758,43.08333206176758,28.54300308227539,224100
1991-09-12,43.08333206176758,43.25,42.45833206176758,42.45833206176758,28.128934860229492,320100
1991-09-13,42.66666793823242,43.33333206176758,42.66666793823242,42.95833206176758,28.460214614868164,299100
1991-09-16,43.29166793823242,44.0,42.91666793823242,43.91666793823242,29.095102310180664,286500
1991-09-17,44.0,44.58333206176758,43.91666793823242,44.16666793823242,29.260744094848633,432300
1991-09-18,44.16666793823242,44.45833206176758,44.0,44.25,29.31595230102539,245100
1991-09-19,44.20833206176758,45.25,44.08333206176758,44.70833206176758,29.619606018066406,224100
1991-09-20,44.875,44.95833206176758,44.25,44.75,29.64718246459961,404400
1991-09-23,44.625,45.0,44.16666793823242,44.16666793823242,29.260744094848633,237900
1991-09-24,44.25,44.70833206176758,44.08333206176758,44.125,29.246368408203125,266100
1991-09-25,44.20833206176758,44.83333206176758,44.16666793823242,44.20833206176758,29.30160903930664,415800
1991-09-26,44.20833206176758,44.5,43.83333206176758,43.83333206176758,29.053064346313477,115200
1991-09-27,43.95833206176758,44.0,43.41666793823242,43.75,28.997814178466797,151500
1991-09-30,43.83333206176758,44.20833206176758,43.58333206176758,44.04166793823242,29.19114112854004,167100
1991-10-01,44.04166793823242,44.04166793823242,43.25,43.54166793823242,28.8597354888916,246600
1991-10-02,43.54166793823242,43.54166793823242,42.625,42.625,28.252168655395508,261300
1991-10-03,42.08333206176758,42.66666793823242,42.0,42.45833206176758,28.14167594909668,186000
1991-10-04,42.29166793823242,42.58333206176758,41.66666793823242,42.33333206176758,28.058834075927734,274500
1991-10-07,42.375,42.41666793823242,41.83333206176758,42.0,27.83793067932129,129900
1991-10-08,42.04166793823242,42.29166793823242,41.41666793823242,41.41666793823242,27.4512882232666,168600
1991-10-09,40.83333206176758,41.0,40.33333206176758,40.75,27.0094051361084,661200
1991-10-10,40.125,41.0,39.41666793823242,40.66666793823242,26.954160690307617,645600
1991-10-11,40.83333206176758,42.08333206176758,40.83333206176758,42.04166793823242,27.865524291992188,441600
1991-10-14,42.125,42.33333206176758,41.5,42.0,27.83793067932129,331800
1991-10-15,42.41666793823242,42.875,41.95833206176758,42.79166793823242,28.362632751464844,327300
1991-10-16,42.66666793823242,43.33333206176758,42.625,43.29166793823242,28.694034576416016,220500
1991-10-17,43.375,43.54166793823242,42.66666793823242,42.79166793823242,28.362632751464844,207300
1991-10-18,42.79166793823242,42.95833206176758,42.625,42.70833206176758,28.30738639831543,203100
1991-10-21,42.75,42.79166793823242,41.95833206176758,42.29166793823242,28.0312442779541,73200
1991-10-22,42.33333206176758,42.83333206176758,41.33333206176758,41.66666793823242,27.616971969604492,276600
1991-10-23,41.625,41.70833206176758,40.45833206176758,40.66666793823242,26.954160690307617,420600
1991-10-24,40.16666793823242,40.33333206176758,39.08333206176758,39.66666793823242,26.29136085510254,558900
1991-10-25,39.91666793823242,40.25,39.58333206176758,39.58333206176758,26.236129760742188,270600
1991-10-28,39.625,40.66666793823242,39.58333206176758,40.625,26.926551818847656,279900
1991-10-29,40.79166793823242,41.54166793823242,40.70833206176758,41.375,27.42365264892578,520200
1991-10-30,41.08333206176758,41.29166793823242,40.08333206176758,40.20833206176758,26.650375366210938,397200
1991-10-31,40.375,40.75,40.25,40.41666793823242,26.788463592529297,315900
1991-11-01,40.375,40.70833206176758,40.25,40.33333206176758,26.73322868347168,303300
1991-11-04,40.29166793823242,40.29166793823242,39.33333206176758,39.375,26.098037719726562,390300
1991-11-05,39.83333206176758,39.83333206176758,38.83333206176758,39.20833206176758,25.987567901611328,441000
1991-11-06,40.0,40.125,39.58333206176758,40.04166793823242,26.5399227142334,560700
1991-11-07,40.04166793823242,43.29166793823242,40.04166793823242,43.16666793823242,28.611183166503906,824400
1991-11-08,43.75,43.79166793823242,42.5,42.58333206176758,28.224552154541016,387300
1991-11-11,42.54166793823242,42.79166793823242,42.20833206176758,42.79166793823242,28.362632751464844,398700
1991-11-12,43.04166793823242,43.875,43.04166793823242,43.83333206176758,29.053064346313477,316200
1991-11-13,43.75,43.75,43.375,43.75,28.997814178466797,256800
1991-11-14,43.83333206176758,44.33333206176758,43.83333206176758,44.0,29.163528442382812,302100
1991-11-15,43.95833206176758,44.04166793823242,42.25,42.58333206176758,28.224552154541016,311100
1991-11-18,42.58333206176758,42.83333206176758,41.83333206176758,42.58333206176758,28.224552154541016,336000
1991-11-19,42.5,42.5,41.08333206176758,41.29166793823242,27.368438720703125,267900
1991-11-20,41.54166793823242,41.625,40.66666793823242,41.0,27.17510986328125,161400
1991-11-21,40.70833206176758,41.66666793823242,40.08333206176758,40.875,27.092241287231445,500400
1991-11-22,40.875,41.66666793823242,40.875,41.29166793823242,27.368438720703125,264300
1991-11-25,41.375,42.0,41.20833206176758,41.75,27.672203063964844,180300
1991-11-26,42.0,42.83333206176758,41.75,42.70833206176758,28.30738639831543,303900
1991-11-27,43.0,43.125,42.5,42.5,28.169326782226562,93600
1991-11-29,42.0,42.08333206176758,41.75,41.91666793823242,27.78268814086914,66600
1991-12-02,41.58333206176758,43.08333206176758,41.5,43.08333206176758,28.55595588684082,268800
1991-12-03,43.33333206176758,43.75,43.16666793823242,43.625,28.91496467590332,280200
1991-12-04,43.58333206176758,43.58333206176758,43.0,43.5,28.832128524780273,116100
1991-12-05,43.33333206176758,43.375,42.41666793823242,43.20833206176758,28.6387996673584,139800
1991-12-06,42.75,44.33333206176758,42.75,43.66666793823242,28.942615509033203,229200
1991-12-09,43.58333206176758,43.91666793823242,43.54166793823242,43.66666793823242,28.942615509033203,190800
1991-12-10,43.75,44.08333206176758,43.41666793823242,44.0,29.163528442382812,172800
1991-12-11,44.20833206176758,44.29166793823242,42.95833206176758,43.04166793823242,28.528339385986328,442800
1991-12-12,43.16666793823242,43.33333206176758,42.5,42.75,28.335020065307617,279300
1991-12-13,43.0,44.16666793823242,42.91666793823242,44.16666793823242,29.273990631103516,460800
1991-12-16,44.91666793823242,45.58333206176758,42.0,42.08333206176758,27.893150329589844,848100
1991-12-17,40.66666793823242,40.75,38.83333206176758,39.41666793823242,26.12565803527832,2987100
1991-12-18,39.45833206176758,39.75,37.91666793823242,38.125,25.26953887939453,1951200
1991-12-19,38.0,39.20833206176758,37.91666793823242,38.41666793823242,25.462844848632812,1407600
1991-12-20,38.75,38.83333206176758,37.54166793823242,38.66666793823242,25.628555297851562,1684200
1991-12-23,38.75,40.5,38.70833206176758,40.29166793823242,26.705608367919922,596400
1991-12-24,40.04166793823242,40.83333206176758,40.04166793823242,40.66666793823242,26.96754264831543,430200
1991-12-26,40.66666793823242,40.75,40.0,40.58333206176758,26.912294387817383,267600
1991-12-27,40.66666793823242,41.5,40.66666793823242,40.875,27.10569953918457,428100
1991-12-30,40.5,41.875,40.5,41.66666793823242,27.630691528320312,821400
1991-12-31,41.5,41.91666793823242,41.16666793823242,41.16666793823242,27.29912757873535,529800
1992-01-02,41.08333206176758,42.16666793823242,40.29166793823242,41.91666793823242,27.796480178833008,434400
1992-01-03,41.33333206176758,42.58333206176758,41.16666793823242,41.66666793823242,27.630691528320312,584400
1992-01-06,41.33333206176758,41.625,41.0,41.04166793823242,27.216218948364258,280800
1992-01-07,41.25,41.33333206176758,40.83333206176758,41.16666793823242,27.29912757873535,649800
1992-01-08,40.75,40.95833206176758,39.5,40.5,26.85702133178711,977400
1992-01-09,40.45833206176758,40.45833206176758,38.70833206176758,38.91666793823242,25.807071685791016,1568700
1992-01-10,37.0,39.33333206176758,36.83333206176758,38.875,25.779441833496094,2269200
1992-01-13,38.83333206176758,38.83333206176758,37.875,37.91666793823242,25.143930435180664,1038600
1992-01-14,37.91666793823242,38.83333206176758,37.91666793823242,38.625,25.613637924194336,1136100
1992-01-15,39.66666793823242,40.625,39.66666793823242,40.45833206176758,26.829408645629883,786600
1992-01-16,40.41666793823242,42.33333206176758,40.33333206176758,40.79166793823242,27.05044937133789,784500
1992-01-17,41.33333206176758,42.58333206176758,40.95833206176758,42.25,28.01752281188965,546300
1992-01-20,41.625,42.0,41.625,41.875,27.768840789794922,427500
1992-01-21,41.79166793823242,42.08333206176758,40.83333206176758,41.20833206176758,27.326749801635742,657900
1992-01-22,40.875,41.16666793823242,40.54166793823242,40.83333206176758,27.07808494567871,516600
1992-01-23,40.5,40.66666793823242,40.16666793823242,40.58333206176758,26.912294387817383,290100
1992-01-24,40.58333206176758,42.16666793823242,40.58333206176758,41.5,27.5201473236084,455400
1992-01-27,41.5,41.79166793823242,41.41666793823242,41.66666793823242,27.630691528320312,381000
1992-01-28,41.75,41.75,41.375,41.54166793823242,27.547805786132812,228300
1992-01-29,41.625,41.95833206176758,41.25,41.33333206176758,27.409639358520508,280500
1992-01-30,41.29166793823242,41.58333206176758,41.08333206176758,41.45833206176758,27.492530822753906,244800
1992-01-31,41.625,41.66666793823242,40.91666793823242,41.16666793823242,27.29912757873535,447300
1992-02-03,41.25,41.33333206176758,40.75,41.29166793823242,27.382022857666016,301200
1992-02-04,41.33333206176758,42.125,41.33333206176758,42.0,27.851755142211914,321900
1992-02-05,42.08333206176758,43.58333206176758,42.08333206176758,43.375,28.7635440826416,508500
1992-02-06,43.33333206176758,43.33333206176758,42.0,42.16666793823242,27.962247848510742,639600
1992-02-07,42.5,43.0,42.08333206176758,42.29166793823242,28.0451602935791,500700
1992-02-10,42.375,42.79166793823242,42.04166793823242,42.33333206176758,28.072778701782227,118800
1992-02-11,42.45833206176758,44.375,42.45833206176758,43.83333206176758,29.067487716674805,362400
1992-02-12,43.45833206176758,43.66666793823242,43.33333206176758,43.33333206176758,28.73590850830078,282600
1992-02-13,43.58333206176758,43.79166793823242,43.04166793823242,43.16666793823242,28.625394821166992,224700
1992-02-14,43.08333206176758,43.41666793823242,43.04166793823242,43.04166793823242,28.542518615722656,294000
1992-02-18,43.08333206176758,43.08333206176758,42.33333206176758,42.33333206176758,28.072778701782227,144900
1992-02-19,42.375,42.79166793823242,42.33333206176758,42.5,28.183319091796875,171300
1992-02-20,42.75,43.70833206176758,42.70833206176758,43.41666793823242,28.791179656982422,301200
1992-02-21,43.41666793823242,43.75,42.75,42.875,28.431987762451172,325200
1992-02-24,42.95833206176758,43.95833206176758,42.95833206176758,43.54166793823242,28.874059677124023,219300
1992-02-25,43.33333206176758,44.66666793823242,42.79166793823242,44.25,29.343782424926758,528900
1992-02-26,44.29166793823242,45.0,44.0,44.83333206176758,29.730613708496094,624900
1992-02-27,44.83333206176758,44.83333206176758,43.875,44.0,29.178030014038086,278400
1992-02-28,44.08333206176758,44.08333206176758,42.5,43.25,28.6806640625,403200
1992-03-02,43.16666793823242,43.5,43.0,43.41666793823242,28.791179656982422,341400
1992-03-03,43.41666793823242,43.5,42.95833206176758,43.25,28.6806640625,108900
1992-03-04,43.04166793823242,43.08333206176758,42.5,42.66666793823242,28.293819427490234,333000
1992-03-05,42.66666793823242,42.66666793823242,42.20833206176758,42.5,28.183319091796875,257100
1992-03-06,41.875,42.45833206176758,41.875,42.04166793823242,27.879362106323242,246000
1992-03-09,41.95833206176758,41.95833206176758,41.16666793823242,41.45833206176758,27.492530822753906,309000
1992-03-10,41.66666793823242,41.66666793823242,41.375,41.375,27.43727684020996,207900
1992-03-11,41.41666793823242,41.54166793823242,41.04166793823242,41.04166793823242,27.216218948364258,227700
1992-03-12,41.0,41.0,40.5,40.54166793823242,26.88465118408203,269700
1992-03-13,40.58333206176758,41.33333206176758,40.29166793823242,41.0,27.1886043548584,367800
1992-03-16,40.875,41.75,40.54166793823242,41.70833206176758,27.658327102661133,264000
1992-03-17,42.5,43.16666793823242,42.5,43.16666793823242,28.625394821166992,313200
1992-03-18,43.25,43.375,42.04166793823242,42.25,28.01752281188965,371400
1992-03-19,42.16666793823242,42.29166793823242,41.83333206176758,42.04166793823242,27.879362106323242,134400
1992-03-20,42.125,43.125,42.08333206176758,43.08333206176758,28.570125579833984,342900
1992-03-23,43.0,43.125,42.54166793823242,43.125,28.597761154174805,168900
1992-03-24,43.125,43.29166793823242,42.375,42.375,28.100404739379883,147300
1992-03-25,42.58333206176758,42.66666793823242,41.0,41.33333206176758,27.422590255737305,529500
1992-03-26,41.625,42.25,41.58333206176758,41.95833206176758,27.83724594116211,527700
1992-03-27,41.875,41.875,41.375,41.375,27.450225830078125,170100
1992-03-30,41.0,42.0,40.91666793823242,41.79166793823242,27.726682662963867,300900
1992-03-31,41.83333206176758,42.33333206176758,41.5,41.66666793823242,27.643733978271484,298800
1992-04-01,41.66666793823242,42.33333206176758,41.54166793823242,42.08333206176758,27.920169830322266,469200
1992-04-02,42.20833206176758,42.29166793823242,41.25,41.33333206176758,27.422590255737305,181800
1992-04-03,41.375,42.0,41.20833206176758,42.0,27.86490249633789,232200
1992-04-06,41.95833206176758,42.45833206176758,41.95833206176758,42.33333206176758,28.08603286743164,258900
1992-04-07,42.29166793823242,42.375,40.58333206176758,40.75,27.035572052001953,375900
1992-04-08,40.54166793823242,40.95833206176758,39.91666793823242,40.45833206176758,26.84207534790039,508800
1992-04-09,40.54166793823242,41.5,40.08333206176758,41.16666793823242,27.312028884887695,260100
1992-04-10,41.66666793823242,42.25,41.66666793823242,41.91666793823242,27.809614181518555,177900
1992-04-13,42.08333206176758,42.125,41.91666793823242,42.0,27.86490249633789,176700
1992-04-14,42.08333206176758,42.08333206176758,41.41666793823242,41.54166793823242,27.560810089111328,165900
1992-04-15,41.70833206176758,42.20833206176758,41.54166793823242,42.04166793823242,27.89253807067871,186900
1992-04-16,41.83333206176758,41.95833206176758,41.25,41.5,27.533143997192383,297600
1992-04-20,41.33333206176758,41.33333206176758,39.66666793823242,39.83333206176758,26.427400588989258,449100
1992-04-21,39.95833206176758,40.58333206176758,39.91666793823242,40.33333206176758,26.75913429260254,567600
1992-04-22,40.375,41.125,40.375,40.875,27.118492126464844,186600
1992-04-23,40.875,41.29166793823242,40.58333206176758,40.91666793823242,27.146154403686523,217200
1992-04-24,40.91666793823242,40.91666793823242,40.04166793823242,40.125,26.620925903320312,566100
1992-04-27,40.08333206176758,40.54166793823242,39.83333206176758,40.0,26.538005828857422,373800
1992-04-28,40.0,40.16666793823242,39.79166793823242,40.04166793823242,26.565628051757812,459300
1992-04-29,40.08333206176758,40.29166793823242,40.0,40.16666793823242,26.648563385009766,445500
1992-04-30,40.125,40.125,39.58333206176758,39.75,26.37211799621582,341400
1992-05-01,39.66666793823242,39.70833206176758,39.33333206176758,39.5,26.206275939941406,569100
1992-05-04,39.5,39.95833206176758,39.375,39.45833206176758,26.178621292114258,412200
1992-05-05,39.625,40.79166793823242,39.58333206176758,40.16666793823242,26.648563385009766,558600
1992-05-06,40.16666793823242,40.83333206176758,40.16666793823242,40.625,26.952632904052734,260100
1992-05-07,40.625,40.625,39.79166793823242,39.83333206176758,26.427400588989258,279600
1992-05-08,40.0,40.0,39.66666793823242,39.70833206176758,26.344480514526367,438300
1992-05-11,39.83333206176758,40.20833206176758,39.83333206176758,39.95833206176758,26.510345458984375,360900
1992-05-12,40.58333206176758,42.0,40.375,41.08333206176758,27.2567195892334,664500
1992-05-13,41.20833206176758,42.33333206176758,40.79166793823242,40.95833206176758,27.173805236816406,730800
1992-05-14,40.95833206176758,41.0,40.41666793823242,40.66666793823242,26.980274200439453,243600
1992-05-15,40.375,40.5,40.125,40.20833206176758,26.67621421813965,349800
1992-05-18,40.66666793823242,40.83333206176758,40.5,40.83333206176758,27.090871810913086,270000
1992-05-19,40.79166793823242,41.20833206176758,40.70833206176758,41.20833206176758,27.33966064453125,269700
1992-05-20,41.20833206176758,41.33333206176758,40.58333206176758,40.66666793823242,26.980274200439453,216300
1992-05-21,40.66666793823242,40.66666793823242,39.83333206176758,40.0,26.538005828857422,285900
1992-05-22,40.125,40.66666793823242,39.91666793823242,40.5,26.869712829589844,697800
1992-05-26,40.75,40.79166793823242,40.375,40.5,26.869712829589844,148500
1992-05-27,40.58333206176758,40.91666793823242,40.5,40.625,26.952632904052734,131700
1992-05-28,40.70833206176758,41.25,40.5,41.25,27.367286682128906,264000
1992-05-29,41.33333206176758,41.75,41.25,41.54166793823242,27.560810089111328,426900
1992-06-01,41.5,41.91666793823242,41.41666793823242,41.79166793823242,27.726682662963867,224100
1992-06-02,41.79166793823242,42.95833206176758,41.79166793823242,42.20833206176758,28.00311279296875,400500
1992-06-03,42.20833206176758,42.20833206176758,41.625,41.83333206176758,27.75431251525879,302700
1992-06-04,41.70833206176758,42.04166793823242,41.66666793823242,41.95833206176758,27.83724594116211,164400
1992-06-05,41.79166793823242,41.83333206176758,41.5,41.70833206176758,27.67137908935547,261000
1992-06-08,41.625,42.125,41.5,42.0,27.86490249633789,113100
1992-06-09,42.0,42.375,41.375,41.75,27.699020385742188,165400
1992-06-10,41.5,41.875,40.125,40.125,26.620925903320312,377600
1992-06-11,40.125,40.875,39.75,40.5,26.869712829589844,196600
1992-06-12,40.75,40.75,38.25,38.625,25.62574005126953,1150500
1992-06-15,38.875,39.75,38.375,38.75,25.70868492126465,304400
1992-06-16,39.0,39.5,38.75,38.875,25.791608810424805,210600
1992-06-17,38.0,38.125,36.75,37.375,24.79644012451172,743500
1992-06-18,36.5,36.875,34.0,35.0,23.22074317932129,1829000
1992-06-19,35.0,35.5,34.625,35.125,23.303672790527344,699700
1992-06-22,35.25,36.125,34.5,34.875,23.137807846069336,302900
1992-06-23,35.125,36.375,34.875,35.625,23.635391235351562,262600
1992-06-24,35.875,36.25,35.625,36.0,23.897613525390625,256600
1992-06-25,36.0,36.5,36.0,36.125,23.980575561523438,348300
1992-06-26,35.875,36.75,35.75,35.75,23.731643676757812,314900
1992-06-29,36.0,36.375,35.875,35.875,23.814626693725586,310100
1992-06-30,36.125,37.125,36.125,36.875,24.478443145751953,151800
1992-07-01,37.125,37.75,37.125,37.5,24.893335342407227,321200
1992-07-02,37.75,38.125,36.75,37.125,24.644418716430664,434400
1992-07-06,37.0,37.0,36.0,36.125,23.980575561523438,241800
1992-07-07,34.0,34.25,30.0,32.5,21.574230194091797,5802600
1992-07-08,32.0,32.375,31.375,32.25,21.40827178955078,1335000
1992-07-09,32.375,33.5,32.25,33.25,22.072092056274414,757200
1992-07-10,34.375,34.5,33.375,33.375,22.15507698059082,770700
1992-07-13,33.5,34.75,33.375,34.25,22.73591423034668,569700
1992-07-14,34.5,34.5,33.875,34.0,22.569957733154297,412400
1992-07-15,33.875,34.625,33.75,34.125,22.652935028076172,523100
1992-07-16,33.875,34.0,33.625,34.0,22.569957733154297,485000
1992-07-17,33.875,34.0,33.625,34.0,22.569957733154297,410000
1992-07-20,33.75,34.5,33.0,34.25,22.73591423034668,606400
1992-07-21,34.375,35.0,34.0,34.75,23.06783676147461,293400
1992-07-22,34.75,34.75,34.25,34.375,22.818885803222656,431300
1992-07-23,34.625,35.0,34.5,35.0,23.233781814575195,166900
1992-07-24,34.875,35.375,34.75,35.25,23.399736404418945,228000
1992-07-27,35.5,35.875,35.25,35.25,23.399736404418945,250900
1992-07-28,35.5,36.5,35.375,36.375,24.14653205871582,231100
1992-07-29,36.625,37.25,36.375,36.5,24.229528427124023,495800
1992-07-30,36.25,37.375,36.125,37.125,24.644418716430664,321900
1992-07-31,37.25,38.125,36.875,37.625,24.97632598876953,310500
1992-08-03,37.5,37.625,37.0,37.125,24.644418716430664,504500
1992-08-04,37.125,37.125,36.375,36.75,24.395479202270508,321500
1992-08-05,36.75,36.75,36.375,36.375,24.14653205871582,284900
1992-08-06,36.25,36.375,35.5,35.625,23.64866065979004,386400
1992-08-07,35.625,36.25,35.625,35.75,23.731643676757812,292000
1992-08-10,35.5,35.875,32.875,35.25,23.399736404418945,1035300
1992-08-11,35.625,35.625,34.75,34.75,23.06783676147461,440200
1992-08-12,34.75,35.0,34.125,34.375,22.818885803222656,465900
1992-08-13,34.125,34.625,33.375,33.625,22.321025848388672,430000
1992-08-14,34.125,34.625,33.625,34.5,22.901884078979492,270400
1992-08-17,34.75,35.5,34.75,35.375,23.482717514038086,207300
1992-08-18,35.375,35.375,34.625,34.75,23.06783676147461,139100
1992-08-19,34.75,34.75,34.25,34.625,22.984848022460938,429700
1992-08-20,34.75,35.75,34.625,35.75,23.731643676757812,401200
1992-08-21,35.875,36.125,35.5,35.625,23.64866065979004,461900
1992-08-24,35.5,35.625,35.0,35.5,23.565690994262695,304700
1992-08-25,35.5,35.625,34.375,34.75,23.06783676147461,487200
1992-08-26,34.625,34.875,34.375,34.75,23.06783676147461,137400
1992-08-27,35.0,35.125,34.875,35.0,23.233781814575195,472600
1992-08-28,35.125,35.25,34.875,35.0,23.233781814575195,841900
1992-08-31,35.0,35.125,34.375,34.875,23.15080451965332,187900
1992-09-01,34.375,34.625,34.0,34.25,22.73591423034668,658200
1992-09-02,34.5,34.5,33.75,34.25,22.73591423034668,647300
1992-09-03,34.5,35.5,34.375,34.875,23.15080451965332,775700
1992-09-04,34.625,34.75,34.25,34.375,22.818885803222656,218400
1992-09-08,34.5,34.5,33.625,33.75,22.40401840209961,170100
1992-09-09,33.875,34.625,33.75,34.625,22.984848022460938,159000
1992-09-10,34.875,35.375,34.75,35.25,23.399736404418945,300900
1992-09-11,35.375,35.375,34.625,35.125,23.31676483154297,138500
1992-09-14,35.75,35.75,35.375,35.5,23.565690994262695,303100
1992-09-15,35.5,35.625,34.875,35.375,23.482717514038086,119400
1992-09-16,35.25,36.25,35.125,35.625,23.64866065979004,165100
1992-09-17,35.625,35.875,35.125,35.375,23.482717514038086,153300
1992-09-18,36.5,37.0,35.75,37.0,24.561426162719727,382500
1992-09-21,37.0,37.375,36.625,37.375,24.81035804748535,201800
1992-09-22,37.5,37.75,36.375,36.5,24.229528427124023,273100
1992-09-23,36.625,36.875,35.875,36.375,24.14653205871582,396500
1992-09-24,36.375,36.5,36.0,36.0,23.910762786865234,297300
1992-09-25,36.125,36.5,36.0,36.5,24.24285316467285,105100
1992-09-28,36.75,37.0,36.5,36.625,24.32588005065918,130500
1992-09-29,36.125,36.5,36.0,36.5,24.24285316467285,136600
1992-09-30,36.5,37.125,36.5,36.875,24.491905212402344,110600
1992-10-01,36.875,36.875,35.75,36.75,24.408905029296875,211600
1992-10-02,36.625,36.75,36.25,36.375,24.159820556640625,145300
1992-10-05,36.25,36.25,35.125,36.125,23.9937686920166,229300
1992-10-06,36.25,37.75,36.125,37.25,24.741003036499023,404100
1992-10-07,37.625,37.625,36.0,36.375,24.159820556640625,799100
1992-10-08,36.625,37.5,36.625,37.0,24.574935913085938,472000
1992-10-09,36.625,37.0,36.5,36.5,24.24285316467285,182300
1992-10-12,36.625,37.25,36.625,37.25,24.741003036499023,139800
1992-10-13,37.375,37.375,36.75,37.375,24.82400131225586,314900
1992-10-14,37.125,38.0,37.0,37.5,24.907033920288086,183400
1992-10-15,36.75,38.625,36.75,38.5,25.57120704650879,313500
1992-10-16,39.0,40.375,38.5,40.375,26.816566467285156,386500
1992-10-19,40.375,40.75,39.125,40.625,26.98261070251465,567200
1992-10-20,41.75,41.875,40.875,41.125,27.314712524414062,900200
1992-10-21,41.75,42.375,41.25,41.375,27.480762481689453,681600
1992-10-22,41.25,41.375,40.25,40.75,27.065643310546875,456700
1992-10-23,40.75,40.875,39.875,40.0,26.5674991607666,290800
1992-10-26,40.125,41.125,40.125,41.0,27.231689453125,327000
1992-10-27,41.125,41.75,40.625,40.875,27.148653030395508,267800
1992-10-28,41.25,41.25,40.25,40.625,26.98261070251465,247700
1992-10-29,41.0,41.5,40.875,41.5,27.56378173828125,154000
1992-10-30,41.5,42.25,41.125,41.875,27.81285858154297,348100
1992-11-02,41.875,43.25,41.75,43.25,28.726118087768555,428100
1992-11-03,43.0,44.0,42.75,43.75,29.05821418762207,697000
1992-11-04,43.5,43.625,41.875,42.25,28.061906814575195,375200
1992-11-05,41.0,42.5,40.375,41.875,27.81285858154297,548700
1992-11-06,41.875,42.125,41.5,41.875,27.81285858154297,240200
1992-11-09,41.875,44.25,41.625,44.125,29.307275772094727,558800
1992-11-10,44.0,44.125,43.25,43.75,29.05821418762207,430500
1992-11-11,43.75,45.75,43.625,45.625,30.30356216430664,543700
1992-11-12,45.75,46.375,45.25,45.375,30.137523651123047,448500
1992-11-13,45.375,45.375,45.0,45.125,29.971481323242188,233100
1992-11-16,45.0,46.25,44.625,46.25,30.718677520751953,345800
1992-11-17,47.0,47.625,46.5,46.875,31.13377571105957,657100
1992-11-18,46.75,46.875,46.25,46.625,30.967729568481445,473400
1992-11-19,46.625,47.625,46.625,47.5,31.548912048339844,424500
1992-11-20,47.875,49.375,47.375,49.25,32.71123504638672,941800
1992-11-23,49.0,49.5,48.375,48.5,32.213096618652344,553500
1992-11-24,48.5,49.375,48.5,49.0,32.54520797729492,399500
1992-11-25,49.5,49.875,49.375,49.5,32.87730407714844,587800
1992-11-27,49.75,49.875,49.375,49.375,32.794281005859375,236600
1992-11-30,49.0,50.375,48.875,50.375,33.45847702026367,457200
1992-12-01,49.5,49.625,48.25,49.25,32.71123504638672,970800
1992-12-02,49.0,49.5,48.75,49.0,32.54520797729492,524500
1992-12-03,49.0,50.375,48.875,50.125,33.29240417480469,528400
1992-12-04,50.375,50.5,49.375,49.375,32.794281005859375,392300
1992-12-07,49.75,50.375,49.5,49.875,33.1263542175293,269800
1992-12-08,49.625,50.125,49.125,49.125,32.62820816040039,260200
1992-12-09,49.25,49.25,47.5,47.875,31.797983169555664,793800
1992-12-10,47.875,47.875,46.625,47.0,31.216798782348633,326400
1992-12-11,47.0,48.25,47.0,48.0,31.88098907470703,231700
1992-12-14,47.5,48.625,47.5,47.875,31.797983169555664,127300
1992-12-15,47.875,47.875,47.375,47.375,31.465879440307617,72400
1992-12-16,47.875,47.875,47.5,47.75,31.714963912963867,172300
1992-12-17,47.5,49.375,47.125,49.25,32.71123504638672,294200
1992-12-18,49.375,49.75,49.125,49.375,32.794281005859375,340500
1992-12-21,49.375,49.5,47.75,49.375,32.794281005859375,261900
1992-12-22,49.5,49.625,48.25,48.5,32.213096618652344,378800
1992-12-23,48.125,50.75,48.125,50.5,33.54146957397461,347900
1992-12-24,50.375,50.375,49.125,49.125,32.64113998413086,144000
1992-12-28,49.125,50.0,48.0,50.0,33.22251892089844,184600
1992-12-29,50.0,51.5,49.625,49.875,33.13947296142578,218200
1992-12-30,50.125,50.125,49.625,50.0,33.22251892089844,98000
1992-12-31,50.5,50.875,49.75,49.75,33.0564079284668,117700
1993-01-04,49.5,49.75,48.375,48.625,32.30891036987305,341600
1993-01-05,48.25,48.375,47.625,48.0,31.89363670349121,407700
1993-01-06,47.75,48.5,47.75,47.875,31.810556411743164,330900
1993-01-07,47.75,49.0,47.75,48.375,32.142791748046875,441400
1993-01-08,48.5,48.625,47.75,48.5,32.22587585449219,250400
1993-01-11,48.5,49.0,48.25,48.75,32.391971588134766,214900
1993-01-12,48.75,49.125,47.5,48.625,32.30891036987305,389900
1993-01-13,48.5,48.625,47.75,48.375,32.142791748046875,284600
1993-01-14,48.5,48.5,48.125,48.5,32.22587585449219,155600
1993-01-15,48.25,48.75,48.125,48.375,32.142791748046875,385400
1993-01-18,48.25,48.25,47.25,48.25,32.059757232666016,256700
1993-01-19,48.0,48.25,47.625,48.25,32.059757232666016,291700
1993-01-20,48.125,48.125,47.375,47.375,31.47833251953125,284800
1993-01-21,47.5,48.0,47.375,47.875,31.810556411743164,346800
1993-01-22,47.875,48.125,47.625,47.625,31.64447021484375,126000
1993-01-25,47.375,47.75,47.0,47.75,31.7275390625,281100
1993-01-26,47.75,49.125,47.625,48.375,32.142791748046875,451600
1993-01-27,48.375,49.125,48.25,49.125,32.64113998413086,373700
1993-01-28,49.125,49.25,48.625,48.875,32.47504425048828,427900
1993-01-29,49.0,49.0,48.5,49.0,32.5580940246582,109400
1993-02-01,49.25,49.25,48.0,48.375,32.142791748046875,458600
1993-02-02,48.375,49.25,48.375,48.875,32.47504425048828,428800
1993-02-03,49.0,51.0,49.0,51.0,33.88698196411133,690400
1993-02-04,52.625,52.875,50.875,51.0,33.88698196411133,327300
1993-02-05,50.75,51.375,49.625,50.625,33.63782501220703,252200
1993-02-08,50.625,50.625,49.375,50.375,33.471702575683594,235000
1993-02-09,50.5,50.625,50.0,50.0,33.22251892089844,197400
1993-02-10,50.0,50.0,49.0,49.125,32.64113998413086,317400
1993-02-11,49.25,50.375,49.125,50.25,33.388671875,327000
1993-02-12,50.0,50.5,49.375,50.0,33.22251892089844,331200
1993-02-16,50.125,50.125,47.75,48.125,31.976686477661133,426100
1993-02-17,48.25,48.25,46.125,46.375,30.81391143798828,440600
1993-02-18,46.75,47.25,45.75,46.625,30.980024337768555,470000
1993-02-19,46.375,46.5,45.5,45.75,30.398609161376953,211800
1993-02-22,46.0,46.875,45.875,46.375,30.81391143798828,364300
1993-02-23,47.0,47.0,44.375,44.625,29.65111541748047,528600
1993-02-24,44.375,46.375,44.375,46.125,30.647781372070312,361100
1993-02-25,46.25,48.0,46.25,48.0,31.89363670349121,182300
1993-02-26,44.25,45.75,44.125,44.375,29.484996795654297,2471000
1993-03-01,44.0,44.125,42.375,42.75,28.405263900756836,1417100
1993-03-02,43.125,43.75,42.75,43.5,28.903610229492188,800700
1993-03-03,43.5,44.125,43.125,43.5,28.903610229492188,498600
1993-03-04,43.375,43.5,42.25,43.125,28.654455184936523,741700
1993-03-05,43.625,44.75,43.25,44.75,29.734180450439453,414000
1993-03-08,44.625,45.5,44.375,45.25,30.06638526916504,478000
1993-03-09,44.75,44.875,44.375,44.375,29.484996795654297,441100
1993-03-10,44.125,44.375,43.5,44.125,29.318876266479492,376800
1993-03-11,43.875,44.75,43.75,44.5,29.568038940429688,419100
1993-03-12,44.625,44.625,44.25,44.5,29.568038940429688,369000
1993-03-15,44.0,44.25,43.5,43.75,29.06972885131836,268500
1993-03-16,43.625,44.0,43.375,43.5,28.903610229492188,201400
1993-03-17,43.25,43.5,43.0,43.25,28.737497329711914,224700
1993-03-18,43.375,44.625,43.375,44.5,29.568038940429688,227900
1993-03-19,44.875,44.875,44.375,44.5,29.568038940429688,335000
1993-03-22,44.25,44.75,44.125,44.375,29.484996795654297,231900
1993-03-23,44.125,44.25,43.0,43.0,28.57137680053711,235800
1993-03-24,42.5,43.375,42.0,42.125,27.989988327026367,514600
1993-03-25,42.25,42.5,41.875,41.875,27.837099075317383,397900
1993-03-26,42.125,43.0,42.125,42.5,28.252580642700195,338000
1993-03-29,42.75,43.75,42.75,43.625,29.000444412231445,189600
1993-03-30,45.0,45.0,44.0,44.5,29.58208465576172,338900
1993-03-31,44.625,46.125,44.5,46.0,30.579246520996094,372200
1993-04-01,45.875,46.125,44.375,44.5,29.58208465576172,188200
1993-04-02,44.125,44.375,43.0,43.25,28.75114631652832,207500
1993-04-05,43.375,44.0,43.0,43.375,28.834228515625,250500
1993-04-06,43.25,43.25,40.375,41.625,27.6708984375,678200
1993-04-07,41.5,41.5,40.625,41.375,27.50470542907715,766300
1993-04-08,41.625,42.0,41.0,41.5,27.58778953552246,182300
1993-04-12,41.75,42.0,40.875,41.25,27.421613693237305,262200
1993-04-13,40.5,40.875,38.5,39.0,25.925893783569336,1237900
1993-04-14,39.0,39.0,37.625,38.0,25.26112174987793,733100
1993-04-15,37.75,37.875,36.75,36.875,24.513248443603516,781300
1993-04-16,36.625,38.5,36.625,38.125,25.344226837158203,1269900
1993-04-19,38.125,38.25,36.75,37.625,25.01183319091797,541700
1993-04-20,36.625,37.25,36.5,36.875,24.513248443603516,423500
1993-04-21,37.125,37.75,36.125,37.375,24.84565544128418,816000
1993-04-22,37.875,37.875,36.5,37.0,24.596345901489258,1204900
1993-04-23,37.0,37.0,35.375,35.5,23.59920310974121,844300
1993-04-26,36.75,36.75,35.5,35.875,23.848485946655273,856000
1993-04-27,36.375,37.25,36.0,37.125,24.679447174072266,983600
1993-04-28,37.5,38.75,37.25,38.0,25.26112174987793,1083800
1993-04-29,37.875,38.0,37.0,37.875,25.17802619934082,1279300
1993-04-30,38.0,38.375,37.5,38.125,25.344226837158203,562400
1993-05-03,37.875,38.0,37.375,37.5,24.928743362426758,367900
1993-05-04,37.875,38.375,37.625,38.125,25.344226837158203,420200
1993-05-05,38.125,39.125,38.125,38.75,25.759693145751953,616300
1993-05-06,39.5,39.75,39.0,39.25,26.09208106994629,405600
1993-05-07,39.375,40.5,39.375,40.375,26.83992576599121,320300
1993-05-10,40.375,40.625,40.125,40.125,26.673757553100586,383000
1993-05-11,40.25,41.25,40.125,40.75,27.0892276763916,569000
1993-05-12,40.5,41.0,40.25,40.625,27.00613784790039,302300
1993-05-13,39.75,40.25,39.5,39.625,26.341379165649414,394100
1993-05-14,39.5,39.625,38.875,39.5,26.258262634277344,556100
1993-05-17,39.375,39.875,39.375,39.875,26.507558822631836,98600
1993-05-18,40.0,40.0,39.0,39.125,26.00898551940918,395100
1993-05-19,38.875,40.25,38.5,40.25,26.756834030151367,541800
1993-05-20,40.375,41.5,40.0,40.75,27.0892276763916,326600
1993-05-21,39.0,41.125,38.875,40.25,26.756834030151367,461900
1993-05-24,40.875,41.375,40.625,40.875,27.172313690185547,197700
1993-05-25,41.125,42.0,41.125,41.625,27.6708984375,292600
1993-05-26,41.125,41.375,39.5,40.25,26.756834030151367,376900
1993-05-27,40.75,41.75,40.625,40.875,27.172313690185547,384200
1993-05-28,40.875,41.125,40.75,40.875,27.172313690185547,190500
1993-06-01,41.125,42.0,40.875,41.125,27.338510513305664,290800
1993-06-02,41.375,41.375,41.125,41.125,27.338510513305664,176100
1993-06-03,40.25,40.25,39.625,40.125,26.673757553100586,416400
1993-06-04,39.875,40.0,39.375,39.5,26.258262634277344,287300
1993-06-07,39.75,40.0,39.0,39.0,25.925893783569336,152200
1993-06-08,39.0,39.25,37.375,37.625,25.01183319091797,552200
1993-06-09,38.0,38.375,37.625,38.25,25.427303314208984,412100
1993-06-10,38.25,38.75,38.25,38.625,25.676597595214844,273300
1993-06-11,38.75,39.5,38.75,39.0,25.925893783569336,162400
1993-06-14,39.25,39.375,39.0,39.125,26.00898551940918,49900
1993-06-15,38.875,39.375,38.5,38.5,25.59349822998047,80600
1993-06-16,38.25,38.375,37.5,37.875,25.17802619934082,163500
1993-06-17,37.875,37.875,36.5,36.75,24.430150985717773,455200
1993-06-18,36.625,37.25,36.625,36.875,24.513248443603516,348300
1993-06-21,36.875,37.5,36.875,37.25,24.76253318786621,99800
1993-06-22,37.25,37.25,36.375,36.375,24.180879592895508,604900
1993-06-23,36.375,36.375,35.0,35.25,23.43301010131836,670500
1993-06-24,35.375,35.625,34.5,35.0,23.280025482177734,528200
1993-06-25,35.375,36.625,35.25,36.125,24.028329849243164,827400
1993-06-28,36.75,37.25,36.5,37.0,24.61031150817871,477800
1993-06-29,37.125,37.125,36.25,36.75,24.44402313232422,242700
1993-06-30,37.0,37.0,35.75,36.25,24.111469268798828,525700
1993-07-01,36.25,36.625,35.875,36.5,24.277751922607422,439900
1993-07-02,36.375,36.5,35.75,35.75,23.778879165649414,234000
1993-07-06,35.875,36.5,35.125,35.25,23.446317672729492,267600
1993-07-07,35.25,36.125,35.125,35.75,23.778879165649414,250600
1993-07-08,35.625,38.75,35.125,37.375,24.85976219177246,389600
1993-07-09,37.375,37.875,36.875,37.5,24.94289207458496,241000
1993-07-12,37.5,37.625,36.75,37.0,24.61031150817871,264200
1993-07-13,37.0,37.0,36.5,36.875,24.527164459228516,348100
1993-07-14,36.875,37.875,36.875,37.125,24.693456649780273,406400
1993-07-15,37.25,37.25,36.125,36.625,24.36089324951172,273900
1993-07-16,36.625,36.625,35.875,36.125,24.028329849243164,165400
1993-07-19,36.125,36.625,35.375,35.375,23.529455184936523,304800
1993-07-20,35.125,35.5,35.0,35.125,23.36317253112793,456500
1993-07-21,35.125,35.375,34.875,35.375,23.529455184936523,484400
1993-07-22,35.5,36.25,35.5,36.0,23.945173263549805,674000
1993-07-23,36.125,37.25,36.125,36.875,24.527164459228516,471800
1993-07-26,37.0,37.375,36.875,36.875,24.527164459228516,305700
1993-07-27,36.75,37.125,36.75,37.0,24.61031150817871,328500
1993-07-28,37.125,37.5,36.875,37.5,24.94289207458496,544900
1993-07-29,37.625,37.625,37.0,37.5,24.94289207458496,370000
1993-07-30,37.5,37.625,37.25,37.5,24.94289207458496,322500
1993-08-02,37.5,37.5,37.0,37.125,24.693456649780273,317200
1993-08-03,36.875,37.25,36.875,37.0,24.61031150817871,209900
1993-08-04,36.875,37.125,36.625,36.875,24.527164459228516,307100
1993-08-05,37.125,37.375,36.875,37.0,24.61031150817871,638400
1993-08-06,37.0,37.125,36.75,37.0,24.61031150817871,391800
1993-08-09,37.25,37.5,37.0,37.375,24.85976219177246,208700
1993-08-10,35.5,36.25,34.75,35.0,23.280025482177734,2096400
1993-08-11,36.0,36.0,35.0,35.125,23.36317253112793,792700
1993-08-12,35.125,35.5,35.0,35.375,23.529455184936523,709100
1993-08-13,35.125,35.25,34.75,35.0,23.280025482177734,492600
1993-08-16,35.0,35.5,34.875,35.5,23.612600326538086,319100
1993-08-17,35.5,35.625,35.375,35.5,23.612600326538086,393700
1993-08-18,35.625,35.875,35.125,35.25,23.446317672729492,668500
1993-08-19,35.375,35.375,34.875,35.0,23.280025482177734,465800
1993-08-20,35.25,35.75,35.0,35.625,23.69573211669922,445100
1993-08-23,35.75,36.25,35.75,35.875,23.862031936645508,624100
1993-08-24,36.0,37.125,36.0,37.125,24.693456649780273,356900
1993-08-25,37.375,38.25,37.25,37.375,24.85976219177246,1162600
1993-08-26,37.375,37.75,37.125,37.25,24.776596069335938,325900
1993-08-27,37.25,37.625,37.25,37.375,24.85976219177246,282000
1993-08-30,37.375,37.75,37.125,37.125,24.693456649780273,301800
1993-08-31,37.125,37.125,35.5,35.875,23.862031936645508,688900
1993-09-01,36.0,36.25,35.75,36.0,23.945173263549805,723200
1993-09-02,36.0,36.125,34.75,34.875,23.196884155273438,860700
1993-09-03,35.0,36.0,34.875,35.375,23.529455184936523,627600
1993-09-07,35.5,35.5,34.375,34.375,22.86431884765625,437600
1993-09-08,34.625,34.875,34.0,34.125,22.698017120361328,454100
1993-09-09,34.25,34.75,34.0,34.375,22.86431884765625,420700
1993-09-10,34.5,35.25,34.5,35.125,23.36317253112793,381000
1993-09-13,35.375,35.625,35.25,35.375,23.529455184936523,277700
1993-09-14,35.375,35.5,34.75,34.875,23.196884155273438,141400
1993-09-15,34.875,34.875,34.125,34.25,22.781179428100586,338200
1993-09-16,34.125,34.25,33.5,33.75,22.448610305786133,742400
1993-09-17,33.125,33.875,33.125,33.625,22.36546516418457,579900
1993-09-20,33.75,34.125,33.625,33.625,22.36546516418457,169600
1993-09-21,33.875,34.375,33.625,34.0,22.61489486694336,319300
1993-09-22,34.0,35.125,34.0,34.75,23.11374855041504,408800
1993-09-23,35.375,37.375,35.0,37.375,24.85976219177246,1140700
1993-09-24,37.25,37.375,35.875,36.0,23.95799446105957,530600
1993-09-27,36.0,36.5,35.875,36.375,24.207555770874023,277000
1993-09-28,36.5,36.875,36.0,36.375,24.207555770874023,236900
1993-09-29,36.625,36.875,36.125,36.5,24.290754318237305,263500
1993-09-30,36.375,36.5,35.75,36.0,23.95799446105957,185100
1993-10-01,35.75,36.125,35.625,36.0,23.95799446105957,286200
1993-10-04,35.75,36.0,35.5,35.75,23.79161262512207,203100
1993-10-05,35.75,37.375,35.25,37.125,24.70667839050293,794600
1993-10-06,36.0,36.5,35.125,35.75,23.79161262512207,547800
1993-10-07,35.75,35.875,35.125,35.375,23.542049407958984,142200
1993-10-08,35.5,36.25,35.5,35.875,23.874805450439453,384700
1993-10-11,35.875,36.0,35.625,35.875,23.874805450439453,142600
1993-10-12,35.625,35.625,35.0,35.125,23.375682830810547,208000
1993-10-13,35.125,35.875,35.0,35.75,23.79161262512207,343700
1993-10-14,35.625,35.875,35.375,35.75,23.79161262512207,264700
1993-10-15,35.75,36.375,35.75,36.25,24.124378204345703,254000
1993-10-18,36.0,37.25,36.0,37.25,24.789857864379883,344800
1993-10-19,37.375,37.75,37.125,37.625,25.039430618286133,448900
1993-10-20,37.5,37.75,36.75,36.875,24.54029655456543,248300
1993-10-21,37.0,37.25,36.875,36.875,24.54029655456543,238900
1993-10-22,37.0,37.75,37.0,37.125,24.70667839050293,227700
1993-10-25,37.0,37.375,36.875,37.25,24.789857864379883,181300
1993-10-26,37.25,37.75,36.875,37.75,25.12261962890625,612100
1993-10-27,37.875,37.875,37.5,37.5,24.956247329711914,308200
1993-10-28,37.5,37.875,37.125,37.75,25.12261962890625,199600
1993-10-29,37.75,37.75,36.75,36.75,24.45711326599121,404000
1993-11-01,36.875,37.0,36.625,36.75,24.45711326599121,376200
1993-11-02,37.0,37.875,36.875,37.5,24.956247329711914,618900
1993-11-03,37.5,37.875,37.25,37.625,25.039430618286133,284300
1993-11-04,37.5,38.875,37.5,38.5,25.62174415588379,701300
1993-11-05,38.375,38.5,37.5,37.75,25.12261962890625,468000
1993-11-08,37.875,39.5,37.875,39.0,25.95449447631836,500800
1993-11-09,39.25,39.375,37.5,37.5,24.956247329711914,363300
1993-11-10,37.5,38.5,37.5,38.25,25.455358505249023,679400
1993-11-11,38.0,38.25,37.5,37.625,25.039430618286133,648600
1993-11-12,37.625,39.5,37.625,39.5,26.287233352661133,650200
1993-11-15,39.75,40.875,39.75,40.5,26.952747344970703,577700
1993-11-16,40.0,40.625,39.875,40.5,26.952747344970703,522800
1993-11-17,40.0,40.75,40.0,40.75,27.11911964416504,422600
1993-11-18,40.75,40.875,40.375,40.75,27.11911964416504,513000
1993-11-19,40.875,41.125,40.5,40.5,26.952747344970703,441500
1993-11-22,39.875,40.75,39.875,40.625,27.035932540893555,599100
1993-11-23,40.875,40.875,40.5,40.75,27.11911964416504,313100
1993-11-24,40.625,40.75,40.5,40.75,27.11911964416504,218400
1993-11-26,41.0,41.5,40.75,41.5,27.618228912353516,244800
1993-11-29,41.625,41.75,41.0,41.25,27.451866149902344,345500
1993-11-30,41.125,41.25,40.75,41.25,27.451866149902344,361800
1993-12-01,41.125,41.25,40.625,40.625,27.035932540893555,601000
1993-12-02,38.5,39.625,38.25,39.5,26.287233352661133,1529300
1993-12-03,39.625,40.125,39.375,39.625,26.37044334411621,578100
1993-12-06,39.625,40.375,39.625,40.375,26.86954689025879,415800
1993-12-07,40.125,40.375,39.875,40.25,26.78635597229004,358300
1993-12-08,40.0,40.375,39.875,39.875,26.53681182861328,140900
1993-12-09,40.0,40.0,39.375,39.375,26.20405387878418,137300
1993-12-10,39.375,39.375,38.625,38.625,25.70493507385254,185000
1993-12-13,38.625,38.75,38.25,38.5,25.62174415588379,192800
1993-12-14,38.5,38.5,37.5,37.5,24.956247329711914,286900
1993-12-15,37.5,37.5,36.625,36.875,24.54029655456543,737100
1993-12-16,36.625,37.875,36.625,37.375,24.87307357788086,414800
1993-12-17,37.5,37.625,37.375,37.5,24.956247329711914,210700
1993-12-20,37.25,37.5,36.875,37.25,24.789857864379883,281100
1993-12-21,37.125,37.25,36.5,36.625,24.373937606811523,399000
1993-12-22,36.625,36.75,36.125,36.5,24.290754318237305,359300
1993-12-23,36.25,36.5,35.625,35.75,23.79161262512207,460600
1993-12-27,35.875,36.0,35.375,35.375,23.55523109436035,281200
1993-12-28,35.625,36.25,35.25,36.125,24.05464744567871,145100
1993-12-29,36.375,36.5,35.875,36.375,24.221105575561523,287000
1993-12-30,36.375,36.5,35.875,36.375,24.221105575561523,241000
1993-12-31,36.0,38.0,36.0,38.0,25.30315399169922,311000
1994-01-03,37.5,37.625,36.0,36.0,23.971406936645508,167600
1994-01-04,36.125,36.625,36.125,36.5,24.304351806640625,280800
1994-01-05,37.25,37.25,36.25,36.25,24.137880325317383,263200
1994-01-06,36.5,37.125,36.5,36.875,24.554033279418945,692800
1994-01-07,37.0,37.25,36.875,36.875,24.554033279418945,235700
1994-01-10,37.25,37.25,36.25,36.625,24.38758087158203,319600
1994-01-11,36.625,36.875,36.25,36.625,24.38758087158203,290100
1994-01-12,36.5,36.625,36.25,36.375,24.221105575561523,234700
1994-01-13,36.625,36.625,35.875,36.0,23.971406936645508,180500
1994-01-14,35.625,35.875,35.375,35.625,23.721689224243164,320000
1994-01-17,35.625,35.625,34.625,34.875,23.22229766845703,396100
1994-01-18,35.0,35.125,34.25,34.25,22.806135177612305,332400
1994-01-19,34.375,34.625,34.25,34.5,22.97259521484375,514500
1994-01-20,34.5,35.0,34.375,34.75,23.139070510864258,336000
1994-01-21,34.75,35.0,34.25,34.375,22.889368057250977,563600
1994-01-24,34.375,34.375,33.75,33.75,22.473201751708984,542800
1994-01-25,33.75,34.5,33.75,34.5,22.97259521484375,433700
1994-01-26,34.5,35.25,34.5,34.875,23.22229766845703,260400
1994-01-27,35.0,36.5,35.0,35.875,23.88817024230957,232600
1994-01-28,36.0,36.25,35.75,35.875,23.88817024230957,281900
1994-01-31,35.75,36.375,35.625,35.875,23.88817024230957,251800
1994-02-01,35.875,36.625,35.875,36.375,24.221105575561523,168600
1994-02-02,36.375,36.5,35.875,36.375,24.221105575561523,203800
1994-02-03,36.375,36.375,35.25,35.25,23.472002029418945,540600
1994-02-04,35.375,35.375,33.625,34.0,22.639663696289062,686000
1994-02-07,33.75,34.25,33.625,34.25,22.806135177612305,481600
1994-02-08,34.5,34.5,33.75,34.125,22.722888946533203,282300
1994-02-09,34.125,34.375,34.0,34.125,22.722888946533203,513500
1994-02-10,34.25,35.0,34.25,34.75,23.139070510864258,389400
1994-02-11,34.5,35.125,33.625,35.0,23.305530548095703,312800
1994-02-14,35.0,35.25,34.75,34.875,23.22229766845703,160200
1994-02-15,34.75,35.0,34.75,35.0,23.305530548095703,254900
1994-02-16,34.875,34.875,34.125,34.125,22.722888946533203,469700
1994-02-17,34.625,35.25,34.375,34.625,23.055831909179688,548900
1994-02-18,34.875,35.0,34.125,34.875,23.22229766845703,462900
1994-02-22,34.875,35.375,34.75,35.0,23.305530548095703,361400
1994-02-23,34.0,34.25,33.25,34.25,22.806135177612305,869500
1994-02-24,34.25,35.0,34.125,34.375,22.889368057250977,609600
1994-02-25,34.75,36.375,34.625,35.75,23.804929733276367,314300
1994-02-28,35.75,36.5,35.625,35.625,23.721689224243164,367100
1994-03-01,35.75,35.875,35.25,35.75,23.804929733276367,322900
1994-03-02,35.25,35.375,34.625,35.0,23.305530548095703,369400
1994-03-03,34.875,35.25,34.625,34.75,23.139070510864258,375500
1994-03-04,34.875,35.0,34.625,34.875,23.22229766845703,230000
1994-03-07,34.875,34.875,34.25,34.5,22.97259521484375,704200
1994-03-08,34.375,34.5,33.875,34.25,22.806135177612305,299100
1994-03-09,34.125,34.75,33.875,34.0,22.639663696289062,340100
1994-03-10,34.0,34.0,33.25,33.75,22.473201751708984,362600
1994-03-11,33.625,33.625,32.375,33.125,22.057010650634766,651100
1994-03-14,33.25,33.375,32.375,32.625,21.724077224731445,482500
1994-03-15,32.75,33.25,32.625,33.0,21.97378921508789,943600
1994-03-16,33.75,34.0,33.5,33.5,22.306726455688477,336400
1994-03-17,33.5,34.625,33.5,34.625,23.055831909179688,387200
1994-03-18,34.5,34.5,34.0,34.375,22.889368057250977,384400
1994-03-21,34.125,34.25,33.75,33.75,22.473201751708984,181900
1994-03-22,33.375,34.0,33.0,33.75,22.473201751708984,540300
1994-03-23,33.875,33.875,33.0,33.125,22.057010650634766,458600
1994-03-24,33.0,33.5,32.625,33.25,22.140260696411133,370100
1994-03-25,33.625,34.875,33.0,34.75,23.152999877929688,708800
1994-03-28,34.75,34.75,34.375,34.5,22.986419677734375,266100
1994-03-29,34.25,34.25,33.125,33.5,22.320154190063477,240400
1994-03-30,33.375,34.0,33.375,33.5,22.320154190063477,303300
1994-03-31,33.375,33.625,32.25,33.5,22.320154190063477,239200
1994-04-04,32.875,33.375,32.125,32.625,21.737157821655273,181000
1994-04-05,34.0,34.375,33.5,34.375,22.90314483642578,274800
1994-04-06,34.375,34.375,33.375,33.5,22.320154190063477,346700
1994-04-07,35.0,35.75,34.75,35.75,23.81926155090332,791700
1994-04-08,35.5,36.0,34.875,35.75,23.81926155090332,298700
1994-04-11,35.75,36.125,35.5,36.125,24.069124221801758,227200
1994-04-12,35.875,36.25,35.875,36.0,23.985836029052734,279800
1994-04-13,36.125,36.125,34.625,35.125,23.40283966064453,250900
1994-04-14,34.875,35.25,34.375,34.625,23.069713592529297,167600
1994-04-15,34.75,35.0,34.125,34.25,22.819862365722656,248200
1994-04-18,34.125,34.625,33.125,33.625,22.403438568115234,420100
1994-04-19,33.125,34.0,33.125,33.625,22.403438568115234,169900
1994-04-20,33.75,33.875,32.625,32.875,21.903732299804688,201900
1994-04-21,32.875,34.375,32.875,34.0,22.65329360961914,221500
1994-04-22,34.125,35.0,34.125,34.125,22.73656463623047,184200
1994-04-25,34.625,34.625,34.0,34.625,23.069713592529297,162100
1994-04-26,34.625,34.625,33.625,33.875,22.57000160217285,161800
1994-04-28,34.125,34.5,33.5,34.5,22.986419677734375,180300
1994-04-29,34.0,34.125,33.25,33.5,22.320154190063477,344100
1994-05-02,34.25,34.5,33.875,34.25,22.819862365722656,271600
1994-05-03,34.25,34.25,33.75,34.25,22.819862365722656,336600
1994-05-04,34.25,35.125,34.0,34.875,23.236265182495117,170300
1994-05-05,35.25,35.25,34.0,34.125,22.73656463623047,198300
1994-05-06,33.0,33.75,32.875,33.5,22.320154190063477,120600
1994-05-09,33.25,33.375,33.0,33.0,21.987014770507812,139700
1994-05-10,33.0,33.625,33.0,33.25,22.153581619262695,111100
1994-05-11,33.0,33.0,32.125,32.75,21.820430755615234,683500
1994-05-12,34.0,34.0,32.375,32.375,21.57059097290039,421500
1994-05-13,33.125,33.375,32.5,32.625,21.737157821655273,308200
1994-05-16,32.625,32.625,31.25,31.25,20.821027755737305,773400
1994-05-17,31.5,31.75,30.75,31.75,21.154170989990234,490300
1994-05-18,31.875,32.0,30.875,31.75,21.154170989990234,411900
1994-05-19,32.0,32.0,31.5,31.75,21.154170989990234,320900
1994-05-20,32.0,32.0,31.25,31.25,20.821027755737305,209000
1994-05-23,31.25,32.0,30.75,32.0,21.32074546813965,531900
1994-05-24,32.25,32.375,32.0,32.0,21.32074546813965,453400
1994-05-25,32.0,32.0,31.125,31.5,20.98760414123535,365800
1994-05-26,31.5,31.75,31.0,31.25,20.821027755737305,262900
1994-05-27,31.25,31.25,30.875,31.25,20.821027755737305,312800
1994-05-31,30.625,31.25,30.625,31.0,20.65446662902832,226300
1994-06-01,31.0,31.5,30.875,31.0,20.65446662902832,286900
1994-06-02,31.25,31.375,30.75,30.75,20.48789405822754,619700
1994-06-03,30.875,31.25,30.625,31.0,20.65446662902832,336600
1994-06-06,30.875,31.5,30.875,31.125,20.737749099731445,187000
1994-06-07,30.875,31.375,30.75,31.375,20.904329299926758,290300
1994-06-08,31.5,32.0,31.375,31.5,20.98760414123535,230200
1994-06-09,31.375,31.75,30.875,30.875,20.571186065673828,154200
1994-06-10,31.0,31.125,30.875,30.875,20.571186065673828,268900
1994-06-13,30.75,31.0,30.75,30.75,20.48789405822754,190700
1994-06-14,31.0,32.0,31.0,32.0,21.32074546813965,358600
1994-06-15,31.625,32.25,31.375,31.75,21.154170989990234,312100
1994-06-16,31.625,32.125,31.625,31.875,21.23745346069336,109600
1994-06-17,32.0,32.375,31.5,31.5,20.98760414123535,1110600
1994-06-20,31.5,31.625,31.0,31.375,20.904329299926758,175500
1994-06-21,31.125,31.75,31.0,31.25,20.821027755737305,213000
1994-06-22,31.25,31.375,30.25,30.5,20.321331024169922,648000
1994-06-23,30.5,30.5,30.0,30.125,20.071483612060547,726200
1994-06-24,30.0,30.125,29.75,29.875,19.918132781982422,224400
1994-06-27,29.75,30.5,29.0,30.375,20.25149154663086,331200
1994-06-28,30.25,31.25,30.25,31.25,20.834854125976562,390000
1994-06-29,31.25,31.875,31.25,31.75,21.168228149414062,275300
1994-06-30,31.75,31.75,30.875,30.875,20.584848403930664,187600
1994-07-01,31.125,31.75,31.0,31.375,20.9182071685791,399000
1994-07-05,31.5,31.75,30.5,30.625,20.418163299560547,352100
1994-07-06,30.5,31.5,30.375,31.25,20.834854125976562,291500
1994-07-07,31.5,32.25,31.5,32.125,21.418241500854492,497100
1994-07-08,32.0,33.0,32.0,33.0,22.00161361694336,623900
1994-07-11,33.0,33.25,32.75,33.25,22.168302536010742,326600
1994-07-12,33.125,33.375,33.0,33.25,22.168302536010742,190900
1994-07-13,33.375,33.875,33.375,33.375,22.251644134521484,161500
1994-07-14,33.5,34.125,33.5,34.0,22.668346405029297,242500
1994-07-15,34.0,34.125,33.25,33.5,22.334985733032227,281700
1994-07-18,33.5,34.0,33.375,34.0,22.668346405029297,164100
1994-07-19,34.0,34.125,33.75,34.125,22.75166893005371,262500
1994-07-20,34.125,34.125,33.25,33.625,22.418315887451172,173300
1994-07-21,33.625,34.25,33.625,33.875,22.584997177124023,322600
1994-07-22,33.875,34.0,33.0,33.875,22.584997177124023,200800
1994-07-25,33.875,33.875,33.5,33.625,22.418315887451172,105200
1994-07-26,33.375,33.5,32.5,33.0,22.00161361694336,221000
1994-07-27,32.875,33.5,32.75,33.0,22.00161361694336,283100
1994-07-28,32.75,32.875,32.25,32.5,21.668262481689453,388400
1994-07-29,32.5,33.5,32.5,33.5,22.334985733032227,151000
1994-08-01,33.25,33.375,32.125,32.375,21.584922790527344,154900
1994-08-02,32.375,32.5,31.5,31.875,21.251564025878906,356500
1994-08-03,32.0,32.25,31.875,32.0,21.33490753173828,274600
1994-08-04,31.75,32.75,31.75,32.125,21.418241500854492,151000
1994-08-05,31.75,32.0,31.625,31.75,21.168228149414062,100100
1994-08-08,32.125,32.125,31.25,31.375,20.9182071685791,109400
1994-08-09,31.25,31.625,31.125,31.5,21.001544952392578,189100
1994-08-10,27.0,27.375,26.625,26.625,17.751310348510742,3886500
1994-08-11,26.5,27.0,26.125,26.5,17.667964935302734,2134500
1994-08-12,26.625,27.125,26.5,26.75,17.83464813232422,1371200
1994-08-15,26.75,26.875,26.25,26.25,17.50128746032715,723900
1994-08-16,26.25,26.625,26.0,26.25,17.50128746032715,992700
1994-08-17,26.125,26.875,26.125,26.75,17.83464813232422,826000
1994-08-18,27.0,27.625,26.75,27.625,18.41802978515625,1151500
1994-08-19,27.625,27.625,26.875,26.875,17.917980194091797,1086900
1994-08-22,27.0,27.125,26.75,27.0,18.001331329345703,385600
1994-08-23,27.0,27.5,27.0,27.125,18.084657669067383,358800
1994-08-24,27.125,27.875,27.125,27.875,18.58470344543457,585800
1994-08-25,27.875,28.25,27.625,27.875,18.58470344543457,1228200
1994-08-26,28.0,28.125,27.875,28.0,18.668039321899414,1147600
1994-08-29,27.75,28.0,27.5,27.875,18.58470344543457,734900
1994-08-30,27.875,28.125,27.625,28.0,18.668039321899414,688000
1994-08-31,28.0,28.0,27.75,28.0,18.668039321899414,559100
1994-09-01,28.0,28.0,27.75,27.75,18.501359939575195,264600
1994-09-02,27.75,27.875,27.375,27.75,18.501359939575195,275200
1994-09-06,27.75,27.875,27.5,27.875,18.58470344543457,432500
1994-09-07,27.75,28.0,27.625,27.75,18.501359939575195,752800
1994-09-08,27.875,28.5,27.875,28.5,19.001392364501953,1457400
1994-09-09,28.0,28.125,27.625,28.0,18.668039321899414,491100
1994-09-12,28.25,28.25,27.75,28.0,18.668039321899414,346900
1994-09-13,28.25,28.625,28.0,28.25,18.834720611572266,547700
1994-09-14,28.375,28.375,27.875,28.125,18.75137710571289,389600
1994-09-15,28.0,28.125,27.75,28.0,18.668039321899414,461900
1994-09-16,27.75,28.0,27.625,27.75,18.501359939575195,491900
1994-09-19,28.125,28.125,27.75,28.0,18.668039321899414,379400
1994-09-20,28.0,28.0,27.25,27.25,18.168004989624023,244100
1994-09-21,27.625,27.625,26.375,26.875,17.917980194091797,466700
1994-09-22,27.125,27.25,26.875,27.0,18.001331329345703,566600
1994-09-23,26.875,27.0,26.0,26.125,17.417953491210938,551000
1994-09-26,26.125,26.625,26.125,26.5,17.68827247619629,241400
1994-09-27,26.625,26.625,25.875,26.125,17.43798065185547,367600
1994-09-28,26.375,26.375,26.0,26.25,17.521406173706055,437000
1994-09-29,26.75,27.0,26.25,26.625,17.77170753479004,497200
1994-09-30,26.75,27.0,26.375,26.75,17.85515022277832,372100
1994-10-03,26.75,26.875,26.375,26.875,17.938583374023438,274800
1994-10-04,26.75,27.0,26.125,26.25,17.521406173706055,501300
1994-10-05,26.125,26.25,25.625,26.125,17.43798065185547,672300
1994-10-06,26.625,26.75,25.875,26.0,17.354541778564453,671200
1994-10-07,26.0,26.25,25.625,25.875,17.271100997924805,400100
1994-10-10,26.0,26.125,25.875,26.0,17.354541778564453,495900
1994-10-11,26.25,26.625,26.125,26.5,17.68827247619629,717300
1994-10-12,26.5,26.75,26.5,26.5,17.68827247619629,314400
1994-10-13,26.375,27.125,26.375,27.0,18.022022247314453,462100
1994-10-14,27.0,27.125,26.625,26.875,17.938583374023438,418000
1994-10-17,27.125,27.125,26.125,26.125,17.43798065185547,252600
1994-10-18,26.375,26.625,26.125,26.375,17.60485076904297,203500
1994-10-19,26.25,26.625,26.125,26.5,17.68827247619629,173500
1994-10-20,26.5,27.0,26.5,27.0,18.022022247314453,444500
1994-10-21,27.0,27.0,26.375,26.375,17.60485076904297,291000
1994-10-24,26.5,26.875,26.5,26.5,17.68827247619629,361300
1994-10-25,26.375,26.625,25.875,25.875,17.271100997924805,152500
1994-10-26,26.125,26.25,25.875,25.875,17.271100997924805,522300
1994-10-27,26.0,26.25,26.0,26.25,17.521406173706055,321800
1994-10-28,26.0,26.375,25.875,26.375,17.60485076904297,982200
1994-10-31,26.25,26.5,26.125,26.5,17.68827247619629,512500
1994-11-01,26.625,26.75,26.25,26.375,17.60485076904297,431600
1994-11-02,26.25,26.875,26.25,26.625,17.77170753479004,783600
1994-11-03,28.0,28.75,27.875,28.625,19.106678009033203,2115800
1994-11-04,28.625,29.5,28.375,28.75,19.190107345581055,1332900
1994-11-07,29.25,30.375,28.875,30.125,20.10791015625,1580100
1994-11-08,29.625,30.375,28.875,29.125,19.440425872802734,1351100
1994-11-09,29.0,29.375,28.625,28.75,19.190107345581055,1647100
1994-11-10,28.875,29.25,28.75,29.0,19.356985092163086,950400
1994-11-11,28.875,29.0,28.5,28.5,19.023239135742188,407000
1994-11-14,28.625,29.25,28.625,29.0,19.356985092163086,111700
1994-11-15,29.125,29.75,29.0,29.125,19.440425872802734,924800
1994-11-16,29.25,29.25,27.875,27.875,18.606061935424805,354800
1994-11-17,27.875,28.125,27.0,27.875,18.606061935424805,378400
1994-11-18,27.875,28.125,27.625,28.0,18.68950080871582,594600
1994-11-21,28.25,28.625,27.5,27.5,18.355758666992188,454600
1994-11-22,27.5,28.0,27.5,27.625,18.439197540283203,608500
1994-11-23,27.625,28.125,27.25,27.625,18.439197540283203,581100
1994-11-25,27.75,27.75,27.5,27.625,18.439197540283203,74400
1994-11-28,27.875,28.375,27.75,28.125,18.772933959960938,554500
1994-11-29,28.125,28.625,28.0,28.5,19.023239135742188,706900
1994-11-30,28.375,28.5,28.0,28.125,18.772933959960938,680000
1994-12-01,28.125,28.375,28.125,28.125,18.772933959960938,636600
1994-12-02,28.125,28.125,27.75,27.875,18.606061935424805,930400
1994-12-05,28.0,28.0,27.625,27.75,18.522632598876953,237100
1994-12-06,27.75,28.0,27.625,27.875,18.606061935424805,189900
1994-12-07,27.625,27.75,27.375,27.75,18.522632598876953,441300
1994-12-08,27.625,27.75,26.75,27.0,18.022022247314453,242000
1994-12-09,27.0,27.0,26.125,26.375,17.60485076904297,318700
1994-12-12,26.75,26.75,25.875,26.75,17.85515022277832,756900
1994-12-13,26.75,27.0,26.625,26.625,17.77170753479004,426900
1994-12-14,26.625,28.125,26.625,27.75,18.522632598876953,735400
1994-12-15,27.5,28.125,27.5,27.875,18.606061935424805,216500
1994-12-16,27.875,28.25,27.25,28.125,18.772933959960938,850900
1994-12-19,28.0,28.125,27.875,28.125,18.772933959960938,293700
1994-12-20,27.75,28.0,27.625,27.875,18.606061935424805,355300
1994-12-21,27.75,28.375,27.75,27.75,18.522632598876953,621700
1994-12-22,27.75,27.75,27.125,27.25,18.18889045715332,865500
1994-12-23,27.375,27.625,27.25,27.375,18.292463302612305,89000
1994-12-27,27.375,27.375,26.25,26.375,17.62425422668457,524000
1994-12-28,26.25,26.5,25.5,26.0,17.37366485595703,672900
1994-12-29,26.0,26.25,25.75,26.0,17.37366485595703,767700
1994-12-30,26.125,26.75,26.125,26.75,17.874832153320312,401300
1995-01-03,26.625,26.75,25.375,25.625,17.123088836669922,688900
1995-01-04,25.625,25.625,24.625,25.25,16.872501373291016,1277900
1995-01-05,25.875,26.125,25.375,25.625,17.123088836669922,451100
1995-01-06,25.625,26.625,25.5,26.5,17.707773208618164,550800
1995-01-09,26.5,27.0,26.5,27.0,18.04188346862793,509600
1995-01-10,27.0,27.125,26.75,26.75,17.874832153320312,500200
1995-01-11,26.75,27.0,26.75,27.0,18.04188346862793,466800
1995-01-12,27.125,27.125,26.5,26.75,17.874832153320312,719500
1995-01-13,27.0,27.25,26.625,26.875,17.958349227905273,543000
1995-01-16,27.125,27.125,27.0,27.0,18.04188346862793,232500
1995-01-17,27.125,27.125,26.75,27.0,18.04188346862793,289200
1995-01-18,26.875,27.5,26.875,27.375,18.292463302612305,199600
1995-01-19,27.5,27.75,27.0,27.0,18.04188346862793,416400
1995-01-20,27.25,27.375,26.875,27.0,18.04188346862793,221200
1995-01-23,26.75,26.875,26.5,26.625,17.79129981994629,266100
1995-01-24,26.625,27.0,26.5,26.75,17.874832153320312,197700
1995-01-25,26.875,27.0,26.75,26.75,17.874832153320312,161800
1995-01-26,26.875,26.875,26.25,26.625,17.79129981994629,217000
1995-01-27,26.625,26.625,26.25,26.25,17.540719985961914,372100
1995-01-30,26.375,26.5,25.875,26.0,17.37366485595703,250600
1995-01-31,25.75,26.375,25.625,26.25,17.540719985961914,555700
1995-02-01,26.125,27.125,26.125,26.875,17.958349227905273,232500
1995-02-02,26.625,27.375,26.125,27.25,18.208932876586914,288500
1995-02-03,27.625,27.75,27.375,27.625,18.45952796936035,359300
1995-02-06,27.25,27.375,26.875,27.0,18.04188346862793,638800
1995-02-07,27.5,27.5,27.125,27.5,18.375986099243164,81000
1995-02-08,27.375,27.625,27.25,27.25,18.208932876586914,95700
1995-02-09,27.5,27.5,26.75,27.25,18.208932876586914,269900
1995-02-10,27.375,27.625,27.125,27.625,18.45952796936035,122200
1995-02-13,27.625,27.875,27.25,27.75,18.54304313659668,180300
1995-02-14,27.75,28.0,27.5,27.625,18.45952796936035,258200
1995-02-15,27.5,27.625,26.875,27.5,18.375986099243164,249600
1995-02-16,27.625,27.625,27.375,27.5,18.375986099243164,245700
1995-02-17,27.75,27.875,27.375,27.75,18.54304313659668,155800
1995-02-21,27.875,28.125,27.625,28.125,18.793622970581055,187000
1995-02-22,28.125,28.125,27.375,27.75,18.54304313659668,357100
1995-02-23,29.0,29.0,28.0,28.0,18.710098266601562,337400
1995-02-24,28.0,28.125,27.875,28.0,18.710098266601562,189500
1995-02-27,27.625,27.75,27.0,27.0,18.04188346862793,119700
1995-02-28,27.125,27.5,27.0,27.5,18.375986099243164,311400
1995-03-01,27.375,27.75,26.875,27.375,18.292463302612305,432200
1995-03-02,27.125,27.125,26.5,26.625,17.79129981994629,400800
1995-03-03,26.625,26.75,26.125,26.25,17.540719985961914,282900
1995-03-06,26.375,26.375,25.25,25.75,17.20661163330078,610200
1995-03-07,25.625,26.0,25.5,26.0,17.37366485595703,823100
1995-03-08,26.0,26.625,26.0,26.375,17.62425422668457,876000
1995-03-09,26.25,26.375,26.0,26.0,17.37366485595703,306500
1995-03-10,26.125,26.5,25.875,26.25,17.540719985961914,273300
1995-03-13,26.125,26.3125,25.25,25.5,17.0395565032959,431700
1995-03-14,26.25,26.25,25.125,25.25,16.872501373291016,638200
1995-03-15,25.25,25.25,24.5,24.625,16.454866409301758,701500
1995-03-16,24.875,25.125,24.5,24.75,16.538387298583984,868900
1995-03-17,24.75,24.75,24.25,24.375,16.287809371948242,718300
1995-03-20,24.5,25.125,24.0,25.0,16.7054443359375,655400
1995-03-21,25.0,25.75,25.0,25.375,16.956026077270508,1018900
1995-03-22,25.625,25.625,25.25,25.25,16.872501373291016,625000
1995-03-23,25.25,25.5,25.125,25.375,16.956026077270508,273300
1995-03-24,25.625,25.875,25.375,25.875,17.290138244628906,174500
1995-03-27,25.75,26.125,25.625,26.125,17.477455139160156,304000
1995-03-28,25.875,26.375,25.75,26.375,17.644704818725586,495600
1995-03-29,26.25,27.125,26.25,27.0,18.06283187866211,903700
1995-03-30,27.0,27.25,26.5,27.25,18.23008155822754,356500
1995-03-31,27.25,27.625,26.625,27.625,18.480953216552734,758800
1995-04-03,27.375,28.125,27.375,27.5,18.397323608398438,714400
1995-04-04,27.75,28.0,27.375,28.0,18.73182487487793,476100
1995-04-05,27.75,27.875,27.5,27.75,18.564565658569336,140300
1995-04-06,27.125,27.375,26.5,27.125,18.146451950073242,521800
1995-04-07,27.125,27.625,27.0,27.625,18.480953216552734,256900
1995-04-10,27.5,27.625,27.125,27.375,18.313703536987305,388300
1995-04-11,27.125,27.5,26.875,27.125,18.146451950073242,293700
1995-04-12,27.125,27.125,26.75,26.75,17.895580291748047,260200
1995-04-13,27.0,27.0,26.25,26.5,17.728330612182617,541600
1995-04-17,26.5,26.625,26.0,26.25,17.56108283996582,507500
1995-04-18,26.25,26.375,25.625,25.625,17.14296531677246,572400
1995-04-19,25.75,25.875,25.5,25.75,17.226581573486328,369000
1995-04-20,25.75,25.75,25.125,25.125,16.80846405029297,817700
1995-04-21,25.375,25.375,25.0,25.0,16.724834442138672,1145000
1995-04-24,25.25,25.5,25.0,25.125,16.80846405029297,653700
1995-04-25,25.25,25.625,25.125,25.25,16.892087936401367,455300
1995-04-26,25.25,25.5,24.875,25.5,17.05933952331543,665300
1995-04-27,25.375,25.5,25.0,25.375,16.975706100463867,319900
1995-04-28,25.5,26.0,25.25,25.875,17.310205459594727,489000
1995-05-01,25.625,25.75,25.5,25.75,17.226581573486328,361800
1995-05-02,25.75,25.75,25.25,25.375,16.975706100463867,289300
1995-05-03,25.125,25.25,25.0,25.25,16.892087936401367,195500
1995-05-04,25.125,25.375,24.625,24.75,16.557584762573242,512500
1995-05-05,24.875,25.125,24.75,25.0,16.724834442138672,177900
1995-05-08,25.125,25.125,24.625,25.0,16.724834442138672,383000
1995-05-09,24.875,25.0,24.75,25.0,16.724834442138672,447700
1995-05-10,25.0,25.75,25.0,25.75,17.226581573486328,781500
1995-05-11,25.75,27.5,25.75,27.25,18.23008155822754,990300
1995-05-12,27.25,27.625,27.125,27.625,18.480953216552734,751200
1995-05-15,27.625,28.125,27.25,27.875,18.648189544677734,505800
1995-05-16,28.0,28.0,27.625,27.625,18.480953216552734,965000
1995-05-17,27.75,27.75,27.125,27.25,18.23008155822754,595900
1995-05-18,27.5,27.5,27.125,27.25,18.23008155822754,276900
1995-05-19,27.125,27.625,27.0,27.25,18.23008155822754,440300
1995-05-22,27.375,27.625,27.0,27.0,18.06283187866211,386800
1995-05-23,27.375,27.5,27.125,27.25,18.23008155822754,229000
1995-05-24,27.25,27.625,27.25,27.625,18.480953216552734,361100
1995-05-25,27.625,27.875,27.5,27.5,18.397323608398438,440100
1995-05-26,27.5,27.625,27.5,27.625,18.480953216552734,179100
1995-05-30,27.5,27.75,27.5,27.625,18.480953216552734,152400
1995-05-31,27.625,28.75,27.5,28.75,19.23356819152832,495900
1995-06-01,28.75,29.125,27.875,28.375,18.982694625854492,382300
1995-06-02,28.25,28.75,28.125,28.5,19.066312789916992,195300
1995-06-05,28.5,30.125,28.375,29.875,19.98617935180664,679000
1995-06-06,29.875,30.25,29.375,30.0,20.069808959960938,708600
1995-06-07,29.625,29.75,29.25,29.5,19.735315322875977,687600
1995-06-08,29.375,29.625,29.125,29.25,19.568065643310547,294800
1995-06-09,29.25,29.25,28.625,28.625,19.149944305419922,257200
1995-06-12,28.875,28.875,28.5,28.75,19.23356819152832,699000
1995-06-13,29.0,29.5,29.0,29.25,19.568065643310547,700900
1995-06-14,29.25,29.25,28.625,28.875,19.317190170288086,319500
1995-06-15,29.0,29.125,28.75,28.875,19.317190170288086,281700
1995-06-16,29.0,29.125,28.75,28.875,19.317190170288086,297400
1995-06-19,29.0,29.0,28.5,28.625,19.149944305419922,212600
1995-06-20,28.75,29.125,28.5,28.625,19.149944305419922,589200
1995-06-21,28.5,28.625,28.25,28.25,18.899063110351562,450700
1995-06-22,28.375,28.75,28.25,28.625,19.149944305419922,612200
1995-06-23,29.25,29.375,28.75,29.25,19.568065643310547,490300
1995-06-26,29.25,29.25,28.625,28.75,19.23356819152832,275400
1995-06-27,28.625,28.75,28.125,28.125,18.815441131591797,369300
1995-06-28,28.25,28.75,28.125,28.625,19.17039680480957,179000
1995-06-29,28.625,28.625,28.0,28.25,18.919240951538086,259200
1995-06-30,28.5,29.375,28.5,29.375,19.672670364379883,238000
1995-07-03,29.25,29.5,28.875,28.9375,19.379676818847656,222700
1995-07-05,28.875,30.0,28.875,29.875,20.007524490356445,368800
1995-07-06,29.75,30.0,29.375,29.75,19.923816680908203,383500
1995-07-07,29.75,29.875,29.375,29.875,20.007524490356445,281800
1995-07-10,30.0,30.875,29.625,30.625,20.50980567932129,297000
1995-07-11,30.625,31.0,30.0,30.125,20.174951553344727,788100
1995-07-12,30.375,30.5,29.875,30.0,20.091243743896484,193600
1995-07-13,30.125,30.25,29.5,29.75,19.923816680908203,246000
1995-07-14,29.5,30.375,29.375,30.375,20.34238052368164,239400
1995-07-17,30.25,31.25,30.125,31.0,20.76094627380371,357400
1995-07-18,31.25,31.875,30.75,31.25,20.928367614746094,631800
1995-07-19,31.0,31.625,30.75,31.25,20.928367614746094,448700
1995-07-20,31.125,31.75,31.125,31.75,21.263225555419922,596300
1995-07-21,31.875,32.0,31.375,31.625,21.179519653320312,517200
1995-07-24,31.25,32.125,31.25,32.0,21.430654525756836,640600
1995-07-25,31.875,32.0,31.25,31.25,20.928367614746094,317900
1995-07-26,31.25,31.25,30.125,30.125,20.174951553344727,580600
1995-07-27,30.5,31.25,30.125,31.125,20.84465789794922,608800
1995-07-28,31.375,31.375,30.875,31.25,20.928367614746094,548500
1995-07-31,31.625,31.75,31.0,31.0,20.76094627380371,470600
1995-08-01,31.0,31.0,30.125,30.5,20.426084518432617,214900
1995-08-02,30.875,31.25,30.25,30.5,20.426084518432617,339600
1995-08-03,30.0,30.0,29.5,29.75,19.923816680908203,482400
1995-08-04,30.0,30.125,29.5,29.75,19.923816680908203,127100
1995-08-07,29.875,30.375,29.75,29.875,20.007524490356445,220900
1995-08-08,30.75,31.0,30.375,30.5,20.426084518432617,459600
1995-08-09,30.5,31.25,30.375,31.0,20.76094627380371,392900
1995-08-10,30.875,30.875,30.25,30.375,20.34238052368164,120200
1995-08-11,30.125,30.75,30.125,30.125,20.174951553344727,155800
1995-08-14,30.125,30.625,30.125,30.25,20.25865364074707,168000
1995-08-15,30.375,30.375,30.0,30.25,20.25865364074707,212600
1995-08-16,30.625,30.625,29.875,29.875,20.007524490356445,527600
1995-08-17,30.375,30.875,30.125,30.75,20.593515396118164,214500
1995-08-18,31.0,31.25,31.0,31.25,20.928367614746094,220600
1995-08-21,31.25,31.625,31.0,31.125,20.84465789794922,598900
1995-08-22,31.0,31.125,30.5,31.0,20.76094627380371,431900
1995-08-23,30.875,31.0,30.625,30.875,20.677223205566406,341700
1995-08-24,30.75,31.5,30.625,31.125,20.84465789794922,353700
1995-08-25,31.125,31.625,31.125,31.5,21.09579849243164,290800
1995-08-28,31.375,31.5,31.0,31.25,20.928367614746094,584900
1995-08-29,31.0,31.125,30.75,30.875,20.677223205566406,187500
1995-08-30,30.625,30.875,30.625,30.75,20.593515396118164,359500
1995-08-31,30.625,30.875,30.5,30.875,20.677223205566406,253900
1995-09-01,30.625,31.0,30.5,30.875,20.677223205566406,232100
1995-09-05,31.0,31.625,31.0,31.5,21.09579849243164,153400
1995-09-06,31.5,31.875,31.0,31.875,21.346942901611328,375300
1995-09-07,31.875,32.5,31.875,32.125,21.51436996459961,321200
1995-09-08,32.125,32.75,32.0,32.75,21.93292999267578,212200
1995-09-11,32.5,33.125,32.5,33.0,22.100353240966797,304900
1995-09-12,32.875,32.875,32.375,32.625,21.849212646484375,155500
1995-09-13,32.5,33.0,32.375,32.75,21.93292999267578,175300
1995-09-14,32.75,32.875,32.5,32.75,21.93292999267578,210500
1995-09-15,33.0,33.25,32.625,33.125,22.18407440185547,689900
1995-09-18,32.75,33.125,32.75,33.125,22.18407440185547,276000
1995-09-19,33.25,33.875,33.0,33.625,22.518930435180664,304400
1995-09-20,33.625,33.75,33.625,33.75,22.602642059326172,265700
1995-09-21,33.375,33.5,32.625,32.75,21.93292999267578,155900
1995-09-22,32.5,33.25,32.375,33.0,22.100353240966797,208300
1995-09-25,33.0,33.125,32.75,33.0,22.100353240966797,154600
1995-09-26,33.125,33.125,32.625,33.0,22.100353240966797,231400
1995-09-27,32.625,32.875,32.375,32.5,21.785316467285156,171400
1995-09-28,32.375,32.375,31.875,32.0,21.450145721435547,231700
1995-09-29,32.0,32.375,31.75,31.875,21.366357803344727,348900
1995-10-02,32.25,32.375,31.875,32.125,21.533939361572266,245100
1995-10-03,32.0,32.25,31.875,32.125,21.533939361572266,190100
1995-10-04,32.0,32.125,31.5,31.875,21.366357803344727,296700
1995-10-05,31.875,32.5,31.875,32.5,21.785316467285156,291200
1995-10-06,32.375,33.0,32.125,32.25,21.617721557617188,406300
1995-10-09,32.5,32.5,31.75,32.0,21.450145721435547,228300
1995-10-10,31.75,32.0,31.0,32.0,21.450145721435547,278200
1995-10-11,32.0,32.25,31.875,32.125,21.533939361572266,145100
1995-10-12,32.25,32.75,32.25,32.375,21.701515197753906,182700
1995-10-13,32.75,32.75,32.375,32.375,21.701515197753906,81700
1995-10-16,32.5,32.875,31.625,31.625,21.19878387451172,184200
1995-10-17,31.75,31.75,30.5,30.875,20.696044921875,280900
1995-10-18,31.0,31.5,30.0,30.625,20.528470993041992,661900
1995-10-19,30.5,30.75,30.375,30.75,20.612258911132812,236400
1995-10-20,30.75,30.75,30.125,30.375,20.360891342163086,381400
1995-10-23,30.375,30.375,29.75,29.75,19.94194221496582,467500
1995-10-24,30.0,30.0,29.375,29.375,19.690567016601562,486400
1995-10-25,29.625,29.625,28.5,28.625,19.18783187866211,392800
1995-10-26,28.375,28.5,27.75,28.0,18.768882751464844,315300
1995-10-27,27.75,28.5,27.625,28.5,19.10403823852539,596500
1995-10-30,28.5,28.5,27.625,27.75,18.601306915283203,500100
1995-10-31,27.875,27.875,27.125,27.125,18.18236541748047,684400
1995-11-01,27.25,27.625,27.125,27.5,18.433727264404297,842000
1995-11-02,27.875,29.0,27.75,28.75,19.271625518798828,1458000
1995-11-03,28.5,28.875,28.0,28.625,19.18783187866211,616100
1995-11-06,28.75,29.625,28.5,29.25,19.606782913208008,661800
1995-11-07,29.25,29.875,29.25,29.875,20.02573585510254,203300
1995-11-08,29.5,29.625,28.625,29.125,19.522977828979492,641500
1995-11-09,29.125,29.125,28.625,28.875,19.355417251586914,329200
1995-11-10,28.625,28.875,28.25,28.875,19.355417251586914,185800
1995-11-13,28.75,29.125,28.75,29.125,19.522977828979492,186100
1995-11-14,29.0,29.5,28.75,29.375,19.690567016601562,417800
1995-11-15,29.375,29.375,28.75,29.25,19.606782913208008,340400
1995-11-16,29.25,30.0,29.125,30.0,20.109525680541992,377400
1995-11-17,30.125,30.625,29.75,30.625,20.528470993041992,317700
1995-11-20,30.375,30.375,30.0,30.125,20.19331169128418,233800
1995-11-21,30.125,30.125,29.125,29.375,19.690567016601562,172900
1995-11-22,29.625,30.0,29.375,29.375,19.690567016601562,314000
1995-11-24,29.375,29.625,29.375,29.375,19.690567016601562,66700
1995-11-27,29.25,29.75,29.25,29.375,19.690567016601562,398100
1995-11-28,29.375,30.25,29.0,29.5,19.77435874938965,178400
1995-11-29,29.5,29.625,28.75,29.25,19.606782913208008,401800
1995-11-30,29.0,29.25,28.875,28.875,19.355417251586914,176000
1995-12-01,29.0,29.125,28.875,29.125,19.522977828979492,271400
1995-12-04,29.25,29.875,29.0,29.25,19.606782913208008,351400
1995-12-05,29.25,29.5,28.875,29.0,19.439207077026367,272000
1995-12-06,28.875,29.5,28.75,29.5,19.77435874938965,592700
1995-12-07,29.0,29.0,28.5,28.5,19.10403823852539,621000
1995-12-08,28.625,29.25,28.5,28.75,19.271625518798828,237000
1995-12-11,28.875,29.0,28.5,28.5,19.10403823852539,363200
1995-12-12,28.5,28.625,28.0,28.25,18.936464309692383,309100
1995-12-13,28.375,28.375,27.75,28.125,18.8526668548584,185900
1995-12-14,28.25,28.875,28.25,28.625,19.18783187866211,146100
1995-12-15,28.5,28.5,28.125,28.375,19.020244598388672,462400
1995-12-18,28.25,28.25,27.875,28.0,18.768882751464844,365800
1995-12-19,28.0,28.0,27.25,27.5,18.433727264404297,291900
1995-12-20,27.625,28.0,27.5,27.75,18.601306915283203,232900
1995-12-21,27.875,28.5,27.875,28.5,19.10403823852539,612700
1995-12-22,28.375,28.625,28.25,28.5,19.10403823852539,264100
1995-12-26,28.375,28.625,28.125,28.375,19.020244598388672,265300
1995-12-27,28.25,28.375,27.75,28.25,18.956506729125977,152600
1995-12-28,28.125,28.25,28.125,28.25,18.956506729125977,251100
1995-12-29,28.25,28.5,28.125,28.5,19.124267578125,477900
1996-01-02,28.375,29.5,28.25,29.0,19.45977783203125,643400
1996-01-03,29.0,29.0,28.625,29.0,19.45977783203125,374300
1996-01-04,28.875,29.0,28.625,28.875,19.37589454650879,280000
1996-01-05,28.625,28.875,28.625,28.75,19.292020797729492,505600
1996-01-08,29.0,29.625,29.0,29.5,19.795291900634766,93600
1996-01-09,29.5,29.875,29.5,29.75,19.963043212890625,274200
1996-01-10,29.625,29.75,28.875,29.125,19.54366111755371,483200
1996-01-11,29.0,29.625,29.0,29.5,19.795291900634766,192000
1996-01-12,29.5,29.75,29.375,29.5,19.795291900634766,498800
1996-01-15,29.5,29.625,28.75,29.0,19.45977783203125,249200
1996-01-16,29.0,29.125,28.875,29.0,19.45977783203125,237400
1996-01-17,28.75,29.0,28.0,28.0,18.78874969482422,317600
1996-01-18,28.125,28.25,27.5,27.625,18.537118911743164,381600
1996-01-19,27.125,28.375,27.125,28.0,18.78874969482422,618200
1996-01-22,27.875,27.875,27.5,27.625,18.537118911743164,220600
1996-01-23,27.625,28.375,27.625,27.875,18.70487403869629,889200
1996-01-24,28.0,28.0,27.625,27.875,18.70487403869629,403700
1996-01-25,27.875,28.0,27.25,27.25,18.285476684570312,385400
1996-01-26,27.625,28.375,27.375,27.875,18.70487403869629,413800
1996-01-29,27.75,28.0,27.75,28.0,18.78874969482422,252800
1996-01-30,28.0,28.5,28.0,28.375,19.040380477905273,620800
1996-01-31,28.5,29.25,28.375,28.75,19.292020797729492,501100
1996-02-01,29.0,29.875,28.75,29.875,20.046916961669922,268100
1996-02-02,29.75,29.75,29.25,29.625,19.879175186157227,205200
1996-02-05,29.5,29.875,29.375,29.75,19.963043212890625,151100
1996-02-06,29.75,30.75,29.625,30.5,20.466312408447266,234600
1996-02-07,30.375,30.75,30.25,30.625,20.55019760131836,227700
1996-02-08,30.375,30.875,29.875,30.75,20.634071350097656,552500
1996-02-09,30.625,31.25,30.625,30.875,20.71794891357422,213700
1996-02-12,30.625,32.125,30.625,32.125,21.556734085083008,477800
1996-02-13,32.0,32.125,31.75,32.0,21.472854614257812,176900
1996-02-14,32.0,32.125,31.625,32.0,21.472854614257812,190200
1996-02-15,32.0,32.375,31.75,31.75,21.305103302001953,264700
1996-02-16,31.75,31.75,30.375,30.875,20.71794891357422,379700
1996-02-20,30.75,31.25,30.625,30.875,20.71794891357422,239700
1996-02-21,30.875,31.125,30.75,31.0,20.80182647705078,247100
1996-02-22,31.375,32.0,31.125,32.0,21.472854614257812,374000
1996-02-23,32.0,32.0,31.0,31.5,21.137344360351562,315600
1996-02-26,31.625,31.625,30.625,30.75,20.634071350097656,597600
1996-02-27,31.125,31.625,30.875,31.625,21.221229553222656,262700
1996-02-28,31.5,31.875,31.375,31.5,21.137344360351562,337500
1996-02-29,31.375,31.75,30.625,31.25,20.969581604003906,141500
1996-03-01,31.625,32.375,31.125,31.875,21.38897705078125,500500
1996-03-04,31.5,34.875,31.125,34.75,23.31818389892578,1190100
1996-03-05,34.625,35.0,33.625,35.0,23.485925674438477,869600
1996-03-06,34.875,35.0,34.375,35.0,23.485925674438477,604800
1996-03-07,34.75,34.75,33.5,33.625,22.563278198242188,551300
1996-03-08,33.5,33.5,32.625,32.75,21.97612953186035,868800
1996-03-11,32.625,33.625,32.5,33.375,22.39551544189453,1029900
1996-03-12,33.25,35.25,33.0,35.125,23.569822311401367,879500
1996-03-13,35.0,35.25,34.75,34.875,23.402070999145508,563500
1996-03-14,34.875,37.0,34.625,36.0,24.156963348388672,1261700
1996-03-15,35.875,36.625,35.75,36.625,24.576345443725586,817600
1996-03-18,36.75,37.25,36.75,36.875,24.744123458862305,533300
1996-03-19,36.875,37.0,35.625,35.875,24.073081970214844,425900
1996-03-20,35.875,36.125,35.5,36.0,24.156963348388672,315700
1996-03-21,36.125,36.25,35.75,36.0,24.156963348388672,175000
1996-03-22,36.0,36.25,35.875,36.0,24.156963348388672,277300
1996-03-25,36.0,36.25,35.75,35.75,23.989192962646484,235900
1996-03-26,35.5,35.625,34.875,35.375,23.73756980895996,380600
1996-03-27,35.125,35.625,35.0,35.375,23.757715225219727,199800
1996-03-28,35.125,35.5,34.625,35.5,23.841659545898438,540900
1996-03-29,35.375,35.375,34.625,34.625,23.2540283203125,570100
1996-04-01,34.875,34.875,34.25,34.625,23.2540283203125,686100
1996-04-02,34.625,34.625,33.375,33.875,22.750328063964844,394300
1996-04-03,33.875,34.25,33.625,33.875,22.750328063964844,677400
1996-04-04,34.0,34.0,33.625,33.625,22.582427978515625,637500
1996-04-08,33.375,33.375,32.625,33.0,22.162670135498047,337200
1996-04-09,33.0,33.5,32.625,32.875,22.078723907470703,551000
1996-04-10,33.0,33.75,32.375,32.375,21.74292755126953,616000
1996-04-11,33.5,34.0,33.0,33.75,22.6663761138916,600600
1996-04-12,34.25,37.375,34.25,36.5,24.513259887695312,1637300
1996-04-15,36.0,37.0,36.0,37.0,24.849069595336914,736500
1996-04-16,37.0,37.25,36.375,37.0,24.849069595336914,521200
1996-04-17,36.625,36.875,36.0,36.0,24.177467346191406,238000
1996-04-18,36.0,36.25,35.625,36.125,24.26140785217285,411900
1996-04-19,36.125,36.625,36.125,36.375,24.429317474365234,236000
1996-04-22,36.5,37.125,36.0,36.875,24.76512336730957,961100
1996-04-23,37.125,39.625,37.125,38.75,26.024362564086914,1251000
1996-04-24,38.0,38.625,38.0,38.5,25.85645294189453,520900
1996-04-25,38.625,38.75,38.0,38.375,25.772502899169922,434500
1996-04-26,38.625,39.875,38.25,38.625,25.940420150756836,1177100
1996-04-29,38.5,39.375,38.5,39.125,26.27620506286621,504600
1996-04-30,39.375,40.25,38.75,40.125,26.94781494140625,1622800
1996-05-01,39.875,40.75,39.75,40.625,27.283597946166992,973400
1996-05-02,41.0,41.5,39.625,39.625,26.612009048461914,2168000
1996-05-03,39.875,41.75,39.75,41.375,27.78727912902832,1590800
1996-05-06,40.75,41.25,39.875,40.375,27.115705490112305,987500
1996-05-07,40.125,40.125,38.625,39.0,26.1922550201416,601700
1996-05-08,38.375,39.0,37.375,38.875,26.10828971862793,812100
1996-05-09,38.75,38.75,37.625,38.0,25.52065658569336,688800
1996-05-10,38.375,38.625,37.75,38.125,25.604598999023438,838000
1996-05-13,38.125,39.5,38.0,39.375,26.444108963012695,714800
1996-05-14,39.75,40.125,38.0,39.375,26.444108963012695,883700
1996-05-15,39.375,39.375,38.375,38.5,25.85645294189453,698300
1996-05-16,37.75,40.375,37.75,39.75,26.695945739746094,849700
1996-05-17,40.125,40.125,38.75,39.125,26.27620506286621,941200
1996-05-20,39.375,39.5,38.5,39.0,26.1922550201416,607100
1996-05-21,39.5,39.625,38.5,38.5,25.85645294189453,775300
1996-05-22,38.375,38.625,37.0,37.375,25.100908279418945,903400
1996-05-23,38.375,39.125,37.625,38.625,25.940420150756836,586000
1996-05-24,38.25,38.5,37.0,37.875,25.436716079711914,363700
1996-05-28,37.875,38.75,37.875,38.75,26.024362564086914,465700
1996-05-29,38.5,38.75,37.875,38.5,25.85645294189453,609800
1996-05-30,38.25,39.5,38.0,38.875,26.10828971862793,416100
1996-05-31,39.0,40.0,38.875,40.0,26.863861083984375,357900
1996-06-03,39.625,40.125,39.0,39.375,26.444108963012695,435800
1996-06-04,39.625,39.875,39.125,39.25,26.36014747619629,491300
1996-06-05,39.25,39.25,38.75,39.0,26.1922550201416,631200
1996-06-06,39.375,39.375,38.875,39.0,26.1922550201416,623600
1996-06-07,37.5,38.875,37.5,38.875,26.10828971862793,434500
1996-06-10,39.0,39.375,38.875,39.25,26.36014747619629,482900
1996-06-11,39.25,39.25,38.625,39.0,26.1922550201416,335200
1996-06-12,38.5,38.875,38.125,38.5,25.85645294189453,249400
1996-06-13,38.625,38.625,37.875,38.0,25.52065658569336,156000
1996-06-14,38.125,38.5,38.0,38.25,25.688554763793945,136800
1996-06-17,37.875,38.25,37.625,38.125,25.604598999023438,127000
1996-06-18,38.375,38.5,38.0,38.25,25.688554763793945,237400
1996-06-19,38.0,38.25,37.375,37.375,25.100908279418945,294400
1996-06-20,37.625,37.875,36.5,36.875,24.76512336730957,379500
1996-06-21,37.25,37.75,37.0,37.75,25.35276985168457,296600
1996-06-24,37.625,38.125,36.875,37.0,24.849069595336914,281000
1996-06-25,37.0,37.125,34.75,35.75,24.00955581665039,679000
1996-06-26,35.75,36.0,35.0,35.375,23.77767562866211,276400
1996-06-27,35.375,36.25,35.25,35.875,24.113746643066406,211900
1996-06-28,35.875,36.5,35.875,36.5,24.533851623535156,255500
1996-07-01,36.375,36.375,35.5,36.0,24.197769165039062,245000
1996-07-02,36.25,36.375,35.75,36.0,24.197769165039062,197800
1996-07-03,35.75,35.75,35.5,35.625,23.945709228515625,110800
1996-07-05,35.5,35.5,34.75,34.875,23.441598892211914,91500
1996-07-08,34.875,35.375,34.5,35.125,23.609636306762695,353000
1996-07-09,35.125,35.125,34.25,34.375,23.10550880432129,337800
1996-07-10,34.625,34.75,33.625,33.875,22.769433975219727,301500
1996-07-11,34.0,34.375,33.625,34.0,22.853450775146484,631400
1996-07-12,34.25,34.25,32.875,33.875,22.769433975219727,884100
1996-07-15,34.25,34.25,33.125,33.375,22.4333438873291,427800
1996-07-16,33.125,33.125,31.125,32.875,22.097278594970703,912600
1996-07-17,34.75,34.75,33.0,33.375,22.4333438873291,1369700
1996-07-18,33.625,34.0,33.125,33.75,22.685405731201172,178100
1996-07-19,33.5,33.5,33.0,33.0,22.181285858154297,531200
1996-07-22,33.375,33.375,32.75,32.75,22.013254165649414,273900
1996-07-23,33.0,33.0,32.0,32.0,21.50913429260254,241500
1996-07-24,31.5,32.25,31.125,31.625,21.2570743560791,571300
1996-07-25,32.375,32.375,31.75,31.75,21.341094970703125,196100
1996-07-26,31.625,31.875,31.375,31.75,21.341094970703125,285800
1996-07-29,31.75,32.375,31.5,31.75,21.341094970703125,398600
1996-07-30,32.375,32.375,31.5,31.875,21.425106048583984,381400
1996-07-31,32.25,32.25,31.375,31.625,21.2570743560791,348600
1996-08-01,32.25,33.125,32.125,33.125,22.265308380126953,279700
1996-08-02,33.5,34.75,33.375,34.625,23.27355194091797,445100
1996-08-05,33.25,34.125,33.25,34.0,22.853450775146484,272500
1996-08-06,33.75,34.0,33.5,33.5,22.517370223999023,294400
1996-08-07,33.75,34.0,33.5,33.625,22.601394653320312,389900
1996-08-08,33.625,34.625,33.625,34.375,23.10550880432129,324000
1996-08-09,34.625,35.625,34.625,34.875,23.441598892211914,368000
1996-08-12,34.0,34.375,33.75,34.25,23.021495819091797,336700
1996-08-13,34.125,34.125,33.25,33.75,22.685405731201172,441100
1996-08-14,34.0,34.375,33.875,34.25,23.021495819091797,553700
1996-08-15,34.25,34.5,33.75,34.0,22.853450775146484,533800
1996-08-16,34.375,34.625,34.125,34.375,23.10550880432129,369900
1996-08-19,34.5,34.625,34.25,34.375,23.10550880432129,451000
1996-08-20,34.25,34.75,34.25,34.375,23.10550880432129,556300
1996-08-21,34.375,34.375,33.625,33.75,22.685405731201172,274600
1996-08-22,33.75,34.75,33.75,34.75,23.357574462890625,657500
1996-08-23,34.25,34.375,34.0,34.25,23.021495819091797,252600
1996-08-26,34.125,34.25,33.75,34.0,22.853450775146484,177500
1996-08-27,34.0,34.0,33.625,34.0,22.853450775146484,179800
1996-08-28,33.75,34.25,33.75,33.75,22.685405731201172,296000
1996-08-29,33.75,34.0,33.5,33.875,22.769433975219727,159400
1996-08-30,33.75,34.0,33.5,34.0,22.853450775146484,224300
1996-09-03,34.0,34.0,33.375,33.75,22.685405731201172,291200
1996-09-04,34.25,34.5,33.75,34.25,23.021495819091797,323600
1996-09-05,33.625,33.625,32.25,32.875,22.097278594970703,820400
1996-09-06,33.125,33.25,32.375,33.125,22.265308380126953,423800
1996-09-09,33.125,33.5,33.125,33.375,22.4333438873291,146900
1996-09-10,33.125,33.375,32.75,33.125,22.265308380126953,524200
1996-09-11,33.0,33.125,32.5,33.125,22.265308380126953,235100
1996-09-12,33.375,33.75,33.25,33.625,22.601394653320312,270200
1996-09-13,34.125,34.375,33.875,34.125,22.937475204467773,221500
1996-09-16,34.0,34.75,33.875,34.625,23.27355194091797,308700
1996-09-17,34.5,34.75,34.25,34.5,23.189537048339844,483400
1996-09-18,34.5,34.625,34.0,34.125,22.937475204467773,203000
1996-09-19,34.0,34.0,33.625,33.75,22.685405731201172,614000
1996-09-20,34.0,34.25,33.75,34.0,22.853450775146484,318200
1996-09-23,33.875,34.125,33.75,33.875,22.769433975219727,200500
1996-09-24,33.875,34.0,33.625,33.875,22.769433975219727,154300
1996-09-25,33.75,33.875,32.25,32.5,21.8452091217041,396600
1996-09-26,32.75,32.75,32.0,32.0,21.53563117980957,687000
1996-09-27,32.375,32.5,31.875,32.5,21.872133255004883,480700
1996-09-30,32.625,33.375,32.25,32.25,21.703880310058594,547700
1996-10-01,32.25,32.375,31.875,32.0,21.53563117980957,382400
1996-10-02,32.25,32.375,32.0,32.125,21.619768142700195,425300
1996-10-03,32.375,32.5,32.0,32.375,21.788005828857422,456500
1996-10-04,32.5,32.5,32.0,32.375,21.788005828857422,774300
1996-10-07,32.5,32.75,32.25,32.625,21.95625877380371,606300
1996-10-08,32.5,32.875,32.5,32.75,22.040376663208008,249700
1996-10-09,32.75,32.875,31.75,32.25,21.703880310058594,359500
1996-10-10,32.625,32.875,32.125,32.125,21.619768142700195,325900
1996-10-11,32.75,32.875,32.375,32.5,21.872133255004883,172100
1996-10-14,32.875,33.0,32.625,32.625,21.95625877380371,129600
1996-10-15,33.125,33.125,32.25,32.625,21.95625877380371,454400
1996-10-16,32.5,32.75,32.25,32.5,21.872133255004883,258300
1996-10-17,32.625,32.875,32.5,32.75,22.040376663208008,284100
1996-10-18,32.875,33.0,32.25,32.5,21.872133255004883,560800
1996-10-21,32.5,32.625,32.25,32.25,21.703880310058594,583400
1996-10-22,32.375,32.375,31.875,31.875,21.45151138305664,522800
1996-10-23,31.875,32.375,31.5,32.125,21.619768142700195,194800
1996-10-24,32.0,32.25,31.875,32.0,21.53563117980957,134000
1996-10-25,32.0,32.25,31.625,31.875,21.45151138305664,164200
1996-10-28,31.875,32.0,31.125,31.125,20.94676971435547,243800
1996-10-29,31.125,31.75,31.125,31.75,21.36739158630371,288500
1996-10-30,31.0,31.25,30.625,30.875,20.778522491455078,499200
1996-10-31,30.875,32.0,30.875,31.75,21.36739158630371,1571200
1996-11-01,31.75,32.375,31.75,32.0,21.53563117980957,716300
1996-11-04,32.0,32.25,32.0,32.0,21.53563117980957,181100
1996-11-05,32.25,32.625,32.125,32.5,21.872133255004883,433000
1996-11-06,32.5,32.875,32.5,32.625,21.95625877380371,263000
1996-11-07,32.75,32.875,32.25,32.625,21.95625877380371,532200
1996-11-08,32.125,32.875,32.125,32.625,21.95625877380371,476500
1996-11-11,32.25,32.75,32.125,32.625,21.95625877380371,215200
1996-11-12,32.5,32.625,32.25,32.375,21.788005828857422,606100
1996-11-13,30.0,30.125,28.625,29.0,19.516674041748047,2664100
1996-11-14,28.875,29.375,28.5,29.25,19.684921264648438,1231900
1996-11-15,29.375,29.875,29.25,29.75,20.021406173706055,440000
1996-11-18,29.875,30.25,29.625,30.25,20.357906341552734,547600
1996-11-19,30.0,30.25,29.625,29.875,20.105533599853516,290500
1996-11-20,29.75,30.125,29.5,29.875,20.105533599853516,429800
1996-11-21,30.0,30.25,30.0,30.125,20.273788452148438,370400
1996-11-22,30.0,30.25,29.875,30.125,20.273788452148438,335300
1996-11-25,30.0,30.5,30.0,30.375,20.442028045654297,333900
1996-11-26,30.375,31.25,30.125,31.125,20.94676971435547,539300
1996-11-27,30.875,30.875,30.125,30.375,20.442028045654297,475200
1996-11-29,30.5,31.125,30.375,30.625,20.61027717590332,77800
1996-12-02,31.0,31.375,30.875,31.25,21.030900955200195,1133900
1996-12-03,31.5,31.625,31.375,31.625,21.28326416015625,987000
1996-12-04,31.5,31.625,31.0,31.375,21.115018844604492,577100
1996-12-05,31.25,31.25,30.375,30.625,20.61027717590332,167500
1996-12-06,30.0,30.375,29.625,30.125,20.273788452148438,174700
1996-12-09,30.25,30.375,29.625,30.25,20.357906341552734,334200
1996-12-10,30.125,30.25,29.875,30.125,20.273788452148438,350600
1996-12-11,29.875,29.875,29.375,29.625,19.937301635742188,313300
1996-12-12,29.5,29.875,29.5,29.5,19.85317039489746,225900
1996-12-13,29.625,30.0,29.625,30.0,20.189655303955078,499900
1996-12-16,29.875,30.0,29.625,29.625,19.937301635742188,480000
1996-12-17,29.375,29.5,28.625,29.125,19.60078239440918,1320800
1996-12-18,29.25,30.25,29.25,30.0,20.189655303955078,767100
1996-12-19,30.0,30.25,30.0,30.125,20.273788452148438,952900
1996-12-20,30.625,30.625,30.25,30.375,20.442028045654297,538800
1996-12-23,30.375,30.5,30.0,30.125,20.273788452148438,330500
1996-12-24,30.125,30.5,30.125,30.375,20.442028045654297,148800
1996-12-26,30.375,31.0,30.375,30.875,20.778522491455078,354500
1996-12-27,30.75,31.375,30.75,31.125,20.97394371032715,155000
1996-12-30,31.375,31.5,31.0,31.25,21.058183670043945,304700
1996-12-31,31.125,31.125,30.875,30.875,20.80548095703125,315300
1997-01-02,30.875,30.875,30.0,30.625,20.63701629638672,773600
1997-01-03,30.375,30.625,30.125,30.625,20.63701629638672,882200
1997-01-06,30.75,30.875,30.125,30.375,20.46854591369629,1028000
1997-01-07,30.25,30.5,30.25,30.375,20.46854591369629,503600
1997-01-08,30.625,30.875,29.875,30.0,20.21584701538086,878100
1997-01-09,30.0,30.25,29.75,29.875,20.131616592407227,467000
1997-01-10,29.875,30.25,29.625,30.0,20.21584701538086,295800
1997-01-13,30.375,30.875,30.25,30.5,20.552776336669922,320100
1997-01-14,30.5,30.75,30.0,30.25,20.38431167602539,589200
1997-01-15,30.25,30.5,30.0,30.375,20.46854591369629,327000
1997-01-16,30.5,30.625,30.375,30.625,20.63701629638672,196400
1997-01-17,30.5,31.0,30.5,30.5,20.552776336669922,591900
1997-01-20,30.375,30.5,30.0,30.125,20.300085067749023,962400
1997-01-21,30.0,30.25,29.625,30.0,20.21584701538086,784000
1997-01-22,30.125,30.5,30.0,30.5,20.552776336669922,149500
1997-01-23,30.5,30.75,29.25,29.5,19.878921508789062,393400
1997-01-24,29.5,30.0,29.5,29.875,20.131616592407227,212900
1997-01-27,29.5,29.5,29.25,29.375,19.794679641723633,281500
1997-01-28,29.375,29.5,29.125,29.375,19.794679641723633,262500
1997-01-29,29.375,29.875,29.375,29.75,20.047378540039062,178300
1997-01-30,29.75,29.75,29.125,29.375,19.794679641723633,225900
1997-01-31,29.5,30.125,29.5,29.875,20.131616592407227,302200
1997-02-03,30.0,30.0,29.375,29.5,19.878921508789062,348100
1997-02-04,29.5,29.625,29.25,29.5,19.878921508789062,295100
1997-02-05,29.5,29.625,29.0,29.25,19.7104549407959,632700
1997-02-06,29.125,29.25,29.0,29.125,19.626211166381836,600200
1997-02-07,29.125,29.375,28.875,29.25,19.7104549407959,460900
1997-02-10,29.25,29.875,29.0,29.375,19.794679641723633,304200
1997-02-11,29.5,29.625,29.125,29.5,19.878921508789062,216600
1997-02-12,29.625,30.125,29.5,29.625,19.963159561157227,236200
1997-02-13,29.75,29.75,29.25,29.625,19.963159561157227,424600
1997-02-14,29.75,29.875,29.25,29.25,19.7104549407959,352100
1997-02-18,29.5,29.625,28.75,28.875,19.457748413085938,1172500
1997-02-19,29.0,29.0,28.25,28.75,19.373519897460938,533500
1997-02-20,28.625,28.75,28.0,28.25,19.036592483520508,534600
1997-02-21,28.25,28.375,28.125,28.375,19.120826721191406,386400
1997-02-24,28.125,28.375,28.0,28.125,18.952354431152344,621400
1997-02-25,29.875,30.375,29.625,29.75,20.047378540039062,1550700
1997-02-26,29.75,30.375,29.75,30.375,20.46854591369629,849700
1997-02-27,30.125,30.875,29.625,30.125,20.300085067749023,317900
1997-02-28,30.125,30.5,30.125,30.125,20.300085067749023,423500
1997-03-03,30.125,30.75,30.125,30.25,20.38431167602539,354400
1997-03-04,30.375,30.75,30.0,30.0,20.21584701538086,357100
1997-03-05,29.75,30.5,29.625,30.5,20.552776336669922,270400
1997-03-06,30.625,30.625,30.125,30.25,20.38431167602539,353000
1997-03-07,30.25,30.375,30.125,30.375,20.46854591369629,407900
1997-03-10,30.375,30.375,30.25,30.25,20.38431167602539,270400
1997-03-11,30.25,30.75,30.25,30.75,20.721254348754883,681500
1997-03-12,30.75,31.875,30.75,31.375,21.142410278320312,901800
1997-03-13,31.25,31.625,30.875,31.25,21.058183670043945,878400
1997-03-14,31.375,32.0,31.375,31.75,21.395112991333008,388900
1997-03-17,31.5,32.125,31.375,32.125,21.64781379699707,436200
1997-03-18,31.875,32.125,31.375,31.75,21.395112991333008,313700
1997-03-19,31.5,31.75,31.125,31.75,21.395112991333008,252900
1997-03-20,31.625,31.75,31.125,31.375,21.142410278320312,263100
1997-03-21,31.625,31.875,31.5,31.875,21.479333877563477,252600
1997-03-24,31.875,32.25,31.75,32.25,21.732036590576172,354000
1997-03-25,32.125,32.25,31.625,31.625,21.310876846313477,253000
1997-03-26,31.5,32.25,31.5,31.875,21.50653839111328,223100
1997-03-27,32.125,32.125,31.875,32.125,21.675230026245117,431300
1997-03-31,32.0,32.125,31.375,31.5,21.253528594970703,339400
1997-04-01,31.125,31.5,30.625,30.75,20.747488021850586,434600
1997-04-02,30.25,31.125,29.75,30.5,20.57880973815918,432400
1997-04-03,30.375,30.75,30.25,30.625,20.663156509399414,306600
1997-04-04,30.5,31.125,30.5,30.875,20.831825256347656,197300
1997-04-07,30.875,31.125,30.625,31.0,20.916170120239258,176800
1997-04-08,30.625,30.875,30.375,30.625,20.663156509399414,142200
1997-04-09,30.5,31.125,30.25,30.5,20.57880973815918,170900
1997-04-10,30.875,31.0,30.5,30.625,20.663156509399414,81000
1997-04-11,30.375,30.375,29.75,29.875,20.157114028930664,151300
1997-04-14,29.625,29.75,29.25,29.75,20.072772979736328,160800
1997-04-15,29.875,30.75,29.75,30.75,20.747488021850586,112600
1997-04-16,30.5,31.125,30.5,31.125,21.000505447387695,182300
1997-04-17,31.125,31.125,30.625,31.0,20.916170120239258,194000
1997-04-18,31.0,31.375,31.0,31.125,21.000505447387695,120400
1997-04-21,31.125,31.125,30.0,30.5,20.57880973815918,270400
1997-04-22,30.5,30.625,30.0,30.375,20.494462966918945,473700
1997-04-23,30.5,30.5,30.375,30.5,20.57880973815918,181500
1997-04-24,30.375,30.5,30.375,30.5,20.57880973815918,237600
1997-04-25,30.5,30.625,30.0,30.125,20.32579803466797,168500
1997-04-28,29.875,30.25,29.875,30.0,20.241451263427734,187300
1997-04-29,30.25,30.625,29.75,30.0,20.241451263427734,227400
1997-04-30,30.125,30.875,30.0,30.875,20.831825256347656,267400
1997-05-01,30.75,31.375,30.125,31.375,21.169191360473633,226500
1997-05-02,31.375,31.375,30.875,31.125,21.000505447387695,117200
1997-05-05,31.125,32.375,30.75,32.25,21.759557723999023,204700
1997-05-06,32.25,32.375,31.625,31.875,21.50653839111328,212400
1997-05-07,31.75,31.875,30.625,30.75,20.747488021850586,128800
1997-05-08,31.0,31.875,30.625,31.25,21.084850311279297,128200
1997-05-09,31.125,31.5,30.625,31.25,21.084850311279297,116200
1997-05-12,31.75,31.75,31.25,31.375,21.169191360473633,693200
1997-05-13,31.75,31.875,31.375,31.625,21.337867736816406,334900
1997-05-14,31.875,32.375,31.75,31.75,21.422199249267578,271900
1997-05-15,31.75,32.5,31.75,32.25,21.759557723999023,433300
1997-05-16,32.125,32.625,32.125,32.25,21.759557723999023,128900
1997-05-19,32.125,32.375,32.125,32.25,21.759557723999023,64800
1997-05-20,32.25,33.875,32.0,33.25,22.43427848815918,759100
1997-05-21,33.125,33.125,32.5,32.875,22.18126106262207,288500
1997-05-22,32.875,33.125,32.75,32.875,22.18126106262207,190000
1997-05-23,32.875,33.625,32.75,33.625,22.687292098999023,229100
1997-05-27,33.5,34.5,33.25,34.375,23.193328857421875,444000
1997-05-28,34.125,34.75,33.875,34.125,23.024658203125,405700
1997-05-29,34.0,34.125,33.875,34.0,22.940319061279297,458800
1997-05-30,33.75,34.0,33.5,33.75,22.77164077758789,873300
1997-06-02,33.875,34.375,33.625,34.0,22.940319061279297,612300
1997-06-03,34.0,34.75,34.0,34.25,23.10898780822754,446900
1997-06-04,34.25,34.5,34.0,34.375,23.193328857421875,430100
1997-06-05,34.375,34.5,33.625,33.75,22.77164077758789,444200
1997-06-06,33.625,34.625,33.5,34.25,23.10898780822754,230600
1997-06-09,34.25,35.0,34.25,35.0,23.615028381347656,359300
1997-06-10,35.0,35.0,34.625,34.875,23.53067970275879,142100
1997-06-11,34.75,34.875,34.625,34.75,23.446353912353516,160200
1997-06-12,34.75,34.875,34.625,34.75,23.446353912353516,225000
1997-06-13,34.75,35.125,34.75,35.125,23.699363708496094,242600
1997-06-16,35.125,35.875,35.125,35.5,23.952383041381836,214200
1997-06-17,35.375,35.5,34.875,35.25,23.78370475769043,304100
1997-06-18,35.125,35.25,34.875,35.0,23.615028381347656,103700
1997-06-19,35.0,35.125,34.875,35.125,23.699363708496094,174600
1997-06-20,35.125,35.25,34.75,35.0,23.615028381347656,409600
1997-06-23,35.0,35.0,34.5,34.5,23.277677536010742,172300
1997-06-24,34.4375,35.3125,34.25,35.25,23.78370475769043,159600
1997-06-25,35.3125,35.375,34.125,34.875,23.53067970275879,247500
1997-06-26,34.6875,34.9375,34.5,34.875,23.557706832885742,99300
1997-06-27,35.0,35.25,34.9375,35.0,23.64214324951172,152500
1997-06-30,35.125,35.25,34.5,34.625,23.38884925842285,191500
1997-07-01,34.5,34.75,34.5,34.6875,23.431047439575195,318200
1997-07-02,34.75,35.25,34.5625,35.25,23.811016082763672,307700
1997-07-03,35.25,35.625,34.875,35.5,23.979888916015625,120000
1997-07-07,35.625,35.875,34.875,34.9375,23.59992790222168,279500
1997-07-08,34.9375,35.25,34.875,35.0625,23.684370040893555,286700
1997-07-09,35.125,35.375,35.0625,35.1875,23.768815994262695,444300
1997-07-10,35.0,35.25,34.875,35.0625,23.684370040893555,275100
1997-07-11,35.0,35.625,35.0,35.5625,24.022111892700195,468300
1997-07-14,35.5625,35.6875,35.125,35.375,23.895462036132812,157600
1997-07-15,35.125,35.5625,35.125,35.5,23.979888916015625,358700
1997-07-16,35.4375,35.75,35.0,35.5,23.979888916015625,589700
1997-07-17,35.75,35.75,35.0625,35.5,23.979888916015625,216900
1997-07-18,35.3125,35.5,34.8125,35.0,23.64214324951172,332900
1997-07-21,34.9375,35.0,34.625,34.8125,23.51549530029297,169500
1997-07-22,34.6875,35.5,34.6875,35.375,23.895462036132812,228800
1997-07-23,35.625,36.0,35.25,36.0,24.317638397216797,441000
1997-07-24,36.0,36.75,35.5,36.75,24.824264526367188,671100
1997-07-25,37.0,38.0,37.0,37.625,25.415307998657227,1112600
1997-07-28,37.6875,37.6875,37.0625,37.125,25.07757568359375,480200
1997-07-29,37.0,37.5625,37.0,37.5,25.330867767333984,512400
1997-07-30,37.5,37.6875,37.0,37.625,25.415307998657227,345500
1997-07-31,37.4375,37.9375,37.3125,37.8125,25.541959762573242,135900
1997-08-01,37.5625,38.0625,37.375,37.9375,25.62640380859375,342700
1997-08-04,37.75,38.875,37.625,38.625,26.09078598022461,590300
1997-08-05,39.5,39.6875,39.1875,39.625,26.766292572021484,1128300
1997-08-06,39.75,40.4375,39.5,40.125,27.10402488708496,934500
1997-08-07,40.0625,40.3125,39.75,39.75,26.850730895996094,515000
1997-08-08,39.5625,40.0,39.3125,39.75,26.850730895996094,655300
1997-08-11,39.8125,39.875,38.9375,39.6875,26.808494567871094,293700
1997-08-12,39.75,40.9375,39.75,40.5625,27.399559020996094,1080700
1997-08-13,40.25,40.3125,39.375,40.1875,27.146249771118164,493400
1997-08-14,40.25,40.4375,39.8125,40.0,27.01959991455078,489100
1997-08-15,39.75,40.0625,38.3125,38.375,25.921926498413086,380800
1997-08-18,38.375,39.8125,37.9375,39.8125,26.892919540405273,455300
1997-08-19,39.8125,39.875,39.25,39.4375,26.639633178710938,193100
1997-08-20,39.4375,39.8125,39.4375,39.6875,26.808494567871094,724500
1997-08-21,39.875,39.875,39.625,39.75,26.850730895996094,645500
1997-08-22,39.25,39.625,38.625,39.625,26.766292572021484,247900
1997-08-25,39.5,39.875,39.1875,39.5,26.681856155395508,421100
1997-08-26,39.5,39.5,38.875,39.0625,26.386329650878906,281200
1997-08-27,39.0625,39.6875,39.0,39.375,26.59741973876953,427600
1997-08-28,39.4375,40.375,39.0625,39.6875,26.808494567871094,544700
1997-08-29,39.0,40.1875,39.0,40.0,27.01959991455078,464300
1997-09-02,40.0,41.9375,40.0,41.9375,28.328351974487305,948600
1997-09-03,41.5625,42.375,41.5625,42.1875,28.49723243713379,589900
1997-09-04,42.0625,42.1875,41.375,41.5625,28.075054168701172,685300
1997-09-05,41.5625,42.75,41.3125,42.5,28.708316802978516,772900
1997-09-08,42.5,42.75,42.375,42.5,28.708316802978516,254100
1997-09-09,42.5,42.5625,41.75,42.5625,28.750532150268555,463100
1997-09-10,42.375,42.9375,42.375,42.5625,28.750532150268555,366800
1997-09-11,42.3125,42.5,41.4375,42.0,28.37057113647461,365700
1997-09-12,41.75,43.0625,41.6875,43.0,29.046066284179688,733400
1997-09-15,42.1875,43.375,42.1875,42.9375,29.003864288330078,442700
1997-09-16,43.125,44.25,43.0,44.0625,29.76377296447754,832500
1997-09-17,43.5,44.4375,43.5,44.125,29.805986404418945,509900
1997-09-18,44.0,44.6875,44.0,44.375,29.974853515625,699800
1997-09-19,44.25,44.4375,44.0,44.3125,29.932626724243164,394200
1997-09-22,44.0625,44.4375,44.0625,44.3125,29.932626724243164,302300
1997-09-23,44.1875,44.4375,43.9375,44.1875,29.84821891784668,360800
1997-09-24,44.1875,44.75,44.1875,44.375,29.974853515625,522900
1997-09-25,44.125,44.375,43.25,43.75,29.55267333984375,564200
1997-09-26,43.375,43.8125,43.375,43.75,29.57972526550293,246800
1997-09-29,43.625,44.375,43.375,44.3125,29.96001625061035,496400
1997-09-30,43.5,43.9375,43.3125,43.8125,29.62196922302246,466500
1997-10-01,44.0,44.3125,43.25,43.4375,29.368446350097656,357600
1997-10-02,43.4375,43.75,42.4375,42.9375,29.030380249023438,391600
1997-10-03,43.5,43.9375,43.1875,43.6875,29.537458419799805,182500
1997-10-06,43.75,43.9375,42.875,42.875,28.988130569458008,468400
1997-10-07,42.25,42.3125,41.25,41.375,27.973970413208008,1087300
1997-10-08,41.375,41.375,40.5,41.0,27.720439910888672,464500
1997-10-09,39.75,40.9375,39.75,40.5,27.382366180419922,448100
1997-10-10,40.5,41.5,40.375,41.4375,28.01622772216797,344900
1997-10-13,41.6875,41.9375,41.5,41.875,28.312013626098633,184500
1997-10-14,41.875,41.875,40.25,40.75,27.551422119140625,298200
1997-10-15,40.9375,40.9375,39.875,40.0,27.044309616088867,256400
1997-10-16,40.1875,40.4375,38.8125,38.875,26.283702850341797,652700
1997-10-17,38.625,38.9375,37.5,38.0625,25.73436164855957,472400
1997-10-20,38.3125,38.4375,37.75,38.375,25.945650100708008,341000
1997-10-21,38.125,38.9375,37.875,38.6875,26.156932830810547,1425100
1997-10-22,38.3125,38.4375,37.625,38.4375,25.987895965576172,455600
1997-10-23,37.4375,37.8125,37.0,37.5,25.35405921936035,547800
1997-10-24,37.875,38.0625,37.3125,37.5,25.35405921936035,505400
1997-10-27,37.125,37.25,34.0,34.125,23.072179794311523,385000
1997-10-28,34.625,36.875,34.25,36.75,24.846975326538086,626800
1997-10-29,37.75,38.75,37.5,37.6875,25.480819702148438,924500
1997-10-30,37.4375,38.5625,37.125,37.125,25.100505828857422,299900
1997-10-31,37.75,38.75,37.5,38.625,26.114667892456055,286300
1997-11-03,39.3125,40.4375,39.3125,40.3125,27.255599975585938,413200
1997-11-04,40.25,40.8125,40.0,40.6875,27.509140014648438,436600
1997-11-05,40.9375,41.0,40.0,40.8125,27.593658447265625,282200
1997-11-06,40.9375,41.375,40.5625,40.875,27.635906219482422,210500
1997-11-07,40.875,40.875,38.9375,39.1875,26.49498748779297,943700
1997-11-10,39.25,39.4375,38.0,38.0625,25.73436164855957,518800
1997-11-11,38.0625,38.125,35.0,35.5,24.0018310546875,942700
1997-11-12,35.625,37.125,35.625,36.6875,24.80471420288086,423900
1997-11-13,37.6875,37.75,36.0,36.75,24.846975326538086,293800
1997-11-14,36.8125,38.0,36.8125,37.0,25.015993118286133,585400
1997-11-17,38.0,38.0625,37.3125,38.0,25.692096710205078,682700
1997-11-18,38.0,38.1875,37.25,37.5625,25.39630889892578,217200
1997-11-19,37.75,38.0,37.625,37.75,25.52309226989746,196200
1997-11-20,37.75,38.0,37.625,38.0,25.692096710205078,652200
1997-11-21,38.5,38.5,37.25,37.4375,25.311792373657227,515900
1997-11-24,37.5625,37.875,36.9375,37.0,25.015993118286133,519800
1997-11-25,37.9375,38.125,36.875,37.0,25.015993118286133,343600
1997-11-26,37.5625,37.5625,36.5,36.5,24.677942276000977,317600
1997-11-28,37.0,37.0625,36.5625,36.5625,24.72020149230957,164300
1997-12-01,36.8125,38.0625,36.75,37.9375,25.649850845336914,370700
1997-12-02,37.75,38.0625,37.6875,37.875,25.607595443725586,194300
1997-12-03,38.0,38.125,37.1875,37.375,25.269533157348633,317600
1997-12-04,37.4375,37.4375,36.375,36.6875,24.80471420288086,762700
1997-12-05,36.75,36.875,35.8125,35.9375,24.29762077331543,748900
1997-12-08,36.0,36.25,35.5625,35.875,24.25537872314453,656100
1997-12-09,35.75,36.0625,35.625,35.8125,24.21310806274414,570200
1997-12-10,35.875,36.3125,35.5,35.5625,24.044097900390625,363400
1997-12-11,35.25,35.25,34.4375,34.625,23.410253524780273,1106300
1997-12-12,35.125,35.4375,34.5625,34.9375,23.621522903442383,425500
1997-12-15,35.5625,36.125,35.3125,35.875,24.25537872314453,557300
1997-12-16,36.25,36.3125,35.375,35.625,24.086345672607422,885000
1997-12-17,36.125,36.9375,35.25,35.3125,23.87505531311035,373400
1997-12-18,35.5,35.5,34.8125,34.8125,23.537010192871094,681000
1997-12-19,34.6875,34.6875,33.25,33.6875,22.77638816833496,1518800
1997-12-22,33.9375,34.3125,33.625,34.25,23.156700134277344,449700
1997-12-23,34.3125,34.5625,33.1875,33.1875,22.43833351135254,893400
1997-12-24,33.625,33.75,33.0625,33.125,22.396074295043945,117100
1997-12-26,33.25,33.375,32.5625,32.6875,22.10028839111328,91200
1997-12-29,32.75,33.5,32.75,33.375,22.592750549316406,613000
1997-12-30,34.0,35.4375,33.9375,35.0,23.692760467529297,221900
1997-12-31,35.0,35.375,34.9375,35.25,23.862003326416016,221200
1998-01-02,35.0,35.25,34.875,35.0,23.692760467529297,316400
1998-01-05,35.125,35.6875,34.75,35.6875,24.158172607421875,740300
1998-01-06,35.4375,35.5625,35.25,35.375,23.946622848510742,93500
1998-01-07,35.3125,35.75,35.0625,35.4375,23.988922119140625,143400
1998-01-08,35.5625,35.9375,34.25,35.6875,24.158172607421875,280000
1998-01-09,35.3125,35.5,34.0,34.1875,23.142759323120117,411400
1998-01-12,34.0,35.5,34.0,34.9375,23.650466918945312,227900
1998-01-13,34.75,35.25,34.75,35.0,23.692760467529297,153400
1998-01-14,35.0,35.0,34.375,34.625,23.438928604125977,195500
1998-01-15,34.0,34.375,33.5,33.75,22.846601486206055,667300
1998-01-16,33.8125,34.0625,33.625,33.9375,22.973522186279297,605000
1998-01-20,33.875,35.125,33.875,35.0,23.692760467529297,571300
1998-01-21,35.0625,35.125,34.5,34.875,23.608154296875,323700
1998-01-22,34.875,34.9375,34.4375,34.4375,23.311986923217773,155900
1998-01-23,34.5,35.0625,34.5,34.75,23.52354621887207,234900
1998-01-26,34.6875,35.375,34.6875,34.9375,23.650466918945312,394500
1998-01-27,34.875,35.75,34.8125,35.25,23.862003326416016,363700
1998-01-28,36.25,36.375,35.5,36.25,24.53895378112793,267400
1998-01-29,36.4375,37.4375,35.6875,35.875,24.285091400146484,177700
1998-01-30,35.75,35.8125,35.0,35.125,23.777385711669922,333600
1998-02-02,35.625,36.75,35.625,36.75,24.877418518066406,253600
1998-02-03,36.75,37.75,36.3125,37.75,25.554344177246094,215000
1998-02-04,37.5625,37.625,36.625,37.0625,25.08895492553711,104500
1998-02-05,37.0,37.375,36.625,37.125,25.131277084350586,216600
1998-02-06,37.125,38.1875,37.125,37.875,25.638959884643555,175700
1998-02-09,37.9375,37.9375,36.625,37.0,25.046632766723633,376900
1998-02-10,37.0625,38.6875,36.875,38.4375,26.019739151000977,664500
1998-02-11,38.4375,38.875,38.3125,38.5,26.062049865722656,170200
1998-02-12,38.3125,39.0,38.0,38.8125,26.27359390258789,147600
1998-02-13,38.8125,38.875,38.25,38.75,26.231285095214844,321100
1998-02-17,38.75,39.5,38.3125,38.75,26.231285095214844,203400
1998-02-18,38.875,39.4375,38.625,39.25,26.56974983215332,337700
1998-02-19,39.0,39.25,38.875,39.125,26.485139846801758,225500
1998-02-20,39.625,39.625,39.0,39.0625,26.442827224731445,285600
1998-02-23,39.4375,39.5,39.0625,39.25,26.56974983215332,193800
1998-02-24,38.3125,38.3125,36.125,36.3125,24.581249237060547,1706000
1998-02-25,36.4375,36.6875,36.0,36.1875,24.496633529663086,945000
1998-02-26,36.125,36.1875,35.375,35.9375,24.327394485473633,730200
1998-02-27,35.9375,36.0,35.25,35.625,24.11585235595703,461300
1998-03-02,35.75,35.9375,35.5625,35.625,24.11585235595703,367900
1998-03-03,35.625,35.9375,35.5625,35.75,24.20046615600586,283000
1998-03-04,35.75,36.125,35.6875,35.875,24.285091400146484,833900
1998-03-05,35.9375,36.0,34.9375,34.9375,23.650466918945312,284900
1998-03-06,35.125,35.875,35.125,35.5625,24.073558807373047,430900
1998-03-09,35.5625,36.0625,35.5,35.875,24.285091400146484,457700
1998-03-10,36.0,36.875,36.0,36.3125,24.581249237060547,474000
1998-03-11,36.25,36.75,36.25,36.25,24.53895378112793,269300
1998-03-12,36.4375,37.0,36.4375,36.5,24.708175659179688,459600
1998-03-13,36.4375,36.75,36.1875,36.25,24.53895378112793,200000
1998-03-16,36.25,36.3125,35.625,36.0625,24.412017822265625,835000
1998-03-17,36.375,36.5,36.0625,36.125,24.45432472229004,183300
1998-03-18,36.25,36.375,35.875,36.0625,24.412017822265625,155400
1998-03-19,36.1875,36.25,35.9375,36.0625,24.412017822265625,923100
1998-03-20,36.125,36.3125,36.0,36.1875,24.496633529663086,740700
1998-03-23,36.25,36.3125,36.0,36.25,24.53895378112793,509600
1998-03-24,36.25,37.25,36.25,37.25,25.215890884399414,695000
1998-03-25,37.1875,37.375,36.75,37.0,25.046632766723633,600800
1998-03-26,36.875,37.0,36.5,36.5625,24.7504940032959,460600
1998-03-27,36.5625,36.875,36.5,36.625,24.81993865966797,333100
1998-03-30,37.0,37.25,36.9375,37.0625,25.116432189941406,318000
1998-03-31,37.0625,37.25,36.875,36.9375,25.031740188598633,289900
1998-04-01,36.9375,37.125,36.4375,36.75,24.904664993286133,614400
1998-04-02,36.9375,37.0625,36.75,36.875,24.98936653137207,403700
1998-04-03,36.875,37.1875,36.8125,36.9375,25.031740188598633,533300
1998-04-06,37.125,37.1875,36.125,36.125,24.481107711791992,243900
1998-04-07,36.1875,36.25,35.6875,36.0,24.396411895751953,289600
1998-04-08,36.125,36.5,35.9375,36.375,24.650529861450195,402600
1998-04-09,36.375,37.0,36.375,36.6875,24.86229705810547,184100
1998-04-13,36.4375,36.75,36.125,36.3125,24.608173370361328,265200
1998-04-14,36.1875,37.1875,36.125,37.0625,25.116432189941406,403600
1998-04-15,37.1875,38.1875,37.0,37.875,25.667043685913086,361100
1998-04-16,37.875,37.875,37.0625,37.1875,25.201126098632812,168000
1998-04-17,37.25,37.3125,36.6875,37.0625,25.116432189941406,105100
1998-04-20,37.125,37.1875,36.5,36.5625,24.77760124206543,76700
1998-04-21,36.5625,37.0625,36.4375,37.0,25.074066162109375,167200
1998-04-22,37.25,37.4375,36.9375,37.1875,25.201126098632812,297900
1998-04-23,37.1875,37.3125,36.75,36.9375,25.031740188598633,113800
1998-04-24,37.1875,37.25,35.8125,36.125,24.481107711791992,503500
1998-04-27,36.0,36.3125,35.9375,36.0,24.396411895751953,500900
1998-04-28,36.125,36.25,35.25,35.875,24.31168556213379,159800
1998-04-29,35.875,35.875,35.375,35.6875,24.184627532958984,264900
1998-04-30,35.875,36.9375,35.625,36.625,24.81993865966797,216000
1998-05-01,36.625,36.75,35.8125,35.875,24.31168556213379,378000
1998-05-04,36.125,36.8125,36.0,36.75,24.904664993286133,204700
1998-05-05,36.5625,37.0625,36.375,36.375,24.650529861450195,393500
1998-05-06,36.375,36.4375,36.1875,36.3125,24.608173370361328,329300
1998-05-07,37.1875,38.5625,37.1875,37.75,25.58233070373535,619000
1998-05-08,37.75,38.25,37.375,37.5,25.412919998168945,327500
1998-05-11,37.5,38.75,37.4375,38.5625,26.132953643798828,354200
1998-05-12,38.5625,39.625,38.4375,39.5,26.768274307250977,572400
1998-05-13,39.375,40.875,39.125,40.75,27.615373611450195,883200
1998-05-14,40.0,41.1875,39.875,40.625,27.530658721923828,909500
1998-05-15,40.5,40.6875,39.75,40.5625,27.488300323486328,578700
1998-05-18,40.5625,43.0,40.0,43.0,29.140151977539062,1840900
1998-05-19,44.25,44.5,42.75,42.875,29.055429458618164,1507900
1998-05-20,43.0,43.0,42.5625,42.625,28.88602638244629,1074100
1998-05-21,42.5,42.75,42.0625,42.375,28.71658706665039,384700
1998-05-22,42.3125,42.75,41.1875,42.0,28.462467193603516,614700
1998-05-26,42.0,42.25,41.6875,41.875,28.37775421142578,418000
1998-05-27,41.5,42.1875,41.3125,42.0,28.462467193603516,354800
1998-05-28,41.8125,42.1875,41.8125,42.0625,28.504812240600586,644600
1998-05-29,42.0,42.1875,41.875,42.0625,28.504812240600586,848800
1998-06-01,41.25,42.5,41.25,41.8125,28.335391998291016,855100
1998-06-02,41.8125,42.1875,41.25,41.5,28.123613357543945,631900
1998-06-03,41.25,41.4375,40.6875,41.0,27.784799575805664,618600
1998-06-04,40.5,40.9375,40.5,40.5,27.445966720581055,862100
1998-06-05,40.0625,40.75,40.0625,40.4375,27.403602600097656,703600
1998-06-08,40.4375,40.5,40.125,40.5,27.445966720581055,499500
1998-06-09,40.5,40.5,39.8125,40.25,27.276527404785156,304100
1998-06-10,40.4375,42.1875,40.1875,40.625,27.530658721923828,463000
1998-06-11,40.75,40.875,40.5,40.5,27.445966720581055,493300
1998-06-12,40.5,40.6875,40.125,40.5625,27.488300323486328,241000
1998-06-15,40.375,40.4375,39.625,39.625,26.852989196777344,158300
1998-06-16,39.6875,40.375,39.0,39.75,26.937694549560547,314900
1998-06-17,39.75,40.625,39.75,40.5625,27.488300323486328,219800
1998-06-18,40.375,40.375,39.6875,39.9375,27.06477165222168,227300
1998-06-19,39.5,39.9375,39.0625,39.5,26.768274307250977,462000
1998-06-22,39.25,41.0,39.25,40.3125,27.318876266479492,428000
1998-06-23,40.375,40.375,39.375,40.125,27.191816329956055,1028600
1998-06-24,40.0625,40.9375,39.9375,40.75,27.615373611450195,256800
1998-06-25,40.75,41.375,40.625,41.1875,27.911848068237305,530400
1998-06-26,41.125,41.875,41.0,41.6875,28.27815055847168,327200
1998-06-29,41.9375,42.125,41.25,41.5625,28.19337272644043,234300
1998-06-30,41.6875,41.6875,40.9375,41.4375,28.108556747436523,486100
1998-07-01,41.4375,42.0625,41.25,42.0625,28.53251838684082,216500
1998-07-02,41.9375,42.125,41.75,42.0625,28.53251838684082,377700
1998-07-06,42.25,42.3125,41.5,41.5625,28.19337272644043,312700
1998-07-07,41.75,42.125,41.4375,41.5625,28.19337272644043,313600
1998-07-08,41.375,41.5,41.1875,41.25,27.981409072875977,303900
1998-07-09,40.3125,40.5625,39.8125,39.875,27.04867172241211,423700
1998-07-10,40.0,40.0,39.1875,39.4375,26.751901626586914,389100
1998-07-13,39.5,39.5,38.5625,38.9375,26.412721633911133,541700
1998-07-14,39.0,39.625,38.6875,39.625,26.879093170166016,1163400
1998-07-15,39.375,39.5,39.0625,39.4375,26.751901626586914,635800
1998-07-16,39.4375,39.5,39.0,39.5,26.794296264648438,148500
1998-07-17,39.4375,39.5,38.8125,38.875,26.370336532592773,83800
1998-07-20,39.0,39.125,38.375,38.6875,26.243148803710938,96100
1998-07-21,39.0,39.5,38.25,38.25,25.946374893188477,189000
1998-07-22,38.25,38.25,36.5625,36.6875,24.8864688873291,349800
1998-07-23,36.625,36.6875,34.5625,34.75,23.572202682495117,482600
1998-07-24,34.8125,34.8125,32.8125,33.625,22.809070587158203,732600
1998-07-27,33.875,34.5,33.625,34.5,23.40262222290039,436900
1998-07-28,34.5,34.5,33.0625,34.0625,23.1058406829834,229000
1998-07-29,34.25,34.625,33.6875,34.0,23.063440322875977,225800
1998-07-30,34.5,35.625,34.5,35.375,23.996156692504883,542100
1998-07-31,35.375,35.375,33.9375,34.375,23.317825317382812,609400
1998-08-03,34.25,34.6875,33.9375,34.25,23.233028411865234,335200
1998-08-04,33.75,33.8125,32.3125,32.4375,22.0035457611084,340700
1998-08-05,32.0,32.5,31.875,32.4375,22.0035457611084,424000
1998-08-06,32.0,33.5,32.0,33.25,22.554698944091797,269700
1998-08-07,34.5,35.5,33.0,33.625,22.809070587158203,473300
1998-08-10,33.5,34.625,33.0,34.5625,23.44499969482422,318700
1998-08-11,34.3125,34.3125,33.0,34.0625,23.1058406829834,435100
1998-08-12,33.6875,35.125,33.6875,34.8125,23.614585876464844,697800
1998-08-13,36.9375,36.9375,35.25,35.5,24.080942153930664,1016400
1998-08-14,35.25,36.0625,35.125,35.1875,23.86897850036621,441500
1998-08-17,35.0,35.4375,34.4375,34.875,23.6569881439209,345600
1998-08-18,34.8125,35.9375,34.3125,35.875,24.33531951904297,317600
1998-08-19,36.1875,36.6875,35.9375,36.1875,24.54730224609375,344400
1998-08-20,36.4375,36.4375,35.5,35.5,24.080942153930664,466500
1998-08-21,35.375,35.625,34.0,35.375,23.996156692504883,190600
1998-08-24,35.3125,36.625,35.3125,36.5625,24.80169105529785,503200
1998-08-25,36.5,37.0,36.4375,36.6875,24.8864688873291,460500
1998-08-26,36.4375,37.0625,36.125,36.5625,24.80169105529785,353000
1998-08-27,36.4375,36.4375,34.1875,34.1875,23.190628051757812,234300
1998-08-28,34.125,34.5625,32.625,32.6875,22.17313003540039,255700
1998-08-31,32.75,32.8125,28.6875,28.875,19.586973190307617,728700
1998-09-01,29.375,31.4375,29.375,31.0625,21.070833206176758,581500
1998-09-02,31.1875,31.9375,30.9375,31.6875,21.494794845581055,210700
1998-09-03,31.4375,31.625,30.1875,30.8125,20.901247024536133,316300
1998-09-04,30.8125,30.875,29.25,30.0,20.350101470947266,365300
1998-09-08,30.0,32.0625,29.4375,31.875,21.621967315673828,338700
1998-09-09,31.75,32.0,30.375,31.0625,21.070833206176758,203300
1998-09-10,31.0625,31.0625,28.5625,28.8125,19.544565200805664,281900
1998-09-11,28.8125,30.5,28.8125,30.1875,20.4772891998291,207600
1998-09-14,30.625,31.6875,30.5625,31.5625,21.409997940063477,159200
1998-09-15,32.0,32.3125,31.5625,31.9375,21.664371490478516,471600
1998-09-16,31.875,33.0,31.625,32.0,21.706775665283203,549200
1998-09-17,31.75,31.75,30.75,31.375,21.28281593322754,589700
1998-09-18,31.75,32.625,31.5625,32.625,22.130733489990234,710900
1998-09-21,32.625,32.625,31.5625,32.5625,22.088336944580078,478400
1998-09-22,32.5625,32.9375,32.0,32.5,22.04593276977539,193600
1998-09-23,32.75,32.875,31.4375,32.25,21.8763484954834,569100
1998-09-24,32.0,32.1875,30.75,31.875,21.621967315673828,240000
1998-09-25,31.75,31.75,30.8125,30.8125,20.901247024536133,158200
1998-09-28,31.0,31.625,30.25,30.625,20.801063537597656,291500
1998-09-29,30.5625,30.6875,28.75,29.3125,19.909582138061523,538200
1998-09-30,29.375,29.375,28.125,28.3125,19.23036766052246,279000
1998-10-01,28.375,28.375,27.0625,27.1875,18.46624183654785,620100
1998-10-02,27.6875,28.5625,27.25,28.4375,19.31527328491211,245000
1998-10-05,28.375,28.625,27.5,28.4375,19.31527328491211,427300
1998-10-06,28.625,29.625,28.625,29.25,19.867130279541016,238600
1998-10-07,29.375,29.375,28.25,28.4375,19.31527328491211,860700
1998-10-08,28.375,28.375,26.5,27.5,18.678497314453125,453300
1998-10-09,27.75,28.625,27.75,28.5,19.357728958129883,246300
1998-10-12,28.75,29.25,28.75,29.0,19.69733428955078,298700
1998-10-13,29.0,29.1875,28.1875,28.5625,19.400178909301758,355000
1998-10-14,28.5625,30.9375,28.4375,30.0,20.376550674438477,312100
1998-10-15,30.0,31.625,29.375,31.5,21.395376205444336,624400
1998-10-16,31.6875,31.6875,31.0625,31.0625,21.098228454589844,289500
1998-10-19,31.1875,32.0,31.125,31.8125,21.607635498046875,191500
1998-10-20,31.8125,33.0,31.8125,32.5625,22.11704444885254,218200
1998-10-21,32.5625,32.6875,31.0625,32.6875,22.201955795288086,381300
1998-10-22,32.5625,34.0625,32.3125,33.5,22.753812789916992,163000
1998-10-23,33.5,33.75,33.0,33.375,22.668903350830078,278600
1998-10-26,33.1875,33.3125,32.5625,32.5625,22.11704444885254,293300
1998-10-27,32.5625,32.5625,29.6875,31.3125,21.26803207397461,550400
1998-10-28,31.5,31.75,30.5,30.5625,20.75860023498535,346600
1998-10-29,30.8125,30.875,30.4375,30.625,20.801063537597656,331900
1998-10-30,30.75,31.875,30.625,31.0625,21.098228454589844,348600
1998-11-02,31.125,32.25,31.125,31.8125,21.607635498046875,297500
1998-11-03,31.8125,32.4375,31.8125,32.375,21.98969268798828,215400
1998-11-04,32.625,35.1875,32.5625,34.5625,23.47548484802246,908100
1998-11-05,34.25,34.9375,33.75,34.6875,23.560380935668945,317300
1998-11-06,34.625,34.625,33.5,33.75,22.923614501953125,184100
1998-11-09,33.6875,34.5625,33.6875,34.0625,23.135873794555664,280800
1998-11-10,34.0625,34.25,33.8125,34.125,23.178329467773438,337900
1998-11-11,34.0625,35.9375,34.0625,35.0625,23.815099716186523,561300
1998-11-12,35.125,35.125,34.6875,35.0625,23.815099716186523,436900
1998-11-13,35.0625,36.25,35.0625,35.75,24.282052993774414,893300
1998-11-16,35.25,36.25,35.25,36.125,24.536762237548828,768600
1998-11-17,35.1875,35.875,34.9375,35.75,24.282052993774414,323100
1998-11-18,35.75,36.1875,35.0,35.4375,24.069808959960938,395200
1998-11-19,35.6875,35.8125,34.8125,35.25,23.942440032958984,200400
1998-11-20,35.25,35.8125,35.0,35.8125,24.324508666992188,705600
1998-11-23,35.8125,36.1875,35.75,36.125,24.536762237548828,404100
1998-11-24,36.125,36.125,33.4375,33.9375,23.05096435546875,450600
1998-11-25,33.9375,34.0,33.375,33.75,22.923614501953125,452200
1998-11-27,34.0,34.75,34.0,34.625,23.517940521240234,117200
1998-11-30,34.5,34.8125,34.125,34.375,23.348133087158203,318400
1998-12-01,34.375,34.375,32.0625,33.3125,22.62645149230957,711000
1998-12-02,33.3125,33.3125,31.375,31.375,21.310470581054688,777700
1998-12-03,31.375,32.25,30.625,30.75,20.885957717895508,674700
1998-12-04,31.25,31.9375,29.75,30.4375,20.673704147338867,1363600
1998-12-07,29.9375,31.375,29.0,30.8125,20.928417205810547,1167500
1998-12-08,30.8125,30.8125,30.1875,30.3125,20.588804244995117,650800
1998-12-09,30.3125,30.8125,30.3125,30.6875,20.84351348876953,714700
1998-12-10,30.25,30.3125,29.6875,30.125,20.461454391479492,442300
1998-12-11,30.125,30.125,26.5,27.5,18.678497314453125,2215200
1998-12-14,27.5,30.875,27.0625,28.625,19.442625045776367,1693600
1998-12-15,28.6875,30.0625,28.6875,29.125,19.78223991394043,641600
1998-12-16,29.1875,29.5,28.125,28.25,19.187911987304688,470800
1998-12-17,28.25,28.3125,27.5,27.5,18.678497314453125,460900
1998-12-18,27.0,28.4375,27.0,28.1875,19.145462036132812,528900
1998-12-21,28.4375,28.9375,27.0,27.0,18.338899612426758,484500
1998-12-22,26.875,28.125,26.8125,27.875,18.933212280273438,448900
1998-12-23,27.5,28.25,27.375,28.0,19.01810646057129,497200
1998-12-24,28.125,28.5,27.9375,28.1875,19.145462036132812,151500
1998-12-28,28.375,28.6875,27.8125,28.0,19.01810646057129,256800
1998-12-29,28.125,29.25,27.9375,28.9375,19.683000564575195,445600
1998-12-30,28.9375,29.125,28.125,28.125,19.130342483520508,340800
1998-12-31,28.0,28.625,27.75,28.375,19.300390243530273,343100
1999-01-04,28.5625,29.375,28.3125,28.375,19.300390243530273,381700
1999-01-05,28.75,29.0,28.0,28.25,19.215360641479492,477400
1999-01-06,28.625,29.9375,28.5625,29.6875,20.193140029907227,525800
1999-01-07,29.75,29.75,28.5,29.0,19.725513458251953,524500
1999-01-08,29.0,29.0,27.875,28.5625,19.427928924560547,267800
1999-01-11,28.3125,28.6875,27.25,27.8125,18.917781829833984,279200
1999-01-12,27.5625,27.875,26.75,26.875,18.280113220214844,837700
1999-01-13,26.5625,27.125,25.9375,27.0,18.36513328552246,322300
1999-01-14,27.125,27.125,26.1875,26.25,17.854991912841797,263800
1999-01-15,27.0,27.0,26.375,26.6875,18.152572631835938,287900
1999-01-19,26.75,27.375,26.25,26.3125,17.897497177124023,304400
1999-01-20,26.5,26.5,25.5,25.625,17.429868698120117,464600
1999-01-21,25.75,26.625,25.75,26.0,17.684938430786133,257600
1999-01-22,25.9375,25.9375,25.125,25.125,17.08977699279785,815200
1999-01-25,25.125,25.4375,24.875,25.0,17.004749298095703,683000
1999-01-26,25.5,26.125,25.0,25.125,17.08977699279785,443500
1999-01-27,25.25,25.5625,25.0625,25.1875,17.132287979125977,386000
1999-01-28,25.4375,25.625,24.75,24.9375,16.962238311767578,495400
1999-01-29,25.25,25.3125,24.8125,24.8125,16.87721824645996,400800
1999-02-01,25.0625,25.0625,24.375,24.5625,16.707164764404297,425000
1999-02-02,24.6875,25.0625,24.5,24.75,16.834701538085938,586600
1999-02-03,24.625,25.125,24.5,24.8125,16.87721824645996,443000
1999-02-04,25.0,25.6875,24.75,25.25,17.174793243408203,1275000
1999-02-05,25.5,25.75,24.8125,25.125,17.08977699279785,1033200
1999-02-08,25.1875,26.1875,25.1875,25.9375,17.642425537109375,697800
1999-02-09,25.9375,25.9375,25.4375,25.5,17.344852447509766,677900
1999-02-10,25.5,25.625,25.125,25.1875,17.132287979125977,394600
1999-02-11,25.125,26.1875,25.125,25.9375,17.642425537109375,569300
1999-02-12,25.875,26.125,25.3125,25.375,17.259822845458984,767000
1999-02-16,25.375,26.25,25.375,25.625,17.429868698120117,420900
1999-02-17,25.625,25.625,24.6875,24.875,16.91971778869629,186100
1999-02-18,25.125,26.1875,24.875,26.125,17.769968032836914,451000
1999-02-19,26.0,27.5,25.75,26.125,17.769968032836914,447400
1999-02-22,26.0625,26.9375,25.8125,26.75,18.195077896118164,362100
1999-02-23,26.625,26.625,24.9375,25.875,17.59991455078125,432500
1999-02-24,25.875,25.9375,25.125,25.25,17.174793243408203,293800
1999-02-25,25.1875,25.3125,24.625,25.0,17.004749298095703,270700
1999-02-26,25.0,25.0,24.6875,24.875,16.91971778869629,252500
1999-03-01,24.75,24.9375,24.5625,24.9375,16.962238311767578,226200
1999-03-02,24.875,25.25,24.5,24.75,16.834701538085938,448800
1999-03-03,24.9375,24.9375,24.0,24.125,16.40958595275879,741700
1999-03-04,24.25,24.25,23.625,23.75,16.154516220092773,738800
1999-03-05,24.375,24.875,24.125,24.5,16.664655685424805,873100
1999-03-08,24.375,24.5,24.125,24.3125,16.537120819091797,215400
1999-03-09,24.1875,24.1875,23.625,23.8125,16.197019577026367,672200
1999-03-10,23.875,23.875,23.375,23.4375,15.941953659057617,416300
1999-03-11,23.4375,24.3125,22.875,23.375,15.899436950683594,461500
1999-03-12,23.5,26.375,23.3125,26.3125,17.897497177124023,898300
1999-03-15,26.25,26.25,25.375,25.5625,17.387351989746094,465700
1999-03-16,26.1875,27.6875,26.125,27.0625,18.407644271850586,1296600
1999-03-17,27.125,28.0,27.0,27.625,18.790252685546875,554100
1999-03-18,27.625,28.4375,27.4375,28.0,19.045310974121094,577300
1999-03-19,28.25,28.375,27.75,27.9375,19.002811431884766,439500
1999-03-22,27.6875,27.6875,26.875,27.0625,18.407644271850586,235300
1999-03-23,27.0,27.0,25.25,25.375,17.259822845458984,561600
1999-03-24,25.375,25.5625,24.75,25.0,17.004749298095703,501100
1999-03-25,25.75,25.875,25.0,25.4375,17.302326202392578,455400
1999-03-26,25.4375,26.375,25.125,26.125,17.769968032836914,132400
1999-03-29,26.0625,26.0625,25.0,25.6875,17.49917221069336,283400
1999-03-30,25.625,26.4375,24.75,24.9375,16.98824119567871,258800
1999-03-31,25.0625,26.3125,25.0625,25.375,17.286285400390625,257000
1999-04-01,25.625,26.0,24.875,26.0,17.712055206298828,264200
1999-04-05,26.0,26.25,25.1875,25.625,17.456600189208984,220300
1999-04-06,25.625,26.125,25.1875,25.25,17.20113754272461,222100
1999-04-07,25.4375,25.625,24.5,25.0,17.030818939208984,348300
1999-04-08,26.25,26.875,25.5625,26.3125,17.924943923950195,464200
1999-04-09,26.5,27.0625,25.1875,25.375,17.286285400390625,673200
1999-04-12,25.5,26.6875,24.75,26.4375,18.010099411010742,236500
1999-04-13,26.4375,26.6875,25.75,26.1875,17.839794158935547,380900
1999-04-14,26.0,26.9375,25.1875,26.6875,18.180400848388672,672200
1999-04-15,26.6875,27.25,26.5625,26.6875,18.180400848388672,1222100
1999-04-16,26.75,27.0,26.1875,26.375,17.967531204223633,139500
1999-04-19,26.375,28.375,26.375,28.0,19.07452392578125,1045900
1999-04-20,28.0,28.4375,27.875,27.9375,19.031946182250977,372300
1999-04-21,28.0,28.375,27.25,28.25,19.244831085205078,391500
1999-04-22,28.5,28.75,28.3125,28.5625,19.457721710205078,371400
1999-04-23,28.25,28.75,28.25,28.5625,19.457721710205078,202700
1999-04-26,28.3125,28.75,28.125,28.5625,19.457721710205078,323200
1999-04-27,28.6875,28.8125,28.5,28.75,19.58544921875,206400
1999-04-28,28.8125,29.375,28.8125,29.0625,19.7983341217041,195300
1999-04-29,29.125,29.125,26.9375,27.625,18.81907081604004,855100
1999-04-30,27.6875,28.625,27.4375,27.6875,18.86164093017578,417700
1999-05-03,27.6875,30.3125,27.5625,30.1875,20.564729690551758,345200
1999-05-04,30.1875,30.6875,28.25,28.875,19.67060089111328,406100
1999-05-05,29.5,29.8125,28.3125,29.6875,20.22409439086914,218900
1999-05-06,29.25,29.3125,27.4375,28.9375,19.713180541992188,337100
1999-05-07,29.25,29.6875,28.25,28.6875,19.542882919311523,220900
1999-05-10,28.875,29.4375,28.5,28.9375,19.713180541992188,224100
1999-05-11,28.9375,29.625,28.625,29.5,20.09636688232422,226100
1999-05-12,29.625,32.8125,29.625,32.0625,21.842039108276367,766700
1999-05-13,32.625,32.8125,31.375,31.625,21.544002532958984,371400
1999-05-14,31.875,33.0,31.875,32.3125,22.012340545654297,1097400
1999-05-17,32.5,33.5,32.5,33.25,22.650997161865234,683700
1999-05-18,33.4375,33.8125,33.375,33.5625,22.863872528076172,613700
1999-05-19,33.9375,34.375,33.8125,34.0625,23.204496383666992,462300
1999-05-20,34.25,35.0,34.125,34.375,23.417387008666992,514400
1999-05-21,34.375,35.1875,34.25,34.375,23.417387008666992,580400
1999-05-24,34.5,35.75,34.5,34.875,23.75800895690918,429000
1999-05-25,34.9375,36.125,34.9375,35.0625,23.885744094848633,688300
1999-05-26,35.1875,35.3125,34.1875,35.3125,24.05603790283203,461800
1999-05-27,35.1875,35.5,34.5,35.0625,23.885744094848633,509900
1999-05-28,35.0625,35.875,35.0,35.125,23.928316116333008,364000
1999-06-01,35.3125,35.3125,34.5,34.9375,23.80057716369629,303200
1999-06-02,34.6875,35.1875,34.6875,35.1875,23.97089385986328,271100
1999-06-03,35.25,36.75,35.25,36.0,24.52439308166504,489200
1999-06-04,36.0,36.4375,35.9375,36.25,24.6947078704834,305200
1999-06-07,36.125,36.625,36.0,36.4375,24.822431564331055,176400
1999-06-08,36.3125,36.8125,36.125,36.375,24.779834747314453,292500
1999-06-09,36.25,36.75,36.1875,36.1875,24.652122497558594,576500
1999-06-10,36.0,36.5625,35.4375,35.875,24.43923568725586,229300
1999-06-11,35.6875,36.4375,35.0,35.0625,23.885744094848633,308200
1999-06-14,35.9375,37.0,35.9375,36.4375,24.822431564331055,422600
1999-06-15,36.6875,36.6875,35.75,35.8125,24.39665412902832,159700
1999-06-16,35.9375,36.4375,35.8125,36.125,24.609548568725586,412700
1999-06-17,36.125,36.125,35.4375,35.8125,24.39665412902832,290200
1999-06-18,35.5625,36.4375,35.5,36.0,24.52439308166504,430700
1999-06-21,35.75,37.4375,35.75,36.5625,24.90758514404297,287900
1999-06-22,36.5,36.5,35.75,35.75,24.354084014892578,412900
1999-06-23,35.75,35.75,34.9375,35.1875,23.97089385986328,290000
1999-06-24,35.0,35.5,34.5,35.125,23.928316116333008,275700
1999-06-25,35.125,35.4375,34.75,35.0,23.843143463134766,352100
1999-06-28,35.0,35.9375,35.0,35.3125,24.08356285095215,164500
1999-06-29,35.3125,35.75,34.6875,35.625,24.296688079833984,105000
1999-06-30,35.4375,35.875,35.125,35.125,23.955686569213867,239700
1999-07-01,35.5625,35.9375,34.875,35.0,23.870437622070312,541000
1999-07-02,35.0,35.9375,35.0,35.5,24.211441040039062,218000
1999-07-06,35.4375,36.3125,35.375,35.5625,24.254066467285156,125200
1999-07-07,35.1875,35.625,35.1875,35.4375,24.1688289642334,164300
1999-07-08,35.25,35.375,34.5,34.625,23.614694595336914,250700
1999-07-09,34.625,35.5,34.4375,35.0,23.870437622070312,136800
1999-07-12,35.0,35.5625,34.8125,35.5625,24.254066467285156,141800
1999-07-13,35.5,35.75,35.375,35.5625,24.254066467285156,332100
1999-07-14,35.375,36.0,35.25,35.875,24.46719741821289,208200
1999-07-15,35.875,36.6875,35.875,36.25,24.72296714782715,294300
1999-07-16,36.25,36.3125,35.0,35.3125,24.08356285095215,266000
1999-07-19,35.3125,35.3125,34.5,34.8125,23.7425594329834,350200
1999-07-20,34.9375,35.0,34.125,34.4375,23.48679542541504,179000
1999-07-21,34.375,34.625,33.3125,33.5625,22.890031814575195,329900
1999-07-22,33.9375,33.9375,32.75,32.75,22.335901260375977,281400
1999-07-23,33.0,33.0,32.25,32.6875,22.293291091918945,203700
1999-07-26,32.6875,33.5,32.3125,32.8125,22.3785343170166,108700
1999-07-27,33.0,33.625,32.5625,33.0,22.50640296936035,77000
1999-07-28,33.0,33.25,32.3125,32.5,22.165393829345703,136000
1999-07-29,32.4375,32.4375,31.125,31.5625,21.526020050048828,212100
1999-07-30,31.4375,31.75,30.75,30.8125,21.014516830444336,207000
1999-08-02,31.0,32.125,30.875,31.0,21.14238929748535,299500
1999-08-03,31.0,31.5,30.125,30.5625,20.84400749206543,285200
1999-08-04,30.8125,31.1875,29.125,29.375,20.034109115600586,266900
1999-08-05,29.625,29.875,28.5,29.5,20.119365692138672,619400
1999-08-06,29.6875,30.1875,29.0,29.125,19.863616943359375,395700
1999-08-09,29.25,29.5625,28.375,28.375,19.35210418701172,495100
1999-08-10,28.1875,28.5625,27.625,28.3125,19.309476852416992,449000
1999-08-11,28.5625,29.25,28.25,28.8125,19.650489807128906,328800
1999-08-12,28.9375,29.75,28.8125,29.375,20.034109115600586,218500
1999-08-13,29.25,30.125,29.0,30.0,20.460372924804688,739700
1999-08-16,29.625,30.0,29.0,29.875,20.3751277923584,130100
1999-08-17,29.9375,29.9375,29.0625,29.625,20.204626083374023,116500
1999-08-18,29.375,29.375,28.75,29.0,19.778362274169922,241900
1999-08-19,28.8125,29.5,28.5,29.5,20.119365692138672,251100
1999-08-20,23.125,23.9375,22.75,23.75,16.19780731201172,3715500
1999-08-23,23.6875,24.4375,23.5625,24.0625,16.410930633544922,1169400
1999-08-24,24.25,24.3125,23.3125,23.75,16.19780731201172,1350500
1999-08-25,23.875,24.125,23.25,23.8125,16.240419387817383,656900
1999-08-26,23.625,23.8125,23.3125,23.5,16.027294158935547,880100
1999-08-27,23.5,23.9375,23.4375,23.5625,16.069923400878906,658900
1999-08-30,23.625,24.0,23.375,23.5,16.027294158935547,500500
1999-08-31,23.3125,23.75,22.9375,23.5,16.027294158935547,888100
1999-09-01,23.25,23.625,23.125,23.375,15.942044258117676,502700
1999-09-02,23.125,23.25,22.5,22.5,15.345279693603516,567900
1999-09-03,22.75,23.0,22.0625,22.5,15.345279693603516,452100
1999-09-07,22.25,22.375,21.9375,22.1875,15.132144927978516,448900
1999-09-08,21.9375,22.125,21.25,21.5,14.663270950317383,815300
1999-09-09,21.5,21.5,20.75,21.0625,14.364889144897461,930300
1999-09-10,21.5,21.5,20.5625,20.6875,14.109131813049316,555100
1999-09-13,20.5,21.375,20.25,21.0625,14.364889144897461,594400
1999-09-14,21.3125,21.9375,20.8125,21.5,14.663270950317383,659100
1999-09-15,21.5,21.8125,20.75,20.9375,14.279644012451172,352700
1999-09-16,20.5625,20.875,20.5,20.75,14.15176010131836,261200
1999-09-17,20.75,21.375,20.625,20.6875,14.109131813049316,746700
1999-09-20,20.1875,21.0,20.125,20.25,13.81075382232666,347700
1999-09-21,20.0625,20.5,20.0625,20.1875,13.76812744140625,464500
1999-09-22,20.1875,20.9375,20.1875,20.375,13.896010398864746,290900
1999-09-23,20.3125,20.5625,19.9375,20.0625,13.68287181854248,413100
1999-09-24,19.8125,20.4375,19.5625,19.875,13.554999351501465,443900
1999-09-27,19.5625,20.75,19.5625,20.5,13.98125171661377,645700
1999-09-28,20.5,20.6875,19.625,20.0625,13.709624290466309,412100
1999-09-29,20.3125,20.875,20.0625,20.5625,14.051299095153809,425700
1999-09-30,20.625,20.8125,20.0625,20.3125,13.880463600158691,373000
1999-10-01,20.5625,20.5625,20.125,20.5625,14.051299095153809,302900
1999-10-04,20.8125,20.875,20.4375,20.6875,14.13671875,328700
1999-10-05,20.75,20.8125,20.125,20.3125,13.880463600158691,543800
1999-10-06,20.25,21.1875,20.1875,20.6875,14.13671875,317900
1999-10-07,21.25,21.625,20.875,21.3125,14.563803672790527,568900
1999-10-08,21.375,22.125,21.25,21.75,14.862767219543457,445000
1999-10-11,21.8125,22.3125,21.5625,21.8125,14.905476570129395,407100
1999-10-12,21.6875,21.6875,21.0,21.0,14.350263595581055,259500
1999-10-13,21.0,21.1875,20.0,20.0,13.666912078857422,483600
1999-10-14,19.8125,20.625,19.8125,20.0,13.666912078857422,403400
1999-10-15,19.3125,19.9375,19.125,19.5,13.325244903564453,562700
1999-10-18,19.5,19.6875,19.375,19.4375,13.282529830932617,315000
1999-10-19,19.5625,19.9375,19.125,19.375,13.23982048034668,447000
1999-10-20,19.1875,19.5,18.6875,18.8125,12.85544204711914,255100
1999-10-21,18.375,18.75,18.3125,18.5,12.641900062561035,360700
1999-10-22,18.625,19.3125,18.625,18.8125,12.85544204711914,157300
1999-10-25,18.625,19.625,18.625,19.0,12.983572959899902,371300
1999-10-26,18.8125,19.1875,18.125,18.25,12.47106647491455,522100
1999-10-27,18.3125,18.4375,17.75,18.375,12.55648422241211,492900
1999-10-28,18.5,18.6875,18.25,18.5,12.641900062561035,716800
1999-10-29,18.75,19.3125,18.75,18.875,12.898153305053711,626900
1999-11-01,18.9375,19.0,18.75,18.9375,12.940863609313965,871500
1999-11-02,18.9375,19.5,18.8125,19.125,13.06899356842041,414700
1999-11-03,19.375,19.5,18.8125,18.875,12.898153305053711,406900
1999-11-04,18.9375,19.25,18.8125,18.8125,12.85544204711914,335600
1999-11-05,19.0625,19.375,18.625,18.6875,12.770024299621582,613700
1999-11-08,18.6875,18.9375,18.6875,18.9375,12.940863609313965,267200
1999-11-09,18.75,19.1875,18.3125,18.3125,12.513764381408691,841200
1999-11-10,18.3125,19.25,18.3125,18.375,12.55648422241211,335400
1999-11-11,18.75,18.9375,18.375,18.5,12.641900062561035,218700
1999-11-12,18.625,19.0,18.5,18.5625,12.684608459472656,225400
1999-11-15,18.5625,19.125,18.5,18.6875,12.770024299621582,825700
1999-11-16,19.0,19.4375,18.5,18.75,12.812735557556152,315900
1999-11-17,18.3125,19.75,18.3125,19.3125,13.197114944458008,946400
1999-11-18,19.25,19.875,18.875,18.9375,12.940863609313965,425100
1999-11-19,18.9375,19.1875,18.75,19.125,13.06899356842041,544200
1999-11-22,19.1875,19.25,18.625,18.75,12.812735557556152,502200
1999-11-23,18.6875,18.8125,18.5,18.5,12.641900062561035,229900
1999-11-24,18.5625,18.75,18.3125,18.375,12.55648422241211,422900
1999-11-26,18.5625,18.5625,18.3125,18.4375,12.599185943603516,584100
1999-11-29,18.6875,19.1875,18.5625,18.8125,12.85544204711914,628400
1999-11-30,18.75,19.25,18.75,18.875,12.898153305053711,540700
1999-12-01,19.0,19.125,18.875,18.9375,12.940863609313965,369000
1999-12-02,18.9375,19.0625,18.3125,18.875,12.898153305053711,677900
1999-12-03,18.625,18.75,18.5,18.5625,12.684608459472656,388400
1999-12-06,18.4375,18.4375,18.25,18.375,12.55648422241211,586300
1999-12-07,18.3125,18.5625,18.25,18.25,12.47106647491455,300600
1999-12-08,18.25,18.5,18.25,18.25,12.47106647491455,369600
1999-12-09,18.25,18.4375,18.0625,18.1875,12.428357124328613,445300
1999-12-10,18.1875,18.375,18.0,18.125,12.38564682006836,325200
1999-12-13,18.0625,18.25,18.0625,18.1875,12.428357124328613,359000
1999-12-14,18.1875,18.375,17.9375,18.0,12.300226211547852,430100
1999-12-15,18.1875,18.3125,18.0,18.3125,12.513764381408691,222100
1999-12-16,18.3125,18.8125,18.1875,18.5,12.641900062561035,841900
1999-12-17,18.5625,19.6875,18.5,19.4375,13.282529830932617,2707500
1999-12-20,19.5625,19.5625,18.75,19.0,12.983572959899902,1299200
1999-12-21,19.0625,19.25,18.8125,19.25,13.154397010803223,843700
1999-12-22,19.25,20.25,19.0,20.0,13.666912078857422,1069900
1999-12-23,20.375,20.5,19.625,20.0625,13.709624290466309,590300
1999-12-27,19.8125,20.125,19.5625,19.6875,13.453378677368164,539500
1999-12-28,19.6875,19.9375,19.1875,19.6875,13.453378677368164,432000
1999-12-29,19.375,19.75,19.3125,19.75,13.523561477661133,252300
1999-12-30,20.0,20.9375,19.625,20.5,14.037110328674316,491400
1999-12-31,20.25,20.375,19.8125,20.1875,13.823128700256348,126600
2000-01-03,20.1875,20.5,19.9375,20.0,13.694733619689941,437000
2000-01-04,20.0,20.4375,20.0,20.1875,13.823128700256348,372100
2000-01-05,20.125,20.3125,19.8125,20.125,13.780340194702148,331400
2000-01-06,20.0625,20.0625,19.375,19.875,13.609148979187012,323600
2000-01-07,19.75,20.25,19.5,20.1875,13.823128700256348,381100
2000-01-10,20.375,20.4375,19.9375,20.3125,13.908720970153809,386300
2000-01-11,20.4375,20.8125,20.25,20.5,14.037110328674316,365700
2000-01-12,20.625,20.6875,20.0625,20.0625,13.737536430358887,184500
2000-01-13,20.1875,20.25,19.75,20.0625,13.737536430358887,219400
2000-01-14,20.0625,20.3125,19.8125,20.0625,13.737536430358887,503300
2000-01-18,19.6875,20.1875,19.5625,20.0,13.694733619689941,214800
2000-01-19,20.25,20.5625,19.6875,20.5625,14.079904556274414,278300
2000-01-20,20.625,20.625,20.125,20.25,13.865927696228027,507900
2000-01-21,20.6875,20.6875,19.5625,19.875,13.609148979187012,1014900
2000-01-24,20.0,20.0,19.125,19.3125,13.223987579345703,278100
2000-01-25,19.5,20.1875,19.125,19.875,13.609148979187012,345700
2000-01-26,19.875,20.0,19.5,19.75,13.523561477661133,153100
2000-01-27,20.0,20.0,18.8125,19.4375,13.309577941894531,357900
2000-01-28,19.5,19.8125,19.125,19.25,13.181183815002441,248100
2000-01-31,19.25,19.3125,18.75,19.1875,13.138388633728027,397000
2000-02-01,19.3125,19.8125,19.125,19.5625,13.395172119140625,355900
2000-02-02,19.75,19.9375,19.25,19.375,13.266777038574219,314600
2000-02-03,19.625,19.9375,19.5,19.75,13.523561477661133,232100
2000-02-04,19.6875,19.875,19.5,19.5625,13.395172119140625,383000
2000-02-07,19.5,19.6875,18.9375,19.25,13.181183815002441,356400
2000-02-08,19.25,19.5,19.1875,19.375,13.266777038574219,413700
2000-02-09,19.375,19.375,18.75,18.875,12.924410820007324,211100
2000-02-10,18.8125,18.875,18.5,18.75,12.838822364807129,371500
2000-02-11,18.6875,18.75,18.3125,18.5,12.667634963989258,461300
2000-02-14,18.375,18.96875,18.1875,18.625,12.753228187561035,340800
2000-02-15,18.875,18.875,18.0625,18.0625,12.36806583404541,373100
2000-02-16,18.875,19.0625,18.5,18.5625,12.710433006286621,724500
2000-02-17,18.5625,18.6875,17.6875,17.75,12.154082298278809,484000
2000-02-18,18.25,18.5625,17.6875,18.25,12.496459007263184,911800
2000-02-22,18.5625,19.4375,18.3125,19.125,13.095595359802246,832400
2000-02-23,18.625,18.9375,18.375,18.375,12.58204460144043,314700
2000-02-24,18.375,18.375,16.9375,17.375,11.897310256958008,453500
2000-02-25,17.4375,17.875,17.0,17.25,11.811718940734863,513900
2000-02-28,17.25,17.75,17.0,17.5625,12.02569580078125,1015100
2000-02-29,17.5625,17.75,17.3125,17.375,11.897310256958008,530600
2000-03-01,17.4375,17.5625,17.1875,17.375,11.897310256958008,348600
2000-03-02,17.1875,17.4375,17.125,17.375,11.897310256958008,414200
2000-03-03,17.3125,17.6875,17.125,17.5625,12.02569580078125,304800
2000-03-06,17.0,17.3125,16.1875,16.5625,11.340954780578613,557400
2000-03-07,16.1875,16.3125,14.8125,15.3125,10.485034942626953,759800
2000-03-08,15.375,15.875,15.0,15.25,10.442241668701172,523100
2000-03-09,15.5,16.125,15.0625,15.5625,10.656217575073242,470000
2000-03-10,15.0,15.25,14.125,14.5625,9.97148323059082,698300
2000-03-13,14.4375,15.4375,14.0,15.0625,10.313852310180664,477800
2000-03-14,14.9375,15.0625,14.6875,15.0,10.2710542678833,401800
2000-03-15,15.0625,15.0625,14.75,15.0,10.2710542678833,1201200
2000-03-16,15.25,16.875,15.1875,16.6875,11.426549911499023,812300
2000-03-17,16.0,16.625,15.875,16.125,11.041380882263184,903700
2000-03-20,16.0625,16.9375,16.0625,16.9375,11.597736358642578,463200
2000-03-21,16.75,17.3125,16.5625,16.8125,11.512139320373535,574400
2000-03-22,16.8125,17.1875,15.4375,16.125,11.041380882263184,363000
2000-03-23,16.3125,16.3125,15.625,16.3125,11.16977310180664,235700
2000-03-24,16.4375,16.4375,15.375,15.9375,10.912999153137207,378700
2000-03-27,15.9375,16.375,15.5,16.0,10.955793380737305,327500
2000-03-28,15.75,16.125,15.5625,15.625,10.699014663696289,197800
2000-03-29,15.5,16.1875,15.5,15.9375,10.941008567810059,251800
2000-03-30,15.8125,16.5,15.8125,16.1875,11.112629890441895,261500
2000-03-31,16.25,16.875,16.25,16.4375,11.28425121307373,261800
2000-04-03,16.1875,17.0,16.1875,16.6875,11.455875396728516,204200
2000-04-04,16.9375,16.9375,15.1875,16.1875,11.112629890441895,398400
2000-04-05,16.25,16.8125,15.6875,15.8125,10.85519790649414,387400
2000-04-06,15.5625,16.3125,15.4375,15.4375,10.59775447845459,223500
2000-04-07,15.5,16.0,15.375,15.5625,10.683568954467773,263100
2000-04-10,15.375,15.6875,15.25,15.5625,10.683568954467773,176200
2000-04-11,15.5625,15.75,15.125,15.6875,10.769380569458008,203000
2000-04-12,15.625,15.8125,15.25,15.6875,10.769380569458008,335800
2000-04-13,15.5,15.65625,14.5625,14.9375,10.254508018493652,260800
2000-04-14,15.0,15.0,14.0625,14.125,9.696734428405762,318700
2000-04-17,13.9375,14.0625,13.34375,13.625,9.353487968444824,407700
2000-04-18,13.125,14.125,13.125,14.0625,9.653828620910645,299800
2000-04-19,13.8125,14.0625,13.625,13.8125,9.48220443725586,81600
2000-04-20,13.9375,14.125,13.625,13.6875,9.396393775939941,167700
2000-04-24,13.75,13.875,13.625,13.625,9.353487968444824,338800
2000-04-25,13.625,15.1875,13.4375,14.875,10.211607933044434,529700
2000-04-26,15.25,15.25,14.5625,14.8125,10.168700218200684,441100
2000-04-27,14.3125,14.75,14.1875,14.1875,9.739642143249512,318000
2000-04-28,14.1875,14.3125,13.75,13.9375,9.568013191223145,212800
2000-05-01,13.8125,14.4375,13.75,14.4375,9.911267280578613,581900
2000-05-02,14.5,14.9375,14.1875,14.8125,10.168700218200684,190600
2000-05-03,14.6875,14.6875,13.5625,14.0,9.610918998718262,315500
2000-05-04,14.25,14.6875,13.5625,13.75,9.439295768737793,386600
2000-05-05,13.625,14.75,13.5625,14.375,9.86835765838623,201500
2000-05-08,14.25,14.375,14.0625,14.3125,9.82545280456543,209600
2000-05-09,14.1875,14.6875,14.125,14.5,9.954168319702148,216300
2000-05-10,14.5,14.9375,14.375,14.5625,9.997076034545898,325400
2000-05-11,14.5,15.0,14.0,14.875,10.211607933044434,393100
2000-05-12,14.8125,15.25,14.8125,15.125,10.383231163024902,171100
2000-05-15,15.375,15.375,14.6875,14.9375,10.254508018493652,190600
2000-05-16,14.875,15.1875,14.5625,15.0,10.297414779663086,279200
2000-05-17,15.0,15.125,14.6875,14.8125,10.168700218200684,166700
2000-05-18,14.5625,15.375,14.5625,14.875,10.211607933044434,244400
2000-05-19,14.6875,14.875,14.5,14.875,10.211607933044434,137700
2000-05-22,14.875,14.875,14.0,14.4375,9.911267280578613,302100
2000-05-23,14.5,15.3125,14.3125,15.0,10.297414779663086,288600
2000-05-24,15.25,15.25,13.6875,14.125,9.696734428405762,289200
2000-05-25,14.5,15.0625,14.3125,14.8125,10.168700218200684,424600
2000-05-26,14.8125,14.8125,13.6875,14.125,9.696734428405762,378500
2000-05-30,14.0625,14.8125,14.0625,14.625,10.039983749389648,238000
2000-05-31,14.25,15.125,14.25,14.9375,10.254508018493652,470000
2000-06-01,15.0625,15.125,14.75,14.875,10.211607933044434,294900
2000-06-02,14.8125,15.0,14.125,14.5,9.954168319702148,416100
2000-06-05,14.625,14.9375,14.25,14.4375,9.911267280578613,207600
2000-06-06,14.3125,14.375,14.0625,14.0625,9.653828620910645,254100
2000-06-07,14.0625,14.9375,14.0625,14.5625,9.997076034545898,409100
2000-06-08,14.5625,14.5625,14.125,14.25,9.782548904418945,269100
2000-06-09,14.3125,14.5,14.0625,14.125,9.696734428405762,169900
2000-06-12,14.125,14.375,13.6875,13.75,9.439295768737793,238100
2000-06-13,13.75,14.4375,13.625,14.25,9.782548904418945,446900
2000-06-14,14.625,14.75,14.25,14.3125,9.82545280456543,463300
2000-06-15,14.375,14.625,14.25,14.4375,9.911267280578613,573000
2000-06-16,14.0,14.484375,13.8125,13.9375,9.568013191223145,828700
2000-06-19,13.8125,13.875,13.5625,13.625,9.353487968444824,452900
2000-06-20,13.5,13.5,13.0,13.0,8.924427032470703,1362400
2000-06-21,13.25,13.625,13.1875,13.375,9.181866645812988,526100
2000-06-22,13.25,13.3125,13.0625,13.1875,9.053145408630371,237100
2000-06-23,13.125,13.25,13.125,13.25,9.096047401428223,267400
2000-06-26,13.375,13.6875,13.125,13.125,9.010241508483887,251500
2000-06-27,13.0,13.5625,13.0,13.25,9.096047401428223,325200
2000-06-28,13.5625,13.75,13.25,13.265625,9.134354591369629,232500
2000-06-29,13.25,13.4375,13.125,13.1875,9.080560684204102,740500
2000-06-30,13.3125,13.625,12.234375,12.25,8.435023307800293,1572700
2000-07-03,12.625,12.875,12.375,12.8125,8.822344779968262,268300
2000-07-05,12.8125,14.1875,12.8125,14.0,9.640022277832031,946100
2000-07-06,13.875,14.5,13.5,14.5,9.984312057495117,965400
2000-07-07,14.375,14.375,13.75,14.1875,9.769131660461426,492200
2000-07-10,14.3125,14.9375,14.0,14.8125,10.19948959350586,398400
2000-07-11,14.8125,15.5,14.5,14.625,10.070383071899414,419900
2000-07-12,15.0625,15.1875,14.625,15.0625,10.371633529663086,393600
2000-07-13,14.9375,15.125,14.75,14.9375,10.285563468933105,343300
2000-07-14,14.8125,15.0,14.625,15.0,10.328597068786621,259500
2000-07-17,15.0,15.0,14.625,15.0,10.328597068786621,202400
2000-07-18,14.875,15.125,14.8125,14.9375,10.285563468933105,210700
2000-07-19,14.9375,15.0625,14.5625,14.75,10.15645694732666,139100
2000-07-20,14.8125,14.8125,14.3125,14.625,10.070383071899414,214300
2000-07-21,14.5,14.75,14.3125,14.5,9.984312057495117,159800
2000-07-24,14.5625,14.5625,13.625,13.6875,9.424838066101074,124900
2000-07-25,13.8125,14.0,13.6875,13.875,9.553956031799316,301200
2000-07-26,13.75,14.0625,13.75,13.9375,9.596988677978516,182700
2000-07-27,13.8125,14.25,13.75,14.0,9.640022277832031,146000
2000-07-28,14.125,14.125,13.75,13.8125,9.51091480255127,154600
2000-07-31,13.9375,14.125,13.6875,13.6875,9.424838066101074,471700
2000-08-01,13.8125,14.25,13.5625,13.75,9.46788215637207,256500
2000-08-02,13.875,13.9375,13.8125,13.9375,9.596988677978516,84600
2000-08-03,13.5625,14.0625,13.4375,13.9375,9.596988677978516,214700
2000-08-04,13.8125,14.0,13.75,14.0,9.640022277832031,135100
2000-08-07,14.0,14.25,13.8125,14.1875,9.769131660461426,193300
2000-08-08,14.0625,15.0625,14.0625,14.9375,10.285563468933105,357800
2000-08-09,14.9375,15.0625,14.75,14.9375,10.285563468933105,528000
2000-08-10,15.0,15.0,14.75,14.75,10.15645694732666,228600
2000-08-11,14.875,14.9375,14.75,14.875,10.242525100708008,97000
2000-08-14,14.875,15.4375,14.5625,14.9375,10.285563468933105,235200
2000-08-15,15.0,15.0,14.25,14.375,9.898241996765137,142600
2000-08-16,14.3125,14.5,13.8125,14.0,9.640022277832031,353800
2000-08-17,14.0,14.1875,13.75,13.9375,9.596988677978516,299800
2000-08-18,13.8125,14.25,13.8125,13.875,9.553956031799316,134000
2000-08-21,14.125,14.125,13.125,13.5625,9.33877182006836,344400
2000-08-22,13.6875,14.1875,13.5625,14.0625,9.683060646057129,410700
2000-08-23,13.8125,14.0,13.375,13.9375,9.596988677978516,570000
2000-08-24,13.8125,13.9375,13.625,13.6875,9.424838066101074,131900
2000-08-25,13.5625,13.875,13.375,13.4375,9.252700805664062,305900
2000-08-28,13.4375,13.8125,13.3125,13.5,9.295736312866211,187000
2000-08-29,13.4375,13.8125,13.4375,13.5,9.295736312866211,316000
2000-08-30,13.4375,13.5625,13.3125,13.4375,9.252700805664062,195500
2000-08-31,13.3125,13.375,12.75,12.828125,8.83310317993164,450000
2000-09-01,12.8125,13.0,12.8125,12.875,8.86538028717041,408400
2000-09-05,12.75,13.1875,12.625,12.875,8.86538028717041,554900
2000-09-06,12.875,13.0,12.75,12.8125,8.822344779968262,527000
2000-09-07,12.6875,13.0,12.5625,12.6875,8.7362699508667,282600
2000-09-08,12.625,12.875,12.5625,12.625,8.69323444366455,376300
2000-09-11,12.5625,12.8125,12.5625,12.5625,8.650198936462402,478000
2000-09-12,12.625,12.75,12.5,12.6875,8.7362699508667,665000
2000-09-13,12.5625,12.625,12.375,12.5625,8.650198936462402,258800
2000-09-14,12.625,12.625,12.375,12.375,8.521096229553223,168100
2000-09-15,12.3125,12.625,12.1875,12.5625,8.650198936462402,327900
2000-09-18,12.5,12.5,12.0625,12.1875,8.391986846923828,271900
2000-09-19,12.25,12.5625,12.0,12.0,8.26287841796875,1010800
2000-09-20,12.0,12.0,11.8125,11.8125,8.133772850036621,555800
2000-09-21,11.875,12.0,11.6875,11.8125,8.133772850036621,305400
2000-09-22,11.6875,11.8125,11.4375,11.5625,7.961625099182129,177400
2000-09-25,11.4375,11.5,11.125,11.125,7.660375118255615,533200
2000-09-26,11.125,11.125,10.0625,10.125,6.971804618835449,1529800
2000-09-27,10.1875,10.5625,10.125,10.125,6.999457836151123,437000
2000-09-28,10.25,10.6875,10.25,10.5625,7.301904201507568,695200
2000-09-29,10.5,10.875,10.375,10.625,7.345110893249512,436400
2000-10-02,10.6875,10.8125,10.125,10.25,7.085870742797852,301700
2000-10-03,10.5,10.625,10.0625,10.1875,7.042665958404541,280900
2000-10-04,10.25,10.5625,10.0625,10.5,7.258695125579834,364000
2000-10-05,10.1875,10.5,10.1875,10.1875,7.042665958404541,287300
2000-10-06,10.25,10.25,9.9375,10.0,6.913043022155762,374300
2000-10-09,10.125,10.3125,10.125,10.3125,7.129075527191162,294800
2000-10-10,10.4375,10.4375,9.9375,10.0625,6.956248760223389,334500
2000-10-11,9.9375,10.125,9.5625,9.625,6.653800010681152,698000
2000-10-12,9.625,9.625,9.4375,9.5,6.567389011383057,701900
2000-10-13,9.625,9.9375,9.4375,9.8125,6.783422946929932,412100
2000-10-16,9.6875,10.125,9.6875,9.875,6.82663106918335,281400
2000-10-17,9.8125,10.0,9.6875,9.875,6.82663106918335,503900
2000-10-18,9.625,9.9375,9.5625,9.9375,6.869836330413818,284700
2000-10-19,9.8125,10.25,9.75,10.0,6.913043022155762,1615900
2000-10-20,9.8125,10.0625,9.8125,9.9375,6.869836330413818,416800
2000-10-23,9.9375,9.9375,9.75,9.75,6.740216255187988,464400
2000-10-24,9.875,10.0625,9.8125,10.0,6.913043022155762,478800
2000-10-25,10.0,10.0,9.84375,10.0,6.913043022155762,262200
2000-10-26,10.0,10.125,9.9375,9.9375,6.869836330413818,466400
2000-10-27,9.9375,10.0,9.875,10.0,6.913043022155762,448100
2000-10-30,9.9375,10.375,9.9375,10.3125,7.129075527191162,692800
2000-10-31,10.4375,11.0,10.4375,10.5,7.258695125579834,3268800
2000-11-01,10.4375,10.5,10.25,10.3125,7.129075527191162,355300
2000-11-02,10.3125,11.1875,9.9375,10.9375,7.561144828796387,3027600
2000-11-03,10.9375,11.0,10.625,10.875,7.517933368682861,1736200
2000-11-06,11.375,11.875,11.0625,11.4375,7.906790256500244,680200
2000-11-07,11.3125,11.5,11.125,11.1875,7.733964443206787,270400
2000-11-08,10.9375,11.625,10.9375,11.4375,7.906790256500244,276700
2000-11-09,11.3125,11.375,10.6875,10.8125,7.474727153778076,491500
2000-11-10,10.75,10.8125,10.375,10.625,7.345110893249512,361200
2000-11-13,10.125,10.75,10.125,10.5625,7.301904201507568,641100
2000-11-14,10.4375,11.125,10.4375,10.875,7.517933368682861,267300
2000-11-15,10.8125,11.875,10.8125,11.4375,7.906790256500244,658000
2000-11-16,11.3125,11.625,11.3125,11.5,7.94999885559082,294700
2000-11-17,11.5,11.8125,11.5,11.625,8.036416053771973,627900
2000-11-20,11.75,12.0,11.5,11.5,7.94999885559082,343900
2000-11-21,11.5625,11.75,11.25,11.25,7.777172565460205,468900
2000-11-22,11.25,11.375,11.1875,11.3125,7.820376873016357,163900
2000-11-24,11.25,11.375,10.8125,10.9375,7.561144828796387,220100
2000-11-27,10.9375,11.5,10.875,11.25,7.777172565460205,644200
2000-11-28,11.25,11.5,11.25,11.4375,7.906790256500244,437800
2000-11-29,11.375,11.5625,11.375,11.4375,7.906790256500244,252500
2000-11-30,11.4375,11.5625,11.0,11.0,7.604345798492432,542700
2000-12-01,11.125,11.375,11.0625,11.125,7.690756320953369,176600
2000-12-04,11.125,12.1875,11.0625,12.0,8.295652389526367,507600
2000-12-05,12.25,13.5,11.8125,12.8125,8.857335090637207,733800
2000-12-06,12.75,12.8125,12.25,12.375,8.554895401000977,425300
2000-12-07,12.375,12.4375,11.9375,11.9375,8.252446174621582,350200
2000-12-08,12.3125,12.375,11.875,11.9375,8.252446174621582,341000
2000-12-11,11.8125,11.9375,11.6875,11.75,8.122827529907227,261900
2000-12-12,11.6875,12.25,11.625,11.9375,8.252446174621582,192200
2000-12-13,11.8125,12.0,11.75,11.75,8.122827529907227,148600
2000-12-14,11.6875,12.0,11.625,11.6875,8.079617500305176,165300
2000-12-15,11.25,11.3125,10.4375,10.4375,7.2154860496521,1119800
2000-12-18,10.5,11.1875,10.1875,11.0625,7.647555828094482,781000
2000-12-19,11.0625,11.0625,10.4375,10.6875,7.3883161544799805,427900
2000-12-20,10.4375,10.9375,10.25,10.875,7.517933368682861,488200
2000-12-21,10.875,10.9375,10.5,10.625,7.345110893249512,603600
2000-12-22,10.6875,11.0,10.4375,10.875,7.517933368682861,654700
2000-12-26,11.0,11.0,10.75,10.8125,7.474727153778076,318900
2000-12-27,10.8125,11.375,10.75,11.3125,7.849415302276611,368500
2000-12-28,11.25,12.125,11.1875,12.125,8.413188934326172,584500
2000-12-29,12.0,12.625,11.8125,11.8125,8.196354866027832,403700
2001-01-02,11.4375,12.5625,11.4375,12.5625,8.716754913330078,477600
2001-01-03,12.625,13.9375,12.5,13.9375,9.670828819274902,1070600
2001-01-04,13.8125,14.5,13.625,14.3125,9.931028366088867,758500
2001-01-05,14.25,14.375,13.3125,13.5,9.367255210876465,462900
2001-01-08,13.625,14.125,13.5625,14.0,9.714195251464844,574500
2001-01-09,13.875,14.4375,13.875,14.25,9.887664794921875,461100
2001-01-10,14.125,14.75,14.0,14.4375,10.017767906188965,863700
2001-01-11,14.625,14.625,14.125,14.375,9.974400520324707,301100
2001-01-12,14.5,14.8125,14.375,14.75,10.234600067138672,180800
2001-01-16,14.8125,15.625,14.5625,15.5,10.75500202178955,653600
2001-01-17,15.5,15.6875,15.0,15.3125,10.62490177154541,877700
2001-01-18,15.3125,15.3125,14.375,14.9375,10.364702224731445,303700
2001-01-19,15.0,15.0,13.625,14.125,9.800930976867676,433800
2001-01-22,14.375,15.4375,14.25,14.875,10.321332931518555,714500
2001-01-23,14.875,15.1875,14.875,14.9375,10.364702224731445,495800
2001-01-24,14.9375,15.125,14.875,14.9375,10.364702224731445,180700
2001-01-25,14.8125,15.1875,14.75,15.0,10.40806770324707,738400
2001-01-26,14.8125,14.9375,14.5625,14.6875,10.191238403320312,290000
2001-01-29,14.729999542236328,14.9399995803833,14.670000076293945,14.890000343322754,10.331746101379395,461000
2001-01-30,14.890000343322754,14.989999771118164,14.859999656677246,14.949999809265137,10.373373985290527,735300
2001-01-31,14.989999771118164,15.470000267028809,14.9399995803833,15.239999771118164,10.574596405029297,1349300
2001-02-01,15.289999961853027,15.84000015258789,15.050000190734863,15.5,10.75500202178955,1865100
2001-02-02,15.75,15.75,15.0,15.270000457763672,10.595412254333496,420900
2001-02-05,17.75,18.190000534057617,17.110000610351562,18.0,12.4896821975708,2966300
2001-02-06,18.0,18.100000381469727,17.450000762939453,18.06999969482422,12.538249969482422,1537400
2001-02-07,18.06999969482422,18.489999771118164,18.010000228881836,18.139999389648438,12.586819648742676,728900
2001-02-08,18.200000762939453,18.389999389648438,17.780000686645508,18.190000534057617,12.621516227722168,866800
2001-02-09,18.100000381469727,18.190000534057617,17.0,17.040000915527344,11.823570251464844,889500
2001-02-12,17.0,18.459999084472656,17.0,18.299999237060547,12.697843551635742,1240000
2001-02-13,18.299999237060547,19.139999389648438,18.059999465942383,18.649999618530273,12.94069766998291,960800
2001-02-14,18.649999618530273,18.950000762939453,18.5,18.700000762939453,12.97538948059082,871100
2001-02-15,18.700000762939453,18.700000762939453,18.0,18.489999771118164,12.829679489135742,350400
2001-02-16,18.479999542236328,18.68000030517578,18.3799991607666,18.489999771118164,12.829679489135742,676600
2001-02-20,18.5,18.84000015258789,18.469999313354492,18.709999084472656,12.982322692871094,925900
2001-02-21,18.530000686645508,18.729999542236328,18.0,18.079999923706055,12.54519271850586,683900
2001-02-22,18.079999923706055,18.100000381469727,17.469999313354492,17.899999618530273,12.420292854309082,588300
2001-02-23,17.799999237060547,18.0,17.329999923706055,17.709999084472656,12.288457870483398,673200
2001-02-26,17.959999084472656,18.3799991607666,17.700000762939453,18.34000015258789,12.725598335266113,872200
2001-02-27,18.540000915527344,18.649999618530273,18.079999923706055,18.479999542236328,12.822739601135254,672600
2001-02-28,18.399999618530273,18.989999771118164,18.399999618530273,18.799999237060547,13.044772148132324,387600
2001-03-01,18.899999618530273,18.899999618530273,17.75,18.100000381469727,12.55906867980957,569300
2001-03-02,18.100000381469727,18.610000610351562,17.649999618530273,18.399999618530273,12.767227172851562,391800
2001-03-05,18.399999618530273,19.0,17.93000030517578,17.989999771118164,12.482745170593262,545800
2001-03-06,18.239999771118164,18.5,17.920000076293945,18.5,12.836607933044434,709100
2001-03-07,18.549999237060547,19.360000610351562,18.549999237060547,19.309999465942383,13.398646354675293,629300
2001-03-08,19.559999465942383,19.559999465942383,19.149999618530273,19.31999969482422,13.405594825744629,313100
2001-03-09,19.219999313354492,19.479999542236328,18.809999465942383,18.959999084472656,13.155797958374023,768000
2001-03-12,18.56999969482422,19.200000762939453,18.450000762939453,18.489999771118164,12.829679489135742,317000
2001-03-13,18.25,18.899999618530273,17.799999237060547,18.6200008392334,12.919886589050293,567100
2001-03-14,18.450000762939453,18.450000762939453,17.860000610351562,18.040000915527344,12.517436027526855,434800
2001-03-15,18.3700008392334,18.3700008392334,17.59000015258789,18.049999237060547,12.524372100830078,562400
2001-03-16,18.049999237060547,18.200000762939453,17.049999237060547,17.200000762939453,11.934584617614746,993500
2001-03-19,17.25,17.59000015258789,16.850000381469727,17.229999542236328,11.955399513244629,878800
2001-03-20,17.229999542236328,18.190000534057617,17.100000381469727,17.600000381469727,12.21213436126709,862600
2001-03-21,17.75,17.75,16.610000610351562,16.610000610351562,11.525200843811035,484600
2001-03-22,17.950000762939453,20.200000762939453,17.5,19.75,13.703958511352539,6333500
2001-03-23,19.799999237060547,20.940000534057617,19.34000015258789,20.299999237060547,14.085577964782715,2405500
2001-03-26,20.5,20.84000015258789,20.040000915527344,20.56999969482422,14.272928237915039,1065200
2001-03-27,20.399999618530273,21.260000228881836,20.0,21.100000381469727,14.640677452087402,1345800
2001-03-28,21.0,21.75,20.450000762939453,21.600000381469727,15.016087532043457,1810900
2001-03-29,21.75,22.049999237060547,21.110000610351562,21.8700008392334,15.203783988952637,1072500
2001-03-30,22.5,22.5,21.559999465942383,21.940000534057617,15.252450942993164,1111400
2001-04-02,22.040000915527344,22.489999771118164,21.510000228881836,22.0,15.294159889221191,984300
2001-04-03,22.049999237060547,22.079999923706055,20.559999465942383,21.0,14.598976135253906,1397200
2001-04-04,21.0,21.149999618530273,20.5,20.68000030517578,14.376514434814453,1226300
2001-04-05,20.709999084472656,20.790000915527344,20.5,20.719999313354492,14.404321670532227,1370000
2001-04-06,20.75,20.75,20.15999984741211,20.469999313354492,14.230522155761719,884900
2001-04-09,20.219999313354492,20.530000686645508,20.219999313354492,20.5,14.25137996673584,888900
2001-04-10,20.549999237060547,21.3700008392334,20.049999237060547,20.899999618530273,14.529457092285156,1432000
2001-04-11,20.950000762939453,21.1299991607666,20.670000076293945,21.049999237060547,14.633723258972168,1086000
2001-04-12,18.0,18.200000762939453,16.770000457763672,16.979999542236328,11.80431079864502,4937600
2001-04-16,16.5,17.350000381469727,16.049999237060547,16.479999542236328,11.456719398498535,1965800
2001-04-17,16.700000762939453,16.940000534057617,16.1299991607666,16.530000686645508,11.491474151611328,1231400
2001-04-18,16.799999237060547,17.950000762939453,16.649999618530273,17.049999237060547,11.852971076965332,2023200
2001-04-19,16.799999237060547,17.170000076293945,16.56999969482422,16.959999084472656,11.790409088134766,599300
2001-04-20,16.940000534057617,16.940000534057617,16.34000015258789,16.68000030517578,11.595755577087402,685900
2001-04-23,16.299999237060547,16.940000534057617,16.1200008392334,16.149999618530273,11.227300643920898,912400
2001-04-24,16.149999618530273,16.149999618530273,15.300000190734863,15.739999771118164,10.942273139953613,593600
2001-04-25,15.300000190734863,16.399999618530273,15.300000190734863,16.239999771118164,11.28986930847168,716000
2001-04-26,16.200000762939453,16.90999984741211,15.829999923706055,16.540000915527344,11.498422622680664,434100
2001-04-27,16.399999618530273,17.309999465942383,16.399999618530273,16.940000534057617,11.77649974822998,417200
2001-04-30,17.190000534057617,17.190000534057617,16.780000686645508,16.940000534057617,11.77649974822998,819200
2001-05-01,16.850000381469727,17.100000381469727,16.600000381469727,16.950000762939453,11.783452033996582,551200
2001-05-02,16.899999618530273,17.110000610351562,16.700000762939453,16.860000610351562,11.720890998840332,360200
2001-05-03,16.739999771118164,16.989999771118164,16.510000228881836,16.829999923706055,11.700026512145996,365100
2001-05-04,16.84000015258789,17.110000610351562,16.299999237060547,16.969999313354492,11.797361373901367,482500
2001-05-07,16.979999542236328,17.450000762939453,16.700000762939453,17.139999389648438,11.915539741516113,841000
2001-05-08,17.389999389648438,17.6299991607666,17.0,17.399999618530273,12.096290588378906,900700
2001-05-09,17.020000457763672,17.850000381469727,16.959999084472656,17.350000381469727,12.061527252197266,591200
2001-05-10,17.200000762939453,17.989999771118164,17.149999618530273,17.540000915527344,12.19361686706543,439700
2001-05-11,17.34000015258789,17.93000030517578,17.079999923706055,17.389999389648438,12.089343070983887,271800
2001-05-14,17.510000228881836,17.899999618530273,17.450000762939453,17.579999923706055,12.221421241760254,259700
2001-05-15,17.43000030517578,17.649999618530273,17.0,17.170000076293945,11.936396598815918,364500
2001-05-16,17.0,17.440000534057617,16.700000762939453,17.280000686645508,12.012866973876953,637200
2001-05-17,17.479999542236328,18.239999771118164,17.399999618530273,18.09000015258789,12.575970649719238,492400
2001-05-18,18.100000381469727,18.510000228881836,17.709999084472656,18.450000762939453,12.826242446899414,514400
2001-05-21,18.450000762939453,19.299999237060547,18.260000228881836,19.040000915527344,13.236395835876465,530600
2001-05-22,19.020000457763672,19.899999618530273,19.020000457763672,19.520000457763672,13.570084571838379,1071200
2001-05-23,18.0,18.010000228881836,16.399999618530273,16.979999542236328,11.80431079864502,1568100
2001-05-24,17.0,17.350000381469727,16.989999771118164,17.209999084472656,11.964200019836426,491700
2001-05-25,16.920000076293945,17.1200008392334,16.690000534057617,16.780000686645508,11.665273666381836,610100
2001-05-29,16.75,16.940000534057617,16.329999923706055,16.350000381469727,11.366337776184082,605100
2001-05-30,16.360000610351562,16.780000686645508,16.270000457763672,16.309999465942383,11.338532447814941,677900
2001-05-31,16.329999923706055,16.559999465942383,16.25,16.31999969482422,11.34548568725586,348100
2001-06-01,16.559999465942383,16.559999465942383,16.110000610351562,16.229999542236328,11.282922744750977,407500
2001-06-04,16.229999542236328,16.510000228881836,16.079999923706055,16.190000534057617,11.25511360168457,328900
2001-06-05,16.469999313354492,16.979999542236328,16.459999084472656,16.889999389648438,11.741744041442871,656700
2001-06-06,16.6200008392334,16.760000228881836,16.420000076293945,16.530000686645508,11.491474151611328,357500
2001-06-07,16.530000686645508,17.139999389648438,16.3700008392334,17.139999389648438,11.915539741516113,949400
2001-06-08,17.139999389648438,17.700000762939453,17.049999237060547,17.579999923706055,12.221421241760254,789900
2001-06-11,17.579999923706055,17.850000381469727,17.290000915527344,17.440000534057617,12.124095916748047,647700
2001-06-12,17.399999618530273,17.479999542236328,16.81999969482422,17.360000610351562,12.068480491638184,558900
2001-06-13,17.200000762939453,17.709999084472656,17.149999618530273,17.549999237060547,12.20057201385498,942500
2001-06-14,17.549999237060547,17.649999618530273,17.010000228881836,17.020000457763672,11.832119941711426,193100
2001-06-15,16.700000762939453,17.040000915527344,16.559999465942383,16.799999237060547,11.679177284240723,609500
2001-06-18,16.889999389648438,17.479999542236328,16.799999237060547,17.170000076293945,11.936396598815918,529300
2001-06-19,17.079999923706055,17.34000015258789,16.3799991607666,16.43000030517578,11.421956062316895,528000
2001-06-20,16.399999618530273,16.600000381469727,16.219999313354492,16.3799991607666,11.387199401855469,1005400
2001-06-21,16.399999618530273,16.75,16.299999237060547,16.670000076293945,11.588802337646484,730700
2001-06-22,16.700000762939453,16.700000762939453,16.139999389648438,16.219999313354492,11.275967597961426,306600
2001-06-25,16.219999313354492,16.389999389648438,15.710000038146973,15.90999984741211,11.060460090637207,639500
2001-06-26,16.059999465942383,16.059999465942383,15.5,15.670000076293945,10.8936128616333,357400
2001-06-27,15.699999809265137,15.869999885559082,14.84000015258789,15.119999885559082,10.538158416748047,965300
2001-06-28,15.1899995803833,15.720000267028809,15.1899995803833,15.399999618530273,10.733309745788574,546300
2001-06-29,15.5,15.899999618530273,15.0,15.270000457763672,10.642704963684082,752800
2001-07-02,15.40999984741211,16.299999237060547,15.010000228881836,16.1200008392334,11.235132217407227,876200
2001-07-03,15.899999618530273,16.049999237060547,15.510000228881836,15.630000114440918,10.8936128616333,275600
2001-07-05,15.800000190734863,15.800000190734863,15.170000076293945,15.239999771118164,10.621795654296875,661300
2001-07-06,15.170000076293945,15.25,14.539999961853027,14.539999961853027,10.133914947509766,522400
2001-07-09,14.789999961853027,15.350000381469727,14.539999961853027,14.819999694824219,10.329063415527344,559600
2001-07-10,14.850000381469727,15.029999732971191,14.59000015258789,14.649999618530273,10.210585594177246,402700
2001-07-11,14.529999732971191,14.800000190734863,14.369999885559082,14.600000381469727,10.175732612609863,469900
2001-07-12,14.5,15.119999885559082,14.300000190734863,14.899999618530273,10.384827613830566,729200
2001-07-13,14.949999809265137,14.949999809265137,14.520000457763672,14.84000015258789,10.343008995056152,393900
2001-07-16,14.9399995803833,15.100000381469727,14.760000228881836,14.890000343322754,10.37785530090332,259200
2001-07-17,14.979999542236328,14.979999542236328,14.539999961853027,14.680000305175781,10.231494903564453,258100
2001-07-18,14.699999809265137,14.920000076293945,14.520000457763672,14.600000381469727,10.175732612609863,347700
2001-07-19,14.550000190734863,14.979999542236328,14.510000228881836,14.630000114440918,10.196645736694336,245600
2001-07-20,14.699999809265137,15.039999961853027,14.609999656677246,14.729999542236328,10.266343116760254,300900
2001-07-23,14.6899995803833,14.859999656677246,14.520000457763672,14.65999984741211,10.21755599975586,250700
2001-07-24,14.699999809265137,14.800000190734863,14.170000076293945,14.270000457763672,9.945735931396484,336900
2001-07-25,14.300000190734863,14.529999732971191,14.100000381469727,14.390000343322754,10.029373168945312,212100
2001-07-26,14.399999618530273,14.569999694824219,14.220000267028809,14.300000190734863,9.966646194458008,211000
2001-07-27,14.390000343322754,14.699999809265137,14.25,14.34000015258789,9.994523048400879,255700
2001-07-30,14.359999656677246,14.880000114440918,14.359999656677246,14.640000343322754,10.20361614227295,167600
2001-07-31,14.640000343322754,15.75,14.640000343322754,14.84000015258789,10.343008995056152,480400
2001-08-01,14.850000381469727,15.399999618530273,14.550000190734863,14.829999923706055,10.336036682128906,329200
2001-08-02,14.699999809265137,15.25,14.630000114440918,15.0600004196167,10.496341705322266,304800
2001-08-03,15.100000381469727,15.15999984741211,14.710000038146973,15.109999656677246,10.531190872192383,207200
2001-08-06,15.109999656677246,15.279999732971191,14.899999618530273,14.960000038146973,10.426645278930664,409700
2001-08-07,15.0,15.539999961853027,14.850000381469727,15.079999923706055,10.510281562805176,249000
2001-08-08,15.130000114440918,15.949999809265137,15.050000190734863,15.140000343322754,10.552098274230957,468700
2001-08-09,16.0,17.200000762939453,16.0,16.510000228881836,11.506940841674805,1541000
2001-08-10,16.510000228881836,16.850000381469727,16.350000381469727,16.530000686645508,11.52088737487793,390100
2001-08-13,16.549999237060547,16.93000030517578,16.5,16.729999542236328,11.660279273986816,558800
2001-08-14,16.75,17.889999389648438,16.75,17.520000457763672,12.210886001586914,673000
2001-08-15,17.549999237060547,17.760000228881836,17.40999984741211,17.75,12.371183395385742,382800
2001-08-16,17.649999618530273,18.15999984741211,17.579999923706055,18.0,12.545424461364746,870700
2001-08-17,17.93000030517578,17.989999771118164,17.610000610351562,17.739999771118164,12.364219665527344,558400
2001-08-20,17.860000610351562,18.09000015258789,17.65999984741211,18.020000457763672,12.559368133544922,261800
2001-08-21,18.049999237060547,18.149999618530273,17.760000228881836,17.850000381469727,12.44088363647461,393500
2001-08-22,17.889999389648438,18.299999237060547,17.649999618530273,18.0,12.545424461364746,623300
2001-08-23,18.0,18.010000228881836,17.799999237060547,17.850000381469727,12.44088363647461,499300
2001-08-24,17.850000381469727,18.84000015258789,17.799999237060547,18.6299991607666,12.984514236450195,307900
2001-08-27,18.6299991607666,19.25,18.549999237060547,19.040000915527344,13.270271301269531,493500
2001-08-28,19.0,19.239999771118164,18.809999465942383,19.049999237060547,13.277240753173828,444000
2001-08-29,19.100000381469727,19.290000915527344,18.799999237060547,18.950000762939453,13.207537651062012,347900
2001-08-30,17.850000381469727,18.450000762939453,16.649999618530273,17.149999618530273,11.95300579071045,1851600
2001-08-31,17.149999618530273,18.0,16.600000381469727,17.899999618530273,12.475728988647461,710000
2001-09-04,18.149999618530273,18.5,17.850000381469727,17.93000030517578,12.496642112731934,630600
2001-09-05,17.950000762939453,17.950000762939453,17.200000762939453,17.729999542236328,12.357250213623047,794500
2001-09-06,17.799999237060547,17.829999923706055,17.059999465942383,17.260000228881836,12.029666900634766,464700
2001-09-07,17.010000228881836,17.010000228881836,16.010000228881836,16.079999923706055,11.207249641418457,792400
2001-09-10,16.0,16.239999771118164,15.640000343322754,15.65999984741211,10.914523124694824,631500
2001-09-17,15.5,15.5,13.600000381469727,14.329999923706055,9.987553596496582,928500
2001-09-18,14.149999618530273,14.510000228881836,13.880000114440918,13.960000038146973,9.72967529296875,546100
2001-09-19,14.0,14.1899995803833,13.550000190734863,14.039999961853027,9.785438537597656,461200
2001-09-20,13.899999618530273,13.9399995803833,13.260000228881836,13.279999732971191,9.25574016571045,300400
2001-09-21,12.199999809265137,13.239999771118164,12.0600004196167,12.630000114440918,8.80271053314209,797100
2001-09-24,12.729999542236328,13.600000381469727,12.600000381469727,13.479999542236328,9.395130157470703,545600
2001-09-25,13.5,13.729999542236328,13.149999618530273,13.260000228881836,9.241796493530273,760200
2001-09-26,13.399999618530273,13.489999771118164,12.600000381469727,12.869999885559082,8.997124671936035,794200
2001-09-27,12.869999885559082,13.229999542236328,12.550000190734863,12.989999771118164,9.081006050109863,868100
2001-09-28,13.050000190734863,13.5,12.979999542236328,13.170000076293945,9.206844329833984,1111400
2001-10-01,13.170000076293945,13.920000076293945,12.760000228881836,13.550000190734863,9.472492218017578,858300
2001-10-02,13.550000190734863,13.680000305175781,13.0,13.1899995803833,9.22082233428955,586400
2001-10-03,13.149999618530273,14.300000190734863,12.800000190734863,14.020000457763672,9.801056861877441,801700
2001-10-04,14.0,14.550000190734863,14.0,14.390000343322754,10.059720993041992,770300
2001-10-05,14.350000381469727,14.649999618530273,14.100000381469727,14.489999771118164,10.129622459411621,561500
2001-10-08,14.489999771118164,14.699999809265137,13.930000305175781,14.0,9.787073135375977,363400
2001-10-09,14.0,14.09000015258789,13.479999542236328,13.850000381469727,9.682215690612793,263900
2001-10-10,13.75,14.529999732971191,13.699999809265137,14.4399995803833,10.094674110412598,354100
2001-10-11,14.470000267028809,14.630000114440918,13.800000190734863,14.0,9.787073135375977,1098300
2001-10-12,14.010000228881836,14.449999809265137,13.199999809265137,13.649999618530273,9.542402267456055,486300
2001-10-15,13.640000343322754,13.789999961853027,13.1899995803833,13.390000343322754,9.36064624786377,546500
2001-10-16,13.640000343322754,13.9399995803833,13.319999694824219,13.869999885559082,9.696194648742676,243100
2001-10-17,13.890000343322754,13.890000343322754,13.390000343322754,13.579999923706055,9.4934663772583,271600
2001-10-18,13.479999542236328,13.800000190734863,13.319999694824219,13.40999984741211,9.374622344970703,235000
2001-10-19,13.300000190734863,13.800000190734863,13.0,13.680000305175781,9.563376426696777,402400
2001-10-22,13.579999923706055,13.850000381469727,13.0600004196167,13.210000038146973,9.234811782836914,257000
2001-10-23,13.0,13.630000114440918,12.850000381469727,13.1899995803833,9.22082233428955,384800
2001-10-24,13.289999961853027,13.550000190734863,13.149999618530273,13.319999694824219,9.311702728271484,202600
2001-10-25,13.020000457763672,13.680000305175781,12.800000190734863,13.600000381469727,9.507447242736816,288600
2001-10-26,13.84000015258789,13.84000015258789,13.279999732971191,13.680000305175781,9.563376426696777,324600
2001-10-29,13.600000381469727,13.649999618530273,13.029999732971191,13.199999809265137,9.227813720703125,641300
2001-10-30,13.149999618530273,13.199999809265137,12.800000190734863,12.899999618530273,9.01809024810791,275100
2001-10-31,12.800000190734863,13.34000015258789,12.75,12.949999809265137,9.053045272827148,208200
2001-11-01,12.949999809265137,13.140000343322754,12.649999618530273,12.890000343322754,9.011104583740234,312200
2001-11-02,12.989999771118164,13.399999618530273,12.850000381469727,13.15999984741211,9.199851989746094,280000
2001-11-05,13.079999923706055,13.680000305175781,13.0,13.380000114440918,9.35364818572998,210100
2001-11-06,13.399999618530273,14.0,13.130000114440918,13.899999618530273,9.717171669006348,237500
2001-11-07,13.800000190734863,14.199999809265137,13.600000381469727,13.869999885559082,9.696194648742676,324700
2001-11-08,13.850000381469727,14.630000114440918,13.800000190734863,14.010000228881836,9.794069290161133,454600
2001-11-09,14.0,14.25,13.75,13.789999961853027,9.640275001525879,271600
2001-11-12,13.890000343322754,14.25,13.289999961853027,13.920000076293945,9.73115062713623,163700
2001-11-13,14.010000228881836,14.399999618530273,13.970000267028809,14.270000457763672,9.975829124450684,246700
2001-11-14,14.350000381469727,14.899999618530273,14.170000076293945,14.550000190734863,10.171567916870117,300000
2001-11-15,14.640000343322754,15.399999618530273,14.640000343322754,15.130000114440918,10.577035903930664,375200
2001-11-16,15.300000190734863,15.300000190734863,14.699999809265137,14.979999542236328,10.472172737121582,241400
2001-11-19,14.9399995803833,15.979999542236328,14.819999694824219,15.789999961853027,11.038423538208008,497600
2001-11-20,15.800000190734863,15.949999809265137,15.130000114440918,15.550000190734863,10.870649337768555,675000
2001-11-21,15.199999809265137,15.649999618530273,14.550000190734863,15.050000190734863,10.521109580993652,702200
2001-11-23,15.0600004196167,15.600000381469727,15.0600004196167,15.40999984741211,10.772775650024414,228800
2001-11-26,15.449999809265137,16.399999618530273,15.180000305175781,16.059999465942383,11.227178573608398,831300
2001-11-27,16.059999465942383,16.5,15.5,16.139999389648438,11.283102035522461,351900
2001-11-28,16.110000610351562,16.5,15.850000381469727,16.280000686645508,11.380970001220703,590200
2001-11-29,16.200000762939453,16.600000381469727,16.049999237060547,16.59000015258789,11.597689628601074,439800
2001-11-30,16.450000762939453,16.799999237060547,16.149999618530273,16.549999237060547,11.569726943969727,665700
2001-12-03,16.450000762939453,16.5,16.149999618530273,16.200000762939453,11.32504940032959,566800
2001-12-04,16.100000381469727,16.100000381469727,15.350000381469727,15.489999771118164,10.828706741333008,1207200
2001-12-05,15.399999618530273,15.630000114440918,15.289999961853027,15.319999694824219,10.709859848022461,1123400
2001-12-06,15.75,15.850000381469727,15.25,15.529999732971191,10.85666561126709,932700
2001-12-07,15.600000381469727,15.699999809265137,15.300000190734863,15.40999984741211,10.772775650024414,272600
2001-12-10,15.199999809265137,15.239999771118164,14.949999809265137,15.020000457763672,10.500136375427246,337300
2001-12-11,15.020000457763672,15.25,14.8100004196167,14.989999771118164,10.47916316986084,323500
2001-12-12,15.09000015258789,15.1899995803833,14.649999618530273,14.869999885559082,10.395273208618164,248600
2001-12-13,14.850000381469727,14.890000343322754,14.40999984741211,14.760000228881836,10.318375587463379,497500
2001-12-14,14.699999809265137,14.770000457763672,14.479999542236328,14.680000305175781,10.262449264526367,656000
2001-12-17,14.75,15.039999961853027,14.569999694824219,15.020000457763672,10.500136375427246,543400
2001-12-18,15.020000457763672,15.609999656677246,14.989999771118164,15.350000381469727,10.730829238891602,390200
2001-12-19,15.25,15.390000343322754,15.0,15.0600004196167,10.528096199035645,284400
2001-12-20,15.100000381469727,15.84000015258789,15.100000381469727,15.59000015258789,10.898612976074219,573200
2001-12-21,15.84000015258789,16.25,15.449999809265137,15.880000114440918,11.10134220123291,803000
2001-12-24,16.079999923706055,16.350000381469727,15.84000015258789,15.90999984741211,11.12231731414795,224300
2001-12-26,15.989999771118164,16.190000534057617,15.899999618530273,15.970000267028809,11.164262771606445,552100
2001-12-27,16.049999237060547,16.350000381469727,15.899999618530273,16.0,11.213319778442383,490300
2001-12-28,16.0,16.420000076293945,15.9399995803833,16.299999237060547,11.423565864562988,551200
2001-12-31,16.149999618530273,16.5,16.0,16.0,11.213319778442383,363000
2002-01-02,16.239999771118164,16.350000381469727,15.720000267028809,15.9399995803833,11.171268463134766,264000
2002-01-03,16.049999237060547,16.200000762939453,15.869999885559082,15.989999771118164,11.206306457519531,254700
2002-01-04,16.15999984741211,16.450000762939453,16.0,16.18000030517578,11.33946704864502,347700
2002-01-07,16.100000381469727,16.709999084472656,16.100000381469727,16.540000915527344,11.591768264770508,618900
2002-01-08,16.540000915527344,18.0,16.5,17.739999771118164,12.432769775390625,914600
2002-01-09,17.700000762939453,17.75,17.110000610351562,17.1299991607666,12.005255699157715,514700
2002-01-10,17.3799991607666,17.850000381469727,17.149999618530273,17.520000457763672,12.278587341308594,578500
2002-01-11,17.530000686645508,17.600000381469727,16.700000762939453,16.799999237060547,11.773984909057617,557300
2002-01-14,16.700000762939453,16.8799991607666,16.0,16.170000076293945,11.332459449768066,664500
2002-01-15,16.149999618530273,16.149999618530273,15.789999961853027,16.100000381469727,11.283402442932129,581700
2002-01-16,16.049999237060547,16.049999237060547,15.5600004196167,15.859999656677246,11.115199089050293,541800
2002-01-17,15.890000343322754,15.989999771118164,15.479999542236328,15.75,11.03811264038086,485000
2002-01-18,15.5,15.699999809265137,15.050000190734863,15.329999923706055,10.743759155273438,471400
2002-01-22,15.399999618530273,15.739999771118164,15.229999542236328,15.350000381469727,10.757779121398926,349200
2002-01-23,15.350000381469727,15.760000228881836,15.350000381469727,15.59000015258789,10.925976753234863,527300
2002-01-24,15.4399995803833,15.539999961853027,15.289999961853027,15.399999618530273,10.792819023132324,354700
2002-01-25,15.399999618530273,15.460000038146973,14.260000228881836,14.350000381469727,10.056941986083984,2020400
2002-01-28,14.449999809265137,14.600000381469727,13.449999809265137,13.949999809265137,9.776615142822266,2513700
2002-01-29,14.050000190734863,14.800000190734863,14.050000190734863,14.380000114440918,10.07796859741211,1246300
2002-01-30,14.300000190734863,14.850000381469727,14.010000228881836,14.350000381469727,10.056941986083984,953400
2002-01-31,14.550000190734863,14.670000076293945,14.149999618530273,14.380000114440918,10.07796859741211,863200
2002-02-01,14.479999542236328,14.800000190734863,14.069999694824219,14.300000190734863,10.021902084350586,705500
2002-02-04,14.199999809265137,14.460000038146973,13.4399995803833,13.5600004196167,9.503290176391602,714800
2002-02-05,13.5600004196167,13.890000343322754,13.25,13.420000076293945,9.405172348022461,1053300
2002-02-06,13.670000076293945,14.0,13.470000267028809,13.680000305175781,9.587387084960938,1081600
2002-02-07,14.0,14.199999809265137,12.9399995803833,12.9399995803833,9.068769454956055,1762000
2002-02-08,13.0,15.529999732971191,12.960000038146973,15.5,10.862900733947754,4722300
2002-02-11,15.5,16.850000381469727,15.279999732971191,16.260000228881836,11.395532608032227,4718400
2002-02-12,16.149999618530273,16.5,15.949999809265137,16.25,11.388521194458008,1896300
2002-02-13,16.290000915527344,17.260000228881836,16.290000915527344,17.25,12.089366912841797,1823800
2002-02-14,17.299999237060547,17.700000762939453,17.299999237060547,17.600000381469727,12.334654808044434,1604300
2002-02-15,17.600000381469727,17.700000762939453,17.049999237060547,17.399999618530273,12.194482803344727,1347200
2002-02-19,17.299999237060547,18.0,17.1200008392334,17.690000534057617,12.397722244262695,820600
2002-02-20,17.690000534057617,18.0,17.260000228881836,17.5,12.26456356048584,1329700
2002-02-21,17.510000228881836,17.889999389648438,17.030000686645508,17.280000686645508,12.110382080078125,872400
2002-02-22,17.299999237060547,19.899999618530273,16.860000610351562,18.700000762939453,13.105566024780273,2725500
2002-02-25,18.450000762939453,19.170000076293945,18.290000915527344,18.850000381469727,13.210683822631836,1169600
2002-02-26,18.649999618530273,20.5,18.649999618530273,20.1200008392334,14.100746154785156,1536800
2002-02-27,20.059999465942383,20.399999618530273,19.5,19.690000534057617,13.799388885498047,1338300
2002-02-28,19.700000762939453,20.75,19.149999618530273,20.100000381469727,14.086735725402832,1703300
2002-03-01,19.850000381469727,20.200000762939453,19.600000381469727,20.0,14.016642570495605,722200
2002-03-04,19.600000381469727,20.700000762939453,19.600000381469727,20.469999313354492,14.346035957336426,1075900
2002-03-05,20.5,22.510000228881836,20.5,21.0,14.717475891113281,2410000
2002-03-06,21.700000762939453,22.809999465942383,21.649999618530273,22.450000762939453,15.733687400817871,1781200
2002-03-07,22.399999618530273,23.450000762939453,21.739999771118164,23.25,16.294353485107422,2482700
2002-03-08,23.260000228881836,23.329999923706055,22.450000762939453,22.799999237060547,15.978972434997559,1649400
2002-03-11,22.100000381469727,22.950000762939453,21.350000381469727,22.479999542236328,15.75471305847168,2060900
2002-03-12,22.479999542236328,23.450000762939453,22.100000381469727,23.299999237060547,16.32939338684082,1214700
2002-03-13,22.5,23.5,22.100000381469727,23.229999542236328,16.280332565307617,1702300
2002-03-14,23.299999237060547,23.729999542236328,23.049999237060547,23.719999313354492,16.62374496459961,1111000
2002-03-15,23.5,24.520000457763672,23.299999237060547,24.3799991607666,17.086292266845703,1184100
2002-03-18,24.450000762939453,25.299999237060547,24.010000228881836,25.15999984741211,17.632946014404297,1256700
2002-03-19,25.010000228881836,25.170000076293945,24.549999237060547,24.6299991607666,17.261499404907227,1405900
2002-03-20,24.6299991607666,24.940000534057617,24.350000381469727,24.729999542236328,17.331588745117188,1094900
2002-03-21,24.75,24.850000381469727,24.260000228881836,24.600000381469727,17.2404727935791,879800
2002-03-22,24.350000381469727,24.809999465942383,23.700000762939453,24.59000015258789,17.233469009399414,631000
2002-03-25,24.600000381469727,25.0,23.950000762939453,24.0,16.819978713989258,608900
2002-03-26,24.049999237060547,24.049999237060547,23.479999542236328,23.770000457763672,16.686599731445312,844200
2002-03-27,23.799999237060547,24.09000015258789,23.520000457763672,24.09000015258789,16.911239624023438,814900
2002-03-28,24.100000381469727,24.450000762939453,23.799999237060547,23.860000610351562,16.74977684020996,448000
2002-04-01,23.0,23.639999389648438,22.049999237060547,23.219999313354492,16.300498962402344,1364900
2002-04-02,23.190000534057617,23.200000762939453,22.25,22.350000381469727,15.689750671386719,1121900
2002-04-03,22.399999618530273,22.959999084472656,22.200000762939453,22.760000228881836,15.977574348449707,564000
2002-04-04,22.760000228881836,23.450000762939453,22.649999618530273,23.290000915527344,16.349632263183594,540900
2002-04-05,23.420000076293945,23.75,23.299999237060547,23.6299991607666,16.58831787109375,394600
2002-04-08,23.450000762939453,24.079999923706055,23.190000534057617,24.049999237060547,16.883163452148438,1069000
2002-04-09,24.100000381469727,24.1200008392334,23.25,23.440000534057617,16.454933166503906,705300
2002-04-10,23.559999465942383,24.329999923706055,23.459999084472656,24.309999465942383,17.0656795501709,594600
2002-04-11,24.59000015258789,25.25,24.59000015258789,24.899999618530273,17.479867935180664,934100
2002-04-12,24.920000076293945,25.389999389648438,24.389999389648438,25.190000534057617,17.683439254760742,645500
2002-04-15,25.25,25.549999237060547,24.5,24.84000015258789,17.437742233276367,531900
2002-04-16,24.940000534057617,25.329999923706055,24.8799991607666,25.15999984741211,17.662376403808594,543000
2002-04-17,25.15999984741211,25.420000076293945,24.899999618530273,25.0,17.550058364868164,624500
2002-04-18,25.25,25.479999542236328,24.780000686645508,25.309999465942383,17.76767921447754,363900
2002-04-19,25.40999984741211,25.5,25.079999923706055,25.299999237060547,17.76066017150879,311200
2002-04-22,25.299999237060547,25.34000015258789,24.649999618530273,24.899999618530273,17.479867935180664,264900
2002-04-23,24.850000381469727,25.950000762939453,24.790000915527344,25.8700008392334,18.160802841186523,621700
2002-04-24,25.8700008392334,25.8700008392334,24.739999771118164,24.809999465942383,17.416683197021484,565500
2002-04-25,24.399999618530273,24.950000762939453,24.09000015258789,24.93000030517578,17.500919342041016,328700
2002-04-26,24.989999771118164,25.0,24.399999618530273,24.420000076293945,17.142900466918945,473200
2002-04-29,24.600000381469727,24.600000381469727,23.950000762939453,24.18000030517578,16.974424362182617,352700
2002-04-30,24.18000030517578,24.649999618530273,23.5,24.489999771118164,17.192031860351562,504400
2002-05-01,24.75,25.059999465942383,24.270000457763672,24.989999771118164,17.543039321899414,914400
2002-05-02,24.989999771118164,25.399999618530273,24.780000686645508,25.18000030517578,17.676422119140625,538400
2002-05-03,25.43000030517578,25.450000762939453,24.75,24.860000610351562,17.451780319213867,332700
2002-05-06,24.920000076293945,25.690000534057617,24.399999618530273,24.43000030517578,17.14991569519043,320900
2002-05-07,24.489999771118164,24.700000762939453,24.049999237060547,24.6200008392334,17.283296585083008,607700
2002-05-08,24.8700008392334,25.149999618530273,23.68000030517578,24.200000762939453,16.988454818725586,577400
2002-05-09,23.899999618530273,24.31999969482422,23.209999084472656,24.0,16.848054885864258,915900
2002-05-10,24.190000534057617,24.25,23.219999313354492,23.219999313354492,16.300498962402344,674500
2002-05-13,23.469999313354492,24.200000762939453,23.31999969482422,24.010000228881836,16.855073928833008,420800
2002-05-14,24.799999237060547,26.25,24.709999084472656,26.15999984741211,18.3643856048584,1076700
2002-05-15,26.15999984741211,27.75,25.979999542236328,27.190000534057617,19.087440490722656,867000
2002-05-16,29.700000762939453,30.200000762939453,28.5,29.3700008392334,20.617809295654297,2859400
2002-05-17,29.950000762939453,30.25,29.399999618530273,29.989999771118164,21.053054809570312,1501400
2002-05-20,30.239999771118164,30.399999618530273,29.239999771118164,29.43000030517578,20.659929275512695,906200
2002-05-21,29.829999923706055,29.829999923706055,28.6200008392334,28.670000076293945,20.12641143798828,733000
2002-05-22,28.850000381469727,28.850000381469727,28.059999465942383,28.309999465942383,19.873685836791992,655700
2002-05-23,28.559999465942383,29.889999389648438,28.559999465942383,29.270000457763672,20.547611236572266,821100
2002-05-24,29.399999618530273,29.989999771118164,29.399999618530273,29.690000534057617,20.842445373535156,630200
2002-05-28,29.75,29.75,28.549999237060547,29.270000457763672,20.547611236572266,938400
2002-05-29,29.200000762939453,29.950000762939453,29.18000030517578,29.260000228881836,20.540586471557617,607500
2002-05-30,29.260000228881836,29.520000457763672,28.860000610351562,29.3799991607666,20.62483024597168,922400
2002-05-31,29.5,30.510000228881836,29.440000534057617,30.030000686645508,21.081132888793945,560600
2002-06-03,30.440000534057617,31.200000762939453,30.350000381469727,30.469999313354492,21.390012741088867,995300
2002-06-04,30.239999771118164,30.389999389648438,29.610000610351562,29.780000686645508,20.9056339263916,773600
2002-06-05,29.780000686645508,30.290000915527344,29.299999237060547,30.15999984741211,21.17238998413086,832800
2002-06-06,30.15999984741211,30.15999984741211,29.0,29.0,20.35806655883789,663700
2002-06-07,29.0,29.639999389648438,28.559999465942383,29.610000610351562,20.786293029785156,756500
2002-06-10,29.610000610351562,29.899999618530273,29.239999771118164,29.399999618530273,20.63886070251465,635800
2002-06-11,29.5,29.93000030517578,28.899999618530273,29.049999237060547,20.39316749572754,510400
2002-06-12,29.100000381469727,29.18000030517578,28.059999465942383,28.829999923706055,20.238731384277344,718900
2002-06-13,28.5,28.579999923706055,27.649999618530273,27.829999923706055,19.536720275878906,556100
2002-06-14,27.700000762939453,27.700000762939453,26.600000381469727,27.479999542236328,19.291027069091797,872700
2002-06-17,27.969999313354492,28.649999618530273,27.6299991607666,28.610000610351562,20.084293365478516,443400
2002-06-18,28.549999237060547,29.100000381469727,28.09000015258789,28.209999084472656,19.803476333618164,434200
2002-06-19,28.209999084472656,28.520000457763672,27.90999984741211,28.280000686645508,19.852622985839844,518300
2002-06-20,28.530000686645508,28.600000381469727,27.950000762939453,27.950000762939453,19.62096405029297,385400
2002-06-21,27.399999618530273,27.700000762939453,27.0,27.110000610351562,19.03129005432129,509300
2002-06-24,27.1200008392334,27.1200008392334,25.84000015258789,26.549999237060547,18.638158798217773,527400
2002-06-25,26.799999237060547,26.860000610351562,25.559999465942383,25.670000076293945,18.020402908325195,945000
2002-06-26,25.3799991607666,25.979999542236328,24.75,25.639999389648438,18.027433395385742,1123600
2002-06-27,25.889999389648438,26.299999237060547,25.200000762939453,25.760000228881836,18.111797332763672,760300
2002-06-28,26.15999984741211,27.1299991607666,26.06999969482422,26.290000915527344,18.48444175720215,1562300
2002-07-01,26.719999313354492,27.190000534057617,26.479999542236328,26.8799991607666,18.89926528930664,954900
2002-07-02,26.6299991607666,26.6299991607666,24.600000381469727,24.690000534057617,17.35948944091797,972900
2002-07-03,24.700000762939453,25.649999618530273,24.329999923706055,25.559999465942383,17.971189498901367,699300
2002-07-05,25.59000015258789,27.239999771118164,25.56999969482422,27.229999542236328,19.145355224609375,362600
2002-07-08,27.399999618530273,27.760000228881836,26.739999771118164,26.850000381469727,18.87818145751953,953400
2002-07-09,26.799999237060547,27.43000030517578,26.010000228881836,26.010000228881836,18.287578582763672,939600
2002-07-10,26.260000228881836,27.290000915527344,25.84000015258789,25.920000076293945,18.22429656982422,1130700
2002-07-11,25.93000030517578,27.049999237060547,25.399999618530273,25.860000610351562,18.182111740112305,1488800
2002-07-12,26.309999465942383,26.850000381469727,25.549999237060547,25.649999618530273,18.034460067749023,824700
2002-07-15,25.5,25.56999969482422,23.200000762939453,24.530000686645508,17.24699592590332,1214800
2002-07-16,24.530000686645508,24.729999542236328,23.489999771118164,24.25,17.050128936767578,809000
2002-07-17,25.0,25.100000381469727,23.049999237060547,23.6299991607666,16.614206314086914,854500
2002-07-18,24.0,24.190000534057617,23.100000381469727,23.389999389648438,16.445457458496094,873200
2002-07-19,23.139999389648438,23.5,22.25,22.56999969482422,15.868916511535645,1068300
2002-07-22,22.549999237060547,23.170000076293945,21.290000915527344,21.700000762939453,15.257227897644043,943200
2002-07-23,21.700000762939453,23.06999969482422,21.3700008392334,21.700000762939453,15.257227897644043,1091900
2002-07-24,21.600000381469727,24.040000915527344,21.0,24.0,16.874353408813477,1073000
2002-07-25,23.950000762939453,23.950000762939453,22.799999237060547,23.770000457763672,16.712636947631836,726700
2002-07-26,23.700000762939453,23.860000610351562,22.450000762939453,23.75,16.69856834411621,766700
2002-07-29,23.850000381469727,25.549999237060547,23.75,25.40999984741211,17.8657283782959,762600
2002-07-30,25.40999984741211,25.5,24.06999969482422,25.010000228881836,17.58448028564453,753600
2002-07-31,24.760000228881836,24.81999969482422,23.030000686645508,23.5,16.52280044555664,725900
2002-08-01,22.950000762939453,23.6200008392334,22.520000457763672,22.6299991607666,15.911109924316406,680600
2002-08-02,22.6299991607666,22.850000381469727,21.510000228881836,21.809999465942383,15.334567070007324,585700
2002-08-05,21.809999465942383,22.5,21.670000076293945,21.75,15.292380332946777,662700
2002-08-06,21.850000381469727,23.34000015258789,21.850000381469727,22.899999618530273,16.100940704345703,873900
2002-08-07,23.149999618530273,23.690000534057617,22.0,22.399999618530273,15.749391555786133,617900
2002-08-08,22.649999618530273,22.649999618530273,21.25,21.799999237060547,15.327537536621094,1231300
2002-08-09,21.799999237060547,23.25,21.459999084472656,22.959999084472656,16.14313316345215,823700
2002-08-12,22.399999618530273,22.649999618530273,21.899999618530273,22.079999923706055,15.524404525756836,449000
2002-08-13,22.200000762939453,22.579999923706055,21.510000228881836,21.639999389648438,15.215044021606445,802500
2002-08-14,21.639999389648438,23.700000762939453,21.5,23.600000381469727,16.593116760253906,738900
2002-08-15,23.950000762939453,25.0,23.950000762939453,24.799999237060547,17.436824798583984,693400
2002-08-16,24.739999771118164,24.899999618530273,24.200000762939453,24.719999313354492,17.380582809448242,517600
2002-08-19,24.5,25.649999618530273,24.209999084472656,24.889999389648438,17.500102996826172,763600
2002-08-20,24.639999389648438,25.899999618530273,23.950000762939453,25.309999465942383,17.79540252685547,1065100
2002-08-21,26.200000762939453,27.40999984741211,25.719999313354492,27.40999984741211,19.271909713745117,1776500
2002-08-22,27.15999984741211,28.139999389648438,26.899999618530273,27.979999542236328,19.672679901123047,1087600
2002-08-23,27.729999542236328,27.729999542236328,27.010000228881836,27.040000915527344,19.011775970458984,509300
2002-08-26,27.100000381469727,27.5,26.530000686645508,27.1200008392334,19.068012237548828,622000
2002-08-27,27.299999237060547,27.510000228881836,26.0,26.829999923706055,18.864120483398438,578000
2002-08-28,26.760000228881836,27.299999237060547,26.0,26.940000534057617,18.941457748413086,732300
2002-08-29,24.700000762939453,24.719999313354492,22.760000228881836,22.760000228881836,16.002511978149414,2706500
2002-08-30,24.0,24.75,23.59000015258789,24.559999465942383,17.268083572387695,1121400
2002-09-03,24.459999084472656,24.850000381469727,23.510000228881836,23.600000381469727,16.593116760253906,856800
2002-09-04,23.8799991607666,24.639999389648438,23.760000228881836,24.440000534057617,17.183717727661133,742300
2002-09-05,23.700000762939453,24.299999237060547,23.100000381469727,23.860000610351562,16.775920867919922,1220700
2002-09-06,24.399999618530273,24.729999542236328,24.149999618530273,24.729999542236328,17.387609481811523,516800
2002-09-09,24.700000762939453,25.200000762939453,24.149999618530273,24.969999313354492,17.556365966796875,355200
2002-09-10,24.950000762939453,25.5,24.639999389648438,25.239999771118164,17.74619483947754,527000
2002-09-11,25.399999618530273,25.510000228881836,25.0,25.139999389648438,17.675884246826172,321300
2002-09-12,24.950000762939453,25.329999923706055,24.549999237060547,25.25,17.75322914123535,494100
2002-09-13,25.25,25.709999084472656,24.799999237060547,25.479999542236328,17.91493797302246,273600
2002-09-16,25.3799991607666,26.1200008392334,25.3799991607666,26.0,18.28054428100586,480100
2002-09-17,26.399999618530273,26.450000762939453,25.329999923706055,25.610000610351562,18.0063419342041,480600
2002-09-18,25.399999618530273,25.399999618530273,24.5,24.959999084472656,17.549314498901367,498600
2002-09-19,24.399999618530273,25.1299991607666,24.399999618530273,24.799999237060547,17.436824798583984,525600
2002-09-20,24.760000228881836,25.030000686645508,24.299999237060547,24.59000015258789,17.289175033569336,441700
2002-09-23,24.0,24.0,23.0,23.149999618530273,16.276716232299805,738800
2002-09-24,22.829999923706055,23.229999542236328,22.280000686645508,22.729999542236328,15.981422424316406,736700
2002-09-25,22.979999542236328,23.5,22.690000534057617,23.290000915527344,16.375150680541992,594700
2002-09-26,23.25,23.610000610351562,22.75,23.0,16.199077606201172,617500
2002-09-27,22.75,22.84000015258789,21.440000534057617,21.450000762939453,15.10739517211914,1000800
2002-09-30,20.850000381469727,20.860000610351562,18.899999618530273,20.18000030517578,14.212931632995605,2553700
2002-10-01,20.100000381469727,21.350000381469727,19.440000534057617,21.260000228881836,14.97358512878418,1266300
2002-10-02,21.110000610351562,21.1200008392334,19.450000762939453,19.459999084472656,13.70582103729248,1332500
2002-10-03,19.709999084472656,19.959999084472656,18.469999313354492,18.479999542236328,13.015605926513672,1283200
2002-10-04,18.729999542236328,19.399999618530273,16.299999237060547,17.479999542236328,12.311297416687012,3606000
2002-10-07,16.799999237060547,17.6200008392334,16.399999618530273,16.530000686645508,11.642204284667969,2068500
2002-10-08,17.049999237060547,18.270000457763672,16.510000228881836,17.600000381469727,12.395816802978516,1054300
2002-10-09,17.350000381469727,18.0,16.34000015258789,16.579999923706055,11.677420616149902,759000
2002-10-10,15.75,17.040000915527344,15.510000228881836,17.010000228881836,11.980273246765137,1180700
2002-10-11,17.399999618530273,18.200000762939453,17.329999923706055,17.760000228881836,12.508500099182129,774400
2002-10-14,17.299999237060547,18.739999771118164,17.299999237060547,17.920000076293945,12.62119197845459,732900
2002-10-15,19.389999389648438,19.389999389648438,18.670000076293945,18.989999771118164,13.374799728393555,823200
2002-10-16,18.790000915527344,18.899999618530273,17.399999618530273,17.709999084472656,12.473291397094727,766000
2002-10-17,18.100000381469727,18.100000381469727,15.399999618530273,15.59000015258789,10.980155944824219,2699600
2002-10-18,15.699999809265137,16.799999237060547,15.600000381469727,16.399999618530273,11.550642967224121,983100
2002-10-21,15.850000381469727,16.520000457763672,15.600000381469727,16.510000228881836,11.628120422363281,960900
2002-10-22,16.5,17.65999984741211,16.43000030517578,16.780000686645508,11.818285942077637,883200
2002-10-23,16.780000686645508,17.100000381469727,16.639999389648438,17.059999465942383,12.015485763549805,475100
2002-10-24,17.059999465942383,17.31999969482422,16.389999389648438,16.739999771118164,11.790106773376465,1006400
2002-10-25,16.899999618530273,17.0,16.540000915527344,17.0,11.97323226928711,613300
2002-10-28,17.18000030517578,17.270000457763672,16.290000915527344,16.450000762939453,11.585859298706055,815100
2002-10-29,16.600000381469727,16.899999618530273,16.0,16.450000762939453,11.585859298706055,863300
2002-10-30,16.450000762939453,16.450000762939453,15.770000457763672,16.040000915527344,11.297094345092773,956700
2002-10-31,16.100000381469727,16.799999237060547,16.040000915527344,16.489999771118164,11.614030838012695,551400
2002-11-01,16.15999984741211,16.8700008392334,16.0,16.739999771118164,11.790106773376465,681100
2002-11-04,16.850000381469727,17.389999389648438,16.549999237060547,16.979999542236328,11.95914077758789,941600
2002-11-05,16.780000686645508,17.549999237060547,16.5,17.420000076293945,12.269034385681152,969500
2002-11-06,17.360000610351562,17.81999969482422,17.040000915527344,17.399999618530273,12.254951477050781,1077200
2002-11-07,17.649999618530273,17.75,17.079999923706055,17.469999313354492,12.304254531860352,704700
2002-11-08,17.469999313354492,17.760000228881836,17.0,17.170000076293945,12.092957496643066,525000
2002-11-11,17.18000030517578,17.18000030517578,16.530000686645508,16.649999618530273,11.726723670959473,240800
2002-11-12,16.65999984741211,17.25,16.489999771118164,16.93000030517578,11.923929214477539,453300
2002-11-13,16.940000534057617,17.200000762939453,16.360000610351562,16.989999771118164,11.966187477111816,484000
2002-11-14,17.399999618530273,18.049999237060547,17.190000534057617,17.959999084472656,12.649367332458496,716800
2002-11-15,18.0,18.350000381469727,18.0,18.200000762939453,12.818401336669922,405300
2002-11-18,18.149999618530273,18.350000381469727,17.75,17.75,12.501463890075684,456300
2002-11-19,17.5,17.81999969482422,17.25,17.440000534057617,12.283126831054688,425900
2002-11-20,17.440000534057617,18.170000076293945,17.440000534057617,17.950000762939453,12.642317771911621,542100
2002-11-21,17.959999084472656,17.959999084472656,16.809999465942383,17.190000534057617,12.107047080993652,820300
2002-11-22,16.690000534057617,18.010000228881836,16.219999313354492,17.450000762939453,12.290169715881348,628900
2002-11-25,17.299999237060547,17.799999237060547,17.25,17.479999542236328,12.311297416687012,466900
2002-11-26,17.489999771118164,17.489999771118164,17.079999923706055,17.3799991607666,12.240867614746094,628000
2002-11-27,17.3799991607666,18.239999771118164,17.209999084472656,18.059999465942383,12.719792366027832,465100
2002-11-29,18.25,19.510000228881836,18.200000762939453,19.31999969482422,13.607223510742188,707700
2002-12-02,19.549999237060547,20.170000076293945,18.75,18.790000915527344,13.233940124511719,1129900
2002-12-03,18.600000381469727,18.700000762939453,17.520000457763672,17.610000610351562,12.402860641479492,1062300
2002-12-04,17.299999237060547,17.549999237060547,17.030000686645508,17.110000610351562,12.050704956054688,1342700
2002-12-05,17.149999618530273,17.360000610351562,16.700000762939453,17.110000610351562,12.050704956054688,1021000
2002-12-06,16.950000762939453,17.219999313354492,16.600000381469727,17.06999969482422,12.022527694702148,422600
2002-12-09,17.079999923706055,17.079999923706055,16.170000076293945,16.18000030517578,11.395697593688965,797400
2002-12-10,16.399999618530273,16.639999389648438,16.06999969482422,16.59000015258789,11.68446159362793,1420600
2002-12-11,16.450000762939453,16.799999237060547,16.25,16.719999313354492,11.776026725769043,792300
2002-12-12,16.920000076293945,17.110000610351562,16.5,16.719999313354492,11.776026725769043,694000
2002-12-13,16.469999313354492,16.799999237060547,16.100000381469727,16.15999984741211,11.381608963012695,798000
2002-12-16,16.170000076293945,16.549999237060547,16.0,16.549999237060547,11.656291007995605,424600
2002-12-17,16.600000381469727,16.600000381469727,16.219999313354492,16.219999313354492,11.423872947692871,505400
2002-12-18,16.200000762939453,16.200000762939453,15.800000190734863,15.800000190734863,11.128064155578613,467000
2002-12-19,15.800000190734863,16.299999237060547,15.789999961853027,16.010000228881836,11.275965690612793,421900
2002-12-20,16.030000686645508,16.350000381469727,15.960000038146973,16.200000762939453,11.409786224365234,485500
2002-12-23,16.209999084472656,16.219999313354492,15.34000015258789,15.390000343322754,10.839290618896484,790200
2002-12-24,15.550000190734863,15.770000457763672,15.300000190734863,15.649999618530273,11.02241325378418,225400
2002-12-26,15.600000381469727,15.930000305175781,15.369999885559082,15.460000038146973,10.88859748840332,270100
2002-12-27,15.359999656677246,15.4399995803833,15.180000305175781,15.279999732971191,10.789737701416016,366300
2002-12-30,15.279999732971191,15.84000015258789,15.069999694824219,15.699999809265137,11.086312294006348,442200
2002-12-31,15.699999809265137,16.059999465942383,15.380000114440918,15.859999656677246,11.199295043945312,321300
2003-01-02,15.800000190734863,16.459999084472656,15.75,16.459999084472656,11.622973442077637,455400
2003-01-03,16.399999618530273,16.469999313354492,15.710000038146973,15.75,11.12161636352539,632300
2003-01-06,15.699999809265137,16.149999618530273,15.550000190734863,16.040000915527344,11.326396942138672,752500
2003-01-07,15.649999618530273,16.0,15.649999618530273,15.65999984741211,11.058066368103027,523300
2003-01-08,15.649999618530273,16.100000381469727,15.489999771118164,15.739999771118164,11.114558219909668,674300
2003-01-09,15.739999771118164,16.65999984741211,15.670000076293945,16.65999984741211,11.764205932617188,661100
2003-01-10,16.450000762939453,16.90999984741211,16.309999465942383,16.860000610351562,11.90542984008789,508700
2003-01-13,17.479999542236328,17.68000030517578,16.700000762939453,17.6200008392334,12.442084312438965,1506500
2003-01-14,17.6299991607666,17.799999237060547,17.149999618530273,17.260000228881836,12.187881469726562,677400
2003-01-15,17.209999084472656,17.219999313354492,16.799999237060547,17.110000610351562,12.081966400146484,516100
2003-01-16,17.1299991607666,17.459999084472656,16.389999389648438,16.950000762939453,11.968979835510254,668100
2003-01-17,16.809999465942383,17.079999923706055,16.56999969482422,17.040000915527344,12.032536506652832,468900
2003-01-21,16.989999771118164,17.18000030517578,16.420000076293945,16.510000228881836,11.658284187316895,697500
2003-01-22,16.520000457763672,16.639999389648438,16.3799991607666,16.389999389648438,11.573543548583984,560700
2003-01-23,16.43000030517578,16.700000762939453,16.280000686645508,16.579999923706055,11.707712173461914,482100
2003-01-24,16.530000686645508,16.700000762939453,16.049999237060547,16.09000015258789,11.361703872680664,338100
2003-01-27,15.890000343322754,16.25,15.680000305175781,15.75,11.12161636352539,612600
2003-01-28,15.800000190734863,16.06999969482422,15.529999732971191,15.670000076293945,11.065125465393066,281900
2003-01-29,15.600000381469727,15.6899995803833,15.380000114440918,15.510000228881836,10.952147483825684,498800
2003-01-30,15.609999656677246,15.890000343322754,15.270000457763672,15.3100004196167,10.810916900634766,455900
2003-01-31,15.199999809265137,15.390000343322754,14.90999984741211,15.0,10.592021942138672,960600
2003-02-03,15.119999885559082,15.5,15.010000228881836,15.100000381469727,10.662631034851074,718300
2003-02-04,15.100000381469727,15.109999656677246,14.8100004196167,14.9399995803833,10.54964542388916,480100
2003-02-05,15.199999809265137,15.279999732971191,14.850000381469727,15.0,10.592021942138672,752700
2003-02-06,14.899999618530273,15.239999771118164,14.619999885559082,14.619999885559082,10.323692321777344,648200
2003-02-07,14.899999618530273,15.149999618530273,14.65999984741211,14.920000076293945,10.535530090332031,389600
2003-02-10,14.880000114440918,15.109999656677246,14.550000190734863,14.859999656677246,10.493160247802734,550300
2003-02-11,14.869999885559082,15.149999618530273,14.649999618530273,14.670000076293945,10.358993530273438,311200
2003-02-12,14.619999885559082,14.899999618530273,14.399999618530273,14.470000267028809,10.217766761779785,197000
2003-02-13,14.369999885559082,14.510000228881836,13.850000381469727,14.09000015258789,9.94943618774414,462900
2003-02-14,14.069999694824219,14.460000038146973,13.90999984741211,14.460000038146973,10.210709571838379,398900
2003-02-18,14.460000038146973,15.020000457763672,14.460000038146973,14.979999542236328,10.577898979187012,367200
2003-02-19,14.880000114440918,14.880000114440918,14.210000038146973,14.260000228881836,10.06948184967041,242900
2003-02-20,14.15999984741211,14.15999984741211,13.869999885559082,14.0600004196167,9.928252220153809,363800
2003-02-21,14.15999984741211,14.329999923706055,13.899999618530273,14.300000190734863,10.097725868225098,405600
2003-02-24,14.199999809265137,14.210000038146973,13.5,13.619999885559082,9.61755084991455,335700
2003-02-25,13.520000457763672,13.9399995803833,13.460000038146973,13.9399995803833,9.843513488769531,315500
2003-02-26,13.9399995803833,13.9399995803833,13.470000267028809,13.630000114440918,9.624618530273438,388300
2003-02-27,13.800000190734863,14.100000381469727,13.630000114440918,14.0,9.885887145996094,448100
2003-02-28,14.100000381469727,14.25,13.819999694824219,13.949999809265137,9.850577354431152,271600
2003-03-03,14.239999771118164,14.239999771118164,13.829999923706055,13.850000381469727,9.779966354370117,337600
2003-03-04,13.859999656677246,13.970000267028809,13.520000457763672,13.550000190734863,9.568124771118164,742300
2003-03-05,13.520000457763672,13.600000381469727,13.199999809265137,13.399999618530273,9.462201118469238,696700
2003-03-06,13.300000190734863,13.960000038146973,13.25,13.5,9.532821655273438,1122600
2003-03-07,13.5,13.5,12.369999885559082,12.5,8.826684951782227,1955500
2003-03-10,12.529999732971191,12.75,12.319999694824219,12.649999618530273,8.932600021362305,1152200
2003-03-11,12.680000305175781,13.039999961853027,12.529999732971191,12.619999885559082,8.911417007446289,1102300
2003-03-12,12.59000015258789,12.609999656677246,12.34000015258789,12.489999771118164,8.819621086120605,1518700
2003-03-13,12.569999694824219,12.84000015258789,12.5600004196167,12.770000457763672,9.017339706420898,703500
2003-03-14,12.819999694824219,13.109999656677246,12.640000343322754,12.920000076293945,9.123260498046875,479700
2003-03-17,12.890000343322754,13.619999885559082,12.829999923706055,13.289999961853027,9.384527206420898,622000
2003-03-18,13.390000343322754,13.729999542236328,13.359999656677246,13.5600004196167,9.57518196105957,437000
2003-03-19,13.600000381469727,13.829999923706055,13.199999809265137,13.4399995803833,9.490447044372559,362500
2003-03-20,13.449999809265137,13.460000038146973,13.09000015258789,13.380000114440918,9.448080062866211,743700
2003-03-21,13.479999542236328,14.050000190734863,13.140000343322754,14.050000190734863,9.921192169189453,935900
2003-03-24,13.800000190734863,13.890000343322754,12.859999656677246,12.880000114440918,9.095012664794922,678500
2003-03-25,12.920000076293945,13.100000381469727,12.800000190734863,12.930000305175781,9.13032054901123,779600
2003-03-26,12.899999618530273,13.149999618530273,12.8100004196167,13.010000228881836,9.186809539794922,819500
2003-03-27,12.869999885559082,13.079999923706055,12.800000190734863,13.029999732971191,9.229310989379883,492500
2003-03-28,13.029999732971191,13.050000190734863,12.869999885559082,13.0,9.208061218261719,602000
2003-03-31,13.0,13.25,12.649999618530273,12.920000076293945,9.151395797729492,853900
2003-04-01,12.920000076293945,13.050000190734863,12.850000381469727,12.9399995803833,9.165558815002441,1437600
2003-04-02,13.220000267028809,13.399999618530273,13.0,13.039999961853027,9.2363920211792,546100
2003-04-03,13.130000114440918,13.25,12.949999809265137,13.050000190734863,9.243474006652832,355200
2003-04-04,13.149999618530273,13.199999809265137,12.760000228881836,12.9399995803833,9.165558815002441,440900
2003-04-07,13.100000381469727,13.3100004196167,12.890000343322754,12.930000305175781,9.15848159790039,414500
2003-04-08,13.0,13.100000381469727,12.899999618530273,12.979999542236328,9.193894386291504,453000
2003-04-09,13.0,13.0,12.819999694824219,12.829999923706055,9.087647438049316,708400
2003-04-10,12.829999923706055,13.0600004196167,12.739999771118164,12.979999542236328,9.193894386291504,392400
2003-04-11,13.079999923706055,13.25,12.789999961853027,12.869999885559082,9.11597728729248,553200
2003-04-14,12.869999885559082,13.130000114440918,12.869999885559082,13.0,9.208061218261719,511700
2003-04-15,13.0,13.100000381469727,12.880000114440918,12.960000038146973,9.17972469329834,502500
2003-04-16,13.029999732971191,13.039999961853027,12.8100004196167,12.850000381469727,9.101815223693848,596000
2003-04-17,12.850000381469727,13.020000457763672,12.850000381469727,12.989999771118164,9.200976371765137,514000
2003-04-21,12.899999618530273,13.050000190734863,12.890000343322754,12.970000267028809,9.186812400817871,375100
2003-04-22,12.989999771118164,13.359999656677246,12.890000343322754,13.289999961853027,9.413469314575195,561000
2003-04-23,13.260000228881836,13.270000457763672,13.0,13.149999618530273,9.314309120178223,802400
2003-04-24,13.140000343322754,13.199999809265137,13.020000457763672,13.140000343322754,9.307223320007324,685700
2003-04-25,13.100000381469727,13.180000305175781,12.930000305175781,12.930000305175781,9.15848159790039,579600
2003-04-28,12.979999542236328,13.529999732971191,12.979999542236328,13.399999618530273,9.491381645202637,1114000
2003-04-29,13.5,13.989999771118164,13.5,13.84000015258789,9.803041458129883,950000
2003-04-30,13.800000190734863,14.100000381469727,13.609999656677246,13.979999542236328,9.902207374572754,649300
2003-05-01,13.880000114440918,13.880000114440918,13.399999618530273,13.800000190734863,9.774711608886719,624100
2003-05-02,13.699999809265137,14.0,13.630000114440918,13.760000228881836,9.746376037597656,667700
2003-05-05,13.770000457763672,14.199999809265137,13.760000228881836,13.949999809265137,9.880958557128906,756700
2003-05-06,13.899999618530273,14.170000076293945,13.890000343322754,14.039999961853027,9.944705963134766,741500
2003-05-07,14.0,14.399999618530273,13.880000114440918,14.020000457763672,9.93053913116455,580300
2003-05-08,13.920000076293945,14.279999732971191,13.800000190734863,13.979999542236328,9.902207374572754,665700
2003-05-09,13.989999771118164,14.210000038146973,13.960000038146973,14.180000305175781,10.04387092590332,643300
2003-05-12,14.199999809265137,14.75,14.100000381469727,14.6899995803833,10.405107498168945,559800
2003-05-13,14.399999618530273,14.649999618530273,14.350000381469727,14.359999656677246,10.171363830566406,366800
2003-05-14,14.5,14.5,14.069999694824219,14.170000076293945,10.036787986755371,473600
2003-05-15,14.399999618530273,14.399999618530273,14.0600004196167,14.180000305175781,10.04387092590332,681000
2003-05-16,14.130000114440918,14.25,13.850000381469727,14.15999984741211,10.029703140258789,527500
2003-05-19,13.75,13.920000076293945,13.609999656677246,13.649999618530273,9.668463706970215,823400
2003-05-20,13.520000457763672,13.529999732971191,12.510000228881836,12.770000457763672,9.045146942138672,2733800
2003-05-21,12.800000190734863,13.0,12.539999961853027,12.829999923706055,9.087647438049316,950800
2003-05-22,12.729999542236328,13.130000114440918,12.729999542236328,12.989999771118164,9.200976371765137,728000
2003-05-23,12.989999771118164,13.050000190734863,12.970000267028809,13.050000190734863,9.243474006652832,490300
2003-05-27,13.029999732971191,13.390000343322754,12.970000267028809,13.149999618530273,9.314309120178223,575000
2003-05-28,13.199999809265137,13.649999618530273,13.199999809265137,13.510000228881836,9.56929874420166,558000
2003-05-29,13.329999923706055,13.649999618530273,13.010000228881836,13.140000343322754,9.307223320007324,684000
2003-05-30,13.199999809265137,13.420000076293945,13.109999656677246,13.359999656677246,9.463056564331055,484000
2003-06-02,13.539999961853027,13.949999809265137,13.489999771118164,13.59000015258789,9.625961303710938,906500
2003-06-03,13.449999809265137,13.5,13.140000343322754,13.359999656677246,9.463056564331055,782700
2003-06-04,13.399999618530273,14.0,13.350000381469727,13.859999656677246,9.817209243774414,697900
2003-06-05,13.859999656677246,14.5,13.420000076293945,14.109999656677246,9.994285583496094,810900
2003-06-06,14.210000038146973,14.40999984741211,13.680000305175781,13.739999771118164,9.73221492767334,806900
2003-06-09,13.5,13.75,13.489999771118164,13.5600004196167,9.604711532592773,599000
2003-06-10,13.399999618530273,13.600000381469727,13.300000190734863,13.569999694824219,9.611799240112305,565400
2003-06-11,13.569999694824219,13.680000305175781,13.390000343322754,13.619999885559082,9.647214889526367,521000
2003-06-12,13.619999885559082,13.619999885559082,13.300000190734863,13.4399995803833,9.5197172164917,545500
2003-06-13,13.449999809265137,13.5600004196167,12.979999542236328,13.130000114440918,9.300138473510742,664400
2003-06-16,13.199999809265137,13.579999923706055,13.15999984741211,13.579999923706055,9.618881225585938,729700
2003-06-17,13.579999923706055,13.579999923706055,13.300000190734863,13.399999618530273,9.491381645202637,374900
2003-06-18,13.399999618530273,13.5600004196167,13.319999694824219,13.449999809265137,9.526799201965332,447500
2003-06-19,13.399999618530273,13.59000015258789,13.289999961853027,13.319999694824219,9.434721946716309,508000
2003-06-20,13.430000305175781,13.699999809265137,13.25,13.520000457763672,9.576384544372559,635700
2003-06-23,13.420000076293945,13.699999809265137,13.34000015258789,13.380000114440918,9.477221488952637,679800
2003-06-24,13.380000114440918,13.550000190734863,13.319999694824219,13.359999656677246,9.463056564331055,515800
2003-06-25,13.460000038146973,13.5,13.0,13.0600004196167,9.250560760498047,839900
2003-06-26,13.050000190734863,13.069999694824219,12.949999809265137,12.970000267028809,9.215039253234863,979500
2003-06-27,12.989999771118164,13.3100004196167,12.970000267028809,13.220000267028809,9.392656326293945,745400
2003-06-30,13.170000076293945,13.510000228881836,13.050000190734863,13.470000267028809,9.570277214050293,1666900
2003-07-01,13.539999961853027,13.680000305175781,13.25,13.640000343322754,9.691061019897461,865800
2003-07-02,13.710000038146973,13.770000457763672,13.470000267028809,13.720000267028809,9.74790096282959,726600
2003-07-03,13.720000267028809,13.739999771118164,13.5,13.670000076293945,9.71237850189209,310000
2003-07-07,13.649999618530273,13.819999694824219,13.550000190734863,13.760000228881836,9.776320457458496,582400
2003-07-08,13.760000228881836,14.170000076293945,13.760000228881836,14.149999618530273,10.053409576416016,878100
2003-07-09,14.170000076293945,14.170000076293945,13.619999885559082,13.819999694824219,9.818947792053223,817200
2003-07-10,13.819999694824219,13.819999694824219,12.869999885559082,13.380000114440918,9.50633430480957,823000
2003-07-11,13.319999694824219,13.630000114440918,13.319999694824219,13.619999885559082,9.676854133605957,868000
2003-07-14,13.720000267028809,13.989999771118164,13.6899995803833,13.8100004196167,9.811846733093262,625500
2003-07-15,14.010000228881836,14.050000190734863,13.8100004196167,13.949999809265137,9.911314010620117,747100
2003-07-16,13.960000038146973,14.140000343322754,13.75,13.989999771118164,9.939729690551758,378200
2003-07-17,13.890000343322754,13.899999618530273,13.600000381469727,13.670000076293945,9.71237850189209,462100
2003-07-18,13.75,13.949999809265137,13.59000015258789,13.890000343322754,9.868684768676758,350100
2003-07-21,13.890000343322754,13.890000343322754,13.59000015258789,13.789999961853027,9.797639846801758,379500
2003-07-22,13.770000457763672,13.960000038146973,13.510000228881836,13.899999618530273,9.875787734985352,455700
2003-07-23,14.0,14.0,13.720000267028809,14.0,9.946839332580566,341700
2003-07-24,14.100000381469727,14.239999771118164,13.989999771118164,14.020000457763672,9.96104621887207,443800
2003-07-25,14.15999984741211,14.529999732971191,14.039999961853027,14.529999732971191,10.323395729064941,491900
2003-07-28,14.529999732971191,15.010000228881836,14.420000076293945,15.010000228881836,10.664429664611816,828600
2003-07-29,14.949999809265137,15.630000114440918,14.800000190734863,15.050000190734863,10.692853927612305,1199300
2003-07-30,15.130000114440918,15.220000267028809,14.8100004196167,15.079999923706055,10.714164733886719,753400
2003-07-31,15.239999771118164,15.350000381469727,14.979999542236328,15.069999694824219,10.707064628601074,548900
2003-08-01,15.119999885559082,15.119999885559082,14.75,14.949999809265137,10.62180233001709,396500
2003-08-04,14.850000381469727,15.210000038146973,14.510000228881836,15.109999656677246,10.735477447509766,576500
2003-08-05,15.210000038146973,15.210000038146973,14.600000381469727,14.609999656677246,10.380237579345703,413300
2003-08-06,14.609999656677246,14.800000190734863,14.449999809265137,14.59000015258789,10.36602783203125,486400
2003-08-07,14.800000190734863,15.119999885559082,14.699999809265137,14.930000305175781,10.607590675354004,575800
2003-08-08,14.989999771118164,15.0,14.640000343322754,14.770000457763672,10.493913650512695,426200
2003-08-11,14.779999732971191,14.970000267028809,14.720000267028809,14.90999984741211,10.593381881713867,435400
2003-08-12,14.970000267028809,15.369999885559082,14.880000114440918,15.34000015258789,10.89889144897461,445400
2003-08-13,15.34000015258789,15.479999542236328,15.220000267028809,15.300000190734863,10.870473861694336,390800
2003-08-14,15.420000076293945,16.139999389648438,15.300000190734863,16.139999389648438,11.467279434204102,1210800
2003-08-15,16.200000762939453,16.329999923706055,16.0,16.239999771118164,11.53833293914795,292400
2003-08-18,16.34000015258789,16.829999923706055,16.309999465942383,16.780000686645508,11.92199993133545,941900
2003-08-19,16.780000686645508,17.0,16.520000457763672,16.920000076293945,12.021459579467773,739300
2003-08-20,15.800000190734863,16.889999389648438,14.699999809265137,15.40999984741211,10.948626518249512,3686800
2003-08-21,15.600000381469727,16.0,15.350000381469727,15.390000343322754,10.934416770935059,1417300
2003-08-22,15.619999885559082,15.699999809265137,14.75,14.800000190734863,10.515233993530273,1020900
2003-08-25,14.859999656677246,15.100000381469727,14.75,15.0,10.657323837280273,876500
2003-08-26,14.949999809265137,15.319999694824219,14.949999809265137,15.25,10.834948539733887,700900
2003-08-27,15.149999618530273,15.449999809265137,15.119999885559082,15.239999771118164,10.827844619750977,584100
2003-08-28,15.25,15.359999656677246,15.1899995803833,15.260000228881836,10.842056274414062,642800
2003-08-29,15.15999984741211,15.449999809265137,15.0,15.130000114440918,10.749691009521484,540100
2003-09-02,15.1899995803833,15.859999656677246,15.1899995803833,15.859999656677246,11.268346786499023,753400
2003-09-03,16.18000030517578,16.399999618530273,15.869999885559082,16.040000915527344,11.396232604980469,732500
2003-09-04,15.920000076293945,15.930000305175781,15.100000381469727,15.199999809265137,10.799423217773438,868300
2003-09-05,15.199999809265137,15.5,15.020000457763672,15.3100004196167,10.877575874328613,687700
2003-09-08,15.3100004196167,15.739999771118164,15.199999809265137,15.670000076293945,11.133355140686035,823200
2003-09-09,15.520000457763672,15.529999732971191,15.140000343322754,15.170000076293945,10.778106689453125,866400
2003-09-10,15.199999809265137,15.229999542236328,14.869999885559082,14.9399995803833,10.61469554901123,581000
2003-09-11,15.039999961853027,15.460000038146973,15.039999961853027,15.329999923706055,10.891788482666016,519600
2003-09-12,15.329999923706055,15.329999923706055,14.890000343322754,15.15999984741211,10.771004676818848,461000
2003-09-15,15.130000114440918,15.350000381469727,15.050000190734863,15.170000076293945,10.778106689453125,344800
2003-09-16,15.210000038146973,15.3100004196167,15.09000015258789,15.300000190734863,10.870473861694336,314700
2003-09-17,15.210000038146973,15.479999542236328,15.199999809265137,15.449999809265137,10.977046012878418,361800
2003-09-18,15.489999771118164,15.739999771118164,15.319999694824219,15.529999732971191,11.03388500213623,423900
2003-09-19,15.40999984741211,15.470000267028809,15.329999923706055,15.420000076293945,10.955730438232422,474400
2003-09-22,15.329999923706055,15.430000305175781,15.09000015258789,15.239999771118164,10.827844619750977,405300
2003-09-23,15.300000190734863,15.4399995803833,15.170000076293945,15.359999656677246,10.913100242614746,278600
2003-09-24,15.279999732971191,15.350000381469727,14.979999542236328,15.0,10.657323837280273,408800
2003-09-25,15.069999694824219,15.149999618530273,14.75,14.800000190734863,10.515233993530273,477700
2003-09-26,14.65999984741211,14.800000190734863,14.289999961853027,14.4399995803833,10.287254333496094,613400
2003-09-29,14.4399995803833,14.569999694824219,14.130000114440918,14.279999732971191,10.173269271850586,871800
2003-09-30,14.279999732971191,14.279999732971191,13.800000190734863,13.979999542236328,9.959540367126465,769300
2003-10-01,14.199999809265137,14.75,14.130000114440918,14.739999771118164,10.50097942352295,583800
2003-10-02,14.5600004196167,14.600000381469727,14.329999923706055,14.359999656677246,10.230263710021973,497800
2003-10-03,14.619999885559082,14.960000038146973,14.550000190734863,14.789999961853027,10.536603927612305,569600
2003-10-06,14.670000076293945,14.9399995803833,14.670000076293945,14.90999984741211,10.622092247009277,279400
2003-10-07,14.90999984741211,15.0,14.520000457763672,14.949999809265137,10.650589942932129,417700
2003-10-08,14.779999732971191,14.920000076293945,14.6899995803833,14.699999809265137,10.472482681274414,440800
2003-10-09,15.449999809265137,16.450000762939453,15.399999618530273,16.06999969482422,11.448490142822266,1571400
2003-10-10,16.209999084472656,16.34000015258789,15.789999961853027,16.049999237060547,11.43423843383789,575200
2003-10-13,16.09000015258789,16.59000015258789,16.079999923706055,16.389999389648438,11.676462173461914,286300
2003-10-14,16.309999465942383,16.59000015258789,16.219999313354492,16.579999923706055,11.811820030212402,374000
2003-10-15,16.530000686645508,16.549999237060547,16.260000228881836,16.309999465942383,11.619468688964844,301700
2003-10-16,16.31999969482422,16.670000076293945,16.31999969482422,16.549999237060547,11.79045581817627,462600
2003-10-17,16.610000610351562,16.790000915527344,16.170000076293945,16.190000534057617,11.53398323059082,646600
2003-10-20,16.239999771118164,16.399999618530273,16.020000457763672,16.139999389648438,11.498360633850098,279900
2003-10-21,16.110000610351562,16.200000762939453,15.970000267028809,16.040000915527344,11.427120208740234,358700
2003-10-22,16.030000686645508,16.040000915527344,15.710000038146973,15.949999809265137,11.36300277709961,619300
2003-10-23,15.850000381469727,16.219999313354492,15.760000228881836,16.139999389648438,11.498360633850098,357800
2003-10-24,16.0,16.0,15.220000267028809,15.729999542236328,11.206269264221191,476400
2003-10-27,15.9399995803833,16.200000762939453,15.90999984741211,16.1200008392334,11.484112739562988,383800
2003-10-28,16.219999313354492,16.600000381469727,16.170000076293945,16.600000381469727,11.826069831848145,321100
2003-10-29,16.690000534057617,16.700000762939453,16.209999084472656,16.3700008392334,11.662214279174805,590300
2003-10-30,16.600000381469727,16.610000610351562,16.020000457763672,16.200000762939453,11.541108131408691,580700
2003-10-31,16.200000762939453,16.350000381469727,16.06999969482422,16.170000076293945,11.519732475280762,290700
2003-11-03,16.170000076293945,16.309999465942383,15.970000267028809,16.1200008392334,11.484112739562988,499800
2003-11-04,15.979999542236328,15.979999542236328,15.670000076293945,15.770000457763672,11.234766006469727,496500
2003-11-05,15.84000015258789,15.850000381469727,15.5,15.710000038146973,11.19201946258545,571300
2003-11-06,15.710000038146973,15.710000038146973,15.149999618530273,15.5600004196167,11.085162162780762,792700
2003-11-07,15.539999961853027,15.850000381469727,15.359999656677246,15.430000305175781,10.992547035217285,439600
2003-11-10,15.510000228881836,15.510000228881836,15.210000038146973,15.270000457763672,10.878560066223145,632400
2003-11-11,15.470000267028809,16.1200008392334,15.199999809265137,15.75,11.220519065856934,985300
2003-11-12,15.75,15.819999694824219,15.399999618530273,15.4399995803833,10.999666213989258,587000
2003-11-13,15.4399995803833,15.4399995803833,15.029999732971191,15.220000267028809,10.842940330505371,631600
2003-11-14,15.119999885559082,15.609999656677246,15.119999885559082,15.130000114440918,10.778820991516113,480700
2003-11-17,15.130000114440918,15.130000114440918,14.600000381469727,14.819999694824219,10.557977676391602,506100
2003-11-18,14.899999618530273,15.079999923706055,14.470000267028809,14.539999961853027,10.358500480651855,408100
2003-11-19,14.539999961853027,14.640000343322754,14.399999618530273,14.460000038146973,10.301506996154785,779200
2003-11-20,14.460000038146973,14.869999885559082,14.390000343322754,14.5,10.329999923706055,908800
2003-11-21,15.5,15.760000228881836,15.199999809265137,15.569999694824219,11.09228515625,1798800
2003-11-24,15.649999618530273,16.600000381469727,15.510000228881836,16.579999923706055,11.811820030212402,1138200
2003-11-25,16.56999969482422,16.989999771118164,16.530000686645508,16.8700008392334,12.018420219421387,726800
2003-11-26,16.8700008392334,17.110000610351562,16.600000381469727,16.719999313354492,11.911559104919434,799700
2003-11-28,16.770000457763672,16.950000762939453,16.719999313354492,16.850000381469727,12.004179954528809,190700
2003-12-01,17.059999465942383,17.1299991607666,16.809999465942383,17.059999465942383,12.153776168823242,521500
2003-12-02,17.079999923706055,17.110000610351562,16.540000915527344,16.600000381469727,11.826069831848145,1239600
2003-12-03,16.75,16.84000015258789,16.329999923706055,16.56999969482422,11.804696083068848,652200
2003-12-04,16.5,16.5,15.449999809265137,15.729999542236328,11.206269264221191,935700
2003-12-05,15.739999771118164,15.869999885559082,15.350000381469727,15.460000038146973,11.013917922973633,652400
2003-12-08,15.600000381469727,15.760000228881836,15.329999923706055,15.65999984741211,11.156405448913574,464200
2003-12-09,15.680000305175781,15.680000305175781,15.229999542236328,15.229999542236328,10.85006332397461,429000
2003-12-10,15.359999656677246,15.479999542236328,15.0,15.0600004196167,10.72895336151123,368100
2003-12-11,15.1899995803833,15.779999732971191,15.1899995803833,15.6899995803833,11.177773475646973,587700
2003-12-12,15.6899995803833,15.6899995803833,15.3100004196167,15.4399995803833,10.999666213989258,347800
2003-12-15,15.6899995803833,15.710000038146973,15.0,15.0,10.686211585998535,645300
2003-12-16,14.949999809265137,15.369999885559082,14.579999923706055,15.279999732971191,10.8856840133667,695400
2003-12-17,15.180000305175781,15.5600004196167,15.180000305175781,15.399999618530273,10.971174240112305,547000
2003-12-18,15.550000190734863,15.789999961853027,15.449999809265137,15.770000457763672,11.234766006469727,713300
2003-12-19,15.989999771118164,15.989999771118164,15.59000015258789,15.75,11.220519065856934,713300
2003-12-22,15.649999618530273,15.84000015258789,15.609999656677246,15.760000228881836,11.227645874023438,620900
2003-12-23,15.699999809265137,16.0,15.630000114440918,16.0,11.398618698120117,621500
2003-12-24,15.8100004196167,16.0,15.739999771118164,15.880000114440918,11.313130378723145,300000
2003-12-26,15.899999618530273,16.170000076293945,15.899999618530273,16.079999923706055,11.45561695098877,219200
2003-12-29,16.15999984741211,16.399999618530273,16.0,16.350000381469727,11.67701530456543,514700
2003-12-30,16.25,16.59000015258789,16.25,16.459999084472656,11.755575180053711,520300
2003-12-31,16.549999237060547,16.56999969482422,16.18000030517578,16.459999084472656,11.755575180053711,524100
2004-01-02,16.510000228881836,16.6299991607666,16.25,16.360000610351562,11.68415641784668,434400
2004-01-05,16.360000610351562,16.469999313354492,16.06999969482422,16.40999984741211,11.719862937927246,416400
2004-01-06,16.219999313354492,16.450000762939453,16.170000076293945,16.34000015258789,11.669875144958496,591400
2004-01-07,16.350000381469727,16.489999771118164,16.239999771118164,16.469999313354492,11.762716293334961,525800
2004-01-08,16.350000381469727,16.59000015258789,15.979999542236328,16.579999923706055,11.841275215148926,645500
2004-01-09,16.3799991607666,16.3799991607666,16.0,16.0,11.427046775817871,598000
2004-01-12,16.010000228881836,16.34000015258789,15.859999656677246,16.110000610351562,11.505605697631836,819400
2004-01-13,16.139999389648438,16.31999969482422,15.9399995803833,16.299999237060547,11.641300201416016,453900
2004-01-14,16.360000610351562,16.850000381469727,16.280000686645508,16.639999389648438,11.88412857055664,389200
2004-01-15,16.829999923706055,16.979999542236328,16.3799991607666,16.93000030517578,12.091241836547852,439400
2004-01-16,17.0,17.020000457763672,16.530000686645508,16.649999618530273,11.891267776489258,416600
2004-01-20,16.65999984741211,16.729999542236328,16.350000381469727,16.530000686645508,11.805569648742676,440100
2004-01-21,16.549999237060547,17.719999313354492,16.549999237060547,17.520000457763672,12.512616157531738,1062600
2004-01-22,17.690000534057617,17.979999542236328,17.360000610351562,17.860000610351562,12.755438804626465,846600
2004-01-23,17.860000610351562,18.15999984741211,17.229999542236328,17.479999542236328,12.484052658081055,619600
2004-01-26,17.399999618530273,17.68000030517578,17.139999389648438,17.68000030517578,12.626886367797852,517900
2004-01-27,17.68000030517578,17.729999542236328,17.139999389648438,17.149999618530273,12.248360633850098,508300
2004-01-28,17.25,17.270000457763672,16.540000915527344,16.540000915527344,11.812708854675293,503400
2004-01-29,16.75,16.75,16.219999313354492,16.56999969482422,11.834131240844727,590700
2004-01-30,16.649999618530273,17.06999969482422,16.440000534057617,16.959999084472656,12.1126708984375,557200
2004-02-02,16.899999618530273,17.18000030517578,16.5,16.739999771118164,11.955545425415039,580600
2004-02-03,16.739999771118164,17.190000534057617,16.690000534057617,16.940000534057617,12.098388671875,422100
2004-02-04,16.93000030517578,16.93000030517578,16.540000915527344,16.56999969482422,11.834131240844727,486000
2004-02-05,17.0,17.229999542236328,16.8799991607666,17.049999237060547,12.176950454711914,550400
2004-02-06,17.049999237060547,17.530000686645508,17.0,17.530000686645508,12.519762992858887,389100
2004-02-09,17.530000686645508,17.6299991607666,17.389999389648438,17.469999313354492,12.476909637451172,474300
2004-02-10,17.469999313354492,17.700000762939453,17.360000610351562,17.579999923706055,12.55546760559082,258300
2004-02-11,17.649999618530273,17.649999618530273,17.0,17.510000228881836,12.50547981262207,819800
2004-02-12,17.479999542236328,17.530000686645508,17.260000228881836,17.290000915527344,12.348355293273926,255800
2004-02-13,17.399999618530273,17.420000076293945,16.950000762939453,17.0,12.141244888305664,277200
2004-02-17,17.100000381469727,17.420000076293945,16.969999313354492,17.3700008392334,12.405488014221191,481000
2004-02-18,17.469999313354492,17.489999771118164,17.190000534057617,17.34000015258789,12.38405990600586,278200
2004-02-19,17.43000030517578,17.530000686645508,17.030000686645508,17.09000015258789,12.205512046813965,299900
2004-02-20,17.200000762939453,17.290000915527344,16.850000381469727,17.15999984741211,12.255509376525879,423200
2004-02-23,17.15999984741211,17.290000915527344,16.829999923706055,16.850000381469727,12.034110069274902,612800
2004-02-24,16.850000381469727,17.15999984741211,16.84000015258789,17.010000228881836,12.148377418518066,487900
2004-02-25,17.0,17.3700008392334,16.90999984741211,17.309999465942383,12.36263370513916,596600
2004-02-26,17.350000381469727,17.709999084472656,17.110000610351562,17.709999084472656,12.648319244384766,581300
2004-02-27,17.709999084472656,17.989999771118164,17.479999542236328,17.600000381469727,12.569748878479004,572400
2004-03-01,17.799999237060547,18.709999084472656,17.729999542236328,18.549999237060547,13.248236656188965,1065600
2004-03-02,18.559999465942383,18.8799991607666,18.049999237060547,18.06999969482422,12.905418395996094,736900
2004-03-03,18.06999969482422,18.239999771118164,17.670000076293945,18.030000686645508,12.876856803894043,419100
2004-03-04,18.059999465942383,18.420000076293945,17.729999542236328,18.329999923706055,13.09111213684082,558000
2004-03-05,18.329999923706055,18.549999237060547,17.93000030517578,18.3799991607666,13.126824378967285,371300
2004-03-08,18.3799991607666,18.56999969482422,18.1200008392334,18.1200008392334,12.941134452819824,460700
2004-03-09,18.209999084472656,18.209999084472656,17.530000686645508,17.690000534057617,12.634026527404785,523900
2004-03-10,17.75,17.760000228881836,17.100000381469727,17.100000381469727,12.212660789489746,502100
2004-03-11,17.899999618530273,18.43000030517578,17.079999923706055,17.420000076293945,12.44119644165039,2089700
2004-03-12,17.649999618530273,18.100000381469727,17.510000228881836,18.09000015258789,12.919703483581543,605800
2004-03-15,17.940000534057617,18.1200008392334,17.700000762939453,17.709999084472656,12.648319244384766,545900
2004-03-16,17.899999618530273,18.020000457763672,17.739999771118164,17.940000534057617,12.812580108642578,483800
2004-03-17,18.149999618530273,18.389999389648438,18.059999465942383,18.079999923706055,12.91256046295166,395500
2004-03-18,18.06999969482422,18.079999923706055,17.540000915527344,17.959999084472656,12.826862335205078,626600
2004-03-19,17.959999084472656,18.049999237060547,17.510000228881836,17.510000228881836,12.50547981262207,625200
2004-03-22,17.520000457763672,17.559999465942383,17.079999923706055,17.219999313354492,12.298359870910645,685500
2004-03-23,17.729999542236328,17.729999542236328,17.18000030517578,17.389999389648438,12.41977596282959,599400
2004-03-24,17.489999771118164,17.809999465942383,17.309999465942383,17.799999237060547,12.712593078613281,868500
2004-03-25,18.0,18.510000228881836,17.950000762939453,18.489999771118164,13.2053804397583,969900
2004-03-26,18.489999771118164,18.540000915527344,18.200000762939453,18.34000015258789,13.098252296447754,550900
2004-03-29,18.399999618530273,19.040000915527344,18.399999618530273,18.8700008392334,13.506237030029297,636700
2004-03-30,18.700000762939453,19.200000762939453,18.68000030517578,19.139999389648438,13.699483871459961,582300
2004-03-31,19.100000381469727,19.299999237060547,19.0,19.15999984741211,13.713800430297852,698100
2004-04-01,18.399999618530273,18.40999984741211,17.690000534057617,17.989999771118164,12.876372337341309,1906900
2004-04-02,18.239999771118164,18.329999923706055,17.809999465942383,17.829999923706055,12.76185131072998,788000
2004-04-05,17.969999313354492,17.989999771118164,17.780000686645508,17.940000534057617,12.840583801269531,578100
2004-04-06,17.950000762939453,18.1200008392334,17.809999465942383,17.940000534057617,12.840583801269531,487700
2004-04-07,17.940000534057617,17.969999313354492,17.700000762939453,17.700000762939453,12.668803215026855,469900
2004-04-08,17.700000762939453,17.799999237060547,16.799999237060547,17.209999084472656,12.318081855773926,1295800
2004-04-12,17.209999084472656,17.530000686645508,17.209999084472656,17.510000228881836,12.532809257507324,657400
2004-04-13,17.600000381469727,17.649999618530273,17.200000762939453,17.200000762939453,12.31092643737793,573400
2004-04-14,17.0,17.260000228881836,16.940000534057617,17.059999465942383,12.210718154907227,420300
2004-04-15,17.270000457763672,17.670000076293945,17.15999984741211,17.34000015258789,12.411127090454102,708900
2004-04-16,17.540000915527344,17.579999923706055,17.209999084472656,17.389999389648438,12.44692325592041,361400
2004-04-19,17.559999465942383,18.440000534057617,17.399999618530273,18.43000030517578,13.191300392150879,1669200
2004-04-20,18.3700008392334,18.469999313354492,17.799999237060547,17.799999237060547,12.740378379821777,639300
2004-04-21,17.809999465942383,18.350000381469727,17.690000534057617,18.25,13.06246566772461,679700
2004-04-22,18.219999313354492,18.309999465942383,17.989999771118164,18.1299991607666,12.976571083068848,394400
2004-04-23,18.110000610351562,18.139999389648438,17.850000381469727,18.040000915527344,12.91215991973877,289500
2004-04-26,18.040000915527344,18.15999984741211,17.579999923706055,17.600000381469727,12.597229957580566,550400
2004-04-27,17.690000534057617,17.8799991607666,17.510000228881836,17.610000610351562,12.604391098022461,471700
2004-04-28,17.5,17.5,17.020000457763672,17.200000762939453,12.31092643737793,771700
2004-04-29,17.110000610351562,17.280000686645508,16.6200008392334,16.799999237060547,12.024627685546875,699600
2004-04-30,16.799999237060547,16.969999313354492,16.700000762939453,16.829999923706055,12.046098709106445,540100
2004-05-03,16.950000762939453,16.950000762939453,16.530000686645508,16.84000015258789,12.053256034851074,819900
2004-05-04,16.770000457763672,16.84000015258789,16.59000015258789,16.709999084472656,11.960209846496582,622000
2004-05-05,16.719999313354492,16.829999923706055,16.489999771118164,16.600000381469727,11.881473541259766,693100
2004-05-06,16.600000381469727,16.600000381469727,16.0,16.100000381469727,11.523601531982422,793900
2004-05-07,16.0,16.290000915527344,15.619999885559082,15.630000114440918,11.1871976852417,691700
2004-05-10,15.510000228881836,15.65999984741211,15.260000228881836,15.539999961853027,11.122777938842773,825200
2004-05-11,15.699999809265137,16.059999465942383,15.550000190734863,15.649999618530273,11.201509475708008,691700
2004-05-12,15.510000228881836,16.100000381469727,15.210000038146973,16.100000381469727,11.523601531982422,964500
2004-05-13,19.200000762939453,19.200000762939453,17.399999618530273,17.549999237060547,12.561436653137207,4040900
2004-05-14,17.510000228881836,17.700000762939453,17.219999313354492,17.440000534057617,12.482710838317871,855000
2004-05-17,17.440000534057617,18.06999969482422,17.200000762939453,17.8700008392334,12.790477752685547,1598700
2004-05-18,18.0,18.969999313354492,17.950000762939453,18.850000381469727,13.491912841796875,1622000
2004-05-19,19.149999618530273,19.610000610351562,19.079999923706055,19.079999923706055,13.656538009643555,1549200
2004-05-20,19.09000015258789,19.25,18.93000030517578,19.059999465942383,13.642227172851562,1144500
2004-05-21,19.06999969482422,19.540000915527344,19.030000686645508,19.280000686645508,13.7996826171875,730400
2004-05-24,19.420000076293945,19.549999237060547,19.079999923706055,19.329999923706055,13.83547592163086,773400
2004-05-25,19.3799991607666,19.510000228881836,19.229999542236328,19.450000762939453,13.921360969543457,1195600
2004-05-26,19.469999313354492,19.860000610351562,19.270000457763672,19.850000381469727,14.207672119140625,1014100
2004-05-27,19.950000762939453,20.280000686645508,19.75,19.889999389648438,14.236298561096191,892000
2004-05-28,19.950000762939453,20.1200008392334,19.690000534057617,20.010000228881836,14.322192192077637,518800
2004-06-01,19.860000610351562,20.3799991607666,19.829999923706055,20.3799991607666,14.587019920349121,920100
2004-06-02,20.459999084472656,20.959999084472656,20.440000534057617,20.700000762939453,14.816057205200195,1252100
2004-06-03,19.5,20.700000762939453,19.0,19.229999542236328,13.763906478881836,1816900
2004-06-04,19.440000534057617,19.989999771118164,19.31999969482422,19.8799991607666,14.229134559631348,1021500
2004-06-07,20.079999923706055,20.5,19.899999618530273,20.3799991607666,14.587019920349121,852900
2004-06-08,20.25,20.68000030517578,20.139999389648438,20.68000030517578,14.801738739013672,652500
2004-06-09,20.5,20.639999389648438,20.170000076293945,20.18000030517578,14.443865776062012,759700
2004-06-10,21.579999923706055,23.510000228881836,21.579999923706055,23.229999542236328,16.626914978027344,5262100
2004-06-14,23.25,23.25,22.260000228881836,22.270000457763672,15.939797401428223,2696000
2004-06-15,22.3700008392334,22.700000762939453,22.209999084472656,22.31999969482422,15.975580215454102,1475800
2004-06-16,22.3700008392334,22.3700008392334,21.75,22.010000228881836,15.753701210021973,1318800
2004-06-17,22.0,22.489999771118164,21.860000610351562,22.3799991607666,16.018522262573242,1089300
2004-06-18,22.3799991607666,22.649999618530273,22.239999771118164,22.260000228881836,15.932623863220215,851100
2004-06-21,22.209999084472656,22.469999313354492,22.110000610351562,22.209999084472656,15.89684009552002,716600
2004-06-22,22.25,22.280000686645508,21.93000030517578,22.239999771118164,15.918315887451172,1111000
2004-06-23,22.200000762939453,22.889999389648438,22.049999237060547,22.770000457763672,16.297658920288086,772900
2004-06-24,22.799999237060547,22.93000030517578,22.600000381469727,22.639999389648438,16.204605102539062,660900
2004-06-25,22.760000228881836,22.850000381469727,22.440000534057617,22.520000457763672,16.118724822998047,1784900
2004-06-28,22.739999771118164,23.040000915527344,22.579999923706055,22.940000534057617,16.44855499267578,850600
2004-06-29,22.93000030517578,22.93000030517578,21.670000076293945,22.040000915527344,15.803235054016113,1439900
2004-06-30,22.100000381469727,22.299999237060547,22.030000686645508,22.299999237060547,15.989653587341309,750500
2004-07-01,22.149999618530273,22.299999237060547,22.030000686645508,22.15999984741211,15.889266967773438,601600
2004-07-02,22.15999984741211,22.280000686645508,22.010000228881836,22.239999771118164,15.946638107299805,664600
2004-07-06,22.239999771118164,22.40999984741211,22.059999465942383,22.360000610351562,16.032684326171875,870300
2004-07-07,22.260000228881836,22.3799991607666,22.020000457763672,22.09000015258789,15.839092254638672,1066500
2004-07-08,21.899999618530273,22.3700008392334,21.780000686645508,22.149999618530273,15.882110595703125,1045300
2004-07-09,22.149999618530273,22.670000076293945,22.09000015258789,22.6200008392334,16.219112396240234,898400
2004-07-12,22.530000686645508,22.8799991607666,22.350000381469727,22.8700008392334,16.398365020751953,767400
2004-07-13,22.8700008392334,23.8700008392334,22.739999771118164,23.760000228881836,17.03652000427246,1364800
2004-07-14,23.760000228881836,24.31999969482422,23.459999084472656,23.639999389648438,16.950471878051758,1608400
2004-07-15,23.639999389648438,23.639999389648438,23.06999969482422,23.06999969482422,16.54176902770996,769700
2004-07-16,23.270000457763672,23.270000457763672,22.43000030517578,22.850000381469727,16.38402557373047,753500
2004-07-19,22.790000915527344,22.790000915527344,22.200000762939453,22.459999084472656,16.1043758392334,723000
2004-07-20,22.40999984741211,23.100000381469727,22.270000457763672,23.010000228881836,16.498756408691406,685300
2004-07-21,23.030000686645508,23.260000228881836,22.540000915527344,22.540000915527344,16.161752700805664,565700
2004-07-22,22.200000762939453,22.209999084472656,21.649999618530273,21.989999771118164,15.767383575439453,1061500
2004-07-23,22.0,22.600000381469727,21.84000015258789,22.290000915527344,15.982490539550781,804500
2004-07-26,22.329999923706055,22.34000015258789,21.649999618530273,21.81999969482422,15.645493507385254,510600
2004-07-27,21.829999923706055,23.149999618530273,21.829999923706055,23.059999465942383,16.534597396850586,1301500
2004-07-28,23.020000457763672,23.600000381469727,22.299999237060547,22.649999618530273,16.240615844726562,1251700
2004-07-29,22.8799991607666,23.219999313354492,22.6299991607666,22.760000228881836,16.319488525390625,821800
2004-07-30,22.850000381469727,22.93000030517578,22.450000762939453,22.790000915527344,16.34100341796875,447500
2004-08-02,22.780000686645508,23.299999237060547,22.459999084472656,22.989999771118164,16.484405517578125,611800
2004-08-03,23.0,23.059999465942383,22.360000610351562,23.040000915527344,16.5202579498291,916000
2004-08-04,22.940000534057617,23.280000686645508,22.770000457763672,22.920000076293945,16.434213638305664,1243500
2004-08-05,22.6200008392334,22.799999237060547,21.780000686645508,21.969999313354492,15.753040313720703,1030600
2004-08-06,21.549999237060547,21.799999237060547,21.31999969482422,21.479999542236328,15.401700019836426,912900
2004-08-09,24.25,24.979999542236328,22.030000686645508,22.700000762939453,16.27646255493164,5875400
2004-08-10,21.8799991607666,23.1200008392334,21.8799991607666,22.760000228881836,16.319488525390625,1425500
2004-08-11,22.760000228881836,22.760000228881836,21.729999542236328,22.0,15.774553298950195,1503800
2004-08-12,22.0,22.600000381469727,21.950000762939453,22.31999969482422,16.003999710083008,1086500
2004-08-13,22.31999969482422,22.5,22.0,22.350000381469727,16.025514602661133,631800
2004-08-16,22.40999984741211,23.219999313354492,22.40999984741211,23.139999389648438,16.591949462890625,737100
2004-08-17,23.149999618530273,23.600000381469727,23.079999923706055,23.079999923706055,16.548938751220703,381700
2004-08-18,22.0,22.450000762939453,21.049999237060547,21.399999618530273,15.344335556030273,3659800
2004-08-19,21.399999618530273,21.399999618530273,20.649999618530273,20.799999237060547,14.914119720458984,1728500
2004-08-20,20.799999237060547,20.969999313354492,20.520000457763672,20.90999984741211,14.992997169494629,1031500
2004-08-23,20.90999984741211,21.079999923706055,20.799999237060547,20.899999618530273,14.985824584960938,1088900
2004-08-24,20.81999969482422,20.920000076293945,20.1200008392334,20.1200008392334,14.426547050476074,1575300
2004-08-25,20.0,20.170000076293945,19.540000915527344,20.15999984741211,14.455228805541992,2528400
2004-08-26,20.15999984741211,20.200000762939453,19.969999313354492,20.100000381469727,14.412205696105957,891600
2004-08-27,20.110000610351562,20.3799991607666,20.049999237060547,20.200000762939453,14.483904838562012,731500
2004-08-30,20.200000762939453,20.200000762939453,19.6200008392334,19.6200008392334,14.068035125732422,681700
2004-08-31,19.5,19.549999237060547,19.0,19.0,13.623482704162598,1532300
2004-09-01,18.799999237060547,19.149999618530273,18.600000381469727,18.639999389648438,13.365348815917969,1687700
2004-09-02,18.600000381469727,19.280000686645508,18.299999237060547,19.110000610351562,13.702351570129395,1359800
2004-09-03,18.950000762939453,20.040000915527344,18.950000762939453,19.850000381469727,14.232949256896973,1321700
2004-09-07,19.889999389648438,20.190000534057617,19.549999237060547,19.979999542236328,14.326162338256836,1035300
2004-09-08,19.979999542236328,20.270000457763672,19.93000030517578,20.0,14.340508460998535,971100
2004-09-09,20.010000228881836,20.030000686645508,19.309999465942383,19.6200008392334,14.068035125732422,603400
2004-09-10,19.68000030517578,20.06999969482422,19.56999969482422,19.940000534057617,14.2974853515625,383900
2004-09-13,20.040000915527344,20.270000457763672,20.0,20.030000686645508,14.362009048461914,239900
2004-09-14,20.030000686645508,20.15999984741211,19.81999969482422,20.059999465942383,14.383522987365723,426400
2004-09-15,20.0,20.200000762939453,19.81999969482422,19.860000610351562,14.240113258361816,381200
2004-09-16,19.850000381469727,20.6200008392334,19.850000381469727,20.59000015258789,14.76354694366455,746700
2004-09-17,20.729999542236328,20.809999465942383,20.25,20.260000228881836,14.526928901672363,611100
2004-09-20,19.649999618530273,20.420000076293945,19.649999618530273,20.360000610351562,14.598636627197266,522900
2004-09-21,20.350000381469727,20.540000915527344,20.280000686645508,20.459999084472656,14.670333862304688,355200
2004-09-22,20.459999084472656,20.459999084472656,20.059999465942383,20.280000686645508,14.54127025604248,547600
2004-09-23,20.3799991607666,20.43000030517578,20.149999618530273,20.229999542236328,14.505415916442871,670400
2004-09-24,20.18000030517578,20.31999969482422,19.979999542236328,20.049999237060547,14.376359939575195,540700
2004-09-27,20.040000915527344,20.06999969482422,19.850000381469727,19.860000610351562,14.240113258361816,532200
2004-09-28,19.81999969482422,20.1299991607666,19.75,20.010000228881836,14.376631736755371,829100
2004-09-29,19.90999984741211,20.030000686645508,19.75,19.75,14.189833641052246,372900
2004-09-30,19.75,19.899999618530273,19.579999923706055,19.739999771118164,14.182635307312012,521200
2004-10-01,19.739999771118164,20.0,19.670000076293945,19.709999084472656,14.161089897155762,371000
2004-10-04,19.899999618530273,20.5,19.81999969482422,20.25,14.549057960510254,684600
2004-10-05,20.200000762939453,20.200000762939453,19.739999771118164,19.75,14.189833641052246,373700
2004-10-06,19.719999313354492,19.920000076293945,19.56999969482422,19.780000686645508,14.211379051208496,540200
2004-10-07,19.790000915527344,20.979999542236328,19.790000915527344,20.190000534057617,14.50595760345459,900200
2004-10-08,20.139999389648438,20.299999237060547,19.979999542236328,20.0,14.369446754455566,451300
2004-10-11,20.0,20.200000762939453,19.799999237060547,19.920000076293945,14.311970710754395,328600
2004-10-12,19.899999618530273,19.899999618530273,19.530000686645508,19.719999313354492,14.168272018432617,488000
2004-10-13,19.719999313354492,20.040000915527344,19.31999969482422,19.3799991607666,13.923993110656738,479900
2004-10-14,19.670000076293945,19.670000076293945,19.149999618530273,19.15999984741211,13.765931129455566,629200
2004-10-15,19.25,19.260000228881836,18.93000030517578,19.079999923706055,13.708450317382812,463900
2004-10-18,19.0,19.350000381469727,18.90999984741211,19.299999237060547,13.866506576538086,488700
2004-10-19,19.469999313354492,19.84000015258789,19.280000686645508,19.3799991607666,13.923993110656738,361700
2004-10-20,19.3799991607666,19.540000915527344,19.200000762939453,19.31999969482422,13.880885124206543,431500
2004-10-21,19.270000457763672,19.450000762939453,19.049999237060547,19.3700008392334,13.916812896728516,318100
2004-10-22,19.440000534057617,19.6299991607666,18.93000030517578,19.059999465942383,13.694083213806152,324600
2004-10-25,19.059999465942383,19.290000915527344,18.770000457763672,19.25,13.830591201782227,481500
2004-10-26,19.350000381469727,19.90999984741211,19.299999237060547,19.81999969482422,14.240113258361816,660000
2004-10-27,19.8799991607666,20.639999389648438,19.610000610351562,20.610000610351562,14.807714462280273,791100
2004-10-28,20.610000610351562,20.889999389648438,20.489999771118164,20.799999237060547,14.944222450256348,471000
2004-10-29,20.709999084472656,20.829999923706055,20.399999618530273,20.489999771118164,14.7214937210083,322600
2004-11-01,20.270000457763672,20.479999542236328,19.799999237060547,20.1299991607666,14.462854385375977,785100
2004-11-02,20.139999389648438,20.610000610351562,20.079999923706055,20.34000015258789,14.613722801208496,634400
2004-11-03,20.760000228881836,20.770000457763672,20.170000076293945,20.739999771118164,14.901114463806152,415600
2004-11-04,20.389999389648438,21.899999618530273,20.34000015258789,21.649999618530273,15.554917335510254,881500
2004-11-05,22.479999542236328,24.93000030517578,21.940000534057617,24.459999084472656,17.57383155822754,4733000
2004-11-08,23.809999465942383,24.299999237060547,22.719999313354492,23.239999771118164,16.697290420532227,1603300
2004-11-09,23.25,23.700000762939453,22.700000762939453,23.6200008392334,16.97031021118164,957500
2004-11-10,23.3700008392334,23.610000610351562,23.010000228881836,23.360000610351562,16.783510208129883,828400
2004-11-11,23.31999969482422,24.270000457763672,23.229999542236328,24.139999389648438,17.343917846679688,660500
2004-11-12,23.979999542236328,25.200000762939453,23.979999542236328,25.0,17.96179962158203,1151900
2004-11-15,25.100000381469727,25.389999389648438,24.450000762939453,24.959999084472656,17.93307113647461,1023000
2004-11-16,24.899999618530273,25.25,24.850000381469727,25.049999237060547,17.99773406982422,1108200
2004-11-17,26.75,26.860000610351562,25.579999923706055,26.649999618530273,19.147287368774414,3619600
2004-11-18,26.649999618530273,26.649999618530273,25.649999618530273,25.959999084472656,18.651540756225586,2228200
2004-11-19,25.700000762939453,26.350000381469727,24.850000381469727,26.350000381469727,18.931745529174805,2402000
2004-11-22,26.200000762939453,26.459999084472656,25.860000610351562,25.979999542236328,18.665904998779297,1630400
2004-11-23,25.5,25.860000610351562,25.030000686645508,25.549999237060547,18.35696792602539,2337800
2004-11-24,25.75,26.350000381469727,25.649999618530273,26.280000686645508,18.881452560424805,1399400
2004-11-26,26.200000762939453,26.760000228881836,26.170000076293945,26.690000534057617,19.176027297973633,440400
2004-11-29,26.649999618530273,26.65999984741211,25.809999465942383,26.290000915527344,18.88863182067871,626800
2004-11-30,26.110000610351562,26.110000610351562,24.989999771118164,25.18000030517578,18.09113883972168,1188300
2004-12-01,25.549999237060547,26.139999389648438,25.389999389648438,26.010000228881836,18.68745994567871,1102500
2004-12-02,25.6200008392334,26.670000076293945,25.200000762939453,26.200000762939453,18.823974609375,1255000
2004-12-03,26.25,26.40999984741211,25.799999237060547,26.200000762939453,18.823974609375,729800
2004-12-06,25.3700008392334,25.93000030517578,25.100000381469727,25.329999923706055,18.198904037475586,1548800
2004-12-07,25.34000015258789,25.3700008392334,24.969999313354492,25.06999969482422,18.01210594177246,1032300
2004-12-08,25.190000534057617,25.799999237060547,25.190000534057617,25.770000457763672,18.515031814575195,892800
2004-12-09,25.469999313354492,25.75,24.8799991607666,25.75,18.500659942626953,1061600
2004-12-10,25.700000762939453,25.989999771118164,25.350000381469727,25.829999923706055,18.55813980102539,738700
2004-12-13,25.81999969482422,25.899999618530273,25.170000076293945,25.709999084472656,18.471921920776367,532500
2004-12-14,25.520000457763672,26.209999084472656,25.450000762939453,26.18000030517578,18.809602737426758,1230400
2004-12-15,26.170000076293945,26.700000762939453,26.170000076293945,26.6200008392334,19.1257266998291,983500
2004-12-16,26.6299991607666,26.6299991607666,26.229999542236328,26.31999969482422,18.910192489624023,579000
2004-12-17,26.329999923706055,26.489999771118164,25.93000030517578,26.020000457763672,18.694644927978516,693000
2004-12-20,26.1200008392334,26.200000762939453,25.81999969482422,25.84000015258789,18.56532096862793,590900
2004-12-21,25.93000030517578,26.3700008392334,25.729999542236328,26.360000610351562,18.93893051147461,755100
2004-12-22,26.149999618530273,27.5,26.100000381469727,26.889999389648438,19.319713592529297,1041600
2004-12-23,26.809999465942383,26.969999313354492,26.040000915527344,26.09000015258789,18.744943618774414,745900
2004-12-27,26.34000015258789,26.559999465942383,25.959999084472656,26.010000228881836,18.68745994567871,661100
2004-12-28,25.989999771118164,26.309999465942383,25.719999313354492,26.1200008392334,18.766483306884766,590700
2004-12-29,25.950000762939453,26.239999771118164,25.950000762939453,26.049999237060547,18.744905471801758,705600
2004-12-30,26.09000015258789,26.600000381469727,25.940000534057617,26.540000915527344,19.09749984741211,575200
2004-12-31,26.6200008392334,27.139999389648438,26.56999969482422,26.8700008392334,19.33496856689453,680500
2005-01-03,27.030000686645508,27.350000381469727,26.68000030517578,26.8700008392334,19.33496856689453,643100
2005-01-04,26.84000015258789,26.969999313354492,25.979999542236328,26.309999465942383,18.93199348449707,815300
2005-01-05,26.31999969482422,26.440000534057617,25.790000915527344,26.18000030517578,18.838457107543945,856300
2005-01-06,26.5,26.739999771118164,26.25,26.280000686645508,18.91041374206543,556200
2005-01-07,26.530000686645508,26.530000686645508,26.110000610351562,26.299999237060547,18.924806594848633,647700
2005-01-10,26.219999313354492,26.860000610351562,26.209999084472656,26.639999389648438,19.169450759887695,601500
2005-01-11,26.43000030517578,26.700000762939453,26.209999084472656,26.25,18.888816833496094,764800
2005-01-12,26.31999969482422,26.469999313354492,25.989999771118164,26.440000534057617,19.025545120239258,419700
2005-01-13,26.440000534057617,26.899999618530273,26.239999771118164,26.6200008392334,19.155061721801758,603800
2005-01-14,26.59000015258789,27.350000381469727,26.479999542236328,27.149999618530273,19.53644371032715,688400
2005-01-18,27.149999618530273,27.5,26.920000076293945,27.309999465942383,19.65157127380371,1007300
2005-01-19,27.299999237060547,27.809999465942383,27.290000915527344,27.540000915527344,19.817079544067383,572400
2005-01-20,27.540000915527344,27.93000030517578,25.5,25.75,18.529035568237305,3689900
2005-01-21,25.75,26.200000762939453,25.65999984741211,25.920000076293945,18.651363372802734,1459300
2005-01-24,25.920000076293945,26.0,25.549999237060547,25.799999237060547,18.565011978149414,1021700
2005-01-25,25.799999237060547,25.989999771118164,25.6299991607666,25.799999237060547,18.565011978149414,1052800
2005-01-26,25.719999313354492,25.850000381469727,25.239999771118164,25.559999465942383,18.392316818237305,864400
2005-01-27,25.6299991607666,25.8700008392334,25.420000076293945,25.75,18.529035568237305,414700
2005-01-28,25.719999313354492,25.969999313354492,25.290000915527344,25.90999984741211,18.644166946411133,605000
2005-01-31,25.90999984741211,26.34000015258789,25.729999542236328,26.239999771118164,18.881624221801758,627300
2005-02-01,26.200000762939453,26.799999237060547,26.1299991607666,26.5,19.068716049194336,1170400
2005-02-02,26.5,26.559999465942383,26.15999984741211,26.239999771118164,18.881624221801758,1119300
2005-02-03,26.25,26.520000457763672,25.75,25.979999542236328,18.694534301757812,1974700
2005-02-04,26.049999237060547,26.200000762939453,25.690000534057617,25.920000076293945,18.651363372802734,1580700
2005-02-07,25.75,26.25,25.700000762939453,25.709999084472656,18.50025749206543,1011700
2005-02-08,25.56999969482422,25.920000076293945,25.479999542236328,25.700000762939453,18.493051528930664,976000
2005-02-09,25.649999618530273,25.829999923706055,25.31999969482422,25.31999969482422,18.21962547302246,518100
2005-02-10,25.450000762939453,25.690000534057617,25.260000228881836,25.440000534057617,18.305967330932617,705100
2005-02-11,25.440000534057617,25.65999984741211,25.049999237060547,25.100000381469727,18.06131362915039,911500
2005-02-14,25.149999618530273,25.690000534057617,25.049999237060547,25.420000076293945,18.29157257080078,827400
2005-02-15,25.670000076293945,26.06999969482422,25.670000076293945,25.81999969482422,18.57940673828125,1255200
2005-02-16,25.719999313354492,25.790000915527344,25.360000610351562,25.450000762939453,18.313154220581055,828500
2005-02-17,25.56999969482422,25.780000686645508,25.219999313354492,25.239999771118164,18.16204833984375,719300
2005-02-18,25.34000015258789,25.34000015258789,24.770000457763672,25.010000228881836,17.996545791625977,1019200
2005-02-22,24.989999771118164,25.079999923706055,24.579999923706055,24.6299991607666,17.723106384277344,558500
2005-02-23,24.56999969482422,24.719999313354492,24.280000686645508,24.700000762939453,17.77347755432129,917400
2005-02-24,24.649999618530273,24.65999984741211,24.31999969482422,24.469999313354492,17.607969284057617,892200
2005-02-25,24.469999313354492,24.489999771118164,24.239999771118164,24.450000762939453,17.59359359741211,1239700
2005-02-28,23.399999618530273,23.40999984741211,22.670000076293945,23.299999237060547,16.766075134277344,2642900
2005-03-01,23.399999618530273,24.420000076293945,23.360000610351562,23.90999984741211,17.20501136779785,2684600
2005-03-02,23.90999984741211,23.90999984741211,23.110000610351562,23.440000534057617,16.8668212890625,1323200
2005-03-03,23.899999618530273,24.450000762939453,23.670000076293945,23.809999465942383,17.1330623626709,2756100
2005-03-04,24.290000915527344,24.31999969482422,23.940000534057617,23.989999771118164,17.262584686279297,1337100
2005-03-07,24.0,24.049999237060547,23.6200008392334,23.899999618530273,17.19782066345215,1327000
2005-03-08,24.049999237060547,24.049999237060547,23.760000228881836,24.0,17.26978302001953,1019800
2005-03-09,23.829999923706055,23.969999313354492,23.559999465942383,23.75,17.089887619018555,1063000
2005-03-10,23.920000076293945,24.450000762939453,23.559999465942383,23.670000076293945,17.032323837280273,1186200
2005-03-11,23.75,24.3799991607666,23.670000076293945,24.3799991607666,17.5432186126709,1406300
2005-03-14,24.3799991607666,25.440000534057617,24.3799991607666,25.350000381469727,18.2412052154541,1562500
2005-03-15,25.350000381469727,26.1299991607666,25.350000381469727,25.799999237060547,18.565011978149414,1477100
2005-03-16,25.809999465942383,26.09000015258789,25.729999542236328,25.920000076293945,18.651363372802734,1327400
2005-03-17,25.959999084472656,27.239999771118164,25.549999237060547,26.649999618530273,19.176652908325195,2242900
2005-03-18,26.799999237060547,26.889999389648438,26.020000457763672,26.219999313354492,18.86723518371582,1397300
2005-03-21,26.25,26.600000381469727,25.84000015258789,26.440000534057617,19.025545120239258,690200
2005-03-22,26.469999313354492,26.989999771118164,26.06999969482422,26.149999618530273,18.816858291625977,937300
2005-03-23,26.020000457763672,26.239999771118164,25.920000076293945,26.040000915527344,18.737712860107422,518600
2005-03-24,26.040000915527344,26.059999465942383,25.639999389648438,25.81999969482422,18.57940673828125,803300
2005-03-28,25.780000686645508,26.309999465942383,25.780000686645508,26.010000228881836,18.71612548828125,563400
2005-03-29,26.010000228881836,26.350000381469727,25.719999313354492,25.93000030517578,18.687299728393555,1251900
2005-03-30,25.90999984741211,26.299999237060547,25.8799991607666,26.110000610351562,18.817026138305664,702500
2005-03-31,26.549999237060547,27.549999237060547,26.549999237060547,26.899999618530273,19.386356353759766,1643100
2005-04-01,27.260000228881836,27.75,26.90999984741211,27.219999313354492,19.616973876953125,1751600
2005-04-04,27.299999237060547,27.56999969482422,27.049999237060547,27.260000228881836,19.645803451538086,713000
2005-04-05,27.440000534057617,27.709999084472656,27.190000534057617,27.670000076293945,19.941280364990234,922400
2005-04-06,27.670000076293945,28.600000381469727,27.6299991607666,28.139999389648438,20.280006408691406,1332000
2005-04-07,28.0,28.010000228881836,26.600000381469727,26.950000762939453,19.422399520874023,1937500
2005-04-08,27.030000686645508,27.34000015258789,26.559999465942383,26.65999984741211,19.213394165039062,1008600
2005-04-11,26.65999984741211,26.84000015258789,26.209999084472656,26.670000076293945,19.220603942871094,795600
2005-04-12,26.56999969482422,26.75,26.149999618530273,26.579999923706055,19.155744552612305,587800
2005-04-13,26.510000228881836,26.75,26.06999969482422,26.100000381469727,18.809816360473633,705700
2005-04-14,26.170000076293945,26.3799991607666,25.18000030517578,25.329999923706055,18.254898071289062,1544000
2005-04-15,25.329999923706055,25.479999542236328,24.360000610351562,24.469999313354492,17.635095596313477,1391700
2005-04-18,24.530000686645508,24.719999313354492,24.200000762939453,24.670000076293945,17.779239654541016,1019900
2005-04-19,24.850000381469727,24.940000534057617,24.43000030517578,24.649999618530273,17.764820098876953,732100
2005-04-20,24.709999084472656,24.739999771118164,24.18000030517578,24.229999542236328,17.46213722229004,478200
2005-04-21,24.43000030517578,24.889999389648438,24.40999984741211,24.75,17.836889266967773,702400
2005-04-22,24.75,24.75,23.969999313354492,24.049999237060547,17.332408905029297,564000
2005-04-25,24.190000534057617,24.68000030517578,24.139999389648438,24.290000915527344,17.50537872314453,862400
2005-04-26,24.299999237060547,25.010000228881836,24.290000915527344,24.34000015258789,17.541412353515625,503400
2005-04-27,24.350000381469727,24.5,24.010000228881836,24.309999465942383,17.519790649414062,369900
2005-04-28,24.239999771118164,24.40999984741211,23.799999237060547,23.899999618530273,17.22431182861328,738300
2005-04-29,23.969999313354492,24.020000457763672,23.030000686645508,23.270000457763672,16.77027702331543,1352800
2005-05-02,23.09000015258789,23.489999771118164,22.6200008392334,23.239999771118164,16.748659133911133,1046700
2005-05-03,23.270000457763672,23.530000686645508,23.049999237060547,23.18000030517578,16.705413818359375,1157300
2005-05-04,23.34000015258789,23.770000457763672,23.190000534057617,23.549999237060547,16.97206687927246,711100
2005-05-05,23.700000762939453,24.209999084472656,23.600000381469727,23.790000915527344,17.145038604736328,467500
2005-05-06,24.049999237060547,24.209999084472656,23.8700008392334,23.940000534057617,17.253141403198242,906800
2005-05-09,24.020000457763672,24.469999313354492,23.889999389648438,24.239999771118164,17.469345092773438,684900
2005-05-10,24.1200008392334,24.350000381469727,23.850000381469727,24.149999618530273,17.40447425842285,801800
2005-05-11,24.299999237060547,24.559999465942383,24.100000381469727,24.489999771118164,17.649513244628906,745600
2005-05-12,24.420000076293945,24.579999923706055,24.170000076293945,24.25,17.476543426513672,777600
2005-05-13,24.209999084472656,24.34000015258789,23.65999984741211,23.75,17.116212844848633,839300
2005-05-16,23.75,24.440000534057617,23.709999084472656,24.43000030517578,17.60626792907715,553100
2005-05-17,24.540000915527344,24.850000381469727,24.440000534057617,24.790000915527344,17.865718841552734,592700
2005-05-18,25.100000381469727,25.459999084472656,24.809999465942383,25.420000076293945,18.319744110107422,650700
2005-05-19,25.43000030517578,25.799999237060547,25.350000381469727,25.649999618530273,18.485506057739258,640000
2005-05-20,25.770000457763672,25.770000457763672,24.989999771118164,25.290000915527344,18.22605323791504,657800
2005-05-23,25.25,25.68000030517578,25.200000762939453,25.459999084472656,18.34857177734375,582100
2005-05-24,22.549999237060547,23.510000228881836,22.5,23.350000381469727,16.827939987182617,3813200
2005-05-25,23.5,24.190000534057617,23.149999618530273,23.850000381469727,17.188274383544922,1555500
2005-05-26,23.899999618530273,24.190000534057617,23.809999465942383,23.950000762939453,17.260343551635742,882200
2005-05-27,24.049999237060547,24.280000686645508,23.979999542236328,24.040000915527344,17.325204849243164,252300
2005-05-31,24.010000228881836,24.260000228881836,23.829999923706055,23.920000076293945,17.238733291625977,877600
2005-06-01,23.950000762939453,24.309999465942383,23.8700008392334,23.90999984741211,17.231517791748047,654600
2005-06-02,24.100000381469727,24.780000686645508,24.06999969482422,24.719999313354492,17.815265655517578,739300
2005-06-03,25.049999237060547,25.299999237060547,24.530000686645508,24.719999313354492,17.815265655517578,763400
2005-06-06,24.670000076293945,24.75,24.170000076293945,24.209999084472656,17.44771957397461,731600
2005-06-07,24.309999465942383,24.780000686645508,24.209999084472656,24.700000762939453,17.800861358642578,485800
2005-06-08,24.799999237060547,25.059999465942383,24.600000381469727,24.829999923706055,17.894542694091797,534800
2005-06-09,24.75,25.329999923706055,24.56999969482422,25.020000457763672,18.031478881835938,757700
2005-06-10,25.139999389648438,25.420000076293945,25.059999465942383,25.350000381469727,18.269309997558594,758600
2005-06-13,25.25,25.459999084472656,25.020000457763672,25.15999984741211,18.13237762451172,641400
2005-06-14,25.149999618530273,25.5,25.059999465942383,25.43000030517578,18.32695960998535,846300
2005-06-15,25.350000381469727,25.3799991607666,24.799999237060547,24.940000534057617,17.973831176757812,1208200
2005-06-16,24.959999084472656,25.0,24.68000030517578,25.0,18.017059326171875,580700
2005-06-17,25.239999771118164,25.239999771118164,24.68000030517578,24.920000076293945,17.959409713745117,1077300
2005-06-20,24.770000457763672,24.989999771118164,24.510000228881836,24.670000076293945,17.779239654541016,863500
2005-06-21,24.610000610351562,24.700000762939453,24.110000610351562,24.600000381469727,17.728784561157227,674800
2005-06-22,24.8700008392334,24.8700008392334,24.420000076293945,24.600000381469727,17.728784561157227,444000
2005-06-23,24.43000030517578,24.540000915527344,23.729999542236328,23.75,17.116212844848633,826900
2005-06-24,23.81999969482422,24.020000457763672,23.389999389648438,23.489999771118164,16.928836822509766,1106500
2005-06-27,23.350000381469727,23.649999618530273,23.299999237060547,23.3799991607666,16.849557876586914,538900
2005-06-28,23.389999389648438,23.780000686645508,23.389999389648438,23.670000076293945,17.08778953552246,688100
2005-06-29,23.780000686645508,23.81999969482422,23.450000762939453,23.510000228881836,16.9722843170166,504100
2005-06-30,23.760000228881836,24.239999771118164,23.399999618530273,23.420000076293945,16.907312393188477,660700
2005-07-01,23.600000381469727,23.600000381469727,23.200000762939453,23.309999465942383,16.827896118164062,408300
2005-07-05,23.200000762939453,24.1200008392334,23.200000762939453,23.899999618530273,17.253829956054688,449500
2005-07-06,23.959999084472656,23.969999313354492,23.360000610351562,23.3700008392334,16.871213912963867,442100
2005-07-07,23.049999237060547,23.389999389648438,22.65999984741211,23.299999237060547,16.820674896240234,1186100
2005-07-08,23.399999618530273,23.950000762939453,23.290000915527344,23.8799991607666,17.239391326904297,695700
2005-07-11,23.940000534057617,23.940000534057617,23.639999389648438,23.829999923706055,17.203296661376953,278900
2005-07-12,23.780000686645508,23.940000534057617,23.549999237060547,23.6299991607666,17.05890464782715,481900
2005-07-13,23.639999389648438,23.790000915527344,23.299999237060547,23.600000381469727,17.03725242614746,370300
2005-07-14,23.829999923706055,24.040000915527344,23.329999923706055,23.639999389648438,17.066133499145508,341400
2005-07-15,23.700000762939453,23.889999389648438,23.469999313354492,23.889999389648438,17.246614456176758,497600
2005-07-18,23.90999984741211,23.969999313354492,23.6200008392334,23.889999389648438,17.246614456176758,525100
2005-07-19,24.0,24.0,23.450000762939453,23.649999618530273,17.073354721069336,483900
2005-07-20,23.530000686645508,23.639999389648438,23.18000030517578,23.579999923706055,17.0228214263916,523000
2005-07-21,23.520000457763672,23.520000457763672,23.09000015258789,23.139999389648438,16.705167770385742,660000
2005-07-22,23.229999542236328,23.649999618530273,23.139999389648438,23.649999618530273,17.073354721069336,508900
2005-07-25,23.600000381469727,23.709999084472656,22.770000457763672,22.899999618530273,16.531911849975586,599200
2005-07-26,23.100000381469727,23.25,22.90999984741211,22.940000534057617,16.560791015625,432200
2005-07-27,22.940000534057617,23.09000015258789,22.790000915527344,23.049999237060547,16.640195846557617,396800
2005-07-28,23.049999237060547,23.1299991607666,22.780000686645508,23.059999465942383,16.647418975830078,341500
2005-07-29,22.979999542236328,23.25,22.809999465942383,22.860000610351562,16.50303077697754,313400
2005-08-01,22.850000381469727,23.209999084472656,22.700000762939453,23.079999923706055,16.661855697631836,444300
2005-08-02,23.06999969482422,23.31999969482422,22.8799991607666,23.239999771118164,16.777360916137695,500600
2005-08-03,23.229999542236328,23.229999542236328,22.6200008392334,22.790000915527344,16.452505111694336,657000
2005-08-04,22.81999969482422,22.8700008392334,22.280000686645508,22.5,16.243141174316406,720400
2005-08-05,22.540000915527344,22.540000915527344,22.049999237060547,22.299999237060547,16.09876251220703,637300
2005-08-08,22.329999923706055,22.68000030517578,22.059999465942383,22.1200008392334,15.96882152557373,675800
2005-08-09,22.18000030517578,22.5,21.700000762939453,21.760000228881836,15.708928108215332,750700
2005-08-10,21.899999618530273,22.219999313354492,21.75,21.790000915527344,15.730588912963867,671700
2005-08-11,21.84000015258789,22.0,21.399999618530273,21.59000015258789,15.586197853088379,547600
2005-08-12,21.59000015258789,21.90999984741211,21.469999313354492,21.81999969482422,15.752238273620605,496100
2005-08-15,21.799999237060547,22.030000686645508,21.610000610351562,21.989999771118164,15.874970436096191,633900
2005-08-16,21.75,21.780000686645508,20.290000915527344,20.440000534057617,14.755993843078613,1116800
2005-08-17,20.270000457763672,21.190000534057617,19.639999389648438,20.5,14.799309730529785,2040600
2005-08-18,20.399999618530273,20.670000076293945,19.989999771118164,20.600000381469727,14.871500968933105,945100
2005-08-19,21.8700008392334,23.950000762939453,21.8700008392334,22.09000015258789,15.947159767150879,3750900
2005-08-22,22.079999923706055,22.079999923706055,21.559999465942383,21.860000610351562,15.781121253967285,1021600
2005-08-23,22.0,22.030000686645508,21.709999084472656,21.75,15.701704978942871,1026600
2005-08-24,21.600000381469727,22.190000534057617,21.600000381469727,21.889999389648438,15.80277156829834,842000
2005-08-25,22.040000915527344,22.920000076293945,21.899999618530273,22.850000381469727,16.49581527709961,1733600
2005-08-26,22.84000015258789,22.84000015258789,22.399999618530273,22.43000030517578,16.192617416381836,1224300
2005-08-29,22.200000762939453,22.65999984741211,22.079999923706055,22.520000457763672,16.257585525512695,848100
2005-08-30,22.299999237060547,22.65999984741211,22.15999984741211,22.309999465942383,16.105985641479492,1451100
2005-08-31,22.399999618530273,22.850000381469727,22.170000076293945,22.510000228881836,16.250370025634766,1238600
2005-09-01,22.700000762939453,22.850000381469727,21.940000534057617,22.219999313354492,16.041011810302734,1389500
2005-09-02,22.299999237060547,22.34000015258789,21.6200008392334,21.940000534057617,15.838869094848633,1086800
2005-09-06,21.850000381469727,23.049999237060547,21.850000381469727,22.959999084472656,16.57522964477539,1449500
2005-09-07,22.979999542236328,23.309999465942383,22.65999984741211,22.84000015258789,16.488605499267578,827900
2005-09-08,22.59000015258789,22.690000534057617,22.420000076293945,22.56999969482422,16.293672561645508,642600
2005-09-09,22.649999618530273,22.760000228881836,22.520000457763672,22.579999923706055,16.3008975982666,823900
2005-09-12,22.549999237060547,22.65999984741211,22.459999084472656,22.610000610351562,16.322555541992188,815500
2005-09-13,22.34000015258789,23.1299991607666,22.270000457763672,22.6200008392334,16.32978630065918,1407400
2005-09-14,22.600000381469727,22.75,22.510000228881836,22.579999923706055,16.3008975982666,884700
2005-09-15,22.6299991607666,22.75,22.489999771118164,22.540000915527344,16.272029876708984,638900
2005-09-16,22.510000228881836,22.649999618530273,22.479999542236328,22.520000457763672,16.257585525512695,1444400
2005-09-19,22.399999618530273,22.59000015258789,22.0,22.110000610351562,15.961599349975586,1035800
2005-09-20,22.040000915527344,22.280000686645508,21.5,21.579999923706055,15.578985214233398,1321500
2005-09-21,21.5,21.510000228881836,20.829999923706055,20.950000762939453,15.124175071716309,1350100
2005-09-22,20.940000534057617,21.350000381469727,20.75,21.280000686645508,15.362410545349121,1383800
2005-09-23,21.25,21.399999618530273,21.030000686645508,21.200000762939453,15.30466079711914,695400
2005-09-26,21.450000762939453,21.450000762939453,20.709999084472656,21.010000228881836,15.167486190795898,1128000
2005-09-27,21.010000228881836,21.1299991607666,20.709999084472656,21.09000015258789,15.225241661071777,698700
2005-09-28,21.040000915527344,21.09000015258789,20.739999771118164,20.959999084472656,15.160144805908203,592100
2005-09-29,20.760000228881836,20.920000076293945,20.3700008392334,20.690000534057617,14.964853286743164,553600
2005-09-30,20.56999969482422,20.889999389648438,20.489999771118164,20.8799991607666,15.102285385131836,595500
2005-10-03,20.8799991607666,21.040000915527344,20.299999237060547,20.399999618530273,14.755095481872559,973700
2005-10-04,20.450000762939453,20.639999389648438,20.110000610351562,20.170000076293945,14.588743209838867,496300
2005-10-05,20.170000076293945,20.3799991607666,19.799999237060547,19.84000015258789,14.350061416625977,767700
2005-10-06,19.799999237060547,20.59000015258789,19.799999237060547,20.049999237060547,14.501955032348633,1117000
2005-10-07,20.299999237060547,20.43000030517578,20.1200008392334,20.209999084472656,14.617676734924316,457100
2005-10-10,20.209999084472656,20.219999313354492,19.649999618530273,19.84000015258789,14.350061416625977,806600
2005-10-11,19.84000015258789,20.0,19.579999923706055,19.670000076293945,14.2271089553833,940200
2005-10-12,19.610000610351562,19.639999389648438,18.90999984741211,19.540000915527344,14.133082389831543,906200
2005-10-13,19.350000381469727,19.700000762939453,19.299999237060547,19.559999465942383,14.147541999816895,1172100
2005-10-14,19.700000762939453,20.25,19.510000228881836,19.940000534057617,14.42238998413086,741200
2005-10-17,19.90999984741211,20.15999984741211,19.790000915527344,20.09000015258789,14.53088092803955,572800
2005-10-18,20.0,20.149999618530273,19.690000534057617,20.149999618530273,14.574287414550781,841900
2005-10-19,20.030000686645508,20.540000915527344,19.860000610351562,20.479999542236328,14.812972068786621,795600
2005-10-20,20.5,21.0,20.200000762939453,20.329999923706055,14.704476356506348,883500
2005-10-21,20.5,21.0,19.8700008392334,20.139999389648438,14.567047119140625,1343100
2005-10-24,20.5,20.6200008392334,20.149999618530273,20.59000015258789,14.892531394958496,716500
2005-10-25,20.59000015258789,20.59000015258789,19.90999984741211,19.969999313354492,14.444091796875,656100
2005-10-26,19.979999542236328,20.270000457763672,19.860000610351562,19.959999084472656,14.436851501464844,575100
2005-10-27,19.899999618530273,19.920000076293945,19.31999969482422,19.399999618530273,14.031817436218262,757700
2005-10-28,19.600000381469727,19.850000381469727,19.420000076293945,19.68000030517578,14.234331130981445,449500
2005-10-31,19.8700008392334,20.84000015258789,19.8700008392334,20.709999084472656,14.979326248168945,934100
2005-11-01,20.450000762939453,20.65999984741211,20.270000457763672,20.329999923706055,14.704476356506348,531500
2005-11-02,20.399999618530273,20.889999389648438,20.25,20.790000915527344,15.03718376159668,479600
2005-11-03,21.81999969482422,22.8700008392334,21.540000915527344,21.670000076293945,15.673680305480957,1415600
2005-11-04,21.770000457763672,21.950000762939453,21.3799991607666,21.799999237060547,15.767706871032715,692600
2005-11-07,22.010000228881836,22.209999084472656,21.65999984741211,21.75,15.73154067993164,691500
2005-11-08,21.510000228881836,21.670000076293945,20.920000076293945,21.0,15.189075469970703,825000
2005-11-09,21.100000381469727,21.68000030517578,21.020000457763672,21.6200008392334,15.637523651123047,621700
2005-11-10,21.520000457763672,21.780000686645508,21.260000228881836,21.649999618530273,15.659215927124023,560800
2005-11-11,21.649999618530273,21.649999618530273,21.309999465942383,21.510000228881836,15.55794906616211,519500
2005-11-14,21.780000686645508,21.799999237060547,21.260000228881836,21.350000381469727,15.442235946655273,423000
2005-11-15,21.110000610351562,21.1200008392334,20.399999618530273,20.709999084472656,14.979326248168945,627800
2005-11-16,20.709999084472656,20.959999084472656,20.440000534057617,20.719999313354492,14.986560821533203,373000
2005-11-17,20.700000762939453,21.100000381469727,20.489999771118164,21.020000457763672,15.203547477722168,632300
2005-11-18,21.520000457763672,23.25,21.3799991607666,23.1200008392334,16.72244644165039,1773000
2005-11-21,22.649999618530273,22.75,21.489999771118164,22.040000915527344,15.941298484802246,1426800
2005-11-22,21.8799991607666,22.110000610351562,21.540000915527344,22.079999923706055,15.970231056213379,787500
2005-11-23,22.079999923706055,22.149999618530273,21.559999465942383,21.860000610351562,15.81110954284668,742900
2005-11-25,22.06999969482422,22.06999969482422,21.360000610351562,21.90999984741211,15.847275733947754,266300
2005-11-28,22.049999237060547,22.079999923706055,21.389999389648438,21.389999389648438,15.471172332763672,727600
2005-11-29,21.56999969482422,21.56999969482422,20.860000610351562,20.90999984741211,15.123980522155762,659500
2005-11-30,20.709999084472656,21.1200008392334,20.610000610351562,20.969999313354492,15.167373657226562,976700
2005-12-01,21.200000762939453,21.200000762939453,20.739999771118164,21.0,15.189075469970703,901800
2005-12-02,20.81999969482422,21.290000915527344,20.739999771118164,20.979999542236328,15.174614906311035,672300
2005-12-05,20.360000610351562,20.790000915527344,20.360000610351562,20.700000762939453,14.972090721130371,877400
2005-12-06,22.15999984741211,22.940000534057617,21.81999969482422,22.459999084472656,16.24507713317871,3102000
2005-12-07,22.75,23.40999984741211,22.309999465942383,23.290000915527344,16.84541130065918,1697900
2005-12-08,24.06999969482422,24.190000534057617,23.389999389648438,23.81999969482422,17.228759765625,1740000
2005-12-09,23.850000381469727,24.290000915527344,23.799999237060547,24.149999618530273,17.467432022094727,1042600
2005-12-12,24.229999542236328,24.549999237060547,24.229999542236328,24.399999618530273,17.648263931274414,1073600
2005-12-13,24.299999237060547,24.790000915527344,24.100000381469727,24.270000457763672,17.554229736328125,1023100
2005-12-14,24.25,24.790000915527344,24.170000076293945,24.579999923706055,17.778453826904297,1077300
2005-12-15,24.549999237060547,24.950000762939453,24.290000915527344,24.8799991607666,17.995433807373047,1260900
2005-12-16,25.149999618530273,25.149999618530273,24.09000015258789,24.260000228881836,17.5470027923584,1734200
2005-12-19,24.239999771118164,24.899999618530273,23.920000076293945,24.049999237060547,17.39511489868164,1313000
2005-12-20,24.0,24.610000610351562,23.8799991607666,24.270000457763672,17.554229736328125,1098200
2005-12-21,24.520000457763672,24.799999237060547,24.350000381469727,24.709999084472656,17.872474670410156,638800
2005-12-22,24.709999084472656,24.889999389648438,24.25,24.40999984741211,17.65549087524414,1075600
2005-12-23,24.530000686645508,25.190000534057617,24.469999313354492,24.940000534057617,18.038841247558594,787700
2005-12-27,24.989999771118164,25.25,24.860000610351562,24.899999618530273,18.009906768798828,628100
2005-12-28,24.950000762939453,25.299999237060547,24.950000762939453,25.06999969482422,18.16204071044922,597900
2005-12-29,25.190000534057617,25.3700008392334,24.940000534057617,25.06999969482422,18.16204071044922,426400
2005-12-30,24.8700008392334,25.280000686645508,24.739999771118164,24.81999969482422,17.98092269897461,446600
2006-01-03,25.040000915527344,25.399999618530273,24.579999923706055,25.3799991607666,18.386619567871094,1633000
2006-01-04,25.5,25.979999542236328,25.3700008392334,25.68000030517578,18.603960037231445,1011100
2006-01-05,25.399999618530273,25.899999618530273,25.350000381469727,25.6299991607666,18.567726135253906,756600
2006-01-06,25.450000762939453,25.75,25.309999465942383,25.479999542236328,18.459068298339844,627200
2006-01-09,25.549999237060547,26.700000762939453,25.549999237060547,26.149999618530273,18.94444465637207,1384400
2006-01-10,25.899999618530273,26.559999465942383,25.700000762939453,26.469999313354492,19.1762752532959,768300
2006-01-11,26.540000915527344,26.6299991607666,26.09000015258789,26.6299991607666,19.29218292236328,631200
2006-01-12,26.540000915527344,26.6299991607666,26.0,26.290000915527344,19.045866012573242,493900
2006-01-13,26.200000762939453,26.469999313354492,25.920000076293945,26.079999923706055,18.893735885620117,451200
2006-01-17,25.850000381469727,25.959999084472656,25.420000076293945,25.579999923706055,18.531511306762695,444000
2006-01-18,25.270000457763672,25.989999771118164,25.229999542236328,25.90999984741211,18.770578384399414,740600
2006-01-19,25.979999542236328,26.18000030517578,25.84000015258789,26.030000686645508,18.857521057128906,461200
2006-01-20,26.600000381469727,26.600000381469727,25.299999237060547,25.670000076293945,18.596712112426758,761800
2006-01-23,25.690000534057617,25.8700008392334,25.110000610351562,25.3700008392334,18.379384994506836,471000
2006-01-24,25.450000762939453,26.100000381469727,25.3799991607666,26.059999465942383,18.87925148010254,814800
2006-01-25,26.100000381469727,26.3799991607666,26.040000915527344,26.270000457763672,19.031383514404297,914000
2006-01-26,26.31999969482422,26.31999969482422,25.719999313354492,25.81999969482422,18.705385208129883,737200
2006-01-27,25.81999969482422,25.920000076293945,25.540000915527344,25.760000228881836,18.661914825439453,571000
2006-01-30,25.899999618530273,25.979999542236328,25.6200008392334,25.770000457763672,18.669157028198242,612400
2006-01-31,25.780000686645508,25.989999771118164,25.600000381469727,25.899999618530273,18.763341903686523,768900
2006-02-01,25.850000381469727,26.1200008392334,25.299999237060547,25.43000030517578,18.422849655151367,773100
2006-02-02,25.600000381469727,26.290000915527344,25.59000015258789,25.959999084472656,18.806808471679688,1411700
2006-02-03,25.899999618530273,26.100000381469727,25.610000610351562,25.670000076293945,18.596712112426758,758500
2006-02-06,25.56999969482422,25.729999542236328,24.860000610351562,25.200000762939453,18.256216049194336,616400
2006-02-07,25.200000762939453,25.450000762939453,24.530000686645508,24.600000381469727,17.82154655456543,663000
2006-02-08,24.600000381469727,24.860000610351562,24.049999237060547,24.780000686645508,17.951948165893555,794200
2006-02-09,24.780000686645508,24.940000534057617,24.520000457763672,24.760000228881836,17.93745994567871,393200
2006-02-10,24.75,25.110000610351562,24.100000381469727,24.940000534057617,18.067867279052734,490000
2006-02-13,24.84000015258789,24.850000381469727,24.270000457763672,24.600000381469727,17.82154655456543,486400
2006-02-14,24.68000030517578,25.239999771118164,24.399999618530273,25.209999084472656,18.263465881347656,507500
2006-02-15,25.149999618530273,25.479999542236328,25.059999465942383,25.309999465942383,18.33591079711914,512400
2006-02-16,25.299999237060547,25.68000030517578,25.100000381469727,25.579999923706055,18.531511306762695,385700
2006-02-17,25.75,25.790000915527344,25.209999084472656,25.350000381469727,18.364891052246094,375100
2006-02-21,25.260000228881836,26.0,25.170000076293945,25.459999084472656,18.444570541381836,910600
2006-02-22,25.600000381469727,25.760000228881836,25.469999313354492,25.719999313354492,18.6329345703125,406400
2006-02-23,25.709999084472656,26.260000228881836,25.56999969482422,25.760000228881836,18.661914825439453,967700
2006-02-24,25.5,25.5,24.809999465942383,24.959999084472656,18.082347869873047,662600
2006-02-27,24.969999313354492,25.520000457763672,24.959999084472656,25.1200008392334,18.198265075683594,436000
2006-02-28,25.0,25.350000381469727,24.6200008392334,24.670000076293945,17.87225914001465,496400
2006-03-01,24.56999969482422,25.09000015258789,24.5,24.989999771118164,18.104087829589844,636600
2006-03-02,24.799999237060547,24.860000610351562,23.940000534057617,24.299999237060547,17.604209899902344,823300
2006-03-03,24.399999618530273,25.690000534057617,24.360000610351562,24.649999618530273,17.857772827148438,1587500
2006-03-06,24.399999618530273,24.8799991607666,24.149999618530273,24.229999542236328,17.553499221801758,808200
2006-03-07,24.100000381469727,24.8700008392334,24.100000381469727,24.639999389648438,17.85053062438965,1239700
2006-03-08,24.600000381469727,24.850000381469727,24.530000686645508,24.639999389648438,17.85053062438965,452400
2006-03-09,24.6200008392334,24.739999771118164,24.18000030517578,24.280000686645508,17.589723587036133,407200
2006-03-10,24.329999923706055,24.829999923706055,24.149999618530273,24.809999465942383,17.973684310913086,550800
2006-03-13,24.989999771118164,25.229999542236328,24.850000381469727,25.049999237060547,18.14755630493164,572000
2006-03-14,25.09000015258789,25.84000015258789,25.059999465942383,25.75,18.65467071533203,738900
2006-03-15,25.790000915527344,26.219999313354492,25.690000534057617,26.100000381469727,18.90822410583496,1164600
2006-03-16,26.280000686645508,26.829999923706055,26.15999984741211,26.43000030517578,19.147296905517578,1111400
2006-03-17,26.670000076293945,26.709999084472656,26.399999618530273,26.489999771118164,19.190759658813477,951700
2006-03-20,26.56999969482422,26.829999923706055,26.40999984741211,26.549999237060547,19.234230041503906,707800
2006-03-21,26.559999465942383,26.75,26.229999542236328,26.239999771118164,19.0096492767334,629100
2006-03-22,26.239999771118164,26.40999984741211,26.040000915527344,26.290000915527344,19.045866012573242,676200
2006-03-23,26.299999237060547,26.760000228881836,26.299999237060547,26.329999923706055,19.074859619140625,890300
2006-03-24,26.360000610351562,26.65999984741211,26.0,26.049999237060547,18.871999740600586,1439500
2006-03-27,26.079999923706055,26.969999313354492,26.079999923706055,26.790000915527344,19.408098220825195,998200
2006-03-28,26.809999465942383,27.1299991607666,26.450000762939453,26.520000457763672,19.212499618530273,788400
2006-03-29,26.450000762939453,26.670000076293945,26.1200008392334,26.43000030517578,19.17622184753418,498900
2006-03-30,26.399999618530273,26.6299991607666,26.100000381469727,26.229999542236328,19.031112670898438,743900
2006-03-31,26.299999237060547,26.450000762939453,26.040000915527344,26.040000915527344,18.89326286315918,522800
2006-04-03,26.290000915527344,26.290000915527344,25.979999542236328,26.239999771118164,19.03836441040039,1404800
2006-04-04,26.420000076293945,26.809999465942383,26.3700008392334,26.68000030517578,19.357606887817383,947500
2006-04-05,26.81999969482422,27.06999969482422,26.440000534057617,26.520000457763672,19.241525650024414,681800
2006-04-06,26.329999923706055,26.329999923706055,26.0,26.149999618530273,18.973060607910156,884100
2006-04-07,26.06999969482422,26.440000534057617,25.420000076293945,25.469999313354492,18.47970199584961,782400
2006-04-10,25.479999542236328,25.59000015258789,25.219999313354492,25.309999465942383,18.363605499267578,447300
2006-04-11,25.360000610351562,25.360000610351562,24.8700008392334,24.920000076293945,18.080642700195312,677200
2006-04-12,25.049999237060547,25.40999984741211,25.030000686645508,25.290000915527344,18.349096298217773,404300
2006-04-13,25.15999984741211,25.31999969482422,24.979999542236328,25.030000686645508,18.160459518432617,316300
2006-04-17,24.950000762939453,25.110000610351562,24.770000457763672,24.90999984741211,18.073383331298828,417900
2006-04-18,24.969999313354492,25.270000457763672,24.8700008392334,25.06999969482422,18.18947982788086,942100
2006-04-19,25.020000457763672,25.510000228881836,25.020000457763672,25.229999542236328,18.30556869506836,957000
2006-04-20,25.290000915527344,25.940000534057617,25.270000457763672,25.729999542236328,18.6683406829834,723400
2006-04-21,25.889999389648438,25.889999389648438,25.309999465942383,25.469999313354492,18.47970199584961,497200
2006-04-24,25.399999618530273,25.920000076293945,25.040000915527344,25.329999923706055,18.378124237060547,417600
2006-04-25,25.31999969482422,25.440000534057617,25.149999618530273,25.360000610351562,18.399883270263672,437500
2006-04-26,25.5,26.579999923706055,25.5,26.010000228881836,18.871492385864258,1093100
2006-04-27,25.90999984741211,26.399999618530273,25.719999313354492,26.020000457763672,18.878753662109375,841600
2006-04-28,25.860000610351562,26.209999084472656,25.860000610351562,26.079999923706055,18.92228126525879,345400
2006-05-01,26.049999237060547,26.309999465942383,25.760000228881836,25.850000381469727,18.755399703979492,877800
2006-05-02,26.059999465942383,26.059999465942383,25.600000381469727,25.790000915527344,18.711868286132812,348900
2006-05-03,25.799999237060547,26.100000381469727,25.770000457763672,25.940000534057617,18.820711135864258,476000
2006-05-04,26.350000381469727,26.860000610351562,26.200000762939453,26.75,19.408395767211914,1543100
2006-05-05,26.719999313354492,27.030000686645508,26.65999984741211,26.8700008392334,19.495466232299805,1011500
2006-05-08,27.110000610351562,27.399999618530273,27.0,27.1299991607666,19.684099197387695,814000
2006-05-09,27.209999084472656,27.399999618530273,27.1299991607666,27.190000534057617,19.727636337280273,783700
2006-05-10,26.950000762939453,27.15999984741211,26.8799991607666,27.030000686645508,19.61154556274414,737200
2006-05-11,27.030000686645508,27.079999923706055,26.479999542236328,26.610000610351562,19.30681610107422,429000
2006-05-12,26.649999618530273,26.649999618530273,25.770000457763672,26.0,18.864233016967773,787600
2006-05-15,25.889999389648438,26.15999984741211,25.780000686645508,26.049999237060547,18.9005069732666,572700
2006-05-16,26.110000610351562,26.229999542236328,25.649999618530273,25.799999237060547,18.719125747680664,478700
2006-05-17,25.600000381469727,25.850000381469727,25.360000610351562,25.420000076293945,18.443418502807617,904200
2006-05-18,25.579999923706055,25.8700008392334,25.459999084472656,25.5,18.501462936401367,853100
2006-05-19,25.600000381469727,25.8799991607666,25.5,25.68000030517578,18.63205909729004,972400
2006-05-22,27.25,27.25,26.690000534057617,26.760000228881836,19.415651321411133,3399100
2006-05-23,26.860000610351562,27.0,26.59000015258789,26.6200008392334,19.314075469970703,1267600
2006-05-24,26.5,26.6299991607666,26.229999542236328,26.399999618530273,19.15445327758789,1495300
2006-05-25,26.5,26.799999237060547,26.209999084472656,26.690000534057617,19.364866256713867,1355800
2006-05-26,26.75,27.139999389648438,26.68000030517578,26.799999237060547,19.444664001464844,555300
2006-05-30,26.5,26.829999923706055,26.219999313354492,26.510000228881836,19.23426055908203,1000800
2006-05-31,26.510000228881836,27.299999237060547,26.510000228881836,27.219999313354492,19.749401092529297,1254300
2006-06-01,27.600000381469727,28.5,27.389999389648438,28.440000534057617,20.634565353393555,2930700
2006-06-02,28.579999923706055,28.719999313354492,28.049999237060547,28.399999618530273,20.605546951293945,1509500
2006-06-05,28.34000015258789,28.520000457763672,28.040000915527344,28.049999237060547,20.351604461669922,1186500
2006-06-06,28.239999771118164,28.729999542236328,28.200000762939453,28.56999969482422,20.728891372680664,1808800
2006-06-07,28.6299991607666,29.25,28.56999969482422,29.059999465942383,21.084413528442383,2429500
2006-06-08,28.920000076293945,29.100000381469727,28.440000534057617,28.899999618530273,20.96832275390625,2079400
2006-06-09,28.899999618530273,29.399999618530273,28.799999237060547,29.0,21.040882110595703,1985100
2006-06-12,29.299999237060547,29.40999984741211,28.540000915527344,28.65999984741211,20.794185638427734,1997800
2006-06-13,28.65999984741211,29.079999923706055,28.420000076293945,28.8799991607666,20.953811645507812,1984500
2006-06-14,28.969999313354492,29.479999542236328,28.889999389648438,29.450000762939453,21.367374420166016,2445200
2006-06-15,29.610000610351562,30.670000076293945,29.209999084472656,30.540000915527344,22.158220291137695,2148200
2006-06-16,30.770000457763672,31.459999084472656,30.459999084472656,30.729999542236328,22.296079635620117,1957300
2006-06-19,30.799999237060547,30.860000610351562,29.950000762939453,30.260000228881836,21.95507049560547,1704700
2006-06-20,30.31999969482422,30.579999923706055,30.239999771118164,30.3799991607666,22.04213523864746,1097100
2006-06-21,30.350000381469727,30.979999542236328,30.079999923706055,30.899999618530273,22.419418334960938,1602600
2006-06-22,30.90999984741211,31.110000610351562,30.549999237060547,30.729999542236328,22.296079635620117,1951500
2006-06-23,30.65999984741211,31.09000015258789,30.450000762939453,30.969999313354492,22.4702091217041,1228100
2006-06-26,31.09000015258789,31.670000076293945,31.020000457763672,31.399999618530273,22.782194137573242,1113800
2006-06-27,31.350000381469727,31.459999084472656,31.110000610351562,31.239999771118164,22.66610336303711,1192100
2006-06-28,31.299999237060547,31.549999237060547,31.049999237060547,31.469999313354492,22.86225128173828,1320100
2006-06-29,31.670000076293945,31.81999969482422,31.3799991607666,31.780000686645508,23.08746337890625,874400
2006-06-30,31.8700008392334,32.20000076293945,31.739999771118164,31.850000381469727,23.13831901550293,1091300
2006-07-03,32.099998474121094,32.150001525878906,31.739999771118164,32.040000915527344,23.276355743408203,404200
2006-07-05,31.760000228881836,31.790000915527344,30.979999542236328,31.43000030517578,22.833187103271484,1934400
2006-07-06,30.799999237060547,30.899999618530273,30.459999084472656,30.530000686645508,22.179370880126953,2284900
2006-07-07,30.479999542236328,30.700000762939453,30.0,30.530000686645508,22.179370880126953,2390200
2006-07-10,30.729999542236328,31.299999237060547,30.729999542236328,31.18000030517578,22.651567459106445,1616500
2006-07-11,31.079999923706055,31.3799991607666,30.84000015258789,31.309999465942383,22.74600601196289,1325500
2006-07-12,31.34000015258789,31.440000534057617,30.540000915527344,30.549999237060547,22.193893432617188,1630000
2006-07-13,30.350000381469727,30.549999237060547,29.559999465942383,29.690000534057617,21.569122314453125,1530300
2006-07-14,29.690000534057617,29.690000534057617,28.790000915527344,29.18000030517578,21.1986141204834,1701500
2006-07-17,29.190000534057617,29.56999969482422,28.8700008392334,29.350000381469727,21.32210922241211,1315400
2006-07-18,29.100000381469727,29.200000762939453,28.350000381469727,28.889999389648438,20.987947463989258,1751600
2006-07-19,29.0,30.059999465942383,28.969999313354492,29.729999542236328,21.598180770874023,1490800
2006-07-20,29.829999923706055,29.989999771118164,29.389999389648438,29.389999389648438,21.351179122924805,913100
2006-07-21,29.270000457763672,29.290000915527344,28.690000534057617,28.850000381469727,20.958885192871094,1190200
2006-07-24,29.049999237060547,30.350000381469727,29.049999237060547,29.829999923706055,21.670835494995117,2638000
2006-07-25,29.729999542236328,30.229999542236328,29.450000762939453,30.18000030517578,21.925094604492188,1474700
2006-07-26,30.1200008392334,30.1299991607666,29.75,29.8700008392334,21.699892044067383,1403700
2006-07-27,29.950000762939453,30.139999389648438,29.100000381469727,29.1299991607666,21.16230010986328,1061100
2006-07-28,29.25,30.15999984741211,29.25,29.979999542236328,21.77980613708496,1025500
2006-07-31,29.8700008392334,30.440000534057617,29.690000534057617,30.030000686645508,21.81612777709961,1393200
2006-08-01,29.84000015258789,30.079999923706055,29.559999465942383,30.06999969482422,21.845182418823242,1029500
2006-08-02,30.110000610351562,30.110000610351562,29.649999618530273,29.940000534057617,21.7507381439209,1472400
2006-08-03,29.389999389648438,30.469999313354492,29.34000015258789,29.950000762939453,21.758010864257812,2318700
2006-08-04,30.15999984741211,30.40999984741211,29.889999389648438,30.049999237060547,21.830659866333008,1385200
2006-08-07,30.040000915527344,30.889999389648438,29.920000076293945,30.829999923706055,22.39731788635254,1674200
2006-08-08,31.0,31.18000030517578,30.280000686645508,30.350000381469727,22.048599243164062,1327900
2006-08-09,30.700000762939453,30.940000534057617,30.0,30.049999237060547,21.830659866333008,1092700
2006-08-10,30.06999969482422,30.649999618530273,30.0,30.579999923706055,22.215694427490234,1116300
2006-08-11,30.579999923706055,31.3700008392334,30.5,31.31999969482422,22.753280639648438,986600
2006-08-14,32.0,33.25,32.0,33.08000183105469,24.031892776489258,3285000
2006-08-15,33.58000183105469,33.79999923706055,33.09000015258789,33.58000183105469,24.395124435424805,1912800
2006-08-16,33.65999984741211,33.66999816894531,33.099998474121094,33.34000015258789,24.220767974853516,1511900
2006-08-17,33.150001525878906,33.599998474121094,33.04999923706055,33.20000076293945,24.11906623840332,1312000
2006-08-18,33.849998474121094,33.869998931884766,33.220001220703125,33.52000045776367,24.35153579711914,1451500
2006-08-21,33.31999969482422,33.31999969482422,32.59000015258789,32.68000030517578,23.741296768188477,1372400
2006-08-22,32.58000183105469,32.849998474121094,32.2599983215332,32.630001068115234,23.70496368408203,1387800
2006-08-23,32.66999816894531,32.75,31.950000762939453,32.20000076293945,23.39258575439453,1008400
2006-08-24,32.27000045776367,32.31999969482422,31.200000762939453,31.389999389648438,22.804134368896484,1635600
2006-08-25,31.440000534057617,31.780000686645508,31.149999618530273,31.350000381469727,22.775074005126953,1387200
2006-08-28,31.360000610351562,31.950000762939453,31.309999465942383,31.649999618530273,22.99301528930664,952000
2006-08-29,31.600000381469727,31.829999923706055,31.299999237060547,31.68000030517578,23.014820098876953,932500
2006-08-30,31.739999771118164,31.959999084472656,31.350000381469727,31.59000015258789,22.949426651000977,1108100
2006-08-31,31.739999771118164,31.75,31.100000381469727,31.18000030517578,22.651567459106445,1079700
2006-09-01,31.18000030517578,31.850000381469727,31.010000228881836,31.799999237060547,23.101993560791016,840300
2006-09-05,32.04999923706055,32.25,31.860000610351562,32.060001373291016,23.2908878326416,649000
2006-09-06,31.809999465942383,31.920000076293945,31.200000762939453,31.540000915527344,22.913114547729492,685800
2006-09-07,31.5,31.729999542236328,31.15999984741211,31.350000381469727,22.775074005126953,709400
2006-09-08,31.5,31.65999984741211,31.020000457763672,31.530000686645508,22.90584373474121,1042500
2006-09-11,31.43000030517578,31.690000534057617,31.020000457763672,31.530000686645508,22.90584373474121,1953800
2006-09-12,31.690000534057617,32.93000030517578,31.690000534057617,32.779998779296875,23.813940048217773,1974500
2006-09-13,32.810001373291016,33.459999084472656,32.70000076293945,33.099998474121094,24.046409606933594,1469000
2006-09-14,32.9900016784668,33.16999816894531,32.470001220703125,32.849998474121094,23.864788055419922,856000
2006-09-15,33.400001525878906,33.5,32.439998626708984,32.5,23.610517501831055,1507900
2006-09-18,32.5,32.599998474121094,32.060001373291016,32.290000915527344,23.45797348022461,986500
2006-09-19,32.279998779296875,33.04999923706055,32.16999816894531,32.880001068115234,23.8865909576416,1376300
2006-09-20,32.79999923706055,33.5,32.790000915527344,33.470001220703125,24.31521987915039,1175200
2006-09-21,33.459999084472656,33.54999923706055,32.02000045776367,32.189998626708984,23.385326385498047,958100
2006-09-22,32.13999938964844,32.43000030517578,31.670000076293945,32.040000915527344,23.276355743408203,958000
2006-09-25,32.209999084472656,33.400001525878906,32.119998931884766,33.29999923706055,24.19170379638672,1307900
2006-09-26,33.09000015258789,33.25,32.65999984741211,33.08000183105469,24.031892776489258,1440400
2006-09-27,33.02000045776367,33.400001525878906,32.79999923706055,33.16999816894531,24.126440048217773,1481900
2006-09-28,33.099998474121094,33.54999923706055,32.45000076293945,33.439998626708984,24.32283592224121,1532500
2006-09-29,33.540000915527344,33.540000915527344,32.65999984741211,32.72999954223633,23.8064022064209,801900
2006-10-02,32.630001068115234,33.06999969482422,32.279998779296875,32.709999084472656,23.791860580444336,515800
2006-10-03,32.83000183105469,33.09000015258789,32.43000030517578,32.939998626708984,23.959152221679688,762500
2006-10-04,32.849998474121094,33.70000076293945,32.59000015258789,33.630001068115234,24.461027145385742,1017800
2006-10-05,30.989999771118164,32.25,30.030000686645508,31.149999618530273,22.657175064086914,6019700
2006-10-06,30.899999618530273,30.899999618530273,30.229999542236328,30.489999771118164,22.1771183013916,1710400
2006-10-09,30.100000381469727,30.209999084472656,29.889999389648438,30.079999923706055,21.878904342651367,1990900
2006-10-10,30.219999313354492,30.469999313354492,29.8700008392334,30.139999389648438,21.922548294067383,1325600
2006-10-11,29.979999542236328,30.299999237060547,29.850000381469727,30.079999923706055,21.878904342651367,1009000
2006-10-12,30.06999969482422,30.690000534057617,30.06999969482422,30.469999313354492,22.162572860717773,1060400
2006-10-13,30.559999465942383,30.559999465942383,30.139999389648438,30.270000457763672,22.01710319519043,1276500
2006-10-16,30.18000030517578,30.68000030517578,30.049999237060547,30.43000030517578,22.133481979370117,631700
2006-10-17,30.43000030517578,30.43000030517578,29.899999618530273,30.049999237060547,21.85708236694336,1157200
2006-10-18,30.079999923706055,30.5,29.950000762939453,30.34000015258789,22.068016052246094,946300
2006-10-19,30.389999389648438,30.440000534057617,30.059999465942383,30.219999313354492,21.980735778808594,848500
2006-10-20,30.5,30.969999313354492,30.25,30.530000686645508,22.206220626831055,1340200
2006-10-23,30.360000610351562,31.229999542236328,30.360000610351562,31.209999084472656,22.700815200805664,956500
2006-10-24,31.110000610351562,31.350000381469727,30.809999465942383,31.209999084472656,22.700815200805664,914200
2006-10-25,31.079999923706055,31.510000228881836,30.559999465942383,30.56999969482422,22.23531150817871,775400
2006-10-26,30.75,31.299999237060547,30.56999969482422,31.239999771118164,22.72264289855957,580900
2006-10-27,31.09000015258789,31.09000015258789,30.399999618530273,30.459999084472656,22.155302047729492,888400
2006-10-30,30.25,30.799999237060547,30.219999313354492,30.709999084472656,22.337142944335938,844600
2006-10-31,30.610000610351562,30.68000030517578,30.049999237060547,30.170000076293945,21.944364547729492,1246100
2006-11-01,30.1299991607666,30.360000610351562,29.639999389648438,29.780000686645508,21.660696029663086,1295300
2006-11-02,29.450000762939453,29.6299991607666,28.899999618530273,29.290000915527344,21.304292678833008,1683700
2006-11-03,29.200000762939453,29.3799991607666,28.399999618530273,28.739999771118164,20.90424346923828,1296700
2006-11-06,28.920000076293945,29.309999465942383,28.90999984741211,29.200000762939453,21.23883056640625,904900
2006-11-07,29.200000762939453,29.6200008392334,29.030000686645508,29.299999237060547,21.311567306518555,638500
2006-11-08,29.010000228881836,29.649999618530273,28.889999389648438,29.420000076293945,21.39885139465332,896600
2006-11-09,29.43000030517578,29.739999771118164,29.219999313354492,29.31999969482422,21.326120376586914,1109600
2006-11-10,29.40999984741211,30.059999465942383,29.190000534057617,30.010000228881836,21.82798957824707,833300
2006-11-13,29.700000762939453,29.760000228881836,29.18000030517578,29.209999084472656,21.246109008789062,1245100
2006-11-14,32.0099983215332,35.75,32.0,35.59000015258789,25.886648178100586,8235200
2006-11-15,35.599998474121094,36.470001220703125,35.47999954223633,36.0,26.184850692749023,3160500
2006-11-16,35.79999923706055,36.2599983215332,35.79999923706055,36.09000015258789,26.25031852722168,1733600
2006-11-17,36.040000915527344,36.11000061035156,35.709999084472656,35.79999923706055,26.039392471313477,1372900
2006-11-20,35.939998626708984,36.20000076293945,35.630001068115234,35.810001373291016,26.046661376953125,1099100
2006-11-21,36.0,36.189998626708984,35.08000183105469,35.619998931884766,25.908462524414062,1577300
2006-11-22,35.790000915527344,36.09000015258789,35.5,35.88999938964844,26.1048526763916,831800
2006-11-24,35.79999923706055,36.04999923706055,35.119998931884766,35.810001373291016,26.046661376953125,377300
2006-11-27,35.650001525878906,36.04999923706055,34.7400016784668,34.86000061035156,25.355674743652344,1434700
2006-11-28,34.95000076293945,35.310001373291016,34.68000030517578,34.939998626708984,25.413864135742188,1230100
2006-11-29,35.040000915527344,35.88999938964844,34.900001525878906,35.560001373291016,25.864826202392578,1905800
2006-11-30,34.88999938964844,35.65999984741211,34.400001525878906,35.56999969482422,25.872095108032227,1960400
2006-12-01,35.779998779296875,35.9900016784668,34.720001220703125,35.70000076293945,25.966655731201172,2154000
2006-12-04,35.65999984741211,35.9900016784668,35.15999984741211,35.900001525878906,26.11212921142578,1563000
2006-12-05,35.81999969482422,36.150001525878906,35.58000183105469,35.869998931884766,26.090309143066406,1228200
2006-12-06,35.869998931884766,35.869998931884766,35.220001220703125,35.529998779296875,25.843006134033203,949100
2006-12-07,35.599998474121094,35.599998474121094,34.58000183105469,34.68000030517578,25.22475242614746,1315400
2006-12-08,34.79999923706055,35.13999938964844,34.75,34.79999923706055,25.312030792236328,862900
2006-12-11,34.900001525878906,35.0,34.599998474121094,34.849998474121094,25.34839630126953,857100
2006-12-12,34.689998626708984,35.279998779296875,34.189998626708984,34.2400016784668,24.90471839904785,1209600
2006-12-13,34.310001373291016,34.630001068115234,33.88999938964844,34.369998931884766,24.999263763427734,1034000
2006-12-14,34.349998474121094,34.93000030517578,34.349998474121094,34.88999938964844,25.377492904663086,973800
2006-12-15,35.45000076293945,36.09000015258789,34.95000076293945,35.040000915527344,25.486595153808594,1886300
2006-12-18,35.099998474121094,35.439998626708984,34.90999984741211,34.959999084472656,25.428409576416016,869800
2006-12-19,34.66999816894531,35.119998931884766,34.22999954223633,35.029998779296875,25.479326248168945,977100
2006-12-20,35.029998779296875,35.36000061035156,34.959999084472656,35.04999923706055,25.493879318237305,770500
2006-12-21,35.0099983215332,35.310001373291016,34.939998626708984,35.099998474121094,25.530241012573242,1304000
2006-12-22,35.02000045776367,35.349998474121094,34.810001373291016,35.20000076293945,25.60297393798828,570400
2006-12-26,35.130001068115234,35.130001068115234,34.560001373291016,34.70000076293945,25.239301681518555,882600
2006-12-27,34.79999923706055,35.08000183105469,34.369998931884766,34.97999954223633,25.472326278686523,593800
2006-12-28,35.040000915527344,35.310001373291016,34.849998474121094,35.040000915527344,25.516019821166992,555000
2006-12-29,34.970001220703125,35.439998626708984,34.88999938964844,34.970001220703125,25.465042114257812,729000
2007-01-03,35.290000915527344,35.779998779296875,34.18000030517578,34.380001068115234,25.035404205322266,1657500
2007-01-04,33.5,34.880001068115234,33.119998931884766,33.970001220703125,24.736845016479492,2347500
2007-01-05,33.79999923706055,33.91999816894531,33.08000183105469,33.310001373291016,24.2562313079834,1691200
2007-01-08,33.20000076293945,33.29999923706055,32.779998779296875,33.220001220703125,24.19069480895996,1998700
2007-01-09,33.470001220703125,34.04999923706055,33.22999954223633,33.939998626708984,24.71499252319336,1498100
2007-01-10,33.7599983215332,34.119998931884766,33.650001525878906,33.93000030517578,24.707714080810547,1041000
2007-01-11,34.099998474121094,34.70000076293945,34.0,34.5099983215332,25.130062103271484,774100
2007-01-12,34.599998474121094,34.849998474121094,34.31999969482422,34.70000076293945,25.268430709838867,1171100
2007-01-16,34.61000061035156,34.63999938964844,34.11000061035156,34.220001220703125,24.91889762878418,822800
2007-01-17,34.09000015258789,34.189998626708984,33.529998779296875,33.65999984741211,24.51110076904297,1000300
2007-01-18,33.7400016784668,34.06999969482422,33.459999084472656,33.83000183105469,24.634899139404297,888200
2007-01-19,34.25,34.279998779296875,33.63999938964844,34.279998779296875,24.962587356567383,1141100
2007-01-22,34.470001220703125,34.470001220703125,33.47999954223633,33.599998474121094,24.467409133911133,1032900
2007-01-23,33.52000045776367,34.150001525878906,33.45000076293945,33.95000076293945,24.72228240966797,908800
2007-01-24,33.970001220703125,34.279998779296875,33.900001525878906,34.25,24.940746307373047,740500
2007-01-25,34.15999984741211,34.20000076293945,33.189998626708984,33.36000061035156,24.29264259338379,1179700
2007-01-26,33.29999923706055,33.349998474121094,33.099998474121094,33.18000030517578,24.16156578063965,1185000
2007-01-29,33.33000183105469,33.869998931884766,33.25,33.439998626708984,24.35089874267578,1182000
2007-01-30,33.52000045776367,33.83000183105469,33.470001220703125,33.650001525878906,24.50381851196289,999200
2007-01-31,33.5,34.529998779296875,33.4900016784668,34.34000015258789,25.006263732910156,833300
2007-02-01,34.400001525878906,35.0,34.25,34.88999938964844,25.406768798828125,998600
2007-02-02,34.90999984741211,35.20000076293945,34.779998779296875,34.97999954223633,25.472326278686523,854700
2007-02-05,34.97999954223633,35.119998931884766,34.75,34.79999923706055,25.341236114501953,795300
2007-02-06,34.88999938964844,35.27000045776367,34.83000183105469,35.220001220703125,25.64708709716797,590500
2007-02-07,35.209999084472656,35.41999816894531,34.84000015258789,34.900001525878906,25.414072036743164,800100
2007-02-08,34.650001525878906,35.689998626708984,34.45000076293945,35.5099983215332,25.858266830444336,1622700
2007-02-09,35.400001525878906,35.68000030517578,34.81999969482422,35.06999969482422,25.537851333618164,1045100
2007-02-12,35.0,35.189998626708984,34.630001068115234,34.630001068115234,25.217456817626953,904100
2007-02-13,34.70000076293945,35.380001068115234,34.630001068115234,35.36000061035156,25.749025344848633,627400
2007-02-14,35.29999923706055,35.5,35.040000915527344,35.38999938964844,25.77088165283203,555300
2007-02-15,35.439998626708984,35.720001220703125,35.25,35.650001525878906,25.960206985473633,681100
2007-02-16,35.599998474121094,35.70000076293945,35.119998931884766,35.369998931884766,25.756309509277344,757300
2007-02-20,35.459999084472656,36.099998474121094,35.40999984741211,35.81999969482422,26.084003448486328,823700
2007-02-21,35.63999938964844,35.79999923706055,35.310001373291016,35.540000915527344,25.88011360168457,707000
2007-02-22,35.65999984741211,35.65999984741211,34.720001220703125,35.119998931884766,25.574268341064453,795800
2007-02-23,35.130001068115234,35.38999938964844,34.709999084472656,35.0,25.48688507080078,770600
2007-02-26,35.099998474121094,35.2400016784668,34.7400016784668,34.970001220703125,25.465042114257812,896800
2007-02-27,34.0,34.04999923706055,32.95000076293945,32.95000076293945,23.994081497192383,2033100
2007-02-28,33.2599983215332,34.279998779296875,32.900001525878906,33.40999984741211,24.329042434692383,2406300
2007-03-01,32.790000915527344,33.439998626708984,32.31999969482422,33.13999938964844,24.13243293762207,1629100
2007-03-02,33.119998931884766,33.5099983215332,32.38999938964844,32.45000076293945,23.629980087280273,1011900
2007-03-05,32.0,32.40999984741211,31.549999237060547,31.700000762939453,23.08383560180664,1294900
2007-03-06,32.0,32.27000045776367,31.65999984741211,31.979999542236328,23.2877254486084,1034500
2007-03-07,31.920000076293945,32.369998931884766,31.829999923706055,31.989999771118164,23.295011520385742,1090300
2007-03-08,31.450000762939453,32.68000030517578,31.450000762939453,32.599998474121094,23.73921012878418,2095000
2007-03-09,32.849998474121094,33.09000015258789,32.439998626708984,33.04999923706055,24.0669002532959,1491300
2007-03-12,33.060001373291016,33.22999954223633,31.719999313354492,32.310001373291016,23.528030395507812,2578000
2007-03-13,32.220001220703125,32.66999816894531,31.989999771118164,32.2400016784668,23.477069854736328,2161200
2007-03-14,32.13999938964844,32.25,30.700000762939453,31.799999237060547,23.15665054321289,1849500
2007-03-15,31.739999771118164,32.290000915527344,31.739999771118164,32.099998474121094,23.375104904174805,1321400
2007-03-16,32.099998474121094,32.540000915527344,32.0,32.279998779296875,23.506189346313477,1726400
2007-03-19,32.41999816894531,32.84000015258789,32.279998779296875,32.72999954223633,23.833877563476562,803900
2007-03-20,32.72999954223633,33.06999969482422,32.470001220703125,32.93000030517578,23.97951316833496,986900
2007-03-21,32.939998626708984,33.560001373291016,32.779998779296875,33.52000045776367,24.409151077270508,1157500
2007-03-22,33.43000030517578,33.650001525878906,33.060001373291016,33.5099983215332,24.40187644958496,695200
2007-03-23,33.400001525878906,33.81999969482422,33.38999938964844,33.720001220703125,24.55479621887207,457100
2007-03-26,33.650001525878906,33.7400016784668,33.0,33.540000915527344,24.423725128173828,687900
2007-03-27,33.439998626708984,33.439998626708984,32.900001525878906,33.209999084472656,24.183412551879883,928200
2007-03-28,32.88999938964844,33.16999816894531,32.65999984741211,33.04999923706055,24.09592056274414,674300
2007-03-29,33.29999923706055,33.29999923706055,32.5099983215332,32.90999984741211,23.993850708007812,756600
2007-03-30,32.880001068115234,33.20000076293945,32.43000030517578,32.72999954223633,23.862619400024414,691300
2007-04-02,32.79999923706055,33.0099983215332,32.529998779296875,32.880001068115234,23.97197914123535,627800
2007-04-03,33.0,33.56999969482422,32.880001068115234,33.220001220703125,24.219867706298828,880100
2007-04-04,33.27000045776367,33.27000045776367,32.65999984741211,32.9900016784668,24.052175521850586,917400
2007-04-05,33.0,33.290000915527344,32.91999816894531,33.20000076293945,24.205284118652344,769500
2007-04-09,33.220001220703125,33.59000015258789,33.119998931884766,33.38999938964844,24.34381103515625,994800
2007-04-10,33.29999923706055,33.56999969482422,33.119998931884766,33.27000045776367,24.256324768066406,1262200
2007-04-11,33.2400016784668,33.40999984741211,32.939998626708984,33.13999938964844,24.161535263061523,1383700
2007-04-12,33.20000076293945,34.79999923706055,32.70000076293945,34.59000015258789,25.218698501586914,2468800
2007-04-13,34.72999954223633,34.72999954223633,34.22999954223633,34.529998779296875,25.17495346069336,1298600
2007-04-16,34.630001068115234,35.630001068115234,34.630001068115234,35.560001373291016,25.925912857055664,2312400
2007-04-17,35.56999969482422,35.880001068115234,35.43000030517578,35.599998474121094,25.955047607421875,1429000
2007-04-18,35.349998474121094,35.470001220703125,35.09000015258789,35.31999969482422,25.750917434692383,1453000
2007-04-19,35.20000076293945,35.5099983215332,35.029998779296875,35.40999984741211,25.816537857055664,1373700
2007-04-20,35.810001373291016,36.06999969482422,35.38999938964844,35.61000061035156,25.962350845336914,1669100
2007-04-23,35.529998779296875,35.86000061035156,35.119998931884766,35.310001373291016,25.743635177612305,1371100
2007-04-24,35.18000030517578,35.18000030517578,34.33000183105469,34.869998931884766,25.422834396362305,1542600
2007-04-25,35.0099983215332,35.439998626708984,34.83000183105469,35.029998779296875,25.539487838745117,1588000
2007-04-26,34.9900016784668,35.66999816894531,34.939998626708984,35.220001220703125,25.678016662597656,1052200
2007-04-27,35.13999938964844,35.630001068115234,34.95000076293945,35.5,25.88214874267578,1165000
2007-04-30,35.650001525878906,35.650001525878906,34.54999923706055,34.630001068115234,25.24785614013672,862400
2007-05-01,34.52000045776367,34.58000183105469,33.72999954223633,34.15999984741211,24.905193328857422,1900200
2007-05-02,34.349998474121094,35.18000030517578,34.22999954223633,34.650001525878906,25.262449264526367,1239600
2007-05-03,34.70000076293945,35.189998626708984,34.31999969482422,34.869998931884766,25.422834396362305,1386200
2007-05-04,34.90999984741211,35.18000030517578,34.369998931884766,35.099998474121094,25.590534210205078,1511600
2007-05-07,35.150001525878906,35.470001220703125,35.029998779296875,35.27000045776367,25.7144718170166,1207400
2007-05-08,35.279998779296875,35.31999969482422,34.7400016784668,35.06999969482422,25.568647384643555,1303100
2007-05-09,34.939998626708984,35.369998931884766,34.70000076293945,35.09000015258789,25.58322525024414,1226500
2007-05-10,34.720001220703125,36.279998779296875,34.529998779296875,35.599998474121094,25.955047607421875,2940400
2007-05-11,35.58000183105469,35.720001220703125,34.689998626708984,35.0,25.517621994018555,1774500
2007-05-14,35.13999938964844,35.5099983215332,34.86000061035156,35.150001525878906,25.62697982788086,1241800
2007-05-15,35.150001525878906,35.779998779296875,35.02000045776367,35.189998626708984,25.656137466430664,1555700
2007-05-16,35.20000076293945,35.2599983215332,34.459999084472656,35.06999969482422,25.568647384643555,1305500
2007-05-17,35.11000061035156,35.65999984741211,35.06999969482422,35.52000045776367,25.896732330322266,1315000
2007-05-18,35.900001525878906,38.650001525878906,35.75,38.099998474121094,27.777751922607422,5027900
2007-05-21,38.5,40.560001373291016,38.25,39.900001525878906,29.090072631835938,6771200
2007-05-22,39.56999969482422,40.099998474121094,39.13999938964844,39.650001525878906,28.90781021118164,2623900
2007-05-23,37.529998779296875,39.099998474121094,36.54999923706055,37.04999923706055,27.012224197387695,6334300
2007-05-24,37.20000076293945,37.220001220703125,35.689998626708984,35.880001068115234,26.159208297729492,3134500
2007-05-25,36.0099983215332,36.0099983215332,35.15999984741211,35.2400016784668,25.692594528198242,2934000
2007-05-29,35.34000015258789,36.08000183105469,35.279998779296875,35.5,25.88214874267578,2566300
2007-05-30,35.189998626708984,35.5099983215332,35.029998779296875,35.369998931884766,25.787370681762695,1941800
2007-05-31,35.29999923706055,36.4900016784668,34.88999938964844,36.29999923706055,26.46540641784668,4157100
2007-06-01,36.29999923706055,37.91999816894531,36.29999923706055,37.27000045776367,27.172618865966797,3133000
2007-06-04,37.20000076293945,37.220001220703125,36.25,36.77000045776367,26.808076858520508,3023400
2007-06-05,36.47999954223633,36.63999938964844,35.7599983215332,36.029998779296875,26.268569946289062,2826000
2007-06-06,35.689998626708984,35.869998931884766,34.939998626708984,35.060001373291016,25.56136703491211,3334500
2007-06-07,35.25,35.880001068115234,34.65999984741211,34.709999084472656,25.306180953979492,2631700
2007-06-08,34.77000045776367,35.47999954223633,34.56999969482422,35.369998931884766,25.787370681762695,2611500
2007-06-11,34.849998474121094,35.029998779296875,34.56999969482422,34.7599983215332,25.342634201049805,2782800
2007-06-12,34.61000061035156,34.79999923706055,34.119998931884766,34.18000030517578,24.919775009155273,2222600
2007-06-13,34.459999084472656,34.70000076293945,33.52000045776367,33.939998626708984,24.744792938232422,2411200
2007-06-14,33.90999984741211,34.40999984741211,33.380001068115234,34.34000015258789,25.036422729492188,2578300
2007-06-15,34.779998779296875,35.2400016784668,34.599998474121094,34.86000061035156,25.415544509887695,2959000
2007-06-18,34.880001068115234,35.13999938964844,34.709999084472656,34.900001525878906,25.444717407226562,1833600
2007-06-19,34.70000076293945,35.5,34.25,35.380001068115234,25.79466438293457,2522700
2007-06-20,35.470001220703125,35.7599983215332,34.849998474121094,34.90999984741211,25.452001571655273,1973100
2007-06-21,34.72999954223633,34.7599983215332,34.0099983215332,34.380001068115234,25.065589904785156,1639700
2007-06-22,34.29999923706055,34.84000015258789,33.779998779296875,34.619998931884766,25.240562438964844,2070100
2007-06-25,35.02000045776367,35.099998474121094,34.31999969482422,34.43000030517578,25.102046966552734,1459000
2007-06-26,34.5099983215332,34.65999984741211,33.43000030517578,33.47999954223633,24.409423828125,1343000
2007-06-27,33.34000015258789,34.04999923706055,33.130001068115234,33.93000030517578,24.767093658447266,1882600
2007-06-28,36.599998474121094,37.959999084472656,36.029998779296875,36.689998626708984,26.781761169433594,4548600
2007-06-29,36.77000045776367,37.099998474121094,35.779998779296875,35.93000030517578,26.22699737548828,2301500
2007-07-02,35.93000030517578,36.7400016784668,35.61000061035156,36.59000015258789,26.708759307861328,2269300
2007-07-03,36.599998474121094,36.75,36.310001373291016,36.61000061035156,26.723344802856445,845000
2007-07-05,36.65999984741211,36.65999984741211,35.93000030517578,35.9900016784668,26.270797729492188,1230500
2007-07-06,36.0,36.599998474121094,35.599998474121094,36.470001220703125,26.621152877807617,925600
2007-07-09,36.56999969482422,36.72999954223633,35.79999923706055,36.65999984741211,26.759851455688477,1455300
2007-07-10,36.2400016784668,36.27000045776367,35.279998779296875,35.33000183105469,25.789024353027344,1389100
2007-07-11,35.25,35.470001220703125,34.68000030517578,34.97999954223633,25.533550262451172,2338800
2007-07-12,35.5,36.349998474121094,34.97999954223633,35.88999938964844,26.197790145874023,1947900
2007-07-13,35.88999938964844,36.790000915527344,35.41999816894531,36.689998626708984,26.781761169433594,1731000
2007-07-16,36.400001525878906,37.16999816894531,36.38999938964844,36.619998931884766,26.730669021606445,1988900
2007-07-17,36.72999954223633,37.470001220703125,36.290000915527344,37.349998474121094,27.26352310180664,1546600
2007-07-18,37.45000076293945,38.619998931884766,36.70000076293945,37.47999954223633,27.358400344848633,2349900
2007-07-19,37.77000045776367,37.959999084472656,37.2599983215332,37.65999984741211,27.48979949951172,835700
2007-07-20,37.689998626708984,37.81999969482422,36.4900016784668,36.66999816894531,26.767141342163086,1258300
2007-07-23,36.689998626708984,37.11000061035156,36.15999984741211,36.310001373291016,26.504365921020508,1597300
2007-07-24,36.099998474121094,36.52000045776367,34.86000061035156,34.959999084472656,25.518945693969727,1537000
2007-07-25,35.099998474121094,35.310001373291016,33.65999984741211,33.93000030517578,24.767093658447266,2428300
2007-07-26,33.52000045776367,33.560001373291016,30.639999389648438,31.600000381469727,23.06631851196289,6099500
2007-07-27,31.360000610351562,31.440000534057617,29.649999618530273,29.829999923706055,21.77431869506836,4831800
2007-07-30,29.90999984741211,30.59000015258789,29.479999542236328,30.329999923706055,22.1392879486084,3093200
2007-07-31,30.709999084472656,30.860000610351562,29.8700008392334,29.889999389648438,21.818111419677734,2097900
2007-08-01,29.68000030517578,29.979999542236328,27.06999969482422,27.5,20.07354164123535,5554600
2007-08-02,27.75,28.5,27.729999542236328,28.239999771118164,20.61369514465332,3890900
2007-08-03,29.020000457763672,29.1200008392334,25.56999969482422,25.6200008392334,18.70124053955078,4395000
2007-08-06,25.920000076293945,25.920000076293945,24.450000762939453,25.260000228881836,18.43844985961914,3534200
2007-08-07,26.020000457763672,26.020000457763672,24.139999389648438,24.3799991607666,17.796104431152344,2883800
2007-08-08,24.989999771118164,25.59000015258789,23.469999313354492,24.489999771118164,17.87640380859375,6012700
2007-08-09,24.440000534057617,24.790000915527344,22.3700008392334,22.469999313354492,16.401906967163086,4801800
2007-08-10,22.020000457763672,24.440000534057617,21.809999465942383,24.25,17.70120620727539,6258600
2007-08-13,24.989999771118164,24.989999771118164,23.899999618530273,24.56999969482422,17.93479347229004,4359500
2007-08-14,23.59000015258789,25.110000610351562,23.030000686645508,23.110000610351562,16.869075775146484,3406300
2007-08-15,22.860000610351562,23.90999984741211,22.770000457763672,22.790000915527344,16.635486602783203,3253800
2007-08-16,22.579999923706055,22.959999084472656,21.68000030517578,22.450000762939453,16.387304306030273,2921900
2007-08-17,23.90999984741211,23.90999984741211,22.15999984741211,23.25,16.971261978149414,1983700
2007-08-20,23.389999389648438,23.8799991607666,22.84000015258789,23.18000030517578,16.920156478881836,1646600
2007-08-21,23.229999542236328,24.059999465942383,22.8799991607666,23.8700008392334,17.423837661743164,1303500
2007-08-22,24.09000015258789,25.010000228881836,24.010000228881836,24.780000686645508,18.088083267211914,1778600
2007-08-23,24.940000534057617,25.15999984741211,24.25,24.399999618530273,17.81070899963379,1074100
2007-08-24,24.5,27.200000762939453,24.3700008392334,26.399999618530273,19.270599365234375,4293900
2007-08-27,26.5,26.719999313354492,25.59000015258789,25.68000030517578,18.745031356811523,1574100
2007-08-28,25.510000228881836,25.56999969482422,24.299999237060547,24.34000015258789,17.766902923583984,1814900
2007-08-29,21.889999389648438,24.299999237060547,21.3700008392334,24.200000762939453,17.664716720581055,4871900
2007-08-30,23.700000762939453,23.75,22.760000228881836,23.030000686645508,16.8106746673584,2021500
2007-08-31,23.280000686645508,24.0,23.059999465942383,23.739999771118164,17.328937530517578,1655200
2007-09-04,23.399999618530273,23.479999542236328,22.049999237060547,22.110000610351562,16.13913345336914,2400600
2007-09-05,21.959999084472656,22.06999969482422,21.329999923706055,21.639999389648438,15.796046257019043,3629600
2007-09-06,21.549999237060547,21.790000915527344,21.059999465942383,21.219999313354492,15.489472389221191,2627700
2007-09-07,21.06999969482422,21.110000610351562,20.309999465942383,20.700000762939453,15.10990047454834,2573000
2007-09-10,21.0,21.25,19.639999389648438,19.739999771118164,14.40915298461914,2480400
2007-09-11,19.760000228881836,20.170000076293945,19.649999618530273,20.100000381469727,14.671929359436035,1939800
2007-09-12,19.959999084472656,20.010000228881836,19.639999389648438,19.68000030517578,14.365351676940918,2083200
2007-09-13,19.709999084472656,20.3799991607666,19.530000686645508,20.1299991607666,14.69383430480957,2112500
2007-09-14,19.719999313354492,20.5,19.5,20.469999313354492,14.942015647888184,3041700
2007-09-17,20.280000686645508,20.43000030517578,19.979999542236328,20.280000686645508,14.803321838378906,2069900
2007-09-18,20.510000228881836,21.579999923706055,20.309999465942383,21.43000030517578,15.642765998840332,2552100
2007-09-19,21.65999984741211,22.190000534057617,21.600000381469727,21.709999084472656,15.847148895263672,2255100
2007-09-20,21.6200008392334,21.729999542236328,20.979999542236328,21.170000076293945,15.452980995178223,2649300
2007-09-21,21.31999969482422,21.31999969482422,20.5,21.059999465942383,15.372682571411133,2736300
2007-09-24,21.079999923706055,21.489999771118164,20.979999542236328,21.34000015258789,15.577067375183105,2398100
2007-09-25,20.93000030517578,21.15999984741211,20.610000610351562,20.989999771118164,15.3215913772583,3303700
2007-09-26,21.149999618530273,21.479999542236328,20.93000030517578,21.399999618530273,15.650680541992188,1316700
2007-09-27,21.530000686645508,21.56999969482422,21.25,21.31999969482422,15.592179298400879,1806300
2007-09-28,21.399999618530273,22.170000076293945,21.219999313354492,21.829999923706055,15.965161323547363,1890800
2007-10-01,21.799999237060547,21.940000534057617,21.260000228881836,21.8700008392334,15.994421005249023,1309400
2007-10-02,21.780000686645508,22.670000076293945,21.739999771118164,22.649999618530273,16.564863204956055,1074600
2007-10-03,22.110000610351562,23.3799991607666,22.110000610351562,23.110000610351562,16.901283264160156,1783100
2007-10-04,23.06999969482422,23.09000015258789,22.670000076293945,22.81999969482422,16.689193725585938,1879900
2007-10-05,23.049999237060547,24.219999313354492,22.829999923706055,23.799999237060547,17.405906677246094,3412900
2007-10-08,23.760000228881836,23.799999237060547,23.1200008392334,23.309999465942383,17.047548294067383,2503300
2007-10-09,23.450000762939453,23.450000762939453,22.190000534057617,22.649999618530273,16.564863204956055,1999900
2007-10-10,22.68000030517578,23.940000534057617,22.6200008392334,23.8700008392334,17.457103729248047,2025900
2007-10-11,23.479999542236328,24.860000610351562,22.700000762939453,22.780000686645508,16.659931182861328,2071900
2007-10-12,22.979999542236328,22.979999542236328,21.719999313354492,21.84000015258789,15.972478866577148,2478400
2007-10-15,21.799999237060547,21.809999465942383,20.920000076293945,21.030000686645508,15.380096435546875,2096500
2007-10-16,21.079999923706055,21.079999923706055,20.5,21.010000228881836,15.365468978881836,2448300
2007-10-17,21.290000915527344,21.420000076293945,20.959999084472656,21.200000762939453,15.504423141479492,1729400
2007-10-18,20.979999542236328,21.100000381469727,20.829999923706055,21.030000686645508,15.380096435546875,2063900
2007-10-19,20.940000534057617,21.079999923706055,20.719999313354492,20.850000381469727,15.24844741821289,3074200
2007-10-22,20.670000076293945,21.850000381469727,20.40999984741211,21.299999237060547,15.577556610107422,2144100
2007-10-23,21.639999389648438,21.719999313354492,20.920000076293945,21.239999771118164,15.533670425415039,1676500
2007-10-24,21.190000534057617,21.510000228881836,20.75,21.360000610351562,15.62143325805664,1637900
2007-10-25,21.43000030517578,21.790000915527344,20.780000686645508,21.200000762939453,15.504423141479492,1089300
2007-10-26,21.6200008392334,21.670000076293945,20.68000030517578,21.190000534057617,15.497098922729492,1491000
2007-10-29,21.360000610351562,22.959999084472656,21.209999084472656,22.6299991607666,16.550235748291016,2402200
2007-10-30,22.670000076293945,23.440000534057617,22.670000076293945,23.149999618530273,16.930532455444336,1240800
2007-10-31,23.010000228881836,23.420000076293945,22.399999618530273,23.030000686645508,16.84278106689453,1446700
2007-11-01,22.84000015258789,23.170000076293945,21.670000076293945,21.729999542236328,15.892027854919434,1443900
2007-11-02,22.100000381469727,22.100000381469727,20.90999984741211,21.579999923706055,15.782328605651855,2290500
2007-11-05,21.270000457763672,21.43000030517578,20.559999465942383,20.709999084472656,15.146071434020996,1598100
2007-11-06,20.75,20.959999084472656,19.6200008392334,20.200000762939453,14.773080825805664,2114500
2007-11-07,20.09000015258789,20.450000762939453,19.75,19.850000381469727,14.517115592956543,1600200
2007-11-08,19.920000076293945,20.350000381469727,19.31999969482422,20.15999984741211,14.743825912475586,2617100
2007-11-09,19.850000381469727,20.020000457763672,19.15999984741211,19.18000030517578,14.02711296081543,2418400
2007-11-12,19.239999771118164,20.059999465942383,19.100000381469727,19.360000610351562,14.158751487731934,2962000
2007-11-13,19.739999771118164,20.010000228881836,19.020000457763672,19.59000015258789,14.326963424682617,3906900
2007-11-14,19.75,20.25,18.979999542236328,19.030000686645508,13.917412757873535,3672800
2007-11-15,19.389999389648438,19.440000534057617,18.079999923706055,18.280000686645508,13.36890697479248,2664400
2007-11-16,19.040000915527344,19.040000915527344,17.200000762939453,17.329999923706055,12.6741304397583,2952400
2007-11-19,17.209999084472656,17.239999771118164,15.520000457763672,16.530000686645508,12.089059829711914,4400300
2007-11-20,16.84000015258789,18.75,16.670000076293945,17.43000030517578,12.747271537780762,5162200
2007-11-21,17.31999969482422,17.459999084472656,16.56999969482422,17.299999237060547,12.652192115783691,2984900
2007-11-23,17.670000076293945,18.3799991607666,17.559999465942383,18.299999237060547,13.383527755737305,1277500
2007-11-26,18.549999237060547,18.549999237060547,17.43000030517578,17.459999084472656,12.769206047058105,2450800
2007-11-27,17.520000457763672,18.100000381469727,17.049999237060547,17.270000457763672,12.6302490234375,1685200
2007-11-28,17.510000228881836,18.510000228881836,17.459999084472656,18.389999389648438,13.449347496032715,2159800
2007-11-29,18.3700008392334,19.790000915527344,18.239999771118164,19.479999542236328,14.246517181396484,3045100
2007-11-30,19.989999771118164,20.719999313354492,19.809999465942383,20.389999389648438,14.912033081054688,3418700
2007-12-03,20.739999771118164,20.739999771118164,20.020000457763672,20.06999969482422,14.678001403808594,1393200
2007-12-04,19.950000762939453,20.780000686645508,19.639999389648438,20.59000015258789,15.058303833007812,2120800
2007-12-05,20.739999771118164,21.329999923706055,20.219999313354492,20.770000457763672,15.189949989318848,1434900
2007-12-06,20.68000030517578,20.690000534057617,19.940000534057617,20.579999923706055,15.050992012023926,1913900
2007-12-07,20.56999969482422,21.8799991607666,20.540000915527344,21.729999542236328,15.892027854919434,1469100
2007-12-10,21.809999465942383,21.979999542236328,21.34000015258789,21.700000762939453,15.870089530944824,1034700
2007-12-11,21.700000762939453,22.139999389648438,20.40999984741211,20.6200008392334,15.080239295959473,1950300
2007-12-12,21.280000686645508,21.540000915527344,20.280000686645508,20.75,15.175315856933594,1397900
2007-12-13,20.610000610351562,20.760000228881836,19.719999313354492,20.239999771118164,14.802332878112793,1374100
2007-12-14,20.09000015258789,20.15999984741211,19.399999618530273,19.530000686645508,14.283082962036133,822500
2007-12-17,19.260000228881836,20.149999618530273,19.260000228881836,19.6299991607666,14.356212615966797,1160500
2007-12-18,19.729999542236328,20.100000381469727,19.360000610351562,19.899999618530273,14.55367660522461,1350000
2007-12-19,20.09000015258789,20.09000015258789,18.979999542236328,19.1299991607666,13.990540504455566,1286500
2007-12-20,19.260000228881836,19.299999237060547,18.260000228881836,18.950000762939453,13.858903884887695,1073300
2007-12-21,19.25,19.68000030517578,18.889999389648438,19.459999084472656,14.231887817382812,2113100
2007-12-24,19.610000610351562,20.399999618530273,19.549999237060547,20.299999237060547,14.846211433410645,544200
2007-12-26,20.049999237060547,20.09000015258789,19.020000457763672,19.190000534057617,14.03442096710205,758100
2007-12-27,19.030000686645508,19.780000686645508,18.889999389648438,18.969999313354492,13.902509689331055,1304600
2007-12-28,18.790000915527344,19.219999313354492,18.40999984741211,18.780000686645508,13.763269424438477,963700
2007-12-31,18.760000228881836,19.020000457763672,18.5,18.780000686645508,13.763269424438477,720400
2008-01-02,18.670000076293945,19.15999984741211,18.139999389648438,18.200000762939453,13.338201522827148,1118000
2008-01-03,18.200000762939453,18.329999923706055,16.780000686645508,16.889999389648438,12.378140449523926,1833200
2008-01-04,16.739999771118164,16.739999771118164,15.479999542236328,16.270000457763672,11.923765182495117,3718400
2008-01-07,16.34000015258789,17.110000610351562,16.270000457763672,16.639999389648438,12.194924354553223,2006300
2008-01-08,16.760000228881836,16.940000534057617,15.380000114440918,15.5,11.359457969665527,1692700
2008-01-09,15.619999885559082,16.260000228881836,14.460000038146973,16.200000762939453,11.872467041015625,3298000
2008-01-10,16.3700008392334,17.899999618530273,16.229999542236328,16.670000076293945,12.216912269592285,3098000
2008-01-11,16.68000030517578,16.68000030517578,15.989999771118164,16.110000610351562,11.806507110595703,1786800
2008-01-14,16.229999542236328,16.299999237060547,15.65999984741211,15.8100004196167,11.586647033691406,1382900
2008-01-15,15.789999961853027,15.789999961853027,14.6899995803833,14.930000305175781,10.94172477722168,1680700
2008-01-16,15.0,15.850000381469727,14.949999809265137,15.539999961853027,11.388772010803223,2087800
2008-01-17,15.40999984741211,15.979999542236328,15.119999885559082,15.5600004196167,11.40342903137207,2037600
2008-01-18,15.670000076293945,16.34000015258789,15.670000076293945,16.049999237060547,11.762534141540527,2453000
2008-01-22,14.649999618530273,17.979999542236328,14.649999618530273,17.649999618530273,12.935125350952148,3434600
2008-01-23,16.559999465942383,18.260000228881836,16.079999923706055,18.209999084472656,13.34553050994873,3243400
2008-01-24,18.360000610351562,18.75,17.899999618530273,18.309999465942383,13.418818473815918,1878400
2008-01-25,18.489999771118164,18.850000381469727,17.06999969482422,17.34000015258789,12.707932472229004,1774400
2008-01-28,17.489999771118164,19.049999237060547,16.889999389648438,19.049999237060547,13.961138725280762,1569000
2008-01-29,19.389999389648438,20.440000534057617,18.1299991607666,19.780000686645508,14.496126174926758,2594400
2008-01-30,19.799999237060547,20.0,19.030000686645508,19.1299991607666,14.019765853881836,1231600
2008-01-31,18.799999237060547,20.290000915527344,18.549999237060547,19.84000015258789,14.540098190307617,2108900
2008-02-01,20.149999618530273,20.65999984741211,19.520000457763672,20.559999465942383,15.067771911621094,1396000
2008-02-04,20.510000228881836,20.510000228881836,18.989999771118164,19.459999084472656,14.261615753173828,1413700
2008-02-05,19.09000015258789,19.559999465942383,18.6299991607666,18.719999313354492,13.719289779663086,1259400
2008-02-06,18.770000457763672,19.579999923706055,18.25,18.3700008392334,13.46279239654541,1686200
2008-02-07,17.260000228881836,19.809999465942383,17.260000228881836,19.31999969482422,14.159012794494629,1631800
2008-02-08,19.010000228881836,19.8799991607666,18.3700008392334,18.420000076293945,13.499433517456055,1418500
2008-02-11,18.6299991607666,18.989999771118164,18.1299991607666,18.799999237060547,13.777920722961426,1237400
2008-02-12,18.950000762939453,19.420000076293945,18.059999465942383,18.229999542236328,13.360185623168945,1549300
2008-02-13,18.5,18.5,17.6299991607666,17.899999618530273,13.118338584899902,1310100
2008-02-14,17.760000228881836,18.170000076293945,17.31999969482422,17.459999084472656,12.795873641967773,1451900
2008-02-15,17.290000915527344,17.520000457763672,16.760000228881836,17.440000534057617,12.78122329711914,1597700
2008-02-19,17.59000015258789,17.59000015258789,15.869999885559082,15.930000305175781,11.674592971801758,3068500
2008-02-20,16.0,16.65999984741211,15.960000038146973,16.59000015258789,12.158283233642578,2832900
2008-02-21,16.850000381469727,17.06999969482422,15.720000267028809,15.829999923706055,11.601300239562988,1407500
2008-02-22,15.979999542236328,16.1200008392334,15.489999771118164,16.100000381469727,11.799176216125488,1205300
2008-02-25,16.06999969482422,16.3799991607666,15.6899995803833,16.260000228881836,11.916439056396484,1042000
2008-02-26,16.399999618530273,16.860000610351562,16.25,16.549999237060547,12.128966331481934,1682200
2008-02-27,16.489999771118164,16.610000610351562,16.200000762939453,16.469999313354492,12.07033634185791,929500
2008-02-28,16.31999969482422,16.34000015258789,15.229999542236328,15.319999694824219,11.22754192352295,1621900
2008-02-29,15.029999732971191,15.680000305175781,14.680000305175781,14.789999961853027,10.839122772216797,1637000
2008-03-03,14.710000038146973,15.180000305175781,14.1899995803833,14.930000305175781,10.94172477722168,1549600
2008-03-04,14.6899995803833,15.390000343322754,14.640000343322754,15.289999961853027,11.20555591583252,1550500
2008-03-05,15.5600004196167,16.399999618530273,15.449999809265137,16.209999084472656,11.879794120788574,2030100
2008-03-06,16.510000228881836,17.110000610351562,16.31999969482422,16.420000076293945,12.033695220947266,2965900
2008-03-07,16.049999237060547,16.799999237060547,15.989999771118164,16.3700008392334,11.997054100036621,1842400
2008-03-10,16.360000610351562,16.450000762939453,15.65999984741211,15.720000267028809,11.520691871643066,1112100
2008-03-11,16.079999923706055,16.780000686645508,15.6899995803833,16.489999771118164,12.084996223449707,1416200
2008-03-12,16.700000762939453,17.209999084472656,15.680000305175781,16.020000457763672,11.740549087524414,1354100
2008-03-13,15.609999656677246,16.399999618530273,15.239999771118164,16.299999237060547,11.94575023651123,1446100
2008-03-14,16.510000228881836,16.709999084472656,15.600000381469727,16.110000610351562,11.806507110595703,1373300
2008-03-17,15.729999542236328,16.65999984741211,15.609999656677246,16.190000534057617,11.865137100219727,1276200
2008-03-18,16.639999389648438,16.969999313354492,16.200000762939453,16.610000610351562,12.172941207885742,1765500
2008-03-19,16.549999237060547,17.8700008392334,16.549999237060547,17.049999237060547,12.495400428771973,2208600
2008-03-20,17.309999465942383,18.579999923706055,16.739999771118164,18.360000610351562,13.455458641052246,3355700
2008-03-24,18.6200008392334,19.149999618530273,18.280000686645508,18.59000015258789,13.6240234375,1966700
2008-03-25,18.81999969482422,19.200000762939453,18.440000534057617,18.600000381469727,13.631352424621582,1496400
2008-03-26,18.40999984741211,18.549999237060547,17.510000228881836,17.81999969482422,13.059709548950195,1041700
2008-03-27,17.670000076293945,18.229999542236328,17.030000686645508,17.040000915527344,12.5161714553833,839300
2008-03-28,16.889999389648438,17.149999618530273,16.5,16.729999542236328,12.288466453552246,963600
2008-03-31,16.600000381469727,17.75,16.520000457763672,17.209999084472656,12.641036033630371,1046400
2008-04-01,17.290000915527344,18.780000686645508,17.270000457763672,18.40999984741211,13.52245807647705,1328600
2008-04-02,17.6299991607666,21.190000534057617,17.239999771118164,21.079999923706055,15.483616828918457,3844200
2008-04-03,20.989999771118164,20.989999771118164,19.90999984741211,20.399999618530273,14.984146118164062,1752400
2008-04-04,20.020000457763672,22.06999969482422,20.020000457763672,22.030000686645508,16.181411743164062,2035600
2008-04-07,22.06999969482422,22.200000762939453,20.510000228881836,20.59000015258789,15.123708724975586,1336500
2008-04-08,20.700000762939453,21.09000015258789,20.280000686645508,20.989999771118164,15.417505264282227,937200
2008-04-09,21.520000457763672,21.65999984741211,20.229999542236328,20.5,15.057597160339355,906800
2008-04-10,20.399999618530273,21.670000076293945,19.829999923706055,21.139999389648438,15.527685165405273,1306000
2008-04-11,21.389999389648438,21.389999389648438,19.920000076293945,20.06999969482422,14.741744995117188,1049000
2008-04-14,19.989999771118164,21.040000915527344,19.8700008392334,20.790000915527344,15.270606994628906,920400
2008-04-15,21.25,21.520000457763672,20.889999389648438,21.459999084472656,15.762731552124023,1103200
2008-04-16,21.260000228881836,21.59000015258789,20.989999771118164,21.40999984741211,15.726007461547852,949200
2008-04-17,21.260000228881836,21.950000762939453,21.030000686645508,21.3799991607666,15.703962326049805,723600
2008-04-18,22.299999237060547,22.690000534057617,22.0,22.399999618530273,16.45318031311035,1454200
2008-04-21,22.489999771118164,23.110000610351562,20.020000457763672,22.959999084472656,16.86450958251953,942900
2008-04-22,22.56999969482422,22.68000030517578,20.209999084472656,20.510000228881836,15.064949989318848,2506900
2008-04-23,20.760000228881836,20.920000076293945,20.040000915527344,20.389999389648438,14.976799011230469,1439900
2008-04-24,20.260000228881836,21.139999389648438,20.0,20.809999465942383,15.285296440124512,2081300
2008-04-25,20.959999084472656,21.3799991607666,20.440000534057617,21.18000030517578,15.557069778442383,1161900
2008-04-28,21.100000381469727,21.209999084472656,20.5,20.81999969482422,15.292638778686523,1119800
2008-04-29,20.8799991607666,21.299999237060547,19.809999465942383,20.690000534057617,15.197154998779297,939900
2008-04-30,20.59000015258789,21.34000015258789,20.260000228881836,20.399999618530273,14.984146118164062,939300
2008-05-01,20.299999237060547,21.5,19.979999542236328,20.90999984741211,15.35875129699707,1279900
2008-05-02,21.18000030517578,21.600000381469727,20.860000610351562,21.079999923706055,15.483616828918457,860300
2008-05-05,20.920000076293945,20.920000076293945,20.309999465942383,20.459999084472656,15.028215408325195,979400
2008-05-06,20.040000915527344,20.90999984741211,20.040000915527344,20.84000015258789,15.307332038879395,800400
2008-05-07,21.229999542236328,21.479999542236328,19.989999771118164,20.1299991607666,14.785820960998535,1580800
2008-05-08,19.799999237060547,19.979999542236328,18.729999542236328,19.0,13.955821990966797,2273600
2008-05-09,18.65999984741211,19.260000228881836,18.65999984741211,18.889999389648438,13.875021934509277,1089800
2008-05-12,18.889999389648438,19.479999542236328,18.420000076293945,19.399999618530273,14.249629974365234,1013400
2008-05-13,19.610000610351562,19.709999084472656,19.010000228881836,19.100000381469727,14.029271125793457,743500
2008-05-14,19.15999984741211,19.670000076293945,18.959999084472656,19.15999984741211,14.073344230651855,727100
2008-05-15,19.200000762939453,19.850000381469727,18.6200008392334,19.700000762939453,14.46998405456543,950400
2008-05-16,18.799999237060547,19.1299991607666,18.15999984741211,18.920000076293945,13.897061347961426,2021700
2008-05-19,19.15999984741211,19.25,18.40999984741211,18.520000457763672,13.603255271911621,1315000
2008-05-20,18.459999084472656,18.520000457763672,17.84000015258789,17.959999084472656,13.19192123413086,1145900
2008-05-21,18.1299991607666,18.229999542236328,16.729999542236328,16.93000030517578,12.435368537902832,1256800
2008-05-22,16.93000030517578,17.309999465942383,16.25,16.360000610351562,12.01669692993164,2388300
2008-05-23,15.65999984741211,16.719999313354492,15.5,15.729999542236328,11.553953170776367,1920300
2008-05-27,15.8100004196167,16.0,15.0600004196167,15.329999923706055,11.260144233703613,1751400
2008-05-28,15.489999771118164,15.779999732971191,15.100000381469727,15.569999694824219,11.436429023742676,1760700
2008-05-29,15.75,16.170000076293945,15.449999809265137,16.0,11.752270698547363,1405400
2008-05-30,16.020000457763672,16.280000686645508,15.649999618530273,16.280000686645508,11.95793628692627,1459800
2008-06-02,16.149999618530273,16.299999237060547,15.470000267028809,15.800000190734863,11.605366706848145,1355600
2008-06-03,15.800000190734863,15.979999542236328,15.300000190734863,15.479999542236328,11.370323181152344,1491700
2008-06-04,15.399999618530273,15.520000457763672,15.170000076293945,15.3100004196167,11.245452880859375,1539600
2008-06-05,15.369999885559082,16.5,15.100000381469727,15.579999923706055,11.443775177001953,2238300
2008-06-06,15.529999732971191,15.529999732971191,14.930000305175781,15.020000457763672,11.032445907592773,2944200
2008-06-09,15.260000228881836,15.3100004196167,14.75,14.930000305175781,10.966341018676758,1699900
2008-06-10,14.699999809265137,14.789999961853027,14.170000076293945,14.199999809265137,10.430143356323242,2771200
2008-06-11,14.210000038146973,14.359999656677246,13.899999618530273,13.90999984741211,10.217129707336426,2006200
2008-06-12,14.140000343322754,15.210000038146973,13.84000015258789,13.970000267028809,10.261198997497559,2476000
2008-06-13,14.079999923706055,14.319999694824219,13.869999885559082,14.300000190734863,10.503594398498535,1323400
2008-06-16,14.359999656677246,14.6899995803833,14.039999961853027,14.550000190734863,10.687222480773926,985200
2008-06-17,14.600000381469727,14.75,14.119999885559082,14.3100004196167,10.510936737060547,864000
2008-06-18,14.180000305175781,14.329999923706055,13.329999923706055,13.550000190734863,9.952702522277832,1635800
2008-06-19,13.630000114440918,13.8100004196167,13.399999618530273,13.75,10.099611282348633,1418300
2008-06-20,14.140000343322754,14.140000343322754,13.069999694824219,13.100000381469727,9.622172355651855,1687700
2008-06-23,13.1899995803833,13.449999809265137,12.329999923706055,12.649999618530273,9.291638374328613,2191900
2008-06-24,12.680000305175781,12.779999732971191,11.930000305175781,12.430000305175781,9.130044937133789,1996000
2008-06-25,12.479999542236328,13.170000076293945,12.359999656677246,12.479999542236328,9.166770935058594,2109300
2008-06-26,12.489999771118164,12.489999771118164,11.75,11.989999771118164,8.835173606872559,2423300
2008-06-27,11.989999771118164,12.220000267028809,11.40999984741211,11.65999984741211,8.592004776000977,6399800
2008-06-30,11.609999656677246,12.1899995803833,11.279999732971191,11.569999694824219,8.52568531036377,1950400
2008-07-01,11.680000305175781,12.279999732971191,10.380000114440918,10.850000381469727,7.995134353637695,4113000
2008-07-02,10.989999771118164,11.479999542236328,10.319999694824219,10.390000343322754,7.656167984008789,3080100
2008-07-03,10.59000015258789,10.59000015258789,10.029999732971191,10.15999984741211,7.486687183380127,1813900
2008-07-07,10.420000076293945,10.869999885559082,10.170000076293945,10.479999542236328,7.7224884033203125,2633400
2008-07-08,10.420000076293945,10.899999618530273,10.149999618530273,10.899999618530273,8.03197956085205,1927000
2008-07-09,10.90999984741211,10.90999984741211,9.720000267028809,9.8100004196167,7.228780269622803,2074300
2008-07-10,9.260000228881836,10.470000267028809,9.210000038146973,9.350000381469727,6.889817237854004,2714600
2008-07-11,9.210000038146973,9.3100004196167,8.539999961853027,8.65999984741211,6.381371021270752,3454200
2008-07-14,9.529999732971191,9.529999732971191,8.199999809265137,8.239999771118164,6.0718793869018555,3400000
2008-07-15,8.100000381469727,8.489999771118164,7.610000133514404,8.25,6.079249858856201,2831300
2008-07-16,8.25,9.350000381469727,8.220000267028809,9.300000190734863,6.852973937988281,2454200
2008-07-17,9.260000228881836,10.1899995803833,9.010000228881836,10.1899995803833,7.508794784545898,4197600
2008-07-18,11.859999656677246,11.859999656677246,9.359999656677246,9.890000343322754,7.2877278327941895,3431600
2008-07-21,9.90999984741211,10.25,9.850000381469727,9.979999542236328,7.354051113128662,1761100
2008-07-22,9.819999694824219,10.930000305175781,9.4399995803833,10.869999885559082,8.009873390197754,2300600
2008-07-23,10.770000457763672,13.0,10.729999542236328,11.6899995803833,8.614113807678223,4094000
2008-07-24,11.800000190734863,11.800000190734863,10.369999885559082,10.489999771118164,7.729857921600342,1544300
2008-07-25,10.6899995803833,10.859999656677246,9.979999542236328,10.119999885559082,7.457211494445801,1202400
2008-07-28,10.109999656677246,10.449999809265137,9.619999885559082,9.630000114440918,7.096142292022705,1838100
2008-07-29,9.6899995803833,10.600000381469727,9.609999656677246,10.430000305175781,7.685645580291748,1458400
2008-07-30,10.420000076293945,10.880000114440918,9.630000114440918,10.079999923706055,7.427736759185791,1540200
2008-07-31,9.640000343322754,10.640000343322754,9.640000343322754,10.109999656677246,7.4498419761657715,865500
2008-08-01,10.199999809265137,10.369999885559082,9.770000457763672,10.15999984741211,7.486687183380127,850200
2008-08-04,10.289999961853027,10.510000228881836,9.670000076293945,10.050000190734863,7.4056291580200195,1164900
2008-08-05,10.25,10.930000305175781,10.170000076293945,10.760000228881836,7.92881441116333,2381100
2008-08-06,11.569999694824219,11.569999694824219,9.930000305175781,10.460000038146973,7.707748889923096,1499600
2008-08-07,10.600000381469727,11.010000228881836,9.859999656677246,9.989999771118164,7.361417770385742,2520200
2008-08-08,10.140000343322754,10.949999809265137,9.949999809265137,10.850000381469727,7.995134353637695,1908300
2008-08-11,10.65999984741211,12.579999923706055,10.550000190734863,11.600000381469727,8.54779052734375,2721900
2008-08-12,12.0,12.0,11.010000228881836,11.369999885559082,8.378311157226562,1327100
2008-08-13,11.380000114440918,11.380000114440918,10.5,11.0600004196167,8.149880409240723,1360600
2008-08-14,11.199999809265137,11.5,10.920000076293945,11.3100004196167,8.334102630615234,4027100
2008-08-15,12.140000343322754,12.399999618530273,11.420000076293945,11.949999809265137,8.80569839477539,1990000
2008-08-18,11.869999885559082,12.430000305175781,11.539999961853027,12.050000190734863,8.87939167022705,1681400
2008-08-19,11.880000114440918,12.109999656677246,10.979999542236328,11.329999923706055,8.348833084106445,1130200
2008-08-20,11.270000457763672,11.680000305175781,10.829999923706055,11.3100004196167,8.334102630615234,1127700
2008-08-21,11.029999732971191,11.279999732971191,10.75,11.079999923706055,8.164615631103516,848800
2008-08-22,11.489999771118164,11.869999885559082,11.239999771118164,11.850000381469727,8.732014656066895,809600
2008-08-25,11.850000381469727,11.9399995803833,11.0,11.039999961853027,8.135141372680664,948500
2008-08-26,11.229999542236328,11.390000343322754,10.729999542236328,11.369999885559082,8.378311157226562,663200
2008-08-27,11.289999961853027,11.850000381469727,11.069999694824219,11.5,8.474104881286621,885800
2008-08-28,11.5,13.109999656677246,11.420000076293945,12.539999961853027,9.240458488464355,1723600
2008-08-29,12.369999885559082,13.180000305175781,12.300000190734863,12.770000457763672,9.409939765930176,1114600
2008-09-02,13.020000457763672,14.430000305175781,12.869999885559082,13.050000190734863,9.6162691116333,1781400
2008-09-03,13.8100004196167,13.8100004196167,12.949999809265137,13.449999809265137,9.911017417907715,1558800
2008-09-04,12.510000228881836,13.520000457763672,12.5,13.210000038146973,9.734169006347656,1447500
2008-09-05,13.0,13.710000038146973,12.829999923706055,13.609999656677246,10.02892017364502,958900
2008-09-08,14.210000038146973,14.720000267028809,13.859999656677246,14.670000076293945,10.810011863708496,2085900
2008-09-09,14.699999809265137,15.369999885559082,13.210000038146973,13.3100004196167,9.807856559753418,2561000
2008-09-10,13.760000228881836,13.760000228881836,12.729999542236328,13.399999618530273,9.874174118041992,1326500
2008-09-11,13.220000267028809,13.390000343322754,11.949999809265137,12.649999618530273,9.321516036987305,2327800
2008-09-12,12.399999618530273,13.329999923706055,12.220000267028809,12.4399995803833,9.16677188873291,2376800
2008-09-15,12.430000305175781,12.430000305175781,11.34000015258789,11.529999732971191,8.496213912963867,2012700
2008-09-16,11.600000381469727,12.489999771118164,11.5,12.279999732971191,9.048868179321289,1485700
2008-09-17,12.109999656677246,12.15999984741211,10.760000228881836,11.789999961853027,8.687799453735352,3004300
2008-09-18,12.109999656677246,13.220000267028809,10.930000305175781,12.800000190734863,9.432048797607422,2389900
2008-09-19,13.25,15.0,13.0,14.020000457763672,10.331036567687988,3128500
2008-09-22,13.930000305175781,14.100000381469727,12.5,12.649999618530273,9.321516036987305,1425500
2008-09-23,12.760000228881836,13.0,11.520000457763672,11.529999732971191,8.496213912963867,1354300
2008-09-24,11.630000114440918,12.449999809265137,11.149999618530273,11.720000267028809,8.63621711730957,1444800
2008-09-25,11.850000381469727,13.0,11.850000381469727,12.539999961853027,9.240458488464355,1194400
2008-09-26,12.5,12.880000114440918,12.020000457763672,12.84000015258789,9.491801261901855,905600
2008-09-29,12.529999732971191,12.949999809265137,10.569999694824219,11.199999809265137,8.279451370239258,1793100
2008-09-30,11.289999961853027,11.9399995803833,11.220000267028809,11.800000190734863,8.722993850708008,1483100
2008-10-01,11.630000114440918,13.199999809265137,11.510000228881836,12.9399995803833,9.565723419189453,1664000
2008-10-02,12.739999771118164,13.050000190734863,11.75,12.140000343322754,8.974334716796875,1594100
2008-10-03,12.270000457763672,12.640000343322754,10.65999984741211,11.0600004196167,8.175960540771484,1697500
2008-10-06,10.65999984741211,11.15999984741211,9.170000076293945,10.5,7.761987209320068,2525100
2008-10-07,10.6899995803833,10.800000190734863,9.069999694824219,9.59000015258789,7.089282512664795,1672900
2008-10-08,9.25,10.1899995803833,9.0,9.65999984741211,7.141025066375732,2171900
2008-10-09,9.579999923706055,9.600000381469727,8.399999618530273,8.5,6.283514499664307,1258800
2008-10-10,7.949999809265137,10.0,7.25,10.0,7.392366886138916,2994200
2008-10-13,10.380000114440918,10.380000114440918,9.079999923706055,9.479999542236328,7.007958889007568,1256600
2008-10-14,9.699999809265137,9.770000457763672,7.960000038146973,8.59000015258789,6.350045204162598,1770700
2008-10-15,8.649999618530273,8.729999542236328,7.199999809265137,7.269999980926514,5.3742523193359375,1141100
2008-10-16,7.360000133514404,7.360000133514404,6.400000095367432,6.940000057220459,5.130304336547852,2473800
2008-10-17,6.300000190734863,7.46999979019165,6.170000076293945,6.929999828338623,5.122910976409912,5365900
2008-10-20,7.079999923706055,7.079999923706055,6.300000190734863,6.539999961853027,4.83460807800293,2105800
2008-10-21,6.599999904632568,6.75,6.019999980926514,6.170000076293945,4.561089992523193,14962500
2008-10-22,6.159999847412109,6.28000020980835,4.980000019073486,5.070000171661377,3.7479312419891357,3229400
2008-10-23,5.239999771118164,5.239999771118164,3.6500000953674316,3.9200000762939453,2.8978078365325928,5409700
2008-10-24,3.3299999237060547,3.7799999713897705,3.2300000190734863,3.3399999141693115,2.469050645828247,3066900
2008-10-27,3.180000066757202,4.679999828338623,3.0999999046325684,4.519999980926514,3.3413498401641846,4623900
2008-10-28,4.75,5.090000152587891,3.930000066757202,4.539999961853027,3.3561346530914307,3511000
2008-10-29,4.579999923706055,5.130000114440918,4.25,4.909999847412109,3.6296515464782715,2094700
2008-10-30,5.0,5.25,4.46999979019165,4.630000114440918,3.422665596008301,2212300
2008-10-31,4.550000190734863,5.539999961853027,4.400000095367432,5.329999923706055,3.940131187438965,2058100
2008-11-03,5.289999961853027,5.630000114440918,5.260000228881836,5.420000076293945,4.006662845611572,1711600
2008-11-04,5.789999961853027,5.820000171661377,5.380000114440918,5.519999980926514,4.080586910247803,2343100
2008-11-05,5.400000095367432,5.480000019073486,4.989999771118164,4.989999771118164,3.688791513442993,988900
2008-11-06,4.940000057220459,5.28000020980835,4.650000095367432,4.710000038146973,3.4818050861358643,1203600
2008-11-07,4.71999979019165,4.929999828338623,4.449999809265137,4.619999885559082,3.4152746200561523,916700
2008-11-10,5.400000095367432,5.5,4.070000171661377,4.269999980926514,3.1565394401550293,1267800
2008-11-11,4.170000076293945,4.349999904632568,3.819999933242798,3.859999895095825,2.8534533977508545,1124700
2008-11-12,3.7699999809265137,3.950000047683716,3.559999942779541,3.5999999046325684,2.66125226020813,1547300
2008-11-13,3.7100000381469727,3.869999885559082,3.2100000381469727,3.8399999141693115,2.8386685848236084,2241700
2008-11-14,3.640000104904175,3.759999990463257,3.2899999618530273,3.3499999046325684,2.476442813873291,2160900
2008-11-17,3.3499999046325684,3.640000104904175,3.25,3.309999942779541,2.4468727111816406,1702300
2008-11-18,3.299999952316284,3.609999895095825,3.009999990463257,3.2300000190734863,2.3877346515655518,1703700
2008-11-19,3.2899999618530273,3.2899999618530273,3.009999990463257,3.140000104904175,2.3212034702301025,2374600
2008-11-20,3.25,3.25,2.819999933242798,2.8299999237060547,2.0920395851135254,2055200
2008-11-21,2.9100000858306885,3.0899999141693115,2.5,2.7799999713897705,2.05507755279541,1770900
2008-11-24,2.8399999141693115,3.190000057220459,2.5999999046325684,3.0,2.217710494995117,1820000
2008-11-25,3.059999942779541,4.269999980926514,3.059999942779541,3.75,2.77213716506958,1544300
2008-11-26,3.5999999046325684,3.809999942779541,3.2799999713897705,3.75,2.77213716506958,1152400
2008-11-28,3.9800000190734863,3.9800000190734863,3.4200000762939453,3.6600000858306885,2.705606460571289,411900
2008-12-01,3.5199999809265137,3.5799999237060547,2.990000009536743,3.0299999713897705,2.239886999130249,1534000
2008-12-02,3.1600000858306885,3.509999990463257,3.0899999141693115,3.4800000190734863,2.5725438594818115,1376500
2008-12-03,3.3399999141693115,3.7699999809265137,3.2899999618530273,3.6700000762939453,2.7129995822906494,1252700
2008-12-04,3.5999999046325684,3.9600000381469727,3.4100000858306885,3.680000066757202,2.720390558242798,1350100
2008-12-05,3.5899999141693115,4.079999923706055,3.509999990463257,4.059999942779541,3.0013020038604736,718500
2008-12-08,4.190000057220459,5.150000095367432,4.099999904632568,4.46999979019165,3.3043885231018066,1483200
2008-12-09,4.409999847412109,4.579999923706055,3.9000000953674316,3.9800000190734863,2.9421627521514893,743200
2008-12-10,4.039999961853027,4.289999961853027,3.9600000381469727,4.130000114440918,3.0530481338500977,570900
2008-12-11,4.039999961853027,4.159999847412109,3.700000047683716,3.759999990463257,2.7795302867889404,629200
2008-12-12,3.640000104904175,3.9700000286102295,3.5799999237060547,3.869999885559082,2.860846757888794,657800
2008-12-15,3.8299999237060547,3.9200000762939453,3.6500000953674316,3.7699999809265137,2.7869222164154053,835000
2008-12-16,3.819999933242798,4.019999980926514,3.6700000762939453,4.019999980926514,2.971731185913086,738700
2008-12-17,3.9600000381469727,4.179999828338623,3.799999952316284,4.110000133514404,3.0382635593414307,663200
2008-12-18,4.210000038146973,4.210000038146973,3.799999952316284,3.859999895095825,2.8534533977508545,944300
2008-12-19,4.070000171661377,4.070000171661377,3.7799999713897705,3.7799999713897705,2.7943148612976074,938700
2008-12-22,3.809999942779541,3.809999942779541,3.0899999141693115,3.3399999141693115,2.469050645828247,1620000
2008-12-23,3.309999942779541,3.700000047683716,3.299999952316284,3.5299999713897705,2.6095051765441895,1082200
2008-12-24,3.5299999713897705,3.690000057220459,3.440000057220459,3.619999885559082,2.676036834716797,482600
2008-12-26,3.5999999046325684,3.700000047683716,3.25,3.440000057220459,2.5429749488830566,1003200
2008-12-29,3.390000104904175,3.6500000953674316,3.069999933242798,3.4600000381469727,2.587851047515869,2220400
2008-12-30,3.4000000953674316,3.8499999046325684,3.309999942779541,3.7899999618530273,2.834667682647705,1995700
2008-12-31,3.7799999713897705,4.050000190734863,3.619999885559082,3.9700000286102295,2.96929669380188,1364100
2009-01-02,3.950000047683716,4.429999828338623,3.9200000762939453,4.269999980926514,3.1936757564544678,1074200
2009-01-05,4.28000020980835,4.940000057220459,4.199999809265137,4.900000095367432,3.664875030517578,1510200
2009-01-06,4.96999979019165,5.059999942779541,4.820000171661377,4.96999979019165,3.7172303199768066,1078500
2009-01-07,4.869999885559082,4.949999809265137,4.53000020980835,4.650000095367432,3.4778921604156494,913800
2009-01-08,4.880000114440918,4.900000095367432,4.269999980926514,4.860000133514404,3.634958267211914,751000
2009-01-09,4.849999904632568,4.869999885559082,4.269999980926514,4.269999980926514,3.1936757564544678,744500
2009-01-12,4.289999961853027,4.309999942779541,3.759999990463257,3.8299999237060547,2.864586114883423,949900
2009-01-13,3.859999895095825,4.260000228881836,3.7899999618530273,4.090000152587891,3.0590484142303467,839300
2009-01-14,3.940000057220459,3.950000047683716,3.559999942779541,3.7799999713897705,2.8271896839141846,1321100
2009-01-15,3.7699999809265137,4.210000038146973,3.6500000953674316,4.119999885559082,3.081486940383911,1105400
2009-01-16,4.199999809265137,4.360000133514404,3.9600000381469727,4.119999885559082,3.081486940383911,973700
2009-01-20,4.210000038146973,4.21999979019165,3.700000047683716,3.7899999618530273,2.834667682647705,1107100
2009-01-21,3.7899999618530273,4.070000171661377,3.700000047683716,4.0,2.991734743118286,817400
2009-01-22,3.890000104904175,4.03000020980835,3.690000057220459,3.8399999141693115,2.8720648288726807,916400
2009-01-23,3.7200000286102295,4.239999771118164,3.549999952316284,4.059999942779541,3.0366103649139404,1156300
2009-01-26,4.070000171661377,4.46999979019165,4.070000171661377,4.369999885559082,3.268470525741577,644400
2009-01-27,4.380000114440918,4.519999980926514,4.239999771118164,4.320000171661377,3.2310733795166016,555600
2009-01-28,4.409999847412109,4.659999847412109,4.400000095367432,4.619999885559082,3.4554550647735596,507900
2009-01-29,4.550000190734863,4.639999866485596,4.369999885559082,4.409999847412109,3.298386335372925,529200
2009-01-30,4.5,4.53000020980835,4.119999885559082,4.349999904632568,3.253511428833008,665900
2009-02-02,4.28000020980835,4.840000152587891,4.25,4.650000095367432,3.4778921604156494,1164700
2009-02-03,4.690000057220459,4.710000038146973,4.309999942779541,4.449999809265137,3.328306198120117,922800
2009-02-04,4.349999904632568,4.550000190734863,4.28000020980835,4.369999885559082,3.268470525741577,627400
2009-02-05,4.320000171661377,4.659999847412109,4.309999942779541,4.519999980926514,3.3806605339050293,618400
2009-02-06,4.489999771118164,4.809999942779541,4.489999771118164,4.699999809265137,3.5152885913848877,607900
2009-02-09,4.75,4.800000190734863,4.510000228881836,4.710000038146973,3.52276873588562,542800
2009-02-10,4.639999866485596,4.710000038146973,4.369999885559082,4.440000057220459,3.3208253383636475,816900
2009-02-11,4.480000019073486,4.630000114440918,4.360000133514404,4.539999961853027,3.395617723464966,409700
2009-02-12,4.360000133514404,4.630000114440918,4.309999942779541,4.570000171661377,3.418058156967163,675600
2009-02-13,4.590000152587891,4.690000057220459,4.369999885559082,4.460000038146973,3.3357837200164795,303800
2009-02-17,4.320000171661377,4.739999771118164,4.110000133514404,4.510000228881836,3.373180866241455,1983800
2009-02-18,4.590000152587891,4.610000133514404,4.28000020980835,4.389999866485596,3.2834293842315674,983200
2009-02-19,4.480000019073486,4.570000171661377,4.159999847412109,4.170000076293945,3.1188831329345703,449700
2009-02-20,3.9700000286102295,4.210000038146973,3.9000000953674316,4.050000190734863,3.029132127761841,440600
2009-02-23,4.070000171661377,4.300000190734863,3.809999942779541,3.8399999141693115,2.8720648288726807,736000
2009-02-24,3.9600000381469727,4.289999961853027,3.869999885559082,4.28000020980835,3.2011570930480957,682200
2009-02-25,4.199999809265137,4.289999961853027,3.569999933242798,3.7200000286102295,2.782313346862793,1355800
2009-02-26,3.8499999046325684,3.950000047683716,3.5999999046325684,3.619999885559082,2.707519054412842,587900
2009-02-27,3.5799999237060547,3.7100000381469727,3.5,3.549999952316284,2.6551637649536133,667100
2009-03-02,3.490000009536743,3.5999999046325684,3.390000104904175,3.4100000858306885,2.5504531860351562,646700
2009-03-03,3.549999952316284,3.5799999237060547,3.299999952316284,3.3399999141693115,2.4980971813201904,533500
2009-03-04,3.3499999046325684,3.5299999713897705,3.3399999141693115,3.4700000286102295,2.595329523086548,419500
2009-03-05,3.359999895095825,3.4700000286102295,2.9600000381469727,3.0,2.2438011169433594,653000
2009-03-06,3.1700000762939453,3.319999933242798,3.0,3.190000057220459,2.3859078884124756,758300
2009-03-09,3.069999933242798,3.6700000762939453,3.069999933242798,3.4200000762939453,2.5579328536987305,1086600
2009-03-10,3.549999952316284,4.46999979019165,3.549999952316284,4.369999885559082,3.268470525741577,909400
2009-03-11,4.409999847412109,4.639999866485596,4.309999942779541,4.559999942779541,3.4105775356292725,658800
2009-03-12,4.559999942779541,4.75,4.28000020980835,4.75,3.552685499191284,971000
2009-03-13,4.769999980926514,4.900000095367432,4.599999904632568,4.829999923706055,3.6125192642211914,606600
2009-03-16,4.849999904632568,5.21999979019165,4.610000133514404,4.650000095367432,3.4778921604156494,843800
2009-03-17,4.690000057220459,5.25,4.639999866485596,5.25,3.9266514778137207,662900
2009-03-18,5.230000019073486,5.639999866485596,5.0,5.5,4.1136345863342285,777800
2009-03-19,5.570000171661377,5.570000171661377,5.349999904632568,5.46999979019165,4.091197967529297,508900
2009-03-20,5.389999866485596,5.610000133514404,4.820000171661377,5.050000190734863,3.777064800262451,985100
2009-03-23,5.230000019073486,5.96999979019165,5.159999847412109,5.96999979019165,4.4651641845703125,833500
2009-03-24,5.880000114440918,6.309999942779541,5.820000171661377,5.929999828338623,4.43524694442749,693100
2009-03-25,5.980000019073486,6.570000171661377,5.630000114440918,6.150000095367432,4.599793910980225,678400
2009-03-26,6.260000228881836,6.75,6.199999809265137,6.679999828338623,4.996194362640381,669100
2009-03-27,6.539999961853027,6.630000114440918,6.230000019073486,6.300000190734863,4.7403669357299805,702700
2009-03-30,6.070000171661377,6.130000114440918,5.699999809265137,5.739999771118164,4.319002151489258,742400
2009-03-31,5.820000171661377,5.96999979019165,5.440000057220459,5.699999809265137,4.288904190063477,594800
2009-04-01,5.550000190734863,6.159999847412109,5.389999866485596,6.119999885559082,4.604927062988281,627700
2009-04-02,6.25,6.849999904632568,6.090000152587891,6.71999979019165,5.056393146514893,577900
2009-04-03,6.610000133514404,6.71999979019165,6.389999866485596,6.599999904632568,4.966097354888916,388600
2009-04-06,6.510000228881836,6.510000228881836,6.159999847412109,6.340000152587891,4.770466327667236,708900
2009-04-07,6.210000038146973,6.380000114440918,6.059999942779541,6.25,4.702744483947754,438200
2009-04-08,6.340000152587891,6.78000020980835,6.340000152587891,6.760000228881836,5.086489677429199,885300
2009-04-09,6.989999771118164,7.099999904632568,6.670000076293945,6.929999828338623,5.214402198791504,967400
2009-04-13,6.849999904632568,7.25,6.730000019073486,7.150000095367432,5.379941463470459,730400
2009-04-14,6.980000019073486,7.179999828338623,6.5,6.590000152587891,4.9585747718811035,810800
2009-04-15,6.5,6.849999904632568,6.369999885559082,6.739999771118164,5.07144021987915,326200
2009-04-16,6.840000152587891,7.360000133514404,6.690000057220459,7.230000019073486,5.440136432647705,654500
2009-04-17,7.260000228881836,7.769999980926514,7.099999904632568,7.599999904632568,5.718538761138916,948800
2009-04-20,7.400000095367432,7.409999847412109,6.730000019073486,6.889999866485596,5.1843061447143555,843300
2009-04-21,6.809999942779541,7.210000038146973,6.650000095367432,7.110000133514404,5.349842548370361,692300
2009-04-22,6.949999809265137,7.690000057220459,6.900000095367432,7.289999961853027,5.485282897949219,716300
2009-04-23,7.139999866485596,7.440000057220459,6.849999904632568,6.980000019073486,5.252026081085205,549800
2009-04-24,7.03000020980835,7.269999980926514,6.909999847412109,7.130000114440918,5.3648905754089355,586400
2009-04-27,6.940000057220459,7.110000133514404,6.699999809265137,6.809999942779541,5.124111175537109,775900
2009-04-28,6.699999809265137,7.079999923706055,6.590000152587891,6.929999828338623,5.214402198791504,463900
2009-04-29,7.0,7.670000076293945,6.829999923706055,7.429999828338623,5.590623378753662,731900
2009-04-30,7.389999866485596,8.0,7.389999866485596,7.710000038146973,5.801305294036865,686700
2009-05-01,7.699999809265137,8.0,7.550000190734863,7.730000019073486,5.816354751586914,436200
2009-05-04,7.940000057220459,8.529999732971191,7.449999809265137,8.420000076293945,6.335538387298584,805000
2009-05-05,8.210000038146973,8.670000076293945,8.109999656677246,8.420000076293945,6.335538387298584,777600
2009-05-06,8.619999885559082,8.739999771118164,8.0,8.25,6.207624435424805,919300
2009-05-07,8.539999961853027,9.25,7.880000114440918,7.960000038146973,5.98941707611084,1467400
2009-05-08,8.109999656677246,8.350000381469727,7.869999885559082,8.279999732971191,6.230197429656982,741100
2009-05-11,8.079999923706055,8.489999771118164,7.820000171661377,8.239999771118164,6.200098037719727,503500
2009-05-12,8.390000343322754,8.479999542236328,7.659999847412109,7.739999771118164,5.823879718780518,788600
2009-05-13,7.559999942779541,7.769999980926514,7.190000057220459,7.25,5.455183982849121,883900
2009-05-14,7.300000190734863,8.0,7.099999904632568,7.599999904632568,5.718538761138916,685800
2009-05-15,7.570000171661377,8.0,7.400000095367432,7.510000228881836,5.650818347930908,744700
2009-05-18,9.130000114440918,10.260000228881836,8.569999694824219,10.180000305175781,7.659832954406738,4098000
2009-05-19,10.109999656677246,10.8100004196167,9.789999961853027,10.039999961853027,7.5544891357421875,2335600
2009-05-20,10.180000305175781,10.520000457763672,9.34000015258789,9.430000305175781,7.095502853393555,1320300
2009-05-21,9.279999732971191,9.670000076293945,9.180000305175781,9.460000038146973,7.118077278137207,987200
2009-05-22,9.630000114440918,9.739999771118164,9.180000305175781,9.449999809265137,7.110550880432129,738100
2009-05-26,9.300000190734863,10.75,9.300000190734863,10.600000381469727,7.975857257843018,1095400
2009-05-27,10.600000381469727,10.850000381469727,10.0,10.09000015258789,7.592109203338623,1036300
2009-05-28,9.579999923706055,9.739999771118164,8.890000343322754,9.279999732971191,6.982637882232666,1166500
2009-05-29,9.1899995803833,9.550000190734863,9.0600004196167,9.449999809265137,7.110550880432129,837000
2009-06-01,9.59000015258789,11.279999732971191,9.579999923706055,11.199999809265137,8.427321434020996,1449500
2009-06-02,11.09000015258789,11.5,10.720000267028809,11.279999732971191,8.487516403198242,1099300
2009-06-03,11.0,11.329999923706055,10.069999694824219,10.359999656677246,7.795270919799805,1246500
2009-06-04,10.479999542236328,10.479999542236328,9.5,9.649999618530273,7.261040210723877,1232700
2009-06-05,9.800000190734863,9.899999618530273,9.399999618530273,9.539999961853027,7.17827033996582,1107100
2009-06-08,9.550000190734863,9.550000190734863,9.039999961853027,9.300000190734863,6.9976887702941895,799000
2009-06-09,9.350000381469727,9.859999656677246,9.350000381469727,9.729999542236328,7.321234226226807,808300
2009-06-10,9.800000190734863,9.869999885559082,9.329999923706055,9.850000381469727,7.411527156829834,942100
2009-06-11,9.899999618530273,10.050000190734863,9.550000190734863,9.670000076293945,7.276088237762451,804700
2009-06-12,9.59000015258789,10.079999923706055,9.460000038146973,10.039999961853027,7.5544891357421875,755500
2009-06-15,9.770000457763672,9.970000267028809,9.510000228881836,9.670000076293945,7.276088237762451,729000
2009-06-16,9.760000228881836,9.829999923706055,9.149999618530273,9.1899995803833,6.914916515350342,748000
2009-06-17,9.170000076293945,9.40999984741211,8.75,9.220000267028809,6.937489986419678,582700
2009-06-18,9.119999885559082,9.229999542236328,8.880000114440918,8.979999542236328,6.756905555725098,392200
2009-06-19,9.130000114440918,9.170000076293945,8.829999923706055,8.989999771118164,6.764431476593018,1604800
2009-06-22,8.869999885559082,8.90999984741211,8.25,8.510000228881836,6.403259754180908,792400
2009-06-23,8.510000228881836,8.640000343322754,8.180000305175781,8.229999542236328,6.192574977874756,469200
2009-06-24,8.359999656677246,8.880000114440918,8.270000457763672,8.460000038146973,6.365634441375732,407300
2009-06-25,8.460000038146973,8.949999809265137,8.300000190734863,8.9399995803833,6.726806163787842,363400
2009-06-26,8.720000267028809,9.289999961853027,8.649999618530273,9.079999923706055,6.8938374519348145,816900
2009-06-29,9.100000381469727,9.609999656677246,8.8100004196167,9.15999984741211,6.954575061798096,570100
2009-06-30,9.15999984741211,9.399999618530273,9.010000228881836,9.199999809265137,6.9849467277526855,463100
2009-07-01,9.329999923706055,9.569999694824219,9.170000076293945,9.449999809265137,7.1747541427612305,459200
2009-07-02,9.289999961853027,9.289999961853027,8.829999923706055,8.979999542236328,6.817914962768555,588100
2009-07-06,8.949999809265137,9.260000228881836,8.630000114440918,8.819999694824219,6.696437358856201,762100
2009-07-07,8.800000190734863,8.930000305175781,8.390000343322754,8.489999771118164,6.4458909034729,535000
2009-07-08,8.770000457763672,8.770000457763672,8.0,8.279999732971191,6.286452293395996,794000
2009-07-09,8.319999694824219,8.449999809265137,8.119999885559082,8.289999961853027,6.294044017791748,550300
2009-07-10,8.1899995803833,8.3100004196167,7.849999904632568,7.929999828338623,6.020720481872559,570500
2009-07-13,8.029999732971191,8.359999656677246,7.880000114440918,8.3100004196167,6.309227466583252,733900
2009-07-14,8.3100004196167,8.430000305175781,8.130000114440918,8.260000228881836,6.271267414093018,423800
2009-07-15,8.329999923706055,8.779999732971191,8.279999732971191,8.75,6.643294334411621,673400
2009-07-16,8.65999984741211,8.739999771118164,8.239999771118164,8.460000038146973,6.4231133460998535,949300
2009-07-17,8.4399995803833,8.579999923706055,8.140000343322754,8.170000076293945,6.202935695648193,960700
2009-07-20,8.25,8.739999771118164,8.15999984741211,8.539999961853027,6.483853340148926,2091700
2009-07-21,8.699999809265137,8.760000228881836,8.0600004196167,8.199999809265137,6.225711822509766,807600
2009-07-22,8.149999618530273,8.430000305175781,8.100000381469727,8.300000190734863,6.301636695861816,639800
2009-07-23,8.270000457763672,9.270000457763672,8.210000038146973,9.050000190734863,6.871060848236084,1065100
2009-07-24,8.920000076293945,9.329999923706055,8.920000076293945,9.1899995803833,6.977355480194092,498800
2009-07-27,9.199999809265137,9.720000267028809,9.039999961853027,9.65999984741211,7.334192752838135,795800
2009-07-28,9.59000015258789,10.100000381469727,9.399999618530273,9.930000305175781,7.539185523986816,699300
2009-07-29,9.829999923706055,10.239999771118164,9.8100004196167,10.15999984741211,7.713810920715332,648500
2009-07-30,10.319999694824219,10.800000190734863,10.180000305175781,10.489999771118164,7.964354515075684,645100
2009-07-31,10.460000038146973,10.75,10.270000457763672,10.609999656677246,8.055463790893555,344600
2009-08-03,10.619999885559082,11.140000343322754,10.460000038146973,11.069999694824219,8.404714584350586,681400
2009-08-04,10.899999618530273,11.300000190734863,10.8100004196167,11.15999984741211,8.473045349121094,560900
2009-08-05,11.109999656677246,11.220000267028809,10.640000343322754,10.970000267028809,8.328790664672852,578000
2009-08-06,11.0,11.390000343322754,10.819999694824219,10.850000381469727,8.237682342529297,441000
2009-08-07,11.199999809265137,11.989999771118164,11.020000457763672,11.59000015258789,8.79951286315918,1319700
2009-08-10,11.470000267028809,11.649999618530273,11.300000190734863,11.5,8.731184005737305,491100
2009-08-11,11.40999984741211,11.470000267028809,11.149999618530273,11.270000457763672,8.556557655334473,602100
2009-08-12,11.25,11.739999771118164,11.180000305175781,11.579999923706055,8.79192066192627,639200
2009-08-13,11.529999732971191,11.739999771118164,10.949999809265137,11.329999923706055,8.6021146774292,878700
2009-08-14,11.25,11.3100004196167,10.399999618530273,10.460000038146973,7.941579341888428,924900
2009-08-17,10.109999656677246,10.329999923706055,9.869999885559082,9.989999771118164,7.584739685058594,1021200
2009-08-18,10.350000381469727,10.75,10.109999656677246,10.600000381469727,8.04787826538086,1056900
2009-08-19,10.380000114440918,10.5,10.050000190734863,10.109999656677246,7.675848960876465,876300
2009-08-20,10.119999885559082,10.5,10.069999694824219,10.470000267028809,7.949172496795654,830400
2009-08-21,10.619999885559082,10.779999732971191,10.460000038146973,10.760000228881836,8.169349670410156,506100
2009-08-24,10.899999618530273,11.279999732971191,10.819999694824219,10.890000343322754,8.26805305480957,545500
2009-08-25,10.9399995803833,11.899999618530273,10.9399995803833,11.710000038146973,8.890621185302734,919400
2009-08-26,11.729999542236328,11.970000267028809,11.470000267028809,11.539999961853027,8.761552810668945,502700
2009-08-27,11.640000343322754,11.6899995803833,11.25,11.550000190734863,8.769143104553223,336000
2009-08-28,11.65999984741211,11.800000190734863,11.5,11.680000305175781,8.867844581604004,502200
2009-08-31,11.550000190734863,11.779999732971191,11.34000015258789,11.40999984741211,8.66285228729248,580000
2009-09-01,11.210000038146973,11.800000190734863,11.050000190734863,11.069999694824219,8.404714584350586,716700
2009-09-02,11.029999732971191,11.239999771118164,10.890000343322754,11.079999923706055,8.412303924560547,324800
2009-09-03,11.079999923706055,11.210000038146973,10.850000381469727,11.09000015258789,8.419896125793457,476200
2009-09-04,11.100000381469727,11.609999656677246,11.029999732971191,11.550000190734863,8.769143104553223,569900
2009-09-08,11.789999961853027,11.989999771118164,11.380000114440918,11.850000381469727,8.996914863586426,746800
2009-09-09,11.8100004196167,12.640000343322754,11.710000038146973,12.449999809265137,9.452455520629883,979800
2009-09-10,12.470000267028809,12.9399995803833,12.220000267028809,12.8100004196167,9.725776672363281,732900
2009-09-11,12.9399995803833,13.050000190734863,12.479999542236328,12.84000015258789,9.748556137084961,827100
2009-09-14,12.800000190734863,13.479999542236328,12.670000076293945,13.270000457763672,10.075027465820312,1039400
2009-09-15,13.279999732971191,13.640000343322754,13.279999732971191,13.579999923706055,10.310388565063477,696100
2009-09-16,13.75,14.220000267028809,13.609999656677246,14.220000267028809,10.79629898071289,985900
2009-09-17,14.1899995803833,14.800000190734863,14.15999984741211,14.369999885559082,10.910183906555176,920000
2009-09-18,13.859999656677246,14.489999771118164,13.859999656677246,14.390000343322754,10.925366401672363,1321300
2009-09-21,14.289999961853027,14.739999771118164,14.029999732971191,14.65999984741211,11.13036060333252,1007900
2009-09-22,14.800000190734863,15.079999923706055,14.59000015258789,14.880000114440918,11.297389030456543,798900
2009-09-23,14.949999809265137,15.029999732971191,14.5600004196167,14.630000114440918,11.10758113861084,690800
2009-09-24,14.649999618530273,14.729999542236328,14.149999618530273,14.40999984741211,10.940550804138184,670000
2009-09-25,14.319999694824219,14.479999542236328,14.020000457763672,14.1899995803833,10.773520469665527,480900
2009-09-28,14.270000457763672,14.800000190734863,14.039999961853027,14.649999618530273,11.15421199798584,665500
2009-09-29,14.6899995803833,14.800000190734863,14.1899995803833,14.5,11.039999961853027,486100
2009-09-30,14.59000015258789,14.59000015258789,13.859999656677246,14.100000381469727,10.735450744628906,742900
2009-10-01,14.020000457763672,14.039999961853027,13.210000038146973,13.289999961853027,10.118733406066895,982800
2009-10-02,13.079999923706055,13.40999984741211,12.880000114440918,13.100000381469727,9.974069595336914,518100
2009-10-05,13.180000305175781,14.119999885559082,13.180000305175781,14.100000381469727,10.735450744628906,1009900
2009-10-06,14.289999961853027,14.6899995803833,14.149999618530273,14.5,11.039999961853027,883900
2009-10-07,14.449999809265137,14.920000076293945,14.399999618530273,14.630000114440918,11.138982772827148,733300
2009-10-08,14.770000457763672,15.0,14.670000076293945,14.779999732971191,11.253185272216797,1047600
2009-10-09,14.75,14.960000038146973,14.550000190734863,14.84000015258789,11.298871994018555,658900
2009-10-12,14.949999809265137,15.279999732971191,14.699999809265137,14.760000228881836,11.23796272277832,584300
2009-10-13,14.710000038146973,15.270000457763672,14.710000038146973,15.079999923706055,11.481603622436523,677000
2009-10-14,15.300000190734863,15.34000015258789,15.079999923706055,15.210000038146973,11.580582618713379,664400
2009-10-15,15.100000381469727,15.420000076293945,14.869999885559082,14.949999809265137,11.382622718811035,788800
2009-10-16,14.770000457763672,14.989999771118164,14.479999542236328,14.5600004196167,11.085684776306152,921700
2009-10-19,14.739999771118164,15.4399995803833,14.6899995803833,15.199999809265137,11.572969436645508,992700
2009-10-20,15.25,15.4399995803833,15.09000015258789,15.300000190734863,11.649107933044434,1039200
2009-10-21,15.270000457763672,15.720000267028809,14.970000267028809,14.979999542236328,11.405464172363281,931700
2009-10-22,15.020000457763672,15.579999923706055,15.020000457763672,15.430000305175781,11.74808406829834,597300
2009-10-23,15.460000038146973,15.609999656677246,14.869999885559082,14.920000076293945,11.359786033630371,808100
2009-10-26,15.0600004196167,15.300000190734863,14.510000228881836,14.529999732971191,11.062845230102539,765000
2009-10-27,14.600000381469727,14.720000267028809,14.069999694824219,14.09000015258789,10.727839469909668,890500
2009-10-28,14.039999961853027,14.300000190734863,13.449999809265137,13.529999732971191,10.301466941833496,1154600
2009-10-29,13.770000457763672,14.220000267028809,13.529999732971191,14.100000381469727,10.735450744628906,458700
2009-10-30,13.979999542236328,14.220000267028809,13.420000076293945,13.619999885559082,10.369988441467285,840700
2009-11-02,13.720000267028809,13.770000457763672,13.239999771118164,13.59000015258789,10.347149848937988,879900
2009-11-03,13.4399995803833,13.640000343322754,13.199999809265137,13.5600004196167,10.324307441711426,696100
2009-11-04,13.710000038146973,13.829999923706055,13.1899995803833,13.210000038146973,10.05782413482666,872000
2009-11-05,12.949999809265137,13.510000228881836,12.569999694824219,13.3100004196167,10.13396167755127,879000
2009-11-06,13.210000038146973,13.569999694824219,12.970000267028809,13.369999885559082,10.179643630981445,780500
2009-11-09,13.569999694824219,14.199999809265137,13.430000305175781,14.170000076293945,10.788743019104004,680700
2009-11-10,14.149999618530273,14.529999732971191,14.0600004196167,14.260000228881836,10.857267379760742,462100
2009-11-11,14.420000076293945,14.600000381469727,13.600000381469727,13.720000267028809,10.446128845214844,1028500
2009-11-12,13.649999618530273,13.9399995803833,12.890000343322754,12.949999809265137,9.859865188598633,985500
2009-11-13,12.970000267028809,13.239999771118164,12.720000267028809,13.1899995803833,10.042596817016602,1620000
2009-11-16,13.380000114440918,13.510000228881836,13.0600004196167,13.329999923706055,10.149191856384277,1151000
2009-11-17,14.529999732971191,14.800000190734863,14.149999618530273,14.510000228881836,11.047613143920898,2896700
2009-11-18,14.399999618530273,14.609999656677246,14.229999542236328,14.550000190734863,11.07807445526123,772000
2009-11-19,14.199999809265137,14.430000305175781,14.010000228881836,14.279999732971191,10.872499465942383,747200
2009-11-20,15.180000305175781,15.789999961853027,15.010000228881836,15.65999984741211,11.923201560974121,3780400
2009-11-23,16.0,16.68000030517578,15.850000381469727,16.420000076293945,12.501852035522461,2293300
2009-11-24,16.520000457763672,16.610000610351562,15.850000381469727,16.31999969482422,12.425711631774902,1126400
2009-11-25,16.440000534057617,17.200000762939453,16.280000686645508,17.139999389648438,13.050044059753418,1847700
2009-11-27,16.440000534057617,17.31999969482422,16.360000610351562,16.889999389648438,12.859696388244629,902500
2009-11-30,16.899999618530273,17.149999618530273,16.489999771118164,16.989999771118164,12.935837745666504,1622000
2009-12-01,17.149999618530273,17.600000381469727,17.110000610351562,17.200000762939453,13.095725059509277,1363800
2009-12-02,17.260000228881836,17.34000015258789,16.600000381469727,17.020000457763672,12.95867919921875,1643700
2009-12-03,16.93000030517578,17.1299991607666,16.530000686645508,16.739999771118164,12.745489120483398,1554200
2009-12-04,17.200000762939453,17.530000686645508,16.5,17.1200008392334,13.034822463989258,1023600
2009-12-07,17.25,17.5,17.09000015258789,17.399999618530273,13.24799919128418,963300
2009-12-08,17.260000228881836,17.770000457763672,17.139999389648438,17.56999969482422,13.377439498901367,1163600
2009-12-09,17.540000915527344,17.739999771118164,17.31999969482422,17.440000534057617,13.278463363647461,850700
2009-12-10,17.59000015258789,17.760000228881836,17.40999984741211,17.56999969482422,13.377439498901367,674700
2009-12-11,17.760000228881836,18.190000534057617,17.709999084472656,17.969999313354492,13.681990623474121,1159100
2009-12-14,18.280000686645508,18.6299991607666,17.899999618530273,18.389999389648438,14.00177001953125,1181500
2009-12-15,18.34000015258789,18.579999923706055,18.110000610351562,18.3799991607666,13.994160652160645,1267000
2009-12-16,18.56999969482422,19.049999237060547,18.479999542236328,18.809999465942383,14.321551322937012,1030300
2009-12-17,18.68000030517578,19.329999923706055,18.530000686645508,18.989999771118164,14.458601951599121,1582300
2009-12-18,19.110000610351562,19.1200008392334,18.399999618530273,18.84000015258789,14.344391822814941,1725600
2009-12-21,19.030000686645508,19.299999237060547,18.799999237060547,19.209999084472656,14.62609577178955,1071000
2009-12-22,19.200000762939453,19.40999984741211,18.959999084472656,19.270000457763672,14.671783447265625,776900
2009-12-23,19.170000076293945,19.75,19.15999984741211,19.739999771118164,15.029624938964844,822700
2009-12-24,19.690000534057617,19.950000762939453,19.610000610351562,19.770000457763672,15.05247688293457,344800
2009-12-28,19.780000686645508,20.170000076293945,19.780000686645508,20.020000457763672,15.242820739746094,759500
2009-12-29,20.040000915527344,20.139999389648438,19.790000915527344,19.860000610351562,15.151269912719727,522500
2009-12-30,19.780000686645508,19.780000686645508,18.75,18.969999313354492,14.472282409667969,1277600
2009-12-31,18.93000030517578,19.149999618530273,18.399999618530273,18.450000762939453,14.075573921203613,690300
2010-01-04,18.75,19.020000457763672,18.440000534057617,18.690000534057617,14.258667945861816,987700
2010-01-05,18.6299991607666,19.06999969482422,18.459999084472656,18.799999237060547,14.342595100402832,904300
2010-01-06,18.709999084472656,19.190000534057617,18.709999084472656,18.969999313354492,14.472282409667969,963800
2010-01-07,19.040000915527344,19.040000915527344,18.329999923706055,18.5,14.113722801208496,1074300
2010-01-08,18.40999984741211,18.469999313354492,18.049999237060547,18.110000610351562,13.81618881225586,608900
2010-01-11,18.200000762939453,18.329999923706055,17.6299991607666,17.940000534057617,13.686493873596191,915200
2010-01-12,17.75,17.850000381469727,17.1200008392334,17.469999313354492,13.32793140411377,810800
2010-01-13,17.5,17.809999465942383,17.139999389648438,17.68000030517578,13.488142967224121,595200
2010-01-14,17.610000610351562,17.610000610351562,17.149999618530273,17.270000457763672,13.1753511428833,443000
2010-01-15,17.290000915527344,17.600000381469727,17.020000457763672,17.280000686645508,13.182979583740234,597400
2010-01-19,17.3799991607666,17.81999969482422,17.280000686645508,17.719999313354492,13.518654823303223,738000
2010-01-20,17.579999923706055,17.6200008392334,16.8799991607666,17.290000915527344,13.190608978271484,698700
2010-01-21,17.299999237060547,17.68000030517578,16.739999771118164,16.84000015258789,12.847301483154297,815000
2010-01-22,16.809999465942383,17.329999923706055,16.3799991607666,16.549999237060547,12.626055717468262,1069700
2010-01-25,16.719999313354492,17.030000686645508,16.59000015258789,16.899999618530273,12.893075942993164,779700
2010-01-26,16.790000915527344,17.059999465942383,16.540000915527344,16.6299991607666,12.687094688415527,518400
2010-01-27,16.540000915527344,16.6299991607666,16.200000762939453,16.479999542236328,12.572653770446777,541000
2010-01-28,16.489999771118164,16.510000228881836,16.06999969482422,16.25,12.397184371948242,545900
2010-01-29,16.299999237060547,16.780000686645508,16.299999237060547,16.559999465942383,12.633689880371094,883200
2010-02-01,16.65999984741211,17.110000610351562,16.420000076293945,17.09000015258789,13.038025856018066,873700
2010-02-02,17.09000015258789,17.149999618530273,16.510000228881836,16.809999465942383,12.824411392211914,1150300
2010-02-03,16.829999923706055,17.280000686645508,16.690000534057617,17.270000457763672,13.1753511428833,748600
2010-02-04,17.110000610351562,17.59000015258789,16.209999084472656,16.219999313354492,12.374303817749023,955500
2010-02-05,16.200000762939453,16.200000762939453,14.9399995803833,15.869999885559082,12.107283592224121,1905400
2010-02-08,15.800000190734863,16.40999984741211,15.359999656677246,15.609999656677246,11.908929824829102,1050300
2010-02-09,15.859999656677246,16.149999618530273,15.520000457763672,16.010000228881836,12.214092254638672,1025500
2010-02-10,15.979999542236328,16.1200008392334,15.630000114440918,15.869999885559082,12.107283592224121,424300
2010-02-11,15.84000015258789,16.389999389648438,15.539999961853027,16.3700008392334,12.488733291625977,570600
2010-02-12,16.239999771118164,16.690000534057617,15.760000228881836,16.420000076293945,12.52687931060791,727500
2010-02-16,16.510000228881836,17.350000381469727,16.510000228881836,17.280000686645508,13.182979583740234,772500
2010-02-17,17.329999923706055,17.40999984741211,16.889999389648438,17.1200008392334,13.060914993286133,492600
2010-02-18,17.049999237060547,17.079999923706055,16.760000228881836,17.06999969482422,13.022769927978516,356100
2010-02-19,16.959999084472656,17.200000762939453,16.93000030517578,17.18000030517578,13.106688499450684,452700
2010-02-22,17.239999771118164,17.290000915527344,16.979999542236328,17.010000228881836,12.9769926071167,467900
2010-02-23,16.93000030517578,17.0,16.260000228881836,16.489999771118164,12.580283164978027,1033400
2010-02-24,16.5,16.81999969482422,16.5,16.75,12.77863883972168,527400
2010-02-25,16.459999084472656,17.06999969482422,16.329999923706055,17.020000457763672,12.98462200164795,373500
2010-02-26,17.09000015258789,17.149999618530273,16.75,16.8700008392334,12.870187759399414,408300
2010-03-01,17.600000381469727,20.170000076293945,17.520000457763672,20.030000686645508,15.280970573425293,4253600
2010-03-02,20.0,20.290000915527344,19.06999969482422,19.309999465942383,14.731677055358887,2229900
2010-03-03,19.459999084472656,20.149999618530273,19.450000762939453,19.950000762939453,15.219928741455078,1324800
2010-03-04,20.239999771118164,21.479999542236328,20.170000076293945,21.360000610351562,16.29562759399414,2011000
2010-03-05,21.600000381469727,22.280000686645508,20.989999771118164,22.139999389648438,16.890695571899414,1606400
2010-03-08,22.299999237060547,22.459999084472656,21.920000076293945,22.139999389648438,16.890695571899414,915800
2010-03-09,22.0,22.1200008392334,21.790000915527344,21.90999984741211,16.71522331237793,899400
2010-03-10,21.899999618530273,22.90999984741211,21.780000686645508,22.510000228881836,17.172969818115234,875300
2010-03-11,22.350000381469727,22.780000686645508,22.190000534057617,22.780000686645508,17.378942489624023,549400
2010-03-12,22.8700008392334,22.989999771118164,22.700000762939453,22.850000381469727,17.432353973388672,614400
2010-03-15,22.729999542236328,23.020000457763672,22.440000534057617,23.010000228881836,17.554414749145508,523300
2010-03-16,23.1200008392334,23.420000076293945,22.940000534057617,23.420000076293945,17.867206573486328,690600
2010-03-17,23.479999542236328,23.770000457763672,23.200000762939453,23.59000015258789,17.99690055847168,2893100
2010-03-18,23.5,23.579999923706055,23.170000076293945,23.34000015258789,17.806175231933594,595200
2010-03-19,22.84000015258789,23.510000228881836,22.809999465942383,22.84000015258789,17.42472267150879,1033100
2010-03-22,22.829999923706055,23.860000610351562,22.610000610351562,23.860000610351562,18.2028865814209,567100
2010-03-23,23.790000915527344,24.389999389648438,23.510000228881836,24.389999389648438,18.607227325439453,738700
2010-03-24,24.270000457763672,24.31999969482422,23.920000076293945,24.0,18.309694290161133,693400
2010-03-25,24.170000076293945,24.399999618530273,23.979999542236328,24.06999969482422,18.36309051513672,1124700
2010-03-26,24.15999984741211,24.350000381469727,23.6200008392334,23.670000076293945,18.057931900024414,809000
2010-03-29,23.65999984741211,23.809999465942383,23.139999389648438,23.670000076293945,18.088499069213867,718300
2010-03-30,23.549999237060547,23.979999542236328,23.549999237060547,23.65999984741211,18.08086585998535,669300
2010-03-31,23.459999084472656,23.950000762939453,23.440000534057617,23.600000381469727,18.035001754760742,787400
2010-04-01,23.889999389648438,24.469999313354492,23.860000610351562,24.059999465942383,18.38654136657715,619200
2010-04-05,24.260000228881836,25.700000762939453,23.93000030517578,25.65999984741211,19.6092472076416,951900
2010-04-06,25.399999618530273,25.860000610351562,25.360000610351562,25.639999389648438,19.59395980834961,785500
2010-04-07,25.75,26.149999618530273,25.299999237060547,25.940000534057617,19.823223114013672,1096900
2010-04-08,26.030000686645508,26.110000610351562,25.450000762939453,25.75,19.67802619934082,674000
2010-04-09,25.780000686645508,27.030000686645508,25.700000762939453,26.920000076293945,20.572132110595703,1065700
2010-04-12,27.030000686645508,27.030000686645508,26.260000228881836,26.299999237060547,20.09833526611328,847900
2010-04-13,26.299999237060547,26.68000030517578,26.110000610351562,26.399999618530273,20.174753189086914,713600
2010-04-14,26.549999237060547,27.530000686645508,26.549999237060547,27.5,21.015369415283203,839400
2010-04-15,27.510000228881836,28.170000076293945,27.260000228881836,28.100000381469727,21.473886489868164,949600
2010-04-16,27.90999984741211,28.079999923706055,27.190000534057617,27.31999969482422,20.87781524658203,949600
2010-04-19,27.31999969482422,27.739999771118164,26.530000686645508,27.6299991607666,21.114717483520508,886300
2010-04-20,27.799999237060547,28.100000381469727,27.469999313354492,27.780000686645508,21.229337692260742,680300
2010-04-21,27.780000686645508,28.350000381469727,27.719999313354492,28.190000534057617,21.54267120361328,1064400
2010-04-22,27.770000457763672,29.540000915527344,27.75,29.40999984741211,22.474987030029297,1259500
2010-04-23,29.579999923706055,30.6299991607666,29.43000030517578,30.56999969482422,23.361446380615234,1244000
2010-04-26,30.479999542236328,31.219999313354492,30.360000610351562,30.93000030517578,23.636560440063477,1421700
2010-04-27,30.68000030517578,30.90999984741211,29.59000015258789,29.6200008392334,22.635461807250977,1691000
2010-04-28,29.84000015258789,30.25,29.18000030517578,29.360000610351562,22.4367733001709,814300
2010-04-29,29.68000030517578,30.18000030517578,29.479999542236328,29.979999542236328,22.910573959350586,937200
2010-04-30,30.0,30.100000381469727,27.979999542236328,28.079999923706055,21.45860481262207,892300
2010-05-03,28.56999969482422,29.8799991607666,28.440000534057617,29.719999313354492,22.71187973022461,1002500
2010-05-04,29.329999923706055,29.329999923706055,28.059999465942383,28.270000457763672,21.603797912597656,990800
2010-05-05,27.75,28.940000534057617,27.0,28.549999237060547,21.817771911621094,1480700
2010-05-06,26.549999237060547,27.079999923706055,22.329999923706055,24.559999465942383,18.76864242553711,3537900
2010-05-07,24.399999618530273,25.100000381469727,22.700000762939453,23.190000534057617,17.721691131591797,2014400
2010-05-10,24.56999969482422,26.860000610351562,24.56999969482422,26.809999465942383,20.488075256347656,1897700
2010-05-11,26.270000457763672,27.450000762939453,26.010000228881836,26.600000381469727,20.32758903503418,1078200
2010-05-12,26.84000015258789,27.299999237060547,26.579999923706055,27.200000762939453,20.78610610961914,959700
2010-05-13,27.200000762939453,27.239999771118164,25.649999618530273,25.719999313354492,19.65510368347168,1191100
2010-05-14,27.540000915527344,29.170000076293945,27.020000457763672,27.760000228881836,21.214059829711914,5895700
2010-05-17,28.450000762939453,28.6299991607666,26.610000610351562,27.739999771118164,21.198774337768555,2109800
2010-05-18,28.299999237060547,28.469999313354492,26.360000610351562,26.530000686645508,20.274099349975586,1518500
2010-05-19,26.350000381469727,27.15999984741211,26.110000610351562,26.68000030517578,20.38873291015625,1860300
2010-05-20,25.56999969482422,26.389999389648438,25.06999969482422,25.56999969482422,19.54047393798828,2318900
2010-05-21,25.010000228881836,27.399999618530273,25.010000228881836,27.280000686645508,20.84724235534668,2459600
2010-05-24,27.479999542236328,27.700000762939453,26.93000030517578,27.18000030517578,20.770828247070312,1511900
2010-05-25,26.239999771118164,27.700000762939453,26.049999237060547,27.639999389648438,21.122350692749023,1886200
2010-05-26,27.90999984741211,28.530000686645508,27.09000015258789,27.239999771118164,20.81667709350586,1544000
2010-05-27,28.06999969482422,28.559999465942383,27.59000015258789,28.489999771118164,21.771923065185547,958100
2010-05-28,28.440000534057617,28.90999984741211,28.0,28.690000534057617,21.924760818481445,1061600
2010-06-01,28.209999084472656,29.0,27.469999313354492,27.489999771118164,21.007728576660156,1133800
2010-06-02,27.850000381469727,27.889999389648438,26.559999465942383,27.290000915527344,20.854890823364258,1507300
2010-06-03,27.579999923706055,27.989999771118164,26.950000762939453,27.719999313354492,21.183490753173828,1203200
2010-06-04,26.770000457763672,26.770000457763672,24.8700008392334,25.329999923706055,19.357067108154297,2491300
2010-06-07,25.399999618530273,25.850000381469727,24.5,24.59000015258789,18.79156494140625,1444800
2010-06-08,24.690000534057617,25.25,23.809999465942383,25.100000381469727,19.18130111694336,1302700
2010-06-09,25.3700008392334,25.989999771118164,24.889999389648438,25.110000610351562,19.188947677612305,1069200
2010-06-10,25.68000030517578,26.549999237060547,25.520000457763672,26.549999237060547,20.289377212524414,860700
2010-06-11,26.059999465942383,26.65999984741211,25.790000915527344,26.239999771118164,20.052480697631836,1689300
2010-06-14,26.75,27.639999389648438,26.68000030517578,27.270000457763672,20.839601516723633,1382100
2010-06-15,27.149999618530273,27.6299991607666,26.81999969482422,27.579999923706055,21.07649803161621,900400
2010-06-16,27.260000228881836,27.770000457763672,27.100000381469727,27.399999618530273,20.938949584960938,829900
2010-06-17,27.399999618530273,27.709999084472656,26.81999969482422,27.459999084472656,20.984800338745117,1154100
2010-06-18,27.540000915527344,27.739999771118164,26.809999465942383,26.8700008392334,20.5339298248291,982200
2010-06-21,27.239999771118164,27.450000762939453,25.780000686645508,25.950000762939453,19.83086395263672,1053400
2010-06-22,26.1200008392334,26.520000457763672,24.6200008392334,24.950000762939453,19.066673278808594,1085200
2010-06-23,24.81999969482422,25.530000686645508,24.06999969482422,25.010000228881836,19.11252784729004,1266900
2010-06-24,24.809999465942383,24.81999969482422,23.6299991607666,23.68000030517578,18.096145629882812,993900
2010-06-25,23.93000030517578,24.440000534057617,23.5,23.850000381469727,18.226057052612305,1553400
2010-06-28,23.739999771118164,24.1200008392334,22.969999313354492,23.020000457763672,17.6213321685791,913700
2010-06-29,22.520000457763672,22.520000457763672,20.8799991607666,21.100000381469727,16.151611328125,1695300
2010-06-30,21.049999237060547,22.1299991607666,20.93000030517578,21.5,16.457801818847656,1597300
2010-07-01,21.540000915527344,21.979999542236328,20.59000015258789,21.809999465942383,16.695098876953125,1385200
2010-07-02,22.049999237060547,22.219999313354492,20.649999618530273,20.969999313354492,16.052095413208008,753700
2010-07-06,21.399999618530273,21.829999923706055,19.90999984741211,20.270000457763672,15.516265869140625,1087800
2010-07-07,20.43000030517578,21.06999969482422,20.270000457763672,20.989999771118164,16.06740951538086,1066700
2010-07-08,21.59000015258789,21.68000030517578,20.68000030517578,21.110000610351562,16.159263610839844,918600
2010-07-09,20.889999389648438,21.459999084472656,20.739999771118164,21.450000762939453,16.419527053833008,498200
2010-07-12,21.389999389648438,21.540000915527344,20.799999237060547,21.3700008392334,16.35828971862793,791400
2010-07-13,21.760000228881836,22.559999465942383,21.739999771118164,22.40999984741211,17.154376983642578,887000
2010-07-14,22.360000610351562,22.360000610351562,21.600000381469727,22.110000610351562,16.924747467041016,710500
2010-07-15,22.149999618530273,22.31999969482422,21.3700008392334,21.860000610351562,16.733367919921875,728600
2010-07-16,21.68000030517578,21.719999313354492,20.59000015258789,20.690000534057617,15.837764739990234,755800
2010-07-19,20.940000534057617,20.959999084472656,20.25,20.799999237060547,15.92195987701416,549700
2010-07-20,20.459999084472656,21.329999923706055,20.100000381469727,21.309999465942383,16.31235694885254,570100
2010-07-21,21.540000915527344,21.850000381469727,20.920000076293945,21.139999389648438,16.182222366333008,635900
2010-07-22,21.540000915527344,22.5,21.540000915527344,22.350000381469727,17.10845947265625,830700
2010-07-23,22.260000228881836,23.209999084472656,21.75,23.15999984741211,17.72849464416504,689900
2010-07-26,23.459999084472656,24.030000686645508,22.84000015258789,23.920000076293945,18.310266494750977,704700
2010-07-27,24.209999084472656,24.31999969482422,23.229999542236328,23.309999465942383,17.843313217163086,597900
2010-07-28,23.15999984741211,23.299999237060547,22.280000686645508,22.559999465942383,17.26921272277832,597200
2010-07-29,22.75,23.270000457763672,22.200000762939453,22.950000762939453,17.567745208740234,774100
2010-07-30,22.520000457763672,23.40999984741211,22.09000015258789,23.139999389648438,17.71318817138672,514200
2010-08-02,23.65999984741211,24.239999771118164,23.290000915527344,24.0,18.37150001525879,635900
2010-08-03,23.770000457763672,23.920000076293945,22.940000534057617,23.3700008392334,17.889245986938477,797100
2010-08-04,23.5,24.059999465942383,23.34000015258789,23.950000762939453,18.333223342895508,724000
2010-08-05,23.219999313354492,23.729999542236328,22.59000015258789,22.700000762939453,17.376375198364258,1332600
2010-08-06,22.190000534057617,22.690000534057617,21.610000610351562,22.1299991607666,16.940052032470703,634100
2010-08-09,22.309999465942383,22.75,22.25,22.639999389648438,17.330442428588867,546000
2010-08-10,22.299999237060547,22.469999313354492,21.809999465942383,22.209999084472656,17.00128746032715,545800
2010-08-11,21.600000381469727,21.989999771118164,21.1299991607666,21.270000457763672,16.281740188598633,644500
2010-08-12,20.420000076293945,21.15999984741211,20.309999465942383,20.90999984741211,16.006166458129883,637200
2010-08-13,20.34000015258789,20.899999618530273,19.690000534057617,19.850000381469727,15.194762229919434,1343400
2010-08-16,19.75,20.09000015258789,19.260000228881836,19.34000015258789,14.804368019104004,857700
2010-08-17,19.56999969482422,19.979999542236328,19.40999984741211,19.420000076293945,14.86560344696045,759900
2010-08-18,19.290000915527344,21.06999969482422,19.290000915527344,21.0,16.075061798095703,2000700
2010-08-19,20.90999984741211,21.25,20.6299991607666,20.959999084472656,16.04444122314453,1106000
2010-08-20,20.850000381469727,21.610000610351562,20.639999389648438,21.600000381469727,16.534353256225586,2413000
2010-08-23,21.899999618530273,21.989999771118164,21.329999923706055,21.350000381469727,16.342985153198242,704100
2010-08-24,21.0,21.809999465942383,20.6200008392334,21.360000610351562,16.35062599182129,1893500
2010-08-25,21.049999237060547,21.700000762939453,20.889999389648438,21.520000457763672,16.47311019897461,1028600
2010-08-26,21.59000015258789,21.670000076293945,21.229999542236328,21.329999923706055,16.327659606933594,790200
2010-08-27,21.649999618530273,21.739999771118164,21.030000686645508,21.56999969482422,16.511383056640625,858500
2010-08-30,21.3700008392334,21.450000762939453,20.979999542236328,20.989999771118164,16.06740951538086,1193800
2010-08-31,20.899999618530273,21.979999542236328,20.760000228881836,21.8700008392334,16.74102783203125,1652400
2010-09-01,22.280000686645508,22.75,22.149999618530273,22.59000015258789,17.292171478271484,863100
2010-09-02,22.790000915527344,23.389999389648438,22.690000534057617,23.3700008392334,17.889245986938477,987700
2010-09-03,23.739999771118164,23.780000686645508,23.15999984741211,23.5,17.988758087158203,1004500
2010-09-07,23.3700008392334,23.420000076293945,22.989999771118164,23.06999969482422,17.65960693359375,621400
2010-09-08,23.190000534057617,23.5,23.110000610351562,23.219999313354492,17.77442169189453,648500
2010-09-09,23.719999313354492,23.920000076293945,22.989999771118164,23.260000228881836,17.805044174194336,529700
2010-09-10,23.280000686645508,23.729999542236328,23.09000015258789,23.530000686645508,18.0117244720459,612700
2010-09-13,23.8700008392334,24.200000762939453,23.450000762939453,23.540000915527344,18.01938247680664,857300
2010-09-14,23.510000228881836,24.170000076293945,23.510000228881836,23.920000076293945,18.310266494750977,939500
2010-09-15,23.84000015258789,24.09000015258789,23.5,23.989999771118164,18.363845825195312,553300
2010-09-16,23.93000030517578,24.049999237060547,23.59000015258789,23.899999618530273,18.29494857788086,429500
2010-09-17,24.149999618530273,24.190000534057617,23.450000762939453,23.770000457763672,18.195432662963867,641600
2010-09-20,24.010000228881836,24.43000030517578,23.670000076293945,24.139999389648438,18.478666305541992,809600
2010-09-21,24.1299991607666,24.139999389648438,23.549999237060547,23.809999465942383,18.226057052612305,860800
2010-09-22,23.65999984741211,24.010000228881836,23.139999389648438,23.489999771118164,17.981101989746094,704900
2010-09-23,23.299999237060547,23.81999969482422,23.0,23.280000686645508,17.82035255432129,497800
2010-09-24,23.760000228881836,23.950000762939453,23.479999542236328,23.8700008392334,18.27198600769043,570300
2010-09-27,23.850000381469727,24.100000381469727,23.600000381469727,23.739999771118164,18.1724796295166,549800
2010-09-28,23.739999771118164,23.899999618530273,23.239999771118164,23.8799991607666,18.31049919128418,848700
2010-09-29,23.790000915527344,23.940000534057617,23.540000915527344,23.760000228881836,18.218475341796875,660800
2010-09-30,23.959999084472656,24.079999923706055,23.200000762939453,23.639999389648438,18.12646484375,855700
2010-10-01,23.850000381469727,24.260000228881836,23.809999465942383,23.989999771118164,18.39484214782715,592200
2010-10-04,23.8799991607666,23.969999313354492,23.309999465942383,23.540000915527344,18.04979133605957,495800
2010-10-05,23.8700008392334,24.010000228881836,23.579999923706055,23.959999084472656,18.3718318939209,385600
2010-10-06,23.860000610351562,24.010000228881836,23.68000030517578,23.8799991607666,18.31049919128418,622400
2010-10-07,24.309999465942383,25.8700008392334,23.889999389648438,25.649999618530273,19.667678833007812,2370200
2010-10-08,25.75,27.729999542236328,25.65999984741211,27.639999389648438,21.19355583190918,2656800
2010-10-11,27.719999313354492,27.790000915527344,27.049999237060547,27.1200008392334,20.794830322265625,862200
2010-10-12,27.049999237060547,27.049999237060547,26.25,26.459999084472656,20.28876495361328,786300
2010-10-13,26.610000610351562,27.270000457763672,26.459999084472656,26.790000915527344,20.541799545288086,642400
2010-10-14,26.81999969482422,26.90999984741211,26.190000534057617,26.559999465942383,20.365440368652344,689500
2010-10-15,26.850000381469727,27.049999237060547,26.399999618530273,26.65999984741211,20.442115783691406,647000
2010-10-18,26.809999465942383,27.579999923706055,26.6299991607666,27.200000762939453,20.856170654296875,609600
2010-10-19,26.760000228881836,27.1299991607666,26.149999618530273,26.489999771118164,20.3117618560791,651300
2010-10-20,26.6200008392334,26.989999771118164,26.540000915527344,26.649999618530273,20.434450149536133,477500
2010-10-21,26.799999237060547,27.190000534057617,26.100000381469727,26.360000610351562,20.212087631225586,505100
2010-10-22,26.43000030517578,26.579999923706055,26.18000030517578,26.40999984741211,20.250425338745117,402300
2010-10-25,26.6299991607666,27.479999542236328,26.559999465942383,27.34000015258789,20.963520050048828,633000
2010-10-26,27.1299991607666,27.799999237060547,27.0,27.459999084472656,21.0555362701416,658500
2010-10-27,27.260000228881836,27.260000228881836,26.049999237060547,26.450000762939453,20.281099319458008,863500
2010-10-28,26.690000534057617,26.959999084472656,25.579999923706055,25.93000030517578,19.88237762451172,772000
2010-10-29,25.8799991607666,26.100000381469727,25.489999771118164,25.510000228881836,19.56032943725586,839500
2010-11-01,25.559999465942383,25.780000686645508,25.309999465942383,25.479999542236328,19.537324905395508,733900
2010-11-02,25.850000381469727,26.040000915527344,25.3799991607666,25.6200008392334,19.644670486450195,713500
2010-11-03,25.700000762939453,26.18000030517578,25.559999465942383,26.040000915527344,19.966718673706055,690300
2010-11-04,26.510000228881836,27.6299991607666,26.200000762939453,27.520000457763672,21.101537704467773,803400
2010-11-05,27.639999389648438,28.780000686645508,27.6200008392334,28.459999084472656,21.82229995727539,685000
2010-11-08,28.290000915527344,28.780000686645508,28.0,28.399999618530273,21.776294708251953,511200
2010-11-09,28.459999084472656,28.510000228881836,28.0,28.170000076293945,21.599939346313477,646400
2010-11-10,28.229999542236328,28.649999618530273,28.0,28.59000015258789,21.921987533569336,523800
2010-11-11,28.350000381469727,28.729999542236328,28.030000686645508,28.09000015258789,21.538602828979492,705800
2010-11-12,31.950000762939453,32.52000045776367,30.600000381469727,30.81999969482422,23.63188362121582,3972300
2010-11-15,31.09000015258789,31.639999389648438,30.290000915527344,30.469999313354492,23.363510131835938,1351000
2010-11-16,30.100000381469727,30.84000015258789,29.31999969482422,29.709999084472656,22.780771255493164,868400
2010-11-17,30.09000015258789,31.5,30.049999237060547,31.34000015258789,24.030603408813477,1005700
2010-11-18,32.02000045776367,32.02000045776367,31.399999618530273,31.510000228881836,24.160961151123047,791600
2010-11-19,31.3799991607666,32.0,31.360000610351562,31.84000015258789,24.413991928100586,1421000
2010-11-22,32.029998779296875,32.16999816894531,31.40999984741211,31.899999618530273,24.45999526977539,1525200
2010-11-23,31.540000915527344,32.720001220703125,31.450000762939453,32.2400016784668,24.720703125,1400000
2010-11-24,32.369998931884766,32.86000061035156,32.22999954223633,32.720001220703125,25.0887508392334,675500
2010-11-26,32.5,32.5,31.940000534057617,31.950000762939453,24.498332977294922,311000
2010-11-29,31.81999969482422,31.989999771118164,30.959999084472656,31.020000457763672,23.785236358642578,1056700
2010-11-30,30.670000076293945,31.360000610351562,30.520000457763672,31.18000030517578,23.907922744750977,1037500
2010-12-01,31.729999542236328,32.27000045776367,31.729999542236328,32.060001373291016,24.582670211791992,725500
2010-12-02,33.02000045776367,34.529998779296875,33.02000045776367,34.52000045776367,26.468921661376953,3071300
2010-12-03,34.189998626708984,34.84000015258789,33.97999954223633,34.7599983215332,26.652957916259766,1226600
2010-12-06,34.45000076293945,35.68000030517578,34.45000076293945,35.47999954223633,27.205032348632812,1253900
2010-12-07,36.08000183105469,36.150001525878906,35.25,35.369998931884766,27.120691299438477,923800
2010-12-08,35.369998931884766,36.36000061035156,35.16999816894531,36.04999923706055,27.642091751098633,920500
2010-12-09,36.02000045776367,36.5,35.7400016784668,36.02000045776367,27.619098663330078,967900
2010-12-10,36.13999938964844,36.5,35.90999984741211,36.38999938964844,27.902801513671875,561300
2010-12-13,36.4900016784668,36.849998474121094,36.02000045776367,36.15999984741211,27.726451873779297,778000
2010-12-14,36.11000061035156,36.189998626708984,35.59000015258789,35.869998931884766,27.504077911376953,861600
2010-12-15,35.93000030517578,36.470001220703125,35.61000061035156,35.959999084472656,27.573097229003906,868400
2010-12-16,36.16999816894531,37.59000015258789,35.900001525878906,37.349998474121094,28.638887405395508,1202700
2010-12-17,37.310001373291016,37.79999923706055,36.939998626708984,37.34000015258789,28.6312255859375,1618900
2010-12-20,37.66999816894531,37.66999816894531,36.849998474121094,37.40999984741211,28.684913635253906,1378600
2010-12-21,37.439998626708984,38.599998474121094,37.310001373291016,38.540000915527344,29.55135154724121,1253800
2010-12-22,38.5,38.72999954223633,37.880001068115234,38.13999938964844,29.244653701782227,887700
2010-12-23,38.15999984741211,38.599998474121094,37.720001220703125,38.400001525878906,29.444005966186523,569800
2010-12-27,37.9900016784668,38.630001068115234,37.5,38.349998474121094,29.40566062927246,472900
2010-12-28,38.56999969482422,38.59000015258789,37.90999984741211,37.97999954223633,29.121957778930664,1040700
2010-12-29,38.209999084472656,38.54999923706055,37.84000015258789,38.349998474121094,29.436668395996094,1585600
2010-12-30,38.380001068115234,39.099998474121094,38.380001068115234,38.43000030517578,29.49808120727539,521400
2010-12-31,38.400001525878906,38.599998474121094,37.81999969482422,37.939998626708984,29.12196159362793,589500
2011-01-03,38.45000076293945,39.369998931884766,38.27000045776367,38.83000183105469,29.805112838745117,945600
2011-01-04,38.97999954223633,39.2599983215332,37.0,37.68000030517578,28.92238998413086,1059400
2011-01-05,37.459999084472656,38.47999954223633,37.41999816894531,38.130001068115234,29.267805099487305,745700
2011-01-06,38.400001525878906,40.18000030517578,38.349998474121094,39.630001068115234,30.419170379638672,1431400
2011-01-07,39.619998931884766,39.810001373291016,38.68000030517578,39.70000076293945,30.472902297973633,1518600
2011-01-10,39.43000030517578,39.86000061035156,38.79999923706055,39.619998931884766,30.41150665283203,1369200
2011-01-11,39.869998931884766,39.880001068115234,39.099998474121094,39.54999923706055,30.35776710510254,1032700
2011-01-12,39.869998931884766,39.95000076293945,39.13999938964844,39.38999938964844,30.234962463378906,729700
2011-01-13,39.41999816894531,39.75,38.900001525878906,39.540000915527344,30.3500919342041,743800
2011-01-14,39.400001525878906,40.220001220703125,39.2599983215332,40.09000015258789,30.77225685119629,696800
2011-01-18,40.13999938964844,40.20000076293945,38.79999923706055,39.06999969482422,29.98932456970215,1317800
2011-01-19,39.04999923706055,39.09000015258789,37.4900016784668,37.540000915527344,28.814922332763672,1239800
2011-01-20,40.060001373291016,44.5,40.060001373291016,41.959999084472656,32.207645416259766,7872500
2011-01-21,42.439998626708984,42.439998626708984,40.650001525878906,40.72999954223633,31.26350975036621,2783900
2011-01-24,41.0,41.060001373291016,40.20000076293945,40.869998931884766,31.37097930908203,1983500
2011-01-25,40.54999923706055,40.869998931884766,39.18000030517578,39.880001068115234,30.611064910888672,1515500
2011-01-26,40.0099983215332,40.4900016784668,39.630001068115234,40.380001068115234,30.99485969543457,735400
2011-01-27,40.41999816894531,41.709999084472656,40.130001068115234,41.599998474121094,31.931303024291992,902100
2011-01-28,41.45000076293945,41.86000061035156,40.04999923706055,40.209999084472656,30.8643741607666,1109200
2011-01-31,40.29999923706055,40.29999923706055,39.4900016784668,39.720001220703125,30.488248825073242,1037000
2011-02-01,40.150001525878906,40.2599983215332,39.41999816894531,39.959999084472656,30.67247772216797,630600
2011-02-02,39.68000030517578,39.869998931884766,38.400001525878906,38.619998931884766,29.6439151763916,864900
2011-02-03,40.16999816894531,41.58000183105469,40.16999816894531,40.630001068115234,31.18675994873047,1370300
2011-02-04,40.400001525878906,40.65999984741211,39.84000015258789,40.099998474121094,30.779937744140625,964400
2011-02-07,40.0,41.0,39.7599983215332,40.45000076293945,31.048595428466797,807600
2011-02-08,40.650001525878906,42.25,40.4900016784668,42.040000915527344,32.2690544128418,1329600
2011-02-09,42.0099983215332,42.5099983215332,41.400001525878906,41.41999816894531,31.793142318725586,764200
2011-02-10,41.08000183105469,41.959999084472656,40.90999984741211,41.349998474121094,31.73941993713379,926400
2011-02-11,41.189998626708984,42.720001220703125,41.029998779296875,42.08000183105469,32.299747467041016,968800
2011-02-14,42.25,42.540000915527344,41.560001373291016,41.63999938964844,31.96200942993164,876500
2011-02-15,41.709999084472656,41.86000061035156,41.09000015258789,41.2400016784668,31.654972076416016,460400
2011-02-16,41.47999954223633,42.5,41.380001068115234,42.18000030517578,32.37651062011719,426200
2011-02-17,42.0,43.25,41.959999084472656,42.630001068115234,32.721920013427734,526800
2011-02-18,42.81999969482422,42.849998474121094,41.599998474121094,41.970001220703125,32.21531677246094,460900
2011-02-22,41.529998779296875,41.56999969482422,40.029998779296875,40.45000076293945,31.048595428466797,967600
2011-02-23,42.349998474121094,43.0,40.34000015258789,41.58000183105469,31.91594886779785,2622900
2011-02-24,41.630001068115234,42.59000015258789,41.540000915527344,42.400001525878906,32.54537582397461,1773300
2011-02-25,42.45000076293945,43.0,41.72999954223633,41.959999084472656,32.207645416259766,1366200
2011-02-28,42.209999084472656,42.470001220703125,41.540000915527344,42.34000015258789,32.49931335449219,1520100
2011-03-01,42.36000061035156,42.810001373291016,41.36000061035156,41.66999816894531,31.985048294067383,1258600
2011-03-02,41.79999923706055,42.5,41.5,42.02000045776367,32.253684997558594,1413600
2011-03-03,39.43000030517578,40.279998779296875,38.75,39.349998474121094,30.204252243041992,3826300
2011-03-04,39.59000015258789,40.27000045776367,39.4900016784668,39.849998474121094,30.588041305541992,1838200
2011-03-07,39.7400016784668,40.400001525878906,39.33000183105469,39.560001373291016,30.365440368652344,1323400
2011-03-08,39.380001068115234,41.25,39.150001525878906,41.029998779296875,31.49378204345703,1352100
2011-03-09,41.040000915527344,42.0,40.45000076293945,41.709999084472656,32.01573944091797,1767500
2011-03-10,41.540000915527344,41.65999984741211,40.529998779296875,40.97999954223633,31.45539665222168,1206700
2011-03-11,40.849998474121094,42.029998779296875,40.560001373291016,41.720001220703125,32.02341079711914,1043800
2011-03-14,41.40999984741211,41.59000015258789,40.36000061035156,40.720001220703125,31.255836486816406,976100
2011-03-15,39.91999816894531,40.79999923706055,39.25,40.4900016784668,31.079288482666016,947400
2011-03-16,40.47999954223633,40.970001220703125,39.97999954223633,40.59000015258789,31.15605354309082,1127800
2011-03-17,41.029998779296875,41.279998779296875,40.25,40.400001525878906,31.01021957397461,1052500
2011-03-18,40.849998474121094,40.900001525878906,39.2599983215332,39.27000045776367,30.14283561706543,2693100
2011-03-21,39.7400016784668,40.18000030517578,39.34000015258789,40.11000061035156,30.78761100769043,1551300
2011-03-22,40.189998626708984,40.43000030517578,39.470001220703125,39.65999984741211,30.44219207763672,1299700
2011-03-23,39.54999923706055,39.54999923706055,38.5,39.099998474121094,30.012348175048828,1336500
2011-03-24,39.31999969482422,39.650001525878906,38.650001525878906,39.400001525878906,30.24263572692871,906300
2011-03-25,39.52000045776367,40.029998779296875,38.93000030517578,39.70000076293945,30.472902297973633,703500
2011-03-28,39.65999984741211,39.7400016784668,38.529998779296875,38.560001373291016,29.597867965698242,1244100
2011-03-29,38.43000030517578,38.880001068115234,37.869998931884766,38.72999954223633,29.75922393798828,787600
2011-03-30,38.849998474121094,40.4900016784668,38.7400016784668,40.43000030517578,31.065462112426758,859900
2011-03-31,40.369998931884766,40.369998931884766,39.5099983215332,40.119998931884766,30.827268600463867,643700
2011-04-01,40.41999816894531,40.95000076293945,39.86000061035156,40.470001220703125,31.09620475769043,733500
2011-04-04,40.7400016784668,40.93000030517578,39.810001373291016,40.11000061035156,30.819580078125,891000
2011-04-05,40.0,41.58000183105469,39.630001068115234,41.33000183105469,31.75701332092285,835000
2011-04-06,41.56999969482422,43.31999969482422,41.52000045776367,42.79999923706055,32.88650894165039,1838100
2011-04-07,42.7400016784668,43.52000045776367,41.97999954223633,42.56999969482422,32.70979690551758,925900
2011-04-08,42.650001525878906,42.939998626708984,42.18000030517578,42.619998931884766,32.748207092285156,945900
2011-04-11,42.54999923706055,43.040000915527344,42.279998779296875,42.70000076293945,32.80966567993164,1026400
2011-04-12,42.70000076293945,43.880001068115234,42.349998474121094,42.52000045776367,32.67136764526367,887500
2011-04-13,42.70000076293945,43.40999984741211,42.47999954223633,42.95000076293945,33.00177764892578,1895500
2011-04-14,42.619998931884766,43.83000183105469,41.86000061035156,43.709999084472656,33.58572769165039,1678900
2011-04-15,43.70000076293945,46.13999938964844,43.560001373291016,45.310001373291016,34.815147399902344,1795500
2011-04-18,44.790000915527344,44.90999984741211,43.7599983215332,44.369998931884766,34.09286880493164,652400
2011-04-19,44.439998626708984,45.09000015258789,44.2599983215332,44.81999969482422,34.43863296508789,747600
2011-04-20,45.380001068115234,45.959999084472656,45.0,45.599998474121094,35.037967681884766,1009500
2011-04-21,45.84000015258789,46.099998474121094,45.09000015258789,45.939998626708984,35.29921340942383,560500
2011-04-25,45.83000183105469,46.0,44.810001373291016,45.810001373291016,35.19933319091797,691900
2011-04-26,45.849998474121094,47.34000015258789,45.560001373291016,47.189998626708984,36.25968933105469,1300000
2011-04-27,47.20000076293945,48.56999969482422,47.150001525878906,48.40999984741211,37.197113037109375,940300
2011-04-28,48.27000045776367,48.470001220703125,47.900001525878906,48.20000076293945,37.0357551574707,869000
2011-04-29,48.27000045776367,48.5,47.66999816894531,48.02000045776367,36.89745330810547,1012100
2011-05-02,48.09000015258789,48.15999984741211,46.959999084472656,47.040000915527344,36.144439697265625,868600
2011-05-03,47.040000915527344,47.119998931884766,45.970001220703125,46.45000076293945,35.69108200073242,813500
2011-05-04,46.38999938964844,46.66999816894531,45.27000045776367,46.36000061035156,35.62193298339844,719700
2011-05-05,47.31999969482422,49.400001525878906,47.31999969482422,48.209999084472656,37.043434143066406,2021200
2011-05-06,48.650001525878906,48.88999938964844,47.689998626708984,48.13999938964844,36.98964309692383,621900
2011-05-09,48.16999816894531,48.41999816894531,47.59000015258789,48.119998931884766,36.97428512573242,387300
2011-05-10,48.349998474121094,48.75,47.959999084472656,48.54999923706055,37.304664611816406,755500
2011-05-11,48.95000076293945,49.0,47.380001068115234,47.810001373291016,36.736083984375,583800
2011-05-12,47.70000076293945,48.88999938964844,47.02000045776367,48.59000015258789,37.33541488647461,916000
2011-05-13,55.0,56.7599983215332,54.540000915527344,56.0,43.029090881347656,5518400
2011-05-16,55.27000045776367,56.2599983215332,54.83000183105469,55.130001068115234,42.36061096191406,2618700
2011-05-17,54.540000915527344,55.29999923706055,52.7400016784668,52.959999084472656,40.6932258605957,2020600
2011-05-18,52.93000030517578,54.060001373291016,52.45000076293945,53.93000030517578,41.438541412353516,997000
2011-05-19,54.15999984741211,54.41999816894531,53.13999938964844,53.68000030517578,41.246456146240234,583500
2011-05-20,53.52000045776367,53.79999923706055,51.97999954223633,53.2599983215332,40.923736572265625,1187200
2011-05-23,52.709999084472656,53.4900016784668,52.119998931884766,52.95000076293945,40.68552017211914,802600
2011-05-24,52.9900016784668,53.779998779296875,52.56999969482422,53.27000045776367,40.9314079284668,968100
2011-05-25,52.79999923706055,55.630001068115234,52.470001220703125,55.54999923706055,42.683311462402344,1762900
2011-05-26,55.36000061035156,56.369998931884766,55.15999984741211,56.29999923706055,43.25959777832031,1529700
2011-05-27,56.349998474121094,57.220001220703125,56.02000045776367,56.20000076293945,43.18278121948242,518500
2011-05-31,56.939998626708984,57.16999816894531,56.099998474121094,56.189998626708984,43.17508316040039,915800
2011-06-01,56.08000183105469,56.33000183105469,55.54999923706055,55.77000045776367,42.85235595703125,1434600
2011-06-02,54.75,56.279998779296875,53.70000076293945,55.400001525878906,42.56805419921875,1661000
2011-06-03,54.59000015258789,55.790000915527344,54.11000061035156,54.220001220703125,41.66136932373047,823800
2011-06-06,54.2400016784668,54.790000915527344,52.15999984741211,52.220001220703125,40.12461471557617,850500
2011-06-07,52.5,53.34000015258789,51.220001220703125,51.2400016784668,39.371612548828125,1646900
2011-06-08,51.22999954223633,51.290000915527344,50.11000061035156,50.56999969482422,38.85680389404297,1089400
2011-06-09,50.689998626708984,51.619998931884766,50.2599983215332,50.68000030517578,38.941322326660156,657300
2011-06-10,50.52000045776367,50.599998474121094,48.93000030517578,49.22999954223633,37.82716751098633,831200
2011-06-13,49.279998779296875,49.779998779296875,48.720001220703125,49.02000045776367,37.66582489013672,670400
2011-06-14,49.43000030517578,51.11000061035156,49.290000915527344,50.33000183105469,38.672386169433594,988600
2011-06-15,49.77000045776367,50.369998931884766,49.02000045776367,49.56999969482422,38.088436126708984,622600
2011-06-16,49.439998626708984,50.5099983215332,49.06999969482422,49.619998931884766,38.12685012817383,890200
2011-06-17,50.0,50.90999984741211,49.470001220703125,50.02000045776367,38.43419647216797,1071500
2011-06-20,49.849998474121094,52.16999816894531,49.599998474121094,51.310001373291016,39.4254035949707,946400
2011-06-21,51.75,53.11000061035156,51.380001068115234,52.709999084472656,40.50112533569336,1021100
2011-06-22,52.2400016784668,53.150001525878906,51.52000045776367,51.59000015258789,39.64054489135742,673700
2011-06-23,51.0099983215332,52.29999923706055,50.70000076293945,52.209999084472656,40.116939544677734,844100
2011-06-24,52.189998626708984,52.529998779296875,50.349998474121094,50.689998626708984,38.949005126953125,4006000
2011-06-27,50.900001525878906,52.0099983215332,50.720001220703125,51.650001525878906,39.6866569519043,673800
2011-06-28,51.7400016784668,52.66999816894531,51.38999938964844,51.970001220703125,39.97121810913086,587000
2011-06-29,52.34000015258789,52.58000183105469,51.06999969482422,51.2400016784668,39.40976333618164,703200
2011-06-30,51.45000076293945,52.529998779296875,51.220001220703125,52.13999938964844,40.101966857910156,601800
2011-07-01,52.36000061035156,53.4900016784668,51.93000030517578,53.31999969482422,41.0095329284668,716500
2011-07-05,53.33000183105469,54.15999984741211,52.369998931884766,54.060001373291016,41.578697204589844,904100
2011-07-06,53.5,54.470001220703125,53.22999954223633,54.439998626708984,41.87094497680664,1107500
2011-07-07,55.72999954223633,60.13999938964844,55.349998474121094,59.59000015258789,45.831932067871094,3303000
2011-07-08,58.79999923706055,59.70000076293945,57.279998779296875,58.72999954223633,45.170494079589844,1428400
2011-07-11,58.2599983215332,58.2599983215332,56.470001220703125,56.72999954223633,43.632232666015625,896600
2011-07-12,56.84000015258789,58.40999984741211,56.70000076293945,57.06999969482422,43.89373016357422,1413100
2011-07-13,57.45000076293945,59.900001525878906,57.45000076293945,58.9900016784668,45.37044906616211,1380500
2011-07-14,59.0099983215332,60.619998931884766,58.86000061035156,59.2599983215332,45.57810974121094,1600300
2011-07-15,59.41999816894531,59.75,58.61000061035156,59.45000076293945,45.7242546081543,618600
2011-07-18,59.040000915527344,59.150001525878906,58.34000015258789,58.810001373291016,45.23200225830078,519100
2011-07-19,59.09000015258789,60.529998779296875,59.09000015258789,60.279998779296875,46.36261749267578,675700
2011-07-20,60.56999969482422,61.08000183105469,59.099998474121094,59.5099983215332,45.77039337158203,424000
2011-07-21,59.970001220703125,60.84000015258789,59.58000183105469,59.77000045776367,45.97035598754883,579200
2011-07-22,59.86000061035156,60.36000061035156,59.459999084472656,60.150001525878906,46.262630462646484,495100
2011-07-25,59.400001525878906,59.59000015258789,58.900001525878906,59.0099983215332,45.38583755493164,457100
2011-07-26,58.939998626708984,59.029998779296875,57.900001525878906,58.38999938964844,44.908966064453125,524700
2011-07-27,58.02000045776367,58.470001220703125,56.33000183105469,56.65999984741211,43.578399658203125,886100
2011-07-28,56.75,57.529998779296875,56.22999954223633,56.36000061035156,43.34767150878906,662400
2011-07-29,56.0099983215332,56.959999084472656,55.220001220703125,56.2599983215332,43.27074432373047,857700
2011-08-01,57.119998931884766,57.58000183105469,55.59000015258789,56.619998931884766,43.54762649536133,589500
2011-08-02,55.560001373291016,57.209999084472656,54.959999084472656,55.0,42.30165100097656,895700
2011-08-03,55.189998626708984,55.63999938964844,53.59000015258789,54.54999923706055,41.95555877685547,1560600
2011-08-04,55.900001525878906,57.5,53.66999816894531,53.84000015258789,41.40948486328125,3054200
2011-08-05,54.0099983215332,54.439998626708984,50.41999816894531,52.38999938964844,40.294246673583984,1562800
2011-08-08,50.70000076293945,50.91999816894531,45.040000915527344,46.220001220703125,35.54876708984375,2109500
2011-08-09,47.04999923706055,48.939998626708984,45.75,48.84000015258789,37.563873291015625,1307300
2011-08-10,47.93000030517578,49.279998779296875,46.77000045776367,47.09000015258789,36.21791076660156,1267100
2011-08-11,47.72999954223633,51.790000915527344,47.52000045776367,50.75,39.03289031982422,1673800
2011-08-12,45.0099983215332,45.22999954223633,40.720001220703125,41.5099983215332,31.92621612548828,7060700
2011-08-15,41.86000061035156,44.900001525878906,41.400001525878906,44.689998626708984,34.37202072143555,3041300
2011-08-16,44.279998779296875,44.72999954223633,41.72999954223633,43.79999923706055,33.68750762939453,2768400
2011-08-17,44.18000030517578,45.15999984741211,41.18000030517578,42.91999816894531,33.01066970825195,2177900
2011-08-18,41.41999816894531,41.880001068115234,39.02000045776367,39.77000045776367,30.58795166015625,3108300
2011-08-19,39.130001068115234,40.349998474121094,38.9900016784668,39.33000183105469,30.249536514282227,2096000
2011-08-22,40.4900016784668,41.459999084472656,39.650001525878906,40.70000076293945,31.303224563598633,1513800
2011-08-23,40.93000030517578,42.9900016784668,40.72999954223633,42.95000076293945,33.03374481201172,1302800
2011-08-24,42.83000183105469,45.220001220703125,42.70000076293945,45.0,34.610443115234375,1656000
2011-08-25,45.33000183105469,46.130001068115234,43.72999954223633,44.36000061035156,34.11821746826172,1376400
2011-08-26,43.84000015258789,45.93000030517578,43.279998779296875,45.5,34.99501037597656,1027000
2011-08-29,46.40999984741211,47.52000045776367,46.2599983215332,47.470001220703125,36.510189056396484,1017600
2011-08-30,47.09000015258789,47.630001068115234,46.189998626708984,47.06999969482422,36.20253372192383,948700
2011-08-31,47.47999954223633,48.22999954223633,45.65999984741211,46.279998779296875,35.59492492675781,1462800
2011-09-01,46.400001525878906,47.52000045776367,45.779998779296875,45.880001068115234,35.28728485107422,1022500
2011-09-02,44.720001220703125,45.61000061035156,43.63999938964844,43.880001068115234,33.749027252197266,715000
2011-09-06,42.43000030517578,44.27000045776367,42.06999969482422,44.209999084472656,34.002845764160156,1045900
2011-09-07,44.70000076293945,45.86000061035156,44.38999938964844,45.59000015258789,35.064231872558594,825500
2011-09-08,45.040000915527344,47.119998931884766,44.959999084472656,45.630001068115234,35.09499740600586,1135600
2011-09-09,44.810001373291016,46.0,44.130001068115234,44.83000183105469,34.47969055175781,983200
2011-09-12,44.130001068115234,46.040000915527344,43.810001373291016,46.0099983215332,35.38726043701172,893800
2011-09-13,45.90999984741211,47.689998626708984,45.900001525878906,47.34000015258789,36.41019058227539,1091500
2011-09-14,47.56999969482422,48.189998626708984,46.70000076293945,47.45000076293945,36.494789123535156,872400
2011-09-15,48.13999938964844,48.25,47.040000915527344,47.77000045776367,36.74091339111328,657000
2011-09-16,48.0,48.95000076293945,47.81999969482422,48.20000076293945,37.07163619995117,951800
2011-09-19,47.189998626708984,49.5,46.83000183105469,49.11000061035156,37.77153396606445,712700
2011-09-20,49.36000061035156,49.47999954223633,47.599998474121094,47.650001525878906,36.648616790771484,579700
2011-09-21,47.810001373291016,48.38999938964844,45.880001068115234,45.90999984741211,35.310340881347656,777100
2011-09-22,43.72999954223633,45.13999938964844,43.029998779296875,43.63999938964844,33.564449310302734,1128000
2011-09-23,43.650001525878906,45.400001525878906,43.650001525878906,45.119998931884766,34.702728271484375,1076300
2011-09-26,45.61000061035156,46.56999969482422,44.47999954223633,46.470001220703125,35.74105453491211,814600
2011-09-27,47.91999816894531,49.09000015258789,47.2400016784668,47.43000030517578,36.479408264160156,860100
2011-09-28,47.70000076293945,48.7400016784668,46.5099983215332,46.70000076293945,35.95587158203125,631800
2011-09-29,47.63999938964844,47.66999816894531,44.27000045776367,45.150001525878906,34.76246643066406,1115600
2011-09-30,44.380001068115234,45.70000076293945,43.43000030517578,43.47999954223633,33.4766845703125,881100
2011-10-03,43.310001373291016,43.91999816894531,41.470001220703125,41.52000045776367,31.96760368347168,1139400
2011-10-04,40.7599983215332,43.029998779296875,40.0099983215332,42.959999084472656,33.0763053894043,1100000
2011-10-05,42.86000061035156,43.400001525878906,41.5,43.220001220703125,33.2764778137207,988300
2011-10-06,43.220001220703125,44.0,42.31999969482422,43.86000061035156,33.76924133300781,950500
2011-10-07,44.2599983215332,44.810001373291016,43.61000061035156,44.209999084472656,34.038734436035156,617300
2011-10-10,44.88999938964844,46.560001373291016,44.88999938964844,46.02000045776367,35.43230438232422,779500
2011-10-11,45.790000915527344,48.0099983215332,45.650001525878906,47.779998779296875,36.787376403808594,1666700
2011-10-12,48.150001525878906,49.79999923706055,47.7400016784668,48.869998931884766,37.626609802246094,1508400
2011-10-13,48.470001220703125,49.189998626708984,47.97999954223633,48.619998931884766,37.434139251708984,715600
2011-10-14,49.18000030517578,50.189998626708984,48.59000015258789,50.029998779296875,38.51973342895508,730200
2011-10-17,50.0,50.939998626708984,49.599998474121094,49.77000045776367,38.31955337524414,574000
2011-10-18,49.650001525878906,52.04999923706055,48.900001525878906,51.459999084472656,39.620731353759766,917500
2011-10-19,51.2599983215332,51.58000183105469,50.25,50.43000030517578,38.827701568603516,1117500
2011-10-20,50.34000015258789,50.720001220703125,49.34000015258789,50.0099983215332,38.504329681396484,937100
2011-10-21,50.83000183105469,51.06999969482422,49.18000030517578,50.09000015258789,38.565921783447266,754000
2011-10-24,50.310001373291016,52.439998626708984,50.119998931884766,51.9900016784668,40.02880859375,1089400
2011-10-25,51.86000061035156,52.11000061035156,50.20000076293945,50.40999984741211,38.81230926513672,470700
2011-10-26,50.849998474121094,51.380001068115234,50.040000915527344,50.369998931884766,38.78150939941406,710400
2011-10-27,52.06999969482422,53.08000183105469,51.619998931884766,52.59000015258789,40.49077224731445,746700
2011-10-28,52.31999969482422,52.93000030517578,51.470001220703125,51.81999969482422,39.897911071777344,688700
2011-10-31,50.93000030517578,52.27000045776367,50.689998626708984,51.529998779296875,39.674644470214844,641200
2011-11-01,49.630001068115234,51.709999084472656,49.5099983215332,51.20000076293945,39.42055130004883,858100
2011-11-02,51.86000061035156,52.880001068115234,51.29999923706055,52.529998779296875,40.44456481933594,693200
2011-11-03,53.5,54.41999816894531,52.290000915527344,53.970001220703125,41.55326461791992,1377200
2011-11-04,53.380001068115234,55.52000045776367,53.02000045776367,55.400001525878906,42.654273986816406,1063800
2011-11-07,55.540000915527344,56.29999923706055,54.310001373291016,54.95000076293945,42.307804107666016,799900
2011-11-08,55.34000015258789,55.599998474121094,53.7599983215332,55.369998931884766,42.63115692138672,1030300
2011-11-09,53.9900016784668,54.93000030517578,53.810001373291016,54.439998626708984,41.91515350341797,901600
2011-11-10,55.27000045776367,55.58000183105469,54.189998626708984,55.16999816894531,42.47718811035156,715900
2011-11-11,52.97999954223633,52.9900016784668,47.02000045776367,48.20000076293945,37.11076354980469,4941700
2011-11-14,48.790000915527344,50.0099983215332,48.619998931884766,49.18000030517578,37.86529541015625,1980700
2011-11-15,49.209999084472656,51.060001373291016,49.189998626708984,50.54999923706055,38.92009353637695,1763200
2011-11-16,50.189998626708984,51.45000076293945,49.81999969482422,49.869998931884766,38.396541595458984,1698500
2011-11-17,49.790000915527344,50.06999969482422,48.16999816894531,48.43000030517578,37.28783416748047,944100
2011-11-18,48.75,49.529998779296875,48.63999938964844,49.119998931884766,37.819095611572266,1140100
2011-11-21,48.47999954223633,49.88999938964844,48.34000015258789,49.529998779296875,38.13478088378906,1302400
2011-11-22,49.380001068115234,49.880001068115234,48.83000183105469,49.7400016784668,38.29644775390625,1171000
2011-11-23,49.459999084472656,49.470001220703125,48.369998931884766,48.84000015258789,37.603519439697266,1019800
2011-11-25,48.91999816894531,49.38999938964844,48.36000061035156,48.470001220703125,37.31864929199219,463600
2011-11-28,49.91999816894531,51.0,49.2400016784668,49.689998626708984,38.25795364379883,743600
2011-11-29,48.79999923706055,48.79999923706055,45.189998626708984,46.290000915527344,35.64018249511719,3107200
2011-11-30,47.27000045776367,47.310001373291016,46.0,47.0,36.18682861328125,1843100
2011-12-01,46.83000183105469,47.68000030517578,46.09000015258789,46.2400016784668,35.601707458496094,1337400
2011-12-02,47.119998931884766,48.29999923706055,46.58000183105469,47.38999938964844,36.48710250854492,1365900
2011-12-05,48.220001220703125,48.81999969482422,47.959999084472656,48.75,37.53420639038086,682200
2011-12-06,48.97999954223633,49.099998474121094,48.2400016784668,48.689998626708984,37.488014221191406,609400
2011-12-07,48.06999969482422,49.150001525878906,47.90999984741211,48.52000045776367,37.35712814331055,709200
2011-12-08,48.349998474121094,48.529998779296875,47.5099983215332,47.66999816894531,36.70268249511719,581900
2011-12-09,47.599998474121094,48.7400016784668,47.15999984741211,47.90999984741211,36.887474060058594,572400
2011-12-12,47.099998474121094,47.220001220703125,45.65999984741211,46.90999984741211,36.117549896240234,1060800
2011-12-13,47.27000045776367,47.459999084472656,45.86000061035156,46.209999084472656,35.57858657836914,1095500
2011-12-14,46.099998474121094,46.099998474121094,44.099998474121094,44.279998779296875,34.092613220214844,1420500
2011-12-15,44.77000045776367,45.16999816894531,44.0099983215332,44.13999938964844,33.984832763671875,1744300
2011-12-16,44.599998474121094,44.93000030517578,43.75,44.18000030517578,34.015621185302734,1128400
2011-12-19,44.400001525878906,44.66999816894531,43.0,43.119998931884766,33.199493408203125,1173500
2011-12-20,44.029998779296875,44.720001220703125,43.33000183105469,44.119998931884766,33.96942138671875,1499600
2011-12-21,44.130001068115234,45.369998931884766,43.86000061035156,45.130001068115234,34.7470588684082,1437800
2011-12-22,45.459999084472656,45.65999984741211,44.13999938964844,44.220001220703125,34.04642105102539,724600
2011-12-23,44.5099983215332,45.0,44.22999954223633,44.95000076293945,34.608482360839844,346300
2011-12-27,44.650001525878906,46.279998779296875,44.43000030517578,46.06999969482422,35.470794677734375,1000000
2011-12-28,45.900001525878906,46.209999084472656,45.22999954223633,45.380001068115234,34.97749710083008,548100
2011-12-29,45.38999938964844,45.90999984741211,45.029998779296875,45.380001068115234,34.97749710083008,426400
2011-12-30,45.25,45.34000015258789,44.83000183105469,44.880001068115234,34.59212875366211,584600
2012-01-03,45.810001373291016,45.81999969482422,43.9900016784668,44.06999969482422,33.96780776977539,1982300
2012-01-04,43.869998931884766,44.16999816894531,43.0,43.029998779296875,33.166194915771484,2191400
2012-01-05,43.279998779296875,44.83000183105469,42.540000915527344,44.68000030517578,34.43796157836914,2319700
2012-01-06,45.209999084472656,45.65999984741211,44.59000015258789,44.66999816894531,34.43025588989258,870300
2012-01-09,44.77000045776367,45.279998779296875,44.310001373291016,44.619998931884766,34.3917121887207,573000
2012-01-10,45.0,45.40999984741211,44.70000076293945,44.93000030517578,34.63066101074219,771600
2012-01-11,44.790000915527344,45.84000015258789,44.790000915527344,45.529998779296875,35.0931282043457,617500
2012-01-12,45.59000015258789,46.060001373291016,45.119998931884766,45.63999938964844,35.17789840698242,613800
2012-01-13,45.29999923706055,45.779998779296875,44.869998931884766,45.11000061035156,34.7693977355957,480000
2012-01-17,45.290000915527344,45.95000076293945,44.70000076293945,45.459999084472656,35.03916549682617,522800
2012-01-18,45.5,46.400001525878906,45.02000045776367,46.290000915527344,35.67890930175781,483000
2012-01-19,46.2599983215332,47.02000045776367,46.09000015258789,46.70000076293945,35.99493408203125,610700
2012-01-20,46.63999938964844,47.33000183105469,45.7599983215332,46.209999084472656,35.61724853515625,624600
2012-01-23,46.130001068115234,46.95000076293945,45.40999984741211,45.83000183105469,35.3243522644043,549100
2012-01-24,45.54999923706055,46.27000045776367,45.36000061035156,45.86000061035156,35.34748077392578,529800
2012-01-25,45.93000030517578,46.029998779296875,45.08000183105469,45.83000183105469,35.3243522644043,715700
2012-01-26,46.0099983215332,46.27000045776367,44.52000045776367,44.810001373291016,34.53817367553711,599500
2012-01-27,44.7400016784668,46.349998474121094,44.470001220703125,46.13999938964844,35.56328582763672,789500
2012-01-30,45.72999954223633,45.77000045776367,44.849998474121094,45.130001068115234,34.784812927246094,876500
2012-01-31,45.029998779296875,45.04999923706055,43.810001373291016,44.25,34.10653305053711,899100
2012-02-01,44.31999969482422,44.5,43.70000076293945,43.88999938964844,33.82905578613281,1043900
2012-02-02,43.900001525878906,45.25,43.720001220703125,45.220001220703125,34.85417938232422,906400
2012-02-03,45.849998474121094,48.0099983215332,45.63999938964844,47.970001220703125,36.97379684448242,1078500
2012-02-06,47.59000015258789,49.16999816894531,47.59000015258789,48.939998626708984,37.72144317626953,930700
2012-02-07,48.720001220703125,49.52000045776367,48.45000076293945,49.40999984741211,38.083702087402344,678500
2012-02-08,49.47999954223633,50.75,49.2400016784668,49.38999938964844,38.06829071044922,947100
2012-02-09,49.380001068115234,49.380001068115234,48.45000076293945,48.7599983215332,37.58269119262695,859900
2012-02-10,48.31999969482422,49.2400016784668,48.099998474121094,48.9900016784668,37.759979248046875,540400
2012-02-13,49.599998474121094,49.630001068115234,48.79999923706055,48.95000076293945,37.72915267944336,600400
2012-02-14,48.86000061035156,49.0,47.7400016784668,48.31999969482422,37.24355697631836,801400
2012-02-15,48.61000061035156,48.9900016784668,47.91999816894531,48.86000061035156,37.6597785949707,726300
2012-02-16,48.91999816894531,49.08000183105469,48.470001220703125,49.0,37.767704010009766,556500
2012-02-17,49.0,52.099998474121094,48.970001220703125,51.47999954223633,39.67920684814453,1198900
2012-02-21,51.720001220703125,52.560001373291016,51.189998626708984,51.970001220703125,40.05686569213867,1229800
2012-02-22,51.9900016784668,53.400001525878906,51.11000061035156,52.20000076293945,40.23415756225586,1133200
2012-02-23,54.40999984741211,58.880001068115234,53.88999938964844,57.83000183105469,44.573577880859375,3306800
2012-02-24,57.2400016784668,59.34000015258789,56.689998626708984,58.86000061035156,45.36747360229492,1354200
2012-02-27,58.66999816894531,59.619998931884766,58.41999816894531,59.349998474121094,45.74516296386719,898100
2012-02-28,59.220001220703125,61.0,59.040000915527344,60.79999923706055,46.86275863647461,1177500
2012-02-29,61.0,62.09000015258789,60.84000015258789,61.13999938964844,47.12482833862305,1125300
2012-03-01,60.790000915527344,61.47999954223633,60.15999984741211,60.43000030517578,46.57758331298828,1312200
2012-03-02,60.209999084472656,61.56999969482422,60.209999084472656,61.119998931884766,47.10942077636719,932900
2012-03-05,60.880001068115234,62.2599983215332,60.619998931884766,61.86000061035156,47.679786682128906,1122900
2012-03-06,61.38999938964844,61.59000015258789,60.7400016784668,61.130001068115234,47.11713409423828,640400
2012-03-07,61.33000183105469,62.290000915527344,60.7400016784668,62.0,47.78769302368164,1141100
2012-03-08,62.25,62.68000030517578,61.5099983215332,62.18000030517578,47.92641830444336,791800
2012-03-09,62.470001220703125,63.2400016784668,62.040000915527344,62.83000183105469,48.427425384521484,799600
2012-03-12,62.83000183105469,64.23999786376953,62.52000045776367,63.0,48.558467864990234,1022000
2012-03-13,63.189998626708984,63.529998779296875,62.40999984741211,63.130001068115234,48.658660888671875,832600
2012-03-14,63.2599983215332,63.7400016784668,62.84000015258789,63.56999969482422,48.997798919677734,1043900
2012-03-15,63.709999084472656,64.16999816894531,62.58000183105469,63.63999938964844,49.051753997802734,561500
2012-03-16,63.689998626708984,64.04000091552734,62.880001068115234,63.040000915527344,48.58930206298828,791800
2012-03-19,63.040000915527344,63.18000030517578,62.09000015258789,62.970001220703125,48.53534698486328,617500
2012-03-20,62.58000183105469,63.529998779296875,62.34000015258789,63.310001373291016,48.79740524291992,564100
2012-03-21,63.380001068115234,63.9900016784668,63.0,63.13999938964844,48.66636657714844,513500
2012-03-22,62.75,63.380001068115234,61.939998626708984,62.65999984741211,48.296390533447266,703300
2012-03-23,62.58000183105469,62.59000015258789,61.040000915527344,62.15999984741211,47.91101837158203,510900
2012-03-26,62.779998779296875,64.16000366210938,62.7599983215332,63.88999938964844,49.24445343017578,601500
2012-03-27,63.849998474121094,64.5,63.119998931884766,63.369998931884766,48.84364318847656,617200
2012-03-28,63.66999816894531,63.810001373291016,62.150001525878906,62.84000015258789,48.47338104248047,857600
2012-03-29,62.459999084472656,63.20000076293945,62.2599983215332,62.97999954223633,48.58137512207031,661600
2012-03-30,63.31999969482422,63.349998474121094,62.560001373291016,63.02000045776367,48.61223220825195,766600
2012-04-02,63.13999938964844,64.0199966430664,62.34000015258789,63.630001068115234,49.08277130126953,644600
2012-04-03,63.63999938964844,64.5,63.439998626708984,63.88999938964844,49.28334045410156,648600
2012-04-04,63.08000183105469,63.56999969482422,62.970001220703125,63.54999923706055,49.02105712890625,698200
2012-04-05,63.5,64.37000274658203,63.189998626708984,63.52000045776367,48.997920989990234,560200
2012-04-09,62.599998474121094,63.33000183105469,62.150001525878906,63.099998474121094,48.67393493652344,576000
2012-04-10,62.86000061035156,63.099998474121094,60.810001373291016,61.02000045776367,47.06948471069336,908100
2012-04-11,61.40999984741211,62.56999969482422,61.36000061035156,62.369998931884766,48.11083221435547,556700
2012-04-12,62.41999816894531,63.540000915527344,62.06999969482422,63.150001525878906,48.7125129699707,713200
2012-04-13,62.900001525878906,63.79999923706055,62.75,63.290000915527344,48.82050323486328,587700
2012-04-16,63.470001220703125,63.970001220703125,62.709999084472656,63.689998626708984,49.129058837890625,590700
2012-04-17,64.01000213623047,64.83999633789062,63.97999954223633,64.2699966430664,49.57644271850586,666300
2012-04-18,64.08999633789062,64.41000366210938,63.720001220703125,64.29000091552734,49.59186935424805,405800
2012-04-19,64.08000183105469,64.4000015258789,63.06999969482422,63.630001068115234,49.08277130126953,623300
2012-04-20,63.810001373291016,64.04000091552734,63.040000915527344,63.400001525878906,48.905357360839844,568200
2012-04-23,62.970001220703125,63.189998626708984,62.09000015258789,62.70000076293945,48.36539077758789,598800
2012-04-24,62.68000030517578,62.91999816894531,62.06999969482422,62.61000061035156,48.29596710205078,643300
2012-04-25,63.029998779296875,64.45999908447266,63.029998779296875,63.880001068115234,49.27561569213867,497200
2012-04-26,63.869998931884766,64.88999938964844,63.849998474121094,64.73999786376953,49.939002990722656,473200
2012-04-27,64.88999938964844,65.48999786376953,64.41000366210938,64.98999786376953,50.1318359375,831000
2012-04-30,64.5,64.83000183105469,63.63999938964844,64.55999755859375,49.8001594543457,562100
2012-05-01,64.97000122070312,65.27999877929688,64.02999877929688,64.33999633789062,49.63044738769531,908900
2012-05-02,64.27999877929688,66.19000244140625,64.27999877929688,66.0,50.91093444824219,1057200
2012-05-03,66.37999725341797,66.55999755859375,65.13999938964844,65.38999938964844,50.440391540527344,824200
2012-05-04,65.26000213623047,65.80999755859375,64.44000244140625,65.5999984741211,50.602378845214844,1125700
2012-05-07,65.31999969482422,67.22000122070312,65.2300033569336,66.5,51.296627044677734,1944600
2012-05-08,66.04000091552734,66.20999908447266,63.72999954223633,65.5999984741211,50.602378845214844,1378600
2012-05-09,64.93000030517578,66.23999786376953,63.880001068115234,65.4800033569336,50.50980758666992,1017800
2012-05-10,65.73999786376953,66.69999694824219,65.0999984741211,66.19000244140625,51.05750274658203,916500
2012-05-11,69.75,72.45999908447266,69.25,70.43000030517578,54.32815170288086,5281500
2012-05-14,70.12000274658203,70.44000244140625,68.47000122070312,69.0199966430664,53.24049377441406,1290400
2012-05-15,69.0199966430664,70.27999877929688,68.16000366210938,68.81999969482422,53.08622360229492,1092500
2012-05-16,68.81999969482422,69.31999969482422,67.95999908447266,68.77999877929688,53.05535888671875,910200
2012-05-17,68.94000244140625,69.0199966430664,65.1500015258789,65.37999725341797,50.432682037353516,1299500
2012-05-18,65.45999908447266,66.16000366210938,64.38999938964844,65.20999908447266,50.301544189453125,1453100
2012-05-21,65.47000122070312,67.69000244140625,64.91000366210938,67.5,52.0680046081543,764700
2012-05-22,67.77999877929688,68.69999694824219,67.54000091552734,68.31999969482422,52.70054626464844,804100
2012-05-23,67.83999633789062,69.05999755859375,66.9800033569336,68.80000305175781,53.07081604003906,583000
2012-05-24,69.05000305175781,69.80999755859375,68.79000091552734,69.80999755859375,53.84989547729492,461800
2012-05-25,69.91000366210938,70.1500015258789,69.22000122070312,69.48999786376953,53.603031158447266,526300
2012-05-29,69.91999816894531,70.5199966430664,69.16000366210938,70.30000305175781,54.227867126464844,655000
2012-05-30,69.52999877929688,69.52999877929688,67.8499984741211,68.4000015258789,52.762237548828125,947000
2012-05-31,68.58999633789062,68.58999633789062,67.0199966430664,67.23999786376953,51.8674430847168,958600
2012-06-01,65.87000274658203,67.04000091552734,65.61000061035156,66.20999908447266,51.07292938232422,1027000
2012-06-04,66.18000030517578,66.66000366210938,64.80000305175781,65.8499984741211,50.79523468017578,1095100
2012-06-05,65.51000213623047,66.69999694824219,65.0199966430664,65.9800033569336,50.89551544189453,788100
2012-06-06,66.66000366210938,67.88999938964844,66.38999938964844,67.12000274658203,51.774879455566406,495600
2012-06-07,67.83000183105469,67.83000183105469,65.69999694824219,65.81999969482422,50.7720947265625,960700
2012-06-08,65.66000366210938,67.98999786376953,65.5199966430664,67.9800033569336,52.43826675415039,586700
2012-06-11,68.41000366210938,68.51000213623047,66.11000061035156,66.12000274658203,51.003501892089844,612700
2012-06-12,66.19000244140625,67.06999969482422,65.31999969482422,66.83999633789062,51.55889892578125,646800
2012-06-13,66.5199966430664,66.5199966430664,64.5,64.97000122070312,50.11642074584961,1149100
2012-06-14,65.01000213623047,66.44999694824219,64.7300033569336,66.05999755859375,50.95720672607422,791700
2012-06-15,66.26000213623047,66.98999786376953,65.75,66.29000091552734,51.1346321105957,681800
2012-06-18,65.97000122070312,67.22000122070312,64.98999786376953,67.02999877929688,51.705467224121094,703900
2012-06-19,67.05000305175781,69.4000015258789,67.05000305175781,69.23999786376953,53.410213470458984,560700
2012-06-20,69.5,69.88999938964844,68.4800033569336,69.08999633789062,53.29450607299805,548000
2012-06-21,69.0199966430664,69.13999938964844,65.73999786376953,66.05000305175781,50.94951248168945,700200
2012-06-22,66.5,66.62000274658203,65.11000061035156,65.2699966430664,50.34782409667969,857900
2012-06-25,64.7699966430664,65.01000213623047,64.0,64.61000061035156,49.83872604370117,467700
2012-06-26,64.69000244140625,65.97000122070312,64.41000366210938,65.52999877929688,50.54838562011719,380800
2012-06-27,65.11000061035156,65.23999786376953,62.43000030517578,63.18000030517578,48.772865295410156,867500
2012-06-28,62.540000915527344,63.66999816894531,61.970001220703125,63.529998779296875,49.04305648803711,871200
2012-06-29,65.16999816894531,65.16999816894531,63.380001068115234,63.68000030517578,49.158843994140625,1116700
2012-07-02,64.12000274658203,64.2699966430664,63.08000183105469,63.599998474121094,49.09709167480469,794100
2012-07-03,63.86000061035156,64.30999755859375,62.439998626708984,63.40999984741211,48.95040512084961,517200
2012-07-05,63.529998779296875,65.44999694824219,63.20000076293945,64.91999816894531,50.1160888671875,795300
2012-07-06,64.45999908447266,64.8499984741211,63.7400016784668,64.55999755859375,49.83818435668945,576600
2012-07-09,64.25,65.16000366210938,63.90999984741211,64.6500015258789,49.90766143798828,483300
2012-07-10,64.83999633789062,66.68000030517578,64.75,65.69999694824219,50.71821594238281,918000
2012-07-11,65.58999633789062,65.97000122070312,62.790000915527344,63.220001220703125,48.803741455078125,797400
2012-07-12,62.95000076293945,62.95000076293945,60.7599983215332,62.029998779296875,47.885108947753906,830600
2012-07-13,62.08000183105469,62.790000915527344,61.70000076293945,62.529998779296875,48.271080017089844,647400
2012-07-16,62.150001525878906,62.599998474121094,61.209999084472656,61.68000030517578,47.61492156982422,692900
2012-07-17,61.83000183105469,62.310001373291016,61.720001220703125,62.13999938964844,47.970027923583984,1109200
2012-07-18,61.79999923706055,63.45000076293945,61.7599983215332,63.150001525878906,48.749698638916016,674700
2012-07-19,63.47999954223633,65.38999938964844,63.380001068115234,65.11000061035156,50.26277160644531,1075800
2012-07-20,64.87999725341797,65.33999633789062,64.31999969482422,64.76000213623047,49.99256896972656,679700
2012-07-23,63.720001220703125,64.25,62.83000183105469,63.900001525878906,49.32868194580078,634400
2012-07-24,64.04000091552734,64.08999633789062,62.31999969482422,62.58000183105469,48.309696197509766,586600
2012-07-25,62.599998474121094,63.36000061035156,62.0,62.93000030517578,48.57987594604492,642800
2012-07-26,63.720001220703125,63.90999984741211,62.54999923706055,63.380001068115234,48.927268981933594,487200
2012-07-27,63.72999954223633,65.75,63.72999954223633,65.38999938964844,50.478919982910156,273000
2012-07-30,65.43000030517578,66.87999725341797,65.3499984741211,66.86000061035156,51.613704681396484,645200
2012-07-31,66.12000274658203,67.20999908447266,65.19999694824219,65.2300033569336,50.355411529541016,494100
2012-08-01,65.5,65.7699966430664,64.29000091552734,65.31999969482422,50.42488479614258,300500
2012-08-02,64.94999694824219,66.52999877929688,63.939998626708984,64.86000061035156,50.06977844238281,573200
2012-08-03,66.0,67.0,65.54000091552734,66.62000274658203,51.42843246459961,295000
2012-08-06,66.93000030517578,69.2300033569336,66.8499984741211,68.75,53.072715759277344,630500
2012-08-07,69.54000091552734,70.23999786376953,69.1500015258789,69.41000366210938,53.58222579956055,570900
2012-08-08,69.37999725341797,72.05000305175781,69.37999725341797,70.30999755859375,54.27698516845703,1329400
2012-08-09,74.81999969482422,76.33000183105469,73.58999633789062,74.19000244140625,57.272220611572266,1794000
2012-08-10,73.70999908447266,74.7699966430664,73.3499984741211,74.16000366210938,57.24909591674805,872300
2012-08-13,74.26000213623047,74.5999984741211,73.23999786376953,73.83999633789062,57.00202941894531,538600
2012-08-14,74.30000305175781,74.44999694824219,73.54000091552734,73.91000366210938,57.05607986450195,491400
2012-08-15,73.94999694824219,74.51000213623047,73.79000091552734,74.19000244140625,57.272220611572266,509400
2012-08-16,74.25,75.19000244140625,73.95999908447266,75.05999755859375,57.94384002685547,564200
2012-08-17,75.0199966430664,75.5,74.94999694824219,75.01000213623047,57.90522003173828,539300
2012-08-20,75.0199966430664,75.68000030517578,74.87999725341797,75.12000274658203,57.99015426635742,395900
2012-08-21,75.44000244140625,75.47000122070312,74.04000091552734,74.41999816894531,57.449771881103516,374600
2012-08-22,74.43000030517578,75.16999816894531,74.43000030517578,74.91999816894531,57.83574295043945,247300
2012-08-23,74.61000061035156,74.73999786376953,73.55999755859375,73.79000091552734,56.96342849731445,362300
2012-08-24,73.72000122070312,74.72000122070312,73.6500015258789,74.47000122070312,57.48835754394531,223600
2012-08-27,75.0,75.18000030517578,74.22000122070312,74.5999984741211,57.5887336730957,409500
2012-08-28,74.52999877929688,75.55999755859375,74.5199966430664,75.31999969482422,58.14457321166992,575700
2012-08-29,75.5199966430664,76.4800033569336,75.5,75.83999633789062,58.545963287353516,401600
2012-08-30,75.5,75.93000030517578,75.20999908447266,75.37000274658203,58.18313980102539,298100
2012-08-31,75.68000030517578,75.8499984741211,74.69000244140625,75.08000183105469,57.95929718017578,298100
2012-09-04,75.2699966430664,75.91999816894531,74.8499984741211,75.55000305175781,58.32211685180664,326200
2012-09-05,75.5,75.7300033569336,74.72000122070312,74.87999725341797,57.80486297607422,216500
2012-09-06,75.73999786376953,76.91000366210938,75.51000213623047,76.72000122070312,59.22528076171875,389300
2012-09-07,76.7300033569336,78.19999694824219,76.7300033569336,77.62999725341797,59.92778015136719,650600
2012-09-10,77.4800033569336,78.38999938964844,77.3499984741211,77.94000244140625,60.16709518432617,377200
2012-09-11,77.66000366210938,78.0999984741211,77.37999725341797,77.45999908447266,59.796566009521484,497200
2012-09-12,77.58999633789062,78.75,77.41999816894531,78.20999908447266,60.37553024291992,499700
2012-09-13,77.98999786376953,78.62999725341797,76.86000061035156,78.23999786376953,60.3986701965332,335900
2012-09-14,78.23999786376953,79.2300033569336,78.22000122070312,79.12999725341797,61.08574295043945,307100
2012-09-17,79.02999877929688,79.16999816894531,77.80000305175781,78.23999786376953,60.3986701965332,533900
2012-09-18,77.94999694824219,78.04000091552734,77.01000213623047,77.4000015258789,59.75025177001953,403600
2012-09-19,77.52999877929688,79.0,77.3499984741211,78.76000213623047,60.800113677978516,433400
2012-09-20,78.27999877929688,78.48999786376953,76.80999755859375,77.33999633789062,59.70391082763672,534900
2012-09-21,77.83999633789062,78.33000183105469,77.0199966430664,77.0999984741211,59.51862335205078,555700
2012-09-24,77.05000305175781,77.16000366210938,75.0199966430664,75.30999755859375,58.136817932128906,556600
2012-09-25,75.76000213623047,76.3499984741211,73.9800033569336,74.27999877929688,57.3416748046875,545800
2012-09-26,74.23999786376953,74.27999877929688,72.70999908447266,72.94000244140625,56.345191955566406,484200
2012-09-27,73.20999908447266,73.58999633789062,72.27999877929688,72.58000183105469,56.06708908081055,428700
2012-09-28,72.38999938964844,72.77999877929688,71.69000244140625,72.31999969482422,55.86625289916992,320700
2012-10-01,72.75,73.83999633789062,72.05999755859375,72.41000366210938,55.935760498046875,467800
2012-10-02,72.66000366210938,73.43000030517578,72.33000183105469,73.0999984741211,56.46877670288086,533100
2012-10-03,73.29000091552734,73.68000030517578,73.01000213623047,73.66000366210938,56.90137481689453,358800
2012-10-04,74.12999725341797,75.58000183105469,73.68000030517578,74.77999877929688,57.76654815673828,439900
2012-10-05,75.19999694824219,76.58999633789062,75.19999694824219,76.12000274658203,58.80167770385742,502400
2012-10-08,75.73999786376953,75.91000366210938,74.66000366210938,74.86000061035156,57.82835006713867,382500
2012-10-09,74.8499984741211,75.3499984741211,73.98999786376953,74.69999694824219,57.70473861694336,297800
2012-10-10,74.9000015258789,74.9000015258789,73.25,73.52999877929688,56.800968170166016,508700
2012-10-11,74.33999633789062,75.45999908447266,74.11000061035156,74.91000366210938,57.867000579833984,402100
2012-10-12,75.36000061035156,75.5,74.29000091552734,74.69000244140625,57.69704055786133,432900
2012-10-15,74.68000030517578,76.5999984741211,74.68000030517578,76.5199966430664,59.110687255859375,340400
2012-10-16,76.52999877929688,78.0,76.52999877929688,77.29000091552734,59.705501556396484,360600
2012-10-17,77.58999633789062,78.75,77.2699966430664,78.51000213623047,60.647953033447266,629300
2012-10-18,77.97000122070312,79.23999786376953,77.95999908447266,78.4800033569336,60.62479019165039,309100
2012-10-19,78.22000122070312,78.4000015258789,76.27999877929688,76.98999786376953,59.47377014160156,375400
2012-10-22,76.6500015258789,77.19000244140625,76.20999908447266,76.98999786376953,59.47377014160156,228200
2012-10-23,76.25,76.3499984741211,74.02999877929688,75.81999969482422,58.5699577331543,392200
2012-10-24,76.18000030517578,76.30000305175781,74.5199966430664,75.0999984741211,58.013763427734375,331800
2012-10-25,75.94000244140625,76.11000061035156,74.41000366210938,75.3499984741211,58.2068977355957,395300
2012-10-26,75.31999969482422,76.16000366210938,74.30000305175781,75.69000244140625,58.469520568847656,335900
2012-10-31,75.68000030517578,77.16000366210938,75.11000061035156,77.0,59.481483459472656,463400
2012-11-01,77.04000091552734,80.62999725341797,77.04000091552734,80.11000061035156,61.88393020629883,636300
2012-11-02,80.5,80.5,79.0199966430664,79.2300033569336,61.204132080078125,401600
2012-11-05,79.19000244140625,81.56999969482422,79.19000244140625,81.26000213623047,62.772281646728516,602300
2012-11-06,81.05000305175781,82.37999725341797,81.05000305175781,81.83000183105469,63.212615966796875,482300
2012-11-07,81.8499984741211,82.98999786376953,80.37000274658203,80.80999755859375,62.42466354370117,417900
2012-11-08,85.16999816894531,86.70999908447266,83.73999786376953,83.94999694824219,64.85023498535156,1052300
2012-11-09,83.55000305175781,84.91999816894531,83.22000122070312,83.45999908447266,64.47174835205078,786500
2012-11-12,83.66999816894531,84.02999877929688,82.41999816894531,82.86000061035156,64.00823211669922,448400
2012-11-13,82.8499984741211,85.47000122070312,82.63999938964844,84.04000091552734,64.91978454589844,547000
2012-11-14,84.83999633789062,84.83999633789062,82.18000030517578,82.5,63.73015594482422,430600
2012-11-15,82.20999908447266,83.66000366210938,81.79000091552734,82.58000183105469,63.7919807434082,479500
2012-11-16,82.11000061035156,83.72000122070312,81.83999633789062,83.52999877929688,64.52582550048828,373100
2012-11-19,83.87000274658203,84.9800033569336,83.87000274658203,84.9000015258789,65.58412170410156,358400
2012-11-20,84.68000030517578,86.0,84.25,85.62999725341797,66.14806365966797,489800
2012-11-21,86.0999984741211,86.62000274658203,85.1500015258789,86.0,66.43387603759766,218100
2012-11-23,86.1500015258789,86.80000305175781,85.80000305175781,86.44000244140625,66.77375793457031,256600
2012-11-26,86.5199966430664,86.5199966430664,84.43000030517578,85.83999633789062,66.31027221679688,547200
2012-11-27,87.91000366210938,88.70999908447266,87.25,87.72000122070312,67.76253509521484,980500
2012-11-28,87.5,89.30000305175781,87.5,88.9800033569336,68.73587799072266,828200
2012-11-29,89.0,89.41999816894531,88.01000213623047,89.05000305175781,68.78996276855469,620500
2012-11-30,89.44999694824219,89.93000030517578,88.62999725341797,88.91000366210938,68.6817855834961,677900
2012-12-03,89.2699966430664,89.9800033569336,88.75,89.01000213623047,68.75906372070312,552700
2012-12-04,88.91000366210938,89.4000015258789,88.25,88.91999816894531,68.68953704833984,731600
2012-12-05,84.2699966430664,84.2699966430664,81.1500015258789,83.04000091552734,68.00977325439453,763900
2012-12-06,83.26000213623047,84.25,82.95999908447266,83.37000274658203,68.280029296875,605800
2012-12-07,83.9000015258789,85.47000122070312,83.38999938964844,84.69000244140625,69.3611068725586,901100
2012-12-10,84.44999694824219,84.76000213623047,83.5199966430664,84.44999694824219,69.16455841064453,795000
2012-12-11,84.5,84.83999633789062,83.41000366210938,84.2300033569336,68.984375,648700
2012-12-12,84.66000366210938,84.66000366210938,83.31999969482422,83.81999969482422,68.64857482910156,627200
2012-12-13,83.97000122070312,84.19000244140625,82.55999755859375,82.9000015258789,67.89513397216797,339400
2012-12-14,82.55999755859375,83.30000305175781,82.26000213623047,82.30000305175781,67.40369415283203,428000
2012-12-17,82.68000030517578,83.9800033569336,82.31999969482422,83.9800033569336,68.77960968017578,327700
2012-12-18,84.19000244140625,84.3499984741211,83.44999694824219,83.75,68.59123992919922,556200
2012-12-19,83.8499984741211,85.05999755859375,83.02999877929688,84.30000305175781,69.04171752929688,495000
2012-12-20,84.41999816894531,84.5199966430664,83.12000274658203,83.68000030517578,68.53395080566406,513400
2012-12-21,83.12000274658203,83.38999938964844,82.54000091552734,82.76000213623047,67.78041076660156,582900
2012-12-24,82.91000366210938,83.63999938964844,82.48999786376953,83.08999633789062,68.05069732666016,174900
2012-12-26,82.93000030517578,83.43000030517578,81.37999725341797,81.9000015258789,67.07608032226562,370900
2012-12-27,82.26000213623047,82.26000213623047,79.81999969482422,81.12999725341797,66.44547271728516,549300
2012-12-28,80.66000366210938,81.98999786376953,80.27999877929688,80.47000122070312,65.90492248535156,411800
2012-12-31,80.43000030517578,84.4800033569336,80.43000030517578,83.7699966430664,68.60761260986328,682300
2013-01-02,84.23999786376953,85.47000122070312,80.83000183105469,81.52999877929688,66.7730712890625,850400
2013-01-03,81.36000061035156,82.37000274658203,80.68000030517578,81.30000305175781,66.5846939086914,541400
2013-01-04,81.30000305175781,81.47000122070312,80.4800033569336,81.2300033569336,66.52735900878906,482400
2013-01-07,81.0,81.2300033569336,79.08000183105469,80.22000122070312,65.70018768310547,475200
2013-01-08,80.30000305175781,80.33000183105469,79.3499984741211,79.91999816894531,65.4544906616211,552100
2013-01-09,80.08999633789062,80.58999633789062,79.87999725341797,80.05999755859375,65.56912994384766,377300
2013-01-10,80.05999755859375,80.5,78.66000366210938,80.43000030517578,65.8721694946289,526100
2013-01-11,80.04000091552734,80.7699966430664,79.94999694824219,80.30999755859375,65.77387237548828,385400
2013-01-14,80.08000183105469,80.47000122070312,79.0,79.5,65.11051177978516,567500
2013-01-15,78.94000244140625,81.7300033569336,78.6500015258789,81.69000244140625,66.90410614013672,408000
2013-01-16,81.91999816894531,82.18000030517578,80.77999877929688,81.30000305175781,66.5846939086914,358900
2013-01-17,81.0,81.91000366210938,80.83999633789062,81.4800033569336,66.73210906982422,452400
2013-01-18,81.36000061035156,82.29000091552734,81.0199966430664,82.06999969482422,67.21532440185547,282600
2013-01-22,82.08999633789062,82.31999969482422,80.58999633789062,81.16999816894531,66.47823333740234,405300
2013-01-23,80.98999786376953,81.44000244140625,80.70999908447266,81.04000091552734,66.37175750732422,324500
2013-01-24,83.01000213623047,84.87000274658203,82.81999969482422,84.31999969482422,69.05811309814453,829300
2013-01-25,84.80000305175781,85.16000366210938,83.86000061035156,84.66000366210938,69.33654022216797,323100
2013-01-28,84.61000061035156,84.73999786376953,83.30000305175781,84.02999877929688,68.82056427001953,247700
2013-01-29,83.69999694824219,84.83000183105469,83.55000305175781,84.54000091552734,69.23826599121094,471900
2013-01-30,84.6500015258789,84.81999969482422,83.95999908447266,84.23999786376953,68.99253845214844,352300
2013-01-31,84.02999877929688,84.7699966430664,83.87999725341797,84.41000366210938,69.13180541992188,308700
2013-02-01,85.16000366210938,86.12999725341797,84.4800033569336,85.41000366210938,69.95079040527344,468500
2013-02-04,84.97000122070312,85.6500015258789,83.94000244140625,84.12999725341797,68.90248107910156,430400
2013-02-05,84.47000122070312,87.16000366210938,84.27999877929688,86.19000244140625,70.58961486816406,810000
2013-02-06,86.1500015258789,87.5,85.88999938964844,87.0199966430664,71.26936340332031,464700
2013-02-07,87.2300033569336,87.4800033569336,85.72000122070312,87.43000030517578,71.60515594482422,441400
2013-02-08,87.36000061035156,87.94000244140625,86.95999908447266,87.68000030517578,71.80992889404297,238400
2013-02-11,87.45999908447266,87.76000213623047,86.83000183105469,86.91999816894531,71.18749237060547,202600
2013-02-12,87.12999725341797,87.81999969482422,86.51000213623047,87.36000061035156,71.54786682128906,229900
2013-02-13,87.37999725341797,88.22000122070312,86.77999877929688,87.29000091552734,71.49050903320312,240800
2013-02-14,87.19999694824219,88.38999938964844,86.91000366210938,88.2300033569336,72.26036071777344,315600
2013-02-15,88.08000183105469,89.41999816894531,85.8499984741211,87.47000122070312,71.63793182373047,689400
2013-02-19,87.73999786376953,88.05000305175781,86.7300033569336,87.87999725341797,71.97369384765625,291600
2013-02-20,87.87000274658203,88.20999908447266,86.44000244140625,86.44999694824219,70.80254364013672,403900
2013-02-21,86.44000244140625,87.23999786376953,84.52999877929688,85.4800033569336,70.00812530517578,476300
2013-02-22,85.68000030517578,85.79000091552734,83.88999938964844,84.91999816894531,69.54947662353516,293500
2013-02-25,81.0,81.0,75.33000183105469,76.91999816894531,62.99746322631836,2665300
2013-02-26,77.37999725341797,77.83999633789062,75.80000305175781,77.7300033569336,63.660865783691406,781700
2013-02-27,77.6500015258789,79.58000183105469,77.5199966430664,79.01000213623047,64.70919799804688,751000
2013-02-28,78.66000366210938,80.27999877929688,78.47000122070312,79.68000030517578,65.25791931152344,597800
2013-03-01,79.41000366210938,80.2699966430664,78.87999725341797,80.2699966430664,65.74112701416016,581600
2013-03-04,79.97000122070312,80.80999755859375,79.5999984741211,80.36000061035156,65.8148193359375,621500
2013-03-05,80.8499984741211,80.8499984741211,79.6500015258789,80.01000213623047,65.5281753540039,534900
2013-03-06,79.80000305175781,80.63999938964844,79.33000183105469,80.30000305175781,65.76571655273438,491800
2013-03-07,80.30000305175781,80.55000305175781,79.70999908447266,80.22000122070312,65.70018768310547,389200
2013-03-08,80.69999694824219,81.22000122070312,79.94999694824219,80.62000274658203,66.02780151367188,357800
2013-03-11,80.36000061035156,80.69000244140625,80.0,80.55000305175781,65.97046661376953,407600
2013-03-12,80.45999908447266,80.93000030517578,79.9800033569336,80.37999725341797,65.83122253417969,397400
2013-03-13,80.25,81.2300033569336,80.08000183105469,80.20999908447266,65.69200897216797,442500
2013-03-14,80.58000183105469,80.62999725341797,79.94999694824219,80.04000091552734,65.5527572631836,585600
2013-03-15,80.23999786376953,80.45999908447266,79.6500015258789,80.2300033569336,65.7083511352539,782400
2013-03-18,79.5199966430664,80.22000122070312,79.37999725341797,79.83999633789062,65.38897705078125,470100
2013-03-19,79.95999908447266,80.01000213623047,77.81999969482422,78.58999633789062,64.36519622802734,662700
2013-03-20,79.0,80.12999725341797,78.94000244140625,79.61000061035156,65.20057678222656,436600
2013-03-21,79.61000061035156,80.16000366210938,78.20999908447266,78.5199966430664,64.3078842163086,387700
2013-03-22,78.98999786376953,79.2300033569336,78.55000305175781,78.80000305175781,64.5372085571289,329500
2013-03-25,79.08000183105469,80.23999786376953,78.70999908447266,79.11000061035156,64.79109954833984,246900
2013-03-26,79.2699966430664,79.69000244140625,78.70999908447266,79.37000274658203,65.0451431274414,188800
2013-03-27,78.76000213623047,79.19999694824219,78.38999938964844,78.94000244140625,64.6927261352539,300100
2013-03-28,78.93000030517578,78.93000030517578,78.2699966430664,78.55000305175781,64.37313842773438,626900
2013-04-01,78.66999816894531,80.05000305175781,78.19000244140625,79.47000122070312,65.1270980834961,500700
2013-04-02,79.86000061035156,79.9000015258789,79.16000366210938,79.48999786376953,65.14347076416016,343400
2013-04-03,79.56999969482422,79.94000244140625,78.4000015258789,78.8499984741211,64.61898803710938,429000
2013-04-04,78.86000061035156,80.08999633789062,78.58000183105469,80.08999633789062,65.63516998291016,286700
2013-04-05,78.58999633789062,80.48999786376953,78.58999633789062,80.43000030517578,65.91383361816406,248300
2013-04-08,80.29000091552734,80.94000244140625,80.1500015258789,80.91999816894531,66.31537628173828,346900
2013-04-09,80.9800033569336,80.9800033569336,79.72000122070312,80.0199966430664,65.57781982421875,253700
2013-04-10,80.08999633789062,81.5199966430664,80.08999633789062,81.30000305175781,66.62680053710938,330300
2013-04-11,81.47000122070312,82.83000183105469,81.22000122070312,81.45999908447266,66.75792694091797,256700
2013-04-12,81.12999725341797,82.83999633789062,81.12999725341797,82.69000244140625,67.76596069335938,287100
2013-04-15,82.06999969482422,82.30000305175781,78.58999633789062,78.66000366210938,64.46328735351562,355500
2013-04-16,79.25,79.7300033569336,78.69999694824219,79.29000091552734,64.97956848144531,367600
2013-04-17,78.69000244140625,79.43000030517578,78.37999725341797,79.23999786376953,64.93860626220703,343600
2013-04-18,79.47000122070312,79.47000122070312,77.86000061035156,77.91999816894531,63.856834411621094,271700
2013-04-19,77.91999816894531,79.30000305175781,77.80000305175781,79.08000183105469,64.80747985839844,258300
2013-04-22,79.25,79.44999694824219,78.26000213623047,79.11000061035156,64.83206939697266,303300
2013-04-23,79.58999633789062,80.45999908447266,79.2699966430664,80.37000274658203,65.86465454101562,191800
2013-04-24,79.94000244140625,81.4000015258789,79.62000274658203,80.98999786376953,66.3727798461914,280800
2013-04-25,81.44000244140625,83.5999984741211,81.30999755859375,83.05999755859375,68.06912994384766,293100
2013-04-26,83.08999633789062,83.76000213623047,82.51000213623047,83.30999755859375,68.27400970458984,277100
2013-04-29,83.56999969482422,83.75,82.12999725341797,82.6500015258789,67.733154296875,329500
2013-04-30,82.61000061035156,82.91999816894531,82.30000305175781,82.41000366210938,67.5364761352539,232300
2013-05-01,82.25,82.7699966430664,81.36000061035156,82.0199966430664,67.21685028076172,310400
2013-05-02,82.13999938964844,82.95999908447266,81.94000244140625,82.9000015258789,67.93805694580078,242200
2013-05-03,83.70999908447266,84.66000366210938,83.70999908447266,84.33999633789062,69.11813354492188,503600
2013-05-06,84.56999969482422,85.29000091552734,83.94999694824219,85.04000091552734,69.69180297851562,530300
2013-05-07,85.30000305175781,86.44000244140625,84.36000061035156,86.27999877929688,70.70805358886719,518600
2013-05-08,85.2300033569336,86.63999938964844,84.94999694824219,86.58999633789062,70.96208190917969,402900
2013-05-09,86.37000274658203,86.93000030517578,85.45999908447266,86.1500015258789,70.60145568847656,412900
2013-05-10,86.6500015258789,87.33999633789062,86.38999938964844,87.19000244140625,71.4537582397461,357800
2013-05-13,86.70999908447266,87.5999984741211,86.51000213623047,86.83000183105469,71.15877532958984,488800
2013-05-14,87.0,87.88999938964844,86.6500015258789,87.70999908447266,71.87992095947266,479800
2013-05-15,87.48999786376953,89.37000274658203,87.29000091552734,89.08999633789062,73.01084899902344,491700
2013-05-16,92.0,92.94999694824219,90.56999969482422,91.05000305175781,74.61710357666016,1100600
2013-05-17,91.4800033569336,92.12000274658203,90.91000366210938,92.01000213623047,75.40386199951172,1134800
2013-05-20,91.80999755859375,92.86000061035156,91.68000030517578,92.18000030517578,75.54315948486328,660600
2013-05-21,92.30999755859375,94.02999877929688,92.19000244140625,93.69000244140625,76.7806167602539,476400
2013-05-22,94.08999633789062,94.86000061035156,92.76000213623047,93.2300033569336,76.40364074707031,412400
2013-05-23,92.62999725341797,94.0,92.48999786376953,93.68000030517578,76.77242279052734,344900
2013-05-24,93.18000030517578,93.79000091552734,92.37999725341797,93.38999938964844,76.53477478027344,245800
2013-05-28,94.04000091552734,94.55999755859375,92.6500015258789,93.54000091552734,76.65769958496094,351200
2013-05-29,93.0199966430664,93.66000366210938,92.04000091552734,93.25,76.4200668334961,370500
2013-05-30,93.23999786376953,93.9000015258789,92.45999908447266,92.62000274658203,75.90375518798828,197400
2013-05-31,92.33999633789062,94.54000091552734,92.2300033569336,92.2699966430664,75.61692810058594,327500
2013-06-03,92.48999786376953,92.68000030517578,90.91999816894531,91.44000244140625,74.93672180175781,412000
2013-06-04,89.51000213623047,90.93000030517578,86.5,86.80999755859375,71.14236450195312,1090000
2013-06-05,86.76000213623047,87.5,84.87000274658203,84.91000366210938,69.58528137207031,451900
2013-06-06,85.0199966430664,85.72000122070312,84.08999633789062,85.20999908447266,69.83112335205078,559200
2013-06-07,85.20999908447266,86.08000183105469,84.88999938964844,85.37000274658203,69.96224975585938,490200
2013-06-10,85.72000122070312,86.23999786376953,84.87000274658203,85.08999633789062,69.73278045654297,396700
2013-06-11,84.04000091552734,84.54000091552734,83.13999938964844,83.43000030517578,68.37240600585938,307100
2013-06-12,83.83000183105469,84.22000122070312,82.55000305175781,83.0199966430664,68.03636169433594,279100
2013-06-13,83.16000366210938,84.73999786376953,82.87000274658203,84.6500015258789,69.3722152709961,401300
2013-06-14,84.08999633789062,84.76000213623047,83.55999755859375,83.81999969482422,68.69200897216797,215700
2013-06-17,83.94000244140625,85.44999694824219,83.94000244140625,84.95999908447266,69.62625122070312,337600
2013-06-18,85.33000183105469,86.11000061035156,84.9800033569336,86.0999984741211,70.56048583984375,456300
2013-06-19,85.73999786376953,86.30000305175781,84.61000061035156,84.6500015258789,69.3722152709961,203400
2013-06-20,84.25,84.72000122070312,80.86000061035156,81.16999816894531,66.52027130126953,406600
2013-06-21,81.26000213623047,81.56999969482422,80.0,80.45999908447266,65.93842315673828,597700
2013-06-24,79.51000213623047,80.83000183105469,78.97000122070312,80.18000030517578,65.70893859863281,500500
2013-06-25,80.94999694824219,82.16999816894531,80.93000030517578,81.98999786376953,67.19225311279297,318100
2013-06-26,82.54000091552734,82.56999969482422,81.05999755859375,82.19000244140625,67.39727783203125,271400
2013-06-27,82.66999816894531,82.98999786376953,81.66999816894531,81.91000366210938,67.16767120361328,370300
2013-06-28,81.62000274658203,82.27999877929688,81.2300033569336,81.97000122070312,67.21686553955078,538200
2013-07-01,82.36000061035156,83.20999908447266,81.91000366210938,82.16999816894531,67.38089752197266,282300
2013-07-02,82.04000091552734,82.7300033569336,81.41999816894531,82.27999877929688,67.4710693359375,502300
2013-07-03,81.88999938964844,82.61000061035156,81.25,82.51000213623047,67.65969848632812,257700
2013-07-05,83.20999908447266,84.19999694824219,82.4800033569336,84.0,68.88152313232422,249800
2013-07-08,84.33000183105469,86.3499984741211,84.22000122070312,86.20999908447266,70.69376373291016,323300
2013-07-09,86.72000122070312,86.72000122070312,85.36000061035156,85.88999938964844,70.43134307861328,354500
2013-07-10,85.73999786376953,85.73999786376953,84.54000091552734,84.7699966430664,69.51292419433594,596000
2013-07-11,85.75,85.94000244140625,84.23999786376953,84.36000061035156,69.17674255371094,521000
2013-07-12,84.30999755859375,84.88999938964844,83.80000305175781,83.97000122070312,68.8569107055664,448600
2013-07-15,84.08000183105469,84.41999816894531,83.25,83.56999969482422,68.52890014648438,349300
2013-07-16,83.41999816894531,83.83999633789062,82.18000030517578,82.29000091552734,67.47929382324219,436900
2013-07-17,82.58999633789062,82.79000091552734,81.9800033569336,82.19999694824219,67.4054946899414,490200
2013-07-18,82.30000305175781,82.77999877929688,81.9800033569336,82.38999938964844,67.561279296875,331000
2013-07-19,82.31999969482422,82.88999938964844,82.19999694824219,82.6500015258789,67.77450561523438,462000
2013-07-22,82.69000244140625,83.5,82.69000244140625,83.1500015258789,68.18448638916016,299300
2013-07-23,83.31999969482422,83.66999816894531,82.33999633789062,82.63999938964844,67.76630401611328,415800
2013-07-24,82.93000030517578,83.33000183105469,82.38999938964844,82.80000305175781,67.89749145507812,319800
2013-07-25,82.58999633789062,82.91000366210938,81.43000030517578,81.80000305175781,67.0775146484375,494500
2013-07-26,81.54000091552734,81.94999694824219,80.79000091552734,81.83999633789062,67.11028289794922,347300
2013-07-29,82.0,82.25,81.48999786376953,81.55999755859375,66.88066864013672,168100
2013-07-30,81.88999938964844,83.02999877929688,81.44000244140625,82.79000091552734,67.88929748535156,273200
2013-07-31,83.20999908447266,85.33999633789062,82.76000213623047,84.43000030517578,69.234130859375,518300
2013-08-01,84.7699966430664,86.13999938964844,84.66999816894531,85.72000122070312,70.29191589355469,415100
2013-08-02,85.52999877929688,85.7300033569336,84.66000366210938,85.25,69.90653991699219,313100
2013-08-05,85.05999755859375,85.18000030517578,84.44999694824219,84.73999786376953,69.48831939697266,364300
2013-08-06,83.05000305175781,84.56999969482422,81.11000061035156,82.22000122070312,67.42188262939453,806300
2013-08-07,81.69999694824219,81.73999786376953,80.43000030517578,80.87000274658203,66.31488037109375,321300
2013-08-08,81.31999969482422,81.86000061035156,80.48999786376953,80.7699966430664,66.23286437988281,380200
2013-08-09,80.41999816894531,80.69999694824219,79.26000213623047,80.13999938964844,65.71624755859375,385100
2013-08-12,79.6500015258789,81.2699966430664,78.45999908447266,80.80000305175781,66.25747680664062,467700
2013-08-13,80.52999877929688,80.87999725341797,79.51000213623047,79.83999633789062,65.47026062011719,592900
2013-08-14,79.0199966430664,79.75,77.41000366210938,78.95999908447266,64.74861907958984,1016700
2013-08-15,83.73999786376953,86.9000015258789,83.0,84.48999786376953,69.28331756591797,2297200
2013-08-16,84.1500015258789,84.4800033569336,81.18000030517578,81.23999786376953,66.61824798583984,921800
2013-08-19,80.87999725341797,81.27999877929688,78.66999816894531,79.0,64.78141784667969,1372500
2013-08-20,80.36000061035156,80.97000122070312,78.93000030517578,79.77999877929688,65.42102813720703,996400
2013-08-21,79.66000366210938,79.7699966430664,78.29000091552734,78.5199966430664,64.38780975341797,606500
2013-08-22,78.52999877929688,79.72000122070312,78.02999877929688,78.93000030517578,64.72400665283203,442100
2013-08-23,78.77999877929688,79.27999877929688,77.43000030517578,77.80999755859375,63.80562210083008,592800
2013-08-26,77.86000061035156,78.30999755859375,77.62000274658203,77.70999908447266,63.723594665527344,570100
2013-08-27,77.23999786376953,77.30000305175781,75.6500015258789,75.86000061035156,62.206600189208984,603900
2013-08-28,75.94000244140625,76.6500015258789,75.5999984741211,75.7699966430664,62.13278579711914,394400
2013-08-29,75.77999877929688,76.41000366210938,75.61000061035156,76.08000183105469,62.38694763183594,585200
2013-08-30,76.41999816894531,76.5999984741211,75.81999969482422,76.26000213623047,62.53457260131836,520700
2013-09-03,77.30000305175781,77.44000244140625,75.86000061035156,76.48999786376953,62.72317123413086,518300
2013-09-04,76.68000030517578,77.72000122070312,76.63999938964844,77.31999969482422,63.403812408447266,501800
2013-09-05,77.61000061035156,78.29000091552734,77.0,77.9800033569336,63.945011138916016,628500
2013-09-06,78.19999694824219,78.30999755859375,77.04000091552734,77.55999755859375,63.60057830810547,589500
2013-09-09,77.88999938964844,78.88999938964844,77.52999877929688,78.86000061035156,64.66661834716797,433600
2013-09-10,79.04000091552734,79.41999816894531,78.12999725341797,79.22000122070312,64.96183013916016,448000
2013-09-11,79.0,79.58999633789062,78.37000274658203,78.9000015258789,64.69941711425781,376700
2013-09-12,78.83999633789062,79.22000122070312,78.44000244140625,78.69999694824219,64.53540802001953,358100
2013-09-13,79.01000213623047,79.37999725341797,78.33999633789062,79.29000091552734,65.01923370361328,303600
2013-09-16,79.97000122070312,81.45999908447266,79.87999725341797,81.44000244140625,66.78224182128906,715700
2013-09-17,81.30999755859375,82.22000122070312,80.83999633789062,81.31999969482422,66.68387603759766,439600
2013-09-18,81.30999755859375,82.77999877929688,80.76000213623047,82.4000015258789,67.56948852539062,408600
2013-09-19,82.30999755859375,83.22000122070312,81.80999755859375,82.5199966430664,67.66787719726562,424400
2013-09-20,82.51000213623047,82.56999969482422,81.93000030517578,82.25,67.44647979736328,731700
2013-09-23,82.0,82.30999755859375,80.48999786376953,80.5199966430664,66.0278549194336,372700
2013-09-24,80.47000122070312,81.13999938964844,79.94999694824219,80.0199966430664,65.6178207397461,789400
2013-09-25,80.0199966430664,80.04000091552734,77.88999938964844,79.08000183105469,64.8470230102539,800400
2013-09-26,79.5,80.0,79.02999877929688,79.19999694824219,64.9947509765625,305600
2013-09-27,78.98999786376953,79.16000366210938,78.51000213623047,79.12000274658203,64.9290771484375,317900
2013-09-30,78.33999633789062,79.01000213623047,78.12999725341797,78.30000305175781,64.25616455078125,350700
2013-10-01,78.45999908447266,79.62000274658203,78.45999908447266,79.0999984741211,64.91265869140625,296400
2013-10-02,78.58000183105469,79.06999969482422,77.87999725341797,78.79000091552734,64.6583023071289,324800
2013-10-03,78.75,79.2699966430664,78.0199966430664,78.98999786376953,64.8224105834961,546900
2013-10-04,79.11000061035156,79.5,78.69000244140625,79.11000061035156,64.92089080810547,493000
2013-10-07,78.31999969482422,78.45999908447266,77.23999786376953,77.23999786376953,63.38627624511719,559000
2013-10-08,77.05000305175781,77.38999938964844,76.27999877929688,76.97000122070312,63.164730072021484,835600
2013-10-09,76.91999816894531,77.5999984741211,76.25,76.48999786376953,62.770790100097656,578100
2013-10-10,77.30000305175781,77.4000015258789,76.88999938964844,77.20999908447266,63.36164855957031,392300
2013-10-11,77.1500015258789,77.30999755859375,76.45999908447266,76.70999908447266,62.95134735107422,863100
2013-10-14,76.44999694824219,77.08000183105469,75.97000122070312,76.94999694824219,63.1483039855957,1084000
2013-10-15,76.66000366210938,77.12999725341797,75.76000213623047,76.6500015258789,62.90209197998047,754300
2013-10-16,77.3499984741211,79.29000091552734,76.33000183105469,79.16000366210938,64.96190643310547,686000
2013-10-17,78.80999755859375,80.58000183105469,78.62999725341797,80.52999877929688,66.08618927001953,394500
2013-10-18,81.02999877929688,81.66999816894531,79.93000030517578,81.44999694824219,66.84119415283203,370000
2013-10-21,81.5999984741211,81.5999984741211,80.05000305175781,80.16000366210938,65.78253936767578,259900
2013-10-22,80.08000183105469,80.94999694824219,79.38999938964844,79.95999908447266,65.61841583251953,320600
2013-10-23,79.62000274658203,80.72000122070312,79.62000274658203,80.6500015258789,66.18467712402344,386400
2013-10-24,80.9000015258789,81.83000183105469,80.37999725341797,81.80999755859375,67.13661193847656,380400
2013-10-25,82.0,82.87999725341797,81.77999877929688,82.61000061035156,67.7931137084961,467600
2013-10-28,82.7699966430664,83.87999725341797,82.41999816894531,83.56999969482422,68.58092498779297,401700
2013-10-29,83.54000091552734,85.08999633789062,82.97000122070312,83.19000244140625,68.26910400390625,478600
2013-10-30,83.44999694824219,83.45999908447266,82.44000244140625,83.05000305175781,68.1541976928711,190200
2013-10-31,82.87999725341797,83.0,81.97000122070312,81.9800033569336,67.27613830566406,381600
2013-11-01,81.87000274658203,82.2699966430664,81.61000061035156,82.18000030517578,67.44023132324219,762300
2013-11-04,82.7699966430664,83.5,81.97000122070312,81.97000122070312,67.26792907714844,905700
2013-11-05,82.01000213623047,82.94000244140625,81.05000305175781,82.16999816894531,67.43206787109375,501400
2013-11-06,82.73999786376953,83.33000183105469,82.3499984741211,82.70999908447266,67.87519073486328,730400
2013-11-07,83.36000061035156,83.5,82.54000091552734,82.62999725341797,67.80953216552734,506800
2013-11-08,82.43000030517578,82.94000244140625,81.97000122070312,82.45999908447266,67.67003631591797,203500
2013-11-11,82.4800033569336,83.4800033569336,80.87999725341797,83.43000030517578,68.46605682373047,379100
2013-11-12,83.45999908447266,84.91999816894531,83.08999633789062,84.0,68.933837890625,833300
2013-11-13,85.26000213623047,89.73999786376953,85.2300033569336,89.55000305175781,73.48837280273438,1324700
2013-11-14,90.0,92.4800033569336,90.0,91.83999633789062,75.36766052246094,1739700
2013-11-15,91.43000030517578,91.43000030517578,89.38999938964844,89.83999633789062,73.7263412475586,979900
2013-11-18,90.2699966430664,90.44000244140625,89.5999984741211,90.16000366210938,73.98894500732422,545200
2013-11-19,89.87000274658203,91.29000091552734,89.19999694824219,89.2300033569336,73.22577667236328,835700
2013-11-20,89.58999633789062,89.58999633789062,88.66999816894531,89.22000122070312,73.21754455566406,463300
2013-11-21,90.02999877929688,92.68000030517578,89.6500015258789,92.16999816894531,75.638427734375,708500
2013-11-22,91.94000244140625,92.20999908447266,90.54000091552734,91.19000244140625,74.83424377441406,396600
2013-11-25,91.31999969482422,92.05999755859375,90.68000030517578,91.80000305175781,75.33480072021484,452300
2013-11-26,92.16000366210938,93.33999633789062,91.91999816894531,92.63999938964844,76.0241470336914,289600
2013-11-27,92.93000030517578,93.01000213623047,91.56999969482422,91.75,75.29379272460938,330700
2013-11-29,91.66999816894531,93.33000183105469,91.19999694824219,91.5,75.0886459350586,204800
2013-12-02,91.38999938964844,91.6500015258789,89.83999633789062,90.87000274658203,74.57164001464844,416500
2013-12-03,90.48999786376953,92.12000274658203,89.79000091552734,91.0199966430664,74.69471740722656,387100
2013-12-04,90.79000091552734,92.01000213623047,90.12999725341797,90.9800033569336,74.6618881225586,801100
2013-12-05,90.87999725341797,91.47000122070312,89.93000030517578,90.45999908447266,74.23514556884766,667900
2013-12-06,91.08000183105469,91.91999816894531,90.70999908447266,90.93000030517578,74.62084197998047,503100
2013-12-09,91.0199966430664,93.75,90.69999694824219,93.12999725341797,76.42626190185547,765500
2013-12-10,92.80999755859375,93.04000091552734,91.25,91.41000366210938,75.0147705078125,582300
2013-12-11,91.63999938964844,92.72000122070312,91.31999969482422,91.75,75.29379272460938,585900
2013-12-12,91.3499984741211,91.69000244140625,90.54000091552734,91.0,74.67833709716797,496100
2013-12-13,91.0199966430664,92.55999755859375,91.0199966430664,92.22000122070312,75.67947387695312,481100
2013-12-16,92.47000122070312,93.0999984741211,92.22000122070312,92.58000183105469,75.97490692138672,326700
2013-12-17,92.4800033569336,92.55000305175781,91.63999938964844,92.0,75.49895477294922,403100
2013-12-18,92.19000244140625,92.8499984741211,91.0199966430664,92.38999938964844,75.81900787353516,528000
2013-12-19,92.41000366210938,92.79000091552734,91.54000091552734,92.44000244140625,75.86001586914062,381400
2013-12-20,92.6500015258789,95.69000244140625,92.48999786376953,95.58000183105469,78.43683624267578,882700
2013-12-23,95.86000061035156,97.87000274658203,95.8499984741211,96.29000091552734,79.01947021484375,481300
2013-12-24,96.2699966430664,96.81999969482422,96.16999816894531,96.75,79.3969955444336,165300
2013-12-26,96.69999694824219,96.87000274658203,95.55999755859375,95.62999725341797,78.47787475585938,324600
2013-12-27,96.0199966430664,96.36000061035156,95.33999633789062,96.30999755859375,79.08554077148438,253400
2013-12-30,96.20999908447266,96.86000061035156,96.11000061035156,96.62000274658203,79.34007263183594,218900
2013-12-31,96.63999938964844,97.33000183105469,96.05999755859375,97.20999908447266,79.82456970214844,224300
2014-01-02,96.87000274658203,97.56999969482422,96.55000305175781,96.8499984741211,79.52893829345703,636000
2014-01-03,96.73999786376953,97.3499984741211,96.5,96.68000030517578,79.38935089111328,317700
2014-01-06,96.97000122070312,97.26000213623047,95.68000030517578,95.81999969482422,78.68314361572266,371600
2014-01-07,96.08000183105469,96.3499984741211,93.97000122070312,94.4800033569336,77.58280944824219,395600
2014-01-08,94.33999633789062,94.63999938964844,92.4000015258789,92.54000091552734,75.98974609375,476900
2014-01-09,95.47000122070312,95.47000122070312,92.1500015258789,93.19999694824219,76.53172302246094,609300
2014-01-10,93.58000183105469,93.58000183105469,92.48999786376953,93.2300033569336,76.55635833740234,294200
2014-01-13,93.1500015258789,93.93000030517578,90.20999908447266,90.29000091552734,74.14216613769531,465300
2014-01-14,90.20999908447266,92.0999984741211,90.20999908447266,91.9800033569336,75.52989959716797,368900
2014-01-15,92.25,92.25,91.41999816894531,91.86000061035156,75.43136596679688,196500
2014-01-16,91.55000305175781,91.55000305175781,89.9000015258789,90.16000366210938,74.03543090820312,421400
2014-01-17,91.30000305175781,91.48999786376953,89.12999725341797,90.6500015258789,74.43778228759766,1001100
2014-01-21,91.12999725341797,92.16000366210938,89.98999786376953,90.05000305175781,73.94507598876953,643500
2014-01-22,90.30999755859375,90.30999755859375,89.2300033569336,89.68000030517578,73.64125061035156,487800
2014-01-23,91.55000305175781,91.81999969482422,90.58000183105469,90.69000244140625,74.47062683105469,659300
2014-01-24,89.94000244140625,91.3499984741211,89.4800033569336,90.69999694824219,74.47883605957031,397700
2014-01-27,90.7699966430664,91.33999633789062,89.54000091552734,90.2699966430664,74.12574005126953,381600
2014-01-28,90.26000213623047,91.5,90.26000213623047,90.69999694824219,74.47883605957031,279800
2014-01-29,90.05000305175781,90.30999755859375,87.77999877929688,87.9000015258789,72.17959594726562,610200
2014-01-30,88.0999984741211,89.69000244140625,88.0999984741211,89.5,73.49344635009766,488800
2014-01-31,89.0199966430664,89.20999908447266,87.1500015258789,87.30000305175781,71.68687438964844,579600
2014-02-03,87.36000061035156,88.06999969482422,83.86000061035156,85.2300033569336,69.98709869384766,804300
2014-02-04,85.5,86.63999938964844,85.2300033569336,85.66000366210938,70.34021759033203,550700
2014-02-05,85.51000213623047,86.05000305175781,84.47000122070312,85.76000213623047,70.42230987548828,335900
2014-02-06,86.02999877929688,90.38999938964844,86.02999877929688,90.29000091552734,74.14216613769531,870300
2014-02-07,90.7699966430664,91.33000183105469,88.9000015258789,89.06999969482422,73.1403579711914,400100
2014-02-10,88.80000305175781,89.47000122070312,86.41999816894531,87.9000015258789,72.17959594726562,568200
2014-02-11,87.44000244140625,89.12000274658203,87.44000244140625,89.01000213623047,73.09107971191406,559700
2014-02-12,89.08999633789062,89.44000244140625,88.06999969482422,88.7300033569336,72.86119079589844,547100
2014-02-13,88.3499984741211,90.13999938964844,87.20999908447266,89.9800033569336,73.88758087158203,535800
2014-02-14,89.76000213623047,90.0199966430664,88.47000122070312,89.69999694824219,73.65767669677734,603100
2014-02-18,89.9800033569336,90.1500015258789,88.27999877929688,88.52999877929688,72.6969223022461,639200
2014-02-19,87.20999908447266,88.88999938964844,86.30000305175781,87.27999877929688,71.67048645019531,579500
2014-02-20,87.44000244140625,88.33999633789062,87.12000274658203,88.04000091552734,72.2945327758789,561600
2014-02-21,87.86000061035156,89.55999755859375,87.29000091552734,89.33000183105469,73.35386657714844,626000
2014-02-24,83.88999938964844,86.3499984741211,82.75,83.5999984741211,68.64862060546875,3893800
2014-02-25,83.62999725341797,90.4800033569336,83.62000274658203,90.16999816894531,74.04362487792969,2293100
2014-02-26,89.52999877929688,94.27999877929688,89.52999877929688,92.76000213623047,76.17042541503906,1558300
2014-02-27,92.30999755859375,93.18000030517578,91.54000091552734,91.9000015258789,75.46422576904297,751400
2014-02-28,91.86000061035156,93.30999755859375,91.66000366210938,92.58000183105469,76.02259063720703,527100
2014-03-03,91.8499984741211,92.36000061035156,90.55999755859375,91.95999908447266,75.51351165771484,413800
2014-03-04,92.69999694824219,92.7300033569336,91.19999694824219,91.2699966430664,74.9468994140625,522500
2014-03-05,89.66999816894531,91.02999877929688,89.5199966430664,90.08999633789062,73.97791290283203,824200
2014-03-06,90.20999908447266,90.7300033569336,89.69999694824219,90.27999877929688,74.13394165039062,481800
2014-03-07,90.48999786376953,92.01000213623047,90.36000061035156,91.75,75.34102630615234,399700
2014-03-10,91.56999969482422,92.5,91.1500015258789,92.29000091552734,75.78449249267578,434100
2014-03-11,91.83999633789062,94.0,91.83999633789062,92.55000305175781,75.99797821044922,455300
2014-03-12,92.11000061035156,92.88999938964844,91.80000305175781,92.83999633789062,76.2361068725586,318500
2014-03-13,93.05999755859375,93.69000244140625,91.58000183105469,92.01000213623047,75.55452728271484,323000
2014-03-14,91.80000305175781,92.55999755859375,90.4800033569336,90.61000061035156,74.40494537353516,426100
2014-03-17,91.0,92.62999725341797,90.91999816894531,91.0,74.72518920898438,427800
2014-03-18,91.18000030517578,91.7300033569336,90.83999633789062,91.2300033569336,74.91405487060547,347900
2014-03-19,91.29000091552734,91.48999786376953,89.48999786376953,89.73999786376953,73.69050598144531,383900
2014-03-20,89.41000366210938,90.41999816894531,88.87999725341797,90.2699966430664,74.12574005126953,345000
2014-03-21,90.63999938964844,91.9800033569336,90.58999633789062,90.94999694824219,74.68412017822266,560900
2014-03-24,90.63999938964844,90.95999908447266,88.33999633789062,88.5,72.67230224609375,509900
2014-03-25,88.52999877929688,88.88999938964844,87.80999755859375,88.5199966430664,72.68873596191406,519100
2014-03-26,88.76000213623047,90.08999633789062,88.29000091552734,89.4800033569336,73.47703552246094,478100
2014-03-27,89.26000213623047,90.18000030517578,88.94999694824219,89.9000015258789,73.87146759033203,483500
2014-03-28,90.20999908447266,91.94999694824219,89.7300033569336,91.83000183105469,75.45732879638672,401700
2014-03-31,92.04000091552734,92.44999694824219,90.9000015258789,92.4000015258789,75.92570495605469,487700
2014-04-01,92.6500015258789,93.93000030517578,92.41999816894531,93.87999725341797,77.14183807373047,375600
2014-04-02,94.29000091552734,96.11000061035156,93.87000274658203,96.05000305175781,78.92493438720703,493800
2014-04-03,96.0199966430664,96.61000061035156,95.18000030517578,95.97000122070312,78.85920715332031,537000
2014-04-04,96.18000030517578,97.12000274658203,93.69999694824219,94.0,77.24044036865234,649100
2014-04-07,93.8499984741211,94.18000030517578,92.12999725341797,92.3499984741211,75.88461303710938,690400
2014-04-08,92.43000030517578,94.11000061035156,91.91999816894531,94.02999877929688,77.26510620117188,350100
2014-04-09,93.97000122070312,94.7300033569336,93.73999786376953,94.69000244140625,77.80740356445312,241000
2014-04-10,94.75,95.16999816894531,91.91000366210938,92.25,75.80245208740234,509300
2014-04-11,91.33999633789062,91.62999725341797,88.88999938964844,89.94999694824219,73.91251373291016,859300
2014-04-14,90.69000244140625,90.69000244140625,89.61000061035156,90.13999938964844,74.06863403320312,271500
2014-04-15,90.44000244140625,91.30000305175781,89.33999633789062,91.08000183105469,74.84104919433594,373800
2014-04-16,91.79000091552734,93.11000061035156,91.48999786376953,92.04000091552734,75.62989044189453,280500
2014-04-17,92.02999877929688,92.06999969482422,89.5,89.98999786376953,73.94538116455078,606300
2014-04-21,90.1500015258789,91.91999816894531,90.12000274658203,91.05000305175781,74.81641387939453,325900
2014-04-22,91.2699966430664,98.81999969482422,91.2699966430664,95.88999938964844,78.79344940185547,2234500
2014-04-23,95.87999725341797,97.16999816894531,94.44000244140625,95.12000274658203,78.16075897216797,564900
2014-04-24,95.37000274658203,96.68000030517578,95.33000183105469,95.8499984741211,78.76058959960938,739200
2014-04-25,95.37000274658203,97.01000213623047,95.01000213623047,96.86000061035156,79.59053039550781,409300
2014-04-28,97.33999633789062,98.86000061035156,96.87999725341797,98.06999969482422,80.58477783203125,828700
2014-04-29,98.38999938964844,99.04000091552734,97.11000061035156,98.77999877929688,81.16819763183594,470000
2014-04-30,98.61000061035156,98.9800033569336,97.33999633789062,97.93000030517578,80.46975708007812,755100
2014-05-01,98.0999984741211,98.69999694824219,97.55000305175781,97.95999908447266,80.4944076538086,461300
2014-05-02,97.98999786376953,100.0199966430664,97.98999786376953,98.76000213623047,81.15176391601562,464600
2014-05-05,98.37000274658203,98.55000305175781,96.20999908447266,96.27999877929688,79.11392211914062,630500
2014-05-06,95.87000274658203,96.91999816894531,94.19999694824219,94.94000244140625,78.01285552978516,569700
2014-05-07,95.18000030517578,95.79000091552734,93.8499984741211,94.5199966430664,77.667724609375,392700
2014-05-08,94.43000030517578,97.72000122070312,94.29000091552734,94.4800033569336,77.63485717773438,344400
2014-05-09,94.44000244140625,96.44999694824219,94.19999694824219,95.8499984741211,78.76058959960938,316800
2014-05-12,95.91999816894531,99.5199966430664,95.91999816894531,98.62999725341797,81.044921875,476400
2014-05-13,98.4800033569336,100.62999725341797,98.41999816894531,100.19000244140625,82.32681274414062,907300
2014-05-14,100.11000061035156,100.5199966430664,97.9800033569336,98.4800033569336,80.92169952392578,530500
2014-05-15,98.13999938964844,98.13999938964844,95.80000305175781,96.5999984741211,79.37687683105469,979700
2014-05-16,102.63999938964844,111.73999786376953,102.12000274658203,111.0,91.20945739746094,2670300
2014-05-19,110.38999938964844,110.94999694824219,108.56999969482422,109.25,89.77144622802734,808600
2014-05-20,108.22000122070312,109.5,107.8499984741211,109.08000183105469,89.63179016113281,653000
2014-05-21,108.70999908447266,110.0,106.7300033569336,107.30999755859375,88.1773452758789,782000
2014-05-22,107.69000244140625,110.20999908447266,107.62999725341797,109.83000183105469,90.24806213378906,565200
2014-05-23,110.0,110.55999755859375,108.81999969482422,109.7699966430664,90.19876098632812,394600
2014-05-27,110.9800033569336,112.95999908447266,109.56999969482422,112.58000183105469,92.50775909423828,865800
2014-05-28,112.37000274658203,112.37000274658203,110.69000244140625,111.68000030517578,91.7682113647461,394800
2014-05-29,111.9000015258789,112.69999694824219,110.8499984741211,112.58000183105469,92.50775909423828,367100
2014-05-30,112.19999694824219,113.62999725341797,111.93000030517578,112.75,92.64744567871094,389700
2014-06-02,113.11000061035156,113.3499984741211,111.5999984741211,112.36000061035156,92.32697296142578,302900
2014-06-03,111.63999938964844,112.30000305175781,110.51000213623047,111.29000091552734,91.44772338867188,412000
2014-06-04,111.29000091552734,116.0199966430664,111.29000091552734,115.54000091552734,94.94001007080078,699100
2014-06-05,115.3499984741211,115.41999816894531,112.3499984741211,114.95999908447266,94.46341705322266,470700
2014-06-06,116.37000274658203,119.0199966430664,115.37999725341797,118.77999877929688,97.60232543945312,627900
2014-06-09,118.77999877929688,119.70999908447266,116.98999786376953,117.58000183105469,96.61630249023438,471600
2014-06-10,117.5999984741211,117.68000030517578,116.19999694824219,116.62999725341797,95.83566284179688,403300
2014-06-11,116.25,116.93000030517578,114.87000274658203,116.33000183105469,95.58916473388672,360200
2014-06-12,116.4000015258789,116.55999755859375,113.44000244140625,113.95999908447266,93.64171600341797,430100
2014-06-13,114.69000244140625,114.98999786376953,113.3499984741211,114.9000015258789,94.41413879394531,353600
2014-06-16,114.33999633789062,115.20999908447266,113.87000274658203,114.77999877929688,94.31549072265625,299400
2014-06-17,114.91999816894531,116.0,114.41000366210938,115.58000183105469,94.97288513183594,201800
2014-06-18,115.16999816894531,115.94000244140625,114.19000244140625,115.11000061035156,94.58668518066406,300900
2014-06-19,115.63999938964844,115.94000244140625,114.47000122070312,115.30000305175781,94.7427978515625,350500
2014-06-20,115.9800033569336,115.9800033569336,114.4000015258789,115.48999786376953,94.89891815185547,503300
2014-06-23,115.1500015258789,117.12000274658203,114.86000061035156,116.73999786376953,95.92604064941406,316800
2014-06-24,116.73999786376953,117.30999755859375,115.44000244140625,116.52999877929688,95.75350952148438,349800
2014-06-25,116.52999877929688,116.97000122070312,115.16999816894531,116.19999694824219,95.48234558105469,288300
2014-06-26,116.2300033569336,116.62999725341797,114.0,116.56999969482422,95.83585357666016,266600
2014-06-27,116.41000366210938,117.97000122070312,115.86000061035156,117.88999938964844,96.92106628417969,546500
2014-06-30,117.58999633789062,118.48999786376953,116.16000366210938,116.61000061035156,95.86872100830078,1185200
2014-07-01,117.48999786376953,119.55999755859375,116.44000244140625,119.29000091552734,98.07205200195312,421000
2014-07-02,118.87999725341797,120.11000061035156,118.70999908447266,119.0999984741211,97.91586303710938,266900
2014-07-03,119.44000244140625,120.86000061035156,119.16000366210938,119.94000244140625,98.60643768310547,256100
2014-07-07,119.05000305175781,119.79000091552734,118.33000183105469,119.30999755859375,98.0885009765625,373000
2014-07-08,119.18000030517578,120.41000366210938,118.33999633789062,119.80000305175781,98.49134063720703,314600
2014-07-09,119.91000366210938,120.98999786376953,119.80999755859375,120.43000030517578,99.00928497314453,214100
2014-07-10,119.41000366210938,119.62999725341797,118.0999984741211,118.48999786376953,97.41434478759766,303700
2014-07-11,117.87999725341797,118.33000183105469,117.16000366210938,117.23999786376953,96.38667297363281,237500
2014-07-14,118.19999694824219,118.7300033569336,116.79000091552734,116.97000122070312,96.16471862792969,299800
2014-07-15,117.19000244140625,118.37999725341797,115.20999908447266,115.5,94.95616912841797,413600
2014-07-16,115.94999694824219,116.41999816894531,114.54000091552734,115.41000366210938,94.8821792602539,314900
2014-07-17,115.47000122070312,116.48999786376953,114.2699966430664,114.58999633789062,94.2080307006836,211800
2014-07-18,114.33000183105469,118.05000305175781,114.33000183105469,117.70999908447266,96.7730941772461,330900
2014-07-21,116.80000305175781,117.97000122070312,116.29000091552734,117.72000122070312,96.78132629394531,285600
2014-07-22,118.18000030517578,119.23999786376953,117.86000061035156,118.61000061035156,97.51299285888672,237700
2014-07-23,118.75,120.05999755859375,118.48999786376953,119.9800033569336,98.63932800292969,224600
2014-07-24,120.29000091552734,121.3499984741211,120.0199966430664,120.63999938964844,99.18193817138672,311400
2014-07-25,119.76000213623047,120.48999786376953,118.80999755859375,119.41999816894531,98.17892456054688,216900
2014-07-28,119.87000274658203,120.26000213623047,119.04000091552734,119.37000274658203,98.1377944946289,180000
2014-07-29,119.37000274658203,121.0999984741211,119.37000274658203,119.76000213623047,98.45844268798828,260900
2014-07-30,120.41000366210938,122.7699966430664,119.98999786376953,122.44999694824219,100.66999816894531,315100
2014-07-31,121.58000183105469,122.0,119.16999816894531,119.22000122070312,98.01449584960938,266600
2014-08-01,119.20999908447266,120.72000122070312,118.1500015258789,120.48999786376953,99.05859375,294400
2014-08-04,120.97000122070312,122.75,120.43000030517578,122.33999633789062,100.57955932617188,286200
2014-08-05,121.30000305175781,125.16999816894531,120.41000366210938,120.93000030517578,99.42033386230469,222000
2014-08-06,120.47000122070312,124.0,120.47000122070312,122.41000366210938,100.63711547851562,303500
2014-08-07,123.19999694824219,123.75,121.05999755859375,121.80000305175781,100.13560485839844,460800
2014-08-08,121.02999877929688,123.80000305175781,119.55999755859375,123.62000274658203,101.63186645507812,685700
2014-08-11,123.91000366210938,124.5,120.69000244140625,121.7699966430664,100.11093139648438,728600
2014-08-12,121.97000122070312,122.91999816894531,118.94999694824219,119.66999816894531,98.38442993164062,382800
2014-08-13,117.9000015258789,117.91000366210938,113.94999694824219,115.37999725341797,94.85753631591797,1148800
2014-08-14,115.33000183105469,117.25,113.30000305175781,115.5999984741211,95.03840637207031,646200
2014-08-15,109.36000061035156,113.2699966430664,104.81999969482422,106.11000061035156,87.23636627197266,2212100
2014-08-18,106.26000213623047,109.3499984741211,105.19000244140625,108.55999755859375,89.25057220458984,1319400
2014-08-19,108.5999984741211,110.83999633789062,108.02999877929688,110.2300033569336,90.62353515625,712400
2014-08-20,110.02999877929688,113.56999969482422,109.13999938964844,113.0199966430664,92.91727447509766,765300
2014-08-21,112.73999786376953,113.83999633789062,111.69000244140625,113.43000030517578,93.25435638427734,689000
2014-08-22,113.05000305175781,113.5,112.37000274658203,113.08999633789062,92.97482299804688,435900
2014-08-25,113.16000366210938,114.16999816894531,113.16000366210938,113.87999725341797,93.62430572509766,334400
2014-08-26,113.69999694824219,115.54000091552734,113.58999633789062,114.52999877929688,94.15869140625,500000
2014-08-27,114.54000091552734,115.48999786376953,114.45999908447266,115.06999969482422,94.60264587402344,344100
2014-08-28,114.6500015258789,115.30999755859375,112.98999786376953,114.83999633789062,94.4135513305664,344400
2014-08-29,114.91999816894531,115.18000030517578,113.68000030517578,114.31999969482422,93.98603820800781,335900
2014-09-02,114.75,115.08000183105469,113.1500015258789,113.29000091552734,93.13927459716797,615600
2014-09-03,113.41999816894531,113.70999908447266,112.55000305175781,113.4000015258789,93.22969055175781,550400
2014-09-04,113.98999786376953,114.4000015258789,113.55000305175781,114.26000213623047,93.93671417236328,475700
2014-09-05,113.37999725341797,114.80000305175781,112.30000305175781,114.51000213623047,94.14225006103516,292100
2014-09-08,114.58000183105469,114.79000091552734,112.4000015258789,113.30999755859375,93.15570831298828,402400
2014-09-09,112.94999694824219,114.8499984741211,112.80000305175781,114.04000091552734,93.75584411621094,499500
2014-09-10,114.04000091552734,114.22000122070312,112.2300033569336,113.20999908447266,93.07350158691406,375600
2014-09-11,113.11000061035156,115.05000305175781,112.7300033569336,114.7300033569336,94.32313537597656,378600
2014-09-12,114.41000366210938,115.41999816894531,113.56999969482422,113.94000244140625,93.67364501953125,433200
2014-09-15,113.81999969482422,114.33000183105469,113.05999755859375,114.11000061035156,93.81343841552734,228100
2014-09-16,114.0,115.56999969482422,113.30000305175781,115.54000091552734,94.98905944824219,298700
2014-09-17,115.8499984741211,116.29000091552734,114.9000015258789,115.51000213623047,94.96441650390625,338000
2014-09-18,115.7300033569336,116.81999969482422,115.36000061035156,116.41000366210938,95.70431518554688,439200
2014-09-19,117.16999816894531,117.45999908447266,115.58999633789062,115.95999908447266,95.3343505859375,562800
2014-09-22,115.95999908447266,115.95999908447266,113.26000213623047,113.37999725341797,93.21324920654297,425800
2014-09-23,112.94999694824219,113.4800033569336,111.47000122070312,111.55000305175781,91.70874786376953,467700
2014-09-24,111.6500015258789,114.16000366210938,111.6500015258789,114.0999984741211,93.80518341064453,307800
2014-09-25,113.33999633789062,114.26000213623047,110.77999877929688,111.0199966430664,91.27301025390625,522800
2014-09-26,111.4000015258789,112.58999633789062,111.16000366210938,112.41000366210938,92.46576690673828,316900
2014-09-29,111.38999938964844,113.22000122070312,110.58999633789062,112.51000213623047,92.54801940917969,280300
2014-09-30,112.45999908447266,112.55000305175781,108.81999969482422,108.9800033569336,89.64433288574219,750400
2014-10-01,108.77999877929688,108.80000305175781,106.0199966430664,106.19999694824219,87.35755920410156,661800
2014-10-02,106.30000305175781,107.12999725341797,105.51000213623047,106.91999816894531,87.9498062133789,490900
2014-10-03,107.04000091552734,109.0199966430664,107.0199966430664,108.5,89.24951934814453,631900
2014-10-06,108.66999816894531,108.66999816894531,105.83999633789062,105.87000274658203,87.08611297607422,524100
2014-10-07,104.79000091552734,105.12000274658203,103.13999938964844,103.83999633789062,85.4162826538086,501400
2014-10-08,104.30000305175781,104.95999908447266,100.41000366210938,104.62999725341797,86.06611633300781,783800
2014-10-09,103.87999725341797,104.36000061035156,100.75,100.83999633789062,82.94853210449219,598200
2014-10-10,100.93000030517578,103.83000183105469,100.54000091552734,101.48999786376953,83.48321533203125,678600
2014-10-13,100.98999786376953,102.33999633789062,100.22000122070312,100.45999908447266,82.63597106933594,563500
2014-10-14,100.95999908447266,104.2699966430664,100.31999969482422,102.7300033569336,84.50321960449219,561100
2014-10-15,101.25,104.4000015258789,100.0,103.1500015258789,84.84868621826172,931600
2014-10-16,102.30000305175781,105.0,101.0999984741211,103.23999786376953,84.92273712158203,667200
2014-10-17,104.20999908447266,105.0,102.02999877929688,102.06999969482422,83.96031188964844,594100
2014-10-20,102.36000061035156,105.08999633789062,101.31999969482422,104.94999694824219,86.32935333251953,491600
2014-10-21,105.41999816894531,107.91999816894531,105.41999816894531,107.4000015258789,88.34464263916016,481200
2014-10-22,107.58000183105469,107.87999725341797,105.48999786376953,105.55000305175781,86.82290649414062,457700
2014-10-23,106.52999877929688,109.0199966430664,106.33999633789062,108.05000305175781,88.87934112548828,400300
2014-10-24,107.9000015258789,107.95999908447266,106.0,107.18000030517578,88.16368103027344,237300
2014-10-27,106.7699966430664,107.41000366210938,105.11000061035156,106.77999877929688,87.83464050292969,215200
2014-10-28,106.19999694824219,106.30000305175781,104.4000015258789,105.0,86.37046813964844,455100
2014-10-29,105.0199966430664,106.16999816894531,102.87000274658203,103.44999694824219,85.09547424316406,469000
2014-10-30,103.23999786376953,105.79000091552734,102.58999633789062,105.0,86.37046813964844,316900
2014-10-31,106.12999725341797,107.04000091552734,104.83999633789062,105.76000213623047,86.99563598632812,355200
2014-11-03,105.91999816894531,108.30000305175781,105.76000213623047,108.1500015258789,88.96160125732422,563000
2014-11-04,107.93000030517578,107.93000030517578,104.87000274658203,105.77999877929688,87.01207733154297,471900
2014-11-05,106.6500015258789,107.41000366210938,105.43000030517578,105.9000015258789,87.11078643798828,421300
2014-11-06,105.7300033569336,109.3499984741211,105.11000061035156,108.75,89.45515441894531,547900
2014-11-07,108.33000183105469,112.26000213623047,108.05000305175781,110.7300033569336,91.08383178710938,866600
2014-11-10,110.05999755859375,110.43000030517578,108.08999633789062,108.38999938964844,89.15899658203125,504100
2014-11-11,107.83999633789062,107.95999908447266,105.26000213623047,105.43000030517578,86.72418212890625,1026800
2014-11-12,105.66000366210938,109.73999786376953,105.5,109.41000366210938,89.998046875,1070400
2014-11-13,109.0,116.43000030517578,107.4800033569336,112.76000213623047,92.75366973876953,1763800
2014-11-14,113.25,113.98999786376953,110.83999633789062,111.79000091552734,91.95574188232422,1712800
2014-11-17,111.75,112.43000030517578,109.4000015258789,109.81999969482422,90.33526611328125,416400
2014-11-18,109.12000274658203,110.58000183105469,107.25,109.58999633789062,90.14608764648438,2727000
2014-11-19,109.55999755859375,111.30000305175781,109.44999694824219,110.76000213623047,91.10851287841797,359800
2014-11-20,111.08999633789062,124.4000015258789,111.08999633789062,121.04000091552734,99.56460571289062,4476700
2014-11-21,119.1500015258789,120.98999786376953,116.58000183105469,118.7699966430664,97.69733428955078,1505800
2014-11-24,118.26000213623047,121.63999938964844,118.1500015258789,120.43000030517578,99.06282043457031,901500
2014-11-25,121.01000213623047,122.33999633789062,118.62999725341797,118.86000061035156,97.77136993408203,728800
2014-11-26,119.1500015258789,119.88999938964844,117.68000030517578,118.33000183105469,97.33541107177734,466900
2014-11-28,118.08999633789062,120.0,117.77999877929688,117.87999725341797,96.96522521972656,429300
2014-12-01,117.4000015258789,117.4000015258789,114.63999938964844,116.63999938964844,95.94523620605469,719000
2014-12-02,116.55999755859375,116.77999877929688,114.76000213623047,114.9800033569336,94.57980346679688,957400
2014-12-03,114.5999984741211,118.0199966430664,114.58999633789062,116.81999969482422,96.09332275390625,634700
2014-12-04,116.33000183105469,117.08000183105469,113.9000015258789,116.18000030517578,95.5668716430664,997700
2014-12-05,115.88999938964844,116.98999786376953,115.22000122070312,116.31999969482422,95.68202209472656,462500
2014-12-08,116.5999984741211,118.38999938964844,115.26000213623047,115.77999877929688,95.23783874511719,617800
2014-12-09,114.13999938964844,115.23999786376953,113.45999908447266,114.97000122070312,94.57156372070312,499100
2014-12-10,114.91000366210938,115.25,111.88999938964844,113.13999938964844,93.06623077392578,460200
2014-12-11,114.62999725341797,117.33999633789062,112.88999938964844,113.23999786376953,93.14847564697266,511000
2014-12-12,112.36000061035156,115.93000030517578,112.33000183105469,113.83999633789062,93.64202880859375,592000
2014-12-15,115.11000061035156,116.98999786376953,113.0,116.44999694824219,95.78895568847656,949800
2014-12-16,115.72000122070312,116.47000122070312,113.36000061035156,113.58999633789062,93.43638610839844,617100
2014-12-17,113.97000122070312,116.41000366210938,113.30000305175781,115.75,95.21315002441406,642400
2014-12-18,117.62999725341797,119.9000015258789,116.01000213623047,119.02999877929688,97.91120910644531,562700
2014-12-19,119.44999694824219,119.6500015258789,115.19999694824219,115.66000366210938,95.13910675048828,593400
2014-12-22,115.62000274658203,116.80000305175781,113.83000183105469,116.68000030517578,95.97814178466797,426000
2014-12-23,119.0199966430664,123.83000183105469,118.93000030517578,122.0,100.354248046875,1508500
2014-12-24,122.23999786376953,124.36000061035156,121.66000366210938,122.52999877929688,100.79022216796875,419000
2014-12-26,122.98999786376953,123.81999969482422,121.19999694824219,122.01000213623047,100.36248016357422,478700
2014-12-29,122.06999969482422,126.05000305175781,122.06999969482422,125.80999755859375,103.5391616821289,684200
2014-12-30,126.0,126.83000183105469,123.63999938964844,124.20999908447266,102.22240447998047,439200
2014-12-31,124.61000061035156,126.55000305175781,124.11000061035156,125.18000030517578,103.02071380615234,324100
2015-01-02,125.44000244140625,126.37999725341797,120.58000183105469,121.79000091552734,100.23080444335938,384200
2015-01-05,121.13999938964844,122.5999984741211,120.5,121.06999969482422,99.63825988769531,234800
2015-01-06,121.22000122070312,122.26000213623047,117.58999633789062,118.08000183105469,97.17755889892578,592100
2015-01-07,120.5999984741211,123.0199966430664,120.41000366210938,122.76000213623047,101.02909088134766,971300
2015-01-08,124.30999755859375,124.51000213623047,121.79000091552734,123.11000061035156,101.31714630126953,860200
2015-01-09,122.61000061035156,122.7300033569336,120.12999725341797,120.43000030517578,99.11155700683594,483200
2015-01-12,120.68000030517578,121.55999755859375,119.56999969482422,120.80000305175781,99.4160385131836,381500
2015-01-13,122.3499984741211,123.66999816894531,119.37999725341797,120.19999694824219,98.9222412109375,449800
2015-01-14,118.12000274658203,119.08999633789062,116.69000244140625,118.9800033569336,97.91824340820312,333400
2015-01-15,119.30999755859375,119.87000274658203,114.2300033569336,114.43000030517578,94.17367553710938,679400
2015-01-16,114.69999694824219,116.2699966430664,113.0,116.19999694824219,95.63032531738281,492400
2015-01-20,116.16000366210938,116.95999908447266,113.05000305175781,113.77999877929688,93.63873291015625,325700
2015-01-21,113.80000305175781,114.75,113.44000244140625,114.69999694824219,94.3958740234375,234300
2015-01-22,115.1500015258789,116.30999755859375,114.37999725341797,115.93000030517578,95.40814208984375,434800
2015-01-23,116.05999755859375,116.56999969482422,115.44000244140625,115.93000030517578,95.40814208984375,691500
2015-01-26,116.04000091552734,118.08999633789062,115.01000213623047,118.04000091552734,97.1446304321289,206800
2015-01-27,116.7699966430664,117.83999633789062,115.8499984741211,117.5,96.7002182006836,179700
2015-01-28,117.91000366210938,118.97000122070312,115.05000305175781,115.4000015258789,94.9719467163086,221300
2015-01-29,115.9800033569336,116.91000366210938,114.47000122070312,116.30999755859375,95.72087860107422,218000
2015-01-30,115.80000305175781,116.20999908447266,113.02999877929688,113.5999984741211,93.49058532714844,273100
2015-02-02,114.11000061035156,114.77999877929688,111.55000305175781,114.77999877929688,94.4616928100586,245700
2015-02-03,115.61000061035156,117.5,113.94000244140625,117.44000244140625,96.65084838867188,342700
2015-02-04,117.29000091552734,118.73999786376953,116.41000366210938,118.05000305175781,97.15286254882812,346800
2015-02-05,118.26000213623047,119.97000122070312,117.26000213623047,119.0,97.93470001220703,392100
2015-02-06,119.05000305175781,119.05000305175781,117.6500015258789,118.16999816894531,97.2516098022461,312600
2015-02-09,118.0999984741211,119.94999694824219,117.08000183105469,119.19000244140625,98.09105682373047,344500
2015-02-10,119.62999725341797,120.41999816894531,118.91000366210938,119.9000015258789,98.67535400390625,349600
2015-02-11,119.86000061035156,120.94999694824219,119.5199966430664,120.04000091552734,98.79059600830078,342800
2015-02-12,121.29000091552734,121.52999877929688,119.54000091552734,120.44999694824219,99.12802124023438,281600
2015-02-13,120.20999908447266,121.63999938964844,120.12999725341797,121.1500015258789,99.70411682128906,428800
2015-02-17,121.41000366210938,121.88999938964844,120.7300033569336,121.86000061035156,100.28841400146484,315200
2015-02-18,121.2699966430664,122.19999694824219,121.16000366210938,121.61000061035156,100.08268737792969,311600
2015-02-19,121.61000061035156,122.13999938964844,121.0199966430664,121.4000015258789,99.90985107421875,288800
2015-02-20,121.16999816894531,123.12000274658203,120.44999694824219,122.7300033569336,101.00443267822266,531300
2015-02-23,123.22000122070312,123.9800033569336,122.18000030517578,123.48999786376953,101.6298828125,551800
2015-02-24,125.87999725341797,129.30999755859375,124.93000030517578,126.75,104.31282043457031,1605200
2015-02-25,127.23999786376953,130.6300048828125,126.75,129.17999267578125,106.3126449584961,867700
2015-02-26,129.33999633789062,130.63999938964844,128.67999267578125,130.0,106.98748779296875,544100
2015-02-27,129.82000732421875,131.24000549316406,129.63999938964844,130.16000366210938,107.11914825439453,409000
2015-03-02,130.4600067138672,130.5399932861328,129.4600067138672,130.0,106.98748779296875,415200
2015-03-03,130.74000549316406,131.75,129.57000732421875,131.52999877929688,108.24666595458984,517100
2015-03-04,131.3699951171875,132.6199951171875,130.1199951171875,131.32000732421875,108.07382202148438,543900
2015-03-05,131.38999938964844,132.5,130.6999969482422,131.5500030517578,108.26310729980469,291600
2015-03-06,131.35000610351562,132.74000549316406,131.35000610351562,131.9499969482422,108.59228515625,411600
2015-03-09,131.64999389648438,132.08999633789062,130.33999633789062,130.69000244140625,107.5553207397461,434900
2015-03-10,129.24000549316406,131.0,129.19000244140625,129.67999267578125,106.7240982055664,564500
2015-03-11,130.0,131.1300048828125,129.94000244140625,130.27999877929688,107.21791076660156,577800
2015-03-12,130.5399932861328,131.32000732421875,129.39999389648438,130.63999938964844,107.51416778564453,392200
2015-03-13,130.64999389648438,132.4199981689453,130.64999389648438,131.92999267578125,108.57579803466797,332500
2015-03-16,132.16000366210938,132.72999572753906,131.25999450683594,131.69000244140625,108.37832641601562,357200
2015-03-17,131.82000732421875,134.91000366210938,131.3800048828125,134.72000122070312,110.87195587158203,428300
2015-03-18,133.9600067138672,134.83999633789062,132.3800048828125,134.32000732421875,110.54277038574219,283000
2015-03-19,134.0800018310547,136.83999633789062,133.60000610351562,136.6199951171875,112.43558502197266,273000
2015-03-20,137.07000732421875,138.10000610351562,136.05999755859375,137.11000061035156,112.83885955810547,400500
2015-03-23,137.11000061035156,138.39999389648438,136.27000427246094,136.83999633789062,112.61669158935547,565400
2015-03-24,136.63999938964844,137.35000610351562,135.7100067138672,136.74000549316406,112.53436279296875,251400
2015-03-25,136.4199981689453,137.13999938964844,133.50999450683594,133.67999267578125,110.01604461669922,542600
2015-03-26,133.2899932861328,134.6300048828125,131.97000122070312,134.07000732421875,110.33700561523438,350900
2015-03-27,133.66000366210938,136.58999633789062,132.89999389648438,135.41000366210938,111.48968505859375,423600
2015-03-30,136.3300018310547,137.66000366210938,135.4199981689453,137.07000732421875,112.85652160644531,372600
2015-03-31,135.69000244140625,137.9499969482422,135.47999572753906,136.50999450683594,112.3953628540039,556200
2015-04-01,136.6699981689453,139.5399932861328,136.33999633789062,137.8800048828125,113.52338409423828,370400
2015-04-02,138.08999633789062,139.22999572753906,137.24000549316406,137.86000061035156,113.50691986083984,297700
2015-04-06,137.0399932861328,138.8699951171875,136.64999389648438,138.0399932861328,113.65513610839844,273500
2015-04-07,138.52000427246094,139.4600067138672,137.44000244140625,137.75999450683594,113.42456817626953,326100
2015-04-08,137.64999389648438,140.85000610351562,137.64999389648438,140.7100067138672,115.85344696044922,373200
2015-04-09,140.4600067138672,141.39999389648438,139.69000244140625,139.77000427246094,115.07950592041016,249200
2015-04-10,140.22999572753906,142.82000732421875,139.86000061035156,142.22000122070312,117.09671783447266,321300
2015-04-13,141.7100067138672,144.2100067138672,141.52000427246094,141.6199951171875,116.60265350341797,334400
2015-04-14,141.36000061035156,141.7100067138672,138.5800018310547,139.6999969482422,115.0218276977539,324200
2015-04-15,140.17999267578125,141.16000366210938,138.13999938964844,138.22999572753906,113.81156158447266,300100
2015-04-16,138.44000244140625,139.77000427246094,138.02000427246094,138.22999572753906,113.81156158447266,217200
2015-04-17,138.11000061035156,138.11000061035156,134.69000244140625,134.88999938964844,111.06153869628906,283500
2015-04-20,135.55999755859375,136.99000549316406,135.0,136.5500030517578,112.42830657958984,299700
2015-04-21,136.8800048828125,137.1300048828125,135.52000427246094,136.77999877929688,112.6176986694336,284700
2015-04-22,136.74000549316406,136.74000549316406,134.9199981689453,136.44000244140625,112.33771514892578,249800
2015-04-23,136.13999938964844,138.9199981689453,135.57000732421875,137.85000610351562,113.49866485595703,248400
2015-04-24,138.25999450683594,138.25999450683594,136.13999938964844,136.52999877929688,112.41185760498047,236100
2015-04-27,136.7100067138672,137.17999267578125,133.24000549316406,133.60000610351562,109.99943542480469,273800
2015-04-28,133.16000366210938,134.2899932861328,131.75999450683594,133.22999572753906,109.69477844238281,395900
2015-04-29,132.27999877929688,133.1300048828125,130.9499969482422,131.6199951171875,108.36922454833984,278800
2015-04-30,131.42999267578125,132.5500030517578,130.2100067138672,131.58999633789062,108.34452056884766,301300
2015-05-01,131.9199981689453,133.77999877929688,131.82000732421875,133.3800048828125,109.81829071044922,236600
2015-05-04,133.57000732421875,133.9199981689453,131.05999755859375,131.07000732421875,107.91638946533203,366400
2015-05-05,131.47999572753906,131.47999572753906,126.4800033569336,126.75,104.35951232910156,671400
2015-05-06,127.31999969482422,128.2899932861328,125.45999908447266,126.58999633789062,104.22775268554688,587800
2015-05-07,126.5999984741211,129.5500030517578,126.20999908447266,128.80999755859375,106.05560302734375,370000
2015-05-08,129.80999755859375,130.9499969482422,128.72999572753906,129.77999877929688,106.85421752929688,276500
2015-05-11,129.85000610351562,130.9199981689453,129.1199951171875,129.5500030517578,106.66484832763672,318300
2015-05-12,129.08999633789062,129.52000427246094,127.05000305175781,127.91000366210938,105.3145751953125,406300
2015-05-13,127.37999725341797,128.3800048828125,125.52999877929688,126.54000091552734,104.18659973144531,360400
2015-05-14,126.16999816894531,126.54000091552734,121.66999816894531,124.19999694824219,102.25997161865234,974700
2015-05-15,118.62000274658203,120.0,112.30000305175781,115.45999908447266,95.06388092041016,2584300
2015-05-18,115.61000061035156,117.41999816894531,114.13999938964844,117.19999694824219,96.49650573730469,1273500
2015-05-19,118.04000091552734,118.80000305175781,117.4800033569336,117.87999725341797,97.0563735961914,718200
2015-05-20,118.1500015258789,119.13999938964844,116.44000244140625,117.12000274658203,96.43065643310547,514600
2015-05-21,117.0,118.16999816894531,116.8499984741211,117.2300033569336,96.52120971679688,401200
2015-05-22,116.75,117.63999938964844,116.58999633789062,116.98999786376953,96.3236083984375,251800
2015-05-26,116.16999816894531,117.19999694824219,115.83000183105469,115.8499984741211,95.38497924804688,438000
2015-05-27,116.47000122070312,116.94000244140625,114.95999908447266,115.5,95.09681701660156,512700
2015-05-28,115.7699966430664,116.18000030517578,114.55999755859375,114.98999786376953,94.67693328857422,473600
2015-05-29,115.37999725341797,116.52999877929688,114.91000366210938,116.01000213623047,95.51671600341797,594000
2015-06-01,116.41000366210938,117.11000061035156,115.62999725341797,115.91999816894531,95.44261932373047,428600
2015-06-02,115.68000030517578,117.5,115.02999877929688,116.55999755859375,95.96957397460938,516200
2015-06-03,116.5999984741211,117.91000366210938,116.1500015258789,117.19000244140625,96.48827362060547,511400
2015-06-04,114.18000030517578,116.12000274658203,112.95999908447266,113.22000122070312,93.2195816040039,875900
2015-06-05,113.5999984741211,114.19000244140625,110.62999725341797,110.97000122070312,91.36705017089844,763600
2015-06-08,110.94000244140625,111.30000305175781,108.18000030517578,108.25,89.12753295898438,1183100
2015-06-09,108.44999694824219,110.45999908447266,107.63999938964844,107.63999938964844,88.62528991699219,1000000
2015-06-10,108.56999969482422,109.12999725341797,107.98999786376953,108.69000244140625,89.48981475830078,624700
2015-06-11,109.06999969482422,110.08000183105469,107.26000213623047,107.30000305175781,88.34532928466797,689700
2015-06-12,107.26000213623047,108.45999908447266,106.83000183105469,107.48999786376953,88.50177764892578,550900
2015-06-15,106.8499984741211,107.48999786376953,106.41999816894531,107.08999633789062,88.17242431640625,545200
2015-06-16,107.4800033569336,108.05999755859375,106.69999694824219,106.77999877929688,87.91719818115234,364400
2015-06-17,107.19000244140625,108.0,106.81999969482422,107.30000305175781,88.34532928466797,396900
2015-06-18,107.41000366210938,108.5199966430664,106.97000122070312,107.87000274658203,88.81466674804688,375500
2015-06-19,107.51000213623047,109.25,107.51000213623047,108.33000183105469,89.19339752197266,474800
2015-06-22,108.66000366210938,109.66000366210938,108.58999633789062,108.98999786376953,89.73681640625,390200
2015-06-23,109.3499984741211,110.66000366210938,109.05999755859375,109.44999694824219,90.11556243896484,345300
2015-06-24,109.31999969482422,110.79000091552734,108.93000030517578,109.5,90.15672302246094,285300
2015-06-25,109.55999755859375,110.26000213623047,107.08000183105469,107.69999694824219,88.6747055053711,533200
2015-06-26,107.98999786376953,108.79000091552734,107.5999984741211,108.19000244140625,89.1277847290039,824500
2015-06-29,107.12000274658203,108.01000213623047,104.87000274658203,105.05999755859375,86.54927825927734,596600
2015-06-30,105.66000366210938,105.87000274658203,105.13999938964844,105.19000244140625,86.6563720703125,1090800
2015-07-01,105.30000305175781,106.52999877929688,103.98999786376953,106.38999938964844,87.64494323730469,470700
2015-07-02,106.75,108.43000030517578,106.0199966430664,106.29000091552734,87.56254577636719,400200
2015-07-06,105.7699966430664,107.0,105.0199966430664,105.87999725341797,87.22480773925781,547000
2015-07-07,104.25,105.41000366210938,103.01000213623047,104.62999725341797,86.19501495361328,804700
2015-07-08,103.5999984741211,103.94999694824219,100.80999755859375,101.29000091552734,83.44352722167969,611900
2015-07-09,102.4000015258789,102.72000122070312,100.94000244140625,101.0,83.2046127319336,705100
2015-07-10,102.12999725341797,103.08000183105469,101.73999786376953,102.0999984741211,84.11079406738281,370200
2015-07-13,102.86000061035156,104.61000061035156,102.23999786376953,104.19999694824219,85.84078979492188,428100
2015-07-14,103.75,104.37000274658203,103.11000061035156,103.5,85.26411437988281,361900
2015-07-15,103.80999755859375,108.69999694824219,102.51000213623047,106.33000183105469,87.59548950195312,937700
2015-07-16,106.05999755859375,106.52999877929688,103.33999633789062,105.44000244140625,86.86231994628906,724200
2015-07-17,104.93000030517578,105.83000183105469,104.1500015258789,104.27999877929688,85.90670776367188,432000
2015-07-20,104.37000274658203,104.83999633789062,103.37999725341797,103.5999984741211,85.34650421142578,297000
2015-07-21,103.70999908447266,105.04000091552734,102.52999877929688,102.88999938964844,84.7616195678711,291500
2015-07-22,102.97000122070312,104.16999816894531,102.12000274658203,102.70999908447266,84.61331176757812,282400
2015-07-23,103.1500015258789,103.62000274658203,100.31999969482422,100.38999938964844,82.70207977294922,301200
2015-07-24,100.11000061035156,101.41000366210938,98.88999938964844,99.11000061035156,81.64761352539062,520500
2015-07-27,98.68000030517578,99.97000122070312,98.11000061035156,99.19999694824219,81.72176361083984,279900
2015-07-28,99.5,100.0,98.75,99.0,81.55699157714844,473900
2015-07-29,98.76000213623047,100.16999816894531,98.75,100.16000366210938,82.51261138916016,763500
2015-07-30,99.77999877929688,102.06999969482422,99.08000183105469,101.70999908447266,83.78950500488281,384000
2015-07-31,101.69000244140625,102.55000305175781,100.88999938964844,101.87999725341797,83.92955780029297,341900
2015-08-03,101.69999694824219,102.16999816894531,100.02999877929688,100.70999908447266,82.9656753540039,442400
2015-08-04,100.5,101.37000274658203,99.37999725341797,100.29000091552734,82.61969757080078,470200
2015-08-05,100.75,102.22000122070312,100.3499984741211,100.75,82.9986572265625,427300
2015-08-06,101.01000213623047,101.01000213623047,98.83000183105469,100.29000091552734,82.61969757080078,375400
2015-08-07,99.45999908447266,99.93000030517578,97.13999938964844,97.66999816894531,80.46131896972656,595600
2015-08-10,97.0199966430664,99.33000183105469,95.55000305175781,98.2300033569336,80.92266082763672,554000
2015-08-11,96.97000122070312,97.58000183105469,95.87999725341797,96.87000274658203,79.80231475830078,718500
2015-08-12,95.69999694824219,96.20999908447266,93.72000122070312,94.80000305175781,78.09701538085938,1047400
2015-08-13,101.6500015258789,103.08999633789062,95.52999877929688,97.02999877929688,79.93408966064453,2020300
2015-08-14,97.05000305175781,98.51000213623047,96.5199966430664,97.08000183105469,79.97530364990234,828700
2015-08-17,96.8499984741211,97.13999938964844,95.0,96.9800033569336,79.89289093017578,668800
2015-08-18,96.88999938964844,97.80999755859375,95.93000030517578,97.72000122070312,80.50253295898438,584800
2015-08-19,97.20999908447266,97.88999938964844,95.75,96.69999694824219,79.6622314453125,517300
2015-08-20,96.0999984741211,96.63999938964844,94.76000213623047,94.88999938964844,78.17115783691406,434700
2015-08-21,93.62000274658203,95.72000122070312,91.51000213623047,92.5,76.20222473144531,788300
2015-08-24,89.37000274658203,92.8499984741211,89.37000274658203,91.2300033569336,75.156005859375,960700
2015-08-25,92.06999969482422,93.63999938964844,90.62000274658203,90.66999816894531,74.69467163085938,860500
2015-08-26,92.58999633789062,94.61000061035156,91.54000091552734,94.4800033569336,77.83338165283203,582500
2015-08-27,95.0,95.75,93.13999938964844,94.41000366210938,77.77571105957031,497000
2015-08-28,94.44999694824219,94.73999786376953,92.25,92.73999786376953,76.39994812011719,939900
2015-08-31,92.52999877929688,93.80000305175781,91.5999984741211,92.51000213623047,76.21047973632812,607900
2015-09-01,90.79000091552734,92.33000183105469,89.54000091552734,89.97000122070312,74.1180191040039,544600
2015-09-02,90.80000305175781,91.97000122070312,90.12000274658203,91.9000015258789,75.70796203613281,475400
2015-09-03,92.19999694824219,93.97000122070312,91.87000274658203,92.91000366210938,76.5400161743164,411400
2015-09-04,92.08000183105469,93.37999725341797,92.08000183105469,92.8499984741211,76.49058532714844,380100
2015-09-08,93.81999969482422,94.0,92.33999633789062,92.8499984741211,76.49058532714844,422500
2015-09-09,93.41999816894531,94.19999694824219,92.2300033569336,92.33000183105469,76.06219482421875,635500
2015-09-10,92.04000091552734,93.70999908447266,91.33000183105469,92.5999984741211,76.28462982177734,482000
2015-09-11,91.91999816894531,93.0199966430664,91.48999786376953,92.23999786376953,75.98804473876953,251800
2015-09-14,92.25,92.81999969482422,91.0999984741211,91.76000213623047,75.59262084960938,295600
2015-09-15,92.0999984741211,92.98999786376953,91.41999816894531,92.01000213623047,75.7985610961914,500900
2015-09-16,92.2699966430664,94.25,92.0,93.44999694824219,76.98484802246094,488300
2015-09-17,93.45999908447266,94.3499984741211,92.16000366210938,92.30000305175781,76.0374755859375,251900
2015-09-18,91.55000305175781,92.4800033569336,89.3499984741211,89.87000274658203,74.03564453125,740300
2015-09-21,90.4800033569336,91.7300033569336,89.8499984741211,90.05999755859375,74.19216918945312,312900
2015-09-22,89.38999938964844,90.75,88.66000366210938,90.05999755859375,74.19216918945312,466100
2015-09-23,90.44000244140625,91.30000305175781,90.19000244140625,90.44000244140625,74.50520324707031,296300
2015-09-24,89.94000244140625,90.43000030517578,89.44999694824219,90.06999969482422,74.20037841796875,574000
2015-09-25,90.7300033569336,90.97000122070312,89.62999725341797,89.75,73.936767578125,339200
2015-09-28,89.16000366210938,90.0199966430664,87.0199966430664,87.13999938964844,71.84264373779297,318500
2015-09-29,87.0,88.7300033569336,86.48999786376953,87.0,71.72724151611328,510900
2015-09-30,88.05000305175781,88.58999633789062,86.8499984741211,87.38999938964844,72.04877471923828,694400
2015-10-01,87.13999938964844,89.0999984741211,86.44000244140625,88.16000366210938,72.68360900878906,517700
2015-10-02,87.58999633789062,90.2300033569336,85.61000061035156,90.12999725341797,74.30778503417969,484800
2015-10-05,90.4000015258789,92.30999755859375,90.3499984741211,91.94000244140625,75.80004119873047,380300
2015-10-06,91.66000366210938,92.12000274658203,90.01000213623047,90.52999877929688,74.63755798339844,720400
2015-10-07,91.04000091552734,92.08999633789062,90.33999633789062,91.4800033569336,75.4207763671875,312000
2015-10-08,91.87999725341797,94.02999877929688,90.81999969482422,93.7699966430664,77.30879211425781,353300
2015-10-09,93.70999908447266,94.11000061035156,91.13999938964844,91.25,75.23114776611328,463700
2015-10-12,91.4000015258789,91.77999877929688,90.18000030517578,90.91000366210938,74.95084381103516,247600
2015-10-13,90.58999633789062,91.06999969482422,89.30000305175781,89.45999908447266,73.7553939819336,308700
2015-10-14,89.5199966430664,90.11000061035156,87.55000305175781,88.7300033569336,73.15351104736328,337600
2015-10-15,88.97000122070312,90.95999908447266,88.2699966430664,90.75,74.81891632080078,350500
2015-10-16,91.01000213623047,92.80000305175781,90.51000213623047,92.70999908447266,76.43485260009766,496800
2015-10-19,92.58999633789062,93.5199966430664,92.23999786376953,93.30000305175781,76.92129516601562,426100
2015-10-20,92.87000274658203,93.91000366210938,92.86000061035156,93.45999908447266,77.05317687988281,406400
2015-10-21,93.86000061035156,94.12000274658203,91.87999725341797,92.11000061035156,75.94017028808594,420000
2015-10-22,92.27999877929688,92.83000183105469,90.6500015258789,91.29000091552734,75.2641372680664,283100
2015-10-23,91.13999938964844,91.98999786376953,87.25,88.58000183105469,73.02986907958984,637200
2015-10-26,88.5,88.87000274658203,87.0999984741211,88.47000122070312,72.93917846679688,371200
2015-10-27,88.20999908447266,88.31999969482422,86.12000274658203,88.12000274658203,72.650634765625,309800
2015-10-28,88.19999694824219,89.88999938964844,87.0199966430664,89.16000366210938,73.5080337524414,390800
2015-10-29,88.43000030517578,89.41000366210938,87.51000213623047,88.80999755859375,73.219482421875,344500
2015-10-30,89.01000213623047,90.30999755859375,88.52999877929688,89.4800033569336,73.77186584472656,344200
2015-11-02,89.13999938964844,89.36000061035156,86.61000061035156,88.54000091552734,72.99687194824219,372300
2015-11-03,88.70999908447266,91.22000122070312,88.26000213623047,89.86000061035156,74.08519744873047,376400
2015-11-04,89.86000061035156,89.86000061035156,88.33999633789062,88.91000366210938,73.30193328857422,238300
2015-11-05,89.19000244140625,89.98999786376953,88.1500015258789,89.55000305175781,73.82959747314453,295700
2015-11-06,89.44999694824219,89.9000015258789,87.4000015258789,89.33000183105469,73.64820861816406,364100
2015-11-09,88.87999725341797,89.48999786376953,84.8499984741211,87.0,71.72724151611328,610600
2015-11-10,86.86000061035156,89.45999908447266,85.88999938964844,89.13999938964844,73.4915542602539,952300
2015-11-11,87.08000183105469,87.36000061035156,81.66000366210938,81.9000015258789,67.52253723144531,1360300
2015-11-12,82.36000061035156,85.80999755859375,82.2300033569336,84.95999908447266,70.04537200927734,822000
2015-11-13,79.98999786376953,80.94000244140625,76.30000305175781,77.51000213623047,63.90317916870117,2237300
2015-11-16,68.05999755859375,73.37000274658203,68.05999755859375,72.5199966430664,59.7891960144043,3468400
2015-11-17,73.0,74.77999877929688,71.55999755859375,73.16000366210938,60.316829681396484,1647400
2015-11-18,72.83999633789062,75.5199966430664,72.83999633789062,75.48999786376953,62.237815856933594,1023700
2015-11-19,75.30999755859375,76.54000091552734,74.29000091552734,74.44999694824219,61.3803825378418,754500
2015-11-20,75.25,76.30000305175781,73.9800033569336,75.54000091552734,62.27903366088867,1140700
2015-11-23,75.2699966430664,79.5199966430664,74.77999877929688,77.69999694824219,64.0598373413086,1239300
2015-11-24,77.33000183105469,79.44999694824219,76.5199966430664,79.0,65.13162231445312,576100
2015-11-25,79.2300033569336,80.4000015258789,78.56999969482422,79.54000091552734,65.57682800292969,485900
2015-11-27,79.79000091552734,79.95999908447266,77.5,78.86000061035156,65.01622009277344,273800
2015-11-30,78.54000091552734,79.22000122070312,74.56999969482422,75.0,61.83383560180664,729100
2015-12-01,75.04000091552734,75.69000244140625,74.30999755859375,74.93000030517578,61.7761116027832,470100
2015-12-02,75.4000015258789,75.86000061035156,73.1500015258789,73.19000244140625,60.34157180786133,585300
2015-12-03,73.52999877929688,74.16000366210938,71.6500015258789,72.58000183105469,59.83866500854492,734800
2015-12-04,72.56999969482422,74.16000366210938,72.43000030517578,73.75,60.80327224731445,389000
2015-12-07,73.66000366210938,73.8499984741211,71.95999908447266,72.58000183105469,59.83866500854492,558600
2015-12-08,72.0,73.12999725341797,71.36000061035156,71.86000061035156,59.24503707885742,538300
2015-12-09,71.66000366210938,73.80999755859375,71.5,72.4800033569336,59.756248474121094,442600
2015-12-10,72.83000183105469,74.30999755859375,72.37999725341797,72.45999908447266,59.739723205566406,487700
2015-12-11,71.70999908447266,71.7699966430664,69.69999694824219,70.66000366210938,58.255714416503906,666800
2015-12-14,70.62000274658203,71.55000305175781,68.3499984741211,68.87999725341797,56.78819274902344,509100
2015-12-15,69.5199966430664,69.91000366210938,68.4800033569336,68.81999969482422,56.738739013671875,475300
2015-12-16,69.26000213623047,70.12000274658203,68.18000030517578,68.73999786376953,56.672760009765625,665600
2015-12-17,68.98999786376953,69.43000030517578,66.69000244140625,67.81999969482422,55.91425704956055,496500
2015-12-18,67.88999938964844,68.44999694824219,67.23999786376953,67.62000274658203,55.749366760253906,855100
2015-12-21,68.06999969482422,68.20999908447266,65.62999725341797,65.87000274658203,54.30659484863281,548800
2015-12-22,66.16999816894531,68.04000091552734,65.13999938964844,67.2300033569336,55.42783737182617,470000
2015-12-23,67.7300033569336,68.3499984741211,66.83000183105469,68.05000305175781,56.10388946533203,293100
2015-12-24,67.91999816894531,68.0199966430664,66.9000015258789,67.43000030517578,55.592716217041016,142000
2015-12-28,67.02999877929688,67.41999816894531,65.75,66.47000122070312,54.8012580871582,369400
2015-12-29,66.58999633789062,68.62999725341797,66.58999633789062,67.8499984741211,55.99798583984375,389900
2015-12-30,67.91999816894531,68.37999725341797,67.30000305175781,67.91000366210938,56.04750442504883,304600
2015-12-31,67.54000091552734,68.0,65.47000122070312,65.70999908447266,54.231788635253906,611400
2016-01-04,65.0999984741211,66.98999786376953,64.16000366210938,65.94999694824219,54.42987060546875,799900
2016-01-05,65.87000274658203,66.72000122070312,64.41999816894531,65.51000213623047,54.06671905517578,656100
2016-01-06,64.93000030517578,65.43000030517578,63.689998626708984,64.61000061035156,53.32392883300781,995600
2016-01-07,64.23999786376953,67.98999786376953,64.02999877929688,64.5999984741211,53.3156852722168,676000
2016-01-08,64.38999938964844,65.19999694824219,60.65999984741211,61.2400016784668,50.5426139831543,799400
2016-01-11,61.849998474121094,63.04999923706055,61.58000183105469,62.43000030517578,51.524742126464844,471400
2016-01-12,63.38999938964844,64.33000183105469,61.310001373291016,62.040000915527344,51.20286560058594,413600
2016-01-13,62.52000045776367,63.54999923706055,61.099998474121094,61.79999923706055,51.00479507446289,883700
2016-01-14,62.2599983215332,64.44999694824219,60.869998931884766,63.220001220703125,52.176734924316406,921700
2016-01-15,61.9900016784668,63.400001525878906,61.34000015258789,62.369998931884766,51.47521209716797,533600
2016-01-19,62.5,63.810001373291016,62.06999969482422,63.119998931884766,52.094215393066406,783400
2016-01-20,62.09000015258789,65.94999694824219,62.09000015258789,65.06999969482422,53.70357894897461,1021700
2016-01-21,64.97000122070312,67.86000061035156,64.66000366210938,67.19000244140625,55.45328140258789,1604900
2016-01-22,67.58999633789062,69.5999984741211,66.69999694824219,67.55999755859375,55.75862503051758,860600
2016-01-25,67.69999694824219,68.91999816894531,66.75,66.83999633789062,55.164405822753906,619300
2016-01-26,66.86000061035156,68.52999877929688,66.5199966430664,68.08999633789062,56.196044921875,509500
2016-01-27,67.88999938964844,69.7300033569336,67.38999938964844,69.06999969482422,57.004859924316406,626900
2016-01-28,69.0999984741211,69.94000244140625,68.61000061035156,69.08000183105469,57.01310348510742,631200
2016-01-29,69.22000122070312,70.87999725341797,68.83999633789062,70.41000366210938,58.11079025268555,638000
2016-02-01,70.04000091552734,70.58999633789062,68.66000366210938,70.12000274658203,57.871463775634766,703200
2016-02-02,70.5999984741211,71.87999725341797,68.7699966430664,69.66999816894531,57.50005340576172,580400
2016-02-03,69.5999984741211,71.30000305175781,68.27999877929688,70.9000015258789,58.51520538330078,607200
2016-02-04,68.79000091552734,71.36000061035156,68.55000305175781,69.62999725341797,57.46703338623047,529500
2016-02-05,69.72000122070312,70.63999938964844,68.55999755859375,69.68000030517578,57.50830841064453,530300
2016-02-08,68.2699966430664,68.94999694824219,66.13999938964844,68.4000015258789,56.451904296875,755400
2016-02-09,68.2699966430664,69.66000366210938,67.33000183105469,68.94000244140625,56.89756393432617,584300
2016-02-10,69.4800033569336,69.73999786376953,67.80000305175781,67.97000122070312,56.09700393676758,434700
2016-02-11,66.88999938964844,67.58000183105469,66.02999877929688,66.55999755859375,54.933311462402344,451700
2016-02-12,66.87000274658203,67.69000244140625,65.23999786376953,67.44000244140625,55.65959548950195,507600
2016-02-16,68.37999725341797,71.48999786376953,67.70999908447266,71.27999877929688,58.82883071899414,654000
2016-02-17,71.94000244140625,73.98999786376953,71.55000305175781,73.3499984741211,60.5372200012207,771900
2016-02-18,72.8499984741211,74.58000183105469,71.48999786376953,74.11000061035156,61.16447830200195,585200
2016-02-19,72.75,73.69000244140625,70.20999908447266,71.81999969482422,59.274513244628906,930800
2016-02-22,72.38999938964844,74.41999816894531,71.58999633789062,72.44999694824219,59.7944450378418,977600
2016-02-23,77.05999755859375,80.31999969482422,75.0,78.37000274658203,64.68035888671875,2638900
2016-02-24,77.80999755859375,80.43000030517578,77.62000274658203,80.29000091552734,66.26496887207031,1300300
2016-02-25,81.04000091552734,82.4800033569336,80.12999725341797,82.22000122070312,67.85783386230469,636100
2016-02-26,83.4800033569336,86.62000274658203,82.73999786376953,85.29000091552734,70.39155578613281,1083500
2016-02-29,82.8499984741211,84.9800033569336,82.8499984741211,83.69000244140625,69.071044921875,762600
2016-03-01,83.69000244140625,85.01000213623047,83.69000244140625,84.0199966430664,69.34341430664062,594900
2016-03-02,83.5999984741211,84.5999984741211,83.01000213623047,84.12000274658203,69.42595672607422,664000
2016-03-03,84.02999877929688,86.4800033569336,83.52999877929688,84.54000091552734,69.77257537841797,659000
2016-03-04,84.4800033569336,85.87999725341797,83.9000015258789,84.11000061035156,69.41767883300781,550100
2016-03-07,83.79000091552734,87.33999633789062,83.5199966430664,87.31999969482422,72.06694793701172,704600
2016-03-08,86.69000244140625,88.41999816894531,85.77999877929688,86.0,70.97752380371094,569900
2016-03-09,86.26000213623047,87.61000061035156,86.19000244140625,87.33000183105469,72.0751953125,490700
2016-03-10,88.0,88.58000183105469,86.36000061035156,86.98999786376953,71.7945785522461,554300
2016-03-11,87.45999908447266,88.23999786376953,86.3499984741211,86.98999786376953,71.7945785522461,476900
2016-03-14,85.79000091552734,86.81999969482422,84.66000366210938,84.68000030517578,69.88809204101562,690800
2016-03-15,84.54000091552734,85.36000061035156,82.27999877929688,83.6500015258789,69.03801727294922,531700
2016-03-16,83.5,84.29000091552734,82.33000183105469,83.33000183105469,68.77392578125,536500
2016-03-17,83.19000244140625,85.66999816894531,82.77999877929688,85.63999938964844,70.680419921875,611300
2016-03-18,85.83000183105469,87.91999816894531,85.83000183105469,87.73999786376953,72.4135971069336,706000
2016-03-21,87.72000122070312,88.45999908447266,85.77999877929688,85.77999877929688,70.79595184326172,343000
2016-03-22,85.66999816894531,86.76000213623047,83.69999694824219,83.69999694824219,69.07929229736328,358200
2016-03-23,83.55999755859375,83.81999969482422,81.5,82.66999816894531,68.22920989990234,453400
2016-03-24,82.76000213623047,83.8499984741211,80.94000244140625,81.66999816894531,67.40389251708984,478200
2016-03-28,81.77999877929688,85.41999816894531,81.77999877929688,84.1500015258789,69.45068359375,372700
2016-03-29,84.37000274658203,86.08000183105469,83.06999969482422,83.91000366210938,69.31028747558594,273100
2016-03-30,83.80999755859375,85.20999908447266,83.55000305175781,84.52999877929688,69.8224105834961,310200
2016-03-31,84.41000366210938,85.80000305175781,83.93000030517578,84.91000366210938,70.13629150390625,290000
2016-04-01,84.80999755859375,85.12000274658203,83.05999755859375,84.05999755859375,69.43416595458984,398500
2016-04-04,84.12000274658203,84.44999694824219,80.70999908447266,81.2300033569336,67.09657287597656,458900
2016-04-05,80.72000122070312,81.22000122070312,79.94000244140625,80.43000030517578,66.43576049804688,487100
2016-04-06,80.5999984741211,81.1500015258789,79.45999908447266,80.12000274658203,66.1797103881836,392100
2016-04-07,80.04000091552734,81.02999877929688,75.73999786376953,76.19999694824219,62.94176483154297,676800
2016-04-08,74.3499984741211,75.44999694824219,73.33999633789062,74.27999877929688,61.35582733154297,750200
2016-04-11,74.69000244140625,74.83000183105469,73.0,73.02999877929688,60.32331466674805,632700
2016-04-12,73.02999877929688,73.55999755859375,71.30999755859375,73.12000274658203,60.397640228271484,676400
2016-04-13,73.3499984741211,75.08000183105469,72.6500015258789,74.69999694824219,61.702754974365234,646000
2016-04-14,74.80000305175781,74.80000305175781,71.37999725341797,71.86000061035156,59.35688400268555,505000
2016-04-15,72.05999755859375,72.58999633789062,71.02999877929688,71.43000030517578,59.0016975402832,628800
2016-04-18,71.37999725341797,73.2300033569336,71.08000183105469,72.98999786376953,60.29027557373047,585100
2016-04-19,73.16000366210938,73.44999694824219,72.0199966430664,72.54000091552734,59.91856002807617,371700
2016-04-20,72.55999755859375,73.7300033569336,72.33000183105469,73.47000122070312,60.686767578125,334300
2016-04-21,73.83000183105469,74.83000183105469,72.33999633789062,72.51000213623047,59.89377975463867,351400
2016-04-22,72.62999725341797,73.0999984741211,71.73999786376953,71.93000030517578,59.41470718383789,267800
2016-04-25,71.66000366210938,71.86000061035156,70.76000213623047,71.1500015258789,58.77042770385742,361600
2016-04-26,71.16999816894531,71.7300033569336,70.88999938964844,71.55999755859375,59.109066009521484,458300
2016-04-27,71.36000061035156,73.22000122070312,70.91999816894531,72.58000183105469,59.95161819458008,332200
2016-04-28,72.20999908447266,73.9000015258789,72.20999908447266,72.51000213623047,59.89377975463867,300900
2016-04-29,72.54000091552734,72.72000122070312,70.06999969482422,70.44999694824219,58.192203521728516,379000
2016-05-02,70.91999816894531,72.08000183105469,69.94999694824219,71.41000366210938,58.98518371582031,318900
2016-05-03,71.25,71.7300033569336,69.83000183105469,70.61000061035156,58.32438659667969,337700
2016-05-04,70.41999816894531,71.12000274658203,68.51000213623047,69.02999877929688,57.019287109375,493700
2016-05-05,68.58999633789062,68.58999633789062,66.23999786376953,67.12999725341797,55.449851989746094,699300
2016-05-06,66.55000305175781,67.54000091552734,65.93000030517578,67.0999984741211,55.42509841918945,549100
2016-05-09,67.16999816894531,69.1500015258789,67.08999633789062,68.44000244140625,56.531951904296875,393700
2016-05-10,67.33999633789062,68.29000091552734,65.94000244140625,68.05000305175781,56.20979690551758,773700
2016-05-11,64.66999816894531,65.2300033569336,62.18000030517578,62.4900016784668,51.61720275878906,1360000
2016-05-12,61.880001068115234,62.68000030517578,59.849998474121094,60.63999938964844,50.089088439941406,1449400
2016-05-13,56.68000030517578,62.95000076293945,55.209999084472656,59.86000061035156,49.444793701171875,2892500
2016-05-16,59.939998626708984,60.04999923706055,58.2599983215332,58.279998779296875,48.13969421386719,1376200
2016-05-17,58.2400016784668,58.4900016784668,56.90999984741211,57.38999938964844,47.40454864501953,1013400
2016-05-18,56.90999984741211,57.380001068115234,55.650001525878906,55.84000015258789,46.12424850463867,777400
2016-05-19,56.13999938964844,56.63999938964844,54.369998931884766,55.45000076293945,45.80209732055664,1182600
2016-05-20,55.619998931884766,58.86000061035156,55.290000915527344,58.66999816894531,48.46184539794922,1337000
2016-05-23,59.040000915527344,60.5,57.91999816894531,57.97999954223633,47.891910552978516,747500
2016-05-24,57.869998931884766,59.08000183105469,57.52000045776367,58.66999816894531,48.46184539794922,678600
2016-05-25,58.29999923706055,60.22999954223633,58.220001220703125,60.060001373291016,49.609989166259766,542100
2016-05-26,60.470001220703125,61.2400016784668,60.040000915527344,60.439998626708984,49.92387008666992,606900
2016-05-27,60.58000183105469,61.15999984741211,59.9900016784668,61.0,50.386436462402344,398000
2016-05-31,61.060001373291016,61.43000030517578,58.5,59.11000061035156,48.82528305053711,554700
2016-06-01,59.11000061035156,59.95000076293945,58.65999984741211,59.25,48.94093322753906,345900
2016-06-02,59.29999923706055,61.689998626708984,59.290000915527344,61.2400016784668,50.58469772338867,631700
2016-06-03,61.02000045776367,61.869998931884766,60.75,61.560001373291016,50.84900665283203,334200
2016-06-06,61.72999954223633,62.0,60.220001220703125,60.689998626708984,50.13038635253906,330800
2016-06-07,60.560001373291016,61.86000061035156,60.119998931884766,61.470001220703125,50.7746696472168,394600
2016-06-08,61.0099983215332,61.88999938964844,60.65999984741211,61.34000015258789,50.66727828979492,345200
2016-06-09,61.27000045776367,61.279998779296875,58.75,59.79999923706055,49.395225524902344,354200
2016-06-10,58.560001373291016,58.599998474121094,57.790000915527344,58.099998474121094,47.991024017333984,497600
2016-06-13,58.0,58.27000045776367,57.29999923706055,57.380001068115234,47.396297454833984,519200
2016-06-14,57.45000076293945,57.79999923706055,56.459999084472656,56.75,46.87591552734375,448900
2016-06-15,56.869998931884766,59.290000915527344,56.869998931884766,57.099998474121094,47.16501998901367,844200
2016-06-16,57.20000076293945,57.61000061035156,56.099998474121094,56.459999084472656,46.6363639831543,447100
2016-06-17,56.709999084472656,59.43000030517578,56.709999084472656,58.880001068115234,48.63530349731445,645100
2016-06-20,59.58000183105469,60.27000045776367,58.900001525878906,59.189998626708984,48.891357421875,643900
2016-06-21,59.36000061035156,59.689998626708984,59.04999923706055,59.459999084472656,49.1143913269043,444700
2016-06-22,59.369998931884766,60.88999938964844,59.369998931884766,59.61000061035156,49.2382926940918,290100
2016-06-23,60.5099983215332,61.31999969482422,59.810001373291016,60.04999923706055,49.60173797607422,355400
2016-06-24,57.86000061035156,59.970001220703125,57.720001220703125,59.630001068115234,49.25481414794922,520100
2016-06-27,59.459999084472656,59.459999084472656,56.790000915527344,58.900001525878906,48.65182876586914,525800
2016-06-28,59.130001068115234,60.22999954223633,57.849998474121094,59.130001068115234,48.899925231933594,512100
2016-06-29,59.5099983215332,61.099998474121094,59.5099983215332,60.41999816894531,49.966739654541016,341900
2016-06-30,60.720001220703125,60.720001220703125,59.380001068115234,60.599998474121094,50.1156005859375,285400
2016-07-01,60.459999084472656,61.0,60.25,60.86000061035156,50.330623626708984,341200
2016-07-05,60.7599983215332,60.959999084472656,58.31999969482422,58.880001068115234,48.693172454833984,462400
2016-07-06,58.84000015258789,59.900001525878906,57.79999923706055,59.81999969482422,49.470558166503906,707300
2016-07-07,60.029998779296875,61.33000183105469,59.849998474121094,60.27000045776367,49.84269714355469,332900
2016-07-08,60.95000076293945,62.40999984741211,60.95000076293945,61.959999084472656,51.24029541015625,523700
2016-07-11,62.0,63.650001525878906,61.84000015258789,63.4900016784668,52.5056037902832,465000
2016-07-12,63.79999923706055,65.38999938964844,63.79999923706055,65.06999969482422,53.81223678588867,383400
2016-07-13,64.9800033569336,65.36000061035156,63.869998931884766,63.880001068115234,52.828128814697266,391100
2016-07-14,64.4800033569336,64.91999816894531,63.31999969482422,63.59000015258789,52.58830642700195,339900
2016-07-15,63.93000030517578,64.83000183105469,63.34000015258789,63.970001220703125,52.90256118774414,239500
2016-07-18,64.12999725341797,64.98999786376953,63.90999984741211,64.26000213623047,53.14238739013672,287900
2016-07-19,64.02999877929688,64.08999633789062,62.54999923706055,62.790000915527344,51.92671203613281,267200
2016-07-20,63.0099983215332,64.29000091552734,62.47999954223633,64.20999908447266,53.10102462768555,286200
2016-07-21,64.0999984741211,64.54000091552734,63.43000030517578,63.459999084472656,52.48078155517578,332700
2016-07-22,63.2400016784668,63.47999954223633,62.04999923706055,63.27000045776367,52.32366180419922,263200
2016-07-25,63.33000183105469,66.26000213623047,63.33000183105469,66.06999969482422,54.63923645019531,614200
2016-07-26,66.0999984741211,67.41000366210938,65.87000274658203,66.4000015258789,54.91215133666992,353300
2016-07-27,66.68000030517578,66.88999938964844,65.79000091552734,66.23999786376953,54.779823303222656,336900
2016-07-28,66.1500015258789,66.55000305175781,64.76000213623047,66.2699966430664,54.80464172363281,233000
2016-07-29,66.12999725341797,67.8499984741211,65.44000244140625,67.68000030517578,55.97068405151367,479300
2016-08-01,67.41000366210938,67.41000366210938,65.29000091552734,65.95999908447266,54.54826354980469,404500
2016-08-02,65.66000366210938,65.7300033569336,60.88999938964844,61.18000030517578,50.59524917602539,597400
2016-08-03,59.61000061035156,61.65999984741211,57.86000061035156,61.59000015258789,50.93431854248047,588400
2016-08-04,61.4900016784668,62.59000015258789,60.93000030517578,61.790000915527344,51.09972381591797,313200
2016-08-05,62.349998474121094,63.880001068115234,62.349998474121094,62.869998931884766,51.992862701416016,579800
2016-08-08,65.6500015258789,65.6500015258789,62.619998931884766,62.779998779296875,51.9184455871582,445100
2016-08-09,62.54999923706055,62.54999923706055,60.38999938964844,60.40999984741211,49.95846939086914,576400
2016-08-10,60.709999084472656,63.77000045776367,60.709999084472656,61.630001068115234,50.96739959716797,673500
2016-08-11,76.2300033569336,77.69999694824219,63.099998474121094,66.41000366210938,54.92041778564453,1474400
2016-08-12,61.689998626708984,69.69000244140625,61.5,68.66999816894531,56.789398193359375,2412000
2016-08-15,68.62999725341797,70.20999908447266,68.62999725341797,69.68000030517578,57.62466049194336,542900
2016-08-16,69.26000213623047,70.0,68.11000061035156,69.62999725341797,57.583316802978516,337200
2016-08-17,68.9000015258789,69.52999877929688,68.37999725341797,69.05999755859375,57.11193084716797,309600
2016-08-18,69.52999877929688,69.77999877929688,68.48999786376953,68.76000213623047,56.86383056640625,462900
2016-08-19,68.38999938964844,69.16000366210938,68.12000274658203,68.95999908447266,57.029239654541016,468400
2016-08-22,68.91000366210938,68.91000366210938,66.06999969482422,67.01000213623047,55.4166259765625,489100
2016-08-23,67.02999877929688,68.3499984741211,66.66000366210938,66.88999938964844,55.3173713684082,482400
2016-08-24,66.33000183105469,67.20999908447266,65.93000030517578,66.04000091552734,54.61443328857422,280000
2016-08-25,65.69999694824219,66.8499984741211,64.58000183105469,65.02999877929688,53.779170989990234,410600
2016-08-26,65.05999755859375,65.48999786376953,63.130001068115234,63.40999984741211,52.43944549560547,451100
2016-08-29,63.599998474121094,64.66000366210938,63.27000045776367,64.20999908447266,53.10102462768555,360500
2016-08-30,63.900001525878906,63.93000030517578,61.619998931884766,61.939998626708984,51.22376251220703,447000
2016-08-31,61.939998626708984,62.529998779296875,60.11000061035156,60.2400016784668,49.81789016723633,493900
2016-09-01,60.16999816894531,60.459999084472656,59.09000015258789,59.7400016784668,49.40438461303711,609500
2016-09-02,59.9900016784668,60.4900016784668,59.02000045776367,60.02000045776367,49.635955810546875,390300
2016-09-06,60.04999923706055,60.08000183105469,58.5,59.2400016784668,48.99089431762695,509400
2016-09-07,59.40999984741211,60.77000045776367,59.0099983215332,60.709999084472656,50.20656967163086,374100
2016-09-08,60.59000015258789,60.790000915527344,58.939998626708984,59.029998779296875,48.817222595214844,641500
2016-09-09,58.5,59.0,57.709999084472656,58.060001373291016,48.01504135131836,632700
2016-09-12,58.25,59.349998474121094,57.38999938964844,58.0099983215332,47.973690032958984,490800
2016-09-13,57.47999954223633,58.779998779296875,57.0,57.97999954223633,47.94888687133789,746900
2016-09-14,58.220001220703125,58.83000183105469,56.709999084472656,57.41999816894531,47.48577117919922,526800
2016-09-15,57.06999969482422,58.40999984741211,56.68000030517578,57.400001525878906,47.469234466552734,388800
2016-09-16,57.31999969482422,57.45000076293945,56.47999954223633,56.86000061035156,47.022666931152344,484700
2016-09-19,56.869998931884766,57.810001373291016,56.599998474121094,56.90999984741211,47.064002990722656,468500
2016-09-20,56.79999923706055,57.47999954223633,56.04999923706055,56.43000030517578,46.66704177856445,786900
2016-09-21,56.72999954223633,57.9900016784668,56.619998931884766,57.939998626708984,47.915794372558594,471300
2016-09-22,57.7400016784668,58.849998474121094,57.279998779296875,57.41999816894531,47.48577117919922,376800
2016-09-23,57.529998779296875,59.619998931884766,57.130001068115234,59.04999923706055,48.833763122558594,482900
2016-09-26,58.83000183105469,59.27000045776367,58.34000015258789,58.470001220703125,48.35411071777344,367300
2016-09-27,58.189998626708984,59.380001068115234,58.040000915527344,58.209999084472656,48.139102935791016,230600
2016-09-28,60.150001525878906,63.11000061035156,59.65999984741211,61.20000076293945,50.672725677490234,1070400
2016-09-29,61.25,61.79999923706055,60.849998474121094,61.029998779296875,50.53195571899414,337600
2016-09-30,61.63999938964844,63.04999923706055,61.31999969482422,63.0099983215332,52.17137908935547,590100
2016-10-03,62.689998626708984,62.81999969482422,61.61000061035156,61.959999084472656,51.302001953125,360300
2016-10-04,62.279998779296875,63.63999938964844,61.0099983215332,63.529998779296875,52.601932525634766,410700
2016-10-05,63.59000015258789,65.72000122070312,63.59000015258789,65.58999633789062,54.30757522583008,425500
2016-10-06,65.30000305175781,66.05000305175781,64.3499984741211,65.86000061035156,54.5311393737793,423000
2016-10-07,66.22000122070312,66.91999816894531,65.55999755859375,66.55000305175781,55.102455139160156,473100
2016-10-10,67.01000213623047,67.1500015258789,65.88999938964844,66.23999786376953,54.845787048339844,228500
2016-10-11,66.16000366210938,66.94999694824219,65.80000305175781,66.0,54.647056579589844,299700
2016-10-12,66.0,67.30999755859375,65.72000122070312,66.7300033569336,55.251495361328125,347500
2016-10-13,66.45999908447266,66.45999908447266,64.38999938964844,64.41000366210938,53.330562591552734,314600
2016-10-14,63.41999816894531,63.45000076293945,61.459999084472656,61.470001220703125,50.89628982543945,507000
2016-10-17,61.25,61.529998779296875,57.41999816894531,57.900001525878906,47.94036865234375,891100
2016-10-18,58.400001525878906,58.849998474121094,56.779998779296875,58.150001525878906,48.14737319946289,486300
2016-10-19,58.15999984741211,58.529998779296875,57.61000061035156,58.400001525878906,48.354373931884766,249600
2016-10-20,58.25,58.70000076293945,57.95000076293945,58.459999084472656,48.404056549072266,204800
2016-10-21,58.119998931884766,59.5,57.619998931884766,59.349998474121094,49.140960693359375,253000
2016-10-24,59.560001373291016,60.459999084472656,59.560001373291016,59.720001220703125,49.44731521606445,224000
2016-10-25,59.31999969482422,59.75,58.349998474121094,58.84000015258789,48.71868896484375,201500
2016-10-26,58.560001373291016,60.58000183105469,58.560001373291016,59.9900016784668,49.670867919921875,478300
2016-10-27,59.95000076293945,60.130001068115234,58.27000045776367,58.29999923706055,48.271568298339844,513400
2016-10-28,58.290000915527344,60.709999084472656,58.220001220703125,60.470001220703125,50.06829833984375,345500
2016-10-31,60.15999984741211,61.5099983215332,60.15999984741211,61.29999923706055,50.75552749633789,368900
2016-11-01,60.91999816894531,61.189998626708984,59.86000061035156,60.119998931884766,49.778499603271484,355300
2016-11-02,59.88999938964844,60.709999084472656,59.40999984741211,59.79999923706055,49.51355743408203,430000
2016-11-03,59.939998626708984,60.65999984741211,59.45000076293945,59.560001373291016,49.31483840942383,329500
2016-11-04,59.72999954223633,62.869998931884766,59.36000061035156,61.130001068115234,50.61477279663086,521300
2016-11-07,61.72999954223633,62.689998626708984,61.130001068115234,61.790000915527344,51.1612548828125,393100
2016-11-08,61.29999923706055,62.630001068115234,60.25,62.310001373291016,51.591793060302734,664800
2016-11-09,61.27000045776367,64.45999908447266,61.15999984741211,64.12000274658203,53.0904541015625,773300
2016-11-10,67.41000366210938,72.31999969482422,65.62000274658203,70.47000122070312,58.34815979003906,1508100
2016-11-11,64.1500015258789,71.6500015258789,62.81999969482422,71.27999877929688,59.01881790161133,2094400
2016-11-14,71.31999969482422,74.94000244140625,70.94999694824219,71.22000122070312,58.969146728515625,1349700
2016-11-15,71.30000305175781,71.48999786376953,68.44999694824219,68.69999694824219,56.88261795043945,878800
2016-11-16,69.0,70.87999725341797,68.37999725341797,69.63999938964844,57.66093444824219,494900
2016-11-17,69.30000305175781,70.54000091552734,68.80999755859375,70.51000213623047,58.38129425048828,522600
2016-11-18,70.20999908447266,70.81999969482422,68.62000274658203,70.79000091552734,58.613128662109375,419600
2016-11-21,70.7699966430664,71.37000274658203,69.48999786376953,71.12999725341797,58.894615173339844,458500
2016-11-22,71.88999938964844,74.11000061035156,71.43000030517578,73.51000213623047,60.86524963378906,566200
2016-11-23,73.4800033569336,75.54000091552734,73.02999877929688,74.91999816894531,62.03268814086914,503500
2016-11-25,75.30000305175781,75.54000091552734,72.9800033569336,73.55000305175781,60.898380279541016,317400
2016-11-28,73.2300033569336,73.47000122070312,69.66000366210938,71.11000061035156,58.87805938720703,725300
2016-11-29,71.13999938964844,72.7300033569336,70.37000274658203,71.22000122070312,58.969146728515625,488600
2016-11-30,71.04000091552734,72.01000213623047,69.58999633789062,71.51000213623047,59.20927047729492,692600
2016-12-01,71.26000213623047,73.66000366210938,70.97000122070312,71.58000183105469,59.2672119140625,545500
2016-12-02,71.72000122070312,72.37999725341797,70.25,70.83999633789062,58.65449905395508,449800
2016-12-05,71.33000183105469,72.91999816894531,70.9000015258789,71.4000015258789,59.1181755065918,476800
2016-12-06,71.5999984741211,72.05000305175781,70.86000061035156,71.5999984741211,59.283775329589844,397400
2016-12-07,71.75,73.33000183105469,71.0999984741211,72.98999786376953,60.434688568115234,554500
2016-12-08,72.62000274658203,74.08000183105469,71.66000366210938,73.05999755859375,60.49266052246094,551200
2016-12-09,72.55000305175781,73.5199966430664,71.30000305175781,72.20999908447266,59.78886413574219,413200
2016-12-12,71.61000061035156,72.02999877929688,68.91999816894531,69.0,57.1309928894043,395900
2016-12-13,68.98999786376953,69.36000061035156,67.26000213623047,68.55000305175781,56.758426666259766,520200
2016-12-14,68.5,69.12000274658203,67.5199966430664,67.7699966430664,56.11260223388672,574400
2016-12-15,68.44000244140625,68.83999633789062,66.4000015258789,66.54000091552734,55.094181060791016,517600
2016-12-16,66.25,66.30999755859375,63.4900016784668,63.5,52.57709884643555,909500
2016-12-19,63.95000076293945,65.83000183105469,63.4900016784668,64.73999786376953,53.603797912597656,503400
2016-12-20,65.29000091552734,68.20999908447266,65.29000091552734,67.58999633789062,55.96356201171875,456900
2016-12-21,67.12999725341797,67.69999694824219,66.36000061035156,66.44999694824219,55.019649505615234,314700
2016-12-22,65.94999694824219,67.08999633789062,60.81999969482422,61.630001068115234,51.02876663208008,714600
2016-12-23,61.75,62.84000015258789,60.7599983215332,61.38999938964844,50.830047607421875,331700
2016-12-27,61.650001525878906,64.22000122070312,61.650001525878906,63.0099983215332,52.17137908935547,600000
2016-12-28,63.099998474121094,63.77000045776367,61.83000183105469,61.88999938964844,51.301029205322266,321200
2016-12-29,61.95000076293945,63.130001068115234,61.45000076293945,62.470001220703125,51.781803131103516,297200
2016-12-30,62.5,63.16999816894531,62.029998779296875,62.689998626708984,51.964149475097656,356400
2017-01-03,63.63999938964844,63.63999938964844,60.65999984741211,61.720001220703125,51.16012954711914,560500
2017-01-04,62.189998626708984,63.439998626708984,62.189998626708984,62.91999816894531,52.15480041503906,560200
2017-01-05,60.439998626708984,60.68000030517578,55.25,56.4900016784668,46.8249397277832,2043600
2017-01-06,56.95000076293945,57.02000045776367,55.88999938964844,56.380001068115234,46.73375701904297,923800
2017-01-09,56.15999984741211,56.779998779296875,55.689998626708984,56.150001525878906,46.54310607910156,515000
2017-01-10,55.7400016784668,57.189998626708984,55.52000045776367,55.9900016784668,46.41048812866211,625200
2017-01-11,56.20000076293945,56.84000015258789,55.349998474121094,56.779998779296875,47.06529998779297,641800
2017-01-12,56.54999923706055,57.04999923706055,56.06999969482422,56.380001068115234,46.73375701904297,668900
2017-01-13,56.63999938964844,57.08000183105469,55.939998626708984,56.459999084472656,46.80006408691406,421200
2017-01-17,56.810001373291016,58.84000015258789,56.470001220703125,56.97999954223633,47.23109817504883,638900
2017-01-18,56.689998626708984,57.38999938964844,55.04999923706055,56.88999938964844,47.156497955322266,630200
2017-01-19,56.93000030517578,57.7599983215332,55.61000061035156,56.09000015258789,46.49336624145508,362100
2017-01-20,56.369998931884766,57.4900016784668,55.83000183105469,57.040000915527344,47.28083419799805,416500
2017-01-23,57.0099983215332,57.369998931884766,56.2400016784668,56.65999984741211,46.965850830078125,328900
2017-01-24,56.95000076293945,57.75,56.7599983215332,57.349998474121094,47.53779602050781,434000
2017-01-25,57.56999969482422,58.13999938964844,57.22999954223633,57.40999984741211,47.5875244140625,353600
2017-01-26,57.43000030517578,58.099998474121094,56.560001373291016,56.56999969482422,46.89125061035156,321800
2017-01-27,56.7599983215332,57.0,54.41999816894531,54.650001525878906,45.299739837646484,616400
2017-01-30,54.380001068115234,56.22999954223633,53.61000061035156,55.790000915527344,46.24470138549805,742000
2017-01-31,54.93000030517578,56.63999938964844,54.400001525878906,56.439998626708984,46.78348159790039,692300
2017-02-01,56.369998931884766,56.619998931884766,55.20000076293945,55.65999984741211,46.136932373046875,582300
2017-02-02,55.83000183105469,57.650001525878906,55.54999923706055,56.84000015258789,47.11506652832031,623700
2017-02-03,56.869998931884766,59.36000061035156,55.65999984741211,57.189998626708984,47.40517044067383,1421100
2017-02-06,57.209999084472656,58.33000183105469,56.18000030517578,56.2599983215332,46.63428497314453,433200
2017-02-07,56.52000045776367,56.52000045776367,54.45000076293945,54.529998779296875,45.20027542114258,788400
2017-02-08,54.459999084472656,56.13999938964844,54.040000915527344,56.09000015258789,46.49336624145508,685200
2017-02-09,56.09000015258789,57.900001525878906,55.52000045776367,57.290000915527344,47.488059997558594,521100
2017-02-10,57.7400016784668,59.790000915527344,57.22999954223633,58.790000915527344,48.73141860961914,635700
2017-02-13,59.130001068115234,59.59000015258789,57.40999984741211,57.7599983215332,47.87763977050781,413200
2017-02-14,57.34000015258789,59.5,57.34000015258789,59.25,49.11271667480469,440600
2017-02-15,59.02000045776367,60.959999084472656,59.0,60.560001373291016,50.19858932495117,481600
2017-02-16,60.04999923706055,60.560001373291016,57.709999084472656,58.130001068115234,48.1843376159668,650800
2017-02-17,57.4900016784668,58.81999969482422,57.16999816894531,58.38999938964844,48.39986038208008,600000
2017-02-21,55.2400016784668,58.79999923706055,53.36000061035156,53.54999923706055,44.3879508972168,2114000
2017-02-22,53.45000076293945,56.2400016784668,53.45000076293945,55.2400016784668,45.7888069152832,1532600
2017-02-23,55.25,56.810001373291016,54.540000915527344,54.68000030517578,45.324607849121094,1160500
2017-02-24,56.2599983215332,57.70000076293945,55.810001373291016,57.0,47.247676849365234,3094100
2017-02-27,56.810001373291016,57.65999984741211,56.09000015258789,56.11000061035156,46.509952545166016,5868500
2017-02-28,56.029998779296875,56.25,53.77000045776367,54.52000045776367,45.191986083984375,1460300
2017-03-01,55.060001373291016,55.70000076293945,52.79999923706055,53.20000076293945,44.09782791137695,1202900
2017-03-02,52.72999954223633,53.880001068115234,52.439998626708984,53.77000045776367,44.57030487060547,1412900
2017-03-03,53.86000061035156,54.13999938964844,52.34000015258789,53.029998779296875,43.9569206237793,743900
2017-03-06,52.650001525878906,52.72999954223633,51.15999984741211,51.400001525878906,42.60580825805664,682300
2017-03-07,51.27000045776367,51.91999816894531,51.0,51.59000015258789,42.76329040527344,794200
2017-03-08,51.59000015258789,53.959999084472656,51.150001525878906,53.31999969482422,44.19729995727539,979800
2017-03-09,53.31999969482422,53.439998626708984,52.25,52.7400016784668,43.716529846191406,585700
2017-03-10,52.93000030517578,53.470001220703125,52.38999938964844,53.150001525878906,44.0563850402832,528800
2017-03-13,52.630001068115234,52.95000076293945,51.2599983215332,51.68000030517578,42.837890625,656500
2017-03-14,51.880001068115234,52.459999084472656,51.459999084472656,52.029998779296875,43.12801742553711,403500
2017-03-15,51.95000076293945,52.31999969482422,51.040000915527344,52.02000045776367,43.119728088378906,414000
2017-03-16,51.88999938964844,52.7400016784668,51.59000015258789,52.18000030517578,43.252357482910156,453800
2017-03-17,52.18000030517578,52.86000061035156,51.86000061035156,52.150001525878906,43.22747802734375,828900
2017-03-20,52.13999938964844,52.290000915527344,49.5,49.790000915527344,41.27125549316406,779000
2017-03-21,49.70000076293945,49.70000076293945,47.119998931884766,48.029998779296875,39.81239318847656,998700
2017-03-22,48.02000045776367,48.02000045776367,46.560001373291016,46.939998626708984,38.90888595581055,1058600
2017-03-23,47.0099983215332,48.4900016784668,47.0099983215332,47.310001373291016,39.215572357177734,985400
2017-03-24,47.310001373291016,47.709999084472656,46.93000030517578,47.459999084472656,39.33992004394531,402500
2017-03-27,46.70000076293945,48.20000076293945,46.56999969482422,47.459999084472656,39.33992004394531,662900
2017-03-28,47.20000076293945,49.02000045776367,47.20000076293945,48.970001220703125,40.591552734375,813400
2017-03-29,48.93000030517578,53.310001373291016,48.52000045776367,52.470001220703125,43.55497741699219,1245200
2017-03-30,52.27000045776367,53.22999954223633,52.029998779296875,52.9900016784668,43.98663330078125,556300
2017-03-31,52.959999084472656,53.5,52.11000061035156,52.2400016784668,43.36408233642578,579500
2017-04-03,51.95000076293945,52.27000045776367,49.0099983215332,50.52000045776367,41.936309814453125,1031500
2017-04-04,50.119998931884766,50.119998931884766,48.290000915527344,49.040000915527344,40.7077751159668,792800
2017-04-05,49.2400016784668,50.58000183105469,48.540000915527344,49.41999816894531,41.02320861816406,845800
2017-04-06,49.779998779296875,51.970001220703125,49.459999084472656,50.95000076293945,42.29324722290039,715600
2017-04-07,50.77000045776367,51.58000183105469,50.150001525878906,50.52000045776367,41.936309814453125,658800
2017-04-10,50.86000061035156,52.95000076293945,50.52000045776367,52.5099983215332,43.58818817138672,884400
2017-04-11,52.5,53.38999938964844,52.11000061035156,53.02000045776367,44.01154327392578,617900
2017-04-12,53.029998779296875,53.36000061035156,52.290000915527344,52.4900016784668,43.57158660888672,477700
2017-04-13,52.470001220703125,52.66999816894531,51.5,52.189998626708984,43.32255554199219,448700
2017-04-17,52.25,52.599998474121094,51.279998779296875,52.060001373291016,43.21465301513672,379200
2017-04-18,51.91999816894531,52.36000061035156,51.369998931884766,51.709999084472656,42.92412185668945,317700
2017-04-19,52.0,53.849998474121094,52.0,52.970001220703125,43.970027923583984,672500
2017-04-20,53.349998474121094,55.400001525878906,53.349998474121094,54.86000061035156,45.538902282714844,835200
2017-04-21,54.720001220703125,54.97999954223633,53.54999923706055,53.939998626708984,44.775230407714844,510500
2017-04-24,54.45000076293945,54.959999084472656,53.63999938964844,54.380001068115234,45.14045715332031,522000
2017-04-25,54.5,55.2400016784668,53.790000915527344,54.20000076293945,44.99104690551758,548200
2017-04-26,54.36000061035156,55.29999923706055,54.27000045776367,54.41999816894531,45.17366409301758,623200
2017-04-27,54.4900016784668,55.41999816894531,53.900001525878906,55.220001220703125,45.83774948120117,468700
2017-04-28,55.220001220703125,55.4900016784668,54.56999969482422,55.369998931884766,45.962257385253906,638000
2017-05-01,55.5,55.5,54.31999969482422,54.68000030517578,45.38950729370117,561800
2017-05-02,54.68000030517578,56.630001068115234,54.47999954223633,55.939998626708984,46.43540954589844,775800
2017-05-03,55.90999984741211,56.939998626708984,55.630001068115234,56.65999984741211,47.033084869384766,552500
2017-05-04,56.970001220703125,57.72999954223633,55.849998474121094,56.38999938964844,46.808963775634766,443100
2017-05-05,56.709999084472656,57.75,56.31999969482422,57.59000015258789,47.80507278442383,518800
2017-05-08,57.29999923706055,58.099998474121094,56.61000061035156,56.88999938964844,47.22400665283203,576000
2017-05-09,56.900001525878906,57.9900016784668,56.650001525878906,56.869998931884766,47.2073974609375,796200
2017-05-10,56.63999938964844,58.619998931884766,56.63999938964844,57.900001525878906,48.062400817871094,671900
2017-05-11,54.5,54.849998474121094,47.20000076293945,47.77000045776367,39.6535530090332,5522600
2017-05-12,46.61000061035156,48.119998931884766,45.5099983215332,46.93000030517578,38.95627212524414,3024900
2017-05-15,47.56999969482422,48.849998474121094,47.150001525878906,47.310001373291016,39.27170944213867,1314500
2017-05-16,47.2599983215332,49.66999816894531,46.81999969482422,49.13999938964844,40.79077911376953,1444900
2017-05-17,49.13999938964844,51.11000061035156,48.599998474121094,50.09000015258789,41.57937240600586,1331400
2017-05-18,50.22999954223633,51.540000915527344,48.38999938964844,48.439998626708984,40.209720611572266,882600
2017-05-19,48.7400016784668,50.130001068115234,47.119998931884766,49.66999816894531,41.23072052001953,1047000
2017-05-22,49.880001068115234,51.4900016784668,49.68000030517578,50.790000915527344,42.160438537597656,792300
2017-05-23,50.93000030517578,51.189998626708984,49.220001220703125,49.25,40.8820915222168,695800
2017-05-24,49.25,50.150001525878906,48.20000076293945,49.54999923706055,41.1311149597168,666700
2017-05-25,49.849998474121094,50.88999938964844,49.75,50.16999816894531,41.64577102661133,836500
2017-05-26,50.130001068115234,51.400001525878906,49.41999816894531,50.900001525878906,42.251747131347656,818900
2017-05-30,50.77000045776367,52.58000183105469,50.77000045776367,52.040000915527344,43.19804382324219,657400
2017-05-31,52.09000015258789,52.09000015258789,50.060001373291016,51.47999954223633,42.733211517333984,499000
2017-06-01,51.54999923706055,52.849998474121094,51.099998474121094,52.209999084472656,43.339168548583984,731300
2017-06-02,52.2400016784668,53.0,51.380001068115234,51.720001220703125,42.93241882324219,477900
2017-06-05,51.560001373291016,52.290000915527344,50.560001373291016,51.66999816894531,42.89091110229492,505300
2017-06-06,51.25,51.290000915527344,48.90999984741211,49.93000030517578,41.446563720703125,844700
2017-06-07,50.040000915527344,50.33000183105469,49.209999084472656,49.810001373291016,41.346946716308594,589900
2017-06-08,52.130001068115234,54.2599983215332,49.7599983215332,49.86000061035156,41.38844680786133,1309400
2017-06-09,49.7400016784668,55.540000915527344,49.63999938964844,54.91999816894531,45.588714599609375,1467700
2017-06-12,54.7400016784668,56.86000061035156,54.720001220703125,55.5099983215332,46.07847213745117,1183000
2017-06-13,55.65999984741211,56.349998474121094,54.59000015258789,54.72999954223633,45.431007385253906,495500
2017-06-14,54.70000076293945,55.66999816894531,53.43000030517578,55.619998931884766,46.16978454589844,504800
2017-06-15,55.290000915527344,56.09000015258789,54.40999984741211,55.68000030517578,46.21957778930664,757400
2017-06-16,54.91999816894531,55.84000015258789,53.9900016784668,55.59000015258789,46.14487838745117,979300
2017-06-19,55.68000030517578,55.7400016784668,53.52000045776367,54.84000015258789,45.52231216430664,588300
2017-06-20,54.900001525878906,55.119998931884766,51.790000915527344,51.95000076293945,43.12334060668945,784600
2017-06-21,51.79999923706055,51.849998474121094,50.119998931884766,50.7400016784668,42.118927001953125,616300
2017-06-22,50.43000030517578,53.279998779296875,50.20000076293945,52.13999938964844,43.28105926513672,822300
2017-06-23,52.18000030517578,55.06999969482422,51.40999984741211,55.0,45.655128479003906,2454800
2017-06-26,55.220001220703125,55.220001220703125,53.689998626708984,54.47999954223633,45.22348403930664,723700
2017-06-27,54.38999938964844,57.0,54.380001068115234,55.209999084472656,45.829444885253906,900400
2017-06-28,55.369998931884766,57.630001068115234,55.369998931884766,56.56999969482422,47.01799011230469,1176700
2017-06-29,56.7599983215332,60.0099983215332,56.56999969482422,59.45000076293945,49.41168975830078,1725000
2017-06-30,59.65999984741211,59.7599983215332,57.4900016784668,57.689998626708984,47.948875427246094,1136300
2017-07-03,57.93000030517578,60.18000030517578,57.93000030517578,59.61000061035156,49.544677734375,662300
2017-07-05,59.16999816894531,60.58000183105469,58.619998931884766,58.95000076293945,48.996116638183594,707700
2017-07-06,58.720001220703125,58.84000015258789,55.970001220703125,56.38999938964844,46.86838912963867,1019500
2017-07-07,56.54999923706055,57.02000045776367,55.5,55.88999938964844,46.45281219482422,791300
2017-07-10,55.70000076293945,55.790000915527344,53.84000015258789,54.02000045776367,44.89856719970703,732800
2017-07-11,54.18000030517578,55.310001373291016,54.06999969482422,55.11000061035156,45.804508209228516,452500
2017-07-12,55.43000030517578,56.5,54.970001220703125,56.33000183105469,46.818511962890625,688900
2017-07-13,56.70000076293945,60.56999969482422,56.599998474121094,59.88999938964844,49.77739715576172,1404600
2017-07-14,59.79999923706055,59.849998474121094,58.40999984741211,59.20000076293945,49.20390319824219,612600
2017-07-17,59.150001525878906,61.4900016784668,58.93000030517578,61.040000915527344,50.733211517333984,876600
2017-07-18,60.88999938964844,61.459999084472656,59.86000061035156,60.349998474121094,50.15972137451172,416000
2017-07-19,60.34000015258789,62.779998779296875,60.209999084472656,62.68000030517578,52.09629821777344,773900
2017-07-20,62.75,64.5,62.04999923706055,63.97999954223633,53.17678451538086,712700
2017-07-21,64.12999725341797,68.05999755859375,63.33000183105469,67.91000366210938,56.44320297241211,1964400
2017-07-24,67.51000213623047,69.66000366210938,65.80999755859375,67.45999908447266,56.06917953491211,1825100
2017-07-25,67.83999633789062,75.69000244140625,67.69000244140625,73.0199966430664,60.69035720825195,4922600
2017-07-26,73.55999755859375,75.19999694824219,71.63999938964844,73.51000213623047,61.097625732421875,2351300
2017-07-27,73.86000061035156,78.05999755859375,72.91999816894531,77.5,64.41390228271484,2247700
2017-07-28,77.05000305175781,79.11000061035156,76.37000274658203,78.87000274658203,65.55258178710938,2030300
2017-07-31,81.62999725341797,83.44000244140625,73.5,73.81999969482422,61.35527801513672,2458100
2017-08-01,74.30999755859375,76.9000015258789,72.41999816894531,76.6500015258789,63.7074089050293,1303300
2017-08-02,75.70999908447266,76.66999816894531,72.04000091552734,73.08999633789062,60.748538970947266,876400
2017-08-03,72.77999877929688,74.55000305175781,71.66000366210938,72.04000091552734,59.87583541870117,817400
2017-08-04,71.77999877929688,73.48999786376953,70.8499984741211,72.93000030517578,60.61553955078125,607800
2017-08-07,73.31999969482422,74.80000305175781,72.7300033569336,74.61000061035156,62.01189041137695,503700
2017-08-08,75.61000061035156,76.8499984741211,73.4000015258789,73.62000274658203,61.18902587890625,494700
2017-08-09,73.33000183105469,73.9000015258789,72.51000213623047,73.33999633789062,60.9563102722168,803400
2017-08-10,61.65999984741211,66.30000305175781,59.33000183105469,61.70000076293945,51.281768798828125,5462100
2017-08-11,61.0,61.5,56.68000030517578,58.0099983215332,48.21484375,2863000
2017-08-14,58.45000076293945,58.93000030517578,57.06999969482422,57.72999954223633,47.982120513916016,1108400
2017-08-15,57.18000030517578,58.08000183105469,55.54999923706055,57.16999816894531,47.51667785644531,1023800
2017-08-16,58.220001220703125,58.630001068115234,55.560001373291016,55.93000030517578,46.486053466796875,840100
2017-08-17,55.47999954223633,55.900001525878906,54.189998626708984,54.83000183105469,45.5717887878418,1230900
2017-08-18,54.18000030517578,56.16999816894531,54.09000015258789,55.70000076293945,46.29487609863281,751500
2017-08-21,55.540000915527344,56.29999923706055,54.869998931884766,55.5099983215332,46.13697052001953,940000
2017-08-22,56.04999923706055,57.47999954223633,55.540000915527344,57.2599983215332,47.59148025512695,915300
2017-08-23,56.86000061035156,57.58000183105469,56.220001220703125,57.47999954223633,47.77433395385742,506100
2017-08-24,58.630001068115234,60.040000915527344,56.5,57.13999938964844,47.491737365722656,647900
2017-08-25,57.06999969482422,59.040000915527344,56.810001373291016,58.7599983215332,48.838199615478516,662500
2017-08-28,58.0,60.90999984741211,58.0,60.5,50.28439712524414,789200
2017-08-29,60.11000061035156,61.41999816894531,59.72999954223633,61.25,50.90775680541992,672700
2017-08-30,61.34000015258789,61.650001525878906,60.310001373291016,60.75,50.49217987060547,455800
2017-08-31,60.4900016784668,61.16999816894531,59.93000030517578,60.79999923706055,50.53374481201172,436100
2017-09-01,60.970001220703125,62.099998474121094,60.029998779296875,60.36000061035156,50.168025970458984,730000
2017-09-05,60.2599983215332,60.290000915527344,57.93000030517578,58.58000183105469,48.68859100341797,744800
2017-09-06,59.060001373291016,60.43000030517578,58.810001373291016,60.09000015258789,49.94361877441406,644400
2017-09-07,60.38999938964844,61.16999816894531,57.66999816894531,57.75,47.99873733520508,567800
2017-09-08,57.2599983215332,57.27000045776367,55.18000030517578,56.400001525878906,46.8766975402832,763700
2017-09-11,56.61000061035156,58.16999816894531,56.61000061035156,58.060001373291016,48.25639343261719,570300
2017-09-12,58.27000045776367,61.5,58.25,60.150001525878906,49.99349594116211,734900
2017-09-13,61.349998474121094,62.650001525878906,59.970001220703125,60.20000076293945,50.03504943847656,753200
2017-09-14,60.15999984741211,60.20000076293945,58.560001373291016,59.09000015258789,49.11248016357422,534400
2017-09-15,59.189998626708984,59.72999954223633,58.5099983215332,59.40999984741211,49.378448486328125,849600
2017-09-18,59.7400016784668,60.83000183105469,58.90999984741211,59.130001068115234,49.14572525024414,494600
2017-09-19,59.2400016784668,59.88999938964844,56.31999969482422,56.540000915527344,46.99305725097656,527900
2017-09-20,56.47999954223633,56.84000015258789,55.0,55.4900016784668,46.1203498840332,413300
2017-09-21,55.5,55.66999816894531,54.63999938964844,55.290000915527344,45.95411682128906,409500
2017-09-22,55.27000045776367,58.189998626708984,54.52000045776367,57.529998779296875,47.81588363647461,1407200
2017-09-25,57.11000061035156,58.47999954223633,56.70000076293945,57.150001525878906,47.50004577636719,410500
2017-09-26,57.4900016784668,58.220001220703125,56.79999923706055,56.84000015258789,47.24241256713867,666600
2017-09-27,57.099998474121094,57.709999084472656,56.09000015258789,56.880001068115234,47.27564239501953,632300
2017-09-28,56.959999084472656,57.599998474121094,56.58000183105469,57.040000915527344,47.492122650146484,343400
2017-09-29,57.25,57.25,56.04999923706055,56.06999969482422,46.684486389160156,378000
2017-10-02,55.13999938964844,55.880001068115234,51.56999969482422,53.599998474121094,44.6279411315918,1052400
2017-10-03,53.18000030517578,54.29999923706055,52.40999984741211,54.09000015258789,45.035919189453125,584200
2017-10-04,53.9900016784668,54.15999984741211,52.95000076293945,53.27000045776367,44.35317611694336,388300
2017-10-05,53.33000183105469,53.9900016784668,52.84000015258789,52.849998474121094,44.003475189208984,354700
2017-10-06,52.91999816894531,53.459999084472656,52.349998474121094,53.349998474121094,44.419776916503906,465800
2017-10-09,53.349998474121094,53.72999954223633,51.72999954223633,52.38999938964844,43.62047576904297,339600
2017-10-10,52.650001525878906,53.349998474121094,51.529998779296875,51.810001373291016,43.13756561279297,326500
2017-10-11,51.77000045776367,52.72999954223633,51.70000076293945,52.66999816894531,43.853607177734375,552400
2017-10-12,52.20000076293945,52.349998474121094,50.59000015258789,51.84000015258789,43.16255187988281,439800
2017-10-13,51.93000030517578,53.97999954223633,51.7400016784668,52.90999984741211,44.053436279296875,676900
2017-10-16,51.75,52.5,50.7599983215332,51.150001525878906,42.588043212890625,763600
2017-10-17,51.119998931884766,51.880001068115234,50.810001373291016,51.439998626708984,42.82950973510742,308000
2017-10-18,51.16999816894531,52.29999923706055,51.15999984741211,51.189998626708984,42.62134552001953,488700
2017-10-19,51.02000045776367,51.7599983215332,50.400001525878906,51.400001525878906,42.796199798583984,514600
2017-10-20,52.0,53.95000076293945,51.66999816894531,53.810001373291016,44.802791595458984,581800
2017-10-23,54.189998626708984,56.029998779296875,54.02000045776367,54.529998779296875,45.40226745605469,624900
2017-10-24,54.380001068115234,55.5,53.16999816894531,53.2599983215332,44.344844818115234,420800
2017-10-25,53.439998626708984,53.7599983215332,52.36000061035156,53.0,44.128379821777344,451900
2017-10-26,53.209999084472656,54.81999969482422,52.380001068115234,54.33000183105469,45.235748291015625,458400
2017-10-27,51.20000076293945,53.15999984741211,50.939998626708984,52.470001220703125,43.68709182739258,750500
2017-10-30,52.06999969482422,52.40999984741211,50.20000076293945,51.08000183105469,42.529762268066406,551900
2017-10-31,51.20000076293945,52.150001525878906,50.61000061035156,50.79999923706055,42.296627044677734,553500
2017-11-01,51.119998931884766,53.06999969482422,50.900001525878906,51.4900016784668,42.87113952636719,487700
2017-11-02,52.08000183105469,52.45000076293945,51.09000015258789,51.59000015258789,42.95439529418945,400000
2017-11-03,51.40999984741211,52.59000015258789,51.189998626708984,51.529998779296875,42.904441833496094,480400
2017-11-06,51.59000015258789,52.72999954223633,51.290000915527344,52.529998779296875,43.73703384399414,352700
2017-11-07,52.529998779296875,53.04999923706055,49.90999984741211,50.47999954223633,42.03019332885742,850300
2017-11-08,50.060001373291016,51.47999954223633,50.04999923706055,51.02000045776367,42.47980880737305,1540000
2017-11-09,51.939998626708984,57.529998779296875,51.33000183105469,57.220001220703125,47.64199447631836,2172700
2017-11-10,59.0,60.16999816894531,54.040000915527344,57.27000045776367,47.68362808227539,2279200
2017-11-13,57.4900016784668,57.4900016784668,53.560001373291016,54.18000030517578,45.11085510253906,984900
2017-11-14,52.849998474121094,54.9900016784668,52.7599983215332,53.88999938964844,44.86940383911133,498500
2017-11-15,53.099998474121094,54.5,52.720001220703125,54.16999816894531,45.1025276184082,431400
2017-11-16,54.41999816894531,56.040000915527344,53.689998626708984,55.61000061035156,46.301483154296875,381600
2017-11-17,56.25,57.0,54.72999954223633,55.58000183105469,46.276512145996094,698000
2017-11-20,55.45000076293945,55.93000030517578,53.290000915527344,54.189998626708984,45.11917495727539,433600
2017-11-21,54.029998779296875,54.029998779296875,52.22999954223633,52.529998779296875,43.73703384399414,490600
2017-11-22,52.58000183105469,53.95000076293945,52.310001373291016,52.63999938964844,43.82862854003906,366300
2017-11-24,53.029998779296875,53.56999969482422,52.20000076293945,52.529998779296875,43.73703384399414,308000
2017-11-27,52.529998779296875,55.31999969482422,52.529998779296875,55.0,45.79359817504883,856700
2017-11-28,55.040000915527344,57.529998779296875,54.5,57.45000076293945,47.833499908447266,571500
2017-11-29,57.90999984741211,63.619998931884766,57.54999923706055,63.439998626708984,52.82083511352539,1603400
2017-11-30,63.7599983215332,65.33000183105469,59.97999954223633,60.099998474121094,50.03990936279297,1271100
2017-12-01,60.380001068115234,60.439998626708984,56.41999816894531,57.400001525878906,47.79186248779297,1155500
2017-12-04,58.459999084472656,60.72999954223633,58.459999084472656,58.939998626708984,49.0740852355957,760000
2017-12-05,59.0099983215332,59.58000183105469,56.58000183105469,57.75,48.08327102661133,428700
2017-12-06,57.91999816894531,59.970001220703125,57.400001525878906,58.68000030517578,48.85760498046875,429300
2017-12-07,59.209999084472656,59.880001068115234,57.7599983215332,58.34000015258789,48.57451629638672,421700
2017-12-08,58.56999969482422,59.06999969482422,56.79999923706055,58.779998779296875,48.94086456298828,682300
2017-12-11,59.06999969482422,59.29999923706055,57.22999954223633,57.97999954223633,48.274776458740234,464600
2017-12-12,57.849998474121094,58.59000015258789,56.38999938964844,57.099998474121094,47.542083740234375,541700
2017-12-13,57.02000045776367,58.630001068115234,56.79999923706055,58.04999923706055,48.33304977416992,479600
2017-12-14,58.38999938964844,58.849998474121094,55.9900016784668,57.0,47.45881652832031,609100
2017-12-15,57.119998931884766,58.849998474121094,56.84000015258789,58.13999938964844,48.407997131347656,911600
2017-12-18,58.689998626708984,61.45000076293945,58.41999816894531,60.869998931884766,50.68102264404297,589500
2017-12-19,60.849998474121094,61.20000076293945,59.810001373291016,60.7599983215332,50.58943557739258,276700
2017-12-20,61.22999954223633,61.45000076293945,60.150001525878906,60.77000045776367,50.59776306152344,278300
2017-12-21,61.209999084472656,61.900001525878906,60.369998931884766,61.40999984741211,51.1306266784668,310600
2017-12-22,61.560001373291016,62.79999923706055,60.849998474121094,62.11000061035156,51.71346664428711,396500
2017-12-26,62.2599983215332,65.31999969482422,62.2599983215332,63.25,52.662635803222656,559500
2017-12-27,63.439998626708984,63.86000061035156,61.20000076293945,61.619998931884766,51.305477142333984,303000
2017-12-28,61.40999984741211,61.900001525878906,60.189998626708984,60.84000015258789,50.73838806152344,412600
2017-12-29,60.93000030517578,61.65999984741211,59.9900016784668,60.04999923706055,50.079551696777344,401600
2018-01-02,60.41999816894531,61.810001373291016,59.970001220703125,60.619998931884766,50.55491256713867,797600
2018-01-03,60.939998626708984,61.18000030517578,58.22999954223633,59.380001068115234,49.52079772949219,801600
2018-01-04,59.130001068115234,59.779998779296875,55.880001068115234,57.25,47.744449615478516,865200
2018-01-05,57.119998931884766,58.459999084472656,56.77000045776367,58.349998474121094,48.66181564331055,445200
2018-01-08,59.029998779296875,61.20000076293945,58.2400016784668,60.09000015258789,50.11289978027344,949900
2018-01-09,60.630001068115234,61.2599983215332,59.27000045776367,61.08000183105469,50.93853759765625,802100
2018-01-10,60.560001373291016,63.9900016784668,59.61000061035156,63.470001220703125,52.93171691894531,749500
2018-01-11,63.9900016784668,66.66000366210938,63.459999084472656,66.0,55.041629791259766,737800
2018-01-12,66.87999725341797,71.93000030517578,66.16999816894531,70.0,58.37748336791992,1381600
2018-01-16,70.06999969482422,71.38999938964844,67.0199966430664,67.80999755859375,56.55110168457031,710900
2018-01-17,68.73999786376953,69.93000030517578,67.87999725341797,69.37000274658203,57.85208511352539,571300
2018-01-18,69.37000274658203,69.87000274658203,68.38999938964844,69.5,57.96051788330078,540200
2018-01-19,69.7300033569336,71.0,69.3499984741211,70.16000366210938,58.51094055175781,843500
2018-01-22,70.05000305175781,71.0199966430664,69.16999816894531,70.6500015258789,58.91958236694336,581300
2018-01-23,70.19999694824219,70.91000366210938,69.18000030517578,70.55000305175781,58.836158752441406,335600
2018-01-24,70.58999633789062,70.68000030517578,68.4800033569336,69.3499984741211,57.83540344238281,426000
2018-01-25,69.69000244140625,69.72000122070312,67.55999755859375,68.3499984741211,57.00147247314453,314900
2018-01-26,68.44999694824219,69.45999908447266,67.75,69.11000061035156,57.635276794433594,388500
2018-01-29,68.68000030517578,70.41000366210938,68.19999694824219,69.11000061035156,57.635276794433594,411300
2018-01-30,68.55000305175781,69.58999633789062,66.19000244140625,66.55999755859375,55.50865936279297,594400
2018-01-31,67.16999816894531,68.4800033569336,66.37999725341797,67.55999755859375,56.34261703491211,773600
2018-02-01,67.08000183105469,67.7699966430664,65.66000366210938,66.12000274658203,55.1417121887207,424100
2018-02-02,65.20999908447266,66.58000183105469,63.599998474121094,63.68000030517578,53.106842041015625,583500
2018-02-05,63.040000915527344,65.18000030517578,61.040000915527344,61.130001068115234,50.980224609375,710900
2018-02-06,59.0,64.54000091552734,59.0,64.08000183105469,53.440433502197266,726500
2018-02-07,64.08000183105469,66.25,63.45000076293945,64.30000305175781,53.62390899658203,553600
2018-02-08,64.36000061035156,64.72000122070312,62.619998931884766,62.75,52.33124923706055,452200
2018-02-09,63.720001220703125,65.08000183105469,61.41999816894531,64.37000274658203,53.682281494140625,706000
2018-02-12,64.63999938964844,64.98999786376953,61.88999938964844,63.220001220703125,52.72322463989258,667000
2018-02-13,63.06999969482422,65.02999877929688,62.779998779296875,64.7300033569336,53.98250961303711,483100
2018-02-14,64.08999633789062,68.52999877929688,63.939998626708984,67.94000244140625,56.65953826904297,846400
2018-02-15,69.0999984741211,71.05000305175781,68.12000274658203,70.0,58.37748336791992,781500
2018-02-16,70.0199966430664,71.05000305175781,68.55000305175781,69.7699966430664,58.1856803894043,508600
2018-02-20,69.1500015258789,69.68000030517578,67.13999938964844,68.58999633789062,57.20161056518555,679800
2018-02-21,68.5999984741211,70.6500015258789,68.5999984741211,69.0,57.54353332519531,562400
2018-02-22,69.38999938964844,71.55999755859375,68.44000244140625,70.8499984741211,59.086368560791016,707400
2018-02-23,71.44999694824219,72.05000305175781,69.11000061035156,71.33000183105469,59.48666763305664,552400
2018-02-26,71.91000366210938,72.66000366210938,70.0,70.93000030517578,59.153076171875,442200
2018-02-27,80.29000091552734,84.0,77.98999786376953,82.91000366210938,69.14398956298828,3862900
2018-02-28,84.08999633789062,85.4000015258789,81.45999908447266,81.55000305175781,68.00978088378906,1005200
2018-03-01,81.55000305175781,82.4800033569336,77.38999938964844,82.20999908447266,68.5601806640625,1060100
2018-03-02,81.9800033569336,88.51000213623047,80.45999908447266,87.97000122070312,73.36382293701172,1452000
2018-03-05,87.41000366210938,88.16999816894531,84.1500015258789,84.31999969482422,70.31988525390625,948100
2018-03-06,84.41000366210938,87.72000122070312,84.01000213623047,86.98999786376953,72.54653930664062,682200
2018-03-07,86.25,87.88999938964844,85.51000213623047,86.79000091552734,72.37974548339844,430800
2018-03-08,87.41999816894531,87.86000061035156,84.36000061035156,84.52999877929688,70.4949951171875,464900
2018-03-09,85.0,85.73999786376953,83.31999969482422,85.55999755859375,71.35397338867188,599200
2018-03-12,85.30999755859375,85.97000122070312,82.45999908447266,83.73999786376953,69.83616638183594,508700
2018-03-13,83.75,84.69999694824219,82.62000274658203,83.02999877929688,69.24403381347656,502900
2018-03-14,83.56999969482422,83.77999877929688,80.91999816894531,81.80999755859375,68.22660064697266,390600
2018-03-15,82.30000305175781,82.54000091552734,80.05000305175781,80.45999908447266,67.10076904296875,491300
2018-03-16,80.44000244140625,81.91000366210938,79.83999633789062,80.7300033569336,67.32594299316406,815600
2018-03-19,80.8499984741211,81.33999633789062,78.54000091552734,80.5999984741211,67.2175064086914,428400
2018-03-20,80.6500015258789,81.52999877929688,80.1500015258789,80.77999877929688,67.36763763427734,275000
2018-03-21,80.72000122070312,82.87000274658203,80.51000213623047,80.73999786376953,67.33427429199219,288900
2018-03-22,80.30000305175781,81.69000244140625,79.20999908447266,80.0199966430664,66.73381805419922,316000
2018-03-23,80.0199966430664,81.38999938964844,79.31999969482422,79.62999725341797,66.40856170654297,576200
2018-03-26,80.55000305175781,80.58000183105469,76.1500015258789,76.55999755859375,63.84829330444336,763700
2018-03-27,76.55999755859375,79.66999816894531,75.83000183105469,76.5,63.798255920410156,645200
2018-03-28,76.62999725341797,80.0,76.62999725341797,79.58000183105469,66.45374298095703,602400
2018-03-29,80.13999938964844,81.05999755859375,79.51000213623047,80.33999633789062,67.08837127685547,668400
2018-04-02,80.33999633789062,80.66000366210938,75.52999877929688,76.68000030517578,64.03206634521484,758500
2018-04-03,76.5,79.06999969482422,76.5,77.9000015258789,65.05087280273438,496200
2018-04-04,77.04000091552734,80.91000366210938,77.04000091552734,80.58000183105469,67.28878784179688,602200
2018-04-05,81.0,83.37999725341797,80.22000122070312,82.81999969482422,69.1593246459961,562100
2018-04-06,82.31999969482422,82.7699966430664,78.30000305175781,79.47000122070312,66.36188507080078,451400
2018-04-09,80.2300033569336,80.54000091552734,78.2699966430664,78.44000244140625,65.50177001953125,442200
2018-04-10,79.66999816894531,81.87000274658203,78.91000366210938,81.5199966430664,68.07374572753906,417700
2018-04-11,80.94999694824219,82.3499984741211,80.58999633789062,80.86000061035156,67.5226058959961,522500
2018-04-12,81.16000366210938,81.88999938964844,79.58000183105469,79.61000061035156,66.47879028320312,378600
2018-04-13,79.86000061035156,80.31999969482422,75.81999969482422,76.43000030517578,63.82331848144531,493300
2018-04-16,77.04000091552734,77.52999877929688,74.94999694824219,75.48999786376953,63.03834533691406,752100
2018-04-17,75.8499984741211,76.69999694824219,73.69000244140625,73.8499984741211,61.668861389160156,549600
2018-04-18,74.22000122070312,75.63999938964844,73.22000122070312,73.45999908447266,61.34320068359375,346900
2018-04-19,73.5199966430664,74.8499984741211,72.38999938964844,73.8499984741211,61.668861389160156,575500
2018-04-20,73.80000305175781,74.58999633789062,72.16000366210938,72.58999633789062,60.616703033447266,437600
2018-04-23,72.80000305175781,73.52999877929688,71.45999908447266,73.37999725341797,61.276397705078125,481500
2018-04-24,74.02999877929688,75.5999984741211,73.36000061035156,73.97000122070312,61.76906967163086,358400
2018-04-25,73.91000366210938,75.01000213623047,73.02999877929688,74.47000122070312,62.18660354614258,317000
2018-04-26,74.55999755859375,76.29000091552734,74.08999633789062,76.12000274658203,63.564449310302734,239000
2018-04-27,75.88999938964844,78.19999694824219,75.2699966430664,78.04000091552734,65.16777801513672,319700
2018-04-30,78.20999908447266,79.20999908447266,74.26000213623047,74.55000305175781,62.253414154052734,414900
2018-05-01,73.98999786376953,75.33999633789062,71.91000366210938,73.23999786376953,61.15949249267578,302800
2018-05-02,72.7699966430664,75.58999633789062,72.02999877929688,75.11000061035156,62.72105026245117,354000
2018-05-03,75.08999633789062,75.62999725341797,73.43000030517578,74.05999755859375,61.84422302246094,264100
2018-05-04,73.80999755859375,74.08000183105469,72.23999786376953,73.01000213623047,60.96745300292969,362200
2018-05-07,72.83999633789062,72.83999633789062,68.33000183105469,70.0999984741211,58.53740692138672,734700
2018-05-08,70.37000274658203,70.79000091552734,67.44000244140625,68.20999908447266,56.95916748046875,522900
2018-05-09,68.20999908447266,69.87000274658203,67.36000061035156,68.91999816894531,57.552040100097656,613400
2018-05-10,68.79000091552734,70.2300033569336,66.66999816894531,69.94000244140625,58.4038200378418,413600
2018-05-11,69.86000061035156,71.5999984741211,68.76000213623047,70.83000183105469,59.147003173828125,416000
2018-05-14,71.91999816894531,73.38999938964844,71.02999877929688,72.25,60.332786560058594,786400
2018-05-15,71.87999725341797,73.43000030517578,71.0999984741211,73.18000030517578,61.10939025878906,527800
2018-05-16,75.48999786376953,75.68000030517578,69.58000183105469,72.0,60.12400436401367,1147700
2018-05-17,76.13999938964844,78.48999786376953,72.27999877929688,76.52999877929688,63.90681838989258,1710200
2018-05-18,76.5999984741211,77.97000122070312,74.79000091552734,77.37000274658203,64.60826110839844,695800
2018-05-21,80.87000274658203,84.23999786376953,79.58999633789062,79.87000274658203,66.69590759277344,1185900
2018-05-22,80.08000183105469,80.94999694824219,74.55999755859375,74.80000305175781,62.4621696472168,965100
2018-05-23,74.48999786376953,77.5,74.19999694824219,77.33000183105469,64.57485961914062,511800
2018-05-24,76.98999786376953,79.29000091552734,76.94000244140625,78.37999725341797,65.45167541503906,377000
2018-05-25,78.37000274658203,79.36000061035156,77.2699966430664,78.33999633789062,65.41827392578125,482600
2018-05-29,77.94000244140625,82.18000030517578,77.62999725341797,81.23999786376953,67.8399429321289,617000
2018-05-30,81.68000030517578,83.41000366210938,81.11000061035156,82.61000061035156,68.98396301269531,524300
2018-05-31,82.72000122070312,83.7699966430664,80.58000183105469,81.43000030517578,67.99858856201172,404500
2018-06-01,82.25,83.5999984741211,81.48999786376953,83.04000091552734,69.34302520751953,334700
2018-06-04,83.66000366210938,88.22000122070312,83.54000091552734,87.8499984741211,73.35965728759766,691600
2018-06-05,88.02999877929688,93.58000183105469,86.94000244140625,91.58999633789062,76.48275756835938,943100
2018-06-06,91.58000183105469,93.0,89.79000091552734,91.55000305175781,76.44935607910156,557000
2018-06-07,92.23999786376953,94.12999725341797,91.8499984741211,92.91999816894531,77.5933837890625,436900
2018-06-08,92.98999786376953,94.43000030517578,91.69999694824219,93.83999633789062,78.36164093017578,341800
2018-06-11,94.5999984741211,96.47000122070312,94.20999908447266,95.0,79.3302993774414,401500
2018-06-12,95.70999908447266,97.13999938964844,94.62000274658203,97.0,81.00039672851562,588900
2018-06-13,96.41999816894531,98.05999755859375,92.02999877929688,92.08999633789062,76.90028381347656,572500
2018-06-14,91.87999725341797,91.87999725341797,87.83999633789062,88.93000030517578,74.26151275634766,742500
2018-06-15,88.76000213623047,91.8499984741211,88.29000091552734,90.87999725341797,75.8898696899414,658900
2018-06-18,90.1500015258789,92.12000274658203,89.68000030517578,90.54000091552734,75.60595703125,320900
2018-06-19,89.81999969482422,92.05000305175781,89.3499984741211,91.9000015258789,76.74161529541016,383400
2018-06-20,93.30999755859375,97.5,92.12999725341797,96.8499984741211,80.87516021728516,525500
2018-06-21,96.41999816894531,98.75,95.75,97.51000213623047,81.42627716064453,409000
2018-06-22,98.16000366210938,98.19999694824219,93.66999816894531,94.5999984741211,78.99626922607422,520400
2018-06-25,94.61000061035156,95.69000244140625,91.41000366210938,91.80999755859375,76.66647338867188,567300
2018-06-26,91.9000015258789,95.19999694824219,91.9000015258789,94.73999786376953,79.11318969726562,322200
2018-06-27,95.22000122070312,97.87000274658203,92.0,96.0199966430664,80.18205261230469,337100
2018-06-28,95.83000183105469,98.36000061035156,95.58000183105469,96.79000091552734,80.90930938720703,393100
2018-06-29,97.5,97.77999877929688,94.29000091552734,94.5,78.99502563476562,466800
2018-07-02,94.0,94.7699966430664,90.5199966430664,92.37999725341797,77.22286987304688,460600
2018-07-03,92.80999755859375,93.37999725341797,91.80000305175781,92.55999755859375,77.37334442138672,220400
2018-07-05,93.54000091552734,93.54000091552734,90.27999877929688,91.25,76.27827453613281,322400
2018-07-06,91.08999633789062,91.69999694824219,89.94000244140625,90.9000015258789,75.9856948852539,324100
2018-07-09,91.58999633789062,92.05000305175781,87.62999725341797,89.19000244140625,74.5562744140625,340400
2018-07-10,88.69999694824219,89.97000122070312,87.3499984741211,87.81999969482422,73.41104125976562,229900
2018-07-11,87.62000274658203,88.44999694824219,86.1500015258789,87.2699966430664,72.95130157470703,233000
2018-07-12,87.37999725341797,88.06999969482422,83.80999755859375,85.61000061035156,71.56365966796875,445700
2018-07-13,85.4800033569336,87.43000030517578,85.44999694824219,85.56999969482422,71.53021240234375,162900
2018-07-16,85.80999755859375,86.43000030517578,83.80999755859375,85.62000274658203,71.572021484375,382900
2018-07-17,85.30000305175781,86.41000366210938,84.13999938964844,85.62000274658203,71.572021484375,337900
2018-07-18,85.83000183105469,86.62999725341797,84.62000274658203,86.02999877929688,71.91475677490234,348100
2018-07-19,85.0999984741211,86.11000061035156,83.08999633789062,84.87000274658203,70.94508361816406,407800
2018-07-20,84.58000183105469,85.70999908447266,83.97000122070312,84.5199966430664,70.65249633789062,318600
2018-07-23,84.41000366210938,85.20999908447266,83.22000122070312,84.0199966430664,70.23453521728516,416200
2018-07-24,84.45999908447266,85.33999633789062,81.48999786376953,81.94999694824219,68.50415802001953,341500
2018-07-25,81.88999938964844,83.37999725341797,81.73999786376953,82.62000274658203,69.0642318725586,248100
2018-07-26,83.0999984741211,85.0,81.08999633789062,81.8499984741211,68.42057800292969,259100
2018-07-27,82.08000183105469,83.04000091552734,80.19000244140625,80.44999694824219,67.25029754638672,341900
2018-07-30,80.2300033569336,83.0199966430664,80.18000030517578,81.98999786376953,68.5376205444336,348300
2018-07-31,81.93000030517578,82.2699966430664,80.1500015258789,80.2699966430664,67.09982299804688,441900
2018-08-01,80.11000061035156,81.37999725341797,77.88999938964844,79.30000305175781,66.2889633178711,422700
2018-08-02,79.0199966430664,80.91000366210938,78.2300033569336,80.41999816894531,67.22518157958984,321700
2018-08-03,80.7300033569336,82.55000305175781,79.51000213623047,80.44000244140625,67.2419204711914,347300
2018-08-06,80.47000122070312,82.44000244140625,79.86000061035156,81.68000030517578,68.27847290039062,441000
2018-08-07,81.88999938964844,82.37999725341797,80.30000305175781,81.79000091552734,68.37043762207031,319700
2018-08-08,84.70999908447266,88.4800033569336,84.23999786376953,84.29000091552734,70.46022033691406,941400
2018-08-09,82.80000305175781,88.5999984741211,82.80000305175781,88.16999816894531,73.70362854003906,524700
2018-08-10,88.0,88.0,85.36000061035156,85.83000183105469,71.7475814819336,435500
2018-08-13,86.86000061035156,89.69000244140625,86.05999755859375,89.44000244140625,74.7652587890625,507800
2018-08-14,89.2699966430664,94.02999877929688,89.19000244140625,93.05000305175781,77.782958984375,659300
2018-08-15,90.8499984741211,90.8499984741211,82.30000305175781,82.9800033569336,69.36518859863281,912000
2018-08-16,80.05999755859375,81.18000030517578,69.87999725341797,75.80000305175781,63.36322784423828,4989900
2018-08-17,76.01000213623047,77.01000213623047,73.05000305175781,74.56999969482422,62.335044860839844,1058200
2018-08-20,73.13999938964844,77.43000030517578,72.73999786376953,77.13999938964844,64.48336029052734,738600
2018-08-21,77.30000305175781,79.02999877929688,75.62999725341797,77.16999816894531,64.50843811035156,785600
2018-08-22,77.36000061035156,78.61000061035156,76.47000122070312,76.9000015258789,64.2827377319336,489100
2018-08-23,77.91999816894531,78.68000030517578,76.16999816894531,77.80000305175781,65.03507232666016,469900
2018-08-24,77.5999984741211,78.01000213623047,74.95999908447266,75.05000305175781,62.736263275146484,608300
2018-08-27,74.73999786376953,76.3499984741211,74.5,75.55999755859375,63.162601470947266,353700
2018-08-28,75.94000244140625,77.4000015258789,74.9000015258789,76.9000015258789,64.2827377319336,374200
2018-08-29,77.05000305175781,77.19999694824219,75.08999633789062,76.69000244140625,64.10718536376953,301900
2018-08-30,76.22000122070312,77.80000305175781,76.22000122070312,77.58000183105469,64.85116577148438,320800
2018-08-31,76.93000030517578,78.94000244140625,76.93000030517578,78.58000183105469,65.68710327148438,427700
2018-09-04,78.5199966430664,79.69000244140625,77.52999877929688,79.12999725341797,66.1468276977539,549700
2018-09-05,78.76000213623047,79.3499984741211,75.69000244140625,76.22000122070312,63.71432876586914,461800
2018-09-06,76.18000030517578,78.26000213623047,75.13999938964844,75.41999816894531,63.04557418823242,476200
2018-09-07,75.37000274658203,77.13999938964844,72.76000213623047,73.4800033569336,61.42388916015625,698000
2018-09-10,73.69999694824219,77.81999969482422,73.69999694824219,75.19999694824219,62.86167907714844,942800
2018-09-11,74.91999816894531,76.93000030517578,74.41000366210938,76.69999694824219,64.11556243896484,407700
2018-09-12,77.04000091552734,77.61000061035156,75.08999633789062,76.19000244140625,63.68923568725586,329100
2018-09-13,76.2300033569336,76.37999725341797,74.8499984741211,75.13999938964844,62.81151580810547,376900
2018-09-14,75.19999694824219,79.44000244140625,74.47000122070312,77.44000244140625,64.7341537475586,637600
2018-09-17,77.83999633789062,77.8499984741211,75.5,76.47000122070312,63.923301696777344,333300
2018-09-18,76.80000305175781,78.81999969482422,76.5199966430664,78.33000183105469,65.47811889648438,374000
2018-09-19,78.36000061035156,80.38999938964844,78.01000213623047,78.77999877929688,65.85429382324219,390400
2018-09-20,78.68000030517578,78.76000213623047,75.25,76.98999786376953,64.35795593261719,550200
2018-09-21,77.02999877929688,78.80999755859375,76.83999633789062,78.01000213623047,65.21060943603516,586900
2018-09-24,78.19000244140625,79.19999694824219,76.69000244140625,76.8499984741211,64.24092864990234,295900
2018-09-25,77.25,78.16999816894531,76.7699966430664,78.0,65.2022476196289,281400
2018-09-26,78.13999938964844,80.13999938964844,77.05999755859375,78.98999786376953,66.02983093261719,382400
2018-09-27,78.69000244140625,79.0,76.81999969482422,77.2300033569336,64.64044952392578,328400
2018-09-28,77.08999633789062,79.4000015258789,75.9800033569336,76.33999633789062,63.8955078125,309700
2018-10-01,76.41999816894531,77.83000183105469,75.6500015258789,77.18000030517578,64.59859466552734,336700
2018-10-02,78.55000305175781,80.05000305175781,75.5999984741211,75.79000091552734,63.4351806640625,494400
2018-10-03,76.01000213623047,78.69000244140625,75.12999725341797,77.66999816894531,65.00870513916016,465600
2018-10-04,77.76000213623047,78.19000244140625,74.16999816894531,74.79000091552734,62.59819030761719,401400
2018-10-05,75.05999755859375,75.86000061035156,72.7300033569336,74.43000030517578,62.29685974121094,446700
2018-10-08,74.16999816894531,74.19999694824219,71.62000274658203,73.80000305175781,61.76957702636719,361200
2018-10-09,73.80999755859375,74.66000366210938,71.80999755859375,71.9000015258789,60.179298400878906,321200
2018-10-10,71.93000030517578,73.16999816894531,70.6500015258789,70.76000213623047,59.22513198852539,411800
2018-10-11,70.54000091552734,72.63999938964844,69.72000122070312,69.9800033569336,58.57227325439453,394000
2018-10-12,70.9800033569336,73.62999725341797,70.69000244140625,72.87000274658203,60.99116897583008,374200
2018-10-15,72.69999694824219,73.29000091552734,70.1500015258789,71.3499984741211,59.71894454956055,303900
2018-10-16,71.5999984741211,71.72000122070312,69.30999755859375,71.19000244140625,59.585044860839844,406500
2018-10-17,71.11000061035156,71.80000305175781,68.62999725341797,70.06999969482422,58.64759826660156,385600
2018-10-18,70.01000213623047,71.02999877929688,68.2699966430664,69.58999633789062,58.24584197998047,336000
2018-10-19,69.12999725341797,70.5999984741211,67.63999938964844,68.26000213623047,57.13265609741211,352700
2018-10-22,68.19999694824219,70.58999633789062,68.19999694824219,69.75,58.379791259765625,334500
2018-10-23,68.91000366210938,71.02999877929688,67.66999816894531,70.30999755859375,58.84849166870117,410000
2018-10-24,70.52999877929688,72.18000030517578,70.13999938964844,70.30000305175781,58.840126037597656,412000
2018-10-25,70.45999908447266,72.8499984741211,70.30999755859375,71.5199966430664,59.86124801635742,316100
2018-10-26,71.1500015258789,72.58999633789062,69.6500015258789,71.33000183105469,59.70220947265625,333900
2018-10-29,72.02999877929688,76.16999816894531,72.02999877929688,74.27999877929688,62.171321868896484,517000
2018-10-30,70.6500015258789,74.79000091552734,69.58999633789062,73.83999633789062,61.80303955078125,900200
2018-10-31,73.69999694824219,73.69999694824219,69.48999786376953,70.41999816894531,58.940582275390625,633800
2018-11-01,70.29000091552734,73.95999908447266,68.62999725341797,73.52999877929688,61.54357147216797,417900
2018-11-02,74.72000122070312,75.68000030517578,71.83999633789062,72.98999786376953,61.09159851074219,326000
2018-11-05,73.25,76.19000244140625,72.55999755859375,75.33999633789062,63.05851745605469,456400
2018-11-06,74.98999786376953,76.66000366210938,74.58999633789062,76.31999969482422,63.87877655029297,323500
2018-11-07,76.36000061035156,79.5199966430664,75.08999633789062,79.4000015258789,66.45671081542969,1663800
2018-11-08,78.44999694824219,78.56999969482422,75.75,78.25,65.4941635131836,890100
2018-11-09,77.45999908447266,79.55000305175781,76.19000244140625,79.55000305175781,66.58222961425781,876600
2018-11-12,80.0,80.5,76.83000183105469,77.12000274658203,64.54837036132812,1074100
2018-11-13,77.08000183105469,78.38999938964844,76.18000030517578,76.36000061035156,63.91225051879883,463300
2018-11-14,77.0199966430664,79.73999786376953,72.5,73.79000091552734,61.76117706298828,797900
2018-11-15,61.65999984741211,64.4000015258789,60.25,62.849998474121094,52.60457992553711,3311800
2018-11-16,61.400001525878906,64.68000030517578,59.5,64.55999755859375,54.03581619262695,1801300
2018-11-19,64.66000366210938,67.02999877929688,64.01000213623047,66.91000366210938,56.00273895263672,913100
2018-11-20,64.31999969482422,64.93000030517578,61.61000061035156,62.650001525878906,52.43717575073242,979200
2018-11-21,63.75,65.75,63.09000015258789,64.98999786376953,54.39572525024414,949000
2018-11-23,64.76000213623047,65.68000030517578,64.04000091552734,65.0,54.40409469604492,338500
2018-11-26,65.30000305175781,67.1500015258789,65.0199966430664,66.91999816894531,56.011104583740234,897200
2018-11-27,67.05999755859375,69.61000061035156,65.9800033569336,68.77999877929688,57.56789779663086,655400
2018-11-28,68.7300033569336,71.05000305175781,68.16000366210938,70.52999877929688,59.03264236450195,492800
2018-11-29,70.51000213623047,70.54000091552734,67.9800033569336,68.7699966430664,57.55951690673828,387500
2018-11-30,68.44999694824219,69.94999694824219,68.23999786376953,69.38999938964844,58.07845687866211,473700
2018-12-03,70.19000244140625,70.4000015258789,68.1500015258789,69.52999877929688,58.19562530517578,462300
2018-12-04,69.7300033569336,70.43000030517578,64.9800033569336,65.4800033569336,54.805843353271484,614300
2018-12-06,64.93000030517578,66.23999786376953,63.65999984741211,65.38999938964844,54.730506896972656,571100
2018-12-07,65.31999969482422,65.93000030517578,63.279998779296875,63.63999938964844,53.26579666137695,529100
2018-12-10,64.2699966430664,65.33000183105469,62.459999084472656,64.79000091552734,54.22832489013672,371000
2018-12-11,65.62999725341797,67.4000015258789,65.04000091552734,65.7699966430664,55.04856872558594,355100
2018-12-12,66.9000015258789,67.43000030517578,64.44999694824219,64.56999969482422,54.0441780090332,509300
2018-12-13,64.7300033569336,65.23999786376953,62.27000045776367,62.58000183105469,52.37858581542969,443000
2018-12-14,61.84000015258789,63.59000015258789,61.150001525878906,61.5,51.47462844848633,402100
2018-12-17,61.189998626708984,62.439998626708984,59.72999954223633,60.31999969482422,50.48699951171875,550100
2018-12-18,60.43000030517578,62.41999816894531,60.189998626708984,61.560001373291016,51.52485656738281,431400
2018-12-19,62.11000061035156,62.290000915527344,59.66999816894531,59.970001220703125,50.19404220581055,301400
2018-12-20,59.5099983215332,59.619998931884766,56.95000076293945,58.56999969482422,49.022274017333984,484300
2018-12-21,58.400001525878906,60.470001220703125,56.599998474121094,56.939998626708984,47.65798568725586,568000
2018-12-24,56.91999816894531,57.959999084472656,55.72999954223633,56.08000183105469,46.93817138671875,258400
2018-12-26,56.47999954223633,59.7400016784668,55.81999969482422,59.619998931884766,49.901100158691406,331500
2018-12-27,58.869998931884766,59.810001373291016,57.36000061035156,59.63999938964844,49.917850494384766,291400
2018-12-28,59.7400016784668,60.470001220703125,58.66999816894531,59.5,49.88431167602539,349100
2018-12-31,60.029998779296875,60.81999969482422,59.5,60.310001373291016,50.56340789794922,408600
2019-01-02,59.400001525878906,63.959999084472656,59.400001525878906,63.2599983215332,53.03666687011719,550600
2019-01-03,62.310001373291016,63.86000061035156,61.77000045776367,62.130001068115234,52.08927536010742,444000
2019-01-04,62.560001373291016,64.27999877929688,62.099998474121094,63.310001373291016,53.07858657836914,696300
2019-01-07,65.0,69.2300033569336,64.11000061035156,67.05999755859375,56.22254180908203,581300
2019-01-08,68.16999816894531,68.3499984741211,66.5,67.43000030517578,56.53276062011719,365000
2019-01-09,68.0199966430664,69.4800033569336,66.98999786376953,68.0199966430664,57.02741241455078,410400
2019-01-10,64.63999938964844,65.19000244140625,62.220001220703125,65.0199966430664,54.512229919433594,475200
2019-01-11,64.91999816894531,66.93000030517578,64.75,65.2300033569336,54.68830108642578,508800
2019-01-14,65.05999755859375,65.41000366210938,63.540000915527344,64.12999725341797,53.76605987548828,335800
2019-01-15,64.18000030517578,64.37999725341797,63.33000183105469,64.0,53.65707778930664,423700
2019-01-16,63.29999923706055,63.65999984741211,62.380001068115234,62.900001525878906,52.73484420776367,513700
2019-01-17,62.900001525878906,64.3499984741211,62.65999984741211,64.0,53.65707778930664,419800
2019-01-18,64.80000305175781,65.48999786376953,63.959999084472656,64.63999938964844,54.19364547729492,535600
2019-01-22,64.41000366210938,64.45999908447266,62.810001373291016,63.459999084472656,53.20433807373047,250700
2019-01-23,63.68000030517578,64.4000015258789,62.720001220703125,63.0,52.81869125366211,212400
2019-01-24,63.13999938964844,64.20999908447266,62.560001373291016,63.88999938964844,53.564849853515625,347800
2019-01-25,64.87999725341797,67.37999725341797,64.66000366210938,67.23999786376953,56.37346649169922,375000
2019-01-28,66.69000244140625,67.30000305175781,66.05000305175781,66.91999816894531,56.10517883300781,187900
2019-01-29,66.91000366210938,67.36000061035156,65.63999938964844,66.87999725341797,56.07163619995117,195300
2019-01-30,66.87999725341797,67.87000274658203,65.70999908447266,66.94000244140625,56.121952056884766,213200
2019-01-31,66.93000030517578,67.19999694824219,66.08000183105469,66.79000091552734,55.99618148803711,331200
2019-02-01,66.75,66.75,64.73999786376953,65.61000061035156,55.00688934326172,247800
2019-02-04,65.88999938964844,66.94000244140625,64.8499984741211,66.77999877929688,55.9878044128418,207100
2019-02-05,66.93000030517578,67.95999908447266,66.7300033569336,67.2699966430664,56.39862060546875,182400
2019-02-06,66.97000122070312,67.20999908447266,66.22000122070312,67.11000061035156,56.26447677612305,202600
2019-02-07,66.63999938964844,68.27999877929688,66.55999755859375,67.29000091552734,56.41537857055664,217500
2019-02-08,67.18000030517578,67.83000183105469,66.27999877929688,67.23999786376953,56.37346649169922,245900
2019-02-11,67.26000213623047,67.26000213623047,65.86000061035156,66.86000061035156,56.054866790771484,220600
2019-02-12,67.58999633789062,68.29000091552734,67.0999984741211,68.0,57.01063919067383,293700
2019-02-13,68.38999938964844,68.44000244140625,66.2300033569336,67.5199966430664,56.608219146728516,306900
2019-02-14,66.75,68.23999786376953,66.33000183105469,67.55000305175781,56.633365631103516,208800
2019-02-15,67.91000366210938,68.44000244140625,67.4800033569336,67.83000183105469,56.868106842041016,297100
2019-02-19,67.20999908447266,67.93000030517578,65.6500015258789,67.16000366210938,56.30638885498047,301700
2019-02-20,66.58000183105469,67.56999969482422,65.9800033569336,66.68000030517578,55.903961181640625,260100
2019-02-21,66.55999755859375,67.48999786376953,66.01000213623047,66.18000030517578,55.48477554321289,249700
2019-02-22,66.20999908447266,66.56999969482422,65.08999633789062,65.55000305175781,54.956581115722656,316900
2019-02-25,66.36000061035156,68.55999755859375,65.98999786376953,66.47000122070312,55.72789764404297,393200
2019-02-26,75.33000183105469,81.76000213623047,75.22000122070312,79.62000274658203,66.75276184082031,3665900
2019-02-27,80.0,82.0,79.69000244140625,81.62000274658203,68.42952728271484,948600
2019-02-28,81.62999725341797,81.80000305175781,78.19000244140625,78.54000091552734,65.84730529785156,628400
2019-03-01,79.27999877929688,80.48999786376953,75.11000061035156,75.20999908447266,63.055442810058594,642100
2019-03-04,74.0,74.9000015258789,71.25,71.47000122070312,59.91986083984375,906300
2019-03-05,72.01000213623047,72.44999694824219,70.94000244140625,71.66999816894531,60.08754348754883,365600
2019-03-06,71.69999694824219,72.16999816894531,70.12999725341797,70.13999938964844,58.804779052734375,319600
2019-03-07,69.94000244140625,70.97000122070312,68.62000274658203,69.87000274658203,58.57843780517578,339500
2019-03-08,69.52999877929688,70.86000061035156,68.75,70.31999969482422,58.95572280883789,422900
2019-03-11,70.19000244140625,72.36000061035156,69.51000213623047,72.04000091552734,60.39773178100586,435200
2019-03-12,72.0999984741211,73.73999786376953,71.66000366210938,73.43000030517578,61.5630989074707,406400
2019-03-13,73.80000305175781,74.37999725341797,72.27999877929688,72.37999725341797,60.68278884887695,379900
2019-03-14,71.94000244140625,72.61000061035156,71.63999938964844,72.20999908447266,60.5402717590332,212900
2019-03-15,72.27999877929688,72.61000061035156,71.38999938964844,72.2300033569336,60.55704879760742,393200
2019-03-18,72.41000366210938,73.29000091552734,72.18000030517578,72.87000274658203,61.09360885620117,215400
2019-03-19,73.31999969482422,73.61000061035156,72.19999694824219,72.76000213623047,61.001399993896484,198900
2019-03-20,72.8499984741211,73.58999633789062,72.26000213623047,72.41000366210938,60.70796203613281,259100
2019-03-21,72.13999938964844,73.9000015258789,71.86000061035156,73.38999938964844,61.529571533203125,209200
2019-03-22,72.6500015258789,73.61000061035156,71.44000244140625,71.83000183105469,60.2216911315918,276400
2019-03-25,71.61000061035156,74.41000366210938,71.61000061035156,73.19000244140625,61.36190414428711,258400
2019-03-26,73.48999786376953,74.66000366210938,72.69000244140625,73.37000274658203,61.51280975341797,218600
2019-03-27,73.16999816894531,74.87999725341797,72.63999938964844,73.3499984741211,61.496028900146484,324700
2019-03-28,73.83000183105469,74.4000015258789,71.31999969482422,71.98999786376953,60.4382209777832,284100
2019-03-29,72.51000213623047,73.11000061035156,71.26000213623047,72.0199966430664,60.46339797973633,256400
2019-04-01,72.7300033569336,74.51000213623047,72.2699966430664,73.95999908447266,62.092105865478516,484100
2019-04-02,73.9800033569336,74.0199966430664,71.5999984741211,71.97000122070312,60.42142868041992,312600
2019-04-03,72.33000183105469,73.37000274658203,71.97000122070312,72.0,60.44661331176758,244600
2019-04-04,72.20999908447266,75.0,72.19999694824219,74.94999694824219,62.92324447631836,291200
2019-04-05,75.2300033569336,75.94999694824219,74.4800033569336,75.08999633789062,63.04077911376953,349800
2019-04-08,75.0999984741211,77.3499984741211,74.98999786376953,75.66999816894531,63.52771759033203,293700
2019-04-09,75.48999786376953,75.9000015258789,74.79000091552734,75.20999908447266,63.14153289794922,273300
2019-04-10,75.83999633789062,76.45999908447266,74.75,75.37999725341797,63.28423309326172,212100
2019-04-11,75.62000274658203,76.02999877929688,73.75,74.36000061035156,62.42792510986328,254300
2019-04-12,74.91000366210938,75.23999786376953,73.41000366210938,73.68000030517578,61.85702896118164,232200
2019-04-15,73.54000091552734,74.70999908447266,72.95999908447266,73.55999755859375,61.75628662109375,298600
2019-04-16,73.94000244140625,74.18000030517578,73.20999908447266,73.63999938964844,61.823448181152344,173800
2019-04-17,74.16999816894531,75.16000366210938,73.01000213623047,73.45999908447266,61.67232894897461,169400
2019-04-18,73.75,75.12000274658203,73.01000213623047,73.88999938964844,62.0333251953125,314100
2019-04-22,71.29000091552734,71.97000122070312,66.41000366210938,66.66999816894531,55.97188949584961,912500
2019-04-23,66.68000030517578,69.56999969482422,66.68000030517578,68.79000091552734,57.751712799072266,479100
2019-04-24,68.9000015258789,71.11000061035156,68.25,69.63999938964844,58.46532440185547,412700
2019-04-25,69.30999755859375,69.33999633789062,67.48999786376953,68.2699966430664,57.315147399902344,277500
2019-04-26,67.0,69.76000213623047,66.94000244140625,69.16000366210938,58.06232833862305,259200
2019-04-29,69.22000122070312,70.27999877929688,68.80000305175781,68.98999786376953,57.919620513916016,180800
2019-04-30,68.94000244140625,69.66000366210938,67.5999984741211,68.44999694824219,57.46627426147461,353100
2019-05-01,68.26000213623047,68.94000244140625,66.66999816894531,66.75,56.03905487060547,203300
2019-05-02,66.87999725341797,68.29000091552734,66.79000091552734,67.87999725341797,56.987735748291016,195100
2019-05-03,68.05000305175781,68.81999969482422,67.70999908447266,68.76000213623047,57.726524353027344,278200
2019-05-06,67.91000366210938,68.87000274658203,67.08999633789062,67.7699966430664,56.8953742980957,292700
2019-05-07,67.54000091552734,68.22000122070312,66.5,67.19999694824219,56.41683578491211,236300
2019-05-08,66.45999908447266,69.5999984741211,66.02999877929688,67.58000183105469,56.735862731933594,555500
2019-05-09,66.87999725341797,67.95999908447266,66.44999694824219,67.20999908447266,56.425235748291016,273600
2019-05-10,66.98999786376953,67.33000183105469,65.0999984741211,66.11000061035156,55.50175476074219,356800
2019-05-13,64.86000061035156,67.0,62.77000045776367,63.16999816894531,53.033512115478516,484900
2019-05-14,63.380001068115234,64.33000183105469,61.97999954223633,64.01000213623047,53.73871612548828,463900
2019-05-15,63.84000015258789,64.18000030517578,62.150001525878906,63.38999938964844,53.21820831298828,413300
2019-05-16,58.099998474121094,59.31999969482422,55.0099983215332,56.7400016784668,47.63529586791992,1701200
2019-05-17,56.56999969482422,58.5,56.41999816894531,57.7599983215332,48.491615295410156,794100
2019-05-20,57.58000183105469,57.70000076293945,56.41999816894531,57.400001525878906,48.189395904541016,578600
2019-05-21,56.88999938964844,58.47999954223633,55.2599983215332,57.97999954223633,48.67631530761719,564200
2019-05-22,58.2599983215332,58.56999969482422,56.54999923706055,56.720001220703125,47.618507385253906,373500
2019-05-23,56.34000015258789,57.040000915527344,55.81999969482422,56.310001373291016,47.274295806884766,491500
2019-05-24,56.54999923706055,57.13999938964844,55.810001373291016,56.61000061035156,47.526161193847656,363100
2019-05-28,56.529998779296875,57.310001373291016,56.16999816894531,56.349998474121094,47.307865142822266,397800
2019-05-29,55.779998779296875,56.529998779296875,55.59000015258789,56.2400016784668,47.215518951416016,557800
2019-05-30,56.56999969482422,57.150001525878906,56.099998474121094,56.349998474121094,47.307865142822266,512500
2019-05-31,55.81999969482422,56.75,53.959999084472656,56.65999984741211,47.56812286376953,1188600
2019-06-03,56.310001373291016,58.22999954223633,55.95000076293945,57.5,48.273338317871094,677800
2019-06-04,57.75,60.02000045776367,57.75,58.970001220703125,49.5074577331543,393700
2019-06-05,59.31999969482422,60.11000061035156,57.25,57.959999084472656,48.659523010253906,269400
2019-06-06,57.7400016784668,58.15999984741211,55.5,56.369998931884766,47.32466125488281,1100500
2019-06-07,56.54999923706055,57.099998474121094,56.09000015258789,56.720001220703125,47.618507385253906,345000
2019-06-10,56.95000076293945,58.83000183105469,56.91999816894531,57.099998474121094,47.937522888183594,254300
2019-06-11,57.65999984741211,60.119998931884766,57.29999923706055,59.22999954223633,49.725746154785156,420000
2019-06-12,59.22999954223633,59.47999954223633,57.11000061035156,57.189998626708984,48.013084411621094,279300
2019-06-13,57.15999984741211,59.2599983215332,57.119998931884766,58.31999969482422,48.96175765991211,360800
2019-06-14,58.40999984741211,58.70000076293945,56.2400016784668,57.2400016784668,48.05506134033203,465300
2019-06-17,57.04999923706055,58.83000183105469,56.59000015258789,57.33000183105469,48.13062286376953,345100
2019-06-18,57.63999938964844,59.38999938964844,57.2400016784668,59.25,49.742530822753906,372400
2019-06-19,59.36000061035156,59.9900016784668,58.45000076293945,58.689998626708984,49.27238082885742,226800
2019-06-20,59.38999938964844,59.720001220703125,58.560001373291016,59.560001373291016,50.002784729003906,264300
2019-06-21,59.56999969482422,60.619998931884766,58.84000015258789,60.2599983215332,50.59046936035156,452800
2019-06-24,60.290000915527344,60.900001525878906,57.849998474121094,58.970001220703125,49.5074577331543,749700
2019-06-25,59.779998779296875,62.209999084472656,59.29999923706055,62.060001373291016,52.10163116455078,592500
2019-06-26,62.18000030517578,64.36000061035156,62.18000030517578,62.5099983215332,52.47941589355469,554400
2019-06-27,62.66999816894531,63.27000045776367,60.2599983215332,61.5,51.714202880859375,263300
2019-06-28,62.16999816894531,62.61000061035156,61.61000061035156,62.279998779296875,52.3701057434082,419800
2019-07-01,63.709999084472656,64.13999938964844,58.970001220703125,59.439998626708984,49.98198318481445,406400
2019-07-02,59.36000061035156,60.150001525878906,58.779998779296875,59.470001220703125,50.00722885131836,263100
2019-07-03,59.630001068115234,63.279998779296875,59.630001068115234,61.869998931884766,52.02534103393555,365600
2019-07-05,61.5,65.7699966430664,61.45000076293945,65.16999816894531,54.80023956298828,418700
2019-07-08,65.19000244140625,65.94000244140625,63.540000915527344,63.900001525878906,53.732330322265625,416100
2019-07-09,63.540000915527344,64.55999755859375,61.97999954223633,62.22999954223633,52.32806396484375,233500
2019-07-10,62.72999954223633,62.900001525878906,60.400001525878906,60.40999984741211,50.79766082763672,302700
2019-07-11,61.869998931884766,65.6500015258789,61.31999969482422,62.849998474121094,52.84940719604492,627100
2019-07-12,62.88999938964844,66.0,62.83000183105469,65.5199966430664,55.09455108642578,353300
2019-07-15,65.76000213623047,66.56999969482422,64.7699966430664,65.54000091552734,55.11137390136719,252800
2019-07-16,65.55000305175781,68.0,65.55000305175781,67.19999694824219,56.507232666015625,370700
2019-07-17,66.68000030517578,67.43000030517578,64.25,64.27999877929688,54.05186080932617,457200
2019-07-18,64.33999633789062,66.19999694824219,63.93000030517578,64.0,53.81642150878906,278700
2019-07-19,64.3499984741211,80.98999786376953,63.810001373291016,79.3499984741211,66.72393798828125,1269100
2019-07-22,78.80000305175781,86.70999908447266,76.62000274658203,77.93000030517578,65.52989959716797,1135200
2019-07-23,78.5,79.06999969482422,75.86000061035156,76.5999984741211,64.41153717041016,368200
2019-07-24,77.0199966430664,79.79000091552734,75.04000091552734,78.93000030517578,66.37078857421875,435400
2019-07-25,78.6500015258789,84.16000366210938,76.69000244140625,77.5999984741211,65.25241088867188,722200
2019-07-26,78.37000274658203,78.48999786376953,75.9000015258789,77.37000274658203,65.05901336669922,364300
2019-07-29,77.91999816894531,77.91999816894531,75.0199966430664,75.73999786376953,63.68838119506836,313400
2019-07-30,76.51000213623047,76.51000213623047,71.04000091552734,71.93000030517578,60.48461151123047,561200
2019-07-31,71.63999938964844,73.9000015258789,70.91000366210938,72.77999877929688,61.199344635009766,537200
2019-08-01,72.58000183105469,73.44999694824219,66.83999633789062,68.37000274658203,57.491065979003906,347500
2019-08-02,68.7699966430664,73.0999984741211,68.0199966430664,70.41999816894531,59.21488571166992,401900
2019-08-05,69.6500015258789,70.58000183105469,68.18000030517578,69.97000122070312,58.83647155761719,257800
2019-08-06,70.08999633789062,71.08000183105469,68.0199966430664,70.0,58.86170196533203,300100
2019-08-07,69.63999938964844,70.36000061035156,67.9000015258789,69.62000274658203,58.542171478271484,315000
2019-08-08,70.22000122070312,70.5,67.37999725341797,67.62000274658203,56.860416412353516,414200
2019-08-09,66.33999633789062,66.33999633789062,61.459999084472656,61.689998626708984,51.87397766113281,826100
2019-08-12,61.689998626708984,61.72999954223633,59.56999969482422,59.970001220703125,50.42766571044922,715400
2019-08-13,59.439998626708984,62.560001373291016,58.58000183105469,59.869998931884766,50.34357833862305,593700
2019-08-14,57.630001068115234,59.0099983215332,56.02000045776367,58.7599983215332,49.41019821166992,1200600
2019-08-15,59.099998474121094,59.099998474121094,54.08000183105469,56.59000015258789,47.585479736328125,617500
2019-08-16,47.95000076293945,55.79999923706055,47.95000076293945,55.310001373291016,46.509159088134766,2022700
2019-08-19,55.099998474121094,58.4900016784668,55.099998474121094,57.29999923706055,48.1825065612793,714900
2019-08-20,56.959999084472656,57.81999969482422,55.540000915527344,56.75,47.72003936767578,746100
2019-08-21,58.09000015258789,59.15999984741211,56.38999938964844,56.4900016784668,47.50140380859375,689900
2019-08-22,56.95000076293945,58.4900016784668,55.5,56.20000076293945,47.25754165649414,436300
2019-08-23,56.0,56.029998779296875,53.4900016784668,55.08000183105469,46.31575393676758,514200
2019-08-26,55.31999969482422,55.70000076293945,54.66999816894531,54.95000076293945,46.206443786621094,337500
2019-08-27,55.04999923706055,55.61000061035156,53.650001525878906,54.97999954223633,46.23167037963867,607300
2019-08-28,54.65999984741211,58.90999984741211,54.65999984741211,57.97999954223633,48.75431442260742,974900
2019-08-29,58.20000076293945,61.06999969482422,56.939998626708984,59.22999954223633,49.805423736572266,1101500
2019-08-30,59.45000076293945,60.849998474121094,58.119998931884766,58.52000045776367,49.20838928222656,355100
2019-09-03,58.349998474121094,59.75,57.279998779296875,58.77000045776367,49.41859436035156,600500
2019-09-04,59.16999816894531,60.970001220703125,58.16999816894531,60.2400016784668,50.65471267700195,544900
2019-09-05,61.04999923706055,63.47999954223633,60.59000015258789,61.540000915527344,51.74784851074219,545800
2019-09-06,61.5099983215332,63.25,61.08000183105469,62.209999084472656,52.31124496459961,362400
2019-09-09,62.349998474121094,63.56999969482422,60.150001525878906,61.4900016784668,51.705806732177734,669000
2019-09-10,61.47999954223633,70.44999694824219,60.880001068115234,69.29000091552734,58.264678955078125,1349500
2019-09-11,70.9800033569336,71.69000244140625,67.5,69.56999969482422,58.500118255615234,779900
2019-09-12,69.16999816894531,70.69999694824219,65.70999908447266,66.12999725341797,55.60749816894531,616500
2019-09-13,67.44999694824219,69.48999786376953,66.66999816894531,67.30000305175781,56.591331481933594,813300
2019-09-16,66.3499984741211,67.75,63.0099983215332,65.12000274658203,54.75820541381836,545600
2019-09-17,65.11000061035156,65.11000061035156,59.16999816894531,59.83000183105469,50.30995178222656,704000
2019-09-18,59.77000045776367,60.470001220703125,58.970001220703125,59.630001068115234,50.14176559448242,450900
2019-09-19,59.84000015258789,61.290000915527344,59.369998931884766,60.599998474121094,50.95742416381836,648700
2019-09-20,60.79999923706055,62.369998931884766,59.5099983215332,60.08000183105469,50.520164489746094,1651300
2019-09-23,60.130001068115234,60.93000030517578,58.900001525878906,59.58000183105469,50.09971618652344,355300
2019-09-24,59.720001220703125,60.65999984741211,57.349998474121094,58.20000076293945,48.939300537109375,361100
2019-09-25,58.58000183105469,59.9900016784668,58.040000915527344,59.58000183105469,50.09971618652344,250800
2019-09-26,59.88999938964844,60.15999984741211,57.529998779296875,59.72999954223633,50.22585678100586,345700
2019-09-27,59.939998626708984,66.0,59.939998626708984,62.45000076293945,52.645259857177734,902500
2019-09-30,62.45000076293945,66.20999908447266,62.0,66.11000061035156,55.73063278198242,457900
2019-10-01,66.3499984741211,68.44999694824219,64.30999755859375,68.05999755859375,57.37447738647461,546800
2019-10-02,67.58000183105469,68.25,65.3499984741211,65.81999969482422,55.486167907714844,572100
2019-10-03,65.31999969482422,69.97000122070312,65.31999969482422,69.36000061035156,58.470375061035156,509700
2019-10-04,69.18000030517578,69.48999786376953,65.80999755859375,68.16000366210938,57.45878601074219,390600
2019-10-07,67.81999969482422,69.62999725341797,67.3499984741211,68.4000015258789,57.661102294921875,258200
2019-10-08,67.5,68.68000030517578,66.95999908447266,67.41999816894531,56.83496856689453,251900
2019-10-09,67.81999969482422,70.31999969482422,67.22000122070312,69.52999877929688,58.61367416381836,231500
2019-10-10,69.62000274658203,71.26000213623047,69.33000183105469,70.70999908447266,59.60842514038086,291100
2019-10-11,71.55000305175781,73.66999816894531,71.16000366210938,72.02999877929688,60.7211799621582,318900
2019-10-14,71.91000366210938,72.2300033569336,69.69000244140625,70.30000305175781,59.26280212402344,215600
2019-10-15,70.52999877929688,71.80000305175781,69.5999984741211,69.93000030517578,58.95088577270508,217100
2019-10-16,69.36000061035156,71.69000244140625,69.16000366210938,69.41999816894531,58.520965576171875,232300
2019-10-17,70.0,71.95999908447266,70.0,71.30999755859375,60.114219665527344,348600
2019-10-18,70.5,71.5,65.91000366210938,65.98999786376953,55.62947082519531,311800
2019-10-21,66.5199966430664,68.54000091552734,66.33000183105469,66.3499984741211,55.932952880859375,378700
2019-10-22,66.41999816894531,69.93000030517578,65.61000061035156,69.80999755859375,58.84972381591797,260100
2019-10-23,69.66000366210938,70.8499984741211,68.16000366210938,70.7699966430664,59.65900802612305,189300
2019-10-24,70.80999755859375,71.05999755859375,69.83000183105469,70.4800033569336,59.414554595947266,103900
2019-10-25,70.0,73.95999908447266,69.31999969482422,73.75,62.17113494873047,267000
2019-10-28,74.06999969482422,74.81999969482422,73.55000305175781,74.18000030517578,62.53364562988281,271100
2019-10-29,74.06999969482422,75.2300033569336,73.61000061035156,74.76000213623047,63.02256774902344,160500
2019-10-30,74.27999877929688,75.19999694824219,71.30999755859375,71.38999938964844,60.18168258666992,271500
2019-10-31,70.61000061035156,70.83000183105469,68.30000305175781,68.9800033569336,58.1500358581543,234000
2019-11-01,69.5199966430664,71.66999816894531,69.5199966430664,71.2699966430664,60.08049774169922,194200
2019-11-04,72.18000030517578,72.30000305175781,70.86000061035156,71.73999786376953,60.47673034667969,160000
2019-11-05,71.66999816894531,74.04000091552734,71.66999816894531,72.08000183105469,60.76333999633789,223400
2019-11-06,72.88999938964844,72.88999938964844,70.5999984741211,70.80999755859375,59.69272994995117,126400
2019-11-07,71.69999694824219,72.93000030517578,70.91999816894531,71.5,60.27440643310547,164200
2019-11-08,71.37000274658203,71.37000274658203,67.70999908447266,69.51000213623047,58.59683609008789,282100
2019-11-11,69.29000091552734,69.44999694824219,67.20999908447266,67.69999694824219,57.07100296020508,231200
2019-11-12,68.66999816894531,68.7699966430664,67.0,67.58999633789062,56.978267669677734,322600
2019-11-13,67.29000091552734,68.36000061035156,66.33000183105469,67.80999755859375,57.16372299194336,307700
2019-11-14,77.83999633789062,84.47000122070312,74.41000366210938,77.41000366210938,65.25653839111328,1585000
2019-11-15,78.44000244140625,80.47000122070312,76.51000213623047,76.87000274658203,64.80130767822266,537200
2019-11-18,76.44999694824219,78.55000305175781,76.44999694824219,77.44999694824219,65.29023742675781,415900
2019-11-19,76.19999694824219,77.11000061035156,73.02999877929688,73.5999984741211,62.044700622558594,340200
2019-11-20,73.51000213623047,74.20999908447266,71.0,72.47000122070312,61.09211349487305,279400
2019-11-21,72.62999725341797,73.2300033569336,71.2699966430664,71.31999969482422,60.12264633178711,175400
2019-11-22,72.66999816894531,73.97000122070312,71.5999984741211,73.58000183105469,62.027835845947266,250200
2019-11-25,73.83000183105469,75.4000015258789,72.79000091552734,72.87000274658203,61.42930603027344,322500
2019-11-26,72.9800033569336,74.79000091552734,72.73999786376953,73.16000366210938,61.67377471923828,200500
2019-11-27,73.41000366210938,73.77999877929688,72.04000091552734,72.75,61.32815933227539,159300
2019-11-29,72.27999877929688,72.45999908447266,71.0999984741211,71.80000305175781,60.527305603027344,171900
2019-12-02,71.5,72.6500015258789,71.1500015258789,71.62999725341797,60.38400650024414,210100
2019-12-03,71.44999694824219,72.01000213623047,69.55000305175781,71.04000091552734,59.88662338256836,255900
2019-12-04,71.2300033569336,72.2300033569336,68.69000244140625,68.9000015258789,58.082611083984375,246300
2019-12-05,68.83000183105469,69.5199966430664,68.37000274658203,68.66000366210938,57.88028335571289,226500
2019-12-06,69.43000030517578,71.1500015258789,69.38999938964844,69.79000091552734,58.83287811279297,225900
2019-12-09,70.12999725341797,71.29000091552734,69.63999938964844,70.2300033569336,59.20378875732422,288200
2019-12-10,70.05000305175781,71.51000213623047,69.47000122070312,71.51000213623047,60.28284454345703,295900
2019-12-11,70.79000091552734,70.9000015258789,67.70999908447266,67.81999969482422,57.17215347290039,277100
2019-12-12,67.83999633789062,71.22000122070312,67.31999969482422,70.83000183105469,59.709571838378906,254000
2019-12-13,70.7300033569336,70.87000274658203,68.04000091552734,68.9000015258789,58.082611083984375,197100
2019-12-16,69.30999755859375,69.81999969482422,68.08999633789062,68.2699966430664,57.551509857177734,231800
2019-12-17,67.94999694824219,69.2699966430664,67.16999816894531,68.95999908447266,58.1331901550293,257000
2019-12-18,69.11000061035156,70.58999633789062,68.5,70.27999877929688,59.245941162109375,213700
2019-12-19,70.12000274658203,70.86000061035156,68.88999938964844,70.55999755859375,59.48199462890625,364800
2019-12-20,70.48999786376953,71.72000122070312,70.08999633789062,71.44999694824219,60.23224639892578,406200
2019-12-23,71.80999755859375,72.88999938964844,71.62000274658203,72.16000366210938,60.830787658691406,224900
2019-12-24,72.08999633789062,72.55000305175781,71.7300033569336,71.9800033569336,60.67902755737305,81700
2019-12-26,71.88999938964844,73.08000183105469,71.16000366210938,72.63999938964844,61.23542022705078,102900
2019-12-27,72.91000366210938,73.72000122070312,72.48999786376953,73.08000183105469,61.60633850097656,144200
2019-12-30,73.05000305175781,74.68000030517578,72.3499984741211,73.77999877929688,62.32435989379883,125200
2019-12-31,73.80000305175781,74.48999786376953,73.3499984741211,73.4800033569336,62.07094955444336,130000
2020-01-02,74.3499984741211,74.3499984741211,69.52999877929688,70.05000305175781,59.17350769042969,214200
2020-01-03,69.08000183105469,69.5,67.66999816894531,69.04000091552734,58.32032012939453,184100
2020-01-06,67.9800033569336,70.4000015258789,67.9800033569336,69.20999908447266,58.46394348144531,195800
2020-01-07,69.18000030517578,70.69999694824219,68.98999786376953,70.45999908447266,59.51986312866211,264100
2020-01-08,70.94000244140625,72.12999725341797,69.9800033569336,70.4000015258789,59.46918487548828,252200
2020-01-09,70.20999908447266,70.20999908447266,68.01000213623047,68.55000305175781,57.90641403198242,406900
2020-01-10,68.29000091552734,70.27999877929688,67.83999633789062,69.91999816894531,59.06369400024414,202900
2020-01-13,69.2699966430664,70.01000213623047,68.87999725341797,69.08999633789062,58.36256408691406,305500
2020-01-14,69.1500015258789,70.37000274658203,68.95999908447266,69.93000030517578,59.0721321105957,237300
2020-01-15,69.19999694824219,70.18000030517578,69.19999694824219,69.7300033569336,58.9031982421875,290700
2020-01-16,69.9800033569336,70.80999755859375,69.5,70.08000183105469,59.1988525390625,226000
2020-01-17,70.30000305175781,71.83999633789062,69.69000244140625,71.56999969482422,60.45750427246094,202300
2020-01-21,71.25,72.05000305175781,70.58999633789062,71.70999908447266,60.575775146484375,188300
2020-01-22,71.79000091552734,72.44999694824219,71.41000366210938,71.58000183105469,60.46595764160156,189900
2020-01-23,71.29000091552734,71.29000091552734,69.83999633789062,69.87000274658203,59.02145767211914,195700
2020-01-24,68.55999755859375,70.41000366210938,68.43000030517578,70.2300033569336,59.325557708740234,202700
2020-01-27,69.12999725341797,70.31999969482422,68.94999694824219,69.62999725341797,58.81871032714844,243300
2020-01-28,70.0199966430664,70.4000015258789,69.25,69.54000091552734,58.74269104003906,276700
2020-01-29,69.86000061035156,70.38999938964844,69.45999908447266,69.55999755859375,58.75956726074219,188600
2020-01-30,68.75,69.44000244140625,67.22000122070312,67.51000213623047,57.02788543701172,244000
2020-01-31,67.26000213623047,67.26000213623047,60.540000915527344,60.720001220703125,51.292152404785156,469500
2020-02-03,61.13999938964844,62.0099983215332,59.41999816894531,60.5099983215332,51.1147575378418,469300
2020-02-04,61.38999938964844,61.84000015258789,60.5099983215332,60.599998474121094,51.19078826904297,380900
2020-02-05,61.119998931884766,64.19999694824219,60.72999954223633,63.02000045776367,53.23503875732422,483800
2020-02-06,63.33000183105469,64.75,62.279998779296875,64.29000091552734,54.3078498840332,249800
2020-02-07,63.77000045776367,65.19000244140625,62.720001220703125,64.68000030517578,54.637306213378906,289400
2020-02-10,64.72000122070312,66.02999877929688,64.08999633789062,64.98999786376953,54.8991584777832,244300
2020-02-11,65.18000030517578,67.30000305175781,64.70999908447266,66.70999908447266,56.35210418701172,259600
2020-02-12,67.06999969482422,70.2699966430664,66.93000030517578,69.18000030517578,58.438575744628906,414300
2020-02-13,68.91000366210938,68.91000366210938,63.25,63.400001525878906,53.556026458740234,706100
2020-02-14,63.349998474121094,65.83000183105469,63.15999984741211,65.12000274658203,55.008975982666016,263500
2020-02-18,64.91999816894531,65.69999694824219,62.540000915527344,63.220001220703125,53.40399169921875,389200
2020-02-19,63.4900016784668,64.91999816894531,62.58000183105469,64.33999633789062,54.35008239746094,325700
2020-02-20,64.16000366210938,65.25,64.16000366210938,65.05999755859375,54.95828628540039,252000
2020-02-21,64.5999984741211,64.5999984741211,62.13999938964844,62.2400016784668,52.576148986816406,228600
2020-02-24,60.31999969482422,61.38999938964844,57.619998931884766,57.779998779296875,48.80864334106445,464400
2020-02-25,57.650001525878906,61.720001220703125,56.52000045776367,57.02000045776367,48.16664505004883,1237800
2020-02-26,57.79999923706055,60.599998474121094,57.279998779296875,58.779998779296875,49.653358459472656,794000
2020-02-27,57.38999938964844,57.4900016784668,53.630001068115234,53.7400016784668,45.39593505859375,481100
2020-02-28,51.95000076293945,56.38999938964844,51.95000076293945,56.290000915527344,47.54998779296875,465800
2020-03-02,56.869998931884766,58.06999969482422,55.02000045776367,57.72999954223633,48.76641082763672,346600
2020-03-03,58.130001068115234,59.75,56.790000915527344,58.310001373291016,49.25634765625,361500
2020-03-04,59.16999816894531,59.91999816894531,56.349998474121094,56.7599983215332,47.9470100402832,229200
2020-03-05,55.380001068115234,56.33000183105469,50.91999816894531,51.38999938964844,43.41080093383789,479100
2020-03-06,50.849998474121094,52.18000030517578,48.97999954223633,51.150001525878906,43.208065032958984,431800
2020-03-09,47.810001373291016,51.91999816894531,43.65999984741211,48.779998779296875,41.2060432434082,650500
2020-03-10,50.900001525878906,50.95000076293945,45.93000030517578,47.79999923706055,40.378204345703125,464000
2020-03-11,46.68000030517578,46.68000030517578,42.90999984741211,43.7599983215332,36.96548843383789,447900
2020-03-12,40.09000015258789,41.36000061035156,36.939998626708984,38.70000076293945,32.691139221191406,472700
2020-03-13,40.09000015258789,43.880001068115234,38.810001373291016,43.72999954223633,36.94015121459961,431000
2020-03-16,38.779998779296875,38.779998779296875,34.849998474121094,34.86000061035156,29.447372436523438,551400
2020-03-17,35.689998626708984,41.13999938964844,33.279998779296875,37.099998474121094,31.339570999145508,525500
2020-03-18,34.459999084472656,42.18000030517578,34.06999969482422,39.84000015258789,33.65414047241211,507000
2020-03-19,40.0,53.310001373291016,40.0,44.619998931884766,37.691959381103516,778500
2020-03-20,45.599998474121094,47.5,41.18000030517578,41.91999816894531,35.411190032958984,862800
2020-03-23,41.7599983215332,42.88999938964844,34.599998474121094,35.56999969482422,30.047136306762695,675700
2020-03-24,38.02000045776367,47.220001220703125,37.709999084472656,47.06999969482422,39.76154708862305,442900
2020-03-25,50.0,50.0,43.540000915527344,44.779998779296875,37.82712936401367,619400
2020-03-26,45.06999969482422,47.18000030517578,41.27000045776367,41.900001525878906,35.39429473876953,727000
2020-03-27,40.2400016784668,41.459999084472656,39.849998474121094,40.02000045776367,33.806190490722656,346200
2020-03-30,39.86000061035156,43.47999954223633,37.65999984741211,41.18000030517578,34.91695022583008,276200
2020-03-31,40.400001525878906,41.25,36.36000061035156,36.95000076293945,31.330289840698242,399700
2020-04-01,35.13999938964844,36.650001525878906,27.020000457763672,27.940000534057617,23.69062042236328,902800
2020-04-02,27.65999984741211,29.5,25.549999237060547,25.649999618530273,21.7489070892334,601400
2020-04-03,25.600000381469727,25.739999771118164,22.5,23.8700008392334,20.2396240234375,1199700
2020-04-06,25.68000030517578,34.810001373291016,25.65999984741211,33.029998779296875,28.006481170654297,865200
2020-04-07,36.33000183105469,37.97999954223633,34.400001525878906,34.900001525878906,29.592079162597656,758200
2020-04-08,35.95000076293945,35.95000076293945,32.869998931884766,33.2400016784668,28.184545516967773,570500
2020-04-09,34.63999938964844,36.47999954223633,32.9900016784668,33.25,28.193025588989258,605300
2020-04-13,33.25,34.099998474121094,29.90999984741211,31.0,26.28522491455078,427500
2020-04-14,31.81999969482422,32.4900016784668,29.06999969482422,29.84000015258789,25.301652908325195,577700
2020-04-15,28.639999389648438,28.639999389648438,26.850000381469727,27.15999984741211,23.029251098632812,676100
2020-04-16,27.299999237060547,27.920000076293945,25.110000610351562,25.6299991607666,21.731948852539062,760200
2020-04-17,27.760000228881836,29.8700008392334,27.190000534057617,27.489999771118164,23.30906105041504,907000
2020-04-20,26.459999084472656,27.09000015258789,24.520000457763672,24.65999984741211,20.909475326538086,937800
2020-04-21,23.6200008392334,26.440000534057617,22.8799991607666,25.760000228881836,21.842174530029297,596200
2020-04-22,25.709999084472656,26.5,22.18000030517578,22.5,19.077985763549805,1477000
2020-04-23,22.549999237060547,25.989999771118164,22.549999237060547,25.639999389648438,21.74042320251465,1281200
2020-04-24,25.579999923706055,26.510000228881836,24.3799991607666,26.059999465942383,22.096542358398438,698400
2020-04-27,26.110000610351562,29.670000076293945,26.110000610351562,28.290000915527344,23.98738670349121,920200
2020-04-28,29.950000762939453,31.84000015258789,28.59000015258789,31.149999618530273,26.41241455078125,1436000
2020-04-29,32.4900016784668,33.0099983215332,30.270000457763672,30.450000762939453,25.81887435913086,947000
2020-04-30,27.8799991607666,30.389999389648438,27.799999237060547,29.479999542236328,24.996400833129883,705700
2020-05-01,28.280000686645508,28.799999237060547,27.010000228881836,28.360000610351562,24.04674530029297,565400
2020-05-04,27.290000915527344,28.020000457763672,26.239999771118164,27.280000686645508,23.130998611450195,566400
2020-05-05,28.600000381469727,29.40999984741211,25.829999923706055,25.969999313354492,22.020233154296875,371600
2020-05-06,26.280000686645508,26.719999313354492,25.309999465942383,25.770000457763672,21.85065269470215,293400
2020-05-07,25.969999313354492,27.010000228881836,25.84000015258789,26.030000686645508,22.071107864379883,350600
2020-05-08,27.170000076293945,28.40999984741211,26.989999771118164,28.260000228881836,23.96195411682129,543900
2020-05-11,27.559999465942383,27.559999465942383,25.68000030517578,26.959999084472656,22.85966682434082,545600
2020-05-12,27.600000381469727,27.690000534057617,25.110000610351562,25.219999313354492,21.384300231933594,746500
2020-05-13,25.239999771118164,25.290000915527344,23.780000686645508,24.030000686645508,20.37529182434082,503000
2020-05-14,23.229999542236328,23.420000076293945,21.5,23.079999923706055,19.569774627685547,1203700
2020-05-15,23.270000457763672,27.040000915527344,22.729999542236328,25.850000381469727,21.918485641479492,2171900
2020-05-18,27.280000686645508,27.600000381469727,25.049999237060547,26.479999542236328,22.45267105102539,1161200
2020-05-19,26.5,27.5,24.790000915527344,25.280000686645508,21.435176849365234,893500
2020-05-20,26.110000610351562,27.440000534057617,25.389999389648438,26.280000686645508,22.2830867767334,747300
2020-05-21,26.100000381469727,28.40999984741211,26.100000381469727,27.610000610351562,23.410812377929688,633800
2020-05-22,27.360000610351562,28.3799991607666,26.510000228881836,27.18000030517578,23.046207427978516,587400
2020-05-26,28.260000228881836,30.59000015258789,28.260000228881836,30.18000030517578,25.589933395385742,925700
2020-05-27,30.8700008392334,33.2599983215332,30.8700008392334,31.899999618530273,27.048341751098633,849200
2020-05-28,32.709999084472656,32.790000915527344,30.110000610351562,30.350000381469727,25.734081268310547,646100
2020-05-29,29.520000457763672,30.690000534057617,28.520000457763672,30.010000228881836,25.44579315185547,745300
2020-06-01,29.6299991607666,31.149999618530273,28.989999771118164,29.149999618530273,24.71659278869629,605800
2020-06-02,29.719999313354492,31.579999923706055,29.06999969482422,31.540000915527344,26.74309539794922,429400
2020-06-03,32.41999816894531,34.66999816894531,32.099998474121094,34.029998779296875,28.854398727416992,897700
2020-06-04,33.81999969482422,34.65999984741211,32.790000915527344,33.529998779296875,28.430438995361328,1093800
2020-06-05,37.310001373291016,38.900001525878906,36.20000076293945,36.88999938964844,31.279415130615234,1368400
2020-06-08,39.099998474121094,39.2599983215332,36.63999938964844,37.4900016784668,31.788158416748047,1884000
2020-06-09,36.41999816894531,37.2599983215332,34.869998931884766,34.939998626708984,29.625988006591797,655600
2020-06-10,34.2599983215332,34.58000183105469,31.360000610351562,31.450000762939453,26.666784286499023,991600
2020-06-11,28.549999237060547,29.719999313354492,26.979999542236328,27.329999923706055,23.173391342163086,1029300
2020-06-12,29.09000015258789,30.229999542236328,27.079999923706055,29.889999389648438,25.344045639038086,943600
2020-06-15,27.540000915527344,27.540000915527344,25.93000030517578,26.899999618530273,22.80879020690918,2209200
2020-06-16,30.25,30.489999771118164,27.209999084472656,29.290000915527344,24.835296630859375,1393000
2020-06-17,28.940000534057617,28.940000534057617,27.329999923706055,27.5,23.31753921508789,858300
2020-06-18,26.8799991607666,28.489999771118164,26.420000076293945,27.530000686645508,23.342975616455078,684800
2020-06-19,27.860000610351562,28.25,25.299999237060547,26.34000015258789,22.333965301513672,2993800
2020-06-22,26.200000762939453,26.959999084472656,25.649999618530273,25.969999313354492,22.020233154296875,744400
2020-06-23,26.700000762939453,26.700000762939453,24.940000534057617,25.920000076293945,21.97783851623535,1084400
2020-06-24,26.290000915527344,26.290000915527344,24.540000915527344,25.420000076293945,21.553884506225586,1141200
2020-06-25,25.110000610351562,25.889999389648438,24.260000228881836,24.84000015258789,21.062097549438477,629700
2020-06-26,25.719999313354492,25.719999313354492,23.34000015258789,24.5,20.7738094329834,1229900
2020-06-29,24.809999465942383,26.59000015258789,24.299999237060547,26.149999618530273,22.309450149536133,574500
2020-06-30,25.700000762939453,26.3700008392334,24.829999923706055,25.790000915527344,22.002317428588867,575900
2020-07-01,25.90999984741211,26.56999969482422,24.40999984741211,24.850000381469727,21.20037078857422,686600
2020-07-02,25.5,25.690000534057617,23.969999313354492,24.40999984741211,20.824995040893555,531900
2020-07-06,24.989999771118164,25.040000915527344,23.579999923706055,24.280000686645508,20.714086532592773,527600
2020-07-07,23.969999313354492,24.170000076293945,23.3799991607666,23.40999984741211,19.971860885620117,486600
2020-07-08,23.5,24.6200008392334,22.739999771118164,24.420000076293945,20.83353042602539,657800
2020-07-09,24.149999618530273,24.270000457763672,22.530000686645508,22.65999984741211,19.332012176513672,567200
2020-07-10,22.3799991607666,23.969999313354492,22.3799991607666,23.739999771118164,20.253395080566406,579200
2020-07-13,23.799999237060547,23.969999313354492,22.700000762939453,23.049999237060547,19.664731979370117,432900
2020-07-14,23.040000915527344,24.190000534057617,22.690000534057617,23.06999969482422,19.681793212890625,580100
2020-07-15,24.1200008392334,24.829999923706055,23.899999618530273,24.610000610351562,20.995624542236328,505700
2020-07-16,24.389999389648438,25.170000076293945,23.889999389648438,25.030000686645508,21.35394287109375,458100
2020-07-17,24.8700008392334,25.15999984741211,24.190000534057617,24.709999084472656,21.0809383392334,546800
2020-07-20,24.40999984741211,24.81999969482422,23.799999237060547,24.389999389648438,20.80792999267578,485400
2020-07-21,24.350000381469727,26.1299991607666,24.350000381469727,25.389999389648438,21.661067962646484,457600
2020-07-22,24.920000076293945,25.1299991607666,23.81999969482422,24.6200008392334,21.004154205322266,438600
2020-07-23,24.219999313354492,26.049999237060547,24.0,25.09000015258789,21.40513038635254,469100
2020-07-24,25.1299991607666,25.68000030517578,24.670000076293945,24.979999542236328,21.311281204223633,274800
2020-07-27,24.8700008392334,24.950000762939453,23.84000015258789,23.899999618530273,20.389894485473633,441400
2020-07-28,23.610000610351562,24.90999984741211,23.610000610351562,24.43000030517578,20.842056274414062,463400
2020-07-29,24.440000534057617,25.34000015258789,24.440000534057617,24.940000534057617,21.277158737182617,261500
2020-07-30,24.329999923706055,24.350000381469727,23.850000381469727,23.969999313354492,20.449617385864258,319800
2020-07-31,23.790000915527344,23.90999984741211,23.020000457763672,23.549999237060547,20.091299057006836,395400
2020-08-03,24.059999465942383,25.020000457763672,23.280000686645508,24.780000686645508,21.140653610229492,473200
2020-08-04,24.489999771118164,25.8799991607666,24.489999771118164,25.81999969482422,22.027915954589844,347100
2020-08-05,26.200000762939453,26.889999389648438,25.950000762939453,26.520000457763672,22.625110626220703,321300
2020-08-06,26.6200008392334,26.6200008392334,25.649999618530273,26.15999984741211,22.31797981262207,341800
2020-08-07,25.84000015258789,27.920000076293945,25.579999923706055,27.860000610351562,23.768308639526367,378500
2020-08-10,28.079999923706055,28.989999771118164,27.389999389648438,27.8799991607666,23.785369873046875,547700
2020-08-11,28.43000030517578,29.469999313354492,28.09000015258789,28.540000915527344,24.34843635559082,545900
2020-08-12,28.549999237060547,28.56999969482422,26.079999923706055,26.850000381469727,22.906646728515625,521300
2020-08-13,26.399999618530273,28.270000457763672,26.290000915527344,27.059999465942383,23.08580207824707,809000
2020-08-14,30.540000915527344,31.93000030517578,29.049999237060547,29.420000076293945,25.09919548034668,2054000
2020-08-17,29.049999237060547,29.329999923706055,26.530000686645508,27.280000686645508,23.27349090576172,1196200
2020-08-18,26.610000610351562,26.780000686645508,25.0,26.079999923706055,22.249731063842773,1114300
2020-08-19,26.149999618530273,27.799999237060547,26.110000610351562,26.8799991607666,22.932235717773438,665700
2020-08-20,26.270000457763672,26.40999984741211,25.489999771118164,25.969999313354492,22.1558837890625,485500
2020-08-21,26.049999237060547,26.670000076293945,25.3799991607666,25.440000534057617,21.703725814819336,625700
2020-08-24,25.5,27.610000610351562,25.5,27.59000015258789,23.537961959838867,700000
2020-08-25,27.59000015258789,28.110000610351562,26.940000534057617,28.06999969482422,23.947465896606445,495600
2020-08-26,28.200000762939453,28.75,27.920000076293945,28.209999084472656,24.0669002532959,403400
2020-08-27,28.440000534057617,29.190000534057617,28.190000534057617,28.510000228881836,24.322843551635742,422400
2020-08-28,28.670000076293945,30.790000915527344,28.34000015258789,30.440000534057617,25.969388961791992,560800
2020-08-31,30.190000534057617,30.440000534057617,28.809999465942383,30.209999084472656,25.77317237854004,605100
2020-09-01,29.760000228881836,31.170000076293945,29.459999084472656,30.440000534057617,25.969388961791992,493100
2020-09-02,30.829999923706055,31.549999237060547,29.989999771118164,30.719999313354492,26.208269119262695,353800
2020-09-03,30.780000686645508,31.979999542236328,30.6200008392334,31.540000915527344,26.907838821411133,511800
2020-09-04,31.950000762939453,32.529998779296875,30.68000030517578,32.45000076293945,27.684192657470703,331600
2020-09-08,32.02000045776367,35.0,31.3799991607666,33.560001373291016,28.63117027282715,625000
2020-09-09,33.400001525878906,33.83000183105469,32.2400016784668,33.52000045776367,28.597049713134766,353300
2020-09-10,33.2400016784668,34.25,32.81999969482422,32.880001068115234,28.051040649414062,416200
2020-09-11,32.70000076293945,34.279998779296875,32.560001373291016,33.63999938964844,28.69941520690918,354800
2020-09-14,34.18000030517578,38.25,34.18000030517578,34.900001525878906,29.77436637878418,728200
2020-09-15,34.95000076293945,35.91999816894531,34.369998931884766,34.61000061035156,29.526962280273438,417900
2020-09-16,35.33000183105469,36.220001220703125,33.95000076293945,34.400001525878906,29.34780502319336,512900
2020-09-17,34.0099983215332,35.29999923706055,33.70000076293945,34.81999969482422,29.706119537353516,252000
2020-09-18,35.0,35.38999938964844,34.209999084472656,35.2599983215332,30.081497192382812,566900
2020-09-21,34.25,34.290000915527344,31.440000534057617,33.11000061035156,28.24726104736328,444900
2020-09-22,33.209999084472656,33.209999084472656,30.780000686645508,31.530000686645508,26.899311065673828,404400
2020-09-23,31.43000030517578,32.41999816894531,30.06999969482422,30.139999389648438,25.713449478149414,337800
2020-09-24,30.549999237060547,30.780000686645508,28.75,29.1299991607666,24.851783752441406,324400
2020-09-25,28.84000015258789,31.209999084472656,28.540000915527344,30.6200008392334,26.12295913696289,408100
2020-09-28,31.010000228881836,32.38999938964844,30.899999618530273,31.290000915527344,26.694555282592773,326300
2020-09-29,31.5,34.2400016784668,30.170000076293945,33.5099983215332,28.726213455200195,753700
2020-09-30,33.720001220703125,36.939998626708984,33.720001220703125,36.52000045776367,31.306528091430664,842600
2020-10-01,36.52000045776367,37.5,34.52000045776367,36.959999084472656,31.6837158203125,492900
2020-10-02,35.459999084472656,39.0099983215332,35.0,37.939998626708984,32.52381134033203,739900
2020-10-05,38.68000030517578,39.9900016784668,36.41999816894531,39.13999938964844,33.5525016784668,823500
2020-10-06,39.560001373291016,42.0,39.189998626708984,40.08000183105469,34.35831069946289,737300
2020-10-07,40.5,41.619998931884766,39.47999954223633,41.119998931884766,35.24984359741211,670400
2020-10-08,40.849998474121094,46.45000076293945,40.849998474121094,41.880001068115234,35.90135192871094,625400
2020-10-09,42.29999923706055,45.630001068115234,41.36000061035156,42.08000183105469,36.07279586791992,563500
2020-10-12,50.25,61.5,49.91999816894531,53.45000076293945,45.81965637207031,3500800
2020-10-13,54.040000915527344,54.369998931884766,45.22999954223633,46.68000030517578,40.016117095947266,1253500
2020-10-14,46.68000030517578,50.849998474121094,45.5099983215332,46.09000015258789,39.510345458984375,888600
2020-10-15,45.5,47.5,44.709999084472656,46.16999816894531,39.57892608642578,366900
2020-10-16,47.0,52.119998931884766,45.06999969482422,50.88999938964844,43.625118255615234,671700
2020-10-19,50.220001220703125,53.4900016784668,48.790000915527344,48.849998474121094,41.8763313293457,509700
2020-10-20,49.630001068115234,50.529998779296875,46.43000030517578,46.52000045776367,39.87895965576172,470800
2020-10-21,46.54999923706055,47.529998779296875,45.16999816894531,46.029998779296875,39.45891571044922,223700
2020-10-22,46.40999984741211,47.900001525878906,45.5,47.41999816894531,40.65047836303711,224300
2020-10-23,48.0,49.02000045776367,46.38999938964844,48.439998626708984,41.52486801147461,194400
2020-10-26,47.959999084472656,49.16999816894531,46.81999969482422,48.34000015258789,41.43913650512695,201900
2020-10-27,48.060001373291016,48.56999969482422,46.58000183105469,46.81999969482422,40.13613510131836,201700
2020-10-28,45.75,46.59000015258789,44.189998626708984,45.380001068115234,38.901702880859375,281000
2020-10-29,45.68000030517578,46.29999923706055,44.59000015258789,45.720001220703125,39.19316482543945,214700
2020-10-30,45.40999984741211,46.59000015258789,43.25,44.72999954223633,38.3444938659668,280800
2020-11-02,45.02000045776367,45.380001068115234,43.43000030517578,44.18000030517578,37.873016357421875,253200
2020-11-03,45.0,47.689998626708984,45.0,47.220001220703125,40.479034423828125,200200
2020-11-04,46.4900016784668,47.75,44.93000030517578,45.119998931884766,38.67881774902344,283000
2020-11-05,45.58000183105469,46.810001373291016,45.41999816894531,45.709999084472656,39.18459701538086,127100
2020-11-06,45.90999984741211,46.38999938964844,44.40999984741211,45.630001068115234,39.11601257324219,187000
2020-11-09,50.310001373291016,52.7400016784668,48.36000061035156,52.0099983215332,44.58522415161133,574800
2020-11-10,52.0,52.880001068115234,49.119998931884766,49.59000015258789,42.51069641113281,275700
2020-11-11,49.959999084472656,50.040000915527344,45.349998474121094,46.02000045776367,39.450347900390625,319700
2020-11-12,45.689998626708984,46.400001525878906,44.689998626708984,45.0,38.57594299316406,331800
2020-11-13,48.810001373291016,48.97999954223633,46.369998931884766,47.619998931884766,40.82191848754883,417300
2020-11-16,49.439998626708984,52.38999938964844,49.439998626708984,50.29999923706055,43.11933517456055,463600
2020-11-17,49.099998474121094,50.790000915527344,48.5099983215332,50.22999954223633,43.059329986572266,292000
2020-11-18,51.0099983215332,51.0099983215332,47.189998626708984,47.20000076293945,40.461883544921875,320800
2020-11-19,46.63999938964844,49.45000076293945,46.59000015258789,47.5,40.71905517578125,392600
2020-11-20,47.16999816894531,48.4900016784668,45.72999954223633,46.38999938964844,39.76751708984375,316700
2020-11-23,47.400001525878906,49.560001373291016,47.2400016784668,48.09000015258789,41.224830627441406,218700
2020-11-24,49.66999816894531,50.279998779296875,47.119998931884766,47.41999816894531,40.65047836303711,252600
2020-11-25,47.310001373291016,48.5,46.31999969482422,47.75,40.93337631225586,186400
2020-11-27,47.7400016784668,50.150001525878906,47.25,49.68000030517578,42.58784866333008,200700
2020-11-30,49.59000015258789,49.59000015258789,46.529998779296875,46.7599983215332,40.08469009399414,420700
2020-12-01,48.5099983215332,50.0,47.54999923706055,48.849998474121094,41.8763313293457,422000
2020-12-02,48.7599983215332,52.31999969482422,48.27000045776367,49.70000076293945,42.60499954223633,423300
2020-12-03,50.5,54.7400016784668,50.310001373291016,51.400001525878906,44.06230926513672,519600
2020-12-04,51.79999923706055,54.86000061035156,51.65999984741211,54.529998779296875,46.745479583740234,266300
2020-12-07,53.900001525878906,54.709999084472656,49.599998474121094,50.380001068115234,43.18791580200195,531200
2020-12-08,49.869998931884766,54.34000015258789,49.869998931884766,52.459999084472656,44.970985412597656,479300
2020-12-09,53.15999984741211,53.90999984741211,50.560001373291016,51.40999984741211,44.07087707519531,293700
2020-12-10,50.63999938964844,52.79999923706055,50.11000061035156,52.36000061035156,44.885257720947266,264900
2020-12-11,51.38999938964844,52.06999969482422,50.27000045776367,51.52000045776367,44.16518020629883,213700
2020-12-14,52.29999923706055,52.439998626708984,49.66999816894531,49.7599983215332,42.65642547607422,212700
2020-12-15,50.119998931884766,52.349998474121094,50.119998931884766,51.459999084472656,44.11374282836914,231800
2020-12-16,51.81999969482422,52.709999084472656,51.099998474121094,51.34000015258789,44.010868072509766,235400
2020-12-17,51.15999984741211,52.02000045776367,50.349998474121094,52.0,44.57665252685547,278900
2020-12-18,52.0,53.40999984741211,51.380001068115234,52.25,44.79096603393555,498000
2020-12-21,51.04999923706055,52.75,50.529998779296875,51.91999816894531,44.50807189941406,268300
2020-12-22,51.9900016784668,53.4900016784668,50.93000030517578,53.150001525878906,45.56248474121094,241000
2020-12-23,55.02000045776367,58.880001068115234,54.599998474121094,55.33000183105469,47.431270599365234,298900
2020-12-24,56.45000076293945,57.68000030517578,55.0,57.209999084472656,49.04288864135742,131100
2020-12-28,57.20000076293945,62.5099983215332,56.75,62.0099983215332,53.15765380859375,421200
2020-12-29,62.31999969482422,62.31999969482422,59.45000076293945,61.5,52.720458984375,240000
2020-12-30,61.0,64.16999816894531,60.459999084472656,63.86000061035156,54.87740707397461,251100
2020-12-31,63.630001068115234,65.05000305175781,60.58000183105469,63.04999923706055,54.18133544921875,356500
2021-01-04,64.0,64.0,56.75,58.0,49.841678619384766,399700
2021-01-05,57.939998626708984,60.75,57.939998626708984,58.34000015258789,50.13385009765625,277100
2021-01-06,59.2599983215332,62.560001373291016,57.33000183105469,57.959999084472656,49.80730056762695,520100
2021-01-07,59.75,60.040000915527344,56.0,57.13999938964844,49.1026496887207,463200
2021-01-08,57.599998474121094,59.459999084472656,56.66999816894531,57.95000076293945,49.798702239990234,524400
2021-01-11,56.619998931884766,60.27000045776367,56.619998931884766,57.72999954223633,49.60965347290039,295800
2021-01-12,57.5099983215332,58.83000183105469,53.20000076293945,55.54999923706055,47.73630142211914,1086600
2021-01-13,55.36000061035156,63.66999816894531,55.33000183105469,60.61000061035156,52.084556579589844,807100
2021-01-14,62.0,68.91999816894531,61.04999923706055,67.56999969482422,58.0655403137207,1199000
2021-01-15,66.91000366210938,68.0,63.54999923706055,65.08999633789062,55.934391021728516,451600
2021-01-19,66.58999633789062,69.97000122070312,66.08999633789062,69.16000366210938,59.431907653808594,603400
2021-01-20,70.0,71.7300033569336,68.70999908447266,69.31999969482422,59.56940460205078,482300
2021-01-21,73.0,79.83000183105469,70.05999755859375,76.94999694824219,66.12615203857422,836800
2021-01-22,75.83000183105469,80.48999786376953,72.55000305175781,79.80000305175781,68.57527160644531,1034500
2021-01-25,84.0,96.77999877929688,82.66999816894531,87.18000030517578,74.91719818115234,1916700
2021-01-26,88.0,105.69000244140625,87.38999938964844,104.45999908447266,89.7665786743164,1261000
2021-01-27,113.91000366210938,128.0,93.16999816894531,95.0999984741211,81.72315979003906,2511300
2021-01-28,91.66000366210938,92.08999633789062,79.23999786376953,84.16000366210938,72.32199096679688,1579100
2021-01-29,90.0,98.0999984741211,87.51000213623047,87.80999755859375,75.45858001708984,844300
2021-02-01,93.01000213623047,95.0,85.68000030517578,87.30999755859375,75.0289077758789,628100
2021-02-02,84.88999938964844,85.88999938964844,72.20999908447266,81.19999694824219,69.7783432006836,1028600
2021-02-03,82.36000061035156,85.19000244140625,78.69000244140625,83.12000274658203,71.42827606201172,411900
2021-02-04,82.83000183105469,84.63999938964844,79.33000183105469,80.1500015258789,68.87603759765625,380500
2021-02-05,80.4800033569336,81.80999755859375,77.86000061035156,80.93000030517578,69.54633331298828,481700
2021-02-08,81.9800033569336,84.61000061035156,79.87999725341797,80.95999908447266,69.57210540771484,302500
2021-02-09,80.43000030517578,80.43000030517578,75.41000366210938,77.9000015258789,66.94252014160156,372600
2021-02-10,77.9000015258789,83.79000091552734,77.86000061035156,80.95999908447266,69.57210540771484,780700
2021-02-11,80.54000091552734,84.1500015258789,79.73999786376953,80.25,68.96196746826172,536200
2021-02-12,80.9800033569336,82.0,78.5199966430664,80.70999908447266,69.3572769165039,398400
2021-02-16,81.0,83.04000091552734,78.8499984741211,79.54000091552734,68.35185241699219,320200
2021-02-17,78.77999877929688,79.62000274658203,77.02999877929688,77.5199966430664,66.61595916748047,470400
2021-02-18,76.33999633789062,79.72000122070312,75.83999633789062,78.0999984741211,67.11441040039062,381200
2021-02-19,78.12000274658203,80.63999938964844,77.63999938964844,78.2699966430664,67.2604751586914,275100
2021-02-22,78.58999633789062,81.77999877929688,77.75,80.8499984741211,69.47758483886719,565700
2021-02-23,78.04000091552734,85.5,76.05999755859375,80.52999877929688,69.20259094238281,868900
2021-02-24,81.12999725341797,82.44999694824219,77.80000305175781,79.44000244140625,68.2658920288086,565100
2021-02-25,79.4800033569336,87.37000274658203,79.4800033569336,85.77999877929688,73.71412658691406,742400
2021-02-26,84.51000213623047,85.44999694824219,77.61000061035156,79.69999694824219,68.48933410644531,637500
2021-03-01,80.80000305175781,90.72000122070312,80.80000305175781,89.18000030517578,76.63589477539062,600300
2021-03-02,89.5,91.22000122070312,86.0,86.19000244140625,74.06645202636719,240800
2021-03-03,86.48999786376953,91.91000366210938,86.3499984741211,88.43000030517578,75.99138641357422,427200
2021-03-04,87.44000244140625,88.63999938964844,80.4800033569336,82.91999816894531,71.25640869140625,415600
2021-03-05,84.41999816894531,85.66999816894531,79.05999755859375,84.91000366210938,72.96648406982422,283100
2021-03-08,85.80000305175781,89.79000091552734,85.05000305175781,85.08999633789062,73.12116241455078,325500
2021-03-09,85.83000183105469,87.47000122070312,84.19999694824219,84.63999938964844,72.73448181152344,222800
2021-03-10,84.1500015258789,87.08999633789062,83.80000305175781,85.56999969482422,73.53366088867188,155200
2021-03-11,86.69000244140625,89.11000061035156,85.41999816894531,87.83000183105469,75.47576904296875,172500
2021-03-12,88.73999786376953,92.94000244140625,88.29000091552734,91.68000030517578,78.78421783447266,398200
2021-03-15,91.77999877929688,97.1500015258789,91.77999877929688,93.95999908447266,80.74351501464844,322300
2021-03-16,92.94000244140625,94.5999984741211,90.1500015258789,92.7300033569336,79.6865234375,240100
2021-03-17,91.69999694824219,99.98999786376953,91.06999969482422,95.93000030517578,82.43641662597656,355400
2021-03-18,96.0,99.22000122070312,94.44000244140625,95.54000091552734,82.10128021240234,214400
2021-03-19,95.83999633789062,100.26000213623047,94.0,97.91999816894531,84.14649963378906,606700
2021-03-22,97.0199966430664,98.95999908447266,89.73999786376953,90.55999755859375,77.82176208496094,343400
2021-03-23,89.61000061035156,92.66999816894531,87.05999755859375,89.23999786376953,76.68742370605469,284100
2021-03-24,90.58999633789062,93.56999969482422,86.19000244140625,86.38999938964844,74.23831939697266,242500
2021-03-25,84.7300033569336,90.72000122070312,83.62000274658203,90.01000213623047,77.34912109375,247900
2021-03-26,91.19000244140625,94.62999725341797,90.0199966430664,94.29000091552734,81.02710723876953,236600
2021-03-29,94.29000091552734,95.38999938964844,89.26000213623047,89.76000213623047,77.13427734375,204600
2021-03-30,89.80999755859375,94.87000274658203,89.80999755859375,93.16000366210938,80.1900634765625,287100
2021-03-31,93.4000015258789,98.12000274658203,93.4000015258789,96.56999969482422,83.12532043457031,309200
2021-04-01,96.2699966430664,96.2699966430664,91.0999984741211,92.5,79.62193298339844,220400
2021-04-05,94.80999755859375,97.0,92.05000305175781,95.16999816894531,81.92021942138672,259800
2021-04-06,94.18000030517578,98.19999694824219,94.18000030517578,95.0199966430664,81.79109954833984,171200
2021-04-07,95.19000244140625,97.88999938964844,93.88999938964844,96.44999694824219,83.02201080322266,182700
2021-04-08,96.16000366210938,97.0199966430664,94.51000213623047,96.19999694824219,82.80681610107422,289200
2021-04-09,95.66999816894531,100.58999633789062,95.66999816894531,100.16999816894531,86.22410583496094,217100
2021-04-12,99.41999816894531,101.43000030517578,97.56999969482422,101.0199966430664,86.95576477050781,193300
2021-04-13,99.61000061035156,101.13999938964844,94.80999755859375,97.69000244140625,84.0893783569336,214400
2021-04-14,98.31999969482422,101.11000061035156,96.4800033569336,96.77999877929688,83.30606842041016,184200
2021-04-15,97.55000305175781,99.5,95.5199966430664,95.83999633789062,82.49694061279297,205100
2021-04-16,96.9000015258789,99.94999694824219,95.73999786376953,98.87999725341797,85.11370849609375,174000
2021-04-19,97.83000183105469,98.68000030517578,94.05000305175781,94.55000305175781,81.38652801513672,218800
2021-04-20,94.06999969482422,96.20999908447266,91.16999816894531,93.69000244140625,80.6462631225586,200900
2021-04-21,93.23999786376953,98.36000061035156,93.05000305175781,98.12999725341797,84.4681167602539,183700
2021-04-22,98.93000030517578,102.38999938964844,97.27999877929688,99.7699966430664,85.87979125976562,201400
2021-04-23,101.31999969482422,101.5,99.2699966430664,100.8499984741211,86.80943298339844,184300
2021-04-26,100.0,100.0,91.56999969482422,94.7699966430664,81.57589721679688,406100
2021-04-27,95.23999786376953,98.37999725341797,94.62000274658203,97.66000366210938,84.06354522705078,243500
2021-04-28,97.05999755859375,100.18000030517578,97.05999755859375,98.33999633789062,84.64888000488281,204200
2021-04-29,99.9000015258789,101.37000274658203,98.2300033569336,100.0999984741211,86.1638412475586,177100
2021-04-30,98.54000091552734,99.68000030517578,96.6500015258789,98.91000366210938,85.13953399658203,272400
2021-05-03,99.68000030517578,112.37999725341797,99.68000030517578,108.48999786376953,93.38578033447266,482300
2021-05-04,106.02999877929688,106.02999877929688,101.77999877929688,102.44000244140625,88.1780776977539,250100
2021-05-05,103.22000122070312,106.29000091552734,103.05000305175781,104.61000061035156,90.04597473144531,255600
2021-05-06,105.3499984741211,106.01000213623047,103.79000091552734,105.48999786376953,90.80345153808594,248700
2021-05-07,105.75,106.25,104.43000030517578,106.2300033569336,91.4404296875,294800
2021-05-10,106.75,107.61000061035156,104.1500015258789,104.51000213623047,89.95988464355469,279400
2021-05-11,101.55999755859375,104.55000305175781,97.13999938964844,104.41000366210938,89.87379455566406,220400
2021-05-12,103.58999633789062,104.94999694824219,96.22000122070312,97.16999816894531,83.64176940917969,239100
2021-05-13,97.51000213623047,102.94000244140625,97.51000213623047,102.12000274658203,87.9026107788086,282900
2021-05-14,108.05000305175781,129.5,107.5199966430664,125.3499984741211,107.89848327636719,1200100
2021-05-17,126.9800033569336,152.19000244140625,125.63999938964844,141.3800048828125,121.69674682617188,1348100
2021-05-18,142.83999633789062,149.72999572753906,139.47000122070312,141.94000244140625,122.1788101196289,621800
2021-05-19,138.57000732421875,140.0,127.23999786376953,130.0500030517578,111.94415283203125,600800
2021-05-20,127.56999969482422,132.3000030517578,127.05000305175781,129.4600067138672,111.43629455566406,288900
2021-05-21,130.3800048828125,137.55999755859375,127.2699966430664,134.0800018310547,115.41309356689453,341300
2021-05-24,134.63999938964844,135.97999572753906,129.36000061035156,131.13999938964844,112.88240051269531,343800
2021-05-25,132.22000122070312,135.74000549316406,128.38999938964844,129.30999755859375,111.30716705322266,303300
2021-05-26,130.0,135.25999450683594,128.39999389648438,132.2899932861328,113.87227630615234,204400
2021-05-27,133.47999572753906,135.9499969482422,130.19000244140625,133.16000366210938,114.62116241455078,341300
2021-05-28,133.22999572753906,135.25,130.0,131.91000366210938,113.54520416259766,199900
2021-06-01,132.25999450683594,141.80999755859375,132.25999450683594,136.85000610351562,117.7974624633789,325600
2021-06-02,137.3300018310547,163.14999389648438,133.99000549316406,161.57000732421875,139.0758514404297,859900
2021-06-03,158.63999938964844,172.0,154.5800018310547,156.1999969482422,134.4534912109375,626300
2021-06-04,160.8699951171875,163.83999633789062,154.5500030517578,160.47999572753906,138.13760375976562,271700
2021-06-07,160.60000610351562,166.39999389648438,160.60000610351562,163.3000030517578,140.5650177001953,270200
2021-06-08,162.8300018310547,177.6999969482422,161.35000610351562,173.69000244140625,149.50851440429688,424700
2021-06-09,172.42999267578125,183.0,170.4600067138672,179.49000549316406,154.5009765625,558100
2021-06-10,179.25,182.1999969482422,166.1699981689453,166.5500030517578,143.36253356933594,395700
2021-06-11,167.6699981689453,172.80999755859375,165.5,168.97999572753906,145.45423889160156,291500
2021-06-14,169.77999877929688,170.97000122070312,160.66000366210938,162.50999450683594,139.88499450683594,297500
2021-06-15,162.55999755859375,164.0500030517578,157.6699981689453,162.4600067138672,139.8419647216797,272400
2021-06-16,158.6300048828125,164.07000732421875,153.7100067138672,162.9199981689453,140.2379150390625,273200
2021-06-17,162.89999389648438,162.89999389648438,154.61000061035156,158.6699981689453,136.57962036132812,209400
2021-06-18,155.17999267578125,159.91000366210938,153.2899932861328,154.02000427246094,132.57696533203125,328500
2021-06-21,156.27000427246094,162.7899932861328,154.8000030517578,161.69000244140625,139.1791229248047,305200
2021-06-22,160.77000427246094,170.07000732421875,157.82000732421875,168.3300018310547,144.8947296142578,286400
2021-06-23,168.0,180.1699981689453,166.92999267578125,179.0500030517578,154.1222381591797,303100
2021-06-24,179.22999572753906,186.24000549316406,175.14999389648438,182.88999938964844,157.4276123046875,329200
2021-06-25,185.0,193.0,180.61000061035156,183.38999938964844,157.85801696777344,647300
2021-06-28,183.0,187.22000122070312,180.3699951171875,184.5800018310547,158.88232421875,313900
2021-06-29,183.7100067138672,186.6699981689453,176.05999755859375,177.52000427246094,152.92953491210938,264200
2021-06-30,178.77999877929688,183.75,175.0500030517578,180.8800048828125,155.82411193847656,234600
2021-07-01,182.2899932861328,188.7899932861328,177.02000427246094,187.42999267578125,161.4667510986328,290800
2021-07-02,187.99000549316406,188.00999450683594,182.0800018310547,183.92999267578125,158.4516143798828,200000
2021-07-06,182.88999938964844,184.32000732421875,172.00999450683594,179.6999969482422,154.80755615234375,238200
2021-07-07,176.08999633789062,184.36000061035156,174.0,180.67999267578125,155.6518096923828,194400
2021-07-08,174.27999877929688,180.75999450683594,172.25999450683594,179.7100067138672,154.81622314453125,272700
2021-07-09,181.85000610351562,190.4499969482422,181.85000610351562,183.63999938964844,158.2017822265625,190900
2021-07-12,180.52000427246094,189.27999877929688,179.3000030517578,186.8000030517578,160.92408752441406,203800
2021-07-13,186.35000610351562,186.6699981689453,180.89999389648438,184.91000366210938,159.29588317871094,196500
2021-07-14,184.50999450683594,189.9199981689453,180.77999877929688,180.80999755859375,155.7637939453125,241500
2021-07-15,178.99000549316406,181.64999389648438,176.3000030517578,178.1199951171875,153.44639587402344,252900
2021-07-16,178.3699951171875,182.0,172.50999450683594,173.5,149.46640014648438,258500
2021-07-19,167.88999938964844,169.39999389648438,160.50999450683594,164.47000122070312,141.68727111816406,281300
2021-07-20,165.42999267578125,171.9600067138672,164.0,170.6199951171875,146.98533630371094,306300
2021-07-21,172.72000122070312,185.72000122070312,171.00999450683594,183.0399932861328,157.68490600585938,254700
2021-07-22,182.30999755859375,186.89999389648438,178.13999938964844,185.10000610351562,159.45953369140625,237600
2021-07-23,185.52999877929688,190.0,179.07000732421875,182.25999450683594,157.01295471191406,207000
2021-07-26,182.5500030517578,188.39999389648438,180.75,185.80999755859375,160.0712127685547,174900
2021-07-27,184.8300018310547,187.35000610351562,175.74000549316406,181.08999633789062,156.00502014160156,266000
2021-07-28,178.49000549316406,185.47999572753906,175.97000122070312,183.44000244140625,158.02947998046875,227300
2021-07-29,185.0,187.58999633789062,181.05999755859375,181.80999755859375,156.62527465820312,160000
2021-07-30,180.5,188.5500030517578,178.8699951171875,183.27000427246094,157.883056640625,231500
2021-08-02,184.2100067138672,193.8800048828125,177.0,177.0,152.48155212402344,317400
2021-08-03,177.99000549316406,180.1999969482422,168.80999755859375,176.30999755859375,151.8871612548828,200400
2021-08-04,174.00999450683594,176.1999969482422,164.57000732421875,164.67999267578125,141.8681640625,207600
2021-08-05,165.0,175.8300018310547,163.41000366210938,171.94000244140625,148.12249755859375,191200
2021-08-06,174.02000427246094,177.57000732421875,171.16000366210938,174.92999267578125,150.69830322265625,150900
2021-08-09,174.35000610351562,177.88999938964844,170.52000427246094,175.3800048828125,151.08596801757812,200900
2021-08-10,173.8300018310547,183.5399932861328,173.44000244140625,183.05999755859375,157.70213317871094,204000
2021-08-11,184.4199981689453,185.8699951171875,179.02999877929688,182.14999389648438,156.91819763183594,231200
2021-08-12,189.11000061035156,196.16000366210938,171.72999572753906,191.47999572753906,164.9557647705078,959300
2021-08-13,194.7899932861328,207.32000732421875,190.39999389648438,196.2100067138672,169.03057861328125,643300
2021-08-16,195.2100067138672,209.77999877929688,192.61000061035156,205.22000122070312,176.79246520996094,422900
2021-08-17,202.89999389648438,204.52999877929688,189.61000061035156,194.0500030517578,167.16978454589844,383500
2021-08-18,192.0800018310547,199.2899932861328,188.80999755859375,193.05999755859375,166.31689453125,256700
2021-08-19,190.0,199.77000427246094,187.4199981689453,193.5,166.6959686279297,255300
2021-08-20,194.89999389648438,205.0,191.57000732421875,200.50999450683594,172.73492431640625,285800
2021-08-23,206.10000610351562,207.0,198.0,201.9199981689453,173.94960021972656,224500
2021-08-24,203.2899932861328,210.22999572753906,201.4499969482422,207.72999572753906,178.95474243164062,304800
2021-08-25,203.82000732421875,209.0500030517578,199.5,204.22000122070312,175.93099975585938,189000
2021-08-26,203.08999633789062,203.30999755859375,195.02999877929688,198.85000610351562,171.3048858642578,192600
2021-08-27,197.52000427246094,204.6699981689453,197.52000427246094,201.38999938964844,173.49302673339844,144100
2021-08-30,201.4199981689453,201.4199981689453,193.11000061035156,197.85000610351562,170.44338989257812,241500
2021-08-31,197.1300048828125,199.52999877929688,189.57000732421875,190.4600067138672,164.0770721435547,482100
2021-09-01,190.5,196.05999755859375,185.89999389648438,194.39999389648438,167.47129821777344,297000
2021-09-02,193.42999267578125,201.86000061035156,193.42999267578125,196.74000549316406,169.48712158203125,178800
2021-09-03,195.8800048828125,202.42999267578125,194.6199951171875,201.8000030517578,173.8462371826172,198400
2021-09-07,203.47999572753906,208.2100067138672,198.7899932861328,202.02999877929688,174.04432678222656,239000
2021-09-08,201.49000549316406,202.3000030517578,197.58999633789062,199.5,171.8648681640625,206200
2021-09-09,200.66000366210938,200.8300018310547,196.00999450683594,196.49000549316406,169.2717742919922,307700
2021-09-10,198.47999572753906,202.4600067138672,193.1999969482422,193.39999389648438,166.60977172851562,358200
2021-09-13,193.61000061035156,201.58999633789062,189.1199951171875,199.13999938964844,171.55470275878906,312800
2021-09-14,198.72000122070312,202.94000244140625,192.66000366210938,200.7899932861328,172.9761505126953,273700
2021-09-15,199.67999267578125,206.80999755859375,195.92999267578125,203.30999755859375,175.1470489501953,209100
2021-09-16,202.88999938964844,209.58999633789062,202.25,202.5399932861328,174.4837188720703,249200
2021-09-17,201.55999755859375,206.10000610351562,198.5500030517578,199.92999267578125,172.23524475097656,802200
2021-09-20,193.8800048828125,200.60000610351562,191.50999450683594,199.5,171.8648681640625,279700
2021-09-21,201.0,203.5500030517578,196.6199951171875,199.6300048828125,171.97683715820312,253000
2021-09-22,200.47999572753906,212.72000122070312,200.27000427246094,209.99000549316406,180.90176391601562,261100
2021-09-23,212.75,217.57000732421875,210.05999755859375,210.05999755859375,180.96202087402344,215400
2021-09-24,208.5,214.0,207.5800018310547,207.88999938964844,179.09259033203125,150600
2021-09-27,207.3699951171875,210.8800048828125,201.1699981689453,203.85000610351562,175.61224365234375,217300
2021-09-28,201.82000732421875,206.47000122070312,200.25999450683594,202.4600067138672,174.41481018066406,247700
2021-09-29,202.7100067138672,204.77999877929688,197.8300018310547,200.3699951171875,172.78500366210938,141200
2021-09-30,196.00999450683594,196.00999450683594,172.0,172.52000427246094,148.7691192626953,764000
2021-10-01,172.64999389648438,180.52999877929688,167.02999877929688,175.5800018310547,151.40782165527344,521600
2021-10-04,174.0800018310547,190.25,173.89999389648438,185.14999389648438,159.6603240966797,377000
2021-10-05,185.97999572753906,195.88999938964844,184.1199951171875,190.0,163.84262084960938,362500
2021-10-06,186.9499969482422,199.1199951171875,186.4600067138672,193.41000366210938,166.78317260742188,376100
2021-10-07,196.2899932861328,202.22000122070312,195.36000061035156,200.25,172.68150329589844,234000
2021-10-08,200.1300048828125,203.22000122070312,198.6199951171875,199.2100067138672,171.7847137451172,188400
2021-10-11,199.47000122070312,203.89999389648438,197.74000549316406,199.17999267578125,171.75880432128906,249500
2021-10-12,200.13999938964844,202.22999572753906,197.07000732421875,201.02000427246094,173.34548950195312,140100
2021-10-13,201.5,203.82000732421875,199.0399932861328,202.47999572753906,174.60452270507812,145900
2021-10-14,205.0,205.0,200.9199981689453,202.7899932861328,174.87184143066406,140900
2021-10-15,204.7899932861328,210.0,204.14999389648438,205.33999633789062,177.07077026367188,153900
2021-10-18,205.97999572753906,222.92999267578125,205.97999572753906,222.32000732421875,191.713134765625,220300
2021-10-19,222.8699951171875,224.5,217.52000427246094,220.36000061035156,190.02296447753906,251000
2021-10-20,216.8300018310547,224.8800048828125,216.8300018310547,220.91000366210938,190.4972686767578,124100
2021-10-21,220.41000366210938,226.25999450683594,220.33999633789062,221.75999450683594,191.230224609375,213600
2021-10-22,220.64999389648438,229.1300048828125,220.0,226.61000061035156,195.4125213623047,224300
2021-10-25,227.0,234.4600067138672,222.0800018310547,234.33999633789062,202.07835388183594,276000
2021-10-26,235.47999572753906,237.11000061035156,229.9600067138672,233.6199951171875,201.45745849609375,125300
2021-10-27,235.10000610351562,235.10000610351562,221.47999572753906,221.72999572753906,191.20436096191406,141500
2021-10-28,223.1300048828125,229.41000366210938,221.39999389648438,227.13999938964844,195.86956787109375,122000
2021-10-29,226.4600067138672,233.6199951171875,226.4600067138672,231.13999938964844,199.31884765625,157700
2021-11-01,234.8000030517578,239.67999267578125,232.02000427246094,236.8800048828125,204.2686309814453,169600
2021-11-02,235.99000549316406,256.54998779296875,234.8300018310547,256.54998779296875,221.23065185546875,262500
2021-11-03,257.8299865722656,300.0,257.8299865722656,281.82000732421875,243.021728515625,654600
2021-11-04,283.9599914550781,296.0400085449219,282.6499938964844,286.67999267578125,247.212646484375,342300
2021-11-05,293.1499938964844,303.5,287.7699890136719,303.0,261.285888671875,330200
2021-11-08,305.0,313.010009765625,295.29998779296875,299.0,257.83660888671875,323500
2021-11-09,297.4700012207031,309.760009765625,295.3399963378906,309.3599853515625,266.770263671875,189300
2021-11-10,306.25,310.989990234375,292.1400146484375,296.0,255.24960327148438,366800
2021-11-11,312.57000732421875,364.0799865722656,303.75,325.6099853515625,280.78314208984375,718500
2021-11-12,326.42999267578125,342.0199890136719,315.3699951171875,328.4599914550781,283.2408447265625,431700
2021-11-15,332.7799987792969,349.3500061035156,332.3699951171875,342.1300048828125,295.02886962890625,340200
2021-11-16,340.44000244140625,361.1499938964844,340.44000244140625,360.3500061035156,310.7405090332031,319300
2021-11-17,360.3500061035156,364.0,342.2300109863281,351.9200134277344,303.4710693359375,248000
2021-11-18,359.1000061035156,369.9200134277344,355.75,368.3800048828125,317.66497802734375,286700
2021-11-19,372.0,375.8399963378906,354.75,360.2699890136719,310.6715087890625,401800
2021-11-22,367.32000732421875,395.2900085449219,361.57000732421875,378.8800048828125,326.7194519042969,479400
2021-11-23,376.1300048828125,416.7099914550781,366.0,410.1499938964844,353.6844787597656,503700
2021-11-24,398.0,399.7300109863281,369.4200134277344,377.6700134277344,325.676025390625,471400
2021-11-26,344.0,346.3599853515625,328.8299865722656,340.7699890136719,306.0099792480469,273500
2021-11-29,355.3699951171875,359.1600036621094,331.8599853515625,339.9200134277344,305.24664306640625,239300
2021-11-30,319.260009765625,321.04998779296875,270.05999755859375,273.8999938964844,245.9609375,712700
2021-12-01,279.54998779296875,289.1499938964844,264.989990234375,272.17999267578125,244.4164581298828,458400
2021-12-02,271.95001220703125,280.2099914550781,265.5400085449219,272.7200012207031,244.90142822265625,244700
2021-12-03,272.2799987792969,272.739990234375,245.39999389648438,250.77999877929688,225.19932556152344,305300
2021-12-06,251.99000549316406,261.5899963378906,245.5500030517578,246.11000061035156,221.0056915283203,269500
2021-12-07,255.6199951171875,266.55999755859375,253.1300048828125,255.22000122070312,229.18641662597656,223100
2021-12-08,261.4800109863281,268.5400085449219,254.0,266.4800109863281,239.29786682128906,207700
2021-12-09,263.8399963378906,270.739990234375,260.4200134277344,264.6199951171875,237.62754821777344,194700
2021-12-10,267.260009765625,271.32000732421875,260.7200012207031,267.6099853515625,240.3125,144600
2021-12-13,267.6099853515625,267.739990234375,244.16000366210938,244.89999389648438,219.91909790039062,491700
2021-12-14,242.16000366210938,257.25,236.02000427246094,254.22000122070312,228.28843688964844,282000
2021-12-15,253.3300018310547,263.9599914550781,244.1300048828125,260.1000061035156,233.5686492919922,274600
2021-12-16,263.19000244140625,267.8500061035156,247.38999938964844,248.9199981689453,223.52903747558594,222300
2021-12-17,248.63999938964844,249.02000427246094,238.8699951171875,244.75999450683594,219.7933807373047,377800
2021-12-20,238.0,239.49000549316406,223.72000122070312,231.57000732421875,207.94883728027344,359400
2021-12-21,238.1300048828125,251.33999633789062,237.14999389648438,250.69000244140625,225.11849975585938,287400
2021-12-22,248.47999572753906,259.8299865722656,248.47999572753906,256.0899963378906,229.96763610839844,202000
2021-12-23,259.010009765625,259.010009765625,249.35000610351562,249.69000244140625,224.2205047607422,140700
2021-12-27,250.25,261.1400146484375,248.52999877929688,256.1700134277344,230.03948974609375,154500
2021-12-28,254.97000122070312,258.4800109863281,248.39999389648438,251.83999633789062,226.1511993408203,125400
2021-12-29,252.05999755859375,260.9800109863281,249.0,254.3800048828125,228.4320831298828,102800
2021-12-30,254.58999633789062,259.3900146484375,248.8000030517578,251.02999877929688,225.60116577148438,168300
2021-12-31,249.99000549316406,251.57000732421875,243.97999572753906,245.02000427246094,220.19996643066406,228100
2022-01-03,247.47000122070312,272.739990234375,244.0,250.6199951171875,225.23272705078125,335600
2022-01-04,250.6199951171875,261.3599853515625,249.99000549316406,261.3599853515625,234.88478088378906,348600
2022-01-05,261.3599853515625,261.5799865722656,243.97000122070312,244.24000549316406,219.49900817871094,349700
2022-01-06,248.0,259.0,240.69000244140625,255.92999267578125,230.00482177734375,224200
2022-01-07,252.2100067138672,255.41000366210938,232.77999877929688,233.52000427246094,209.8649139404297,276600
2022-01-10,230.0,230.4600067138672,221.25999450683594,229.5,206.25213623046875,362300
2022-01-11,230.9499969482422,255.7100067138672,227.02000427246094,254.99000549316406,229.1600799560547,335800
2022-01-12,253.3000030517578,258.25,248.8000030517578,254.42999267578125,228.65675354003906,358400
2022-01-13,256.70001220703125,260.92999267578125,247.0500030517578,248.32000732421875,223.1657257080078,203000
2022-01-14,247.0,251.0,242.60000610351562,250.27999877929688,224.92715454101562,219200
2022-01-18,247.77999877929688,252.47000122070312,238.64999389648438,239.0500030517578,214.83473205566406,336600
2022-01-19,242.38999938964844,251.89999389648438,241.2100067138672,242.0399932861328,217.5218505859375,254100
2022-01-20,243.55999755859375,252.89999389648438,227.5500030517578,229.32000732421875,206.09036254882812,292300
2022-01-21,225.32000732421875,236.6999969482422,222.69000244140625,231.25999450683594,207.8338623046875,291500
2022-01-24,224.00999450683594,273.989990234375,223.13999938964844,265.32000732421875,238.44366455078125,493800
2022-01-25,258.8500061035156,271.5400085449219,258.0,267.32000732421875,240.24107360839844,254300
2022-01-26,270.3599853515625,273.9599914550781,252.92999267578125,258.95001220703125,232.71897888183594,165400
2022-01-27,265.0400085449219,271.8599853515625,253.16000366210938,255.47000122070312,229.5914306640625,172300
2022-01-28,256.2099914550781,256.6199951171875,244.8000030517578,251.02000427246094,225.59222412109375,291900
2022-01-31,249.8000030517578,255.35000610351562,248.0,253.72000122070312,228.0187225341797,382600
2022-02-01,258.07000732421875,263.3999938964844,254.0,258.6700134277344,232.46730041503906,150900
2022-02-02,261.989990234375,262.4800109863281,250.66000366210938,258.5400085449219,232.35044860839844,163900
2022-02-03,255.47000122070312,265.0,253.0,253.08999633789062,227.45249938964844,104300
2022-02-04,252.66000366210938,262.760009765625,249.60000610351562,259.5799865722656,233.28509521484375,144500
2022-02-07,261.92999267578125,264.8599853515625,255.4600067138672,258.9700012207031,232.73687744140625,174200
2022-02-08,260.29998779296875,273.1000061035156,255.92999267578125,262.9599914550781,236.32272338867188,224900
2022-02-09,265.45001220703125,272.42999267578125,265.260009765625,269.4800109863281,242.1822509765625,125400
2022-02-10,266.6099853515625,276.19000244140625,258.2799987792969,261.4200134277344,234.9387664794922,172100
2022-02-11,260.0,261.5,248.38999938964844,248.82000732421875,223.61505126953125,253900
2022-02-14,249.6999969482422,256.0799865722656,240.6699981689453,243.36000061035156,218.70811462402344,295100
2022-02-15,246.22000122070312,252.44000244140625,243.3699951171875,251.4499969482422,225.9786376953125,351300
2022-02-16,250.32000732421875,257.5199890136719,249.1999969482422,253.1999969482422,227.55137634277344,202000
2022-02-17,251.0,253.14999389648438,238.8000030517578,240.5399932861328,216.17381286621094,273500
2022-02-18,239.6999969482422,252.0,239.39999389648438,243.69000244140625,219.0047149658203,285900
2022-02-22,246.33999633789062,260.0,227.7899932861328,232.9199981689453,209.32566833496094,517300
2022-02-23,239.0,239.0,220.67999267578125,227.00999450683594,204.0143585205078,450400
2022-02-24,216.0,246.0500030517578,216.0,242.89999389648438,218.2947235107422,351800
2022-02-25,248.2100067138672,268.79998779296875,247.07000732421875,265.9200134277344,238.98284912109375,399400
2022-02-28,262.1499938964844,265.94000244140625,247.39999389648438,250.7100067138672,225.31362915039062,472800
2022-03-01,251.27000427246094,255.8800048828125,243.13999938964844,244.22999572753906,219.49000549316406,352000
2022-03-02,250.74000549316406,277.260009765625,250.5800018310547,267.5299987792969,240.42982482910156,383200
2022-03-03,269.6499938964844,269.6499938964844,259.2699890136719,265.67999267578125,238.76718139648438,196100
2022-03-04,260.79998779296875,263.4700012207031,250.0,254.7899932861328,228.98031616210938,181900
2022-03-07,252.02000427246094,255.25,247.1999969482422,253.67999267578125,227.9827423095703,411400
2022-03-08,256.9200134277344,277.9700012207031,253.55999755859375,265.760009765625,238.83905029296875,273400
2022-03-09,271.739990234375,274.0899963378906,263.0799865722656,267.0,239.9534454345703,180500
2022-03-10,262.1300048828125,272.0,254.77000427246094,271.8399963378906,244.30319213867188,168100
2022-03-11,271.510009765625,273.82000732421875,263.5,269.7300109863281,242.4069366455078,159400
2022-03-14,268.1400146484375,274.29998779296875,255.0800018310547,259.9800109863281,233.64459228515625,274500
2022-03-15,262.0,267.239990234375,252.75,265.8500061035156,238.92001342773438,199400
2022-03-16,270.0,280.94000244140625,265.010009765625,277.7099914550781,249.5785369873047,236700
2022-03-17,275.79998779296875,280.29998779296875,273.9800109863281,278.8599853515625,250.61204528808594,137600
2022-03-18,278.30999755859375,296.510009765625,272.6199951171875,296.0,266.0158386230469,431800
2022-03-21,296.1600036621094,303.1499938964844,282.1099853515625,285.4100036621094,256.4986267089844,324100
2022-03-22,289.1400146484375,298.4800109863281,281.5400085449219,288.29998779296875,259.0957336425781,168600
2022-03-23,284.0,288.0,272.95001220703125,273.79998779296875,246.06460571289062,142900
2022-03-24,274.1199951171875,276.9599914550781,266.8800048828125,276.25,248.26649475097656,139300
2022-03-25,278.0,279.9800109863281,268.95001220703125,272.1700134277344,244.59983825683594,149900
2022-03-28,270.0,277.9599914550781,262.510009765625,277.69000244140625,249.5605926513672,156100
2022-03-29,285.0,287.92999267578125,276.1400146484375,286.8699951171875,257.8106689453125,143800
2022-03-30,283.8599853515625,285.5799865722656,276.30999755859375,278.6400146484375,250.58909606933594,106000
2022-03-31,279.2699890136719,281.4599914550781,266.3299865722656,268.3900146484375,241.37100219726562,146600
2022-04-01,271.2099914550781,281.8299865722656,267.5,271.70001220703125,244.3477325439453,142400
2022-04-04,271.70001220703125,281.3999938964844,271.70001220703125,273.69000244140625,246.13742065429688,131700
2022-04-05,274.7300109863281,278.32000732421875,264.8999938964844,266.5,239.67120361328125,89600
2022-04-06,262.79998779296875,263.3800048828125,252.77000427246094,255.0500030517578,229.37388610839844,193700
2022-04-07,254.74000549316406,268.7699890136719,252.0,266.42999267578125,239.6082763671875,184500
2022-04-08,269.2099914550781,285.0199890136719,268.0,276.2300109863281,248.42169189453125,180000
2022-04-11,274.5,285.95001220703125,271.7200012207031,276.8999938964844,249.0242462158203,141100
2022-04-12,282.45001220703125,292.1700134277344,277.69000244140625,282.1400146484375,253.7366943359375,148800
2022-04-13,282.0,296.4800109863281,280.6199951171875,290.9200134277344,261.6329040527344,158700
2022-04-14,291.1000061035156,300.82000732421875,291.1000061035156,296.8900146484375,267.0018005371094,149300
2022-04-18,295.1099853515625,306.0,294.2699890136719,302.2699890136719,271.84014892578125,159600
2022-04-19,306.9100036621094,311.6000061035156,303.6400146484375,305.9200134277344,275.122802734375,154000
2022-04-20,309.25,311.8399963378906,299.3500061035156,306.6600036621094,275.78826904296875,159900
2022-04-21,312.9200134277344,312.9200134277344,299.69000244140625,303.2799987792969,272.7485656738281,165900
2022-04-22,291.989990234375,293.5400085449219,264.6499938964844,268.05999755859375,241.07415771484375,311600
2022-04-25,261.7200012207031,289.739990234375,258.010009765625,287.489990234375,258.548095703125,357300
2022-04-26,283.8399963378906,286.5199890136719,278.6300048828125,280.05999755859375,251.86611938476562,172800
2022-04-27,283.0299987792969,295.6099853515625,283.0299987792969,295.0,265.30206298828125,297300
2022-04-28,293.3900146484375,319.9100036621094,293.3900146484375,307.9599914550781,276.9573669433594,329500
2022-04-29,304.05999755859375,311.80999755859375,299.8999938964844,303.80999755859375,273.2251892089844,310200
2022-05-02,304.0400085449219,309.45001220703125,298.5400085449219,308.8299865722656,277.7398376464844,200600
2022-05-03,310.7699890136719,327.2699890136719,310.2099914550781,319.69000244140625,287.50653076171875,252700
2022-05-04,320.92999267578125,344.07000732421875,320.6000061035156,344.010009765625,309.37823486328125,236700
2022-05-05,335.6000061035156,340.5299987792969,315.0,317.3299865722656,285.3841247558594,191200
2022-05-06,312.8800048828125,313.9599914550781,300.1199951171875,309.1400146484375,278.01861572265625,143000
2022-05-09,302.55999755859375,322.9800109863281,302.55999755859375,308.739990234375,277.6588439941406,215400
2022-05-10,308.5400085449219,313.8299865722656,291.45001220703125,298.0,268.0000915527344,220500
2022-05-11,297.9599914550781,305.260009765625,280.8299865722656,283.1400146484375,254.6360626220703,228200
2022-05-12,300.0,317.0899963378906,296.4599914550781,312.760009765625,281.2741394042969,487700
2022-05-13,321.989990234375,329.760009765625,315.92999267578125,323.69000244140625,291.1037902832031,265100
2022-05-16,327.7099914550781,329.79998779296875,315.6400146484375,325.5799865722656,292.80352783203125,197700
2022-05-17,324.2200012207031,335.0,316.04998779296875,323.8900146484375,291.28363037109375,220500
2022-05-18,308.0,308.0,266.6000061035156,268.0400085449219,241.05615234375,637700
2022-05-19,261.29998779296875,280.1300048828125,259.94000244140625,272.6400146484375,245.19314575195312,312300
2022-05-20,269.0,271.3599853515625,244.3300018310547,250.35000610351562,225.1470489501953,462400
2022-05-23,251.89999389648438,260.69000244140625,246.47000122070312,248.97999572753906,223.9149627685547,393400
2022-05-24,241.3300018310547,241.3300018310547,224.11000061035156,235.74000549316406,212.0078582763672,457300
2022-05-25,235.86000061035156,267.0899963378906,233.41000366210938,265.0299987792969,238.3491973876953,428000
2022-05-26,268.2099914550781,291.5,268.2099914550781,285.510009765625,256.7674560546875,384500
2022-05-27,286.9599914550781,305.0,285.5199890136719,302.3699951171875,271.9301452636719,303700
2022-05-31,293.9599914550781,305.0,292.510009765625,301.4800109863281,271.1297302246094,257000
2022-06-01,306.79998779296875,306.79998779296875,297.5899963378906,297.6700134277344,267.7032775878906,196500
2022-06-02,299.1300048828125,311.3399963378906,298.3999938964844,310.5,279.2416687011719,187500
2022-06-03,308.239990234375,324.5299987792969,307.20001220703125,324.4100036621094,291.7513732910156,198600
2022-06-06,326.70001220703125,334.8900146484375,325.3900146484375,334.67999267578125,300.9874572753906,225600
2022-06-07,330.3800048828125,341.7799987792969,327.8999938964844,335.6000061035156,301.81475830078125,232400
2022-06-08,330.82000732421875,333.989990234375,318.3500061035156,327.0799865722656,294.1525573730469,237600
2022-06-09,326.6700134277344,327.57000732421875,312.05999755859375,314.9200134277344,283.21673583984375,174200
2022-06-10,310.20001220703125,310.20001220703125,297.9800109863281,302.5899963378906,272.1280212402344,170000
2022-06-13,289.6400146484375,296.4800109863281,281.3500061035156,288.5400085449219,259.4924011230469,198100
2022-06-14,289.8599853515625,299.45001220703125,289.2799987792969,294.3900146484375,264.7535095214844,155900
2022-06-15,298.2900085449219,301.05999755859375,286.5299987792969,293.29998779296875,263.77325439453125,149000
2022-06-16,283.29998779296875,284.6000061035156,273.3599853515625,277.0899963378906,249.19512939453125,163000
2022-06-17,276.57000732421875,283.94000244140625,266.0,273.2699890136719,245.75965881347656,265100
2022-06-21,281.7300109863281,281.7300109863281,267.489990234375,276.3500061035156,248.5295867919922,162900
2022-06-22,270.1400146484375,272.80999755859375,256.1600036621094,258.95001220703125,232.88136291503906,188600
2022-06-23,260.3999938964844,261.6700134277344,235.2100067138672,243.82000732421875,219.2744598388672,275400
2022-06-24,246.8800048828125,264.0199890136719,246.8800048828125,259.8500061035156,233.69064331054688,405700
2022-06-27,261.5400085449219,262.1700134277344,251.61000061035156,253.69000244140625,228.15081787109375,116500
2022-06-28,256.8599853515625,260.20001220703125,247.52000427246094,248.11000061035156,223.13253784179688,116300
2022-06-29,246.77999877929688,246.77999877929688,233.97000122070312,238.02999877929688,214.239990234375,160500
2022-06-30,231.07000732421875,231.07000732421875,218.0,220.57000732421875,198.52503967285156,329100
2022-07-01,218.1699981689453,218.57000732421875,201.5399932861328,210.0,189.01150512695312,366900
2022-07-05,205.02000427246094,215.36000061035156,200.6199951171875,214.50999450683594,193.0707244873047,201900
2022-07-06,214.55999755859375,214.55999755859375,204.00999450683594,211.5800018310547,190.43356323242188,193600
2022-07-07,209.97999572753906,219.19000244140625,206.8300018310547,212.66000366210938,191.40560913085938,269500
2022-07-08,211.83999633789062,212.58999633789062,205.00999450683594,207.55999755859375,186.8153533935547,131000
2022-07-11,207.77000427246094,210.22999572753906,201.33999633789062,209.47000122070312,188.53445434570312,172200
2022-07-12,207.6300048828125,211.5,198.0399932861328,199.89999389648438,179.92091369628906,237300
2022-07-13,196.5800018310547,204.55999755859375,193.0,201.6199951171875,181.46900939941406,164400
2022-07-14,199.5,200.00999450683594,194.25,197.60000610351562,177.85081481933594,149300
2022-07-15,200.5399932861328,206.74000549316406,196.49000549316406,201.13999938964844,181.0369873046875,185900
2022-07-18,204.33999633789062,210.91000366210938,203.1999969482422,203.47999572753906,183.14309692382812,156900
2022-07-19,209.25999450683594,218.97999572753906,208.3800048828125,215.02999877929688,193.5387420654297,207300
2022-07-20,214.30999755859375,221.47000122070312,207.44000244140625,220.36000061035156,198.3360137939453,173800
2022-07-21,218.63999938964844,230.75,217.9199981689453,230.10000610351562,207.10255432128906,240400
2022-07-22,230.10000610351562,238.69000244140625,221.8800048828125,224.49000549316406,202.05328369140625,196100
2022-07-25,226.0500030517578,228.0399932861328,217.6300048828125,226.02000427246094,203.43035888671875,170800
2022-07-26,216.2899932861328,225.0,214.22999572753906,216.8000030517578,195.13185119628906,173900
2022-07-27,220.36000061035156,231.11000061035156,217.3000030517578,229.92999267578125,206.94955444335938,181000
2022-07-28,231.0,231.8800048828125,223.63999938964844,229.33999633789062,206.4185333251953,164800
2022-07-29,230.3000030517578,233.41000366210938,221.02999877929688,227.35000610351562,204.6273956298828,160000
2022-08-01,225.1999969482422,233.02999877929688,223.72000122070312,230.97999572753906,207.8946533203125,171400
2022-08-02,229.66000366210938,238.75999450683594,227.3000030517578,233.17999267578125,209.87472534179688,154100
2022-08-03,238.25999450683594,247.05999755859375,235.49000549316406,242.1999969482422,217.9932098388672,181200
2022-08-04,241.3800048828125,242.02999877929688,234.60000610351562,238.3800048828125,214.55502319335938,120100
2022-08-05,236.97000122070312,243.0,236.0,238.8300018310547,214.96005249023438,133000
2022-08-08,240.63999938964844,260.6300048828125,240.63999938964844,258.5899963378906,232.7451171875,245400
2022-08-09,256.989990234375,257.1700134277344,236.7899932861328,238.80999755859375,214.9420623779297,212900
2022-08-10,245.0,259.95001220703125,245.0,248.55999755859375,223.7175750732422,228900
2022-08-11,289.0,297.3800048828125,272.2699890136719,292.75,263.49102783203125,624600
2022-08-12,296.1000061035156,304.1700134277344,292.2900085449219,301.6000061035156,271.45648193359375,296300
2022-08-15,305.79998779296875,321.17999267578125,304.239990234375,317.6199951171875,285.8753356933594,298900
2022-08-16,321.1099853515625,337.6600036621094,315.6300048828125,327.0,294.3179016113281,346800
2022-08-17,324.5400085449219,334.92999267578125,319.3699951171875,327.17999267578125,294.4798278808594,213500
2022-08-18,325.3299865722656,330.8999938964844,320.7699890136719,330.0199890136719,297.0360412597656,149800
2022-08-19,326.6700134277344,326.6700134277344,316.07000732421875,320.6300048828125,288.58453369140625,168300
2022-08-22,310.6499938964844,318.7900085449219,305.6000061035156,307.8900146484375,277.11785888671875,196400
2022-08-23,311.1099853515625,321.92999267578125,309.92999267578125,313.3900146484375,282.06817626953125,169400
2022-08-24,310.1300048828125,316.1199951171875,305.0,307.2200012207031,276.5147705078125,163400
2022-08-25,305.7799987792969,318.2699890136719,305.5,314.92999267578125,283.4542236328125,95400
2022-08-26,316.3500061035156,316.3500061035156,301.0,301.6199951171875,271.4744873046875,177800
2022-08-29,298.8599853515625,304.9700012207031,296.489990234375,298.3999938964844,268.5763244628906,161300
2022-08-30,300.6099853515625,306.75,291.7200012207031,297.94000244140625,268.1623229980469,142900
2022-08-31,297.8999938964844,299.6400146484375,292.4200134277344,296.239990234375,266.6321716308594,135800
2022-09-01,291.9100036621094,291.9100036621094,282.2300109863281,289.2699890136719,260.3587951660156,160200
2022-09-02,292.8500061035156,295.7200012207031,283.75,289.07000732421875,260.1788635253906,110700
2022-09-06,291.75,296.6600036621094,286.57000732421875,294.7799987792969,265.318115234375,177000
2022-09-07,293.1700134277344,307.9800109863281,292.0,305.2799987792969,274.7686462402344,147600
2022-09-08,300.4100036621094,305.6099853515625,294.95001220703125,303.2900085449219,272.9776306152344,143700
2022-09-09,306.8500061035156,317.8599853515625,303.6099853515625,314.05999755859375,282.671142578125,162600
2022-09-12,316.32000732421875,319.9200134277344,307.2699890136719,312.7900085449219,281.5281066894531,137200
2022-09-13,297.7300109863281,308.3500061035156,290.1400146484375,294.739990234375,265.2821044921875,168800
2022-09-14,293.8599853515625,293.8599853515625,281.79998779296875,287.57000732421875,258.8287048339844,146300
2022-09-15,284.05999755859375,292.69000244140625,283.6400146484375,287.489990234375,258.7566833496094,175000
2022-09-16,282.7099914550781,291.239990234375,279.739990234375,287.29998779296875,258.585693359375,176200
2022-09-19,282.739990234375,302.6400146484375,282.739990234375,301.1600036621094,271.0604553222656,154800
2022-09-20,299.1199951171875,299.5400085449219,291.3500061035156,296.260009765625,266.6501770019531,121100
2022-09-21,298.7099914550781,309.260009765625,296.5400085449219,297.1499938964844,267.4512023925781,174400
2022-09-22,300.260009765625,300.260009765625,285.4700012207031,286.760009765625,258.0997009277344,113600
2022-09-23,280.92999267578125,284.8399963378906,271.7699890136719,280.0,252.0153045654297,200800
2022-09-26,278.25,284.989990234375,267.7200012207031,268.0199890136719,241.23265075683594,142900
2022-09-27,272.4200134277344,275.1400146484375,258.80999755859375,262.94000244140625,236.66041564941406,229400
2022-09-28,262.739990234375,272.8299865722656,262.739990234375,268.6199951171875,241.77268981933594,160100
2022-09-29,264.19000244140625,264.8900146484375,254.49000549316406,262.44000244140625,236.3863067626953,193900
2022-09-30,255.75,279.2699890136719,255.7100067138672,272.760009765625,245.6818389892578,209400
2022-10-03,278.3500061035156,288.05999755859375,275.0400085449219,285.05999755859375,256.76080322265625,172000
2022-10-04,292.0,295.8800048828125,289.07000732421875,295.7300109863281,266.3714904785156,112500
2022-10-05,290.6199951171875,293.42999267578125,279.67999267578125,279.9599914550781,252.1669921875,187500
2022-10-06,276.239990234375,280.80999755859375,270.5,274.1099853515625,246.89776611328125,126300
2022-10-07,270.1000061035156,282.1199951171875,269.3500061035156,281.260009765625,253.33798217773438,173200
2022-10-10,284.4700012207031,288.2900085449219,278.30999755859375,282.8800048828125,254.7971649169922,95400
2022-10-11,281.8800048828125,292.3999938964844,275.6600036621094,279.0299987792969,251.3293914794922,148100
2022-10-12,279.3399963378906,280.20001220703125,271.8599853515625,276.54998779296875,249.0955810546875,91100
2022-10-13,270.0,282.8900146484375,263.8599853515625,282.4200134277344,254.3828887939453,128500
2022-10-14,285.54998779296875,287.010009765625,276.9800109863281,280.8699951171875,252.98670959472656,127800
2022-10-17,288.79998779296875,314.5799865722656,288.79998779296875,314.32000732421875,283.115966796875,301400
2022-10-18,317.30999755859375,322.19000244140625,306.07000732421875,310.3599853515625,279.549072265625,174100
2022-10-19,307.05999755859375,310.7799987792969,299.8599853515625,302.8800048828125,272.81170654296875,96400
2022-10-20,305.2699890136719,311.32000732421875,298.0899963378906,298.32000732421875,268.704345703125,106700
2022-10-21,300.489990234375,311.92999267578125,299.79998779296875,310.8800048828125,280.0174560546875,89400
2022-10-24,309.8699951171875,319.94000244140625,306.07000732421875,319.9100036621094,288.1510314941406,118700
2022-10-25,322.8500061035156,328.1600036621094,319.9100036621094,322.2099914550781,290.2226257324219,124100
2022-10-26,322.0,335.25,314.9800109863281,321.2699890136719,289.3760070800781,153700
2022-10-27,322.739990234375,325.8399963378906,316.95001220703125,319.3800048828125,287.67364501953125,76600
2022-10-28,316.7200012207031,327.70001220703125,312.0,325.1099853515625,292.8348083496094,117900
2022-10-31,321.4100036621094,329.8500061035156,319.4599914550781,328.7900085449219,296.14947509765625,103500
2022-11-01,331.3699951171875,336.79998779296875,323.29998779296875,331.69000244140625,298.76153564453125,109800
2022-11-02,331.5199890136719,334.9800109863281,308.0400085449219,310.510009765625,279.6842346191406,224100
2022-11-03,308.67999267578125,325.5,304.6499938964844,313.1000061035156,282.01708984375,94900
2022-11-04,319.989990234375,320.80999755859375,306.7200012207031,314.04998779296875,282.872802734375,78600
2022-11-07,314.8399963378906,331.7900085449219,312.2099914550781,325.1199951171875,292.8437805175781,214100
2022-11-08,332.07000732421875,340.55999755859375,328.1000061035156,330.69000244140625,297.8608093261719,185300
2022-11-09,330.0,330.0,311.6199951171875,313.29998779296875,282.1972351074219,182200
2022-11-10,353.0,353.0,316.8800048828125,320.69000244140625,288.85357666015625,385400
2022-11-11,326.6199951171875,359.0,323.6000061035156,353.6499938964844,318.5414733886719,314500
2022-11-14,352.0799865722656,369.95001220703125,350.260009765625,361.6600036621094,325.75628662109375,228900
2022-11-15,370.0,390.79998779296875,368.2900085449219,383.0299987792969,345.0047607421875,186500
2022-11-16,367.3999938964844,374.9100036621094,361.79998779296875,367.739990234375,331.2326965332031,149300
2022-11-17,368.04998779296875,373.5799865722656,353.2099914550781,363.6099853515625,327.5126647949219,159700
2022-11-18,376.25,377.1300048828125,356.5,359.20001220703125,323.5404968261719,276700
2022-11-21,359.8999938964844,365.9800109863281,352.25,363.5299987792969,327.440673828125,222800
2022-11-22,369.6700134277344,376.5400085449219,361.8299865722656,375.1099853515625,337.8710632324219,171900
2022-11-23,370.3500061035156,377.42999267578125,367.9100036621094,373.6700134277344,336.5740966796875,111400
2022-11-25,371.94000244140625,377.8900146484375,368.30999755859375,376.0299987792969,338.69970703125,55100
2022-11-28,374.989990234375,376.9200134277344,361.3900146484375,362.3599853515625,326.3867492675781,148100
2022-11-29,364.7699890136719,374.989990234375,363.0,367.2699890136719,330.8093566894531,160300
2022-11-30,368.6700134277344,368.6700134277344,355.4100036621094,359.70001220703125,323.9908752441406,167000
2022-12-01,357.0899963378906,364.8699951171875,353.9100036621094,359.2799987792969,323.612548828125,118000
2022-12-02,358.5199890136719,363.1700134277344,350.25,357.17999267578125,321.7210388183594,100800
2022-12-05,355.6600036621094,361.8699951171875,347.8399963378906,352.1600036621094,317.199462890625,120800
2022-12-06,350.0199890136719,357.67999267578125,345.05999755859375,357.2799987792969,321.8111267089844,113000
2022-12-07,353.55999755859375,363.42999267578125,348.5299987792969,358.04998779296875,322.504638671875,98600
2022-12-08,360.1099853515625,361.8599853515625,350.0299987792969,352.32000732421875,317.343505859375,110400
2022-12-09,349.30999755859375,350.30999755859375,336.8399963378906,337.0799865722656,303.616455078125,123700
2022-12-12,339.42999267578125,339.42999267578125,331.1000061035156,332.17999267578125,299.202880859375,181700
2022-12-13,341.3599853515625,348.45001220703125,325.55999755859375,326.57000732421875,294.14984130859375,167600
2022-12-14,309.8500061035156,316.0,308.69000244140625,314.82000732421875,297.2181396484375,132100
2022-12-15,309.9100036621094,316.7099914550781,302.3699951171875,310.5,293.1396484375,170900
2022-12-16,304.75,307.1499938964844,295.3500061035156,299.17999267578125,282.45257568359375,172800
2022-12-19,299.69000244140625,302.7900085449219,293.32000732421875,301.8699951171875,284.9922180175781,127600
2022-12-20,299.2200012207031,310.75,299.2200012207031,305.0899963378906,288.0321350097656,121800
2022-12-21,310.4599914550781,315.760009765625,307.1199951171875,312.75,295.26385498046875,128800
2022-12-22,309.6300048828125,312.2900085449219,301.6099853515625,311.42999267578125,294.0176696777344,104400
2022-12-23,310.6000061035156,320.04998779296875,309.6700134277344,318.510009765625,300.7018737792969,81200
2022-12-27,320.3299865722656,326.25,316.6300048828125,324.8900146484375,306.72509765625,124900
2022-12-28,324.0,324.2900085449219,308.2699890136719,312.42999267578125,294.9617614746094,94700
2022-12-29,316.6400146484375,323.0799865722656,313.8599853515625,320.0299987792969,302.33038330078125,89800
2022-12-30,319.3299865722656,327.92999267578125,314.010009765625,323.20001220703125,305.3250427246094,117900
2023-01-03,323.1199951171875,325.29998779296875,315.67999267578125,318.07000732421875,300.4787902832031,153700
2023-01-04,323.7099914550781,328.2099914550781,317.3900146484375,325.8800048828125,307.8568420410156,132700
2023-01-05,321.1199951171875,328.1300048828125,318.30999755859375,323.7799987792969,305.8729248046875,107300
2023-01-06,325.3599853515625,339.2900085449219,322.05999755859375,332.3800048828125,313.997314453125,121000
2023-01-09,330.5400085449219,331.1099853515625,321.44000244140625,326.9800109863281,308.8960266113281,140400
2023-01-10,330.8399963378906,334.80999755859375,325.8699951171875,333.4599914550781,315.0176086425781,107100
2023-01-11,336.3500061035156,361.30999755859375,336.3500061035156,356.32000732421875,336.61334228515625,199300
2023-01-12,357.44000244140625,365.75,352.25,365.489990234375,345.27618408203125,147200
2023-01-13,365.2900085449219,376.3599853515625,363.42999267578125,373.6700134277344,353.0037841796875,131200
2023-01-17,371.0,377.79998779296875,366.20001220703125,377.7099914550781,356.8203125,146900
2023-01-18,382.19000244140625,385.8800048828125,370.2699890136719,377.19000244140625,356.3291015625,117200
2023-01-19,374.5799865722656,375.6099853515625,367.32000732421875,372.8500061035156,352.2290954589844,98200
2023-01-20,372.8999938964844,372.8999938964844,360.80999755859375,367.010009765625,346.71209716796875,138000
2023-01-23,366.75,379.1600036621094,364.94000244140625,374.7900085449219,354.0617980957031,138900
2023-01-24,371.57000732421875,373.1600036621094,367.0899963378906,368.510009765625,348.129150390625,88600
2023-01-25,367.0899963378906,382.44000244140625,364.2300109863281,379.8299865722656,358.8230895996094,149900
2023-01-26,383.1000061035156,385.8699951171875,374.55999755859375,385.489990234375,364.16998291015625,84600
2023-01-27,385.8800048828125,389.7900085449219,378.3599853515625,379.6499938964844,358.6529846191406,110300
2023-01-30,377.0,390.9100036621094,377.0,386.489990234375,365.1147155761719,128700
2023-01-31,385.19000244140625,393.7699890136719,385.19000244140625,393.30999755859375,371.55755615234375,108400
2023-02-01,391.7699890136719,400.3699951171875,383.3599853515625,394.55999755859375,372.7384338378906,127300
2023-02-02,398.3800048828125,414.20001220703125,395.5400085449219,406.75,384.25421142578125,149100
2023-02-03,404.4800109863281,416.29998779296875,402.3299865722656,402.3299865722656,380.07867431640625,140600
2023-02-06,398.7200012207031,413.29998779296875,394.510009765625,412.1600036621094,389.3650207519531,100000
2023-02-07,410.8599853515625,417.8599853515625,401.5,415.3599853515625,392.38800048828125,97400
2023-02-08,411.1000061035156,411.1000061035156,396.6700134277344,397.9100036621094,375.90313720703125,100600
2023-02-09,399.0,406.0,392.7799987792969,393.9700012207031,372.1810607910156,78000
2023-02-10,390.54998779296875,399.260009765625,387.1300048828125,391.0899963378906,369.4602966308594,84100
2023-02-13,390.0,397.0299987792969,387.6499938964844,395.9700012207031,374.0704345703125,81300
2023-02-14,392.6099853515625,400.9100036621094,390.7200012207031,396.67999267578125,374.7411193847656,90700
2023-02-15,393.6600036621094,406.0199890136719,390.6000061035156,403.07000732421875,380.7777404785156,92900
2023-02-16,397.260009765625,404.2200012207031,396.05999755859375,397.739990234375,375.7425231933594,88200
2023-02-17,399.9700012207031,408.55999755859375,395.8900146484375,406.6499938964844,384.15972900390625,117400
2023-02-21,391.6700134277344,395.0,331.44000244140625,337.010009765625,318.37127685546875,475100
2023-02-22,335.4599914550781,346.94000244140625,333.5,345.6099853515625,326.4956359863281,231300
2023-02-23,344.6600036621094,357.6000061035156,336.239990234375,341.0899963378906,322.2256164550781,200800
2023-02-24,336.510009765625,358.9800109863281,335.5899963378906,352.4100036621094,332.9195556640625,216400
2023-02-27,359.0,362.739990234375,352.1600036621094,356.8599853515625,337.1234436035156,171500
2023-02-28,358.7099914550781,364.0799865722656,356.32000732421875,356.4100036621094,336.6983337402344,150900
2023-03-01,352.0,361.7099914550781,350.9700012207031,354.8699951171875,335.2434997558594,210500
2023-03-02,358.760009765625,363.239990234375,352.5400085449219,355.6300048828125,335.96148681640625,108700
2023-03-03,357.3999938964844,362.0400085449219,350.04998779296875,360.8800048828125,340.9211120605469,94400
2023-03-06,364.0,364.8399963378906,351.05999755859375,352.8299865722656,333.3163146972656,108600
2023-03-07,356.19000244140625,364.0,353.010009765625,354.4200134277344,334.81842041015625,157700
2023-03-08,356.32000732421875,358.3999938964844,349.4800109863281,355.5,335.83868408203125,96900
2023-03-09,353.6499938964844,355.0,338.0400085449219,340.1300048828125,321.3187255859375,163800
2023-03-10,338.44000244140625,344.0799865722656,332.5,335.82000732421875,317.2471008300781,110300
2023-03-13,327.6000061035156,341.82000732421875,326.07000732421875,336.1600036621094,317.56829833984375,209000
2023-03-14,344.9100036621094,346.55999755859375,327.510009765625,332.29998779296875,313.9217529296875,147200
2023-03-15,326.1600036621094,331.010009765625,319.7699890136719,327.6400146484375,309.5195007324219,157800
2023-03-16,322.3800048828125,331.5799865722656,320.8299865722656,325.45001220703125,307.45062255859375,139500
2023-03-17,322.1000061035156,325.3500061035156,317.44000244140625,317.44000244140625,299.8836364746094,177700
2023-03-20,319.55999755859375,329.7699890136719,318.3599853515625,321.32000732421875,303.5490417480469,98900
2023-03-21,330.0199890136719,335.32000732421875,321.760009765625,321.8500061035156,304.0496826171875,132100
2023-03-22,323.8399963378906,326.1000061035156,306.82000732421875,306.8399963378906,289.869873046875,149400
2023-03-23,310.75,314.19000244140625,299.9700012207031,305.1099853515625,288.23553466796875,140700
2023-03-24,301.5299987792969,304.05999755859375,295.79998779296875,301.95001220703125,285.25030517578125,120100
2023-03-27,303.69000244140625,303.69000244140625,288.6199951171875,300.260009765625,283.65374755859375,145400
2023-03-28,300.6400146484375,307.4700012207031,298.989990234375,299.3699951171875,282.81298828125,144800
2023-03-29,298.80999755859375,301.8999938964844,293.4200134277344,300.3299865722656,283.7198791503906,165600
2023-03-30,304.7200012207031,304.7200012207031,298.239990234375,298.3599853515625,282.04669189453125,122100
2023-03-31,300.6300048828125,308.55999755859375,300.239990234375,307.67999267578125,290.85711669921875,114800
2023-04-03,309.25,313.1099853515625,304.5,310.8699951171875,293.8726501464844,171800
2023-04-04,314.32000732421875,316.6199951171875,306.1600036621094,308.25,291.39593505859375,118800
2023-04-05,305.0,306.989990234375,298.8399963378906,301.8999938964844,285.3930969238281,158000
2023-04-06,301.3399963378906,302.7699890136719,298.6099853515625,299.1099853515625,282.75567626953125,131400
2023-04-10,299.1199951171875,314.3999938964844,299.1199951171875,307.75,290.92327880859375,202100
2023-04-11,310.6099853515625,313.29998779296875,300.739990234375,303.30999755859375,286.7260437011719,191000
2023-04-12,305.32000732421875,307.1000061035156,295.17999267578125,295.25,279.106689453125,205300
2023-04-13,297.0899963378906,302.0899963378906,292.8599853515625,297.3999938964844,281.1391906738281,168700
2023-04-14,300.739990234375,305.92999267578125,296.5,299.8399963378906,283.44573974609375,153500
2023-04-17,302.0,304.7099914550781,298.5799865722656,304.17999267578125,287.5484313964844,152800
2023-04-18,304.94000244140625,306.5799865722656,299.9599914550781,306.5,289.74163818359375,126400
2023-04-19,301.9700012207031,313.2300109863281,299.7300109863281,313.1400146484375,296.0185852050781,146100
2023-04-20,312.0,322.9200134277344,310.95001220703125,313.9100036621094,296.7464599609375,114200
2023-04-21,316.20001220703125,316.20001220703125,311.25,313.07000732421875,295.952392578125,81800
2023-04-24,313.1000061035156,313.3800048828125,309.6099853515625,312.05999755859375,294.99761962890625,101000
2023-04-25,309.0899963378906,309.6000061035156,297.6400146484375,297.6400146484375,281.3660583496094,161300
2023-04-26,297.5199890136719,301.2300109863281,295.42999267578125,298.1700134277344,281.86712646484375,154000
2023-04-27,299.6099853515625,302.0400085449219,294.69000244140625,297.6600036621094,281.3849792480469,121200
2023-04-28,296.010009765625,302.44000244140625,296.0,298.3900146484375,282.0750427246094,95500
2023-05-01,295.75,300.5,293.7200012207031,293.8900146484375,277.8211364746094,154900
2023-05-02,291.8800048828125,295.7900085449219,287.25,294.07000732421875,277.9912414550781,175100
2023-05-03,296.1600036621094,297.489990234375,288.0199890136719,288.0799865722656,272.3287658691406,197600
2023-05-04,286.0899963378906,287.010009765625,280.739990234375,283.9599914550781,268.43402099609375,271400
2023-05-05,286.8399963378906,297.6199951171875,286.8399963378906,297.0299987792969,280.7893981933594,202000
2023-05-08,297.79998779296875,299.2799987792969,287.3800048828125,290.67999267578125,274.7865905761719,186000
2023-05-09,285.3699951171875,289.4700012207031,282.2300109863281,288.1000061035156,272.3476867675781,191800
2023-05-10,290.4100036621094,292.29998779296875,279.4100036621094,282.510009765625,267.06329345703125,247500
2023-05-11,279.5,293.8500061035156,274.7099914550781,283.17999267578125,267.6966552734375,329100
2023-05-12,281.3900146484375,287.7200012207031,281.3900146484375,283.7300109863281,268.2166442871094,195400
2023-05-15,285.6000061035156,292.20001220703125,284.3399963378906,291.2900085449219,275.36322021484375,145600
2023-05-16,288.510009765625,290.45001220703125,278.6199951171875,279.5899963378906,264.3029479980469,133700
2023-05-17,282.9200134277344,296.1600036621094,282.9200134277344,294.80999755859375,278.6907958984375,177300
2023-05-18,296.25,297.5400085449219,287.45001220703125,292.92999267578125,276.9135437011719,107500
2023-05-19,291.6000061035156,293.5299987792969,275.4700012207031,278.0,262.7998962402344,182200
2023-05-22,285.0799865722656,299.7099914550781,284.4200134277344,288.7200012207031,272.9337463378906,336800
2023-05-23,287.04998779296875,293.0199890136719,281.55999755859375,281.69000244140625,266.2881164550781,178900
2023-05-24,289.0,295.2099914550781,285.29998779296875,288.4100036621094,272.6407165527344,166000
2023-05-25,287.44000244140625,288.4599914550781,278.7900085449219,284.3299865722656,268.7837829589844,128500
2023-05-26,284.4599914550781,290.8599853515625,283.1000061035156,287.57000732421875,271.8466491699219,91600
2023-05-30,286.67999267578125,287.32000732421875,280.0,283.2099914550781,267.72503662109375,145700
2023-05-31,282.510009765625,284.010009765625,274.45001220703125,275.30999755859375,260.2569885253906,214100
2023-06-01,273.3699951171875,292.1499938964844,272.5799865722656,288.8599853515625,273.0660705566406,202700
2023-06-02,295.0,312.5299987792969,295.0,311.70001220703125,294.6573181152344,184400
2023-06-05,312.8699951171875,312.8699951171875,299.4100036621094,303.4700012207031,286.8772888183594,205300
2023-06-06,301.0199890136719,321.44000244140625,300.8299865722656,320.5799865722656,303.0517578125,192900
2023-06-07,321.8800048828125,334.69000244140625,321.8800048828125,332.5199890136719,314.33892822265625,188700
2023-06-08,332.19000244140625,341.1099853515625,327.95001220703125,338.239990234375,319.7461242675781,156200
2023-06-09,339.8800048828125,344.92999267578125,336.6199951171875,343.3599853515625,324.5862121582031,176100
2023-06-12,343.9200134277344,344.2799987792969,336.8699951171875,341.760009765625,323.07373046875,169200
2023-06-13,345.0,350.29998779296875,343.04998779296875,347.760009765625,328.7456970214844,147500
2023-06-14,350.2799987792969,352.8699951171875,336.2099914550781,337.1499938964844,318.71575927734375,136000
2023-06-15,337.69000244140625,345.8299865722656,334.30999755859375,345.5,326.6092224121094,159100
2023-06-16,348.1099853515625,348.1099853515625,331.010009765625,332.8500061035156,314.65087890625,141900
2023-06-20,332.79998779296875,335.1400146484375,327.7200012207031,328.8399963378906,310.8601989746094,143500
2023-06-21,327.8599853515625,331.5799865722656,323.489990234375,325.2900085449219,307.5042724609375,111900
2023-06-22,323.9200134277344,326.3399963378906,320.6499938964844,322.1499938964844,304.535888671875,74100
2023-06-23,319.6199951171875,328.5299987792969,317.19000244140625,321.67999267578125,304.09161376953125,192100
2023-06-26,322.0799865722656,328.9100036621094,317.79998779296875,318.57000732421875,301.15167236328125,101000
2023-06-27,317.4599914550781,334.4599914550781,316.25,331.67999267578125,313.54486083984375,162800
2023-06-28,331.7099914550781,335.0,322.7300109863281,324.0799865722656,306.36041259765625,107000
2023-06-29,323.3999938964844,332.5899963378906,320.8999938964844,331.29998779296875,313.3790283203125,94000
2023-06-30,332.94000244140625,332.94000244140625,323.9800109863281,326.2799987792969,308.6305847167969,68200
2023-07-03,326.2099914550781,333.1700134277344,325.0,331.25,313.3317565917969,71300
2023-07-05,330.29998779296875,332.3599853515625,322.3299865722656,329.69000244140625,311.85614013671875,89500
2023-07-06,325.17999267578125,331.5899963378906,324.739990234375,329.54998779296875,311.7236633300781,100200
2023-07-07,330.7900085449219,335.3500061035156,324.0899963378906,324.0899963378906,306.55902099609375,88700
2023-07-10,324.45001220703125,335.1499938964844,324.04998779296875,333.5799865722656,315.53570556640625,164000
2023-07-11,333.5799865722656,349.8599853515625,333.5799865722656,340.0299987792969,321.63677978515625,118200
2023-07-12,342.8900146484375,345.1700134277344,323.1000061035156,323.4700012207031,305.97259521484375,148200
2023-07-13,324.6499938964844,328.0,318.8999938964844,319.1700134277344,301.90521240234375,117500
2023-07-14,318.8299865722656,319.75,309.92999267578125,316.8399963378906,299.7012023925781,117800
2023-07-17,312.54998779296875,327.2900085449219,312.54998779296875,324.4100036621094,306.86175537109375,138900
2023-07-18,322.67999267578125,329.20001220703125,319.7300109863281,322.5400085449219,305.0928955078125,126400
2023-07-19,326.92999267578125,327.2200012207031,321.19000244140625,321.67999267578125,304.2794189453125,126600
2023-07-20,324.20001220703125,324.20001220703125,310.7699890136719,314.0299987792969,297.043212890625,121300
2023-07-21,316.760009765625,316.760009765625,305.489990234375,305.489990234375,288.9651794433594,113200
2023-07-24,305.510009765625,315.8500061035156,305.510009765625,315.8500061035156,298.7647705078125,127100
2023-07-25,316.9700012207031,316.9700012207031,309.1499938964844,314.4599914550781,297.449951171875,146200
2023-07-26,317.3500061035156,327.6099853515625,313.42999267578125,323.760009765625,306.2469482421875,127300
2023-07-27,325.57000732421875,327.2200012207031,317.9800109863281,318.19000244140625,300.9781799316406,113800
2023-07-28,322.7900085449219,334.4100036621094,322.42999267578125,331.0799865722656,313.17095947265625,113900
2023-07-31,333.82000732421875,347.5,332.8399963378906,343.0400085449219,324.4840087890625,153100
2023-08-01,339.010009765625,347.8699951171875,337.44000244140625,345.8500061035156,327.1419982910156,123300
2023-08-02,340.3999938964844,347.4100036621094,340.3800048828125,341.6600036621094,323.1786193847656,102300
2023-08-03,341.79998779296875,342.75,330.9599914550781,338.0400085449219,319.75445556640625,134300
2023-08-04,341.19000244140625,344.0,328.69000244140625,332.4800109863281,314.49517822265625,110600
2023-08-07,335.3999938964844,336.69000244140625,328.739990234375,333.4800109863281,315.4411315917969,88200
2023-08-08,328.1199951171875,338.4800109863281,325.82000732421875,336.5,318.2977600097656,133300
2023-08-09,337.0,339.2900085449219,332.8500061035156,336.1499938964844,317.9666748046875,91000
2023-08-10,343.0,382.9100036621094,340.0,369.7799987792969,349.7775573730469,334000
2023-08-11,371.0299987792969,371.30999755859375,357.94000244140625,364.0,344.3102111816406,189500
2023-08-14,362.739990234375,365.8299865722656,355.1400146484375,360.0,340.5265808105469,132800
2023-08-15,355.8999938964844,358.20001220703125,349.5,352.260009765625,333.20526123046875,137000
2023-08-16,352.1600036621094,357.8500061035156,346.5299987792969,346.8900146484375,328.125732421875,130600
2023-08-17,348.6400146484375,348.6400146484375,331.2099914550781,333.9599914550781,315.8951721191406,123000
2023-08-18,330.6300048828125,343.1199951171875,330.6300048828125,339.9100036621094,321.5233459472656,150400
2023-08-21,340.0,344.510009765625,333.2300109863281,336.30999755859375,318.1180419921875,70000
2023-08-22,330.6600036621094,332.6000061035156,321.8800048828125,330.95001220703125,313.0479736328125,232200
2023-08-23,332.75,343.8500061035156,325.7200012207031,343.4599914550781,324.8812561035156,151100
2023-08-24,346.8900146484375,351.0199890136719,336.8599853515625,337.6199951171875,319.357177734375,91600
2023-08-25,339.7900085449219,345.75,334.7799987792969,340.6000061035156,322.176025390625,106400
2023-08-28,342.1400146484375,346.8900146484375,339.8500061035156,342.55999755859375,324.02996826171875,104000
2023-08-29,342.55999755859375,354.3500061035156,342.1000061035156,345.32000732421875,326.6406555175781,106100
2023-08-30,342.9800109863281,351.4100036621094,340.6000061035156,349.4800109863281,330.57562255859375,79800
2023-08-31,348.239990234375,353.7200012207031,343.30999755859375,345.1199951171875,326.45147705078125,79000
2023-09-01,349.7699890136719,353.6700134277344,341.5400085449219,350.5199890136719,331.5593566894531,84300
2023-09-05,347.8500061035156,347.8500061035156,337.1300048828125,338.7200012207031,320.3976745605469,92000
2023-09-06,339.6300048828125,342.7300109863281,329.3299865722656,331.9599914550781,314.0033264160156,91600
2023-09-07,330.2099914550781,331.1199951171875,321.42999267578125,322.9599914550781,305.4901428222656,98200
2023-09-08,321.70001220703125,324.9700012207031,316.510009765625,318.9800109863281,301.7254638671875,98000
2023-09-11,322.260009765625,322.260009765625,315.0,318.67999267578125,301.44171142578125,112900
2023-09-12,318.7900085449219,324.6099853515625,317.32000732421875,320.6099853515625,303.26727294921875,115200
2023-09-13,320.6099853515625,320.6099853515625,314.69000244140625,318.0199890136719,300.8174133300781,98900
2023-09-14,319.44000244140625,325.5899963378906,316.9599914550781,323.8900146484375,306.3698425292969,124300
2023-09-15,322.0299987792969,323.0199890136719,317.95001220703125,318.3900146484375,301.1673889160156,157100
2023-09-18,317.2900085449219,323.6099853515625,306.69000244140625,308.8900146484375,292.1813049316406,139900
2023-09-19,307.8800048828125,313.5299987792969,307.2799987792969,312.44000244140625,295.5392150878906,101000
2023-09-20,313.4800109863281,316.5400085449219,309.30999755859375,309.8999938964844,293.1366271972656,70400
2023-09-21,307.1700134277344,312.8299865722656,307.1700134277344,310.7699890136719,293.9595642089844,103700
2023-09-22,312.5,316.4599914550781,310.2699890136719,313.9700012207031,296.9864501953125,68100
2023-09-25,312.5,320.3999938964844,312.5,318.20001220703125,300.9876708984375,59400
2023-09-26,316.489990234375,321.07000732421875,312.2699890136719,312.92999267578125,296.0027160644531,131200
2023-09-27,314.5400085449219,323.6700134277344,312.8299865722656,315.0899963378906,298.0458984375,149200
2023-09-28,314.1700134277344,329.6099853515625,314.1700134277344,328.17999267578125,310.6742858886719,143900
2023-09-29,330.55999755859375,336.4200134277344,328.7699890136719,330.80999755859375,313.16400146484375,93300
2023-10-02,329.6499938964844,333.4200134277344,322.5799865722656,325.9200134277344,308.5348815917969,127000
2023-10-03,324.42999267578125,328.7900085449219,313.9599914550781,314.510009765625,297.7334899902344,126400
2023-10-04,312.6099853515625,317.42999267578125,310.4800109863281,310.55999755859375,293.9941711425781,115000
2023-10-05,310.0,311.2699890136719,301.4100036621094,302.1600036621094,286.0422668457031,161300
2023-10-06,301.5899963378906,305.94000244140625,296.5,301.010009765625,284.95361328125,108400
2023-10-09,299.0400085449219,307.5199890136719,297.3900146484375,304.0299987792969,287.8125,134600
2023-10-10,307.0199890136719,312.3500061035156,306.989990234375,309.7300109863281,293.2084655761719,74900
2023-10-11,309.9800109863281,314.4200134277344,306.67999267578125,307.3399963378906,290.9459533691406,89100
2023-10-12,307.2200012207031,308.5,295.44000244140625,297.3999938964844,281.5361633300781,116700
2023-10-13,297.25,303.8399963378906,295.1400146484375,303.1700134277344,286.9983825683594,80800
2023-10-16,306.6099853515625,309.5,303.79998779296875,307.0,290.6241149902344,59700
2023-10-17,305.4700012207031,319.3900146484375,305.4700012207031,317.7300109863281,300.7817077636719,104000
2023-10-18,315.739990234375,322.760009765625,313.95001220703125,319.0299987792969,302.0123596191406,91800
2023-10-19,318.92999267578125,319.9200134277344,310.29998779296875,314.3900146484375,297.6199035644531,83100
2023-10-20,315.95001220703125,316.54998779296875,310.8299865722656,313.95001220703125,297.203369140625,62300
2023-10-23,313.6000061035156,316.3500061035156,309.75,310.30999755859375,293.7575378417969,67300
2023-10-24,312.260009765625,318.4599914550781,305.7699890136719,310.3299865722656,293.77642822265625,95900
2023-10-25,311.29998779296875,315.1000061035156,307.04998779296875,313.8500061035156,297.10870361328125,72800
2023-10-26,312.5199890136719,317.75,308.2799987792969,314.1499938964844,297.3927001953125,97500
2023-10-27,314.20001220703125,317.3399963378906,307.57000732421875,308.5400085449219,292.0819396972656,74900
2023-10-30,312.1499938964844,315.44000244140625,309.9100036621094,311.0799865722656,294.48638916015625,68200
2023-10-31,310.0199890136719,313.0899963378906,307.010009765625,310.45001220703125,293.8900451660156,78300
2023-11-01,310.0799865722656,313.4700012207031,305.0799865722656,310.25,293.7007141113281,90100
2023-11-02,314.9100036621094,325.1099853515625,314.489990234375,324.9700012207031,307.6355285644531,125300
2023-11-03,328.44000244140625,340.0400085449219,325.7900085449219,333.79998779296875,315.9945068359375,108000
2023-11-06,332.4599914550781,335.0400085449219,323.4599914550781,324.8399963378906,307.512451171875,118400
2023-11-07,322.7200012207031,324.1700134277344,312.5,312.70001220703125,296.0200500488281,116700
2023-11-08,313.25,315.2099914550781,306.92999267578125,308.44000244140625,291.9872741699219,145900
2023-11-09,305.010009765625,309.44000244140625,291.80999755859375,291.8599853515625,276.29168701171875,182900
2023-11-10,292.5,297.1600036621094,286.3900146484375,292.3800048828125,276.7839660644531,121400
2023-11-13,292.9200134277344,302.0,288.69000244140625,298.5899963378906,282.6626892089844,153700
2023-11-14,309.8699951171875,323.3299865722656,309.8699951171875,314.9800109863281,298.17840576171875,146400
2023-11-15,318.2200012207031,332.4100036621094,317.55999755859375,330.2699890136719,312.6528015136719,151600
2023-11-16,326.2099914550781,328.5400085449219,314.57000732421875,314.7099914550781,297.92279052734375,98100
2023-11-17,327.5,339.8299865722656,326.54998779296875,338.7799987792969,320.7088623046875,147300
2023-11-20,337.2300109863281,345.3699951171875,335.1099853515625,343.70001220703125,325.3664245605469,141900
2023-11-21,340.1199951171875,347.9599914550781,337.010009765625,342.54998779296875,324.27777099609375,116300
2023-11-22,344.0299987792969,347.989990234375,338.1400146484375,339.9800109863281,321.8448486328125,78100
2023-11-24,342.29998779296875,349.4800109863281,342.29998779296875,348.57000732421875,329.9766540527344,47100
2023-11-27,344.04998779296875,348.69000244140625,339.30999755859375,340.7300109863281,322.5548400878906,96700
2023-11-28,341.29998779296875,348.19000244140625,340.07000732421875,343.3599853515625,325.0445556640625,91100
2023-11-29,347.1700134277344,357.5799865722656,346.07000732421875,350.54998779296875,331.8510437011719,118200
2023-11-30,352.3699951171875,355.5899963378906,346.010009765625,347.0899963378906,328.57562255859375,81700
2023-12-01,346.0799865722656,365.7799987792969,344.010009765625,362.510009765625,343.1730651855469,115900
2023-12-04,362.5199890136719,368.6700134277344,360.7200012207031,368.1300048828125,348.4933166503906,96000
2023-12-05,365.8299865722656,374.9800109863281,356.6300048828125,358.2200012207031,339.1119079589844,118200
2023-12-06,360.760009765625,368.5,358.7900085449219,360.5799865722656,341.34600830078125,97500
2023-12-07,360.8800048828125,366.6499938964844,359.5799865722656,363.1499938964844,343.7789306640625,90200
2023-12-08,362.0199890136719,374.6700134277344,362.0199890136719,364.8299865722656,345.36932373046875,78000
2023-12-11,372.760009765625,382.9599914550781,369.54998779296875,380.6499938964844,360.3454284667969,175100
2023-12-12,381.2799987792969,382.989990234375,369.2699890136719,377.0899963378906,356.9753723144531,163000
2023-12-13,377.79998779296875,387.6300048828125,370.260009765625,387.0400085449219,366.39459228515625,172600
2023-12-14,371.57000732421875,388.239990234375,366.69000244140625,387.79998779296875,387.11810302734375,166700
2023-12-15,389.8599853515625,406.4599914550781,384.42999267578125,396.55999755859375,395.8627014160156,150500
2023-12-18,395.2300109863281,399.9800109863281,382.489990234375,388.8699951171875,388.1861877441406,144000
2023-12-19,393.0,402.19000244140625,393.0,394.6300048828125,393.9360656738281,129200
2023-12-20,393.54998779296875,402.79998779296875,387.6099853515625,388.489990234375,387.806884765625,138100
2023-12-21,392.260009765625,396.75,388.6099853515625,393.7799987792969,393.0875549316406,80800
2023-12-22,391.2900085449219,398.1000061035156,389.1199951171875,394.57000732421875,393.876220703125,77800
2023-12-26,397.9700012207031,404.6700134277344,396.3399963378906,402.4200134277344,401.71240234375,77900
2023-12-27,404.7900085449219,409.0199890136719,403.260009765625,406.6700134277344,405.9549560546875,79800
2023-12-28,406.32000732421875,410.5299987792969,405.17999267578125,407.79998779296875,407.3333435058594,77600
2023-12-29,406.1000061035156,409.1400146484375,402.94000244140625,403.6499938964844,403.1880798339844,60700
2024-01-02,401.0199890136719,407.30999755859375,392.3500061035156,405.6000061035156,405.1358642578125,108700
2024-01-03,400.7300109863281,400.7300109863281,380.8399963378906,381.44000244140625,381.0035095214844,126600
2024-01-04,381.44000244140625,381.44000244140625,371.7099914550781,372.3699951171875,371.9438781738281,98200
2024-01-05,370.1700134277344,383.4599914550781,370.010009765625,372.739990234375,372.3134460449219,97400
2024-01-08,376.2099914550781,402.2200012207031,376.2099914550781,402.0,401.53997802734375,112600
2024-01-09,400.44000244140625,400.67999267578125,391.989990234375,398.0,397.5445861816406,91800
2024-01-10,397.8999938964844,401.0299987792969,391.70001220703125,395.6400146484375,395.187255859375,129500
2024-01-11,395.6400146484375,397.0,380.010009765625,387.0299987792969,386.5871276855469,142300
2024-01-12,391.3399963378906,392.1300048828125,382.3900146484375,385.44000244140625,384.9989318847656,85100
2024-01-16,383.7099914550781,387.67999267578125,377.989990234375,383.17999267578125,382.74151611328125,100200
2024-01-17,379.9100036621094,384.739990234375,375.0,384.05999755859375,383.6205139160156,63400
2024-01-18,383.3299865722656,383.5199890136719,376.05999755859375,383.0,382.56170654296875,71500
2024-01-19,383.239990234375,383.239990234375,373.70001220703125,380.510009765625,380.0745849609375,77300
2024-01-22,381.67999267578125,396.489990234375,379.94000244140625,395.69000244140625,395.2371826171875,71700
2024-01-23,399.42999267578125,402.0799865722656,387.70001220703125,388.8500061035156,388.405029296875,70400
2024-01-24,393.239990234375,394.739990234375,388.0,391.9700012207031,391.5214538574219,57100
2024-01-25,398.1499938964844,402.44000244140625,396.44000244140625,398.6300048828125,398.1738586425781,62000
2024-01-26,400.5799865722656,404.6700134277344,399.55999755859375,403.2900085449219,402.8284912109375,56800
2024-01-29,401.8900146484375,403.1700134277344,393.6199951171875,400.25,399.7919921875,54500
2024-01-30,396.8599853515625,399.30999755859375,395.4100036621094,397.7699890136719,397.3148193359375,54300
2024-01-31,394.94000244140625,397.6600036621094,384.6000061035156,387.2699890136719,386.8268127441406,89300
2024-02-01,388.80999755859375,395.3699951171875,382.30999755859375,393.2799987792969,392.8299560546875,81800
2024-02-02,388.7099914550781,397.20001220703125,385.3500061035156,391.55999755859375,391.1119384765625,60900
2024-02-05,383.92999267578125,387.1700134277344,377.0,382.1400146484375,381.7027282714844,89100
2024-02-06,383.5799865722656,388.3699951171875,380.30999755859375,383.3599853515625,382.9212951660156,87100
2024-02-07,381.19000244140625,383.95001220703125,376.3599853515625,381.79998779296875,381.36309814453125,72200
2024-02-08,383.489990234375,395.4100036621094,382.2200012207031,395.1199951171875,394.6678466796875,77100
2024-02-09,396.5799865722656,410.1499938964844,392.6000061035156,409.8599853515625,409.3909912109375,82700
2024-02-12,409.94000244140625,429.1499938964844,409.94000244140625,424.8900146484375,424.40380859375,95800
2024-02-13,409.29998779296875,412.3800048828125,403.0,404.92999267578125,404.46661376953125,82900
2024-02-14,407.1600036621094,407.7799987792969,397.3599853515625,402.19000244140625,401.7297668457031,103400
2024-02-15,405.9599914550781,424.8299865722656,405.9599914550781,423.6400146484375,423.15521240234375,101200
2024-02-16,419.75,426.25,419.25,423.1099853515625,422.62579345703125,78100
2024-02-20,415.9800109863281,427.6600036621094,415.9800109863281,425.4800109863281,424.99310302734375,104800
2024-02-21,430.2200012207031,434.4200134277344,420.3299865722656,421.44000244140625,420.9577331542969,137900
2024-02-22,422.95001220703125,434.5,422.739990234375,429.3699951171875,428.878662109375,97400
2024-02-23,425.7900085449219,433.6000061035156,425.7900085449219,430.3299865722656,429.8375549316406,61000
2024-02-26,431.25,437.010009765625,426.3399963378906,433.6300048828125,433.1337890625,102500
2024-02-27,442.0,447.3500061035156,433.4800109863281,435.7300109863281,435.2314147949219,161200
2024-02-28,429.1300048828125,432.1000061035156,417.1099853515625,417.4100036621094,416.9323425292969,132300
2024-02-29,421.7300109863281,422.8900146484375,403.489990234375,414.7300109863281,414.25543212890625,131200
2024-03-01,416.67999267578125,417.0400085449219,408.739990234375,411.5400085449219,411.069091796875,106700
2024-03-04,413.94000244140625,422.239990234375,411.6300048828125,413.5199890136719,413.0467834472656,102000
2024-03-05,410.0,413.8299865722656,404.8299865722656,406.79998779296875,406.33447265625,108800
2024-03-06,407.6700134277344,407.6700134277344,392.8299865722656,395.1000061035156,394.64788818359375,120700
2024-03-07,406.67999267578125,409.0799865722656,394.45001220703125,396.9800109863281,396.5257263183594,112200
2024-03-08,400.25,407.1400146484375,396.6600036621094,405.4700012207031,405.0060119628906,100900
2024-03-11,407.69000244140625,408.3299865722656,399.5799865722656,407.2900085449219,406.82391357421875,81800
2024-03-12,406.70001220703125,424.0199890136719,406.5299987792969,423.9800109863281,423.4948425292969,123400
2024-03-13,427.17999267578125,442.6300048828125,425.7300109863281,442.6300048828125,442.1235046386719,95800
2024-03-14,439.8399963378906,444.239990234375,435.29998779296875,438.239990234375,437.7384948730469,122400
2024-03-15,437.3599853515625,442.42999267578125,424.07000732421875,426.9100036621094,426.4214782714844,146100
2024-03-18,429.9599914550781,430.3299865722656,419.6400146484375,425.95001220703125,425.46258544921875,81000
2024-03-19,422.42999267578125,438.5799865722656,422.42999267578125,436.0199890136719,435.5210266113281,84000
2024-03-20,434.8599853515625,441.5,429.42999267578125,439.6600036621094,439.1568908691406,66000
2024-03-21,440.760009765625,459.0,440.760009765625,456.19000244140625,455.66796875,66900
2024-03-22,454.3399963378906,455.1600036621094,444.9100036621094,447.2099914550781,446.6982421875,68600
2024-03-25,449.239990234375,450.1000061035156,440.67999267578125,441.2699890136719,440.7650451660156,62200
2024-03-26,446.79998779296875,448.94000244140625,441.92999267578125,441.92999267578125,441.4242858886719,64400
2024-03-27,445.5299987792969,459.94000244140625,443.6300048828125,458.04998779296875,457.7847900390625,98600
2024-03-28,460.20001220703125,473.5199890136719,459.3399963378906,471.6400146484375,471.3669738769531,91900
2024-04-01,472.5,476.4800109863281,466.7099914550781,475.5400085449219,475.26470947265625,95000
2024-04-02,456.5,457.6400146484375,441.79998779296875,448.7200012207031,448.460205078125,94100
2024-04-03,444.0,453.1499938964844,429.1300048828125,429.1300048828125,428.8815612792969,100300
2024-04-04,429.8599853515625,433.79998779296875,415.3999938964844,416.3299865722656,416.0889587402344,83300
2024-04-05,415.8999938964844,428.5899963378906,415.0,426.45001220703125,426.203125,99900
2024-04-08,427.75,443.0199890136719,427.75,440.57000732421875,440.31494140625,93000
2024-04-09,438.8299865722656,442.0,421.1600036621094,423.3900146484375,423.1448974609375,106000
2024-04-10,420.3900146484375,421.19000244140625,410.04998779296875,420.8599853515625,420.6163330078125,96600
2024-04-11,423.7099914550781,427.8399963378906,412.8900146484375,421.32000732421875,421.0760803222656,94200
2024-04-12,419.6499938964844,419.6499938964844,405.5,410.5899963378906,410.352294921875,81000
2024-04-15,415.8399963378906,416.20001220703125,397.1700134277344,402.1099853515625,401.877197265625,97700
2024-04-16,403.5299987792969,416.5400085449219,398.82000732421875,414.3800048828125,414.1401062011719,113900
2024-04-17,418.6499938964844,418.6499938964844,406.1600036621094,407.5199890136719,407.2840576171875,98600
2024-04-18,410.3599853515625,412.3299865722656,401.20001220703125,401.80999755859375,401.5773620605469,92900
2024-04-19,400.0400085449219,411.69000244140625,400.0400085449219,408.42999267578125,408.19354248046875,76800
2024-04-22,411.1499938964844,419.3500061035156,408.8399963378906,417.2099914550781,416.96844482421875,84800
2024-04-23,420.0,448.1000061035156,418.6000061035156,444.1000061035156,443.8428955078125,112200
2024-04-24,443.5899963378906,449.55999755859375,439.3299865722656,449.2699890136719,449.0098876953125,102600
2024-04-25,443.0400085449219,446.8999938964844,435.7900085449219,445.42999267578125,445.172119140625,76900
2024-04-26,444.20001220703125,452.510009765625,439.010009765625,448.9700012207031,448.7100830078125,68600
2024-04-29,449.0,456.45001220703125,444.2300109863281,448.3999938964844,448.1404113769531,70400
2024-04-30,444.1099853515625,447.17999267578125,433.9700012207031,437.989990234375,437.7364196777344,86500
2024-05-01,438.57000732421875,438.57000732421875,421.5899963378906,422.9700012207031,422.7251281738281,105700
2024-05-02,430.25,434.82000732421875,425.6000061035156,431.29998779296875,431.05029296875,53500
2024-05-03,441.07000732421875,441.30999755859375,429.0,434.0,433.7487487792969,66600
2024-05-06,437.0,449.05999755859375,437.0,448.54998779296875,448.2903137207031,159800
2024-05-07,451.44000244140625,457.3800048828125,434.260009765625,434.42999267578125,434.1784973144531,179400
2024-05-08,430.010009765625,430.010009765625,414.7200012207031,423.4700012207031,423.2248229980469,104700
2024-05-09,422.1199951171875,426.3900146484375,416.45001220703125,423.239990234375,422.9949645996094,97300
2024-05-10,425.5,433.04998779296875,420.7200012207031,423.010009765625,422.7651062011719,71800
2024-05-13,430.82000732421875,448.55999755859375,430.82000732421875,446.5199890136719,446.261474609375,92900
2024-05-14,456.5,458.8299865722656,443.8299865722656,458.75,458.4844055175781,137800
2024-05-15,458.760009765625,459.44000244140625,446.32000732421875,455.8699951171875,455.6060791015625,128100
2024-05-16,457.57000732421875,460.2200012207031,434.45001220703125,434.45001220703125,434.198486328125,153600
2024-05-17,435.8299865722656,439.7900085449219,427.2099914550781,437.3800048828125,437.1268005371094,107600
2024-05-20,440.8299865722656,441.5899963378906,435.5899963378906,435.8500061035156,435.5976867675781,83000
2024-05-21,437.79998779296875,446.2699890136719,436.4700012207031,444.8599853515625,444.6024475097656,100500
2024-05-22,442.5199890136719,442.5199890136719,430.20001220703125,436.44000244140625,436.18731689453125,74200
2024-05-23,436.80999755859375,453.7200012207031,428.7900085449219,443.3500061035156,443.09332275390625,115800
2024-05-24,452.3500061035156,453.6099853515625,445.6499938964844,446.70001220703125,446.44140625,76000
2024-05-28,445.260009765625,453.5899963378906,442.79998779296875,451.3699951171875,451.1086730957031,81200
2024-05-29,447.0199890136719,451.29998779296875,444.9800109863281,445.5400085449219,445.2820739746094,49200
2024-05-30,442.2900085449219,447.4200134277344,437.7799987792969,445.1499938964844,444.89227294921875,95700
2024-05-31,445.760009765625,449.30999755859375,442.510009765625,447.3500061035156,447.09100341796875,79900
2024-06-03,449.1499938964844,450.1000061035156,432.2200012207031,433.1199951171875,432.8692321777344,94200
2024-06-04,426.5899963378906,433.4700012207031,424.1099853515625,432.239990234375,431.98974609375,88200
2024-06-05,435.1300048828125,438.32000732421875,425.5,435.05999755859375,434.8081359863281,65500
2024-06-06,432.0,435.0,426.42999267578125,428.1700134277344,427.922119140625,61300
2024-06-07,424.6400146484375,431.5400085449219,424.6400146484375,429.44000244140625,429.1913757324219,67100
2024-06-10,424.70001220703125,432.010009765625,420.5299987792969,424.0899963378906,423.844482421875,92000
2024-06-11,420.54998779296875,426.6700134277344,417.42999267578125,418.4599914550781,418.2177429199219,65700
2024-06-12,427.7699890136719,438.760009765625,424.7300109863281,425.0,424.7539367675781,69100
2024-06-13,420.9700012207031,424.25,416.3999938964844,418.0299987792969,417.7879943847656,66200
2024-06-14,415.0,417.5299987792969,412.0,415.1400146484375,414.8996887207031,72800
2024-06-17,417.3399963378906,425.6400146484375,414.3699951171875,425.6400146484375,425.3935852050781,83000
2024-06-18,424.260009765625,426.1099853515625,418.7699890136719,425.8699951171875,425.6234436035156,61100
2024-06-20,423.2300109863281,433.1099853515625,423.2300109863281,427.6600036621094,427.41241455078125,52700
2024-06-21,427.30999755859375,432.5400085449219,420.30999755859375,422.04998779296875,421.8056335449219,114500
2024-06-24,425.82000732421875,438.82000732421875,425.0,435.2699890136719,435.01800537109375,110900
2024-06-25,435.9800109863281,436.6300048828125,427.79998779296875,433.6499938964844,433.39892578125,65800
2024-06-26,432.07000732421875,443.94000244140625,429.2699890136719,429.2699890136719,429.0214538574219,115200
2024-06-27,425.8599853515625,434.6300048828125,422.3500061035156,431.82000732421875,431.57000732421875,104000
2024-06-28,434.0,442.989990234375,434.0,440.3900146484375,440.3900146484375,506800
2024-07-01,441.8800048828125,442.989990234375,422.7900085449219,427.82000732421875,427.82000732421875,138500
2024-07-02,428.5899963378906,433.8399963378906,424.2200012207031,425.6300048828125,425.6300048828125,105800
2024-07-03,428.3299865722656,434.2799987792969,425.9700012207031,431.1300048828125,431.1300048828125,128900
2024-07-05,429.8800048828125,434.7900085449219,426.239990234375,430.5199890136719,430.5199890136719,97400
2024-07-08,431.95001220703125,440.1000061035156,429.3800048828125,432.3599853515625,432.3599853515625,88500
2024-07-09,432.3599853515625,437.4599914550781,431.0,435.0,435.0,102900
2024-07-10,438.6099853515625,446.8500061035156,436.9700012207031,445.1499938964844,445.1499938964844,81200
2024-07-11,450.0,471.17999267578125,449.9700012207031,467.8299865722656,467.8299865722656,121500
2024-07-12,470.4200134277344,472.4200134277344,466.8800048828125,468.5799865722656,468.5799865722656,113300
2024-07-15,461.6000061035156,462.9200134277344,423.7099914550781,423.75,423.75,163600
2024-07-16,427.6000061035156,440.6099853515625,422.0,425.239990234375,425.239990234375,140600
2024-07-17,424.0400085449219,424.69000244140625,412.5799865722656,412.7900085449219,412.7900085449219,140700
2024-07-18,412.1000061035156,418.42999267578125,398.0,400.5299987792969,400.5299987792969,130100
2024-07-19,400.1000061035156,405.54998779296875,391.57000732421875,394.7200012207031,394.7200012207031,119000
2024-07-22,396.1000061035156,400.8800048828125,393.20001220703125,400.05999755859375,400.05999755859375,115400
2024-07-23,402.510009765625,414.5199890136719,402.0,412.05999755859375,412.05999755859375,107700
2024-07-24,408.0400085449219,412.30999755859375,404.8999938964844,405.2799987792969,405.2799987792969,128300
2024-07-25,402.5899963378906,411.29998779296875,399.2200012207031,409.67999267578125,409.67999267578125,129100
2024-07-26,412.4599914550781,413.8599853515625,401.32000732421875,407.45001220703125,407.45001220703125,102400
2024-07-29,407.1199951171875,407.1199951171875,385.0,389.05999755859375,389.05999755859375,142600
2024-07-30,390.3599853515625,395.55999755859375,384.760009765625,395.1499938964844,395.1499938964844,122900
2024-07-31,399.3500061035156,406.4700012207031,393.8999938964844,398.5899963378906,398.5899963378906,91400
2024-08-01,398.5899963378906,401.8399963378906,382.8900146484375,385.95001220703125,385.95001220703125,112300
2024-08-02,373.0,378.2099914550781,362.20001220703125,362.3599853515625,362.3599853515625,142000
2024-08-05,346.4700012207031,361.75,343.1600036621094,359.45001220703125,359.45001220703125,147100
2024-08-06,362.04998779296875,380.5799865722656,358.510009765625,379.05999755859375,379.05999755859375,157600
2024-08-07,385.4800109863281,390.510009765625,382.510009765625,383.3800048828125,383.3800048828125,176800
2024-08-08,379.67999267578125,387.7300109863281,376.8599853515625,380.9100036621094,380.9100036621094,125300
2024-08-09,376.5899963378906,389.6300048828125,372.6499938964844,388.9200134277344,388.9200134277344,112700
2024-08-12,394.760009765625,394.8399963378906,382.510009765625,389.010009765625,389.010009765625,141000
2024-08-13,393.5299987792969,399.04998779296875,388.80999755859375,397.45001220703125,397.45001220703125,127600
2024-08-14,398.2300109863281,399.010009765625,382.2900085449219,390.9599914550781,390.9599914550781,149300
2024-08-15,374.1099853515625,379.55999755859375,345.1099853515625,348.8900146484375,348.8900146484375,443800
2024-08-16,347.3699951171875,353.489990234375,345.7099914550781,353.239990234375,353.239990234375,282500
2024-08-19,354.7099914550781,354.7099914550781,343.3800048828125,349.0199890136719,349.0199890136719,199700
2024-08-20,350.07000732421875,356.0,348.6000061035156,351.489990234375,351.489990234375,165400
2024-08-21,355.5,355.5,345.0899963378906,346.0199890136719,346.0199890136719,169900
2024-08-22,345.0,349.5799865722656,343.1099853515625,346.5400085449219,346.5400085449219,102800
2024-08-23,347.5299987792969,358.3699951171875,346.44000244140625,358.1499938964844,358.1499938964844,125100
