Date,Open,High,Low,Close,Adj Close,Volume
1984-10-10,10.75,10.8125,10.5,10.5625,1.9777458906173706,428400
1984-10-11,10.625,10.75,10.5625,10.6875,2.0011513233184814,839400
1984-10-12,10.6875,10.9375,10.625,10.875,2.036259412765503,1165600
1984-10-15,10.875,10.9375,10.75,10.8125,2.0245561599731445,492600
1984-10-16,10.8125,10.875,10.75,10.8125,2.0245561599731445,853400
1984-10-17,10.875,11.0625,10.8125,11.0625,2.0713679790496826,711400
1984-10-18,11.0625,11.75,11.0,11.6875,2.188394069671631,2858000
1984-10-19,12.125,12.1875,11.5625,11.6875,2.188394069671631,1715400
1984-10-22,11.75,11.8125,11.5625,11.625,2.1766910552978516,1511200
1984-10-23,11.875,11.875,11.4375,11.625,2.1766910552978516,858800
1984-10-24,11.375,11.5,11.25,11.375,2.129880905151367,379600
1984-10-25,11.375,11.4375,11.1875,11.1875,2.0947723388671875,336600
1984-10-26,11.1875,11.25,11.0,11.0625,2.0713679790496826,169800
1984-10-29,11.0625,11.1875,11.0,11.0625,2.0713679790496826,147800
1984-10-30,11.1875,11.375,11.1875,11.3125,2.118178367614746,435600
1984-10-31,11.1875,11.25,11.0,11.0625,2.0713679790496826,874000
1984-11-01,11.125,11.5,11.125,11.4375,2.1415841579437256,3990000
1984-11-02,11.375,11.5625,11.3125,11.5,2.1532864570617676,1229000
1984-11-05,11.4375,11.625,11.0,11.5625,2.1649880409240723,682600
1984-11-06,11.5625,11.75,11.5,11.6875,2.188394069671631,779400
1984-11-07,11.6875,11.75,11.5,11.75,2.200096368789673,900600
1984-11-08,11.625,11.75,11.4375,11.5,2.1532864570617676,947400
1984-11-09,11.625,11.625,11.3125,11.375,2.129880905151367,392400
1984-11-12,11.375,11.375,11.125,11.25,2.106476306915283,552600
1984-11-13,11.25,11.25,11.125,11.25,2.106476306915283,287000
1984-11-14,11.25,11.25,11.0625,11.1875,2.0947723388671875,158000
1984-11-15,11.125,11.25,11.125,11.1875,2.0947723388671875,416800
1984-11-16,11.25,11.3125,11.125,11.1875,2.0947723388671875,257800
1984-11-19,11.1875,11.1875,11.0625,11.125,2.0830700397491455,241400
1984-11-20,11.125,11.1875,11.0625,11.125,2.0830700397491455,211200
1984-11-21,11.125,11.1875,11.0,11.1875,2.0947723388671875,209600
1984-11-23,11.375,11.5625,11.25,11.5625,2.1649880409240723,671200
1984-11-26,11.5625,11.5625,11.1875,11.3125,2.118178367614746,424800
1984-11-27,11.3125,11.3125,11.125,11.25,2.106476306915283,316200
1984-11-28,11.125,11.25,11.125,11.1875,2.0947723388671875,486800
1984-11-29,11.1875,11.3125,11.1875,11.25,2.106476306915283,275000
1984-11-30,11.25,11.25,11.0625,11.1875,2.0947723388671875,881000
1984-12-03,11.125,11.1875,10.9375,10.9375,2.0479633808135986,920000
1984-12-04,11.0625,11.1875,11.0,11.125,2.0830700397491455,457200
1984-12-05,11.1875,11.1875,11.0,11.0625,2.0713679790496826,320600
1984-12-06,11.0625,11.0625,10.8125,11.0,2.059664011001587,419000
1984-12-07,11.0625,11.0625,10.9375,11.0,2.059664011001587,263200
1984-12-10,11.0,11.125,10.875,11.0625,2.0713679790496826,364000
1984-12-11,11.125,11.125,10.9375,11.0,2.059664011001587,280400
1984-12-12,11.0,11.1875,11.0,11.125,2.0830700397491455,571600
1984-12-13,11.0625,11.1875,11.0625,11.125,2.0830700397491455,629200
1984-12-14,11.125,11.25,11.0625,11.1875,2.0947723388671875,251600
1984-12-17,11.25,11.5,11.125,11.5,2.1532864570617676,1244200
1984-12-18,11.5,12.0,11.0625,12.0,2.246905565261841,356800
1984-12-19,11.9375,11.9375,11.625,11.75,2.200096368789673,630800
1984-12-20,11.75,11.875,11.6875,11.8125,2.2117981910705566,883400
1984-12-21,11.875,12.0,11.4375,11.625,2.1766910552978516,871600
1984-12-24,11.625,11.9375,11.625,11.875,2.223500967025757,2300000
1984-12-26,11.875,11.875,11.75,11.875,2.223500967025757,3920000
1984-12-27,11.75,11.875,11.3125,11.875,2.223500967025757,4128000
1984-12-28,11.5625,11.5625,11.3125,11.375,2.176621675491333,396800
1984-12-31,11.375,11.4375,11.25,11.375,2.176621675491333,448600
1985-01-02,11.4375,11.4375,11.375,11.375,2.176621675491333,3730000
1985-01-03,11.375,11.5,11.375,11.5,2.2005388736724854,1387600
1985-01-04,11.5,11.5,11.375,11.4375,2.1885807514190674,364400
1985-01-07,11.5,11.5,11.3125,11.375,2.176621675491333,424200
1985-01-08,11.375,11.375,11.0625,11.3125,2.1646616458892822,578200
1985-01-09,11.25,11.4375,11.1875,11.375,2.176621675491333,1058000
1985-01-10,11.3125,11.9375,11.3125,11.4375,2.1885807514190674,474400
1985-01-11,11.4375,11.5,11.1875,11.5,2.2005388736724854,698000
1985-01-14,11.5,11.625,11.375,11.625,2.224458694458008,466200
1985-01-15,11.5625,11.625,11.375,11.4375,2.1885807514190674,634400
1985-01-16,11.5,11.5,11.1875,11.3125,2.1646616458892822,1106200
1985-01-17,11.375,11.375,11.25,11.3125,2.1646616458892822,296200
1985-01-18,11.25,11.375,11.1875,11.3125,2.1646616458892822,547800
1985-01-21,11.3125,11.5625,11.25,11.5,2.2005388736724854,1034400
1985-01-22,11.375,11.4375,11.25,11.3125,2.1646616458892822,1904200
1985-01-23,11.3125,11.375,11.1875,11.25,2.152702569961548,734400
1985-01-24,11.3125,11.4375,11.1875,11.3125,2.1646616458892822,711400
1985-01-25,11.3125,11.3125,11.125,11.1875,2.140742301940918,1216000
1985-01-28,11.3125,11.375,11.125,11.25,2.152702569961548,566600
1985-01-29,11.25,11.5,11.25,11.375,2.176621675491333,373400
1985-01-30,11.4375,11.4375,11.25,11.3125,2.1646616458892822,775800
1985-01-31,11.3125,11.4375,11.25,11.4375,2.1885807514190674,1531000
1985-02-01,11.4375,11.5625,11.375,11.4375,2.1885807514190674,428000
1985-02-04,11.4375,11.4375,11.1875,11.3125,2.1646616458892822,515400
1985-02-05,11.3125,11.4375,11.25,11.25,2.152702569961548,356200
1985-02-06,11.375,11.4375,11.3125,11.375,2.176621675491333,1813000
1985-02-07,11.3125,11.4375,11.25,11.4375,2.1885807514190674,1393000
1985-02-08,11.4375,11.5,11.3125,11.4375,2.1885807514190674,706600
1985-02-11,11.4375,11.4375,11.125,11.25,2.152702569961548,1191800
1985-02-12,11.1875,11.25,11.125,11.25,2.152702569961548,678200
1985-02-13,11.25,11.3125,11.1875,11.1875,2.140742301940918,1300600
1985-02-14,11.1875,11.25,11.0625,11.1875,2.140742301940918,1520400
1985-02-15,11.125,11.1875,11.125,11.1875,2.140742301940918,769600
1985-02-19,11.1875,11.25,11.0625,11.0625,2.1168246269226074,600800
1985-02-20,11.0625,11.3125,11.0625,11.25,2.152702569961548,2084000
1985-02-21,11.1875,11.25,11.0625,11.1875,2.140742301940918,981600
1985-02-22,11.1875,11.1875,11.125,11.1875,2.140742301940918,419000
1985-02-25,11.25,11.25,11.0625,11.125,2.128783941268921,520800
1985-02-26,11.1875,11.3125,11.125,11.25,2.152702569961548,467200
1985-02-27,11.3125,11.375,11.25,11.25,2.152702569961548,1728600
1985-02-28,11.25,11.25,11.1875,11.25,2.152702569961548,631000
1985-03-01,11.25,11.25,11.0625,11.25,2.152702569961548,1172600
1985-03-04,11.25,11.25,11.125,11.125,2.128783941268921,250600
1985-03-05,11.1875,11.25,11.125,11.125,2.128783941268921,373200
1985-03-06,11.125,11.25,11.125,11.125,2.128783941268921,704600
1985-03-07,11.25,11.3125,11.1875,11.1875,2.140742301940918,457600
1985-03-08,11.25,11.3125,11.1875,11.25,2.152702569961548,722800
1985-03-11,11.25,11.3125,11.1875,11.25,2.152702569961548,356400
1985-03-12,11.25,11.375,11.1875,11.3125,2.1646616458892822,753800
1985-03-13,11.375,11.4375,11.1875,11.375,2.176621675491333,400200
1985-03-14,11.375,11.5,11.3125,11.375,2.176621675491333,920200
1985-03-15,11.5,11.5625,11.375,11.375,2.176621675491333,628000
1985-03-18,11.4375,11.5,11.4375,11.5,2.2005388736724854,1060600
1985-03-19,11.5,11.6875,11.1875,11.6875,2.2364184856414795,1313400
1985-03-20,11.75,11.875,11.6875,11.75,2.248378038406372,909800
1985-03-21,11.75,11.9375,11.75,11.875,2.2722957134246826,599000
1985-03-22,11.875,12.0,11.875,11.9375,2.284257411956787,2634000
1985-03-25,12.0,12.125,11.875,12.0625,2.308175802230835,5952000
1985-03-26,12.125,12.3125,12.0625,12.25,2.344053268432617,684600
1985-03-27,12.25,12.3125,12.1875,12.1875,2.3320937156677246,859600
1985-03-28,12.3125,12.8125,12.125,12.1875,2.3320937156677246,845600
1985-03-29,11.9375,12.0,11.6875,12.0,2.3452866077423096,4050000
1985-04-01,12.0,12.0,11.8125,11.9375,2.3330719470977783,1004600
1985-04-02,11.9375,12.0625,11.9375,12.0,2.3452866077423096,1035200
1985-04-03,12.0625,12.0625,11.9375,12.0,2.3452866077423096,218800
1985-04-04,11.9375,12.0,11.875,12.0,2.3452866077423096,295400
1985-04-08,12.0,12.0,11.875,11.9375,2.3330719470977783,542200
1985-04-09,12.0,12.0625,11.9375,12.0,2.3452866077423096,271600
1985-04-10,12.0625,12.1875,11.9375,12.0625,2.3575022220611572,1779400
1985-04-11,12.0625,12.125,12.0,12.0625,2.3575022220611572,432200
1985-04-12,12.125,12.25,12.0625,12.125,2.369715929031372,1117800
1985-04-15,12.1875,12.375,12.0625,12.25,2.394146203994751,428400
1985-04-16,12.3125,12.5,12.3125,12.5,2.4430062770843506,1342400
1985-04-17,12.4375,12.5625,12.375,12.5,2.4430062770843506,424000
1985-04-18,12.5625,12.5625,12.4375,12.5625,2.4552218914031982,826800
1985-04-19,12.5,12.625,12.0625,12.625,2.467437267303467,633000
1985-04-22,12.625,12.6875,12.5,12.5625,2.4552218914031982,319400
1985-04-23,12.5625,12.625,12.5,12.5625,2.4552218914031982,402400
1985-04-24,12.625,12.625,12.5,12.5625,2.4552218914031982,347800
1985-04-25,12.5,12.5625,12.4375,12.5,2.4430062770843506,501000
1985-04-26,12.5,12.5625,12.4375,12.5,2.4430062770843506,373400
1985-04-29,12.5625,12.625,12.4375,12.5,2.4430062770843506,347800
1985-04-30,12.5,12.5625,12.5,12.5625,2.4552218914031982,601800
1985-05-01,12.5625,12.625,12.5,12.5,2.4430062770843506,454000
1985-05-02,12.5625,12.5625,12.4375,12.5625,2.4552218914031982,441800
1985-05-03,12.5,12.75,12.5,12.625,2.467437267303467,578800
1985-05-06,12.6875,12.75,12.5625,12.5625,2.4552218914031982,1110800
1985-05-07,12.5625,12.5625,12.0625,12.3125,2.4063618183135986,1440800
1985-05-08,12.3125,12.5,12.25,12.4375,2.4307916164398193,696600
1985-05-09,12.4375,12.5625,12.4375,12.5625,2.4552218914031982,239800
1985-05-10,12.5625,12.6875,12.5625,12.625,2.467437267303467,726000
1985-05-13,12.6875,12.75,12.5625,12.6875,2.4796502590179443,551200
1985-05-14,12.8125,12.875,12.6875,12.75,2.491865873336792,458400
1985-05-15,12.875,12.875,12.75,12.8125,2.5040814876556396,298600
1985-05-16,13.0,13.125,12.9375,13.0,2.5407257080078125,792600
1985-05-17,13.0,13.25,12.9375,13.125,2.565157175064087,504800
1985-05-20,13.375,13.5625,13.25,13.25,2.5895869731903076,976200
1985-05-21,13.125,13.375,13.0,13.25,2.5895869731903076,899600
1985-05-22,13.125,13.1875,12.875,13.0625,2.552941083908081,459000
1985-05-23,13.0,13.0625,12.875,13.0,2.5407257080078125,311600
1985-05-24,13.0625,13.125,12.5,13.125,2.565157175064087,712000
1985-05-28,13.125,13.1875,13.0625,13.1875,2.577371120452881,295400
1985-05-29,13.1875,13.1875,13.0625,13.1875,2.577371120452881,203400
1985-05-30,13.125,13.375,13.125,13.1875,2.577371120452881,313000
1985-05-31,13.1875,13.1875,13.0625,13.1875,2.577371120452881,1101600
1985-06-03,13.3125,13.375,13.1875,13.3125,2.6018025875091553,556800
1985-06-04,13.3125,13.625,13.3125,13.5,2.638446092605591,481800
1985-06-05,13.5,13.5625,13.4375,13.5,2.638446092605591,782200
1985-06-06,13.5,13.5625,13.375,13.5,2.638446092605591,550800
1985-06-07,13.5,13.625,13.5,13.5625,2.650662422180176,594400
1985-06-10,13.5,13.5,13.375,13.5,2.638446092605591,331600
1985-06-11,13.4375,13.5625,13.375,13.5,2.638446092605591,479400
1985-06-12,13.5,13.5625,13.375,13.4375,2.6262309551239014,414000
1985-06-13,13.375,13.5625,13.375,13.5625,2.650662422180176,1214800
1985-06-14,13.5625,13.875,13.5625,13.8125,2.6995222568511963,664400
1985-06-17,13.9375,13.9375,13.6875,13.8125,2.6995222568511963,360600
1985-06-18,13.6875,13.875,13.6875,13.75,2.6873056888580322,446000
1985-06-19,13.8125,13.9375,13.6875,13.6875,2.67509126663208,493200
1985-06-20,13.75,13.9375,13.75,13.9375,2.7239511013031006,377800
1985-06-21,13.8125,13.875,13.6875,13.75,2.6873056888580322,1066000
1985-06-24,13.75,13.8125,13.625,13.6875,2.67509126663208,1585800
1985-06-25,13.625,13.75,13.5,13.5625,2.650662422180176,7940000
1985-06-26,13.625,13.75,13.5625,13.6875,2.67509126663208,1656000
1985-06-27,13.625,13.875,13.625,13.75,2.6873056888580322,2050000
1985-06-28,13.375,13.375,13.1875,13.375,2.666374444961548,790000
1985-07-01,13.1875,13.375,13.1875,13.1875,2.628994941711426,904600
1985-07-02,13.1875,13.25,13.0625,13.25,2.6414549350738525,637600
1985-07-03,13.25,13.3125,13.1875,13.25,2.6414549350738525,353400
1985-07-05,13.3125,13.375,13.25,13.3125,2.653916120529175,448000
1985-07-08,13.3125,13.4375,13.1875,13.375,2.666374444961548,1294600
1985-07-09,13.375,13.375,13.25,13.375,2.666374444961548,1213800
1985-07-10,13.4375,13.5,12.9375,13.5,2.691293239593506,894800
1985-07-11,13.4375,13.5625,13.375,13.5625,2.70375394821167,406800
1985-07-12,13.5625,13.8125,13.4375,13.75,2.7411320209503174,352000
1985-07-15,13.8125,13.8125,13.5625,13.5625,2.70375394821167,226800
1985-07-16,13.625,13.625,13.3125,13.5,2.691293239593506,955400
1985-07-17,13.375,13.5,13.375,13.5,2.691293239593506,607200
1985-07-18,13.5,13.5,13.3125,13.375,2.666374444961548,478000
1985-07-19,13.3125,13.4375,13.25,13.375,2.666374444961548,635400
1985-07-22,13.3125,13.3125,12.8125,12.875,2.566697359085083,636400
1985-07-23,12.9375,12.9375,12.1875,12.4375,2.479480028152466,1055200
1985-07-24,12.5,12.5625,12.0625,12.1875,2.429640293121338,1457200
1985-07-25,12.0625,12.375,12.0625,12.375,2.4670193195343018,726600
1985-07-26,12.3125,12.375,11.9375,12.0625,2.40472149848938,958000
1985-07-29,11.9375,12.25,11.5,11.625,2.317502498626709,1087600
1985-07-30,11.75,12.0625,11.6875,11.9375,2.37980318069458,733000
1985-07-31,12.0625,12.125,11.875,12.0,2.392261266708374,1199200
1985-08-01,12.0,12.1875,12.0,12.0625,2.40472149848938,1565800
1985-08-02,12.1875,12.3125,12.125,12.25,2.4421002864837646,648800
1985-08-05,12.125,12.1875,11.9375,12.0,2.392261266708374,708000
1985-08-06,12.0,12.0,11.9375,11.9375,2.37980318069458,718800
1985-08-07,12.0,12.0,11.875,11.9375,2.37980318069458,1376200
1985-08-08,12.0,12.1875,11.9375,12.1875,2.429640293121338,524800
1985-08-09,12.1875,12.25,11.6875,12.1875,2.429640293121338,1107000
1985-08-12,12.125,12.1875,12.0625,12.125,2.4171807765960693,1217000
1985-08-13,12.125,12.125,12.0,12.0625,2.40472149848938,890800
1985-08-14,12.0625,12.125,12.0,12.0625,2.40472149848938,418400
1985-08-15,12.0625,12.25,12.0625,12.125,2.4171807765960693,371000
1985-08-16,12.125,12.1875,12.0625,12.125,2.4171807765960693,854800
1985-08-19,12.1875,12.25,12.125,12.125,2.4171807765960693,660600
1985-08-20,12.1875,12.5,12.125,12.4375,2.479480028152466,623800
1985-08-21,12.5,12.5,12.4375,12.5,2.491938829421997,337200
1985-08-22,12.5,12.625,12.3125,12.4375,2.479480028152466,431200
1985-08-23,12.375,12.5,12.3125,12.5,2.491938829421997,244400
1985-08-26,12.5,12.5,12.375,12.4375,2.479480028152466,215400
1985-08-27,12.5,12.75,12.4375,12.75,2.5417773723602295,367000
1985-08-28,12.75,12.8125,12.75,12.8125,2.5542380809783936,392000
1985-08-29,12.9375,13.0,12.8125,12.875,2.566697359085083,623600
1985-08-30,12.9375,12.9375,12.6875,12.8125,2.5542380809783936,516800
1985-09-03,12.6875,12.8125,12.625,12.75,2.5417773723602295,368000
1985-09-04,12.6875,12.75,12.4375,12.5,2.491938829421997,477000
1985-09-05,12.5,12.625,12.4375,12.5,2.491938829421997,1127800
1985-09-06,12.5,12.5,12.375,12.4375,2.479480028152466,280800
1985-09-09,12.5,12.5,12.3125,12.375,2.4670193195343018,207000
1985-09-10,12.375,12.4375,12.125,12.125,2.4171807765960693,936000
1985-09-11,12.125,12.25,12.0,12.0625,2.40472149848938,369000
1985-09-12,12.0,12.0,11.75,11.75,2.3424229621887207,1592800
1985-09-13,11.875,12.0,11.75,11.9375,2.37980318069458,640800
1985-09-16,11.9375,12.0,11.875,11.9375,2.37980318069458,382000
1985-09-17,12.0,12.0625,11.875,12.0,2.392261266708374,552000
1985-09-18,11.9375,12.1875,11.9375,12.125,2.4171807765960693,736400
1985-09-19,12.0,12.375,12.0,12.375,2.4670193195343018,368600
1985-09-20,12.3125,12.3125,12.0,12.0,2.392261266708374,733000
1985-09-23,12.125,12.3125,12.0625,12.125,2.4171807765960693,591000
1985-09-24,12.125,12.125,12.0625,12.125,2.4171807765960693,404800
1985-09-25,12.125,12.125,12.0625,12.0625,2.40472149848938,285000
1985-09-26,12.125,12.125,11.875,11.9375,2.37980318069458,10178000
1985-09-30,11.625,11.6875,11.375,11.625,2.3711330890655518,1358800
1985-10-01,11.625,11.875,11.5,11.875,2.4221243858337402,654600
1985-10-02,11.6875,11.9375,11.5625,11.625,2.3711330890655518,468000
1985-10-03,11.625,11.8125,11.5,11.6875,2.3838813304901123,417600
1985-10-04,11.75,11.9375,11.6875,11.875,2.4221243858337402,332400
1985-10-07,11.875,11.875,11.6875,11.875,2.4221243858337402,609600
1985-10-08,11.8125,11.875,11.625,11.6875,2.3838813304901123,932200
1985-10-09,11.75,11.875,11.375,11.875,2.4221243858337402,155200
1985-10-10,11.875,11.875,11.6875,11.8125,2.409376859664917,192400
1985-10-11,11.875,11.875,11.6875,11.8125,2.409376859664917,283200
1985-10-14,11.8125,11.9375,11.625,11.75,2.3966290950775146,808000
1985-10-15,11.75,11.9375,11.6875,11.8125,2.409376859664917,740200
1985-10-16,11.8125,12.0625,11.75,12.0,2.4476213455200195,545200
1985-10-17,12.0,12.0625,11.875,12.0,2.4476213455200195,619400
1985-10-18,12.0,12.125,11.9375,12.0625,2.460369348526001,667400
1985-10-21,12.0625,12.125,12.0,12.0625,2.460369348526001,575200
1985-10-22,12.0625,12.25,12.0625,12.1875,2.485865592956543,554400
1985-10-23,12.25,12.5,12.1875,12.375,2.5241098403930664,899600
1985-10-24,12.3125,12.4375,12.25,12.375,2.5241098403930664,428800
1985-10-25,12.375,12.375,12.1875,12.25,2.498612880706787,666000
1985-10-28,12.3125,12.3125,12.1875,12.3125,2.5113613605499268,262800
1985-10-29,12.3125,12.625,12.25,12.5,2.5496039390563965,691200
1985-10-30,12.4375,12.5625,12.4375,12.5625,2.5623538494110107,580600
1985-10-31,12.5,12.5,12.375,12.4375,2.5368576049804688,427600
1985-11-01,12.4375,12.625,12.4375,12.5625,2.5623538494110107,835200
1985-11-04,12.5625,12.6875,12.4375,12.5,2.5496039390563965,635800
1985-11-05,12.5,12.625,12.5,12.625,2.5751023292541504,402000
1985-11-06,12.6875,12.6875,12.5,12.5,2.5496039390563965,705200
1985-11-07,12.5625,12.625,12.0625,12.625,2.5751023292541504,394800
1985-11-08,12.625,12.625,12.3125,12.375,2.5241098403930664,934600
1985-11-11,12.375,12.5,12.1875,12.5,2.5496039390563965,912600
1985-11-12,12.4375,12.5,12.3125,12.4375,2.5368576049804688,1352000
1985-11-13,12.4375,12.4375,12.3125,12.3125,2.5113613605499268,932000
1985-11-14,12.25,12.4375,12.125,12.375,2.5241098403930664,1401600
1985-11-15,12.375,12.4375,12.125,12.25,2.498612880706787,930000
1985-11-18,12.3125,12.3125,12.125,12.25,2.498612880706787,1366800
1985-11-19,12.25,12.3125,12.0625,12.1875,2.485865592956543,1227000
1985-11-20,12.125,12.25,12.125,12.125,2.4731173515319824,344600
1985-11-21,12.25,12.375,12.0,12.25,2.498612880706787,1135600
1985-11-22,12.25,12.375,12.1875,12.3125,2.5113613605499268,757800
1985-11-25,12.3125,12.4375,12.3125,12.4375,2.5368576049804688,501600
1985-11-26,12.3125,12.5,12.25,12.4375,2.5368576049804688,1866400
1985-11-27,12.375,12.5,12.0625,12.4375,2.5368576049804688,422800
1985-11-29,12.5,12.5625,12.375,12.4375,2.5368576049804688,528400
1985-12-02,12.4375,12.5,12.375,12.4375,2.5368576049804688,223800
1985-12-03,12.4375,12.8125,12.4375,12.75,2.6005969047546387,1355800
1985-12-04,12.8125,13.0625,12.3125,13.0,2.6515891551971436,1095600
1985-12-05,13.0,13.1875,12.875,13.0625,2.664337396621704,735400
1985-12-06,13.125,13.125,12.875,13.0,2.6515891551971436,441600
1985-12-09,13.0,13.1875,12.9375,13.0625,2.664337396621704,545800
1985-12-10,13.1875,13.25,13.125,13.25,2.702582836151123,847000
1985-12-11,13.1875,13.4375,13.125,13.3125,2.715330123901367,693000
1985-12-12,13.375,13.4375,13.25,13.375,2.7280776500701904,532800
1985-12-13,13.5,13.8125,13.4375,13.625,2.7790701389312744,462200
1985-12-16,13.6875,14.0625,13.6875,13.9375,2.842811107635498,852200
1985-12-17,14.0,14.1875,13.9375,14.0625,2.8683056831359863,839400
1985-12-18,14.0625,14.25,14.0,14.0625,2.8683056831359863,556200
1985-12-19,13.9375,13.9375,13.6875,13.75,2.804565191268921,753400
1985-12-20,13.6875,14.0,13.5625,14.0,2.855557680130005,720600
1985-12-23,13.875,13.875,13.625,13.6875,2.7918174266815186,455600
1985-12-24,13.5625,13.625,13.4375,13.625,2.7790701389312744,338800
1985-12-26,13.625,13.9375,13.5625,13.6875,2.7918174266815186,750600
1985-12-27,13.4375,13.4375,13.1875,13.4375,2.7959775924682617,1344000
1985-12-30,13.4375,13.4375,13.25,13.3125,2.7699689865112305,216800
1985-12-31,13.3125,13.375,13.1875,13.3125,2.7699689865112305,492800
1986-01-02,13.375,13.375,13.125,13.1875,2.7439610958099365,838200
1986-01-03,13.1875,13.25,13.125,13.1875,2.7439610958099365,570000
1986-01-06,13.1875,13.1875,13.0,13.0625,2.717951774597168,1061800
1986-01-07,13.0625,13.1875,12.9375,13.125,2.7309563159942627,2400000
1986-01-08,13.125,13.3125,12.6875,12.75,2.6529288291931152,1776600
1986-01-09,12.75,12.9375,12.6875,12.875,2.6789391040802,892600
1986-01-10,12.875,12.9375,12.75,12.8125,2.6659348011016846,1660600
1986-01-13,12.75,12.8125,12.625,12.75,2.6529288291931152,1218000
1986-01-14,12.8125,12.875,12.6875,12.75,2.6529288291931152,593800
1986-01-15,12.75,12.8125,12.6875,12.8125,2.6659348011016846,754600
1986-01-16,12.8125,12.8125,12.6875,12.8125,2.6659348011016846,708000
1986-01-17,12.8125,13.125,12.8125,12.9375,2.6919422149658203,906600
1986-01-20,12.875,12.9375,12.375,12.875,2.6789391040802,533200
1986-01-21,12.875,12.9375,12.6875,12.8125,2.6659348011016846,837800
1986-01-22,12.875,12.9375,12.75,12.8125,2.6659348011016846,2000000
1986-01-23,12.8125,12.875,12.75,12.875,2.6789391040802,802400
1986-01-24,12.875,13.125,12.6875,13.125,2.7309563159942627,792600
1986-01-27,13.1875,13.3125,13.0,13.25,2.756965160369873,1395200
1986-01-28,13.25,13.5,13.25,13.5,2.808983564376831,960000
1986-01-29,13.625,13.6875,13.5,13.5625,2.8219873905181885,1539600
1986-01-30,13.5625,13.6875,13.3125,13.4375,2.7959775924682617,1734800
1986-01-31,13.5625,13.875,13.5,13.875,2.8870115280151367,1321800
1986-02-03,13.8125,13.9375,13.6875,13.75,2.861001968383789,657800
1986-02-04,13.8125,13.9375,13.375,13.8125,2.8740074634552,1314400
1986-02-05,13.75,13.875,13.625,13.6875,2.8479976654052734,1002200
1986-02-06,13.6875,13.8125,13.625,13.75,2.861001968383789,812400
1986-02-07,13.625,13.8125,13.5625,13.8125,2.8740074634552,475400
1986-02-10,13.6875,14.1875,13.6875,14.1875,2.952033758163452,711200
1986-02-11,14.1875,14.4375,14.0625,14.0625,2.9260261058807373,530400
1986-02-12,14.125,14.125,13.8125,14.0,2.9130196571350098,584800
1986-02-13,14.0625,14.0625,13.8125,14.0625,2.9260261058807373,422000
1986-02-14,14.0625,14.1875,13.75,14.125,2.939030647277832,568600
1986-02-18,14.25,14.6875,14.125,14.5,3.0170583724975586,954800
1986-02-19,14.5625,14.6875,14.25,14.3125,2.9780430793762207,565400
1986-02-20,14.1875,14.4375,14.125,14.4375,3.00405216217041,547200
1986-02-21,14.375,14.75,14.375,14.75,3.0690760612487793,788000
1986-02-24,14.625,14.875,14.5,14.625,3.0430655479431152,1056800
1986-02-25,14.625,14.6875,14.375,14.4375,3.00405216217041,268800
1986-02-26,14.375,14.625,14.375,14.5625,3.030060291290283,493800
1986-02-27,14.5625,14.6875,14.5,14.625,3.0430655479431152,707600
1986-02-28,14.625,14.6875,14.4375,14.625,3.0430655479431152,978400
1986-03-03,14.625,14.6875,14.4375,14.5625,3.030060291290283,788800
1986-03-04,14.625,14.75,14.5625,14.75,3.0690760612487793,738400
1986-03-05,14.6875,14.8125,14.5,14.5,3.0170583724975586,1192400
1986-03-06,14.625,14.6875,14.5,14.5625,3.030060291290283,657400
1986-03-07,14.625,15.0,14.5625,14.9375,3.108088731765747,1043200
1986-03-10,14.875,14.9375,14.375,14.8125,3.0820789337158203,859400
1986-03-11,14.9375,15.0,14.8125,14.9375,3.108088731765747,1015200
1986-03-12,15.0,15.4375,14.9375,15.125,3.147101402282715,920800
1986-03-13,15.0625,15.0625,14.8125,15.0,3.12109375,796000
1986-03-14,14.9375,15.375,14.9375,15.375,3.1991214752197266,758600
1986-03-17,15.3125,15.3125,15.125,15.1875,3.160107374191284,797200
1986-03-18,15.125,15.1875,15.0625,15.0625,3.13409686088562,407200
1986-03-19,15.125,15.125,14.9375,14.9375,3.108088731765747,619000
1986-03-20,14.9375,15.0625,14.9375,15.0,3.12109375,499800
1986-03-21,15.0625,15.1875,15.0,15.0,3.12109375,1010400
1986-03-24,15.125,15.3125,15.0625,15.3125,3.1861164569854736,546400
1986-03-25,15.3125,15.4375,15.125,15.4375,3.2121238708496094,437600
1986-03-26,15.4375,15.75,15.4375,15.6875,3.2641444206237793,918800
1986-03-27,15.8125,15.9375,15.8125,15.9375,3.316159725189209,7512000
1986-03-31,15.4375,15.8125,15.4375,15.625,3.2511391639709473,6884000
1986-04-01,15.75,15.8125,15.375,15.375,3.1991214752197266,651200
1986-04-02,15.4375,15.5,15.25,15.3125,3.1861164569854736,453400
1986-04-03,15.375,15.4375,14.875,15.0,3.12109375,591600
1986-04-04,15.125,15.1875,14.5,14.625,3.0430655479431152,1095400
1986-04-07,14.5,14.5625,14.1875,14.5,3.0170583724975586,751000
1986-04-08,14.625,14.875,14.5,14.875,3.0950849056243896,1246200
1986-04-09,14.9375,15.25,14.6875,15.0,3.12109375,708800
1986-04-10,15.0,15.1875,14.8125,15.125,3.147101402282715,437600
1986-04-11,15.3125,15.5,15.125,15.375,3.1991214752197266,589200
1986-04-14,15.375,15.5,15.25,15.4375,3.2121238708496094,213000
1986-04-15,15.4375,15.5,15.3125,15.4375,3.2121238708496094,366400
1986-04-16,15.4375,15.5625,15.4375,15.4375,3.2121238708496094,461800
1986-04-17,15.5625,15.625,15.375,15.625,3.2511391639709473,1035000
1986-04-18,15.5,15.5,15.375,15.5,3.2251291275024414,438800
1986-04-21,15.5,15.5625,15.3125,15.5625,3.238135576248169,496800
1986-04-22,15.5,15.625,15.0625,15.25,3.173109769821167,1031000
1986-04-23,15.25,15.3125,15.0,15.125,3.147101402282715,236000
1986-04-24,15.25,15.25,14.875,15.0,3.12109375,539400
1986-04-25,14.9375,15.0625,14.75,15.0,3.12109375,432600
1986-04-28,15.0,15.125,14.9375,15.0625,3.13409686088562,677000
1986-04-29,15.0625,15.1875,14.75,14.9375,3.108088731765747,798600
1986-04-30,14.875,14.9375,14.4375,14.5,3.0170583724975586,406200
1986-05-01,14.5,14.75,14.5,14.75,3.0690760612487793,776000
1986-05-02,14.75,14.875,14.625,14.75,3.0690760612487793,838600
1986-05-05,14.875,15.125,14.8125,15.125,3.147101402282715,419600
1986-05-06,15.25,15.25,14.9375,15.0625,3.13409686088562,512000
1986-05-07,15.0,15.0,14.75,14.875,3.0950849056243896,565200
1986-05-08,14.875,15.0,14.8125,14.9375,3.108088731765747,631600
1986-05-09,14.875,15.0,14.75,15.0,3.12109375,564000
1986-05-12,14.875,15.125,14.75,14.8125,3.0820789337158203,1397800
1986-05-13,14.875,14.875,14.4375,14.5,3.0170583724975586,927400
1986-05-14,14.625,14.75,14.5625,14.75,3.0690760612487793,692200
1986-05-15,14.875,14.875,14.625,14.75,3.0690760612487793,713400
1986-05-16,14.75,14.8125,14.625,14.75,3.0690760612487793,684200
1986-05-19,14.6875,14.8125,14.625,14.6875,3.0560710430145264,2104000
1986-05-20,14.625,14.875,14.25,14.5,3.0170583724975586,1375800
1986-05-21,14.5625,14.5625,14.375,14.375,2.9910495281219482,418800
1986-05-22,14.375,14.6875,14.375,14.6875,3.0560710430145264,485000
1986-05-23,14.5625,14.8125,14.5625,14.6875,3.0560710430145264,409400
1986-05-27,14.75,14.875,14.625,14.875,3.0950849056243896,465800
1986-05-28,14.9375,15.6875,14.8125,15.125,3.147101402282715,810000
1986-05-29,15.125,15.125,14.875,15.0625,3.13409686088562,684000
1986-05-30,14.9375,15.125,14.9375,15.0,3.12109375,843000
1986-06-02,14.9375,15.0,14.6875,14.875,3.0950849056243896,697800
1986-06-03,14.75,14.875,14.5625,14.875,3.0950849056243896,420600
1986-06-04,14.875,14.9375,14.5625,14.75,3.0690760612487793,527200
1986-06-05,14.8125,15.125,14.75,15.125,3.147101402282715,382000
1986-06-06,15.125,15.1875,15.0,15.125,3.147101402282715,408000
1986-06-09,15.1875,15.1875,14.5,14.75,3.0690760612487793,1016600
1986-06-10,14.625,14.75,14.625,14.75,3.0690760612487793,644200
1986-06-11,14.75,14.875,14.75,14.875,3.0950849056243896,686200
1986-06-12,14.8125,15.125,14.75,15.0,3.12109375,525600
1986-06-13,15.0625,15.3125,15.0,15.25,3.173109769821167,1078400
1986-06-16,15.375,15.4375,15.3125,15.4375,3.2121238708496094,630200
1986-06-17,15.5,15.5625,15.375,15.4375,3.2121238708496094,460400
1986-06-18,15.375,15.5625,15.3125,15.5625,3.238135576248169,415600
1986-06-19,15.5,15.5625,15.375,15.375,3.1991214752197266,513200
1986-06-20,15.4375,15.75,15.375,15.75,3.277146100997925,1149400
1986-06-23,15.625,15.75,15.5625,15.625,3.2511391639709473,1097600
1986-06-24,15.75,15.9375,15.625,15.8125,3.2901530265808105,810600
1986-06-25,15.8125,16.0625,15.8125,15.9375,3.316159725189209,1930200
1986-06-26,15.9375,16.0625,15.9375,16.0625,3.342170476913452,6758000
1986-06-27,15.75,15.8125,15.625,15.75,3.33634352684021,1888600
1986-06-30,15.6875,15.875,15.6875,15.6875,3.3231070041656494,6892000
1986-07-01,15.6875,15.8125,15.5625,15.625,3.3098666667938232,529400
1986-07-02,15.625,15.75,15.4375,15.5625,3.29662823677063,684800
1986-07-03,15.4375,15.75,15.375,15.6875,3.3231070041656494,462400
1986-07-07,15.375,15.5625,15.3125,15.5625,3.29662823677063,531800
1986-07-08,15.4375,15.5625,15.1875,15.5,3.283386707305908,1013000
1986-07-09,15.5625,15.9375,15.4375,15.6875,3.3231070041656494,922800
1986-07-10,15.75,15.8125,15.3125,15.75,3.33634352684021,1510800
1986-07-11,15.9375,16.1875,15.875,16.1875,3.4290223121643066,1610800
1986-07-14,16.0625,16.5,16.0,16.4375,3.4819774627685547,2020000
1986-07-15,16.4375,16.8125,16.375,16.625,3.5216994285583496,1296600
1986-07-16,16.0,16.625,15.5625,16.25,3.4422619342803955,3756000
1986-07-17,16.1875,16.5,16.125,16.1875,3.4290223121643066,1170600
1986-07-18,16.0625,16.5,15.9375,16.3125,3.455501079559326,1141000
1986-07-21,16.1875,16.875,16.1875,16.8125,3.561415195465088,560200
1986-07-22,16.75,17.0,16.25,17.0,3.60113525390625,786000
1986-07-23,17.0,17.125,16.9375,17.125,3.6276111602783203,665000
1986-07-24,17.125,17.5625,17.125,17.375,3.6805732250213623,736800
1986-07-25,17.5,17.9375,17.5,17.875,3.786487579345703,2360000
1986-07-28,17.9375,17.9375,17.3125,17.375,3.6805732250213623,822800
1986-07-29,17.3125,17.4375,17.1875,17.3125,3.667332172393799,902800
1986-07-30,17.4375,17.5,17.3125,17.4375,3.6938109397888184,603600
1986-07-31,17.375,17.5625,17.3125,17.4375,3.6938109397888184,721600
1986-08-01,17.5,17.5625,17.375,17.375,3.6805732250213623,644000
1986-08-04,17.375,17.5625,17.3125,17.4375,3.6938109397888184,680200
1986-08-05,17.4375,17.4375,17.3125,17.375,3.6805732250213623,506400
1986-08-06,17.375,17.5,17.3125,17.375,3.6805732250213623,1320800
1986-08-07,17.375,17.6875,17.3125,17.625,3.7335290908813477,1021400
1986-08-08,17.625,17.8125,17.5625,17.625,3.7335290908813477,739200
1986-08-11,17.625,17.8125,17.5625,17.8125,3.7732467651367188,2456000
1986-08-12,17.875,17.875,17.6875,17.875,3.786487579345703,1008200
1986-08-13,17.875,18.0,17.6875,17.9375,3.7997262477874756,1218000
1986-08-14,17.9375,17.9375,17.75,17.8125,3.7732467651367188,823000
1986-08-15,17.875,17.9375,17.3125,17.875,3.786487579345703,290600
1986-08-18,17.875,18.375,17.75,18.125,3.8394455909729004,702000
1986-08-19,18.25,18.5625,18.125,18.375,3.8924038410186768,745600
1986-08-20,18.5,19.3125,18.4375,19.125,4.051275730133057,1322800
1986-08-21,19.125,19.375,19.0625,19.125,4.051275730133057,1389400
1986-08-22,19.125,19.375,19.0625,19.1875,4.064514636993408,645800
1986-08-25,19.0625,19.125,18.6875,18.8125,3.985079765319824,1113400
1986-08-26,18.9375,19.0,18.375,18.9375,4.0115580558776855,456200
1986-08-27,18.8125,19.0,18.75,18.75,3.971839427947998,429600
1986-08-28,18.75,18.9375,18.625,18.875,3.998319149017334,581200
1986-08-29,19.0,19.125,18.875,19.0625,4.038038730621338,881400
1986-09-02,19.0625,19.0625,18.125,18.3125,3.8791627883911133,931800
1986-09-03,18.125,18.4375,18.0625,18.4375,3.905643939971924,612600
1986-09-04,18.375,18.75,18.3125,18.5,3.9188809394836426,647800
1986-09-05,18.5,18.5,18.0625,18.1875,3.8526840209960938,962800
1986-09-08,18.0625,18.125,17.0625,17.375,3.6805732250213623,1020000
1986-09-09,17.5,17.8125,17.4375,17.625,3.7335290908813477,1505800
1986-09-10,17.9375,18.0,17.75,17.875,3.786487579345703,1202800
1986-09-11,17.75,17.75,16.5,16.9375,3.587894916534424,1536800
1986-09-12,16.9375,17.0,15.5625,16.3125,3.455501079559326,1756400
1986-09-15,16.4375,16.5625,16.3125,16.5,3.4952197074890137,1183200
1986-09-16,16.5,16.5,16.25,16.375,3.4687414169311523,622400
1986-09-17,16.4375,16.9375,16.375,16.75,3.54817533493042,1140600
1986-09-18,16.625,16.875,16.5,16.75,3.54817533493042,657000
1986-09-19,16.625,16.9375,16.625,16.9375,3.587894916534424,1957000
1986-09-22,17.0,17.25,17.0,17.125,3.6276111602783203,1312400
1986-09-23,17.125,17.25,16.9375,17.0,3.60113525390625,738600
1986-09-24,17.0,17.25,17.0,17.1875,3.640850782394409,1437800
1986-09-25,17.1875,17.1875,16.6875,16.875,3.574655055999756,913000
1986-09-26,16.8125,17.0,16.5,16.875,3.574655055999756,3440000
1986-09-29,16.1875,16.375,16.0625,16.1875,3.4879300594329834,2740000
1986-09-30,16.125,16.375,16.0625,16.25,3.501396417617798,1449200
1986-10-01,16.25,16.5,16.25,16.3125,3.514863967895508,920800
1986-10-02,16.25,16.3125,16.1875,16.25,3.501396417617798,369600
1986-10-03,16.4375,16.5,16.1875,16.1875,3.4879300594329834,537800
1986-10-06,16.0625,16.5625,15.9375,16.5,3.555264711380005,1390600
1986-10-07,16.5,16.625,16.375,16.625,3.5821988582611084,537200
1986-10-08,16.5625,16.6875,16.5,16.5,3.555264711380005,390000
1986-10-09,16.4375,16.5,16.25,16.3125,3.514863967895508,560400
1986-10-10,16.1875,16.3125,16.125,16.25,3.501396417617798,267200
1986-10-13,16.375,16.5,16.25,16.4375,3.541794538497925,268600
1986-10-14,16.375,16.4375,16.25,16.4375,3.541794538497925,283800
1986-10-15,16.375,16.625,16.3125,16.625,3.5821988582611084,413800
1986-10-16,16.625,16.8125,16.5625,16.6875,3.595663547515869,467800
1986-10-17,16.5625,16.6875,16.4375,16.6875,3.595663547515869,1723200
1986-10-20,16.5625,16.625,16.3125,16.4375,3.541794538497925,370000
1986-10-21,16.4375,16.4375,16.0625,16.3125,3.514863967895508,1255800
1986-10-22,16.3125,16.3125,16.0625,16.25,3.501396417617798,1547000
1986-10-23,16.25,16.625,16.1875,16.5625,3.5687308311462402,793000
1986-10-24,16.4375,17.0625,16.3125,17.0,3.662997007369995,2260000
1986-10-27,16.9375,17.0625,16.875,17.0,3.662997007369995,1502600
1986-10-28,16.9375,16.9375,16.6875,16.8125,3.622596502304077,1113400
1986-10-29,16.8125,17.0625,16.75,17.0625,3.6764655113220215,772200
1986-10-30,17.25,17.4375,17.1875,17.375,3.743802070617676,1994600
1986-10-31,17.4375,17.5625,17.375,17.5,3.770733594894409,1104800
1986-11-03,17.5,17.5,17.375,17.5,3.770733594894409,391800
1986-11-04,17.5,17.75,17.4375,17.75,3.824601650238037,628000
1986-11-05,17.625,17.8125,17.5,17.75,3.824601650238037,732400
1986-11-06,17.75,17.875,17.75,17.75,3.824601650238037,1025400
1986-11-07,17.75,17.8125,17.6875,17.75,3.824601650238037,505200
1986-11-10,17.75,17.75,17.4375,17.5625,3.7841997146606445,956800
1986-11-11,17.625,17.625,17.5,17.5625,3.7841997146606445,359800
1986-11-12,17.5625,17.5625,17.375,17.5,3.770733594894409,746200
1986-11-13,17.5,17.5,17.0625,17.1875,3.703397512435913,446400
1986-11-14,17.3125,17.3125,17.125,17.125,3.6899311542510986,398000
1986-11-17,17.125,17.3125,17.0,17.0625,3.6764655113220215,545800
1986-11-18,17.0625,17.0625,16.5,16.5,3.555264711380005,783400
1986-11-19,16.625,16.6875,16.5,16.6875,3.595663547515869,635000
1986-11-20,16.6875,17.0625,16.625,17.0625,3.6764655113220215,699200
1986-11-21,16.9375,17.5625,16.875,17.3125,3.730332851409912,873800
1986-11-24,17.25,17.625,17.1875,17.625,3.7976667881011963,870200
1986-11-25,17.5,17.625,17.4375,17.5625,3.7841997146606445,662000
1986-11-26,17.5625,17.6875,17.4375,17.625,3.7976667881011963,1180400
1986-11-28,17.5625,17.6875,17.4375,17.625,3.7976667881011963,302000
1986-12-01,17.5625,17.8125,17.25,17.625,3.7976667881011963,633800
1986-12-02,17.6875,18.0,17.5625,17.9375,3.8650026321411133,942000
1986-12-03,17.8125,17.9375,17.75,17.875,3.8515350818634033,741400
1986-12-04,17.8125,18.0,17.8125,17.8125,3.838067054748535,460600
1986-12-05,17.9375,17.9375,17.75,17.8125,3.838067054748535,502200
1986-12-08,17.875,17.9375,17.6875,17.8125,3.838067054748535,585000
1986-12-09,17.875,17.875,17.625,17.6875,3.8111343383789062,452400
1986-12-10,17.625,17.75,17.5,17.625,3.7976667881011963,580600
1986-12-11,17.75,17.9375,17.625,17.6875,3.8111343383789062,889200
1986-12-12,17.75,17.75,17.625,17.625,3.7976667881011963,1265000
1986-12-15,17.5625,17.875,17.5625,17.875,3.8515350818634033,1564000
1986-12-16,17.75,17.8125,17.5625,17.6875,3.8111343383789062,836000
1986-12-17,17.625,17.6875,17.3125,17.5,3.770733594894409,710600
1986-12-18,17.4375,17.4375,17.25,17.375,3.743802070617676,1348800
1986-12-19,17.375,17.5,17.25,17.4375,3.7572669982910156,1256800
1986-12-22,17.375,17.4375,17.25,17.375,3.743802070617676,1005800
1986-12-23,17.375,17.5,17.3125,17.375,3.743802070617676,1539800
1986-12-24,17.375,17.4375,17.375,17.4375,3.7572669982910156,300400
1986-12-26,17.5,17.875,17.3125,17.5,3.770733594894409,7940000
1986-12-29,17.0,17.1875,16.9375,17.0,3.723639488220215,3340000
1986-12-30,17.0,17.125,16.9375,17.0625,3.7373290061950684,2000000
1986-12-31,17.0,17.125,16.8125,16.9375,3.709951877593994,6334000
1987-01-02,17.0,17.375,17.0,17.375,3.805781841278076,472000
1987-01-05,17.3125,17.5,17.3125,17.5,3.833158254623413,3940000
1987-01-06,17.5,17.5625,17.3125,17.375,3.805781841278076,899000
1987-01-07,17.375,17.5,17.3125,17.4375,3.819469451904297,894000
1987-01-08,17.4375,17.625,17.375,17.5625,3.846848964691162,1398400
1987-01-09,17.5625,17.6875,17.4375,17.625,3.8605387210845947,657000
1987-01-12,17.5625,17.8125,17.5,17.75,3.887920379638672,509400
1987-01-13,17.625,17.8125,17.625,17.75,3.887920379638672,540400
1987-01-14,17.6875,17.875,17.6875,17.875,3.9152987003326416,337800
1987-01-15,17.875,17.875,17.5625,17.6875,3.8742306232452393,537400
1987-01-16,17.6875,17.875,17.4375,17.6875,3.8742306232452393,1193000
1987-01-19,17.5625,17.75,17.4375,17.625,3.8605387210845947,475200
1987-01-20,17.625,17.9375,17.625,17.875,3.9152987003326416,866000
1987-01-21,17.8125,18.125,17.8125,17.9375,3.9289870262145996,568800
1987-01-22,17.875,18.375,17.875,18.3125,4.011128902435303,856000
1987-01-23,18.375,18.5,17.75,18.0,3.9426825046539307,1267400
1987-01-26,17.8125,17.9375,17.625,17.8125,3.9016077518463135,993400
1987-01-27,17.875,18.0625,17.8125,18.0625,3.956366539001465,632800
1987-01-28,18.125,18.25,18.0625,18.25,3.997437000274658,876000
1987-01-29,18.375,18.375,18.0625,18.25,3.997437000274658,618400
1987-01-30,18.25,18.25,18.1875,18.25,3.997437000274658,374800
1987-02-02,18.25,18.4375,18.1875,18.375,4.02481746673584,779200
1987-02-03,18.4375,18.5,18.375,18.5,4.052196502685547,942600
1987-02-04,18.4375,18.5,18.25,18.3125,4.011128902435303,1513400
1987-02-05,18.375,18.4375,18.1875,18.3125,4.011128902435303,768200
1987-02-06,18.3125,18.375,18.1875,18.25,3.997437000274658,643200
1987-02-09,18.1875,18.1875,18.0,18.0,3.9426825046539307,721000
1987-02-10,18.0,18.0,17.75,17.9375,3.9289870262145996,962200
1987-02-11,17.9375,18.0625,17.875,18.0,3.9426825046539307,453200
1987-02-12,18.0625,18.125,17.4375,17.4375,3.819469451904297,928000
1987-02-13,17.4375,17.75,17.4375,17.5625,3.846848964691162,649600
1987-02-17,17.4375,17.75,17.4375,17.75,3.887920379638672,872400
1987-02-18,17.75,17.75,17.5,17.5625,3.846848964691162,460200
1987-02-19,17.5625,17.6875,17.4375,17.5625,3.846848964691162,1684200
1987-02-20,17.5625,17.625,17.5,17.5625,3.846848964691162,417000
1987-02-23,17.5,17.5625,17.125,17.4375,3.819469451904297,636600
1987-02-24,17.375,17.4375,17.25,17.4375,3.819469451904297,684600
1987-02-25,17.3125,17.375,17.125,17.1875,3.76470947265625,742000
1987-02-26,17.1875,17.1875,16.9375,17.0625,3.7373290061950684,705800
1987-02-27,17.0625,17.125,17.0,17.0625,3.7373290061950684,356600
1987-03-02,17.125,17.125,16.9375,17.0,3.723639488220215,539400
1987-03-03,16.9375,17.1875,16.9375,17.1875,3.76470947265625,406600
1987-03-04,17.1875,17.375,17.0625,17.375,3.805781841278076,682400
1987-03-05,17.3125,17.375,17.0,17.1875,3.76470947265625,1188800
1987-03-06,17.25,17.25,17.0,17.125,3.75101900100708,484400
1987-03-09,17.0,17.0,16.75,16.9375,3.709951877593994,747400
1987-03-10,16.8125,16.9375,16.75,16.875,3.6962616443634033,600000
1987-03-11,16.8125,16.875,16.625,16.75,3.668879508972168,669200
1987-03-12,16.6875,16.9375,16.6875,16.875,3.6962616443634033,421000
1987-03-13,16.9375,16.9375,16.75,16.8125,3.682570457458496,866600
1987-03-16,16.8125,16.8125,16.625,16.6875,3.6551902294158936,579600
1987-03-17,16.625,16.9375,16.5,16.8125,3.682570457458496,1031600
1987-03-18,16.8125,16.875,16.5,16.5625,3.6278131008148193,529000
1987-03-19,16.75,16.9375,16.6875,16.875,3.6962616443634033,1423200
1987-03-20,16.875,17.25,16.875,17.1875,3.76470947265625,1522600
1987-03-23,17.125,17.375,17.0625,17.25,3.778398036956787,951800
1987-03-24,17.1875,17.375,17.125,17.3125,3.79209041595459,1256400
1987-03-25,17.375,17.875,17.25,17.4375,3.819469451904297,397200
1987-03-26,17.4375,17.5,17.1875,17.25,3.778398036956787,927200
1987-03-27,17.25,17.25,17.0,17.0,3.723639488220215,1261200
1987-03-30,16.0,16.5625,15.875,16.0,3.5643584728240967,4550000
1987-03-31,16.0625,16.125,15.9375,16.0,3.5643584728240967,1461400
1987-04-01,15.6875,15.9375,15.625,15.9375,3.5504350662231445,1554200
1987-04-02,16.0625,16.0625,15.625,15.9375,3.5504350662231445,1156200
1987-04-03,15.9375,15.9375,15.6875,15.8125,3.522587537765503,1262400
1987-04-06,15.875,16.25,15.8125,16.25,3.620054006576538,2080000
1987-04-07,16.0,16.0625,15.5,15.5,3.4529736042022705,877400
1987-04-08,15.5625,15.875,15.25,15.3125,3.4112017154693604,1232200
1987-04-09,15.1875,15.25,14.625,14.9375,3.327662229537964,1512400
1987-04-10,14.6875,15.0,14.6875,14.75,3.285893440246582,1307200
1987-04-13,14.75,15.0625,14.5625,14.6875,3.2719690799713135,1021000
1987-04-14,14.375,14.4375,14.0625,14.1875,3.160581350326538,1969800
1987-04-15,14.375,15.125,14.3125,14.9375,3.327662229537964,1321000
1987-04-16,15.0,15.375,15.0,15.3125,3.4112017154693604,1678400
1987-04-20,15.4375,15.5,15.1875,15.5,3.4529736042022705,862600
1987-04-21,15.5,15.625,15.125,15.5625,3.4668960571289062,946200
1987-04-22,15.625,15.625,15.25,15.25,3.3972790241241455,714800
1987-04-23,15.3125,15.5625,15.1875,15.4375,3.4390480518341064,764600
1987-04-24,15.3125,15.375,14.9375,15.0,3.341586112976074,1122000
1987-04-27,14.9375,15.4375,14.5625,15.1875,3.383354425430298,1464200
1987-04-28,15.1875,15.5625,15.125,15.1875,3.383354425430298,1109200
1987-04-29,15.375,15.4375,15.25,15.375,3.4251251220703125,940800
1987-04-30,15.375,15.875,15.3125,15.6875,3.4947426319122314,903200
1987-05-01,15.625,15.6875,15.375,15.5,3.4529736042022705,788600
1987-05-04,15.375,15.5625,15.3125,15.5,3.4529736042022705,1094200
1987-05-05,15.625,15.875,15.3125,15.8125,3.522587537765503,1445400
1987-05-06,15.8125,15.8125,15.625,15.6875,3.4947426319122314,1193000
1987-05-07,15.5625,15.75,15.375,15.375,3.4251251220703125,500000
1987-05-08,15.5,15.625,15.0625,15.375,3.4251251220703125,583200
1987-05-11,15.5,15.8125,14.9375,14.9375,3.327662229537964,1464200
1987-05-12,15.1875,15.25,14.875,15.25,3.3972790241241455,2340000
1987-05-13,15.25,15.3125,14.875,15.1875,3.383354425430298,1107000
1987-05-14,15.1875,15.1875,14.9375,15.0625,3.355508804321289,734800
1987-05-15,14.875,14.9375,14.8125,14.8125,3.2998149394989014,634000
1987-05-18,14.875,15.0,14.5625,14.9375,3.327662229537964,643800
1987-05-19,14.875,15.0,14.5,14.5,3.2301995754241943,714000
1987-05-20,14.625,14.8125,14.375,14.625,3.258047580718994,651800
1987-05-21,14.5625,14.9375,14.5625,14.6875,3.2719690799713135,416400
1987-05-22,14.8125,15.0625,14.8125,15.0,3.341586112976074,625200
1987-05-26,15.1875,15.375,15.0625,15.3125,3.4112017154693604,724000
1987-05-27,15.25,15.3125,15.125,15.1875,3.383354425430298,380000
1987-05-28,15.25,15.3125,15.125,15.1875,3.383354425430298,406400
1987-05-29,15.3125,15.3125,15.1875,15.3125,3.4112017154693604,628200
1987-06-01,15.3125,15.5,15.25,15.3125,3.4112017154693604,408600
1987-06-02,15.25,15.3125,14.875,15.0625,3.355508804321289,503400
1987-06-03,15.1875,15.5,15.1875,15.375,3.4251251220703125,319000
1987-06-04,15.5,15.5625,15.3125,15.5,3.4529736042022705,585800
1987-06-05,15.4375,15.6875,15.3125,15.5625,3.4668960571289062,786400
1987-06-08,15.5,15.875,15.375,15.75,3.5086631774902344,535600
1987-06-09,15.6875,15.8125,15.5625,15.625,3.480818748474121,691600
1987-06-10,15.6875,15.9375,15.5625,15.6875,3.4947426319122314,1601800
1987-06-11,15.625,15.6875,15.4375,15.625,3.480818748474121,561000
1987-06-12,15.75,15.875,15.75,15.875,3.5365116596221924,970800
1987-06-15,15.9375,16.0,15.6875,15.75,3.5086631774902344,1976600
1987-06-16,15.75,16.0,15.6875,15.875,3.5365116596221924,1187200
1987-06-17,15.9375,16.0,15.8125,15.8125,3.522587537765503,791000
1987-06-18,15.8125,15.9375,15.75,15.9375,3.5504350662231445,727800
1987-06-19,15.9375,16.125,15.875,16.125,3.59220552444458,1021800
1987-06-22,16.25,16.3125,16.1875,16.1875,3.6061289310455322,1123000
1987-06-23,16.3125,16.3125,16.0625,16.1875,3.6061289310455322,1028400
1987-06-24,16.25,16.3125,16.125,16.125,3.59220552444458,665800
1987-06-25,16.1875,16.25,16.1875,16.25,3.620054006576538,7000000
1987-06-26,15.6875,15.875,15.625,15.6875,3.559915542602539,5604000
1987-06-29,15.5625,15.625,15.375,15.5,3.5173683166503906,5440000
1987-06-30,15.5625,15.625,15.25,15.375,3.489001512527466,781600
1987-07-01,15.375,15.4375,15.3125,15.375,3.489001512527466,700800
1987-07-02,15.5,15.5625,15.375,15.375,3.489001512527466,473800
1987-07-06,15.5,15.9375,15.3125,15.5,3.5173683166503906,1345600
1987-07-07,15.5,15.6875,15.5,15.625,3.545734167098999,2060000
1987-07-08,15.625,15.6875,15.4375,15.4375,3.503183603286743,877400
1987-07-09,15.5625,15.6875,15.4375,15.5625,3.531550407409668,877000
1987-07-10,15.625,15.75,15.625,15.6875,3.559915542602539,295000
1987-07-13,15.6875,15.75,15.5,15.625,3.545734167098999,419000
1987-07-14,15.625,15.6875,15.5,15.5625,3.531550407409668,1059200
1987-07-15,15.4375,15.5625,15.4375,15.5625,3.531550407409668,1043400
1987-07-16,15.5625,15.5625,15.125,15.4375,3.503183603286743,543600
1987-07-17,15.4375,15.5625,15.375,15.5625,3.531550407409668,927800
1987-07-20,15.5,15.5,15.3125,15.3125,3.474818229675293,486600
1987-07-21,15.3125,15.4375,15.125,15.125,3.4322688579559326,1024200
1987-07-22,15.125,15.1875,15.0,15.0625,3.4180870056152344,822600
1987-07-23,15.1875,15.25,14.9375,15.125,3.4322688579559326,2100000
1987-07-24,15.0625,15.1875,15.0,15.1875,3.4464499950408936,498400
1987-07-27,15.1875,15.375,15.125,15.25,3.46063494682312,517600
1987-07-28,15.375,15.4375,15.1875,15.3125,3.474818229675293,543800
1987-07-29,15.3125,15.5625,15.3125,15.5625,3.531550407409668,502400
1987-07-30,15.5625,15.625,15.5,15.5625,3.531550407409668,593600
1987-07-31,15.5,15.5625,15.4375,15.5,3.5173683166503906,428000
1987-08-03,15.375,15.5,15.3125,15.4375,3.503183603286743,748000
1987-08-04,15.5,15.5625,15.4375,15.5,3.5173683166503906,516800
1987-08-05,15.5625,15.6875,15.5,15.625,3.545734167098999,596800
1987-08-06,15.6875,15.6875,15.5625,15.6875,3.559915542602539,619800
1987-08-07,15.6875,15.75,15.5625,15.75,3.574097156524658,389400
1987-08-10,15.625,16.0,15.625,16.0,3.6308298110961914,3440000
1987-08-11,16.0,16.1875,15.875,16.0,3.6308298110961914,1324200
1987-08-12,16.0625,16.25,15.875,15.9375,3.6166467666625977,927000
1987-08-13,16.0625,16.5,16.0,16.375,3.715928077697754,1616200
1987-08-14,16.375,16.4375,16.25,16.4375,3.730111837387085,2680000
1987-08-17,16.375,16.625,16.3125,16.4375,3.730111837387085,987000
1987-08-18,16.375,16.375,16.0625,16.1875,3.6733808517456055,822600
1987-08-19,16.1875,16.25,16.0625,16.25,3.6875641345977783,416200
1987-08-20,16.375,16.6875,16.3125,16.6875,3.786841869354248,993000
1987-08-21,16.5625,16.6875,16.375,16.5,3.744292736053467,783200
1987-08-24,16.5,16.625,16.375,16.5625,3.7584762573242188,649400
1987-08-25,16.5625,16.625,16.4375,16.5,3.744292736053467,859600
1987-08-26,16.5,16.5,16.3125,16.375,3.715928077697754,521400
1987-08-27,16.25,16.375,16.0625,16.0625,3.6450138092041016,1224400
1987-08-28,16.125,16.125,15.9375,15.9375,3.6166467666625977,597600
1987-08-31,16.0625,16.125,15.9375,16.0625,3.6450138092041016,409000
1987-09-01,16.125,16.3125,15.75,16.25,3.6875641345977783,840200
1987-09-02,16.0,16.125,15.8125,15.8125,3.58828067779541,511800
1987-09-03,15.9375,16.0625,15.75,15.875,3.602464437484741,464200
1987-09-04,15.9375,16.0,15.8125,15.8125,3.58828067779541,555000
1987-09-08,15.8125,15.875,15.5625,15.8125,3.58828067779541,638600
1987-09-09,15.6875,15.8125,15.5625,15.75,3.574097156524658,844400
1987-09-10,15.8125,16.0,15.75,15.8125,3.58828067779541,1529200
1987-09-11,15.875,16.0625,15.8125,16.0,3.6308298110961914,647200
1987-09-14,16.0625,16.0625,15.875,15.9375,3.6166467666625977,760200
1987-09-15,15.9375,16.0,15.8125,15.8125,3.58828067779541,1955000
1987-09-16,15.8125,15.9375,15.75,15.75,3.574097156524658,1163200
1987-09-17,15.875,15.9375,15.75,15.9375,3.6166467666625977,729000
1987-09-18,15.9375,16.0,15.8125,15.875,3.602464437484741,1322200
1987-09-21,15.9375,16.0,15.875,15.9375,3.6166467666625977,567800
1987-09-22,15.9375,16.375,15.8125,16.3125,3.701746702194214,1467400
1987-09-23,16.3125,16.375,16.0,16.25,3.6875641345977783,1204400
1987-09-24,16.25,16.25,16.0,16.0625,3.6450138092041016,2180000
1987-09-25,16.0625,16.125,15.8125,16.0625,3.6450138092041016,1210200
1987-09-28,16.0625,16.375,16.0625,16.1875,3.6733808517456055,9700000
1987-09-29,15.75,15.875,15.6875,15.75,3.6410138607025146,8920000
1987-09-30,15.6875,15.875,15.625,15.6875,3.6265668869018555,6280000
1987-10-01,15.75,16.0,15.6875,15.875,3.6699109077453613,689600
1987-10-02,15.9375,16.0625,15.8125,15.9375,3.684359073638916,836200
1987-10-05,15.875,16.0,15.8125,15.9375,3.684359073638916,707400
1987-10-06,15.9375,16.0,15.6875,15.75,3.6410138607025146,1182400
1987-10-07,15.875,16.125,15.75,16.0,3.6988091468811035,1183400
1987-10-08,16.0,16.0625,15.875,16.0,3.6988091468811035,1313000
1987-10-09,15.875,16.125,15.875,16.0,3.6988091468811035,666000
1987-10-12,15.8125,16.0,15.8125,15.875,3.6699109077453613,353400
1987-10-13,16.0,16.5625,15.875,16.5625,3.828845500946045,1218400
1987-10-14,16.5,16.8125,16.375,16.625,3.843291759490967,1791600
1987-10-15,16.5,16.875,16.4375,16.75,3.872190237045288,2380000
1987-10-16,16.6875,16.8125,16.125,16.25,3.756603956222534,1271800
1987-10-19,16.1875,16.25,13.8125,15.1875,3.510977029800415,2532200
1987-10-20,15.25,15.5625,14.25,14.9375,3.453184127807617,1725200
1987-10-21,14.875,16.0,14.875,15.625,3.6121180057525635,987800
1987-10-22,15.3125,15.75,14.875,15.375,3.554323673248291,1229600
1987-10-23,15.125,15.875,15.0,15.6875,3.6265668869018555,559000
1987-10-26,15.3125,15.625,15.1875,15.3125,3.5398752689361572,524400
1987-10-27,15.8125,16.0,15.5,15.75,3.6410138607025146,1103000
1987-10-28,15.5625,16.125,15.5,15.75,3.6410138607025146,974800
1987-10-29,15.9375,16.0,15.75,15.875,3.6699109077453613,1152800
1987-10-30,15.875,16.25,15.875,16.0625,3.713257312774658,1380600
1987-11-02,16.1875,16.25,16.0625,16.1875,3.742154598236084,698600
1987-11-03,16.1875,16.1875,16.0,16.0,3.6988091468811035,834600
1987-11-04,16.0,16.25,16.0,16.0625,3.713257312774658,447800
1987-11-05,16.125,16.75,16.0625,16.625,3.843291759490967,2140000
1987-11-06,16.625,16.8125,16.5,16.625,3.843291759490967,1019200
1987-11-09,16.5,16.5625,16.0625,16.125,3.7277047634124756,1443000
1987-11-10,16.0,16.4375,15.875,16.1875,3.742154598236084,1065400
1987-11-11,16.375,16.4375,16.125,16.125,3.7277047634124756,739800
1987-11-12,16.375,16.375,16.0,16.0,3.6988091468811035,1177200
1987-11-13,15.875,15.9375,15.75,15.8125,3.6554627418518066,2120000
1987-11-16,15.8125,15.875,15.75,15.8125,3.6554627418518066,298400
1987-11-17,15.8125,15.8125,15.5,15.75,3.6410138607025146,529200
1987-11-18,15.6875,15.8125,15.625,15.8125,3.6554627418518066,497000
1987-11-19,15.75,15.75,15.5,15.5,3.5832204818725586,651000
1987-11-20,15.375,15.625,15.375,15.625,3.6121180057525635,611200
1987-11-23,15.625,15.75,15.5,15.6875,3.6265668869018555,475800
1987-11-24,15.6875,15.8125,15.5,15.625,3.6121180057525635,613800
1987-11-25,15.625,15.6875,15.375,15.4375,3.568770408630371,432200
1987-11-27,15.5,15.75,15.4375,15.75,3.6410138607025146,428800
1987-11-30,15.625,15.6875,15.25,15.6875,3.6265668869018555,1052400
1987-12-01,15.75,15.75,15.25,15.75,3.6410138607025146,653800
1987-12-02,15.6875,15.6875,15.5625,15.625,3.6121180057525635,662400
1987-12-03,15.5625,15.625,15.125,15.125,3.496530771255493,451600
1987-12-04,15.0,15.0625,14.8125,15.0625,3.4820823669433594,660600
1987-12-07,15.125,15.25,15.0625,15.1875,3.510977029800415,358600
1987-12-08,15.125,15.25,15.125,15.25,3.5254275798797607,649600
1987-12-09,15.1875,15.4375,15.125,15.4375,3.568770408630371,479200
1987-12-10,15.0,15.25,14.875,14.875,3.4387357234954834,546000
1987-12-11,15.0,15.125,14.9375,15.125,3.496530771255493,688600
1987-12-14,15.1875,15.4375,15.125,15.4375,3.568770408630371,886200
1987-12-15,15.4375,15.5,15.375,15.4375,3.568770408630371,674800
1987-12-16,15.5,15.5625,15.375,15.375,3.554323673248291,919400
1987-12-17,15.3125,15.375,15.0625,15.125,3.496530771255493,756800
1987-12-18,15.1875,15.25,15.0625,15.1875,3.510977029800415,1189600
1987-12-21,15.1875,15.3125,15.0625,15.3125,3.5398752689361572,626000
1987-12-22,15.3125,15.3125,15.125,15.3125,3.5398752689361572,15998200
1987-12-23,15.375,15.625,15.375,15.625,3.6121180057525635,1694200
1987-12-24,15.5625,15.625,15.5,15.5625,3.597667932510376,25066600
1987-12-28,15.5,15.5,15.25,15.4375,3.568770408630371,27308400
1987-12-29,15.125,15.1875,15.0625,15.125,3.565237045288086,3912600
1987-12-30,15.125,15.3125,15.125,15.25,3.5947017669677734,3170000
1987-12-31,15.3125,15.375,15.0625,15.25,3.5947017669677734,683400
1988-01-04,15.5,15.5625,15.4375,15.5,3.653630256652832,841000
1988-01-05,15.5625,15.6875,15.4375,15.6875,3.697828531265259,1000000
1988-01-06,15.75,15.75,15.5625,15.625,3.683095693588257,657000
1988-01-07,15.6875,15.6875,15.4375,15.625,3.683095693588257,378600
1988-01-08,15.5625,15.625,15.125,15.1875,3.5799672603607178,446800
1988-01-11,15.3125,15.375,15.0625,15.25,3.5947017669677734,395200
1988-01-12,15.125,15.1875,14.5625,15.0625,3.5505034923553467,636400
1988-01-13,15.125,15.1875,14.875,15.0,3.5357730388641357,299600
1988-01-14,15.0625,15.125,14.9375,15.0625,3.5505034923553467,297800
1988-01-15,15.375,15.6875,15.375,15.5,3.653630256652832,751600
1988-01-18,15.5,15.6875,15.4375,15.625,3.683095693588257,421800
1988-01-19,15.5,15.875,15.4375,15.75,3.7125582695007324,587000
1988-01-20,15.625,15.75,15.5625,15.6875,3.697828531265259,466800
1988-01-21,15.6875,15.8125,15.625,15.6875,3.697828531265259,381400
1988-01-22,15.8125,16.25,15.75,16.25,3.8304214477539062,868200
1988-01-25,16.1875,16.3125,16.0625,16.1875,3.815688371658325,1288000
1988-01-26,16.125,16.25,16.125,16.1875,3.815688371658325,612800
1988-01-27,16.25,16.375,16.1875,16.25,3.8304214477539062,932000
1988-01-28,16.3125,16.4375,16.25,16.375,3.8598837852478027,1373400
1988-01-29,16.4375,17.0,16.4375,17.0,4.007206916809082,2240000
1988-02-01,16.75,16.875,16.5625,16.6875,3.9335458278656006,592200
1988-02-02,16.6875,16.8125,16.5625,16.625,3.918813467025757,667200
1988-02-03,16.5625,16.625,16.3125,16.375,3.8598837852478027,1042600
1988-02-04,16.375,16.4375,16.3125,16.4375,3.874619245529175,458400
1988-02-05,16.4375,16.6875,16.4375,16.625,3.918813467025757,598800
1988-02-08,16.4375,16.625,16.375,16.5,3.889348268508911,305400
1988-02-09,16.625,16.6875,16.4375,16.6875,3.9335458278656006,321800
1988-02-10,16.5625,16.875,16.5625,16.875,3.9777421951293945,598000
1988-02-11,16.875,16.875,16.5625,16.625,3.918813467025757,577400
1988-02-12,16.6875,16.75,16.5625,16.6875,3.9335458278656006,1586400
1988-02-16,16.5,16.6875,16.4375,16.6875,3.9335458278656006,616400
1988-02-17,16.625,16.6875,16.375,16.5625,3.904081344604492,424000
1988-02-18,16.5,16.5,16.125,16.3125,3.845153331756592,423000
1988-02-19,16.3125,16.5625,16.25,16.5625,3.904081344604492,844600
1988-02-22,16.4375,16.625,16.3125,16.5625,3.904081344604492,516400
1988-02-23,16.5625,16.625,16.375,16.5,3.889348268508911,449000
1988-02-24,16.375,16.5,16.1875,16.5,3.889348268508911,477400
1988-02-25,16.4375,16.75,16.25,16.3125,3.845153331756592,510800
1988-02-26,16.375,16.4375,16.0625,16.4375,3.874619245529175,417600
1988-02-29,16.5,16.625,16.4375,16.625,3.918813467025757,447400
1988-03-01,16.625,16.625,16.3125,16.5,3.889348268508911,443000
1988-03-02,16.5625,16.75,16.5625,16.75,3.9482784271240234,724200
1988-03-03,16.6875,16.75,16.375,16.5,3.889348268508911,646400
1988-03-04,16.375,16.4375,16.125,16.1875,3.815688371658325,1378800
1988-03-07,16.0625,16.125,15.8125,15.8125,3.72729229927063,977800
1988-03-08,16.0,16.0,15.75,15.75,3.7125582695007324,943400
1988-03-09,15.625,15.6875,15.375,15.4375,3.6388978958129883,1647200
1988-03-10,15.375,15.5,15.3125,15.5,3.653630256652832,1139400
1988-03-11,15.625,15.625,15.375,15.5,3.653630256652832,745000
1988-03-14,15.5625,15.8125,15.5625,15.8125,3.72729229927063,866600
1988-03-15,15.875,15.9375,15.75,15.875,3.7420263290405273,643800
1988-03-16,15.875,15.875,15.6875,15.875,3.7420263290405273,462200
1988-03-17,15.875,15.9375,15.75,15.875,3.7420263290405273,473400
1988-03-18,15.9375,15.9375,15.75,15.875,3.7420263290405273,1285000
1988-03-21,15.875,15.875,15.8125,15.8125,3.72729229927063,604600
1988-03-22,15.8125,15.875,15.75,15.875,3.7420263290405273,272400
1988-03-23,15.8125,15.875,15.625,15.625,3.683095693588257,875400
1988-03-24,15.5625,15.625,15.375,15.5,3.653630256652832,939400
1988-03-25,15.5,15.625,15.4375,15.5,3.653630256652832,1204800
1988-03-28,15.5,15.625,15.4375,15.5625,3.668363332748413,4839200
1988-03-29,15.25,15.375,15.25,15.3125,3.6797778606414795,5247200
1988-03-30,15.375,15.375,15.25,15.25,3.6647579669952393,5153800
1988-03-31,15.1875,15.4375,15.125,15.375,3.6947972774505615,739800
1988-04-04,15.3125,15.4375,15.1875,15.1875,3.6497387886047363,287200
1988-04-05,15.125,15.25,15.125,15.25,3.6647579669952393,261800
1988-04-06,15.25,15.625,15.1875,15.625,3.754875421524048,668800
1988-04-07,15.5625,15.6875,15.5625,15.6875,3.769895076751709,369400
1988-04-08,15.625,15.875,15.625,15.875,3.8149540424346924,404600
1988-04-11,15.875,15.9375,15.8125,15.875,3.8149540424346924,605600
1988-04-12,15.8125,15.9375,15.8125,15.9375,3.8299736976623535,416600
1988-04-13,16.0,16.0,15.75,15.75,3.7849135398864746,418200
1988-04-14,15.6875,15.8125,15.1875,15.1875,3.6497387886047363,958800
1988-04-15,15.25,15.8125,15.1875,15.25,3.6647579669952393,771400
1988-04-18,15.25,15.3125,15.1875,15.3125,3.6797778606414795,427800
1988-04-19,15.3125,15.3125,15.125,15.125,3.6347193717956543,322800
1988-04-20,15.125,15.1875,15.0,15.0,3.604678153991699,518200
1988-04-21,15.0625,15.1875,15.0625,15.125,3.6347193717956543,540000
1988-04-22,15.0625,15.3125,15.0,15.1875,3.6497387886047363,705800
1988-04-25,15.25,15.5,15.1875,15.5,3.724834680557251,369200
1988-04-26,15.375,15.625,15.3125,15.5625,3.7398557662963867,610200
1988-04-27,15.5,15.5625,15.375,15.4375,3.709815502166748,349400
1988-04-28,15.4375,15.5,15.375,15.375,3.6947972774505615,302000
1988-04-29,15.4375,15.5,15.25,15.4375,3.709815502166748,460200
1988-05-02,15.5,15.5625,15.375,15.5625,3.7398557662963867,532000
1988-05-03,15.5625,15.75,15.5,15.75,3.7849135398864746,415600
1988-05-04,15.75,15.8125,15.6875,15.75,3.7849135398864746,427400
1988-05-05,15.6875,15.75,15.5,15.5625,3.7398557662963867,402400
1988-05-06,15.5,15.625,15.5,15.5625,3.7398557662963867,402400
1988-05-09,15.5625,15.5625,15.5,15.5,3.724834680557251,508800
1988-05-10,15.5625,15.6875,15.5,15.625,3.754875421524048,579200
1988-05-11,15.5625,15.625,15.375,15.4375,3.709815502166748,653200
1988-05-12,15.375,15.4375,15.3125,15.4375,3.709815502166748,384000
1988-05-13,15.4375,15.4375,15.375,15.375,3.6947972774505615,1353200
1988-05-16,15.4375,15.5625,15.375,15.5625,3.7398557662963867,372200
1988-05-17,15.5625,15.625,15.3125,15.4375,3.709815502166748,533000
1988-05-18,15.3125,15.375,15.25,15.3125,3.6797778606414795,782400
1988-05-19,15.3125,15.4375,15.25,15.4375,3.709815502166748,515000
1988-05-20,15.5,15.5625,15.25,15.375,3.6947972774505615,494400
1988-05-23,15.375,15.5,15.3125,15.5,3.724834680557251,441000
1988-05-24,15.4375,15.6875,15.4375,15.5625,3.7398557662963867,280800
1988-05-25,15.5,15.625,15.5,15.625,3.754875421524048,660200
1988-05-26,15.625,15.9375,15.625,15.8125,3.7999322414398193,619000
1988-05-27,15.8125,16.0625,15.8125,16.0625,3.860013723373413,730600
1988-05-31,16.1875,16.8125,16.1875,16.6875,4.0102081298828125,2180000
1988-06-01,16.6875,16.75,16.5,16.75,4.025226593017578,1745600
1988-06-02,16.5625,16.6875,16.5625,16.6875,4.0102081298828125,558600
1988-06-03,16.75,16.875,16.75,16.875,4.055264949798584,521600
1988-06-06,16.75,16.8125,16.625,16.75,4.025226593017578,547800
1988-06-07,16.6875,16.6875,16.375,16.4375,3.950131893157959,381600
1988-06-08,16.375,16.875,16.375,16.75,4.025226593017578,546000
1988-06-09,16.5625,16.8125,16.5,16.6875,4.0102081298828125,772200
1988-06-10,16.75,16.75,16.625,16.75,4.025226593017578,465600
1988-06-13,16.6875,16.875,16.6875,16.875,4.055264949798584,415200
1988-06-14,16.8125,17.0,16.8125,17.0,4.085301876068115,763400
1988-06-15,17.0,17.0,16.8125,17.0,4.085301876068115,309000
1988-06-16,16.875,16.9375,16.6875,16.8125,4.040246486663818,301200
1988-06-17,16.9375,16.9375,16.8125,16.875,4.055264949798584,1293200
1988-06-20,16.8125,16.875,16.75,16.875,4.055264949798584,393600
1988-06-21,16.875,17.0,16.8125,17.0,4.085301876068115,1651200
1988-06-22,17.125,18.625,17.0625,17.1875,4.130362510681152,1355400
1988-06-23,17.125,17.1875,17.0625,17.1875,4.130362510681152,489400
1988-06-24,17.125,17.25,17.0625,17.125,4.115344524383545,732600
1988-06-27,17.125,17.125,16.9375,17.0,4.085301876068115,197825400
1988-06-28,16.6875,16.6875,16.5,16.5625,3.980168342590332,15999000
1988-06-29,16.5625,16.625,16.25,16.3125,3.9200918674468994,5844400
1988-06-30,16.25,16.375,16.25,16.375,3.9351093769073486,557600
1988-07-01,16.4375,16.4375,16.125,16.25,3.9050705432891846,467000
1988-07-05,16.1875,16.4375,16.125,16.375,3.9351093769073486,398200
1988-07-06,16.375,16.4375,16.1875,16.1875,3.8900530338287354,650600
1988-07-07,16.1875,16.25,16.125,16.25,3.9050705432891846,526800
1988-07-08,16.1875,16.25,16.0,16.0,3.8449909687042236,448000
1988-07-11,16.125,16.125,16.0,16.0,3.8449909687042236,412000
1988-07-12,16.0625,16.125,15.9375,16.0625,3.860013723373413,597000
1988-07-13,16.0,16.125,15.875,16.125,3.8750314712524414,379800
1988-07-14,16.0625,16.25,16.0625,16.1875,3.8900530338287354,336600
1988-07-15,16.25,16.25,16.0,16.125,3.8750314712524414,329200
1988-07-18,16.0625,16.0625,15.875,15.875,3.8149540424346924,545000
1988-07-19,16.0,16.0,15.8125,15.875,3.8149540424346924,271000
1988-07-20,15.875,15.9375,15.8125,15.9375,3.8299736976623535,500000
1988-07-21,15.9375,15.9375,15.75,15.875,3.8149540424346924,343800
1988-07-22,15.8125,15.875,15.625,15.625,3.754875421524048,333400
1988-07-25,15.625,15.75,15.625,15.6875,3.769895076751709,425800
1988-07-26,15.8125,15.8125,15.625,15.6875,3.769895076751709,960600
1988-07-27,15.75,15.75,15.375,15.375,3.6947972774505615,752000
1988-07-28,15.4375,15.625,15.375,15.5625,3.7398557662963867,910000
1988-07-29,15.5,15.875,15.4375,15.875,3.8149540424346924,2448800
1988-08-01,15.875,15.9375,15.8125,15.875,3.8149540424346924,603800
1988-08-02,15.875,16.125,15.875,16.125,3.8750314712524414,1768600
1988-08-03,16.1875,16.25,15.75,16.1875,3.8900530338287354,826600
1988-08-04,16.25,16.375,16.1875,16.3125,3.9200918674468994,1149400
1988-08-05,16.25,16.375,16.1875,16.375,3.9351093769073486,337600
1988-08-08,16.25,16.375,16.25,16.25,3.9050705432891846,359800
1988-08-09,16.3125,16.3125,15.9375,16.0,3.8449909687042236,600600
1988-08-10,15.9375,16.0625,15.875,16.0625,3.860013723373413,356400
1988-08-11,16.0,16.0625,15.9375,16.0625,3.860013723373413,595000
1988-08-12,16.0,16.0,15.8125,15.875,3.8149540424346924,884400
1988-08-15,15.8125,15.875,15.625,15.6875,3.769895076751709,309600
1988-08-16,15.625,15.9375,15.625,15.875,3.8149540424346924,1828800
1988-08-17,15.8125,15.9375,15.75,15.9375,3.8299736976623535,213600
1988-08-18,15.875,16.0,15.8125,15.875,3.8149540424346924,354000
1988-08-19,15.875,15.875,15.75,15.8125,3.7999322414398193,460800
1988-08-22,15.875,15.875,15.75,15.875,3.8149540424346924,249600
1988-08-23,15.875,15.875,15.8125,15.875,3.8149540424346924,297200
1988-08-24,15.8125,16.0,15.8125,16.0,3.8449909687042236,608200
1988-08-25,15.875,15.9375,15.75,15.9375,3.8299736976623535,295000
1988-08-26,15.875,15.9375,15.75,15.8125,3.7999322414398193,335800
1988-08-29,15.8125,15.9375,15.75,15.9375,3.8299736976623535,933800
1988-08-30,15.9375,16.0,15.875,16.0,3.8449909687042236,208400
1988-08-31,16.0,16.0625,15.875,16.0625,3.860013723373413,684200
1988-09-01,15.875,16.0,15.75,16.0,3.8449909687042236,400000
1988-09-02,16.0,16.3125,16.0,16.1875,3.8900530338287354,2150000
1988-09-06,16.1875,16.4375,16.1875,16.375,3.9351093769073486,427000
1988-09-07,16.5,16.5625,16.3125,16.375,3.9351093769073486,484400
1988-09-08,16.3125,16.375,16.25,16.3125,3.9200918674468994,398600
1988-09-09,16.25,16.3125,16.1875,16.25,3.9050705432891846,430600
1988-09-12,16.125,16.25,16.125,16.1875,3.8900530338287354,552000
1988-09-13,16.1875,16.1875,16.0,16.125,3.8750314712524414,206800
1988-09-14,16.125,16.25,16.125,16.25,3.9050705432891846,586400
1988-09-15,16.1875,16.375,16.125,16.25,3.9050705432891846,580400
1988-09-16,16.1875,16.375,16.1875,16.375,3.9351093769073486,713600
1988-09-19,16.375,16.4375,16.3125,16.375,3.9351093769073486,326200
1988-09-20,16.375,16.4375,16.3125,16.375,3.9351093769073486,677000
1988-09-21,16.4375,16.5625,16.375,16.5,3.96514892578125,258000
1988-09-22,16.5,16.625,16.4375,16.4375,3.950131893157959,551800
1988-09-23,16.375,16.5,16.375,16.5,3.96514892578125,217400
1988-09-26,16.4375,16.625,16.4375,16.625,3.9951870441436768,1113600
1988-09-27,16.625,16.8125,16.5625,16.6875,4.0102081298828125,3475000
1988-09-28,16.75,16.8125,16.6875,16.8125,4.040246486663818,4325800
1988-09-29,16.5,16.625,16.4375,16.5625,4.054935455322266,4020000
1988-09-30,16.5625,16.5625,16.3125,16.375,4.009029865264893,3521400
1988-10-03,16.3125,16.3125,16.1875,16.25,3.9784274101257324,349200
1988-10-04,16.125,16.375,16.125,16.375,4.009029865264893,604200
1988-10-05,16.375,16.4375,16.3125,16.4375,4.0243353843688965,373400
1988-10-06,16.4375,16.4375,16.3125,16.375,4.009029865264893,150800
1988-10-07,16.375,16.8125,16.375,16.8125,4.116141319274902,2070200
1988-10-10,16.6875,16.875,16.6875,16.8125,4.116141319274902,361400
1988-10-11,16.75,16.8125,16.625,16.75,4.100840091705322,421600
1988-10-12,16.625,16.625,16.125,16.625,4.070236682891846,355800
1988-10-13,16.5625,16.625,16.4375,16.5,4.039634704589844,276200
1988-10-14,16.5625,16.625,16.375,16.4375,4.0243353843688965,565000
1988-10-17,16.4375,16.5625,16.375,16.5,4.039634704589844,644400
1988-10-18,16.4375,16.6875,16.4375,16.6875,4.0855393409729,472200
1988-10-19,16.6875,16.6875,16.3125,16.4375,4.0243353843688965,338000
1988-10-20,16.5,16.75,16.375,16.75,4.100840091705322,404800
1988-10-21,16.75,16.875,16.625,16.8125,4.116141319274902,675400
1988-10-24,16.875,16.875,16.6875,16.6875,4.0855393409729,472800
1988-10-25,16.6875,16.75,16.6875,16.6875,4.0855393409729,329600
1988-10-26,16.75,16.8125,16.6875,16.8125,4.116141319274902,233600
1988-10-27,16.8125,16.8125,16.5625,16.75,4.100840091705322,587000
1988-10-28,16.8125,16.9375,16.8125,16.9375,4.146745681762695,308800
1988-10-31,16.9375,17.0,16.875,17.0,4.162044048309326,320800
1988-11-01,17.0,17.0625,17.0,17.0625,4.177348613739014,532200
1988-11-02,17.0625,17.125,17.0,17.125,4.19265079498291,541800
1988-11-03,17.125,17.25,17.0625,17.125,4.19265079498291,465000
1988-11-04,17.0,17.0625,16.625,16.6875,4.0855393409729,605800
1988-11-07,16.6875,16.75,16.5625,16.5625,4.054935455322266,382600
1988-11-08,16.625,16.75,16.625,16.75,4.100840091705322,431200
1988-11-09,16.6875,16.6875,16.5,16.5625,4.054935455322266,427000
1988-11-10,16.5,16.6875,16.5,16.625,4.070236682891846,364400
1988-11-11,16.625,16.625,16.3125,16.375,4.009029865264893,439600
1988-11-14,16.375,16.5,16.3125,16.3125,3.9937310218811035,1497200
1988-11-15,16.3125,16.375,16.25,16.375,4.009029865264893,1224400
1988-11-16,16.375,16.4375,16.1875,16.3125,3.9937310218811035,424400
1988-11-17,16.375,16.4375,16.3125,16.4375,4.0243353843688965,292000
1988-11-18,16.4375,16.4375,16.1875,16.1875,3.963127613067627,315000
1988-11-21,16.1875,16.25,16.0,16.25,3.9784274101257324,535400
1988-11-22,16.3125,16.3125,16.125,16.3125,3.9937310218811035,265800
1988-11-23,16.3125,16.3125,16.3125,16.3125,3.9937310218811035,0
1988-11-25,16.25,16.25,16.0625,16.125,3.947824001312256,1421000
1988-11-28,16.1875,16.25,16.0625,16.125,3.947824001312256,721200
1988-11-29,16.1875,16.4375,16.125,16.4375,4.0243353843688965,503200
1988-11-30,16.4375,16.5625,16.375,16.5,4.039634704589844,571000
1988-12-01,16.375,16.4375,16.3125,16.3125,3.9937310218811035,869800
1988-12-02,16.1875,16.25,15.9375,16.0625,3.932523727416992,890400
1988-12-05,15.9375,16.0,15.875,15.9375,3.901919364929199,837200
1988-12-06,15.875,16.0625,15.875,16.0625,3.932523727416992,875400
1988-12-07,16.0,16.1875,16.0,16.1875,3.963127613067627,557800
1988-12-08,16.0625,16.1875,16.0,16.125,3.947824001312256,1265200
1988-12-09,16.125,16.125,16.0,16.0625,3.932523727416992,540800
1988-12-12,16.0625,16.125,16.0,16.0625,3.932523727416992,437000
1988-12-13,16.0625,16.1875,16.0,16.0625,3.932523727416992,1153800
1988-12-14,16.125,16.1875,16.0625,16.1875,3.963127613067627,1584200
1988-12-15,16.125,16.1875,16.0625,16.125,3.947824001312256,346400
1988-12-16,16.1875,16.1875,16.125,16.1875,3.963127613067627,883000
1988-12-19,16.1875,16.4375,16.125,16.375,4.009029865264893,558000
1988-12-20,16.375,16.5,16.375,16.4375,4.0243353843688965,452000
1988-12-21,16.4375,16.5,16.375,16.375,4.009029865264893,805000
1988-12-22,16.375,16.4375,16.375,16.375,4.009029865264893,287600
1988-12-23,16.375,16.4375,16.25,16.3125,3.9937310218811035,839000
1988-12-27,16.3125,16.3125,16.0625,16.0625,3.932523727416992,708200
1988-12-28,16.125,16.4375,16.0625,16.375,4.009029865264893,6068200
1988-12-29,16.0625,16.1875,16.0625,16.1875,4.039602279663086,3117800
1988-12-30,16.125,16.25,16.125,16.1875,4.039602279663086,3207800
1989-01-03,16.25,16.25,15.8125,16.0,3.992810010910034,469600
1989-01-04,16.0625,16.1875,16.0,16.1875,4.039602279663086,370400
1989-01-05,16.125,16.3125,16.125,16.3125,4.070795059204102,258000
1989-01-06,16.3125,16.4375,16.25,16.3125,4.070795059204102,332400
1989-01-09,16.375,16.4375,16.3125,16.375,4.086390495300293,619000
1989-01-10,16.375,16.4375,16.3125,16.375,4.086390495300293,456400
1989-01-11,16.375,16.4375,16.3125,16.375,4.086390495300293,147400
1989-01-12,16.375,16.375,16.1875,16.1875,4.039602279663086,1428600
1989-01-13,16.1875,16.25,16.0,16.0625,4.008406162261963,296400
1989-01-16,16.0625,16.0625,16.0,16.0625,4.008406162261963,624800
1989-01-17,16.0,16.0625,16.0,16.0,3.992810010910034,610000
1989-01-18,16.0625,16.3125,16.0,16.3125,4.070795059204102,1467600
1989-01-19,16.3125,16.3125,16.0,16.3125,4.070795059204102,839600
1989-01-20,16.1875,16.3125,16.125,16.1875,4.039602279663086,354800
1989-01-23,16.25,16.3125,16.1875,16.25,4.055197238922119,224200
1989-01-24,16.1875,16.4375,16.125,16.4375,4.101990699768066,635200
1989-01-25,16.4375,16.625,16.375,16.625,4.148777008056641,524600
1989-01-26,16.625,16.75,16.5625,16.6875,4.1643757820129395,623000
1989-01-27,16.75,16.8125,16.6875,16.6875,4.1643757820129395,487600
1989-01-30,16.625,16.8125,16.625,16.75,4.179971218109131,353200
1989-01-31,16.6875,16.75,16.5625,16.625,4.148777008056641,889400
1989-02-01,16.625,16.6875,16.4375,16.5,4.117584228515625,373400
1989-02-02,16.5625,16.625,16.4375,16.5,4.117584228515625,418800
1989-02-03,16.5625,16.5625,16.375,16.4375,4.101990699768066,943000
1989-02-06,16.375,16.4375,16.3125,16.375,4.086390495300293,450400
1989-02-07,16.375,16.625,16.375,16.625,4.148777008056641,946800
1989-02-08,16.6875,16.6875,16.4375,16.5,4.117584228515625,314000
1989-02-09,16.375,16.4375,16.3125,16.3125,4.070795059204102,427400
1989-02-10,16.25,16.3125,15.875,16.0,3.992810010910034,345400
1989-02-13,16.0625,16.25,16.0,16.125,4.024003982543945,1630000
1989-02-14,16.125,16.25,16.0625,16.0625,4.008406162261963,291600
1989-02-15,16.125,16.1875,16.0625,16.125,4.024003982543945,385600
1989-02-16,16.1875,16.3125,16.125,16.25,4.055197238922119,473800
1989-02-17,16.25,16.3125,16.1875,16.1875,4.039602279663086,393600
1989-02-21,16.125,16.1875,16.0,16.0625,4.008406162261963,476200
1989-02-22,16.0625,16.125,15.875,15.9375,3.9772145748138428,359600
1989-02-23,15.9375,16.125,15.9375,16.125,4.024003982543945,223600
1989-02-24,16.0625,16.125,15.875,15.875,3.9616146087646484,517000
1989-02-27,15.9375,16.0,15.875,16.0,3.992810010910034,243400
1989-02-28,15.9375,16.0625,15.875,16.0625,4.008406162261963,219000
1989-03-01,16.125,16.125,15.8125,15.8125,3.946016788482666,550000
1989-03-02,15.9375,15.9375,15.8125,15.9375,3.9772145748138428,400000
1989-03-03,15.8125,15.9375,15.75,15.75,3.9304208755493164,461000
1989-03-06,15.75,16.0,15.75,16.0,3.992810010910034,431000
1989-03-07,15.9375,16.125,15.9375,16.0625,4.008406162261963,243000
1989-03-08,16.125,16.25,16.0625,16.125,4.024003982543945,440800
1989-03-09,16.1875,16.1875,16.0,16.0625,4.008406162261963,435400
1989-03-10,16.0,16.0625,15.9375,16.0,3.992810010910034,273000
1989-03-13,15.9375,16.125,15.9375,15.9375,3.9772145748138428,317400
1989-03-14,16.0625,16.0625,15.9375,16.0,3.992810010910034,236800
1989-03-15,16.0,16.0625,15.875,16.0,3.992810010910034,408200
1989-03-16,16.0,16.0625,15.9375,16.0,3.992810010910034,752600
1989-03-17,15.75,15.875,15.6875,15.875,3.9616146087646484,736000
1989-03-20,15.8125,15.8125,15.6875,15.75,3.9304208755493164,275000
1989-03-21,15.875,15.875,15.75,15.8125,3.946016788482666,341000
1989-03-22,15.8125,15.875,15.75,15.8125,3.946016788482666,629000
1989-03-23,15.8125,15.9375,15.8125,15.9375,3.9772145748138428,1420000
1989-03-27,15.9375,16.0,15.875,15.9375,3.9772145748138428,420000
1989-03-28,15.9375,16.0,15.875,16.0,3.992810010910034,493800
1989-03-29,15.9375,16.125,15.9375,16.0,3.992810010910034,829400
1989-03-30,15.625,15.6875,15.5,15.5,3.944458246231079,5057400
1989-03-31,15.5625,15.9375,15.5,15.9375,4.055794715881348,5025000
1989-04-03,15.875,15.9375,15.75,15.875,4.039892673492432,712400
1989-04-04,15.875,15.875,15.8125,15.875,4.039892673492432,409000
1989-04-05,15.8125,15.875,15.75,15.8125,4.023985385894775,529200
1989-04-06,15.75,15.75,15.6875,15.75,4.008077621459961,494400
1989-04-07,15.6875,15.8125,15.625,15.8125,4.023985385894775,412600
1989-04-10,15.875,15.875,15.8125,15.8125,4.023985385894775,405400
1989-04-11,15.8125,15.875,15.8125,15.8125,4.023985385894775,219000
1989-04-12,15.8125,15.9375,15.75,15.8125,4.023985385894775,483000
1989-04-13,15.75,15.8125,15.625,15.625,3.9762680530548096,404800
1989-04-14,15.875,15.875,15.75,15.8125,4.023985385894775,442000
1989-04-17,15.8125,15.9375,15.8125,15.875,4.039892673492432,789600
1989-04-18,15.9375,16.0625,15.9375,16.0,4.07169771194458,595800
1989-04-19,16.0625,16.125,15.9375,16.125,4.103509902954102,1662600
1989-04-20,16.0625,16.125,16.0,16.0625,4.0876030921936035,630600
1989-04-21,16.125,16.1875,16.125,16.1875,4.119412899017334,516400
1989-04-24,16.25,16.375,16.1875,16.25,4.135318279266357,460000
1989-04-25,16.25,16.3125,16.1875,16.1875,4.119412899017334,565000
1989-04-26,16.25,16.375,16.1875,16.3125,4.151224136352539,749400
1989-04-27,16.3125,16.3125,16.25,16.25,4.135318279266357,420600
1989-04-28,16.3125,16.4375,16.25,16.4375,4.1830363273620605,593200
1989-05-01,16.4375,16.5,16.375,16.5,4.198938846588135,543000
1989-05-02,16.625,16.6875,16.4375,16.4375,4.1830363273620605,711000
1989-05-03,16.5,16.75,16.4375,16.625,4.230749130249023,843200
1989-05-04,16.625,16.6875,16.5625,16.6875,4.246652603149414,533400
1989-05-05,16.6875,16.8125,16.625,16.6875,4.246652603149414,487200
1989-05-08,16.625,16.6875,16.5,16.5625,4.214845657348633,261800
1989-05-09,16.5625,16.625,16.4375,16.5,4.198938846588135,739200
1989-05-10,16.5,16.5,16.4375,16.5,4.198938846588135,209800
1989-05-11,16.5,16.5625,16.4375,16.5,4.198938846588135,639400
1989-05-12,16.75,16.875,16.6875,16.8125,4.278464317321777,991600
1989-05-15,16.8125,16.9375,16.8125,16.9375,4.310276508331299,583800
1989-05-16,16.875,17.0,16.875,16.875,4.294370651245117,299200
1989-05-17,16.875,16.9375,16.875,16.9375,4.310276508331299,417600
1989-05-18,16.875,16.9375,16.875,16.875,4.294370651245117,214000
1989-05-19,16.9375,17.125,16.9375,17.0,4.326179504394531,906600
1989-05-22,17.1875,17.3125,17.1875,17.3125,4.405705451965332,291400
1989-05-23,17.25,17.375,17.1875,17.25,4.389801025390625,541000
1989-05-24,17.125,17.25,17.125,17.25,4.389801025390625,363400
1989-05-25,17.1875,17.25,17.1875,17.25,4.389801025390625,209800
1989-05-26,17.3125,17.5,17.25,17.4375,4.437515735626221,395800
1989-05-30,17.4375,17.5625,17.25,17.25,4.389801025390625,401200
1989-05-31,17.25,17.3125,17.1875,17.25,4.389801025390625,606200
1989-06-01,17.25,17.3125,17.1875,17.1875,4.37389612197876,293800
1989-06-02,17.3125,17.4375,17.3125,17.4375,4.437515735626221,462800
1989-06-05,17.5,17.6875,17.4375,17.5,4.453418731689453,823400
1989-06-06,17.5,17.6875,17.5,17.6875,4.501137733459473,478800
1989-06-07,17.6875,17.9375,17.6875,17.875,4.548849582672119,596400
1989-06-08,17.875,18.0625,17.8125,17.9375,4.564757347106934,706000
1989-06-09,17.9375,18.0625,17.875,18.0,4.580661296844482,705600
1989-06-12,18.0,18.0625,17.9375,18.0,4.580661296844482,333400
1989-06-13,17.875,18.0,17.875,17.9375,4.564757347106934,678200
1989-06-14,18.0625,18.0625,18.0,18.0,4.580661296844482,402800
1989-06-15,18.0,18.0625,17.8125,17.9375,4.564757347106934,258200
1989-06-16,17.875,18.0,17.8125,17.9375,4.564757347106934,629800
1989-06-19,18.0,18.0,17.8125,17.8125,4.532947063446045,322400
1989-06-20,17.8125,18.0,17.75,18.0,4.580661296844482,480800
1989-06-21,17.9375,17.9375,17.75,17.875,4.548849582672119,252800
1989-06-22,17.8125,17.875,17.75,17.8125,4.532947063446045,322600
1989-06-23,17.875,18.0,17.875,18.0,4.580661296844482,741800
1989-06-26,17.9375,18.125,17.9375,18.0625,4.596566200256348,1207400
1989-06-27,18.0,18.125,18.0,18.0625,4.596566200256348,2074000
1989-06-28,17.6875,17.6875,17.375,17.4375,4.517550468444824,3219800
1989-06-29,17.4375,17.5625,17.4375,17.5,4.533740520477295,3058800
1989-06-30,17.5,17.5,17.1875,17.375,4.501357078552246,719000
1989-07-03,17.375,17.4375,17.3125,17.375,4.501357078552246,339000
1989-07-05,17.375,17.375,17.25,17.375,4.501357078552246,468800
1989-07-06,17.375,17.4375,17.3125,17.4375,4.517550468444824,336800
1989-07-07,17.4375,17.6875,17.3125,17.625,4.566125869750977,771000
1989-07-10,17.625,18.0,17.5625,17.875,4.630893707275391,748800
1989-07-11,18.0,18.1875,18.0,18.0625,4.679469108581543,493200
1989-07-12,18.0625,18.1875,18.0625,18.1875,4.711850166320801,557400
1989-07-13,18.125,18.1875,18.0625,18.1875,4.711850166320801,572800
1989-07-14,18.1875,18.375,18.0625,18.375,4.760428428649902,846600
1989-07-17,18.25,18.375,18.25,18.3125,4.744237899780273,351800
1989-07-18,18.3125,18.375,18.125,18.1875,4.711850166320801,800400
1989-07-19,18.1875,18.375,18.1875,18.375,4.760428428649902,870000
1989-07-20,18.3125,18.375,18.0625,18.0625,4.679469108581543,593000
1989-07-21,18.0,18.25,18.0,18.25,4.728046894073486,451600
1989-07-24,18.1875,18.3125,18.1875,18.3125,4.744237899780273,549400
1989-07-25,18.25,18.5,18.25,18.375,4.760428428649902,932000
1989-07-26,18.4375,18.5,18.375,18.5,4.792812824249268,535600
1989-07-27,18.5,18.8125,18.5,18.8125,4.873772621154785,812000
1989-07-28,18.875,18.875,18.75,18.875,4.8899664878845215,883000
1989-07-31,18.875,18.875,18.75,18.875,4.8899664878845215,527600
1989-08-01,18.8125,18.9375,18.8125,18.9375,4.906153202056885,654800
1989-08-02,18.9375,18.9375,18.8125,18.8125,4.873772621154785,590600
1989-08-03,18.8125,18.875,18.75,18.875,4.8899664878845215,298600
1989-08-04,18.8125,18.875,18.75,18.75,4.857581615447998,1051000
1989-08-07,18.8125,18.875,18.75,18.8125,4.873772621154785,559600
1989-08-08,18.8125,18.875,18.75,18.8125,4.873772621154785,471200
1989-08-09,18.75,18.8125,18.5,18.5,4.792812824249268,609800
1989-08-10,18.5625,18.5625,18.1875,18.5,4.792812824249268,516600
1989-08-11,18.5625,18.5625,18.25,18.25,4.728046894073486,433800
1989-08-14,18.4375,18.4375,18.125,18.1875,4.711850166320801,719400
1989-08-15,18.125,18.1875,17.9375,18.0,4.663279056549072,574200
1989-08-16,18.0,18.0625,17.9375,18.0,4.663279056549072,628000
1989-08-17,18.0,18.0625,17.9375,17.9375,4.647083759307861,357000
1989-08-18,17.9375,18.0,17.9375,18.0,4.663279056549072,179200
1989-08-21,18.0,18.0,17.875,17.875,4.630893707275391,373800
1989-08-22,17.875,17.875,17.6875,17.875,4.630893707275391,406400
1989-08-23,17.8125,18.125,17.8125,18.125,4.695658206939697,281000
1989-08-24,18.0625,18.25,18.0,18.25,4.728046894073486,558800
1989-08-25,18.125,18.25,18.125,18.1875,4.711850166320801,208400
1989-08-28,18.125,18.25,18.0625,18.25,4.728046894073486,277800
1989-08-29,18.3125,18.3125,18.0,18.0625,4.679469108581543,428000
1989-08-30,18.0625,18.25,18.0625,18.125,4.695658206939697,367000
1989-08-31,18.0625,18.125,17.875,17.9375,4.647083759307861,407200
1989-09-01,17.9375,18.25,17.875,18.25,4.728046894073486,228600
1989-09-05,18.25,18.25,18.0625,18.125,4.695658206939697,363400
1989-09-06,18.0625,18.125,17.875,17.9375,4.647083759307861,290600
1989-09-07,18.0,18.0,17.875,17.9375,4.647083759307861,257400
1989-09-08,17.9375,18.0,17.875,17.9375,4.647083759307861,517200
1989-09-11,17.875,17.9375,17.875,17.875,4.630893707275391,292000
1989-09-12,18.0,18.0,17.9375,18.0,4.663279056549072,176200
1989-09-13,18.0,18.0625,17.8125,17.8125,4.614701747894287,364600
1989-09-14,17.8125,17.9375,17.8125,17.875,4.630893707275391,415600
1989-09-15,17.9375,18.1875,17.9375,18.1875,4.711850166320801,753000
1989-09-18,18.125,18.3125,18.0,18.1875,4.711850166320801,599200
1989-09-19,18.1875,18.3125,18.1875,18.25,4.728046894073486,252800
1989-09-20,18.25,18.3125,18.25,18.3125,4.744237899780273,306600
1989-09-21,18.3125,18.375,18.25,18.25,4.728046894073486,217600
1989-09-22,18.25,18.375,18.25,18.3125,4.744237899780273,195400
1989-09-25,18.25,18.3125,18.1875,18.1875,4.711850166320801,397200
1989-09-26,18.1875,18.4375,18.1875,18.375,4.760428428649902,1572600
1989-09-27,18.375,18.375,18.25,18.3125,4.744237899780273,931200
1989-09-28,18.3125,18.375,18.1875,18.25,4.728046894073486,3680200
1989-09-29,17.8125,17.875,17.8125,17.875,4.7135419845581055,4421000
1989-10-02,17.8125,17.8125,17.6875,17.75,4.680579662322998,345600
1989-10-03,17.8125,17.9375,17.75,17.9375,4.730020999908447,521200
1989-10-04,17.9375,17.9375,17.75,17.8125,4.697062015533447,648000
1989-10-05,17.8125,17.8125,17.6875,17.75,4.680579662322998,454400
1989-10-06,17.75,17.8125,17.6875,17.75,4.680579662322998,159200
1989-10-09,17.75,17.8125,17.6875,17.8125,4.697062015533447,188600
1989-10-10,17.8125,17.8125,17.6875,17.75,4.680579662322998,685400
1989-10-11,17.75,17.75,17.6875,17.6875,4.664100170135498,199600
1989-10-12,17.6875,17.75,17.5625,17.625,4.647618770599365,732800
1989-10-13,17.5625,17.6875,17.0625,17.0625,4.499289512634277,933400
1989-10-16,17.0625,17.5,17.0625,17.5,4.614655017852783,868400
1989-10-17,17.5,17.6875,17.3125,17.625,4.647618770599365,443400
1989-10-18,17.5,17.625,17.4375,17.4375,4.598176002502441,264600
1989-10-19,17.4375,17.6875,17.4375,17.6875,4.664100170135498,328000
1989-10-20,17.5625,17.8125,17.5625,17.5625,4.631137847900391,303200
1989-10-23,17.625,17.6875,17.375,17.5,4.614655017852783,559000
1989-10-24,17.5,17.625,17.375,17.5625,4.631137847900391,795000
1989-10-25,17.625,17.75,17.5625,17.6875,4.664100170135498,317200
1989-10-26,17.6875,17.8125,17.6875,17.8125,4.697062015533447,696800
1989-10-27,17.75,17.9375,17.75,17.9375,4.730020999908447,727800
1989-10-30,17.9375,18.125,17.9375,18.125,4.779463768005371,573600
1989-10-31,18.125,18.4375,18.125,18.4375,4.861870288848877,786200
1989-11-01,18.5,18.5625,18.5,18.5625,4.894832134246826,677600
1989-11-02,18.5625,18.625,18.5,18.625,4.911311626434326,266000
1989-11-03,18.5,18.875,18.5,18.875,4.977237224578857,1809200
1989-11-06,18.8125,18.875,18.6875,18.6875,4.927790641784668,519200
1989-11-07,18.75,18.9375,18.6875,18.9375,4.993715286254883,871000
1989-11-08,19.0,19.125,18.9375,19.0625,5.026679515838623,712000
1989-11-09,19.0625,19.0625,18.9375,18.9375,4.993715286254883,310800
1989-11-10,18.9375,19.0,18.8125,18.875,4.977237224578857,353800
1989-11-13,19.0,19.1875,18.9375,19.0625,5.026679515838623,397200
1989-11-14,19.0,19.0625,18.9375,18.9375,4.993715286254883,343800
1989-11-15,19.0625,19.3125,18.9375,19.3125,5.092604637145996,301800
1989-11-16,19.25,19.25,19.125,19.25,5.076120853424072,355200
1989-11-17,19.25,19.25,19.0625,19.0625,5.026679515838623,584000
1989-11-20,18.9375,19.0,18.625,18.6875,4.927790641784668,307400
1989-11-21,18.8125,18.9375,18.75,18.9375,4.993715286254883,344400
1989-11-22,19.0,19.0,18.8125,18.9375,4.993715286254883,202400
1989-11-24,18.875,18.9375,18.875,18.9375,4.993715286254883,101000
1989-11-27,18.875,19.0625,18.875,19.0,5.010198593139648,159400
1989-11-28,19.0,19.0625,18.9375,19.0,5.010198593139648,288600
1989-11-29,18.9375,19.0,18.875,19.0,5.010198593139648,148800
1989-11-30,19.0625,19.1875,19.0,19.125,5.0431599617004395,237800
1989-12-01,19.125,19.625,19.125,19.625,5.1750078201293945,552400
1989-12-04,19.5,19.5625,19.4375,19.5625,5.158526420593262,258000
1989-12-05,19.5,19.5625,19.4375,19.4375,5.125565052032471,373800
1989-12-06,19.5,19.5,19.375,19.375,5.109085559844971,416000
1989-12-07,19.4375,19.5,19.25,19.375,5.109085559844971,290000
1989-12-08,19.4375,19.625,19.4375,19.5,5.142046928405762,545200
1989-12-11,19.5,19.5625,19.375,19.5625,5.158526420593262,383200
1989-12-12,19.625,19.875,19.5625,19.8125,5.224450588226318,234600
1989-12-13,19.8125,20.0625,19.6875,19.9375,5.257412433624268,264600
1989-12-14,19.8125,20.0,19.6875,20.0,5.273893356323242,559200
1989-12-15,20.0625,20.3125,19.9375,20.3125,5.356297016143799,840800
1989-12-18,20.1875,20.3125,20.0,20.0625,5.2903733253479,258800
1989-12-19,20.125,20.25,20.0625,20.25,5.339818477630615,379600
1989-12-20,20.1875,20.25,20.125,20.125,5.306856632232666,282200
1989-12-21,20.1875,20.1875,20.0625,20.1875,5.32333517074585,400200
1989-12-22,20.125,20.375,20.0625,20.375,5.372777938842773,364000
1989-12-26,20.375,20.4375,20.25,20.3125,5.356297016143799,338000
1989-12-27,20.375,20.5,20.3125,20.3125,5.356297016143799,4118800
1989-12-28,20.375,20.4375,20.1875,20.25,5.339818477630615,4151200
1989-12-29,19.75,19.9375,19.6875,19.6875,5.274846076965332,1706600
1990-01-02,19.6875,20.125,19.5625,20.125,5.392065048217773,931400
1990-01-03,20.0625,20.125,19.8125,19.9375,5.34182596206665,543200
1990-01-04,19.9375,19.9375,19.5,19.625,5.258099555969238,280000
1990-01-05,19.375,19.4375,19.0625,19.1875,5.1408796310424805,862200
1990-01-08,19.125,19.375,19.0,19.3125,5.17437219619751,393600
1990-01-09,19.3125,19.3125,18.9375,18.9375,5.0738959312438965,460800
1990-01-10,18.9375,19.125,18.75,19.0,5.090642929077148,592800
1990-01-11,19.0625,19.25,19.0625,19.1875,5.1408796310424805,414400
1990-01-12,19.125,19.125,18.625,18.6875,5.006912708282471,866200
1990-01-15,18.6875,18.8125,18.625,18.75,5.023661136627197,392800
1990-01-16,18.6875,18.875,18.5625,18.875,5.057152271270752,624800
1990-01-17,18.875,19.0,18.625,18.75,5.023661136627197,317800
1990-01-18,18.6875,18.8125,18.5625,18.8125,5.040406703948975,412400
1990-01-19,18.75,18.8125,18.6875,18.6875,5.006912708282471,511400
1990-01-22,18.6875,18.75,18.375,18.375,4.923187255859375,456600
1990-01-23,18.375,18.75,18.3125,18.75,5.023661136627197,616400
1990-01-24,18.5,18.5625,18.375,18.4375,4.939932346343994,464400
1990-01-25,18.5625,18.6875,18.375,18.375,4.923187255859375,532200
1990-01-26,18.375,18.5,18.3125,18.5,4.95667839050293,873200
1990-01-29,18.5,18.5625,18.375,18.4375,4.939932346343994,331000
1990-01-30,18.4375,18.5,18.3125,18.5,4.95667839050293,417200
1990-01-31,18.5625,18.875,18.5625,18.875,5.057152271270752,461000
1990-02-01,18.9375,18.9375,18.75,18.75,5.023661136627197,701400
1990-02-02,18.75,19.0,18.75,18.875,5.057152271270752,294400
1990-02-05,18.875,18.9375,18.875,18.9375,5.0738959312438965,443800
1990-02-06,18.9375,19.0,18.8125,18.9375,5.0738959312438965,208800
1990-02-07,18.875,19.3125,18.875,19.3125,5.17437219619751,790000
1990-02-08,19.3125,19.4375,19.3125,19.3125,5.17437219619751,289000
1990-02-09,19.4375,19.5625,19.3125,19.5625,5.24135160446167,368800
1990-02-12,19.4375,19.4375,19.25,19.3125,5.17437219619751,186600
1990-02-13,19.375,19.375,19.1875,19.25,5.1576247215271,357800
1990-02-14,19.375,19.4375,19.3125,19.4375,5.20786190032959,264400
1990-02-15,19.4375,19.5,19.25,19.3125,5.17437219619751,305400
1990-02-16,19.3125,19.3125,18.875,18.9375,5.0738959312438965,568600
1990-02-20,18.8125,18.8125,18.5625,18.625,4.990169048309326,679200
1990-02-21,18.4375,18.875,18.4375,18.8125,5.040406703948975,436200
1990-02-22,18.75,18.875,18.5,18.5,4.95667839050293,288600
1990-02-23,18.5,18.75,18.375,18.625,4.990169048309326,248400
1990-02-26,18.625,18.8125,18.5625,18.8125,5.040406703948975,619600
1990-02-27,18.75,19.0,18.75,18.9375,5.0738959312438965,192000
1990-02-28,18.875,19.1875,18.875,19.0625,5.107388496398926,297200
1990-03-01,19.0625,19.3125,19.0625,19.1875,5.1408796310424805,497800
1990-03-02,19.25,19.375,19.1875,19.375,5.191116809844971,293600
1990-03-05,19.3125,19.375,19.25,19.3125,5.17437219619751,235800
1990-03-06,19.25,19.625,19.25,19.5625,5.24135160446167,879200
1990-03-07,19.6875,19.75,19.625,19.625,5.258099555969238,509600
1990-03-08,19.625,19.75,19.625,19.6875,5.274846076965332,463200
1990-03-09,19.625,19.625,19.3125,19.3125,5.17437219619751,403800
1990-03-12,19.1875,19.3125,19.125,19.25,5.1576247215271,717000
1990-03-13,19.1875,19.25,19.0625,19.0625,5.107388496398926,518200
1990-03-14,18.9375,19.0625,18.8125,19.0,5.090642929077148,378000
1990-03-15,19.0,19.0625,18.9375,19.0625,5.107388496398926,299800
1990-03-16,19.1875,19.25,19.0625,19.1875,5.1408796310424805,519200
1990-03-19,19.125,19.1875,18.875,19.0,5.090642929077148,325400
1990-03-20,19.0,19.1875,19.0,19.0,5.090642929077148,270600
1990-03-21,19.0625,19.125,18.9375,19.0,5.090642929077148,259800
1990-03-22,19.0,19.0,18.875,19.0,5.090642929077148,695000
1990-03-23,19.0,19.0,18.625,19.0,5.090642929077148,186000
1990-03-26,19.0,19.125,18.875,18.9375,5.0738959312438965,228000
1990-03-27,18.9375,19.125,18.875,19.125,5.124133586883545,251000
1990-03-28,19.0625,19.1875,19.0,19.1875,5.1408796310424805,3541600
1990-03-29,19.125,19.1875,19.0,19.1875,5.1408796310424805,4049000
1990-03-30,18.75,18.8125,18.5,18.625,5.074804782867432,755600
1990-04-02,18.625,18.6875,18.5,18.6875,5.091832637786865,233000
1990-04-03,18.75,18.9375,18.6875,18.9375,5.159951686859131,231600
1990-04-04,18.875,18.875,18.625,18.625,5.074804782867432,721200
1990-04-05,18.5625,18.75,18.5625,18.6875,5.091832637786865,247200
1990-04-06,18.8125,18.8125,18.5625,18.625,5.074804782867432,222800
1990-04-09,18.5625,18.8125,18.5,18.8125,5.1258931159973145,228400
1990-04-10,18.75,18.8125,18.625,18.6875,5.091832637786865,202200
1990-04-11,18.625,18.6875,18.5625,18.625,5.074804782867432,113800
1990-04-12,18.625,18.875,18.5625,18.75,5.108865261077881,304000
1990-04-16,18.75,18.875,18.75,18.8125,5.1258931159973145,312600
1990-04-17,18.75,18.8125,18.625,18.75,5.108865261077881,166600
1990-04-18,18.8125,18.9375,18.5,18.5625,5.057775497436523,369600
1990-04-19,18.5,18.75,18.375,18.4375,5.023715496063232,862400
1990-04-20,18.4375,18.4375,18.0625,18.0625,4.921536922454834,456000
1990-04-23,18.0,18.0,17.875,17.9375,4.887479782104492,464000
1990-04-24,17.9375,18.0625,17.9375,18.0,4.904511451721191,630600
1990-04-25,18.0625,18.125,18.0,18.0625,4.921536922454834,249400
1990-04-26,18.125,18.25,18.0625,18.1875,4.955595970153809,401400
1990-04-27,18.125,18.25,18.0,18.0625,4.921536922454834,358600
1990-04-30,18.0625,18.125,17.8125,17.9375,4.887479782104492,477800
1990-05-01,17.9375,18.25,17.9375,18.25,4.97262716293335,388000
1990-05-02,18.3125,18.375,18.1875,18.3125,4.9896559715271,367200
1990-05-03,18.375,18.5625,18.3125,18.5,5.040745258331299,227800
1990-05-04,18.75,18.875,18.6875,18.875,5.142923355102539,348600
1990-05-07,18.8125,18.9375,18.8125,18.9375,5.159951686859131,167400
1990-05-08,18.9375,19.25,18.9375,19.25,5.24509859085083,383000
1990-05-09,19.1875,19.375,19.125,19.25,5.24509859085083,1071400
1990-05-10,19.1875,19.375,19.125,19.3125,5.26213264465332,388600
1990-05-11,19.625,19.75,19.5,19.75,5.3813371658325195,713200
1990-05-14,19.75,20.0,19.6875,19.6875,5.364306926727295,373000
1990-05-15,19.625,19.8125,19.375,19.4375,5.296188831329346,549400
1990-05-16,19.4375,19.5,19.25,19.375,5.279162406921387,242000
1990-05-17,19.3125,19.625,19.1875,19.25,5.24509859085083,461600
1990-05-18,19.3125,19.3125,18.9375,19.1875,5.2280707359313965,382000
1990-05-21,19.125,19.25,19.0625,19.125,5.211040019989014,321000
1990-05-22,19.125,19.25,19.0,19.1875,5.2280707359313965,237200
1990-05-23,19.0625,19.1875,19.0,19.125,5.211040019989014,457600
1990-05-24,19.125,19.25,19.125,19.1875,5.2280707359313965,169000
1990-05-25,19.1875,19.25,18.875,18.9375,5.159951686859131,298800
1990-05-29,18.9375,19.1875,18.9375,19.1875,5.2280707359313965,258000
1990-05-30,19.1875,19.25,19.125,19.1875,5.2280707359313965,334200
1990-05-31,19.125,19.1875,19.0625,19.0625,5.1940083503723145,789400
1990-06-01,19.25,19.375,19.1875,19.3125,5.26213264465332,315200
1990-06-04,19.3125,19.8125,19.25,19.6875,5.364306926727295,545000
1990-06-05,19.6875,19.875,19.375,19.5625,5.330247402191162,716400
1990-06-06,19.5,19.625,19.3125,19.4375,5.296188831329346,325200
1990-06-07,19.4375,19.5625,19.125,19.4375,5.296188831329346,950600
1990-06-08,19.5,19.5,19.1875,19.3125,5.26213264465332,528600
1990-06-11,19.3125,19.4375,19.25,19.4375,5.296188831329346,159400
1990-06-12,19.4375,19.8125,19.4375,19.6875,5.364306926727295,279000
1990-06-13,19.75,19.75,19.4375,19.5,5.313220500946045,209800
1990-06-14,19.4375,19.4375,19.25,19.375,5.279162406921387,202200
1990-06-15,19.3125,19.375,19.125,19.25,5.24509859085083,837200
1990-06-18,19.25,19.3125,19.0,19.0,5.1769819259643555,248600
1990-06-19,19.0625,19.1875,18.8125,19.125,5.211040019989014,350600
1990-06-20,19.125,19.25,19.0625,19.0625,5.1940083503723145,178600
1990-06-21,19.0625,19.125,18.9375,19.125,5.211040019989014,250000
1990-06-22,19.25,19.5,19.1875,19.1875,5.2280707359313965,557800
1990-06-25,19.1875,19.3125,19.0,19.125,5.211040019989014,918800
1990-06-26,19.1875,19.3125,19.125,19.125,5.211040019989014,567600
1990-06-27,19.0625,19.3125,19.0625,19.25,5.24509859085083,1435600
1990-06-28,18.875,19.0,18.8125,18.875,5.232624053955078,307600
1990-06-29,18.8125,18.875,18.625,18.75,5.197973728179932,1437000
1990-07-02,18.75,18.75,18.5625,18.75,5.197973728179932,3030200
1990-07-03,18.6875,18.8125,18.625,18.8125,5.215297222137451,2828400
1990-07-05,18.75,18.75,18.5,18.5,5.128664016723633,585200
1990-07-06,18.5,18.875,18.5,18.8125,5.215297222137451,434600
1990-07-09,18.8125,18.8125,18.625,18.6875,5.18064546585083,369000
1990-07-10,18.75,18.75,18.5,18.5,5.128664016723633,362600
1990-07-11,18.625,18.75,18.5625,18.625,5.163319110870361,572800
1990-07-12,18.625,18.8125,18.5,18.75,5.197973728179932,982800
1990-07-13,18.75,18.9375,18.75,18.875,5.232624053955078,274400
1990-07-16,18.875,18.875,18.75,18.875,5.232624053955078,199800
1990-07-17,18.8125,18.8125,18.6875,18.75,5.197973728179932,214600
1990-07-18,18.75,18.8125,18.6875,18.8125,5.215297222137451,284600
1990-07-19,18.75,18.8125,18.625,18.6875,5.18064546585083,266600
1990-07-20,18.625,18.625,18.5,18.5,5.128664016723633,521600
1990-07-23,18.5,18.875,18.3125,18.375,5.094011306762695,615800
1990-07-24,18.375,18.5625,18.3125,18.5625,5.145994186401367,243200
1990-07-25,18.5,18.5625,18.0625,18.5,5.128664016723633,785000
1990-07-26,18.4375,18.5625,18.375,18.5,5.128664016723633,480200
1990-07-27,18.4375,18.5,18.4375,18.5,5.128664016723633,406600
1990-07-30,18.4375,18.75,18.4375,18.6875,5.18064546585083,858400
1990-07-31,18.75,19.0,18.75,18.9375,5.249949932098389,882800
1990-08-01,18.9375,19.4375,18.9375,19.375,5.3712382316589355,883000
1990-08-02,19.25,19.375,19.1875,19.25,5.33658504486084,535400
1990-08-03,19.1875,19.1875,19.0625,19.125,5.301930904388428,490800
1990-08-06,18.875,18.875,18.6875,18.75,5.197973728179932,450400
1990-08-07,18.75,18.8125,18.5625,18.625,5.163319110870361,668200
1990-08-08,18.625,18.9375,18.5625,18.9375,5.249949932098389,305600
1990-08-09,18.9375,19.0,18.8125,18.8125,5.215297222137451,543400
1990-08-10,18.8125,18.8125,18.375,18.5,5.128664016723633,334400
1990-08-13,18.375,18.75,18.3125,18.75,5.197973728179932,215600
1990-08-14,18.5,18.6875,18.4375,18.625,5.163319110870361,297400
1990-08-15,18.625,18.6875,18.5625,18.625,5.163319110870361,258400
1990-08-16,18.625,18.625,18.25,18.25,5.059359073638916,159800
1990-08-17,18.125,19.125,17.75,18.3125,5.076685905456543,778400
1990-08-20,18.375,18.375,18.0625,18.125,5.024703025817871,304200
1990-08-21,17.9375,18.0625,17.6875,17.9375,4.9727253913879395,297400
1990-08-22,18.0,18.0,17.625,17.6875,4.9034199714660645,291400
1990-08-23,17.5625,17.625,17.0,17.0625,4.730152130126953,835400
1990-08-24,17.25,17.375,16.75,17.125,4.747480869293213,878800
1990-08-27,17.375,17.75,17.375,17.625,4.886092185974121,413800
1990-08-28,17.625,17.6875,17.5,17.5,4.851442337036133,380800
1990-08-29,17.5,17.6875,17.4375,17.6875,4.9034199714660645,485800
1990-08-30,17.75,17.75,17.4375,17.5625,4.868767261505127,598400
1990-08-31,17.5625,17.75,17.4375,17.6875,4.9034199714660645,528600
1990-09-04,17.75,17.8125,17.6875,17.8125,4.938072204589844,237400
1990-09-05,17.875,18.0,17.8125,17.9375,4.9727253913879395,265200
1990-09-06,17.875,17.9375,17.5625,17.5625,4.868767261505127,214400
1990-09-07,17.5625,18.0,17.5625,17.875,4.955399990081787,466000
1990-09-10,18.0,18.0,17.5,17.75,4.920745372772217,396000
1990-09-11,17.75,17.8125,17.5625,17.75,4.920745372772217,155600
1990-09-12,17.8125,17.875,17.5625,17.8125,4.938072204589844,211400
1990-09-13,17.8125,17.8125,17.4375,17.6875,4.9034199714660645,265200
1990-09-14,17.6875,17.75,17.375,17.75,4.920745372772217,424000
1990-09-17,17.6875,17.75,17.625,17.625,4.886092185974121,214400
1990-09-18,17.6875,17.8125,17.625,17.75,4.920745372772217,268600
1990-09-19,17.75,17.75,17.5625,17.625,4.886092185974121,434400
1990-09-20,17.625,17.75,17.5625,17.6875,4.9034199714660645,564200
1990-09-21,17.6875,17.875,17.625,17.8125,4.938072204589844,1211400
1990-09-24,17.75,17.75,17.625,17.625,4.886092185974121,884800
1990-09-25,17.625,17.9375,17.625,17.9375,4.9727253913879395,504600
1990-09-26,17.9375,17.9375,17.75,17.75,4.920745372772217,270600
1990-09-27,17.875,17.9375,17.75,17.9375,4.9727253913879395,659000
1990-09-28,17.8125,18.0625,17.75,18.0,4.990054607391357,948000
1990-10-01,17.625,18.5625,17.5625,18.5625,5.242096424102783,2078200
1990-10-02,18.1875,18.5,18.1875,18.3125,5.171494483947754,2093600
1990-10-03,18.3125,18.4375,18.25,18.375,5.189146041870117,448800
1990-10-04,18.3125,18.625,18.3125,18.625,5.259746551513672,520400
1990-10-05,18.5,18.625,18.4375,18.625,5.259746551513672,357200
1990-10-08,18.6875,18.8125,18.6875,18.75,5.295048713684082,131400
1990-10-09,18.6875,18.75,18.5625,18.5625,5.242096424102783,473600
1990-10-10,18.5625,18.6875,18.5,18.625,5.259746551513672,822800
1990-10-11,18.625,18.8125,18.625,18.6875,5.2773966789245605,966000
1990-10-12,18.8125,19.125,18.75,19.0,5.365649223327637,2056800
1990-10-15,19.125,19.125,18.9375,19.0625,5.383299827575684,567400
1990-10-16,19.0625,19.1875,19.0625,19.125,5.4009504318237305,339800
1990-10-17,19.0625,19.25,19.0625,19.1875,5.418598651885986,546000
1990-10-18,19.1875,19.25,19.0,19.125,5.4009504318237305,935000
1990-10-19,19.375,19.375,19.1875,19.3125,5.4538984298706055,694400
1990-10-22,19.3125,19.4375,19.25,19.375,5.471550464630127,486200
1990-10-23,19.3125,19.375,19.25,19.3125,5.4538984298706055,287200
1990-10-24,19.3125,19.4375,19.25,19.375,5.471550464630127,521200
1990-10-25,19.375,19.5,19.375,19.4375,5.48919677734375,640200
1990-10-26,19.375,19.4375,19.375,19.4375,5.48919677734375,363200
1990-10-29,19.375,19.4375,19.125,19.125,5.4009504318237305,552200
1990-10-30,19.125,19.4375,19.125,19.375,5.471550464630127,478400
1990-10-31,19.4375,19.6875,19.375,19.4375,5.48919677734375,762800
1990-11-01,19.4375,19.5625,19.4375,19.5625,5.524497985839844,649200
1990-11-02,19.5,19.625,19.5,19.625,5.542149066925049,445400
1990-11-05,19.625,19.75,19.5625,19.6875,5.559797763824463,419800
1990-11-06,19.625,19.8125,19.5625,19.625,5.542149066925049,354400
1990-11-07,19.5,19.625,19.1875,19.3125,5.4538984298706055,522800
1990-11-08,19.3125,19.5,19.3125,19.4375,5.48919677734375,416200
1990-11-09,19.5625,19.8125,19.5625,19.8125,5.595098972320557,538000
1990-11-12,19.8125,19.9375,19.8125,19.9375,5.630399703979492,380800
1990-11-13,19.875,19.875,19.25,19.25,5.436251163482666,656200
1990-11-14,19.1875,19.1875,19.0,19.0625,5.383299827575684,1056200
1990-11-15,19.0,19.1875,19.0,19.125,5.4009504318237305,528200
1990-11-16,19.25,19.3125,19.0,19.125,5.4009504318237305,526000
1990-11-19,19.1875,19.1875,18.875,18.9375,5.34799861907959,435400
1990-11-20,18.8125,18.8125,18.625,18.625,5.259746551513672,1026800
1990-11-21,18.6875,18.8125,18.6875,18.8125,5.312696933746338,293000
1990-11-23,18.8125,18.875,18.75,18.875,5.33035135269165,209600
1990-11-26,18.8125,19.0625,18.6875,19.0625,5.383299827575684,231200
1990-11-27,19.125,19.4375,19.0,19.125,5.4009504318237305,525600
1990-11-28,19.1875,19.1875,19.0,19.0625,5.383299827575684,752800
1990-11-29,19.0625,19.0625,18.875,18.9375,5.34799861907959,838400
1990-11-30,18.9375,19.25,18.9375,19.25,5.436251163482666,793600
1990-12-03,19.25,19.375,19.1875,19.375,5.471550464630127,524800
1990-12-04,19.3125,19.5,19.3125,19.4375,5.48919677734375,595800
1990-12-05,19.5,19.9375,19.4375,19.75,5.577448844909668,813400
1990-12-06,19.75,19.8125,19.5,19.6875,5.559797763824463,702400
1990-12-07,19.625,19.6875,19.4375,19.5,5.506847381591797,457600
1990-12-10,19.5,19.6875,19.5,19.5625,5.524497985839844,330800
1990-12-11,19.5625,19.625,19.5,19.5625,5.524497985839844,435600
1990-12-12,19.5625,19.6875,19.5,19.6875,5.559797763824463,1038000
1990-12-13,19.625,19.6875,19.5625,19.625,5.542149066925049,367000
1990-12-14,19.625,19.6875,19.5,19.5625,5.524497985839844,455000
1990-12-17,19.5,19.6875,19.5,19.625,5.542149066925049,372600
1990-12-18,19.5625,19.875,19.5625,19.8125,5.595098972320557,725800
1990-12-19,19.75,19.875,19.6875,19.75,5.577448844909668,1914400
1990-12-20,19.625,19.6875,19.5,19.5625,5.524497985839844,416000
1990-12-21,19.625,19.6875,19.4375,19.5,5.506847381591797,1397800
1990-12-24,19.4375,19.4375,19.3125,19.375,5.471550464630127,282400
1990-12-26,19.375,19.5625,19.375,19.5625,5.524497985839844,755000
1990-12-27,19.5625,19.875,19.5,19.6875,5.559797763824463,1176200
1990-12-28,19.1875,19.1875,19.0625,19.0625,5.475069046020508,431800
1990-12-31,19.0,19.0,18.875,18.9375,5.439167499542236,389600
1991-01-02,18.8125,18.8125,18.6875,18.6875,5.367363452911377,636400
1991-01-03,18.6875,18.8125,18.6875,18.8125,5.403266429901123,514800
1991-01-04,18.8125,19.0,18.75,19.0,5.457121849060059,1726800
1991-01-07,18.875,19.0,18.8125,18.8125,5.403266429901123,181600
1991-01-08,18.8125,18.9375,18.625,18.8125,5.403266429901123,365800
1991-01-09,18.75,19.125,18.375,18.4375,5.295560359954834,603400
1991-01-10,18.5625,18.6875,18.5,18.6875,5.367363452911377,173200
1991-01-11,18.75,18.75,18.5,18.5625,5.33146333694458,358000
1991-01-14,18.4375,18.5,18.0,18.25,5.241706848144531,277600
1991-01-15,18.1875,18.375,18.125,18.1875,5.223756313323975,191400
1991-01-16,18.25,18.25,18.125,18.1875,5.223756313323975,218200
1991-01-17,18.5,18.8125,18.5,18.75,5.385315895080566,601400
1991-01-18,18.6875,19.0,18.6875,19.0,5.457121849060059,621200
1991-01-21,18.875,19.0625,18.875,19.0625,5.475069046020508,238200
1991-01-22,19.0,19.125,18.875,18.875,5.421220779418945,499000
1991-01-23,18.9375,19.0,18.875,18.9375,5.439167499542236,312400
1991-01-24,19.0,19.1875,18.9375,19.125,5.493022441864014,462800
1991-01-25,19.125,19.3125,18.875,18.875,5.421220779418945,670200
1991-01-28,19.0,19.0,18.9375,18.9375,5.439167499542236,286600
1991-01-29,18.9375,19.0,18.5,18.875,5.421220779418945,267600
1991-01-30,18.875,18.9375,18.8125,18.9375,5.439167499542236,321200
1991-01-31,18.875,18.875,18.6875,18.8125,5.403266429901123,622400
1991-02-01,18.875,19.0,18.5625,18.5625,5.33146333694458,897000
1991-02-04,18.625,18.9375,18.5625,18.875,5.421220779418945,658200
1991-02-05,18.875,19.0,18.625,18.75,5.385315895080566,764800
1991-02-06,18.8125,18.8125,18.625,18.75,5.385315895080566,1696400
1991-02-07,18.75,19.0,18.6875,18.75,5.385315895080566,1301400
1991-02-08,18.875,18.9375,18.75,18.9375,5.439167499542236,716800
1991-02-11,18.9375,19.5,18.9375,19.5,5.600726127624512,816800
1991-02-12,19.4375,19.6875,19.25,19.25,5.528924942016602,546400
1991-02-13,19.3125,19.5,19.25,19.5,5.600726127624512,798600
1991-02-14,19.375,19.5625,19.125,19.125,5.493022441864014,748800
1991-02-15,19.125,19.375,19.0625,19.25,5.528924942016602,1479400
1991-02-19,19.1875,19.4375,19.1875,19.4375,5.582777976989746,540000
1991-02-20,19.375,19.6875,19.375,19.5,5.600726127624512,932600
1991-02-21,19.5,19.5,19.0,19.5,5.600726127624512,539000
1991-02-22,19.4375,19.625,19.3125,19.4375,5.582777976989746,378800
1991-02-25,19.5625,19.5625,19.375,19.4375,5.582777976989746,320000
1991-02-26,19.375,19.375,19.125,19.1875,5.510974407196045,304800
1991-02-27,19.25,19.375,19.1875,19.375,5.5648274421691895,371000
1991-02-28,19.4375,19.4375,19.3125,19.4375,5.582777976989746,504600
1991-03-01,19.3125,19.375,19.125,19.3125,5.546874046325684,444000
1991-03-04,19.3125,19.3125,19.125,19.1875,5.510974407196045,380800
1991-03-05,19.1875,19.375,19.1875,19.1875,5.510974407196045,341000
1991-03-06,19.25,19.25,18.875,18.875,5.421220779418945,490200
1991-03-07,19.0,19.0,18.8125,18.8125,5.403266429901123,409800
1991-03-08,18.875,18.875,18.625,18.625,5.349413871765137,407600
1991-03-11,18.75,18.875,18.6875,18.8125,5.403266429901123,452000
1991-03-12,18.875,19.125,18.875,19.0625,5.475069046020508,626400
1991-03-13,19.125,19.4375,19.125,19.375,5.5648274421691895,947400
1991-03-14,19.375,19.5625,19.3125,19.3125,5.546874046325684,937600
1991-03-15,19.3125,19.3125,19.0625,19.25,5.528924942016602,1178200
1991-03-18,19.1875,19.3125,19.125,19.3125,5.546874046325684,799200
1991-03-19,19.3125,19.3125,19.1875,19.25,5.528924942016602,343800
1991-03-20,19.1875,19.4375,19.1875,19.4375,5.582777976989746,569800
1991-03-21,19.4375,19.4375,19.3125,19.4375,5.582777976989746,172600
1991-03-22,19.3125,19.5625,19.3125,19.5625,5.618679046630859,1254400
1991-03-25,19.5625,19.75,19.5625,19.75,5.67253303527832,330000
1991-03-26,19.6875,19.9375,19.6875,19.875,5.708436489105225,673400
1991-03-27,19.9375,20.0,19.8125,19.8125,5.690484046936035,812000
1991-03-28,19.875,20.0,19.875,19.875,5.708436489105225,672800
1991-04-01,19.375,19.4375,19.25,19.3125,5.640527725219727,1118000
1991-04-02,19.375,19.4375,19.3125,19.3125,5.640527725219727,1024800
1991-04-03,19.375,19.375,19.25,19.3125,5.640527725219727,953600
1991-04-04,19.3125,19.3125,19.1875,19.25,5.622274398803711,329400
1991-04-05,19.1875,19.25,19.125,19.1875,5.604021072387695,444600
1991-04-08,19.25,19.25,19.0,19.1875,5.604021072387695,503600
1991-04-09,19.1875,19.25,19.0625,19.125,5.585770130157471,227200
1991-04-10,19.125,19.1875,19.0625,19.125,5.585770130157471,427200
1991-04-11,19.125,19.25,19.125,19.25,5.622274398803711,213600
1991-04-12,19.375,19.375,19.1875,19.3125,5.640527725219727,607400
1991-04-15,19.375,19.5,19.25,19.5,5.69528865814209,373400
1991-04-16,19.5,19.5625,19.375,19.5625,5.713546276092529,606200
1991-04-17,19.5625,19.6875,19.5,19.6875,5.750055313110352,955000
1991-04-18,19.4375,19.5625,19.375,19.5,5.69528865814209,584600
1991-04-19,19.5,19.5,19.25,19.25,5.622274398803711,316000
1991-04-22,19.3125,19.3125,19.0,19.125,5.585770130157471,374800
1991-04-23,19.125,19.375,19.0625,19.375,5.65878438949585,542400
1991-04-24,19.3125,19.4375,19.3125,19.4375,5.677036285400391,300000
1991-04-25,19.375,19.4375,19.375,19.4375,5.677036285400391,572200
1991-04-26,19.375,19.4375,19.375,19.4375,5.677036285400391,365800
1991-04-29,19.4375,19.5,19.3125,19.375,5.65878438949585,483600
1991-04-30,19.375,19.625,19.375,19.5625,5.713546276092529,726200
1991-05-01,19.6875,19.75,19.625,19.6875,5.750055313110352,698400
1991-05-02,19.75,19.75,19.625,19.6875,5.750055313110352,555400
1991-05-03,19.625,19.6875,19.375,19.5,5.69528865814209,743000
1991-05-06,19.4375,19.5,19.3125,19.375,5.65878438949585,314200
1991-05-07,19.375,19.4375,19.3125,19.375,5.65878438949585,699400
1991-05-08,19.375,19.875,19.3125,19.75,5.768307209014893,1045400
1991-05-09,19.6875,19.875,19.6875,19.875,5.804816722869873,1154400
1991-05-10,19.8125,19.875,19.6875,19.75,5.768307209014893,626800
1991-05-13,19.8125,19.8125,19.5625,19.6875,5.750055313110352,545600
1991-05-14,19.6875,19.6875,19.4375,19.5,5.69528865814209,545400
1991-05-15,19.5,19.5,19.3125,19.3125,5.640527725219727,286800
1991-05-16,19.4375,19.5,19.375,19.5,5.69528865814209,433400
1991-05-17,19.5,19.625,19.5,19.625,5.731797695159912,526800
1991-05-20,19.5625,19.5625,19.375,19.375,5.65878438949585,644200
1991-05-21,19.375,19.4375,19.3125,19.375,5.65878438949585,830200
1991-05-22,19.5,19.625,19.5,19.5,5.69528865814209,699600
1991-05-23,19.5,19.5625,19.3125,19.375,5.65878438949585,726200
1991-05-24,19.4375,19.4375,19.3125,19.3125,5.640527725219727,372800
1991-05-28,19.375,19.5,19.25,19.5,5.69528865814209,454800
1991-05-29,19.5,19.625,19.5,19.625,5.731797695159912,353000
1991-05-30,19.6875,19.875,19.625,19.8125,5.786562919616699,737200
1991-05-31,19.8125,19.8125,19.5625,19.6875,5.750055313110352,508400
1991-06-03,19.625,19.625,19.4375,19.5,5.69528865814209,298600
1991-06-04,19.4375,19.5,19.375,19.4375,5.677036285400391,259600
1991-06-05,19.5,19.5,19.375,19.4375,5.677036285400391,344800
1991-06-06,19.5,19.5625,19.4375,19.5625,5.713546276092529,345800
1991-06-07,19.5,19.5625,19.25,19.375,5.65878438949585,297800
1991-06-10,19.5,19.5,19.375,19.4375,5.677036285400391,300400
1991-06-11,19.4375,19.5625,19.4375,19.5625,5.713546276092529,339800
1991-06-12,19.5,19.5625,19.4375,19.5,5.69528865814209,251200
1991-06-13,19.4375,19.8125,19.4375,19.75,5.768307209014893,900400
1991-06-14,19.6875,19.875,19.6875,19.875,5.804816722869873,400000
1991-06-17,19.75,19.8125,19.625,19.625,5.731797695159912,216200
1991-06-18,19.625,19.75,19.625,19.75,5.768307209014893,422400
1991-06-19,19.6875,19.75,19.4375,19.4375,5.677036285400391,525200
1991-06-20,19.5,19.75,19.4375,19.75,5.768307209014893,493200
1991-06-21,19.75,19.75,19.6875,19.75,5.768307209014893,584000
1991-06-24,19.75,19.75,19.625,19.6875,5.750055313110352,607400
1991-06-25,19.6875,19.75,19.625,19.75,5.768307209014893,379400
1991-06-26,19.6875,19.75,19.6875,19.6875,5.750055313110352,669800
1991-06-27,19.75,19.875,19.75,19.875,5.804816722869873,1526000
1991-06-28,19.4375,19.5,19.25,19.4375,5.775841236114502,620400
1991-07-01,19.4375,19.6875,19.3125,19.6875,5.850131034851074,530800
1991-07-02,19.6875,19.9375,19.625,19.875,5.905847072601318,715600
1991-07-03,19.875,19.9375,19.8125,19.875,5.905847072601318,741600
1991-07-05,19.875,19.9375,19.8125,19.875,5.905847072601318,246600
1991-07-08,19.8125,19.875,19.75,19.875,5.905847072601318,723000
1991-07-09,19.875,19.875,19.8125,19.8125,5.88727331161499,211400
1991-07-10,19.875,19.9375,19.5625,19.5625,5.812986850738525,562400
1991-07-11,19.6875,19.9375,19.625,19.9375,5.924420356750488,508600
1991-07-12,19.9375,20.0625,19.875,20.0,5.942990303039551,380400
1991-07-15,20.0,20.0625,19.9375,20.0,5.942990303039551,506400
1991-07-16,20.0,20.0,19.875,20.0,5.942990303039551,243400
1991-07-17,20.0,20.0,19.9375,20.0,5.942990303039551,225400
1991-07-18,19.9375,20.25,19.9375,20.125,5.980136871337891,600200
1991-07-19,20.125,20.1875,20.0625,20.0625,5.961563587188721,356400
1991-07-22,20.0625,20.1875,20.0,20.1875,5.9987030029296875,351600
1991-07-23,20.1875,20.1875,20.0625,20.125,5.980136871337891,363000
1991-07-24,20.125,20.25,20.125,20.1875,5.9987030029296875,620200
1991-07-25,20.1875,20.375,20.125,20.3125,6.035848617553711,188600
1991-07-26,20.375,20.5,20.3125,20.4375,6.07299280166626,264000
1991-07-29,20.375,20.75,20.375,20.6875,6.147281169891357,493400
1991-07-30,20.5625,20.8125,20.5625,20.8125,6.184421062469482,707000
1991-07-31,20.75,20.9375,20.75,20.875,6.202996730804443,718000
1991-08-01,20.875,20.875,20.75,20.8125,6.184421062469482,447400
1991-08-02,20.875,21.0,20.8125,21.0,6.240138530731201,763600
1991-08-05,21.0,21.1875,21.0,21.1875,6.295855522155762,452400
1991-08-06,21.125,21.375,21.125,21.375,6.351568698883057,679400
1991-08-07,21.3125,21.625,21.3125,21.625,6.42586088180542,589000
1991-08-08,21.5,21.625,21.5,21.5625,6.407284259796143,411000
1991-08-09,21.5,21.5625,21.375,21.4375,6.370143413543701,299400
1991-08-12,21.375,21.4375,21.3125,21.375,6.351568698883057,197400
1991-08-13,21.3125,21.5,21.25,21.5,6.388718128204346,656600
1991-08-14,21.5,21.5625,21.4375,21.5625,6.407284259796143,421000
1991-08-15,21.4375,21.5625,21.375,21.4375,6.370143413543701,563600
1991-08-16,21.5,21.5625,21.375,21.375,6.351568698883057,630800
1991-08-19,21.0625,21.25,21.0,21.1875,6.295855522155762,462800
1991-08-20,21.375,21.375,21.0625,21.25,6.314426898956299,490200
1991-08-21,21.3125,21.5,21.3125,21.5,6.388718128204346,624800
1991-08-22,21.5,21.625,21.5,21.625,6.42586088180542,298400
1991-08-23,21.5625,21.6875,21.5,21.625,6.42586088180542,361000
1991-08-26,21.625,21.8125,21.5625,21.6875,6.444429874420166,579000
1991-08-27,21.6875,21.75,21.6875,21.6875,6.444429874420166,264800
1991-08-28,21.6875,21.9375,21.6875,21.75,6.463002681732178,289800
1991-08-29,21.75,21.875,21.6875,21.6875,6.444429874420166,183000
1991-08-30,21.6875,21.8125,21.6875,21.8125,6.481575012207031,423400
1991-09-03,21.8125,22.0,21.75,21.75,6.463002681732178,299000
1991-09-04,21.75,21.8125,21.625,21.75,6.463002681732178,424400
1991-09-05,21.75,21.75,21.625,21.6875,6.444429874420166,250000
1991-09-06,21.6875,21.75,21.5625,21.6875,6.444429874420166,628400
1991-09-09,21.625,21.6875,21.5625,21.625,6.42586088180542,237600
1991-09-10,21.625,21.6875,21.5,21.5625,6.407284259796143,365800
1991-09-11,21.5625,21.625,21.5625,21.625,6.42586088180542,264200
1991-09-12,21.625,21.6875,21.5625,21.625,6.42586088180542,498200
1991-09-13,21.625,21.625,21.5625,21.625,6.42586088180542,316400
1991-09-16,21.625,21.6875,21.5625,21.6875,6.444429874420166,378000
1991-09-17,21.6875,21.75,21.625,21.75,6.463002681732178,553000
1991-09-18,21.75,21.8125,21.6875,21.8125,6.481575012207031,198000
1991-09-19,21.75,21.75,21.6875,21.75,6.463002681732178,501600
1991-09-20,21.8125,22.125,21.8125,22.125,6.574432373046875,1399000
1991-09-23,22.125,22.25,22.0625,22.1875,6.593008518218994,679400
1991-09-24,22.1875,22.25,22.0625,22.125,6.574432373046875,1417800
1991-09-25,22.125,22.3125,22.0625,22.25,6.611576080322266,636000
1991-09-26,22.25,22.4375,22.1875,22.25,6.611576080322266,1950000
1991-09-27,22.4375,22.6875,22.4375,22.6875,6.741578578948975,2855400
1991-09-30,22.25,22.375,22.125,22.1875,6.693315029144287,1030600
1991-10-01,22.25,22.3125,22.1875,22.3125,6.731017112731934,450200
1991-10-02,22.375,22.625,22.3125,22.5,6.787586212158203,351800
1991-10-03,22.375,22.4375,22.25,22.25,6.712167739868164,296800
1991-10-04,22.25,22.3125,22.0625,22.125,6.674458980560303,655200
1991-10-07,22.125,22.125,22.0625,22.125,6.674458980560303,287200
1991-10-08,22.0625,22.125,22.0,22.125,6.674458980560303,704200
1991-10-09,22.125,22.125,21.9375,22.0625,6.655602931976318,340600
1991-10-10,22.0,22.0625,21.9375,21.9375,6.617894649505615,304800
1991-10-11,22.0,22.0625,22.0,22.0625,6.655602931976318,217800
1991-10-14,22.0,22.125,22.0,22.125,6.674458980560303,254000
1991-10-15,22.125,22.3125,22.0625,22.125,6.674458980560303,500800
1991-10-16,22.125,22.1875,21.9375,22.125,6.674458980560303,917600
1991-10-17,22.0625,22.125,22.0,22.125,6.674458980560303,513400
1991-10-18,22.125,22.125,21.875,22.0,6.636749744415283,551200
1991-10-21,22.0,22.0,21.8125,21.875,6.599043369293213,178000
1991-10-22,21.8125,21.9375,21.75,21.8125,6.580185890197754,244200
1991-10-23,21.8125,21.8125,21.625,21.6875,6.542477607727051,234000
1991-10-24,21.8125,22.0,21.75,21.875,6.599043369293213,579000
1991-10-25,22.125,22.125,21.9375,22.0,6.636749744415283,357600
1991-10-28,22.0,22.0625,21.9375,22.0625,6.655602931976318,244000
1991-10-29,22.0,22.0625,21.875,21.9375,6.617894649505615,385000
1991-10-30,21.9375,22.3125,21.9375,22.3125,6.731017112731934,265200
1991-10-31,22.3125,22.3125,22.125,22.25,6.712167739868164,314200
1991-11-01,22.25,22.25,21.9375,22.1875,6.693315029144287,298800
1991-11-04,22.1875,22.1875,22.0625,22.125,6.674458980560303,266400
1991-11-05,21.9375,22.0625,21.8125,21.875,6.599043369293213,518800
1991-11-06,21.9375,22.125,21.875,22.0625,6.655602931976318,270000
1991-11-07,22.1875,22.4375,22.125,22.3125,6.731017112731934,318400
1991-11-08,22.375,22.4375,22.3125,22.4375,6.768730640411377,222600
1991-11-11,22.375,22.5,22.3125,22.4375,6.768730640411377,164400
1991-11-12,22.5,22.625,22.5,22.5625,6.806436538696289,391800
1991-11-13,22.5625,22.625,22.4375,22.625,6.82529354095459,394800
1991-11-14,22.625,22.875,22.625,22.8125,6.881855487823486,301800
1991-11-15,22.9375,22.9375,22.5,22.5,6.787586212158203,453600
1991-11-18,22.5,22.5625,22.25,22.375,6.749876022338867,1117600
1991-11-19,22.25,22.25,21.8125,22.125,6.674458980560303,416400
1991-11-20,22.25,22.25,21.8125,22.0,6.636749744415283,411400
1991-11-21,21.9375,22.3125,21.9375,22.25,6.712167739868164,229800
1991-11-22,22.3125,22.3125,22.125,22.25,6.712167739868164,287400
1991-11-25,22.25,22.4375,22.25,22.4375,6.768730640411377,347000
1991-11-26,22.4375,22.6875,22.375,22.6875,6.844147682189941,360000
1991-11-27,22.625,22.8125,22.625,22.75,6.863001823425293,158000
1991-11-29,22.75,22.9375,22.6875,22.9375,6.91956901550293,110200
1991-12-02,22.875,23.375,22.8125,23.375,7.051544189453125,506800
1991-12-03,23.375,23.375,23.0625,23.1875,6.994982719421387,441800
1991-12-04,23.1875,23.25,22.9375,23.0,6.938421726226807,626200
1991-12-05,22.875,22.875,22.6875,22.6875,6.844147682189941,558000
1991-12-06,22.625,22.9375,22.625,22.8125,6.881855487823486,453600
1991-12-09,22.9375,23.125,22.875,23.0625,6.957275390625,772200
1991-12-10,23.0,23.125,23.0,23.125,6.976128578186035,334200
1991-12-11,23.125,23.25,23.125,23.1875,6.994982719421387,639400
1991-12-12,23.25,23.375,23.25,23.375,7.051544189453125,311000
1991-12-13,23.4375,23.5,23.1875,23.375,7.051544189453125,1456200
1991-12-16,23.375,23.4375,23.3125,23.3125,7.032691478729248,461000
1991-12-17,23.3125,23.375,23.125,23.1875,6.994982719421387,283400
1991-12-18,23.3125,23.3125,23.0,23.1875,6.994982719421387,1090000
1991-12-19,23.0625,23.1875,23.0625,23.125,6.976128578186035,274000
1991-12-20,23.375,23.375,23.0,23.0,6.938421726226807,1725600
1991-12-23,23.125,23.5625,23.125,23.5625,7.1081061363220215,840200
1991-12-24,23.5625,23.5625,23.3125,23.4375,7.0704026222229,394600
1991-12-26,23.5,23.6875,23.5,23.5625,7.1081061363220215,228000
1991-12-27,23.0625,23.0625,22.875,23.0,7.040006160736084,1138000
1991-12-30,23.0,23.5,22.9375,23.375,7.15478515625,1120600
1991-12-31,23.375,23.4375,23.125,23.375,7.15478515625,487600
1992-01-02,23.375,23.4375,23.125,23.4375,7.17392110824585,378800
1992-01-03,23.375,23.6875,23.375,23.625,7.2313079833984375,486200
1992-01-06,23.5625,23.625,23.3125,23.4375,7.17392110824585,277200
1992-01-07,23.4375,23.4375,23.125,23.125,7.078266620635986,473000
1992-01-08,23.0625,23.125,22.875,23.0,7.040006160736084,604600
1992-01-09,23.125,23.1875,22.9375,23.0,7.040006160736084,339000
1992-01-10,23.0,23.0,22.6875,22.6875,6.944351673126221,995400
1992-01-13,22.5625,22.5625,21.9375,21.9375,6.714787006378174,1124000
1992-01-14,21.9375,22.1875,21.6875,22.1875,6.791313171386719,1049200
1992-01-15,22.1875,22.25,21.875,22.125,6.7721781730651855,729200
1992-01-16,22.0625,22.125,21.5,21.5,6.580875396728516,897600
1992-01-17,21.5,21.5,20.875,21.125,6.466089248657227,1029000
1992-01-20,21.125,21.375,21.0,21.25,6.504354953765869,657000
1992-01-21,21.25,21.4375,21.0625,21.375,6.542613983154297,699600
1992-01-22,21.375,21.5625,21.3125,21.5,6.580875396728516,633400
1992-01-23,21.4375,21.5,20.75,21.25,6.504354953765869,479400
1992-01-24,21.25,21.3125,21.125,21.1875,6.4852213859558105,825400
1992-01-27,21.1875,21.25,20.8125,21.0,6.427831649780273,1035600
1992-01-28,21.0625,21.0625,20.875,20.9375,6.40870475769043,447400
1992-01-29,20.9375,21.0625,20.875,20.875,6.389571189880371,798000
1992-01-30,20.9375,20.9375,20.6875,20.75,6.351311683654785,709000
1992-01-31,20.8125,20.8125,20.5,20.5625,6.293918132781982,443800
1992-02-03,20.5625,20.625,20.25,20.3125,6.217394828796387,607600
1992-02-04,20.3125,20.8125,20.1875,20.5,6.274790287017822,761200
1992-02-05,20.5,20.5,20.25,20.3125,6.217394828796387,789800
1992-02-06,20.3125,20.4375,20.3125,20.4375,6.255655288696289,892400
1992-02-07,20.5,20.5625,20.1875,20.375,6.236527442932129,944600
1992-02-10,20.4375,20.625,20.3125,20.4375,6.255655288696289,596200
1992-02-11,20.4375,20.5625,20.375,20.5625,6.293918132781982,373000
1992-02-12,20.5625,20.6875,20.5,20.6875,6.332178115844727,450400
1992-02-13,20.6875,20.6875,20.4375,20.4375,6.255655288696289,544600
1992-02-14,20.375,20.5,20.25,20.4375,6.255655288696289,281400
1992-02-18,20.4375,20.4375,20.3125,20.375,6.236527442932129,351000
1992-02-19,20.375,20.4375,20.25,20.375,6.236527442932129,1019400
1992-02-20,20.375,20.625,20.375,20.625,6.313048362731934,504400
1992-02-21,20.625,20.6875,20.375,20.4375,6.255655288696289,794800
1992-02-24,20.4375,20.4375,20.25,20.3125,6.217394828796387,388000
1992-02-25,20.3125,20.5,20.25,20.375,6.236527442932129,592200
1992-02-26,20.375,20.75,20.3125,20.6875,6.332178115844727,422000
1992-02-27,20.75,20.75,20.625,20.625,6.313048362731934,284800
1992-02-28,20.625,20.6875,20.5,20.5625,6.293918132781982,494000
1992-03-02,20.625,20.75,20.5625,20.6875,6.332178115844727,422600
1992-03-03,20.6875,20.6875,20.5625,20.625,6.313048362731934,513600
1992-03-04,20.625,20.625,20.5,20.5,6.274790287017822,367400
1992-03-05,20.5,20.5625,20.375,20.5,6.274790287017822,572600
1992-03-06,20.4375,20.5625,20.375,20.375,6.236527442932129,594600
1992-03-09,20.5,20.5625,20.3125,20.5625,6.293918132781982,481600
1992-03-10,20.625,20.875,20.625,20.75,6.351311683654785,597800
1992-03-11,20.75,20.75,20.5,20.625,6.313048362731934,416200
1992-03-12,20.625,20.6875,20.375,20.375,6.236527442932129,531400
1992-03-13,20.4375,20.5625,20.3125,20.4375,6.255655288696289,388400
1992-03-16,20.5,20.75,20.4375,20.6875,6.332178115844727,367200
1992-03-17,20.6875,21.0,20.6875,20.9375,6.40870475769043,409400
1992-03-18,20.9375,21.0,20.75,20.8125,6.370437145233154,1022400
1992-03-19,20.8125,20.875,20.5625,20.75,6.351311683654785,455000
1992-03-20,20.875,20.9375,20.6875,20.875,6.389571189880371,2255400
1992-03-23,20.8125,20.875,20.6875,20.8125,6.370437145233154,592600
1992-03-24,20.75,20.875,20.75,20.8125,6.370437145233154,392200
1992-03-25,20.75,20.75,20.5625,20.5625,6.293918132781982,346200
1992-03-26,20.6875,20.75,20.625,20.75,6.351311683654785,400400
1992-03-27,20.6875,20.875,20.6875,20.8125,6.370437145233154,759000
1992-03-30,20.375,20.4375,20.3125,20.375,6.2976484298706055,873600
1992-03-31,20.375,20.5,20.25,20.375,6.2976484298706055,873400
1992-04-01,20.3125,20.375,20.25,20.3125,6.278330326080322,470000
1992-04-02,20.3125,20.3125,20.125,20.25,6.25901460647583,546600
1992-04-03,20.25,20.5,20.1875,20.3125,6.278330326080322,414600
1992-04-06,20.3125,20.4375,20.25,20.375,6.2976484298706055,322400
1992-04-07,20.3125,20.5,20.25,20.4375,6.316965103149414,517400
1992-04-08,20.3125,20.5,20.25,20.3125,6.278330326080322,883200
1992-04-09,20.25,20.75,20.25,20.5625,6.3556036949157715,641600
1992-04-10,20.5625,20.8125,20.5625,20.8125,6.432872772216797,337400
1992-04-13,20.8125,20.8125,20.625,20.6875,6.39423942565918,364000
1992-04-14,20.75,20.8125,20.5625,20.6875,6.39423942565918,391600
1992-04-15,20.8125,20.9375,20.75,20.9375,6.471513271331787,510200
1992-04-16,20.9375,21.3125,20.8125,21.3125,6.587416172027588,385800
1992-04-20,21.125,21.1875,20.75,20.9375,6.471513271331787,651000
1992-04-21,20.875,20.9375,20.8125,20.875,6.452192783355713,547600
1992-04-22,20.8125,20.875,20.75,20.875,6.452192783355713,248600
1992-04-23,20.875,20.9375,20.8125,20.875,6.452192783355713,325400
1992-04-24,20.875,20.875,20.6875,20.75,6.4135589599609375,297400
1992-04-27,20.625,20.75,20.5625,20.625,6.374919414520264,278600
1992-04-28,20.625,20.9375,20.625,20.9375,6.471513271331787,347400
1992-04-29,20.875,21.0,20.8125,21.0,6.490828037261963,749200
1992-04-30,20.9375,21.3125,20.9375,21.3125,6.587416172027588,603600
1992-05-01,21.25,21.375,21.0,21.0625,6.5101470947265625,536000
1992-05-04,21.0625,21.3125,21.0625,21.3125,6.587416172027588,433000
1992-05-05,21.3125,21.8125,21.25,21.625,6.684009552001953,650000
1992-05-06,21.75,21.9375,21.75,21.8125,6.741962909698486,388400
1992-05-07,21.8125,21.875,21.75,21.8125,6.741962909698486,862600
1992-05-08,21.6875,21.9375,21.6875,21.875,6.761280059814453,709400
1992-05-11,21.875,22.0625,21.8125,21.9375,6.7805962562561035,304800
1992-05-12,21.9375,22.0625,21.9375,21.9375,6.7805962562561035,284600
1992-05-13,22.0625,22.0625,21.9375,21.9375,6.7805962562561035,525400
1992-05-14,21.9375,22.0,21.8125,21.875,6.761280059814453,565400
1992-05-15,21.75,21.8125,21.6875,21.8125,6.741962909698486,385000
1992-05-18,21.6875,21.8125,21.6875,21.6875,6.7033257484436035,352400
1992-05-19,21.625,22.0,21.625,21.875,6.761280059814453,302800
1992-05-20,21.875,22.125,21.875,21.9375,6.7805962562561035,239800
1992-05-21,21.75,21.8125,21.625,21.6875,6.7033257484436035,379200
1992-05-22,21.6875,21.8125,21.6875,21.6875,6.7033257484436035,225200
1992-05-26,21.6875,21.6875,21.5,21.625,6.684009552001953,580600
1992-05-27,21.6875,21.75,21.625,21.6875,6.7033257484436035,245800
1992-05-28,21.6875,21.9375,21.625,21.9375,6.7805962562561035,223800
1992-05-29,21.875,21.9375,21.625,21.75,6.722642421722412,266800
1992-06-01,21.75,21.875,21.5625,21.8125,6.741962909698486,266600
1992-06-02,21.75,21.8125,21.625,21.625,6.684009552001953,424200
1992-06-03,21.6875,21.875,21.625,21.75,6.722642421722412,367600
1992-06-04,21.75,21.875,21.75,21.875,6.761280059814453,234600
1992-06-05,21.875,21.9375,21.875,21.875,6.761280059814453,223800
1992-06-08,21.9375,22.1875,21.875,22.1875,6.857872486114502,359400
1992-06-09,22.125,22.1875,22.0,22.125,6.838551044464111,330600
1992-06-10,22.0625,22.1875,22.0625,22.125,6.838551044464111,370400
1992-06-11,22.125,22.375,22.125,22.3125,6.896505355834961,549800
1992-06-12,22.25,22.4375,22.25,22.4375,6.9351420402526855,276000
1992-06-15,22.5,22.875,22.4375,22.75,7.0317277908325195,788400
1992-06-16,22.75,22.75,22.625,22.75,7.0317277908325195,311000
1992-06-17,22.75,22.875,22.6875,22.875,7.070364475250244,298000
1992-06-18,22.8125,22.9375,22.75,22.875,7.070364475250244,573400
1992-06-19,22.9375,23.0625,22.875,23.0,7.109007835388184,894600
1992-06-22,22.9375,23.0625,22.875,23.0625,7.128322601318359,466800
1992-06-23,23.0,23.0625,22.75,23.0,7.109007835388184,746600
1992-06-24,23.0,23.0625,22.9375,22.9375,7.089689254760742,303000
1992-06-25,23.0,23.0625,22.9375,23.0625,7.128322601318359,750200
1992-06-26,22.5,22.5,22.25,22.4375,7.042013645172119,975200
1992-06-29,22.25,22.3125,22.125,22.1875,6.9635491371154785,2675800
1992-06-30,22.125,22.1875,22.0625,22.125,6.943935871124268,947600
1992-07-01,22.0625,22.3125,22.0625,22.3125,7.002779960632324,548400
1992-07-02,22.375,22.6875,22.375,22.4375,7.042013645172119,519600
1992-07-06,22.5,22.5,22.375,22.4375,7.042013645172119,582800
1992-07-07,22.4375,22.5625,22.375,22.4375,7.042013645172119,892600
1992-07-08,22.375,22.625,22.375,22.625,7.100858688354492,437600
1992-07-09,22.625,22.625,22.5,22.625,7.100858688354492,448000
1992-07-10,22.625,22.625,22.5,22.625,7.100858688354492,258800
1992-07-13,22.5625,22.625,22.5,22.625,7.100858688354492,288000
1992-07-14,22.5625,22.6875,22.5625,22.625,7.100858688354492,634400
1992-07-15,22.625,22.6875,22.5625,22.5625,7.081245422363281,412200
1992-07-16,22.625,22.75,22.5,22.75,7.140091419219971,298200
1992-07-17,22.875,22.875,22.625,22.75,7.140091419219971,439800
1992-07-20,22.5,22.75,22.4375,22.6875,7.120477676391602,323200
1992-07-21,22.75,22.875,22.625,22.75,7.140091419219971,385200
1992-07-22,22.75,22.75,22.5,22.6875,7.120477676391602,337400
1992-07-23,22.75,22.8125,22.6875,22.75,7.140091419219971,280200
1992-07-24,22.75,23.0,22.625,23.0,7.218552589416504,304600
1992-07-27,22.9375,23.0625,22.875,23.0625,7.238170623779297,268600
1992-07-28,23.0625,23.3125,23.0625,23.3125,7.3166351318359375,455800
1992-07-29,23.375,23.75,23.375,23.5,7.375479221343994,489600
1992-07-30,23.4375,23.5625,23.375,23.5625,7.3950910568237305,641400
1992-07-31,23.5625,23.625,23.4375,23.625,7.41471004486084,418400
1992-08-03,23.5625,23.75,23.4375,23.75,7.453939437866211,424600
1992-08-04,23.75,23.8125,23.625,23.8125,7.473556995391846,394800
1992-08-05,23.75,23.8125,23.5625,23.625,7.41471004486084,447400
1992-08-06,23.625,23.625,23.3125,23.3125,7.3166351318359375,379800
1992-08-07,23.3125,23.5625,23.3125,23.4375,7.355862617492676,305800
1992-08-10,23.375,23.4375,23.3125,23.375,7.336249828338623,325600
1992-08-11,23.375,23.4375,23.1875,23.375,7.336249828338623,262400
1992-08-12,23.375,23.4375,23.3125,23.3125,7.3166351318359375,201600
1992-08-13,23.375,23.4375,23.25,23.375,7.336249828338623,195600
1992-08-14,23.375,23.4375,23.3125,23.375,7.336249828338623,158800
1992-08-17,23.4375,23.6875,23.4375,23.625,7.41471004486084,343400
1992-08-18,23.5625,23.625,23.4375,23.5625,7.3950910568237305,345400
1992-08-19,23.625,23.625,23.5,23.5,7.375479221343994,309200
1992-08-20,23.5,23.5625,23.4375,23.4375,7.355862617492676,223400
1992-08-21,23.5625,23.6875,23.375,23.6875,7.434328079223633,461400
1992-08-24,23.625,23.6875,23.5,23.5625,7.3950910568237305,251400
1992-08-25,23.625,23.625,23.375,23.4375,7.355862617492676,340400
1992-08-26,23.4375,23.4375,23.3125,23.4375,7.355862617492676,125800
1992-08-27,23.5,23.5625,23.375,23.4375,7.355862617492676,437800
1992-08-28,23.5,23.5,23.4375,23.5,7.375479221343994,233800
1992-08-31,23.5,23.5625,23.4375,23.5,7.375479221343994,301000
1992-09-01,23.5,23.5625,23.4375,23.5625,7.3950910568237305,311400
1992-09-02,23.5,23.5625,23.5,23.5625,7.3950910568237305,551600
1992-09-03,23.5625,23.75,23.5,23.5625,7.3950910568237305,584400
1992-09-04,23.5,23.6875,23.5,23.625,7.41471004486084,332000
1992-09-08,23.625,23.6875,23.5625,23.5625,7.3950910568237305,879600
1992-09-09,23.5625,23.625,23.4375,23.5625,7.3950910568237305,366800
1992-09-10,23.5625,23.5625,23.375,23.5,7.375479221343994,685800
1992-09-11,23.5,23.5,23.375,23.5,7.375479221343994,427000
1992-09-14,23.5,23.5625,23.4375,23.4375,7.355862617492676,771200
1992-09-15,23.4375,23.5,23.375,23.4375,7.355862617492676,297000
1992-09-16,23.4375,23.4375,23.1875,23.25,7.29701566696167,585800
1992-09-17,23.25,23.25,23.0,23.1875,7.277398109436035,308800
1992-09-18,23.125,23.1875,23.0,23.125,7.257784843444824,798800
1992-09-21,23.125,23.375,23.125,23.375,7.336249828338623,346800
1992-09-22,23.375,23.375,23.125,23.1875,7.277398109436035,532200
1992-09-23,23.1875,23.25,23.0,23.0,7.218552589416504,1467800
1992-09-24,23.0,23.0625,23.0,23.0625,7.238170623779297,559800
1992-09-25,23.0,23.125,23.0,23.0625,7.238170623779297,747000
1992-09-28,23.0625,23.0625,22.9375,23.0,7.218552589416504,740600
1992-09-29,22.5625,22.5625,22.375,22.4375,7.150827884674072,996800
1992-09-30,22.5,22.75,22.4375,22.625,7.210581302642822,1714400
1992-10-01,22.6875,22.75,22.5625,22.5625,7.19066858291626,265000
1992-10-02,22.5625,22.625,22.25,22.3125,7.110990524291992,313600
1992-10-05,22.25,22.25,22.0625,22.125,7.051235198974609,2662600
1992-10-06,22.125,22.25,22.0,22.25,7.091070652008057,366400
1992-10-07,22.25,22.25,22.0,22.0625,7.031314373016357,357800
1992-10-08,22.125,22.1875,22.0,22.0625,7.031314373016357,806200
1992-10-09,22.0,22.0,21.5625,21.8125,6.9516425132751465,954000
1992-10-12,21.8125,21.875,21.6875,21.75,6.931726932525635,327000
1992-10-13,21.875,21.9375,21.8125,21.9375,6.991476535797119,196200
1992-10-14,22.0625,22.125,21.8125,21.9375,6.991476535797119,261600
1992-10-15,21.875,22.0625,21.875,22.0625,7.031314373016357,563200
1992-10-16,22.0,22.1875,21.9375,22.1875,7.071151256561279,1148200
1992-10-19,22.1875,22.25,22.125,22.125,7.051235198974609,320000
1992-10-20,22.125,22.1875,22.0,22.0,7.0113983154296875,696400
1992-10-21,21.9375,22.0,21.6875,21.6875,6.911804676055908,699400
1992-10-22,21.75,21.8125,21.625,21.75,6.931726932525635,304400
1992-10-23,21.75,21.875,21.6875,21.875,6.971558094024658,531000
1992-10-26,21.8125,22.0,21.6875,21.9375,6.991476535797119,581000
1992-10-27,22.0,22.0625,21.8125,22.0625,7.031314373016357,378600
1992-10-28,21.9375,22.0625,21.875,22.0625,7.031314373016357,197800
1992-10-29,22.0625,22.25,21.9375,22.125,7.051235198974609,303600
1992-10-30,22.25,22.5,22.25,22.4375,7.150827884674072,576800
1992-11-02,22.375,22.375,22.1875,22.1875,7.071151256561279,344200
1992-11-03,22.125,22.25,22.0,22.0,7.0113983154296875,564200
1992-11-04,22.0,22.0,21.8125,21.875,6.971558094024658,218800
1992-11-05,21.8125,21.875,21.75,21.875,6.971558094024658,278000
1992-11-06,21.875,21.9375,21.75,21.8125,6.9516425132751465,243800
1992-11-09,21.75,21.8125,21.625,21.625,6.89188814163208,335200
1992-11-10,21.625,21.6875,21.1875,21.3125,6.792293548583984,481400
1992-11-11,21.375,21.75,21.25,21.75,6.931726932525635,362400
1992-11-12,21.6875,21.75,21.625,21.75,6.931726932525635,258400
1992-11-13,21.8125,21.9375,21.75,21.9375,6.991476535797119,320000
1992-11-16,21.9375,22.0,21.5625,21.9375,6.991476535797119,207800
1992-11-17,21.875,22.0,21.8125,21.875,6.971558094024658,431200
1992-11-18,21.875,22.0625,21.8125,21.9375,6.991476535797119,334600
1992-11-19,21.9375,21.9375,21.8125,21.875,6.971558094024658,291800
1992-11-20,22.1875,22.1875,21.9375,22.0,7.0113983154296875,411200
1992-11-23,21.9375,22.0625,21.875,22.0,7.0113983154296875,214400
1992-11-24,21.875,21.875,21.625,21.6875,6.911804676055908,623200
1992-11-25,21.75,21.8125,21.625,21.75,6.931726932525635,299000
1992-11-27,21.625,21.8125,21.625,21.625,6.89188814163208,138600
1992-11-30,21.6875,21.8125,21.625,21.8125,6.9516425132751465,294400
1992-12-01,21.75,21.8125,21.6875,21.75,6.931726932525635,532600
1992-12-02,21.6875,21.75,21.6875,21.75,6.931726932525635,414200
1992-12-03,21.6875,21.8125,21.5625,21.5625,6.8719682693481445,318200
1992-12-04,21.625,21.75,21.5625,21.75,6.931726932525635,417800
1992-12-07,21.8125,21.9375,21.75,21.9375,6.991476535797119,657200
1992-12-08,21.875,22.0625,21.875,22.0,7.0113983154296875,809400
1992-12-09,22.0625,22.1875,22.0,22.125,7.051235198974609,693000
1992-12-10,22.125,22.25,22.125,22.1875,7.071151256561279,257000
1992-12-11,22.125,22.3125,22.125,22.3125,7.110990524291992,223000
1992-12-14,22.25,22.4375,22.25,22.375,7.130911350250244,510800
1992-12-15,22.375,22.5625,22.375,22.5625,7.19066858291626,533400
1992-12-16,22.5625,22.625,22.5,22.5,7.170751094818115,329400
1992-12-17,22.5,22.625,22.4375,22.625,7.210581302642822,344000
1992-12-18,22.75,22.9375,22.6875,22.9375,7.310178279876709,855800
1992-12-21,23.0,23.0,22.9375,23.0,7.330094337463379,244800
1992-12-22,22.9375,23.0,22.875,22.875,7.29026460647583,487800
1992-12-23,23.0,23.3125,22.9375,23.125,7.369933605194092,519600
1992-12-24,23.25,23.375,23.125,23.25,7.409770965576172,349600
1992-12-28,23.1875,23.25,22.9375,22.9375,7.310178279876709,1200400
1992-12-29,22.5625,22.6875,22.375,22.4375,7.261635780334473,876400
1992-12-30,22.4375,22.4375,22.1875,22.25,7.2009477615356445,1189800
1992-12-31,22.25,22.25,22.0,22.0,7.1200408935546875,543600
1993-01-04,22.0625,22.125,21.75,22.0,7.1200408935546875,489400
1993-01-05,22.0625,22.0625,21.75,21.875,7.079586505889893,2434000
1993-01-06,21.8125,21.9375,21.8125,21.875,7.079586505889893,312000
1993-01-07,21.9375,22.0,21.75,21.75,7.0391316413879395,326800
1993-01-08,21.8125,21.8125,21.5,21.5,6.958221435546875,467600
1993-01-11,21.5,21.625,21.5,21.5625,6.978447914123535,499000
1993-01-12,21.5625,21.5625,21.4375,21.5,6.958221435546875,632200
1993-01-13,21.5625,21.75,21.5,21.75,7.0391316413879395,2209200
1993-01-14,21.75,21.8125,21.6875,21.8125,7.059359073638916,486600
1993-01-15,21.875,21.9375,21.75,21.8125,7.059359073638916,537400
1993-01-18,21.75,21.875,21.75,21.875,7.079586505889893,165200
1993-01-19,21.8125,21.875,21.75,21.8125,7.059359073638916,417400
1993-01-20,21.8125,21.9375,21.8125,21.8125,7.059359073638916,328200
1993-01-21,21.75,22.0625,21.75,22.0625,7.140267372131348,721000
1993-01-22,22.0,22.125,21.875,22.0625,7.140267372131348,657200
1993-01-25,22.0,22.1875,21.9375,22.125,7.160495281219482,597200
1993-01-26,22.125,22.125,22.0625,22.125,7.160495281219482,330600
1993-01-27,22.125,22.125,22.0625,22.125,7.160495281219482,478200
1993-01-28,22.0625,22.3125,22.0625,22.3125,7.2211785316467285,423800
1993-01-29,22.3125,22.625,22.25,22.625,7.3223137855529785,437200
1993-02-01,22.625,22.625,22.4375,22.5625,7.30208683013916,263800
1993-02-02,22.5,22.6875,22.375,22.6875,7.342543601989746,376000
1993-02-03,22.875,23.0625,22.8125,22.9375,7.4234514236450195,1721600
1993-02-04,22.75,23.1875,22.75,23.1875,7.504359245300293,509000
1993-02-05,23.0625,23.1875,23.0,23.1875,7.504359245300293,435800
1993-02-08,23.1875,23.3125,23.125,23.25,7.524590015411377,398400
1993-02-09,23.1875,23.25,23.125,23.1875,7.504359245300293,419400
1993-02-10,23.1875,23.25,23.125,23.125,7.484130859375,463000
1993-02-11,23.1875,23.25,23.0,23.0625,7.4639058113098145,290800
1993-02-12,23.125,23.3125,23.0625,23.1875,7.504359245300293,585600
1993-02-16,23.25,23.4375,23.1875,23.3125,7.544819355010986,577000
1993-02-17,23.4375,23.625,23.3125,23.5625,7.625728607177734,492200
1993-02-18,23.6875,23.6875,23.375,23.5,7.605499744415283,419400
1993-02-19,23.625,23.9375,23.5,23.8125,7.706637382507324,524400
1993-02-22,23.6875,24.4375,23.6875,24.4375,7.908910274505615,687000
1993-02-23,24.4375,24.5,24.25,24.4375,7.908910274505615,601800
1993-02-24,24.4375,24.4375,24.25,24.3125,7.868453502655029,356800
1993-02-25,24.3125,24.375,23.9375,24.125,7.8077712059021,622000
1993-02-26,24.0625,24.375,24.0,24.375,7.888679027557373,394800
1993-03-01,24.375,24.4375,24.125,24.125,7.8077712059021,383600
1993-03-02,24.125,24.4375,24.0625,24.4375,7.908910274505615,359400
1993-03-03,24.375,24.6875,24.375,24.625,7.969593524932861,409400
1993-03-04,24.625,24.625,24.4375,24.5,7.929139614105225,169400
1993-03-05,24.4375,24.5,24.375,24.375,7.888679027557373,456800
1993-03-08,24.5,24.625,24.5,24.625,7.969593524932861,608600
1993-03-09,24.625,24.75,24.5,24.5,7.929139614105225,376400
1993-03-10,24.5,24.6875,24.5,24.6875,7.989821910858154,476200
1993-03-11,24.625,24.75,24.5625,24.625,7.969593524932861,383000
1993-03-12,24.5,24.5,24.125,24.1875,7.82799768447876,832000
1993-03-15,24.3125,24.3125,24.0625,24.0625,7.787546634674072,359400
1993-03-16,24.125,24.25,24.0625,24.1875,7.82799768447876,231800
1993-03-17,24.125,24.3125,24.0625,24.25,7.848228931427002,467800
1993-03-18,24.3125,24.4375,24.3125,24.4375,7.908910274505615,385200
1993-03-19,24.5625,24.5625,24.3125,24.375,7.888679027557373,573400
1993-03-22,24.1875,24.3125,24.1875,24.25,7.848228931427002,304600
1993-03-23,24.3125,24.5,24.3125,24.4375,7.908910274505615,424800
1993-03-24,24.375,24.625,24.375,24.625,7.969593524932861,601800
1993-03-25,24.5625,24.8125,24.5,24.6875,7.989821910858154,630200
1993-03-26,24.6875,24.75,24.4375,24.4375,7.908910274505615,572400
1993-03-29,24.5,24.5,24.3125,24.4375,7.908910274505615,739000
1993-03-30,24.0,24.0,23.625,23.6875,7.777575492858887,2216600
1993-03-31,23.75,23.75,23.625,23.625,7.757049560546875,2000600
1993-04-01,23.625,23.75,23.5625,23.625,7.757049560546875,202600
1993-04-02,23.625,23.625,23.4375,23.5,7.71600866317749,324200
1993-04-05,23.5,23.5625,23.1875,23.3125,7.654446125030518,1184000
1993-04-06,23.3125,23.6875,23.25,23.6875,7.777575492858887,424800
1993-04-07,23.6875,23.6875,23.5,23.5625,7.736530780792236,399000
1993-04-08,23.6875,23.75,23.5625,23.6875,7.777575492858887,200000
1993-04-12,23.75,23.875,23.6875,23.75,7.798093795776367,779800
1993-04-13,23.75,23.9375,23.75,23.9375,7.859659671783447,591200
1993-04-14,24.0,24.0625,23.9375,24.0625,7.900701522827148,231400
1993-04-15,24.0625,24.25,23.9375,24.25,7.9622673988342285,533400
1993-04-16,24.25,24.5,24.25,24.375,8.003307342529297,692800
1993-04-19,24.3125,24.375,24.1875,24.375,8.003307342529297,501000
1993-04-20,24.3125,24.3125,24.0,24.1875,7.941742420196533,702000
1993-04-21,24.1875,24.25,24.0625,24.25,7.9622673988342285,285400
1993-04-22,24.1875,24.25,24.0625,24.125,7.921220302581787,483400
1993-04-23,24.125,24.1875,24.0625,24.0625,7.900701522827148,500800
1993-04-26,24.0,24.0625,23.875,23.9375,7.859659671783447,440600
1993-04-27,23.875,23.9375,23.875,23.9375,7.859659671783447,427800
1993-04-28,23.9375,24.0625,23.875,24.0625,7.900701522827148,480400
1993-04-29,24.125,24.125,23.9375,24.0625,7.900701522827148,451400
1993-04-30,24.125,24.125,23.8125,23.875,7.839138031005859,431800
1993-05-03,23.8125,23.9375,23.75,23.9375,7.859659671783447,663000
1993-05-04,23.9375,24.25,23.875,24.25,7.9622673988342285,540400
1993-05-05,24.25,24.3125,24.1875,24.1875,7.941742420196533,605600
1993-05-06,24.25,24.375,24.1875,24.375,8.003307342529297,429800
1993-05-07,24.375,24.5,24.25,24.25,7.9622673988342285,430200
1993-05-10,24.25,24.3125,24.125,24.125,7.921220302581787,439000
1993-05-11,24.1875,24.1875,23.9375,23.9375,7.859659671783447,376800
1993-05-12,23.9375,24.1875,23.875,24.1875,7.941742420196533,309400
1993-05-13,24.0625,24.125,23.75,23.8125,7.818618297576904,478000
1993-05-14,23.625,23.6875,23.5,23.5,7.71600866317749,482800
1993-05-17,23.5625,23.5625,23.25,23.4375,7.695489406585693,366600
1993-05-18,23.5,23.5625,23.3125,23.375,7.674966812133789,374600
1993-05-19,23.375,23.875,23.25,23.875,7.839138031005859,654000
1993-05-20,23.875,23.875,23.8125,23.875,7.839138031005859,359400
1993-05-21,23.875,23.9375,23.625,23.6875,7.777575492858887,658400
1993-05-24,23.6875,23.875,23.625,23.75,7.798093795776367,494400
1993-05-25,23.75,23.9375,23.6875,23.875,7.839138031005859,535600
1993-05-26,23.9375,24.25,23.8125,24.25,7.9622673988342285,511600
1993-05-27,24.25,24.25,24.125,24.1875,7.941742420196533,367800
1993-05-28,24.125,24.1875,24.0,24.0625,7.900701522827148,266000
1993-06-01,24.25,24.5,24.1875,24.4375,8.023829460144043,280000
1993-06-02,24.375,24.4375,24.3125,24.3125,7.982787609100342,250000
1993-06-03,24.25,24.3125,24.0625,24.1875,7.941742420196533,734800
1993-06-04,24.125,24.1875,24.0625,24.125,7.921220302581787,331800
1993-06-07,24.1875,24.25,24.0625,24.1875,7.941742420196533,406600
1993-06-08,24.1875,24.25,24.125,24.1875,7.941742420196533,364800
1993-06-09,24.25,24.25,24.0625,24.1875,7.941742420196533,309200
1993-06-10,24.125,24.1875,23.9375,24.125,7.921220302581787,350400
1993-06-11,24.1875,24.375,24.1875,24.375,8.003307342529297,244400
1993-06-14,24.3125,24.3125,24.0625,24.0625,7.900701522827148,326600
1993-06-15,24.125,24.3125,24.125,24.25,7.9622673988342285,219200
1993-06-16,24.25,24.375,24.1875,24.375,8.003307342529297,232200
1993-06-17,24.4375,24.5,24.1875,24.25,7.9622673988342285,356800
1993-06-18,24.1875,24.25,24.0625,24.0625,7.900701522827148,504200
1993-06-21,24.125,24.25,24.0625,24.125,7.921220302581787,607000
1993-06-22,24.125,24.125,24.0,24.0,7.8801774978637695,474100
1993-06-23,24.125,24.625,24.0,24.625,8.085392951965332,511600
1993-06-24,24.625,24.875,24.5,24.875,8.167476654052734,483500
1993-06-25,24.75,24.875,24.625,24.875,8.167476654052734,703600
1993-06-28,24.75,24.875,24.25,24.5,8.160819053649902,1359200
1993-06-29,24.5,24.625,24.25,24.5,8.160819053649902,1056400
1993-06-30,24.375,24.375,24.125,24.25,8.077542304992676,455300
1993-07-01,24.25,24.375,24.125,24.25,8.077542304992676,353100
1993-07-02,24.125,24.375,24.0,24.125,8.035907745361328,395000
1993-07-06,24.125,24.125,23.75,23.75,7.91099214553833,445100
1993-07-07,23.875,24.0,23.75,23.875,7.952629566192627,638400
1993-07-08,24.0,24.125,23.875,24.0,7.9942708015441895,422600
1993-07-09,24.0,24.0,23.75,23.875,7.952629566192627,262700
1993-07-12,23.875,23.875,23.625,23.75,7.91099214553833,421800
1993-07-13,23.75,23.875,23.625,23.625,7.869361400604248,521300
1993-07-14,23.625,23.75,23.625,23.75,7.91099214553833,335800
1993-07-15,23.75,23.75,23.5,23.625,7.869361400604248,282700
1993-07-16,23.625,23.75,23.625,23.625,7.869361400604248,410000
1993-07-19,23.75,23.75,23.625,23.75,7.91099214553833,298500
1993-07-20,23.75,24.125,23.75,24.125,8.035907745361328,345700
1993-07-21,24.0,24.0,23.75,23.875,7.952629566192627,369400
1993-07-22,23.875,23.875,23.625,23.875,7.952629566192627,337400
1993-07-23,23.875,23.875,23.75,23.875,7.952629566192627,411600
1993-07-26,23.75,24.25,23.75,24.125,8.035907745361328,364600
1993-07-27,24.0,24.375,24.0,24.125,8.035907745361328,307600
1993-07-28,24.125,24.375,24.0,24.125,8.035907745361328,480900
1993-07-29,24.125,24.5,24.125,24.5,8.160819053649902,311500
1993-07-30,24.5,24.625,24.375,24.625,8.20245361328125,326100
1993-08-02,24.625,24.75,24.375,24.5,8.160819053649902,830400
1993-08-03,24.5,24.5,24.375,24.5,8.160819053649902,325800
1993-08-04,24.5,24.5,24.375,24.375,8.11917781829834,341300
1993-08-05,24.5,24.625,24.375,24.375,8.11917781829834,179100
1993-08-06,24.625,24.625,24.375,24.625,8.20245361328125,451400
1993-08-09,24.625,24.625,24.5,24.625,8.20245361328125,375000
1993-08-10,24.5,24.625,24.5,24.5,8.160819053649902,224100
1993-08-11,24.625,24.625,24.5,24.625,8.20245361328125,258700
1993-08-12,24.625,24.625,24.375,24.5,8.160819053649902,241800
1993-08-13,24.5,24.625,24.375,24.5,8.160819053649902,257800
1993-08-16,24.5,24.625,24.125,24.25,8.077542304992676,300400
1993-08-17,24.25,24.375,24.125,24.25,8.077542304992676,624900
1993-08-18,24.25,24.375,24.125,24.125,8.035907745361328,271200
1993-08-19,24.125,24.25,24.125,24.25,8.077542304992676,471200
1993-08-20,24.25,24.25,24.0,24.25,8.077542304992676,655300
1993-08-23,24.25,24.75,24.125,24.625,8.20245361328125,308200
1993-08-24,24.625,24.75,24.375,24.5,8.160819053649902,283000
1993-08-25,24.625,24.625,24.5,24.625,8.20245361328125,439000
1993-08-26,24.625,24.625,24.5,24.625,8.20245361328125,165200
1993-08-27,24.5,24.875,24.5,24.875,8.285726547241211,306600
1993-08-30,24.875,25.0,24.75,24.875,8.285726547241211,303800
1993-08-31,24.875,25.25,24.875,25.125,8.369003295898438,648200
1993-09-01,25.25,25.25,25.0,25.25,8.410640716552734,378700
1993-09-02,25.125,25.25,25.0,25.0,8.327363967895508,464000
1993-09-03,25.0,25.25,25.0,25.125,8.369003295898438,222600
1993-09-07,25.125,25.375,25.125,25.375,8.452271461486816,410000
1993-09-08,25.375,25.375,25.125,25.25,8.410640716552734,411600
1993-09-09,25.25,25.25,25.0,25.0,8.327363967895508,656400
1993-09-10,25.25,25.375,25.125,25.25,8.410640716552734,511500
1993-09-13,25.5,25.75,25.25,25.5,8.493907928466797,494100
1993-09-14,25.375,25.5,24.875,24.875,8.285726547241211,653600
1993-09-15,25.0,25.375,24.875,25.375,8.452271461486816,484100
1993-09-16,25.25,25.25,25.0,25.125,8.369003295898438,533900
1993-09-17,24.875,25.375,24.875,25.375,8.452271461486816,1285500
1993-09-20,25.25,25.375,25.125,25.25,8.410640716552734,404600
1993-09-21,25.125,25.125,24.75,24.875,8.285726547241211,397500
1993-09-22,24.875,25.0,24.625,24.875,8.285726547241211,356900
1993-09-23,24.875,24.875,24.375,24.5,8.160819053649902,347300
1993-09-24,24.5,24.625,24.125,24.375,8.11917781829834,722900
1993-09-27,24.5,24.75,24.375,24.375,8.11917781829834,462800
1993-09-28,24.5,24.625,24.125,24.25,8.077542304992676,624800
1993-09-29,23.75,23.875,23.5,23.625,7.986271381378174,2351000
1993-09-30,23.625,23.625,23.25,23.375,7.901758670806885,1915400
1993-10-01,23.375,23.5,23.375,23.5,7.94401741027832,375800
1993-10-04,23.5,23.625,23.375,23.625,7.986271381378174,377600
1993-10-05,23.625,23.625,23.375,23.625,7.986271381378174,539100
1993-10-06,23.625,23.625,23.125,23.125,7.817255020141602,858100
1993-10-07,22.875,23.0,22.5,22.5,7.605971813201904,796800
1993-10-08,22.25,22.75,22.25,22.5,7.605971813201904,1116100
1993-10-11,22.625,22.75,22.375,22.375,7.563714504241943,471400
1993-10-12,22.375,22.5,21.625,21.875,7.39469575881958,1218700
1993-10-13,21.875,22.0,21.25,21.75,7.352440357208252,1093800
1993-10-14,21.75,22.25,21.625,22.0,7.436956405639648,1031300
1993-10-15,22.25,22.875,22.125,22.5,7.605971813201904,1139500
1993-10-18,22.25,22.5,22.125,22.125,7.479208946228027,866900
1993-10-19,22.125,22.625,22.125,22.25,7.521466255187988,802100
1993-10-20,22.375,22.5,22.125,22.375,7.563714504241943,664000
1993-10-21,22.25,22.25,21.5,21.625,7.310183525085449,803100
1993-10-22,21.625,21.75,20.0,20.875,7.0566534996032715,3027800
1993-10-25,20.875,21.0,20.625,20.75,7.014395713806152,1397400
1993-10-26,20.75,21.125,20.625,20.75,7.014395713806152,2284300
1993-10-27,21.0,21.0,20.625,20.875,7.0566534996032715,1512900
1993-10-28,20.875,21.0,20.75,21.0,7.0989089012146,922100
1993-10-29,21.0,21.125,20.875,21.125,7.141161918640137,686000
1993-11-01,21.0,21.125,20.875,21.0,7.0989089012146,941500
1993-11-02,21.0,21.125,20.625,20.75,7.014395713806152,1412700
1993-11-03,20.75,20.875,20.0,20.0,6.760868072509766,1524100
1993-11-04,20.125,20.375,20.0,20.125,6.8031182289123535,1236800
1993-11-05,20.125,20.625,20.0,20.625,6.972142219543457,1599400
1993-11-08,20.75,20.875,20.625,20.75,7.014395713806152,959400
1993-11-09,20.875,21.0,20.5,20.75,7.014395713806152,1109500
1993-11-10,20.625,20.75,20.25,20.25,6.8453755378723145,804200
1993-11-11,20.25,20.5,20.25,20.25,6.8453755378723145,754700
1993-11-12,20.375,20.5,20.125,20.125,6.8031182289123535,936600
1993-11-15,20.25,20.25,20.0,20.25,6.8453755378723145,1016900
1993-11-16,20.25,20.625,20.25,20.625,6.972142219543457,1097300
1993-11-17,20.625,20.75,20.5,20.5,6.929884433746338,807600
1993-11-18,20.125,20.25,19.875,20.125,6.8031182289123535,1788300
1993-11-19,20.125,20.125,19.875,19.875,6.718608856201172,1341700
1993-11-22,19.875,20.375,19.875,20.375,6.887631416320801,776800
1993-11-23,20.375,20.875,20.25,20.875,7.0566534996032715,1176600
1993-11-24,20.75,20.875,20.375,20.625,6.972142219543457,783000
1993-11-26,20.625,20.75,20.5,20.5,6.929884433746338,255700
1993-11-29,20.5,20.625,20.375,20.5,6.929884433746338,697600
1993-11-30,20.5,20.625,20.25,20.375,6.887631416320801,1148800
1993-12-01,20.25,20.375,19.875,20.0,6.760868072509766,1593200
1993-12-02,20.0,20.125,19.875,20.0,6.760868072509766,803800
1993-12-03,20.0,20.5,19.875,20.125,6.8031182289123535,1643100
1993-12-06,20.0,20.375,20.0,20.375,6.887631416320801,1197600
1993-12-07,20.25,20.5,20.25,20.5,6.929884433746338,961700
1993-12-08,20.5,20.5,20.125,20.375,6.887631416320801,794300
1993-12-09,20.375,20.5,20.25,20.375,6.887631416320801,888300
1993-12-10,20.375,20.625,20.375,20.5,6.929884433746338,561600
1993-12-13,20.375,20.75,20.375,20.625,6.972142219543457,636100
1993-12-14,20.75,20.875,20.625,20.75,7.014395713806152,757100
1993-12-15,20.875,21.125,20.75,21.0,7.0989089012146,1030600
1993-12-16,21.0,21.0,20.75,20.75,7.014395713806152,726500
1993-12-17,20.875,21.125,20.625,21.125,7.141161918640137,1274500
1993-12-20,21.0,21.125,20.625,20.75,7.014395713806152,748700
1993-12-21,20.625,21.0,20.625,21.0,7.0989089012146,691900
1993-12-22,21.0,21.0,20.625,20.875,7.0566534996032715,550400
1993-12-23,20.625,21.0,20.625,20.625,6.972142219543457,576700
1993-12-27,20.75,21.125,20.75,21.125,7.141161918640137,577500
1993-12-28,21.125,21.5,21.125,21.5,7.267929553985596,472000
1993-12-29,21.375,21.625,20.75,21.0,7.0989089012146,28918000
1993-12-30,20.625,20.625,20.125,20.5,7.049047946929932,735100
1993-12-31,20.5,20.5,20.0,20.0,6.877125263214111,498400
1994-01-03,20.125,20.375,20.0,20.375,7.006068229675293,822900
1994-01-04,20.25,20.5,20.25,20.375,7.006068229675293,426400
1994-01-05,20.25,20.375,20.0,20.125,6.920100688934326,668900
1994-01-06,20.375,20.375,20.0,20.0,6.877125263214111,760200
1994-01-07,20.0,20.25,20.0,20.0,6.877125263214111,799100
1994-01-10,20.0,20.25,20.0,20.125,6.920100688934326,483500
1994-01-11,20.125,20.125,19.875,20.0,6.877125263214111,756800
1994-01-12,20.0,20.0,19.875,20.0,6.877125263214111,968200
1994-01-13,19.875,20.0,19.625,19.75,6.791154384613037,917800
1994-01-14,19.625,19.875,19.625,19.75,6.791154384613037,761900
1994-01-17,19.75,19.75,19.375,19.5,6.705193519592285,688000
1994-01-18,19.375,19.5,19.0,19.375,6.662214756011963,1114200
1994-01-19,19.25,19.375,19.125,19.25,6.619231224060059,607100
1994-01-20,19.25,19.375,19.125,19.375,6.662214756011963,817000
1994-01-21,19.375,19.375,19.125,19.25,6.619231224060059,745900
1994-01-24,19.25,19.25,19.0,19.125,6.576246738433838,999600
1994-01-25,19.0,19.125,18.75,18.875,6.490281105041504,1044200
1994-01-26,18.875,19.25,18.75,19.125,6.576246738433838,1221500
1994-01-27,19.25,19.75,19.25,19.625,6.748174667358398,1240700
1994-01-28,19.625,20.0,19.625,19.875,6.834138870239258,1079800
1994-01-31,19.875,19.875,19.5,19.5,6.705193519592285,886200
1994-02-01,19.5,19.5,19.125,19.375,6.662214756011963,877600
1994-02-02,19.375,19.5,19.125,19.375,6.662214756011963,745500
1994-02-03,19.375,19.5,19.25,19.5,6.705193519592285,595500
1994-02-04,19.5,19.5,18.75,19.0,6.533261775970459,868300
1994-02-07,18.875,19.25,18.75,19.25,6.619231224060059,730200
1994-02-08,19.125,19.25,18.875,18.875,6.490281105041504,555900
1994-02-09,19.0,19.0,18.875,18.875,6.490281105041504,789000
1994-02-10,18.875,19.0,18.875,19.0,6.533261775970459,592700
1994-02-11,18.875,19.0,18.875,19.0,6.533261775970459,418000
1994-02-14,18.875,19.0,18.875,19.0,6.533261775970459,447500
1994-02-15,19.0,19.25,18.75,18.875,6.490281105041504,921500
1994-02-16,18.875,18.875,18.5,18.875,6.490281105041504,773300
1994-02-17,18.875,19.125,18.5,18.625,6.404318809509277,805100
1994-02-18,18.625,18.75,18.125,18.375,6.318353176116943,1324500
1994-02-22,18.25,18.625,18.125,18.375,6.318353176116943,1173400
1994-02-23,18.5,18.5,18.0,18.125,6.232388496398926,1047200
1994-02-24,18.125,18.25,18.0,18.0,6.1894073486328125,885100
1994-02-25,18.125,18.375,17.75,17.875,6.146427154541016,990700
1994-02-28,18.0,18.25,17.875,18.0,6.1894073486328125,748700
1994-03-01,18.0,18.125,17.75,18.125,6.232388496398926,811800
1994-03-02,18.0,18.5,17.875,18.5,6.3613386154174805,899600
1994-03-03,18.25,18.375,18.125,18.25,6.275371074676514,626400
1994-03-04,18.125,18.625,18.125,18.25,6.275371074676514,966100
1994-03-07,18.25,18.375,18.125,18.375,6.318353176116943,742200
1994-03-08,18.25,18.25,17.375,17.5,6.017482280731201,3853400
1994-03-09,17.375,17.625,17.25,17.375,5.974497318267822,2622200
1994-03-10,17.25,17.375,16.875,17.0,5.845553874969482,2568800
1994-03-11,17.0,17.375,16.875,17.25,5.931514739990234,1299400
1994-03-14,17.375,17.375,17.0,17.125,5.888534069061279,1156600
1994-03-15,17.0,17.125,16.875,16.875,5.802571773529053,1212100
1994-03-16,16.875,17.0,16.75,17.0,5.845553874969482,1413800
1994-03-17,16.875,17.5,16.875,17.5,6.017482280731201,1590800
1994-03-18,17.25,17.375,17.0,17.0,5.845553874969482,1807100
1994-03-21,17.0,17.125,16.875,17.125,5.888534069061279,953400
1994-03-22,17.125,17.5,17.0,17.375,5.974497318267822,1157500
1994-03-23,17.375,17.375,17.125,17.25,5.931514739990234,808500
1994-03-24,17.25,17.375,16.875,17.0,5.845553874969482,1176000
1994-03-25,17.125,17.25,16.875,17.0,5.845553874969482,1088900
1994-03-28,17.0,17.25,17.0,17.25,5.931514739990234,828400
1994-03-29,17.0,17.125,16.5,16.625,5.873225688934326,1068700
1994-03-30,16.5,16.875,16.25,16.5,5.829066753387451,1322500
1994-03-31,16.5,16.625,16.125,16.5,5.829066753387451,1762500
1994-04-04,16.0,16.375,15.875,16.375,5.784904956817627,1248900
1994-04-05,16.375,16.625,16.25,16.5,5.829066753387451,1178300
1994-04-06,16.5,16.625,16.25,16.375,5.784904956817627,1240100
1994-04-07,16.375,16.375,16.125,16.25,5.740749359130859,693700
1994-04-08,16.125,16.25,16.0,16.25,5.740749359130859,522900
1994-04-11,16.125,16.25,16.0,16.125,5.696586608886719,487900
1994-04-12,16.125,16.25,16.0,16.125,5.696586608886719,838000
1994-04-13,16.125,16.25,16.125,16.25,5.740749359130859,434200
1994-04-14,16.25,16.5,16.125,16.375,5.784904956817627,906500
1994-04-15,16.25,16.5,16.125,16.25,5.740749359130859,831400
1994-04-18,16.375,16.5,16.125,16.125,5.696586608886719,596500
1994-04-19,16.125,16.625,16.125,16.5,5.829066753387451,641400
1994-04-20,16.5,16.75,16.5,16.625,5.873225688934326,1588600
1994-04-21,16.625,16.625,16.25,16.25,5.740749359130859,1300900
1994-04-22,16.125,16.25,15.375,15.625,5.5199480056762695,2706400
1994-04-25,15.625,15.875,15.5,15.75,5.564108371734619,1404700
1994-04-26,15.75,15.875,15.625,15.625,5.5199480056762695,1222500
1994-04-28,15.625,15.75,15.5,15.75,5.564108371734619,1165100
1994-04-29,15.625,16.125,15.625,16.0,5.6524271965026855,1182000
1994-05-02,16.0,16.125,15.5,15.5,5.475791931152344,948100
1994-05-03,15.75,15.75,15.5,15.625,5.5199480056762695,1242700
1994-05-04,15.5,15.75,15.5,15.5,5.475791931152344,985900
1994-05-05,15.5,15.75,15.5,15.625,5.5199480056762695,1284300
1994-05-06,15.5,15.625,15.375,15.375,5.4316277503967285,1123800
1994-05-09,15.25,15.375,14.625,14.75,5.2108330726623535,1556200
1994-05-10,14.75,14.875,14.25,14.625,5.166672706604004,1643700
1994-05-11,14.5,14.625,13.875,14.25,5.034191608428955,1773900
1994-05-12,14.25,14.625,13.875,14.0,4.945876121520996,1479300
1994-05-13,14.125,14.125,13.75,14.125,4.990034580230713,1234300
1994-05-16,14.0,14.125,13.75,13.875,4.901716232299805,966400
1994-05-17,13.875,14.125,13.75,14.0,4.945876121520996,1357300
1994-05-18,14.0,14.25,13.75,14.125,4.990034580230713,1400000
1994-05-19,14.125,14.375,14.0,14.375,5.078353404998779,1265200
1994-05-20,14.25,14.25,13.875,14.125,4.990034580230713,1170500
1994-05-23,14.0,14.125,13.75,13.875,4.901716232299805,1006700
1994-05-24,13.875,14.0,13.75,13.875,4.901716232299805,889400
1994-05-25,13.875,14.0,13.75,14.0,4.945876121520996,955000
1994-05-26,14.125,14.5,14.125,14.375,5.078353404998779,1015800
1994-05-27,14.125,14.25,14.0,14.125,4.990034580230713,556800
1994-05-31,14.125,14.25,14.0,14.0,4.945876121520996,580300
1994-06-01,14.0,14.125,13.875,14.0,4.945876121520996,888800
1994-06-02,13.875,14.0,13.625,13.75,4.857553958892822,916600
1994-06-03,13.625,13.75,13.5,13.5,4.769237518310547,832600
1994-06-06,13.625,14.125,13.5,14.0,4.945876121520996,1562500
1994-06-07,13.875,14.125,13.875,14.0,4.945876121520996,789100
1994-06-08,13.875,14.125,13.875,13.875,4.901716232299805,748000
1994-06-09,13.875,14.125,13.875,13.875,4.901716232299805,1167200
1994-06-10,13.875,14.125,13.75,14.0,4.945876121520996,3322100
1994-06-13,13.875,14.0,13.75,13.875,4.901716232299805,600000
1994-06-14,13.875,14.0,13.75,13.875,4.901716232299805,1079000
1994-06-15,13.75,13.875,13.625,13.75,4.857553958892822,852500
1994-06-16,13.625,13.75,13.5,13.75,4.857553958892822,833800
1994-06-17,13.75,14.25,13.625,13.75,4.857553958892822,2710300
1994-06-20,13.625,13.875,13.5,13.75,4.857553958892822,1265100
1994-06-21,13.75,13.875,13.5,13.5,4.769237518310547,1131300
1994-06-22,13.5,13.75,13.5,13.625,4.813397407531738,1290000
1994-06-23,13.625,13.75,13.5,13.625,4.813397407531738,846900
1994-06-24,13.625,13.625,13.25,13.5,4.769237518310547,1096100
1994-06-27,13.5,13.625,13.375,13.5,4.769237518310547,896700
1994-06-28,13.25,13.375,12.875,13.0,4.6792497634887695,1403500
1994-06-29,13.0,13.125,12.875,13.125,4.724245071411133,1592400
1994-06-30,13.0,13.0,12.625,12.875,4.634257793426514,1058600
1994-07-01,12.875,12.875,12.625,12.625,4.5442728996276855,663800
1994-07-05,12.75,13.0,12.625,12.75,4.589263439178467,960000
1994-07-06,12.75,12.875,12.625,12.75,4.589263439178467,714700
1994-07-07,12.75,12.875,12.625,12.75,4.589263439178467,533000
1994-07-08,12.625,12.75,12.5,12.625,4.5442728996276855,792500
1994-07-11,12.75,12.875,12.625,12.75,4.589263439178467,1252600
1994-07-12,12.75,12.75,12.625,12.625,4.5442728996276855,560200
1994-07-13,12.625,12.75,12.5,12.5,4.499279022216797,730300
1994-07-14,12.5,12.875,12.5,12.875,4.634257793426514,1079700
1994-07-15,12.75,12.875,12.75,12.875,4.634257793426514,585000
1994-07-18,12.875,13.0,12.75,12.875,4.634257793426514,717500
1994-07-19,12.875,13.125,12.875,13.0,4.6792497634887695,826800
1994-07-20,13.0,13.125,13.0,13.0,4.6792497634887695,432500
1994-07-21,13.0,13.125,13.0,13.0,4.6792497634887695,485500
1994-07-22,13.125,13.125,12.875,12.875,4.634257793426514,584300
1994-07-25,12.875,13.0,12.875,12.875,4.634257793426514,493600
1994-07-26,13.0,13.125,12.875,13.0,4.6792497634887695,909100
1994-07-27,13.0,13.125,12.875,13.125,4.724245071411133,608500
1994-07-28,13.0,13.25,13.0,13.25,4.769237518310547,1192500
1994-07-29,13.125,13.5,13.125,13.5,4.8592209815979,853400
1994-08-01,13.5,13.875,13.375,13.75,4.949206352233887,1341100
1994-08-02,13.875,14.125,13.375,14.0,5.039194107055664,1414500
1994-08-03,13.875,14.0,13.875,14.0,5.039194107055664,726700
1994-08-04,14.0,14.25,13.875,14.0,5.039194107055664,984100
1994-08-05,14.0,14.125,13.75,13.875,4.994201183319092,484800
1994-08-08,14.0,14.0,13.625,13.625,4.904216289520264,518800
1994-08-09,13.5,13.5,13.375,13.375,4.8142290115356445,715300
1994-08-10,13.375,13.5,13.25,13.5,4.8592209815979,380400
1994-08-11,13.375,13.625,13.375,13.5,4.8592209815979,642400
1994-08-12,13.375,13.625,13.375,13.5,4.8592209815979,413800
1994-08-15,13.625,13.625,13.375,13.375,4.8142290115356445,409100
1994-08-16,13.5,13.625,13.375,13.625,4.904216289520264,488500
1994-08-17,13.625,13.75,13.5,13.5,4.8592209815979,915200
1994-08-18,13.5,13.5,13.125,13.375,4.8142290115356445,723400
1994-08-19,13.375,13.5,13.25,13.25,4.769237518310547,666000
1994-08-22,13.25,13.375,13.125,13.25,4.769237518310547,446800
1994-08-23,13.375,13.5,13.25,13.375,4.8142290115356445,755000
1994-08-24,13.375,13.5,13.25,13.5,4.8592209815979,388100
1994-08-25,13.375,13.5,13.125,13.375,4.8142290115356445,383900
1994-08-26,13.5,13.625,13.375,13.625,4.904216289520264,790500
1994-08-29,13.625,13.75,13.375,13.625,4.904216289520264,558600
1994-08-30,13.625,13.75,13.5,13.5,4.8592209815979,511500
1994-08-31,13.5,13.625,13.375,13.625,4.904216289520264,408400
1994-09-01,13.5,13.5,13.375,13.375,4.8142290115356445,628900
1994-09-02,13.5,13.5,13.125,13.25,4.769237518310547,747600
1994-09-06,13.125,13.375,13.0,13.375,4.8142290115356445,866800
1994-09-07,13.375,13.5,13.125,13.125,4.724245071411133,1011000
1994-09-08,13.125,13.375,13.125,13.25,4.769237518310547,591200
1994-09-09,13.125,13.125,13.0,13.125,4.724245071411133,639100
1994-09-12,13.0,13.125,12.875,12.875,4.634257793426514,512100
1994-09-13,12.875,13.0,12.75,12.75,4.589263439178467,754500
1994-09-14,12.75,12.875,12.75,12.875,4.634257793426514,832700
1994-09-15,12.875,13.0,12.875,13.0,4.6792497634887695,542300
1994-09-16,12.75,12.875,12.625,12.75,4.589263439178467,1299600
1994-09-19,12.75,12.875,12.625,12.625,4.5442728996276855,495800
1994-09-20,12.625,12.75,12.5,12.625,4.5442728996276855,571000
1994-09-21,12.625,12.875,12.375,12.875,4.634257793426514,665200
1994-09-22,12.875,12.875,12.625,12.75,4.589263439178467,431000
1994-09-23,12.875,12.875,12.75,12.75,4.589263439178467,546700
1994-09-26,12.875,12.875,12.75,12.875,4.634257793426514,632400
1994-09-27,12.875,13.0,12.75,13.0,4.6792497634887695,703000
1994-09-28,12.875,13.125,12.875,12.875,4.634257793426514,8839300
1994-09-29,12.625,12.875,12.625,12.875,4.726025581359863,811000
1994-09-30,12.75,13.0,12.75,12.875,4.726025581359863,1022400
1994-10-03,12.875,13.375,12.875,13.375,4.909560203552246,4377100
1994-10-04,13.375,13.5,13.125,13.25,4.863677024841309,1416900
1994-10-05,13.125,13.25,13.0,13.125,4.817794322967529,2759000
1994-10-06,13.25,13.25,13.0,13.125,4.817794322967529,653300
1994-10-07,13.125,13.25,13.0,13.125,4.817794322967529,622600
1994-10-10,13.125,13.375,13.0,13.25,4.863677024841309,538100
1994-10-11,13.375,13.625,13.25,13.5,4.955443382263184,811200
1994-10-12,13.375,13.5,13.125,13.25,4.863677024841309,1103400
1994-10-13,13.375,13.5,13.25,13.375,4.909560203552246,581700
1994-10-14,13.375,13.5,13.25,13.375,4.909560203552246,662700
1994-10-17,13.375,13.5,13.25,13.375,4.909560203552246,576500
1994-10-18,13.25,13.375,13.125,13.25,4.863677024841309,358500
1994-10-19,13.25,13.5,13.25,13.5,4.955443382263184,900300
1994-10-20,13.375,13.5,13.25,13.375,4.909560203552246,951100
1994-10-21,13.25,13.25,13.0,13.0,4.771907806396484,1025300
1994-10-24,13.125,13.5,13.0,13.125,4.817794322967529,1639000
1994-10-25,13.125,13.375,13.125,13.25,4.863677024841309,1015300
1994-10-26,13.375,13.75,13.375,13.5,4.955443382263184,1155600
1994-10-27,13.625,13.75,13.625,13.75,5.047210216522217,725300
1994-10-28,13.625,14.0,13.625,13.875,5.0930962562561035,1189700
1994-10-31,14.0,14.0,13.75,13.875,5.0930962562561035,567800
1994-11-01,13.875,13.875,13.5,13.5,4.955443382263184,485000
1994-11-02,13.625,13.875,13.375,13.625,5.00132942199707,660800
1994-11-03,13.75,14.0,13.625,13.625,5.00132942199707,693600
1994-11-04,13.75,14.0,13.625,13.75,5.047210216522217,927300
1994-11-07,13.75,13.875,13.625,13.875,5.0930962562561035,511800
1994-11-08,13.875,13.875,13.75,13.75,5.047210216522217,346200
1994-11-09,14.0,14.25,13.625,13.625,5.00132942199707,1095800
1994-11-10,13.75,13.875,13.625,13.625,5.00132942199707,702100
1994-11-11,13.625,13.75,13.5,13.625,5.00132942199707,433600
1994-11-14,13.625,13.875,13.5,13.75,5.047210216522217,682800
1994-11-15,13.75,13.875,13.5,13.75,5.047210216522217,535600
1994-11-16,13.625,13.75,13.5,13.625,5.00132942199707,515300
1994-11-17,13.625,13.625,13.375,13.5,4.955443382263184,441100
1994-11-18,13.375,13.5,13.375,13.375,4.909560203552246,1011200
1994-11-21,13.5,13.5,13.25,13.375,4.909560203552246,466500
1994-11-22,13.25,13.75,13.25,13.375,4.909560203552246,1578100
1994-11-23,13.375,14.125,13.375,14.125,5.184861183166504,1331400
1994-11-25,14.0,14.125,13.875,14.0,5.138979911804199,260700
1994-11-28,13.875,14.0,13.75,13.875,5.0930962562561035,705700
1994-11-29,13.875,14.0,13.625,13.875,5.0930962562561035,592300
1994-11-30,14.0,14.125,13.875,13.875,5.0930962562561035,670200
1994-12-01,13.875,14.0,13.625,13.75,5.047210216522217,629500
1994-12-02,13.875,14.25,13.75,14.25,5.230743408203125,711700
1994-12-05,14.25,14.75,14.25,14.625,5.368398666381836,1021000
1994-12-06,14.75,15.0,14.625,15.0,5.50604772567749,852500
1994-12-07,14.75,14.875,14.625,14.75,5.414280891418457,1354100
1994-12-08,14.875,15.125,14.875,15.125,5.551931381225586,1094900
1994-12-09,15.0,15.125,14.75,14.75,5.414280891418457,1405300
1994-12-12,14.75,15.0,14.75,15.0,5.50604772567749,583000
1994-12-13,15.0,15.25,14.875,14.875,5.460163593292236,843800
1994-12-14,14.875,15.125,14.875,15.0,5.50604772567749,697000
1994-12-15,15.0,15.25,14.75,14.875,5.460163593292236,550100
1994-12-16,15.0,15.125,14.875,14.875,5.460163593292236,1964300
1994-12-19,14.875,15.0,14.875,14.875,5.460163593292236,831200
1994-12-20,15.0,15.25,14.875,15.0,5.50604772567749,473000
1994-12-21,14.875,15.125,14.875,14.875,5.460163593292236,539900
1994-12-22,15.0,15.625,14.875,14.875,5.460163593292236,871700
1994-12-23,14.875,15.0,14.875,14.875,5.460163593292236,351000
1994-12-27,15.0,15.25,14.875,15.125,5.551931381225586,979300
1994-12-28,15.125,15.25,15.0,15.0,5.50604772567749,1705800
1994-12-29,14.75,15.0,14.75,15.0,5.599370002746582,3034000
1994-12-30,14.75,14.75,14.5,14.625,5.459386825561523,1048300
1995-01-03,14.625,14.75,14.375,14.75,5.50604772567749,544200
1995-01-04,14.75,14.875,14.75,14.75,5.50604772567749,629300
1995-01-05,14.75,14.875,14.75,14.75,5.50604772567749,254800
1995-01-06,14.75,15.0,14.75,14.875,5.552709102630615,411800
1995-01-09,14.875,15.125,14.875,15.125,5.64603328704834,677700
1995-01-10,15.125,15.375,15.125,15.125,5.64603328704834,487200
1995-01-11,15.125,15.25,14.875,14.875,5.552709102630615,481000
1995-01-12,15.0,15.125,14.875,15.0,5.599370002746582,893300
1995-01-13,15.0,15.125,14.875,15.0,5.599370002746582,892600
1995-01-16,15.0,15.25,15.0,15.125,5.64603328704834,584300
1995-01-17,15.0,15.125,15.0,15.0,5.599370002746582,603100
1995-01-18,15.0,15.25,15.0,15.25,5.692695140838623,625000
1995-01-19,15.125,15.5,15.0,15.25,5.692695140838623,1266300
1995-01-20,15.5,15.625,15.25,15.625,5.832679748535156,2001800
1995-01-23,15.5,15.625,15.375,15.375,5.7393574714660645,939900
1995-01-24,15.375,15.5,15.25,15.375,5.7393574714660645,1087400
1995-01-25,15.375,15.5,15.375,15.5,5.786015033721924,643300
1995-01-26,15.5,15.625,15.375,15.625,5.832679748535156,604100
1995-01-27,15.875,16.0,15.625,15.625,5.832679748535156,1881600
1995-01-30,15.625,16.0,15.625,16.0,5.9726643562316895,1009600
1995-01-31,15.875,16.5,15.875,16.25,6.065985202789307,1551000
1995-02-01,16.5,16.75,16.25,16.5,6.159307479858398,1711800
1995-02-02,16.5,16.5,16.25,16.375,6.112646102905273,1149900
1995-02-03,16.5,16.625,16.375,16.5,6.159307479858398,1103300
1995-02-06,16.5,16.5,16.125,16.375,6.112646102905273,538500
1995-02-07,16.375,16.5,16.25,16.375,6.112646102905273,528600
1995-02-08,16.375,16.75,16.25,16.375,6.112646102905273,937900
1995-02-09,16.375,16.375,16.125,16.25,6.065985202789307,649700
1995-02-10,16.25,16.375,16.25,16.375,6.112646102905273,699600
1995-02-13,16.25,16.625,16.25,16.375,6.112646102905273,537000
1995-02-14,16.375,16.5,16.375,16.375,6.112646102905273,740200
1995-02-15,16.375,16.875,16.375,16.5,6.159307479858398,797600
1995-02-16,16.5,16.5,16.375,16.375,6.112646102905273,422900
1995-02-17,16.375,16.5,16.25,16.5,6.159307479858398,1219700
1995-02-21,16.5,16.5,16.375,16.5,6.159307479858398,635700
1995-02-22,16.375,16.625,16.375,16.625,6.205970764160156,1655900
1995-02-23,16.625,16.625,16.5,16.5,6.159307479858398,600200
1995-02-24,16.5,16.625,16.5,16.5,6.159307479858398,307600
1995-02-27,16.5,16.5,16.25,16.25,6.065985202789307,532000
1995-02-28,16.25,16.375,16.125,16.375,6.112646102905273,635300
1995-03-01,16.25,16.375,15.875,16.0,5.9726643562316895,546500
1995-03-02,15.875,16.0,15.625,15.875,5.926002025604248,771900
1995-03-03,15.75,16.125,15.75,16.0,5.9726643562316895,422500
1995-03-06,16.0,16.0,15.375,15.375,5.7393574714660645,1463700
1995-03-07,15.375,15.5,15.125,15.25,5.692695140838623,1055500
1995-03-08,15.375,15.625,15.25,15.25,5.692695140838623,577600
1995-03-09,15.375,15.5,15.375,15.375,5.7393574714660645,453500
1995-03-10,15.5,15.625,15.375,15.625,5.832679748535156,689500
1995-03-13,15.625,15.75,15.5,15.5,5.786015033721924,660900
1995-03-14,15.625,15.75,15.625,15.625,5.832679748535156,590600
1995-03-15,15.625,15.75,15.5,15.625,5.832679748535156,360500
1995-03-16,15.5,15.75,15.5,15.75,5.879340648651123,374200
1995-03-17,15.5,15.625,15.375,15.5,5.786015033721924,1708800
1995-03-20,15.5,15.5,15.25,15.25,5.692695140838623,590400
1995-03-21,15.25,15.625,15.25,15.5,5.786015033721924,908300
1995-03-22,15.375,16.0,15.375,15.875,5.926002025604248,1242000
1995-03-23,15.875,15.875,15.625,15.625,5.832679748535156,401800
1995-03-24,15.75,16.0,15.75,16.0,5.9726643562316895,457900
1995-03-27,16.0,16.0,15.875,16.0,5.9726643562316895,200700
1995-03-28,15.75,15.75,15.5,15.625,5.832679748535156,1111400
1995-03-29,15.625,16.0,15.5,15.875,5.926002025604248,877800
1995-03-30,15.75,15.875,15.5,15.625,5.926002025604248,1234200
1995-03-31,15.5,15.75,15.375,15.625,5.926002025604248,894300
1995-04-03,15.5,15.625,15.375,15.5,5.878593921661377,623200
1995-04-04,15.5,16.25,15.5,16.25,6.1630425453186035,1447000
1995-04-05,16.125,16.4375,16.125,16.25,6.1630425453186035,1259600
1995-04-06,16.375,16.375,16.125,16.25,6.1630425453186035,475400
1995-04-07,16.25,16.5,16.25,16.5,6.2578582763671875,698900
1995-04-10,16.5,16.5,16.25,16.25,6.1630425453186035,548700
1995-04-11,16.375,16.5,16.125,16.125,6.115631580352783,517100
1995-04-12,16.125,16.375,16.125,16.25,6.1630425453186035,650600
1995-04-13,16.25,16.5,16.25,16.375,6.210448265075684,534300
1995-04-17,16.375,16.5,16.125,16.125,6.115631580352783,547800
1995-04-18,16.125,16.25,16.0,16.125,6.115631580352783,638600
1995-04-19,16.0,16.125,16.0,16.0,6.068225860595703,339500
1995-04-20,16.0,16.25,15.875,16.0,6.068225860595703,656500
1995-04-21,16.125,16.25,16.0,16.0,6.068225860595703,595900
1995-04-24,16.0,16.375,15.875,16.25,6.1630425453186035,648000
1995-04-25,16.25,16.625,16.25,16.5,6.2578582763671875,1560500
1995-04-26,16.5,16.875,16.5,16.625,6.3052659034729,909700
1995-04-27,16.625,16.75,16.625,16.75,6.3526740074157715,367200
1995-04-28,16.75,16.75,16.5,16.75,6.3526740074157715,888500
1995-05-01,16.625,16.875,16.5,16.625,6.3052659034729,1006500
1995-05-02,16.75,16.75,16.625,16.625,6.3052659034729,476600
1995-05-03,16.5,16.75,16.5,16.625,6.3052659034729,610100
1995-05-04,16.75,16.875,16.625,16.625,6.3052659034729,624200
1995-05-05,16.75,16.75,16.5,16.75,6.3526740074157715,734200
1995-05-08,16.625,16.75,16.125,16.625,6.3052659034729,682300
1995-05-09,16.625,16.75,16.5,16.625,6.3052659034729,618100
1995-05-10,16.625,16.75,16.625,16.75,6.3526740074157715,502500
1995-05-11,16.625,16.75,16.5,16.625,6.3052659034729,349300
1995-05-12,16.5,16.625,16.5,16.5,6.2578582763671875,1369400
1995-05-15,16.625,16.75,16.5,16.625,6.3052659034729,510600
1995-05-16,16.625,16.75,16.5,16.625,6.3052659034729,667600
1995-05-17,16.625,16.75,16.5,16.625,6.3052659034729,563600
1995-05-18,16.5,16.625,16.375,16.5,6.2578582763671875,441000
1995-05-19,16.375,16.5,16.25,16.375,6.210448265075684,600400
1995-05-22,16.375,16.75,16.375,16.625,6.3052659034729,618600
1995-05-23,16.75,16.75,16.5,16.75,6.3526740074157715,734700
1995-05-24,16.625,16.875,16.5,16.625,6.3052659034729,859900
1995-05-25,17.0,17.375,16.875,17.125,6.494897842407227,1828800
1995-05-26,17.375,17.5,17.125,17.125,6.494897842407227,1200100
1995-05-30,17.25,17.5,17.125,17.375,6.589714050292969,588600
1995-05-31,17.375,17.5,17.125,17.375,6.589714050292969,1216500
1995-06-01,17.25,17.375,17.25,17.25,6.542305946350098,582900
1995-06-02,17.25,17.5,17.25,17.5,6.637123107910156,850400
1995-06-05,17.5,17.75,17.5,17.75,6.731936931610107,652400
1995-06-06,17.625,18.0,17.625,17.875,6.77934455871582,716000
1995-06-07,17.875,17.875,17.25,17.75,6.731936931610107,1530000
1995-06-08,17.625,17.625,17.5,17.5,6.637123107910156,427700
1995-06-09,17.5,17.5,17.0,17.0,6.4474921226501465,793200
1995-06-12,17.25,17.5,17.125,17.375,6.589714050292969,390700
1995-06-13,17.5,17.625,17.375,17.375,6.589714050292969,669200
1995-06-14,17.375,17.5,17.25,17.5,6.637123107910156,387500
1995-06-15,17.375,17.5,17.25,17.25,6.542305946350098,339900
1995-06-16,17.5,17.625,17.125,17.125,6.494897842407227,1790400
1995-06-19,17.25,17.625,17.25,17.625,6.684527397155762,601700
1995-06-20,17.5,17.625,17.375,17.5,6.637123107910156,446000
1995-06-21,17.5,17.625,17.5,17.5,6.637123107910156,230000
1995-06-22,17.625,17.875,17.625,17.875,6.77934455871582,593000
1995-06-23,17.75,17.875,17.625,17.75,6.731936931610107,671200
1995-06-26,17.625,17.75,17.625,17.625,6.684527397155762,452800
1995-06-27,17.625,17.875,17.625,17.75,6.731936931610107,626200
1995-06-28,17.75,17.75,17.625,17.75,6.731936931610107,522000
1995-06-29,17.625,17.875,17.5,17.75,6.731936931610107,1417700
1995-06-30,17.625,17.625,17.125,17.125,6.587682247161865,1666500
1995-07-03,17.25,17.25,17.125,17.125,6.587682247161865,199200
1995-07-05,17.125,17.375,17.125,17.25,6.635767936706543,396400
1995-07-06,17.125,17.25,16.875,17.25,6.635767936706543,1474500
1995-07-07,17.125,17.25,17.0,17.0,6.5395989418029785,500500
1995-07-10,17.125,17.25,16.75,17.0,6.5395989418029785,540500
1995-07-11,17.0,17.125,17.0,17.125,6.587682247161865,472600
1995-07-12,17.0,17.375,17.0,17.25,6.635767936706543,598500
1995-07-13,17.25,17.375,16.875,16.875,6.491514205932617,806800
1995-07-14,16.75,16.875,16.0,16.75,6.443427562713623,674900
1995-07-17,16.75,16.875,16.5,16.625,6.395340919494629,374000
1995-07-18,16.5,16.875,16.5,16.75,6.443427562713623,636500
1995-07-19,16.625,16.875,16.5,16.75,6.443427562713623,553000
1995-07-20,16.625,17.0,16.625,17.0,6.5395989418029785,600800
1995-07-21,16.875,17.0,16.75,16.875,6.491514205932617,532300
1995-07-24,16.875,17.0,16.75,16.875,6.491514205932617,566400
1995-07-25,16.875,17.125,16.75,16.875,6.491514205932617,508000
1995-07-26,16.875,17.125,16.625,16.875,6.491514205932617,1643300
1995-07-27,16.875,17.125,16.875,17.125,6.587682247161865,1001400
1995-07-28,17.125,17.125,17.0,17.125,6.587682247161865,386900
1995-07-31,17.125,17.125,16.875,17.125,6.587682247161865,397900
1995-08-01,17.125,17.125,16.875,16.875,6.491514205932617,526500
1995-08-02,17.0,17.0,16.75,16.75,6.443427562713623,664700
1995-08-03,16.625,16.875,16.625,16.875,6.491514205932617,608500
1995-08-04,16.875,16.875,16.75,16.875,6.491514205932617,362600
1995-08-07,16.75,17.0,16.75,16.875,6.491514205932617,367100
1995-08-08,16.875,17.0,16.625,16.75,6.443427562713623,387200
1995-08-09,16.625,16.75,16.5,16.625,6.395340919494629,866800
1995-08-10,16.625,16.625,16.375,16.375,6.299168586730957,597400
1995-08-11,16.375,16.75,16.375,16.75,6.443427562713623,607000
1995-08-14,16.625,16.75,16.5,16.625,6.395340919494629,784000
1995-08-15,16.5,16.625,16.375,16.375,6.299168586730957,293600
1995-08-16,16.375,16.75,16.375,16.75,6.443427562713623,1305600
1995-08-17,16.75,16.875,16.625,16.75,6.443427562713623,317500
1995-08-18,16.875,16.875,16.625,16.75,6.443427562713623,392900
1995-08-21,16.875,16.875,16.75,16.75,6.443427562713623,369900
1995-08-22,16.75,16.875,16.75,16.875,6.491514205932617,1234800
1995-08-23,16.75,16.875,16.75,16.75,6.443427562713623,256700
1995-08-24,16.75,16.875,16.625,16.625,6.395340919494629,571800
1995-08-25,16.625,16.875,16.625,16.875,6.491514205932617,553700
1995-08-28,16.875,16.875,16.75,16.75,6.443427562713623,240900
1995-08-29,16.75,16.75,16.625,16.75,6.443427562713623,646400
1995-08-30,16.625,16.875,16.625,16.75,6.443427562713623,361100
1995-08-31,16.75,16.875,16.625,16.625,6.395340919494629,310300
1995-09-01,16.625,16.75,16.5,16.625,6.395340919494629,388800
1995-09-05,16.75,16.75,16.625,16.75,6.443427562713623,421600
1995-09-06,16.5,16.75,16.5,16.625,6.395340919494629,754200
1995-09-07,16.625,16.75,16.625,16.75,6.443427562713623,496000
1995-09-08,16.75,16.875,16.75,16.75,6.443427562713623,201500
1995-09-11,16.875,16.875,16.75,16.75,6.443427562713623,449900
1995-09-12,16.75,17.125,16.75,17.0,6.5395989418029785,1008900
1995-09-13,17.0,17.125,16.875,16.875,6.491514205932617,849300
1995-09-14,17.0,17.125,16.875,17.125,6.587682247161865,836900
1995-09-15,17.25,17.25,17.0,17.0,6.5395989418029785,1298200
1995-09-18,16.875,17.0,16.75,16.875,6.491514205932617,500500
1995-09-19,17.0,17.0,16.875,16.875,6.491514205932617,377600
1995-09-20,16.875,17.25,16.875,17.125,6.587682247161865,890800
1995-09-21,17.125,17.25,16.875,17.0,6.5395989418029785,723000
1995-09-22,16.875,17.25,16.875,17.25,6.635767936706543,817000
1995-09-25,17.25,17.5,17.125,17.5,6.73193883895874,1564800
1995-09-26,17.5,17.8125,17.5,17.625,6.7800211906433105,1539100
1995-09-27,17.5,17.75,17.5,17.75,6.828106880187988,922200
1995-09-28,17.625,18.0,17.625,17.875,6.876192569732666,475400
1995-09-29,17.875,18.0,17.75,17.75,6.828106880187988,457900
1995-10-02,17.75,17.75,17.625,17.75,6.828106880187988,702200
1995-10-03,17.375,17.5,17.25,17.25,6.730564117431641,958200
1995-10-04,17.25,17.375,17.0,17.0,6.63301944732666,1848200
1995-10-05,17.0,17.25,17.0,17.25,6.730564117431641,5077300
1995-10-06,17.125,17.5,17.125,17.375,6.779332160949707,783600
1995-10-09,17.5,17.75,17.375,17.75,6.925652503967285,671500
1995-10-10,17.625,18.0,17.5,17.875,6.974425315856934,1191100
1995-10-11,17.875,17.9375,17.75,17.75,6.925652503967285,513500
1995-10-12,17.75,17.875,17.625,17.75,6.925652503967285,365700
1995-10-13,17.75,17.875,17.375,17.5,6.8281073570251465,716700
1995-10-16,17.5,17.5,17.125,17.25,6.730564117431641,390200
1995-10-17,17.25,17.375,17.125,17.125,6.681793689727783,450100
1995-10-18,17.125,17.25,16.875,17.0,6.63301944732666,767400
1995-10-19,17.0,17.25,17.0,17.25,6.730564117431641,390800
1995-10-20,17.25,17.5,17.125,17.5,6.8281073570251465,467100
1995-10-23,17.375,17.625,17.25,17.5,6.8281073570251465,414100
1995-10-24,17.5,17.5,17.25,17.375,6.779332160949707,645300
1995-10-25,17.375,17.5,17.25,17.5,6.8281073570251465,369800
1995-10-26,17.375,17.5,17.25,17.25,6.730564117431641,582900
1995-10-27,17.25,17.25,16.875,17.125,6.681793689727783,604500
1995-10-30,17.125,17.125,16.875,17.0,6.63301944732666,404900
1995-10-31,17.0,17.125,17.0,17.0,6.63301944732666,551200
1995-11-01,17.125,17.25,17.0,17.125,6.681793689727783,405100
1995-11-02,17.125,17.25,17.0,17.125,6.681793689727783,348000
1995-11-03,17.0,17.125,16.875,16.875,6.584249973297119,424700
1995-11-06,16.875,17.0,16.5,16.625,6.486700534820557,613900
1995-11-07,16.5,16.75,16.5,16.75,6.535472393035889,523500
1995-11-08,16.75,17.0,16.75,16.875,6.584249973297119,370400
1995-11-09,16.875,16.875,16.625,16.875,6.584249973297119,854200
1995-11-10,16.75,16.875,16.75,16.75,6.535472393035889,188600
1995-11-13,16.875,16.875,16.75,16.75,6.535472393035889,322600
1995-11-14,16.75,17.125,16.75,17.0,6.63301944732666,849200
1995-11-15,17.0,17.125,16.875,17.0,6.63301944732666,861700
1995-11-16,17.0,17.25,17.0,17.125,6.681793689727783,811400
1995-11-17,17.125,17.25,16.75,16.875,6.584249973297119,603700
1995-11-20,16.875,17.0,16.625,16.625,6.486700534820557,948100
1995-11-21,16.625,17.0,16.625,17.0,6.63301944732666,973300
1995-11-22,16.75,16.75,15.875,16.0,6.242844104766846,942700
1995-11-24,16.0,16.375,15.875,16.25,6.340386390686035,338400
1995-11-27,16.25,16.5,16.25,16.25,6.340386390686035,630200
1995-11-28,16.25,16.375,15.25,15.25,5.9502081871032715,4865600
1995-11-29,15.375,15.75,15.375,15.625,6.096525192260742,887800
1995-11-30,15.75,15.75,15.625,15.75,6.145298957824707,1105200
1995-12-01,15.625,15.75,15.375,15.375,5.998979091644287,1758000
1995-12-04,15.375,15.375,14.875,15.125,5.901438236236572,1819300
1995-12-05,15.125,15.875,15.125,15.625,6.096525192260742,1538600
1995-12-06,15.625,16.0,15.5,15.875,6.194069862365723,1602400
1995-12-07,15.875,15.875,15.75,15.875,6.194069862365723,994800
1995-12-08,15.75,15.875,15.625,15.75,6.145298957824707,780200
1995-12-11,15.5,15.875,15.5,15.75,6.145298957824707,954000
1995-12-12,15.75,16.125,15.75,16.125,6.291615962982178,1256700
1995-12-13,16.0,16.5,16.0,16.375,6.389156818389893,1007900
1995-12-14,16.5,16.75,16.375,16.5,6.437929153442383,748400
1995-12-15,16.625,16.75,16.5,16.75,6.535472393035889,1694700
1995-12-18,16.5,16.75,16.375,16.75,6.535472393035889,653500
1995-12-19,16.75,17.0,16.75,17.0,6.63301944732666,1845600
1995-12-20,16.875,17.0,16.625,16.625,6.486700534820557,924100
1995-12-21,17.375,17.75,17.0,17.75,6.925652503967285,3407100
1995-12-22,17.75,17.75,17.375,17.375,6.779332160949707,1304900
1995-12-26,17.5,17.5,17.375,17.375,6.779332160949707,908300
1995-12-27,17.375,17.5,17.25,17.5,6.8281073570251465,493500
1995-12-28,17.375,17.625,17.25,17.5,6.8281073570251465,1419600
1995-12-29,17.375,17.75,17.25,17.625,6.876879692077637,1765600
1996-01-02,17.5,17.875,17.375,17.875,6.974425315856934,1780600
1996-01-03,17.625,18.0,17.625,17.875,7.073353290557861,3657200
1996-01-04,17.875,18.0,17.625,17.75,7.02388858795166,1071100
1996-01-05,17.625,18.0,17.5,17.875,7.073353290557861,1082100
1996-01-08,17.875,18.0,17.625,18.0,7.122814655303955,427800
1996-01-09,17.875,18.0,17.75,17.921875,7.09190034866333,557400
1996-01-10,17.625,18.125,17.625,18.0,7.122814655303955,853500
1996-01-11,17.875,18.125,17.8125,18.0,7.122814655303955,680000
1996-01-12,18.125,18.5,17.875,18.25,7.221746444702148,1022400
1996-01-15,18.25,18.375,17.875,18.0,7.122814655303955,798600
1996-01-16,18.0,18.5,18.0,18.25,7.221746444702148,1026800
1996-01-17,18.375,18.4375,17.875,18.0,7.122814655303955,1148800
1996-01-18,18.0,18.125,17.75,18.125,7.172277927398682,672200
1996-01-19,18.0,18.125,17.875,17.875,7.073353290557861,1365800
1996-01-22,17.875,18.125,17.875,18.0,7.122814655303955,1459800
1996-01-23,18.0,18.25,17.875,18.125,7.172277927398682,1088600
1996-01-24,18.0,18.5625,18.0,18.5,7.320674419403076,3435300
1996-01-25,18.5,18.625,18.375,18.625,7.370138645172119,1069700
1996-01-26,18.5,18.5,18.375,18.5,7.320674419403076,443200
1996-01-29,18.375,18.625,18.375,18.5,7.320674419403076,847100
1996-01-30,18.5,18.625,18.375,18.5,7.320674419403076,1003200
1996-01-31,18.5,18.625,18.375,18.5,7.320674419403076,837300
1996-02-01,18.5,18.5,18.125,18.25,7.221746444702148,682100
1996-02-02,18.25,18.5,18.25,18.375,7.271209716796875,412900
1996-02-05,18.375,18.5,18.25,18.375,7.271209716796875,310900
1996-02-06,18.375,18.5,18.25,18.25,7.221746444702148,809200
1996-02-07,18.25,18.375,18.125,18.375,7.271209716796875,620600
1996-02-08,18.25,18.375,18.125,18.25,7.221746444702148,340600
1996-02-09,18.25,18.375,18.0,18.125,7.172277927398682,679200
1996-02-12,18.25,18.375,18.125,18.375,7.271209716796875,639100
1996-02-13,18.25,18.625,18.25,18.375,7.271209716796875,968600
1996-02-14,18.375,18.5,18.0,18.0,7.122814655303955,781700
1996-02-15,18.125,18.125,17.75,17.875,7.073353290557861,908100
1996-02-16,17.875,17.875,17.625,17.625,6.974424362182617,576000
1996-02-20,17.5,17.625,17.375,17.5,6.924961090087891,1369100
1996-02-21,17.5,17.8125,17.375,17.625,6.974424362182617,1108900
1996-02-22,17.75,18.125,17.625,18.0,7.122814655303955,620900
1996-02-23,18.0,18.125,17.375,17.5,6.924961090087891,972900
1996-02-26,17.375,17.375,17.125,17.375,6.875494956970215,909000
1996-02-27,17.375,17.5,17.25,17.25,6.8260321617126465,687800
1996-02-28,17.375,17.375,16.75,16.75,6.628174781799316,3250600
1996-02-29,16.625,17.5,16.625,17.5,6.924961090087891,2318200
1996-03-01,17.75,17.75,17.375,17.5,6.924961090087891,721100
1996-03-04,17.5,17.875,17.5,17.875,7.073353290557861,678100
1996-03-05,17.75,17.875,17.625,17.875,7.073353290557861,649500
1996-03-06,17.75,17.875,17.5,17.625,6.974424362182617,706200
1996-03-07,17.625,17.75,17.5,17.625,6.974424362182617,481300
1996-03-08,17.25,17.5,17.0,17.0,6.727105617523193,1018600
1996-03-11,16.875,17.125,16.75,17.125,6.776569366455078,798000
1996-03-12,17.0,17.0,16.625,16.875,6.67764139175415,728300
1996-03-13,17.0,17.0,16.75,16.875,6.67764139175415,347600
1996-03-14,16.875,16.875,16.5,16.625,6.578708171844482,582700
1996-03-15,16.5,16.75,16.5,16.625,6.578708171844482,813400
1996-03-18,16.75,17.375,16.625,17.25,6.8260321617126465,729300
1996-03-19,17.375,17.625,17.125,17.5,6.924961090087891,1946100
1996-03-20,17.5,17.75,17.5,17.625,6.974424362182617,744800
1996-03-21,17.5,17.875,17.5,17.875,7.073353290557861,689100
1996-03-22,17.875,17.875,17.625,17.75,7.02388858795166,560100
1996-03-25,17.875,18.0,17.5,17.5,6.924961090087891,485100
1996-03-26,17.375,17.375,17.125,17.25,6.8260321617126465,529700
1996-03-27,17.25,17.625,17.0,17.5,6.924961090087891,946400
1996-03-28,17.375,17.5,17.25,17.375,6.875494956970215,904000
1996-03-29,17.5,17.5,17.125,17.125,6.776569366455078,610200
1996-04-01,17.125,17.25,17.125,17.125,6.776569366455078,437800
1996-04-02,16.875,17.0,16.5,16.625,6.676170349121094,3886200
1996-04-03,16.5,16.625,16.25,16.375,6.575777530670166,1669400
1996-04-04,16.375,16.5,16.375,16.375,6.575777530670166,2335000
1996-04-08,16.0,16.125,15.625,16.0,6.4251909255981445,936700
1996-04-09,16.125,16.25,15.875,16.0,6.4251909255981445,778900
1996-04-10,16.0,16.25,15.625,15.875,6.374994277954102,982300
1996-04-11,15.75,15.875,15.375,15.375,6.174209117889404,768200
1996-04-12,15.625,15.875,15.625,15.75,6.324799060821533,1263000
1996-04-15,15.625,15.625,15.375,15.375,6.174209117889404,1274700
1996-04-16,15.375,15.625,15.25,15.375,6.174209117889404,520400
1996-04-17,15.375,15.625,15.375,15.5,6.224402904510498,829500
1996-04-18,15.375,15.5,15.25,15.5,6.224402904510498,717600
1996-04-19,15.5,15.75,15.375,15.375,6.174209117889404,1453700
1996-04-22,15.5,15.625,15.25,15.375,6.174209117889404,506100
1996-04-23,15.375,15.625,15.375,15.5,6.224402904510498,1119500
1996-04-24,15.625,15.625,15.375,15.5,6.224402904510498,490600
1996-04-25,15.5,15.625,15.375,15.625,6.274600982666016,966400
1996-04-26,15.625,16.0,15.625,15.75,6.324799060821533,676600
1996-04-29,15.625,15.875,15.625,15.875,6.374994277954102,204600
1996-04-30,15.75,16.0,15.75,16.0,6.4251909255981445,710800
1996-05-01,16.0,16.125,15.875,16.125,6.475386619567871,740200
1996-05-02,16.0,16.0,15.75,15.875,6.374994277954102,888200
1996-05-03,15.875,16.125,15.875,15.875,6.374994277954102,1046700
1996-05-06,15.875,16.0,15.625,15.75,6.324799060821533,736200
1996-05-07,15.625,15.875,15.375,15.375,6.174209117889404,630400
1996-05-08,15.375,16.125,15.375,16.125,6.475386619567871,803000
1996-05-09,15.875,16.125,15.875,16.0,6.4251909255981445,609900
1996-05-10,16.25,16.375,16.125,16.25,6.525584697723389,499600
1996-05-13,16.25,16.375,16.125,16.25,6.525584697723389,426200
1996-05-14,16.375,16.375,16.0,16.25,6.525584697723389,363100
1996-05-15,16.125,16.5,16.125,16.375,6.575777530670166,772100
1996-05-16,16.375,16.375,16.125,16.125,6.475386619567871,377300
1996-05-17,16.25,16.25,16.125,16.125,6.475386619567871,413200
1996-05-20,16.25,16.25,15.875,15.875,6.374994277954102,543400
1996-05-21,15.875,16.125,15.875,16.125,6.475386619567871,579500
1996-05-22,16.125,16.625,16.0,16.625,6.676170349121094,984800
1996-05-23,16.625,16.75,16.125,16.125,6.475386619567871,1453000
1996-05-24,16.125,16.375,16.125,16.375,6.575777530670166,403500
1996-05-28,16.25,16.375,16.125,16.25,6.525584697723389,1030900
1996-05-29,16.375,16.625,16.25,16.5,6.625978469848633,718000
1996-05-30,16.5,16.625,16.375,16.625,6.676170349121094,1338400
1996-05-31,16.5,16.625,16.375,16.5,6.625978469848633,586300
1996-06-03,16.375,16.625,16.375,16.625,6.676170349121094,588800
1996-06-04,16.625,16.625,16.5,16.625,6.676170349121094,696000
1996-06-05,16.5,16.75,16.5,16.75,6.7263712882995605,260400
1996-06-06,16.75,16.875,16.625,16.875,6.776568412780762,504200
1996-06-07,16.5,16.625,16.5,16.625,6.676170349121094,585600
1996-06-10,16.625,16.75,16.5,16.625,6.676170349121094,1162300
1996-06-11,16.625,16.8125,16.625,16.625,6.676170349121094,930400
1996-06-12,16.625,16.75,16.625,16.625,6.676170349121094,367600
1996-06-13,16.625,16.75,16.5,16.625,6.676170349121094,435400
1996-06-14,16.625,16.75,16.625,16.75,6.7263712882995605,491600
1996-06-17,16.625,16.75,16.5,16.5,6.625978469848633,718100
1996-06-18,16.5,16.75,16.5,16.625,6.676170349121094,591000
1996-06-19,16.75,16.875,16.625,16.75,6.7263712882995605,1023100
1996-06-20,16.875,17.125,16.75,17.0,6.826766490936279,681400
1996-06-21,17.125,17.375,17.125,17.125,6.876964092254639,1692500
1996-06-24,17.375,17.375,17.0,17.125,6.876964092254639,796100
1996-06-25,17.125,17.25,17.0,17.0,6.826766490936279,719200
1996-06-26,17.125,17.125,17.0,17.0,6.826766490936279,220600
1996-06-27,17.0,17.25,16.875,17.125,6.876964092254639,941600
1996-06-28,17.125,17.75,17.125,17.625,7.077749729156494,1263000
1996-07-01,17.625,17.875,17.625,17.75,7.127946376800537,1727200
1996-07-02,17.5,17.5,17.125,17.375,7.077032089233398,1900500
1996-07-03,17.25,17.5,17.125,17.25,7.026120662689209,579000
1996-07-05,17.0,17.0,16.75,16.875,6.873375415802002,497300
1996-07-08,16.875,17.125,16.875,16.875,6.873375415802002,398900
1996-07-09,16.875,17.125,16.875,17.0,6.924293518066406,358300
1996-07-10,17.125,17.125,16.875,16.875,6.873375415802002,297000
1996-07-11,16.875,16.875,16.5,16.75,6.822460651397705,926700
1996-07-12,16.75,17.0,16.5,17.0,6.924293518066406,450600
1996-07-15,16.875,17.125,16.875,16.875,6.873375415802002,397400
1996-07-16,16.875,16.875,16.5,16.75,6.822460651397705,637200
1996-07-17,16.75,16.75,16.25,16.625,6.771549224853516,698600
1996-07-18,16.625,16.625,16.375,16.375,6.669723033905029,786500
1996-07-19,16.25,16.375,16.0,16.0,6.516982555389404,776000
1996-07-22,15.875,16.0,15.625,15.75,6.415151119232178,576000
1996-07-23,15.875,15.875,15.5,15.75,6.415151119232178,513200
1996-07-24,15.625,16.875,15.5,15.75,6.415151119232178,538000
1996-07-25,15.75,15.875,15.5,15.625,6.364236831665039,693500
1996-07-26,15.625,15.875,15.5,15.75,6.415151119232178,737200
1996-07-29,15.625,15.625,15.25,15.25,6.211499214172363,525100
1996-07-30,15.375,15.375,15.0,15.125,6.160580635070801,946200
1996-07-31,15.125,15.5,15.0,15.375,6.262410640716553,1369300
1996-08-01,15.625,16.0,15.625,15.75,6.415151119232178,966700
1996-08-02,16.0,16.125,15.875,15.875,6.466064929962158,1058700
1996-08-05,15.875,16.125,15.875,15.875,6.466064929962158,601500
1996-08-06,15.875,16.0,15.875,15.875,6.466064929962158,890500
1996-08-07,15.875,16.0,15.75,15.875,6.466064929962158,737900
1996-08-08,15.75,15.875,15.75,15.75,6.415151119232178,644300
1996-08-09,15.875,16.125,15.875,16.0,6.516982555389404,622700
1996-08-12,16.0,16.25,16.0,16.125,6.567893981933594,516500
1996-08-13,16.0,16.125,16.0,16.0,6.516982555389404,1636400
1996-08-14,16.0,16.25,16.0,16.125,6.567893981933594,965700
1996-08-15,16.125,16.25,16.125,16.125,6.567893981933594,392700
1996-08-16,16.25,16.375,16.125,16.125,6.567893981933594,554100
1996-08-19,16.25,16.25,16.125,16.125,6.567893981933594,264000
1996-08-20,16.125,16.5,16.125,16.5,6.720635414123535,452200
1996-08-21,16.375,16.5,16.375,16.5,6.720635414123535,559400
1996-08-22,16.375,16.625,16.375,16.375,6.669723033905029,462600
1996-08-23,16.375,16.875,16.25,16.875,6.873375415802002,936200
1996-08-26,17.125,17.375,17.125,17.25,7.026120662689209,967800
1996-08-27,17.375,17.625,17.375,17.375,7.077032089233398,1488200
1996-08-28,17.5,17.875,17.5,17.625,7.178859710693359,1073800
1996-08-29,17.875,18.0,17.625,17.875,7.280692100524902,2010200
1996-08-30,17.875,17.875,17.25,17.375,7.077032089233398,755300
1996-09-03,17.125,17.25,16.875,17.25,7.026120662689209,519900
1996-09-04,17.125,17.25,16.75,16.9375,6.898832321166992,774800
1996-09-05,16.875,16.875,16.625,16.625,6.771549224853516,448500
1996-09-06,16.75,17.03125,16.5,16.875,6.873375415802002,427800
1996-09-09,17.0,17.375,17.0,17.375,7.077032089233398,594900
1996-09-10,17.25,17.375,17.25,17.375,7.077032089233398,423800
1996-09-11,17.25,17.5,17.25,17.5,7.127946376800537,1343800
1996-09-12,17.5,17.875,17.5,17.75,7.229774475097656,972500
1996-09-13,17.875,18.0,17.75,17.75,7.229774475097656,561000
1996-09-16,17.875,18.0,17.75,17.875,7.280692100524902,559400
1996-09-17,18.0,18.125,17.75,17.875,7.280692100524902,1001500
1996-09-18,17.75,18.0,17.75,18.0,7.331601619720459,584400
1996-09-19,17.75,18.0,17.75,18.0,7.331601619720459,963300
1996-09-20,18.0,18.125,17.875,18.0,7.331601619720459,1611200
1996-09-23,18.0,18.25,17.9375,18.25,7.433427333831787,958600
1996-09-24,18.125,18.5,18.125,18.125,7.382516384124756,2036500
1996-09-25,18.125,18.25,17.875,18.0,7.331601619720459,797300
1996-09-26,18.0,18.0,17.75,17.75,7.229774475097656,645400
1996-09-27,17.75,17.75,17.5,17.75,7.229774475097656,1069100
1996-09-30,17.75,17.875,17.75,17.875,7.280692100524902,1129500
1996-10-01,17.75,18.0,17.75,17.75,7.229774475097656,3364800
1996-10-02,17.75,18.0,17.5,17.875,7.384698867797852,1181800
1996-10-03,18.0,18.125,17.875,18.125,7.487977981567383,757900
1996-10-04,18.125,18.375,18.0,18.125,7.487977981567383,1031000
1996-10-07,18.0,18.25,18.0,18.0,7.436340808868408,433000
1996-10-08,18.0,18.5,18.0,18.375,7.591264247894287,3666800
1996-10-09,18.375,18.5,18.375,18.5,7.64290714263916,1600500
1996-10-10,18.375,18.5,18.375,18.375,7.591264247894287,1152400
1996-10-11,18.375,18.625,18.375,18.625,7.694542407989502,2035700
1996-10-14,18.5,18.625,18.5,18.625,7.694542407989502,837100
1996-10-15,18.625,18.75,18.5,18.625,7.694542407989502,1573100
1996-10-16,18.625,18.75,18.5,18.75,7.746187210083008,1433100
1996-10-17,18.875,18.875,18.75,18.875,7.797830581665039,537200
1996-10-18,18.875,19.0,18.625,18.875,7.797830581665039,1652100
1996-10-21,18.875,19.0,18.875,18.875,7.797830581665039,498800
1996-10-22,19.0,19.125,18.875,19.125,7.901110649108887,1245800
1996-10-23,19.125,19.25,19.0,19.25,7.952750205993652,1222700
1996-10-24,19.375,19.5,19.125,19.125,7.901110649108887,977200
1996-10-25,19.125,19.25,19.125,19.25,7.952750205993652,835500
1996-10-28,19.25,19.375,19.125,19.25,7.952750205993652,1498500
1996-10-29,19.25,19.375,19.25,19.375,8.00439167022705,1592200
1996-10-30,19.375,19.5,19.375,19.375,8.00439167022705,682000
1996-10-31,19.375,19.875,19.375,19.625,8.107673645019531,1379700
1996-11-01,19.875,19.875,19.625,19.625,8.107673645019531,2343800
1996-11-04,19.625,20.0,19.625,19.875,8.210958480834961,862500
1996-11-05,19.875,20.0,19.75,19.75,8.159318923950195,817000
1996-11-06,19.75,20.0,19.625,19.875,8.210958480834961,1538200
1996-11-07,19.875,20.375,19.875,20.375,8.417519569396973,1490500
1996-11-08,20.25,20.375,20.25,20.25,8.365880012512207,632400
1996-11-11,20.25,20.375,20.125,20.25,8.365880012512207,1381000
1996-11-12,20.25,20.375,20.0,20.125,8.31424331665039,1664300
1996-11-13,20.0,20.125,19.75,19.75,8.159318923950195,657400
1996-11-14,19.75,19.875,19.75,19.75,8.159318923950195,497100
1996-11-15,19.875,19.875,19.75,19.875,8.210958480834961,849500
1996-11-18,19.75,19.875,19.625,19.75,8.159318923950195,864000
1996-11-19,19.75,19.875,19.625,19.625,8.107673645019531,734300
1996-11-20,19.625,19.875,19.5,19.75,8.159318923950195,968100
1996-11-21,19.75,19.875,19.75,19.75,8.159318923950195,665500
1996-11-22,19.625,19.75,19.375,19.5,8.056035995483398,2287900
1996-11-25,19.375,19.5,19.25,19.375,8.00439167022705,1450800
1996-11-26,19.375,19.5,19.375,19.375,8.00439167022705,1167200
1996-11-27,19.375,19.875,19.375,19.875,8.210958480834961,1183500
1996-11-29,19.875,20.0,19.75,19.875,8.210958480834961,252700
1996-12-02,19.875,20.0,19.875,19.875,8.210958480834961,704300
1996-12-03,19.875,20.125,19.625,19.75,8.159318923950195,1156000
1996-12-04,19.625,20.125,19.625,20.0625,8.28841781616211,1014800
1996-12-05,20.0,20.125,19.75,20.125,8.31424331665039,825700
1996-12-06,19.75,20.25,19.5,20.125,8.31424331665039,1847200
1996-12-09,20.125,20.375,20.0,20.25,8.365880012512207,1135800
1996-12-10,20.25,20.25,20.0,20.0,8.26259994506836,527300
1996-12-11,19.75,20.0,19.625,19.875,8.210958480834961,1146000
1996-12-12,19.875,19.875,19.625,19.625,8.107673645019531,693500
1996-12-13,19.5,19.6875,19.5,19.5,8.056035995483398,540600
1996-12-16,19.5,19.75,19.5,19.625,8.107673645019531,448500
1996-12-17,19.5,19.9375,19.5,19.75,8.159318923950195,658300
1996-12-18,19.75,19.9375,19.75,19.875,8.210958480834961,431200
1996-12-19,20.0,20.0,19.875,19.875,8.210958480834961,555900
1996-12-20,20.125,20.125,19.875,19.875,8.210958480834961,1334100
1996-12-23,19.875,20.125,19.875,19.875,8.210958480834961,600500
1996-12-24,20.0,20.125,19.875,20.125,8.31424331665039,345000
1996-12-26,20.0,20.125,19.875,19.875,8.210958480834961,532800
1996-12-27,19.875,20.125,19.875,20.125,8.31424331665039,649400
1996-12-30,20.125,20.125,20.0,20.125,8.31424331665039,2022000
1996-12-31,19.875,20.125,19.875,19.875,8.314241409301758,1018500
1997-01-02,20.0,20.0,19.5,19.5,8.157368659973145,685500
1997-01-03,19.5,19.75,19.5,19.625,8.209654808044434,552600
1997-01-06,19.75,19.875,19.625,19.625,8.209654808044434,1152900
1997-01-07,19.625,20.125,19.625,20.125,8.4188232421875,733200
1997-01-08,20.25,20.25,20.0,20.125,8.4188232421875,1102900
1997-01-09,20.125,20.25,20.0,20.125,8.4188232421875,824200
1997-01-10,19.875,20.375,19.875,20.375,8.52340030670166,1213800
1997-01-13,20.25,20.375,20.125,20.375,8.52340030670166,1007900
1997-01-14,20.5,20.625,20.25,20.5,8.575693130493164,971300
1997-01-15,20.5,20.75,20.5,20.625,8.627985954284668,611800
1997-01-16,20.75,20.75,20.375,20.375,8.52340030670166,746300
1997-01-17,20.375,20.75,20.375,20.625,8.627985954284668,960800
1997-01-20,20.625,20.875,20.625,20.875,8.73256778717041,761800
1997-01-21,20.75,21.25,20.75,21.25,8.88944149017334,935200
1997-01-22,21.125,21.375,21.125,21.25,8.88944149017334,1023700
1997-01-23,21.25,21.375,21.125,21.25,8.88944149017334,1520900
1997-01-24,21.25,21.375,21.0,21.125,8.837148666381836,1190700
1997-01-27,21.0,21.125,20.875,21.0,8.784856796264648,1370300
1997-01-28,21.0,21.125,20.875,21.125,8.837148666381836,2164900
1997-01-29,21.0,21.25,20.875,21.125,8.837148666381836,1568800
1997-01-30,21.125,21.375,21.0,21.25,8.88944149017334,2302800
1997-01-31,21.25,21.5,21.25,21.375,8.941729545593262,1253800
1997-02-03,21.375,21.5,21.375,21.5,8.994019508361816,700800
1997-02-04,21.375,21.5,21.375,21.5,8.994019508361816,1767600
1997-02-05,21.375,21.75,21.375,21.375,8.941729545593262,1487000
1997-02-06,21.375,21.625,21.375,21.625,9.04631519317627,1015000
1997-02-07,21.75,22.125,21.625,22.125,9.255475044250488,1459400
1997-02-10,22.0,22.0625,21.625,21.75,9.098601341247559,1216200
1997-02-11,21.875,22.0,21.75,22.0,9.203182220458984,659200
1997-02-12,21.875,22.375,21.875,22.375,9.360054016113281,1339600
1997-02-13,22.375,22.75,22.25,22.625,9.464634895324707,1448200
1997-02-14,22.625,22.75,22.625,22.625,9.464634895324707,896300
1997-02-18,22.625,22.75,22.375,22.375,9.360054016113281,820800
1997-02-19,22.375,22.4375,22.125,22.25,9.307768821716309,993500
1997-02-20,22.25,22.25,22.125,22.125,9.255475044250488,1327200
1997-02-21,22.125,22.25,22.0,22.25,9.307768821716309,906000
1997-02-24,22.125,22.5,22.0,22.25,9.307768821716309,978400
1997-02-25,22.125,22.125,21.875,21.875,9.150891304016113,1519400
1997-02-26,21.875,21.875,21.5,21.75,9.098601341247559,1117500
1997-02-27,21.625,21.75,21.5,21.75,9.098601341247559,651400
1997-02-28,21.5,21.875,21.5,21.5,8.994019508361816,625000
1997-03-03,21.5,21.625,21.5,21.625,9.04631519317627,394800
1997-03-04,21.5,21.75,21.5,21.625,9.04631519317627,1247100
1997-03-05,21.625,21.75,21.5,21.625,9.04631519317627,984000
1997-03-06,21.625,21.625,21.375,21.375,8.941729545593262,1164900
1997-03-07,21.375,21.625,21.375,21.625,9.04631519317627,977600
1997-03-10,21.5,21.625,21.375,21.375,8.941729545593262,949000
1997-03-11,21.5,21.75,21.5,21.5,8.994019508361816,538500
1997-03-12,21.5,21.625,21.375,21.5,8.994019508361816,628400
1997-03-13,21.375,21.5,21.25,21.25,8.88944149017334,857500
1997-03-14,21.375,21.5,21.375,21.5,8.994019508361816,393600
1997-03-17,21.375,21.625,21.375,21.375,8.941729545593262,851300
1997-03-18,21.5,21.6875,21.375,21.375,8.941729545593262,523700
1997-03-19,21.375,21.625,21.375,21.625,9.04631519317627,566400
1997-03-20,21.5,21.625,21.375,21.375,8.941729545593262,703200
1997-03-21,21.625,21.75,21.5,21.75,9.098601341247559,852000
1997-03-24,21.75,22.25,21.625,22.25,9.307768821716309,2425900
1997-03-25,22.375,23.125,22.25,22.875,9.569217681884766,1988800
1997-03-26,22.875,22.875,22.375,22.625,9.464634895324707,1185400
1997-03-27,22.375,22.625,21.875,22.0,9.203182220458984,1313400
1997-03-31,21.875,22.5,21.75,22.5,9.412347793579102,927000
1997-04-01,22.375,22.5,22.25,22.5,9.412347793579102,4370800
1997-04-02,22.125,22.25,21.875,22.0,9.306587219238281,1539200
1997-04-03,21.875,22.0,21.75,21.875,9.253711700439453,1062900
1997-04-04,21.625,21.75,21.625,21.625,9.147960662841797,568800
1997-04-07,21.625,21.75,21.375,21.375,9.042200088500977,981400
1997-04-08,21.375,21.75,21.375,21.625,9.147960662841797,490700
1997-04-09,21.625,21.9375,21.625,21.875,9.253711700439453,746800
1997-04-10,21.75,22.125,21.75,22.125,9.359471321105957,1276400
1997-04-11,22.0,22.125,21.875,21.875,9.253711700439453,523200
1997-04-14,21.875,21.875,21.375,21.5,9.09507942199707,1114400
1997-04-15,21.625,21.75,21.5,21.75,9.200834274291992,742800
1997-04-16,21.625,21.75,21.5,21.75,9.200834274291992,478500
1997-04-17,21.75,21.75,21.375,21.375,9.042200088500977,505900
1997-04-18,21.375,21.5,21.25,21.25,8.989322662353516,887700
1997-04-21,21.25,21.5,21.25,21.25,8.989322662353516,546400
1997-04-22,21.25,21.375,21.0,21.0,8.883563041687012,985900
1997-04-23,21.0,21.125,20.625,20.75,8.777810096740723,1363800
1997-04-24,20.75,21.0,20.5,20.5,8.672052383422852,984400
1997-04-25,20.375,20.375,19.375,20.25,8.566293716430664,2548400
1997-04-28,20.25,21.0,20.25,20.75,8.777810096740723,2715500
1997-04-29,21.0,21.25,20.875,21.125,8.936444282531738,1811500
1997-04-30,21.125,21.125,20.75,21.0,8.883563041687012,2961200
1997-05-01,21.0,21.125,20.875,21.125,8.936444282531738,1138700
1997-05-02,21.0,21.5,21.0,21.5,9.09507942199707,3404500
1997-05-05,21.5,21.875,21.375,21.875,9.253711700439453,963900
1997-05-06,21.875,22.25,21.75,22.125,9.359471321105957,2027700
1997-05-07,22.125,22.25,21.875,21.875,9.253711700439453,1044400
1997-05-08,21.875,22.375,21.875,22.25,9.412349700927734,1330200
1997-05-09,22.375,22.375,22.125,22.25,9.412349700927734,1013100
1997-05-12,22.25,22.5,22.25,22.375,9.465225219726562,403800
1997-05-13,22.25,22.3125,22.125,22.125,9.359471321105957,833600
1997-05-14,22.375,22.5,22.25,22.5,9.518108367919922,595600
1997-05-15,22.375,22.875,22.25,22.875,9.676739692687988,1076000
1997-05-16,23.0,23.125,22.5,22.875,9.676739692687988,1525300
1997-05-19,22.75,22.875,22.625,22.75,9.623863220214844,683200
1997-05-20,22.75,22.875,22.5,22.875,9.676739692687988,942100
1997-05-21,22.875,22.875,22.75,22.875,9.676739692687988,682700
1997-05-22,22.75,22.875,22.625,22.75,9.623863220214844,730400
1997-05-23,22.75,23.125,22.75,22.875,9.676739692687988,1346700
1997-05-27,22.75,22.875,22.625,22.75,9.623863220214844,801700
1997-05-28,22.75,23.0625,22.625,22.875,9.676739692687988,638900
1997-05-29,23.0,23.25,23.0,23.125,9.782493591308594,396700
1997-05-30,22.875,23.5,22.875,23.375,9.888248443603516,711200
1997-06-02,23.375,23.875,23.375,23.75,10.04688549041748,1436200
1997-06-03,23.75,23.875,23.5,23.75,10.04688549041748,1437500
1997-06-04,23.5,23.625,23.375,23.5,9.941131591796875,808800
1997-06-05,23.375,23.625,23.375,23.5,9.941131591796875,313600
1997-06-06,23.5,23.625,23.5,23.625,9.994013786315918,415400
1997-06-09,23.625,23.875,23.5,23.875,10.099767684936523,803500
1997-06-10,23.875,23.9375,23.75,23.875,10.099767684936523,418000
1997-06-11,23.75,23.875,23.5,23.5,9.941131591796875,877500
1997-06-12,23.625,24.0,23.625,24.0,10.1526460647583,583900
1997-06-13,24.0,24.125,23.75,23.875,10.099767684936523,944900
1997-06-16,24.0,24.125,23.875,23.875,10.099767684936523,895800
1997-06-17,23.875,24.125,23.875,24.0,10.1526460647583,627900
1997-06-18,24.0,25.125,24.0,25.125,10.628549575805664,1105000
1997-06-19,25.125,25.625,25.0,25.625,10.840062141418457,2077100
1997-06-20,25.5,25.625,25.0,25.0,10.575674057006836,1209600
1997-06-23,24.875,25.5,24.75,25.25,10.681426048278809,903100
1997-06-24,25.125,25.4375,25.125,25.25,10.681426048278809,815400
1997-06-25,25.1875,25.25,24.75,24.875,10.52279281616211,854800
1997-06-26,24.75,25.125,24.75,25.0,10.575674057006836,918300
1997-06-27,25.125,25.5625,25.125,25.4375,10.760746955871582,1313800
1997-06-30,25.375,25.4375,24.8125,24.875,10.52279281616211,3502200
1997-07-01,24.75,24.875,24.375,24.4375,10.442672729492188,4107900
1997-07-02,24.4375,24.6875,24.375,24.625,10.52279281616211,1602000
1997-07-03,24.8125,25.125,24.8125,25.0,10.683038711547852,879400
1997-07-07,25.0,25.0625,24.6875,24.75,10.576210021972656,484600
1997-07-08,24.6875,24.875,24.5625,24.75,10.576210021972656,833000
1997-07-09,24.75,24.875,24.375,24.4375,10.442672729492188,660400
1997-07-10,24.5,25.125,24.4375,24.8125,10.602916717529297,812500
1997-07-11,24.8125,25.3125,24.8125,25.125,10.736448287963867,498200
1997-07-14,25.0,25.15625,24.875,24.875,10.629620552062988,784800
1997-07-15,24.875,24.9375,24.5625,24.625,10.52279281616211,1076800
1997-07-16,24.6875,24.875,24.6875,24.75,10.576210021972656,498100
1997-07-17,24.6875,24.75,24.5625,24.6875,10.549501419067383,538700
1997-07-18,24.625,24.6875,24.125,24.25,10.362545013427734,885700
1997-07-21,24.1875,24.375,24.125,24.25,10.362545013427734,581400
1997-07-22,24.25,24.625,24.25,24.5625,10.496082305908203,552900
1997-07-23,24.5625,24.9375,24.5,24.6875,10.549501419067383,762900
1997-07-24,24.6875,24.875,24.6875,24.8125,10.602916717529297,810600
1997-07-25,24.8125,25.0625,24.8125,24.9375,10.656332015991211,686200
1997-07-28,25.0,25.125,24.75,25.0,10.683038711547852,444900
1997-07-29,24.75,25.25,24.75,25.1875,10.763164520263672,558000
1997-07-30,25.1875,25.3125,25.0625,25.3125,10.816574096679688,801700
1997-07-31,25.25,25.375,25.1875,25.25,10.78986930847168,533200
1997-08-01,25.25,25.3125,24.875,25.0,10.683038711547852,985400
1997-08-04,24.875,25.25,24.875,25.125,10.736448287963867,438700
1997-08-05,25.0625,25.25,25.0625,25.125,10.736448287963867,280900
1997-08-06,25.125,25.625,25.125,25.5,10.896706581115723,628100
1997-08-07,25.5,25.6875,25.4375,25.4375,10.869994163513184,787800
1997-08-08,25.25,25.625,25.1875,25.3125,10.816574096679688,624300
1997-08-11,25.1875,25.875,25.125,25.8125,11.030241012573242,549300
1997-08-12,25.8125,26.1875,25.75,25.875,11.05694580078125,909900
1997-08-13,26.0625,26.0625,25.5625,25.5625,10.923405647277832,481100
1997-08-14,25.6875,25.875,25.4375,25.625,10.950111389160156,576300
1997-08-15,25.4375,25.5,25.0625,25.0625,10.709741592407227,525800
1997-08-18,24.8125,25.25,24.8125,25.25,10.78986930847168,572100
1997-08-19,25.1875,25.625,25.1875,25.625,10.950111389160156,555700
1997-08-20,25.5,25.5625,25.3125,25.3125,10.816574096679688,688200
1997-08-21,25.0625,25.125,24.5,24.5,10.46937370300293,948400
1997-08-22,24.0,25.125,24.0,25.125,10.736448287963867,556100
1997-08-25,25.0625,25.1875,24.75,24.875,10.629620552062988,588600
1997-08-26,24.75,24.75,24.4375,24.5,10.46937370300293,1138000
1997-08-27,24.5,24.8125,24.5,24.6875,10.549501419067383,798800
1997-08-28,24.5625,24.9375,24.125,24.375,10.415966033935547,463400
1997-08-29,24.25,24.5,24.125,24.125,10.309135437011719,522900
1997-09-02,24.125,24.9375,24.125,24.875,10.629620552062988,487400
1997-09-03,24.625,25.3125,24.625,24.9375,10.656332015991211,680700
1997-09-04,24.9375,25.0625,24.75,24.8125,10.602916717529297,452300
1997-09-05,24.875,25.0625,24.8125,24.8125,10.602916717529297,399600
1997-09-08,24.9375,25.4375,24.9375,25.25,10.78986930847168,587700
1997-09-09,25.1875,25.6875,25.1875,25.4375,10.869994163513184,593000
1997-09-10,25.3125,25.4375,25.0,25.0,10.683038711547852,384700
1997-09-11,25.0,25.1875,24.875,25.0625,10.709741592407227,556900
1997-09-12,25.25,26.3125,25.25,26.3125,11.243895530700684,630600
1997-09-15,26.25,26.3125,25.9375,26.0,11.110359191894531,414100
1997-09-16,26.125,26.75,26.125,26.75,11.430853843688965,581400
1997-09-17,26.75,26.96875,26.6875,26.8125,11.457563400268555,629400
1997-09-18,26.75,27.125,26.6875,26.6875,11.404139518737793,655300
1997-09-19,26.6875,26.75,26.5,26.5625,11.350732803344727,796200
1997-09-22,26.5,26.5625,26.25,26.3125,11.243895530700684,987800
1997-09-23,26.1875,26.5,26.0,26.4375,11.297310829162598,823800
1997-09-24,26.375,26.5625,25.8125,25.875,11.05694580078125,864000
1997-09-25,25.875,25.875,25.375,25.375,10.843286514282227,741200
1997-09-26,25.5625,25.5625,25.0625,25.0625,10.709741592407227,1123400
1997-09-29,25.0,25.5625,24.875,25.5,10.896706581115723,812000
1997-09-30,25.5,25.625,25.25,25.25,10.78986930847168,1047500
1997-10-01,25.1875,25.625,25.1875,25.5625,11.03264045715332,2856900
1997-10-02,25.4375,26.0,25.375,26.0,11.221463203430176,392800
1997-10-03,26.25,26.25,25.75,25.8125,11.140542984008789,648500
1997-10-06,25.875,26.1875,25.8125,25.875,11.16751480102539,472000
1997-10-07,25.9375,26.1875,25.9375,26.1875,11.302386283874512,940500
1997-10-08,26.125,26.1875,25.5,25.5625,11.03264045715332,543500
1997-10-09,25.3125,25.5625,25.1875,25.1875,10.870796203613281,674800
1997-10-10,24.9375,25.1875,24.875,25.0,10.789868354797363,2515300
1997-10-13,25.125,25.1875,24.9375,25.0,10.789868354797363,331400
1997-10-14,25.0625,25.3125,25.0,25.1875,10.870796203613281,1953100
1997-10-15,25.0,25.0625,24.8125,24.875,10.735919952392578,599100
1997-10-16,24.8125,25.25,24.8125,25.0625,10.816837310791016,689500
1997-10-17,24.875,25.5,24.8125,25.5,11.005672454833984,829800
1997-10-20,25.4375,26.5,25.375,26.1875,11.302386283874512,695200
1997-10-21,26.1875,26.8125,26.1875,26.8125,11.57214069366455,724400
1997-10-22,26.8125,26.9375,26.6875,26.6875,11.518183708190918,893900
1997-10-23,26.5,26.5625,26.1875,26.25,11.329366683959961,565000
1997-10-24,26.3125,26.375,26.0625,26.1875,11.302386283874512,429800
1997-10-27,26.125,26.6875,25.9375,25.9375,11.194487571716309,682700
1997-10-28,25.0,25.5,24.875,25.5,11.005672454833984,1418700
1997-10-29,25.4375,25.6875,25.3125,25.3125,10.924739837646484,937000
1997-10-30,25.3125,25.625,25.25,25.25,10.897767066955566,821900
1997-10-31,25.4375,25.8125,25.3125,25.625,11.059613227844238,851000
1997-11-03,25.875,26.125,25.75,25.8125,11.140542984008789,986700
1997-11-04,25.8125,25.9375,25.75,25.9375,11.194487571716309,307000
1997-11-05,25.75,26.125,25.625,25.75,11.113569259643555,757600
1997-11-06,25.75,25.8125,25.5625,25.625,11.059613227844238,357500
1997-11-07,25.375,25.75,25.1875,25.6875,11.086594581604004,446500
1997-11-10,25.875,25.9375,25.5625,25.625,11.059613227844238,725500
1997-11-11,25.625,26.0,25.625,25.9375,11.194487571716309,489600
1997-11-12,25.75,26.1875,25.625,25.75,11.113569259643555,903100
1997-11-13,25.6875,25.8125,25.1875,25.3125,10.924739837646484,1143700
1997-11-14,25.375,25.625,25.3125,25.375,10.9517183303833,1501700
1997-11-17,25.5625,26.0625,25.4375,25.9375,11.194487571716309,1072400
1997-11-18,25.8125,25.9375,25.625,25.9375,11.194487571716309,592700
1997-11-19,25.875,26.0625,25.625,26.0,11.221463203430176,780100
1997-11-20,26.0,27.0,26.0,26.75,11.545162200927734,769800
1997-11-21,26.8125,27.0625,26.5625,27.0625,11.68004035949707,742200
1997-11-24,27.125,27.25,26.8125,26.8125,11.57214069366455,653200
1997-11-25,27.0,27.4375,27.0,27.3125,11.78794002532959,676700
1997-11-26,27.3125,27.75,26.8125,26.8125,11.57214069366455,639500
1997-11-28,26.9375,27.125,26.8125,26.8125,11.57214069366455,105500
1997-12-01,26.9375,27.6875,26.875,27.625,11.92280387878418,353200
1997-12-02,27.625,27.8125,27.1875,27.3125,11.78794002532959,306400
1997-12-03,27.4375,27.4375,26.875,26.9375,11.626083374023438,430700
1997-12-04,27.125,27.1875,27.0,27.1875,11.733979225158691,651600
1997-12-05,27.0625,27.5,27.0,27.25,11.76095962524414,565400
1997-12-08,27.1875,27.625,27.1875,27.375,11.814908027648926,845800
1997-12-09,27.375,27.6875,27.375,27.625,11.92280387878418,335700
1997-12-10,27.5,27.5,26.5625,26.6875,11.518183708190918,2334700
1997-12-11,26.6875,26.6875,26.125,26.125,11.275412559509277,534900
1997-12-12,26.1875,26.1875,25.8125,25.875,11.16751480102539,2165000
1997-12-15,25.9375,26.1875,25.625,26.0625,11.248440742492676,1656900
1997-12-16,26.1875,26.375,25.9375,26.0,11.221463203430176,626600
1997-12-17,26.125,26.4375,26.125,26.25,11.329366683959961,461700
1997-12-18,26.3125,26.75,26.125,26.375,11.38331413269043,694400
1997-12-19,26.0,26.25,25.75,25.875,11.16751480102539,1428700
1997-12-22,25.9375,26.3125,25.9375,26.25,11.329366683959961,623700
1997-12-23,26.25,27.25,26.25,26.625,11.4912109375,862200
1997-12-24,26.75,27.0,26.5,26.5,11.437259674072266,605200
1997-12-26,26.5,27.0,26.5,27.0,11.653059959411621,185600
1997-12-29,26.9375,27.375,26.9375,27.3125,11.78794002532959,657000
1997-12-30,27.5,27.65625,27.4375,27.625,11.92280387878418,499400
1997-12-31,27.25,27.375,26.875,27.1875,11.84113883972168,1819300
1998-01-02,27.25,27.4375,27.0625,27.1875,11.84113883972168,699200
1998-01-05,27.125,27.4375,26.5,26.875,11.705038070678711,1045700
1998-01-06,26.8125,26.9375,26.5,26.625,11.59615421295166,1067400
1998-01-07,26.375,26.375,25.875,26.3125,11.460046768188477,1049100
1998-01-08,26.1875,26.25,25.5625,25.5625,11.133394241333008,2428600
1998-01-09,25.625,25.75,25.1875,25.1875,10.970070838928223,582400
1998-01-12,25.3125,26.375,25.25,26.3125,11.460046768188477,1249300
1998-01-13,26.1875,26.875,26.125,26.4375,11.514487266540527,1370100
1998-01-14,26.375,26.625,26.25,26.5625,11.568936347961426,1074600
1998-01-15,26.5625,26.5625,26.4375,26.5,11.54171085357666,745300
1998-01-16,26.75,26.8125,26.625,26.625,11.59615421295166,916200
1998-01-20,26.8125,27.125,26.5,27.0625,11.786704063415527,2309600
1998-01-21,27.0625,27.3125,26.8125,27.0625,11.786704063415527,1055000
1998-01-22,27.0,27.5,26.9375,27.4375,11.950024604797363,889300
1998-01-23,27.4375,27.625,27.375,27.4375,11.950024604797363,691800
1998-01-26,27.4375,27.6875,27.1875,27.4375,11.950024604797363,668900
1998-01-27,27.5625,27.5625,27.0,27.125,11.813921928405762,636700
1998-01-28,27.125,27.3125,27.125,27.1875,11.84113883972168,665000
1998-01-29,27.3125,27.375,26.8125,26.875,11.705038070678711,1440600
1998-01-30,27.0,27.1875,26.875,26.875,11.705038070678711,922900
1998-02-02,27.125,27.125,26.875,27.0,11.75948429107666,488100
1998-02-03,27.0,27.1875,26.875,27.1875,11.84113883972168,590100
1998-02-04,27.0625,27.125,26.875,26.9375,11.732254981994629,443100
1998-02-05,26.875,27.1875,26.75,27.1875,11.84113883972168,531400
1998-02-06,27.1875,27.1875,26.75,27.0,11.75948429107666,780200
1998-02-09,26.9375,27.5,26.875,27.1875,11.84113883972168,821700
1998-02-10,27.25,27.3125,26.875,26.875,11.705038070678711,1450200
1998-02-11,26.9375,26.9375,26.625,26.75,11.650601387023926,801400
1998-02-12,26.6875,26.6875,26.375,26.5625,11.568936347961426,772100
1998-02-13,26.5625,26.625,26.5,26.5,11.54171085357666,455500
1998-02-17,26.375,26.9375,25.9375,26.875,11.705038070678711,464800
1998-02-18,26.875,26.875,26.6875,26.75,11.650601387023926,559400
1998-02-19,26.625,26.6875,26.0,26.25,11.432828903198242,1109300
1998-02-20,26.375,26.625,26.3125,26.4375,11.514487266540527,888800
1998-02-23,26.5,26.9375,26.5,26.9375,11.732254981994629,530000
1998-02-24,26.875,26.9375,26.625,26.8125,11.67781925201416,515100
1998-02-25,26.875,27.4375,26.8125,27.3125,11.895591735839844,919100
1998-02-26,27.1875,27.4375,27.125,27.375,11.922804832458496,418100
1998-02-27,27.25,27.625,27.125,27.625,12.031686782836914,678300
1998-03-02,27.4375,27.6875,27.4375,27.625,12.031686782836914,603100
1998-03-03,27.5,27.5625,27.3125,27.5625,12.00446891784668,412900
1998-03-04,27.5,27.875,27.5,27.875,12.140581130981445,418200
1998-03-05,27.6875,27.8125,27.625,27.75,12.086138725280762,596600
1998-03-06,27.75,28.125,27.75,28.0625,12.222236633300781,719900
1998-03-09,28.0,28.375,27.75,28.0,12.195014953613281,1002800
1998-03-10,28.0,28.0625,27.875,27.875,12.140581130981445,906800
1998-03-11,27.875,28.125,27.875,28.0,12.195014953613281,1352100
1998-03-12,28.0,28.0,27.6875,27.8125,12.113353729248047,816300
1998-03-13,27.875,28.0625,27.8125,27.875,12.140581130981445,437500
1998-03-16,28.125,28.5,28.0,28.5,12.412781715393066,472100
1998-03-17,28.6875,29.125,28.625,29.0,12.630547523498535,980600
1998-03-18,29.375,29.9375,29.3125,29.9375,13.038861274719238,852000
1998-03-19,29.9375,30.0,29.75,29.875,13.011642456054688,559900
1998-03-20,29.9375,30.5,29.4375,30.0625,13.09331226348877,932600
1998-03-23,29.875,30.125,29.8125,29.9375,13.038861274719238,262400
1998-03-24,29.9375,30.25,29.9375,30.1875,13.147753715515137,273400
1998-03-25,30.1875,30.625,30.125,30.1875,13.147753715515137,854400
1998-03-26,30.0,30.0625,29.0,29.75,12.957202911376953,384600
1998-03-27,29.75,29.75,29.125,29.25,12.739434242248535,430600
1998-03-30,29.125,29.25,28.9375,29.0,12.630547523498535,423200
1998-03-31,29.0,29.75,28.9375,29.375,12.793876647949219,568300
1998-04-01,29.0,29.25,28.75,29.25,12.853199005126953,3375900
1998-04-02,29.25,29.6875,29.1875,29.6875,13.045448303222656,391500
1998-04-03,29.75,29.9375,29.625,29.625,13.017988204956055,463300
1998-04-06,29.8125,29.875,29.375,29.375,12.90813159942627,935200
1998-04-07,29.3125,29.5,29.0,29.1875,12.825736999511719,596200
1998-04-08,29.0625,29.125,28.75,28.875,12.688417434692383,988000
1998-04-09,29.0,29.125,28.75,29.0625,12.770806312561035,298700
1998-04-13,29.0,29.0625,28.625,28.75,12.633488655090332,379700
1998-04-14,28.6875,29.5,28.6875,29.3125,12.880666732788086,490100
1998-04-15,29.375,29.5,29.125,29.1875,12.825736999511719,334500
1998-04-16,29.125,29.125,28.75,28.9375,12.715879440307617,449300
1998-04-17,28.9375,29.6875,28.875,29.6875,13.045448303222656,438400
1998-04-20,29.5,29.5,28.9375,29.0,12.743342399597168,540800
1998-04-21,29.0625,29.1875,28.875,29.0625,12.770806312561035,387000
1998-04-22,29.0625,29.3125,29.0625,29.125,12.798279762268066,303300
1998-04-23,29.0,29.125,28.3125,28.375,12.468704223632812,553900
1998-04-24,28.25,28.8125,28.25,28.5,12.52363395690918,428500
1998-04-27,28.5,28.5,27.9375,28.0625,12.331380844116211,587200
1998-04-28,28.125,28.375,28.0625,28.25,12.413774490356445,558600
1998-04-29,28.3125,28.875,28.3125,28.75,12.633488655090332,604000
1998-04-30,28.9375,29.875,28.9375,29.8125,13.100380897521973,828800
1998-05-01,29.875,29.9375,29.3125,29.375,12.90813159942627,692900
1998-05-04,29.375,30.0,29.375,29.875,13.12784481048584,952100
1998-05-05,29.75,30.0,29.5625,30.0,13.182771682739258,1264500
1998-05-06,29.875,29.9375,29.6875,29.6875,13.045448303222656,800600
1998-05-07,29.5625,30.0,29.5,29.625,13.017988204956055,600900
1998-05-08,29.5625,30.1875,29.25,29.25,12.853199005126953,1575500
1998-05-11,29.25,29.625,29.25,29.3125,12.880666732788086,301100
1998-05-12,29.0625,29.25,28.9375,29.0,12.743342399597168,491400
1998-05-13,29.0,29.25,28.625,28.75,12.633488655090332,740800
1998-05-14,28.5,28.625,28.375,28.4375,12.496164321899414,1065200
1998-05-15,28.5,28.5625,28.0625,28.0625,12.331380844116211,883200
1998-05-18,28.0625,28.375,28.0625,28.3125,12.441242218017578,991000
1998-05-19,28.4375,28.5,28.25,28.25,12.413774490356445,1382700
1998-05-20,28.5,29.0,28.5,28.875,12.688417434692383,1077700
1998-05-21,28.75,28.8125,28.5625,28.625,12.578557968139648,454600
1998-05-22,28.5625,28.6875,28.5,28.5625,12.551095008850098,478800
1998-05-26,28.75,28.75,28.125,28.125,12.358845710754395,531900
1998-05-27,28.1875,28.5,28.0625,28.25,12.413774490356445,857200
1998-05-28,28.4375,28.9375,28.3125,28.9375,12.715879440307617,781000
1998-05-29,28.875,29.625,28.875,29.375,12.90813159942627,584700
1998-06-01,29.5,30.3125,29.5,30.1875,13.26516342163086,1444800
1998-06-02,30.25,30.3125,29.75,29.9375,13.155309677124023,472400
1998-06-03,29.6875,30.125,29.625,30.0625,13.210230827331543,498500
1998-06-04,30.0,30.1875,29.8125,30.0,13.182771682739258,957700
1998-06-05,30.0,30.3125,29.9375,30.3125,13.320091247558594,412500
1998-06-08,30.25,30.625,30.1875,30.5,13.402482986450195,758700
1998-06-09,30.5,30.6875,30.4375,30.4375,13.375021934509277,559200
1998-06-10,30.4375,30.8125,30.4375,30.6875,13.484878540039062,546500
1998-06-11,30.6875,31.0,30.5625,30.9375,13.594727516174316,1050200
1998-06-12,30.875,30.9375,30.5625,30.5625,13.429946899414062,345200
1998-06-15,30.625,30.875,29.9375,29.9375,13.155309677124023,700500
1998-06-16,29.9375,30.125,29.625,29.8125,13.100380897521973,878400
1998-06-17,29.6875,30.0,29.5,30.0,13.182771682739258,909400
1998-06-18,29.9375,30.3125,29.9375,30.25,13.29262924194336,787500
1998-06-19,30.0625,30.375,29.75,29.9375,13.155309677124023,984600
1998-06-22,29.875,30.625,29.875,30.25,13.29262924194336,666700
1998-06-23,30.25,30.4375,29.5625,29.5625,12.990521430969238,887400
1998-06-24,29.6875,29.875,29.5625,29.6875,13.045448303222656,418200
1998-06-25,29.75,29.75,29.25,29.25,12.853199005126953,712500
1998-06-26,29.3125,29.5,29.125,29.5,12.963055610656738,489700
1998-06-29,29.625,30.1875,29.625,30.125,13.237696647644043,769800
1998-06-30,29.6875,29.8125,29.25,29.5625,13.10361385345459,1306300
1998-07-01,29.5,29.6875,29.375,29.5,13.075919151306152,2595100
1998-07-02,29.5625,29.6875,29.375,29.4375,13.048212051391602,1007400
1998-07-06,29.375,29.625,29.0625,29.5625,13.10361385345459,993400
1998-07-07,29.625,29.625,29.125,29.125,12.909689903259277,340700
1998-07-08,29.125,29.375,29.0625,29.375,13.020512580871582,306300
1998-07-09,29.4375,29.6875,29.375,29.4375,13.048212051391602,481600
1998-07-10,29.4375,29.5,29.125,29.25,12.96510124206543,346100
1998-07-13,29.125,29.25,29.0,29.125,12.909689903259277,238400
1998-07-14,29.125,29.25,28.875,29.1875,12.937396049499512,351300
1998-07-15,29.0,29.125,28.5625,28.5625,12.660364151000977,623800
1998-07-16,28.8125,29.125,28.75,29.125,12.909689903259277,318300
1998-07-17,29.125,29.3125,29.0,29.125,12.909689903259277,844700
1998-07-20,29.0,29.3125,29.0,29.0,12.854283332824707,319800
1998-07-21,29.0,29.125,28.6875,28.875,12.798882484436035,630700
1998-07-22,28.875,29.375,28.875,29.0,12.854283332824707,410100
1998-07-23,29.0,29.3125,28.6875,28.6875,12.71576976776123,349100
1998-07-24,28.6875,28.8125,28.375,28.5625,12.660364151000977,471200
1998-07-27,28.4375,28.75,28.25,28.5,12.632657051086426,454000
1998-07-28,28.75,28.75,28.125,28.125,12.466438293457031,684000
1998-07-29,28.125,28.25,27.75,27.9375,12.383331298828125,341900
1998-07-30,28.0,28.4375,28.0,28.125,12.466438293457031,358600
1998-07-31,28.1875,28.1875,27.6875,27.75,12.30021858215332,392600
1998-08-03,27.6875,28.1875,27.4375,27.8125,12.327923774719238,575500
1998-08-04,28.0,28.3125,27.0625,27.125,12.02319049835205,697000
1998-08-05,27.25,28.0,26.9375,27.375,12.134000778198242,643200
1998-08-06,27.25,27.4375,27.0,27.1875,12.050889015197754,510700
1998-08-07,27.25,27.5,27.0625,27.4375,12.16170597076416,571400
1998-08-10,27.375,27.5625,27.25,27.375,12.134000778198242,475600
1998-08-11,27.3125,27.5625,27.25,27.5625,12.217114448547363,424800
1998-08-12,27.9375,28.8125,27.8125,28.1875,12.49414348602295,583700
1998-08-13,28.25,28.625,27.75,28.0,12.411030769348145,481200
1998-08-14,28.0,28.5,28.0,28.0625,12.438740730285645,336400
1998-08-17,28.0,28.25,27.9375,28.1875,12.49414348602295,409300
1998-08-18,28.125,28.3125,27.875,28.0625,12.438740730285645,531900
1998-08-19,28.0625,28.1875,27.875,28.0625,12.438740730285645,358600
1998-08-20,28.0625,28.25,28.0,28.1875,12.49414348602295,607300
1998-08-21,27.9375,28.6875,27.75,28.625,12.688065528869629,546200
1998-08-24,28.75,29.0,28.6875,28.875,12.798882484436035,363700
1998-08-25,29.0,29.0625,28.4375,28.4375,12.604957580566406,446400
1998-08-26,27.875,28.625,27.8125,28.3125,12.549545288085938,504400
1998-08-27,28.25,28.375,27.8125,27.875,12.35562801361084,580000
1998-08-28,27.9375,28.6875,27.625,28.5,12.632657051086426,998000
1998-08-31,28.4375,29.0,28.125,28.4375,12.604957580566406,1042500
1998-09-01,28.4375,28.5,27.5,28.1875,12.49414348602295,638500
1998-09-02,28.0,28.0,26.75,27.0625,11.995484352111816,1379000
1998-09-03,26.8125,27.5,26.6875,26.875,11.912376403808594,649300
1998-09-04,26.9375,27.0,26.0625,26.5625,11.773859024047852,504600
1998-09-08,26.5,27.125,26.125,26.9375,11.940082550048828,357500
1998-09-09,26.875,27.3125,26.75,27.0625,11.995484352111816,790400
1998-09-10,26.8125,27.125,26.3125,26.5625,11.773859024047852,262400
1998-09-11,26.0,26.75,25.875,26.5,11.746162414550781,675000
1998-09-14,26.75,26.875,26.5,26.5,11.746162414550781,509400
1998-09-15,26.5625,26.8125,26.4375,26.75,11.856969833374023,1073100
1998-09-16,26.875,27.375,26.875,27.375,12.134000778198242,2040900
1998-09-17,27.125,27.1875,26.5,26.6875,11.82927131652832,468700
1998-09-18,26.875,27.125,26.6875,27.0,11.967779159545898,1147100
1998-09-21,27.0,27.0,26.5625,26.875,11.912376403808594,784100
1998-09-22,27.0,27.0625,26.5,26.5,11.746162414550781,2017100
1998-09-23,26.625,26.9375,26.4375,26.9375,11.940082550048828,1134600
1998-09-24,26.6875,27.0,26.3125,26.5625,11.773859024047852,893000
1998-09-25,26.5,26.75,26.125,26.25,11.635346412658691,946600
1998-09-28,26.375,26.4375,25.8125,25.9375,11.496829986572266,1061300
1998-09-29,25.6875,25.75,25.375,25.625,11.358311653137207,1117200
1998-09-30,25.5,25.9375,25.5,25.6875,11.386014938354492,1474300
1998-10-01,25.25,25.9375,25.125,25.6875,11.502443313598633,3766600
1998-10-02,26.375,26.6875,26.125,26.5,11.866264343261719,2557100
1998-10-05,26.5,27.4375,26.5,27.1875,12.174115180969238,1523300
1998-10-06,27.4375,28.0,27.25,27.875,12.481958389282227,1669100
1998-10-07,29.0,29.25,28.25,28.75,12.873771667480469,2046200
1998-10-08,28.75,29.0,28.25,28.625,12.817806243896484,2198600
1998-10-09,28.625,28.625,27.6875,27.6875,12.398005485534668,988200
1998-10-12,27.6875,27.6875,25.8125,26.625,11.922235488891602,1517000
1998-10-13,26.875,27.0625,26.75,26.9375,12.06216812133789,1205600
1998-10-14,27.0,28.25,27.0,27.6875,12.398005485534668,2187200
1998-10-15,27.6875,28.125,27.4375,27.9375,12.509950637817383,1246000
1998-10-16,27.9375,28.0,26.75,27.0,12.090150833129883,1085300
1998-10-19,27.0,27.3125,26.8125,27.1875,12.174115180969238,530700
1998-10-20,27.125,27.25,26.5,26.625,11.922235488891602,1304300
1998-10-21,27.1875,27.3125,26.5,26.6875,11.950222969055176,752200
1998-10-22,26.5,27.3125,26.5,27.1875,12.174115180969238,1646800
1998-10-23,27.125,27.25,26.5,26.625,11.922235488891602,1279600
1998-10-26,26.75,26.8125,25.75,25.8125,11.558419227600098,2570300
1998-10-27,25.8125,25.9375,25.5,25.6875,11.502443313598633,591100
1998-10-28,25.8125,25.9375,25.5625,25.8125,11.558419227600098,1021500
1998-10-29,25.6875,25.8125,25.5,25.625,11.47445011138916,930200
1998-10-30,25.75,26.6875,25.75,26.375,11.810288429260254,2182800
1998-11-02,26.625,27.8125,26.625,27.25,12.202101707458496,1141500
1998-11-03,27.5,27.9375,27.3125,27.875,12.481958389282227,563900
1998-11-04,28.0,28.5625,27.625,27.6875,12.398005485534668,1587000
1998-11-05,27.5625,27.6875,27.0,27.25,12.202101707458496,951600
1998-11-06,27.1875,27.75,27.1875,27.4375,12.286060333251953,581200
1998-11-09,27.4375,27.4375,26.875,27.25,12.202101707458496,586600
1998-11-10,27.25,28.125,27.25,27.75,12.425992012023926,759700
1998-11-11,27.5,27.5,27.0,27.25,12.202101707458496,792900
1998-11-12,27.375,27.625,27.375,27.5,12.31404972076416,1001300
1998-11-13,27.5,27.5,27.25,27.4375,12.286060333251953,783400
1998-11-16,27.5,27.5625,27.25,27.3125,12.23008918762207,647800
1998-11-17,27.3125,27.5,27.1875,27.1875,12.174115180969238,748600
1998-11-18,27.25,27.25,26.8125,27.0625,12.118144989013672,733800
1998-11-19,27.0,27.0625,26.625,26.75,11.978211402893066,301300
1998-11-20,27.0,27.375,26.9375,27.125,12.146126747131348,599100
1998-11-23,27.25,27.875,27.25,27.75,12.425992012023926,575700
1998-11-24,27.625,28.0,27.375,27.5625,12.342039108276367,772100
1998-11-25,27.4375,28.0,27.375,27.75,12.425992012023926,501000
1998-11-27,27.6875,27.875,27.625,27.625,12.37002182006836,60900
1998-11-30,27.5,27.625,27.3125,27.5,12.31404972076416,928100
1998-12-01,27.5,27.6875,27.375,27.625,12.37002182006836,567700
1998-12-02,27.5,27.875,27.5,27.875,12.481958389282227,569600
1998-12-03,27.8125,27.9375,27.75,27.75,12.425992012023926,359700
1998-12-04,27.8125,28.375,27.8125,28.3125,12.677871704101562,358400
1998-12-07,28.5,28.5,28.0,28.375,12.70585823059082,271600
1998-12-08,28.375,28.5625,28.0,28.1875,12.621896743774414,576100
1998-12-09,28.1875,28.5,28.1875,28.3125,12.677871704101562,455700
1998-12-10,28.25,28.25,27.6875,27.75,12.425992012023926,604400
1998-12-11,27.8125,27.875,27.625,27.875,12.481958389282227,399400
1998-12-14,27.625,27.8125,27.625,27.8125,12.45397663116455,408700
1998-12-15,27.8125,28.0625,27.8125,27.875,12.481958389282227,912600
1998-12-16,27.875,28.1875,27.75,28.0625,12.565923690795898,621500
1998-12-17,28.125,28.25,27.6875,27.875,12.481958389282227,1208300
1998-12-18,27.75,27.9375,27.5625,27.875,12.481958389282227,1165800
1998-12-21,27.8125,28.25,27.8125,28.0625,12.565923690795898,485900
1998-12-22,28.0625,28.5,28.0625,28.375,12.70585823059082,1247700
1998-12-23,28.375,28.5,28.25,28.3125,12.677871704101562,833500
1998-12-24,28.375,28.4375,28.1875,28.25,12.64988899230957,234600
1998-12-28,28.25,28.4375,28.0,28.0,12.537939071655273,307100
1998-12-29,28.0,28.4375,28.0,28.125,12.593913078308105,364500
1998-12-30,28.0,28.1875,27.75,27.8125,12.45397663116455,272800
1998-12-31,27.75,28.0,27.6875,27.875,12.599745750427246,4903900
1999-01-04,28.0,28.5,27.75,27.8125,12.571499824523926,774200
1999-01-05,27.75,28.1875,27.625,27.8125,12.571499824523926,532200
1999-01-06,27.9375,28.0625,27.75,28.0,12.65625286102295,446400
1999-01-07,27.75,28.0,27.625,27.75,12.543251037597656,515900
1999-01-08,27.5625,27.5625,27.125,27.25,12.317248344421387,904500
1999-01-11,27.125,27.1875,26.5625,26.875,12.147747993469238,843500
1999-01-12,26.875,27.625,26.75,27.4375,12.401997566223145,1463100
1999-01-13,27.5,28.4375,27.4375,27.6875,12.51500129699707,1024200
1999-01-14,27.5625,27.75,27.5,27.5625,12.458505630493164,731300
1999-01-15,27.625,27.9375,27.625,27.9375,12.62800121307373,489800
1999-01-19,27.6875,27.6875,26.75,27.625,12.4867525100708,1258800
1999-01-20,27.625,27.875,27.4375,27.5625,12.458505630493164,573300
1999-01-21,27.8125,28.25,27.5,27.9375,12.62800121307373,1179300
1999-01-22,28.125,28.6875,28.0625,28.6875,12.967012405395508,679200
1999-01-25,28.6875,28.9375,28.6875,28.8125,13.023514747619629,973700
1999-01-26,28.8125,28.875,28.4375,28.6875,12.967012405395508,764700
1999-01-27,28.6875,28.8125,27.875,27.9375,12.62800121307373,823500
1999-01-28,28.0,28.25,27.8125,28.0625,12.684502601623535,495600
1999-01-29,28.125,28.125,27.375,27.8125,12.571499824523926,467300
1999-02-01,27.75,27.8125,27.125,27.1875,12.288997650146484,444900
1999-02-02,27.1875,27.375,26.6875,27.25,12.317248344421387,751100
1999-02-03,27.0625,27.25,26.875,27.25,12.317248344421387,652600
1999-02-04,27.4375,27.4375,26.75,26.9375,12.175992012023926,592400
1999-02-05,27.0625,27.125,26.75,27.0,12.204240798950195,510100
1999-02-08,27.0,27.4375,26.625,26.75,12.091243743896484,758600
1999-02-09,26.5,26.625,26.1875,26.1875,11.836983680725098,517300
1999-02-10,26.25,26.625,26.1875,26.5625,12.006490707397461,318700
1999-02-11,26.5,26.75,26.0625,26.375,11.921736717224121,371900
1999-02-12,26.25,26.5625,25.75,25.75,11.639236450195312,301400
1999-02-16,26.0,26.5,25.75,25.8125,11.66749095916748,522300
1999-02-17,25.6875,26.9375,25.625,26.1875,11.836983680725098,661400
1999-02-18,26.1875,27.125,26.1875,26.8125,12.119492530822754,850500
1999-02-19,26.625,26.6875,26.125,26.1875,11.836983680725098,397000
1999-02-22,26.125,26.4375,26.0,26.25,11.86523723602295,386200
1999-02-23,26.1875,26.1875,25.8125,25.875,11.695734977722168,290300
1999-02-24,25.8125,26.375,25.75,26.0625,11.780489921569824,789000
1999-02-25,26.0,26.375,25.3125,25.4375,11.497981071472168,505900
1999-02-26,25.6875,26.0,25.3125,25.5,11.526228904724121,470200
1999-03-01,25.625,25.625,25.0,25.375,11.46972942352295,768200
1999-03-02,25.375,26.4375,25.375,25.875,11.695734977722168,459500
1999-03-03,25.875,26.3125,25.53125,25.75,11.639236450195312,443400
1999-03-04,25.875,26.375,25.75,26.125,11.808736801147461,529300
1999-03-05,26.625,26.9375,26.3125,26.4375,11.949987411499023,714100
1999-03-08,26.25,26.25,25.8125,26.0,11.752232551574707,404200
1999-03-09,26.0,26.0625,25.4375,25.5,11.526228904724121,342300
1999-03-10,26.0,26.125,25.6875,25.875,11.695734977722168,633600
1999-03-11,25.875,26.0,25.625,25.6875,11.610987663269043,574400
1999-03-12,25.9375,26.5,25.9375,26.375,11.921736717224121,603800
1999-03-15,26.4375,26.5625,25.75,25.8125,11.66749095916748,489300
1999-03-16,25.8125,26.0,25.75,25.75,11.639236450195312,435600
1999-03-17,25.75,25.75,25.5,25.625,11.582730293273926,389600
1999-03-18,25.5625,26.0,25.5625,25.9375,11.723987579345703,479200
1999-03-19,25.8125,26.125,25.625,25.6875,11.610987663269043,672700
1999-03-22,25.5,25.5,24.625,24.625,11.13072395324707,1357600
1999-03-23,24.75,24.9375,24.0,24.75,11.187226295471191,854500
1999-03-24,24.9375,25.1875,24.6875,25.0,11.300227165222168,1028200
1999-03-25,24.9375,25.125,24.5,24.75,11.187226295471191,512200
1999-03-26,24.75,24.75,24.0,24.125,10.904716491699219,726200
1999-03-29,24.375,24.625,23.0,23.3125,10.537457466125488,1426300
1999-03-30,22.75,22.875,22.0,22.0625,9.972452163696289,1328200
1999-03-31,22.0,22.4375,21.625,22.25,10.181805610656738,9300900
1999-04-01,22.5,23.5625,22.375,23.0625,10.553613662719727,2421500
1999-04-05,23.5625,23.6875,23.25,23.6875,10.839616775512695,781300
1999-04-06,23.5625,23.75,23.1875,23.375,10.69661808013916,944600
1999-04-07,23.375,23.875,23.25,23.625,10.811022758483887,1039500
1999-04-08,24.0,24.375,23.75,24.375,11.15422534942627,589500
1999-04-09,24.4375,24.4375,23.5625,24.0,10.982621192932129,500600
1999-04-12,23.75,23.875,23.4375,23.5,10.75381851196289,601600
1999-04-13,23.5,23.5,22.875,23.3125,10.66801929473877,650200
1999-04-14,23.4375,23.625,22.875,22.875,10.467811584472656,578000
1999-04-15,22.875,23.3125,22.6875,23.125,10.5822114944458,632900
1999-04-16,23.625,23.875,23.5,23.8125,10.896819114685059,498100
1999-04-19,24.5,24.5625,23.9375,24.0625,11.011224746704102,777800
1999-04-20,23.9375,24.8125,23.875,24.75,11.32582950592041,923900
1999-04-21,24.75,24.9375,24.375,24.8125,11.354430198669434,532600
1999-04-22,24.5625,24.5625,23.6875,23.875,10.925426483154297,731400
1999-04-23,23.875,24.375,23.75,24.125,11.039824485778809,878000
1999-04-26,24.0,24.0625,23.375,23.5625,10.782418251037598,441600
1999-04-27,23.75,24.0,23.4375,23.8125,10.896819114685059,786200
1999-04-28,23.625,23.9375,23.625,23.625,10.811022758483887,557100
1999-04-29,23.75,24.5,23.75,24.0625,11.011224746704102,667800
1999-04-30,24.1875,24.5,24.0,24.5,11.211426734924316,771100
1999-05-03,24.75,25.25,24.375,25.1875,11.52603530883789,1490500
1999-05-04,25.25,25.3125,24.75,25.0,11.440231323242188,643600
1999-05-05,25.0,25.125,24.6875,25.125,11.4974365234375,497800
1999-05-06,24.625,25.125,24.5,24.9375,11.411633491516113,1135400
1999-05-07,24.875,25.125,24.875,25.0625,11.468828201293945,427600
1999-05-10,24.9375,25.25,24.75,24.875,11.383031845092773,817300
1999-05-11,25.0,25.5625,24.75,25.4375,11.640442848205566,1191300
1999-05-12,25.4375,25.875,25.3125,25.75,11.78343677520752,1152200
1999-05-13,25.75,26.6875,25.75,26.625,12.183845520019531,967400
1999-05-14,26.25,26.8125,26.1875,26.6875,12.212451934814453,1371000
1999-05-17,26.75,27.5,26.625,27.375,12.527052879333496,1116600
1999-05-18,27.1875,27.5,27.0625,27.3125,12.498455047607422,1353500
1999-05-19,27.5625,27.6875,27.375,27.5625,12.612857818603516,1091200
1999-05-20,27.375,28.0625,27.25,27.6875,12.67005729675293,888400
1999-05-21,27.625,28.3125,27.5,28.0625,12.841666221618652,443100
1999-05-24,28.0625,28.6875,27.9375,28.3125,12.956062316894531,500800
1999-05-25,28.0625,28.625,27.75,28.375,12.984664916992188,1084600
1999-05-26,28.1875,28.46875,27.625,28.125,12.870261192321777,881800
1999-05-27,27.875,27.875,26.625,27.0625,12.384048461914062,940500
1999-05-28,26.9375,27.625,26.9375,27.5,12.584260940551758,774700
1999-06-01,27.375,27.375,26.625,27.0,12.355450630187988,514600
1999-06-02,26.875,27.0625,26.75,26.8125,12.269647598266602,427800
1999-06-03,26.8125,27.3125,26.75,27.3125,12.498455047607422,650100
1999-06-04,27.25,27.6875,27.1875,27.5625,12.612857818603516,465400
1999-06-07,27.3125,27.3125,27.0625,27.1875,12.44125747680664,420000
1999-06-08,27.0,27.25,27.0,27.125,12.412647247314453,522600
1999-06-09,27.0,27.4375,26.9375,27.25,12.46985912322998,858300
1999-06-10,27.1875,27.25,26.875,27.1875,12.44125747680664,620800
1999-06-11,27.3125,27.875,27.3125,27.8125,12.72725772857666,908900
1999-06-14,27.875,28.6875,27.875,28.625,13.099066734313965,643900
1999-06-15,28.5625,29.0625,28.5625,28.875,13.213469505310059,1097900
1999-06-16,28.8125,29.25,28.75,28.8125,13.184868812561035,774000
1999-06-17,28.625,28.9375,28.4375,28.8125,13.184868812561035,728800
1999-06-18,28.6875,28.9375,28.625,28.8125,13.184868812561035,790300
1999-06-21,28.875,28.875,28.0,28.375,12.984664916992188,458000
1999-06-22,28.1875,28.6875,28.1875,28.625,13.099066734313965,705500
1999-06-23,28.75,28.9375,28.5625,28.6875,13.127667427062988,694400
1999-06-24,28.5625,28.75,28.0625,28.25,12.927465438842773,351300
1999-06-25,28.0,28.375,27.8125,27.875,12.755858421325684,325000
1999-06-28,28.0625,28.375,27.8125,27.9375,12.784463882446289,394300
1999-06-29,28.0,28.375,27.625,28.1875,12.898863792419434,1076200
1999-06-30,27.875,27.875,26.75,26.75,12.359435081481934,1440500
1999-07-01,26.8125,27.375,26.6875,27.0625,12.503820419311523,915500
1999-07-02,27.0,27.1875,26.9375,27.0,12.474944114685059,496500
1999-07-06,27.0,27.0,26.5,26.875,12.417191505432129,557500
1999-07-07,26.8125,27.375,26.8125,27.1875,12.5615816116333,712900
1999-07-08,27.125,27.125,26.5,26.5,12.243931770324707,556900
1999-07-09,26.625,26.6875,26.375,26.625,12.301677703857422,342400
1999-07-12,26.75,26.75,26.0625,26.1875,12.09953498840332,394700
1999-07-13,26.1875,26.75,26.1875,26.3125,12.157293319702148,461900
1999-07-14,26.25,26.3125,25.8125,26.1875,12.09953498840332,995500
1999-07-15,26.1875,26.375,26.0625,26.25,12.128414154052734,632200
1999-07-16,26.0,26.25,26.0,26.1875,12.09953498840332,606500
1999-07-19,26.0625,26.125,25.875,26.0,12.012907028198242,421100
1999-07-20,26.0,26.375,25.9375,26.0625,12.041790008544922,471600
1999-07-21,26.0,26.25,25.875,26.1875,12.09953498840332,543300
1999-07-22,26.0625,26.5,26.0,26.1875,12.09953498840332,671000
1999-07-23,26.0625,26.25,25.875,26.0,12.012907028198242,431100
1999-07-26,26.0625,26.3125,26.0,26.25,12.128414154052734,979900
1999-07-27,26.25,26.375,26.125,26.1875,12.09953498840332,676500
1999-07-28,26.1875,26.1875,25.75,25.75,11.897398948669434,527900
1999-07-29,25.5,25.625,25.0,25.125,11.608633041381836,657100
1999-07-30,25.3125,25.6875,25.125,25.3125,11.695257186889648,413700
1999-08-02,25.5625,26.0625,25.4375,25.875,11.955155372619629,512100
1999-08-03,26.125,26.125,25.625,25.6875,11.868518829345703,383000
1999-08-04,26.0,26.125,25.6875,25.75,11.897398948669434,332000
1999-08-05,25.875,25.875,25.1875,25.875,11.955155372619629,731900
1999-08-06,25.875,26.1875,25.6875,26.1875,12.09953498840332,736100
1999-08-09,26.0625,26.125,25.75,26.0625,12.041790008544922,694400
1999-08-10,26.0,26.0,25.5625,25.6875,11.868518829345703,469600
1999-08-11,25.625,25.8125,25.4375,25.6875,11.868518829345703,352700
1999-08-12,25.5,25.6875,25.25,25.4375,11.753020286560059,279100
1999-08-13,25.5,25.875,25.0625,25.25,11.666378021240234,440200
1999-08-16,25.125,25.3125,24.75,24.9375,11.522000312805176,218700
1999-08-17,24.9375,25.0625,24.4375,25.0625,11.579747200012207,335700
1999-08-18,25.0,25.0,24.5,24.875,11.493117332458496,417200
1999-08-19,24.625,25.3125,24.5625,25.25,11.666378021240234,627000
1999-08-20,25.3125,25.875,25.125,25.5625,11.810768127441406,610400
1999-08-23,25.5,25.6875,25.25,25.5625,11.810768127441406,433800
1999-08-24,25.75,26.125,25.6875,25.8125,11.926281929016113,805100
1999-08-25,26.25,26.75,26.0625,26.625,12.301677703857422,1072200
1999-08-26,26.5,26.5,25.875,26.0625,12.041790008544922,923100
1999-08-27,25.9375,26.0,25.5,25.625,11.839644432067871,447500
1999-08-30,25.625,26.0,25.625,25.625,11.839644432067871,351900
1999-08-31,25.625,25.875,25.1875,25.375,11.724142074584961,468900
1999-09-01,25.3125,25.375,24.9375,25.1875,11.637506484985352,849900
1999-09-02,25.0625,25.5,24.875,25.0625,11.579747200012207,403600
1999-09-03,25.1875,25.75,25.1875,25.6875,11.868518829345703,416300
1999-09-07,25.5,25.5,25.0,25.125,11.608633041381836,369800
1999-09-08,25.0,25.5,24.9375,25.1875,11.637506484985352,370200
1999-09-09,24.9375,25.25,24.75,25.125,11.608633041381836,289500
1999-09-10,25.25,25.5625,25.1875,25.3125,11.695257186889648,356900
1999-09-13,25.125,25.125,24.8125,25.0625,11.579747200012207,330100
1999-09-14,24.875,25.25,24.625,24.9375,11.522000312805176,368300
1999-09-15,25.0,25.375,24.8125,24.875,11.493117332458496,617400
1999-09-16,24.875,25.0625,24.75,24.875,11.493117332458496,320800
1999-09-17,24.75,25.25,24.625,25.1875,11.637506484985352,511400
1999-09-20,25.1875,25.3125,24.8125,24.9375,11.522000312805176,390900
1999-09-21,24.8125,24.9375,24.3125,24.4375,11.290975570678711,292700
1999-09-22,24.5,24.5625,24.1875,24.25,11.204343795776367,365500
1999-09-23,24.375,24.375,23.6875,23.8125,11.00220775604248,400400
1999-09-24,23.6875,24.0625,23.625,23.75,10.973332405090332,313400
1999-09-27,23.75,23.8125,23.3125,23.4375,10.828948974609375,422600
1999-09-28,23.375,23.625,22.875,23.375,10.800069808959961,488800
1999-09-29,23.375,23.8125,23.3125,23.6875,10.944451332092285,291200
1999-09-30,23.8125,24.375,23.625,24.3125,11.233222007751465,535000
1999-10-01,24.1875,24.625,23.8125,24.625,11.505380630493164,3745600
1999-10-04,24.5,25.3125,24.5,25.25,11.797391891479492,758100
1999-10-05,25.0625,25.1875,24.5,24.875,11.622187614440918,557200
1999-10-06,24.75,24.9375,24.625,24.8125,11.592989921569824,817200
1999-10-07,24.6875,24.8125,24.375,24.375,11.388577461242676,546200
1999-10-08,24.625,25.0,24.4375,24.625,11.505380630493164,1106700
1999-10-11,24.375,24.4375,24.25,24.25,11.330169677734375,476000
1999-10-12,24.3125,24.9375,24.0625,24.6875,11.534589767456055,788900
1999-10-13,25.25,26.25,25.1875,25.8125,12.060214042663574,1331000
1999-10-14,25.875,27.125,25.875,27.0,12.615039825439453,1094300
1999-10-15,26.875,26.9375,26.25,26.8125,12.52743911743164,1091200
1999-10-18,27.0,27.6875,26.5625,27.6875,12.936254501342773,1141200
1999-10-19,27.75,27.9375,27.375,27.5,12.848652839660645,1305100
1999-10-20,27.25,27.6875,27.0,27.5625,12.87785530090332,663300
1999-10-21,27.25,27.6875,27.25,27.4375,12.819449424743652,1276900
1999-10-22,27.1875,27.75,26.875,27.4375,12.819449424743652,499900
1999-10-25,27.125,27.6875,27.0625,27.625,12.907055854797363,534300
1999-10-26,27.75,28.125,27.625,28.0,13.082265853881836,733500
1999-10-27,27.9375,29.25,27.9375,28.9375,13.520281791687012,2068400
1999-10-28,29.0,29.625,29.0,29.5,13.783096313476562,1493300
1999-10-29,29.5,29.625,29.0,29.625,13.841496467590332,1124700
1999-11-01,29.625,29.625,28.875,28.9375,13.520281791687012,1368700
1999-11-02,28.9375,29.1875,28.3125,28.9375,13.520281791687012,925500
1999-11-03,28.8125,28.8125,28.3125,28.5,13.315868377685547,899900
1999-11-04,28.75,29.0625,28.4375,28.75,13.4326810836792,998000
1999-11-05,28.9375,29.125,28.75,28.8125,13.461884498596191,853400
1999-11-08,28.375,28.6875,28.375,28.5,13.315868377685547,506500
1999-11-09,28.3125,28.5,28.0,28.5,13.315868377685547,687500
1999-11-10,28.25,28.375,27.6875,27.8125,12.994659423828125,772700
1999-11-11,27.875,28.375,27.875,28.3125,13.22826862335205,981000
1999-11-12,28.5,28.5,28.1875,28.5,13.315868377685547,357300
1999-11-15,28.3125,28.4375,28.0625,28.1875,13.169867515563965,356100
1999-11-16,28.3125,28.5,27.8125,27.9375,13.05306339263916,1038900
1999-11-17,27.9375,27.9375,27.4375,27.6875,12.936254501342773,726600
1999-11-18,27.625,27.75,27.1875,27.375,12.790244102478027,451500
1999-11-19,27.25,27.375,26.9375,27.0,12.615039825439453,664900
1999-11-22,27.0,27.125,26.3125,26.59375,12.425232887268066,563100
1999-11-23,26.5,26.5,25.75,26.1875,12.2354154586792,700700
1999-11-24,26.4375,26.9375,26.375,26.9375,12.585843086242676,818400
1999-11-26,26.6875,26.8125,26.4375,26.4375,12.352222442626953,208300
1999-11-29,26.3125,26.5,25.75,25.875,12.089414596557617,523600
1999-11-30,25.5,26.8125,25.5,26.5,12.381431579589844,912900
1999-12-01,26.5,26.75,26.375,26.375,12.323022842407227,440000
1999-12-02,26.1875,27.0,26.1875,26.9375,12.585843086242676,694700
1999-12-03,27.0625,27.25,26.875,27.0625,12.644241333007812,1179100
1999-12-06,26.9375,27.0,25.75,26.0625,12.177020072937012,535700
1999-12-07,26.0,26.1875,25.25,25.3125,11.826594352722168,821800
1999-12-08,25.5,25.625,24.9375,25.0625,11.709790229797363,673800
1999-12-09,25.1875,25.5,24.75,24.75,11.563788414001465,785500
1999-12-10,24.75,24.9375,24.5,24.5,11.446979522705078,529900
1999-12-13,24.5625,24.5625,24.1875,24.25,11.330169677734375,789400
1999-12-14,24.3125,24.875,24.25,24.4375,11.41777515411377,542800
1999-12-15,24.5,25.25,24.25,25.25,11.797391891479492,832400
1999-12-16,25.375,25.375,25.0625,25.125,11.738997459411621,1007700
1999-12-17,25.75,25.75,25.25,25.3125,11.826594352722168,1088400
1999-12-20,25.4375,25.75,25.25,25.75,12.03100872039795,736000
1999-12-21,25.5,26.5625,25.5,26.1875,12.2354154586792,979000
1999-12-22,26.125,26.625,26.0,26.5,12.381431579589844,657100
1999-12-23,26.5,27.0625,26.5,26.9375,12.585843086242676,829700
1999-12-27,26.9375,27.1875,26.625,26.625,12.439831733703613,378900
1999-12-28,26.625,26.9375,26.375,26.5625,12.410628318786621,435300
1999-12-29,26.4375,26.4375,25.9375,26.125,12.206221580505371,512000
1999-12-30,25.875,26.3125,25.875,26.25,12.264616966247559,369200
1999-12-31,26.0625,26.375,26.0625,26.1875,12.2354154586792,16138200
2000-01-03,25.5,25.5625,24.8125,25.0625,11.831778526306152,755000
2000-01-04,24.875,25.625,24.875,25.3125,11.949804306030273,715400
2000-01-05,25.9375,27.5,25.8125,26.9375,12.716946601867676,1330000
2000-01-06,26.6875,26.875,26.125,26.875,12.687450408935547,1210100
2000-01-07,27.0,28.0,27.0,28.0,13.218550682067871,2816800
2000-01-10,27.9375,28.0625,27.625,28.0,13.218550682067871,912200
2000-01-11,28.0,28.0625,27.75,27.875,13.159538269042969,960100
2000-01-12,27.8125,28.1875,27.8125,27.9375,13.189043045043945,618300
2000-01-13,27.8125,28.0,27.6875,27.75,13.1005277633667,848500
2000-01-14,27.5,27.625,27.25,27.5,12.982504844665527,712800
2000-01-18,27.25,27.5,26.75,27.0,12.746459007263184,1032700
2000-01-19,26.5625,27.375,26.5625,27.25,12.864474296569824,1014000
2000-01-20,26.875,26.9375,26.6875,26.8125,12.657938003540039,787500
2000-01-21,27.0,27.5,26.875,27.4375,12.953001976013184,1016200
2000-01-24,27.625,29.3125,27.5625,28.5,13.454595565795898,1592700
2000-01-25,28.5,29.0625,28.5,28.875,13.631629943847656,2807400
2000-01-26,28.9375,29.0625,28.8125,29.0,13.69063949584961,896900
2000-01-27,28.8125,29.5625,28.6875,29.0,13.69063949584961,1649600
2000-01-28,29.0,29.0,28.25,28.25,13.336569786071777,869500
2000-01-31,28.3125,29.125,28.0,29.125,13.749649047851562,965200
2000-02-01,29.375,29.375,28.125,28.625,13.513611793518066,1351400
2000-02-02,28.5625,28.6875,28.375,28.5625,13.484101295471191,943300
2000-02-03,28.5,30.0,28.5,29.5,13.926688194274902,1030100
2000-02-04,29.4375,29.5,28.125,28.375,13.395583152770996,838100
2000-02-07,28.125,28.375,27.875,28.375,13.395583152770996,855100
2000-02-08,28.1875,28.1875,27.625,27.875,13.159538269042969,1400500
2000-02-09,27.8125,28.125,27.5,28.0,13.218550682067871,1100700
2000-02-10,27.6875,28.375,27.5,27.5,12.982504844665527,756100
2000-02-11,27.5625,28.25,27.5625,27.75,13.1005277633667,487000
2000-02-14,27.75,28.25,27.6875,27.9375,13.189043045043945,624800
2000-02-15,28.0,28.125,27.875,28.0,13.218550682067871,524600
2000-02-16,28.0625,28.5,28.0,28.375,13.395583152770996,600200
2000-02-17,28.3125,28.4375,27.9375,28.0625,13.248062133789062,381000
2000-02-18,28.0625,28.125,27.125,27.25,12.864474296569824,929100
2000-02-22,27.25,27.4375,26.875,27.3125,12.893986701965332,570400
2000-02-23,27.4375,27.4375,26.625,26.6875,12.598931312561035,629800
2000-02-24,26.125,26.125,25.0,25.3125,11.949804306030273,1181500
2000-02-25,25.5625,25.8125,25.3125,25.75,12.156351089477539,838700
2000-02-28,25.75,26.8125,25.625,26.5,12.510415077209473,1114200
2000-02-29,26.375,26.375,25.625,26.25,12.392385482788086,715300
2000-03-01,26.0,26.1875,25.25,25.75,12.156351089477539,683600
2000-03-02,25.375,25.75,25.375,25.625,12.097338676452637,747300
2000-03-03,25.75,26.0,25.5,25.625,12.097338676452637,591100
2000-03-06,18.375,19.625,17.5,17.9375,8.46813678741455,7939800
2000-03-07,18.4375,18.4375,15.75,16.0,7.553455352783203,7697000
2000-03-08,16.3125,16.3125,15.875,16.25,7.671480655670166,4156800
2000-03-09,16.375,16.4375,15.4375,15.6875,7.405930519104004,4243400
2000-03-10,15.6875,15.75,15.25,15.3125,7.228895664215088,3127100
2000-03-13,15.5,16.4375,15.4375,16.3125,7.700984477996826,2262100
2000-03-14,16.3125,16.375,15.375,15.5625,7.34691858291626,1930600
2000-03-15,15.625,15.625,15.375,15.4375,7.287908554077148,4160000
2000-03-16,15.5,16.625,15.375,16.625,7.8485107421875,3011500
2000-03-17,16.875,16.875,16.375,16.5,7.789499759674072,1714200
2000-03-20,16.5,16.75,16.0625,16.375,7.730492115020752,2209900
2000-03-21,16.375,16.375,15.5,15.75,7.435438632965088,4099000
2000-03-22,15.8125,15.875,15.5625,15.6875,7.405930519104004,1459000
2000-03-23,15.875,16.1875,15.75,16.125,7.612467288970947,2910700
2000-03-24,16.0,16.0625,15.75,16.0,7.553455352783203,5091500
2000-03-27,16.0625,16.5625,15.9375,16.25,7.671480655670166,1886300
2000-03-28,16.3125,16.4375,15.9375,15.9375,7.52394962310791,975100
2000-03-29,16.0625,16.5625,16.0625,16.5,7.789499759674072,2507700
2000-03-30,16.5625,16.6875,16.375,16.625,7.8485107421875,1006900
2000-03-31,16.5625,16.6875,16.5,16.5625,7.819007396697998,1433900
2000-04-03,16.375,16.9375,16.3125,16.875,8.103533744812012,2032100
2000-04-04,16.9375,17.5,16.625,16.75,8.043505668640137,1911900
2000-04-05,16.75,17.25,16.6875,16.8125,8.07352066040039,1954400
2000-04-06,17.0625,17.125,16.8125,17.0625,8.193572998046875,857000
2000-04-07,16.8125,16.9375,16.75,16.8125,8.07352066040039,441100
2000-04-10,16.625,17.1875,16.625,16.9375,8.133546829223633,1015400
2000-04-11,16.9375,17.125,16.875,16.9375,8.133546829223633,1243100
2000-04-12,17.1875,17.3125,17.0625,17.125,8.223586082458496,1546900
2000-04-13,17.0625,17.5625,17.0,17.4375,8.373648643493652,1505800
2000-04-14,17.5,17.625,16.9375,17.0625,8.193572998046875,2005400
2000-04-17,17.1875,18.125,17.125,18.0,8.643767356872559,2643200
2000-04-18,18.0,18.125,17.5625,18.125,8.703795433044434,1891100
2000-04-19,17.875,18.125,17.75,17.8125,8.553730010986328,2039400
2000-04-20,17.875,18.0,17.8125,17.9375,8.613757133483887,912100
2000-04-24,18.0,18.875,17.9375,18.875,9.063953399658203,987900
2000-04-25,18.625,19.125,18.25,19.0,9.123977661132812,1603300
2000-04-26,19.0,19.4375,18.9375,19.375,9.304055213928223,1141600
2000-04-27,19.3125,19.3125,18.875,19.25,9.244030952453613,889700
2000-04-28,19.0625,19.125,18.75,19.0625,9.153989791870117,1322200
2000-05-01,18.8125,19.625,18.8125,19.3125,9.274040222167969,1840100
2000-05-02,19.1875,19.4375,18.8125,18.9375,9.093964576721191,1642600
2000-05-03,18.75,19.25,18.625,19.0625,9.153989791870117,1507900
2000-05-04,19.0625,19.5625,18.875,19.3125,9.274040222167969,947900
2000-05-05,19.25,20.0,19.0625,19.375,9.304055213928223,903100
2000-05-08,19.1875,20.0625,19.1875,19.5,9.364082336425781,857100
2000-05-09,19.5625,19.625,19.1875,19.4375,9.33407211303711,1659100
2000-05-10,19.1875,19.5625,19.1875,19.375,9.304055213928223,1094900
2000-05-11,19.3125,19.875,19.3125,19.75,9.48413372039795,1003000
2000-05-12,19.6875,19.875,19.5625,19.75,9.48413372039795,1392600
2000-05-15,19.75,20.1875,19.6875,20.0,9.60418701171875,448700
2000-05-16,19.75,20.0,19.4375,19.8125,9.514145851135254,846500
2000-05-17,19.5625,19.8125,19.5,19.625,9.424105644226074,1201600
2000-05-18,19.75,20.4375,19.6875,20.375,9.784263610839844,851400
2000-05-19,20.0,20.5,20.0,20.25,9.724237442016602,926400
2000-05-22,20.1875,20.6875,20.1875,20.5,9.844293594360352,1258800
2000-05-23,20.8125,20.8125,20.3125,20.625,9.904316902160645,1070700
2000-05-24,20.625,21.0,20.4375,20.6875,9.934335708618164,1351000
2000-05-25,20.625,20.6875,20.34375,20.625,9.904316902160645,940500
2000-05-26,20.75,21.125,20.75,20.8125,9.994359016418457,2283900
2000-05-30,20.875,21.0625,20.4375,21.0625,10.114411354064941,1023800
2000-05-31,21.125,21.8125,21.125,21.375,10.264472961425781,1730500
2000-06-01,21.4375,21.625,21.375,21.5625,10.354514122009277,666700
2000-06-02,21.5625,21.5625,20.9375,20.9375,10.05438232421875,1056200
2000-06-05,21.0,21.0625,20.3125,20.5625,9.874300956726074,684300
2000-06-06,20.5,21.1875,20.4375,21.0625,10.114411354064941,895300
2000-06-07,21.0625,21.375,21.0625,21.3125,10.234457969665527,694600
2000-06-08,21.125,21.25,21.0,21.1875,10.174434661865234,639800
2000-06-09,21.0625,21.4375,21.0625,21.25,10.204450607299805,449000
2000-06-12,21.375,21.6875,21.375,21.6875,10.414544105529785,603900
2000-06-13,21.5,21.75,21.375,21.75,10.444554328918457,515700
2000-06-14,21.6875,21.8125,21.6875,21.75,10.444554328918457,952100
2000-06-15,21.625,21.9375,21.625,21.75,10.444554328918457,777100
2000-06-16,21.75,21.875,21.25,21.5625,10.354514122009277,1393600
2000-06-19,21.5,21.75,21.3125,21.4375,10.294490814208984,794800
2000-06-20,21.5,21.5625,21.375,21.375,10.264472961425781,946800
2000-06-21,21.375,21.6875,21.3125,21.3125,10.234457969665527,800300
2000-06-22,21.375,21.375,21.0,21.25,10.204450607299805,992800
2000-06-23,21.25,21.75,21.1875,21.75,10.444554328918457,1801900
2000-06-26,21.75,21.8125,21.4375,21.5625,10.354514122009277,1157200
2000-06-27,21.625,21.625,20.9375,21.0,10.084397315979004,1025800
2000-06-28,21.0625,21.5625,20.8125,21.515625,10.332002639770508,883400
2000-06-29,21.5,21.5,20.9375,21.0625,10.114411354064941,778400
2000-06-30,20.75,21.5,19.875,20.5,9.976922988891602,3261700
2000-07-03,20.5,20.875,20.375,20.5,9.976922988891602,378600
2000-07-05,20.875,21.0,19.8125,20.125,9.794421195983887,676000
2000-07-06,20.375,20.5,20.0625,20.375,9.916088104248047,532900
2000-07-07,20.3125,20.4375,20.1875,20.3125,9.88567066192627,949800
2000-07-10,20.125,20.4375,20.125,20.3125,9.88567066192627,1429200
2000-07-11,20.375,20.375,20.0625,20.25,9.855252265930176,1429000
2000-07-12,20.0,20.125,19.8125,19.9375,9.703161239624023,752200
2000-07-13,19.75,20.25,19.625,20.25,9.855252265930176,801300
2000-07-14,20.125,20.375,19.75,20.0,9.7335844039917,984900
2000-07-17,19.875,19.875,19.59375,19.59375,9.535869598388672,1510400
2000-07-18,19.75,19.75,19.25,19.375,9.42940616607666,1582500
2000-07-19,19.4375,19.625,19.375,19.4375,9.459827423095703,888000
2000-07-20,19.5,19.5625,19.0625,19.25,9.368571281433105,1146000
2000-07-21,19.5,19.6875,19.375,19.5,9.490243911743164,936900
2000-07-24,19.3125,19.5,19.0,19.4375,9.459827423095703,1039200
2000-07-25,19.5,19.8125,19.5,19.5,9.490243911743164,817600
2000-07-26,19.6875,19.75,19.1875,19.203125,9.345760345458984,572500
2000-07-27,19.3125,19.5,19.125,19.1875,9.33815860748291,313500
2000-07-28,19.1875,19.625,19.1875,19.625,9.551079750061035,586800
2000-07-31,19.5,20.0,19.3125,19.6875,9.581493377685547,1612200
2000-08-01,20.25,20.3125,19.5,19.625,9.551079750061035,1075900
2000-08-02,19.625,19.9375,19.5625,19.75,9.611912727355957,851700
2000-08-03,20.3125,21.125,20.1875,20.703125,10.07577896118164,1242900
2000-08-04,20.4375,20.9375,20.0,20.625,10.037757873535156,839400
2000-08-07,20.4375,21.203125,20.375,21.203125,10.319121360778809,972000
2000-08-08,20.875,21.5,20.875,21.5,10.463604927062988,1510600
2000-08-09,21.25,21.4375,21.0,21.296875,10.364744186401367,1129400
2000-08-10,21.1875,21.25,20.25,20.765625,10.106194496154785,1257400
2000-08-11,20.5625,21.125,20.5625,21.0625,10.25068187713623,906700
2000-08-14,20.8125,21.25,20.625,21.0,10.220263481140137,651800
2000-08-15,20.5625,21.625,20.5625,21.125,10.281096458435059,1216100
2000-08-16,21.125,21.4375,21.0,21.203125,10.319121360778809,780600
2000-08-17,21.375,21.4375,21.0625,21.375,10.402765274047852,591200
2000-08-18,21.3125,21.5625,21.25,21.5,10.463604927062988,726200
2000-08-21,21.4375,21.4375,20.8125,20.9375,10.189839363098145,666800
2000-08-22,20.8125,21.0,20.625,20.9375,10.189839363098145,540900
2000-08-23,20.875,21.0,20.5625,20.6875,10.068178176879883,1122200
2000-08-24,20.625,20.875,20.3125,20.5,9.976922988891602,488500
2000-08-25,20.25,20.3125,19.875,20.0,9.7335844039917,612700
2000-08-28,20.125,20.8125,20.0625,20.625,10.037757873535156,597000
2000-08-29,20.625,20.75,20.1875,20.3125,9.88567066192627,438800
2000-08-30,20.3125,20.625,20.3125,20.4375,9.94650650024414,548700
2000-08-31,20.5,20.875,20.5,20.703125,10.07577896118164,659000
2000-09-01,20.5,20.6875,20.3125,20.515625,9.984528541564941,737700
2000-09-05,20.6875,21.6875,20.5,21.625,10.524431228637695,1185400
2000-09-06,21.5625,22.6875,21.5625,22.5,10.950284004211426,1581900
2000-09-07,22.5,22.6875,21.625,21.875,10.64610481262207,1027200
2000-09-08,21.9375,22.5,21.875,22.46875,10.935070991516113,580300
2000-09-11,22.8125,24.6875,22.8125,24.078125,11.71832275390625,3176200
2000-09-12,25.75,26.0,24.75,25.0,12.166979789733887,3319200
2000-09-13,25.0,26.625,25.0,26.125,12.71449089050293,2404900
2000-09-14,26.125,26.125,25.0625,25.875,12.592826843261719,1916700
2000-09-15,25.5625,25.8125,24.875,25.140625,12.2354154586792,3445800
2000-09-18,25.125,25.25,23.5,23.859375,11.611863136291504,2159900
2000-09-19,23.875,23.875,22.0,22.375,10.889446258544922,2128500
2000-09-20,22.625,22.6875,21.25,21.9375,10.676526069641113,2467800
2000-09-21,21.9375,22.4375,21.3125,21.5,10.463604927062988,1001000
2000-09-22,21.5,23.5,21.5,22.75,11.071948051452637,1543500
2000-09-25,23.25,23.25,22.25,22.9375,11.163203239440918,1563400
2000-09-26,22.125,23.25,22.0,23.0625,11.224038124084473,1405000
2000-09-27,21.125,21.375,19.6875,19.875,9.672749519348145,7026800
2000-09-28,20.0,20.1875,19.5,19.75,9.611912727355957,3384800
2000-09-29,19.875,20.0,19.1875,19.328125,9.406598091125488,3703800
2000-10-02,19.4375,20.0,19.25,20.0,9.7335844039917,3042200
2000-10-03,19.6875,20.0,19.5,20.0,9.87178897857666,7782100
2000-10-04,19.4375,20.3125,19.0625,19.5,9.624996185302734,1983500
2000-10-05,19.25,19.875,19.0,19.125,9.43989372253418,1658600
2000-10-06,19.1875,20.3125,19.1875,19.625,9.68669319152832,2127000
2000-10-09,19.5625,20.0,19.5,19.6875,9.717536926269531,876000
2000-10-10,19.6875,20.5,19.625,20.0,9.87178897857666,1513500
2000-10-11,20.1875,20.5,19.75,20.0625,9.902637481689453,1388100
2000-10-12,20.1875,20.75,19.75,20.3125,10.026036262512207,1599700
2000-10-13,20.1875,22.0,20.1875,22.0,10.858965873718262,1762500
2000-10-16,21.8125,22.0625,21.125,21.1875,10.457923889160156,1186100
2000-10-17,21.25,21.5625,20.9375,21.125,10.42707633972168,852100
2000-10-18,21.1875,21.875,20.25,20.625,10.180279731750488,2239600
2000-10-19,20.625,21.0,20.3125,21.0,10.365381240844727,1417000
2000-10-20,20.625,21.625,20.625,21.375,10.5504732131958,1438900
2000-10-23,23.125,23.125,22.0,22.25,10.982364654541016,1277800
2000-10-24,22.25,23.5,21.625,22.75,11.229161262512207,2287200
2000-10-25,22.5,23.375,22.4375,22.9375,11.321707725524902,2412300
2000-10-26,23.0,23.1875,22.125,22.8125,11.260013580322266,1116500
2000-10-27,22.625,23.5625,22.4375,22.5625,11.136612892150879,1860500
2000-10-30,22.625,23.4375,22.5,23.375,11.537654876708984,1321000
2000-10-31,23.4375,24.0,22.9375,23.875,11.784446716308594,1916300
2000-11-01,24.25,24.4375,23.0,24.0625,11.87699031829834,1616300
2000-11-02,24.125,24.125,22.875,23.3125,11.506796836853027,1155100
2000-11-03,23.25,23.4375,22.5,22.75,11.229161262512207,940400
2000-11-06,23.0,23.75,22.6875,22.8125,11.260013580322266,921700
2000-11-07,22.625,23.0625,22.0625,22.6875,11.198308944702148,762200
2000-11-08,22.6875,23.0,22.5,22.6875,11.198308944702148,882900
2000-11-09,22.6875,23.125,22.4375,22.9375,11.321707725524902,628300
2000-11-10,22.875,23.25,22.5625,22.8125,11.260013580322266,808500
2000-11-13,22.5,23.5625,22.5,22.75,11.229161262512207,1173000
2000-11-14,22.125,22.5,21.6875,22.375,11.044058799743652,1559700
2000-11-15,22.5625,23.0,22.125,22.4375,11.074909210205078,970400
2000-11-16,22.5625,22.9375,22.375,22.75,11.229161262512207,716800
2000-11-17,23.1875,23.625,23.0625,23.625,11.66104793548584,1115000
2000-11-20,23.875,23.9375,23.1875,23.4375,11.568503379821777,836300
2000-11-21,23.5,23.6875,22.6875,22.9375,11.321707725524902,1386800
2000-11-22,22.9375,23.625,22.875,23.125,11.414250373840332,850700
2000-11-24,23.125,23.125,22.9375,23.0,11.352559089660645,260500
2000-11-27,23.0,23.0,21.9375,22.3125,11.013212203979492,873500
2000-11-28,22.0625,22.6875,22.0,22.4375,11.074909210205078,752000
2000-11-29,22.4375,22.9375,22.4375,22.75,11.229161262512207,493200
2000-11-30,23.0,23.1875,22.75,22.9375,11.321707725524902,2018200
2000-12-01,22.9375,22.9375,21.5625,22.125,10.920662879943848,1722000
2000-12-04,22.125,22.6875,22.0,22.3125,11.013212203979492,949100
2000-12-05,22.375,22.375,21.5625,22.125,10.920662879943848,885900
2000-12-06,22.125,22.3125,21.625,21.875,10.797266960144043,780300
2000-12-07,21.6875,22.125,21.375,21.4375,10.58132553100586,2251200
2000-12-08,21.5,21.5,20.0625,20.4375,10.087735176086426,3004100
2000-12-11,19.625,19.625,16.75,18.625,9.193102836608887,6707800
2000-12-12,18.5,18.75,18.3125,18.5625,9.162256240844727,2876600
2000-12-13,18.5625,18.625,18.4375,18.5625,9.162256240844727,2007300
2000-12-14,18.625,20.3125,18.625,20.0625,9.902637481689453,3341000
2000-12-15,20.0,20.75,19.9375,20.0,9.87178897857666,2424500
2000-12-18,19.9375,20.1875,19.8125,20.1875,9.964334487915039,2004300
2000-12-19,20.0625,20.125,18.5625,19.0,9.37819766998291,4693600
2000-12-20,19.0,19.0,17.3125,17.875,8.82291030883789,5560200
2000-12-21,17.625,17.625,14.125,14.9375,7.372992515563965,11264300
2000-12-22,15.8125,17.0,14.5,16.25,8.020827293395996,8199700
2000-12-26,15.125,16.4375,14.8125,16.0625,7.92827844619751,4505600
2000-12-27,16.0,16.1875,15.4375,15.625,7.712334156036377,3532800
2000-12-28,15.0625,15.4375,14.875,15.4375,7.619785785675049,4571200
2000-12-29,15.0625,15.75,15.0625,15.625,7.712334156036377,3246200
2001-01-02,15.5,15.5625,14.9375,15.0,7.4038405418396,2496800
2001-01-03,15.0,15.8125,12.25,12.25,6.046472072601318,9574600
2001-01-04,8.25,11.75,6.25,10.75,5.306085586547852,29014500
2001-01-05,9.5,11.5,9.5,10.3125,5.090139865875244,8091100
2001-01-08,9.875,12.25,9.875,12.0,5.923072338104248,6502600
2001-01-09,11.375,11.625,11.0,11.125,5.491182327270508,6429500
2001-01-10,11.0,11.5,10.625,11.25,5.55288028717041,7176000
2001-01-11,11.0,11.0,10.125,10.5,5.182690620422363,5623900
2001-01-12,10.5,10.5625,10.0,10.1875,5.0284423828125,6662500
2001-01-16,8.625,9.875,8.3125,9.5625,4.71994686126709,7393500
2001-01-17,9.375,9.875,8.6875,8.875,4.380605697631836,9403200
2001-01-18,8.9375,9.5,8.0,9.0,4.442303657531738,8046100
2001-01-19,8.25,9.625,8.0,8.9375,4.411455154418945,7608500
2001-01-22,8.625,9.875,8.5625,9.0625,4.473154067993164,3781400
2001-01-23,8.875,9.0625,8.4375,8.75,4.318906784057617,3529800
2001-01-24,8.875,9.75,8.75,9.375,4.627399444580078,5610000
2001-01-25,11.5,13.0,11.0,12.6875,6.26241397857666,11262300
2001-01-26,12.5625,13.25,12.0625,12.1875,6.015619277954102,5804000
2001-01-29,13.350000381469727,13.739999771118164,13.0,13.079999923706055,6.456150531768799,6186500
2001-01-30,13.489999771118164,14.600000381469727,13.350000381469727,14.399999618530273,7.1076884269714355,4677000
2001-01-31,14.0,14.25,13.100000381469727,13.34000015258789,6.584481239318848,5818400
2001-02-01,12.899999618530273,13.75,11.649999618530273,13.449999809265137,6.638774394989014,3279400
2001-02-02,13.75,13.800000190734863,12.949999809265137,13.010000228881836,6.421597957611084,2861600
2001-02-05,13.0,13.899999618530273,13.0,13.229999542236328,6.530186176300049,1730900
2001-02-06,13.100000381469727,13.109999656677246,12.75,12.829999923706055,6.332753658294678,2441200
2001-02-07,12.600000381469727,13.25,12.600000381469727,13.0,6.41666316986084,2761600
2001-02-08,12.800000190734863,12.960000038146973,12.300000190734863,12.630000114440918,6.234034061431885,1846600
2001-02-09,12.75,13.100000381469727,12.600000381469727,13.100000381469727,6.4660234451293945,1367300
2001-02-12,12.600000381469727,13.960000038146973,11.899999618530273,12.529999732971191,6.1846723556518555,4568300
2001-02-13,12.010000228881836,12.699999809265137,12.010000228881836,12.100000381469727,5.97243070602417,2079100
2001-02-14,12.0600004196167,12.489999771118164,11.850000381469727,12.25,6.046472072601318,1890400
2001-02-15,12.079999923706055,12.550000190734863,12.079999923706055,12.3100004196167,6.076085090637207,919400
2001-02-16,12.319999694824219,13.449999809265137,12.3100004196167,13.0,6.41666316986084,2077700
2001-02-20,13.0,13.300000190734863,12.920000076293945,13.100000381469727,6.4660234451293945,1841800
2001-02-21,13.0,14.109999656677246,12.949999809265137,13.449999809265137,6.638774394989014,2556600
2001-02-22,13.449999809265137,14.949999809265137,13.350000381469727,14.949999809265137,7.379161834716797,3183700
2001-02-23,14.75,15.4399995803833,13.770000457763672,14.6899995803833,7.250827312469482,2810400
2001-02-26,14.800000190734863,15.300000190734863,14.649999618530273,14.699999809265137,7.255763053894043,2737200
2001-02-27,14.699999809265137,15.100000381469727,14.699999809265137,14.9399995803833,7.374223709106445,1639500
2001-02-28,14.9399995803833,15.039999961853027,14.8100004196167,14.899999618530273,7.354483604431152,1538000
2001-03-01,14.529999732971191,14.850000381469727,14.529999732971191,14.850000381469727,7.329803943634033,1223100
2001-03-02,14.449999809265137,15.149999618530273,14.430000305175781,14.90999984741211,7.359416961669922,1726400
2001-03-05,14.630000114440918,15.350000381469727,14.630000114440918,15.210000038146973,7.50749397277832,1639400
2001-03-06,14.989999771118164,15.260000228881836,14.989999771118164,15.260000228881836,7.532176971435547,1498900
2001-03-07,15.100000381469727,15.489999771118164,15.020000457763672,15.449999809265137,7.625955104827881,1254800
2001-03-08,15.420000076293945,15.489999771118164,15.329999923706055,15.489999771118164,7.645698547363281,1439100
2001-03-09,15.270000457763672,15.479999542236328,15.199999809265137,15.199999809265137,7.502561569213867,958500
2001-03-12,15.25,15.390000343322754,15.149999618530273,15.350000381469727,7.576595306396484,914800
2001-03-13,15.069999694824219,15.239999771118164,14.75,14.880000114440918,7.344609260559082,1456100
2001-03-14,14.0,14.369999885559082,13.859999656677246,13.960000038146973,6.890507221221924,1549400
2001-03-15,13.859999656677246,14.0,13.449999809265137,13.59000015258789,6.707880020141602,1152700
2001-03-16,12.829999923706055,12.949999809265137,11.130000114440918,12.239999771118164,6.04153299331665,3471400
2001-03-19,12.880000114440918,13.0,12.0,12.380000114440918,6.110635280609131,1464000
2001-03-20,12.0,12.319999694824219,11.819999694824219,12.039999961853027,5.942816257476807,1413700
2001-03-21,12.140000343322754,12.789999961853027,11.9399995803833,12.34000015258789,6.090890407562256,1563600
2001-03-22,12.640000343322754,12.640000343322754,11.479999542236328,11.5,5.676279544830322,1891400
2001-03-23,11.170000076293945,11.390000343322754,10.84000015258789,11.199999809265137,5.528200626373291,1525000
2001-03-26,13.0,15.020000457763672,12.899999618530273,14.550000190734863,7.1817240715026855,4116500
2001-03-27,14.449999809265137,14.6899995803833,14.149999618530273,14.15999984741211,6.989226818084717,3040600
2001-03-28,13.770000457763672,14.0,13.5,13.59000015258789,6.707880020141602,1886400
2001-03-29,13.199999809265137,13.479999542236328,12.989999771118164,13.0,6.41666316986084,1741000
2001-03-30,13.229999542236328,13.25,11.279999732971191,12.640000343322754,6.238970756530762,3083900
2001-04-02,12.100000381469727,12.640000343322754,11.90999984741211,12.550000190734863,6.194546222686768,1424800
2001-04-03,12.3100004196167,12.890000343322754,11.949999809265137,12.819999694824219,6.327813148498535,1480100
2001-04-04,12.0,12.979999542236328,11.979999542236328,12.979999542236328,6.4067912101745605,1434500
2001-04-05,12.8100004196167,12.8100004196167,12.399999618530273,12.640000343322754,6.238970756530762,1456300
2001-04-06,12.640000343322754,12.699999809265137,7.510000228881836,8.25,4.072113037109375,10404700
2001-04-09,8.600000381469727,10.5,8.5,8.920000076293945,4.402817726135254,4887700
2001-04-10,11.399999618530273,11.600000381469727,10.760000228881836,11.380000114440918,5.617047309875488,4368100
2001-04-11,11.380000114440918,12.100000381469727,10.960000038146973,12.020000457763672,5.93294620513916,3525900
2001-04-12,11.520000457763672,12.470000267028809,11.300000190734863,12.0,5.923072338104248,2204500
2001-04-16,11.869999885559082,12.100000381469727,11.600000381469727,11.850000381469727,5.849033355712891,2296700
2001-04-17,11.699999809265137,12.050000190734863,11.5600004196167,11.880000114440918,5.863842010498047,1640000
2001-04-18,11.25,11.520000457763672,11.170000076293945,11.399999618530273,5.626916885375977,1634100
2001-04-19,11.199999809265137,11.25,10.609999656677246,10.979999542236328,5.41961145401001,1558200
2001-04-20,10.710000038146973,10.970000267028809,10.300000190734863,10.319999694824219,5.09384298324585,1613700
2001-04-23,10.329999923706055,10.489999771118164,10.109999656677246,10.369999885559082,5.118521690368652,1814700
2001-04-24,10.270000457763672,10.369999885559082,10.0,10.300000190734863,5.08397102355957,1000700
2001-04-25,10.199999809265137,10.279999732971191,10.020000457763672,10.100000381469727,4.985253810882568,1731000
2001-04-26,10.180000305175781,10.1899995803833,9.75,9.75,4.812498092651367,913700
2001-04-27,9.949999809265137,9.989999771118164,9.75,9.899999618530273,4.886536598205566,735800
2001-04-30,9.899999618530273,9.989999771118164,9.600000381469727,9.850000381469727,4.861856937408447,865200
2001-05-01,9.75,9.84000015258789,9.300000190734863,9.3100004196167,4.595317363739014,1216100
2001-05-02,9.3100004196167,9.399999618530273,9.010000228881836,9.369999885559082,4.6249308586120605,1306500
2001-05-03,9.270000457763672,9.329999923706055,9.149999618530273,9.279999732971191,4.580510139465332,895700
2001-05-04,9.180000305175781,9.25,9.119999885559082,9.25,4.565703868865967,787100
2001-05-07,9.020000457763672,9.279999732971191,9.020000457763672,9.130000114440918,4.506470680236816,646900
2001-05-08,9.130000114440918,9.270000457763672,8.949999809265137,9.0,4.442303657531738,1083500
2001-05-09,8.920000076293945,9.069999694824219,8.899999618530273,8.9399995803833,4.412688255310059,1121000
2001-05-10,8.949999809265137,9.109999656677246,8.859999656677246,8.90999984741211,4.397881984710693,2544400
2001-05-11,9.010000228881836,10.25,9.010000228881836,10.210000038146973,5.039548873901367,3468300
2001-05-14,10.210000038146973,11.489999771118164,10.199999809265137,11.149999618530273,5.50352144241333,4755400
2001-05-15,11.15999984741211,11.75,11.15999984741211,11.649999618530273,5.750317096710205,2695400
2001-05-16,10.899999618530273,11.789999961853027,10.899999618530273,11.399999618530273,5.626916885375977,1846200
2001-05-17,11.40999984741211,12.029999732971191,11.399999618530273,11.899999618530273,5.873711109161377,1838500
2001-05-18,11.800000190734863,11.8100004196167,11.350000381469727,11.739999771118164,5.794736385345459,1420700
2001-05-21,11.4399995803833,11.4399995803833,10.90999984741211,11.229999542236328,5.543007850646973,1123500
2001-05-22,11.100000381469727,11.1899995803833,10.710000038146973,11.010000228881836,5.434419631958008,1438100
2001-05-23,11.09000015258789,11.34000015258789,11.029999732971191,11.0600004196167,5.459097385406494,1215900
2001-05-24,11.15999984741211,11.15999984741211,10.819999694824219,10.979999542236328,5.41961145401001,833800
2001-05-25,10.75,10.859999656677246,10.300000190734863,10.529999732971191,5.197497367858887,1300000
2001-05-29,10.350000381469727,10.979999542236328,10.199999809265137,10.979999542236328,5.41961145401001,896700
2001-05-30,10.880000114440918,10.890000343322754,10.199999809265137,10.289999961853027,5.079036235809326,1011900
2001-05-31,10.020000457763672,11.010000228881836,10.020000457763672,10.829999923706055,5.345573425292969,1113200
2001-06-01,10.930000305175781,11.0,10.510000228881836,11.0,5.429482936859131,1056300
2001-06-04,11.0,11.0,10.529999732971191,10.579999923706055,5.222174167633057,938600
2001-06-05,10.479999542236328,10.479999542236328,10.010000228881836,10.050000190734863,4.960573196411133,1574200
2001-06-06,10.050000190734863,10.119999885559082,9.869999885559082,9.979999542236328,4.926022529602051,1360300
2001-06-07,10.079999923706055,11.09000015258789,10.020000457763672,11.010000228881836,5.434419631958008,3042800
2001-06-08,11.0,11.010000228881836,10.760000228881836,11.0,5.429482936859131,1434600
2001-06-11,11.0,11.25,10.899999618530273,11.0,5.429482936859131,1307900
2001-06-12,10.850000381469727,11.25,10.770000457763672,11.199999809265137,5.528200626373291,2412000
2001-06-13,11.010000228881836,11.210000038146973,10.819999694824219,11.199999809265137,5.528200626373291,1707600
2001-06-14,11.100000381469727,11.239999771118164,10.869999885559082,11.149999618530273,5.50352144241333,1653500
2001-06-15,11.100000381469727,11.5,11.0600004196167,11.1899995803833,5.523265361785889,1445200
2001-06-18,11.130000114440918,11.5,11.069999694824219,11.460000038146973,5.6565351486206055,1745500
2001-06-19,11.449999809265137,11.850000381469727,11.430000305175781,11.850000381469727,5.849033355712891,1437000
2001-06-20,11.75,11.859999656677246,11.470000267028809,11.6899995803833,5.770059585571289,1038800
2001-06-21,11.59000015258789,11.899999618530273,11.25,11.899999618530273,5.873711109161377,1667400
2001-06-22,11.850000381469727,12.0,11.800000190734863,11.979999542236328,5.913200378417969,691000
2001-06-25,12.050000190734863,12.050000190734863,11.569999694824219,11.569999694824219,5.710829734802246,1234700
2001-06-26,11.550000190734863,11.640000343322754,11.229999542236328,11.239999771118164,5.547943592071533,1697400
2001-06-27,11.140000343322754,11.170000076293945,10.9399995803833,11.0600004196167,5.459097385406494,1374900
2001-06-28,11.0600004196167,11.75,11.050000190734863,11.5,5.676279544830322,1246800
2001-06-29,11.5,11.699999809265137,11.149999618530273,11.149999618530273,5.50352144241333,1299900
2001-07-02,11.399999618530273,11.640000343322754,11.050000190734863,11.640000343322754,5.7453813552856445,1191900
2001-07-03,11.680000305175781,11.989999771118164,11.579999923706055,11.949999809265137,5.8983941078186035,557000
2001-07-05,11.949999809265137,12.640000343322754,11.869999885559082,12.399999618530273,6.120508670806885,1161900
2001-07-06,12.5,13.710000038146973,12.5,13.3100004196167,6.569675445556641,2512000
2001-07-09,13.399999618530273,14.079999923706055,13.350000381469727,14.0,6.910251617431641,2039800
2001-07-10,13.800000190734863,14.25,13.319999694824219,14.050000190734863,6.934928894042969,1945700
2001-07-11,14.149999618530273,14.300000190734863,13.930000305175781,14.0600004196167,6.93986701965332,2573600
2001-07-12,14.0600004196167,14.449999809265137,13.979999542236328,14.449999809265137,7.1323676109313965,1366800
2001-07-13,14.300000190734863,14.84000015258789,14.050000190734863,14.800000190734863,7.3051228523254395,1048000
2001-07-16,14.670000076293945,15.079999923706055,14.600000381469727,14.850000381469727,7.329803943634033,2781900
2001-07-17,14.550000190734863,14.829999923706055,14.399999618530273,14.65999984741211,7.236022472381592,2922300
2001-07-18,14.300000190734863,14.640000343322754,14.260000228881836,14.449999809265137,7.1323676109313965,2507100
2001-07-19,14.25,14.699999809265137,14.25,14.699999809265137,7.255763053894043,1330000
2001-07-20,14.699999809265137,14.699999809265137,14.140000343322754,14.239999771118164,7.028712749481201,1809400
2001-07-23,13.739999771118164,13.9399995803833,13.470000267028809,13.670000076293945,6.747369289398193,1885900
2001-07-24,13.420000076293945,13.779999732971191,13.0,13.25,6.540058135986328,3051000
2001-07-25,13.199999809265137,14.050000190734863,13.199999809265137,14.0,6.910251617431641,1625700
2001-07-26,13.899999618530273,14.350000381469727,13.779999732971191,14.050000190734863,6.934928894042969,2401800
2001-07-27,13.850000381469727,14.1899995803833,13.520000457763672,14.1899995803833,7.004033088684082,1778900
2001-07-30,14.010000228881836,14.239999771118164,13.8100004196167,14.020000457763672,6.920124530792236,1179000
2001-07-31,14.0,14.329999923706055,13.90999984741211,14.039999961853027,6.929994583129883,1468500
2001-08-01,14.039999961853027,14.100000381469727,13.609999656677246,14.100000381469727,6.9596076011657715,579600
2001-08-02,14.199999809265137,14.460000038146973,14.029999732971191,14.300000190734863,7.058328151702881,2183100
2001-08-03,14.399999618530273,14.489999771118164,14.010000228881836,14.029999732971191,6.925056457519531,640400
2001-08-06,14.069999694824219,14.100000381469727,13.739999771118164,13.75,6.786855220794678,585500
2001-08-07,13.710000038146973,14.34000015258789,13.710000038146973,14.199999809265137,7.008969783782959,1065700
2001-08-08,14.1899995803833,14.239999771118164,13.8100004196167,13.989999771118164,6.9053144454956055,600800
2001-08-09,13.890000343322754,14.270000457763672,13.859999656677246,14.100000381469727,6.9596076011657715,492100
2001-08-10,13.850000381469727,14.149999618530273,13.760000228881836,14.010000228881836,6.915189266204834,1731300
2001-08-13,13.920000076293945,14.039999961853027,13.859999656677246,13.979999542236328,6.900378704071045,524400
2001-08-14,13.880000114440918,14.0600004196167,13.880000114440918,14.0600004196167,6.93986701965332,1625300
2001-08-15,14.010000228881836,14.1899995803833,13.90999984741211,13.960000038146973,6.890507221221924,1066100
2001-08-16,13.859999656677246,14.09000015258789,13.859999656677246,14.09000015258789,6.95467472076416,372400
2001-08-17,14.0,14.109999656677246,13.930000305175781,14.0,6.910251617431641,2021500
2001-08-20,13.960000038146973,14.149999618530273,13.930000305175781,14.050000190734863,6.934928894042969,1069200
2001-08-21,13.949999809265137,14.170000076293945,13.949999809265137,14.010000228881836,6.915189266204834,1544700
2001-08-22,13.760000228881836,14.1899995803833,13.760000228881836,14.140000343322754,6.97935676574707,701600
2001-08-23,14.0600004196167,14.390000343322754,13.949999809265137,14.180000305175781,6.9990997314453125,1337200
2001-08-24,14.399999618530273,14.600000381469727,14.1899995803833,14.199999809265137,7.008969783782959,2056500
2001-08-27,14.050000190734863,14.1899995803833,13.920000076293945,14.0,6.910251617431641,1000300
2001-08-28,14.010000228881836,14.079999923706055,13.930000305175781,14.010000228881836,6.915189266204834,992300
2001-08-29,13.989999771118164,14.0,13.800000190734863,13.850000381469727,6.836213111877441,582900
2001-08-30,13.850000381469727,13.970000267028809,13.300000190734863,13.300000190734863,6.564739227294922,756200
2001-08-31,13.199999809265137,13.850000381469727,13.199999809265137,13.609999656677246,6.717750549316406,702600
2001-09-04,13.5,13.930000305175781,13.5,13.5,6.663456916809082,1510000
2001-09-05,13.460000038146973,13.850000381469727,13.300000190734863,13.670000076293945,6.747369289398193,628600
2001-09-06,13.569999694824219,13.600000381469727,13.229999542236328,13.600000381469727,6.712817668914795,491600
2001-09-07,13.5,14.0,13.5,13.90999984741211,6.865829944610596,1539000
2001-09-10,13.65999984741211,14.039999961853027,13.65999984741211,14.020000457763672,6.920124530792236,1013600
2001-09-17,13.850000381469727,13.850000381469727,12.579999923706055,12.579999923706055,6.209355354309082,1103200
2001-09-18,12.0,12.130000114440918,11.649999618530273,11.920000076293945,5.883585453033447,837200
2001-09-19,11.920000076293945,12.0,11.350000381469727,11.619999885559082,5.735507965087891,1333500
2001-09-20,11.470000267028809,11.649999618530273,10.460000038146973,11.350000381469727,5.602237224578857,2845100
2001-09-21,11.0,11.800000190734863,10.899999618530273,11.789999961853027,5.819417953491211,3999400
2001-09-24,12.0,12.260000228881836,11.859999656677246,12.25,6.046472072601318,4750600
2001-09-25,12.260000228881836,12.390000343322754,12.0,12.319999694824219,6.081021785736084,2533200
2001-09-26,12.25,12.260000228881836,11.989999771118164,12.220000267028809,6.031663417816162,1677600
2001-09-27,12.220000267028809,12.600000381469727,12.0600004196167,12.5600004196167,6.19948148727417,1391400
2001-09-28,12.569999694824219,13.399999618530273,12.569999694824219,13.15999984741211,6.4956374168396,3799200
2001-10-01,13.15999984741211,13.449999809265137,13.010000228881836,13.449999809265137,6.638774394989014,1005900
2001-10-02,13.300000190734863,13.75,13.260000228881836,13.75,6.786855220794678,1411700
2001-10-03,16.0,16.1200008392334,15.40999984741211,15.699999809265137,7.749354362487793,7315700
2001-10-04,15.949999809265137,16.0,15.6899995803833,15.800000190734863,7.798715591430664,3555000
2001-10-05,15.699999809265137,16.079999923706055,15.399999618530273,15.930000305175781,7.862879276275635,2942000
2001-10-08,15.930000305175781,16.049999237060547,15.510000228881836,15.520000457763672,7.660505771636963,1698900
2001-10-09,15.319999694824219,15.550000190734863,15.199999809265137,15.5,7.650636196136475,647900
2001-10-10,15.350000381469727,15.640000343322754,15.109999656677246,15.579999923706055,7.690120697021484,1192900
2001-10-11,15.430000305175781,15.720000267028809,15.25,15.319999694824219,7.5617876052856445,772100
2001-10-12,15.300000190734863,15.5,15.210000038146973,15.34000015258789,7.571659564971924,1002200
2001-10-15,15.369999885559082,15.5,15.260000228881836,15.449999809265137,7.625955104827881,567900
2001-10-16,15.350000381469727,15.510000228881836,15.3100004196167,15.489999771118164,7.645698547363281,687300
2001-10-17,15.479999542236328,15.600000381469727,15.130000114440918,15.1899995803833,7.497624397277832,863800
2001-10-18,15.130000114440918,15.5,15.130000114440918,15.5,7.650636196136475,603200
2001-10-19,15.5,16.0,15.319999694824219,15.9399995803833,7.867813587188721,1437700
2001-10-22,15.84000015258789,16.010000228881836,15.84000015258789,15.899999618530273,7.8480706214904785,2316000
2001-10-23,15.850000381469727,15.859999656677246,15.15999984741211,15.210000038146973,7.50749397277832,1015300
2001-10-24,15.15999984741211,15.350000381469727,15.0,15.140000343322754,7.472943305969238,1109500
2001-10-25,15.010000228881836,15.609999656677246,15.010000228881836,15.489999771118164,7.645698547363281,997600
2001-10-26,15.34000015258789,15.350000381469727,14.899999618530273,15.010000228881836,7.408780574798584,614200
2001-10-29,15.109999656677246,15.199999809265137,14.850000381469727,14.989999771118164,7.398902416229248,427000
2001-10-30,14.989999771118164,14.989999771118164,14.3100004196167,14.539999961853027,7.176791191101074,822800
2001-10-31,14.539999961853027,14.720000267028809,14.199999809265137,14.210000038146973,7.013903617858887,752500
2001-11-01,14.390000343322754,14.649999618530273,14.039999961853027,14.600000381469727,7.206404209136963,588500
2001-11-02,14.399999618530273,14.630000114440918,14.020000457763672,14.319999694824219,7.068200588226318,353300
2001-11-05,14.550000190734863,15.170000076293945,14.550000190734863,14.84000015258789,7.324863910675049,732600
2001-11-06,14.739999771118164,15.149999618530273,14.399999618530273,15.119999885559082,7.463072299957275,495500
2001-11-07,15.199999809265137,15.199999809265137,14.539999961853027,14.609999656677246,7.211341381072998,563600
2001-11-08,14.800000190734863,14.800000190734863,14.020000457763672,14.3100004196167,7.063262939453125,742000
2001-11-09,14.399999618530273,14.989999771118164,14.210000038146973,14.9399995803833,7.374223709106445,771200
2001-11-12,14.800000190734863,14.989999771118164,14.550000190734863,14.850000381469727,7.329803943634033,395600
2001-11-13,14.800000190734863,15.130000114440918,14.760000228881836,15.109999656677246,7.458136558532715,708300
2001-11-14,15.140000343322754,15.149999618530273,14.729999542236328,14.890000343322754,7.349542140960693,436400
2001-11-15,14.800000190734863,14.989999771118164,14.399999618530273,14.600000381469727,7.206404209136963,470800
2001-11-16,14.600000381469727,14.979999542236328,14.600000381469727,14.850000381469727,7.329803943634033,509600
2001-11-19,14.800000190734863,14.890000343322754,13.800000190734863,14.890000343322754,7.349542140960693,1161100
2001-11-20,14.6899995803833,14.920000076293945,14.550000190734863,14.859999656677246,7.334738254547119,447000
2001-11-21,14.65999984741211,14.65999984741211,14.25,14.40999984741211,7.1126227378845215,485900
2001-11-23,14.510000228881836,14.510000228881836,14.1899995803833,14.199999809265137,7.008969783782959,296700
2001-11-26,14.699999809265137,14.880000114440918,14.260000228881836,14.300000190734863,7.058328151702881,1337500
2001-11-27,14.350000381469727,14.619999885559082,14.260000228881836,14.390000343322754,7.10275411605835,935200
2001-11-28,14.359999656677246,15.350000381469727,14.199999809265137,15.260000228881836,7.532176971435547,1947000
2001-11-29,15.119999885559082,15.479999542236328,14.800000190734863,14.890000343322754,7.349542140960693,1670800
2001-11-30,14.770000457763672,15.350000381469727,14.75,15.100000381469727,7.453200340270996,1530500
2001-12-03,15.100000381469727,15.149999618530273,14.609999656677246,14.609999656677246,7.211341381072998,863900
2001-12-04,14.65999984741211,15.149999618530273,14.600000381469727,15.109999656677246,7.458136558532715,917000
2001-12-05,15.289999961853027,15.479999542236328,15.130000114440918,15.380000114440918,7.591406345367432,1112100
2001-12-06,15.130000114440918,15.199999809265137,14.960000038146973,14.960000038146973,7.384096145629883,1091700
2001-12-07,14.949999809265137,15.5,14.949999809265137,15.5,7.650636196136475,1193000
2001-12-10,15.5,15.5,15.100000381469727,15.25,7.5272393226623535,843300
2001-12-11,15.25,15.359999656677246,15.109999656677246,15.260000228881836,7.532176971435547,746000
2001-12-12,15.399999618530273,15.5,15.100000381469727,15.470000267028809,7.635828018188477,662900
2001-12-13,15.300000190734863,15.699999809265137,15.170000076293945,15.699999809265137,7.749354362487793,1161400
2001-12-14,15.5,15.649999618530273,15.199999809265137,15.199999809265137,7.502561569213867,870500
2001-12-17,15.199999809265137,15.289999961853027,14.760000228881836,15.149999618530273,7.477878570556641,785600
2001-12-18,15.020000457763672,15.09000015258789,14.850000381469727,15.020000457763672,7.413717746734619,852800
2001-12-19,14.920000076293945,15.359999656677246,14.859999656677246,15.359999656677246,7.5815348625183105,889400
2001-12-20,15.109999656677246,15.25,14.880000114440918,14.930000305175781,7.369290351867676,1118100
2001-12-21,14.829999923706055,15.25,14.720000267028809,15.25,7.5272393226623535,1714900
2001-12-24,15.140000343322754,15.170000076293945,15.010000228881836,15.069999694824219,7.438389778137207,334700
2001-12-26,15.079999923706055,15.289999961853027,14.970000267028809,15.09000015258789,7.448264122009277,762900
2001-12-27,15.09000015258789,15.289999961853027,15.050000190734863,15.289999961853027,7.546982765197754,560500
2001-12-28,15.1899995803833,15.270000457763672,15.010000228881836,15.229999542236328,7.51736307144165,494200
2001-12-31,15.020000457763672,15.260000228881836,15.010000228881836,15.100000381469727,7.453200340270996,847100
2002-01-02,15.100000381469727,15.449999809265137,14.949999809265137,15.449999809265137,7.625955104827881,905900
2002-01-03,15.4399995803833,15.449999809265137,15.109999656677246,15.430000305175781,7.616085052490234,671500
2002-01-04,15.430000305175781,15.460000038146973,15.180000305175781,15.399999618530273,7.601277828216553,613100
2002-01-07,15.300000190734863,15.670000076293945,15.300000190734863,15.670000076293945,7.734543323516846,514500
2002-01-08,15.670000076293945,15.789999961853027,15.199999809265137,15.220000267028809,7.5124287605285645,1096400
2002-01-09,15.210000038146973,15.5600004196167,15.210000038146973,15.359999656677246,7.5815348625183105,836800
2002-01-10,15.270000457763672,15.420000076293945,15.170000076293945,15.399999618530273,7.601277828216553,1004300
2002-01-11,15.300000190734863,15.399999618530273,15.15999984741211,15.279999732971191,7.542048454284668,872000
2002-01-14,15.199999809265137,15.779999732971191,15.199999809265137,15.600000381469727,7.699995040893555,837400
2002-01-15,15.600000381469727,15.789999961853027,15.420000076293945,15.59000015258789,7.6950578689575195,642000
2002-01-16,15.649999618530273,15.649999618530273,15.260000228881836,15.319999694824219,7.5617876052856445,1043700
2002-01-17,15.260000228881836,15.479999542236328,15.260000228881836,15.350000381469727,7.576595306396484,518100
2002-01-18,15.170000076293945,15.399999618530273,15.0600004196167,15.399999618530273,7.601277828216553,928700
2002-01-22,15.319999694824219,15.449999809265137,14.989999771118164,15.069999694824219,7.438389778137207,1153200
2002-01-23,14.949999809265137,15.5,14.949999809265137,15.479999542236328,7.640763759613037,1482200
2002-01-24,15.479999542236328,15.869999885559082,15.399999618530273,15.75,7.774032115936279,1090100
2002-01-25,15.75,15.800000190734863,15.4399995803833,15.59000015258789,7.6950578689575195,741200
2002-01-28,15.789999961853027,15.789999961853027,15.359999656677246,15.489999771118164,7.645698547363281,537100
2002-01-29,15.289999961853027,15.680000305175781,15.09000015258789,15.140000343322754,7.472943305969238,758400
2002-01-30,15.130000114440918,15.399999618530273,15.029999732971191,15.25,7.5272393226623535,1252500
2002-01-31,15.15999984741211,15.489999771118164,15.069999694824219,15.449999809265137,7.625955104827881,945600
2002-02-01,15.449999809265137,16.0,15.279999732971191,15.989999771118164,7.8924970626831055,3294800
2002-02-04,16.0,16.100000381469727,15.760000228881836,16.0,7.897431373596191,3258900
2002-02-05,16.0,16.68000030517578,15.90999984741211,16.25,8.020827293395996,3396800
2002-02-06,16.200000762939453,16.299999237060547,15.90999984741211,15.989999771118164,7.8924970626831055,3113300
2002-02-07,16.0,16.0,15.0,15.279999732971191,7.542048454284668,4714200
2002-02-08,15.180000305175781,15.270000457763672,14.819999694824219,15.149999618530273,7.477878570556641,2160300
2002-02-11,15.25,15.34000015258789,14.970000267028809,15.34000015258789,7.571659564971924,1089500
2002-02-12,15.100000381469727,15.479999542236328,15.100000381469727,15.350000381469727,7.576595306396484,1414700
2002-02-13,15.25,15.479999542236328,15.149999618530273,15.34000015258789,7.571659564971924,931100
2002-02-14,15.289999961853027,15.289999961853027,15.09000015258789,15.260000228881836,7.532176971435547,1197000
2002-02-15,15.260000228881836,15.300000190734863,15.010000228881836,15.140000343322754,7.472943305969238,610200
2002-02-19,15.180000305175781,15.180000305175781,15.0600004196167,15.069999694824219,7.438389778137207,856800
2002-02-20,15.069999694824219,15.15999984741211,14.9399995803833,15.100000381469727,7.453200340270996,1336600
2002-02-21,15.100000381469727,15.329999923706055,14.859999656677246,15.199999809265137,7.502561569213867,806300
2002-02-22,15.050000190734863,15.779999732971191,15.0,15.579999923706055,7.690120697021484,946800
2002-02-25,15.579999923706055,15.670000076293945,15.199999809265137,15.279999732971191,7.542048454284668,1052900
2002-02-26,15.350000381469727,15.930000305175781,15.350000381469727,15.850000381469727,7.823391914367676,2283300
2002-02-27,15.960000038146973,15.960000038146973,15.510000228881836,15.850000381469727,7.823391914367676,1951600
2002-02-28,15.84000015258789,15.979999542236328,15.65999984741211,15.800000190734863,7.798715591430664,1270300
2002-03-01,15.920000076293945,16.040000915527344,15.779999732971191,16.0,7.897431373596191,1620000
2002-03-04,16.229999542236328,16.6299991607666,16.1200008392334,16.239999771118164,8.015890121459961,2635300
2002-03-05,16.25,16.479999542236328,16.200000762939453,16.450000762939453,8.11954402923584,2123900
2002-03-06,16.450000762939453,16.489999771118164,16.200000762939453,16.440000534057617,8.114608764648438,2175000
2002-03-07,16.5,17.010000228881836,16.450000762939453,16.93000030517578,8.356470108032227,3282200
2002-03-08,17.0,17.049999237060547,16.850000381469727,16.959999084472656,8.3712739944458,1156200
2002-03-11,16.799999237060547,17.420000076293945,16.760000228881836,17.299999237060547,8.539095878601074,1552200
2002-03-12,17.280000686645508,17.299999237060547,16.959999084472656,17.0,8.391016960144043,2152100
2002-03-13,17.0,17.0,16.280000686645508,16.31999969482422,8.055378913879395,892600
2002-03-14,16.399999618530273,16.56999969482422,16.219999313354492,16.549999237060547,8.168900489807129,705800
2002-03-15,16.75,17.010000228881836,16.610000610351562,16.799999237060547,8.292304039001465,1315200
2002-03-18,16.56999969482422,17.149999618530273,16.56999969482422,17.06999969482422,8.42557144165039,881100
2002-03-19,17.06999969482422,17.559999465942383,17.0,17.5,8.637813568115234,1644500
2002-03-20,17.5,17.5,16.40999984741211,16.43000030517578,8.10966968536377,5114900
2002-03-21,16.6299991607666,16.969999313354492,16.5,16.950000762939453,8.366338729858398,2028200
2002-03-22,16.850000381469727,16.989999771118164,16.700000762939453,16.780000686645508,8.282428741455078,1262500
2002-03-25,16.780000686645508,16.850000381469727,16.549999237060547,16.600000381469727,8.193582534790039,713300
2002-03-26,16.700000762939453,16.8799991607666,16.65999984741211,16.780000686645508,8.282428741455078,1156300
2002-03-27,16.760000228881836,16.799999237060547,16.610000610351562,16.690000534057617,8.238007545471191,1511800
2002-03-28,16.700000762939453,16.799999237060547,16.520000457763672,16.75,8.267620086669922,1063100
2002-04-01,16.649999618530273,16.84000015258789,16.450000762939453,16.829999923706055,8.307110786437988,1318100
2002-04-02,16.75,16.860000610351562,16.549999237060547,16.690000534057617,8.238007545471191,864900
2002-04-03,16.649999618530273,16.790000915527344,16.610000610351562,16.75,8.267620086669922,1295800
2002-04-04,16.75,16.829999923706055,16.600000381469727,16.799999237060547,8.292304039001465,889400
2002-04-05,16.979999542236328,17.420000076293945,16.850000381469727,17.299999237060547,8.539095878601074,1581800
2002-04-08,17.299999237060547,17.299999237060547,17.049999237060547,17.06999969482422,8.42557144165039,1258900
2002-04-09,17.0,17.049999237060547,16.729999542236328,16.780000686645508,8.282428741455078,1668400
2002-04-10,16.780000686645508,17.5,16.780000686645508,17.399999618530273,8.588454246520996,1752000
2002-04-11,17.200000762939453,17.639999389648438,17.010000228881836,17.020000457763672,8.400893211364746,996500
2002-04-12,16.899999618530273,17.18000030517578,16.899999618530273,17.0,8.391016960144043,1317900
2002-04-15,17.0,17.06999969482422,16.510000228881836,16.510000228881836,8.149158477783203,1665500
2002-04-16,16.65999984741211,17.1299991607666,16.65999984741211,16.989999771118164,8.386082649230957,1108300
2002-04-17,17.0,17.3799991607666,16.899999618530273,17.270000457763672,8.524288177490234,1037100
2002-04-18,17.25,17.25,16.81999969482422,17.059999465942383,8.420633316040039,1051900
2002-04-19,17.0,17.200000762939453,16.889999389648438,17.15999984741211,8.469993591308594,670100
2002-04-22,17.0,17.760000228881836,17.0,17.56999969482422,8.67236328125,944300
2002-04-23,17.899999618530273,18.049999237060547,17.56999969482422,17.809999465942383,8.790831565856934,1972000
2002-04-24,17.899999618530273,17.940000534057617,17.700000762939453,17.889999389648438,8.830316543579102,1053500
2002-04-25,17.739999771118164,18.209999084472656,17.709999084472656,18.200000762939453,8.983325958251953,2005500
2002-04-26,18.1299991607666,18.280000686645508,18.06999969482422,18.209999084472656,8.988263130187988,1278200
2002-04-29,18.049999237060547,18.25,17.31999969482422,17.43000030517578,8.603264808654785,1588800
2002-04-30,17.68000030517578,18.170000076293945,17.68000030517578,18.149999618530273,8.958648681640625,2744200
2002-05-01,18.0,18.149999618530273,17.860000610351562,18.149999618530273,8.958648681640625,1768600
2002-05-02,18.149999618530273,18.290000915527344,17.979999542236328,18.25,9.008005142211914,1049800
2002-05-03,18.299999237060547,18.40999984741211,18.110000610351562,18.40999984741211,9.08698558807373,1361300
2002-05-06,18.5,18.940000534057617,18.399999618530273,18.829999923706055,9.294292449951172,4197200
2002-05-07,18.700000762939453,18.899999618530273,18.59000015258789,18.649999618530273,9.205440521240234,2886100
2002-05-08,18.65999984741211,19.030000686645508,18.510000228881836,19.0,9.37819766998291,1636500
2002-05-09,19.0,19.139999389648438,18.729999542236328,18.860000610351562,9.30909538269043,1654100
2002-05-10,18.899999618530273,19.1200008392334,18.68000030517578,18.809999465942383,9.28441333770752,1063300
2002-05-13,19.0,19.360000610351562,18.899999618530273,19.239999771118164,9.496659278869629,1911200
2002-05-14,19.5,19.600000381469727,19.299999237060547,19.5,9.624996185302734,2034500
2002-05-15,19.40999984741211,19.59000015258789,18.920000076293945,19.100000381469727,9.427556991577148,2421600
2002-05-16,19.200000762939453,19.25,18.579999923706055,18.639999389648438,9.200509071350098,1582600
2002-05-17,18.700000762939453,18.8799991607666,17.989999771118164,18.0,8.884607315063477,1929700
2002-05-20,18.0,18.40999984741211,18.0,18.329999923706055,9.047490119934082,1807000
2002-05-21,18.459999084472656,18.649999618530273,18.25,18.510000228881836,9.136335372924805,2063000
2002-05-22,18.459999084472656,18.690000534057617,18.3700008392334,18.549999237060547,9.156085014343262,1083600
2002-05-23,18.600000381469727,18.84000015258789,18.559999465942383,18.780000686645508,9.269611358642578,1279400
2002-05-24,18.75,19.059999465942383,18.100000381469727,18.229999542236328,8.998132705688477,1595100
2002-05-28,18.649999618530273,19.110000610351562,18.450000762939453,18.979999542236328,9.368324279785156,1924600
2002-05-29,19.0,19.0,18.540000915527344,18.600000381469727,9.180760383605957,1953000
2002-05-30,18.6299991607666,18.899999618530273,18.549999237060547,18.549999237060547,9.156085014343262,1079800
2002-05-31,18.559999465942383,18.8700008392334,18.5,18.65999984741211,9.21037483215332,1286400
2002-06-03,18.65999984741211,18.75,18.290000915527344,18.520000457763672,9.141275405883789,3165900
2002-06-04,18.670000076293945,18.8700008392334,18.530000686645508,18.719999313354492,9.239997863769531,2729900
2002-06-05,18.799999237060547,19.25,18.6299991607666,19.200000762939453,9.47691535949707,2794600
2002-06-06,19.209999084472656,19.209999084472656,18.799999237060547,18.850000381469727,9.304160118103027,1721800
2002-06-07,18.899999618530273,19.0,18.6299991607666,18.850000381469727,9.304160118103027,2112400
2002-06-10,18.850000381469727,18.899999618530273,18.65999984741211,18.799999237060547,9.27947998046875,750200
2002-06-11,18.829999923706055,18.829999923706055,18.0,18.190000534057617,8.978392601013184,1800700
2002-06-12,18.190000534057617,18.389999389648438,18.0,18.350000381469727,9.057363510131836,2240400
2002-06-13,18.149999618530273,18.549999237060547,18.030000686645508,18.3799991607666,9.07217025756836,1378700
2002-06-14,18.399999618530273,18.860000610351562,18.309999465942383,18.709999084472656,9.235055923461914,1671300
2002-06-17,18.709999084472656,18.90999984741211,18.6200008392334,18.780000686645508,9.269611358642578,1027500
2002-06-18,18.780000686645508,18.84000015258789,18.549999237060547,18.579999923706055,9.170891761779785,1421500
2002-06-19,18.549999237060547,18.90999984741211,18.5,18.579999923706055,9.170891761779785,1535100
2002-06-20,18.549999237060547,18.920000076293945,18.549999237060547,18.739999771118164,9.249861717224121,1235900
2002-06-21,17.75,18.540000915527344,17.700000762939453,18.209999084472656,8.988263130187988,2920600
2002-06-24,18.25,18.3799991607666,17.399999618530273,17.6299991607666,8.701977729797363,1993400
2002-06-25,17.75,18.0,17.549999237060547,17.600000381469727,8.687174797058105,967100
2002-06-26,17.399999618530273,17.940000534057617,16.65999984741211,17.860000610351562,8.815506935119629,2249600
2002-06-27,17.950000762939453,17.950000762939453,16.260000228881836,16.75,8.267620086669922,2296000
2002-06-28,16.75,17.600000381469727,16.549999237060547,17.0,8.391016960144043,3115200
2002-07-01,16.860000610351562,17.239999771118164,16.670000076293945,16.670000076293945,8.228137016296387,1438100
2002-07-02,16.729999542236328,16.729999542236328,15.75,15.899999618530273,7.8480706214904785,2179500
2002-07-03,15.899999618530273,16.3700008392334,15.529999732971191,15.649999618530273,7.724672317504883,2197700
2002-07-05,15.630000114440918,16.100000381469727,15.399999618530273,16.0,7.897431373596191,426800
2002-07-08,15.979999542236328,16.0,15.100000381469727,15.289999961853027,7.546982765197754,1374700
2002-07-09,15.260000228881836,15.449999809265137,14.90999984741211,15.010000228881836,7.408780574798584,1396600
2002-07-10,15.100000381469727,15.100000381469727,13.15999984741211,13.489999771118164,6.658520221710205,2072400
2002-07-11,13.489999771118164,14.729999542236328,13.489999771118164,14.710000038146973,7.2606987953186035,3387500
2002-07-12,14.779999732971191,14.779999732971191,14.15999984741211,14.75,7.280444145202637,1653000
2002-07-15,14.5,14.890000343322754,13.770000457763672,14.75,7.280444145202637,2074200
2002-07-16,14.399999618530273,14.640000343322754,13.670000076293945,13.6899995803833,6.7572407722473145,1404800
2002-07-17,14.149999618530273,14.5,13.8100004196167,13.949999809265137,6.885573863983154,1627800
2002-07-18,13.899999618530273,14.329999923706055,13.699999809265137,13.710000038146973,6.767107963562012,1393600
2002-07-19,13.670000076293945,13.75,12.800000190734863,12.949999809265137,6.391984462738037,1414100
2002-07-22,13.069999694824219,13.550000190734863,12.260000228881836,12.350000381469727,6.095827579498291,1783300
2002-07-23,12.699999809265137,12.819999694824219,11.020000457763672,11.390000343322754,5.621984481811523,1872100
2002-07-24,10.949999809265137,12.59000015258789,10.699999809265137,12.449999809265137,6.1451873779296875,2560500
2002-07-25,12.460000038146973,13.25,12.079999923706055,12.699999809265137,6.268586158752441,3004100
2002-07-26,12.649999618530273,12.869999885559082,12.210000038146973,12.4399995803833,6.140251636505127,2143600
2002-07-29,12.550000190734863,12.800000190734863,12.329999923706055,12.449999809265137,6.1451873779296875,1795100
2002-07-30,12.479999542236328,13.039999961853027,12.350000381469727,12.800000190734863,6.317946910858154,3305400
2002-07-31,13.029999732971191,13.289999961853027,12.75,13.100000381469727,6.4660234451293945,2264800
2002-08-01,13.0,13.0,10.75,11.479999542236328,5.66640567779541,6019500
2002-08-02,11.5,11.680000305175781,11.010000228881836,11.5600004196167,5.70589542388916,3214400
2002-08-05,11.609999656677246,11.630000114440918,10.5,10.75,5.306085586547852,2319300
2002-08-06,11.800000190734863,12.199999809265137,11.600000381469727,11.779999732971191,5.814484119415283,4357000
2002-08-07,12.0,12.399999618530273,11.779999732971191,11.899999618530273,5.873711109161377,2832600
2002-08-08,11.949999809265137,12.5,11.9399995803833,12.5,6.169865131378174,2640200
2002-08-09,12.399999618530273,12.850000381469727,12.199999809265137,12.470000267028809,6.155058860778809,1677500
2002-08-12,12.5,12.8100004196167,12.40999984741211,12.680000305175781,6.258713722229004,1339100
2002-08-13,12.6899995803833,12.699999809265137,12.359999656677246,12.550000190734863,6.194546222686768,1154300
2002-08-14,12.5,12.75,12.100000381469727,12.350000381469727,6.095827579498291,1136700
2002-08-15,12.350000381469727,12.930000305175781,12.350000381469727,12.75,6.293265342712402,1383300
2002-08-16,12.550000190734863,12.850000381469727,12.479999542236328,12.630000114440918,6.234034061431885,1041100
2002-08-19,12.529999732971191,12.800000190734863,12.300000190734863,12.5,6.169865131378174,706000
2002-08-20,12.5,13.020000457763672,12.449999809265137,13.020000457763672,6.426532745361328,1051100
2002-08-21,12.850000381469727,13.0,12.529999732971191,12.949999809265137,6.391984462738037,836900
2002-08-22,12.960000038146973,13.420000076293945,12.84000015258789,13.09000015258789,6.461085319519043,1474800
2002-08-23,13.100000381469727,13.670000076293945,12.890000343322754,12.899999618530273,6.367300033569336,967900
2002-08-26,12.90999984741211,13.5,12.90999984741211,13.479999542236328,6.653582572937012,849000
2002-08-27,13.5,13.770000457763672,12.899999618530273,13.0600004196167,6.446275234222412,1475600
2002-08-28,12.869999885559082,13.210000038146973,12.0,12.130000114440918,5.987238883972168,7075400
2002-08-29,12.029999732971191,12.270000457763672,11.84000015258789,12.25,6.046472072601318,1386000
2002-08-30,12.0600004196167,12.289999961853027,11.8100004196167,11.979999542236328,5.913200378417969,832500
2002-09-03,11.800000190734863,12.0,11.350000381469727,11.510000228881836,5.681213855743408,1044300
2002-09-04,11.640000343322754,11.819999694824219,10.850000381469727,11.0,5.429482936859131,14091200
2002-09-05,11.0,11.300000190734863,10.949999809265137,11.199999809265137,5.528200626373291,3572700
2002-09-06,11.0600004196167,11.229999542236328,10.989999771118164,11.0600004196167,5.459097385406494,1450500
2002-09-09,11.039999961853027,11.100000381469727,10.710000038146973,11.100000381469727,5.478844165802002,1970800
2002-09-10,11.119999885559082,11.300000190734863,10.850000381469727,11.0,5.429482936859131,1562000
2002-09-11,11.180000305175781,11.199999809265137,10.979999542236328,11.0600004196167,5.459097385406494,835200
2002-09-12,10.850000381469727,10.899999618530273,10.600000381469727,10.600000381469727,5.2320475578308105,3055900
2002-09-13,10.5,11.09000015258789,10.5,11.09000015258789,5.473905086517334,1477500
2002-09-16,10.850000381469727,11.149999618530273,10.75,11.149999618530273,5.50352144241333,959500
2002-09-17,11.0,11.350000381469727,10.75,10.800000190734863,5.3307647705078125,1621500
2002-09-18,10.800000190734863,11.130000114440918,10.739999771118164,10.899999618530273,5.380121231079102,1351500
2002-09-19,10.699999809265137,10.829999923706055,10.600000381469727,10.65999984741211,5.261663913726807,1768000
2002-09-20,10.600000381469727,10.779999732971191,10.510000228881836,10.739999771118164,5.301150798797607,2026000
2002-09-23,10.600000381469727,10.800000190734863,10.399999618530273,10.5,5.182690620422363,692000
2002-09-24,9.0,10.619999885559082,8.800000190734863,10.619999885559082,5.24191951751709,8491400
2002-09-25,9.220000267028809,9.75,9.180000305175781,9.5600004196167,4.718715190887451,3167600
2002-09-26,9.649999618530273,10.350000381469727,9.619999885559082,10.300000190734863,5.08397102355957,3001800
2002-09-27,10.199999809265137,10.5,9.779999732971191,9.899999618530273,4.886536598205566,1867400
2002-09-30,9.649999618530273,10.1899995803833,9.550000190734863,10.0,4.93589448928833,2205800
2002-10-01,10.0,10.5,9.819999694824219,10.210000038146973,5.039548873901367,2411600
2002-10-02,10.149999618530273,10.600000381469727,9.5,10.069999694824219,4.9704437255859375,1252400
2002-10-03,10.600000381469727,10.800000190734863,10.390000343322754,10.720000267028809,5.291277885437012,2670400
2002-10-04,10.75,10.800000190734863,10.010000228881836,10.229999542236328,5.0494184494018555,2406500
2002-10-07,10.100000381469727,10.289999961853027,9.600000381469727,9.819999694824219,4.847044944763184,1771100
2002-10-08,9.850000381469727,9.869999885559082,9.0600004196167,9.210000038146973,4.54595947265625,2699000
2002-10-09,9.0,9.050000190734863,7.849999904632568,7.849999904632568,3.8746771812438965,3469800
2002-10-10,7.860000133514404,8.25,7.800000190734863,8.050000190734863,3.9733948707580566,5484800
2002-10-11,8.649999618530273,9.0,8.479999542236328,9.0,4.442303657531738,3022200
2002-10-14,8.600000381469727,8.869999885559082,8.510000228881836,8.770000457763672,4.328779220581055,845100
2002-10-15,8.949999809265137,9.0,8.789999961853027,8.800000190734863,4.343587398529053,1763300
2002-10-16,8.699999809265137,8.699999809265137,8.220000267028809,8.420000076293945,4.156022071838379,1282200
2002-10-17,8.5,8.649999618530273,7.800000190734863,8.0,3.9487156867980957,2477300
2002-10-18,8.0,9.180000305175781,7.869999885559082,9.180000305175781,4.5311503410339355,2864600
2002-10-21,9.050000190734863,9.6899995803833,8.739999771118164,9.569999694824219,4.723649501800537,3162500
2002-10-22,9.579999923706055,9.779999732971191,9.319999694824219,9.520000457763672,4.698972225189209,1737400
2002-10-23,9.550000190734863,10.0,9.479999542236328,9.930000305175781,4.901342868804932,1624500
2002-10-24,9.899999618530273,10.239999771118164,9.699999809265137,9.920000076293945,4.896407604217529,1364500
2002-10-25,9.760000228881836,10.25,9.75,10.119999885559082,4.9951252937316895,772200
2002-10-28,10.130000114440918,10.300000190734863,9.75,9.979999542236328,4.926022529602051,1042500
2002-10-29,9.960000038146973,10.130000114440918,9.680000305175781,10.0,4.93589448928833,736700
2002-10-30,9.899999618530273,10.09000015258789,9.729999542236328,10.039999961853027,4.955636501312256,714400
2002-10-31,9.899999618530273,10.050000190734863,9.75,10.050000190734863,4.960573196411133,1071600
2002-11-01,10.75,10.760000228881836,10.100000381469727,10.359999656677246,5.113584995269775,1569400
2002-11-04,10.300000190734863,11.039999961853027,10.260000228881836,10.970000267028809,5.414677143096924,1368300
2002-11-05,10.899999618530273,10.930000305175781,10.520000457763672,10.75,5.306085586547852,1546700
2002-11-06,10.949999809265137,11.569999694824219,10.869999885559082,11.5,5.676279544830322,1727300
2002-11-07,11.350000381469727,11.350000381469727,10.770000457763672,10.899999618530273,5.380121231079102,2017200
2002-11-08,10.869999885559082,10.989999771118164,10.34000015258789,10.350000381469727,5.108649730682373,2700100
2002-11-11,10.359999656677246,10.699999809265137,10.260000228881836,10.649999618530273,5.25672721862793,1386700
2002-11-12,10.40999984741211,10.6899995803833,10.300000190734863,10.319999694824219,5.09384298324585,1759800
2002-11-13,10.510000228881836,10.819999694824219,10.4399995803833,10.819999694824219,5.340638160705566,1316400
2002-11-14,10.680000305175781,11.220000267028809,10.600000381469727,11.220000267028809,5.53807258605957,1615500
2002-11-15,11.220000267028809,11.5,11.220000267028809,11.470000267028809,5.661470413208008,1489000
2002-11-18,11.319999694824219,11.59000015258789,11.0,11.149999618530273,5.50352144241333,1410400
2002-11-19,11.25,11.630000114440918,11.100000381469727,11.369999885559082,5.612112045288086,2191800
2002-11-20,11.550000190734863,11.850000381469727,11.300000190734863,11.649999618530273,5.750317096710205,1486800
2002-11-21,11.399999618530273,11.619999885559082,11.239999771118164,11.399999618530273,5.626916885375977,2666700
2002-11-22,11.649999618530273,11.899999618530273,11.390000343322754,11.800000190734863,5.8243536949157715,2098400
2002-11-25,11.960000038146973,12.149999618530273,11.010000228881836,11.229999542236328,5.543007850646973,2772400
2002-11-26,11.239999771118164,11.6899995803833,11.170000076293945,11.170000076293945,5.513392925262451,1236100
2002-11-27,11.170000076293945,11.420000076293945,10.9399995803833,10.9399995803833,5.399869441986084,709000
2002-11-29,11.0,11.270000457763672,11.0,11.09000015258789,5.473905086517334,543500
2002-12-02,11.199999809265137,11.390000343322754,10.779999732971191,10.890000343322754,5.375189781188965,979300
2002-12-03,10.699999809265137,11.319999694824219,10.680000305175781,11.079999923706055,5.46897029876709,1352200
2002-12-04,11.109999656677246,11.180000305175781,10.6899995803833,10.6899995803833,5.276470184326172,1516000
2002-12-05,10.699999809265137,10.9399995803833,10.40999984741211,10.65999984741211,5.261663913726807,973000
2002-12-06,10.550000190734863,10.59000015258789,10.350000381469727,10.449999809265137,5.1580095291137695,839000
2002-12-09,10.149999618530273,10.550000190734863,10.100000381469727,10.369999885559082,5.118521690368652,1745400
2002-12-10,11.359999656677246,11.359999656677246,10.4399995803833,10.859999656677246,5.360380172729492,898200
2002-12-11,10.760000228881836,11.170000076293945,10.720000267028809,11.039999961853027,5.4492268562316895,1283800
2002-12-12,11.0,11.399999618530273,10.979999542236328,11.380000114440918,5.617047309875488,1479300
2002-12-13,11.149999618530273,11.460000038146973,11.039999961853027,11.25,5.55288028717041,1005400
2002-12-16,11.199999809265137,11.449999809265137,10.859999656677246,11.279999732971191,5.567689895629883,2136200
2002-12-17,11.380000114440918,12.140000343322754,11.380000114440918,12.029999732971191,5.9378790855407715,2110900
2002-12-18,12.020000457763672,12.029999732971191,11.399999618530273,11.520000457763672,5.686153888702393,952200
2002-12-19,11.25,11.800000190734863,11.25,11.800000190734863,5.8243536949157715,1256400
2002-12-20,11.979999542236328,12.25,11.789999961853027,12.239999771118164,6.04153299331665,2636200
2002-12-23,12.050000190734863,12.149999618530273,11.720000267028809,11.789999961853027,5.819417953491211,1077100
2002-12-24,11.520000457763672,11.949999809265137,11.520000457763672,11.859999656677246,5.853969573974609,312300
2002-12-26,11.850000381469727,12.25,11.8100004196167,12.069999694824219,5.957625865936279,674300
2002-12-27,11.9399995803833,12.119999885559082,11.699999809265137,11.760000228881836,5.804612159729004,472200
2002-12-30,11.65999984741211,11.819999694824219,11.520000457763672,11.770000457763672,5.809546947479248,662600
2002-12-31,11.630000114440918,11.859999656677246,11.569999694824219,11.850000381469727,5.849033355712891,551800
2003-01-02,11.850000381469727,12.729999542236328,11.850000381469727,12.710000038146973,6.273519515991211,1514000
2003-01-03,12.710000038146973,12.890000343322754,12.25,12.4399995803833,6.140251636505127,997100
2003-01-06,12.300000190734863,13.0,12.220000267028809,13.0,6.41666316986084,1495500
2003-01-07,13.0,13.0,12.479999542236328,12.59000015258789,6.214288711547852,1695100
2003-01-08,12.850000381469727,13.489999771118164,12.8100004196167,13.300000190734863,6.564739227294922,1871200
2003-01-09,13.170000076293945,13.1899995803833,12.65999984741211,12.800000190734863,6.317946910858154,2291900
2003-01-10,12.800000190734863,13.25,12.649999618530273,13.25,6.540058135986328,1137800
2003-01-13,13.09000015258789,13.100000381469727,12.84000015258789,12.920000076293945,6.377176761627197,935500
2003-01-14,12.970000267028809,13.15999984741211,12.829999923706055,13.119999885559082,6.475891590118408,725600
2003-01-15,13.079999923706055,13.140000343322754,12.850000381469727,13.029999732971191,6.431468486785889,503000
2003-01-16,13.050000190734863,13.109999656677246,12.710000038146973,12.970000267028809,6.401853084564209,906400
2003-01-17,12.899999618530273,13.020000457763672,12.569999694824219,12.920000076293945,6.377176761627197,758800
2003-01-21,12.890000343322754,13.149999618530273,12.699999809265137,12.779999732971191,6.308073997497559,875300
2003-01-22,12.75,12.899999618530273,12.40999984741211,12.59000015258789,6.214288711547852,946200
2003-01-23,12.5,12.770000457763672,12.5,12.579999923706055,6.209355354309082,856800
2003-01-24,12.399999618530273,12.5,12.09000015258789,12.109999656677246,5.977365016937256,874200
2003-01-27,11.859999656677246,12.149999618530273,11.75,11.890000343322754,5.868777751922607,1067500
2003-01-28,11.859999656677246,12.069999694824219,11.75,11.930000305175781,5.888520240783691,1042400
2003-01-29,11.770000457763672,12.199999809265137,11.699999809265137,12.15999984741211,6.002048492431641,1395900
2003-01-30,12.1899995803833,12.1899995803833,11.5,11.630000114440918,5.7404465675354,1021800
2003-01-31,11.489999771118164,12.399999618530273,11.489999771118164,12.329999923706055,6.08595609664917,1543400
2003-02-03,12.199999809265137,12.5,12.1899995803833,12.319999694824219,6.081021785736084,1322400
2003-02-04,12.270000457763672,12.300000190734863,11.949999809265137,12.300000190734863,6.0711493492126465,768600
2003-02-05,12.40999984741211,12.40999984741211,11.9399995803833,12.09000015258789,5.967496395111084,867800
2003-02-06,12.0,12.1899995803833,11.829999923706055,11.859999656677246,5.853969573974609,944400
2003-02-07,12.0,12.0,11.670000076293945,11.800000190734863,5.8243536949157715,913900
2003-02-10,11.949999809265137,11.949999809265137,11.5600004196167,11.739999771118164,5.794736385345459,880200
2003-02-11,11.739999771118164,11.75,11.399999618530273,11.479999542236328,5.66640567779541,1069300
2003-02-12,11.59000015258789,11.59000015258789,11.079999923706055,11.220000267028809,5.53807258605957,1173800
2003-02-13,11.079999923706055,11.199999809265137,10.569999694824219,11.0600004196167,5.459097385406494,1695700
2003-02-14,11.0600004196167,11.489999771118164,11.050000190734863,11.329999923706055,5.592366695404053,1179400
2003-02-18,11.479999542236328,11.649999618530273,11.380000114440918,11.59000015258789,5.720699310302734,721900
2003-02-19,11.5,11.550000190734863,11.140000343322754,11.239999771118164,5.547943592071533,1592700
2003-02-20,11.34000015258789,11.619999885559082,11.34000015258789,11.550000190734863,5.700958728790283,807800
2003-02-21,11.770000457763672,11.979999542236328,11.699999809265137,11.800000190734863,5.8243536949157715,1009700
2003-02-24,11.859999656677246,12.039999961853027,11.720000267028809,11.979999542236328,5.913200378417969,1520400
2003-02-25,11.90999984741211,12.510000228881836,11.880000114440918,12.390000343322754,6.115571022033691,1916800
2003-02-26,12.850000381469727,12.949999809265137,12.279999732971191,12.359999656677246,6.100766658782959,3031800
2003-02-27,12.529999732971191,12.65999984741211,12.399999618530273,12.569999694824219,6.204419136047363,1130100
2003-02-28,12.569999694824219,12.619999885559082,12.300000190734863,12.359999656677246,6.100766658782959,918600
2003-03-03,12.649999618530273,12.800000190734863,12.319999694824219,12.5,6.169865131378174,1517500
2003-03-04,12.449999809265137,12.449999809265137,12.140000343322754,12.270000457763672,6.05634069442749,1460600
2003-03-05,12.279999732971191,12.470000267028809,12.229999542236328,12.460000038146973,6.150121688842773,1173200
2003-03-06,12.520000457763672,12.699999809265137,12.449999809265137,12.649999618530273,6.243905544281006,1249900
2003-03-07,12.649999618530273,12.829999923706055,12.600000381469727,12.829999923706055,6.332753658294678,949900
2003-03-10,12.84000015258789,12.850000381469727,12.510000228881836,12.5600004196167,6.19948148727417,1447600
2003-03-11,12.5600004196167,12.899999618530273,12.5600004196167,12.75,6.293265342712402,1397400
2003-03-12,12.75,12.850000381469727,12.569999694824219,12.649999618530273,6.243905544281006,1516500
2003-03-13,12.720000267028809,12.930000305175781,12.6899995803833,12.850000381469727,6.342623233795166,1241400
2003-03-14,13.0,13.140000343322754,12.899999618530273,12.979999542236328,6.4067912101745605,1557800
2003-03-17,13.149999618530273,13.380000114440918,13.050000190734863,13.359999656677246,6.5943522453308105,1065500
2003-03-18,13.460000038146973,13.779999732971191,13.399999618530273,13.75,6.786855220794678,2113500
2003-03-19,13.649999618530273,13.699999809265137,13.119999885559082,13.3100004196167,6.569675445556641,2618300
2003-03-20,13.3100004196167,13.670000076293945,13.3100004196167,13.4399995803833,6.633841037750244,1379300
2003-03-21,13.739999771118164,13.890000343322754,13.529999732971191,13.680000305175781,6.752303600311279,1335600
2003-03-24,13.5,13.520000457763672,13.15999984741211,13.239999771118164,6.535122871398926,1135600
2003-03-25,13.300000190734863,13.890000343322754,13.270000457763672,13.699999809265137,6.762173175811768,1655300
2003-03-26,13.75,13.989999771118164,13.199999809265137,13.399999618530273,6.614096641540527,1460000
2003-03-27,13.300000190734863,13.699999809265137,13.25,13.6899995803833,6.7572407722473145,1471600
2003-03-28,13.489999771118164,13.75,13.420000076293945,13.569999694824219,6.698006629943848,524900
2003-03-31,13.5600004196167,14.0,13.359999656677246,13.6899995803833,6.7572407722473145,1652000
2003-04-01,13.6899995803833,13.800000190734863,13.550000190734863,13.609999656677246,6.717750549316406,1318300
2003-04-02,13.75,13.829999923706055,13.470000267028809,13.489999771118164,6.658520221710205,1032000
2003-04-03,13.489999771118164,13.600000381469727,13.350000381469727,13.399999618530273,6.614096641540527,1101400
2003-04-04,13.399999618530273,13.850000381469727,13.300000190734863,13.850000381469727,6.836213111877441,828800
2003-04-07,13.930000305175781,14.079999923706055,13.59000015258789,13.680000305175781,6.752303600311279,838600
2003-04-08,13.579999923706055,13.890000343322754,13.520000457763672,13.670000076293945,6.747369289398193,725300
2003-04-09,13.550000190734863,14.0,13.550000190734863,13.800000190734863,6.811533451080322,1283900
2003-04-10,13.789999961853027,13.859999656677246,13.699999809265137,13.850000381469727,6.836213111877441,714500
2003-04-11,13.949999809265137,13.989999771118164,13.75,13.869999885559082,6.846085548400879,761200
2003-04-14,13.779999732971191,13.989999771118164,13.75,13.989999771118164,6.9053144454956055,850400
2003-04-15,13.9399995803833,14.199999809265137,13.760000228881836,14.199999809265137,7.008969783782959,721500
2003-04-16,14.130000114440918,14.149999618530273,13.770000457763672,13.890000343322754,6.855955600738525,927900
2003-04-17,13.760000228881836,14.09000015258789,13.760000228881836,14.020000457763672,6.920124530792236,805500
2003-04-21,14.069999694824219,14.1899995803833,13.960000038146973,14.079999923706055,6.949736595153809,679200
2003-04-22,13.949999809265137,14.34000015258789,13.920000076293945,14.300000190734863,7.058328151702881,698700
2003-04-23,14.149999618530273,14.220000267028809,14.0,14.020000457763672,6.920124530792236,951400
2003-04-24,14.289999961853027,14.699999809265137,14.100000381469727,14.65999984741211,7.236022472381592,1484700
2003-04-25,14.479999542236328,14.619999885559082,14.270000457763672,14.40999984741211,7.1126227378845215,671100
2003-04-28,14.260000228881836,15.130000114440918,14.260000228881836,15.119999885559082,7.463072299957275,1334600
2003-04-29,14.699999809265137,14.850000381469727,14.279999732971191,14.3100004196167,7.063262939453125,2422700
2003-04-30,14.260000228881836,14.850000381469727,14.149999618530273,14.59000015258789,7.201471328735352,1895000
2003-05-01,14.59000015258789,14.75,14.239999771118164,14.539999961853027,7.176791191101074,1189300
2003-05-02,14.4399995803833,14.979999542236328,14.420000076293945,14.979999542236328,7.393967151641846,1152400
2003-05-05,14.9399995803833,15.15999984741211,14.869999885559082,15.15999984741211,7.482813835144043,2297500
2003-05-06,15.199999809265137,15.3100004196167,15.140000343322754,15.260000228881836,7.532176971435547,1696600
2003-05-07,14.850000381469727,15.149999618530273,14.800000190734863,14.869999885559082,7.3396735191345215,1573200
2003-05-08,14.880000114440918,15.149999618530273,14.850000381469727,15.0,7.4038405418396,1118500
2003-05-09,15.050000190734863,15.420000076293945,14.979999542236328,15.369999885559082,7.586468696594238,877300
2003-05-12,15.569999694824219,15.569999694824219,15.050000190734863,15.050000190734863,7.428518295288086,1235200
2003-05-13,15.260000228881836,15.479999542236328,15.149999618530273,15.399999618530273,7.601277828216553,1247600
2003-05-14,15.399999618530273,15.5,15.170000076293945,15.300000190734863,7.551917552947998,1295300
2003-05-15,15.300000190734863,15.489999771118164,15.25,15.399999618530273,7.601277828216553,1046900
2003-05-16,15.420000076293945,15.800000190734863,15.359999656677246,15.710000038146973,7.754288673400879,1363200
2003-05-19,15.680000305175781,15.75,15.279999732971191,15.359999656677246,7.5815348625183105,1396700
2003-05-20,15.430000305175781,15.649999618530273,15.399999618530273,15.5,7.650636196136475,764100
2003-05-21,15.510000228881836,15.779999732971191,15.210000038146973,15.6899995803833,7.744417667388916,1657600
2003-05-22,15.579999923706055,16.010000228881836,15.5600004196167,16.0,7.897431373596191,1584400
2003-05-23,16.100000381469727,16.399999618530273,16.030000686645508,16.31999969482422,8.055378913879395,2350400
2003-05-27,16.360000610351562,16.530000686645508,15.800000190734863,16.350000381469727,8.07018756866455,2498400
2003-05-28,16.350000381469727,16.81999969482422,16.31999969482422,16.639999389648438,8.213322639465332,2976000
2003-05-29,16.850000381469727,16.850000381469727,15.75,16.100000381469727,7.946789741516113,2243700
2003-05-30,16.030000686645508,16.59000015258789,16.020000457763672,16.280000686645508,8.035636901855469,1650700
2003-06-02,16.5,16.65999984741211,16.260000228881836,16.5,8.14422607421875,1331800
2003-06-03,16.5,16.649999618530273,16.309999465942383,16.31999969482422,8.055378913879395,1668300
2003-06-04,16.420000076293945,16.850000381469727,16.389999389648438,16.75,8.267620086669922,2533600
2003-06-05,16.549999237060547,16.6200008392334,16.059999465942383,16.079999923706055,7.936917304992676,2805700
2003-06-06,16.18000030517578,16.520000457763672,16.020000457763672,16.1200008392334,7.956662654876709,2413600
2003-06-09,15.920000076293945,16.1299991607666,15.920000076293945,16.049999237060547,7.922110080718994,2032000
2003-06-10,16.100000381469727,16.299999237060547,16.09000015258789,16.25,8.020827293395996,3386900
2003-06-11,16.170000076293945,16.239999771118164,16.040000915527344,16.139999389648438,7.966530799865723,2411200
2003-06-12,16.149999618530273,16.25,16.049999237060547,16.190000534057617,7.991210460662842,1811700
2003-06-13,16.260000228881836,16.280000686645508,15.829999923706055,15.920000076293945,7.857947826385498,1763800
2003-06-16,16.0,16.59000015258789,16.0,16.56999969482422,8.178775787353516,2232800
2003-06-17,16.56999969482422,16.56999969482422,16.110000610351562,16.110000610351562,7.95172643661499,2052900
2003-06-18,16.110000610351562,16.440000534057617,16.100000381469727,16.399999618530273,8.094863891601562,1583500
2003-06-19,16.649999618530273,16.649999618530273,16.100000381469727,16.34000015258789,8.065251350402832,4109800
2003-06-20,16.549999237060547,17.1200008392334,16.520000457763672,16.709999084472656,8.247879028320312,3605800
2003-06-23,16.75,16.979999542236328,16.25,16.34000015258789,8.065251350402832,1599800
2003-06-24,16.350000381469727,16.469999313354492,16.329999923706055,16.360000610351562,8.075122833251953,1464400
2003-06-25,16.420000076293945,16.479999542236328,16.15999984741211,16.170000076293945,7.9813408851623535,1305000
2003-06-26,16.110000610351562,16.25,15.979999542236328,16.040000915527344,7.917171955108643,1072800
2003-06-27,15.899999618530273,16.299999237060547,15.880000114440918,16.170000076293945,7.9813408851623535,2079600
2003-06-30,16.200000762939453,16.700000762939453,16.190000534057617,16.43000030517578,8.10966968536377,2958600
2003-07-01,16.389999389648438,16.75,16.260000228881836,16.610000610351562,8.198518753051758,1820200
2003-07-02,16.5,16.65999984741211,16.440000534057617,16.579999923706055,8.183710098266602,2652500
2003-07-03,16.5,16.649999618530273,16.200000762939453,16.5,8.14422607421875,707500
2003-07-07,16.520000457763672,17.18000030517578,16.510000228881836,17.020000457763672,8.400893211364746,1641100
2003-07-08,17.049999237060547,17.1200008392334,16.889999389648438,16.989999771118164,8.386082649230957,1554300
2003-07-09,16.989999771118164,16.989999771118164,16.610000610351562,16.690000534057617,8.238007545471191,1022300
2003-07-10,16.690000534057617,16.8799991607666,16.299999237060547,16.3799991607666,8.084997177124023,1702300
2003-07-11,16.5,16.75,16.389999389648438,16.739999771118164,8.26268482208252,1492100
2003-07-14,16.75,16.950000762939453,16.489999771118164,16.5,8.14422607421875,952800
2003-07-15,16.649999618530273,16.780000686645508,16.270000457763672,16.280000686645508,8.035636901855469,1881100
2003-07-16,16.469999313354492,16.5,16.06999969482422,16.440000534057617,8.114608764648438,1810400
2003-07-17,16.3700008392334,16.469999313354492,16.110000610351562,16.170000076293945,7.9813408851623535,878300
2003-07-18,16.25,16.559999465942383,16.149999618530273,16.5,8.14422607421875,1033300
2003-07-21,16.360000610351562,16.420000076293945,15.8100004196167,15.930000305175781,7.862879276275635,1889300
2003-07-22,16.059999465942383,16.309999465942383,15.899999618530273,16.299999237060547,8.045507431030273,1108700
2003-07-23,16.229999542236328,16.25,15.899999618530273,16.040000915527344,7.917171955108643,690200
2003-07-24,16.059999465942383,16.459999084472656,16.0,16.139999389648438,7.966530799865723,628200
2003-07-25,16.149999618530273,16.5,16.049999237060547,16.3799991607666,8.084997177124023,1074200
2003-07-28,16.299999237060547,16.3799991607666,16.0,16.149999618530273,7.971470832824707,1232300
2003-07-29,16.209999084472656,16.559999465942383,16.1299991607666,16.450000762939453,8.11954402923584,2157500
2003-07-30,16.450000762939453,16.489999771118164,16.18000030517578,16.18000030517578,7.986274242401123,1157300
2003-07-31,16.229999542236328,16.549999237060547,16.170000076293945,16.40999984741211,8.099802017211914,922400
2003-08-01,16.15999984741211,16.25,16.030000686645508,16.15999984741211,7.976406097412109,1011900
2003-08-04,16.149999618530273,16.6299991607666,16.059999465942383,16.600000381469727,8.193582534790039,1309700
2003-08-05,16.75,16.75,16.049999237060547,16.260000228881836,8.025761604309082,2258900
2003-08-06,16.170000076293945,16.6200008392334,16.049999237060547,16.5,8.14422607421875,2082300
2003-08-07,16.399999618530273,16.610000610351562,16.399999618530273,16.510000228881836,8.149158477783203,1365900
2003-08-08,16.510000228881836,16.959999084472656,16.399999618530273,16.950000762939453,8.366338729858398,1291700
2003-08-11,17.0,17.079999923706055,16.850000381469727,17.0,8.391016960144043,1573500
2003-08-12,17.100000381469727,17.270000457763672,16.950000762939453,17.260000228881836,8.519352912902832,1332900
2003-08-13,17.329999923706055,17.540000915527344,17.219999313354492,17.270000457763672,8.524288177490234,1662300
2003-08-14,17.34000015258789,17.520000457763672,17.309999465942383,17.329999923706055,8.553902626037598,1108300
2003-08-15,17.450000762939453,17.579999923706055,17.25,17.31999969482422,8.548965454101562,1317400
2003-08-18,17.540000915527344,17.8700008392334,17.459999084472656,17.850000381469727,8.810568809509277,1958000
2003-08-19,17.889999389648438,18.18000030517578,17.850000381469727,18.040000915527344,8.904354095458984,2100600
2003-08-20,18.049999237060547,18.510000228881836,18.049999237060547,18.360000610351562,9.062300682067871,1659100
2003-08-21,18.31999969482422,19.649999618530273,17.799999237060547,18.889999389648438,9.323905944824219,7432300
2003-08-22,18.829999923706055,18.850000381469727,18.489999771118164,18.600000381469727,9.180760383605957,3286100
2003-08-25,18.450000762939453,18.610000610351562,18.3799991607666,18.56999969482422,9.165953636169434,1370400
2003-08-26,18.5,18.729999542236328,18.43000030517578,18.6299991607666,9.195568084716797,1218000
2003-08-27,18.639999389648438,18.639999389648438,18.489999771118164,18.610000610351562,9.185693740844727,866700
2003-08-28,18.549999237060547,18.649999618530273,18.3700008392334,18.600000381469727,9.180760383605957,1630300
2003-08-29,18.610000610351562,18.889999389648438,18.520000457763672,18.860000610351562,9.30909538269043,1652100
2003-09-02,18.860000610351562,19.0,18.549999237060547,18.889999389648438,9.323905944824219,2364300
2003-09-03,18.969999313354492,19.100000381469727,18.850000381469727,18.93000030517578,9.343647956848145,1795800
2003-09-04,18.950000762939453,18.969999313354492,18.780000686645508,18.969999313354492,9.36338996887207,1297300
2003-09-05,18.969999313354492,19.030000686645508,18.75,18.989999771118164,9.373261451721191,1762600
2003-09-08,18.989999771118164,19.010000228881836,18.809999465942383,18.959999084472656,9.358451843261719,1335800
2003-09-09,18.8700008392334,19.1299991607666,18.760000228881836,18.940000534057617,9.34858226776123,1428300
2003-09-10,18.950000762939453,19.0,18.709999084472656,18.8700008392334,9.314031600952148,1066400
2003-09-11,18.969999313354492,18.989999771118164,18.690000534057617,18.81999969482422,9.289352416992188,1246100
2003-09-12,18.719999313354492,18.889999389648438,18.549999237060547,18.889999389648438,9.323905944824219,843100
2003-09-15,18.889999389648438,19.049999237060547,18.649999618530273,18.979999542236328,9.368324279785156,2019800
2003-09-16,19.0,19.1200008392334,18.889999389648438,19.0,9.37819766998291,1384300
2003-09-17,18.950000762939453,18.989999771118164,18.84000015258789,18.850000381469727,9.304160118103027,886300
2003-09-18,18.850000381469727,19.010000228881836,18.799999237060547,18.989999771118164,9.373261451721191,1237700
2003-09-19,19.0,19.049999237060547,18.920000076293945,19.0,9.37819766998291,1271300
2003-09-22,18.850000381469727,18.969999313354492,18.760000228881836,18.950000762939453,9.353519439697266,979700
2003-09-23,19.0,19.149999618530273,18.8799991607666,19.149999618530273,9.45223331451416,1438700
2003-09-24,19.059999465942383,19.149999618530273,18.90999984741211,18.93000030517578,9.343647956848145,1297700
2003-09-25,19.0,19.079999923706055,18.950000762939453,19.040000915527344,9.397944450378418,1337800
2003-09-26,18.969999313354492,19.049999237060547,18.809999465942383,18.899999618530273,9.328836441040039,1362000
2003-09-29,18.979999542236328,19.43000030517578,18.93000030517578,19.43000030517578,9.59044361114502,1632600
2003-09-30,19.270000457763672,19.31999969482422,18.940000534057617,19.100000381469727,9.427556991577148,1784900
2003-10-01,19.1200008392334,19.639999389648438,19.100000381469727,19.6299991607666,9.689162254333496,1531800
2003-10-02,19.6299991607666,19.649999618530273,19.3700008392334,19.479999542236328,9.615119934082031,1196500
2003-10-03,19.68000030517578,19.729999542236328,19.479999542236328,19.559999465942383,9.654606819152832,1291100
2003-10-06,19.690000534057617,19.739999771118164,19.479999542236328,19.739999771118164,9.743450164794922,600100
2003-10-07,19.739999771118164,19.739999771118164,19.350000381469727,19.540000915527344,9.64473819732666,1169800
2003-10-08,19.59000015258789,19.700000762939453,19.5,19.700000762939453,9.723713874816895,956300
2003-10-09,19.75,19.8700008392334,19.579999923706055,19.719999313354492,9.733582496643066,1944900
2003-10-10,19.68000030517578,19.780000686645508,19.479999542236328,19.56999969482422,9.659543991088867,1534400
2003-10-13,19.649999618530273,19.790000915527344,19.59000015258789,19.709999084472656,9.728641510009766,716600
2003-10-14,19.559999465942383,19.889999389648438,19.549999237060547,19.799999237060547,9.773073196411133,781900
2003-10-15,19.760000228881836,19.770000457763672,19.270000457763672,19.559999465942383,9.654606819152832,1098000
2003-10-16,19.540000915527344,19.899999618530273,19.5,19.860000610351562,9.802685737609863,1484800
2003-10-17,19.979999542236328,20.059999465942383,19.739999771118164,19.790000915527344,9.768134117126465,1911500
2003-10-20,19.920000076293945,20.0,19.600000381469727,20.0,9.87178897857666,800300
2003-10-21,19.979999542236328,19.979999542236328,19.739999771118164,19.809999465942383,9.778000831604004,1075000
2003-10-22,19.709999084472656,19.899999618530273,19.670000076293945,19.81999969482422,9.782939910888672,507300
2003-10-23,19.81999969482422,20.020000457763672,19.719999313354492,19.940000534057617,9.842170715332031,1441000
2003-10-24,19.940000534057617,19.969999313354492,19.600000381469727,19.690000534057617,9.71877384185791,1423400
2003-10-27,19.81999969482422,20.020000457763672,19.690000534057617,19.8700008392334,9.807623863220215,1035900
2003-10-28,19.979999542236328,19.979999542236328,19.600000381469727,19.700000762939453,9.723713874816895,1120200
2003-10-29,19.559999465942383,19.969999313354492,19.489999771118164,19.889999389648438,9.81749439239502,1158400
2003-10-30,19.8799991607666,20.020000457763672,19.719999313354492,19.90999984741211,9.827359199523926,1158000
2003-10-31,19.979999542236328,20.1299991607666,19.709999084472656,19.709999084472656,9.728641510009766,1221100
2003-11-03,19.709999084472656,20.100000381469727,19.709999084472656,20.100000381469727,9.921146392822266,1090000
2003-11-04,19.81999969482422,19.989999771118164,19.549999237060547,19.68000030517578,9.713839530944824,1889600
2003-11-05,19.700000762939453,20.049999237060547,19.559999465942383,19.950000762939453,9.8471097946167,2985100
2003-11-06,19.899999618530273,19.940000534057617,19.639999389648438,19.850000381469727,9.797749519348145,1028700
2003-11-07,19.899999618530273,20.0,19.790000915527344,19.899999618530273,9.822429656982422,843500
2003-11-10,19.850000381469727,20.0,19.700000762939453,19.799999237060547,9.773073196411133,769000
2003-11-11,20.049999237060547,20.139999389648438,19.809999465942383,20.030000686645508,9.886594772338867,1444700
2003-11-12,20.1299991607666,20.149999618530273,19.84000015258789,19.940000534057617,9.842170715332031,1328800
2003-11-13,19.940000534057617,20.010000228881836,19.829999923706055,19.940000534057617,9.842170715332031,733800
2003-11-14,19.899999618530273,20.34000015258789,19.850000381469727,20.1299991607666,9.93595027923584,1707500
2003-11-17,20.1299991607666,20.260000228881836,19.920000076293945,20.030000686645508,9.886594772338867,2014100
2003-11-18,20.0,20.25,19.739999771118164,19.90999984741211,9.827359199523926,1810500
2003-11-19,19.90999984741211,20.290000915527344,19.90999984741211,20.139999389648438,9.940887451171875,1612600
2003-11-20,20.139999389648438,20.15999984741211,19.90999984741211,19.979999542236328,9.861912727355957,1451800
2003-11-21,19.899999618530273,20.18000030517578,19.8799991607666,20.059999465942383,9.901403427124023,1032900
2003-11-24,20.049999237060547,20.360000610351562,20.040000915527344,20.299999237060547,10.019867897033691,826400
2003-11-25,20.190000534057617,20.600000381469727,20.139999389648438,20.440000534057617,10.088967323303223,1152800
2003-11-26,20.600000381469727,20.709999084472656,20.299999237060547,20.600000381469727,10.16794204711914,1005000
2003-11-28,20.510000228881836,20.649999618530273,20.40999984741211,20.420000076293945,10.079097747802734,526200
2003-12-01,20.530000686645508,20.780000686645508,20.3799991607666,20.6200008392334,10.177810668945312,1090700
2003-12-02,20.520000457763672,21.1299991607666,20.520000457763672,21.049999237060547,10.390054702758789,1878500
2003-12-03,20.950000762939453,21.110000610351562,20.770000457763672,21.09000015258789,10.409801483154297,1415900
2003-12-04,21.0,21.079999923706055,20.760000228881836,20.90999984741211,10.320954322814941,1349800
2003-12-05,20.799999237060547,21.299999237060547,20.690000534057617,21.020000457763672,10.375252723693848,1076200
2003-12-08,20.920000076293945,21.3700008392334,20.920000076293945,21.3700008392334,10.548006057739258,998200
2003-12-09,21.309999465942383,21.309999465942383,20.75,20.899999618530273,10.316019058227539,2429800
2003-12-10,20.899999618530273,21.270000457763672,20.8700008392334,21.06999969482422,10.399928092956543,1865000
2003-12-11,21.079999923706055,21.309999465942383,21.06999969482422,21.25,10.488771438598633,2486600
2003-12-12,21.25,21.299999237060547,20.75,20.860000610351562,10.29627513885498,1758000
2003-12-15,20.8799991607666,21.200000762939453,20.8799991607666,21.059999465942383,10.394994735717773,1638200
2003-12-16,21.110000610351562,21.260000228881836,21.100000381469727,21.229999542236328,10.478900909423828,2386400
2003-12-17,21.200000762939453,21.280000686645508,21.0,21.219999313354492,10.473969459533691,2018300
2003-12-18,21.280000686645508,21.600000381469727,21.149999618530273,21.540000915527344,10.631917953491211,1608500
2003-12-19,21.329999923706055,21.579999923706055,21.280000686645508,21.299999237060547,10.51345443725586,1884400
2003-12-22,21.170000076293945,21.600000381469727,21.170000076293945,21.600000381469727,10.661529541015625,842500
2003-12-23,21.639999389648438,21.93000030517578,21.639999389648438,21.780000686645508,10.75037956237793,966700
2003-12-24,21.670000076293945,21.799999237060547,21.600000381469727,21.639999389648438,10.681276321411133,221700
2003-12-26,21.690000534057617,21.81999969482422,21.6299991607666,21.649999618530273,10.686209678649902,270300
2003-12-29,21.75,21.93000030517578,21.719999313354492,21.809999465942383,10.76518440246582,1314100
2003-12-30,21.889999389648438,22.049999237060547,21.84000015258789,21.979999542236328,10.849095344543457,1070800
2003-12-31,21.979999542236328,22.06999969482422,21.860000610351562,21.93000030517578,10.82441520690918,947700
2004-01-02,21.719999313354492,22.049999237060547,21.700000762939453,21.93000030517578,10.924041748046875,3433300
2004-01-05,21.850000381469727,21.959999084472656,21.420000076293945,21.780000686645508,10.849324226379395,1593500
2004-01-06,21.799999237060547,21.940000534057617,21.600000381469727,21.940000534057617,10.929021835327148,1175100
2004-01-07,21.940000534057617,22.110000610351562,21.809999465942383,22.010000228881836,10.96389102935791,1454400
2004-01-08,22.049999237060547,22.049999237060547,21.93000030517578,22.0,10.958909034729004,2410100
2004-01-09,21.899999618530273,22.190000534057617,21.770000457763672,22.059999465942383,10.988800048828125,1495800
2004-01-12,22.020000457763672,22.100000381469727,21.81999969482422,21.84000015258789,10.87921142578125,1748800
2004-01-13,21.84000015258789,22.079999923706055,21.84000015258789,22.030000686645508,10.973857879638672,1167300
2004-01-14,22.0,22.200000762939453,21.979999542236328,22.1200008392334,11.018684387207031,1122300
2004-01-15,22.18000030517578,22.18000030517578,21.860000610351562,21.959999084472656,10.938985824584961,1328600
2004-01-16,22.100000381469727,22.18000030517578,21.959999084472656,22.100000381469727,11.008727073669434,1072700
2004-01-20,22.040000915527344,22.219999313354492,21.950000762939453,22.200000762939453,11.058539390563965,1165000
2004-01-21,22.110000610351562,22.809999465942383,22.110000610351562,22.809999465942383,11.362401962280273,1158400
2004-01-22,22.760000228881836,22.8799991607666,22.43000030517578,22.579999923706055,11.24782943725586,1200900
2004-01-23,22.68000030517578,22.739999771118164,22.399999618530273,22.520000457763672,11.217942237854004,977400
2004-01-26,22.399999618530273,22.579999923706055,22.389999389648438,22.450000762939453,11.183070182800293,1293100
2004-01-27,22.43000030517578,22.5,21.950000762939453,22.049999237060547,10.983818054199219,1219700
2004-01-28,22.09000015258789,22.489999771118164,22.0,22.299999237060547,11.108351707458496,1774300
2004-01-29,22.329999923706055,22.459999084472656,22.030000686645508,22.190000534057617,11.053556442260742,1365000
2004-01-30,22.1200008392334,22.1200008392334,21.850000381469727,22.0,10.958909034729004,1278600
2004-02-02,22.040000915527344,22.3799991607666,21.809999465942383,22.1200008392334,11.018684387207031,1603600
2004-02-03,22.229999542236328,22.350000381469727,21.940000534057617,21.979999542236328,10.948948860168457,1285300
2004-02-04,21.809999465942383,21.93000030517578,21.5,21.719999313354492,10.819433212280273,1122000
2004-02-05,21.649999618530273,21.799999237060547,21.350000381469727,21.559999465942383,10.739730834960938,1054000
2004-02-06,21.450000762939453,21.760000228881836,21.239999771118164,21.700000762939453,10.809465408325195,1272600
2004-02-09,21.600000381469727,21.700000762939453,21.450000762939453,21.530000686645508,10.7247896194458,1156800
2004-02-10,21.6299991607666,21.950000762939453,21.5,21.920000076293945,10.919057846069336,1249600
2004-02-11,22.0,22.09000015258789,21.68000030517578,21.889999389648438,10.904118537902832,1429000
2004-02-12,21.719999313354492,21.989999771118164,21.65999984741211,21.75,10.834378242492676,2176700
2004-02-13,21.75,21.850000381469727,21.479999542236328,21.829999923706055,10.874228477478027,2695100
2004-02-17,21.860000610351562,22.229999542236328,21.719999313354492,22.1299991607666,11.023669242858887,901700
2004-02-18,22.200000762939453,22.399999618530273,22.100000381469727,22.360000610351562,11.1382417678833,1074500
2004-02-19,22.479999542236328,22.479999542236328,21.989999771118164,22.049999237060547,10.983818054199219,1137500
2004-02-20,22.299999237060547,22.299999237060547,21.93000030517578,22.1299991607666,11.023669242858887,1995000
2004-02-23,22.100000381469727,22.510000228881836,22.100000381469727,22.34000015258789,11.128277778625488,1193100
2004-02-24,22.329999923706055,22.350000381469727,22.030000686645508,22.190000534057617,11.053556442260742,1444500
2004-02-25,22.309999465942383,22.799999237060547,22.219999313354492,22.799999237060547,11.357412338256836,1340300
2004-02-26,23.25,23.75,22.700000762939453,23.100000381469727,11.506856918334961,3230600
2004-02-27,23.100000381469727,23.299999237060547,22.829999923706055,23.09000015258789,11.501876831054688,1620200
2004-03-01,23.09000015258789,23.739999771118164,23.09000015258789,23.649999618530273,11.780829429626465,1208500
2004-03-02,23.549999237060547,23.649999618530273,23.34000015258789,23.520000457763672,11.71607494354248,1236600
2004-03-03,23.520000457763672,23.729999542236328,23.229999542236328,23.65999984741211,11.785807609558105,1189500
2004-03-04,23.5,23.670000076293945,23.3799991607666,23.56999969482422,11.74097728729248,823700
2004-03-05,23.579999923706055,23.860000610351562,23.459999084472656,23.719999313354492,11.815699577331543,806300
2004-03-08,23.68000030517578,23.8799991607666,23.25,23.329999923706055,11.621423721313477,1321300
2004-03-09,23.350000381469727,23.59000015258789,23.270000457763672,23.510000228881836,11.711088180541992,1551400
2004-03-10,23.5,23.59000015258789,22.940000534057617,23.059999465942383,11.486928939819336,813200
2004-03-11,22.93000030517578,23.350000381469727,22.6299991607666,22.8799991607666,11.397266387939453,1071900
2004-03-12,23.0,23.290000915527344,22.5,23.18000030517578,11.546704292297363,1378800
2004-03-15,22.940000534057617,23.260000228881836,22.829999923706055,23.18000030517578,11.546704292297363,1247600
2004-03-16,23.25,23.489999771118164,23.149999618530273,23.399999618530273,11.656295776367188,1192500
2004-03-17,23.399999618530273,23.729999542236328,23.290000915527344,23.579999923706055,11.745957374572754,2006800
2004-03-18,23.450000762939453,23.8700008392334,23.350000381469727,23.639999389648438,11.77585220336914,1322200
2004-03-19,23.510000228881836,23.899999618530273,23.239999771118164,23.6299991607666,11.770867347717285,1165600
2004-03-22,23.709999084472656,23.799999237060547,23.25,23.399999618530273,11.656295776367188,1145600
2004-03-23,23.549999237060547,23.600000381469727,23.31999969482422,23.440000534057617,11.676222801208496,1194300
2004-03-24,23.5,23.559999465942383,23.31999969482422,23.40999984741211,11.661269187927246,1043600
2004-03-25,23.540000915527344,23.799999237060547,23.40999984741211,23.639999389648438,11.77585220336914,1390900
2004-03-26,23.690000534057617,23.8799991607666,23.639999389648438,23.65999984741211,11.785807609558105,822700
2004-03-29,23.540000915527344,24.0,23.399999618530273,23.959999084472656,12.036999702453613,1189500
2004-03-30,23.8799991607666,24.18000030517578,23.690000534057617,24.1299991607666,12.12239933013916,1072800
2004-03-31,24.030000686645508,24.350000381469727,23.950000762939453,24.290000915527344,12.202788352966309,853000
2004-04-01,24.43000030517578,24.530000686645508,24.18000030517578,24.3700008392334,12.242976188659668,1185400
2004-04-02,24.5,24.850000381469727,24.030000686645508,24.18000030517578,12.14752197265625,1460200
2004-04-05,24.270000457763672,24.440000534057617,24.190000534057617,24.25,12.182692527770996,761400
2004-04-06,24.139999389648438,24.360000610351562,24.100000381469727,24.25,12.182692527770996,680500
2004-04-07,24.190000534057617,24.260000228881836,23.989999771118164,24.020000457763672,12.067140579223633,957500
2004-04-08,24.059999465942383,24.239999771118164,23.950000762939453,24.0,12.057095527648926,777200
2004-04-12,24.110000610351562,24.149999618530273,23.31999969482422,23.43000030517578,11.770743370056152,1332200
2004-04-13,23.399999618530273,23.43000030517578,22.579999923706055,22.799999237060547,11.454236030578613,2164500
2004-04-14,22.700000762939453,23.190000534057617,22.31999969482422,23.030000686645508,11.569788932800293,1265400
2004-04-15,23.040000915527344,23.450000762939453,22.989999771118164,23.1299991607666,11.620023727416992,917700
2004-04-16,23.350000381469727,23.40999984741211,23.100000381469727,23.3700008392334,11.740593910217285,1048200
2004-04-19,23.3700008392334,23.3799991607666,23.110000610351562,23.280000686645508,11.695383071899414,650400
2004-04-20,23.290000915527344,23.399999618530273,22.979999542236328,22.979999542236328,11.544669151306152,748900
2004-04-21,22.799999237060547,23.040000915527344,22.639999389648438,23.0,11.554718017578125,796300
2004-04-22,22.8799991607666,23.700000762939453,22.719999313354492,23.270000457763672,11.690356254577637,787000
2004-04-23,23.170000076293945,23.389999389648438,23.0,23.350000381469727,11.730545043945312,667900
2004-04-26,23.360000610351562,23.5,23.100000381469727,23.1299991607666,11.620023727416992,883100
2004-04-27,23.100000381469727,23.229999542236328,22.899999618530273,22.950000762939453,11.529597282409668,1133500
2004-04-28,22.989999771118164,23.559999465942383,22.979999542236328,23.3799991607666,11.745620727539062,1645500
2004-04-29,23.459999084472656,23.559999465942383,23.020000457763672,23.110000610351562,11.609986305236816,1554800
2004-04-30,23.110000610351562,23.440000534057617,23.020000457763672,23.399999618530273,11.755667686462402,1587500
2004-05-03,23.309999465942383,23.309999465942383,22.959999084472656,23.110000610351562,11.609986305236816,1640800
2004-05-04,23.170000076293945,23.540000915527344,22.959999084472656,23.469999313354492,11.790833473205566,1204700
2004-05-05,23.469999313354492,23.579999923706055,23.0,23.040000915527344,11.57481575012207,1103600
2004-05-06,22.989999771118164,23.360000610351562,22.860000610351562,23.15999984741211,11.635095596313477,1236900
2004-05-07,22.959999084472656,23.100000381469727,22.15999984741211,22.5,11.303525924682617,1944000
2004-05-10,22.399999618530273,22.399999618530273,21.770000457763672,21.969999313354492,11.03726863861084,2050900
2004-05-11,22.0,22.200000762939453,21.899999618530273,22.1299991607666,11.117648124694824,1275700
2004-05-12,22.110000610351562,22.389999389648438,21.780000686645508,22.329999923706055,11.218121528625488,1304000
2004-05-13,22.3700008392334,22.610000610351562,22.100000381469727,22.5,11.303525924682617,1432600
2004-05-14,22.399999618530273,22.780000686645508,22.309999465942383,22.450000762939453,11.278407096862793,1058300
2004-05-17,22.079999923706055,22.530000686645508,22.040000915527344,22.239999771118164,11.172905921936035,978900
2004-05-18,22.200000762939453,22.829999923706055,22.010000228881836,22.75,11.429122924804688,1272100
2004-05-19,22.760000228881836,22.969999313354492,22.469999313354492,22.610000610351562,11.35878849029541,1100000
2004-05-20,22.610000610351562,22.93000030517578,22.459999084472656,22.809999465942383,11.459267616271973,602300
2004-05-21,22.809999465942383,22.940000534057617,22.510000228881836,22.770000457763672,11.439163208007812,1429900
2004-05-24,23.399999618530273,23.709999084472656,23.18000030517578,23.68000030517578,11.896332740783691,1893600
2004-05-25,23.56999969482422,24.0,23.489999771118164,24.0,12.057095527648926,2206500
2004-05-26,24.0,24.309999465942383,23.84000015258789,23.889999389648438,12.001834869384766,1881900
2004-05-27,23.899999618530273,24.399999618530273,23.860000610351562,24.360000610351562,12.23794937133789,1314500
2004-05-28,24.420000076293945,24.479999542236328,24.1299991607666,24.139999389648438,12.127431869506836,1731300
2004-06-01,24.170000076293945,24.489999771118164,24.079999923706055,24.3799991607666,12.247995376586914,1617400
2004-06-02,24.270000457763672,24.6299991607666,24.25,24.3700008392334,12.242976188659668,1127500
2004-06-03,24.40999984741211,24.530000686645508,24.1200008392334,24.270000457763672,12.19273567199707,1426900
2004-06-04,24.43000030517578,24.59000015258789,24.139999389648438,24.420000076293945,12.268096923828125,1259900
2004-06-07,24.5,24.75,24.469999313354492,24.75,12.433876037597656,1053200
2004-06-08,24.600000381469727,24.700000762939453,24.3700008392334,24.540000915527344,12.328378677368164,1343100
2004-06-09,24.540000915527344,24.670000076293945,24.260000228881836,24.290000915527344,12.202788352966309,879100
2004-06-10,24.309999465942383,24.440000534057617,24.260000228881836,24.3700008392334,12.242976188659668,746600
2004-06-14,24.299999237060547,24.690000534057617,24.229999542236328,24.489999771118164,12.30325984954834,1503400
2004-06-15,24.649999618530273,24.829999923706055,24.440000534057617,24.559999465942383,12.338431358337402,1253300
2004-06-16,24.670000076293945,24.709999084472656,24.520000457763672,24.639999389648438,12.378615379333496,775200
2004-06-17,24.520000457763672,25.200000762939453,24.520000457763672,25.049999237060547,12.5845947265625,1550300
2004-06-18,24.969999313354492,25.030000686645508,24.709999084472656,24.850000381469727,12.484118461608887,1652900
2004-06-21,24.799999237060547,25.270000457763672,24.770000457763672,25.209999084472656,12.664971351623535,1320400
2004-06-22,25.260000228881836,25.459999084472656,25.1200008392334,25.299999237060547,12.710186004638672,1124700
2004-06-23,25.200000762939453,25.81999969482422,24.989999771118164,25.68000030517578,12.901090621948242,2001500
2004-06-24,25.739999771118164,25.799999237060547,25.559999465942383,25.68000030517578,12.901090621948242,1188600
2004-06-25,25.68000030517578,25.729999542236328,25.3700008392334,25.56999969482422,12.84582805633545,2102600
2004-06-28,25.549999237060547,25.809999465942383,25.399999618530273,25.700000762939453,13.012920379638672,2629200
2004-06-29,25.700000762939453,25.700000762939453,25.270000457763672,25.520000457763672,12.92177963256836,1553100
2004-06-30,25.360000610351562,25.690000534057617,25.270000457763672,25.56999969482422,12.947100639343262,1589600
2004-07-01,25.719999313354492,25.950000762939453,25.3700008392334,25.520000457763672,12.92177963256836,2200900
2004-07-02,25.709999084472656,25.8700008392334,25.6200008392334,25.770000457763672,13.048364639282227,1270300
2004-07-06,25.770000457763672,26.100000381469727,25.75,25.920000076293945,13.12431812286377,1338700
2004-07-07,25.799999237060547,26.059999465942383,25.530000686645508,25.799999237060547,13.063555717468262,1733100
2004-07-08,25.799999237060547,26.190000534057617,25.700000762939453,26.06999969482422,13.200268745422363,1678800
2004-07-09,25.75,25.760000228881836,25.389999389648438,25.68000030517578,13.002795219421387,4427300
2004-07-12,25.690000534057617,25.8700008392334,25.639999389648438,25.850000381469727,13.088872909545898,1727600
2004-07-13,25.729999542236328,25.739999771118164,25.40999984741211,25.489999771118164,12.90658950805664,1963100
2004-07-14,25.5,26.200000762939453,25.440000534057617,26.170000076293945,13.250899314880371,2809200
2004-07-15,26.079999923706055,26.34000015258789,25.979999542236328,26.079999923706055,13.205334663391113,2551400
2004-07-16,26.239999771118164,26.469999313354492,26.06999969482422,26.329999923706055,13.331911087036133,1038700
2004-07-19,26.329999923706055,26.56999969482422,26.170000076293945,26.360000610351562,13.347107887268066,1482900
2004-07-20,26.360000610351562,26.530000686645508,26.209999084472656,26.440000534057617,13.387609481811523,1175300
2004-07-21,26.399999618530273,26.5,25.780000686645508,25.790000915527344,13.058493614196777,951200
2004-07-22,25.6299991607666,26.020000457763672,25.530000686645508,25.940000534057617,13.134442329406738,1508100
2004-07-23,25.8799991607666,25.940000534057617,25.43000030517578,25.6200008392334,12.972415924072266,1341200
2004-07-26,25.610000610351562,25.90999984741211,25.450000762939453,25.530000686645508,12.926848411560059,984000
2004-07-27,25.520000457763672,25.65999984741211,25.139999389648438,25.43000030517578,12.876211166381836,1018200
2004-07-28,25.420000076293945,26.239999771118164,25.280000686645508,26.1299991607666,13.230652809143066,1975200
2004-07-29,26.1299991607666,26.350000381469727,25.850000381469727,25.8700008392334,13.099003791809082,1308200
2004-07-30,25.899999618530273,27.219999313354492,25.75,26.799999237060547,13.569896697998047,6558500
2004-08-02,26.600000381469727,26.729999542236328,26.0,26.049999237060547,13.190141677856445,3325300
2004-08-03,26.1299991607666,26.700000762939453,26.079999923706055,26.43000030517578,13.382546424865723,1992200
2004-08-04,26.239999771118164,26.729999542236328,26.09000015258789,26.579999923706055,13.458504676818848,2309300
2004-08-05,26.450000762939453,26.829999923706055,26.229999542236328,26.43000030517578,13.382546424865723,2386200
2004-08-06,26.43000030517578,26.950000762939453,26.43000030517578,26.760000228881836,13.549640655517578,2749000
2004-08-09,26.799999237060547,26.8799991607666,26.670000076293945,26.68000030517578,13.509132385253906,2291100
2004-08-10,26.690000534057617,27.110000610351562,26.579999923706055,26.989999771118164,13.666106224060059,2306000
2004-08-11,26.829999923706055,26.920000076293945,26.639999389648438,26.860000610351562,13.600275993347168,1545200
2004-08-12,26.75,26.940000534057617,26.670000076293945,26.8700008392334,13.605338096618652,2108700
2004-08-13,26.8700008392334,26.8700008392334,26.600000381469727,26.739999771118164,13.53951644897461,1041700
2004-08-16,26.610000610351562,26.989999771118164,26.5,26.93000030517578,13.635724067687988,2132400
2004-08-17,26.8799991607666,27.0,26.739999771118164,26.93000030517578,13.635724067687988,1748000
2004-08-18,26.950000762939453,27.350000381469727,26.940000534057617,27.350000381469727,13.848377227783203,1635500
2004-08-19,27.1299991607666,27.1299991607666,26.899999618530273,27.0,13.671162605285645,1962800
2004-08-20,26.90999984741211,27.219999313354492,26.8799991607666,27.149999618530273,13.747109413146973,1441800
2004-08-23,27.149999618530273,27.190000534057617,26.770000457763672,26.799999237060547,13.569896697998047,1141100
2004-08-24,26.93000030517578,27.059999465942383,26.770000457763672,27.059999465942383,13.701544761657715,3074700
2004-08-25,27.09000015258789,27.100000381469727,26.75,26.8700008392334,13.605338096618652,2235700
2004-08-26,26.8799991607666,27.049999237060547,26.81999969482422,26.969999313354492,13.655972480773926,1404800
2004-08-27,26.90999984741211,26.979999542236328,26.809999465942383,26.809999465942383,13.574960708618164,755300
2004-08-30,26.600000381469727,26.81999969482422,26.600000381469727,26.670000076293945,13.504067420959473,1306600
2004-08-31,26.68000030517578,26.8799991607666,26.399999618530273,26.8799991607666,13.610396385192871,1914500
2004-09-01,26.979999542236328,26.979999542236328,26.75,26.829999923706055,13.585087776184082,2196800
2004-09-02,26.889999389648438,27.450000762939453,26.760000228881836,27.389999389648438,13.868635177612305,1946000
2004-09-03,27.450000762939453,27.489999771118164,26.979999542236328,27.079999923706055,13.71167278289795,1380900
2004-09-07,27.229999542236328,27.229999542236328,26.93000030517578,27.020000457763672,13.681294441223145,1098900
2004-09-08,26.950000762939453,27.09000015258789,26.81999969482422,26.959999084472656,13.65090274810791,2256300
2004-09-09,26.850000381469727,27.09000015258789,26.850000381469727,27.040000915527344,13.691418647766113,1595500
2004-09-10,27.06999969482422,27.1299991607666,26.889999389648438,27.059999465942383,13.701544761657715,1831600
2004-09-13,27.0,27.100000381469727,26.65999984741211,26.790000915527344,13.56482982635498,1417000
2004-09-14,26.790000915527344,26.8700008392334,26.579999923706055,26.75,13.544581413269043,1948900
2004-09-15,26.760000228881836,26.790000915527344,26.56999969482422,26.65999984741211,13.499008178710938,1507300
2004-09-16,26.65999984741211,26.81999969482422,26.579999923706055,26.719999313354492,13.52938175201416,1501600
2004-09-17,26.719999313354492,26.829999923706055,26.670000076293945,26.709999084472656,13.524322509765625,1590600
2004-09-20,26.5,26.68000030517578,26.43000030517578,26.43000030517578,13.382546424865723,1621700
2004-09-21,26.5,26.889999389648438,26.420000076293945,26.780000686645508,13.559767723083496,1850300
2004-09-22,26.709999084472656,26.709999084472656,26.450000762939453,26.489999771118164,13.412932395935059,1315000
2004-09-23,26.559999465942383,26.84000015258789,26.440000534057617,26.780000686645508,13.559767723083496,2180500
2004-09-24,26.75,26.75,26.549999237060547,26.600000381469727,13.46863079071045,1293200
2004-09-27,26.350000381469727,26.709999084472656,26.25,26.56999969482422,13.4534330368042,1296900
2004-09-28,26.489999771118164,26.729999542236328,26.40999984741211,26.489999771118164,13.514662742614746,2802200
2004-09-29,26.5,26.649999618530273,26.329999923706055,26.649999618530273,13.596284866333008,1115000
2004-09-30,26.5,26.670000076293945,26.3799991607666,26.510000228881836,13.524864196777344,1742500
2004-10-01,26.450000762939453,26.760000228881836,26.43000030517578,26.75,13.647307395935059,993300
2004-10-04,26.75,26.959999084472656,26.56999969482422,26.610000610351562,13.575881958007812,2029200
2004-10-05,26.700000762939453,26.860000610351562,26.649999618530273,26.760000228881836,13.652405738830566,1240400
2004-10-06,26.700000762939453,26.799999237060547,26.450000762939453,26.700000762939453,13.621794700622559,1384100
2004-10-07,26.68000030517578,26.770000457763672,26.540000915527344,26.559999465942383,13.550372123718262,1107600
2004-10-08,26.6299991607666,26.8700008392334,26.389999389648438,26.780000686645508,13.662612915039062,1010800
2004-10-11,26.65999984741211,26.979999542236328,26.600000381469727,26.799999237060547,13.672815322875977,1739000
2004-10-12,26.899999618530273,28.049999237060547,26.799999237060547,27.75,14.157483100891113,4898600
2004-10-13,28.5,29.219999313354492,28.100000381469727,28.299999237060547,14.438087463378906,5908900
2004-10-14,28.5,28.559999465942383,28.229999542236328,28.469999313354492,14.524810791015625,2623300
2004-10-15,29.0,29.18000030517578,28.739999771118164,28.8799991607666,14.733990669250488,3249700
2004-10-18,29.0,29.25,28.920000076293945,29.190000534057617,14.892145156860352,3089000
2004-10-19,29.190000534057617,29.81999969482422,29.18000030517578,29.3700008392334,14.983980178833008,4014300
2004-10-20,29.329999923706055,29.850000381469727,29.139999389648438,29.780000686645508,15.19314193725586,2119400
2004-10-21,29.450000762939453,29.510000228881836,29.1299991607666,29.219999313354492,14.907451629638672,2291200
2004-10-22,29.139999389648438,29.479999542236328,28.809999465942383,29.3799991607666,14.9890775680542,1714200
2004-10-25,29.489999771118164,29.850000381469727,29.389999389648438,29.829999923706055,15.21866226196289,1412000
2004-10-26,29.729999542236328,30.020000457763672,29.3799991607666,30.020000457763672,15.315591812133789,1553400
2004-10-27,30.020000457763672,30.079999923706055,29.6299991607666,29.700000762939453,15.152334213256836,1077300
2004-10-28,29.950000762939453,30.459999084472656,29.799999237060547,30.3799991607666,15.499260902404785,1718300
2004-10-29,30.440000534057617,30.770000457763672,30.040000915527344,30.5,15.560481071472168,1490000
2004-11-01,30.6299991607666,30.65999984741211,30.209999084472656,30.270000457763672,15.443136215209961,1156800
2004-11-02,30.469999313354492,30.549999237060547,29.690000534057617,29.799999237060547,15.203354835510254,1326100
2004-11-03,30.100000381469727,30.729999542236328,30.100000381469727,30.510000228881836,15.56557559967041,1357700
2004-11-04,30.510000228881836,31.1200008392334,30.149999618530273,31.0,15.815564155578613,1149600
2004-11-05,30.81999969482422,31.389999389648438,30.200000762939453,30.81999969482422,15.723740577697754,1488400
2004-11-08,30.81999969482422,31.450000762939453,30.81999969482422,31.399999618530273,16.019643783569336,897100
2004-11-09,31.56999969482422,31.68000030517578,31.200000762939453,31.280000686645508,15.958423614501953,1226300
2004-11-10,31.43000030517578,31.440000534057617,31.110000610351562,31.290000915527344,15.963523864746094,1435200
2004-11-11,31.389999389648438,32.150001525878906,31.18000030517578,31.950000762939453,16.300243377685547,1203700
2004-11-12,31.950000762939453,32.220001220703125,31.709999084472656,32.09000015258789,16.371662139892578,1254400
2004-11-15,32.150001525878906,32.279998779296875,31.75,31.850000381469727,16.249221801757812,1069000
2004-11-16,31.950000762939453,31.989999771118164,31.6200008392334,31.649999618530273,16.147186279296875,1242500
2004-11-17,31.549999237060547,31.989999771118164,31.479999542236328,31.649999618530273,16.147186279296875,1382300
2004-11-18,31.649999618530273,31.8700008392334,31.469999313354492,31.65999984741211,16.15229034423828,1103100
2004-11-19,31.8700008392334,31.899999618530273,31.579999923706055,31.770000457763672,16.208404541015625,1068000
2004-11-22,31.940000534057617,32.220001220703125,31.709999084472656,32.220001220703125,16.437990188598633,1288200
2004-11-23,32.25,32.34000015258789,31.829999923706055,32.0,16.32574462890625,1406700
2004-11-24,32.20000076293945,32.4900016784668,32.060001373291016,32.209999084472656,16.432884216308594,1185000
2004-11-26,32.25,32.5,32.119998931884766,32.27000045776367,16.463499069213867,409200
2004-11-29,32.25,32.369998931884766,31.709999084472656,31.920000076293945,16.284931182861328,818000
2004-11-30,31.850000381469727,31.969999313354492,31.75,31.899999618530273,16.27472686767578,918500
2004-12-01,31.989999771118164,31.989999771118164,31.399999618530273,31.649999618530273,16.147186279296875,1277300
2004-12-02,31.520000457763672,31.6200008392334,31.049999237060547,31.09000015258789,15.861488342285156,1696100
2004-12-03,31.299999237060547,31.59000015258789,31.170000076293945,31.280000686645508,15.958423614501953,1348700
2004-12-06,31.059999465942383,31.399999618530273,31.020000457763672,31.280000686645508,15.958423614501953,1205500
2004-12-07,31.190000534057617,31.440000534057617,30.690000534057617,30.690000534057617,15.6574125289917,806000
2004-12-08,30.739999771118164,30.93000030517578,30.3700008392334,30.549999237060547,15.585989952087402,1440000
2004-12-09,30.549999237060547,30.780000686645508,30.149999618530273,30.649999618530273,15.637008666992188,922000
2004-12-10,30.459999084472656,30.809999465942383,30.25,30.6200008392334,15.62169361114502,867300
2004-12-13,30.56999969482422,31.260000228881836,30.56999969482422,31.260000228881836,15.948221206665039,683200
2004-12-14,31.469999313354492,31.559999465942383,30.719999313354492,30.770000457763672,15.698227882385254,1148400
2004-12-15,30.950000762939453,31.239999771118164,30.850000381469727,31.239999771118164,15.93801498413086,854500
2004-12-16,31.149999618530273,31.530000686645508,30.850000381469727,31.299999237060547,15.968621253967285,1477400
2004-12-17,30.979999542236328,31.84000015258789,30.979999542236328,31.809999465942383,16.22882652282715,1882100
2004-12-20,31.809999465942383,31.950000762939453,31.469999313354492,31.6299991607666,16.136987686157227,1571900
2004-12-21,31.8700008392334,32.0099983215332,31.709999084472656,32.0,16.32574462890625,691000
2004-12-22,32.27000045776367,32.52000045776367,32.119998931884766,32.27000045776367,16.463499069213867,1051400
2004-12-23,32.349998474121094,32.36000061035156,32.04999923706055,32.16999816894531,16.412477493286133,481200
2004-12-27,32.380001068115234,32.38999938964844,31.950000762939453,32.04999923706055,16.351261138916016,1125300
2004-12-28,31.950000762939453,32.22999954223633,31.860000610351562,32.18000030517578,16.546648025512695,846200
2004-12-29,32.060001373291016,32.290000915527344,31.979999542236328,32.18000030517578,16.546648025512695,385200
2004-12-30,32.29999923706055,32.47999954223633,32.119998931884766,32.43000030517578,16.675201416015625,503200
2004-12-31,32.290000915527344,32.36000061035156,32.029998779296875,32.029998779296875,16.469518661499023,424000
2005-01-03,32.09000015258789,32.27000045776367,31.600000381469727,31.760000228881836,16.330686569213867,1581400
2005-01-04,32.0,32.34000015258789,31.579999923706055,31.68000030517578,16.2895565032959,1117800
2005-01-05,31.8799991607666,31.8799991607666,31.049999237060547,31.170000076293945,16.02731704711914,1833800
2005-01-06,31.020000457763672,31.299999237060547,30.969999313354492,31.18000030517578,16.032466888427734,1039500
2005-01-07,31.239999771118164,31.549999237060547,30.93000030517578,30.950000762939453,15.914191246032715,653300
2005-01-10,31.049999237060547,31.479999542236328,30.940000534057617,31.010000228881836,15.945045471191406,1649700
2005-01-11,31.06999969482422,31.110000610351562,30.639999389648438,30.709999084472656,15.790794372558594,1285300
2005-01-12,30.75,30.940000534057617,30.43000030517578,30.790000915527344,15.831920623779297,1030400
2005-01-13,30.540000915527344,31.31999969482422,30.540000915527344,30.940000534057617,15.909052848815918,985000
2005-01-14,31.049999237060547,31.25,30.829999923706055,31.200000762939453,16.042743682861328,864500
2005-01-18,31.239999771118164,31.739999771118164,31.190000534057617,31.510000228881836,16.20214080810547,1323200
2005-01-19,31.510000228881836,31.920000076293945,31.510000228881836,31.639999389648438,16.26898956298828,757000
2005-01-20,31.75,31.75,31.329999923706055,31.56999969482422,16.232990264892578,887400
2005-01-21,31.5,31.719999313354492,31.450000762939453,31.600000381469727,16.2484188079834,1095400
2005-01-24,31.59000015258789,32.11000061035156,31.56999969482422,31.950000762939453,16.42838478088379,1260900
2005-01-25,31.950000762939453,32.25,31.690000534057617,31.709999084472656,16.30497932434082,1035900
2005-01-26,31.920000076293945,31.979999542236328,31.56999969482422,31.889999389648438,16.397537231445312,1198300
2005-01-27,31.799999237060547,32.189998626708984,31.649999618530273,32.06999969482422,16.490083694458008,883500
2005-01-28,31.979999542236328,32.09000015258789,31.59000015258789,31.989999771118164,16.44894790649414,920300
2005-01-31,32.150001525878906,32.54999923706055,32.04999923706055,32.470001220703125,16.69577407836914,1124500
2005-02-01,32.849998474121094,32.97999954223633,32.220001220703125,32.220001220703125,16.56721305847168,1746600
2005-02-02,32.47999954223633,32.66999816894531,32.34000015258789,32.45000076293945,16.68548583984375,1084500
2005-02-03,32.45000076293945,32.540000915527344,32.22999954223633,32.470001220703125,16.69577407836914,713300
2005-02-04,32.29999923706055,32.900001525878906,32.29999923706055,32.900001525878906,16.916866302490234,977600
2005-02-07,32.86000061035156,32.86000061035156,32.47999954223633,32.52000045776367,16.721473693847656,897100
2005-02-08,32.7400016784668,33.0,32.59000015258789,32.65999984741211,16.793460845947266,1091700
2005-02-09,32.689998626708984,32.75,32.439998626708984,32.5099983215332,16.716333389282227,623100
2005-02-10,32.5,32.61000061035156,32.400001525878906,32.560001373291016,16.742048263549805,1099900
2005-02-11,32.58000183105469,32.7599983215332,32.41999816894531,32.68000030517578,16.803749084472656,1310800
2005-02-14,32.77000045776367,33.099998474121094,32.7599983215332,33.0,16.96828269958496,1241200
2005-02-15,33.099998474121094,33.150001525878906,32.54999923706055,32.72999954223633,16.82945442199707,1246700
2005-02-16,32.61000061035156,33.0,32.41999816894531,32.91999816894531,16.927143096923828,1060800
2005-02-17,32.9900016784668,33.0,32.65999984741211,32.790000915527344,16.860305786132812,775100
2005-02-18,33.0,33.099998474121094,32.38999938964844,32.5,16.7111873626709,1612500
2005-02-22,32.5099983215332,32.5099983215332,31.5,31.5,16.196996688842773,1825900
2005-02-23,31.75,32.0099983215332,31.700000762939453,31.950000762939453,16.42838478088379,2045700
2005-02-24,32.0,32.11000061035156,31.860000610351562,32.02000045776367,16.46438217163086,1457600
2005-02-25,32.04999923706055,32.77000045776367,32.04999923706055,32.689998626708984,16.808889389038086,978700
2005-02-28,32.75,32.880001068115234,32.439998626708984,32.47999954223633,16.70090675354004,1780600
2005-03-01,32.47999954223633,32.790000915527344,32.349998474121094,32.52000045776367,16.721473693847656,1789700
2005-03-02,32.400001525878906,32.77000045776367,32.099998474121094,32.349998474121094,16.634065628051758,1205600
2005-03-03,32.400001525878906,32.75,32.150001525878906,32.310001373291016,16.613489151000977,1352400
2005-03-04,32.5,33.189998626708984,32.439998626708984,32.9900016784668,16.96314811706543,2384800
2005-03-07,33.16999816894531,33.939998626708984,33.130001068115234,33.70000076293945,17.328218460083008,3598900
2005-03-08,33.77000045776367,33.77000045776367,33.27000045776367,33.349998474121094,17.148250579833984,1455200
2005-03-09,33.2400016784668,33.59000015258789,32.93000030517578,33.31999969482422,17.13282585144043,1750800
2005-03-10,33.400001525878906,33.93000030517578,33.08000183105469,33.900001525878906,17.431066513061523,2160000
2005-03-11,34.0,34.95000076293945,33.5099983215332,33.56999969482422,17.261371612548828,1974100
2005-03-14,33.58000183105469,34.13999938964844,33.400001525878906,33.849998474121094,17.405349731445312,2205600
2005-03-15,34.150001525878906,34.33000183105469,33.54999923706055,33.54999923706055,17.25109100341797,2275700
2005-03-16,33.5,33.810001373291016,33.040000915527344,33.58000183105469,17.266517639160156,2484700
2005-03-17,33.72999954223633,34.15999984741211,33.400001525878906,33.84000015258789,17.400211334228516,2373600
2005-03-18,33.900001525878906,34.22999954223633,33.79999923706055,34.22999954223633,17.600749969482422,2961700
2005-03-21,34.22999954223633,34.869998931884766,34.119998931884766,34.75,17.868120193481445,2399200
2005-03-22,34.7599983215332,34.79999923706055,33.91999816894531,34.08000183105469,17.52361488342285,1740200
2005-03-23,33.9900016784668,34.29999923706055,33.11000061035156,34.130001068115234,17.549320220947266,2538500
2005-03-24,34.189998626708984,34.75,34.13999938964844,34.599998474121094,17.790992736816406,1080200
2005-03-28,34.61000061035156,34.84000015258789,34.31999969482422,34.31999969482422,17.647008895874023,1106300
2005-03-29,34.16999816894531,34.2400016784668,33.630001068115234,33.68000030517578,17.44501495361328,2160200
2005-03-30,33.869998931884766,34.22999954223633,33.75,34.22999954223633,17.729900360107422,1779700
2005-03-31,34.060001373291016,34.75,33.9900016784668,34.720001220703125,17.98369598388672,1919400
2005-04-01,35.0,35.349998474121094,34.70000076293945,35.04999923706055,18.154621124267578,1759300
2005-04-04,35.20000076293945,35.66999816894531,35.16999816894531,35.630001068115234,18.45503807067871,2303900
2005-04-05,35.630001068115234,36.08000183105469,35.45000076293945,35.97999954223633,18.63633155822754,2472300
2005-04-06,36.189998626708984,36.209999084472656,35.810001373291016,35.83000183105469,18.55863380432129,1187500
2005-04-07,35.900001525878906,36.099998474121094,35.720001220703125,35.959999084472656,18.6259708404541,848100
2005-04-08,36.08000183105469,36.099998474121094,35.650001525878906,35.650001525878906,18.465402603149414,987400
2005-04-11,35.630001068115234,36.27000045776367,35.619998931884766,36.11000061035156,18.703664779663086,1423800
2005-04-12,36.0,36.40999984741211,35.720001220703125,36.2599983215332,18.781362533569336,1848400
2005-04-13,36.290000915527344,36.36000061035156,35.900001525878906,36.04999923706055,18.672590255737305,1014000
2005-04-14,36.0,36.130001068115234,35.65999984741211,35.689998626708984,18.48611831665039,1141900
2005-04-15,35.849998474121094,35.90999984741211,35.29999923706055,35.349998474121094,18.310009002685547,1995000
2005-04-18,35.18000030517578,35.52000045776367,34.7400016784668,35.130001068115234,18.19605827331543,2003400
2005-04-19,35.15999984741211,35.84000015258789,35.15999984741211,35.7400016784668,18.51202392578125,821000
2005-04-20,35.75,36.0,35.459999084472656,35.470001220703125,18.372161865234375,1519000
2005-04-21,35.70000076293945,35.93000030517578,35.22999954223633,35.83000183105469,18.55863380432129,974400
2005-04-22,35.83000183105469,36.38999938964844,35.790000915527344,36.130001068115234,18.71402359008789,1074100
2005-04-25,36.380001068115234,36.810001373291016,35.93000030517578,36.209999084472656,18.755460739135742,1695700
2005-04-26,36.209999084472656,36.33000183105469,35.810001373291016,35.810001373291016,18.548274993896484,1031800
2005-04-27,35.65999984741211,36.18000030517578,35.5099983215332,36.08000183105469,18.688129425048828,967600
2005-04-28,36.04999923706055,36.15999984741211,35.5099983215332,35.869998931884766,18.5793514251709,1240700
2005-04-29,35.880001068115234,36.34000015258789,35.7400016784668,36.29999923706055,18.802072525024414,1087300
2005-05-02,36.41999816894531,36.939998626708984,36.29999923706055,36.66999816894531,18.99372100830078,1396300
2005-05-03,36.849998474121094,36.970001220703125,36.08000183105469,36.16999816894531,18.734739303588867,1853100
2005-05-04,36.16999816894531,36.959999084472656,36.0099983215332,36.650001525878906,18.98335838317871,1949500
2005-05-05,36.38999938964844,36.77000045776367,36.209999084472656,36.34000015258789,18.822795867919922,1533900
2005-05-06,36.38999938964844,36.58000183105469,36.0099983215332,36.4900016784668,18.90049171447754,1406700
2005-05-09,37.150001525878906,37.959999084472656,36.7599983215332,37.79999923706055,19.579015731811523,2321100
2005-05-10,37.93000030517578,37.93000030517578,37.060001373291016,37.279998779296875,19.30968475341797,1807000
2005-05-11,37.25,37.7599983215332,37.130001068115234,37.58000183105469,19.46506690979004,1407400
2005-05-12,37.58000183105469,38.349998474121094,36.72999954223633,36.849998474121094,19.086959838867188,1635500
2005-05-13,36.93000030517578,37.0,35.15999984741211,36.029998779296875,18.66222381591797,2289300
2005-05-16,35.900001525878906,36.34000015258789,35.599998474121094,36.27000045776367,18.786535263061523,2460600
2005-05-17,36.29999923706055,37.0099983215332,36.16999816894531,36.939998626708984,19.13357162475586,1565500
2005-05-18,37.25,37.34000015258789,36.849998474121094,36.95000076293945,19.138748168945312,1424000
2005-05-19,37.16999816894531,37.29999923706055,36.86000061035156,37.27000045776367,19.304500579833984,1000600
2005-05-20,37.400001525878906,37.400001525878906,37.04999923706055,37.25,19.294143676757812,679600
2005-05-23,37.34000015258789,37.5099983215332,37.150001525878906,37.45000076293945,19.39773941040039,1107400
2005-05-24,37.560001373291016,37.70000076293945,37.189998626708984,37.599998474121094,19.47542953491211,1114100
2005-05-25,37.599998474121094,37.650001525878906,37.209999084472656,37.349998474121094,19.345930099487305,1041500
2005-05-26,37.349998474121094,37.529998779296875,37.15999984741211,37.36000061035156,19.351119995117188,824700
2005-05-27,37.290000915527344,37.470001220703125,37.150001525878906,37.34000015258789,19.340757369995117,1815000
2005-05-31,37.2599983215332,37.52000045776367,36.75,36.75,19.035158157348633,2209700
2005-06-01,36.849998474121094,37.689998626708984,36.599998474121094,37.150001525878906,19.24235725402832,1970300
2005-06-02,37.29999923706055,37.470001220703125,36.900001525878906,36.95000076293945,19.138748168945312,1303000
2005-06-03,37.09000015258789,37.540000915527344,37.0,37.540000915527344,19.44434928894043,1046800
2005-06-06,37.41999816894531,37.790000915527344,37.400001525878906,37.70000076293945,19.5272274017334,1138100
2005-06-07,37.880001068115234,38.349998474121094,37.43000030517578,37.529998779296875,19.439180374145508,1186800
2005-06-08,37.689998626708984,38.029998779296875,37.599998474121094,37.970001220703125,19.66707420349121,1155400
2005-06-09,37.970001220703125,37.970001220703125,37.54999923706055,37.70000076293945,19.5272274017334,805900
2005-06-10,37.79999923706055,38.08000183105469,37.58000183105469,37.88999938964844,19.625638961791992,1088200
2005-06-13,37.77000045776367,38.150001525878906,37.61000061035156,38.040000915527344,19.70332908630371,1183300
2005-06-14,38.09000015258789,38.380001068115234,38.040000915527344,38.31999969482422,19.848365783691406,896300
2005-06-15,38.4900016784668,38.4900016784668,37.849998474121094,38.20000076293945,19.78620719909668,1023700
2005-06-16,38.290000915527344,38.43000030517578,37.939998626708984,38.220001220703125,19.79656982421875,1134100
2005-06-17,38.400001525878906,38.47999954223633,38.06999969482422,38.459999084472656,19.920881271362305,1656200
2005-06-20,38.2400016784668,38.5,38.08000183105469,38.310001373291016,19.84318733215332,1076200
2005-06-21,38.400001525878906,38.84000015258789,38.36000061035156,38.709999084472656,20.050373077392578,974200
2005-06-22,39.0,39.400001525878906,38.75,39.15999984741211,20.283447265625,1484300
2005-06-23,39.290000915527344,40.22999954223633,39.2599983215332,39.970001220703125,20.7030029296875,2427200
2005-06-24,39.810001373291016,40.41999816894531,39.619998931884766,39.880001068115234,20.65637969970703,1548000
2005-06-27,39.779998779296875,40.25,39.779998779296875,40.0,20.718549728393555,837800
2005-06-28,39.97999954223633,40.47999954223633,39.849998474121094,40.34000015258789,21.02606773376465,1518000
2005-06-29,40.38999938964844,40.959999084472656,40.13999938964844,40.619998931884766,21.1720027923584,1336400
2005-06-30,40.779998779296875,40.86000061035156,40.41999816894531,40.54999923706055,21.13552474975586,1979800
2005-07-01,40.79999923706055,40.959999084472656,40.66999816894531,40.86000061035156,21.297094345092773,1038900
2005-07-05,40.849998474121094,41.150001525878906,40.560001373291016,40.56999969482422,21.14594268798828,1797300
2005-07-06,40.720001220703125,40.91999816894531,40.29999923706055,40.31999969482422,21.01563835144043,1236200
2005-07-07,40.02000045776367,40.349998474121094,38.75,40.209999084472656,20.95829963684082,1162100
2005-07-08,40.36000061035156,40.72999954223633,39.869998931884766,40.529998779296875,21.125093460083008,833000
2005-07-11,40.36000061035156,40.779998779296875,40.29999923706055,40.599998474121094,21.16157341003418,1510600
2005-07-12,40.849998474121094,41.369998931884766,40.81999969482422,41.18000030517578,21.46389389038086,1492100
2005-07-13,41.119998931884766,41.310001373291016,40.86000061035156,40.869998931884766,21.30230712890625,1371700
2005-07-14,40.869998931884766,41.16999816894531,40.130001068115234,40.31999969482422,21.01563835144043,1196200
2005-07-15,40.22999954223633,40.439998626708984,39.95000076293945,40.20000076293945,20.95309066772461,1519400
2005-07-18,40.16999816894531,40.290000915527344,39.91999816894531,40.099998474121094,20.900972366333008,1226400
2005-07-19,40.11000061035156,40.20000076293945,39.630001068115234,39.75,20.71854591369629,1375800
2005-07-20,39.869998931884766,40.40999984741211,39.650001525878906,40.349998474121094,21.03126335144043,2053200
2005-07-21,40.349998474121094,40.40999984741211,39.400001525878906,39.54999923706055,20.614295959472656,1614800
2005-07-22,39.70000076293945,39.93000030517578,39.40999984741211,39.810001373291016,20.74981689453125,1394600
2005-07-25,39.810001373291016,40.4900016784668,39.810001373291016,40.16999816894531,20.937458038330078,1553800
2005-07-26,40.25,40.400001525878906,39.93000030517578,39.93000030517578,20.812366485595703,863800
2005-07-27,40.099998474121094,40.65999984741211,40.04999923706055,40.65999984741211,21.192859649658203,1501300
2005-07-28,40.869998931884766,41.0,40.619998931884766,40.83000183105469,21.28145980834961,1054700
2005-07-29,40.779998779296875,40.9900016784668,40.66999816894531,40.880001068115234,21.307519912719727,720100
2005-08-01,40.70000076293945,40.869998931884766,40.16999816894531,40.22999954223633,20.968725204467773,1093100
2005-08-02,40.36000061035156,41.18000030517578,40.36000061035156,41.040000915527344,21.390914916992188,1358300
2005-08-03,41.040000915527344,41.95000076293945,40.97999954223633,41.25,21.500368118286133,1335300
2005-08-04,41.31999969482422,41.369998931884766,40.84000015258789,41.150001525878906,21.44825553894043,1075600
2005-08-05,40.959999084472656,40.959999084472656,40.45000076293945,40.75,21.23976707458496,1193700
2005-08-08,40.54999923706055,41.25,40.02000045776367,40.16999816894531,20.937458038330078,1746400
2005-08-09,40.29999923706055,41.2599983215332,39.849998474121094,40.0,20.84885597229004,2640400
2005-08-10,40.45000076293945,41.52000045776367,40.060001373291016,41.150001525878906,21.44825553894043,2803800
2005-08-11,41.2599983215332,41.91999816894531,41.0,41.5099983215332,21.635889053344727,2044300
2005-08-12,41.529998779296875,41.720001220703125,41.08000183105469,41.380001068115234,21.568138122558594,895600
2005-08-15,41.22999954223633,41.4900016784668,41.02000045776367,41.349998474121094,21.55249786376953,1055900
2005-08-16,41.400001525878906,41.47999954223633,40.7599983215332,40.77000045776367,21.25018310546875,922200
2005-08-17,40.72999954223633,40.970001220703125,40.2599983215332,40.959999084472656,21.349218368530273,856100
2005-08-18,40.9900016784668,41.470001220703125,40.630001068115234,41.29999923706055,21.526432037353516,1910500
2005-08-19,41.7599983215332,42.02000045776367,41.54999923706055,41.970001220703125,21.875654220581055,1488700
2005-08-22,42.2400016784668,42.38999938964844,41.779998779296875,41.95000076293945,21.8652400970459,1686700
2005-08-23,42.029998779296875,42.38999938964844,41.77000045776367,41.959999084472656,21.870441436767578,1143900
2005-08-24,42.189998626708984,43.16999816894531,42.189998626708984,42.66999816894531,22.240507125854492,1830800
2005-08-25,42.900001525878906,43.560001373291016,42.84000015258789,43.54999923706055,22.699182510375977,1575800
2005-08-26,43.720001220703125,43.880001068115234,42.880001068115234,43.45000076293945,22.647066116333008,1698100
2005-08-29,43.25,44.13999938964844,42.95000076293945,44.029998779296875,22.949373245239258,1535000
2005-08-30,44.20000076293945,44.75,43.79999923706055,44.150001525878906,23.011911392211914,2399700
2005-08-31,44.29999923706055,45.130001068115234,43.86000061035156,45.029998779296875,23.470590591430664,2319100
2005-09-01,45.09000015258789,45.5,44.45000076293945,45.349998474121094,23.63738441467285,1685000
2005-09-02,45.0,45.720001220703125,43.7599983215332,45.189998626708984,23.553979873657227,942300
2005-09-06,45.56999969482422,46.560001373291016,45.45000076293945,45.83000183105469,23.887569427490234,1637700
2005-09-07,45.849998474121094,46.33000183105469,45.61000061035156,46.31999969482422,24.142969131469727,1258600
2005-09-08,46.650001525878906,47.11000061035156,46.099998474121094,46.189998626708984,24.075204849243164,2034200
2005-09-09,46.11000061035156,47.470001220703125,46.099998474121094,47.150001525878906,24.575578689575195,2178800
2005-09-12,47.040000915527344,47.22999954223633,46.5,46.689998626708984,24.335811614990234,1339500
2005-09-13,46.20000076293945,46.68000030517578,46.150001525878906,46.310001373291016,24.13774871826172,1729800
2005-09-14,46.45000076293945,46.63999938964844,46.099998474121094,46.29999923706055,24.132539749145508,1327000
2005-09-15,46.470001220703125,46.61000061035156,46.189998626708984,46.5,24.23678970336914,1841700
2005-09-16,46.61000061035156,46.880001068115234,45.79999923706055,46.75,24.367088317871094,1867700
2005-09-19,46.849998474121094,46.900001525878906,46.33000183105469,46.70000076293945,24.34103012084961,920200
2005-09-20,46.619998931884766,46.9900016784668,46.220001220703125,46.279998779296875,24.12212562561035,955700
2005-09-21,46.18000030517578,46.619998931884766,45.0099983215332,45.70000076293945,23.819805145263672,2183300
2005-09-22,45.70000076293945,45.70000076293945,44.849998474121094,45.040000915527344,23.475801467895508,1832100
2005-09-23,45.150001525878906,45.81999969482422,45.0,45.36000061035156,23.642589569091797,1535500
2005-09-26,45.650001525878906,45.97999954223633,45.5,45.779998779296875,23.861509323120117,769800
2005-09-27,45.900001525878906,45.9900016784668,45.38999938964844,45.779998779296875,23.861509323120117,1103300
2005-09-28,46.209999084472656,46.77000045776367,46.150001525878906,46.599998474121094,24.422269821166992,2770100
2005-09-29,46.619998931884766,47.63999938964844,46.52000045776367,47.5,24.893945693969727,2523900
2005-09-30,47.47999954223633,47.58000183105469,46.970001220703125,47.279998779296875,24.77865982055664,1934600
2005-10-03,47.290000915527344,49.029998779296875,47.290000915527344,48.91999816894531,25.638151168823242,2302500
2005-10-04,48.91999816894531,49.15999984741211,47.130001068115234,47.29999923706055,24.789142608642578,2186300
2005-10-05,47.040000915527344,47.20000076293945,45.52000045776367,45.54999923706055,23.871997833251953,1899000
2005-10-06,45.689998626708984,45.709999084472656,43.790000915527344,44.540000915527344,23.342666625976562,2888400
2005-10-07,44.560001373291016,45.7400016784668,44.34000015258789,45.66999816894531,23.93487548828125,1536400
2005-10-10,45.5,45.5,44.15999984741211,44.29999923706055,23.216882705688477,1442300
2005-10-11,44.70000076293945,45.209999084472656,44.52000045776367,44.900001525878906,23.531333923339844,1822900
2005-10-12,44.93000030517578,45.689998626708984,43.97999954223633,44.0,23.059656143188477,1768500
2005-10-13,43.849998474121094,44.150001525878906,42.58000183105469,43.04999923706055,22.561777114868164,2254600
2005-10-14,43.33000183105469,43.63999938964844,42.790000915527344,43.5,22.7976131439209,1516000
2005-10-17,43.61000061035156,44.43000030517578,43.349998474121094,44.2400016784668,23.18543243408203,1014100
2005-10-18,44.2400016784668,44.5099983215332,42.90999984741211,43.09000015258789,22.582735061645508,1175700
2005-10-19,43.310001373291016,43.439998626708984,42.09000015258789,43.22999954223633,22.656116485595703,1834800
2005-10-20,43.099998474121094,43.20000076293945,40.5099983215332,40.93000030517578,21.450727462768555,2422100
2005-10-21,41.130001068115234,41.5,40.54999923706055,41.13999938964844,21.560781478881836,1909900
2005-10-24,41.29999923706055,42.13999938964844,41.02000045776367,42.09000015258789,22.058664321899414,1710400
2005-10-25,41.9900016784668,42.93000030517578,41.900001525878906,42.93000030517578,22.49888801574707,2210700
2005-10-26,42.59000015258789,42.95000076293945,42.02000045776367,42.290000915527344,22.163476943969727,2144500
2005-10-27,42.400001525878906,42.5099983215332,41.290000915527344,41.29999923706055,21.64462661743164,862200
2005-10-28,41.5,43.099998474121094,41.470001220703125,43.09000015258789,22.582735061645508,1421500
2005-10-31,43.22999954223633,43.9900016784668,43.20000076293945,43.7599983215332,22.933881759643555,1565400
2005-11-01,44.0,44.0099983215332,43.11000061035156,43.40999984741211,22.750446319580078,1703800
2005-11-02,43.09000015258789,43.599998474121094,42.75,43.29999923706055,22.692794799804688,1376100
2005-11-03,43.5099983215332,43.599998474121094,42.95000076293945,43.099998474121094,22.58797836303711,1818300
2005-11-04,44.150001525878906,44.75,42.880001068115234,43.08000183105469,22.577499389648438,2261100
2005-11-07,43.54999923706055,43.689998626708984,42.45000076293945,43.0099983215332,22.540815353393555,1875800
2005-11-08,42.93000030517578,43.52000045776367,42.65999984741211,42.959999084472656,22.514610290527344,1778700
2005-11-09,43.060001373291016,43.650001525878906,42.95000076293945,43.310001373291016,22.698041915893555,1911200
2005-11-10,43.400001525878906,43.540000915527344,42.15999984741211,42.619998931884766,22.33642578125,1775900
2005-11-11,42.40999984741211,42.439998626708984,41.33000183105469,41.900001525878906,21.959087371826172,1509200
2005-11-14,41.900001525878906,42.38999938964844,41.58000183105469,42.29999923706055,22.16872215270996,1788700
2005-11-15,42.13999938964844,43.189998626708984,42.04999923706055,42.90999984741211,22.48841094970703,1663700
2005-11-16,42.83000183105469,43.220001220703125,42.560001373291016,43.0,22.53557586669922,1310800
2005-11-17,43.2400016784668,43.86000061035156,43.04999923706055,43.79999923706055,22.954835891723633,1198900
2005-11-18,44.31999969482422,44.33000183105469,43.220001220703125,43.869998931884766,22.99151611328125,1548400
2005-11-21,43.93000030517578,44.2599983215332,43.84000015258789,44.189998626708984,23.159236907958984,906600
2005-11-22,44.119998931884766,44.470001220703125,43.900001525878906,44.45000076293945,23.295494079589844,1130000
2005-11-23,44.720001220703125,45.349998474121094,44.47999954223633,45.0099983215332,23.588977813720703,1035200
2005-11-25,45.20000076293945,45.58000183105469,44.84000015258789,44.95000076293945,23.557531356811523,355000
2005-11-28,44.72999954223633,45.7599983215332,44.529998779296875,45.0099983215332,23.588977813720703,1804300
2005-11-29,45.16999816894531,45.7599983215332,45.15999984741211,45.2400016784668,23.709524154663086,1123600
2005-11-30,45.31999969482422,45.59000015258789,45.02000045776367,45.119998931884766,23.646635055541992,1310100
2005-12-01,45.31999969482422,45.849998474121094,45.279998779296875,45.790000915527344,23.99776268005371,1165900
2005-12-02,45.630001068115234,45.779998779296875,45.22999954223633,45.630001068115234,23.913917541503906,704700
2005-12-05,45.790000915527344,45.95000076293945,45.099998474121094,45.849998474121094,24.029211044311523,1091800
2005-12-06,46.0,46.09000015258789,45.470001220703125,45.65999984741211,23.929630279541016,1057100
2005-12-07,45.58000183105469,45.68000030517578,44.720001220703125,44.849998474121094,23.505123138427734,1018900
2005-12-08,44.7599983215332,45.81999969482422,44.7599983215332,45.400001525878906,23.793378829956055,1263400
2005-12-09,45.5,46.310001373291016,45.400001525878906,46.25,24.238842010498047,1182000
2005-12-12,46.27000045776367,46.439998626708984,45.880001068115234,46.099998474121094,24.16024398803711,1997700
2005-12-13,46.029998779296875,46.22999954223633,45.63999938964844,46.09000015258789,24.154983520507812,1166900
2005-12-14,46.290000915527344,46.970001220703125,46.290000915527344,46.70000076293945,24.47469139099121,885900
2005-12-15,46.7400016784668,47.0,46.56999969482422,46.84000015258789,24.54805564880371,1065100
2005-12-16,46.88999938964844,47.29999923706055,46.88999938964844,47.08000183105469,24.6738338470459,1106100
2005-12-19,46.970001220703125,47.11000061035156,45.81999969482422,45.900001525878906,24.055419921875,1169100
2005-12-20,44.650001525878906,45.15999984741211,44.290000915527344,44.810001373291016,23.484176635742188,2459800
2005-12-21,44.709999084472656,44.959999084472656,43.88999938964844,44.08000183105469,23.101587295532227,1363000
2005-12-22,43.91999816894531,44.08000183105469,43.560001373291016,43.84000015258789,22.97579574584961,1479000
2005-12-23,43.849998474121094,44.04999923706055,43.25,43.720001220703125,22.91291618347168,955200
2005-12-27,43.959999084472656,44.220001220703125,43.2599983215332,43.34000015258789,22.713764190673828,1777300
2005-12-28,42.86000061035156,43.22999954223633,42.5099983215332,43.029998779296875,22.692672729492188,1798100
2005-12-29,43.15999984741211,44.150001525878906,43.130001068115234,43.91999816894531,23.162029266357422,1439300
2005-12-30,43.540000915527344,43.720001220703125,43.18000030517578,43.61000061035156,22.998546600341797,1041400
2006-01-03,43.65999984741211,44.810001373291016,43.15999984741211,44.77000045776367,23.61029052734375,1654000
2006-01-04,44.97999954223633,46.0,44.130001068115234,45.25,23.863428115844727,2351100
2006-01-05,45.599998474121094,46.0,44.70000076293945,44.83000183105469,23.641937255859375,1924000
2006-01-06,44.900001525878906,45.09000015258789,44.5,45.0099983215332,23.736852645874023,1475900
2006-01-09,44.880001068115234,45.04999923706055,44.40999984741211,44.47999954223633,23.457353591918945,977200
2006-01-10,44.2400016784668,45.41999816894531,44.119998931884766,45.290000915527344,23.884519577026367,2156600
2006-01-11,45.43000030517578,45.849998474121094,45.08000183105469,45.20000076293945,23.83705711364746,2002200
2006-01-12,45.47999954223633,45.900001525878906,45.2599983215332,45.560001373291016,24.026914596557617,1629500
2006-01-13,45.709999084472656,45.900001525878906,45.38999938964844,45.77000045776367,24.137657165527344,971000
2006-01-17,45.529998779296875,46.45000076293945,45.400001525878906,46.310001373291016,24.42243766784668,1056600
2006-01-18,46.310001373291016,46.599998474121094,45.59000015258789,45.7400016784668,24.12183952331543,1952600
2006-01-19,45.599998474121094,46.150001525878906,45.220001220703125,46.06999969482422,24.295867919921875,1443200
2006-01-20,46.150001525878906,46.59000015258789,45.66999816894531,45.95000076293945,24.232580184936523,2168600
2006-01-23,45.9900016784668,46.279998779296875,45.470001220703125,45.630001068115234,24.063833236694336,1125500
2006-01-24,45.779998779296875,46.349998474121094,45.650001525878906,46.20000076293945,24.36443328857422,800100
2006-01-25,46.22999954223633,46.5,45.2400016784668,45.38999938964844,23.937253952026367,1378900
2006-01-26,46.38999938964844,46.38999938964844,44.900001525878906,45.22999954223633,23.852876663208008,1173300
2006-01-27,45.209999084472656,45.630001068115234,44.47999954223633,44.65999984741211,23.552284240722656,2263300
2006-01-30,44.540000915527344,44.540000915527344,44.060001373291016,44.310001373291016,23.36770248413086,1763400
2006-01-31,43.93000030517578,44.099998474121094,43.650001525878906,43.81999969482422,23.109298706054688,1850600
2006-02-01,43.75,43.95000076293945,43.349998474121094,43.84000015258789,23.119829177856445,1670500
2006-02-02,43.70000076293945,43.900001525878906,43.11000061035156,43.540000915527344,22.961637496948242,1362100
2006-02-03,43.2599983215332,43.290000915527344,42.79999923706055,43.029998779296875,22.692672729492188,1215900
2006-02-06,42.91999816894531,43.29999923706055,42.849998474121094,43.06999969482422,22.713754653930664,1308700
2006-02-07,42.959999084472656,43.150001525878906,42.7599983215332,43.0,22.676849365234375,1251800
2006-02-08,42.90999984741211,43.209999084472656,42.61000061035156,43.20000076293945,22.782323837280273,1770000
2006-02-09,43.209999084472656,43.810001373291016,43.06999969482422,43.47999954223633,22.929983139038086,961700
2006-02-10,42.720001220703125,43.880001068115234,42.720001220703125,43.220001220703125,22.79286766052246,880600
2006-02-13,43.70000076293945,43.7599983215332,43.31999969482422,43.58000183105469,22.98272132873535,1064700
2006-02-14,43.25,43.79999923706055,43.11000061035156,43.619998931884766,23.003822326660156,1114400
2006-02-15,43.560001373291016,44.189998626708984,43.560001373291016,43.86000061035156,23.130386352539062,1820200
2006-02-16,43.68000030517578,44.20000076293945,43.650001525878906,44.13999938964844,23.278051376342773,1460000
2006-02-17,44.060001373291016,44.68000030517578,43.88999938964844,44.099998474121094,23.256961822509766,1302900
2006-02-21,44.2599983215332,44.45000076293945,43.90999984741211,44.0,23.20421600341797,993700
2006-02-22,44.0,45.27000045776367,43.959999084472656,45.220001220703125,23.847606658935547,1635400
2006-02-23,45.040000915527344,45.2400016784668,44.7400016784668,44.970001220703125,23.71576690673828,1339500
2006-02-24,44.900001525878906,45.22999954223633,44.83000183105469,45.0099983215332,23.736852645874023,841900
2006-02-27,44.970001220703125,45.349998474121094,44.459999084472656,44.970001220703125,23.71576690673828,1367500
2006-02-28,44.7400016784668,44.900001525878906,44.13999938964844,44.36000061035156,23.394065856933594,1143600
2006-03-01,44.52000045776367,44.54999923706055,44.040000915527344,44.290000915527344,23.35715675354004,1205900
2006-03-02,44.0,44.400001525878906,43.5099983215332,44.22999954223633,23.32550811767578,1101800
2006-03-03,44.0,44.52000045776367,43.84000015258789,44.22999954223633,23.32550811767578,975900
2006-03-06,44.22999954223633,44.25,43.13999938964844,43.38999938964844,22.882526397705078,1046600
2006-03-07,44.290000915527344,44.29999923706055,42.849998474121094,43.33000183105469,22.850881576538086,1461200
2006-03-08,42.849998474121094,43.20000076293945,41.68000030517578,42.84000015258789,22.592472076416016,2271200
2006-03-09,42.95000076293945,42.97999954223633,42.08000183105469,42.11000061035156,22.207489013671875,1242400
2006-03-10,42.099998474121094,42.66999816894531,41.86000061035156,42.54999923706055,22.43954086303711,1725300
2006-03-13,42.47999954223633,42.84000015258789,42.2400016784668,42.7400016784668,22.53972625732422,1358800
2006-03-14,42.599998474121094,43.25,42.400001525878906,43.150001525878906,22.755956649780273,1602000
2006-03-15,43.0,43.47999954223633,42.720001220703125,43.47999954223633,22.929983139038086,1180900
2006-03-16,43.68000030517578,43.9900016784668,43.56999969482422,43.599998474121094,22.99327278137207,1330200
2006-03-17,43.79999923706055,43.95000076293945,43.029998779296875,43.349998474121094,22.86141586303711,1971700
2006-03-20,43.31999969482422,43.970001220703125,43.209999084472656,43.52000045776367,22.95107650756836,1893900
2006-03-21,43.369998931884766,43.38999938964844,42.75,43.04999923706055,22.703218460083008,2054800
2006-03-22,42.9900016784668,43.099998474121094,42.4900016784668,42.779998779296875,22.560834884643555,1309400
2006-03-23,42.599998474121094,43.18000030517578,42.2599983215332,43.08000183105469,22.719038009643555,1570700
2006-03-24,43.02000045776367,43.400001525878906,42.97999954223633,43.2599983215332,22.813961029052734,1963200
2006-03-27,43.11000061035156,43.22999954223633,42.720001220703125,42.90999984741211,22.62938690185547,1114700
2006-03-28,42.91999816894531,42.91999816894531,42.2400016784668,42.25,22.281330108642578,1490600
2006-03-29,42.0099983215332,42.66999816894531,41.93000030517578,42.459999084472656,22.53607940673828,1903400
2006-03-30,42.290000915527344,42.630001068115234,41.7400016784668,41.83000183105469,22.20171546936035,1467900
2006-03-31,41.849998474121094,41.86000061035156,40.86000061035156,41.18000030517578,21.856718063354492,1535800
2006-04-03,40.97999954223633,41.68000030517578,40.93000030517578,41.119998931884766,21.824865341186523,1783700
2006-04-04,41.0099983215332,41.66999816894531,40.84000015258789,41.630001068115234,22.095556259155273,1654400
2006-04-05,41.4900016784668,42.22999954223633,41.4900016784668,41.970001220703125,22.27601432800293,1636600
2006-04-06,41.81999969482422,41.83000183105469,41.08000183105469,41.2400016784668,21.888553619384766,1408800
2006-04-07,41.22999954223633,41.45000076293945,40.2400016784668,40.29999923706055,21.389638900756836,1402900
2006-04-10,40.4900016784668,40.959999084472656,40.33000183105469,40.38999938964844,21.43741798400879,1015700
2006-04-11,40.400001525878906,40.560001373291016,39.38999938964844,39.560001373291016,20.996885299682617,1586300
2006-04-12,39.459999084472656,39.599998474121094,39.25,39.34000015258789,20.880115509033203,1077900
2006-04-13,39.0,39.20000076293945,38.720001220703125,38.849998474121094,20.620038986206055,1542000
2006-04-17,38.7599983215332,38.95000076293945,38.349998474121094,38.540000915527344,20.45550537109375,1597500
2006-04-18,38.599998474121094,40.36000061035156,38.59000015258789,40.220001220703125,21.34718894958496,3390000
2006-04-19,40.25,40.5,40.0,40.2599983215332,21.368404388427734,868400
2006-04-20,40.20000076293945,40.970001220703125,40.20000076293945,40.58000183105469,21.538265228271484,927200
2006-04-21,40.79999923706055,40.86000061035156,40.349998474121094,40.63999938964844,21.570096969604492,1111700
2006-04-24,40.45000076293945,40.95000076293945,40.02000045776367,40.79999923706055,21.655031204223633,1346600
2006-04-25,40.779998779296875,40.79999923706055,39.869998931884766,40.5,21.49579429626465,1013400
2006-04-26,40.5,40.59000015258789,39.68000030517578,39.900001525878906,21.177345275878906,1212000
2006-04-27,39.599998474121094,40.56999969482422,39.529998779296875,40.40999984741211,21.448026657104492,1474100
2006-04-28,40.369998931884766,40.540000915527344,39.75,40.40999984741211,21.448026657104492,1351400
2006-05-01,40.45000076293945,40.5,39.18000030517578,39.349998474121094,20.88542366027832,1955900
2006-05-02,39.529998779296875,39.68000030517578,38.79999923706055,39.529998779296875,20.9809513092041,3876800
2006-05-03,39.45000076293945,40.25,39.439998626708984,40.18000030517578,21.32594871520996,2316000
2006-05-04,40.400001525878906,40.470001220703125,39.66999816894531,39.83000183105469,21.14019203186035,1503100
2006-05-05,40.08000183105469,41.099998474121094,40.060001373291016,41.09000015258789,21.808942794799805,1521100
2006-05-08,40.150001525878906,40.59000015258789,39.779998779296875,40.150001525878906,21.310033798217773,2942900
2006-05-09,39.900001525878906,40.08000183105469,39.470001220703125,39.779998779296875,21.11365509033203,2472200
2006-05-10,39.65999984741211,41.0,39.599998474121094,40.95000076293945,21.73464012145996,2188100
2006-05-11,41.0,41.09000015258789,40.40999984741211,41.0,21.76117515563965,1953700
2006-05-12,40.849998474121094,41.08000183105469,40.41999816894531,40.459999084472656,21.474571228027344,1537300
2006-05-15,40.29999923706055,40.689998626708984,39.97999954223633,40.29999923706055,21.389638900756836,1635600
2006-05-16,40.47999954223633,40.650001525878906,40.11000061035156,40.27000045776367,21.373727798461914,1368100
2006-05-17,40.029998779296875,40.45000076293945,39.09000015258789,39.130001068115234,20.768646240234375,2595700
2006-05-18,39.11000061035156,39.540000915527344,38.880001068115234,39.099998474121094,20.75273323059082,1672400
2006-05-19,39.400001525878906,39.72999954223633,38.959999084472656,39.279998779296875,20.848270416259766,2296600
2006-05-22,39.099998474121094,40.0,38.9900016784668,39.7599983215332,21.103031158447266,2102600
2006-05-23,39.880001068115234,40.09000015258789,38.779998779296875,38.790000915527344,20.588205337524414,1218800
2006-05-24,38.650001525878906,39.13999938964844,38.20000076293945,38.650001525878906,20.513893127441406,1841500
2006-05-25,38.849998474121094,38.90999984741211,38.34000015258789,38.41999816894531,20.391815185546875,2302100
2006-05-26,38.650001525878906,38.79999923706055,38.349998474121094,38.70000076293945,20.54042625427246,1553300
2006-05-30,38.75,39.11000061035156,38.290000915527344,38.380001068115234,20.370586395263672,1980500
2006-05-31,38.54999923706055,39.7400016784668,38.380001068115234,39.2400016784668,20.82703399658203,2223700
2006-06-01,39.25,39.7599983215332,39.150001525878906,39.66999816894531,21.055265426635742,1204600
2006-06-02,39.790000915527344,40.560001373291016,39.31999969482422,40.310001373291016,21.394962310791016,1852300
2006-06-05,40.25,40.38999938964844,39.650001525878906,39.7599983215332,21.103031158447266,2033300
2006-06-06,39.7599983215332,39.849998474121094,39.029998779296875,39.400001525878906,20.911968231201172,1649300
2006-06-07,39.54999923706055,39.849998474121094,39.279998779296875,39.38999938964844,20.90665626525879,1319000
2006-06-08,39.40999984741211,39.849998474121094,39.099998474121094,39.630001068115234,21.034038543701172,1904900
2006-06-09,39.43000030517578,39.970001220703125,39.29999923706055,39.790000915527344,21.118961334228516,1199500
2006-06-12,39.81999969482422,39.86000061035156,38.869998931884766,39.13999938964844,20.77396583557129,2726200
2006-06-13,39.15999984741211,39.4900016784668,38.27000045776367,38.349998474121094,20.354665756225586,2313600
2006-06-14,38.349998474121094,38.630001068115234,37.900001525878906,38.31999969482422,20.338743209838867,1537600
2006-06-15,39.0,39.959999084472656,38.93000030517578,39.849998474121094,21.150808334350586,2592000
2006-06-16,39.849998474121094,40.720001220703125,39.790000915527344,40.560001373291016,21.52764320373535,2567800
2006-06-19,40.599998474121094,40.7400016784668,39.33000183105469,39.720001220703125,21.081798553466797,1831600
2006-06-20,39.72999954223633,40.02000045776367,39.119998931884766,39.310001373291016,20.864200592041016,1914800
2006-06-21,39.54999923706055,39.75,39.290000915527344,39.36000061035156,20.890729904174805,2220500
2006-06-22,39.43000030517578,39.43000030517578,38.84000015258789,39.13999938964844,20.77396583557129,1362100
2006-06-23,39.119998931884766,39.540000915527344,38.93000030517578,39.16999816894531,20.78989028930664,1063800
2006-06-26,39.15999984741211,39.68000030517578,39.15999984741211,39.459999084472656,20.94379997253418,886700
2006-06-27,39.529998779296875,40.04999923706055,39.060001373291016,39.36000061035156,20.890729904174805,2257400
2006-06-28,39.130001068115234,39.54999923706055,39.099998474121094,39.31999969482422,21.013648986816406,1911000
2006-06-29,39.31999969482422,39.59000015258789,38.79999923706055,39.029998779296875,20.858667373657227,3230100
2006-06-30,39.0099983215332,39.220001220703125,38.900001525878906,39.0,20.84263038635254,1986900
2006-07-03,39.209999084472656,39.31999969482422,38.91999816894531,38.9900016784668,20.837291717529297,609300
2006-07-05,38.619998931884766,38.91999816894531,38.31999969482422,38.36000061035156,20.500593185424805,1759100
2006-07-06,38.349998474121094,38.52000045776367,38.060001373291016,38.33000183105469,20.48456573486328,2040800
2006-07-07,38.209999084472656,39.45000076293945,38.209999084472656,39.40999984741211,21.06174087524414,2429200
2006-07-10,39.33000183105469,39.59000015258789,39.15999984741211,39.439998626708984,21.077789306640625,2117500
2006-07-11,39.439998626708984,40.34000015258789,39.439998626708984,40.2599983215332,21.516008377075195,2828000
2006-07-12,40.380001068115234,40.380001068115234,39.13999938964844,39.2599983215332,20.981576919555664,1798000
2006-07-13,39.25,39.70000076293945,38.849998474121094,38.959999084472656,20.821247100830078,1838100
2006-07-14,38.900001525878906,39.22999954223633,38.599998474121094,38.880001068115234,20.77850341796875,1637400
2006-07-17,38.86000061035156,39.220001220703125,38.849998474121094,38.970001220703125,20.82660484313965,1210700
2006-07-18,39.150001525878906,39.709999084472656,38.900001525878906,39.310001373291016,21.008310317993164,2125700
2006-07-19,39.560001373291016,39.84000015258789,39.2599983215332,39.56999969482422,21.147245407104492,1756000
2006-07-20,39.56999969482422,40.45000076293945,39.45000076293945,40.20000076293945,21.48393440246582,1455400
2006-07-21,40.61000061035156,40.61000061035156,39.91999816894531,40.52000045776367,21.654956817626953,2609800
2006-07-24,40.58000183105469,41.43000030517578,40.52000045776367,41.369998931884766,22.10921287536621,2778100
2006-07-25,41.439998626708984,41.58000183105469,41.04999923706055,41.25,22.045089721679688,2572100
2006-07-26,41.0,41.5,40.86000061035156,41.34000015258789,22.093183517456055,2533000
2006-07-27,41.59000015258789,42.099998474121094,41.38999938964844,41.45000076293945,22.1519775390625,2329300
2006-07-28,41.75,42.400001525878906,41.5099983215332,41.61000061035156,22.23748207092285,1823000
2006-07-31,41.560001373291016,41.70000076293945,41.220001220703125,41.380001068115234,22.114572525024414,1242200
2006-08-01,41.20000076293945,42.16999816894531,40.959999084472656,42.11000061035156,22.50469970703125,1567400
2006-08-02,42.18000030517578,42.54999923706055,41.900001525878906,42.52000045776367,22.723804473876953,1883600
2006-08-03,42.5,42.93000030517578,41.779998779296875,42.09000015258789,22.49401092529297,1939900
2006-08-04,42.400001525878906,42.75,42.22999954223633,42.59000015258789,22.761220932006836,1686900
2006-08-07,42.45000076293945,42.68000030517578,41.529998779296875,41.650001525878906,22.258861541748047,1508000
2006-08-08,41.02000045776367,42.189998626708984,41.0,41.77000045776367,22.322994232177734,2539700
2006-08-09,42.47999954223633,42.93000030517578,42.369998931884766,42.599998474121094,22.766569137573242,2776200
2006-08-10,42.45000076293945,42.689998626708984,42.040000915527344,42.470001220703125,22.697097778320312,2095400
2006-08-11,42.5,42.689998626708984,42.06999969482422,42.18000030517578,22.542110443115234,1238500
2006-08-14,42.52000045776367,42.77000045776367,42.189998626708984,42.31999969482422,22.616926193237305,1458100
2006-08-15,42.779998779296875,42.79999923706055,42.349998474121094,42.529998779296875,22.729158401489258,1151900
2006-08-16,42.529998779296875,42.79999923706055,41.63999938964844,41.779998779296875,22.328344345092773,2004100
2006-08-17,41.7599983215332,41.90999984741211,41.290000915527344,41.52000045776367,22.18938446044922,1341400
2006-08-18,41.52000045776367,42.25,41.52000045776367,42.06999969482422,22.483325958251953,893800
2006-08-21,42.130001068115234,42.560001373291016,41.959999084472656,41.9900016784668,22.440561294555664,585100
2006-08-22,41.959999084472656,42.5099983215332,41.91999816894531,42.41999816894531,22.670377731323242,1190500
2006-08-23,42.560001373291016,42.650001525878906,41.779998779296875,42.06999969482422,22.483325958251953,1059800
2006-08-24,42.33000183105469,42.68000030517578,42.119998931884766,42.68000030517578,22.809322357177734,1353100
2006-08-25,42.56999969482422,42.88999938964844,42.459999084472656,42.880001068115234,22.916202545166016,1250400
2006-08-28,42.720001220703125,43.560001373291016,42.720001220703125,43.41999816894531,23.204792022705078,1901600
2006-08-29,43.47999954223633,43.689998626708984,43.13999938964844,43.310001373291016,23.146011352539062,1568000
2006-08-30,43.47999954223633,43.59000015258789,43.20000076293945,43.2599983215332,23.119291305541992,1309500
2006-08-31,43.34000015258789,43.790000915527344,43.15999984741211,43.63999938964844,23.32236671447754,1201700
2006-09-01,43.779998779296875,43.779998779296875,43.43000030517578,43.63999938964844,23.32236671447754,1706100
2006-09-05,43.5,43.560001373291016,42.529998779296875,42.79999923706055,22.873451232910156,1583500
2006-09-06,42.720001220703125,42.880001068115234,42.380001068115234,42.70000076293945,22.82000160217285,1155200
2006-09-07,42.65999984741211,42.79999923706055,42.18000030517578,42.540000915527344,22.7345027923584,799900
2006-09-08,42.709999084472656,42.709999084472656,42.099998474121094,42.150001525878906,22.526077270507812,1431900
2006-09-11,41.939998626708984,42.45000076293945,41.939998626708984,42.13999938964844,22.520727157592773,2055900
2006-09-12,42.06999969482422,42.08000183105469,41.58000183105469,41.619998931884766,22.242830276489258,1814200
2006-09-13,41.630001068115234,41.790000915527344,41.04999923706055,41.779998779296875,22.328344345092773,1874500
2006-09-14,41.720001220703125,41.959999084472656,41.02000045776367,41.09000015258789,21.959579467773438,1754300
2006-09-15,41.130001068115234,41.279998779296875,40.90999984741211,41.040000915527344,21.9328670501709,2496600
2006-09-18,41.0,41.36000061035156,40.75,41.06999969482422,21.948890686035156,1366800
2006-09-19,41.189998626708984,41.529998779296875,40.70000076293945,41.41999816894531,22.13593864440918,1459200
2006-09-20,41.619998931884766,41.95000076293945,41.400001525878906,41.470001220703125,22.162662506103516,2023000
2006-09-21,41.470001220703125,41.470001220703125,40.95000076293945,41.310001373291016,22.077165603637695,1186400
2006-09-22,41.34000015258789,41.59000015258789,41.0099983215332,41.20000076293945,22.01837158203125,1708500
2006-09-25,41.4900016784668,42.22999954223633,41.29999923706055,42.150001525878906,22.526077270507812,2323900
2006-09-26,42.25,42.36000061035156,42.02000045776367,42.29999923706055,22.60623550415039,2085200
2006-09-27,42.02000045776367,42.56999969482422,42.0,42.52000045776367,22.86978530883789,839200
2006-09-28,42.599998474121094,42.84000015258789,42.060001373291016,42.560001373291016,22.89130973815918,1419800
2006-09-29,42.400001525878906,42.560001373291016,41.630001068115234,41.63999938964844,22.396469116210938,1639800
2006-10-02,41.77000045776367,42.33000183105469,41.689998626708984,42.04999923706055,22.617000579833984,1748100
2006-10-03,42.20000076293945,42.59000015258789,41.70000076293945,42.45000076293945,22.83213996887207,2200500
2006-10-04,42.54999923706055,42.95000076293945,42.33000183105469,42.849998474121094,23.04728126525879,1801600
2006-10-05,42.81999969482422,42.97999954223633,42.369998931884766,42.599998474121094,22.912822723388672,1833900
2006-10-06,42.5,42.59000015258789,41.97999954223633,42.13999938964844,22.6653995513916,1556200
2006-10-09,42.22999954223633,42.400001525878906,41.880001068115234,42.119998931884766,22.654651641845703,669200
2006-10-10,42.18000030517578,42.209999084472656,41.93000030517578,42.13999938964844,22.6653995513916,2057800
2006-10-11,42.04999923706055,42.31999969482422,41.7400016784668,41.959999084472656,22.56859016418457,2200600
2006-10-12,42.18000030517578,42.61000061035156,41.939998626708984,42.54999923706055,22.885927200317383,1950000
2006-10-13,42.470001220703125,42.529998779296875,42.0,42.220001220703125,22.708436965942383,1434200
2006-10-16,42.11000061035156,42.400001525878906,42.0,42.22999954223633,22.713809967041016,1388900
2006-10-17,42.22999954223633,42.970001220703125,42.22999954223633,42.790000915527344,23.015016555786133,1465000
2006-10-18,42.95000076293945,43.04999923706055,42.68000030517578,42.970001220703125,23.111825942993164,1733700
2006-10-19,42.900001525878906,43.349998474121094,42.650001525878906,43.34000015258789,23.310840606689453,974700
2006-10-20,43.4900016784668,43.95000076293945,43.2599983215332,43.900001525878906,23.612030029296875,1827200
2006-10-23,43.79999923706055,44.189998626708984,43.599998474121094,44.18000030517578,23.762643814086914,2025500
2006-10-24,44.22999954223633,44.36000061035156,43.70000076293945,44.029998779296875,23.681957244873047,1313700
2006-10-25,44.20000076293945,44.939998626708984,43.97999954223633,44.63999938964844,24.010059356689453,1279900
2006-10-26,44.81999969482422,44.81999969482422,44.209999084472656,44.52000045776367,23.945520401000977,1302700
2006-10-27,44.63999938964844,44.66999816894531,44.0,44.119998931884766,23.73036003112793,808500
2006-10-30,44.38999938964844,44.529998779296875,44.13999938964844,44.29999923706055,23.82716941833496,696700
2006-10-31,44.5,44.560001373291016,44.18000030517578,44.439998626708984,23.90247917175293,1236100
2006-11-01,44.70000076293945,45.040000915527344,44.529998779296875,44.93000030517578,24.166038513183594,1801500
2006-11-02,44.86000061035156,45.25,44.40999984741211,44.939998626708984,24.17140769958496,1766900
2006-11-03,44.849998474121094,45.0099983215332,43.95000076293945,44.31999969482422,23.837942123413086,1966800
2006-11-06,44.470001220703125,45.0099983215332,44.290000915527344,44.63999938964844,24.010059356689453,1621300
2006-11-07,44.540000915527344,45.04999923706055,44.52000045776367,44.9900016784668,24.198299407958984,1610300
2006-11-08,44.810001373291016,45.66999816894531,44.810001373291016,45.349998474121094,24.39193344116211,2237900
2006-11-09,45.5,45.70000076293945,44.900001525878906,45.040000915527344,24.225208282470703,1499200
2006-11-10,45.11000061035156,45.54999923706055,45.11000061035156,45.34000015258789,24.386560440063477,1059000
2006-11-13,45.16999816894531,45.529998779296875,45.150001525878906,45.439998626708984,24.440338134765625,815600
2006-11-14,45.5,45.56999969482422,44.900001525878906,45.22999954223633,24.327394485473633,1279900
2006-11-15,45.9900016784668,46.0,45.689998626708984,45.86000061035156,24.666244506835938,2363800
2006-11-16,45.9900016784668,46.75,45.869998931884766,46.5099983215332,25.015844345092773,2602800
2006-11-17,46.560001373291016,46.7599983215332,46.130001068115234,46.70000076293945,25.118040084838867,2182000
2006-11-20,46.849998474121094,46.869998931884766,46.16999816894531,46.33000183105469,24.919029235839844,1391100
2006-11-21,46.439998626708984,46.45000076293945,45.84000015258789,46.130001068115234,24.811473846435547,1380200
2006-11-22,46.130001068115234,46.36000061035156,45.79999923706055,46.04999923706055,24.76844024658203,1114100
2006-11-24,45.97999954223633,46.08000183105469,45.84000015258789,46.04999923706055,24.76844024658203,360900
2006-11-27,45.83000183105469,45.959999084472656,45.15999984741211,45.20000076293945,24.31125259399414,1491800
2006-11-28,45.189998626708984,45.630001068115234,45.08000183105469,45.18000030517578,24.300493240356445,1391400
2006-11-29,45.29999923706055,46.0,45.2599983215332,45.7400016784668,24.601699829101562,1710900
2006-11-30,45.880001068115234,46.2400016784668,45.66999816894531,45.97999954223633,24.730791091918945,1516000
2006-12-01,46.20000076293945,46.40999984741211,45.900001525878906,46.20000076293945,24.849119186401367,1120300
2006-12-04,46.43000030517578,46.689998626708984,46.34000015258789,46.68000030517578,25.107290267944336,945500
2006-12-05,46.61000061035156,46.95000076293945,46.54999923706055,46.810001373291016,25.177209854125977,1352300
2006-12-06,46.900001525878906,47.150001525878906,46.779998779296875,46.849998474121094,25.19871711730957,1470800
2006-12-07,47.0,47.11000061035156,46.5,46.689998626708984,25.112668991088867,1170700
2006-12-08,46.7400016784668,46.869998931884766,46.400001525878906,46.869998931884766,25.209482192993164,1047200
2006-12-11,46.810001373291016,47.029998779296875,46.77000045776367,46.95000076293945,25.25251007080078,964600
2006-12-12,46.849998474121094,46.869998931884766,45.52000045776367,46.279998779296875,24.892135620117188,3175600
2006-12-13,46.400001525878906,46.58000183105469,46.16999816894531,46.2599983215332,24.88138198852539,1581400
2006-12-14,45.56999969482422,45.77000045776367,45.130001068115234,45.25,24.3381404876709,2901900
2006-12-15,45.189998626708984,45.470001220703125,44.900001525878906,44.97999954223633,24.192922592163086,2054100
2006-12-18,45.0,45.290000915527344,44.790000915527344,45.099998474121094,24.257469177246094,1410700
2006-12-19,45.11000061035156,45.93000030517578,44.900001525878906,45.72999954223633,24.596311569213867,1417800
2006-12-20,45.79999923706055,46.0,45.630001068115234,45.79999923706055,24.63395881652832,903200
2006-12-21,45.79999923706055,46.040000915527344,45.58000183105469,45.869998931884766,24.671619415283203,926000
2006-12-22,45.790000915527344,45.93000030517578,45.5099983215332,45.540000915527344,24.494121551513672,584800
2006-12-26,45.540000915527344,46.150001525878906,45.5,46.099998474121094,24.79532814025879,604100
2006-12-27,46.060001373291016,46.130001068115234,45.630001068115234,45.810001373291016,24.795330047607422,1054300
2006-12-28,45.68000030517578,46.029998779296875,45.630001068115234,45.86000061035156,24.82239532470703,628700
2006-12-29,45.65999984741211,45.900001525878906,45.31999969482422,45.47999954223633,24.616718292236328,702100
2007-01-03,46.16999816894531,46.279998779296875,45.16999816894531,45.459999084472656,24.60589599609375,2796100
2007-01-04,45.2599983215332,45.34000015258789,44.90999984741211,44.91999816894531,24.3135929107666,3051300
2007-01-05,44.95000076293945,44.97999954223633,43.75,43.97999954223633,23.804819107055664,2316300
2007-01-08,43.9900016784668,44.25,43.5099983215332,43.7400016784668,23.674917221069336,1907700
2007-01-09,43.849998474121094,43.93000030517578,43.470001220703125,43.65999984741211,23.631610870361328,1517200
2007-01-10,43.58000183105469,43.81999969482422,43.439998626708984,43.58000183105469,23.58831024169922,1439500
2007-01-11,43.70000076293945,43.86000061035156,42.939998626708984,43.099998474121094,23.328502655029297,5213500
2007-01-12,43.189998626708984,43.439998626708984,42.77000045776367,42.95000076293945,23.247312545776367,3172700
2007-01-16,43.0,43.349998474121094,42.810001373291016,42.939998626708984,23.241897583007812,1886800
2007-01-17,42.97999954223633,43.119998931884766,42.7599983215332,42.95000076293945,23.247312545776367,1838700
2007-01-18,42.95000076293945,43.310001373291016,42.81999969482422,43.27000045776367,23.420520782470703,3260000
2007-01-19,43.34000015258789,43.59000015258789,43.099998474121094,43.54999923706055,23.572071075439453,1627300
2007-01-22,43.459999084472656,43.779998779296875,43.279998779296875,43.66999816894531,23.637020111083984,1616500
2007-01-23,43.560001373291016,44.439998626708984,43.560001373291016,44.16999816894531,23.907649993896484,2593100
2007-01-24,43.91999816894531,44.209999084472656,43.2599983215332,44.20000076293945,23.923887252807617,2281100
2007-01-25,44.380001068115234,44.790000915527344,44.209999084472656,44.310001373291016,23.983442306518555,2431000
2007-01-26,44.22999954223633,44.61000061035156,43.84000015258789,44.560001373291016,24.118749618530273,2221500
2007-01-29,44.709999084472656,44.86000061035156,44.47999954223633,44.65999984741211,24.172876358032227,2150900
2007-01-30,44.619998931884766,45.459999084472656,44.619998931884766,45.33000183105469,24.535526275634766,2429700
2007-01-31,45.33000183105469,45.459999084472656,44.880001068115234,44.97999954223633,24.346078872680664,1770600
2007-02-01,45.0,45.439998626708984,45.0,45.33000183105469,24.535526275634766,1407200
2007-02-02,45.33000183105469,45.56999969482422,45.27000045776367,45.43000030517578,24.589651107788086,1172500
2007-02-05,45.380001068115234,45.95000076293945,45.16999816894531,45.790000915527344,24.784502029418945,1320600
2007-02-06,45.959999084472656,46.279998779296875,45.79999923706055,46.08000183105469,24.94147300720215,1382100
2007-02-07,46.45000076293945,46.5,45.83000183105469,45.97999954223633,24.887346267700195,1078900
2007-02-08,45.869998931884766,46.470001220703125,45.08000183105469,45.959999084472656,24.876516342163086,1235100
2007-02-09,46.08000183105469,46.68000030517578,45.810001373291016,46.15999984741211,24.984773635864258,1611000
2007-02-12,46.36000061035156,46.54999923706055,46.11000061035156,46.209999084472656,25.011831283569336,988800
2007-02-13,46.209999084472656,46.41999816894531,45.849998474121094,46.36000061035156,25.093015670776367,1510000
2007-02-14,46.36000061035156,46.90999984741211,46.36000061035156,46.75,25.304119110107422,1501200
2007-02-15,46.66999816894531,46.84000015258789,46.189998626708984,46.45000076293945,25.14174461364746,1160000
2007-02-16,46.27000045776367,46.61000061035156,46.27000045776367,46.47999954223633,25.15797233581543,1012900
2007-02-20,46.47999954223633,46.77000045776367,46.33000183105469,46.70000076293945,25.277053833007812,942100
2007-02-21,46.45000076293945,46.70000076293945,46.09000015258789,46.22999954223633,25.022666931152344,1576600
2007-02-22,46.369998931884766,46.470001220703125,45.970001220703125,46.150001525878906,24.979366302490234,1236800
2007-02-23,46.189998626708984,47.099998474121094,45.93000030517578,46.970001220703125,25.423198699951172,2081200
2007-02-26,48.0,51.0,47.540000915527344,48.060001373291016,26.0131778717041,5453400
2007-02-27,47.59000015258789,48.18000030517578,46.189998626708984,46.83000183105469,25.34743309020996,2775300
2007-02-28,47.5,48.279998779296875,46.439998626708984,47.0,25.439441680908203,3156000
2007-03-01,46.20000076293945,48.099998474121094,46.20000076293945,47.58000183105469,25.753368377685547,2543700
2007-03-02,47.560001373291016,48.09000015258789,46.880001068115234,47.310001373291016,25.60721778869629,2612500
2007-03-05,47.220001220703125,47.95000076293945,46.97999954223633,47.40999984741211,25.661348342895508,2930000
2007-03-06,47.72999954223633,48.66999816894531,47.599998474121094,48.369998931884766,26.18096351623535,3122700
2007-03-07,48.29999923706055,48.59000015258789,47.97999954223633,48.349998474121094,26.170135498046875,2274700
2007-03-08,48.5,48.91999816894531,48.38999938964844,48.619998931884766,26.3162784576416,2141600
2007-03-09,48.86000061035156,49.08000183105469,48.560001373291016,48.939998626708984,26.4894962310791,1644300
2007-03-12,48.220001220703125,49.15999984741211,48.220001220703125,49.0099983215332,26.527366638183594,1928200
2007-03-13,48.90999984741211,48.9900016784668,47.709999084472656,47.720001220703125,25.82913589477539,2540600
2007-03-14,47.95000076293945,48.47999954223633,47.54999923706055,48.36000061035156,26.175559997558594,2524400
2007-03-15,48.400001525878906,48.86000061035156,48.060001373291016,48.77000045776367,26.397478103637695,1990400
2007-03-16,48.790000915527344,49.0,48.369998931884766,48.380001068115234,26.186386108398438,2045800
2007-03-19,48.75,49.040000915527344,48.5099983215332,48.970001220703125,26.505725860595703,1627300
2007-03-20,48.91999816894531,49.720001220703125,48.61000061035156,49.630001068115234,26.86296272277832,1734400
2007-03-21,49.5099983215332,50.369998931884766,49.20000076293945,50.0,27.063228607177734,4334500
2007-03-22,50.54999923706055,50.54999923706055,49.650001525878906,50.290000915527344,27.22020721435547,2799300
2007-03-23,50.11000061035156,50.380001068115234,49.849998474121094,50.2400016784668,27.19313621520996,2794400
2007-03-26,50.290000915527344,50.83000183105469,49.810001373291016,50.779998779296875,27.48541259765625,2504800
2007-03-27,50.5,50.599998474121094,49.7400016784668,50.119998931884766,27.128170013427734,2917000
2007-03-28,49.7400016784668,50.08000183105469,49.349998474121094,49.47999954223633,26.93762969970703,1679700
2007-03-29,49.77000045776367,49.77000045776367,49.16999816894531,49.52000045776367,26.959400177001953,2099400
2007-03-30,49.529998779296875,49.72999954223633,48.66999816894531,49.130001068115234,26.747085571289062,2558000
2007-04-02,49.29999923706055,51.0,49.130001068115234,50.93000030517578,27.727035522460938,3635900
2007-04-03,50.97999954223633,51.130001068115234,50.650001525878906,50.91999816894531,27.721595764160156,2401300
2007-04-04,51.02000045776367,51.310001373291016,50.900001525878906,51.11000061035156,27.825027465820312,1690700
2007-04-05,51.20000076293945,51.220001220703125,50.849998474121094,51.130001068115234,27.83591079711914,1596100
2007-04-09,51.04999923706055,51.970001220703125,51.04999923706055,51.619998931884766,28.10268211364746,1815000
2007-04-10,51.70000076293945,51.90999984741211,51.310001373291016,51.58000183105469,28.08090591430664,1570600
2007-04-11,51.470001220703125,51.84000015258789,51.22999954223633,51.43000030517578,27.999244689941406,2115000
2007-04-12,51.25,51.599998474121094,50.90999984741211,51.290000915527344,27.923023223876953,1421500
2007-04-13,51.189998626708984,51.2599983215332,50.75,51.029998779296875,27.781478881835938,1181500
2007-04-16,51.40999984741211,51.93000030517578,51.099998474121094,51.93000030517578,28.271446228027344,1498500
2007-04-17,52.0,52.189998626708984,51.56999969482422,51.75,28.17345428466797,1371000
2007-04-18,51.61000061035156,52.04999923706055,51.529998779296875,51.90999984741211,28.260568618774414,1060300
2007-04-19,51.83000183105469,51.849998474121094,51.47999954223633,51.59000015258789,28.086362838745117,1055200
2007-04-20,52.0,52.4900016784668,51.63999938964844,52.150001525878906,28.39121437072754,1702000
2007-04-23,52.15999984741211,52.970001220703125,52.119998931884766,52.7400016784668,28.71242332458496,1030500
2007-04-24,52.63999938964844,52.869998931884766,52.36000061035156,52.720001220703125,28.701534271240234,1341900
2007-04-25,52.9900016784668,54.13999938964844,52.849998474121094,54.029998779296875,29.41472053527832,2079700
2007-04-26,53.81999969482422,54.27000045776367,53.560001373291016,53.56999969482422,29.164295196533203,1878200
2007-04-27,53.400001525878906,53.439998626708984,52.77000045776367,52.84000015258789,28.766870498657227,1305600
2007-04-30,52.84000015258789,53.099998474121094,52.34000015258789,52.349998474121094,28.500104904174805,1458500
2007-05-01,52.599998474121094,53.529998779296875,52.34000015258789,53.43000030517578,29.088083267211914,1199800
2007-05-02,53.439998626708984,53.939998626708984,53.400001525878906,53.75,29.262279510498047,815900
2007-05-03,53.9900016784668,54.099998474121094,53.560001373291016,53.83000183105469,29.30583953857422,815600
2007-05-04,54.04999923706055,54.099998474121094,53.61000061035156,53.939998626708984,29.365726470947266,1071200
2007-05-07,54.099998474121094,54.5,53.970001220703125,54.349998474121094,29.588939666748047,754900
2007-05-08,54.400001525878906,55.02000045776367,53.970001220703125,55.02000045776367,29.95370101928711,1628300
2007-05-09,56.0,56.849998474121094,55.150001525878906,56.11000061035156,30.547094345092773,3093500
2007-05-10,56.029998779296875,56.400001525878906,55.40999984741211,55.5,30.215003967285156,1693200
2007-05-11,55.75,56.72999954223633,55.599998474121094,56.70000076293945,30.86829948425293,2219400
2007-05-14,56.560001373291016,58.060001373291016,56.540000915527344,57.619998931884766,31.36917495727539,3192200
2007-05-15,57.619998931884766,58.58000183105469,57.560001373291016,57.86000061035156,31.499820709228516,2508600
2007-05-16,58.0,58.709999084472656,57.86000061035156,58.63999938964844,31.924476623535156,1595700
2007-05-17,58.41999816894531,58.86000061035156,57.849998474121094,58.40999984741211,31.79924964904785,1812800
2007-05-18,58.4900016784668,58.93000030517578,58.290000915527344,58.86000061035156,32.044246673583984,1763800
2007-05-21,58.5,59.470001220703125,58.29999923706055,59.41999816894531,32.34910202026367,2355900
2007-05-22,59.18000030517578,60.2400016784668,59.150001525878906,59.7599983215332,32.53422164916992,2564000
2007-05-23,60.08000183105469,60.2599983215332,58.560001373291016,59.06999969482422,32.158573150634766,2657400
2007-05-24,59.15999984741211,59.47999954223633,57.189998626708984,57.2599983215332,31.173175811767578,2853800
2007-05-25,57.2599983215332,57.59000015258789,56.150001525878906,56.7599983215332,30.900972366333008,2735500
2007-05-29,57.0,58.15999984741211,56.970001220703125,57.47999954223633,31.2929630279541,1800300
2007-05-30,57.400001525878906,58.2400016784668,57.0,58.130001068115234,31.646814346313477,1567600
2007-05-31,58.47999954223633,58.540000915527344,58.029998779296875,58.27000045776367,31.723039627075195,1943200
2007-06-01,58.11000061035156,58.5,57.66999816894531,58.2400016784668,31.706710815429688,1724700
2007-06-04,57.79999923706055,58.75,57.45000076293945,58.56999969482422,31.88637351989746,1792400
2007-06-05,58.400001525878906,58.56999969482422,57.189998626708984,57.52000045776367,31.314722061157227,1846400
2007-06-06,57.47999954223633,57.4900016784668,56.4900016784668,56.86000061035156,30.95542335510254,2361400
2007-06-07,57.060001373291016,57.060001373291016,53.849998474121094,54.25,29.534488677978516,4186600
2007-06-08,54.279998779296875,54.88999938964844,53.63999938964844,54.7599983215332,29.81214141845703,2782900
2007-06-11,54.59000015258789,55.279998779296875,54.560001373291016,54.75,29.806697845458984,2678100
2007-06-12,54.459999084472656,54.75,54.029998779296875,54.11000061035156,29.458261489868164,2646400
2007-06-13,54.54999923706055,54.93000030517578,54.2599983215332,54.81999969482422,29.844804763793945,2564200
2007-06-14,54.77000045776367,55.59000015258789,54.06999969482422,54.900001525878906,29.888368606567383,2166300
2007-06-15,55.56999969482422,56.599998474121094,55.45000076293945,56.22999954223633,30.61243438720703,2828300
2007-06-18,56.54999923706055,56.54999923706055,55.47999954223633,55.720001220703125,30.33477210998535,1477300
2007-06-19,55.72999954223633,55.90999984741211,55.2599983215332,55.58000183105469,30.258567810058594,2097300
2007-06-20,55.79999923706055,56.02000045776367,54.20000076293945,54.209999084472656,29.512714385986328,1518300
2007-06-21,54.310001373291016,55.08000183105469,53.95000076293945,54.709999084472656,29.78492546081543,1664700
2007-06-22,54.5,54.65999984741211,53.5099983215332,53.619998931884766,29.191505432128906,2143800
2007-06-25,53.619998931884766,54.34000015258789,53.54999923706055,53.83000183105469,29.30583953857422,1801300
2007-06-26,54.90999984741211,55.72999954223633,54.63999938964844,54.70000076293945,29.77947998046875,3479300
2007-06-27,54.099998474121094,55.689998626708984,54.060001373291016,55.65999984741211,30.463613510131836,1969400
2007-06-28,55.709999084472656,56.2599983215332,55.5,55.83000183105469,30.556673049926758,2245100
2007-06-29,56.0099983215332,56.70000076293945,55.47999954223633,56.119998931884766,30.715389251708984,1967500
2007-07-02,56.369998931884766,57.38999938964844,56.369998931884766,57.38999938964844,31.41047477722168,1205500
2007-07-03,57.439998626708984,57.75,56.43000030517578,57.06999969482422,31.235336303710938,842200
2007-07-05,56.880001068115234,57.470001220703125,55.810001373291016,56.56999969482422,30.96168327331543,1401500
2007-07-06,56.560001373291016,56.61000061035156,55.43000030517578,56.5,30.923364639282227,1396900
2007-07-09,56.720001220703125,56.90999984741211,55.88999938964844,56.13999938964844,30.72633171081543,2095500
2007-07-10,55.630001068115234,56.400001525878906,55.380001068115234,55.650001525878906,30.458152770996094,2206700
2007-07-11,55.4900016784668,55.95000076293945,55.34000015258789,55.869998931884766,30.578556060791016,1373500
2007-07-12,56.0,56.90999984741211,55.869998931884766,56.90999984741211,31.14777183532715,1681500
2007-07-13,57.119998931884766,58.81999969482422,56.88999938964844,58.209999084472656,31.859281539916992,2253600
2007-07-16,58.0,58.54999923706055,57.560001373291016,57.619998931884766,31.536367416381836,1610100
2007-07-17,57.939998626708984,58.65999984741211,57.45000076293945,57.470001220703125,31.454273223876953,1606900
2007-07-18,57.439998626708984,58.310001373291016,57.34000015258789,58.130001068115234,31.815500259399414,1743300
2007-07-19,58.97999954223633,59.36000061035156,57.90999984741211,59.15999984741211,32.37923812866211,1879500
2007-07-20,59.20000076293945,59.279998779296875,57.7400016784668,57.869998931884766,31.673192977905273,1765000
2007-07-23,58.47999954223633,59.56999969482422,58.279998779296875,59.25,32.42848205566406,1740200
2007-07-24,59.16999816894531,59.29999923706055,56.150001525878906,56.29999923706055,30.81389808654785,2229700
2007-07-25,56.880001068115234,57.369998931884766,55.75,56.61000061035156,30.98358154296875,2554400
2007-07-26,55.75,56.150001525878906,53.720001220703125,54.31999969482422,29.730220794677734,3956200
2007-07-27,54.18000030517578,54.560001373291016,52.66999816894531,52.70000076293945,28.84355926513672,3318900
2007-07-30,52.70000076293945,53.02000045776367,51.790000915527344,52.70000076293945,28.84355926513672,3589400
2007-07-31,53.560001373291016,54.31999969482422,52.88999938964844,52.88999938964844,28.947568893432617,3566600
2007-08-01,52.88999938964844,55.209999084472656,52.5099983215332,54.95000076293945,30.075021743774414,2971300
2007-08-02,55.11000061035156,56.13999938964844,54.900001525878906,55.86000061035156,30.573091506958008,2659600
2007-08-03,54.9900016784668,56.709999084472656,53.439998626708984,53.45000076293945,29.254060745239258,3770200
2007-08-06,53.869998931884766,56.130001068115234,53.029998779296875,56.09000015258789,30.698970794677734,2453800
2007-08-07,55.45000076293945,56.83000183105469,55.060001373291016,56.29999923706055,30.81389808654785,3468400
2007-08-08,56.380001068115234,57.18000030517578,55.470001220703125,56.29999923706055,30.81389808654785,3885300
2007-08-09,55.79999923706055,56.97999954223633,52.279998779296875,52.7599983215332,28.876407623291016,3342600
2007-08-10,52.900001525878906,54.34000015258789,51.18000030517578,53.13999938964844,29.084383010864258,3357600
2007-08-13,53.63999938964844,56.130001068115234,53.5,54.880001068115234,30.03672218322754,2584400
2007-08-14,55.0,55.20000076293945,52.779998779296875,52.90999984741211,28.958511352539062,2364400
2007-08-15,53.04999923706055,54.439998626708984,52.470001220703125,52.720001220703125,28.854509353637695,2733300
2007-08-16,52.45000076293945,52.72999954223633,50.63999938964844,52.189998626708984,28.564434051513672,4363700
2007-08-17,52.20000076293945,54.119998931884766,52.20000076293945,53.33000183105469,29.18838119506836,3372100
2007-08-20,53.33000183105469,53.41999816894531,52.0099983215332,52.97999954223633,28.9968204498291,2083600
2007-08-21,52.540000915527344,54.0099983215332,52.34000015258789,53.599998474121094,29.336156845092773,1428900
2007-08-22,54.0,54.56999969482422,53.439998626708984,54.369998931884766,29.757591247558594,1595900
2007-08-23,54.540000915527344,54.880001068115234,53.90999984741211,54.36000061035156,29.75210952758789,1170300
2007-08-24,54.27000045776367,54.810001373291016,53.81999969482422,54.79999923706055,29.99293327331543,930000
2007-08-27,54.560001373291016,54.56999969482422,52.619998931884766,52.619998931884766,28.79977798461914,1898900
2007-08-28,52.5099983215332,53.06999969482422,52.029998779296875,52.119998931884766,28.526123046875,1779600
2007-08-29,52.15999984741211,54.0099983215332,52.15999984741211,53.97999954223633,29.544137954711914,1356500
2007-08-30,53.34000015258789,54.0,52.529998779296875,52.720001220703125,28.854509353637695,1601500
2007-08-31,53.22999954223633,53.5,52.290000915527344,52.709999084472656,28.84905433654785,2570500
2007-09-04,52.939998626708984,54.84000015258789,52.709999084472656,54.630001068115234,29.899887084960938,1936600
2007-09-05,53.970001220703125,54.25,53.029998779296875,53.36000061035156,29.20480728149414,1582300
2007-09-06,53.599998474121094,54.279998779296875,53.11000061035156,54.130001068115234,29.626232147216797,932800
2007-09-07,53.27000045776367,53.810001373291016,52.599998474121094,52.90999984741211,28.958511352539062,1341600
2007-09-10,53.36000061035156,53.54999923706055,52.349998474121094,53.209999084472656,29.122697830200195,1295100
2007-09-11,53.529998779296875,54.38999938964844,52.880001068115234,54.15999984741211,29.64265251159668,1817300
2007-09-12,53.91999816894531,54.72999954223633,53.4900016784668,54.16999816894531,29.64812469482422,1272000
2007-09-13,54.34000015258789,55.099998474121094,54.33000183105469,54.84000015258789,30.014827728271484,1287500
2007-09-14,54.650001525878906,55.790000915527344,54.540000915527344,55.33000183105469,30.28301239013672,1777600
2007-09-17,55.22999954223633,55.61000061035156,54.72999954223633,55.11000061035156,30.16260528564453,1031400
2007-09-18,55.45000076293945,56.81999969482422,55.25,56.5,30.923364639282227,1567100
2007-09-19,56.5,58.02000045776367,56.5,57.83000183105469,31.65129852294922,1904900
2007-09-20,57.68000030517578,57.86000061035156,56.689998626708984,56.75,31.060197830200195,1322500
2007-09-21,57.47999954223633,58.0,56.75,57.2400016784668,31.328386306762695,1647000
2007-09-24,57.2400016784668,57.86000061035156,56.97999954223633,57.36000061035156,31.39406967163086,976400
2007-09-25,57.31999969482422,58.0,56.25,56.9900016784668,31.191551208496094,1192100
2007-09-26,57.369998931884766,57.5,57.029998779296875,57.310001373291016,31.527122497558594,1616200
2007-09-27,57.310001373291016,57.459999084472656,56.470001220703125,56.66999816894531,31.1750431060791,1185000
2007-09-28,56.849998474121094,56.880001068115234,55.349998474121094,55.45000076293945,30.503923416137695,2447400
2007-10-01,55.88999938964844,56.439998626708984,55.2599983215332,56.290000915527344,30.96601104736328,1803400
2007-10-02,56.45000076293945,56.7400016784668,55.84000015258789,56.06999969482422,30.8449764251709,1178200
2007-10-03,55.95000076293945,56.189998626708984,55.75,55.88999938964844,30.745956420898438,1190500
2007-10-04,56.22999954223633,56.88999938964844,55.959999084472656,56.54999923706055,31.109037399291992,976500
2007-10-05,56.63999938964844,57.09000015258789,56.349998474121094,56.630001068115234,31.15305519104004,1330600
2007-10-08,56.560001373291016,56.86000061035156,56.0099983215332,56.04999923706055,30.833982467651367,944500
2007-10-09,56.349998474121094,57.41999816894531,56.209999084472656,57.209999084472656,31.47210121154785,1459600
2007-10-10,57.0,57.15999984741211,56.29999923706055,56.7599983215332,31.22455596923828,1315900
2007-10-11,57.13999938964844,57.790000915527344,56.63999938964844,56.95000076293945,31.329090118408203,1090000
2007-10-12,57.099998474121094,57.63999938964844,56.310001373291016,56.52000045776367,31.092538833618164,1283700
2007-10-15,56.619998931884766,56.79999923706055,55.36000061035156,55.81999969482422,30.707454681396484,1077500
2007-10-16,55.5,56.09000015258789,55.5,55.88999938964844,30.745956420898438,1184700
2007-10-17,56.2400016784668,56.939998626708984,55.79999923706055,56.25,30.943994522094727,2226100
2007-10-18,56.150001525878906,56.36000061035156,55.75,55.95000076293945,30.77897071838379,1151000
2007-10-19,55.400001525878906,55.75,54.08000183105469,54.15999984741211,29.79425811767578,2918600
2007-10-22,53.79999923706055,55.09000015258789,53.58000183105469,55.040000915527344,30.278364181518555,1238300
2007-10-23,55.310001373291016,55.84000015258789,54.470001220703125,54.959999084472656,30.234352111816406,959000
2007-10-24,54.650001525878906,55.279998779296875,53.93000030517578,54.52000045776367,29.992300033569336,2444400
2007-10-25,54.720001220703125,55.34000015258789,54.54999923706055,55.15999984741211,30.3443660736084,1539700
2007-10-26,55.20000076293945,56.650001525878906,54.93000030517578,56.63999938964844,31.158550262451172,1178400
2007-10-29,56.720001220703125,57.20000076293945,56.47999954223633,56.61000061035156,31.142040252685547,1360500
2007-10-30,56.59000015258789,57.7400016784668,56.380001068115234,57.29999923706055,31.521636962890625,1027500
2007-10-31,57.40999984741211,58.310001373291016,57.119998931884766,58.150001525878906,31.989225387573242,2083800
2007-11-01,57.849998474121094,58.04999923706055,56.279998779296875,56.43000030517578,31.043025970458984,2104800
2007-11-02,56.75,57.720001220703125,56.68000030517578,57.41999816894531,31.587623596191406,1746800
2007-11-05,58.18000030517578,58.54999923706055,57.029998779296875,58.04999923706055,31.9341983795166,1506300
2007-11-06,58.5,58.5,57.38999938964844,58.08000183105469,31.950708389282227,1648800
2007-11-07,56.9900016784668,57.779998779296875,56.400001525878906,56.47999954223633,31.070528030395508,1645000
2007-11-08,56.529998779296875,58.11000061035156,56.529998779296875,57.779998779296875,31.785676956176758,2076300
2007-11-09,56.29999923706055,57.29999923706055,56.040000915527344,56.650001525878906,31.164037704467773,2225800
2007-11-12,56.2400016784668,57.099998474121094,55.560001373291016,55.75,30.668949127197266,1975900
2007-11-13,56.11000061035156,56.11000061035156,54.560001373291016,55.56999969482422,30.569921493530273,2729900
2007-11-14,56.02000045776367,56.25,54.77000045776367,55.290000915527344,30.4158935546875,2731800
2007-11-15,55.18000030517578,55.45000076293945,54.29999923706055,54.560001373291016,30.014310836791992,2708300
2007-11-16,55.040000915527344,55.11000061035156,53.75,54.599998474121094,30.03630828857422,2470300
2007-11-19,54.36000061035156,54.560001373291016,53.869998931884766,54.5099983215332,29.986793518066406,2340800
2007-11-20,54.97999954223633,56.02000045776367,54.7599983215332,55.65999984741211,30.61943244934082,2308400
2007-11-21,55.09000015258789,55.619998931884766,54.31999969482422,54.36000061035156,29.904294967651367,1543400
2007-11-23,54.59000015258789,54.790000915527344,54.040000915527344,54.529998779296875,29.997804641723633,507200
2007-11-26,54.83000183105469,55.54999923706055,54.439998626708984,54.529998779296875,29.997804641723633,1897800
2007-11-27,54.63999938964844,55.290000915527344,54.36000061035156,54.810001373291016,30.15182876586914,1363800
2007-11-28,54.810001373291016,55.54999923706055,54.61000061035156,55.54999923706055,30.558908462524414,2128000
2007-11-29,55.2599983215332,55.84000015258789,54.91999816894531,55.459999084472656,30.50940704345703,1157800
2007-11-30,56.27000045776367,56.54999923706055,55.529998779296875,55.97999954223633,30.79547882080078,1699700
2007-12-03,55.7400016784668,56.72999954223633,55.7400016784668,55.9900016784668,30.80096435546875,1482500
2007-12-04,55.540000915527344,56.459999084472656,55.25,55.900001525878906,30.75145721435547,2241200
2007-12-05,56.310001373291016,57.22999954223633,56.040000915527344,57.119998931884766,31.422607421875,2223200
2007-12-06,57.099998474121094,57.290000915527344,56.2400016784668,56.88999938964844,31.29607391357422,2076600
2007-12-07,57.47999954223633,57.7400016784668,56.47999954223633,57.400001525878906,31.57663917541504,1704000
2007-12-10,57.72999954223633,58.0,57.369998931884766,57.45000076293945,31.60414695739746,1705000
2007-12-11,57.7400016784668,57.77000045776367,55.70000076293945,55.81999969482422,30.707454681396484,1902100
2007-12-12,57.18000030517578,57.27000045776367,55.59000015258789,56.0,30.806472778320312,2980200
2007-12-13,55.959999084472656,56.2599983215332,55.56999969482422,56.0099983215332,30.811967849731445,1490300
2007-12-14,55.380001068115234,56.029998779296875,55.13999938964844,55.13999938964844,30.333375930786133,1552500
2007-12-17,55.06999969482422,55.209999084472656,54.150001525878906,54.290000915527344,29.865785598754883,2125900
2007-12-18,54.56999969482422,54.88999938964844,54.16999816894531,54.63999938964844,30.058298110961914,1534400
2007-12-19,54.27000045776367,54.95000076293945,54.27000045776367,54.5,29.981311798095703,1399300
2007-12-20,54.790000915527344,55.31999969482422,54.56999969482422,55.150001525878906,30.338876724243164,2052000
2007-12-21,56.31999969482422,56.31999969482422,55.29999923706055,55.619998931884766,30.5974178314209,2234700
2007-12-24,55.47999954223633,55.9900016784668,55.47999954223633,55.75,30.668949127197266,402400
2007-12-26,55.5099983215332,55.650001525878906,54.810001373291016,54.84000015258789,30.16834259033203,1034100
2007-12-27,54.529998779296875,54.61000061035156,53.13999938964844,53.5,29.595796585083008,2465000
2007-12-28,53.560001373291016,54.7400016784668,53.560001373291016,54.06999969482422,29.911108016967773,1780800
2007-12-31,53.86000061035156,54.369998931884766,53.20000076293945,53.369998931884766,29.523862838745117,1614000
2008-01-02,53.34000015258789,53.75,52.66999816894531,53.08000183105469,29.363445281982422,2777100
2008-01-03,53.08000183105469,54.40999984741211,53.04999923706055,53.22999954223633,29.44642448425293,2546000
2008-01-04,52.88999938964844,54.18000030517578,52.810001373291016,53.380001068115234,29.52940559387207,2394100
2008-01-07,53.599998474121094,54.31999969482422,53.599998474121094,54.16999816894531,29.966432571411133,2546200
2008-01-08,54.33000183105469,55.22999954223633,53.869998931884766,53.93000030517578,29.83365249633789,1855500
2008-01-09,53.959999084472656,55.13999938964844,53.91999816894531,54.63999938964844,30.226423263549805,2393800
2008-01-10,54.45000076293945,55.18000030517578,53.88999938964844,54.459999084472656,30.12685203552246,2562200
2008-01-11,53.97999954223633,55.189998626708984,53.790000915527344,54.61000061035156,30.2098331451416,1765000
2008-01-14,54.939998626708984,55.220001220703125,54.540000915527344,54.9900016784668,30.420047760009766,1763200
2008-01-15,54.41999816894531,55.70000076293945,54.349998474121094,54.54999923706055,30.176639556884766,2016200
2008-01-16,54.279998779296875,55.150001525878906,53.06999969482422,53.290000915527344,29.4796085357666,2758000
2008-01-17,53.290000915527344,53.43000030517578,51.720001220703125,51.720001220703125,28.611116409301758,2679700
2008-01-18,51.970001220703125,52.130001068115234,50.060001373291016,50.66999816894531,28.030250549316406,3734700
2008-01-22,48.560001373291016,50.599998474121094,48.25,49.70000076293945,27.493656158447266,4185900
2008-01-23,48.34000015258789,50.849998474121094,46.810001373291016,50.689998626708984,28.04131507873535,4692000
2008-01-24,51.08000183105469,51.08000183105469,49.58000183105469,50.209999084472656,27.775793075561523,2781700
2008-01-25,50.349998474121094,50.88999938964844,49.75,49.9900016784668,27.65408706665039,3146300
2008-01-28,50.11000061035156,51.16999816894531,49.849998474121094,50.959999084472656,28.1906681060791,3100200
2008-01-29,51.29999923706055,51.880001068115234,50.83000183105469,51.0099983215332,28.218341827392578,1648800
2008-01-30,51.29999923706055,52.099998474121094,50.560001373291016,51.130001068115234,28.284717559814453,2396500
2008-01-31,50.119998931884766,52.58000183105469,50.119998931884766,52.0,28.766008377075195,2151300
2008-02-01,52.58000183105469,53.47999954223633,52.18000030517578,53.470001220703125,29.579174041748047,2124900
2008-02-04,53.47999954223633,54.599998474121094,53.290000915527344,54.27000045776367,30.021739959716797,2087400
2008-02-05,53.900001525878906,54.20000076293945,52.189998626708984,52.7599983215332,29.186431884765625,2221300
2008-02-06,53.02000045776367,53.209999084472656,51.790000915527344,52.08000183105469,28.810253143310547,2192600
2008-02-07,51.900001525878906,52.0,51.08000183105469,51.709999084472656,28.605566024780273,2090900
2008-02-08,51.36000061035156,51.61000061035156,50.7400016784668,51.13999938964844,28.290245056152344,1955600
2008-02-11,50.779998779296875,51.709999084472656,50.779998779296875,51.47999954223633,28.478342056274414,1350200
2008-02-12,51.47999954223633,53.29999923706055,51.43000030517578,52.09000015258789,28.815792083740234,1683100
2008-02-13,52.33000183105469,52.939998626708984,52.27000045776367,52.75,29.180892944335938,1799500
2008-02-14,52.84000015258789,53.29999923706055,51.560001373291016,51.79999923706055,28.655363082885742,1275400
2008-02-15,51.779998779296875,51.939998626708984,51.209999084472656,51.84000015258789,28.6774959564209,1456200
2008-02-19,52.52000045776367,52.560001373291016,51.439998626708984,51.59000015258789,28.53919219970703,1223200
2008-02-20,51.20000076293945,51.59000015258789,50.959999084472656,51.33000183105469,28.39536476135254,1940600
2008-02-21,51.40999984741211,51.540000915527344,50.470001220703125,50.61000061035156,27.99705696105957,2037500
2008-02-22,50.70000076293945,51.5099983215332,50.36000061035156,51.369998931884766,28.41748809814453,1747400
2008-02-25,51.5099983215332,51.79999923706055,51.0,51.56999969482422,28.528133392333984,1505700
2008-02-26,51.47999954223633,52.36000061035156,50.869998931884766,52.36000061035156,28.96515655517578,1917900
2008-02-27,52.0,52.7400016784668,50.77000045776367,51.04999923706055,28.240468978881836,2276000
2008-02-28,50.0099983215332,50.54999923706055,49.83000183105469,50.400001525878906,27.880891799926758,3146400
2008-02-29,49.939998626708984,50.25,49.0,49.400001525878906,27.32770538330078,2908600
2008-03-03,49.630001068115234,50.400001525878906,49.209999084472656,49.95000076293945,27.631954193115234,2021400
2008-03-04,49.45000076293945,50.810001373291016,49.45000076293945,50.66999816894531,28.030250549316406,2126200
2008-03-05,50.900001525878906,51.27000045776367,50.119998931884766,51.15999984741211,28.30132293701172,2889400
2008-03-06,51.0099983215332,51.130001068115234,49.689998626708984,49.70000076293945,27.493656158447266,1976300
2008-03-07,49.349998474121094,49.86000061035156,49.0099983215332,49.650001525878906,27.465993881225586,2197300
2008-03-10,49.7599983215332,49.939998626708984,48.959999084472656,49.34000015258789,27.29452133178711,1801000
2008-03-11,50.349998474121094,50.650001525878906,49.650001525878906,50.560001373291016,27.969406127929688,1881200
2008-03-12,50.779998779296875,51.16999816894531,49.36000061035156,49.439998626708984,27.349838256835938,1615400
2008-03-13,48.880001068115234,49.369998931884766,48.4900016784668,49.189998626708984,27.211524963378906,2217200
2008-03-14,49.689998626708984,49.70000076293945,48.20000076293945,48.90999984741211,27.056629180908203,2182100
2008-03-17,48.0099983215332,49.36000061035156,47.970001220703125,48.959999084472656,27.084285736083984,2301200
2008-03-18,49.790000915527344,49.79999923706055,48.619998931884766,49.52000045776367,27.394081115722656,2034000
2008-03-19,49.65999984741211,50.130001068115234,48.349998474121094,48.400001525878906,26.77450942993164,3514100
2008-03-20,48.630001068115234,48.86000061035156,47.650001525878906,48.70000076293945,26.940465927124023,2149700
2008-03-24,48.810001373291016,49.15999984741211,48.06999969482422,48.150001525878906,26.63620948791504,1349700
2008-03-25,48.29999923706055,48.650001525878906,48.02000045776367,48.2400016784668,26.68599510192871,1384100
2008-03-26,48.08000183105469,49.25,48.08000183105469,49.04999923706055,27.134082794189453,3415600
2008-03-27,49.029998779296875,49.75,48.81999969482422,49.20000076293945,27.387353897094727,2384500
2008-03-28,49.540000915527344,49.90999984741211,48.810001373291016,48.9900016784668,27.270462036132812,1859200
2008-03-31,48.880001068115234,49.20000076293945,48.529998779296875,49.02000045776367,27.28717041015625,1934800
2008-04-01,49.13999938964844,51.209999084472656,49.13999938964844,51.11000061035156,28.4505615234375,2616300
2008-04-02,51.029998779296875,51.36000061035156,50.560001373291016,50.560001373291016,28.144405364990234,2131400
2008-04-03,50.36000061035156,50.84000015258789,50.18000030517578,50.290000915527344,27.994102478027344,1878100
2008-04-04,50.29999923706055,51.900001525878906,50.29999923706055,51.18000030517578,28.489521026611328,1905500
2008-04-07,51.5,51.7400016784668,50.91999816894531,51.619998931884766,28.73446273803711,1187100
2008-04-08,51.540000915527344,51.9900016784668,51.0,51.7599983215332,28.81240463256836,1199000
2008-04-09,51.88999938964844,52.040000915527344,51.0,51.279998779296875,28.545194625854492,1802000
2008-04-10,51.09000015258789,51.29999923706055,50.790000915527344,50.95000076293945,28.36149787902832,1301600
2008-04-11,50.72999954223633,51.189998626708984,50.61000061035156,50.93000030517578,28.350364685058594,1578900
2008-04-14,50.810001373291016,51.40999984741211,50.720001220703125,51.349998474121094,28.58416175842285,1231000
2008-04-15,51.560001373291016,52.0,51.400001525878906,51.810001373291016,28.84023094177246,1044600
2008-04-16,52.150001525878906,53.119998931884766,51.66999816894531,53.04999923706055,29.53047752380371,1363800
2008-04-17,52.75,53.630001068115234,52.75,52.939998626708984,29.469253540039062,1039800
2008-04-18,52.619998931884766,53.95000076293945,52.619998931884766,53.310001373291016,29.675203323364258,1454000
2008-04-21,53.099998474121094,53.2400016784668,52.5,52.959999084472656,29.480371475219727,1180900
2008-04-22,52.70000076293945,52.779998779296875,52.119998931884766,52.52000045776367,29.235435485839844,1025300
2008-04-23,52.540000915527344,53.279998779296875,52.34000015258789,53.25,29.641807556152344,1743600
2008-04-24,53.25,53.47999954223633,52.56999969482422,52.779998779296875,29.380168914794922,1474700
2008-04-25,53.029998779296875,53.27000045776367,52.58000183105469,52.900001525878906,29.446990966796875,3781300
2008-04-28,52.97999954223633,53.2599983215332,52.470001220703125,52.68000030517578,29.324504852294922,1284300
2008-04-29,52.470001220703125,52.779998779296875,52.11000061035156,52.20000076293945,29.057302474975586,1566600
2008-04-30,52.41999816894531,52.95000076293945,51.97999954223633,52.16999816894531,29.04062271118164,2358900
2008-05-01,52.369998931884766,52.68000030517578,51.720001220703125,52.61000061035156,29.285547256469727,1545900
2008-05-02,52.900001525878906,53.349998474121094,52.68000030517578,53.0,29.502626419067383,1222000
2008-05-05,52.400001525878906,52.65999984741211,52.20000076293945,52.27000045776367,29.096290588378906,825500
2008-05-06,52.0,52.09000015258789,50.7400016784668,51.90999984741211,28.89588737487793,1758400
2008-05-07,51.779998779296875,52.189998626708984,51.04999923706055,51.189998626708984,28.49509048461914,2084700
2008-05-08,50.9900016784668,51.790000915527344,50.4900016784668,51.630001068115234,28.740028381347656,1718300
2008-05-09,51.0,51.93000030517578,50.9900016784668,51.70000076293945,28.77899169921875,1129700
2008-05-12,51.72999954223633,52.650001525878906,51.63999938964844,52.58000183105469,29.268842697143555,1334300
2008-05-13,52.810001373291016,53.060001373291016,52.220001220703125,52.470001220703125,29.207624435424805,1242900
2008-05-14,52.81999969482422,53.119998931884766,52.41999816894531,52.91999816894531,29.45810317993164,1377600
2008-05-15,52.79999923706055,53.349998474121094,52.540000915527344,53.189998626708984,29.608396530151367,1228900
2008-05-16,53.16999816894531,53.18000030517578,52.63999938964844,52.97999954223633,29.49150848388672,1245900
2008-05-19,53.18000030517578,54.16999816894531,53.130001068115234,54.06999969482422,30.098268508911133,1438900
2008-05-20,53.97999954223633,53.9900016784668,52.97999954223633,53.209999084472656,29.61953353881836,2347300
2008-05-21,53.310001373291016,54.099998474121094,53.209999084472656,53.369998931884766,29.708602905273438,1411800
2008-05-22,53.27000045776367,54.0,52.91999816894531,53.29999923706055,29.669645309448242,1647000
2008-05-23,53.18000030517578,53.220001220703125,51.9900016784668,52.029998779296875,28.96268081665039,1019700
2008-05-27,51.40999984741211,52.02000045776367,51.40999984741211,51.81999969482422,28.84579086303711,1968500
2008-05-28,52.150001525878906,52.380001068115234,51.779998779296875,52.209999084472656,29.062896728515625,1310300
2008-05-29,51.849998474121094,52.65999984741211,51.75,52.38999938964844,29.16307830810547,1055700
2008-05-30,52.439998626708984,53.5,52.31999969482422,53.22999954223633,29.630666732788086,1974300
2008-06-02,53.099998474121094,53.11000061035156,52.09000015258789,52.36000061035156,29.146387100219727,1559800
2008-06-03,52.61000061035156,52.72999954223633,51.7400016784668,51.790000915527344,28.829076766967773,1414900
2008-06-04,51.79999923706055,52.599998474121094,51.540000915527344,52.529998779296875,29.24102020263672,1431500
2008-06-05,52.79999923706055,52.939998626708984,52.209999084472656,52.689998626708984,29.330080032348633,1446200
2008-06-06,52.459999084472656,52.59000015258789,51.09000015258789,51.27000045776367,28.539628982543945,3569700
2008-06-09,51.2599983215332,52.099998474121094,51.2599983215332,51.849998474121094,28.86249351501465,1337500
2008-06-10,51.65999984741211,52.70000076293945,51.119998931884766,52.58000183105469,29.268842697143555,1887000
2008-06-11,52.22999954223633,52.709999084472656,52.08000183105469,52.540000915527344,29.2465763092041,1846500
2008-06-12,52.5,53.060001373291016,52.0,52.119998931884766,29.012788772583008,2404500
2008-06-13,52.560001373291016,53.0,52.18000030517578,52.84000015258789,29.41357421875,1556700
2008-06-16,52.470001220703125,52.70000076293945,51.709999084472656,52.29999923706055,29.112979888916016,944300
2008-06-17,52.7400016784668,52.880001068115234,52.040000915527344,52.189998626708984,29.051753997802734,1621900
2008-06-18,52.0,52.220001220703125,51.349998474121094,51.58000183105469,28.712190628051758,1559400
2008-06-19,51.65999984741211,52.650001525878906,51.650001525878906,52.650001525878906,29.30780601501465,1962800
2008-06-20,52.529998779296875,52.56999969482422,51.34000015258789,51.400001525878906,28.61199378967285,1971200
2008-06-23,51.66999816894531,52.400001525878906,51.540000915527344,52.02000045776367,28.957122802734375,1123500
2008-06-24,51.970001220703125,52.06999969482422,51.15999984741211,51.25,28.52849769592285,1230000
2008-06-25,51.400001525878906,52.54999923706055,51.38999938964844,52.36000061035156,29.146387100219727,1655900
2008-06-26,51.869998931884766,51.900001525878906,50.310001373291016,50.4900016784668,28.27012062072754,1799500
2008-06-27,50.709999084472656,50.720001220703125,49.68000030517578,49.91999816894531,27.95096778869629,2076600
2008-06-30,49.88999938964844,51.630001068115234,49.77000045776367,51.380001068115234,28.7684326171875,2315100
2008-07-01,50.90999984741211,51.720001220703125,50.349998474121094,51.5099983215332,28.841218948364258,3146900
2008-07-02,51.52000045776367,51.970001220703125,51.0099983215332,51.02000045776367,28.566865921020508,1181200
2008-07-03,51.4900016784668,51.9900016784668,51.150001525878906,51.290000915527344,28.718055725097656,1576100
2008-07-07,51.40999984741211,51.880001068115234,50.529998779296875,50.93000030517578,28.516469955444336,1389800
2008-07-08,50.68000030517578,50.95000076293945,49.939998626708984,50.540000915527344,28.298112869262695,2599500
2008-07-09,50.439998626708984,52.099998474121094,50.439998626708984,51.75,28.975608825683594,2353100
2008-07-10,51.65999984741211,51.97999954223633,51.36000061035156,51.849998474121094,29.031599044799805,2372500
2008-07-11,51.540000915527344,52.349998474121094,50.79999923706055,51.7400016784668,28.970003128051758,1636700
2008-07-14,51.88999938964844,52.150001525878906,50.43000030517578,50.5099983215332,28.281309127807617,1385300
2008-07-15,50.47999954223633,51.34000015258789,50.31999969482422,51.02000045776367,28.566865921020508,2574300
2008-07-16,51.18000030517578,51.18000030517578,49.65999984741211,49.939998626708984,27.962162017822266,1999300
2008-07-17,50.189998626708984,50.189998626708984,48.70000076293945,49.279998779296875,27.592618942260742,2090400
2008-07-18,49.36000061035156,50.369998931884766,49.099998474121094,49.79999923706055,27.883766174316406,2518600
2008-07-21,49.880001068115234,49.900001525878906,49.349998474121094,49.70000076293945,27.827781677246094,2073000
2008-07-22,49.45000076293945,50.150001525878906,49.310001373291016,49.790000915527344,27.8781795501709,1729200
2008-07-23,49.95000076293945,49.95000076293945,48.380001068115234,48.560001373291016,27.189485549926758,2104700
2008-07-24,48.47999954223633,48.779998779296875,47.720001220703125,48.029998779296875,26.892723083496094,2363600
2008-07-25,48.060001373291016,48.279998779296875,47.47999954223633,47.66999816894531,26.691160202026367,1548300
2008-07-28,47.529998779296875,48.4900016784668,47.380001068115234,47.849998474121094,26.79193115234375,1316000
2008-07-29,47.91999816894531,48.38999938964844,47.869998931884766,48.31999969482422,27.055095672607422,1428400
2008-07-30,48.47999954223633,49.18000030517578,48.15999984741211,48.959999084472656,27.4134521484375,1357900
2008-07-31,48.939998626708984,49.25,48.31999969482422,48.34000015258789,27.066307067871094,1618900
2008-08-01,48.720001220703125,48.72999954223633,46.790000915527344,46.79999923706055,26.20403289794922,2062900
2008-08-04,46.849998474121094,47.63999938964844,45.9900016784668,46.060001373291016,25.789690017700195,2185300
2008-08-05,46.5099983215332,47.13999938964844,45.52000045776367,46.869998931884766,26.243213653564453,2090200
2008-08-06,46.79999923706055,47.43000030517578,46.27000045776367,46.880001068115234,26.248828887939453,2447600
2008-08-07,46.52000045776367,46.959999084472656,45.52000045776367,46.45000076293945,26.00806427001953,2808400
2008-08-08,47.45000076293945,47.47999954223633,45.72999954223633,46.68000030517578,26.1368350982666,2456700
2008-08-11,46.75,46.75,45.86000061035156,46.45000076293945,26.00806427001953,2405400
2008-08-12,46.369998931884766,46.369998931884766,44.65999984741211,44.90999984741211,25.145780563354492,2110200
2008-08-13,44.869998931884766,45.29999923706055,44.790000915527344,45.119998931884766,25.26337242126465,1815500
2008-08-14,44.81999969482422,44.970001220703125,44.2400016784668,44.7400016784668,25.050607681274414,1723700
2008-08-15,44.599998474121094,45.720001220703125,44.04999923706055,44.72999954223633,25.045001983642578,1477500
2008-08-18,44.77000045776367,45.47999954223633,44.72999954223633,45.06999969482422,25.235383987426758,1424200
2008-08-19,44.93000030517578,45.45000076293945,44.79999923706055,45.11000061035156,25.25777244567871,1577100
2008-08-20,45.11000061035156,45.7400016784668,44.79999923706055,45.61000061035156,25.5377254486084,1605000
2008-08-21,45.400001525878906,46.869998931884766,45.25,46.5099983215332,26.04165267944336,2497400
2008-08-22,46.56999969482422,46.75,46.130001068115234,46.31999969482422,25.935272216796875,1181500
2008-08-25,46.20000076293945,46.20000076293945,45.369998931884766,45.900001525878906,25.70010757446289,1486800
2008-08-26,45.970001220703125,46.5099983215332,45.68000030517578,46.2599983215332,25.901668548583984,1263100
2008-08-27,46.470001220703125,46.810001373291016,46.27000045776367,46.47999954223633,26.024858474731445,787700
2008-08-28,46.65999984741211,46.9900016784668,46.54999923706055,46.84000015258789,26.226421356201172,896600
2008-08-29,46.720001220703125,46.95000076293945,45.91999816894531,45.91999816894531,25.711301803588867,1023100
2008-09-02,46.470001220703125,46.560001373291016,45.11000061035156,45.40999984741211,25.425745010375977,2317100
2008-09-03,45.25,45.61000061035156,44.68000030517578,44.93000030517578,25.156978607177734,1879100
2008-09-04,44.70000076293945,44.9900016784668,43.650001525878906,43.65999984741211,24.445894241333008,1771400
2008-09-05,43.650001525878906,43.7400016784668,42.560001373291016,42.7599983215332,23.941974639892578,2477300
2008-09-08,43.13999938964844,44.150001525878906,43.13999938964844,44.06999969482422,24.67546272277832,2274900
2008-09-09,44.0099983215332,44.34000015258789,42.08000183105469,42.220001220703125,23.63962745666504,3598300
2008-09-10,42.20000076293945,42.52000045776367,41.540000915527344,41.77000045776367,23.38766860961914,2795400
2008-09-11,41.560001373291016,42.470001220703125,40.970001220703125,42.380001068115234,23.72920036315918,2399000
2008-09-12,42.290000915527344,42.849998474121094,42.11000061035156,42.5099983215332,23.801986694335938,2148500
2008-09-15,41.79999923706055,42.31999969482422,41.08000183105469,41.20000076293945,23.068506240844727,2147100
2008-09-16,40.790000915527344,41.29999923706055,38.70000076293945,40.66999816894531,22.771747589111328,4904700
2008-09-17,40.13999938964844,40.310001373291016,37.880001068115234,38.060001373291016,21.31036949157715,4379200
2008-09-18,38.119998931884766,40.02000045776367,37.86000061035156,40.02000045776367,22.407806396484375,4804200
2008-09-19,40.0099983215332,42.040000915527344,38.25,40.040000915527344,22.418996810913086,3570500
2008-09-22,40.029998779296875,40.349998474121094,39.33000183105469,39.63999938964844,22.195037841796875,2733900
2008-09-23,39.65999984741211,40.290000915527344,38.619998931884766,38.66999816894531,21.651918411254883,2361400
2008-09-24,38.720001220703125,38.7599983215332,38.0099983215332,38.459999084472656,21.534337997436523,1477900
2008-09-25,38.630001068115234,40.36000061035156,38.630001068115234,40.189998626708984,22.502986907958984,3266600
2008-09-26,40.130001068115234,40.209999084472656,38.95000076293945,40.09000015258789,22.618650436401367,2358800
2008-09-29,39.58000183105469,40.560001373291016,38.970001220703125,39.5099983215332,22.291412353515625,5300300
2008-09-30,40.13999938964844,40.20000076293945,38.869998931884766,39.900001525878906,22.511457443237305,3399300
2008-10-01,39.709999084472656,40.380001068115234,39.040000915527344,40.27000045776367,22.720205307006836,2303400
2008-10-02,40.0099983215332,40.400001525878906,38.79999923706055,38.9900016784668,21.998037338256836,1892800
2008-10-03,39.47999954223633,40.939998626708984,39.119998931884766,39.4900016784668,22.28013801574707,3179900
2008-10-06,38.810001373291016,39.459999084472656,36.06999969482422,37.0099983215332,20.88092613220215,3266900
2008-10-07,37.189998626708984,37.599998474121094,35.470001220703125,35.709999084472656,20.1474666595459,2868900
2008-10-08,34.0099983215332,35.79999923706055,32.29999923706055,34.18000030517578,19.28424644470215,4416700
2008-10-09,34.31999969482422,34.540000915527344,31.329999923706055,31.559999465942383,17.806053161621094,3432100
2008-10-10,30.479999542236328,31.43000030517578,26.729999542236328,30.239999771118164,17.061307907104492,6848900
2008-10-13,31.170000076293945,34.15999984741211,30.020000457763672,34.029998779296875,19.199613571166992,2925800
2008-10-14,37.40999984741211,37.40999984741211,32.25,33.720001220703125,19.02472686767578,2931000
2008-10-15,33.22999954223633,33.22999954223633,31.0,31.360000610351562,17.693214416503906,3036100
2008-10-16,31.34000015258789,33.2400016784668,29.950000762939453,32.970001220703125,18.601573944091797,4247500
2008-10-17,32.81999969482422,34.54999923706055,31.790000915527344,32.7599983215332,18.48308563232422,2769900
2008-10-20,32.97999954223633,36.18000030517578,32.540000915527344,36.119998931884766,20.378787994384766,2193000
2008-10-21,35.88999938964844,36.060001373291016,33.970001220703125,34.40999984741211,19.41400718688965,1925300
2008-10-22,33.56999969482422,33.849998474121094,31.1200008392334,32.310001373291016,18.22920036315918,2717700
2008-10-23,32.95000076293945,34.9900016784668,31.719999313354492,34.119998931884766,19.25039291381836,3923800
2008-10-24,31.81999969482422,33.22999954223633,31.290000915527344,32.38999938964844,18.274337768554688,3192600
2008-10-27,31.729999542236328,32.41999816894531,30.850000381469727,31.139999389648438,17.569089889526367,4515000
2008-10-28,32.0,35.2599983215332,31.56999969482422,35.209999084472656,19.865373611450195,4642300
2008-10-29,35.150001525878906,35.150001525878906,33.2599983215332,33.40999984741211,18.849821090698242,3065400
2008-10-30,34.459999084472656,35.709999084472656,33.810001373291016,35.47999954223633,20.0177001953125,2602700
2008-10-31,35.20000076293945,36.25,34.540000915527344,35.59000015258789,20.07977294921875,3093900
2008-11-03,35.58000183105469,36.0,34.72999954223633,35.130001068115234,19.820234298706055,2006200
2008-11-04,36.029998779296875,36.790000915527344,35.18000030517578,36.279998779296875,20.469058990478516,2439900
2008-11-05,35.470001220703125,35.689998626708984,34.86000061035156,35.099998474121094,19.803302764892578,3970500
2008-11-06,35.099998474121094,35.11000061035156,32.540000915527344,33.189998626708984,18.725692749023438,4204100
2008-11-07,33.0,35.290000915527344,32.59000015258789,35.22999954223633,19.876657485961914,2662600
2008-11-10,35.790000915527344,35.88999938964844,33.16999816894531,33.970001220703125,19.165769577026367,1849800
2008-11-11,33.41999816894531,34.189998626708984,32.72999954223633,33.86000061035156,19.10369873046875,2098200
2008-11-12,32.959999084472656,33.41999816894531,32.52000045776367,32.849998474121094,18.53386688232422,3282900
2008-11-13,33.18000030517578,35.63999938964844,32.34000015258789,35.630001068115234,20.102333068847656,3739300
2008-11-14,34.91999816894531,35.13999938964844,33.150001525878906,33.470001220703125,18.8836669921875,3092800
2008-11-17,32.810001373291016,34.54999923706055,32.68000030517578,33.2599983215332,18.765182495117188,2674700
2008-11-18,33.060001373291016,33.619998931884766,31.40999984741211,32.20000076293945,18.16713523864746,4259100
2008-11-19,32.38999938964844,33.02000045776367,31.43000030517578,31.489999771118164,17.766555786132812,4501000
2008-11-20,31.239999771118164,31.610000610351562,29.079999923706055,29.579999923706055,16.688949584960938,4536000
2008-11-21,30.229999542236328,31.59000015258789,28.549999237060547,31.56999969482422,17.811695098876953,4838000
2008-11-24,31.899999618530273,33.310001373291016,31.1299991607666,32.529998779296875,18.353322982788086,3545100
2008-11-25,33.060001373291016,33.56999969482422,32.08000183105469,33.130001068115234,18.69184112548828,3250400
2008-11-26,32.16999816894531,32.90999984741211,31.43000030517578,32.65999984741211,18.426664352416992,2950600
2008-11-28,32.560001373291016,33.45000076293945,32.40999984741211,33.400001525878906,18.84418487548828,850700
2008-12-01,32.54999923706055,32.619998931884766,30.6200008392334,30.719999313354492,17.332128524780273,2664700
2008-12-02,31.170000076293945,32.08000183105469,29.700000762939453,32.06999969482422,18.09378433227539,4371200
2008-12-03,31.469999313354492,32.650001525878906,31.100000381469727,32.560001373291016,18.37024688720703,2588400
2008-12-04,32.099998474121094,32.43000030517578,29.809999465942383,30.299999237060547,17.095165252685547,2182300
2008-12-05,30.010000228881836,31.579999923706055,29.239999771118164,31.40999984741211,17.72142791748047,3052700
2008-12-08,31.6299991607666,32.13999938964844,30.260000228881836,30.540000915527344,17.230573654174805,2995300
2008-12-09,30.309999465942383,30.959999084472656,29.860000610351562,29.989999771118164,16.920263290405273,2844900
2008-12-10,30.290000915527344,31.6200008392334,30.25,31.3700008392334,17.6988582611084,2859200
2008-12-11,30.969999313354492,32.439998626708984,30.81999969482422,31.3799991607666,17.704486846923828,2591300
2008-12-12,30.739999771118164,32.4900016784668,30.739999771118164,32.43000030517578,18.296903610229492,3364700
2008-12-15,32.43000030517578,32.70000076293945,30.809999465942383,31.299999237060547,17.659358978271484,2803100
2008-12-16,31.489999771118164,32.72999954223633,31.309999465942383,32.459999084472656,18.313827514648438,3251000
2008-12-17,32.15999984741211,32.31999969482422,31.15999984741211,31.25,17.63114356994629,2518700
2008-12-18,31.270000457763672,31.969999313354492,31.049999237060547,31.280000686645508,17.648073196411133,2277900
2008-12-19,31.56999969482422,32.119998931884766,31.139999389648438,31.190000534057617,17.59729766845703,2709000
2008-12-22,31.200000762939453,31.309999465942383,30.290000915527344,30.850000381469727,17.405473709106445,2176300
2008-12-23,31.09000015258789,31.260000228881836,30.530000686645508,30.90999984741211,17.439327239990234,1839300
2008-12-24,30.93000030517578,31.350000381469727,30.93000030517578,31.100000381469727,17.546525955200195,564500
2008-12-26,31.110000610351562,31.520000457763672,30.940000534057617,31.100000381469727,17.546525955200195,646100
2008-12-29,30.719999313354492,30.989999771118164,30.170000076293945,30.75,17.523727416992188,1518500
2008-12-30,30.760000228881836,31.479999542236328,30.760000228881836,31.479999542236328,17.93973731994629,1396700
2008-12-31,31.549999237060547,32.2599983215332,31.469999313354492,32.119998931884766,18.304460525512695,1841400
2009-01-02,32.029998779296875,33.209999084472656,31.75,33.029998779296875,18.82305145263672,2048200
2009-01-05,32.79999923706055,33.560001373291016,32.619998931884766,33.43000030517578,19.050996780395508,2602700
2009-01-06,33.61000061035156,34.16999816894531,33.04999923706055,33.400001525878906,19.03390884399414,2286900
2009-01-07,33.040000915527344,33.2599983215332,32.41999816894531,32.61000061035156,18.583698272705078,1754000
2009-01-08,32.70000076293945,32.72999954223633,32.25,32.54999923706055,18.54950523376465,3385500
2009-01-09,32.70000076293945,32.7599983215332,31.719999313354492,31.809999465942383,18.12779998779297,2396200
2009-01-12,31.889999389648438,32.13999938964844,31.760000228881836,31.93000030517578,18.196182250976562,1737900
2009-01-13,31.65999984741211,32.16999816894531,30.829999923706055,31.149999618530273,17.751676559448242,2061800
2009-01-14,31.079999923706055,31.479999542236328,30.309999465942383,31.40999984741211,17.899850845336914,3306900
2009-01-15,31.530000686645508,32.279998779296875,30.989999771118164,32.209999084472656,18.355745315551758,3622200
2009-01-16,32.459999084472656,33.369998931884766,32.459999084472656,33.22999954223633,18.937015533447266,3701000
2009-01-20,32.709999084472656,33.2599983215332,31.81999969482422,31.8799991607666,18.167688369750977,3830900
2009-01-21,32.43000030517578,32.58000183105469,31.549999237060547,32.40999984741211,18.4697265625,2468500
2009-01-22,32.04999923706055,32.7400016784668,31.56999969482422,31.90999984741211,18.184782028198242,3522400
2009-01-23,31.270000457763672,32.33000183105469,31.040000915527344,32.209999084472656,18.355745315551758,2760700
2009-01-26,32.27000045776367,33.63999938964844,32.189998626708984,33.470001220703125,19.073793411254883,2796100
2009-01-27,33.70000076293945,33.900001525878906,33.060001373291016,33.439998626708984,19.056692123413086,2818500
2009-01-28,33.88999938964844,33.900001525878906,33.310001373291016,33.7400016784668,19.227657318115234,2091300
2009-01-29,33.380001068115234,33.84000015258789,32.75,32.939998626708984,18.771764755249023,1457800
2009-01-30,32.810001373291016,33.2599983215332,32.36000061035156,32.56999969482422,18.56089973449707,2310300
2009-02-02,32.099998474121094,33.130001068115234,32.0,32.970001220703125,18.788854598999023,2351600
2009-02-03,33.08000183105469,33.15999984741211,31.899999618530273,32.560001373291016,18.555204391479492,3994300
2009-02-04,31.860000610351562,33.040000915527344,31.860000610351562,32.939998626708984,18.771764755249023,3180000
2009-02-05,32.900001525878906,32.9900016784668,32.04999923706055,32.7400016784668,18.65778160095215,3377000
2009-02-06,32.61000061035156,33.56999969482422,32.47999954223633,33.279998779296875,18.96550941467285,2793200
2009-02-09,33.2400016784668,33.47999954223633,32.810001373291016,33.040000915527344,18.82874870300293,2567000
2009-02-10,32.810001373291016,33.040000915527344,31.309999465942383,31.549999237060547,17.97962760925293,2631900
2009-02-11,31.670000076293945,32.5,31.06999969482422,31.639999389648438,18.030925750732422,3417800
2009-02-12,31.18000030517578,31.399999618530273,30.670000076293945,31.31999969482422,17.84855842590332,2589800
2009-02-13,31.149999618530273,31.75,31.049999237060547,31.200000762939453,17.78017234802246,2011300
2009-02-17,30.3799991607666,30.510000228881836,29.200000762939453,29.200000762939453,16.640417098999023,3275800
2009-02-18,29.3799991607666,29.399999618530273,28.3700008392334,28.56999969482422,16.281391143798828,4276700
2009-02-19,28.989999771118164,29.1200008392334,28.190000534057617,28.420000076293945,16.19590950012207,3747900
2009-02-20,28.010000228881836,28.350000381469727,27.190000534057617,27.770000457763672,15.825492858886719,2592600
2009-02-23,27.770000457763672,28.200000762939453,26.950000762939453,27.1200008392334,15.455076217651367,2600600
2009-02-24,27.420000076293945,27.899999618530273,27.049999237060547,27.81999969482422,15.853985786437988,3091200
2009-02-25,27.729999542236328,28.110000610351562,27.440000534057617,27.729999542236328,15.802698135375977,3763100
2009-02-26,27.770000457763672,28.450000762939453,27.3700008392334,27.459999084472656,15.648831367492676,2601300
2009-02-27,27.1200008392334,27.700000762939453,26.559999465942383,27.219999313354492,15.512059211730957,4051200
2009-03-02,26.65999984741211,27.360000610351562,25.31999969482422,25.399999618530273,14.47487735748291,6059900
2009-03-03,26.299999237060547,26.450000762939453,24.170000076293945,24.84000015258789,14.155747413635254,5945900
2009-03-04,24.65999984741211,25.229999542236328,24.40999984741211,24.799999237060547,14.132957458496094,5703900
2009-03-05,24.639999389648438,24.639999389648438,23.65999984741211,24.139999389648438,13.756840705871582,4025400
2009-03-06,24.34000015258789,24.760000228881836,23.09000015258789,23.729999542236328,13.523189544677734,6167500
2009-03-09,23.469999313354492,24.260000228881836,23.309999465942383,23.809999465942383,13.56877326965332,4530600
2009-03-10,24.299999237060547,25.170000076293945,23.979999542236328,25.049999237060547,14.275425910949707,6149200
2009-03-11,25.209999084472656,25.420000076293945,24.8700008392334,25.209999084472656,14.36660099029541,5233900
2009-03-12,25.209999084472656,26.81999969482422,25.020000457763672,26.729999542236328,15.232818603515625,7860100
2009-03-13,27.010000228881836,27.809999465942383,26.90999984741211,27.59000015258789,15.722918510437012,7256600
2009-03-16,28.780000686645508,29.670000076293945,28.520000457763672,28.770000457763672,16.395368576049805,6535600
2009-03-17,28.860000610351562,28.860000610351562,27.850000381469727,28.290000915527344,16.121829986572266,6457400
2009-03-18,28.209999084472656,28.670000076293945,27.3799991607666,28.399999618530273,16.18451499938965,7656400
2009-03-19,28.760000228881836,29.15999984741211,28.399999618530273,29.079999923706055,16.572032928466797,4295700
2009-03-20,29.209999084472656,29.559999465942383,28.34000015258789,28.530000686645508,16.25860023498535,5999900
2009-03-23,29.079999923706055,29.920000076293945,28.760000228881836,29.8700008392334,17.02223014831543,3753900
2009-03-24,29.56999969482422,29.709999084472656,28.940000534057617,29.110000610351562,16.589126586914062,2394200
2009-03-25,29.389999389648438,29.510000228881836,28.329999923706055,28.729999542236328,16.372573852539062,3411800
2009-03-26,28.989999771118164,29.549999237060547,28.559999465942383,29.489999771118164,16.805681228637695,4213200
2009-03-27,28.729999542236328,29.100000381469727,28.510000228881836,28.940000534057617,16.66745948791504,2968100
2009-03-30,28.309999465942383,28.450000762939453,27.690000534057617,28.239999771118164,16.264307022094727,5215400
2009-03-31,28.43000030517578,29.18000030517578,28.3700008392334,28.809999465942383,16.592594146728516,4361900
2009-04-01,28.489999771118164,29.270000457763672,28.420000076293945,28.899999618530273,16.644424438476562,4298400
2009-04-02,29.510000228881836,30.309999465942383,28.950000762939453,29.860000610351562,17.197317123413086,4109600
2009-04-03,29.950000762939453,30.309999465942383,29.229999542236328,29.520000457763672,17.00150489807129,3172800
2009-04-06,29.309999465942383,29.770000457763672,28.81999969482422,29.0,16.7020206451416,2591200
2009-04-07,28.510000228881836,28.969999313354492,28.309999465942383,28.510000228881836,16.4198055267334,2334300
2009-04-08,28.56999969482422,28.8799991607666,28.290000915527344,28.829999923706055,16.604101181030273,1889700
2009-04-09,29.530000686645508,29.559999465942383,28.399999618530273,28.81999969482422,16.598344802856445,2241200
2009-04-13,28.31999969482422,28.389999389648438,27.850000381469727,28.059999465942383,16.160640716552734,2343000
2009-04-14,28.0,28.020000457763672,27.549999237060547,27.649999618530273,15.924511909484863,2403100
2009-04-15,27.639999389648438,28.15999984741211,27.610000610351562,28.1299991607666,16.20095443725586,3619500
2009-04-16,28.15999984741211,28.3700008392334,27.979999542236328,28.209999084472656,16.247026443481445,3460700
2009-04-17,28.219999313354492,28.420000076293945,27.940000534057617,28.06999969482422,16.166399002075195,4475900
2009-04-20,27.690000534057617,28.100000381469727,27.65999984741211,27.809999465942383,16.01665687561035,2555100
2009-04-21,27.84000015258789,28.280000686645508,27.6200008392334,28.1200008392334,16.19519805908203,2515400
2009-04-22,28.0,28.139999389648438,27.610000610351562,27.729999542236328,15.97057819366455,2992800
2009-04-23,27.6299991607666,28.040000915527344,27.5,28.0,16.12608528137207,2242700
2009-04-24,27.969999313354492,28.420000076293945,27.8700008392334,28.15999984741211,16.218231201171875,3461300
2009-04-27,27.979999542236328,28.579999923706055,27.760000228881836,28.229999542236328,16.258544921875,2108900
2009-04-28,28.1299991607666,28.5,27.799999237060547,28.200000762939453,16.24125862121582,1757300
2009-04-29,28.229999542236328,28.809999465942383,28.229999542236328,28.639999389648438,16.49468231201172,1519100
2009-04-30,28.8799991607666,29.15999984741211,28.219999313354492,28.510000228881836,16.4198055267334,2620400
2009-05-01,28.579999923706055,29.31999969482422,28.559999465942383,29.299999237060547,16.874792098999023,2428600
2009-05-04,29.280000686645508,29.639999389648438,29.18000030517578,29.610000610351562,17.053329467773438,2837200
2009-05-05,29.43000030517578,29.920000076293945,29.290000915527344,29.68000030517578,17.093645095825195,2605300
2009-05-06,30.0,30.18000030517578,29.56999969482422,29.809999465942383,17.16851806640625,2710800
2009-05-07,30.1299991607666,30.1299991607666,29.6299991607666,29.790000915527344,17.156999588012695,2761200
2009-05-08,30.18000030517578,30.850000381469727,27.670000076293945,30.270000457763672,17.43344497680664,3342800
2009-05-11,29.950000762939453,30.239999771118164,29.65999984741211,29.850000381469727,17.19155502319336,1897800
2009-05-12,29.989999771118164,30.149999618530273,29.450000762939453,29.739999771118164,17.128206253051758,2571800
2009-05-13,29.40999984741211,29.65999984741211,29.1200008392334,29.260000228881836,16.851749420166016,2607800
2009-05-14,29.260000228881836,29.56999969482422,28.809999465942383,29.31999969482422,16.886308670043945,2352400
2009-05-15,29.139999389648438,29.149999618530273,27.709999084472656,28.360000610351562,16.333423614501953,4331600
2009-05-18,28.600000381469727,28.600000381469727,27.579999923706055,28.299999237060547,16.29886245727539,4288100
2009-05-19,28.270000457763672,29.34000015258789,28.260000228881836,29.100000381469727,16.759607315063477,4168400
2009-05-20,29.260000228881836,29.459999084472656,28.850000381469727,28.940000534057617,16.66745948791504,3372700
2009-05-21,28.559999465942383,28.959999084472656,28.520000457763672,28.65999984741211,16.506195068359375,3142700
2009-05-22,28.770000457763672,29.09000015258789,28.649999618530273,28.799999237060547,16.586824417114258,1633000
2009-05-26,28.829999923706055,29.549999237060547,28.510000228881836,29.469999313354492,16.972707748413086,2595700
2009-05-27,29.600000381469727,29.600000381469727,28.709999084472656,28.770000457763672,16.569541931152344,2074000
2009-05-28,28.950000762939453,29.559999465942383,28.739999771118164,29.139999389648438,16.78264045715332,3045300
2009-05-29,29.270000457763672,29.440000534057617,28.84000015258789,29.239999771118164,16.840238571166992,3206900
2009-06-01,29.459999084472656,30.31999969482422,29.280000686645508,30.18000030517578,17.38161277770996,4507800
2009-06-02,30.209999084472656,30.5,29.920000076293945,29.950000762939453,17.249149322509766,3600800
2009-06-03,29.989999771118164,30.06999969482422,29.06999969482422,29.31999969482422,16.886308670043945,3455500
2009-06-04,29.399999618530273,29.770000457763672,29.15999984741211,29.59000015258789,17.04181671142578,2511900
2009-06-05,29.84000015258789,30.270000457763672,29.649999618530273,29.790000915527344,17.156999588012695,3727100
2009-06-08,29.6299991607666,30.020000457763672,29.31999969482422,29.84000015258789,17.185789108276367,2358100
2009-06-09,29.8799991607666,30.059999465942383,29.530000686645508,29.790000915527344,17.156999588012695,3142000
2009-06-10,30.15999984741211,30.75,29.979999542236328,30.549999237060547,17.594711303710938,3112000
2009-06-11,30.65999984741211,32.15999984741211,30.549999237060547,31.809999465942383,18.320384979248047,5066600
2009-06-12,31.719999313354492,32.52000045776367,31.229999542236328,32.4900016784668,18.712020874023438,3656800
2009-06-15,32.189998626708984,32.189998626708984,31.360000610351562,31.670000076293945,18.239748001098633,3358500
2009-06-16,31.719999313354492,31.950000762939453,31.219999313354492,31.440000534057617,18.107282638549805,2292700
2009-06-17,31.31999969482422,31.770000457763672,31.010000228881836,31.229999542236328,17.986339569091797,2051000
2009-06-18,31.329999923706055,31.93000030517578,31.260000228881836,31.770000457763672,18.29734230041504,2707500
2009-06-19,31.950000762939453,32.22999954223633,31.420000076293945,31.649999618530273,18.228229522705078,3497100
2009-06-22,31.31999969482422,32.11000061035156,31.31999969482422,31.899999618530273,18.372217178344727,3798000
2009-06-23,31.979999542236328,31.989999771118164,31.31999969482422,31.5,18.1418399810791,2870100
2009-06-24,31.639999389648438,32.41999816894531,31.280000686645508,31.639999389648438,18.222475051879883,2339900
2009-06-25,31.030000686645508,31.920000076293945,30.969999313354492,31.739999771118164,18.28006362915039,3122700
2009-06-26,31.540000915527344,31.790000915527344,31.1200008392334,31.290000915527344,18.19864273071289,2581200
2009-06-29,31.360000610351562,31.93000030517578,31.299999237060547,31.8700008392334,18.535978317260742,2299400
2009-06-30,31.8700008392334,31.8700008392334,31.06999969482422,31.459999084472656,18.29751205444336,3003700
2009-07-01,31.68000030517578,32.06999969482422,31.510000228881836,31.860000610351562,18.53015899658203,2240100
2009-07-02,31.43000030517578,31.760000228881836,30.6200008392334,30.6200008392334,17.808961868286133,2183100
2009-07-06,30.389999389648438,31.43000030517578,30.389999389648438,31.399999618530273,18.26262092590332,2883200
2009-07-07,31.270000457763672,31.420000076293945,30.479999542236328,30.510000228881836,17.74498176574707,2896700
2009-07-08,30.3700008392334,30.8799991607666,29.790000915527344,30.15999984741211,17.541418075561523,2476600
2009-07-09,30.329999923706055,30.40999984741211,29.719999313354492,30.1299991607666,17.523967742919922,2226000
2009-07-10,30.0,30.229999542236328,29.709999084472656,30.09000015258789,17.500703811645508,1474000
2009-07-13,30.110000610351562,30.649999618530273,29.829999923706055,30.6200008392334,17.808961868286133,1960100
2009-07-14,30.719999313354492,30.729999542236328,30.290000915527344,30.639999389648438,17.820600509643555,1696300
2009-07-15,30.719999313354492,31.489999771118164,30.719999313354492,31.43000030517578,18.280061721801758,1801800
2009-07-16,31.3700008392334,31.549999237060547,30.889999389648438,31.450000762939453,18.29169464111328,1458500
2009-07-17,31.459999084472656,31.459999084472656,30.760000228881836,31.030000686645508,18.047422409057617,1508600
2009-07-20,31.200000762939453,31.25,30.709999084472656,31.18000030517578,18.13466453552246,1902900
2009-07-21,31.280000686645508,31.600000381469727,31.020000457763672,31.479999542236328,18.309141159057617,1612100
2009-07-22,31.290000915527344,31.540000915527344,30.959999084472656,31.18000030517578,18.13466453552246,1779500
2009-07-23,31.229999542236328,32.209999084472656,31.170000076293945,32.11000061035156,18.67556381225586,2978400
2009-07-24,32.11000061035156,33.060001373291016,32.0,32.93000030517578,19.152482986450195,3058500
2009-07-27,32.849998474121094,33.20000076293945,32.720001220703125,33.040000915527344,19.216466903686523,1928300
2009-07-28,32.900001525878906,33.040000915527344,32.029998779296875,32.540000915527344,18.9256591796875,2295900
2009-07-29,32.40999984741211,32.83000183105469,31.850000381469727,32.27000045776367,18.768627166748047,2181300
2009-07-30,32.5,33.0099983215332,32.290000915527344,32.75,19.047792434692383,2339500
2009-07-31,32.83000183105469,32.93000030517578,32.209999084472656,32.31999969482422,18.797704696655273,2348400
2009-08-03,32.70000076293945,32.84000015258789,32.0,32.310001373291016,18.791885375976562,2423700
2009-08-04,32.20000076293945,32.43000030517578,31.6299991607666,31.760000228881836,18.472000122070312,4286900
2009-08-05,31.75,31.799999237060547,31.1200008392334,31.200000762939453,18.14629554748535,4331600
2009-08-06,31.260000228881836,31.600000381469727,31.049999237060547,31.299999237060547,18.204456329345703,4259900
2009-08-07,32.25,32.25,31.06999969482422,31.799999237060547,18.49526023864746,3841000
2009-08-10,31.709999084472656,31.899999618530273,31.40999984741211,31.81999969482422,18.506893157958984,1909900
2009-08-11,31.780000686645508,31.809999465942383,31.43000030517578,31.5,18.320781707763672,2114800
2009-08-12,31.5,32.400001525878906,31.40999984741211,32.040000915527344,18.634849548339844,2799100
2009-08-13,32.150001525878906,32.369998931884766,31.43000030517578,31.610000610351562,18.38475799560547,3213700
2009-08-14,31.670000076293945,32.2400016784668,31.549999237060547,32.2400016784668,18.751174926757812,2600900
2009-08-17,32.290000915527344,32.29999923706055,31.479999542236328,31.68000030517578,18.425472259521484,2502200
2009-08-18,31.670000076293945,32.099998474121094,31.440000534057617,32.029998779296875,18.629030227661133,2559900
2009-08-19,31.81999969482422,32.33000183105469,31.719999313354492,32.29999923706055,18.78606605529785,2320500
2009-08-20,32.36000061035156,32.459999084472656,32.060001373291016,32.40999984741211,18.850048065185547,2486600
2009-08-21,32.91999816894531,34.22999954223633,32.91999816894531,34.0,19.774810791015625,4923900
2009-08-24,34.16999816894531,34.18000030517578,33.779998779296875,33.869998931884766,19.699199676513672,2848300
2009-08-25,34.130001068115234,34.310001373291016,33.810001373291016,33.84000015258789,19.681753158569336,2164700
2009-08-26,33.720001220703125,34.15999984741211,33.52000045776367,34.06999969482422,19.815523147583008,2338300
2009-08-27,34.04999923706055,34.130001068115234,33.560001373291016,33.65999984741211,19.577064514160156,2458700
2009-08-28,33.81999969482422,33.90999984741211,33.47999954223633,33.70000076293945,19.60032844543457,1999800
2009-08-31,33.540000915527344,33.650001525878906,33.18000030517578,33.40999984741211,19.43166732788086,1954000
2009-09-01,33.56999969482422,33.70000076293945,33.02000045776367,33.11000061035156,19.25717544555664,2589100
2009-09-02,33.029998779296875,33.189998626708984,32.68000030517578,32.86000061035156,19.111774444580078,2028700
2009-09-03,32.91999816894531,33.099998474121094,32.58000183105469,32.84000015258789,19.10013771057129,2261500
2009-09-04,32.939998626708984,33.15999984741211,32.63999938964844,33.119998931884766,19.262989044189453,1970300
2009-09-08,33.29999923706055,33.34000015258789,32.869998931884766,33.310001373291016,19.37349510192871,2780100
2009-09-09,33.290000915527344,33.540000915527344,33.0099983215332,33.220001220703125,19.321147918701172,1932100
2009-09-10,33.099998474121094,33.66999816894531,32.939998626708984,33.66999816894531,19.582876205444336,2400300
2009-09-11,33.5099983215332,33.970001220703125,33.349998474121094,33.54999923706055,19.513076782226562,2260100
2009-09-14,33.4900016784668,33.9900016784668,33.43000030517578,33.91999816894531,19.72828483581543,1735000
2009-09-15,33.86000061035156,34.36000061035156,33.790000915527344,34.2599983215332,19.926027297973633,2240000
2009-09-16,34.25,35.0099983215332,33.939998626708984,35.0099983215332,20.36224365234375,3011300
2009-09-17,35.060001373291016,35.20000076293945,34.54999923706055,34.61000061035156,20.129592895507812,2889500
2009-09-18,34.849998474121094,35.119998931884766,34.72999954223633,34.9900016784668,20.350610733032227,3285100
2009-09-21,34.84000015258789,34.84000015258789,34.400001525878906,34.54999923706055,20.094696044921875,2439500
2009-09-22,34.630001068115234,34.77000045776367,34.36000061035156,34.5,20.06561851501465,2446500
2009-09-23,34.65999984741211,34.779998779296875,34.0099983215332,34.040000915527344,19.798076629638672,2604800
2009-09-24,34.119998931884766,34.5,34.060001373291016,34.349998474121094,19.97837257385254,2069000
2009-09-25,34.27000045776367,34.36000061035156,34.029998779296875,34.13999938964844,19.856243133544922,1922200
2009-09-28,34.06999969482422,34.290000915527344,33.689998626708984,34.06999969482422,19.997102737426758,1343200
2009-09-29,34.18000030517578,34.18000030517578,33.650001525878906,33.95000076293945,19.92667007446289,1811400
2009-09-30,33.93000030517578,34.040000915527344,33.290000915527344,33.58000183105469,19.709501266479492,3016300
2009-10-01,33.59000015258789,33.59000015258789,33.0,33.0,19.369075775146484,2399700
2009-10-02,32.75,32.75,32.38999938964844,32.52000045776367,19.08734893798828,2127700
2009-10-05,32.56999969482422,32.869998931884766,32.2599983215332,32.869998931884766,19.29277801513672,3087800
2009-10-06,32.95000076293945,33.59000015258789,32.900001525878906,33.470001220703125,19.644933700561523,2119600
2009-10-07,33.400001525878906,33.40999984741211,33.08000183105469,33.310001373291016,19.5510196685791,1480000
2009-10-08,32.97999954223633,33.27000045776367,32.75,33.04999923706055,19.398418426513672,2115300
2009-10-09,32.97999954223633,33.290000915527344,32.939998626708984,33.099998474121094,19.427762985229492,1715000
2009-10-12,33.20000076293945,33.58000183105469,33.16999816894531,33.470001220703125,19.644933700561523,1483000
2009-10-13,33.34000015258789,33.41999816894531,32.779998779296875,32.83000183105469,19.26929473876953,1967600
2009-10-14,33.08000183105469,33.2400016784668,32.779998779296875,33.060001373291016,19.40428924560547,2477100
2009-10-15,32.91999816894531,33.4900016784668,32.88999938964844,33.45000076293945,19.63319206237793,1804600
2009-10-16,33.27000045776367,33.63999938964844,33.029998779296875,33.5,19.662546157836914,1876200
2009-10-19,33.5,34.02000045776367,33.38999938964844,33.88999938964844,19.891448974609375,1270700
2009-10-20,33.849998474121094,33.959999084472656,33.02000045776367,33.13999938964844,19.45124626159668,1927600
2009-10-21,33.13999938964844,33.61000061035156,33.0099983215332,33.08000183105469,19.416030883789062,2386700
2009-10-22,33.11000061035156,33.2599983215332,32.65999984741211,33.189998626708984,19.480594635009766,2216900
2009-10-23,33.15999984741211,33.25,32.540000915527344,32.63999938964844,19.157779693603516,1612200
2009-10-26,32.72999954223633,33.20000076293945,32.189998626708984,32.380001068115234,19.00516700744629,1950900
2009-10-27,32.5099983215332,32.880001068115234,32.29999923706055,32.349998474121094,18.987552642822266,2308900
2009-10-28,32.22999954223633,32.58000183105469,31.90999984741211,31.940000534057617,18.746919631958008,2321800
2009-10-29,32.060001373291016,32.189998626708984,31.799999237060547,32.119998931884766,18.85256576538086,2161900
2009-10-30,32.06999969482422,32.27000045776367,31.540000915527344,31.81999969482422,18.676485061645508,3012300
2009-11-02,31.899999618530273,32.130001068115234,31.420000076293945,31.889999389648438,18.717573165893555,2724200
2009-11-03,31.81999969482422,31.90999984741211,31.489999771118164,31.6299991607666,18.564964294433594,1821800
2009-11-04,31.739999771118164,32.20000076293945,31.610000610351562,31.709999084472656,18.611921310424805,1889500
2009-11-05,31.84000015258789,32.27000045776367,31.84000015258789,32.18000030517578,18.887784957885742,2027700
2009-11-06,32.09000015258789,33.310001373291016,32.0099983215332,33.189998626708984,19.480594635009766,3949400
2009-11-09,33.29999923706055,33.939998626708984,33.209999084472656,33.869998931884766,19.87972068786621,3211100
2009-11-10,33.779998779296875,34.2599983215332,33.779998779296875,34.189998626708984,20.067535400390625,2671200
2009-11-11,34.2599983215332,34.38999938964844,33.689998626708984,33.91999816894531,19.9090576171875,2438600
2009-11-12,33.7599983215332,33.88999938964844,33.13999938964844,33.2400016784668,19.509944915771484,2442100
2009-11-13,33.369998931884766,33.63999938964844,33.119998931884766,33.31999969482422,19.556896209716797,2699900
2009-11-16,33.540000915527344,33.959999084472656,33.40999984741211,33.599998474121094,19.72123908996582,2461500
2009-11-17,33.54999923706055,33.63999938964844,33.439998626708984,33.560001373291016,19.69776153564453,1307400
2009-11-18,33.439998626708984,33.68000030517578,33.36000061035156,33.400001525878906,19.603849411010742,1226000
2009-11-19,33.31999969482422,33.5099983215332,32.81999969482422,32.90999984741211,19.316255569458008,2078600
2009-11-20,32.84000015258789,33.130001068115234,32.84000015258789,33.040000915527344,19.392553329467773,2045000
2009-11-23,33.189998626708984,33.810001373291016,33.189998626708984,33.75,19.809276580810547,1918800
2009-11-24,33.79999923706055,34.15999984741211,33.72999954223633,34.09000015258789,20.00883674621582,2613800
2009-11-25,34.099998474121094,34.439998626708984,34.060001373291016,34.34000015258789,20.155574798583984,1213700
2009-11-27,33.79999923706055,33.9900016784668,33.5099983215332,33.810001373291016,19.844493865966797,1282900
2009-11-30,33.79999923706055,34.08000183105469,33.61000061035156,34.04999923706055,19.985355377197266,1867200
2009-12-01,34.27000045776367,34.63999938964844,34.27000045776367,34.599998474121094,20.30817985534668,3167500
2009-12-02,34.68000030517578,35.18000030517578,34.599998474121094,35.18000030517578,20.64861297607422,2387300
2009-12-03,35.16999816894531,35.5099983215332,34.959999084472656,35.040000915527344,20.566436767578125,2237900
2009-12-04,35.2599983215332,35.529998779296875,34.439998626708984,34.84000015258789,20.44904899597168,2109400
2009-12-07,34.7599983215332,35.36000061035156,34.7599983215332,34.9900016784668,20.53708839416504,1445700
2009-12-08,34.95000076293945,35.029998779296875,34.52000045776367,34.81999969482422,20.43730926513672,1919700
2009-12-09,34.75,34.970001220703125,34.54999923706055,34.970001220703125,20.52535057067871,1696400
2009-12-10,35.18000030517578,35.5,35.040000915527344,35.5,20.836429595947266,1834900
2009-12-11,35.4900016784668,36.290000915527344,35.36000061035156,36.2400016784668,21.270767211914062,2263000
2009-12-14,36.720001220703125,36.720001220703125,36.15999984741211,36.38999938964844,21.358802795410156,2005300
2009-12-15,36.060001373291016,36.279998779296875,35.95000076293945,36.119998931884766,21.20032501220703,1497200
2009-12-16,35.400001525878906,36.029998779296875,35.400001525878906,35.58000183105469,20.883380889892578,2793200
2009-12-17,35.439998626708984,35.560001373291016,35.16999816894531,35.43000030517578,20.795339584350586,2693400
2009-12-18,35.59000015258789,35.7400016784668,34.939998626708984,35.36000061035156,20.754257202148438,3618500
2009-12-21,35.540000915527344,35.7599983215332,35.40999984741211,35.560001373291016,20.87164878845215,1451600
2009-12-22,35.630001068115234,35.880001068115234,35.13999938964844,35.220001220703125,20.672082901000977,2108100
2009-12-23,35.36000061035156,35.439998626708984,35.099998474121094,35.29999923706055,20.71903419494629,1510100
2009-12-24,35.40999984741211,35.66999816894531,35.33000183105469,35.66999816894531,20.936208724975586,476500
2009-12-28,35.81999969482422,35.88999938964844,35.58000183105469,35.77000045776367,20.994901657104492,1361000
2009-12-29,35.689998626708984,35.7599983215332,35.439998626708984,35.459999084472656,20.997859954833984,1599700
2009-12-30,35.43000030517578,35.650001525878906,35.25,35.33000183105469,20.92088508605957,947900
2009-12-31,35.2599983215332,35.439998626708984,34.77000045776367,34.779998779296875,20.595199584960938,1289700
2010-01-04,35.06999969482422,35.130001068115234,34.70000076293945,34.77000045776367,20.589277267456055,1931500
2010-01-05,34.68000030517578,34.93000030517578,34.36000061035156,34.459999084472656,20.40570068359375,2485100
2010-01-06,34.4900016784668,34.97999954223633,34.380001068115234,34.88999938964844,20.66033935546875,2673000
2010-01-07,34.79999923706055,34.84000015258789,34.540000915527344,34.68000030517578,20.535982131958008,2059800
2010-01-08,34.59000015258789,34.709999084472656,34.279998779296875,34.5,20.429397583007812,1560100
2010-01-11,34.61000061035156,35.2599983215332,34.61000061035156,35.16999816894531,20.82613182067871,2939100
2010-01-12,35.040000915527344,35.279998779296875,34.939998626708984,35.130001068115234,20.80245590209961,2237200
2010-01-13,35.15999984741211,35.52000045776367,35.04999923706055,35.45000076293945,20.991943359375,1535700
2010-01-14,35.349998474121094,35.47999954223633,35.15999984741211,35.43000030517578,20.980098724365234,1443700
2010-01-15,35.7400016784668,35.810001373291016,34.90999984741211,35.2400016784668,20.86758804321289,2461600
2010-01-19,35.209999084472656,35.81999969482422,35.18000030517578,35.779998779296875,21.187347412109375,1642900
2010-01-20,35.349998474121094,35.560001373291016,34.849998474121094,35.34000015258789,20.926803588867188,2026100
2010-01-21,35.470001220703125,35.66999816894531,34.630001068115234,34.88999938964844,20.66033935546875,2246300
2010-01-22,34.720001220703125,34.79999923706055,33.86000061035156,33.869998931884766,20.056339263916016,2568900
2010-01-25,34.209999084472656,34.36000061035156,33.779998779296875,34.099998474121094,20.192523956298828,1531600
2010-01-26,34.04999923706055,34.31999969482422,33.7599983215332,34.20000076293945,20.251745223999023,2691800
2010-01-27,34.08000183105469,34.150001525878906,33.560001373291016,34.04999923706055,20.162921905517578,1976900
2010-01-28,34.099998474121094,34.189998626708984,33.439998626708984,33.470001220703125,19.819475173950195,2243500
2010-01-29,33.56999969482422,33.869998931884766,33.279998779296875,33.31999969482422,19.73064422607422,2101200
2010-02-01,33.470001220703125,33.709999084472656,33.099998474121094,33.65999984741211,19.931982040405273,1843500
2010-02-02,33.72999954223633,34.0,33.36000061035156,34.0,20.133319854736328,1707600
2010-02-03,33.790000915527344,33.939998626708984,33.52000045776367,33.599998474121094,19.896455764770508,1710200
2010-02-04,33.400001525878906,33.439998626708984,32.47999954223633,32.5,19.245080947875977,2790700
2010-02-05,32.45000076293945,32.630001068115234,31.8799991607666,32.459999084472656,19.22139549255371,2013700
2010-02-08,32.58000183105469,32.61000061035156,32.09000015258789,32.130001068115234,19.02597999572754,1262300
2010-02-09,32.369998931884766,32.95000076293945,32.29999923706055,32.54999923706055,19.274688720703125,1441900
2010-02-10,32.5099983215332,32.56999969482422,32.08000183105469,32.369998931884766,19.168100357055664,1158600
2010-02-11,32.380001068115234,32.65999984741211,32.0099983215332,32.58000183105469,19.292451858520508,1898100
2010-02-12,32.529998779296875,32.61000061035156,32.20000076293945,32.59000015258789,19.29837417602539,1893500
2010-02-16,32.7599983215332,33.36000061035156,32.709999084472656,33.349998474121094,19.7484130859375,1511800
2010-02-17,33.81999969482422,33.83000183105469,33.18000030517578,33.310001373291016,19.72472381591797,1622500
2010-02-18,33.220001220703125,33.900001525878906,33.220001220703125,33.61000061035156,19.902372360229492,1542600
2010-02-19,33.45000076293945,34.400001525878906,33.38999938964844,34.2400016784668,20.275426864624023,2108100
2010-02-22,34.290000915527344,34.5,33.790000915527344,33.810001373291016,20.020801544189453,1766200
2010-02-23,33.68000030517578,33.849998474121094,33.25,33.29999923706055,19.71880340576172,1862800
2010-02-24,33.33000183105469,33.4900016784668,32.900001525878906,33.18000030517578,19.647747039794922,2401700
2010-02-25,32.70000076293945,32.81999969482422,32.349998474121094,32.7400016784668,19.38719940185547,2907500
2010-02-26,32.790000915527344,33.0,32.540000915527344,32.630001068115234,19.32206153869629,2342800
2010-03-01,32.880001068115234,33.38999938964844,32.880001068115234,33.31999969482422,19.73064422607422,2437000
2010-03-02,33.470001220703125,33.70000076293945,33.08000183105469,33.22999954223633,19.677352905273438,2757300
2010-03-03,33.349998474121094,33.72999954223633,33.18000030517578,33.29999923706055,19.71880340576172,2330000
2010-03-04,33.29999923706055,33.369998931884766,33.04999923706055,33.130001068115234,19.618135452270508,2395800
2010-03-05,33.279998779296875,33.810001373291016,33.209999084472656,33.779998779296875,20.003034591674805,2180700
2010-03-08,33.90999984741211,33.90999984741211,33.529998779296875,33.560001373291016,19.872766494750977,1746900
2010-03-09,33.54999923706055,33.66999816894531,33.41999816894531,33.560001373291016,19.872766494750977,2055700
2010-03-10,34.029998779296875,34.25,33.79999923706055,34.099998474121094,20.192523956298828,2877300
2010-03-11,34.27000045776367,34.36000061035156,33.939998626708984,34.2599983215332,20.287275314331055,2127900
2010-03-12,34.41999816894531,34.41999816894531,33.790000915527344,33.790000915527344,20.008962631225586,1685900
2010-03-15,33.72999954223633,34.08000183105469,33.650001525878906,34.08000183105469,20.18068504333496,2088200
2010-03-16,34.0099983215332,34.38999938964844,33.779998779296875,34.369998931884766,20.35240936279297,1581400
2010-03-17,34.36000061035156,34.790000915527344,34.279998779296875,34.709999084472656,20.553739547729492,1981700
2010-03-18,34.68000030517578,34.91999816894531,34.31999969482422,34.5099983215332,20.43531608581543,2244800
2010-03-19,34.40999984741211,34.68000030517578,34.11000061035156,34.40999984741211,20.3760929107666,3080500
2010-03-22,34.279998779296875,34.439998626708984,34.130001068115234,34.22999954223633,20.269508361816406,2256800
2010-03-23,34.220001220703125,34.560001373291016,34.150001525878906,34.47999954223633,20.417552947998047,2226600
2010-03-24,34.34000015258789,34.459999084472656,34.08000183105469,34.09000015258789,20.186603546142578,2146100
2010-03-25,34.22999954223633,34.380001068115234,33.810001373291016,33.83000183105469,20.032655715942383,1861300
2010-03-26,33.970001220703125,34.060001373291016,33.650001525878906,34.02000045776367,20.145158767700195,1881700
2010-03-29,33.79999923706055,34.2400016784668,33.68000030517578,34.20000076293945,20.441015243530273,1784600
2010-03-30,34.15999984741211,34.560001373291016,34.15999984741211,34.5099983215332,20.62630271911621,1809000
2010-03-31,34.38999938964844,34.470001220703125,34.06999969482422,34.16999816894531,20.4230899810791,1928500
2010-04-01,34.349998474121094,34.59000015258789,34.189998626708984,34.29999923706055,20.50078010559082,1398800
2010-04-05,34.369998931884766,34.459999084472656,34.189998626708984,34.38999938964844,20.55457878112793,1193700
2010-04-06,34.2400016784668,34.66999816894531,34.099998474121094,34.66999816894531,20.72193145751953,1318900
2010-04-07,34.56999969482422,34.650001525878906,34.2400016784668,34.380001068115234,20.548603057861328,1699900
2010-04-08,34.27000045776367,34.369998931884766,34.06999969482422,34.33000183105469,20.518720626831055,1152700
2010-04-09,34.290000915527344,34.290000915527344,33.970001220703125,34.220001220703125,20.45296859741211,1133300
2010-04-12,34.279998779296875,34.59000015258789,34.27000045776367,34.459999084472656,20.59640884399414,1373900
2010-04-13,34.369998931884766,34.459999084472656,34.0,34.36000061035156,20.53664207458496,1222000
2010-04-14,34.2599983215332,34.45000076293945,34.04999923706055,34.43000030517578,20.578481674194336,1670400
2010-04-15,34.31999969482422,34.68000030517578,34.130001068115234,34.529998779296875,20.638256072998047,2034000
2010-04-16,34.47999954223633,34.5099983215332,33.869998931884766,33.93000030517578,20.27963638305664,2277300
2010-04-19,33.81999969482422,34.0099983215332,33.66999816894531,33.849998474121094,20.23181915283203,1951500
2010-04-20,33.970001220703125,34.209999084472656,33.91999816894531,34.11000061035156,20.387226104736328,2124500
2010-04-21,34.119998931884766,34.380001068115234,34.060001373291016,34.290000915527344,20.494815826416016,2261100
2010-04-22,34.150001525878906,34.150001525878906,33.790000915527344,34.09000015258789,20.375267028808594,2269500
2010-04-23,34.0,34.38999938964844,33.849998474121094,34.369998931884766,20.542621612548828,1796400
2010-04-26,34.279998779296875,34.40999984741211,34.09000015258789,34.09000015258789,20.375267028808594,1701400
2010-04-27,34.0,34.08000183105469,33.279998779296875,33.279998779296875,19.89113426208496,2109000
2010-04-28,33.38999938964844,33.779998779296875,33.220001220703125,33.38999938964844,19.956876754760742,2587400
2010-04-29,33.54999923706055,33.91999816894531,33.529998779296875,33.720001220703125,20.15412712097168,2105300
2010-04-30,33.790000915527344,34.619998931884766,33.709999084472656,34.369998931884766,20.542621612548828,2848100
2010-05-03,34.47999954223633,34.7400016784668,34.22999954223633,34.689998626708984,20.733877182006836,2606300
2010-05-04,34.31999969482422,34.470001220703125,33.56999969482422,33.65999984741211,20.11826515197754,2454500
2010-05-05,33.54999923706055,33.869998931884766,33.400001525878906,33.66999816894531,20.12424087524414,2230900
2010-05-06,33.529998779296875,33.75,31.3799991607666,32.630001068115234,19.502639770507812,4770200
2010-05-07,32.68000030517578,33.619998931884766,31.979999542236328,33.029998779296875,19.741716384887695,4055700
2010-05-10,33.97999954223633,34.439998626708984,33.619998931884766,33.900001525878906,20.261709213256836,2765300
2010-05-11,33.619998931884766,34.400001525878906,33.619998931884766,33.9900016784668,20.315502166748047,2318100
2010-05-12,34.0,34.470001220703125,33.880001068115234,34.25,20.470895767211914,1724900
2010-05-13,34.119998931884766,34.47999954223633,33.90999984741211,33.9900016784668,20.315502166748047,1533800
2010-05-14,33.83000183105469,33.95000076293945,33.439998626708984,33.65999984741211,20.11826515197754,2015900
2010-05-17,33.70000076293945,33.84000015258789,33.150001525878906,33.56999969482422,20.06446647644043,2096900
2010-05-18,33.63999938964844,33.970001220703125,33.209999084472656,33.2599983215332,19.879188537597656,2327000
2010-05-19,33.08000183105469,33.22999954223633,32.650001525878906,32.90999984741211,19.669992446899414,2078800
2010-05-20,32.369998931884766,32.4900016784668,31.670000076293945,31.75,18.976675033569336,2779900
2010-05-21,31.329999923706055,31.719999313354492,31.1299991607666,31.709999084472656,18.952768325805664,3163000
2010-05-24,31.59000015258789,32.22999954223633,31.200000762939453,31.65999984741211,18.922880172729492,3369000
2010-05-25,31.0,31.25,30.3700008392334,31.229999542236328,18.665870666503906,2970300
2010-05-26,31.329999923706055,32.11000061035156,31.209999084472656,31.6200008392334,18.89897918701172,3844700
2010-05-27,31.920000076293945,32.290000915527344,31.809999465942383,32.290000915527344,19.299421310424805,1713100
2010-05-28,32.25,32.66999816894531,32.189998626708984,32.36000061035156,19.341264724731445,2196500
2010-06-01,32.029998779296875,32.22999954223633,31.510000228881836,31.510000228881836,18.833229064941406,2403900
2010-06-02,31.719999313354492,32.439998626708984,31.6200008392334,32.439998626708984,19.38907814025879,2771800
2010-06-03,32.38999938964844,32.86000061035156,32.38999938964844,32.790000915527344,19.5982723236084,1804700
2010-06-04,32.43000030517578,32.56999969482422,31.799999237060547,31.8799991607666,19.054372787475586,3282900
2010-06-07,31.989999771118164,32.68000030517578,31.950000762939453,32.18000030517578,19.233680725097656,3697400
2010-06-08,32.150001525878906,32.34000015258789,31.799999237060547,32.290000915527344,19.299421310424805,3000700
2010-06-09,32.470001220703125,32.4900016784668,31.920000076293945,32.04999923706055,19.155982971191406,2521900
2010-06-10,32.41999816894531,32.84000015258789,32.41999816894531,32.81999969482422,19.616201400756836,2204900
2010-06-11,32.58000183105469,32.849998474121094,32.400001525878906,32.77000045776367,19.586318969726562,1609700
2010-06-14,33.029998779296875,33.400001525878906,32.959999084472656,33.099998474121094,19.78355598449707,1803200
2010-06-15,33.310001373291016,33.70000076293945,33.2599983215332,33.66999816894531,20.12424087524414,2040100
2010-06-16,33.29999923706055,34.15999984741211,33.29999923706055,34.130001068115234,20.399173736572266,2744100
2010-06-17,34.09000015258789,34.45000076293945,33.810001373291016,34.45000076293945,20.590436935424805,1814500
2010-06-18,34.41999816894531,34.63999938964844,34.189998626708984,34.349998474121094,20.53066635131836,1894000
2010-06-21,34.63999938964844,34.66999816894531,33.9900016784668,34.11000061035156,20.387226104736328,1267400
2010-06-22,34.209999084472656,34.220001220703125,33.290000915527344,33.400001525878906,19.96286392211914,1524300
2010-06-23,33.33000183105469,33.380001068115234,32.75,32.849998474121094,19.634130477905273,1633500
2010-06-24,32.650001525878906,33.279998779296875,32.650001525878906,32.77000045776367,19.586318969726562,1579300
2010-06-25,32.79999923706055,32.9900016784668,32.41999816894531,32.68000030517578,19.53252601623535,2613100
2010-06-28,32.290000915527344,32.900001525878906,32.27000045776367,32.689998626708984,19.72865867614746,1841000
2010-06-29,32.439998626708984,32.470001220703125,31.93000030517578,32.0,19.312252044677734,2298700
2010-06-30,31.889999389648438,32.33000183105469,31.6299991607666,31.719999313354492,19.143260955810547,1894100
2010-07-01,31.65999984741211,31.709999084472656,31.059999465942383,31.309999465942383,18.89582633972168,3260600
2010-07-02,31.290000915527344,31.530000686645508,31.100000381469727,31.1299991607666,18.787195205688477,2337400
2010-07-06,31.56999969482422,31.860000610351562,31.260000228881836,31.510000228881836,19.016523361206055,2432700
2010-07-07,31.68000030517578,32.650001525878906,31.540000915527344,32.61000061035156,19.680383682250977,2278800
2010-07-08,32.7400016784668,33.029998779296875,32.70000076293945,32.970001220703125,19.89765167236328,2303000
2010-07-09,32.880001068115234,33.130001068115234,32.689998626708984,33.060001373291016,19.95196533203125,1736100
2010-07-12,32.90999984741211,33.11000061035156,32.790000915527344,32.95000076293945,19.885581970214844,1402900
2010-07-13,33.189998626708984,33.400001525878906,32.900001525878906,33.130001068115234,19.99420738220215,1662100
2010-07-14,33.02000045776367,33.29999923706055,32.84000015258789,33.20000076293945,20.03645133972168,2145700
2010-07-15,33.25,33.38999938964844,32.849998474121094,33.31999969482422,20.108869552612305,1958400
2010-07-16,33.060001373291016,33.290000915527344,32.5099983215332,32.54999923706055,19.6441650390625,1764200
2010-07-19,32.66999816894531,33.310001373291016,32.66999816894531,33.06999969482422,19.958003997802734,2126500
2010-07-20,32.66999816894531,33.119998931884766,32.54999923706055,33.0,19.915754318237305,2424200
2010-07-21,33.16999816894531,33.16999816894531,32.18000030517578,32.369998931884766,19.53554916381836,2912500
2010-07-22,32.68000030517578,33.060001373291016,32.54999923706055,32.90999984741211,19.86143684387207,2777200
2010-07-23,32.88999938964844,33.040000915527344,32.599998474121094,32.90999984741211,19.86143684387207,2241700
2010-07-26,32.900001525878906,33.119998931884766,32.790000915527344,33.0,19.915754318237305,3500200
2010-07-27,33.029998779296875,33.720001220703125,32.95000076293945,33.720001220703125,20.350282669067383,3492100
2010-07-28,33.5099983215332,33.939998626708984,33.4900016784668,33.56999969482422,20.259750366210938,3623200
2010-07-29,33.75,33.970001220703125,33.209999084472656,33.33000183105469,20.114912033081055,3277100
2010-07-30,32.97999954223633,33.33000183105469,32.93000030517578,33.150001525878906,20.006282806396484,2263000
2010-08-02,33.65999984741211,34.20000076293945,33.630001068115234,34.040000915527344,20.543405532836914,3065200
2010-08-03,34.02000045776367,34.09000015258789,33.70000076293945,33.7599983215332,20.37441635131836,1719100
2010-08-04,33.75,33.90999984741211,33.47999954223633,33.810001373291016,20.404592514038086,1643400
2010-08-05,33.529998779296875,33.95000076293945,33.31999969482422,33.709999084472656,20.34424591064453,2235300
2010-08-06,33.529998779296875,34.04999923706055,33.459999084472656,34.0,20.51926040649414,2039300
2010-08-09,34.0099983215332,34.209999084472656,33.77000045776367,33.959999084472656,20.4951171875,1606200
2010-08-10,33.650001525878906,34.29999923706055,33.5,34.099998474121094,20.579605102539062,3022500
2010-08-11,33.560001373291016,33.7599983215332,33.25,33.29999923706055,20.096797943115234,2943800
2010-08-12,32.7599983215332,33.439998626708984,32.689998626708984,33.33000183105469,20.114912033081055,2734200
2010-08-13,33.27000045776367,34.11000061035156,33.27000045776367,33.939998626708984,20.48305320739746,4045400
2010-08-16,33.790000915527344,33.97999954223633,33.36000061035156,33.86000061035156,20.43475914001465,2899700
2010-08-17,34.09000015258789,34.2400016784668,33.880001068115234,33.95000076293945,20.489084243774414,2548800
2010-08-18,34.0,34.13999938964844,33.58000183105469,33.84000015258789,20.422700881958008,2362900
2010-08-19,33.689998626708984,33.849998474121094,33.279998779296875,33.540000915527344,20.241649627685547,2061800
2010-08-20,33.4900016784668,33.95000076293945,33.36000061035156,33.86000061035156,20.43475914001465,2566500
2010-08-23,34.040000915527344,34.349998474121094,33.880001068115234,33.880001068115234,20.446842193603516,1477800
2010-08-24,33.630001068115234,34.189998626708984,33.56999969482422,33.95000076293945,20.489084243774414,3124700
2010-08-25,33.77000045776367,33.880001068115234,33.439998626708984,33.779998779296875,20.386486053466797,4717100
2010-08-26,33.81999969482422,33.90999984741211,33.15999984741211,33.25,20.06662940979004,2836400
2010-08-27,33.38999938964844,34.02000045776367,33.150001525878906,33.97999954223633,20.507184982299805,2152800
2010-08-30,33.810001373291016,33.95000076293945,33.40999984741211,33.439998626708984,20.18129539489746,1463700
2010-08-31,33.439998626708984,33.939998626708984,33.099998474121094,33.75,20.368377685546875,3040500
2010-09-01,34.31999969482422,34.75,34.08000183105469,34.72999954223633,20.959815979003906,2721100
2010-09-02,34.689998626708984,34.7599983215332,34.29999923706055,34.61000061035156,20.887401580810547,2048200
2010-09-03,34.779998779296875,34.880001068115234,34.52000045776367,34.880001068115234,21.050350189208984,1331200
2010-09-07,34.70000076293945,35.02000045776367,34.630001068115234,34.689998626708984,20.9356746673584,1025800
2010-09-08,34.77000045776367,34.81999969482422,34.41999816894531,34.47999954223633,20.80894660949707,1202900
2010-09-09,34.83000183105469,34.90999984741211,34.63999938964844,34.689998626708984,20.9356746673584,1095700
2010-09-10,34.619998931884766,34.790000915527344,34.099998474121094,34.38999938964844,20.75462532043457,2354200
2010-09-13,34.54999923706055,34.619998931884766,34.0,34.11000061035156,20.585649490356445,3837800
2010-09-14,33.9900016784668,34.41999816894531,33.7599983215332,34.34000015258789,20.724449157714844,2400300
2010-09-15,34.310001373291016,34.33000183105469,33.869998931884766,33.880001068115234,20.446842193603516,2365700
2010-09-16,33.84000015258789,34.0,33.72999954223633,33.79999923706055,20.398557662963867,1561000
2010-09-17,34.0099983215332,34.0099983215332,33.619998931884766,33.849998474121094,20.428726196289062,2138300
2010-09-20,33.90999984741211,34.54999923706055,33.81999969482422,34.5,20.82101821899414,2775200
2010-09-21,34.459999084472656,34.900001525878906,34.22999954223633,34.70000076293945,20.94171714782715,7386600
2010-09-22,34.7400016784668,35.150001525878906,34.56999969482422,34.810001373291016,21.00810432434082,4605900
2010-09-23,34.65999984741211,34.869998931884766,34.439998626708984,34.560001373291016,20.85723114013672,2638600
2010-09-24,34.86000061035156,35.040000915527344,34.59000015258789,34.689998626708984,20.9356746673584,3038200
2010-09-27,34.7599983215332,34.79999923706055,34.33000183105469,34.59000015258789,20.87533187866211,2911600
2010-09-28,34.470001220703125,34.880001068115234,34.20000076293945,34.77000045776367,21.176815032958984,3361600
2010-09-29,34.709999084472656,34.84000015258789,34.380001068115234,34.5099983215332,21.018461227416992,2335900
2010-09-30,34.7400016784668,34.790000915527344,34.29999923706055,34.38999938964844,20.94536781311035,2497600
2010-10-01,34.630001068115234,34.7599983215332,34.380001068115234,34.630001068115234,21.091543197631836,1642400
2010-10-04,34.630001068115234,35.41999816894531,34.56999969482422,34.689998626708984,21.12807846069336,3422700
2010-10-05,35.0,35.189998626708984,34.90999984741211,35.02000045776367,21.329072952270508,1564400
2010-10-06,35.0099983215332,35.08000183105469,34.529998779296875,34.75,21.16463279724121,1770500
2010-10-07,34.900001525878906,34.97999954223633,34.7599983215332,34.93000030517578,21.274263381958008,1971100
2010-10-08,34.970001220703125,35.290000915527344,34.779998779296875,35.20000076293945,21.438709259033203,1807400
2010-10-11,35.290000915527344,35.4900016784668,35.099998474121094,35.349998474121094,21.530067443847656,1561500
2010-10-12,35.13999938964844,35.4900016784668,35.11000061035156,35.43000030517578,21.57879066467285,3049200
2010-10-13,35.529998779296875,35.529998779296875,35.400001525878906,35.52000045776367,21.633594512939453,2495000
2010-10-14,35.5099983215332,35.65999984741211,35.36000061035156,35.5099983215332,21.627504348754883,1976400
2010-10-15,35.779998779296875,35.779998779296875,35.459999084472656,35.619998931884766,21.694509506225586,4682100
2010-10-18,35.68000030517578,36.0,35.4900016784668,35.970001220703125,21.907678604125977,1505200
2010-10-19,35.650001525878906,35.9900016784668,35.560001373291016,35.66999816894531,21.724960327148438,1999700
2010-10-20,35.790000915527344,36.150001525878906,35.7599983215332,35.97999954223633,21.913759231567383,1448800
2010-10-21,36.04999923706055,36.189998626708984,35.650001525878906,35.869998931884766,21.846771240234375,1754200
2010-10-22,35.86000061035156,36.0099983215332,35.619998931884766,35.9900016784668,21.919857025146484,2273800
2010-10-25,36.220001220703125,36.369998931884766,35.97999954223633,36.060001373291016,21.962491989135742,2071400
2010-10-26,35.970001220703125,36.099998474121094,35.84000015258789,35.959999084472656,21.901586532592773,2877500
2010-10-27,35.720001220703125,35.939998626708984,35.459999084472656,35.90999984741211,21.871135711669922,2721200
2010-10-28,36.08000183105469,36.349998474121094,35.81999969482422,35.970001220703125,21.907678604125977,2294500
2010-10-29,36.119998931884766,37.04999923706055,36.119998931884766,36.900001525878906,22.47410011291504,4078100
2010-11-01,37.150001525878906,37.72999954223633,36.900001525878906,37.040000915527344,22.55937385559082,3808600
2010-11-02,37.349998474121094,37.5,37.130001068115234,37.18000030517578,22.644638061523438,2132600
2010-11-03,37.16999816894531,37.34000015258789,36.88999938964844,37.150001525878906,22.626359939575195,2063100
2010-11-04,37.439998626708984,37.869998931884766,37.380001068115234,37.83000183105469,23.040523529052734,2773800
2010-11-05,37.900001525878906,38.220001220703125,37.900001525878906,38.220001220703125,23.278045654296875,2324300
2010-11-08,38.13999938964844,38.16999816894531,37.43000030517578,37.560001373291016,22.876066207885742,2619000
2010-11-09,37.66999816894531,37.810001373291016,37.34000015258789,37.560001373291016,22.876066207885742,2429700
2010-11-10,37.5099983215332,37.59000015258789,37.099998474121094,37.5099983215332,22.845623016357422,1899800
2010-11-11,37.33000183105469,38.06999969482422,37.33000183105469,38.040000915527344,23.16841697692871,2781800
2010-11-12,37.83000183105469,37.849998474121094,37.36000061035156,37.56999969482422,22.882173538208008,1745300
2010-11-15,37.72999954223633,38.09000015258789,37.709999084472656,37.77000045776367,23.003969192504883,1319400
2010-11-16,37.56999969482422,37.689998626708984,37.029998779296875,37.34000015258789,22.742080688476562,2490100
2010-11-17,37.5099983215332,37.560001373291016,37.16999816894531,37.459999084472656,22.815160751342773,1955400
2010-11-18,37.810001373291016,37.9900016784668,37.599998474121094,37.959999084472656,23.11969566345215,2455200
2010-11-19,37.970001220703125,37.9900016784668,37.45000076293945,37.849998474121094,23.052698135375977,2092600
2010-11-22,37.77000045776367,37.810001373291016,37.20000076293945,37.7400016784668,22.985702514648438,1720700
2010-11-23,37.38999938964844,37.43000030517578,36.86000061035156,37.150001525878906,22.626359939575195,1817300
2010-11-24,37.34000015258789,37.61000061035156,37.34000015258789,37.54999923706055,22.869979858398438,1901000
2010-11-26,37.31999969482422,37.560001373291016,37.060001373291016,37.060001373291016,22.571550369262695,1092200
2010-11-29,36.880001068115234,37.08000183105469,36.630001068115234,36.95000076293945,22.50455093383789,1889900
2010-11-30,36.619998931884766,37.06999969482422,36.619998931884766,36.939998626708984,22.498456954956055,2140200
2010-12-01,37.31999969482422,37.779998779296875,37.060001373291016,37.56999969482422,22.882173538208008,2348800
2010-12-02,37.459999084472656,37.790000915527344,37.459999084472656,37.790000915527344,23.016157150268555,1617600
2010-12-03,37.90999984741211,38.06999969482422,37.68000030517578,38.06999969482422,23.186695098876953,1723800
2010-12-06,37.91999816894531,38.380001068115234,37.91999816894531,38.22999954223633,23.284141540527344,4836800
2010-12-07,38.5099983215332,38.9900016784668,38.33000183105469,38.5,23.448583602905273,3992100
2010-12-08,38.5,38.65999984741211,38.13999938964844,38.31999969482422,23.338951110839844,1952900
2010-12-09,38.189998626708984,38.310001373291016,37.349998474121094,37.83000183105469,23.040523529052734,4307500
2010-12-10,37.970001220703125,38.31999969482422,37.93000030517578,38.18000030517578,23.253690719604492,3024900
2010-12-13,38.369998931884766,38.470001220703125,38.11000061035156,38.36000061035156,23.363317489624023,1671100
2010-12-14,38.4900016784668,38.70000076293945,38.36000061035156,38.47999954223633,23.436405181884766,2147300
2010-12-15,38.45000076293945,38.58000183105469,37.7400016784668,37.75,22.991788864135742,2747900
2010-12-16,37.86000061035156,38.5099983215332,37.689998626708984,38.45000076293945,23.41812515258789,2759900
2010-12-17,38.380001068115234,38.7400016784668,38.25,38.68000030517578,23.558212280273438,2459200
2010-12-20,38.90999984741211,39.04999923706055,38.470001220703125,38.86000061035156,23.667848587036133,1627300
2010-12-21,39.09000015258789,39.189998626708984,38.810001373291016,38.84000015258789,23.65566062927246,1808000
2010-12-22,38.84000015258789,38.970001220703125,38.63999938964844,38.66999816894531,23.552120208740234,1679000
2010-12-23,38.66999816894531,38.84000015258789,38.54999923706055,38.70000076293945,23.570396423339844,1200400
2010-12-27,38.63999938964844,39.369998931884766,38.63999938964844,38.939998626708984,23.716567993164062,1474000
2010-12-28,39.04999923706055,39.27000045776367,38.95000076293945,39.189998626708984,23.868833541870117,1392100
2010-12-29,38.959999084472656,38.970001220703125,38.56999969482422,38.7400016784668,23.789003372192383,1251600
2010-12-30,38.709999084472656,38.86000061035156,38.540000915527344,38.65999984741211,23.73988151550293,961700
2010-12-31,38.59000015258789,38.83000183105469,38.540000915527344,38.599998474121094,23.703025817871094,644400
2011-01-03,38.91999816894531,38.91999816894531,38.599998474121094,38.68000030517578,23.752153396606445,1481100
2011-01-04,38.79999923706055,39.20000076293945,38.650001525878906,38.90999984741211,23.893394470214844,2326900
2011-01-05,38.790000915527344,38.939998626708984,38.38999938964844,38.41999816894531,23.592500686645508,2786900
2011-01-06,38.5,38.529998779296875,38.13999938964844,38.5,23.641626358032227,1792400
2011-01-07,38.459999084472656,38.779998779296875,38.2400016784668,38.7400016784668,23.789003372192383,1922300
2011-01-10,38.18000030517578,38.34000015258789,37.86000061035156,38.130001068115234,23.414424896240234,2841400
2011-01-11,38.18000030517578,38.31999969482422,37.900001525878906,38.099998474121094,23.395999908447266,1593300
2011-01-12,38.290000915527344,38.290000915527344,37.939998626708984,38.119998931884766,23.40828514099121,1680800
2011-01-13,38.09000015258789,38.119998931884766,37.77000045776367,37.959999084472656,23.310028076171875,2263100
2011-01-14,37.880001068115234,38.119998931884766,37.68000030517578,37.779998779296875,23.199499130249023,2536400
2011-01-18,37.90999984741211,38.11000061035156,37.75,38.04999923706055,23.365293502807617,1614700
2011-01-19,38.04999923706055,38.119998931884766,37.400001525878906,37.619998931884766,23.10124397277832,2190900
2011-01-20,37.59000015258789,38.0,37.40999984741211,37.70000076293945,23.150379180908203,2131600
2011-01-21,37.90999984741211,37.90999984741211,37.31999969482422,37.38999938964844,22.960012435913086,4926200
2011-01-24,37.470001220703125,38.11000061035156,37.439998626708984,37.709999084472656,23.156513214111328,2300400
2011-01-25,37.65999984741211,37.720001220703125,37.220001220703125,37.5,23.027559280395508,2505200
2011-01-26,37.61000061035156,37.91999816894531,37.279998779296875,37.29999923706055,22.904743194580078,2130900
2011-01-27,37.130001068115234,37.41999816894531,36.290000915527344,37.15999984741211,22.818775177001953,3561300
2011-01-28,37.130001068115234,37.33000183105469,36.29999923706055,36.310001373291016,22.29681396484375,3101900
2011-01-31,36.47999954223633,36.689998626708984,36.13999938964844,36.279998779296875,22.278390884399414,2857900
2011-02-01,36.56999969482422,36.70000076293945,36.0099983215332,36.63999938964844,22.499460220336914,3474200
2011-02-02,36.560001373291016,37.060001373291016,36.540000915527344,36.63999938964844,22.499460220336914,2182600
2011-02-03,36.619998931884766,37.099998474121094,36.47999954223633,36.959999084472656,22.695959091186523,2084000
2011-02-04,36.90999984741211,36.91999816894531,36.31999969482422,36.75,22.56700325012207,1407800
2011-02-07,36.810001373291016,36.880001068115234,36.5099983215332,36.79999923706055,22.59771156311035,1886900
2011-02-08,36.81999969482422,36.9900016784668,36.70000076293945,36.95000076293945,22.689821243286133,1152500
2011-02-09,36.779998779296875,37.09000015258789,36.59000015258789,37.08000183105469,22.769649505615234,1416000
2011-02-10,36.84000015258789,37.11000061035156,36.84000015258789,37.040000915527344,22.745084762573242,1697800
2011-02-11,36.900001525878906,37.16999816894531,36.900001525878906,37.02000045776367,22.732807159423828,1483900
2011-02-14,37.040000915527344,37.06999969482422,36.540000915527344,36.84000015258789,22.62227439880371,1631700
2011-02-15,37.06999969482422,37.27000045776367,36.83000183105469,37.04999923706055,22.7512264251709,1467300
2011-02-16,37.06999969482422,37.06999969482422,36.61000061035156,36.75,22.56700325012207,1375800
2011-02-17,36.720001220703125,36.97999954223633,36.70000076293945,36.91999816894531,22.671401977539062,1158400
2011-02-18,36.849998474121094,37.0,36.599998474121094,36.68000030517578,22.524024963378906,1856400
2011-02-22,36.36000061035156,36.709999084472656,36.31999969482422,36.470001220703125,22.39506721496582,1567800
2011-02-23,36.439998626708984,36.689998626708984,36.02000045776367,36.040000915527344,22.131017684936523,1997500
2011-02-24,36.11000061035156,36.150001525878906,35.70000076293945,35.79999923706055,21.983644485473633,1899400
2011-02-25,35.959999084472656,36.310001373291016,35.79999923706055,36.0099983215332,22.11259651184082,1531000
2011-02-28,35.2599983215332,37.47999954223633,35.18000030517578,37.119998931884766,22.79421043395996,4347000
2011-03-01,37.369998931884766,37.45000076293945,36.77000045776367,37.209999084472656,22.849477767944336,3951600
2011-03-02,37.099998474121094,37.689998626708984,37.029998779296875,37.58000183105469,23.076677322387695,4400400
2011-03-03,37.790000915527344,38.380001068115234,37.779998779296875,37.959999084472656,23.310028076171875,4893800
2011-03-04,38.040000915527344,38.18000030517578,37.13999938964844,37.45000076293945,22.99685287475586,4158500
2011-03-07,37.630001068115234,38.09000015258789,36.88999938964844,37.59000015258789,23.082822799682617,3676600
2011-03-08,37.54999923706055,38.15999984741211,37.52000045776367,38.029998779296875,23.353015899658203,3025500
2011-03-09,38.040000915527344,38.2400016784668,37.81999969482422,38.08000183105469,23.383726119995117,1990200
2011-03-10,37.79999923706055,37.97999954223633,37.41999816894531,37.41999816894531,22.978431701660156,2136700
2011-03-11,37.54999923706055,37.93000030517578,37.36000061035156,37.7599983215332,23.187211990356445,2208200
2011-03-14,37.380001068115234,37.380001068115234,36.599998474121094,36.779998779296875,22.585426330566406,4275300
2011-03-15,36.0,36.5099983215332,35.4900016784668,35.810001373291016,21.989791870117188,5994500
2011-03-16,35.810001373291016,36.060001373291016,35.209999084472656,35.4900016784668,21.793285369873047,4923800
2011-03-17,35.84000015258789,35.939998626708984,35.119998931884766,35.61000061035156,21.866973876953125,2742700
2011-03-18,36.0,36.29999923706055,35.56999969482422,35.709999084472656,21.928373336791992,3560500
2011-03-21,36.09000015258789,36.439998626708984,35.869998931884766,36.400001525878906,22.352087020874023,2567100
2011-03-22,36.36000061035156,36.619998931884766,36.31999969482422,36.52000045776367,22.425769805908203,1969000
2011-03-23,36.400001525878906,36.560001373291016,36.25,36.529998779296875,22.43191146850586,1520700
2011-03-24,36.709999084472656,36.79999923706055,36.33000183105469,36.75,22.56700325012207,1784400
2011-03-25,36.79999923706055,36.88999938964844,36.58000183105469,36.619998931884766,22.48719024658203,1828500
2011-03-28,36.66999816894531,36.75,36.099998474121094,36.13999938964844,22.192424774169922,2472200
2011-03-29,35.95000076293945,36.439998626708984,35.810001373291016,36.400001525878906,22.55177116394043,2189200
2011-03-30,36.56999969482422,36.83000183105469,36.52000045776367,36.61000061035156,22.68187141418457,2755900
2011-03-31,36.599998474121094,36.7400016784668,36.33000183105469,36.59000015258789,22.66948127746582,1940100
2011-04-01,36.540000915527344,37.11000061035156,36.540000915527344,37.04999923706055,22.95448112487793,2541100
2011-04-04,37.15999984741211,37.15999984741211,36.779998779296875,36.88999938964844,22.855342864990234,1298600
2011-04-05,36.790000915527344,37.04999923706055,36.68000030517578,36.93000030517578,22.880130767822266,2340000
2011-04-06,36.9900016784668,37.310001373291016,36.900001525878906,37.08000183105469,22.973064422607422,1676500
2011-04-07,37.060001373291016,37.16999816894531,36.7599983215332,36.91999816894531,22.873931884765625,1510900
2011-04-08,36.939998626708984,37.31999969482422,36.939998626708984,37.27000045776367,23.090778350830078,2441200
2011-04-11,37.40999984741211,37.40999984741211,36.630001068115234,36.790000915527344,22.79339599609375,1765200
2011-04-12,37.41999816894531,38.27000045776367,37.22999954223633,37.91999816894531,23.493488311767578,6574300
2011-04-13,38.0099983215332,38.400001525878906,37.90999984741211,38.16999816894531,23.648374557495117,3842300
2011-04-14,37.9900016784668,38.22999954223633,37.599998474121094,38.20000076293945,23.666961669921875,3121900
2011-04-15,38.34000015258789,38.869998931884766,38.20000076293945,38.720001220703125,23.9891357421875,2937000
2011-04-18,38.43000030517578,38.63999938964844,38.040000915527344,38.18000030517578,23.654571533203125,2773100
2011-04-19,38.15999984741211,38.2599983215332,38.04999923706055,38.18000030517578,23.654571533203125,1698100
2011-04-20,38.560001373291016,38.77000045776367,38.439998626708984,38.7400016784668,24.001527786254883,1635300
2011-04-21,38.7599983215332,38.7599983215332,38.40999984741211,38.619998931884766,23.92717742919922,1555100
2011-04-25,38.54999923706055,38.650001525878906,38.209999084472656,38.369998931884766,23.772287368774414,1613200
2011-04-26,38.380001068115234,38.939998626708984,38.380001068115234,38.77000045776367,24.020103454589844,1800000
2011-04-27,38.88999938964844,39.27000045776367,38.7400016784668,39.20000076293945,24.286516189575195,1478000
2011-04-28,38.97999954223633,39.5,38.97999954223633,39.459999084472656,24.447612762451172,1624300
2011-04-29,39.380001068115234,39.59000015258789,39.08000183105469,39.27000045776367,24.32988166809082,1932300
2011-05-02,39.349998474121094,39.619998931884766,39.09000015258789,39.25,24.317495346069336,2327600
2011-05-03,39.2599983215332,39.79999923706055,39.119998931884766,39.290000915527344,24.34227752685547,4212700
2011-05-04,39.09000015258789,39.33000183105469,38.84000015258789,39.029998779296875,24.181194305419922,2725200
2011-05-05,38.90999984741211,39.150001525878906,38.529998779296875,38.779998779296875,24.026296615600586,2330300
2011-05-06,39.22999954223633,39.630001068115234,39.16999816894531,39.4900016784668,24.4661865234375,2626700
2011-05-09,39.36000061035156,39.380001068115234,38.93000030517578,39.04999923706055,24.193584442138672,2117600
2011-05-10,39.189998626708984,40.02000045776367,39.15999984741211,39.880001068115234,24.70781898498535,3165600
2011-05-11,39.88999938964844,40.150001525878906,39.599998474121094,39.81999969482422,24.670637130737305,2091000
2011-05-12,39.7400016784668,40.0,39.36000061035156,39.58000183105469,24.521944046020508,4733500
2011-05-13,39.70000076293945,39.720001220703125,39.189998626708984,39.54999923706055,24.50336265563965,5198700
2011-05-16,39.540000915527344,39.83000183105469,39.400001525878906,39.54999923706055,24.50336265563965,4638500
2011-05-17,39.529998779296875,39.650001525878906,39.459999084472656,39.59000015258789,24.52814292907715,3723500
2011-05-18,39.56999969482422,39.599998474121094,39.09000015258789,39.290000915527344,24.34227752685547,2178100
2011-05-19,39.25,39.41999816894531,38.9900016784668,39.04999923706055,24.193584442138672,3073300
2011-05-20,39.06999969482422,39.970001220703125,38.81999969482422,39.720001220703125,24.608680725097656,6827000
2011-05-23,39.400001525878906,39.93000030517578,39.38999938964844,39.52000045776367,24.48476791381836,4135200
2011-05-24,39.630001068115234,39.630001068115234,39.15999984741211,39.15999984741211,24.261735916137695,1855600
2011-05-25,39.040000915527344,39.709999084472656,39.0,39.470001220703125,24.453798294067383,2606200
2011-05-26,39.36000061035156,39.52000045776367,39.06999969482422,39.369998931884766,24.391841888427734,1596700
2011-05-27,39.459999084472656,39.66999816894531,39.31999969482422,39.31999969482422,24.36086654663086,1297100
2011-05-31,39.599998474121094,39.63999938964844,39.2400016784668,39.36000061035156,24.385650634765625,2136200
2011-06-01,39.279998779296875,39.38999938964844,38.93000030517578,39.11000061035156,24.230758666992188,1897700
2011-06-02,39.130001068115234,39.130001068115234,38.4900016784668,38.790000915527344,24.032499313354492,2397900
2011-06-03,38.439998626708984,39.11000061035156,38.279998779296875,38.90999984741211,24.106843948364258,2948000
2011-06-06,38.83000183105469,38.88999938964844,38.5099983215332,38.5099983215332,23.859031677246094,1673800
2011-06-07,38.58000183105469,38.86000061035156,38.400001525878906,38.7599983215332,24.013917922973633,2057100
2011-06-08,38.65999984741211,38.900001525878906,38.599998474121094,38.86000061035156,24.075878143310547,2632300
2011-06-09,38.88999938964844,39.43000030517578,38.7400016784668,39.040000915527344,24.187387466430664,3103200
2011-06-10,39.0,39.06999969482422,38.810001373291016,39.0,24.162607192993164,2095000
2011-06-13,39.04999923706055,39.290000915527344,38.90999984741211,39.119998931884766,24.236953735351562,1966700
2011-06-14,39.310001373291016,39.349998474121094,38.77000045776367,39.119998931884766,24.236953735351562,1965700
2011-06-15,38.9900016784668,39.15999984741211,38.59000015258789,38.709999084472656,23.98293113708496,2821900
2011-06-16,38.91999816894531,39.34000015258789,38.83000183105469,39.09000015258789,24.21836280822754,2444100
2011-06-17,39.41999816894531,39.61000061035156,39.220001220703125,39.2400016784668,24.311302185058594,2435500
2011-06-20,39.29999923706055,39.29999923706055,38.93000030517578,39.2400016784668,24.311302185058594,1931500
2011-06-21,39.459999084472656,39.459999084472656,39.06999969482422,39.16999816894531,24.267929077148438,1883000
2011-06-22,39.130001068115234,39.279998779296875,38.880001068115234,39.0099983215332,24.168798446655273,1618900
2011-06-23,38.56999969482422,38.7400016784668,38.130001068115234,38.36000061035156,23.76608657836914,2276800
2011-06-24,38.36000061035156,38.9900016784668,38.36000061035156,38.70000076293945,23.97673797607422,6363100
2011-06-27,38.779998779296875,39.099998474121094,38.720001220703125,38.900001525878906,24.100658416748047,2355800
2011-06-28,38.880001068115234,38.880001068115234,38.47999954223633,38.66999816894531,24.15687370300293,1343400
2011-06-29,38.7400016784668,38.81999969482422,38.599998474121094,38.7599983215332,24.213102340698242,2322000
2011-06-30,38.900001525878906,38.900001525878906,38.59000015258789,38.75,24.20684814453125,1451300
2011-07-01,38.75,38.95000076293945,38.61000061035156,38.869998931884766,24.281816482543945,2487900
2011-07-05,38.65999984741211,38.91999816894531,38.630001068115234,38.66999816894531,24.15687370300293,2029300
2011-07-06,38.56999969482422,38.880001068115234,38.459999084472656,38.79999923706055,24.238075256347656,1119500
2011-07-07,38.900001525878906,38.900001525878906,38.59000015258789,38.790000915527344,24.23183822631836,1898100
2011-07-08,38.540000915527344,39.13999938964844,38.38999938964844,39.04999923706055,24.394256591796875,4042400
2011-07-11,38.7599983215332,38.7599983215332,38.38999938964844,38.439998626708984,24.013195037841797,1774700
2011-07-12,38.31999969482422,39.040000915527344,38.2400016784668,38.81999969482422,24.250577926635742,2629900
2011-07-13,38.95000076293945,38.97999954223633,38.5,38.52000045776367,24.063173294067383,2160800
2011-07-14,38.58000183105469,38.779998779296875,38.380001068115234,38.45000076293945,24.01943588256836,2272500
2011-07-15,38.58000183105469,38.66999816894531,38.310001373291016,38.56999969482422,24.094404220581055,2143800
2011-07-18,38.41999816894531,38.41999816894531,37.84000015258789,37.93000030517578,23.694602966308594,1855000
2011-07-19,37.959999084472656,38.150001525878906,37.70000076293945,38.04999923706055,23.76956558227539,1812700
2011-07-20,38.08000183105469,38.5099983215332,37.959999084472656,38.310001373291016,23.931982040405273,1855700
2011-07-21,38.54999923706055,39.16999816894531,38.47999954223633,39.13999938964844,24.450477600097656,2170700
2011-07-22,39.25,39.25,38.97999954223633,39.22999954223633,24.5067081451416,2739300
2011-07-25,39.029998779296875,39.25,38.95000076293945,39.189998626708984,24.48171043395996,2214800
2011-07-26,39.13999938964844,39.18000030517578,38.790000915527344,38.869998931884766,24.281816482543945,1074100
2011-07-27,38.77000045776367,39.04999923706055,38.66999816894531,38.849998474121094,24.269317626953125,2203100
2011-07-28,38.79999923706055,38.84000015258789,38.5099983215332,38.599998474121094,24.113147735595703,2085100
2011-07-29,38.369998931884766,38.45000076293945,38.0,38.06999969482422,23.782054901123047,2121000
2011-08-01,38.2599983215332,38.400001525878906,37.7599983215332,37.939998626708984,23.700841903686523,1692000
2011-08-02,37.790000915527344,38.0,37.029998779296875,37.029998779296875,23.13237762451172,2478600
2011-08-03,37.130001068115234,37.20000076293945,36.2599983215332,36.880001068115234,23.03867530822754,2911300
2011-08-04,36.38999938964844,36.709999084472656,35.04999923706055,35.04999923706055,21.895484924316406,3368800
2011-08-05,35.31999969482422,35.7599983215332,34.36000061035156,35.04999923706055,21.895484924316406,4697100
2011-08-08,34.25,35.0099983215332,33.130001068115234,33.290000915527344,20.796024322509766,5639200
2011-08-09,33.47999954223633,34.63999938964844,32.63999938964844,34.619998931884766,21.62686538696289,5849100
2011-08-10,34.130001068115234,34.81999969482422,33.58000183105469,33.880001068115234,21.164592742919922,4482400
2011-08-11,33.9900016784668,35.5099983215332,33.810001373291016,35.13999938964844,21.951711654663086,3153900
2011-08-12,35.400001525878906,35.630001068115234,34.59000015258789,34.779998779296875,21.72681427001953,2099500
2011-08-15,35.029998779296875,36.25,34.95000076293945,36.25,22.645118713378906,2310300
2011-08-16,36.0099983215332,36.619998931884766,35.869998931884766,36.36000061035156,22.71383285522461,3133300
2011-08-17,36.560001373291016,36.79999923706055,36.349998474121094,36.47999954223633,22.78879737854004,1620700
2011-08-18,35.91999816894531,36.2400016784668,35.560001373291016,35.900001525878906,22.426471710205078,5318000
2011-08-19,35.630001068115234,36.29999923706055,35.470001220703125,35.86000061035156,22.40148162841797,3099200
2011-08-22,36.36000061035156,36.36000061035156,34.95000076293945,35.08000183105469,21.91422462463379,3744400
2011-08-23,35.11000061035156,35.70000076293945,34.97999954223633,35.689998626708984,22.2952880859375,2430200
2011-08-24,35.63999938964844,36.38999938964844,35.4900016784668,36.31999969482422,22.688840866088867,2408600
2011-08-25,36.459999084472656,36.47999954223633,35.58000183105469,36.08000183105469,22.538923263549805,2422100
2011-08-26,35.91999816894531,36.220001220703125,35.029998779296875,35.97999954223633,22.47644805908203,1919700
2011-08-29,36.400001525878906,36.959999084472656,36.31999969482422,36.95000076293945,23.082401275634766,1867300
2011-08-30,36.84000015258789,37.099998474121094,36.7400016784668,36.88999938964844,23.044912338256836,2027300
2011-08-31,37.06999969482422,37.349998474121094,36.95000076293945,37.189998626708984,23.23232078552246,1918900
2011-09-01,37.13999938964844,37.349998474121094,36.849998474121094,36.900001525878906,23.051166534423828,1853400
2011-09-02,36.61000061035156,36.630001068115234,36.150001525878906,36.189998626708984,22.607635498046875,1976700
2011-09-06,35.61000061035156,35.709999084472656,35.060001373291016,35.66999816894531,22.282793045043945,2170300
2011-09-07,36.0,36.34000015258789,35.869998931884766,36.34000015258789,22.70133399963379,2035900
2011-09-08,36.290000915527344,36.4900016784668,36.029998779296875,36.06999969482422,22.532669067382812,1180300
2011-09-09,35.72999954223633,35.7400016784668,35.15999984741211,35.36000061035156,22.089143753051758,3425400
2011-09-12,35.11000061035156,35.86000061035156,35.060001373291016,35.86000061035156,22.40148162841797,2560900
2011-09-13,35.939998626708984,36.13999938964844,35.59000015258789,36.09000015258789,22.545167922973633,2225600
2011-09-14,36.20000076293945,36.84000015258789,36.02000045776367,36.540000915527344,22.82628631591797,2303500
2011-09-15,36.84000015258789,37.279998779296875,36.709999084472656,37.2599983215332,23.27605438232422,2533000
2011-09-16,37.45000076293945,37.779998779296875,37.290000915527344,37.7599983215332,23.588407516479492,2790200
2011-09-19,37.290000915527344,37.72999954223633,37.13999938964844,37.650001525878906,23.519689559936523,1929700
2011-09-20,37.79999923706055,38.529998779296875,37.75,38.0099983215332,23.744569778442383,2185400
2011-09-21,37.90999984741211,38.209999084472656,37.310001373291016,37.33000183105469,23.31978988647461,2144100
2011-09-22,36.45000076293945,36.7599983215332,36.22999954223633,36.599998474121094,22.86374855041504,3214300
2011-09-23,36.59000015258789,37.54999923706055,36.36000061035156,37.11000061035156,23.182350158691406,3847100
2011-09-26,37.45000076293945,37.88999938964844,37.08000183105469,37.869998931884766,23.657115936279297,2061000
2011-09-27,38.38999938964844,38.56999969482422,37.650001525878906,37.77000045776367,23.59465217590332,2743700
2011-09-28,37.63999938964844,38.189998626708984,37.31999969482422,37.380001068115234,23.550554275512695,3339700
2011-09-29,37.959999084472656,38.279998779296875,37.79999923706055,38.2599983215332,24.1049747467041,2653800
2011-09-30,38.77000045776367,38.77000045776367,37.81999969482422,38.25,24.098674774169922,3663100
2011-10-03,38.11000061035156,38.459999084472656,37.060001373291016,37.11000061035156,23.38043785095215,2632600
2011-10-04,36.720001220703125,36.900001525878906,35.630001068115234,36.29999923706055,22.870119094848633,5300000
2011-10-05,36.29999923706055,36.400001525878906,35.75,36.27000045776367,22.851205825805664,3962000
2011-10-06,36.81999969482422,37.52000045776367,36.630001068115234,37.459999084472656,23.600950241088867,2688100
2011-10-07,37.68000030517578,38.06999969482422,37.459999084472656,37.7400016784668,23.777360916137695,2986300
2011-10-10,38.20000076293945,38.75,38.189998626708984,38.75,24.41368865966797,1770900
2011-10-11,38.7400016784668,38.83000183105469,38.25,38.59000015258789,24.312889099121094,1765200
2011-10-12,38.72999954223633,38.72999954223633,37.810001373291016,37.83000183105469,23.834070205688477,3299400
2011-10-13,37.689998626708984,38.029998779296875,37.47999954223633,37.93000030517578,23.897066116333008,1353600
2011-10-14,38.20000076293945,38.5,38.060001373291016,38.25,24.098674774169922,1891000
2011-10-17,38.099998474121094,38.27000045776367,37.86000061035156,37.90999984741211,23.88446617126465,1351900
2011-10-18,37.97999954223633,38.75,37.720001220703125,38.59000015258789,24.312889099121094,2249600
2011-10-19,38.59000015258789,39.130001068115234,38.43000030517578,38.52000045776367,24.268783569335938,1482400
2011-10-20,38.5099983215332,38.88999938964844,38.36000061035156,38.70000076293945,24.382184982299805,1061100
2011-10-21,39.18000030517578,39.599998474121094,38.970001220703125,39.560001373291016,24.924007415771484,1615200
2011-10-24,39.5,39.59000015258789,39.18000030517578,39.560001373291016,24.924007415771484,2002400
2011-10-25,39.47999954223633,39.91999816894531,39.349998474121094,39.529998779296875,24.90511131286621,3575100
2011-10-26,39.880001068115234,40.18000030517578,39.52000045776367,39.97999954223633,25.188627243041992,2349800
2011-10-27,40.79999923706055,41.56999969482422,40.599998474121094,41.29999923706055,26.020267486572266,4116500
2011-10-28,41.310001373291016,41.310001373291016,40.54999923706055,40.720001220703125,25.654848098754883,2794700
2011-10-31,40.560001373291016,41.16999816894531,40.43000030517578,40.599998474121094,25.579242706298828,1924100
2011-11-01,39.630001068115234,40.040000915527344,39.38999938964844,40.0,25.201236724853516,3462300
2011-11-02,40.31999969482422,41.040000915527344,39.91999816894531,40.02000045776367,25.213830947875977,4251700
2011-11-03,40.380001068115234,41.2400016784668,40.36000061035156,41.130001068115234,25.913166046142578,2826700
2011-11-04,41.0,41.09000015258789,40.220001220703125,40.7599983215332,25.680049896240234,1706200
2011-11-07,40.56999969482422,41.08000183105469,40.52000045776367,41.02000045776367,25.843854904174805,1570800
2011-11-08,41.0099983215332,41.15999984741211,40.599998474121094,41.13999938964844,25.91946792602539,1922300
2011-11-09,40.599998474121094,40.63999938964844,39.91999816894531,39.9900016784668,25.194929122924805,1570500
2011-11-10,40.27000045776367,40.68000030517578,39.93000030517578,40.470001220703125,25.497346878051758,2348300
2011-11-11,40.84000015258789,41.15999984741211,40.650001525878906,40.77000045776367,25.686351776123047,1534400
2011-11-14,40.52000045776367,40.77000045776367,40.22999954223633,40.5,25.5162410736084,1607500
2011-11-15,40.45000076293945,40.720001220703125,40.33000183105469,40.619998931884766,25.59184455871582,1129400
2011-11-16,40.25,40.40999984741211,39.689998626708984,39.72999954223633,25.0311222076416,1995800
2011-11-17,39.720001220703125,40.06999969482422,39.25,39.52000045776367,24.898807525634766,1608000
2011-11-18,39.650001525878906,39.90999984741211,39.540000915527344,39.61000061035156,24.955520629882812,1960700
2011-11-21,39.36000061035156,39.4900016784668,38.81999969482422,39.119998931884766,24.64680290222168,1143300
2011-11-22,39.15999984741211,39.189998626708984,38.25,38.43000030517578,24.212085723876953,1586800
2011-11-23,38.16999816894531,38.310001373291016,37.5099983215332,37.77000045776367,23.796260833740234,2432700
2011-11-25,37.83000183105469,38.099998474121094,37.83000183105469,37.849998474121094,23.84665870666504,830700
2011-11-28,38.380001068115234,38.619998931884766,37.900001525878906,38.119998931884766,24.016780853271484,2042400
2011-11-29,38.29999923706055,38.43000030517578,37.970001220703125,38.20000076293945,24.067176818847656,2922700
2011-11-30,38.83000183105469,39.33000183105469,38.65999984741211,39.310001373291016,24.766504287719727,2939000
2011-12-01,39.18000030517578,39.470001220703125,38.9900016784668,39.130001068115234,24.65311050415039,1313100
2011-12-02,39.20000076293945,39.22999954223633,38.380001068115234,38.459999084472656,24.230981826782227,1947900
2011-12-05,38.9900016784668,39.34000015258789,38.869998931884766,39.279998779296875,24.747610092163086,2494600
2011-12-06,39.38999938964844,39.90999984741211,39.27000045776367,39.58000183105469,24.93661117553711,1654400
2011-12-07,39.439998626708984,39.619998931884766,39.27000045776367,39.29999923706055,24.760208129882812,2187200
2011-12-08,39.22999954223633,39.22999954223633,38.41999816894531,38.5,24.256181716918945,1608600
2011-12-09,38.65999984741211,39.11000061035156,38.56999969482422,39.04999923706055,24.60269546508789,1866500
2011-12-12,38.970001220703125,39.41999816894531,38.72999954223633,38.970001220703125,24.55229949951172,1606900
2011-12-13,39.13999938964844,39.720001220703125,39.09000015258789,39.25,24.72870445251465,1954100
2011-12-14,39.13999938964844,39.220001220703125,38.7400016784668,38.810001373291016,24.451486587524414,1931100
2011-12-15,38.84000015258789,39.34000015258789,38.709999084472656,39.20000076293945,24.697202682495117,1626200
2011-12-16,39.279998779296875,39.75,39.16999816894531,39.29999923706055,24.760208129882812,1857700
2011-12-19,39.27000045776367,39.650001525878906,38.86000061035156,38.97999954223633,24.558597564697266,1430700
2011-12-20,39.5,40.02000045776367,39.369998931884766,39.95000076293945,25.169727325439453,1560600
2011-12-21,40.0,40.7400016784668,39.939998626708984,40.66999816894531,25.62333869934082,2329500
2011-12-22,40.68000030517578,40.86000061035156,40.529998779296875,40.70000076293945,25.642257690429688,1920300
2011-12-23,40.900001525878906,41.5,40.84000015258789,41.189998626708984,25.950969696044922,1028100
2011-12-27,41.22999954223633,41.560001373291016,41.130001068115234,41.38999938964844,26.076967239379883,1069100
2011-12-28,41.15999984741211,41.22999954223633,40.91999816894531,41.13999938964844,26.12459945678711,1280900
2011-12-29,41.279998779296875,41.54999923706055,41.20000076293945,41.52000045776367,26.36590576171875,1104200
2011-12-30,41.45000076293945,41.56999969482422,41.400001525878906,41.400001525878906,26.289697647094727,1170000
2012-01-03,41.810001373291016,41.900001525878906,41.15999984741211,41.36000061035156,26.26430892944336,2867300
2012-01-04,41.22999954223633,41.75,40.959999084472656,41.02000045776367,26.048391342163086,2207700
2012-01-05,40.79999923706055,40.83000183105469,40.31999969482422,40.529998779296875,25.737234115600586,3742700
2012-01-06,40.529998779296875,40.619998931884766,40.349998474121094,40.38999938964844,25.648338317871094,1783800
2012-01-09,40.41999816894531,40.560001373291016,40.310001373291016,40.369998931884766,25.63563346862793,1893800
2012-01-10,40.72999954223633,40.7400016784668,40.25,40.4900016784668,25.711835861206055,2125100
2012-01-11,40.36000061035156,40.68000030517578,40.290000915527344,40.63999938964844,25.807092666625977,3746100
2012-01-12,40.790000915527344,40.849998474121094,40.43000030517578,40.540000915527344,25.743593215942383,1798000
2012-01-13,40.40999984741211,40.58000183105469,40.15999984741211,40.56999969482422,25.762638092041016,2333300
2012-01-17,40.90999984741211,41.02000045776367,40.380001068115234,40.47999954223633,25.70549201965332,2193400
2012-01-18,40.38999938964844,40.58000183105469,40.15999984741211,40.439998626708984,25.680084228515625,1838200
2012-01-19,40.52000045776367,40.52000045776367,39.599998474121094,39.97999954223633,25.387975692749023,2669100
2012-01-20,39.97999954223633,40.540000915527344,39.97999954223633,40.4900016784668,25.711835861206055,2913400
2012-01-23,40.38999938964844,40.83000183105469,40.220001220703125,40.310001373291016,25.5975341796875,2204600
2012-01-24,40.150001525878906,40.27000045776367,39.900001525878906,40.119998931884766,25.476871490478516,1726600
2012-01-25,40.0,41.0,39.79999923706055,40.90999984741211,25.978546142578125,2896900
2012-01-26,40.900001525878906,41.709999084472656,40.88999938964844,41.380001068115234,26.277009963989258,2136000
2012-01-27,41.279998779296875,41.290000915527344,40.95000076293945,41.060001373291016,26.07378578186035,1561700
2012-01-30,40.90999984741211,40.90999984741211,40.540000915527344,40.720001220703125,25.857887268066406,1842100
2012-01-31,40.880001068115234,41.2400016784668,40.84000015258789,41.040000915527344,26.061100006103516,1722300
2012-02-01,41.13999938964844,41.290000915527344,40.86000061035156,40.93000030517578,25.991239547729492,1758100
2012-02-02,40.91999816894531,41.06999969482422,40.650001525878906,40.68000030517578,25.832496643066406,1728700
2012-02-03,41.34000015258789,41.40999984741211,40.81999969482422,41.08000183105469,26.086496353149414,1615700
2012-02-06,41.0,41.06999969482422,40.790000915527344,40.93000030517578,25.991239547729492,1357700
2012-02-07,40.77000045776367,41.189998626708984,40.619998931884766,41.09000015258789,26.092844009399414,963900
2012-02-08,41.029998779296875,41.08000183105469,40.72999954223633,41.0099983215332,26.042036056518555,936300
2012-02-09,40.91999816894531,41.22999954223633,40.7599983215332,41.09000015258789,26.092844009399414,1503500
2012-02-10,40.849998474121094,41.130001068115234,40.84000015258789,41.09000015258789,26.092844009399414,1150400
2012-02-13,41.20000076293945,41.209999084472656,40.63999938964844,40.65999984741211,25.81978988647461,1052100
2012-02-14,40.560001373291016,40.93000030517578,40.439998626708984,40.79999923706055,25.9086856842041,1255600
2012-02-15,40.77000045776367,40.880001068115234,40.310001373291016,40.58000183105469,25.768991470336914,1450100
2012-02-16,40.63999938964844,41.52000045776367,40.63999938964844,41.31999969482422,26.238903045654297,1684200
2012-02-17,41.5,41.5,41.150001525878906,41.15999984741211,26.137296676635742,1774400
2012-02-21,41.40999984741211,41.790000915527344,41.220001220703125,41.68000030517578,26.46750831604004,1627200
2012-02-22,41.540000915527344,41.93000030517578,41.470001220703125,41.720001220703125,26.492908477783203,1356500
2012-02-23,41.7599983215332,42.09000015258789,41.75,41.900001525878906,26.607210159301758,1693600
2012-02-24,41.959999084472656,42.36000061035156,41.72999954223633,42.22999954223633,26.816770553588867,1070600
2012-02-27,42.04999923706055,42.439998626708984,41.72999954223633,42.29999923706055,26.8612117767334,1241900
2012-02-28,42.40999984741211,42.40999984741211,41.880001068115234,41.9900016784668,26.664365768432617,1040300
2012-02-29,42.099998474121094,42.150001525878906,41.38999938964844,41.869998931884766,26.588157653808594,2176800
2012-03-01,42.27000045776367,44.5,42.27000045776367,42.779998779296875,27.16602325439453,4541600
2012-03-02,42.849998474121094,43.439998626708984,42.56999969482422,42.810001373291016,27.18507194519043,2367900
2012-03-05,42.720001220703125,43.18000030517578,42.619998931884766,43.099998474121094,27.369232177734375,1640600
2012-03-06,42.91999816894531,43.099998474121094,42.5099983215332,43.02000045776367,27.31843376159668,1890400
2012-03-07,43.0099983215332,43.06999969482422,42.58000183105469,42.97999954223633,27.29300880432129,1288500
2012-03-08,43.04999923706055,43.29999923706055,42.66999816894531,42.689998626708984,27.108884811401367,1865100
2012-03-09,42.83000183105469,43.04999923706055,42.560001373291016,42.81999969482422,27.191417694091797,1834200
2012-03-12,42.90999984741211,43.7400016784668,42.880001068115234,43.61000061035156,27.693092346191406,2257600
2012-03-13,43.900001525878906,43.900001525878906,43.560001373291016,43.810001373291016,27.820093154907227,1777000
2012-03-14,43.72999954223633,43.880001068115234,43.06999969482422,43.130001068115234,27.388282775878906,1293800
2012-03-15,43.09000015258789,43.310001373291016,42.849998474121094,43.0,27.305734634399414,1325900
2012-03-16,42.970001220703125,42.97999954223633,42.47999954223633,42.63999938964844,27.07712173461914,1908100
2012-03-19,42.59000015258789,42.77000045776367,42.209999084472656,42.2400016784668,26.823118209838867,1446900
2012-03-20,42.08000183105469,42.459999084472656,41.939998626708984,42.34000015258789,26.886608123779297,1370300
2012-03-21,42.33000183105469,42.81999969482422,42.27000045776367,42.599998474121094,27.05173110961914,1789000
2012-03-22,42.29999923706055,42.7599983215332,42.189998626708984,42.689998626708984,27.108884811401367,1875800
2012-03-23,42.619998931884766,42.790000915527344,42.58000183105469,42.66999816894531,27.096168518066406,1489800
2012-03-26,42.790000915527344,43.0,42.5,42.79999923706055,27.178728103637695,1680300
2012-03-27,42.869998931884766,43.529998779296875,42.79999923706055,43.29999923706055,27.49622917175293,2115900
2012-03-28,43.189998626708984,43.189998626708984,42.099998474121094,42.41999816894531,27.141122817993164,1392400
2012-03-29,42.150001525878906,42.560001373291016,41.83000183105469,42.5,27.19231414794922,2589500
2012-03-30,42.599998474121094,42.689998626708984,42.2599983215332,42.5099983215332,27.198719024658203,1267800
2012-04-02,42.40999984741211,42.849998474121094,42.189998626708984,42.790000915527344,27.377872467041016,1487100
2012-04-03,42.810001373291016,42.900001525878906,42.41999816894531,42.650001525878906,27.288291931152344,2414200
2012-04-04,42.38999938964844,42.869998931884766,42.31999969482422,42.81999969482422,27.397062301635742,1893800
2012-04-05,42.63999938964844,42.91999816894531,42.5,42.790000915527344,27.377872467041016,1983300
2012-04-09,42.43000030517578,42.79999923706055,42.290000915527344,42.77000045776367,27.365074157714844,1736800
2012-04-10,42.56999969482422,42.56999969482422,41.88999938964844,41.939998626708984,26.834020614624023,1646800
2012-04-11,42.15999984741211,42.16999816894531,41.65999984741211,41.65999984741211,26.654870986938477,1668800
2012-04-12,41.63999938964844,41.72999954223633,41.41999816894531,41.709999084472656,26.68686866760254,1557900
2012-04-13,42.029998779296875,42.41999816894531,41.56999969482422,41.56999969482422,26.597280502319336,2779500
2012-04-16,41.720001220703125,42.65999984741211,41.630001068115234,42.439998626708984,27.153926849365234,2148700
2012-04-17,42.650001525878906,43.02000045776367,42.349998474121094,42.95000076293945,27.480249404907227,2306400
2012-04-18,42.68000030517578,43.040000915527344,42.630001068115234,42.86000061035156,27.42266082763672,1705500
2012-04-19,42.790000915527344,42.810001373291016,42.349998474121094,42.52000045776367,27.205123901367188,1756800
2012-04-20,42.58000183105469,43.02000045776367,42.33000183105469,42.88999938964844,27.441862106323242,1986300
2012-04-23,42.650001525878906,42.75,42.130001068115234,42.380001068115234,27.11554527282715,1652400
2012-04-24,42.4900016784668,43.25,42.27000045776367,43.099998474121094,27.576215744018555,3462800
2012-04-25,43.43000030517578,43.720001220703125,43.0,43.66999816894531,27.94091796875,2115100
2012-04-26,43.58000183105469,43.709999084472656,43.18000030517578,43.650001525878906,27.928112030029297,1497700
2012-04-27,43.75,43.939998626708984,43.540000915527344,43.810001373291016,28.030485153198242,1213500
2012-04-30,43.81999969482422,44.04999923706055,43.59000015258789,44.0099983215332,28.158447265625,1600200
2012-05-01,44.0099983215332,44.52000045776367,43.86000061035156,44.27000045776367,28.324806213378906,1536700
2012-05-02,44.119998931884766,44.189998626708984,43.619998931884766,43.66999816894531,27.94091796875,1675700
2012-05-03,43.619998931884766,44.130001068115234,43.349998474121094,43.720001220703125,27.972896575927734,2515400
2012-05-04,43.709999084472656,44.09000015258789,43.65999984741211,43.7599983215332,27.998489379882812,2208000
2012-05-07,43.7599983215332,43.81999969482422,43.540000915527344,43.56999969482422,27.876922607421875,2431000
2012-05-08,43.369998931884766,43.63999938964844,43.22999954223633,43.43000030517578,27.787353515625,2308500
2012-05-09,43.13999938964844,44.09000015258789,43.13999938964844,43.959999084472656,28.126453399658203,3829700
2012-05-10,44.029998779296875,44.27000045776367,43.939998626708984,44.11000061035156,28.222436904907227,2519300
2012-05-11,43.93000030517578,44.45000076293945,43.880001068115234,44.38999938964844,28.401586532592773,2196400
2012-05-14,44.060001373291016,44.54999923706055,43.959999084472656,44.310001373291016,28.35039710998535,1687600
2012-05-15,44.349998474121094,44.529998779296875,43.9900016784668,44.099998474121094,28.216033935546875,2858600
2012-05-16,44.209999084472656,44.400001525878906,44.119998931884766,44.18000030517578,28.26721954345703,3009400
2012-05-17,44.2599983215332,44.27000045776367,43.779998779296875,43.900001525878906,28.08806800842285,1859600
2012-05-18,44.099998474121094,44.31999969482422,43.709999084472656,43.81999969482422,28.036882400512695,1966700
2012-05-21,43.93000030517578,44.470001220703125,43.869998931884766,44.459999084472656,28.446369171142578,1573900
2012-05-22,44.43000030517578,45.0,44.40999984741211,44.88999938964844,28.721481323242188,1870700
2012-05-23,44.77000045776367,44.939998626708984,44.290000915527344,44.68000030517578,28.587121963500977,1719700
2012-05-24,44.65999984741211,45.029998779296875,44.58000183105469,44.849998474121094,28.695892333984375,1525100
2012-05-25,44.540000915527344,45.25,44.540000915527344,45.0,28.791860580444336,1206700
2012-05-29,45.130001068115234,45.2400016784668,44.849998474121094,45.13999938964844,28.881439208984375,1522200
2012-05-30,44.939998626708984,45.31999969482422,44.65999984741211,44.689998626708984,28.59352684020996,1305100
2012-05-31,44.72999954223633,45.16999816894531,44.68000030517578,44.959999084472656,28.766277313232422,1422200
2012-06-01,44.4900016784668,44.86000061035156,44.29999923706055,44.369998931884766,28.38878631591797,1842900
2012-06-04,44.58000183105469,44.959999084472656,44.349998474121094,44.939998626708984,28.753477096557617,1605900
2012-06-05,44.849998474121094,45.20000076293945,44.70000076293945,45.130001068115234,28.875038146972656,1650500
2012-06-06,45.33000183105469,45.63999938964844,45.04999923706055,45.630001068115234,29.19495964050293,1596500
2012-06-07,45.72999954223633,45.970001220703125,45.470001220703125,45.63999938964844,29.201345443725586,4296800
2012-06-08,45.54999923706055,46.040000915527344,45.5099983215332,46.040000915527344,29.457273483276367,1711500
2012-06-11,46.310001373291016,46.54999923706055,45.9900016784668,46.0,29.431684494018555,1474900
2012-06-12,45.97999954223633,46.09000015258789,45.45000076293945,46.09000015258789,29.489269256591797,1991500
2012-06-13,46.11000061035156,46.11000061035156,45.68000030517578,45.91999816894531,29.3804931640625,1257700
2012-06-14,45.97999954223633,46.15999984741211,45.77000045776367,46.060001373291016,29.470081329345703,2058500
2012-06-15,46.22999954223633,46.34000015258789,45.91999816894531,46.13999938964844,29.52126121520996,2574300
2012-06-18,46.04999923706055,46.279998779296875,45.90999984741211,46.150001525878906,29.527658462524414,2441200
2012-06-19,46.27000045776367,46.380001068115234,45.83000183105469,45.900001525878906,29.367712020874023,3035800
2012-06-20,45.88999938964844,45.95000076293945,45.33000183105469,45.459999084472656,29.086185455322266,1781800
2012-06-21,45.70000076293945,45.779998779296875,44.779998779296875,44.849998474121094,28.695892333984375,2008300
2012-06-22,45.0,45.06999969482422,44.5,44.59000015258789,28.5295352935791,2480400
2012-06-25,44.27000045776367,44.75,44.2400016784668,44.66999816894531,28.58072280883789,1595800
2012-06-26,44.790000915527344,45.45000076293945,44.65999984741211,45.43000030517578,29.06698226928711,2809200
2012-06-27,44.84000015258789,45.90999984741211,44.81999969482422,45.869998931884766,29.559978485107422,1782700
2012-06-28,45.709999084472656,46.040000915527344,45.459999084472656,46.02000045776367,29.656646728515625,1506100
2012-06-29,46.459999084472656,46.47999954223633,45.81999969482422,46.20000076293945,29.772653579711914,1936600
2012-07-02,46.45000076293945,46.560001373291016,46.029998779296875,46.560001373291016,30.0046443939209,4182400
2012-07-03,46.5099983215332,46.810001373291016,46.20000076293945,46.290000915527344,29.830642700195312,909900
2012-07-05,46.16999816894531,46.20000076293945,45.70000076293945,45.70000076293945,29.450420379638672,1346100
2012-07-06,45.66999816894531,45.869998931884766,45.380001068115234,45.650001525878906,29.418203353881836,1430600
2012-07-09,45.70000076293945,45.86000061035156,45.529998779296875,45.849998474121094,29.547086715698242,1271800
2012-07-10,45.81999969482422,46.220001220703125,45.81999969482422,46.08000183105469,29.695310592651367,1351900
2012-07-11,46.0099983215332,46.52000045776367,46.0099983215332,46.38999938964844,29.895084381103516,2509700
2012-07-12,46.34000015258789,46.5099983215332,46.2400016784668,46.27000045776367,29.817750930786133,1363000
2012-07-13,46.25,46.599998474121094,46.22999954223633,46.40999984741211,29.907968521118164,2505100
2012-07-16,46.31999969482422,46.369998931884766,45.59000015258789,45.61000061035156,29.39242172241211,3111300
2012-07-17,45.790000915527344,45.95000076293945,45.599998474121094,45.66999816894531,29.43108558654785,2738400
2012-07-18,45.63999938964844,45.720001220703125,45.36000061035156,45.650001525878906,29.418203353881836,1699600
2012-07-19,45.59000015258789,45.880001068115234,45.400001525878906,45.79999923706055,29.514869689941406,2099000
2012-07-20,45.63999938964844,46.099998474121094,45.529998779296875,46.0099983215332,29.650197982788086,2031700
2012-07-23,45.83000183105469,46.06999969482422,45.5,45.63999938964844,29.411760330200195,1680600
2012-07-24,45.630001068115234,45.790000915527344,45.060001373291016,45.33000183105469,29.21198844909668,1137000
2012-07-25,45.40999984741211,45.4900016784668,45.0,45.13999938964844,29.08954429626465,1379300
2012-07-26,45.630001068115234,45.86000061035156,45.529998779296875,45.66999816894531,29.43108558654785,1803700
2012-07-27,45.880001068115234,46.4900016784668,45.880001068115234,46.36000061035156,29.875747680664062,4165900
2012-07-30,46.34000015258789,46.810001373291016,46.20000076293945,46.720001220703125,30.107746124267578,1265000
2012-07-31,46.77000045776367,46.939998626708984,46.150001525878906,46.18000030517578,29.759748458862305,1880600
2012-08-01,45.869998931884766,46.79999923706055,44.900001525878906,44.91999816894531,28.947778701782227,3526400
2012-08-02,44.66999816894531,45.029998779296875,44.33000183105469,45.0099983215332,29.005769729614258,2106000
2012-08-03,45.380001068115234,45.77000045776367,45.27000045776367,45.689998626708984,29.44397735595703,1743000
2012-08-06,45.86000061035156,46.029998779296875,45.25,45.25,29.160436630249023,1515000
2012-08-07,45.36000061035156,45.36000061035156,44.54999923706055,44.560001373291016,28.715778350830078,2696100
2012-08-08,44.52000045776367,44.68000030517578,44.16999816894531,44.61000061035156,28.748001098632812,1990900
2012-08-09,44.66999816894531,44.95000076293945,44.4900016784668,44.849998474121094,28.90266227722168,1305100
2012-08-10,44.630001068115234,45.029998779296875,44.439998626708984,44.97999954223633,28.9864444732666,1132900
2012-08-13,44.849998474121094,45.0099983215332,44.63999938964844,44.779998779296875,28.857545852661133,916200
2012-08-14,44.869998931884766,45.4900016784668,44.84000015258789,45.279998779296875,29.179765701293945,2092900
2012-08-15,45.25,45.4900016784668,44.97999954223633,45.31999969482422,29.205549240112305,1538400
2012-08-16,45.290000915527344,45.29999923706055,44.939998626708984,45.06999969482422,29.04443359375,1222000
2012-08-17,44.5099983215332,44.790000915527344,44.45000076293945,44.7599983215332,28.84466552734375,1483700
2012-08-20,44.709999084472656,44.83000183105469,44.52000045776367,44.83000183105469,28.8897762298584,1018900
2012-08-21,44.27000045776367,44.79999923706055,44.16999816894531,44.25,28.516008377075195,1534100
2012-08-22,44.119998931884766,44.41999816894531,43.95000076293945,44.08000183105469,28.40645408630371,2059600
2012-08-23,44.08000183105469,44.11000061035156,43.45000076293945,43.599998474121094,28.097124099731445,1601100
2012-08-24,43.560001373291016,43.900001525878906,43.540000915527344,43.869998931884766,28.271116256713867,1289000
2012-08-27,43.83000183105469,43.869998931884766,43.470001220703125,43.59000015258789,28.090679168701172,1811000
2012-08-28,43.45000076293945,43.599998474121094,43.099998474121094,43.29999923706055,27.90378761291504,2810200
2012-08-29,43.349998474121094,43.88999938964844,43.290000915527344,43.709999084472656,28.168012619018555,1511800
2012-08-30,43.560001373291016,44.040000915527344,43.439998626708984,43.810001373291016,28.232458114624023,1540100
2012-08-31,43.90999984741211,43.970001220703125,43.61000061035156,43.790000915527344,28.219568252563477,1813400
2012-09-04,43.75,44.029998779296875,43.7400016784668,43.970001220703125,28.33556365966797,2569200
2012-09-05,43.970001220703125,44.09000015258789,43.849998474121094,43.9900016784668,28.348453521728516,2060300
2012-09-06,44.09000015258789,44.4900016784668,44.0099983215332,44.380001068115234,28.599775314331055,1423500
2012-09-07,44.380001068115234,44.400001525878906,44.09000015258789,44.310001373291016,28.554672241210938,1062600
2012-09-10,44.38999938964844,44.5,44.119998931884766,44.34000015258789,28.574007034301758,842900
2012-09-11,44.2599983215332,44.459999084472656,44.209999084472656,44.43000030517578,28.631994247436523,1478800
2012-09-12,44.41999816894531,44.47999954223633,44.15999984741211,44.470001220703125,28.657777786254883,1115700
2012-09-13,44.38999938964844,45.150001525878906,44.38999938964844,45.099998474121094,29.06377601623535,1563100
2012-09-14,45.08000183105469,45.16999816894531,44.779998779296875,45.16999816894531,29.108875274658203,2397200
2012-09-17,45.189998626708984,45.2400016784668,44.66999816894531,44.7400016784668,28.831775665283203,1153200
2012-09-18,44.619998931884766,45.15999984741211,44.58000183105469,45.15999984741211,29.102426528930664,1827800
2012-09-19,45.150001525878906,45.290000915527344,44.86000061035156,45.20000076293945,29.128211975097656,1592400
2012-09-20,45.09000015258789,45.27000045776367,45.040000915527344,45.209999084472656,29.13465118408203,1338900
2012-09-21,45.310001373291016,45.43000030517578,45.119998931884766,45.38999938964844,29.250656127929688,1830000
2012-09-24,45.220001220703125,46.08000183105469,45.220001220703125,45.97999954223633,29.630857467651367,1722000
2012-09-25,46.0099983215332,46.20000076293945,45.810001373291016,45.810001373291016,29.52130699157715,1414500
2012-09-26,45.59000015258789,45.9900016784668,45.45000076293945,45.4900016784668,29.524566650390625,1204400
2012-09-27,45.540000915527344,45.93000030517578,45.43000030517578,45.459999084472656,29.505084991455078,1360000
2012-09-28,45.369998931884766,45.810001373291016,45.099998474121094,45.689998626708984,29.654361724853516,1750400
2012-10-01,45.810001373291016,46.439998626708984,45.709999084472656,45.959999084472656,29.829612731933594,2200700
2012-10-02,46.029998779296875,46.11000061035156,45.65999984741211,46.0,29.85556411743164,2415800
2012-10-03,46.08000183105469,46.790000915527344,46.02000045776367,46.599998474121094,30.2449951171875,2053300
2012-10-04,46.849998474121094,47.4900016784668,46.81999969482422,47.099998474121094,30.569490432739258,2369700
2012-10-05,47.209999084472656,47.52000045776367,47.130001068115234,47.25,30.666851043701172,2409600
2012-10-08,47.25,47.45000076293945,46.66999816894531,47.060001373291016,30.543540954589844,1549300
2012-10-09,46.810001373291016,47.029998779296875,46.599998474121094,46.900001525878906,30.439697265625,1933800
2012-10-10,46.900001525878906,47.0,46.70000076293945,46.77000045776367,30.355327606201172,1326700
2012-10-11,46.90999984741211,47.099998474121094,46.720001220703125,46.7400016784668,30.33584976196289,1068700
2012-10-12,46.880001068115234,47.11000061035156,46.52000045776367,46.59000015258789,30.238494873046875,974400
2012-10-15,46.54999923706055,47.06999969482422,46.31999969482422,47.04999923706055,30.53704071044922,1455800
2012-10-16,47.220001220703125,47.540000915527344,47.08000183105469,47.290000915527344,30.69282341003418,1499900
2012-10-17,47.380001068115234,47.869998931884766,47.33000183105469,47.65999984741211,30.932954788208008,1547000
2012-10-18,47.439998626708984,47.959999084472656,47.369998931884766,47.959999084472656,31.127683639526367,1141100
2012-10-19,47.869998931884766,47.93000030517578,47.209999084472656,47.400001525878906,30.764217376708984,1400300
2012-10-22,47.29999923706055,47.599998474121094,47.11000061035156,47.47999954223633,30.816139221191406,3108400
2012-10-23,46.86000061035156,46.9900016784668,46.59000015258789,46.79999923706055,30.374784469604492,2696300
2012-10-24,46.900001525878906,47.0,46.470001220703125,46.4900016784668,30.173595428466797,1263800
2012-10-25,46.7599983215332,46.970001220703125,46.43000030517578,46.7400016784668,30.33584976196289,1036600
2012-10-26,46.810001373291016,46.81999969482422,46.369998931884766,46.56999969482422,30.22549819946289,1268200
2012-10-31,46.599998474121094,47.220001220703125,46.560001373291016,46.91999816894531,30.452667236328125,1652700
2012-11-01,47.060001373291016,47.060001373291016,46.58000183105469,46.709999084472656,30.316383361816406,1269900
2012-11-02,46.66999816894531,47.31999969482422,46.560001373291016,46.689998626708984,30.303401947021484,2166900
2012-11-05,46.459999084472656,46.470001220703125,45.939998626708984,46.02000045776367,29.868549346923828,1330000
2012-11-06,46.0099983215332,46.150001525878906,45.47999954223633,45.68000030517578,29.647872924804688,1315300
2012-11-07,45.56999969482422,45.65999984741211,44.86000061035156,44.939998626708984,29.167583465576172,2104400
2012-11-08,45.02000045776367,45.209999084472656,44.369998931884766,44.38999938964844,28.810626983642578,2795900
2012-11-09,44.36000061035156,44.529998779296875,44.099998474121094,44.16999816894531,28.667823791503906,2021900
2012-11-12,44.09000015258789,44.11000061035156,43.720001220703125,43.90999984741211,28.499080657958984,2038700
2012-11-13,43.779998779296875,44.439998626708984,43.7400016784668,44.13999938964844,28.648361206054688,1728500
2012-11-14,44.220001220703125,44.33000183105469,43.90999984741211,44.130001068115234,28.641870498657227,2056500
2012-11-15,44.16999816894531,44.290000915527344,43.54999923706055,43.790000915527344,28.421201705932617,998500
2012-11-16,43.88999938964844,44.4900016784668,43.630001068115234,44.459999084472656,28.85605812072754,2627800
2012-11-19,44.689998626708984,44.689998626708984,43.81999969482422,44.130001068115234,28.641870498657227,2171900
2012-11-20,44.25,44.27000045776367,43.66999816894531,44.06999969482422,28.602924346923828,3000600
2012-11-21,44.0,44.04999923706055,43.22999954223633,43.81999969482422,28.440677642822266,2447400
2012-11-23,43.849998474121094,43.91999816894531,43.130001068115234,43.4900016784668,28.22649574279785,976100
2012-11-26,43.400001525878906,44.56999969482422,43.400001525878906,44.43000030517578,28.836576461791992,2478000
2012-11-27,44.560001373291016,44.91999816894531,44.40999984741211,44.4900016784668,28.875516891479492,1616200
2012-11-28,44.34000015258789,44.56999969482422,44.099998474121094,44.470001220703125,28.8625431060791,1840000
2012-11-29,44.56999969482422,45.099998474121094,44.400001525878906,45.04999923706055,29.238981246948242,1632600
2012-11-30,45.0,45.540000915527344,44.709999084472656,45.47999954223633,29.518068313598633,2397900
2012-12-03,45.040000915527344,45.20000076293945,44.540000915527344,45.13999938964844,29.297395706176758,1915800
2012-12-04,44.95000076293945,45.13999938964844,44.38999938964844,44.45000076293945,28.849573135375977,2354800
2012-12-05,44.4900016784668,45.22999954223633,44.47999954223633,44.97999954223633,29.193557739257812,2859100
2012-12-06,45.029998779296875,45.209999084472656,44.810001373291016,44.95000076293945,29.174068450927734,1386600
2012-12-07,45.0,45.09000015258789,44.81999969482422,44.97999954223633,29.193557739257812,1092000
2012-12-10,44.84000015258789,44.97999954223633,42.56999969482422,44.65999984741211,28.985862731933594,1467800
2012-12-11,44.720001220703125,44.790000915527344,44.540000915527344,44.790000915527344,29.070232391357422,1970300
2012-12-12,44.86000061035156,45.099998474121094,44.54999923706055,44.79999923706055,29.076730728149414,2245800
2012-12-13,44.68000030517578,44.83000183105469,44.27000045776367,44.4900016784668,28.875516891479492,1543100
2012-12-14,44.36000061035156,45.20000076293945,44.36000061035156,44.810001373291016,29.083219528198242,2742300
2012-12-17,44.81999969482422,45.2400016784668,44.81999969482422,44.9900016784668,29.200044631958008,3976800
2012-12-18,44.97999954223633,45.779998779296875,44.90999984741211,45.720001220703125,29.673830032348633,2261800
2012-12-19,45.849998474121094,45.869998931884766,45.34000015258789,45.540000915527344,29.55701446533203,1667300
2012-12-20,45.63999938964844,46.04999923706055,45.439998626708984,46.04999923706055,29.888015747070312,2074300
2012-12-21,45.779998779296875,46.220001220703125,45.65999984741211,45.81999969482422,29.738744735717773,3637100
2012-12-24,45.4900016784668,45.77000045776367,45.150001525878906,45.47999954223633,29.518068313598633,1607300
2012-12-26,45.52000045776367,45.56999969482422,44.849998474121094,44.88999938964844,29.1351318359375,2355200
2012-12-27,44.790000915527344,45.09000015258789,44.47999954223633,44.97999954223633,29.4150390625,2547000
2012-12-28,44.72999954223633,45.22999954223633,44.45000076293945,44.77000045776367,29.277690887451172,2049800
2012-12-31,44.689998626708984,45.20000076293945,44.33000183105469,45.189998626708984,29.552366256713867,2162500
2013-01-02,45.09000015258789,46.02000045776367,44.91999816894531,46.0099983215332,30.088607788085938,2632400
2013-01-03,45.959999084472656,46.560001373291016,45.880001068115234,46.34000015258789,30.30441665649414,2076800
2013-01-04,46.27000045776367,47.040000915527344,46.2599983215332,47.0,30.736026763916016,2747200
2013-01-07,46.81999969482422,46.880001068115234,46.11000061035156,46.150001525878906,30.180171966552734,2290500
2013-01-08,46.13999938964844,46.290000915527344,45.81999969482422,46.08000183105469,30.134387969970703,1856400
2013-01-09,46.11000061035156,46.11000061035156,45.72999954223633,45.81999969482422,29.964357376098633,1553500
2013-01-10,45.880001068115234,45.97999954223633,45.630001068115234,45.779998779296875,29.938194274902344,2189600
2013-01-11,46.04999923706055,46.36000061035156,45.7599983215332,45.79999923706055,29.951276779174805,2453000
2013-01-14,45.86000061035156,46.099998474121094,45.77000045776367,46.06999969482422,30.127843856811523,2643100
2013-01-15,46.040000915527344,46.40999984741211,45.86000061035156,46.400001525878906,30.343647003173828,1514700
2013-01-16,46.22999954223633,46.34000015258789,46.04999923706055,46.130001068115234,30.16708755493164,1563400
2013-01-17,46.2599983215332,46.540000915527344,46.209999084472656,46.29999923706055,30.278257369995117,1019600
2013-01-18,46.459999084472656,46.54999923706055,46.130001068115234,46.54999923706055,30.441749572753906,1590300
2013-01-22,46.38999938964844,46.970001220703125,46.31999969482422,46.849998474121094,30.637928009033203,1335500
2013-01-23,46.72999954223633,46.7400016784668,46.380001068115234,46.58000183105469,30.46135139465332,1494100
2013-01-24,46.63999938964844,47.08000183105469,46.63999938964844,46.689998626708984,30.533302307128906,981600
2013-01-25,46.900001525878906,47.040000915527344,46.36000061035156,47.029998779296875,30.755643844604492,1259300
2013-01-28,46.95000076293945,47.029998779296875,46.560001373291016,46.77000045776367,30.585620880126953,1067900
2013-01-29,46.790000915527344,47.290000915527344,46.650001525878906,47.209999084472656,30.873348236083984,1256300
2013-01-30,47.099998474121094,47.779998779296875,46.79999923706055,47.63999938964844,31.15456771850586,2222100
2013-01-31,47.72999954223633,48.2400016784668,47.47999954223633,48.189998626708984,31.514238357543945,2787800
2013-02-01,48.040000915527344,48.290000915527344,47.880001068115234,48.189998626708984,31.514238357543945,2879900
2013-02-04,48.06999969482422,48.11000061035156,47.540000915527344,47.619998931884766,31.141477584838867,2017100
2013-02-05,47.77000045776367,48.16999816894531,47.709999084472656,47.9900016784668,31.38343620300293,1415100
2013-02-06,47.880001068115234,48.0,47.40999984741211,47.9900016784668,31.38343620300293,1713200
2013-02-07,48.029998779296875,48.220001220703125,47.540000915527344,47.709999084472656,31.20033073425293,3734200
2013-02-08,47.7400016784668,47.86000061035156,47.41999816894531,47.84000015258789,31.285362243652344,1629300
2013-02-11,47.77000045776367,48.06999969482422,47.689998626708984,47.97999954223633,31.37691307067871,1387800
2013-02-12,47.83000183105469,48.040000915527344,47.689998626708984,48.0,31.389995574951172,1310000
2013-02-13,48.08000183105469,48.310001373291016,47.52000045776367,47.63999938964844,31.15456771850586,1728400
2013-02-14,46.849998474121094,47.040000915527344,45.16999816894531,46.18000030517578,30.19977378845215,10222700
2013-02-15,46.290000915527344,46.849998474121094,45.97999954223633,46.68000030517578,30.526762008666992,3778000
2013-02-19,46.7599983215332,47.18000030517578,46.689998626708984,47.040000915527344,30.762187957763672,2447000
2013-02-20,47.0,47.02000045776367,46.56999969482422,46.58000183105469,30.46135139465332,2962700
2013-02-21,46.630001068115234,46.790000915527344,46.08000183105469,46.40999984741211,30.350187301635742,3030800
2013-02-22,46.529998779296875,46.88999938964844,46.47999954223633,46.86000061035156,30.644468307495117,1081200
2013-02-25,47.02000045776367,47.27000045776367,45.869998931884766,45.95000076293945,30.049373626708984,2955400
2013-02-26,46.04999923706055,46.209999084472656,45.58000183105469,46.119998931884766,30.160537719726562,2427500
2013-02-27,48.2400016784668,48.29999923706055,46.63999938964844,47.2400016784668,30.892982482910156,3950900
2013-02-28,47.68000030517578,48.13999938964844,47.34000015258789,48.029998779296875,31.40960121154785,3887900
2013-03-01,47.849998474121094,48.599998474121094,47.63999938964844,48.47999954223633,31.703893661499023,2517900
2013-03-04,48.59000015258789,49.38999938964844,48.439998626708984,49.34000015258789,32.26628875732422,2618700
2013-03-05,49.47999954223633,50.099998474121094,49.43000030517578,49.9900016784668,32.69136428833008,4481200
2013-03-06,49.97999954223633,50.209999084472656,49.81999969482422,50.189998626708984,32.8221549987793,2121000
2013-03-07,50.060001373291016,50.31999969482422,49.93000030517578,50.16999816894531,32.8090705871582,2048800
2013-03-08,50.290000915527344,50.7400016784668,50.08000183105469,50.720001220703125,33.168758392333984,2822200
2013-03-11,50.56999969482422,50.869998931884766,50.47999954223633,50.68000030517578,33.14259338378906,2292500
2013-03-12,50.66999816894531,50.880001068115234,50.400001525878906,50.709999084472656,33.162208557128906,2460400
2013-03-13,50.720001220703125,51.209999084472656,50.630001068115234,51.0,33.35184860229492,2570200
2013-03-14,50.95000076293945,51.2400016784668,50.66999816894531,51.20000076293945,33.4826545715332,2754100
2013-03-15,50.90999984741211,51.15999984741211,50.66999816894531,50.939998626708984,33.312618255615234,2450000
2013-03-18,50.4900016784668,50.720001220703125,50.279998779296875,50.5,33.02486801147461,1577400
2013-03-19,50.689998626708984,50.97999954223633,50.40999984741211,50.7400016784668,33.18183135986328,2028400
2013-03-20,50.900001525878906,51.119998931884766,50.75,50.79999923706055,33.221073150634766,1866400
2013-03-21,50.63999938964844,50.90999984741211,50.380001068115234,50.380001068115234,32.94640350341797,2112100
2013-03-22,50.52000045776367,50.810001373291016,50.11000061035156,50.40999984741211,32.96602249145508,2563400
2013-03-25,50.54999923706055,51.099998474121094,50.4900016784668,50.72999954223633,33.17528533935547,2186600
2013-03-26,50.56999969482422,50.88999938964844,50.38999938964844,50.4900016784668,33.23981857299805,4187000
2013-03-27,50.36000061035156,50.52000045776367,50.060001373291016,50.38999938964844,33.17396926879883,1965000
2013-03-28,50.16999816894531,50.56999969482422,50.13999938964844,50.31999969482422,33.12788391113281,2350500
2013-04-01,50.36000061035156,50.5,50.20000076293945,50.47999954223633,33.23322677612305,2289900
2013-04-02,50.650001525878906,51.0,50.439998626708984,50.79999923706055,33.443904876708984,2903000
2013-04-03,51.04999923706055,51.060001373291016,50.040000915527344,50.2400016784668,33.075218200683594,3527000
2013-04-04,50.130001068115234,50.59000015258789,49.650001525878906,50.0099983215332,32.92380142211914,4135300
2013-04-05,49.77000045776367,50.95000076293945,49.75,50.880001068115234,33.496559143066406,3586900
2013-04-08,50.93000030517578,50.970001220703125,50.220001220703125,50.970001220703125,33.555816650390625,1924600
2013-04-09,51.029998779296875,51.08000183105469,50.5099983215332,50.58000183105469,33.29905319213867,1335600
2013-04-10,50.560001373291016,51.06999969482422,50.560001373291016,50.81999969482422,33.45705795288086,1406000
2013-04-11,50.900001525878906,51.47999954223633,50.88999938964844,51.369998931884766,33.81914520263672,1982000
2013-04-12,51.31999969482422,52.040000915527344,51.29999923706055,51.95000076293945,34.20098876953125,2386500
2013-04-15,51.790000915527344,52.02000045776367,51.5,51.5,33.90473937988281,3421400
2013-04-16,51.58000183105469,51.869998931884766,51.2400016784668,51.81999969482422,34.11540222167969,1905600
2013-04-17,51.63999938964844,51.7599983215332,51.27000045776367,51.61000061035156,33.97715759277344,1137300
2013-04-18,51.650001525878906,51.77000045776367,51.2400016784668,51.63999938964844,33.99690628051758,1794900
2013-04-19,51.849998474121094,52.47999954223633,51.65999984741211,52.470001220703125,34.543338775634766,2059400
2013-04-22,52.439998626708984,52.68000030517578,52.040000915527344,52.36000061035156,34.470916748046875,846900
2013-04-23,52.5099983215332,52.810001373291016,52.369998931884766,52.709999084472656,34.701332092285156,1486800
2013-04-24,52.779998779296875,53.25,52.5099983215332,53.150001525878906,34.99101257324219,1615900
2013-04-25,53.25,53.52000045776367,52.95000076293945,53.16999816894531,35.004173278808594,1260100
2013-04-26,53.08000183105469,53.54999923706055,53.060001373291016,53.349998474121094,35.12266159057617,1067100
2013-04-29,53.5099983215332,54.150001525878906,53.380001068115234,53.97999954223633,35.53742980957031,2285800
2013-04-30,54.02000045776367,54.189998626708984,53.779998779296875,53.79999923706055,35.41893005371094,2114300
2013-05-01,51.75,53.08000183105469,51.209999084472656,52.45000076293945,34.53015899658203,3716500
2013-05-02,52.43000030517578,52.630001068115234,52.06999969482422,52.529998779296875,34.582828521728516,2023900
2013-05-03,52.90999984741211,53.08000183105469,51.93000030517578,52.2400016784668,34.39191818237305,3526300
2013-05-06,52.189998626708984,52.310001373291016,51.529998779296875,51.529998779296875,33.92448806762695,1573400
2013-05-07,51.650001525878906,52.0,51.470001220703125,51.939998626708984,34.19439697265625,1815100
2013-05-08,51.880001068115234,52.04999923706055,50.9900016784668,51.150001525878906,33.67432403564453,2612700
2013-05-09,51.209999084472656,51.31999969482422,49.70000076293945,49.790000915527344,32.77897262573242,4043800
2013-05-10,50.0099983215332,50.20000076293945,49.439998626708984,50.0099983215332,32.92380142211914,4403200
2013-05-13,49.810001373291016,49.959999084472656,49.400001525878906,49.84000015258789,32.81188201904297,2460400
2013-05-14,49.75,49.779998779296875,49.27000045776367,49.38999938964844,32.51563262939453,4938900
2013-05-15,49.38999938964844,49.779998779296875,49.220001220703125,49.47999954223633,32.57487487792969,4718600
2013-05-16,49.43000030517578,49.43000030517578,48.59000015258789,48.70000076293945,32.06137466430664,3778200
2013-05-17,48.689998626708984,48.95000076293945,48.2599983215332,48.79999923706055,32.12720489501953,4596800
2013-05-20,48.84000015258789,48.90999984741211,48.38999938964844,48.470001220703125,31.909961700439453,4099700
2013-05-21,48.47999954223633,48.869998931884766,48.29999923706055,48.65999984741211,32.035057067871094,3321900
2013-05-22,48.599998474121094,49.47999954223633,48.400001525878906,48.619998931884766,32.00870132446289,4306500
2013-05-23,48.310001373291016,48.439998626708984,47.61000061035156,48.2599983215332,31.771690368652344,2275100
2013-05-24,48.099998474121094,48.16999816894531,47.650001525878906,47.709999084472656,31.409608840942383,1801000
2013-05-28,47.900001525878906,47.900001525878906,47.099998474121094,47.41999816894531,31.21868324279785,1636500
2013-05-29,47.459999084472656,47.459999084472656,45.9900016784668,46.209999084472656,30.422100067138672,2675200
2013-05-30,46.33000183105469,47.060001373291016,46.2599983215332,46.27000045776367,30.461591720581055,2075000
2013-05-31,46.099998474121094,46.810001373291016,45.939998626708984,45.939998626708984,30.24434471130371,1936900
2013-06-03,45.93000030517578,46.209999084472656,45.20000076293945,45.970001220703125,30.264081954956055,3383000
2013-06-04,45.95000076293945,46.36000061035156,45.790000915527344,46.27000045776367,30.461591720581055,3589500
2013-06-05,46.060001373291016,46.06999969482422,45.58000183105469,45.77000045776367,30.13241958618164,2504100
2013-06-06,45.75,46.36000061035156,45.7400016784668,46.36000061035156,30.520845413208008,3513400
2013-06-07,46.34000015258789,47.650001525878906,45.72999954223633,47.61000061035156,31.343774795532227,6358000
2013-06-10,47.470001220703125,47.5099983215332,46.95000076293945,47.060001373291016,30.981685638427734,4757400
2013-06-11,46.709999084472656,47.13999938964844,46.439998626708984,46.79999923706055,30.810508728027344,3223400
2013-06-12,47.099998474121094,47.18000030517578,46.2599983215332,46.31999969482422,30.4945068359375,2839000
2013-06-13,46.310001373291016,46.83000183105469,46.189998626708984,46.75,30.777591705322266,2866800
2013-06-14,47.029998779296875,47.59000015258789,46.95000076293945,47.150001525878906,31.040935516357422,2736800
2013-06-17,47.7599983215332,48.04999923706055,47.2599983215332,47.439998626708984,31.231861114501953,2944200
2013-06-18,47.560001373291016,48.0,47.220001220703125,47.709999084472656,31.409608840942383,1742900
2013-06-19,47.540000915527344,47.86000061035156,46.4900016784668,46.4900016784668,30.606433868408203,2860800
2013-06-20,46.11000061035156,46.16999816894531,44.900001525878906,45.0,29.625490188598633,3021800
2013-06-21,45.29999923706055,46.25,44.86000061035156,46.060001373291016,30.32334327697754,3421600
2013-06-24,45.63999938964844,46.59000015258789,45.38999938964844,46.18000030517578,30.4023380279541,3189800
2013-06-25,46.459999084472656,46.81999969482422,46.02000045776367,46.59000015258789,30.672264099121094,2582900
2013-06-26,46.66999816894531,47.33000183105469,46.40999984741211,47.27000045776367,31.34736442565918,1980800
2013-06-27,47.349998474121094,48.040000915527344,47.310001373291016,47.52000045776367,31.513147354125977,2651200
2013-06-28,47.40999984741211,48.400001525878906,47.220001220703125,48.15999984741211,31.93756675720215,2782500
2013-07-01,48.22999954223633,48.369998931884766,47.02000045776367,47.08000183105469,31.22136878967285,2714300
2013-07-02,47.06999969482422,47.33000183105469,46.45000076293945,46.79999923706055,31.035675048828125,1897500
2013-07-03,46.52000045776367,46.849998474121094,46.099998474121094,46.61000061035156,30.909677505493164,1142000
2013-07-05,46.689998626708984,46.689998626708984,45.619998931884766,46.060001373291016,30.54494857788086,1490200
2013-07-08,46.29999923706055,47.0,46.130001068115234,46.88999938964844,31.09535789489746,1770100
2013-07-09,47.0,47.189998626708984,46.810001373291016,47.130001068115234,31.254514694213867,2242200
2013-07-10,46.93000030517578,47.7599983215332,46.61000061035156,47.75,31.665666580200195,2304400
2013-07-11,48.189998626708984,48.52000045776367,47.88999938964844,48.5,32.16303253173828,2404000
2013-07-12,48.54999923706055,48.54999923706055,48.040000915527344,48.470001220703125,32.14313888549805,2057800
2013-07-15,48.33000183105469,49.470001220703125,48.2599983215332,49.2599983215332,32.66704177856445,2192800
2013-07-16,49.16999816894531,49.310001373291016,48.72999954223633,49.09000015258789,32.55430221557617,1793600
2013-07-17,49.34000015258789,49.5,48.79999923706055,49.029998779296875,32.51450729370117,1207900
2013-07-18,49.15999984741211,49.7400016784668,49.130001068115234,49.5,32.82617950439453,1816200
2013-07-19,49.189998626708984,49.7599983215332,49.09000015258789,49.709999084472656,32.96544647216797,1404500
2013-07-22,49.709999084472656,49.900001525878906,49.529998779296875,49.720001220703125,32.97208023071289,1246600
2013-07-23,49.70000076293945,49.9900016784668,49.540000915527344,49.70000076293945,32.95882797241211,1716500
2013-07-24,49.630001068115234,49.630001068115234,49.0099983215332,49.25,32.660396575927734,1050300
2013-07-25,49.130001068115234,49.599998474121094,48.16999816894531,48.70000076293945,32.2956657409668,3468700
2013-07-26,48.47999954223633,49.11000061035156,48.18000030517578,49.09000015258789,32.55430221557617,1374800
2013-07-29,49.029998779296875,49.91999816894531,48.939998626708984,49.779998779296875,33.011878967285156,1535800
2013-07-30,49.97999954223633,50.34000015258789,49.779998779296875,49.93000030517578,33.11134719848633,1492800
2013-07-31,50.060001373291016,50.099998474121094,49.380001068115234,49.849998474121094,33.05830383300781,1821100
2013-08-01,50.0,50.16999816894531,49.5099983215332,49.900001525878906,33.091461181640625,1922000
2013-08-02,49.540000915527344,50.0,49.27000045776367,49.369998931884766,32.739986419677734,2178800
2013-08-05,49.29999923706055,49.459999084472656,48.63999938964844,48.75,32.328834533691406,2497100
2013-08-06,48.65999984741211,48.689998626708984,48.04999923706055,48.45000076293945,32.129886627197266,2516100
2013-08-07,48.400001525878906,49.130001068115234,48.18000030517578,48.9900016784668,32.487972259521484,2449400
2013-08-08,49.16999816894531,49.47999954223633,48.84000015258789,49.369998931884766,32.739986419677734,1714100
2013-08-09,49.38999938964844,49.5,49.04999923706055,49.08000183105469,32.54766082763672,1421400
2013-08-12,48.81999969482422,48.86000061035156,48.209999084472656,48.439998626708984,32.12324523925781,1670200
2013-08-13,48.5099983215332,48.56999969482422,48.08000183105469,48.22999954223633,31.983983993530273,1322800
2013-08-14,48.08000183105469,48.2400016784668,47.72999954223633,48.15999984741211,31.93756675720215,1113400
2013-08-15,47.869998931884766,48.060001373291016,47.209999084472656,47.220001220703125,31.31419563293457,1446200
2013-08-16,47.0099983215332,47.150001525878906,46.56999969482422,46.97999954223633,31.155044555664062,2145500
2013-08-19,46.95000076293945,47.22999954223633,46.41999816894531,46.59000015258789,30.896419525146484,1650200
2013-08-20,46.68000030517578,47.25,46.54999923706055,46.7400016784668,30.995874404907227,1547600
2013-08-21,46.66999816894531,46.68000030517578,45.869998931884766,46.189998626708984,30.63114356994629,1939800
2013-08-22,46.279998779296875,46.45000076293945,46.06999969482422,46.189998626708984,30.63114356994629,882600
2013-08-23,46.20000076293945,46.70000076293945,46.0,46.47999954223633,30.82345962524414,830600
2013-08-26,46.459999084472656,46.68000030517578,46.099998474121094,46.099998474121094,30.571462631225586,1254000
2013-08-27,45.54999923706055,46.54999923706055,45.540000915527344,46.08000183105469,30.558210372924805,1599500
2013-08-28,46.18000030517578,46.689998626708984,45.77000045776367,46.36000061035156,30.743879318237305,1118800
2013-08-29,46.150001525878906,46.43000030517578,45.83000183105469,45.90999984741211,30.445463180541992,1417500
2013-08-30,46.0099983215332,46.290000915527344,45.7400016784668,45.88999938964844,30.432201385498047,1236600
2013-09-03,46.099998474121094,46.29999923706055,45.150001525878906,45.18000030517578,29.96135902404785,1531900
2013-09-04,45.16999816894531,45.189998626708984,44.619998931884766,44.939998626708984,29.802221298217773,1517500
2013-09-05,44.9900016784668,44.9900016784668,44.2599983215332,44.36000061035156,29.417577743530273,1958900
2013-09-06,44.66999816894531,45.5099983215332,44.630001068115234,45.040000915527344,29.86851692199707,1771100
2013-09-09,45.04999923706055,45.529998779296875,44.81999969482422,45.470001220703125,30.1536808013916,1089300
2013-09-10,45.66999816894531,45.869998931884766,45.439998626708984,45.630001068115234,30.25978660583496,1281500
2013-09-11,45.709999084472656,45.709999084472656,44.70000076293945,44.84000015258789,29.735891342163086,2512800
2013-09-12,44.810001373291016,45.11000061035156,44.5,44.790000915527344,29.702733993530273,2012100
2013-09-13,45.040000915527344,45.130001068115234,44.7400016784668,44.939998626708984,29.802221298217773,1465000
2013-09-16,45.540000915527344,45.79999923706055,44.84000015258789,44.97999954223633,29.8287410736084,1894700
2013-09-17,45.040000915527344,45.459999084472656,44.970001220703125,45.22999954223633,29.994524002075195,1768300
2013-09-18,45.220001220703125,46.900001525878906,45.0099983215332,46.709999084472656,30.975988388061523,2797700
2013-09-19,46.7599983215332,46.88999938964844,45.93000030517578,46.16999816894531,30.61788558959961,1674400
2013-09-20,46.20000076293945,46.2599983215332,45.77000045776367,46.02000045776367,30.518417358398438,2047400
2013-09-23,46.0099983215332,47.209999084472656,45.91999816894531,47.04999923706055,31.201461791992188,2533000
2013-09-24,47.150001525878906,47.36000061035156,46.91999816894531,47.0,31.168312072753906,1937700
2013-09-25,46.88999938964844,47.02000045776367,46.5,46.61000061035156,30.909677505493164,1453300
2013-09-26,46.40999984741211,46.40999984741211,45.5099983215332,45.900001525878906,30.661176681518555,2217700
2013-09-27,45.56999969482422,45.93000030517578,45.529998779296875,45.810001373291016,30.601062774658203,2919000
2013-09-30,45.619998931884766,46.279998779296875,45.619998931884766,46.060001373291016,30.768068313598633,3330000
2013-10-01,46.119998931884766,46.279998779296875,45.84000015258789,46.060001373291016,30.768068313598633,1044100
2013-10-02,45.900001525878906,46.22999954223633,45.880001068115234,46.11000061035156,30.801471710205078,1737300
2013-10-03,45.72999954223633,46.0,45.4900016784668,45.81999969482422,30.60773277282715,2395700
2013-10-04,45.939998626708984,46.61000061035156,45.81999969482422,46.349998474121094,30.961780548095703,2531100
2013-10-07,46.400001525878906,46.52000045776367,45.939998626708984,46.02000045776367,30.741342544555664,2535500
2013-10-08,45.880001068115234,46.939998626708984,45.880001068115234,46.5099983215332,31.06865882873535,2143300
2013-10-09,46.68000030517578,47.4900016784668,46.52000045776367,47.150001525878906,31.496179580688477,2308200
2013-10-10,47.43000030517578,47.810001373291016,46.59000015258789,47.709999084472656,31.870248794555664,1759800
2013-10-11,47.720001220703125,47.720001220703125,47.310001373291016,47.68000030517578,31.850215911865234,1509400
2013-10-14,47.400001525878906,47.529998779296875,46.779998779296875,47.43000030517578,31.6832218170166,1441700
2013-10-15,47.13999938964844,47.47999954223633,46.709999084472656,46.79999923706055,31.262378692626953,1674100
2013-10-16,47.08000183105469,47.189998626708984,46.72999954223633,47.18000030517578,31.51622772216797,2286400
2013-10-17,47.13999938964844,48.09000015258789,46.83000183105469,48.0099983215332,32.07065963745117,1527200
2013-10-18,48.220001220703125,48.52000045776367,48.02000045776367,48.380001068115234,32.31781768798828,1193200
2013-10-21,48.5,48.5,48.06999969482422,48.310001373291016,32.27105712890625,858200
2013-10-22,48.34000015258789,49.13999938964844,48.25,48.970001220703125,32.711944580078125,1513300
2013-10-23,48.91999816894531,49.40999984741211,48.650001525878906,48.68000030517578,32.51821517944336,1210300
2013-10-24,48.709999084472656,48.779998779296875,48.119998931884766,48.7599983215332,32.571659088134766,3067400
2013-10-25,48.630001068115234,49.470001220703125,48.4900016784668,49.40999984741211,33.005855560302734,1248300
2013-10-28,49.22999954223633,49.529998779296875,48.900001525878906,49.220001220703125,32.87893295288086,1334000
2013-10-29,49.189998626708984,49.47999954223633,48.91999816894531,49.11000061035156,32.805450439453125,1753200
2013-10-30,49.63999938964844,49.95000076293945,48.77000045776367,48.95000076293945,32.698577880859375,2012700
2013-10-31,48.970001220703125,49.5099983215332,48.40999984741211,49.029998779296875,32.75201416015625,1910300
2013-11-01,49.189998626708984,49.54999923706055,49.040000915527344,49.470001220703125,33.045936584472656,1474700
2013-11-04,49.560001373291016,49.68000030517578,49.04999923706055,49.56999969482422,33.112728118896484,1266700
2013-11-05,49.45000076293945,49.77000045776367,49.13999938964844,49.2599983215332,32.90566635131836,1712500
2013-11-06,49.279998779296875,49.70000076293945,49.20000076293945,49.619998931884766,33.14614486694336,1451800
2013-11-07,49.650001525878906,49.849998474121094,49.290000915527344,49.470001220703125,33.045936584472656,1565600
2013-11-08,49.290000915527344,49.33000183105469,48.13999938964844,49.04999923706055,32.765380859375,2606200
2013-11-11,49.06999969482422,49.310001373291016,48.709999084472656,48.97999954223633,32.71860885620117,755900
2013-11-12,48.75,49.02000045776367,48.06999969482422,48.22999954223633,32.217613220214844,2146300
2013-11-13,47.95000076293945,48.369998931884766,47.630001068115234,48.06999969482422,32.1107292175293,2591500
2013-11-14,48.15999984741211,48.66999816894531,47.84000015258789,48.59000015258789,32.45809555053711,1841200
2013-11-15,48.29999923706055,49.18000030517578,48.29999923706055,49.16999816894531,32.84553527832031,1941700
2013-11-18,49.189998626708984,49.20000076293945,48.70000076293945,48.88999938964844,32.658485412597656,1285100
2013-11-19,48.88999938964844,48.97999954223633,48.33000183105469,48.380001068115234,32.31781768798828,2071800
2013-11-20,48.47999954223633,48.529998779296875,47.470001220703125,47.52000045776367,31.74333953857422,1447700
2013-11-21,47.59000015258789,47.720001220703125,47.18000030517578,47.310001373291016,31.603050231933594,2669300
2013-11-22,47.11000061035156,47.11000061035156,45.939998626708984,46.0,30.727977752685547,7138500
2013-11-25,46.130001068115234,46.22999954223633,45.5099983215332,45.529998779296875,30.414024353027344,4881900
2013-11-26,45.619998931884766,45.779998779296875,45.27000045776367,45.40999984741211,30.333852767944336,3877000
2013-11-27,45.439998626708984,46.029998779296875,45.41999816894531,45.83000183105469,30.614425659179688,3083700
2013-11-29,45.72999954223633,46.349998474121094,45.72999954223633,46.209999084472656,30.86826515197754,1418300
2013-12-02,46.209999084472656,46.5099983215332,46.0,46.11000061035156,30.801471710205078,3088000
2013-12-03,46.029998779296875,46.220001220703125,45.720001220703125,46.02000045776367,30.741342544555664,2191500
2013-12-04,45.7400016784668,46.279998779296875,45.630001068115234,46.029998779296875,30.748023986816406,1292200
2013-12-05,45.84000015258789,45.86000061035156,45.209999084472656,45.400001525878906,30.327177047729492,2160300
2013-12-06,45.689998626708984,46.06999969482422,45.529998779296875,45.88999938964844,30.654497146606445,3734100
2013-12-09,45.900001525878906,46.33000183105469,45.869998931884766,46.220001220703125,30.874935150146484,1792900
2013-12-10,46.119998931884766,46.220001220703125,45.400001525878906,45.4900016784668,30.387313842773438,2850400
2013-12-11,45.58000183105469,45.630001068115234,44.970001220703125,45.22999954223633,30.213623046875,2632300
2013-12-12,45.310001373291016,45.779998779296875,45.09000015258789,45.45000076293945,30.36058235168457,2391200
2013-12-13,45.59000015258789,45.849998474121094,45.45000076293945,45.68000030517578,30.51421356201172,1487500
2013-12-16,45.810001373291016,46.25,45.79999923706055,45.959999084472656,30.701251983642578,1410200
2013-12-17,45.849998474121094,46.0099983215332,45.45000076293945,45.630001068115234,30.480823516845703,1595700
2013-12-18,45.56999969482422,46.119998931884766,45.15999984741211,46.08000183105469,30.78142547607422,2693900
2013-12-19,46.0099983215332,46.189998626708984,45.40999984741211,46.119998931884766,30.808128356933594,2140100
2013-12-20,46.25,46.97999954223633,46.220001220703125,46.58000183105469,31.11541175842285,3111000
2013-12-23,46.689998626708984,46.81999969482422,46.09000015258789,46.13999938964844,30.821487426757812,1765500
2013-12-24,46.029998779296875,46.75,45.93000030517578,46.529998779296875,31.082012176513672,629400
2013-12-26,46.540000915527344,46.650001525878906,46.0099983215332,46.15999984741211,30.834856033325195,915300
2013-12-27,45.810001373291016,46.20000076293945,45.720001220703125,45.970001220703125,30.945932388305664,816900
2013-12-30,45.91999816894531,46.33000183105469,45.91999816894531,46.290000915527344,31.161354064941406,1909600
2013-12-31,46.2400016784668,46.5099983215332,46.13999938964844,46.29999923706055,31.168073654174805,1140700
2014-01-02,46.060001373291016,46.4900016784668,45.40999984741211,45.43000030517578,30.582420349121094,2415000
2014-01-03,45.54999923706055,45.709999084472656,45.290000915527344,45.439998626708984,30.589139938354492,2218100
2014-01-06,45.63999938964844,45.63999938964844,45.349998474121094,45.40999984741211,30.568944931030273,2094300
2014-01-07,45.43000030517578,45.66999816894531,45.43000030517578,45.47999954223633,30.616069793701172,2487100
2014-01-08,45.34000015258789,45.52000045776367,44.95000076293945,45.06999969482422,30.34006690979004,2822300
2014-01-09,45.15999984741211,45.290000915527344,44.7400016784668,45.13999938964844,30.387205123901367,2518900
2014-01-10,45.470001220703125,46.150001525878906,45.38999938964844,45.5099983215332,30.636280059814453,2407700
2014-01-13,45.619998931884766,45.7599983215332,45.2599983215332,45.47999954223633,30.616069793701172,2597200
2014-01-14,45.77000045776367,46.33000183105469,45.63999938964844,46.27000045776367,31.147876739501953,2785700
2014-01-15,46.36000061035156,46.77000045776367,46.130001068115234,46.369998931884766,31.21520233154297,2201000
2014-01-16,46.400001525878906,46.93000030517578,46.150001525878906,46.93000030517578,31.592195510864258,2628300
2014-01-17,47.08000183105469,47.380001068115234,46.7599983215332,46.900001525878906,31.571992874145508,1802500
2014-01-21,47.150001525878906,47.70000076293945,47.060001373291016,47.70000076293945,32.110530853271484,3183600
2014-01-22,47.470001220703125,48.02000045776367,47.34000015258789,47.79999923706055,32.177852630615234,2320500
2014-01-23,47.689998626708984,48.13999938964844,47.56999969482422,47.650001525878906,32.07686996459961,2740600
2014-01-24,47.56999969482422,47.689998626708984,46.91999816894531,46.91999816894531,31.585445404052734,2714700
2014-01-27,47.0,47.58000183105469,46.869998931884766,47.189998626708984,31.767202377319336,2498600
2014-01-28,47.25,47.599998474121094,47.040000915527344,47.400001525878906,31.908573150634766,1544300
2014-01-29,47.29999923706055,47.54999923706055,47.06999969482422,47.119998931884766,31.720083236694336,1653600
2014-01-30,47.150001525878906,48.08000183105469,47.150001525878906,47.95000076293945,32.27882385253906,1320200
2014-01-31,47.52000045776367,48.41999816894531,47.290000915527344,48.15999984741211,32.420188903808594,1768400
2014-02-03,48.38999938964844,49.13999938964844,48.099998474121094,48.189998626708984,32.44038009643555,2886900
2014-02-04,48.41999816894531,48.529998779296875,47.209999084472656,47.90999984741211,32.25190734863281,2630900
2014-02-05,47.66999816894531,48.06999969482422,47.27000045776367,47.959999084472656,32.285545349121094,1925000
2014-02-06,47.97999954223633,48.7400016784668,47.790000915527344,48.66999816894531,32.763519287109375,1624200
2014-02-07,48.68000030517578,48.81999969482422,48.380001068115234,48.709999084472656,32.79043960571289,1630800
2014-02-10,48.5,48.91999816894531,48.11000061035156,48.79999923706055,32.85102462768555,1667200
2014-02-11,48.84000015258789,49.599998474121094,48.630001068115234,49.439998626708984,33.2818603515625,1332500
2014-02-12,49.27000045776367,49.779998779296875,49.18000030517578,49.630001068115234,33.409751892089844,1455400
2014-02-13,49.25,50.220001220703125,49.220001220703125,50.189998626708984,33.786739349365234,1736200
2014-02-14,50.16999816894531,50.560001373291016,49.970001220703125,50.540000915527344,34.022361755371094,1260700
2014-02-18,50.470001220703125,51.09000015258789,50.41999816894531,50.97999954223633,34.31855010986328,1556800
2014-02-19,50.88999938964844,51.290000915527344,50.540000915527344,50.70000076293945,34.13005447387695,1826700
2014-02-20,50.79999923706055,51.36000061035156,50.56999969482422,51.220001220703125,34.480106353759766,1135500
2014-02-21,51.25,51.7599983215332,51.11000061035156,51.36000061035156,34.57435989379883,2131700
2014-02-24,51.29999923706055,52.06999969482422,51.2400016784668,51.5,34.66859817504883,2824700
2014-02-25,51.56999969482422,52.0,50.900001525878906,51.2400016784668,34.49357223510742,2656900
2014-02-26,51.689998626708984,52.65999984741211,51.689998626708984,52.0,35.00518798828125,2975100
2014-02-27,52.0,52.13999938964844,51.41999816894531,52.06999969482422,35.05231475830078,3183000
2014-02-28,52.119998931884766,52.79999923706055,52.099998474121094,52.369998931884766,35.2542724609375,1978600
2014-03-03,52.20000076293945,52.43000030517578,51.880001068115234,51.900001525878906,34.93787384033203,1530800
2014-03-04,52.34000015258789,52.47999954223633,52.09000015258789,52.209999084472656,35.14655303955078,1671800
2014-03-05,52.18000030517578,52.209999084472656,51.470001220703125,51.54999923706055,34.70225524902344,1603700
2014-03-06,51.65999984741211,51.849998474121094,50.900001525878906,51.16999816894531,34.446449279785156,2036200
2014-03-07,50.97999954223633,51.41999816894531,50.79999923706055,51.41999816894531,34.614749908447266,1640900
2014-03-10,51.310001373291016,51.400001525878906,50.95000076293945,51.18000030517578,34.45317840576172,1625800
2014-03-11,51.11000061035156,51.29999923706055,50.54999923706055,50.7599983215332,34.17045211791992,2421400
2014-03-12,50.939998626708984,51.70000076293945,50.75,51.70000076293945,34.80323791503906,1994800
2014-03-13,51.380001068115234,51.970001220703125,51.380001068115234,51.77000045776367,34.85034942626953,3429300
2014-03-14,51.91999816894531,52.4900016784668,51.650001525878906,52.060001373291016,35.04557800292969,2746700
2014-03-17,52.099998474121094,52.459999084472656,51.849998474121094,52.400001525878906,35.27445983886719,1963400
2014-03-18,52.5,52.70000076293945,52.31999969482422,52.619998931884766,35.42256164550781,1527600
2014-03-19,51.459999084472656,53.029998779296875,51.459999084472656,51.779998779296875,34.857086181640625,2526700
2014-03-20,51.68000030517578,52.040000915527344,51.13999938964844,52.02000045776367,35.018653869628906,1866000
2014-03-21,52.209999084472656,54.349998474121094,51.900001525878906,53.869998931884766,36.2640266418457,5739700
2014-03-24,53.7599983215332,54.43000030517578,53.7599983215332,54.290000915527344,36.54676055908203,4961800
2014-03-25,54.439998626708984,54.52000045776367,53.68000030517578,54.36000061035156,36.59387969970703,1966700
2014-03-26,54.38999938964844,54.52000045776367,53.779998779296875,53.810001373291016,36.2236442565918,1935800
2014-03-27,53.459999084472656,54.130001068115234,53.02000045776367,53.88999938964844,36.518409729003906,2362500
2014-03-28,54.349998474121094,55.439998626708984,54.310001373291016,55.290000915527344,37.46712112426758,3619900
2014-03-31,55.83000183105469,56.61000061035156,55.59000015258789,56.61000061035156,38.36162185668945,4097000
2014-04-01,56.619998931884766,56.7400016784668,55.7599983215332,56.619998931884766,38.36838150024414,3120100
2014-04-02,56.04999923706055,56.15999984741211,55.650001525878906,55.959999084472656,37.921146392822266,2755700
2014-04-03,56.13999938964844,56.720001220703125,55.970001220703125,56.470001220703125,38.266746520996094,2342700
2014-04-04,56.5,56.880001068115234,55.7599983215332,55.93000030517578,37.90080642700195,3483400
2014-04-07,55.93000030517578,56.59000015258789,55.849998474121094,55.90999984741211,37.88726043701172,3119300
2014-04-08,55.7599983215332,56.529998779296875,55.58000183105469,56.349998474121094,38.18541717529297,3302500
2014-04-09,56.2599983215332,56.66999816894531,55.720001220703125,56.63999938964844,38.38193893432617,2797900
2014-04-10,56.630001068115234,56.93000030517578,56.33000183105469,56.560001373291016,38.327735900878906,2569000
2014-04-11,56.25,56.709999084472656,56.13999938964844,56.31999969482422,38.165096282958984,2281800
2014-04-14,56.470001220703125,56.83000183105469,56.18000030517578,56.61000061035156,38.36162185668945,1891400
2014-04-15,56.58000183105469,57.02000045776367,56.25,56.95000076293945,38.59201431274414,2242100
2014-04-16,57.09000015258789,57.09000015258789,56.5099983215332,56.88999938964844,38.55136489868164,2904500
2014-04-17,57.09000015258789,57.619998931884766,56.310001373291016,56.380001068115234,38.205753326416016,3057700
2014-04-21,56.380001068115234,56.939998626708984,56.040000915527344,56.349998474121094,38.18541717529297,2174300
2014-04-22,56.36000061035156,56.47999954223633,55.970001220703125,56.2599983215332,38.12443161010742,1897900
2014-04-23,56.43000030517578,57.2599983215332,56.2599983215332,56.34000015258789,38.178646087646484,2205700
2014-04-24,56.40999984741211,57.0,56.22999954223633,56.7400016784668,38.449710845947266,2148300
2014-04-25,56.790000915527344,57.060001373291016,56.5,56.93000030517578,38.57846450805664,2202400
2014-04-28,57.06999969482422,57.33000183105469,56.650001525878906,57.0,38.625892639160156,2997900
2014-04-29,57.130001068115234,57.150001525878906,56.0,56.689998626708984,38.41581726074219,3020400
2014-04-30,55.86000061035156,57.70000076293945,55.86000061035156,56.560001373291016,38.327735900878906,3416200
2014-05-01,56.77000045776367,56.86000061035156,55.97999954223633,56.70000076293945,38.42259979248047,1557300
2014-05-02,56.529998779296875,56.529998779296875,55.099998474121094,55.34000015258789,37.50101089477539,2220100
2014-05-05,55.279998779296875,55.95000076293945,55.2400016784668,55.939998626708984,37.907596588134766,1740700
2014-05-06,55.869998931884766,56.189998626708984,55.75,56.0099983215332,37.95502471923828,1914100
2014-05-07,56.13999938964844,57.18000030517578,56.130001068115234,57.099998474121094,38.69365692138672,2626700
2014-05-08,57.060001373291016,57.220001220703125,56.040000915527344,56.09000015258789,38.00923156738281,1831200
2014-05-09,56.15999984741211,56.2400016784668,55.2400016784668,55.290000915527344,37.46712112426758,1710300
2014-05-12,55.5,55.560001373291016,54.7599983215332,54.81999969482422,37.148616790771484,1256700
2014-05-13,54.84000015258789,55.13999938964844,54.689998626708984,54.95000076293945,37.236717224121094,1292200
2014-05-14,54.970001220703125,55.43000030517578,54.849998474121094,55.099998474121094,37.33836364746094,1423000
2014-05-15,55.20000076293945,55.66999816894531,55.029998779296875,55.2400016784668,37.4332275390625,1563600
2014-05-16,55.29999923706055,55.43000030517578,54.869998931884766,55.279998779296875,37.46033477783203,1258800
2014-05-19,55.18000030517578,55.18000030517578,53.97999954223633,54.040000915527344,36.62006378173828,2091800
2014-05-20,53.95000076293945,54.41999816894531,53.77000045776367,54.029998779296875,36.613277435302734,1875900
2014-05-21,54.11000061035156,54.22999954223633,53.630001068115234,53.72999954223633,36.40998077392578,1452500
2014-05-22,53.79999923706055,54.619998931884766,53.72999954223633,54.36000061035156,36.83690643310547,1145100
2014-05-23,54.290000915527344,54.41999816894531,53.95000076293945,54.02000045776367,36.60651779174805,1168900
2014-05-27,54.5,54.66999816894531,54.029998779296875,54.09000015258789,36.6539421081543,1615100
2014-05-28,54.130001068115234,54.52000045776367,54.02000045776367,54.36000061035156,36.83690643310547,1260500
2014-05-29,54.709999084472656,54.709999084472656,54.150001525878906,54.59000015258789,36.99277114868164,1055900
2014-05-30,54.58000183105469,55.18000030517578,54.36000061035156,55.13999938964844,37.365478515625,1671100
2014-06-02,55.040000915527344,55.869998931884766,54.70000076293945,55.66999816894531,37.72462463378906,2128400
2014-06-03,55.650001525878906,56.470001220703125,55.650001525878906,56.209999084472656,38.09055709838867,1937800
2014-06-04,56.0,56.08000183105469,55.72999954223633,56.02000045776367,37.96180725097656,2447200
2014-06-05,56.08000183105469,56.95000076293945,55.86000061035156,56.52000045776367,38.300621032714844,1242900
2014-06-06,56.7599983215332,56.91999816894531,56.0,56.060001373291016,37.98890686035156,1106600
2014-06-09,56.0099983215332,56.279998779296875,55.560001373291016,55.720001220703125,37.758506774902344,1395000
2014-06-10,55.650001525878906,55.849998474121094,55.400001525878906,55.52000045776367,37.62297821044922,978700
2014-06-11,55.56999969482422,55.66999816894531,54.869998931884766,54.88999938964844,37.19605255126953,1465000
2014-06-12,54.70000076293945,54.95000076293945,53.779998779296875,54.77000045776367,37.11473846435547,2364600
2014-06-13,54.66999816894531,55.06999969482422,54.290000915527344,54.88999938964844,37.19605255126953,1530200
2014-06-16,54.97999954223633,55.97999954223633,54.79999923706055,55.61000061035156,37.6839599609375,2118600
2014-06-17,55.380001068115234,55.63999938964844,55.099998474121094,55.61000061035156,37.6839599609375,1268100
2014-06-18,55.540000915527344,57.15999984741211,55.38999938964844,57.11000061035156,38.700443267822266,2204700
2014-06-19,57.119998931884766,57.849998474121094,56.95000076293945,57.84000015258789,39.195125579833984,2753100
2014-06-20,57.7599983215332,58.099998474121094,57.54999923706055,57.59000015258789,39.02570724487305,1652000
2014-06-23,57.54999923706055,57.90999984741211,56.959999084472656,57.56999969482422,39.01215744018555,2066700
2014-06-24,57.40999984741211,57.810001373291016,57.279998779296875,57.68000030517578,39.086692810058594,1565900
2014-06-25,57.54999923706055,58.13999938964844,57.540000915527344,57.90999984741211,39.242557525634766,1287100
2014-06-26,57.31999969482422,57.7400016784668,57.099998474121094,57.599998474121094,39.27323913574219,1456800
2014-06-27,57.470001220703125,57.90999984741211,57.31999969482422,57.369998931884766,39.11640930175781,1899100
2014-06-30,57.61000061035156,58.2400016784668,57.47999954223633,58.11000061035156,39.620967864990234,1821300
2014-07-01,58.02000045776367,58.11000061035156,57.47999954223633,57.529998779296875,39.22551345825195,2156500
2014-07-02,57.349998474121094,57.47999954223633,56.209999084472656,56.41999816894531,38.468685150146484,1712300
2014-07-03,56.16999816894531,56.20000076293945,55.33000183105469,55.81999969482422,38.0595817565918,1127500
2014-07-07,55.849998474121094,56.220001220703125,55.77000045776367,55.88999938964844,38.1073112487793,1714200
2014-07-08,56.31999969482422,56.88999938964844,56.2400016784668,56.720001220703125,38.6732177734375,2224200
2014-07-09,56.70000076293945,56.779998779296875,56.119998931884766,56.439998626708984,38.482322692871094,1425900
2014-07-10,56.290000915527344,57.15999984741211,56.290000915527344,56.9900016784668,38.857322692871094,1344700
2014-07-11,56.95000076293945,57.029998779296875,56.380001068115234,56.619998931884766,38.605045318603516,1317000
2014-07-14,56.790000915527344,56.79999923706055,55.869998931884766,55.959999084472656,38.1550407409668,2225000
2014-07-15,55.9900016784668,56.77000045776367,55.9900016784668,56.54999923706055,38.557308197021484,1935600
2014-07-16,56.630001068115234,56.810001373291016,56.290000915527344,56.79999923706055,38.72779083251953,1550300
2014-07-17,56.880001068115234,57.119998931884766,56.5099983215332,56.54999923706055,38.557308197021484,1834400
2014-07-18,56.779998779296875,57.130001068115234,56.369998931884766,57.11000061035156,38.93914031982422,1241300
2014-07-21,56.97999954223633,57.279998779296875,56.689998626708984,57.0,38.86414337158203,1066300
2014-07-22,57.20000076293945,57.2599983215332,56.95000076293945,56.959999084472656,38.83687210083008,1008100
2014-07-23,56.93000030517578,57.09000015258789,56.58000183105469,56.650001525878906,38.625511169433594,939400
2014-07-24,56.7599983215332,57.189998626708984,56.58000183105469,56.959999084472656,38.83687210083008,977100
2014-07-25,57.290000915527344,57.880001068115234,56.560001373291016,56.619998931884766,38.605045318603516,1349400
2014-07-28,56.599998474121094,57.630001068115234,56.459999084472656,57.470001220703125,39.18459701538086,1142600
2014-07-29,57.470001220703125,57.869998931884766,57.0099983215332,57.02000045776367,38.87778854370117,1701600
2014-07-30,57.16999816894531,57.189998626708984,55.58000183105469,55.779998779296875,38.03231430053711,1684000
2014-07-31,55.380001068115234,55.869998931884766,54.720001220703125,54.79999923706055,37.36412048339844,1855300
2014-08-01,55.20000076293945,56.540000915527344,55.20000076293945,55.939998626708984,38.141414642333984,3219600
2014-08-04,55.849998474121094,56.0099983215332,54.5099983215332,55.83000183105469,38.06641387939453,4429000
2014-08-05,55.689998626708984,56.150001525878906,55.2400016784668,55.650001525878906,37.94367980957031,3322500
2014-08-06,55.380001068115234,55.619998931884766,54.31999969482422,54.86000061035156,37.40504455566406,4375100
2014-08-07,55.0099983215332,55.70000076293945,54.9900016784668,55.54999923706055,37.87549591064453,2452600
2014-08-08,55.58000183105469,56.97999954223633,55.58000183105469,56.91999816894531,38.80960464477539,3067200
2014-08-11,57.18000030517578,57.290000915527344,56.459999084472656,56.4900016784668,38.51641845703125,2718200
2014-08-12,56.41999816894531,56.560001373291016,56.119998931884766,56.150001525878906,38.28459548950195,1649400
2014-08-13,56.220001220703125,56.630001068115234,55.959999084472656,56.47999954223633,38.50959396362305,2547900
2014-08-14,56.689998626708984,57.13999938964844,56.4900016784668,57.060001373291016,38.905052185058594,1843300
2014-08-15,57.18000030517578,57.70000076293945,56.84000015258789,57.349998474121094,39.102779388427734,2236300
2014-08-18,57.41999816894531,57.84000015258789,57.18000030517578,57.540000915527344,39.232322692871094,1672300
2014-08-19,57.529998779296875,58.560001373291016,57.52000045776367,58.41999816894531,39.83233642578125,2610800
2014-08-20,58.38999938964844,58.83000183105469,58.31999969482422,58.7400016784668,40.05052185058594,1359900
2014-08-21,58.7599983215332,59.18000030517578,58.22999954223633,58.31999969482422,39.76415252685547,1728700
2014-08-22,58.02000045776367,58.90999984741211,58.02000045776367,58.4900016784668,39.88007354736328,1428600
2014-08-25,58.779998779296875,58.90999984741211,58.38999938964844,58.599998474121094,39.9550666809082,1135600
2014-08-26,58.650001525878906,58.83000183105469,57.630001068115234,57.7400016784668,39.36870193481445,1692100
2014-08-27,57.70000076293945,58.380001068115234,57.599998474121094,58.349998474121094,39.78460693359375,1889000
2014-08-28,58.15999984741211,58.630001068115234,57.959999084472656,58.470001220703125,39.86643600463867,1733900
2014-08-29,58.4900016784668,59.150001525878906,58.36000061035156,59.13999938964844,40.3232536315918,1582900
2014-09-02,59.25,59.349998474121094,58.22999954223633,58.63999938964844,39.98233413696289,2283000
2014-09-03,58.86000061035156,59.529998779296875,58.7599983215332,59.29999923706055,40.432334899902344,2490000
2014-09-04,59.16999816894531,59.29999923706055,58.58000183105469,58.9900016784668,40.22098159790039,1975800
2014-09-05,58.9900016784668,59.540000915527344,58.9900016784668,59.47999954223633,40.55508041381836,1084000
2014-09-08,59.279998779296875,59.380001068115234,58.34000015258789,58.709999084472656,40.03004837036133,2369200
2014-09-09,58.560001373291016,58.650001525878906,57.880001068115234,57.959999084472656,39.518699645996094,1307300
2014-09-10,57.959999084472656,58.02000045776367,57.439998626708984,57.65999984741211,39.31414794921875,1325700
2014-09-11,57.720001220703125,58.0,57.279998779296875,58.0,39.54596710205078,1628100
2014-09-12,57.7400016784668,57.7599983215332,56.72999954223633,56.880001068115234,38.782325744628906,1233300
2014-09-15,57.119998931884766,57.439998626708984,56.869998931884766,57.119998931884766,38.94596481323242,1944900
2014-09-16,57.09000015258789,58.25,57.08000183105469,58.119998931884766,39.62779235839844,1954800
2014-09-17,58.34000015258789,58.43000030517578,57.84000015258789,58.06999969482422,39.59370040893555,1717100
2014-09-18,58.08000183105469,58.25,57.619998931884766,57.709999084472656,39.34823989868164,2503100
2014-09-19,57.90999984741211,58.060001373291016,57.689998626708984,57.90999984741211,39.48461151123047,1827400
2014-09-22,57.90999984741211,58.0,57.279998779296875,57.29999923706055,39.06869125366211,1532200
2014-09-23,57.27000045776367,57.349998474121094,56.58000183105469,56.81999969482422,38.741416931152344,2456100
2014-09-24,56.9900016784668,57.060001373291016,56.2599983215332,56.52000045776367,38.5368766784668,1862300
2014-09-25,56.5,56.83000183105469,56.0099983215332,56.02000045776367,38.19594955444336,1726800
2014-09-26,55.720001220703125,55.97999954223633,55.08000183105469,55.790000915527344,38.28172302246094,2005300
2014-09-29,54.5,55.849998474121094,54.119998931884766,55.75,38.254276275634766,1973300
2014-09-30,55.880001068115234,56.560001373291016,55.650001525878906,55.91999816894531,38.37091827392578,1593400
2014-10-01,56.0099983215332,57.209999084472656,55.880001068115234,56.68000030517578,38.89242172241211,2693200
2014-10-02,56.63999938964844,57.11000061035156,56.18000030517578,56.29999923706055,38.63167953491211,2202200
2014-10-03,56.43000030517578,56.790000915527344,55.959999084472656,56.599998474121094,38.83753204345703,1375600
2014-10-06,56.83000183105469,57.189998626708984,56.5,56.849998474121094,39.00906753540039,1321400
2014-10-07,56.599998474121094,57.36000061035156,56.529998779296875,56.689998626708984,38.89927291870117,2336000
2014-10-08,56.81999969482422,58.150001525878906,56.689998626708984,58.060001373291016,39.839332580566406,2370900
2014-10-09,58.060001373291016,58.189998626708984,57.04999923706055,57.099998474121094,39.180606842041016,3093200
2014-10-10,57.43000030517578,58.060001373291016,57.040000915527344,57.720001220703125,39.60604476928711,3008100
2014-10-13,57.79999923706055,58.77000045776367,57.619998931884766,58.13999938964844,39.89424514770508,2266100
2014-10-14,58.459999084472656,60.0,57.849998474121094,59.79999923706055,41.033287048339844,3990400
2014-10-15,59.81999969482422,59.95000076293945,57.7400016784668,59.040000915527344,40.51180648803711,3002400
2014-10-16,58.349998474121094,58.59000015258789,57.13999938964844,58.38999938964844,40.065773010253906,3285100
2014-10-17,58.65999984741211,59.02000045776367,58.04999923706055,58.7599983215332,40.31966781616211,2415300
2014-10-20,58.7599983215332,60.0,58.7599983215332,59.81999969482422,41.0470085144043,2749500
2014-10-21,60.0,60.0,59.34000015258789,59.93000030517578,41.12248611450195,2168300
2014-10-22,59.91999816894531,60.93000030517578,59.79999923706055,60.33000183105469,41.396976470947266,1816100
2014-10-23,60.560001373291016,60.77000045776367,59.66999816894531,59.849998474121094,41.067596435546875,2783100
2014-10-24,60.0099983215332,60.7400016784668,59.68000030517578,60.650001525878906,41.61652755737305,1748800
2014-10-27,60.7599983215332,61.2400016784668,60.56999969482422,60.869998931884766,41.76749038696289,1293000
2014-10-28,60.939998626708984,61.790000915527344,60.630001068115234,61.7599983215332,42.37818908691406,2554100
2014-10-29,62.0,62.900001525878906,60.689998626708984,61.380001068115234,42.11745834350586,2588300
2014-10-30,61.099998474121094,62.849998474121094,60.97999954223633,62.560001373291016,42.92713165283203,3951100
2014-10-31,62.720001220703125,62.79999923706055,62.13999938964844,62.58000183105469,42.94085693359375,3833200
2014-11-03,62.66999816894531,63.310001373291016,62.54999923706055,63.2400016784668,43.39372634887695,2152300
2014-11-04,63.34000015258789,63.5099983215332,62.189998626708984,62.310001373291016,42.75558090209961,2237300
2014-11-05,62.91999816894531,63.47999954223633,62.56999969482422,63.02000045776367,43.24277877807617,5272800
2014-11-06,62.5099983215332,63.04999923706055,61.56999969482422,61.9900016784668,42.536006927490234,2428700
2014-11-07,62.060001373291016,62.45000076293945,61.95000076293945,62.380001068115234,42.80362319946289,3067200
2014-11-10,62.41999816894531,63.09000015258789,62.27000045776367,63.08000183105469,43.2839469909668,2084800
2014-11-11,63.02000045776367,63.290000915527344,62.720001220703125,63.209999084472656,43.37314224243164,1569500
2014-11-12,62.77000045776367,62.880001068115234,61.869998931884766,62.400001525878906,42.817352294921875,3282800
2014-11-13,62.349998474121094,62.61000061035156,61.61000061035156,61.68000030517578,42.32330322265625,1691000
2014-11-14,61.540000915527344,62.13999938964844,61.38999938964844,61.7599983215332,42.37818908691406,1957800
2014-11-17,61.59000015258789,62.7400016784668,61.52000045776367,62.720001220703125,43.036922454833984,2486200
2014-11-18,62.77000045776367,63.060001373291016,62.20000076293945,62.70000076293945,43.02320861816406,2121000
2014-11-19,62.529998779296875,62.630001068115234,62.13999938964844,62.54999923706055,42.92028045654297,1850100
2014-11-20,62.369998931884766,63.0,62.13999938964844,62.25,42.71441650390625,1797000
2014-11-21,62.90999984741211,62.91999816894531,61.63999938964844,62.45000076293945,42.851661682128906,2260100
2014-11-24,62.56999969482422,62.619998931884766,61.86000061035156,62.11000061035156,42.618370056152344,1739800
2014-11-25,62.279998779296875,62.56999969482422,61.459999084472656,62.400001525878906,42.817352294921875,2264000
2014-11-26,62.56999969482422,62.79999923706055,62.22999954223633,62.61000061035156,42.9614372253418,1307200
2014-11-28,62.779998779296875,63.65999984741211,62.63999938964844,63.560001373291016,43.613311767578125,876200
2014-12-01,63.130001068115234,64.0999984741211,62.790000915527344,63.599998474121094,43.64076232910156,2494800
2014-12-02,63.47999954223633,64.47000122070312,63.18000030517578,64.26000213623047,44.0936279296875,1789300
2014-12-03,64.20999908447266,64.2699966430664,63.529998779296875,64.20999908447266,44.05931854248047,1364500
2014-12-04,64.27999877929688,64.6500015258789,63.900001525878906,64.41000366210938,44.19656753540039,1108900
2014-12-05,63.90999984741211,64.54000091552734,63.150001525878906,63.630001068115234,43.66133117675781,1529300
2014-12-08,63.79999923706055,64.66999816894531,63.560001373291016,64.62999725341797,44.34751892089844,2115600
2014-12-09,64.5,65.08999633789062,64.33000183105469,64.75,44.42986297607422,1717100
2014-12-10,64.75,65.41000366210938,64.19999694824219,64.2300033569336,44.07305145263672,1507100
2014-12-11,64.58000183105469,64.98999786376953,64.26000213623047,64.43000030517578,44.21028518676758,1959600
2014-12-12,64.54000091552734,65.36000061035156,63.970001220703125,64.0,43.91522216796875,2287100
2014-12-15,64.05999755859375,64.44999694824219,62.900001525878906,63.209999084472656,43.37314224243164,3134500
2014-12-16,63.310001373291016,64.31999969482422,62.779998779296875,63.18000030517578,43.352561950683594,3640600
2014-12-17,63.41999816894531,64.23999786376953,63.2599983215332,63.88999938964844,43.839759826660156,2802400
2014-12-18,64.05000305175781,64.83999633789062,63.810001373291016,64.77999877929688,44.450443267822266,2694100
2014-12-19,65.19000244140625,65.44000244140625,64.58999633789062,64.80000305175781,44.464168548583984,3129600
2014-12-22,64.98999786376953,65.2699966430664,64.66999816894531,65.23999786376953,44.766075134277344,1676200
2014-12-23,65.2699966430664,65.55999755859375,65.05000305175781,65.33999633789062,44.8347053527832,1292900
2014-12-24,65.45999908447266,66.91999816894531,65.4000015258789,66.75,45.80220413208008,1131800
2014-12-26,66.80999755859375,67.8499984741211,66.80999755859375,67.54000091552734,46.34428787231445,1480600
2014-12-29,67.19999694824219,68.73999786376953,67.19999694824219,68.2699966430664,47.13622283935547,2069900
2014-12-30,68.04000091552734,68.23999786376953,66.87000274658203,66.93000030517578,46.211036682128906,1873000
2014-12-31,67.29000091552734,67.44000244140625,65.43000030517578,65.4800033569336,45.20990753173828,2044800
2015-01-02,65.01000213623047,65.94000244140625,64.77999877929688,65.51000213623047,45.230628967285156,1892800
2015-01-05,65.58000183105469,65.80999755859375,65.11000061035156,65.3499984741211,45.120140075683594,2462100
2015-01-06,65.0999984741211,66.7300033569336,65.02999877929688,65.5999984741211,45.29275131225586,2238600
2015-01-07,65.66000366210938,67.33999633789062,65.5,66.69999694824219,46.05223083496094,2385600
2015-01-08,66.9800033569336,67.37999725341797,66.4800033569336,67.06999969482422,46.307701110839844,2760800
2015-01-09,67.08999633789062,67.81999969482422,66.58000183105469,67.37999725341797,46.521728515625,2730800
2015-01-12,66.87000274658203,67.47000122070312,66.33000183105469,66.87999725341797,46.1765022277832,2069000
2015-01-13,67.20999908447266,67.98999786376953,66.13999938964844,66.5,45.91413497924805,2757100
2015-01-14,66.4000015258789,67.56999969482422,66.05000305175781,67.5199966430664,46.61838912963867,1880000
2015-01-15,67.58000183105469,68.2300033569336,67.20999908447266,67.8499984741211,46.846229553222656,2444900
2015-01-16,68.0,68.12999725341797,67.4000015258789,68.0,46.94979476928711,1616700
2015-01-20,68.4000015258789,68.43000030517578,67.69000244140625,68.16999816894531,47.067169189453125,1877800
2015-01-21,67.9000015258789,68.56999969482422,67.45999908447266,68.45999908447266,47.26740264892578,1964000
2015-01-22,68.77999877929688,68.79000091552734,67.8499984741211,68.18000030517578,47.0740852355957,1892300
2015-01-23,68.4000015258789,68.69000244140625,68.0999984741211,68.38999938964844,47.21906661987305,1223700
2015-01-26,68.4000015258789,68.4800033569336,67.8499984741211,68.33999633789062,47.18455505371094,1570300
2015-01-27,68.25,68.83999633789062,68.13999938964844,68.37000274658203,47.20527648925781,1582200
2015-01-28,68.41000366210938,69.31999969482422,67.51000213623047,67.62000274658203,46.68743896484375,1841500
2015-01-29,67.63999938964844,69.0999984741211,67.4800033569336,69.05000305175781,47.67475891113281,2957700
2015-01-30,68.77999877929688,69.58999633789062,68.05999755859375,68.1500015258789,47.053367614746094,3136100
2015-02-02,68.02999877929688,68.45999908447266,67.08999633789062,68.29000091552734,47.15003204345703,1722700
2015-02-03,67.97000122070312,68.26000213623047,67.4800033569336,67.91999816894531,46.894569396972656,2191000
2015-02-04,67.72000122070312,68.36000061035156,67.37999725341797,67.5,46.60458755493164,1385000
2015-02-05,67.73999786376953,67.97000122070312,67.30000305175781,67.7300033569336,46.76339340209961,947500
2015-02-06,67.4000015258789,67.69000244140625,64.08000183105469,64.37000274658203,44.443519592285156,2637700
2015-02-09,64.58999633789062,65.06999969482422,63.88999938964844,64.11000061035156,44.263999938964844,1714000
2015-02-10,64.12000274658203,66.06999969482422,64.0,66.0,45.568931579589844,2525000
2015-02-11,65.55000305175781,65.55000305175781,64.48999786376953,64.66999816894531,44.650634765625,1981700
2015-02-12,64.58000183105469,64.93000030517578,64.05999755859375,64.80000305175781,44.74041748046875,2156400
2015-02-13,64.75,64.75,62.40999984741211,62.90999984741211,43.43546676635742,2615400
2015-02-17,62.93000030517578,64.02999877929688,62.310001373291016,63.40999984741211,43.78068542480469,2745400
2015-02-18,63.31999969482422,65.4800033569336,63.16999816894531,65.33000183105469,45.1063346862793,2156800
2015-02-19,65.44000244140625,65.44000244140625,64.05000305175781,64.38999938964844,44.45732498168945,1523600
2015-02-20,64.47000122070312,64.62999725341797,63.31999969482422,64.08999633789062,44.25019836425781,1743500
2015-02-23,64.33999633789062,65.4800033569336,64.22000122070312,65.47000122070312,45.202999114990234,2353100
2015-02-24,65.37999725341797,65.93000030517578,65.0,65.63999938964844,45.32036209106445,1530400
2015-02-25,65.63999938964844,65.83999633789062,64.58000183105469,64.88999938964844,44.80254364013672,1955200
2015-02-26,65.0999984741211,65.13999938964844,63.83000183105469,64.0999984741211,44.2570915222168,2554200
2015-02-27,64.20999908447266,64.44999694824219,63.630001068115234,64.25,44.36065673828125,1417500
2015-03-02,64.0999984741211,64.22000122070312,62.70000076293945,63.720001220703125,43.994728088378906,3107000
2015-03-03,63.4900016784668,63.869998931884766,63.13999938964844,63.7400016784668,44.008544921875,2190700
2015-03-04,63.709999084472656,63.790000915527344,63.18000030517578,63.45000076293945,43.80830764770508,1418900
2015-03-05,63.720001220703125,64.33999633789062,63.58000183105469,63.81999969482422,44.06377029418945,1762000
2015-03-06,63.060001373291016,63.060001373291016,61.02000045776367,61.31999969482422,42.33767318725586,2434100
2015-03-09,61.43000030517578,62.25,61.20000076293945,61.790000915527344,42.66218948364258,1809800
2015-03-10,61.650001525878906,62.54999923706055,61.439998626708984,62.06999969482422,42.855506896972656,2301200
2015-03-11,61.81999969482422,62.439998626708984,61.33000183105469,62.0,42.80716323852539,2691300
2015-03-12,62.470001220703125,63.47999954223633,62.349998474121094,63.04999923706055,43.53211975097656,2189500
2015-03-13,62.75,62.959999084472656,61.83000183105469,62.83000183105469,43.380226135253906,2145400
2015-03-16,63.2400016784668,64.38999938964844,63.0,64.16000366210938,44.298519134521484,1969200
2015-03-17,63.900001525878906,64.16999816894531,63.470001220703125,63.52000045776367,43.85663986206055,1595300
2015-03-18,63.560001373291016,65.98999786376953,63.40999984741211,65.48999786376953,45.216793060302734,2107900
2015-03-19,65.30000305175781,65.83999633789062,64.63999938964844,64.80999755859375,44.747310638427734,2278600
2015-03-20,65.4000015258789,65.68000030517578,63.720001220703125,64.16999816894531,44.3054313659668,6584400
2015-03-23,64.0999984741211,64.55999755859375,63.93000030517578,64.22000122070312,44.33995056152344,2357300
2015-03-24,64.08000183105469,64.43000030517578,62.970001220703125,63.130001068115234,43.58736038208008,2528900
2015-03-25,63.33000183105469,63.790000915527344,62.5,62.58000183105469,43.207637786865234,2151200
2015-03-26,62.4900016784668,62.939998626708984,61.650001525878906,62.22999954223633,42.96596908569336,2116100
2015-03-27,62.0099983215332,62.790000915527344,61.790000915527344,62.18000030517578,43.22107696533203,1641200
2015-03-30,62.540000915527344,63.27000045776367,62.33000183105469,63.040000915527344,43.81885528564453,1454900
2015-03-31,62.810001373291016,63.41999816894531,62.130001068115234,62.470001220703125,43.42265701293945,2559000
2015-04-01,62.43000030517578,63.18000030517578,61.58000183105469,62.93000030517578,43.74239730834961,2125400
2015-04-02,62.959999084472656,63.18000030517578,62.70000076293945,63.040000915527344,43.81885528564453,1250900
2015-04-06,63.15999984741211,64.55000305175781,63.15999984741211,64.23999786376953,44.6529655456543,2033600
2015-04-07,64.13999938964844,64.31999969482422,63.54999923706055,63.72999954223633,44.29847717285156,2629900
2015-04-08,63.70000076293945,63.9900016784668,63.459999084472656,63.709999084472656,44.28456497192383,2211000
2015-04-09,63.619998931884766,63.65999984741211,63.09000015258789,63.369998931884766,44.04823303222656,1536400
2015-04-10,63.63999938964844,63.9900016784668,63.18000030517578,63.790000915527344,44.34017562866211,1266900
2015-04-13,63.56999969482422,63.58000183105469,62.70000076293945,62.810001373291016,43.65898895263672,1430500
2015-04-14,62.90999984741211,63.33000183105469,62.68000030517578,62.9900016784668,43.78410339355469,1697500
2015-04-15,63.11000061035156,63.59000015258789,62.38999938964844,62.4900016784668,43.43655776977539,1990100
2015-04-16,62.38999938964844,62.5099983215332,61.09000015258789,61.68000030517578,42.873512268066406,3399500
2015-04-17,61.36000061035156,61.970001220703125,60.77000045776367,61.06999969482422,42.44951629638672,3245000
2015-04-20,60.52000045776367,62.279998779296875,60.52000045776367,61.650001525878906,42.85266876220703,2949300
2015-04-21,61.650001525878906,62.08000183105469,60.369998931884766,60.5,42.053306579589844,3722800
2015-04-22,60.54999923706055,60.810001373291016,59.779998779296875,60.0099983215332,41.71271514892578,4858100
2015-04-23,60.0099983215332,60.72999954223633,59.88999938964844,60.439998626708984,42.0115966796875,3384600
2015-04-24,60.45000076293945,61.869998931884766,60.279998779296875,61.58000183105469,42.804012298583984,2769500
2015-04-27,61.88999938964844,61.900001525878906,60.63999938964844,61.0099983215332,42.407806396484375,2091600
2015-04-28,60.81999969482422,61.939998626708984,60.720001220703125,61.65999984741211,42.859619140625,2384600
2015-04-29,62.83000183105469,62.970001220703125,61.33000183105469,62.0099983215332,43.1029052734375,4306400
2015-04-30,61.869998931884766,61.93000030517578,60.41999816894531,60.939998626708984,42.35915756225586,3235900
2015-05-01,61.02000045776367,61.59000015258789,60.5,61.540000915527344,42.776214599609375,2241600
2015-05-04,61.599998474121094,62.310001373291016,61.290000915527344,61.91999816894531,43.04035186767578,2439100
2015-05-05,61.63999938964844,61.779998779296875,60.08000183105469,60.369998931884766,41.96295166015625,1925800
2015-05-06,60.2400016784668,60.36000061035156,59.04999923706055,59.599998474121094,41.42771911621094,2319600
2015-05-07,59.869998931884766,60.5,59.72999954223633,60.13999938964844,41.803077697753906,2258100
2015-05-08,60.95000076293945,61.25,60.310001373291016,60.66999816894531,42.17147445678711,2603400
2015-05-11,60.43000030517578,61.41999816894531,60.15999984741211,60.27000045776367,41.893436431884766,1391700
2015-05-12,59.849998474121094,59.970001220703125,58.97999954223633,59.52000045776367,41.37211608886719,3177000
2015-05-13,59.599998474121094,60.060001373291016,58.56999969482422,58.84000015258789,40.89945983886719,2090200
2015-05-14,59.09000015258789,59.7599983215332,59.04999923706055,59.75,41.53199768066406,2047300
2015-05-15,59.900001525878906,60.619998931884766,59.599998474121094,60.439998626708984,42.0115966796875,2472900
2015-05-18,60.15999984741211,61.04999923706055,60.11000061035156,60.77000045776367,42.24097442626953,1397900
2015-05-19,60.459999084472656,60.97999954223633,60.220001220703125,60.58000183105469,42.10892105102539,1399100
2015-05-20,60.709999084472656,61.34000015258789,60.4900016784668,60.810001373291016,42.2687873840332,1255300
2015-05-21,60.83000183105469,61.11000061035156,60.5099983215332,60.83000183105469,42.282691955566406,1171700
2015-05-22,60.810001373291016,60.939998626708984,60.220001220703125,60.7400016784668,42.22012710571289,919500
2015-05-26,60.709999084472656,60.7599983215332,59.90999984741211,60.459999084472656,42.02550506591797,1745800
2015-05-27,60.47999954223633,60.91999816894531,60.310001373291016,60.779998779296875,42.24793243408203,1625400
2015-05-28,60.83000183105469,61.25,60.58000183105469,61.04999923706055,42.43561553955078,1766400
2015-05-29,61.060001373291016,61.34000015258789,60.7400016784668,60.810001373291016,42.2687873840332,2414400
2015-06-01,60.90999984741211,61.220001220703125,60.7400016784668,60.779998779296875,42.24793243408203,1253400
2015-06-02,60.380001068115234,60.470001220703125,59.18000030517578,59.540000915527344,41.38602066040039,1919100
2015-06-03,59.4900016784668,59.540000915527344,58.09000015258789,58.619998931884766,40.74653244018555,2113900
2015-06-04,58.16999816894531,59.09000015258789,58.16999816894531,58.84000015258789,40.89945983886719,1811900
2015-06-05,58.0,58.34000015258789,57.5,57.68000030517578,40.0931396484375,1807400
2015-06-08,57.689998626708984,57.81999969482422,57.36000061035156,57.52000045776367,39.98192596435547,1775500
2015-06-09,57.43000030517578,57.599998474121094,57.25,57.2599983215332,39.80119323730469,1157300
2015-06-10,57.619998931884766,58.06999969482422,57.34000015258789,57.41999816894531,39.91241455078125,1831300
2015-06-11,57.9900016784668,58.220001220703125,57.61000061035156,57.869998931884766,40.225215911865234,1183600
2015-06-12,57.5,57.869998931884766,57.16999816894531,57.20000076293945,39.759498596191406,1085900
2015-06-15,57.2400016784668,57.47999954223633,56.880001068115234,57.36000061035156,39.87070846557617,1674200
2015-06-16,57.29999923706055,57.810001373291016,57.099998474121094,57.58000183105469,40.02362823486328,1371000
2015-06-17,57.540000915527344,58.130001068115234,57.25,57.9900016784668,40.30862808227539,1657400
2015-06-18,58.04999923706055,59.20000076293945,58.029998779296875,58.86000061035156,40.91335678100586,1965300
2015-06-19,58.88999938964844,59.43000030517578,58.529998779296875,58.61000061035156,40.73957824707031,2303300
2015-06-22,58.15999984741211,58.90999984741211,58.15999984741211,58.380001068115234,40.5797119140625,2389600
2015-06-23,58.20000076293945,58.47999954223633,57.349998474121094,57.630001068115234,40.05839157104492,2242200
2015-06-24,57.689998626708984,57.90999984741211,55.18000030517578,56.06999969482422,38.97404098510742,6909500
2015-06-25,56.34000015258789,56.40999984741211,55.709999084472656,56.0,38.925376892089844,4512800
2015-06-26,55.810001373291016,56.41999816894531,55.63999938964844,56.22999954223633,39.379188537597656,4130500
2015-06-29,56.189998626708984,56.66999816894531,55.65999984741211,55.68000030517578,38.9940185546875,2642800
2015-06-30,55.75,55.84000015258789,55.33000183105469,55.58000183105469,38.92398452758789,2326400
2015-07-01,55.75,56.40999984741211,55.52000045776367,56.400001525878906,39.498252868652344,2402100
2015-07-02,56.66999816894531,57.75,56.66999816894531,57.54999923706055,40.30360794067383,3146200
2015-07-06,57.380001068115234,57.84000015258789,56.88999938964844,57.599998474121094,40.33863067626953,2128400
2015-07-07,58.06999969482422,59.11000061035156,57.810001373291016,58.83000183105469,41.200035095214844,2545200
2015-07-08,58.529998779296875,59.099998474121094,58.040000915527344,58.25,40.79383850097656,1938800
2015-07-09,58.25,58.5099983215332,57.380001068115234,57.58000183105469,40.32461929321289,1935000
2015-07-10,57.47999954223633,58.34000015258789,57.18000030517578,57.95000076293945,40.58374786376953,1567000
2015-07-13,58.099998474121094,58.43000030517578,57.439998626708984,57.720001220703125,40.422664642333984,2305700
2015-07-14,57.83000183105469,58.310001373291016,57.779998779296875,57.939998626708984,40.57674026489258,1838800
2015-07-15,57.849998474121094,58.150001525878906,57.36000061035156,58.11000061035156,40.69579315185547,1337500
2015-07-16,58.209999084472656,59.189998626708984,58.150001525878906,59.13999938964844,41.41712951660156,2321900
2015-07-17,59.16999816894531,59.16999816894531,58.470001220703125,58.540000915527344,40.99693298339844,1475500
2015-07-20,58.43000030517578,58.43000030517578,57.91999816894531,58.189998626708984,40.75181198120117,1403000
2015-07-21,58.189998626708984,58.29999923706055,57.83000183105469,57.9900016784668,40.61176681518555,1807600
2015-07-22,58.0099983215332,58.81999969482422,57.97999954223633,58.400001525878906,40.898887634277344,2435200
2015-07-23,58.220001220703125,58.5099983215332,57.189998626708984,57.75,40.44367980957031,1723800
2015-07-24,57.650001525878906,58.0,57.40999984741211,57.650001525878906,40.37364959716797,2198200
2015-07-27,57.43000030517578,58.9900016784668,57.43000030517578,58.93000030517578,41.270050048828125,2618100
2015-07-28,58.869998931884766,59.06999969482422,58.31999969482422,58.880001068115234,41.235050201416016,2066200
2015-07-29,58.75,59.099998474121094,58.34000015258789,59.08000183105469,41.37510681152344,1718100
2015-07-30,58.84000015258789,59.7599983215332,58.63999938964844,59.529998779296875,41.69026565551758,1162200
2015-07-31,59.70000076293945,61.2400016784668,59.70000076293945,60.0099983215332,42.026405334472656,2500700
2015-08-03,60.04999923706055,60.63999938964844,59.88999938964844,60.150001525878906,42.12445831298828,1855600
2015-08-04,60.0099983215332,60.04999923706055,59.5,59.66999816894531,41.78830337524414,1403600
2015-08-05,59.97999954223633,60.2400016784668,59.650001525878906,59.86000061035156,41.921356201171875,1375600
2015-08-06,60.099998474121094,60.630001068115234,59.4900016784668,60.599998474121094,42.43960952758789,2441300
2015-08-07,60.439998626708984,61.27000045776367,59.91999816894531,61.0099983215332,42.72673034667969,2219000
2015-08-10,61.0,61.150001525878906,59.470001220703125,59.540000915527344,41.697261810302734,3271300
2015-08-11,59.209999084472656,59.970001220703125,58.40999984741211,59.0,41.319087982177734,4864900
2015-08-12,59.0,61.16999816894531,58.65999984741211,60.689998626708984,42.50263214111328,4666600
2015-08-13,60.459999084472656,60.779998779296875,59.970001220703125,60.59000015258789,42.432594299316406,2140000
2015-08-14,60.540000915527344,61.209999084472656,60.2400016784668,61.13999938964844,42.81777572631836,1783000
2015-08-17,60.970001220703125,61.86000061035156,60.47999954223633,61.7400016784668,43.23796844482422,1584100
2015-08-18,61.459999084472656,61.7400016784668,60.939998626708984,61.22999954223633,42.88081359863281,1898400
2015-08-19,61.18000030517578,62.189998626708984,60.900001525878906,61.939998626708984,43.37804412841797,2795100
2015-08-20,61.5099983215332,62.63999938964844,61.29999923706055,61.7400016784668,43.23796844482422,2576400
2015-08-21,61.22999954223633,63.18000030517578,60.77000045776367,62.13999938964844,43.51809310913086,4400000
2015-08-24,61.66999816894531,62.810001373291016,59.31999969482422,59.68000030517578,41.79530715942383,7175600
2015-08-25,60.310001373291016,60.5099983215332,57.40999984741211,57.4900016784668,40.261592864990234,4176700
2015-08-26,58.060001373291016,58.880001068115234,57.279998779296875,58.70000076293945,41.10898971557617,2978900
2015-08-27,59.560001373291016,60.189998626708984,59.099998474121094,59.869998931884766,41.928367614746094,2824800
2015-08-28,59.83000183105469,60.20000076293945,58.86000061035156,59.63999938964844,41.76728057861328,1532600
2015-08-31,59.40999984741211,59.45000076293945,57.900001525878906,58.47999954223633,40.95491027832031,2038900
2015-09-01,57.869998931884766,58.15999984741211,56.880001068115234,57.209999084472656,40.065513610839844,2028800
2015-09-02,57.779998779296875,57.88999938964844,57.060001373291016,57.540000915527344,40.296600341796875,2752600
2015-09-03,57.58000183105469,58.09000015258789,57.349998474121094,57.61000061035156,40.34564208984375,1919500
2015-09-04,57.029998779296875,57.47999954223633,56.68000030517578,57.04999923706055,39.953453063964844,2339300
2015-09-08,57.81999969482422,58.36000061035156,57.349998474121094,57.869998931884766,40.52772521972656,1936700
2015-09-09,58.15999984741211,58.31999969482422,57.130001068115234,57.290000915527344,40.12154006958008,2020700
2015-09-10,57.29999923706055,57.93000030517578,57.029998779296875,57.2400016784668,40.086509704589844,2153900
2015-09-11,56.84000015258789,57.93000030517578,56.689998626708984,57.91999816894531,40.5627326965332,1650200
2015-09-14,58.02000045776367,58.459999084472656,57.790000915527344,58.220001220703125,40.77284240722656,1600200
2015-09-15,58.2599983215332,59.310001373291016,57.900001525878906,59.15999984741211,41.43113327026367,2860000
2015-09-16,59.22999954223633,59.88999938964844,59.15999984741211,59.709999084472656,41.81631851196289,2561200
2015-09-17,59.779998779296875,61.84000015258789,59.54999923706055,61.099998474121094,42.789756774902344,4289700
2015-09-18,59.939998626708984,62.15999984741211,59.880001068115234,61.290000915527344,42.92283630371094,3917500
2015-09-21,61.470001220703125,62.060001373291016,61.16999816894531,61.61000061035156,43.14692306518555,2764100
2015-09-22,61.150001525878906,61.52000045776367,60.59000015258789,60.849998474121094,42.61467742919922,2148400
2015-09-23,60.83000183105469,61.209999084472656,60.369998931884766,61.08000183105469,42.77576446533203,2171000
2015-09-24,60.810001373291016,61.939998626708984,60.7599983215332,61.810001373291016,43.28699493408203,2034800
2015-09-25,61.869998931884766,63.04999923706055,61.56999969482422,62.33000183105469,43.651161193847656,2448800
2015-09-28,61.790000915527344,62.38999938964844,61.52000045776367,61.630001068115234,43.45234680175781,2008200
2015-09-29,61.58000183105469,62.130001068115234,61.29999923706055,61.790000915527344,43.56515121459961,1657500
2015-09-30,62.099998474121094,63.150001525878906,61.90999984741211,63.06999969482422,44.46760559082031,2564300
2015-10-01,63.08000183105469,63.2599983215332,61.369998931884766,62.18000030517578,43.840118408203125,2588100
2015-10-02,62.709999084472656,63.13999938964844,62.040000915527344,63.119998931884766,44.502864837646484,1619900
2015-10-05,63.33000183105469,63.84000015258789,62.720001220703125,63.68000030517578,44.897701263427734,1920100
2015-10-06,63.599998474121094,63.75,62.45000076293945,63.040000915527344,44.44645690917969,2467500
2015-10-07,63.25,63.400001525878906,62.65999984741211,62.939998626708984,44.37594985961914,2143600
2015-10-08,62.7400016784668,63.90999984741211,62.7400016784668,63.720001220703125,44.92589569091797,1572400
2015-10-09,63.61000061035156,63.93000030517578,62.90999984741211,63.13999938964844,44.51696014404297,1678700
2015-10-12,63.18000030517578,64.08999633789062,63.18000030517578,63.59000015258789,44.83424377441406,1474300
2015-10-13,63.40999984741211,63.650001525878906,63.150001525878906,63.560001373291016,44.8130989074707,1584300
2015-10-14,63.54999923706055,64.48999786376953,63.4900016784668,63.81999969482422,44.99641036987305,1750700
2015-10-15,64.0999984741211,64.56999969482422,63.68000030517578,64.43000030517578,45.426483154296875,1105400
2015-10-16,64.66000366210938,64.91999816894531,63.90999984741211,64.27999877929688,45.320709228515625,2576300
2015-10-19,64.18000030517578,64.9800033569336,63.7599983215332,64.9800033569336,45.81427001953125,2115700
2015-10-20,64.66000366210938,65.73999786376953,64.5199966430664,65.44999694824219,46.1456413269043,3212000
2015-10-21,65.7300033569336,66.12000274658203,64.95999908447266,65.0199966430664,45.84246063232422,1192800
2015-10-22,65.0,66.29000091552734,64.95999908447266,66.08999633789062,46.59686279296875,1579800
2015-10-23,65.80999755859375,66.05000305175781,64.20999908447266,64.55000305175781,45.511085510253906,2304900
2015-10-26,64.76000213623047,65.0999984741211,64.04000091552734,65.05000305175781,45.863616943359375,1605700
2015-10-27,64.9800033569336,65.29000091552734,64.19000244140625,64.37999725341797,45.3912353515625,1963700
2015-10-28,61.40999984741211,62.560001373291016,60.38999938964844,61.22999954223633,43.17031478881836,5939800
2015-10-29,60.790000915527344,61.22999954223633,59.84000015258789,60.63999938964844,42.75433349609375,3514300
2015-10-30,60.599998474121094,60.91999816894531,60.130001068115234,60.52000045776367,42.66973114013672,3141900
2015-11-02,60.45000076293945,61.029998779296875,60.0099983215332,60.88999938964844,42.93059539794922,2599400
2015-11-03,60.47999954223633,60.959999084472656,60.130001068115234,60.619998931884766,42.740238189697266,2577000
2015-11-04,60.630001068115234,61.150001525878906,60.560001373291016,60.810001373291016,42.87419128417969,2395700
2015-11-05,60.77000045776367,61.04999923706055,60.04999923706055,60.18000030517578,42.43001174926758,2303900
2015-11-06,59.20000076293945,59.529998779296875,57.5099983215332,59.060001373291016,41.64035415649414,4892200
2015-11-09,58.81999969482422,60.099998474121094,58.68000030517578,59.25,41.774314880371094,3483400
2015-11-10,59.2599983215332,60.61000061035156,59.2599983215332,60.04999923706055,42.338356018066406,3234900
2015-11-11,60.0099983215332,60.849998474121094,59.79999923706055,60.77000045776367,42.84598922729492,2075200
2015-11-12,60.38999938964844,60.939998626708984,59.77000045776367,60.04999923706055,42.338356018066406,2531700
2015-11-13,60.220001220703125,60.90999984741211,59.47999954223633,59.70000076293945,42.091590881347656,2285500
2015-11-16,59.59000015258789,60.2599983215332,59.41999816894531,60.25,42.4793701171875,2050900
2015-11-17,60.040000915527344,60.83000183105469,58.86000061035156,59.04999923706055,41.63330841064453,1652300
2015-11-18,58.97999954223633,59.5,58.470001220703125,59.29999923706055,41.8095588684082,2595800
2015-11-19,59.5099983215332,60.58000183105469,59.400001525878906,60.29999923706055,42.514625549316406,2182300
2015-11-20,60.560001373291016,61.15999984741211,60.400001525878906,60.58000183105469,42.71202850341797,1496400
2015-11-23,60.72999954223633,60.81999969482422,60.08000183105469,60.099998474121094,42.37361145019531,1293500
2015-11-24,59.810001373291016,59.900001525878906,59.15999984741211,59.70000076293945,42.091590881347656,2075000
2015-11-25,59.75,59.75,58.97999954223633,59.18000030517578,41.7249641418457,2055000
2015-11-27,59.27000045776367,59.88999938964844,59.27000045776367,59.43000030517578,41.90122604370117,738000
2015-11-30,59.56999969482422,59.83000183105469,59.310001373291016,59.36000061035156,41.851863861083984,2403000
2015-12-01,59.5,59.68000030517578,58.900001525878906,59.29999923706055,41.8095588684082,2325400
2015-12-02,59.16999816894531,59.36000061035156,58.58000183105469,58.66999816894531,41.36539077758789,2319300
2015-12-03,58.31999969482422,58.720001220703125,57.849998474121094,58.63999938964844,41.34423828125,3057200
2015-12-04,58.880001068115234,60.34000015258789,58.869998931884766,60.209999084472656,42.45116424560547,2716200
2015-12-07,60.130001068115234,60.2400016784668,59.47999954223633,60.040000915527344,42.331302642822266,2737700
2015-12-08,59.81999969482422,60.25,59.349998474121094,59.650001525878906,42.05634307861328,1968700
2015-12-09,59.31999969482422,60.02000045776367,58.959999084472656,59.400001525878906,41.88007736206055,1996900
2015-12-10,59.310001373291016,59.560001373291016,58.869998931884766,59.02000045776367,41.61215591430664,3092400
2015-12-11,58.79999923706055,59.720001220703125,58.4900016784668,59.22999954223633,41.760215759277344,2657000
2015-12-14,59.29999923706055,59.77000045776367,58.810001373291016,59.310001373291016,41.81661605834961,2075800
2015-12-15,59.61000061035156,60.400001525878906,59.38999938964844,59.630001068115234,42.04222869873047,2231100
2015-12-16,59.88999938964844,60.9900016784668,59.689998626708984,60.849998474121094,42.90238571166992,1938000
2015-12-17,60.849998474121094,61.349998474121094,60.310001373291016,60.900001525878906,42.937652587890625,1396100
2015-12-18,60.7400016784668,60.7400016784668,59.41999816894531,59.65999984741211,42.06338882446289,2876200
2015-12-21,59.970001220703125,60.060001373291016,58.619998931884766,58.93000030517578,41.5486946105957,2764400
2015-12-22,59.209999084472656,59.97999954223633,58.540000915527344,59.529998779296875,41.97172927856445,1979700
2015-12-23,59.84000015258789,60.4900016784668,59.790000915527344,60.36000061035156,42.55691909790039,1226500
2015-12-24,60.36000061035156,60.61000061035156,60.119998931884766,60.36000061035156,42.55691909790039,440000
2015-12-28,60.2400016784668,60.52000045776367,59.90999984741211,60.43000030517578,42.60627365112305,1549100
2015-12-29,60.18000030517578,60.84000015258789,60.15999984741211,60.40999984741211,42.93320083618164,1429900
2015-12-30,60.52000045776367,60.849998474121094,60.25,60.29999923706055,42.855018615722656,1761200
2015-12-31,60.08000183105469,60.20000076293945,58.7400016784668,59.209999084472656,42.08035659790039,2296200
2016-01-04,58.56999969482422,59.06999969482422,58.2400016784668,58.95000076293945,41.89558029174805,2998000
2016-01-05,59.08000183105469,59.209999084472656,58.0099983215332,58.970001220703125,41.9097900390625,2534600
2016-01-06,58.65999984741211,58.77000045776367,58.0,58.58000183105469,41.632625579833984,3351600
2016-01-07,58.029998779296875,58.630001068115234,57.970001220703125,58.290000915527344,41.426536560058594,2960700
2016-01-08,58.33000183105469,58.70000076293945,58.18000030517578,58.279998779296875,41.41939926147461,2360400
2016-01-11,58.459999084472656,59.36000061035156,58.27000045776367,59.20000076293945,42.073246002197266,4396200
2016-01-12,59.279998779296875,59.56999969482422,58.34000015258789,59.400001525878906,42.21538543701172,2221700
2016-01-13,59.900001525878906,60.20000076293945,59.2400016784668,59.380001068115234,42.20117950439453,1806300
2016-01-14,59.45000076293945,60.060001373291016,58.88999938964844,59.54999923706055,42.321998596191406,2109700
2016-01-15,58.70000076293945,59.47999954223633,58.59000015258789,59.119998931884766,42.01640319824219,2988300
2016-01-19,59.45000076293945,60.310001373291016,59.08000183105469,60.119998931884766,42.72709655761719,3264700
2016-01-20,59.77000045776367,60.18000030517578,58.2400016784668,59.0099983215332,41.938228607177734,3095800
2016-01-21,59.029998779296875,59.4900016784668,58.47999954223633,58.720001220703125,41.73212432861328,2045600
2016-01-22,58.83000183105469,59.880001068115234,58.45000076293945,59.72999954223633,42.44991683959961,2022400
2016-01-25,59.79999923706055,60.0099983215332,59.209999084472656,59.91999816894531,42.584957122802734,2124900
2016-01-26,60.29999923706055,61.310001373291016,60.22999954223633,60.70000076293945,43.13931655883789,2813200
2016-01-27,60.900001525878906,61.16999816894531,60.04999923706055,60.5,42.99715805053711,1402600
2016-01-28,60.33000183105469,62.11000061035156,60.0099983215332,61.560001373291016,43.750492095947266,1894900
2016-01-29,62.06999969482422,62.34000015258789,61.47999954223633,61.79999923706055,43.92106628417969,4771200
2016-02-01,61.810001373291016,62.470001220703125,61.4900016784668,62.22999954223633,44.22666549682617,3546900
2016-02-02,62.0099983215332,62.810001373291016,61.68000030517578,62.720001220703125,44.57490921020508,3614900
2016-02-03,62.90999984741211,64.4800033569336,62.77000045776367,64.06999969482422,45.534339904785156,3935700
2016-02-04,63.88999938964844,64.30999755859375,62.880001068115234,63.06999969482422,44.823638916015625,2506200
2016-02-05,63.189998626708984,63.68000030517578,62.16999816894531,63.290000915527344,44.98000717163086,2498800
2016-02-08,63.34000015258789,64.30000305175781,62.650001525878906,62.900001525878906,44.70283126831055,2181800
2016-02-09,63.0,63.75,62.720001220703125,63.400001525878906,45.05818557739258,2737500
2016-02-10,63.20000076293945,63.869998931884766,62.290000915527344,63.5099983215332,45.1363525390625,1492700
2016-02-11,63.189998626708984,63.61000061035156,62.31999969482422,62.349998474121094,44.311946868896484,2167200
2016-02-12,62.18000030517578,62.650001525878906,61.5099983215332,61.7599983215332,43.89263916015625,3337300
2016-02-16,61.93000030517578,62.470001220703125,61.5,62.380001068115234,44.33327102661133,2100100
2016-02-17,62.40999984741211,62.709999084472656,61.77000045776367,62.529998779296875,44.43986892700195,1870900
2016-02-18,62.47999954223633,64.01000213623047,62.369998931884766,63.70000076293945,45.271392822265625,1738700
2016-02-19,63.630001068115234,63.650001525878906,62.83000183105469,62.88999938964844,44.69572067260742,2678300
2016-02-22,63.2400016784668,64.25,62.97999954223633,64.23999786376953,45.65517044067383,2109600
2016-02-23,63.959999084472656,65.29000091552734,63.599998474121094,64.9800033569336,46.18109893798828,3137200
2016-02-24,66.75,68.37000274658203,66.55000305175781,67.83000183105469,48.20657730102539,6781500
2016-02-25,67.83000183105469,69.23999786376953,67.70999908447266,68.79000091552734,48.88882827758789,4014000
2016-02-26,68.62999725341797,68.77999877929688,67.05999755859375,67.26000213623047,47.801475524902344,2971200
2016-02-29,67.19999694824219,68.80000305175781,67.0199966430664,68.16000366210938,48.441097259521484,2784100
2016-03-01,68.75,68.87999725341797,66.51000213623047,66.87999725341797,47.531402587890625,3601300
2016-03-02,66.76000213623047,67.08999633789062,65.5999984741211,66.97000122070312,47.595367431640625,2851500
2016-03-03,67.0999984741211,67.45999908447266,66.37999725341797,67.41999816894531,47.91518020629883,2379700
2016-03-04,66.80999755859375,67.93000030517578,66.55000305175781,67.70999908447266,48.121273040771484,2049400
2016-03-07,67.83999633789062,68.7300033569336,67.4000015258789,68.55999755859375,48.725379943847656,2046300
2016-03-08,68.72000122070312,69.36000061035156,68.27999877929688,69.0999984741211,49.109153747558594,2779000
2016-03-09,69.06999969482422,69.98999786376953,68.8499984741211,69.75,49.57109832763672,2455600
2016-03-10,69.55999755859375,69.9000015258789,69.0999984741211,69.76000213623047,49.57821273803711,1898900
2016-03-11,70.0,70.77999877929688,69.94999694824219,70.4000015258789,50.0330696105957,2991100
2016-03-14,70.23999786376953,70.47000122070312,69.80999755859375,70.13999938964844,49.84828186035156,1659300
2016-03-15,70.18000030517578,70.69999694824219,69.83999633789062,70.02999877929688,49.770111083984375,2061200
2016-03-16,70.02999877929688,70.93000030517578,69.18000030517578,70.68000030517578,50.232051849365234,1731400
2016-03-17,70.69000244140625,71.5199966430664,70.5,71.25,50.63715744018555,1523700
2016-03-18,71.5199966430664,71.63999938964844,70.58999633789062,71.43000030517578,50.76508712768555,4017800
2016-03-21,71.1500015258789,71.79000091552734,70.54000091552734,71.37999725341797,50.72953796386719,1163000
2016-03-22,71.5,71.8499984741211,70.8499984741211,70.95999908447266,50.4310417175293,2079300
2016-03-23,71.05000305175781,71.83999633789062,70.69999694824219,71.58999633789062,50.878787994384766,1782000
2016-03-24,71.41999816894531,71.93000030517578,70.83000183105469,71.33999633789062,50.701107025146484,2127400
2016-03-28,71.41999816894531,71.66999816894531,70.7300033569336,71.31999969482422,50.68689727783203,1497800
2016-03-29,71.08999633789062,72.18000030517578,70.87000274658203,72.11000061035156,51.59560775756836,1878600
2016-03-30,72.06999969482422,72.33999633789062,71.55999755859375,71.5999984741211,51.2307014465332,1739900
2016-03-31,71.83000183105469,72.06999969482422,71.33999633789062,71.88999938964844,51.43817901611328,1767700
2016-04-01,71.3499984741211,72.41000366210938,71.0,71.94000244140625,51.473968505859375,2464200
2016-04-04,72.0,72.37999725341797,71.02999877929688,71.83000183105469,51.395267486572266,2116900
2016-04-05,71.7300033569336,71.87000274658203,70.3499984741211,70.44000244140625,50.40070724487305,2511600
2016-04-06,70.36000061035156,70.62999725341797,69.94000244140625,70.36000061035156,50.343448638916016,1454900
2016-04-07,70.30000305175781,70.80999755859375,70.0199966430664,70.19999694824219,50.22896957397461,1964600
2016-04-08,70.37999725341797,71.26000213623047,70.26000213623047,70.69000244140625,50.57958221435547,982100
2016-04-11,70.75,71.25,70.43000030517578,70.55999755859375,50.486568450927734,1260300
2016-04-12,70.54000091552734,71.05999755859375,70.11000061035156,70.98999786376953,50.79423522949219,1820400
2016-04-13,71.08000183105469,71.11000061035156,69.69000244140625,70.06999969482422,50.13595962524414,2095100
2016-04-14,69.94999694824219,70.51000213623047,69.66999816894531,70.04000091552734,50.11448287963867,1583800
2016-04-15,70.11000061035156,71.19000244140625,70.11000061035156,71.05999755859375,50.84431838989258,1578500
2016-04-18,70.12999725341797,71.08000183105469,69.8499984741211,71.05999755859375,50.84431838989258,1390200
2016-04-19,71.20999908447266,71.4800033569336,70.72000122070312,71.41999816894531,51.101890563964844,1502400
2016-04-20,71.38999938964844,71.5,69.41999816894531,69.51000213623047,49.735267639160156,1261800
2016-04-21,69.3499984741211,69.38999938964844,67.70999908447266,68.0,48.654842376708984,1531100
2016-04-22,68.31999969482422,68.83999633789062,68.30999755859375,68.6500015258789,49.11992645263672,1154900
2016-04-25,68.62000274658203,68.75,68.20999908447266,68.72000122070312,49.17000961303711,1422700
2016-04-26,68.83000183105469,69.2699966430664,68.6500015258789,68.83000183105469,49.248722076416016,1297100
2016-04-27,69.11000061035156,70.36000061035156,68.83999633789062,69.9800033569336,50.071556091308594,1486500
2016-04-28,69.2699966430664,70.22000122070312,69.01000213623047,70.11000061035156,50.164573669433594,1264500
2016-04-29,69.5999984741211,70.72000122070312,69.2699966430664,70.70999908447266,50.59388732910156,2104800
2016-05-02,70.77999877929688,71.69000244140625,70.38999938964844,71.44000244140625,51.116207122802734,2311100
2016-05-03,71.26000213623047,71.94000244140625,70.48999786376953,71.66999816894531,51.280792236328125,2445200
2016-05-04,71.4800033569336,73.1500015258789,71.26000213623047,72.76000213623047,52.0606803894043,2329900
2016-05-05,72.76000213623047,73.25,71.87999725341797,72.30000305175781,51.73154830932617,1572000
2016-05-06,72.25,72.25,71.18000030517578,71.98999786376953,51.509735107421875,1644700
2016-05-09,72.12999725341797,72.66000366210938,71.8499984741211,72.58999633789062,51.93903732299805,924000
2016-05-10,72.62999725341797,72.62999725341797,70.83000183105469,71.31999969482422,51.03034210205078,3237500
2016-05-11,71.5999984741211,72.0199966430664,71.16999816894531,71.97000122070312,51.49542236328125,2220200
2016-05-12,71.95999908447266,72.30000305175781,71.5999984741211,71.94000244140625,51.473968505859375,1865300
2016-05-13,71.87000274658203,71.98999786376953,71.12999725341797,71.41000366210938,51.094730377197266,1588400
2016-05-16,71.2300033569336,71.55999755859375,70.83000183105469,71.41000366210938,51.094730377197266,1581300
2016-05-17,71.23999786376953,71.4800033569336,69.81999969482422,70.11000061035156,50.164573669433594,1515400
2016-05-18,69.79000091552734,70.4800033569336,68.83000183105469,68.98999786376953,49.36319351196289,2180600
2016-05-19,68.80000305175781,69.58000183105469,68.47000122070312,69.58000183105469,49.785362243652344,1651400
2016-05-20,69.83000183105469,70.08000183105469,69.13999938964844,70.05000305175781,50.121673583984375,1475900
2016-05-23,70.0999984741211,70.16000366210938,69.16000366210938,69.22000122070312,49.52777862548828,1298700
2016-05-24,69.3499984741211,70.0199966430664,69.3499984741211,69.91000366210938,50.02146911621094,1103900
2016-05-25,69.77999877929688,70.01000213623047,69.19999694824219,69.7699966430664,49.921295166015625,1211800
2016-05-26,69.86000061035156,70.93000030517578,69.80999755859375,70.83999633789062,50.686893463134766,1167400
2016-05-27,70.95999908447266,71.16999816894531,70.47000122070312,70.77999877929688,50.643959045410156,1157800
2016-05-31,70.79000091552734,71.69999694824219,70.7300033569336,71.62999725341797,51.25215148925781,2173100
2016-06-01,71.51000213623047,71.8499984741211,71.23999786376953,71.56999969482422,51.209224700927734,1797200
2016-06-02,71.31999969482422,71.79000091552734,70.72000122070312,71.76000213623047,51.34516906738281,1532800
2016-06-03,72.43000030517578,73.0,72.37999725341797,72.52999877929688,51.896114349365234,1391000
2016-06-06,72.56999969482422,72.86000061035156,72.1500015258789,72.54000091552734,51.903263092041016,1339900
2016-06-07,72.52999877929688,72.9000015258789,72.20999908447266,72.44000244140625,51.831722259521484,1196900
2016-06-08,72.37000274658203,72.94000244140625,72.33999633789062,72.9000015258789,52.160858154296875,767400
2016-06-09,72.83000183105469,73.75,72.83000183105469,73.66000366210938,52.70465087890625,1344800
2016-06-10,73.66999816894531,74.11000061035156,73.4800033569336,73.95999908447266,52.919288635253906,1290500
2016-06-13,74.08000183105469,74.45999908447266,73.68000030517578,73.87999725341797,52.862060546875,1550700
2016-06-14,73.87000274658203,74.11000061035156,73.16000366210938,74.08000183105469,53.005165100097656,1129900
2016-06-15,74.08000183105469,74.29000091552734,73.19999694824219,73.45999908447266,52.56155014038086,1132700
2016-06-16,73.62999725341797,74.1500015258789,73.58999633789062,73.91999816894531,52.890689849853516,923200
2016-06-17,73.8499984741211,74.1500015258789,73.22000122070312,74.12000274658203,53.033790588378906,1522800
2016-06-20,74.02999877929688,74.25,73.23999786376953,73.93000030517578,52.89783477783203,956500
2016-06-21,73.93000030517578,74.55999755859375,73.5999984741211,74.12000274658203,53.033790588378906,1150700
2016-06-22,74.37999725341797,74.37999725341797,73.75,73.83999633789062,52.83341979980469,1132300
2016-06-23,73.94000244140625,73.98999786376953,73.38999938964844,73.98999786376953,52.94076156616211,1072100
2016-06-24,73.33000183105469,75.37000274658203,73.20999908447266,74.58999633789062,53.37007522583008,2065000
2016-06-27,74.41999816894531,76.5999984741211,74.41999816894531,76.44999694824219,54.700927734375,2406700
2016-06-28,75.81999969482422,76.18000030517578,74.66000366210938,76.04000091552734,54.751338958740234,2572600
2016-06-29,76.19000244140625,76.58999633789062,75.73999786376953,76.0999984741211,54.79452133178711,2142300
2016-06-30,75.91000366210938,77.70999908447266,75.70999908447266,77.66999816894531,55.92499923706055,3282800
2016-07-01,78.0,78.02999877929688,76.55000305175781,77.6500015258789,55.91058349609375,1606800
2016-07-05,77.77999877929688,78.69000244140625,77.58000183105469,78.55000305175781,56.55860900878906,2074600
2016-07-06,78.3499984741211,78.72000122070312,77.56999969482422,78.4000015258789,56.45060348510742,2471900
2016-07-07,78.01000213623047,78.01000213623047,76.7699966430664,77.04000091552734,55.47134780883789,1418500
2016-07-08,76.7300033569336,78.20999908447266,76.04000091552734,78.16999816894531,56.285003662109375,2351300
2016-07-11,77.76000213623047,78.06999969482422,76.88999938964844,77.98999786376953,56.1553955078125,1714300
2016-07-12,77.52999877929688,77.69999694824219,76.48999786376953,76.56999969482422,55.132957458496094,2369800
2016-07-13,76.91999816894531,77.44000244140625,74.44999694824219,77.41000366210938,55.73777389526367,2000200
2016-07-14,76.81999969482422,77.22000122070312,76.38999938964844,77.11000061035156,55.52177429199219,2005500
2016-07-15,77.33000183105469,77.62000274658203,76.80999755859375,77.18000030517578,55.57217788696289,1542800
2016-07-18,77.30999755859375,77.62000274658203,77.18000030517578,77.22000122070312,55.60097885131836,1396000
2016-07-19,77.2699966430664,77.41999816894531,76.81999969482422,77.11000061035156,55.52177429199219,1092200
2016-07-20,77.05999755859375,77.12000274658203,76.43000030517578,76.51000213623047,55.089744567871094,872100
2016-07-21,76.2699966430664,76.87000274658203,75.98999786376953,76.73999786376953,55.25534439086914,1842700
2016-07-22,76.7699966430664,77.66000366210938,76.47000122070312,77.63999938964844,55.903385162353516,1379500
2016-07-25,77.62000274658203,77.87000274658203,77.0199966430664,77.37999725341797,55.71617126464844,1008900
2016-07-26,77.19000244140625,77.44000244140625,76.6500015258789,76.86000061035156,55.34175109863281,1225600
2016-07-27,76.5999984741211,76.69000244140625,75.41999816894531,76.0199966430664,54.73691940307617,1873800
2016-07-28,76.08999633789062,76.73999786376953,76.05999755859375,76.44999694824219,55.046546936035156,1236300
2016-07-29,76.37000274658203,77.62999725341797,75.95999908447266,77.37999725341797,55.71617126464844,1614500
2016-08-01,77.04000091552734,77.4000015258789,76.80000305175781,77.05000305175781,55.47856521606445,1541100
2016-08-02,76.5999984741211,76.83000183105469,76.1500015258789,76.55999755859375,55.12574005126953,1236800
2016-08-03,76.55999755859375,76.58000183105469,75.69000244140625,75.9800033569336,54.7081413269043,1254200
2016-08-04,76.06999969482422,76.86000061035156,75.91999816894531,76.2300033569336,54.88813018798828,1344000
2016-08-05,75.69999694824219,75.94999694824219,74.88999938964844,74.98999786376953,53.995296478271484,1233600
2016-08-08,75.1500015258789,75.33000183105469,74.61000061035156,74.94999694824219,53.966495513916016,1265700
2016-08-09,74.97000122070312,75.5999984741211,74.79000091552734,75.30000305175781,54.218505859375,892900
2016-08-10,75.33000183105469,75.58000183105469,75.02999877929688,75.11000061035156,54.08168411254883,1134400
2016-08-11,75.26000213623047,75.55000305175781,74.98999786376953,75.5,54.36251449584961,987900
2016-08-12,75.77999877929688,76.23999786376953,75.55999755859375,75.83999633789062,54.60731887817383,1195000
2016-08-15,75.81999969482422,75.9800033569336,74.51000213623047,74.55999755859375,53.685672760009766,1340400
2016-08-16,74.31999969482422,74.31999969482422,73.33000183105469,73.33000183105469,52.80004119873047,1659700
2016-08-17,73.4000015258789,74.43000030517578,72.63999938964844,74.23999786376953,53.45526123046875,2440800
2016-08-18,74.26000213623047,75.05999755859375,74.08000183105469,75.05999755859375,54.045684814453125,2114600
2016-08-19,74.77999877929688,74.93000030517578,73.76000213623047,74.20999908447266,53.43367004394531,1675900
2016-08-22,74.41999816894531,74.68000030517578,74.23999786376953,74.37999725341797,53.55607223510742,868200
2016-08-23,74.3499984741211,74.7699966430664,73.94000244140625,73.97000122070312,53.260868072509766,1066200
2016-08-24,73.8499984741211,74.08000183105469,73.31999969482422,73.98999786376953,53.27525329589844,979300
2016-08-25,74.04000091552734,74.2300033569336,73.58999633789062,73.6500015258789,53.03044891357422,1536700
2016-08-26,73.72000122070312,74.19999694824219,71.76000213623047,71.9000015258789,51.77039337158203,1984300
2016-08-29,72.04000091552734,72.8499984741211,72.04000091552734,72.80999755859375,52.42560958862305,1820000
2016-08-30,72.6500015258789,73.0,71.91999816894531,71.95999908447266,51.81360626220703,1004100
2016-08-31,72.0199966430664,72.73999786376953,71.73999786376953,72.72000122070312,52.36082458496094,1724600
2016-09-01,72.66000366210938,72.76000213623047,72.25,72.69999694824219,52.3464241027832,1509700
2016-09-02,73.05000305175781,73.87999725341797,72.75,73.69999694824219,53.06644821166992,1828800
2016-09-06,73.95999908447266,74.5,73.56999969482422,74.11000061035156,53.361663818359375,1592500
2016-09-07,74.0,74.04000091552734,73.5199966430664,73.7699966430664,53.1168327331543,1156300
2016-09-08,73.58999633789062,74.01000213623047,73.31999969482422,73.8499984741211,53.17444610595703,1254200
2016-09-09,73.16999816894531,73.2699966430664,71.30999755859375,71.4000015258789,51.41037368774414,2995600
2016-09-12,71.37999725341797,72.69000244140625,71.37999725341797,72.5199966430664,52.21681213378906,1685600
2016-09-13,72.33999633789062,72.52999877929688,71.3499984741211,71.62999725341797,51.57597732543945,2139200
2016-09-14,71.88999938964844,72.3499984741211,71.48999786376953,71.83000183105469,51.71999740600586,1611800
2016-09-15,71.6500015258789,72.31999969482422,71.45999908447266,72.19999694824219,51.98638153076172,1238000
2016-09-16,71.97000122070312,73.13999938964844,71.73999786376953,73.08000183105469,52.62004089355469,2086100
2016-09-19,73.20999908447266,73.55999755859375,72.9800033569336,73.5199966430664,52.93685531616211,1380000
2016-09-20,73.66999816894531,74.06999969482422,73.31999969482422,73.36000061035156,52.82164764404297,979000
2016-09-21,73.29000091552734,75.08000183105469,73.29000091552734,75.0,54.00249481201172,1551100
2016-09-22,75.36000061035156,75.58999633789062,74.83000183105469,75.51000213623047,54.36970520019531,1016800
2016-09-23,75.13999938964844,75.95999908447266,74.94000244140625,75.62000274658203,54.44892120361328,1399200
2016-09-26,75.63999938964844,75.81999969482422,75.27999877929688,75.55000305175781,54.39850616455078,1565100
2016-09-27,75.88999938964844,76.30000305175781,74.12999725341797,74.23999786376953,53.45526123046875,1769800
2016-09-28,73.94999694824219,74.18000030517578,72.9800033569336,73.69999694824219,53.41178512573242,1289600
2016-09-29,73.44999694824219,73.4800033569336,72.25,72.68000030517578,52.67257308959961,1311500
2016-09-30,73.02999877929688,73.52999877929688,71.91000366210938,72.25,52.36093521118164,1734400
2016-10-03,72.05999755859375,72.13999938964844,70.93000030517578,71.38999938964844,51.73767852783203,1707700
2016-10-04,71.30999755859375,71.30999755859375,69.47000122070312,69.88999938964844,50.650611877441406,2262500
2016-10-05,70.01000213623047,70.5,69.30999755859375,69.76000213623047,50.556400299072266,2705300
2016-10-06,69.5199966430664,70.12000274658203,69.20999908447266,69.81999969482422,50.599876403808594,1606300
2016-10-07,70.2300033569336,70.91999816894531,69.80999755859375,69.88999938964844,50.650611877441406,1533000
2016-10-10,70.08000183105469,70.37000274658203,69.6500015258789,70.26000213623047,50.91875457763672,1114500
2016-10-11,70.18000030517578,70.23999786376953,69.2300033569336,69.41000366210938,50.30274200439453,1420100
2016-10-12,69.55000305175781,70.22000122070312,69.55000305175781,70.05999755859375,50.77379608154297,1130600
2016-10-13,70.13999938964844,71.4800033569336,69.98999786376953,71.01000213623047,51.4622917175293,1531200
2016-10-14,70.69000244140625,71.41999816894531,70.29000091552734,70.8499984741211,51.346336364746094,1790100
2016-10-17,71.08999633789062,71.4000015258789,70.94000244140625,71.22000122070312,51.61447525024414,813900
2016-10-18,71.61000061035156,72.12999725341797,70.9800033569336,72.06999969482422,52.230506896972656,1885200
2016-10-19,72.06999969482422,72.33000183105469,71.5,72.0199966430664,52.19425582885742,2727800
2016-10-20,72.02999877929688,72.41000366210938,71.63999938964844,71.75,51.99858856201172,1508700
2016-10-21,71.37999725341797,71.6500015258789,70.48999786376953,70.9000015258789,51.382564544677734,1625100
2016-10-24,71.22000122070312,71.47000122070312,70.68000030517578,71.26000213623047,51.64347457885742,1191900
2016-10-25,71.0999984741211,71.69000244140625,70.97000122070312,71.62000274658203,51.904380798339844,1145400
2016-10-26,71.66000366210938,71.94999694824219,71.05999755859375,71.76000213623047,52.00582504272461,1054800
2016-10-27,71.45999908447266,71.72000122070312,70.87999725341797,71.41000366210938,51.75217056274414,861000
2016-10-28,71.51000213623047,72.04000091552734,71.38999938964844,71.87999725341797,52.09280014038086,826300
2016-10-31,71.97000122070312,73.80999755859375,71.4800033569336,73.4800033569336,53.252357482910156,1912200
2016-11-01,73.38999938964844,73.44000244140625,72.19999694824219,72.5,52.54212951660156,1871000
2016-11-02,72.29000091552734,72.33000183105469,70.08000183105469,70.69999694824219,51.23762512207031,1957200
2016-11-03,70.37000274658203,71.33000183105469,69.97000122070312,71.05000305175781,51.49128341674805,1229900
2016-11-04,71.44999694824219,72.11000061035156,70.29000091552734,70.30999755859375,50.95498275756836,1471400
2016-11-07,70.76000213623047,71.56999969482422,69.87000274658203,71.56999969482422,51.868133544921875,1367100
2016-11-08,71.73999786376953,72.62999725341797,71.58999633789062,72.26000213623047,52.36819839477539,1362600
2016-11-09,70.86000061035156,71.01000213623047,69.76000213623047,70.16999816894531,50.8535270690918,2204600
2016-11-10,69.86000061035156,69.86000061035156,67.61000061035156,68.76000213623047,49.83167266845703,3689200
2016-11-11,68.80000305175781,69.6500015258789,68.3499984741211,68.8499984741211,49.89691162109375,1512400
2016-11-14,68.62000274658203,68.72000122070312,67.44000244140625,68.33999633789062,49.52729415893555,2471800
2016-11-15,68.76000213623047,69.80000305175781,68.69000244140625,69.44000244140625,50.324493408203125,1398400
2016-11-16,69.56999969482422,69.7300033569336,68.54000091552734,68.83999633789062,49.88964080810547,1027400
2016-11-17,68.63999938964844,69.48999786376953,68.63999938964844,68.69000244140625,49.78095245361328,1571200
2016-11-18,68.66000366210938,69.04000091552734,68.16000366210938,68.44999694824219,49.60700225830078,982200
2016-11-21,68.80000305175781,69.38999938964844,68.52999877929688,69.27999877929688,50.208518981933594,1431000
2016-11-22,69.30999755859375,69.91999816894531,69.0,69.7300033569336,50.53465270996094,1551900
2016-11-23,69.0,69.70999908447266,68.56999969482422,68.98999786376953,49.99835205078125,992900
2016-11-25,69.26000213623047,69.97000122070312,69.20999908447266,69.76000213623047,50.556400299072266,813000
2016-11-28,69.95999908447266,71.3499984741211,69.95999908447266,71.2699966430664,51.65071487426758,1873400
2016-11-29,71.0199966430664,71.73999786376953,70.8499984741211,71.1500015258789,51.56374740600586,1527600
2016-11-30,70.20999908447266,70.38999938964844,68.75,68.7699966430664,49.83892059326172,2276800
2016-12-01,68.38999938964844,68.5999984741211,67.7300033569336,68.55999755859375,49.686729431152344,1565500
2016-12-02,69.0,69.86000061035156,68.94999694824219,69.4000015258789,50.29549026489258,1434800
2016-12-05,69.12999725341797,69.75,68.01000213623047,69.73999786376953,50.54188919067383,2705400
2016-12-06,69.88999938964844,69.98999786376953,68.81999969482422,68.8499984741211,49.89691162109375,1873700
2016-12-07,69.05999755859375,69.91000366210938,69.05999755859375,69.61000061035156,50.44767761230469,2236500
2016-12-08,69.08999633789062,69.7699966430664,68.76000213623047,69.44000244140625,50.324493408203125,1627800
2016-12-09,69.58999633789062,70.33000183105469,69.2300033569336,69.97000122070312,50.708587646484375,3307500
2016-12-12,69.66000366210938,70.5199966430664,69.45999908447266,70.44999694824219,51.05644226074219,2698100
2016-12-13,70.72000122070312,71.25,70.5999984741211,71.16999816894531,51.57823181152344,2755800
2016-12-14,71.62000274658203,71.83999633789062,69.52999877929688,69.58999633789062,50.433189392089844,2185400
2016-12-15,69.25,70.43000030517578,68.80999755859375,70.19000244140625,50.86802673339844,1453900
2016-12-16,70.30000305175781,71.77999877929688,70.2300033569336,71.72000122070312,51.97685241699219,3499400
2016-12-19,71.77999877929688,72.0199966430664,71.12000274658203,71.61000061035156,51.89712142944336,1516300
2016-12-20,71.5999984741211,72.29000091552734,71.30000305175781,72.11000061035156,52.25947952270508,1597300
2016-12-21,71.95999908447266,72.4800033569336,71.70999908447266,71.73999786376953,51.991336822509766,1633100
2016-12-22,71.70999908447266,72.30999755859375,71.66000366210938,72.12999725341797,52.27397155761719,1172900
2016-12-23,72.16000366210938,72.37999725341797,71.79000091552734,71.9000015258789,52.1072883605957,791700
2016-12-27,71.58999633789062,72.08000183105469,71.48999786376953,71.94000244140625,52.136287689208984,841400
2016-12-28,71.5,71.69000244140625,71.04000091552734,71.1500015258789,51.95591735839844,1778800
2016-12-29,71.37999725341797,72.44000244140625,71.22000122070312,72.27999877929688,52.78107452392578,1524400
2016-12-30,72.3499984741211,72.62000274658203,71.77999877929688,71.98999786376953,52.56930160522461,1960400
2017-01-03,71.76000213623047,71.95999908447266,71.06999969482422,71.75,52.3940544128418,1971400
2017-01-04,71.94000244140625,72.5999984741211,71.77999877929688,72.36000061035156,52.83948516845703,1790700
2017-01-05,72.4800033569336,72.7300033569336,71.7300033569336,72.0999984741211,52.64963150024414,2270100
2017-01-06,71.81999969482422,72.05999755859375,71.55999755859375,71.69000244140625,52.350242614746094,2066200
2017-01-09,71.91000366210938,72.08000183105469,70.93000030517578,71.0199966430664,51.860984802246094,1251800
2017-01-10,71.08000183105469,71.33000183105469,70.56999969482422,71.11000061035156,51.92670440673828,1258200
2017-01-11,71.06999969482422,72.30999755859375,71.06999969482422,72.12999725341797,52.671539306640625,1505500
2017-01-12,72.05999755859375,72.48999786376953,71.83000183105469,72.37999725341797,52.85409927368164,1176400
2017-01-13,72.23999786376953,72.48999786376953,71.61000061035156,72.0999984741211,52.64963150024414,979300
2017-01-17,72.38999938964844,72.88999938964844,72.29000091552734,72.51000213623047,52.94902038574219,1673400
2017-01-18,72.61000061035156,72.94999694824219,72.18000030517578,72.30000305175781,52.79568099975586,1173500
2017-01-19,72.0999984741211,72.55000305175781,71.54000091552734,71.72000122070312,52.37215042114258,1219100
2017-01-20,71.87000274658203,72.30999755859375,71.56999969482422,71.97000122070312,52.5546989440918,921200
2017-01-23,72.08000183105469,72.16000366210938,71.62999725341797,71.81999969482422,52.44517517089844,1037200
2017-01-24,71.72000122070312,72.11000061035156,71.4800033569336,72.0,52.57661437988281,1522500
2017-01-25,71.75,71.98999786376953,71.55000305175781,71.7300033569336,52.379451751708984,862000
2017-01-26,71.80000305175781,72.2699966430664,71.58999633789062,71.95999908447266,52.54739761352539,1061600
2017-01-27,72.33000183105469,72.33000183105469,71.79000091552734,72.0,52.57661437988281,1047500
2017-01-30,72.29000091552734,72.29000091552734,71.3499984741211,71.93000030517578,52.525482177734375,993200
2017-01-31,72.05999755859375,72.9000015258789,71.7300033569336,72.87999725341797,53.21919631958008,2880900
2017-02-01,72.3499984741211,72.58000183105469,71.5,71.5999984741211,52.284523010253906,1413200
2017-02-02,71.7699966430664,72.6500015258789,71.4800033569336,72.61000061035156,53.02205276489258,1931400
2017-02-03,72.0,72.73999786376953,71.80000305175781,72.54000091552734,52.97092819213867,2098300
2017-02-06,72.83000183105469,73.16000366210938,72.38999938964844,72.75,53.12428283691406,1531800
2017-02-07,72.7300033569336,73.12000274658203,72.51000213623047,73.05000305175781,53.343353271484375,1801000
2017-02-08,73.69999694824219,75.08999633789062,73.58999633789062,74.83000183105469,54.64315414428711,3261400
2017-02-09,74.83000183105469,74.98999786376953,74.31999969482422,74.76000213623047,54.59205627441406,1849100
2017-02-10,74.23999786376953,75.2300033569336,74.11000061035156,75.20999908447266,54.920654296875,1598300
2017-02-13,75.19999694824219,75.63999938964844,74.9800033569336,75.55999755859375,55.176246643066406,1242100
2017-02-14,75.56999969482422,75.61000061035156,74.83999633789062,75.38999938964844,55.05209732055664,1483300
2017-02-15,74.83000183105469,75.0999984741211,74.26000213623047,74.9800033569336,54.752716064453125,1890700
2017-02-16,75.12999725341797,75.81999969482422,75.0999984741211,75.79000091552734,55.344181060791016,1254300
2017-02-17,75.81999969482422,76.43000030517578,75.81999969482422,76.33999633789062,55.74581527709961,1984400
2017-02-21,76.04000091552734,77.3499984741211,75.91000366210938,77.22000122070312,56.38840866088867,1852900
2017-02-22,77.5,77.63999938964844,76.51000213623047,77.19000244140625,56.36649703979492,3380000
2017-02-23,77.56999969482422,78.04000091552734,77.38999938964844,77.9000015258789,56.88496780395508,1750900
2017-02-24,78.12999725341797,78.94000244140625,78.05000305175781,78.87000274658203,57.59330368041992,1926200
2017-02-27,78.93000030517578,79.20999908447266,78.4800033569336,79.0,57.68822479248047,1530400
2017-02-28,79.02999877929688,79.94000244140625,78.94000244140625,79.73999786376953,58.228599548339844,2506800
2017-03-01,78.91999816894531,79.9800033569336,78.44999694824219,79.37999725341797,57.9657096862793,2710000
2017-03-02,78.94000244140625,80.61000061035156,78.88999938964844,79.91999816894531,58.360042572021484,2041800
2017-03-03,79.86000061035156,79.98999786376953,78.87000274658203,79.48999786376953,58.04603958129883,1821300
2017-03-06,79.4000015258789,79.61000061035156,79.0999984741211,79.3499984741211,57.94379425048828,1567400
2017-03-07,79.30000305175781,79.62000274658203,79.12999725341797,79.25,57.87076950073242,1820600
2017-03-08,78.76000213623047,78.76000213623047,77.94999694824219,78.12000274658203,57.04561996459961,1868900
2017-03-09,78.1500015258789,78.54000091552734,77.93000030517578,78.0,56.9580078125,1631300
2017-03-10,78.51000213623047,78.9800033569336,78.19999694824219,78.80999755859375,57.54949188232422,1586900
2017-03-13,78.75,79.19000244140625,78.5999984741211,79.08000183105469,57.74665832519531,1233400
2017-03-14,78.72000122070312,78.72000122070312,77.88999938964844,78.41999816894531,57.26468276977539,3502900
2017-03-15,78.77999877929688,80.04000091552734,78.5199966430664,79.80999755859375,58.27972412109375,2573800
2017-03-16,79.5,79.61000061035156,78.9000015258789,79.18000030517578,57.81966781616211,1610000
2017-03-17,79.26000213623047,79.91000366210938,79.13999938964844,79.5999984741211,58.12635803222656,3897600
2017-03-20,79.69999694824219,79.86000061035156,78.54000091552734,78.80000305175781,57.54219055175781,1691300
2017-03-21,78.6500015258789,79.80999755859375,78.52999877929688,79.55999755859375,58.09715270996094,1786100
2017-03-22,79.9000015258789,80.52999877929688,79.5999984741211,79.86000061035156,58.31621551513672,1867900
2017-03-23,79.73999786376953,80.54000091552734,79.54000091552734,80.19000244140625,58.55720520019531,1971500
2017-03-24,79.98999786376953,80.98999786376953,79.94999694824219,80.70999908447266,58.936920166015625,1266500
2017-03-27,80.9800033569336,81.33000183105469,80.16000366210938,80.5,58.78357696533203,1334400
2017-03-28,80.30999755859375,80.9800033569336,80.01000213623047,80.9000015258789,59.075653076171875,1421300
2017-03-29,80.1500015258789,80.19999694824219,79.55000305175781,79.81999969482422,58.68088150024414,1669300
2017-03-30,79.62000274658203,79.76000213623047,79.1500015258789,79.48999786376953,58.438270568847656,991600
2017-03-31,79.43000030517578,80.06999969482422,79.43000030517578,79.61000061035156,58.5264892578125,1217400
2017-04-03,79.62000274658203,79.94999694824219,78.8499984741211,79.94999694824219,58.77644729614258,2214700
2017-04-04,79.86000061035156,80.33000183105469,79.62000274658203,79.97000122070312,58.791160583496094,1550500
2017-04-05,79.94999694824219,80.68000030517578,79.62000274658203,80.58999633789062,59.2469596862793,1613600
2017-04-06,80.30999755859375,80.80000305175781,80.02999877929688,80.45999908447266,59.15138626098633,2141200
2017-04-07,80.62000274658203,80.86000061035156,80.2300033569336,80.25,58.99699401855469,2044400
2017-04-10,80.2300033569336,80.25,79.69999694824219,80.08000183105469,58.872013092041016,1288200
2017-04-11,80.01000213623047,80.19000244140625,79.61000061035156,79.98999786376953,58.80584716796875,1318100
2017-04-12,79.66999816894531,80.8499984741211,79.5199966430664,80.80000305175781,59.401344299316406,1105100
2017-04-13,80.55000305175781,80.79000091552734,80.05999755859375,80.30999755859375,59.04111099243164,1257500
2017-04-17,80.56999969482422,80.8499984741211,80.37000274658203,80.66999816894531,59.30575942993164,1414300
2017-04-18,80.70999908447266,81.19000244140625,80.5999984741211,80.87000274658203,59.45281219482422,1459000
2017-04-19,80.93000030517578,81.0,80.41000366210938,80.62000274658203,59.269020080566406,1284700
2017-04-20,80.62000274658203,80.62000274658203,79.80000305175781,80.30999755859375,59.04111099243164,1036900
2017-04-21,80.25,80.81999969482422,80.16999816894531,80.5999984741211,59.254295349121094,1617600
2017-04-24,80.5199966430664,81.05999755859375,80.0,80.94000244140625,59.504276275634766,1539200
2017-04-25,80.62000274658203,81.05999755859375,80.41000366210938,80.81999969482422,59.41604232788086,1387400
2017-04-26,80.83000183105469,80.94000244140625,80.06999969482422,80.19000244140625,58.952884674072266,1876400
2017-04-27,80.29000091552734,80.95999908447266,80.16999816894531,80.3499984741211,59.070526123046875,1708100
2017-04-28,80.36000061035156,80.69999694824219,79.83999633789062,79.97000122070312,58.791160583496094,1604100
2017-05-01,80.13999938964844,80.13999938964844,79.1500015258789,79.23999786376953,58.25447463989258,1541300
2017-05-02,80.43000030517578,80.55000305175781,78.77999877929688,79.11000061035156,58.158905029296875,1497700
2017-05-03,79.02999877929688,79.2699966430664,78.7300033569336,78.81999969482422,57.94573211669922,1144700
2017-05-04,78.66999816894531,79.8499984741211,78.56999969482422,79.77999877929688,58.651466369628906,1712300
2017-05-05,80.0,80.0999984741211,79.38999938964844,79.69999694824219,58.592647552490234,1364200
2017-05-08,79.93000030517578,79.93000030517578,79.1500015258789,79.5999984741211,58.51913833618164,968000
2017-05-09,79.45999908447266,79.97000122070312,79.22000122070312,79.52999877929688,58.46769332885742,1312000
2017-05-10,79.58999633789062,79.93000030517578,78.41000366210938,79.04000091552734,58.10744857788086,2263000
2017-05-11,78.83999633789062,78.8499984741211,77.69000244140625,78.56999969482422,57.76191711425781,2609700
2017-05-12,78.62000274658203,78.97000122070312,78.4800033569336,78.77999877929688,57.91632080078125,1530700
2017-05-15,78.68000030517578,79.1500015258789,78.5,78.72000122070312,57.87218475341797,1760500
2017-05-16,78.76000213623047,78.98999786376953,77.87000274658203,77.87000274658203,57.2473030090332,1655900
2017-05-17,77.87000274658203,78.1500015258789,77.20999908447266,77.58999633789062,57.04145812988281,2195100
2017-05-18,77.81999969482422,78.47000122070312,77.43000030517578,77.95999908447266,57.3134765625,1571600
2017-05-19,77.95999908447266,78.23999786376953,77.38999938964844,78.19999694824219,57.48989486694336,2151000
2017-05-22,77.91999816894531,79.08000183105469,77.91999816894531,78.91000366210938,58.01189422607422,1702300
2017-05-23,78.8499984741211,79.55999755859375,78.70999908447266,78.81999969482422,57.94573211669922,1358100
2017-05-24,79.0199966430664,79.33999633789062,78.88999938964844,79.22000122070312,58.239776611328125,1106300
2017-05-25,79.16999816894531,80.0999984741211,78.9800033569336,79.94999694824219,58.77644729614258,789500
2017-05-26,79.86000061035156,80.23999786376953,79.75,79.95999908447266,58.7838020324707,775800
2017-05-30,79.88999938964844,80.80999755859375,79.83999633789062,80.66999816894531,59.30575942993164,1357800
2017-05-31,80.62000274658203,81.72000122070312,80.62000274658203,81.56999969482422,59.96742630004883,2596100
2017-06-01,81.30999755859375,82.1500015258789,81.04000091552734,82.1500015258789,60.39381790161133,1934300
2017-06-02,82.69000244140625,82.81999969482422,81.56999969482422,82.01000213623047,60.2908935546875,1809700
2017-06-05,81.81999969482422,82.19000244140625,81.68000030517578,81.83999633789062,60.1659049987793,1509000
2017-06-06,81.9800033569336,82.2699966430664,81.43000030517578,81.51000213623047,59.92331314086914,1394500
2017-06-07,81.52999877929688,82.0199966430664,81.45999908447266,81.83000183105469,60.15855407714844,1376800
2017-06-08,81.83000183105469,81.83000183105469,80.58999633789062,81.41999816894531,59.85715103149414,1413000
2017-06-09,81.19999694824219,81.44000244140625,80.4800033569336,81.29000091552734,59.76157760620117,1829000
2017-06-12,81.26000213623047,81.31999969482422,79.72000122070312,80.43000030517578,59.12934112548828,2125100
2017-06-13,80.20999908447266,80.3499984741211,79.76000213623047,80.30000305175781,59.03376388549805,1381500
2017-06-14,80.95999908447266,81.4800033569336,80.4000015258789,80.87999725341797,59.460166931152344,1703700
2017-06-15,80.83000183105469,82.05000305175781,80.70999908447266,81.9800033569336,60.26884460449219,1939900
2017-06-16,82.26000213623047,82.58999633789062,81.9000015258789,82.18000030517578,60.41588592529297,2479100
2017-06-19,82.33000183105469,82.33999633789062,81.61000061035156,81.9000015258789,60.210018157958984,1203800
2017-06-20,81.93000030517578,82.27999877929688,81.76000213623047,81.77999877929688,60.12181091308594,1048800
2017-06-21,81.88999938964844,82.05999755859375,81.19999694824219,81.44999694824219,59.87921142578125,1260700
2017-06-22,81.27999877929688,81.75,80.83999633789062,80.88999938964844,59.467491149902344,1013000
2017-06-23,80.86000061035156,81.08000183105469,79.81999969482422,80.02999877929688,58.83526611328125,2122700
2017-06-26,80.05000305175781,80.97000122070312,79.93000030517578,80.47000122070312,59.15872573852539,1576000
2017-06-27,80.12000274658203,80.37999725341797,79.05000305175781,79.05999755859375,58.12213134765625,2260500
2017-06-28,78.8499984741211,79.01000213623047,78.02999877929688,78.08999633789062,57.80607223510742,1829400
2017-06-29,77.80999755859375,78.4800033569336,77.26000213623047,78.16000366210938,57.857879638671875,2909200
2017-06-30,78.31999969482422,78.9800033569336,78.19000244140625,78.19000244140625,57.880096435546875,2024700
2017-07-03,78.4000015258789,78.45999908447266,77.18000030517578,77.18000030517578,57.1324348449707,963300
2017-07-05,77.2300033569336,77.58000183105469,76.63999938964844,76.88999938964844,56.917762756347656,1577300
2017-07-06,76.66999816894531,76.83999633789062,76.44000244140625,76.66999816894531,56.754886627197266,1053800
2017-07-07,76.66999816894531,77.22000122070312,76.56999969482422,76.83000183105469,56.873348236083984,953600
2017-07-10,76.97000122070312,77.11000061035156,76.41000366210938,76.44000244140625,56.584659576416016,1201500
2017-07-11,76.69000244140625,77.0,76.37999725341797,76.55000305175781,56.66609573364258,1610100
2017-07-12,77.23999786376953,77.4000015258789,76.52999877929688,76.58999633789062,56.6956787109375,1709300
2017-07-13,77.02999877929688,78.47000122070312,76.87999725341797,77.52999877929688,57.39152145385742,2912800
2017-07-14,78.02999877929688,78.31999969482422,77.37999725341797,77.44999694824219,57.33229064941406,1903000
2017-07-17,77.38999938964844,77.93000030517578,77.31999969482422,77.83999633789062,57.620994567871094,1733800
2017-07-18,77.91999816894531,78.13999938964844,77.62999725341797,77.86000061035156,57.635807037353516,1576400
2017-07-19,78.04000091552734,78.08999633789062,77.6500015258789,78.06999969482422,57.79125213623047,966300
2017-07-20,78.2300033569336,78.48999786376953,78.05999755859375,78.44999694824219,58.07254409790039,1134400
2017-07-21,78.36000061035156,79.01000213623047,78.2300033569336,78.9800033569336,58.46487808227539,1467800
2017-07-24,78.93000030517578,78.95999908447266,78.41999816894531,78.4800033569336,58.09477233886719,1729600
2017-07-25,78.31999969482422,78.61000061035156,78.08000183105469,78.38999938964844,58.028133392333984,1723000
2017-07-26,78.45999908447266,78.9800033569336,78.13999938964844,78.91000366210938,58.4130744934082,1276200
2017-07-27,78.76000213623047,79.25,78.41000366210938,79.22000122070312,58.64254379272461,1312500
2017-07-28,78.87999725341797,79.3499984741211,78.12999725341797,78.25,57.924495697021484,2742300
2017-07-31,77.75,78.94000244140625,77.75,78.68000030517578,58.24281311035156,1398500
2017-08-01,78.87999725341797,79.33000183105469,78.62000274658203,78.87999725341797,58.3908576965332,1890800
2017-08-02,78.5199966430664,78.91999816894531,78.13999938964844,78.73999786376953,58.2872200012207,1293200
2017-08-03,78.58000183105469,79.44000244140625,78.37999725341797,79.44000244140625,58.805397033691406,1426500
2017-08-04,79.18000030517578,79.36000061035156,78.66999816894531,79.29000091552734,58.694374084472656,717100
2017-08-07,79.23999786376953,79.45999908447266,78.94000244140625,79.44000244140625,58.805397033691406,733900
2017-08-08,79.18000030517578,79.80000305175781,79.18000030517578,79.79000091552734,59.06449508666992,587200
2017-08-09,79.98999786376953,79.98999786376953,79.33999633789062,79.44999694824219,58.812808990478516,1154400
2017-08-10,79.43000030517578,79.83000183105469,79.1500015258789,79.66999816894531,58.975650787353516,1118300
2017-08-11,80.06999969482422,80.26000213623047,79.25,79.52999877929688,58.872013092041016,1239600
2017-08-14,79.41999816894531,80.61000061035156,79.26000213623047,80.5199966430664,59.60488510131836,2111800
2017-08-15,80.26000213623047,81.33000183105469,79.33999633789062,79.91999816894531,59.16072463989258,3617000
2017-08-16,79.8499984741211,80.12000274658203,79.5999984741211,79.7699966430664,59.04967498779297,2082400
2017-08-17,79.80999755859375,80.06999969482422,78.69999694824219,79.01000213623047,58.48710250854492,2564500
2017-08-18,79.08999633789062,79.33000183105469,78.83000183105469,78.94000244140625,58.43528747558594,3203800
2017-08-21,78.97000122070312,79.94999694824219,78.91000366210938,79.77999877929688,59.05708694458008,1996800
2017-08-22,79.73999786376953,80.12999725341797,79.70999908447266,80.0999984741211,59.29396057128906,1209800
2017-08-23,80.1500015258789,80.55999755859375,80.04000091552734,80.33000183105469,59.46421813964844,1817700
2017-08-24,80.27999877929688,80.55000305175781,80.11000061035156,80.19999694824219,59.367984771728516,1190000
2017-08-25,80.58000183105469,81.26000213623047,80.58000183105469,80.75,59.775123596191406,1605700
2017-08-28,81.0,81.06999969482422,80.58999633789062,80.86000061035156,59.8565559387207,1014300
2017-08-29,81.0,81.31999969482422,80.38999938964844,80.44999694824219,59.55305099487305,1333600
2017-08-30,80.30000305175781,80.55000305175781,80.19000244140625,80.30000305175781,59.442012786865234,1047300
2017-08-31,80.51000213623047,80.63999938964844,80.12999725341797,80.18000030517578,59.35318374633789,1547400
2017-09-01,80.38999938964844,80.38999938964844,79.54000091552734,79.95999908447266,59.19033432006836,1051600
2017-09-05,80.05999755859375,80.30999755859375,79.55000305175781,80.26000213623047,59.41239547729492,1674800
2017-09-06,80.30000305175781,80.44999694824219,79.4000015258789,79.55000305175781,58.88682174682617,2490500
2017-09-07,79.7699966430664,80.33999633789062,79.55999755859375,80.16999816894531,59.34579086303711,1814100
2017-09-08,80.11000061035156,80.77999877929688,79.80000305175781,80.73999786376953,59.767723083496094,1387100
2017-09-11,80.75,81.56999969482422,80.44000244140625,81.48999786376953,60.322914123535156,1805000
2017-09-12,81.30000305175781,81.58000183105469,80.33999633789062,80.73999786376953,59.767723083496094,2866600
2017-09-13,80.68000030517578,81.31999969482422,80.43000030517578,80.9800033569336,59.945377349853516,2941900
2017-09-14,80.77999877929688,81.19000244140625,80.61000061035156,81.02999877929688,59.98240280151367,1931000
2017-09-15,81.1500015258789,81.52999877929688,80.94999694824219,81.19999694824219,60.10823059082031,3039400
2017-09-18,81.1500015258789,81.41000366210938,79.63999938964844,80.55000305175781,59.627079010009766,2455900
2017-09-19,80.51000213623047,80.6500015258789,79.52999877929688,79.70999908447266,59.00526428222656,2506900
2017-09-20,79.9000015258789,80.0,78.77999877929688,79.08999633789062,58.54631042480469,1643700
2017-09-21,79.05000305175781,79.25,78.5999984741211,78.66000366210938,58.228004455566406,1686700
2017-09-22,78.91999816894531,78.94999694824219,78.22000122070312,78.27999877929688,57.94672393798828,1275900
2017-09-25,78.33000183105469,79.27999877929688,78.12999725341797,79.2699966430664,58.679561614990234,2080500
2017-09-26,79.26000213623047,79.44999694824219,78.87999725341797,79.1500015258789,58.59073257446289,1203400
2017-09-27,78.66000366210938,79.05000305175781,77.66999816894531,78.08000183105469,57.79865646362305,1764200
2017-09-28,77.5,77.7699966430664,76.93000030517578,77.56999969482422,57.823265075683594,1967700
2017-09-29,77.44999694824219,77.56999969482422,76.95999908447266,77.16999816894531,57.525089263916016,2030000
2017-10-02,77.44000244140625,77.7300033569336,76.81999969482422,77.0,57.39835739135742,2148400
2017-10-03,76.98999786376953,77.12000274658203,76.55000305175781,77.01000213623047,57.40582275390625,1758400
2017-10-04,77.1500015258789,77.87999725341797,76.95999908447266,77.8499984741211,58.0319938659668,1429400
2017-10-05,77.87999725341797,77.87999725341797,77.37999725341797,77.68000030517578,57.90526580810547,975700
2017-10-06,77.3499984741211,77.69000244140625,77.01000213623047,77.62000274658203,57.86054611206055,1340000
2017-10-09,77.79000091552734,77.87999725341797,77.4000015258789,77.55000305175781,57.80835723876953,654900
2017-10-10,77.55999755859375,78.55999755859375,77.38999938964844,78.54000091552734,58.54632568359375,1545000
2017-10-11,78.41999816894531,79.16000366210938,78.25,78.41999816894531,58.456878662109375,1934100
2017-10-12,78.5199966430664,79.68000030517578,78.43000030517578,79.66000366210938,59.381221771240234,2836700
2017-10-13,79.61000061035156,79.87999725341797,77.75,77.98999786376953,58.136329650878906,2998300
2017-10-16,77.9000015258789,78.19999694824219,77.38999938964844,77.63999938964844,57.87542724609375,1698100
2017-10-17,77.58000183105469,77.86000061035156,76.93000030517578,77.5999984741211,57.84562301635742,3760800
2017-10-18,77.6500015258789,78.36000061035156,77.58000183105469,77.8499984741211,58.0319938659668,1975000
2017-10-19,77.9800033569336,79.47000122070312,77.72000122070312,79.47000122070312,59.23958969116211,1321000
2017-10-20,79.33000183105469,79.83000183105469,79.16000366210938,79.5999984741211,59.33649444580078,1795000
2017-10-23,79.83999633789062,80.19999694824219,79.27999877929688,80.01000213623047,59.642120361328125,1217100
2017-10-24,79.56999969482422,79.94000244140625,79.30999755859375,79.87000274658203,59.537776947021484,1384700
2017-10-25,79.41000366210938,79.62000274658203,78.55000305175781,79.01000213623047,58.89668655395508,1734400
2017-10-26,79.58000183105469,79.91000366210938,78.70999908447266,78.7300033569336,58.68798065185547,1359600
2017-10-27,78.5999984741211,79.62999725341797,78.58999633789062,79.47000122070312,59.23958969116211,966800
2017-10-30,79.33999633789062,79.79000091552734,79.12999725341797,79.58999633789062,59.32902908325195,1751100
2017-10-31,80.58999633789062,80.63999938964844,79.27999877929688,79.94999694824219,59.59740447998047,2026000
2017-11-01,80.12000274658203,80.12000274658203,79.0,79.08000183105469,58.94887161254883,1378300
2017-11-02,79.2300033569336,79.41000366210938,78.62999725341797,79.06999969482422,58.94141387939453,1851500
2017-11-03,78.83000183105469,80.05000305175781,78.83000183105469,79.5199966430664,59.276859283447266,1185900
2017-11-06,79.56999969482422,79.7300033569336,78.83000183105469,78.8499984741211,58.77741241455078,927100
2017-11-07,78.97000122070312,79.69000244140625,78.68000030517578,79.4000015258789,59.187416076660156,1647100
2017-11-08,79.29000091552734,80.43000030517578,79.29000091552734,80.19999694824219,59.78374481201172,2393100
2017-11-09,79.9800033569336,80.36000061035156,79.33000183105469,80.33999633789062,59.88811111450195,1377400
2017-11-10,79.91999816894531,80.23999786376953,79.51000213623047,80.05999755859375,59.67939376831055,1232100
2017-11-13,80.18000030517578,81.1500015258789,80.16000366210938,81.0999984741211,60.45465087890625,1096100
2017-11-14,80.97000122070312,82.80000305175781,80.72000122070312,82.63999938964844,61.602603912353516,2575500
2017-11-15,82.87999725341797,83.37999725341797,81.68000030517578,81.83999633789062,61.006263732910156,1554900
2017-11-16,81.8499984741211,82.01000213623047,81.48999786376953,81.75,60.93917465209961,1384300
2017-11-17,81.47000122070312,81.77999877929688,80.76000213623047,80.88999938964844,60.298095703125,1574300
2017-11-20,80.83999633789062,81.0199966430664,80.38999938964844,80.43000030517578,59.95521926879883,1342600
2017-11-21,80.5199966430664,80.6500015258789,80.19000244140625,80.22000122070312,59.798641204833984,1464800
2017-11-22,80.22000122070312,80.44000244140625,79.72000122070312,80.1500015258789,59.746482849121094,1158000
2017-11-24,80.44999694824219,81.13999938964844,80.3499984741211,80.55000305175781,60.0446662902832,567600
2017-11-27,80.62000274658203,81.0199966430664,80.33999633789062,80.81999969482422,60.24592208862305,918200
2017-11-28,81.05000305175781,81.36000061035156,80.86000061035156,81.13999938964844,60.48445129394531,1356600
2017-11-29,80.97000122070312,81.62000274658203,80.69000244140625,81.41000366210938,60.68573760986328,1354800
2017-11-30,81.36000061035156,81.83999633789062,81.0,81.2699966430664,60.58135986328125,2391800
2017-12-01,81.72000122070312,81.95999908447266,80.4800033569336,80.76000213623047,60.20117950439453,1600900
2017-12-04,80.73999786376953,81.19000244140625,80.13999938964844,80.26000213623047,59.82847213745117,1608200
2017-12-05,79.7699966430664,79.7699966430664,69.13999938964844,70.0,52.18034362792969,17110000
2017-12-06,68.45999908447266,70.0,67.80000305175781,68.72000122070312,51.22616958618164,10027600
2017-12-07,68.93000030517578,72.27999877929688,68.26000213623047,71.7699966430664,53.49974822998047,7682400
2017-12-08,71.91000366210938,73.30999755859375,71.23999786376953,71.80000305175781,53.52210998535156,5823900
2017-12-11,71.69000244140625,73.2300033569336,71.6500015258789,72.9800033569336,54.40172576904297,3808000
2017-12-12,69.68000030517578,70.16999816894531,67.27999877929688,68.58000183105469,51.12181091308594,10717400
2017-12-13,69.43000030517578,70.5,68.66000366210938,69.80000305175781,52.03124237060547,4615800
2017-12-14,68.83999633789062,69.66000366210938,68.66000366210938,69.29000091552734,51.65108108520508,4087600
2017-12-15,69.48999786376953,70.4000015258789,69.45999908447266,69.70999908447266,51.96415328979492,4531700
2017-12-18,70.0199966430664,70.9800033569336,70.0199966430664,70.94999694824219,52.88850021362305,3687100
2017-12-19,70.91000366210938,71.11000061035156,69.58999633789062,69.8499984741211,52.068511962890625,4518900
2017-12-20,69.80000305175781,70.08000183105469,67.91000366210938,68.30000305175781,50.91310501098633,6041500
2017-12-21,66.19000244140625,66.5,62.66999816894531,63.310001373291016,47.19337844848633,9494500
2017-12-22,63.90999984741211,65.37999725341797,63.77000045776367,65.2300033569336,48.624629974365234,4807700
2017-12-26,65.25,65.30000305175781,63.9900016784668,64.04000091552734,47.73755645751953,2666500
2017-12-27,64.04000091552734,64.8499984741211,63.939998626708984,64.4000015258789,48.00591278076172,2085400
2017-12-28,64.11000061035156,64.25,63.31999969482422,63.939998626708984,48.115020751953125,1964400
2017-12-29,64.0999984741211,64.25,63.189998626708984,63.2400016784668,47.58827209472656,2125600
2018-01-02,63.630001068115234,63.630001068115234,62.59000015258789,63.25,47.595794677734375,2387200
2018-01-03,63.209999084472656,63.72999954223633,62.349998474121094,62.75,47.219539642333984,3595400
2018-01-04,62.84000015258789,63.29999923706055,62.189998626708984,62.290000915527344,46.873390197753906,3970900
2018-01-05,62.630001068115234,63.130001068115234,62.029998779296875,62.97999954223633,47.392616271972656,3719800
2018-01-08,62.90999984741211,64.27999877929688,62.75,64.19999694824219,48.310665130615234,3473900
2018-01-09,64.20999908447266,64.33999633789062,63.209999084472656,63.52000045776367,47.798980712890625,5086100
2018-01-10,63.61000061035156,63.709999084472656,62.5099983215332,62.84000015258789,47.28726577758789,3587100
2018-01-11,63.16999816894531,63.41999816894531,62.0,62.31999969482422,46.89596176147461,2945300
2018-01-12,62.13999938964844,62.880001068115234,61.25,61.41999816894531,46.21871566772461,3170600
2018-01-16,61.5099983215332,61.79999923706055,60.63999938964844,61.33000183105469,46.1509895324707,5043900
2018-01-17,61.599998474121094,61.959999084472656,61.16999816894531,61.709999084472656,46.43693923950195,3045500
2018-01-18,61.66999816894531,62.63999938964844,61.59000015258789,61.91999816894531,46.59496307373047,3359000
2018-01-19,61.869998931884766,62.59000015258789,61.439998626708984,62.119998931884766,46.74546432495117,3222100
2018-01-22,62.349998474121094,62.58000183105469,61.79999923706055,62.13999938964844,46.76051712036133,2595200
2018-01-23,62.16999816894531,62.75,61.84000015258789,62.040000915527344,46.68526840209961,2948800
2018-01-24,62.119998931884766,62.130001068115234,61.52000045776367,61.70000076293945,46.429412841796875,3296100
2018-01-25,61.70000076293945,62.47999954223633,61.630001068115234,62.40999984741211,46.96369171142578,2682800
2018-01-26,62.7400016784668,62.84000015258789,61.58000183105469,62.459999084472656,47.00130844116211,2638300
2018-01-29,62.16999816894531,63.4900016784668,61.900001525878906,62.40999984741211,46.96369171142578,3377400
2018-01-30,62.400001525878906,62.97999954223633,62.20000076293945,62.5,47.03141403198242,2668000
2018-01-31,62.52000045776367,62.86000061035156,61.279998779296875,62.529998779296875,47.053985595703125,8259700
2018-02-01,62.45000076293945,67.55999755859375,61.529998779296875,61.7400016784668,46.45951461791992,8274400
2018-02-02,61.459999084472656,61.95000076293945,61.15999984741211,61.599998474121094,46.354164123535156,4418200
2018-02-05,61.439998626708984,61.959999084472656,60.33000183105469,60.5099983215332,45.533931732177734,5521000
2018-02-06,59.90999984741211,60.810001373291016,58.7599983215332,60.36000061035156,45.42106246948242,4053800
2018-02-07,60.13999938964844,60.970001220703125,59.54999923706055,59.689998626708984,44.91687774658203,3077500
2018-02-08,59.5,59.619998931884766,58.029998779296875,58.06999969482422,43.69782638549805,3765700
2018-02-09,58.47999954223633,59.279998779296875,57.630001068115234,58.939998626708984,44.352508544921875,4457700
2018-02-12,59.04999923706055,60.380001068115234,58.689998626708984,60.060001373291016,45.195308685302734,2853600
2018-02-13,59.65999984741211,60.41999816894531,59.380001068115234,60.16999816894531,45.278072357177734,2338300
2018-02-14,59.81999969482422,60.02000045776367,59.16999816894531,59.2400016784668,44.57825469970703,2033400
2018-02-15,59.72999954223633,60.119998931884766,59.189998626708984,60.09000015258789,45.2178840637207,2878700
2018-02-16,60.040000915527344,61.369998931884766,60.040000915527344,61.04999923706055,45.94028091430664,4010100
2018-02-20,60.810001373291016,60.91999816894531,59.86000061035156,60.310001373291016,45.38344192504883,2635600
2018-02-21,60.349998474121094,60.650001525878906,59.04999923706055,59.09000015258789,44.46538162231445,3382600
2018-02-22,59.33000183105469,60.189998626708984,58.869998931884766,59.7400016784668,44.95451736450195,2882500
2018-02-23,62.0,62.560001373291016,60.900001525878906,62.16999816894531,46.78308868408203,3884400
2018-02-26,62.06999969482422,62.15999984741211,61.29999923706055,61.619998931884766,46.36921691894531,2903000
2018-02-27,61.59000015258789,62.619998931884766,60.84000015258789,60.849998474121094,45.78978729248047,3497700
2018-02-28,61.119998931884766,61.349998474121094,60.349998474121094,60.59000015258789,45.59413146972656,3906200
2018-03-01,60.650001525878906,61.63999938964844,60.25,60.779998779296875,45.73711395263672,3417100
2018-03-02,60.709999084472656,61.29999923706055,59.040000915527344,59.59000015258789,44.84162521362305,3112900
2018-03-05,59.40999984741211,60.84000015258789,59.119998931884766,60.66999816894531,45.654327392578125,2790700
2018-03-06,60.4900016784668,60.61000061035156,59.459999084472656,60.06999969482422,45.20283889770508,2319700
2018-03-07,60.209999084472656,60.630001068115234,58.79999923706055,59.11000061035156,44.480430603027344,2400400
2018-03-08,59.02000045776367,59.849998474121094,58.88999938964844,59.560001373291016,44.81904602050781,1716000
2018-03-09,59.5099983215332,59.61000061035156,58.939998626708984,59.380001068115234,44.68360900878906,2594500
2018-03-12,59.279998779296875,60.400001525878906,59.2599983215332,60.20000076293945,45.3006591796875,2155800
2018-03-13,59.900001525878906,62.939998626708984,59.119998931884766,62.060001373291016,46.7003173828125,5551100
2018-03-14,62.41999816894531,64.68000030517578,62.41999816894531,63.810001373291016,48.017189025878906,7544100
2018-03-15,63.81999969482422,64.69999694824219,63.540000915527344,64.0,48.16017150878906,5951900
2018-03-16,64.16999816894531,65.1500015258789,63.75,65.1500015258789,49.025543212890625,9180800
2018-03-19,65.08000183105469,65.2699966430664,63.75,64.02999877929688,48.182743072509766,3397000
2018-03-20,64.0999984741211,64.43000030517578,62.31999969482422,62.7400016784668,47.21202087402344,4268900
2018-03-21,62.779998779296875,62.9900016784668,61.77000045776367,61.93000030517578,46.602500915527344,1911500
2018-03-22,61.88999938964844,64.02999877929688,61.88999938964844,62.91999816894531,47.347469329833984,3191400
2018-03-23,63.060001373291016,63.619998931884766,62.060001373291016,62.15999984741211,46.77556610107422,2949300
2018-03-26,62.40999984741211,62.540000915527344,61.470001220703125,62.0099983215332,46.66268539428711,2684000
2018-03-27,62.0099983215332,63.779998779296875,61.720001220703125,63.150001525878906,47.52054214477539,2216600
2018-03-28,63.0,63.400001525878906,62.439998626708984,63.06999969482422,47.919429779052734,2537600
2018-03-29,63.040000915527344,63.77000045776367,62.869998931884766,63.65999984741211,48.367698669433594,2719200
2018-04-02,63.790000915527344,64.11000061035156,62.630001068115234,63.099998474121094,47.94221496582031,2237100
2018-04-03,63.029998779296875,63.459999084472656,62.09000015258789,63.11000061035156,47.9498176574707,1403000
2018-04-04,62.97999954223633,63.25,62.13999938964844,63.09000015258789,47.93462371826172,1991500
2018-04-05,63.15999984741211,63.880001068115234,62.58000183105469,63.65999984741211,48.367698669433594,1579400
2018-04-06,63.70000076293945,63.9900016784668,63.2400016784668,63.380001068115234,48.15496063232422,2370000
2018-04-09,63.22999954223633,63.86000061035156,63.0099983215332,63.459999084472656,48.21574783325195,1413500
2018-04-10,63.380001068115234,63.709999084472656,62.66999816894531,62.869998931884766,47.76747131347656,1813600
2018-04-11,62.790000915527344,63.290000915527344,62.7400016784668,63.11000061035156,47.9498176574707,1230400
2018-04-12,63.130001068115234,63.58000183105469,62.599998474121094,62.84000015258789,47.744686126708984,2728000
2018-04-13,63.0,63.79999923706055,63.0,63.439998626708984,48.20054626464844,3985700
2018-04-16,63.630001068115234,64.72000122070312,63.29999923706055,64.44999694824219,48.967926025390625,1819800
2018-04-17,64.62999725341797,65.33999633789062,63.9900016784668,65.22000122070312,49.552955627441406,3242300
2018-04-18,65.29000091552734,65.81999969482422,64.77999877929688,64.79000091552734,49.22624969482422,1765800
2018-04-19,64.6500015258789,64.70999908447266,63.849998474121094,64.62000274658203,49.09709930419922,1686500
2018-04-20,64.81999969482422,64.87999725341797,63.88999938964844,64.12000274658203,48.71721267700195,1387500
2018-04-23,64.16999816894531,64.48999786376953,63.72999954223633,64.0,48.62602233886719,1448600
2018-04-24,64.2699966430664,66.5999984741211,63.91999816894531,64.7699966430664,49.211055755615234,2426800
2018-04-25,64.72000122070312,65.08999633789062,64.19999694824219,64.83999633789062,49.26423645019531,1342700
2018-04-26,64.88999938964844,65.27999877929688,64.25,65.22000122070312,49.552955627441406,1155500
2018-04-27,65.0199966430664,65.9000015258789,64.88999938964844,65.79000091552734,49.98603820800781,1428400
2018-04-30,66.0,66.0999984741211,65.43000030517578,65.5199966430664,49.78090286254883,1153200
2018-05-01,65.61000061035156,65.80999755859375,65.20999908447266,65.5199966430664,49.78090286254883,1389800
2018-05-02,63.54999923706055,65.16000366210938,63.25,63.630001068115234,48.344905853271484,2483800
2018-05-03,63.459999084472656,63.459999084472656,62.540000915527344,63.220001220703125,48.033390045166016,2168700
2018-05-04,63.43000030517578,64.05999755859375,63.290000915527344,63.689998626708984,48.39049530029297,973500
2018-05-07,63.54999923706055,63.7400016784668,62.97999954223633,63.09000015258789,47.93462371826172,1022300
2018-05-08,62.77000045776367,62.88999938964844,60.900001525878906,61.11000061035156,46.430259704589844,2383100
2018-05-09,61.040000915527344,61.16999816894531,60.22999954223633,60.41999816894531,45.906005859375,1461700
2018-05-10,60.9900016784668,61.72999954223633,60.77000045776367,61.709999084472656,46.88612365722656,1821400
2018-05-11,61.939998626708984,62.4900016784668,61.70000076293945,62.290000915527344,47.32678985595703,1878900
2018-05-14,62.18000030517578,62.5099983215332,61.970001220703125,62.33000183105469,47.3571891784668,1864900
2018-05-15,61.959999084472656,62.2400016784668,61.31999969482422,61.54999923706055,46.76457214355469,1936200
2018-05-16,61.68000030517578,61.83000183105469,61.29999923706055,61.41999816894531,46.66578674316406,1601600
2018-05-17,61.470001220703125,61.81999969482422,61.06999969482422,61.220001220703125,46.51383972167969,2092000
2018-05-18,61.22999954223633,61.540000915527344,60.4900016784668,61.25,46.536624908447266,1868000
2018-05-21,61.41999816894531,61.650001525878906,60.869998931884766,61.56999969482422,46.779762268066406,1299200
2018-05-22,61.619998931884766,62.209999084472656,61.5099983215332,61.880001068115234,47.015296936035156,1118000
2018-05-23,61.970001220703125,62.5099983215332,61.810001373291016,62.349998474121094,47.37239074707031,1167600
2018-05-24,62.18000030517578,62.779998779296875,61.91999816894531,62.619998931884766,47.5775260925293,1269900
2018-05-25,62.72999954223633,63.369998931884766,62.47999954223633,62.97999954223633,47.85104751586914,1450500
2018-05-29,62.61000061035156,62.95000076293945,61.97999954223633,62.290000915527344,47.32678985595703,1621100
2018-05-30,61.939998626708984,62.369998931884766,61.13999938964844,62.27000045776367,47.31161117553711,2706600
2018-05-31,62.29999923706055,62.66999816894531,61.83000183105469,62.15999984741211,47.228023529052734,2303400
2018-06-01,62.040000915527344,62.040000915527344,60.529998779296875,60.84000015258789,46.22511291503906,2244800
2018-06-04,61.09000015258789,61.61000061035156,60.849998474121094,60.9900016784668,46.33909225463867,2044600
2018-06-05,60.93000030517578,61.22999954223633,60.380001068115234,60.599998474121094,46.04276657104492,1745600
2018-06-06,60.630001068115234,60.630001068115234,58.79999923706055,58.900001525878906,44.751136779785156,1828800
2018-06-07,58.95000076293945,60.56999969482422,58.90999984741211,59.720001220703125,45.37416076660156,1895200
2018-06-08,59.81999969482422,59.939998626708984,59.369998931884766,59.61000061035156,45.290584564208984,1118800
2018-06-11,58.88999938964844,59.529998779296875,58.599998474121094,58.939998626708984,44.78153610229492,1932200
2018-06-12,58.95000076293945,59.810001373291016,58.900001525878906,59.529998779296875,45.229801177978516,2027300
2018-06-13,59.540000915527344,60.08000183105469,59.25,59.4900016784668,45.19942092895508,2109000
2018-06-14,59.70000076293945,60.33000183105469,59.459999084472656,60.20000076293945,45.738861083984375,1417200
2018-06-15,60.27000045776367,60.540000915527344,59.63999938964844,60.439998626708984,45.92119216918945,2789800
2018-06-18,60.189998626708984,60.7400016784668,60.040000915527344,60.4900016784668,45.95919418334961,1497400
2018-06-19,60.4900016784668,61.150001525878906,60.09000015258789,60.56999969482422,46.01997756958008,1947900
2018-06-20,60.79999923706055,60.79999923706055,60.279998779296875,60.45000076293945,45.928794860839844,999900
2018-06-21,60.349998474121094,60.9900016784668,60.119998931884766,60.66999816894531,46.095951080322266,1721500
2018-06-22,60.81999969482422,61.779998779296875,60.5,61.70000076293945,46.87852096557617,3907300
2018-06-25,61.689998626708984,62.459999084472656,61.599998474121094,62.310001373291016,47.34198760986328,2263400
2018-06-26,62.11000061035156,62.849998474121094,62.040000915527344,62.619998931884766,47.5775260925293,2514000
2018-06-27,62.4900016784668,63.06999969482422,62.34000015258789,62.90999984741211,47.7978630065918,1714400
2018-06-28,63.06999969482422,63.720001220703125,62.90999984741211,63.47999954223633,48.23093795776367,2298400
2018-06-29,62.869998931884766,63.599998474121094,62.5099983215332,63.27000045776367,48.533935546875,1990000
2018-07-02,63.2400016784668,63.900001525878906,62.86000061035156,63.849998474121094,48.978858947753906,1706100
2018-07-03,63.83000183105469,64.81999969482422,63.470001220703125,64.37999725341797,49.38541030883789,2407000
2018-07-05,64.5,65.30000305175781,64.11000061035156,65.27999877929688,50.07579803466797,1835400
2018-07-06,65.33000183105469,66.54000091552734,65.29000091552734,66.26000213623047,50.82754898071289,2328100
2018-07-09,66.26000213623047,66.26000213623047,64.30000305175781,64.47000122070312,49.45445251464844,2241000
2018-07-10,63.86000061035156,65.25,63.66999816894531,64.98999786376953,49.85333251953125,2331500
2018-07-11,65.27999877929688,65.80999755859375,65.04000091552734,65.68000030517578,50.38262939453125,1706400
2018-07-12,65.63999938964844,65.77999877929688,65.02999877929688,65.66999816894531,50.374961853027344,1679700
2018-07-13,65.72000122070312,65.86000061035156,65.2699966430664,65.63999938964844,50.35194778442383,1226900
2018-07-16,65.41999816894531,65.83000183105469,65.06999969482422,65.66000366210938,50.3672981262207,1158800
2018-07-17,65.41000366210938,65.80999755859375,65.41000366210938,65.55000305175781,50.28291320800781,811900
2018-07-18,65.48999786376953,65.68000030517578,64.86000061035156,65.19000244140625,50.006752014160156,1329800
2018-07-19,65.26000213623047,66.31999969482422,65.26000213623047,65.83000183105469,50.49769973754883,1721700
2018-07-20,65.54000091552734,65.62999725341797,64.6500015258789,65.05999755859375,49.90703582763672,1907800
2018-07-23,65.1500015258789,65.37999725341797,64.5,65.05000305175781,49.89936065673828,1169100
2018-07-24,64.94999694824219,66.69000244140625,64.04000091552734,66.05999755859375,50.674129486083984,4306500
2018-07-25,66.08999633789062,67.38999938964844,65.95999908447266,66.83000183105469,51.26478576660156,2486100
2018-07-26,67.4000015258789,68.43000030517578,66.9800033569336,68.04000091552734,52.19296646118164,1949500
2018-07-27,67.56999969482422,68.23999786376953,66.30000305175781,66.51000213623047,51.019317626953125,2351000
2018-07-30,66.55000305175781,66.55000305175781,65.22000122070312,65.68000030517578,50.38262939453125,1346300
2018-07-31,66.01000213623047,66.69999694824219,65.66999816894531,66.62999725341797,51.11137008666992,2755200
2018-08-01,66.12000274658203,66.41999816894531,64.9000015258789,66.08000183105469,50.68947219848633,2456800
2018-08-02,66.05000305175781,66.58999633789062,65.70999908447266,66.20999908447266,50.78919219970703,1690100
2018-08-03,66.37000274658203,67.19000244140625,66.16999816894531,67.0199966430664,51.41054153442383,1096000
2018-08-06,67.12000274658203,67.52999877929688,67.0199966430664,67.47000122070312,51.7557258605957,1729700
2018-08-07,67.54000091552734,67.75,66.58000183105469,67.52999877929688,51.8017578125,1830900
2018-08-08,67.13999938964844,67.58999633789062,66.80000305175781,67.29000091552734,51.61764907836914,1445000
2018-08-09,67.23999786376953,67.58000183105469,66.93000030517578,67.41999816894531,51.717369079589844,2031800
2018-08-10,67.38999938964844,67.73999786376953,66.58000183105469,66.62999725341797,51.11137008666992,1279100
2018-08-13,66.62999725341797,66.95999908447266,66.37999725341797,66.83999633789062,51.2724494934082,1305600
2018-08-14,66.58999633789062,67.33999633789062,66.58999633789062,66.9800033569336,51.379852294921875,842300
2018-08-15,67.2300033569336,68.3499984741211,66.86000061035156,68.1500015258789,52.27734375,2019900
2018-08-16,67.94000244140625,69.38999938964844,67.41000366210938,69.31999969482422,53.17484664916992,3389200
2018-08-17,69.33999633789062,70.62000274658203,69.12999725341797,69.87999725341797,53.60441589355469,3226500
2018-08-20,69.91999816894531,69.9800033569336,68.3499984741211,69.20999908447266,53.09046173095703,1811800
2018-08-21,69.0,69.18000030517578,68.4800033569336,68.93000030517578,52.87568283081055,1622800
2018-08-22,68.9800033569336,68.9800033569336,67.58000183105469,67.95999908447266,52.131595611572266,1999300
2018-08-23,68.06999969482422,68.33999633789062,67.37999725341797,67.55999755859375,51.824764251708984,2321900
2018-08-24,67.55000305175781,67.66999816894531,66.3499984741211,67.44000244140625,51.73271942138672,3034200
2018-08-27,67.97000122070312,68.12000274658203,67.1500015258789,67.58000183105469,51.84010696411133,1442900
2018-08-28,67.41999816894531,68.0,67.37000274658203,67.55000305175781,51.81709671020508,1819200
2018-08-29,67.83000183105469,67.9800033569336,66.80999755859375,67.19999694824219,51.54862976074219,3164600
2018-08-30,67.37000274658203,67.5,66.12999725341797,66.43000030517578,50.95796203613281,3169300
2018-08-31,66.4800033569336,67.0,65.16999816894531,65.7300033569336,50.42098617553711,2532000
2018-09-04,65.8499984741211,67.4000015258789,65.76000213623047,66.75,51.20341873168945,2670500
2018-09-05,66.79000091552734,67.37999725341797,66.62000274658203,67.30000305175781,51.62532424926758,1685000
2018-09-06,67.4000015258789,67.69999694824219,67.13999938964844,67.47000122070312,51.7557258605957,1548000
2018-09-07,66.91999816894531,67.2300033569336,66.44999694824219,66.66000366210938,51.13438415527344,1388200
2018-09-10,66.9800033569336,67.33000183105469,66.63999938964844,67.0999984741211,51.47190856933594,1255400
2018-09-11,67.2300033569336,67.72000122070312,67.12999725341797,67.55999755859375,51.824764251708984,1636400
2018-09-12,67.55999755859375,68.01000213623047,67.26000213623047,67.77999877929688,51.9935302734375,2568300
2018-09-13,67.83000183105469,68.44000244140625,67.26000213623047,68.41000366210938,52.476802825927734,1533600
2018-09-14,68.33999633789062,68.4000015258789,67.77999877929688,68.33000183105469,52.415435791015625,1971200
2018-09-17,68.38999938964844,68.54000091552734,68.0199966430664,68.43000030517578,52.492149353027344,1550900
2018-09-18,68.2300033569336,68.63999938964844,67.94000244140625,68.30999755859375,52.40008544921875,1864800
2018-09-19,68.38999938964844,68.43000030517578,66.94999694824219,67.33000183105469,51.64834213256836,2067900
2018-09-20,67.30999755859375,67.97000122070312,66.83999633789062,67.81999969482422,52.02421188354492,1840600
2018-09-21,67.55000305175781,69.9000015258789,67.52999877929688,68.36000061035156,52.43844223022461,4222600
2018-09-24,68.05000305175781,68.18000030517578,67.47000122070312,67.66000366210938,51.90148162841797,2098900
2018-09-25,67.58999633789062,67.58999633789062,66.68000030517578,66.97000122070312,51.372188568115234,1681600
2018-09-26,67.08999633789062,67.29000091552734,66.68000030517578,66.80999755859375,51.249446868896484,2033300
2018-09-27,66.3499984741211,66.98999786376953,66.05000305175781,66.66000366210938,51.60166549682617,1166200
2018-09-28,66.83000183105469,67.75,66.69000244140625,67.68000030517578,52.39125442504883,1840800
2018-10-01,67.76000213623047,67.91000366210938,67.16999816894531,67.55000305175781,52.290611267089844,1603400
2018-10-02,67.5199966430664,68.94000244140625,67.5199966430664,68.72000122070312,53.196311950683594,1796500
2018-10-03,68.6500015258789,69.11000061035156,68.0,68.44000244140625,52.979557037353516,1651900
2018-10-04,68.08999633789062,69.01000213623047,67.7300033569336,68.69000244140625,53.173091888427734,1768900
2018-10-05,68.80999755859375,69.69999694824219,68.72000122070312,69.30000305175781,53.64530563354492,1594500
2018-10-08,69.58999633789062,70.33000183105469,69.11000061035156,69.93000030517578,54.13299560546875,1685700
2018-10-09,70.0,71.0,69.77999877929688,70.44999694824219,54.53551483154297,2125400
2018-10-10,70.31999969482422,70.80999755859375,69.9000015258789,70.08000183105469,54.24909973144531,2847600
2018-10-11,69.51000213623047,69.52999877929688,67.5999984741211,68.41000366210938,52.956356048583984,4203800
2018-10-12,68.56999969482422,68.66000366210938,67.69000244140625,68.6500015258789,53.14211654663086,2910300
2018-10-15,68.77999877929688,69.19999694824219,68.5,68.87999725341797,53.320167541503906,2357000
2018-10-16,68.79000091552734,69.80999755859375,68.62999725341797,69.52999877929688,53.82333755493164,2222100
2018-10-17,69.25,69.86000061035156,69.08000183105469,69.58000183105469,53.8620491027832,1364400
2018-10-18,69.5999984741211,69.97000122070312,69.11000061035156,69.54000091552734,53.83110046386719,1162600
2018-10-19,69.55999755859375,70.54000091552734,69.55999755859375,70.30999755859375,54.42713165283203,1967700
2018-10-22,70.2699966430664,70.5,69.52999877929688,69.86000061035156,54.07878494262695,1010900
2018-10-23,69.94000244140625,70.44000244140625,69.19999694824219,69.55000305175781,53.83881759643555,1138700
2018-10-24,69.81999969482422,70.95999908447266,69.45999908447266,70.54000091552734,54.60517883300781,2566900
2018-10-25,70.12999725341797,70.23999786376953,69.23999786376953,69.45999908447266,53.76915740966797,1569500
2018-10-26,69.70999908447266,70.16999816894531,67.54000091552734,68.16999816894531,52.77056121826172,1871000
2018-10-29,68.36000061035156,69.73999786376953,68.33999633789062,69.11000061035156,53.49820327758789,1965300
2018-10-30,69.55000305175781,69.9000015258789,68.41000366210938,69.52999877929688,53.82333755493164,1527700
2018-10-31,68.25,69.91999816894531,66.95999908447266,69.38999938964844,53.714969635009766,3315600
2018-11-01,69.3499984741211,69.45999908447266,67.93000030517578,68.19000244140625,52.78605651855469,2598700
2018-11-02,68.48999786376953,68.58999633789062,67.37000274658203,67.87999725341797,52.546058654785156,2238200
2018-11-05,68.22000122070312,69.0199966430664,67.95999908447266,68.76000213623047,53.22727966308594,1899500
2018-11-06,68.81999969482422,69.0,68.19999694824219,68.94000244140625,53.36663055419922,1687500
2018-11-07,69.26000213623047,69.83999633789062,68.73999786376953,69.69999694824219,53.95492935180664,1628100
2018-11-08,69.9000015258789,70.12999725341797,69.0999984741211,69.41000366210938,53.730464935302734,1499600
2018-11-09,67.75,67.88999938964844,60.130001068115234,61.0,47.22024154663086,8044100
2018-11-12,54.83000183105469,55.9900016784668,45.5,53.560001373291016,41.4609260559082,14318800
2018-11-13,53.02000045776367,55.97999954223633,53.02000045776367,55.540000915527344,42.9936408996582,5180600
2018-11-14,52.45000076293945,56.060001373291016,52.45000076293945,53.869998931884766,41.70089340209961,11277000
2018-11-15,53.310001373291016,53.310001373291016,46.650001525878906,47.189998626708984,36.52988815307617,10222800
2018-11-16,52.86000061035156,55.0099983215332,52.5099983215332,54.45000076293945,42.149879455566406,8828700
2018-11-19,53.77000045776367,54.779998779296875,52.66999816894531,53.90999984741211,41.73186111450195,7564800
2018-11-20,54.040000915527344,54.68000030517578,52.529998779296875,52.779998779296875,40.85711669921875,3445900
2018-11-21,53.099998474121094,54.220001220703125,53.06999969482422,53.59000015258789,41.48414993286133,2592800
2018-11-23,53.38999938964844,53.529998779296875,52.29999923706055,53.25,41.220951080322266,1209100
2018-11-26,53.099998474121094,54.11000061035156,52.7400016784668,53.9900016784668,41.79378128051758,2267300
2018-11-27,54.04999923706055,55.59000015258789,53.630001068115234,55.310001373291016,42.81560516357422,3242600
2018-11-28,55.58000183105469,56.040000915527344,54.38999938964844,54.7599983215332,42.38983917236328,2600400
2018-11-29,54.68000030517578,55.38999938964844,54.43000030517578,54.720001220703125,42.35888671875,1903200
2018-11-30,54.63999938964844,55.650001525878906,54.61000061035156,55.31999969482422,42.823341369628906,4336700
2018-12-03,55.25,57.560001373291016,55.0,57.0,44.12382888793945,3323300
2018-12-04,57.400001525878906,58.18000030517578,57.15999984741211,57.72999954223633,44.68893814086914,2855900
2018-12-06,58.06999969482422,58.18000030517578,56.119998931884766,57.540000915527344,44.54184341430664,2848800
2018-12-07,57.70000076293945,59.130001068115234,57.70000076293945,58.5099983215332,45.29273223876953,1910100
2018-12-10,58.150001525878906,59.060001373291016,56.939998626708984,58.84000015258789,45.548187255859375,1769700
2018-12-11,58.970001220703125,59.439998626708984,58.27000045776367,58.88999938964844,45.586891174316406,1361900
2018-12-12,59.189998626708984,60.099998474121094,59.04999923706055,59.540000915527344,46.090049743652344,1813000
2018-12-13,59.439998626708984,60.150001525878906,59.04999923706055,59.529998779296875,46.08232116699219,2053100
2018-12-14,59.4900016784668,60.02000045776367,59.099998474121094,59.63999938964844,46.16746139526367,2377300
2018-12-17,59.380001068115234,59.459999084472656,58.16999816894531,58.189998626708984,45.045013427734375,3860200
2018-12-18,58.36000061035156,59.11000061035156,57.119998931884766,57.4900016784668,44.503150939941406,2332800
2018-12-19,57.400001525878906,59.15999984741211,57.2400016784668,58.41999816894531,45.22305679321289,2526900
2018-12-20,58.33000183105469,59.15999984741211,57.5,58.2599983215332,45.09920120239258,2457200
2018-12-21,58.2599983215332,59.619998931884766,56.15999984741211,56.18000030517578,43.489078521728516,4980100
2018-12-24,55.9900016784668,56.459999084472656,54.31999969482422,54.33000183105469,42.05698776245117,1140500
2018-12-26,54.33000183105469,56.2599983215332,53.43000030517578,56.20000076293945,43.504554748535156,2315100
2018-12-27,55.959999084472656,58.13999938964844,54.0,57.0,44.12382888793945,2803100
2018-12-28,56.5,57.81999969482422,56.290000915527344,57.22999954223633,44.78348922729492,1639100
2018-12-31,57.189998626708984,57.189998626708984,55.900001525878906,56.77000045776367,44.423545837402344,2085300
2019-01-02,56.18000030517578,57.08000183105469,55.34000015258789,56.75,44.40788650512695,1801800
2019-01-03,56.58000183105469,57.119998931884766,55.77000045776367,56.84000015258789,44.47831726074219,1701400
2019-01-04,56.79999923706055,58.43000030517578,56.79999923706055,58.41999816894531,45.714691162109375,2466800
2019-01-07,56.5099983215332,57.900001525878906,55.72999954223633,57.34000015258789,44.86956787109375,2794400
2019-01-08,57.040000915527344,57.720001220703125,56.36000061035156,57.65999984741211,45.1199836730957,2216500
2019-01-09,57.56999969482422,59.150001525878906,57.56999969482422,58.400001525878906,45.69905090332031,1563500
2019-01-10,58.54999923706055,59.43000030517578,58.209999084472656,59.34000015258789,46.43461227416992,1523300
2019-01-11,59.09000015258789,59.400001525878906,58.630001068115234,59.31999969482422,46.4189567565918,1927800
2019-01-14,57.68000030517578,59.0099983215332,57.06999969482422,58.150001525878906,45.50341033935547,3424900
2019-01-15,56.15999984741211,56.58000183105469,54.599998474121094,55.04999923706055,43.077613830566406,5251300
2019-01-16,54.7599983215332,55.7400016784668,53.65999984741211,54.18000030517578,42.396820068359375,4778300
2019-01-17,54.34000015258789,54.56999969482422,53.40999984741211,53.5099983215332,41.87253189086914,3011000
2019-01-18,53.58000183105469,55.040000915527344,53.400001525878906,54.880001068115234,42.94458770751953,3069100
2019-01-22,54.790000915527344,55.41999816894531,53.95000076293945,54.209999084472656,42.420291900634766,3097900
2019-01-23,54.45000076293945,55.0099983215332,53.900001525878906,54.93000030517578,42.98371124267578,1492900
2019-01-24,54.84000015258789,56.33000183105469,54.209999084472656,55.13999938964844,43.14802932739258,4729400
2019-01-25,54.959999084472656,56.79999923706055,54.52000045776367,55.43000030517578,43.37497329711914,2971300
2019-01-28,55.41999816894531,55.70000076293945,54.25,54.5099983215332,42.65504837036133,2725400
2019-01-29,54.790000915527344,55.7599983215332,54.54999923706055,55.18000030517578,43.17933654785156,4393800
2019-01-30,55.27000045776367,56.22999954223633,54.970001220703125,55.83000183105469,43.68797302246094,1849200
2019-01-31,55.75,57.04999923706055,55.459999084472656,56.970001220703125,44.580047607421875,3678300
2019-02-01,56.90999984741211,57.27000045776367,56.33000183105469,56.59000015258789,44.28268814086914,2537700
2019-02-04,56.380001068115234,56.400001525878906,54.9900016784668,56.13999938964844,43.9305534362793,3996400
2019-02-05,56.09000015258789,56.84000015258789,55.72999954223633,56.13999938964844,43.9305534362793,2636300
2019-02-06,56.130001068115234,56.43000030517578,55.540000915527344,55.61000061035156,43.51582336425781,2362000
2019-02-07,55.630001068115234,57.709999084472656,55.5,57.689998626708984,45.143455505371094,2849800
2019-02-08,57.47999954223633,58.150001525878906,57.20000076293945,58.08000183105469,45.44864273071289,1462000
2019-02-11,57.599998474121094,58.54999923706055,57.529998779296875,58.41999816894531,45.714691162109375,2876800
2019-02-12,58.91999816894531,61.189998626708984,58.619998931884766,60.06999969482422,47.00584411621094,2986800
2019-02-13,59.88999938964844,60.529998779296875,59.709999084472656,60.40999984741211,47.27190399169922,2130000
2019-02-14,60.54999923706055,60.61000061035156,59.59000015258789,60.52000045776367,47.35798645019531,1757800
2019-02-15,60.869998931884766,60.97999954223633,60.2400016784668,60.5,47.34233093261719,2015100
2019-02-19,60.66999816894531,61.70000076293945,60.36000061035156,61.650001525878906,48.24222946166992,2141600
2019-02-20,61.540000915527344,62.939998626708984,61.41999816894531,62.68000030517578,49.04822540283203,2320300
2019-02-21,62.279998779296875,62.459999084472656,61.04999923706055,61.2599983215332,47.937049865722656,5361000
2019-02-22,61.45000076293945,61.630001068115234,60.72999954223633,61.40999984741211,48.054420471191406,3909800
2019-02-25,61.61000061035156,61.61000061035156,60.63999938964844,60.66999816894531,47.47536087036133,2669000
2019-02-26,60.88999938964844,61.7599983215332,60.36000061035156,61.34000015258789,47.99964904785156,3429600
2019-02-27,61.290000915527344,61.70000076293945,60.52000045776367,60.61000061035156,47.42840576171875,2063600
2019-02-28,60.880001068115234,60.880001068115234,59.7400016784668,59.88999938964844,46.864994049072266,4387200
2019-03-01,60.02000045776367,61.34000015258789,59.25,61.310001373291016,47.97618103027344,2907100
2019-03-04,61.7400016784668,62.09000015258789,60.91999816894531,62.09000015258789,48.58654022216797,2517700
2019-03-05,61.75,62.59000015258789,61.689998626708984,62.5,48.9073600769043,2035100
2019-03-06,62.5,62.5,61.459999084472656,61.72999954223633,48.3048210144043,2887900
2019-03-07,61.95000076293945,62.22999954223633,61.66999816894531,62.20000076293945,48.6726188659668,2950600
2019-03-08,62.18000030517578,62.18000030517578,61.279998779296875,62.04999923706055,48.555240631103516,1610600
2019-03-11,62.22999954223633,63.130001068115234,61.90999984741211,63.130001068115234,49.40034484863281,2577800
2019-03-12,63.40999984741211,64.23999786376953,63.20000076293945,64.16000366210938,50.20635223388672,2714600
2019-03-13,63.849998474121094,65.06999969482422,57.630001068115234,64.0999984741211,50.159400939941406,3927800
2019-03-14,64.37000274658203,65.18000030517578,63.939998626708984,64.05000305175781,50.12027359008789,2542900
2019-03-15,64.11000061035156,64.6500015258789,63.81999969482422,63.91999816894531,50.01853942871094,4798300
2019-03-18,63.939998626708984,64.12999725341797,62.56999969482422,63.52000045776367,49.70553970336914,2249700
2019-03-19,63.56999969482422,63.97999954223633,62.470001220703125,63.0099983215332,49.30644607543945,1978500
2019-03-20,63.029998779296875,63.84000015258789,62.7599983215332,63.290000915527344,49.52555465698242,1961200
2019-03-21,63.290000915527344,65.22000122070312,63.279998779296875,64.9800033569336,50.848018646240234,2039000
2019-03-22,65.3499984741211,66.30000305175781,64.63999938964844,64.69000244140625,50.62109375,3340000
2019-03-25,64.70999908447266,64.94999694824219,63.470001220703125,64.29000091552734,50.30807876586914,1952700
2019-03-26,64.37000274658203,65.44000244140625,64.37000274658203,65.06999969482422,50.918434143066406,1287700
2019-03-27,65.02999877929688,65.0999984741211,63.619998931884766,63.810001373291016,49.932464599609375,2054300
2019-03-28,63.11000061035156,63.869998931884766,62.08000183105469,62.15999984741211,49.113128662109375,2297500
2019-03-29,62.20000076293945,62.400001525878906,61.68000030517578,61.91999816894531,48.923500061035156,3439300
2019-04-01,62.0099983215332,62.880001068115234,61.15999984741211,62.70000076293945,49.53977584838867,1502400
2019-04-02,62.86000061035156,63.349998474121094,62.470001220703125,62.5099983215332,49.3896598815918,1545600
2019-04-03,62.5,63.81999969482422,62.5,63.45000076293945,50.13235855102539,1832500
2019-04-04,63.66999816894531,64.06999969482422,63.43000030517578,63.689998626708984,50.32198715209961,1560800
2019-04-05,63.900001525878906,64.12999725341797,63.54999923706055,63.83000183105469,50.4326057434082,2196300
2019-04-08,63.970001220703125,64.22000122070312,63.54999923706055,63.7599983215332,50.37730407714844,1706000
2019-04-09,63.75,63.95000076293945,62.33000183105469,62.470001220703125,49.358055114746094,2109300
2019-04-10,62.72999954223633,62.939998626708984,62.060001373291016,62.65999984741211,49.5081787109375,1322000
2019-04-11,62.63999938964844,62.86000061035156,62.310001373291016,62.599998474121094,49.46076965332031,1779400
2019-04-12,62.40999984741211,67.43000030517578,61.86000061035156,67.12999725341797,53.03996276855469,8964300
2019-04-15,67.12999725341797,67.12999725341797,64.88999938964844,65.19999694824219,51.51506042480469,4504000
2019-04-16,65.05000305175781,65.12999725341797,64.30000305175781,64.44000244140625,50.914573669433594,1631200
2019-04-17,64.37000274658203,64.68000030517578,63.380001068115234,63.40999984741211,50.10076141357422,1285400
2019-04-18,63.40999984741211,63.7599983215332,63.06999969482422,63.09000015258789,49.84793472290039,1287200
2019-04-22,62.959999084472656,63.15999984741211,62.41999816894531,63.02000045776367,49.7926139831543,1519200
2019-04-23,63.27000045776367,63.83000183105469,62.650001525878906,63.619998931884766,50.26668930053711,1643600
2019-04-24,64.02999877929688,64.58999633789062,63.599998474121094,64.19999694824219,50.72494888305664,1417100
2019-04-25,64.12000274658203,64.26000213623047,63.470001220703125,63.58000183105469,50.235084533691406,1822700
2019-04-26,64.12000274658203,64.44000244140625,63.40999984741211,63.560001373291016,50.21928405761719,1262800
2019-04-29,63.5099983215332,63.7400016784668,63.029998779296875,63.29999923706055,50.013851165771484,1878500
2019-04-30,63.33000183105469,64.11000061035156,63.18000030517578,63.77000045776367,50.385196685791016,2703800
2019-05-01,62.04999923706055,62.45000076293945,60.06999969482422,60.290000915527344,47.6356201171875,3976400
2019-05-02,60.0,60.93000030517578,58.220001220703125,59.70000076293945,47.16946029663086,2365700
2019-05-03,60.130001068115234,61.7599983215332,60.08000183105469,60.59000015258789,47.87265396118164,1385800
2019-05-06,60.66999816894531,62.2599983215332,60.5,61.18000030517578,48.33882141113281,1401500
2019-05-07,60.900001525878906,61.38999938964844,60.86000061035156,61.220001220703125,48.370426177978516,1258400
2019-05-08,61.29999923706055,61.310001373291016,60.099998474121094,60.130001068115234,47.50920104980469,1132800
2019-05-09,60.040000915527344,60.08000183105469,59.279998779296875,59.84000015258789,47.28007888793945,1462200
2019-05-10,59.689998626708984,59.97999954223633,58.63999938964844,59.189998626708984,46.76649856567383,2488000
2019-05-13,59.0099983215332,60.18000030517578,58.970001220703125,60.150001525878906,47.525001525878906,1924900
2019-05-14,59.970001220703125,60.70000076293945,59.65999984741211,59.849998474121094,47.287967681884766,1591700
2019-05-15,60.060001373291016,60.29999923706055,59.41999816894531,60.0099983215332,47.414390563964844,1155200
2019-05-16,59.95000076293945,60.4900016784668,59.70000076293945,59.95000076293945,47.36698913574219,1300600
2019-05-17,59.619998931884766,60.27000045776367,59.369998931884766,59.959999084472656,47.37488555908203,2101800
2019-05-20,60.09000015258789,60.5,59.900001525878906,60.040000915527344,47.4380989074707,1691000
2019-05-21,60.099998474121094,61.38999938964844,59.869998931884766,60.61000061035156,47.88846206665039,1144800
2019-05-22,60.650001525878906,61.31999969482422,60.400001525878906,61.150001525878906,48.31511306762695,1219300
2019-05-23,60.970001220703125,61.75,60.470001220703125,61.70000076293945,48.74967956542969,1616600
2019-05-24,61.95000076293945,62.029998779296875,60.79999923706055,60.88999938964844,48.10969161987305,924700
2019-05-28,60.900001525878906,60.95000076293945,58.279998779296875,58.279998779296875,46.04750442504883,3453600
2019-05-29,58.720001220703125,59.709999084472656,58.4900016784668,58.66999816894531,46.355648040771484,3144400
2019-05-30,58.970001220703125,60.7599983215332,58.66999816894531,59.70000076293945,47.16946029663086,2693200
2019-05-31,59.7599983215332,59.779998779296875,58.790000915527344,59.369998931884766,46.90872573852539,1864200
2019-06-03,59.88999938964844,60.65999984741211,59.5099983215332,60.58000183105469,47.86476516723633,1447700
2019-06-04,61.380001068115234,62.43000030517578,60.90999984741211,62.31999969482422,49.23954772949219,2017100
2019-06-05,62.220001220703125,64.58000183105469,61.7400016784668,64.55999755859375,51.00938034057617,3102900
2019-06-06,64.81999969482422,64.87999725341797,63.0,63.47999954223633,50.156070709228516,2294900
2019-06-07,64.0199966430664,64.36000061035156,62.5,62.63999938964844,49.492374420166016,1692100
2019-06-10,62.650001525878906,62.810001373291016,60.720001220703125,60.869998931884766,48.0938835144043,2190400
2019-06-11,60.84000015258789,61.2599983215332,59.75,60.20000076293945,47.56451416015625,1668800
2019-06-12,60.52000045776367,60.880001068115234,59.2599983215332,59.52000045776367,47.02724838256836,2318400
2019-06-13,59.61000061035156,59.97999954223633,59.060001373291016,59.880001068115234,47.31167984008789,1895600
2019-06-14,59.970001220703125,60.130001068115234,58.619998931884766,59.439998626708984,46.964027404785156,2019400
2019-06-17,59.459999084472656,60.66999816894531,59.2400016784668,60.130001068115234,47.50920104980469,1460500
2019-06-18,60.709999084472656,61.86000061035156,60.41999816894531,60.68000030517578,47.943756103515625,1905400
2019-06-19,60.90999984741211,63.45000076293945,60.779998779296875,62.36000061035156,49.271141052246094,3101000
2019-06-20,62.709999084472656,64.0,61.20000076293945,63.779998779296875,50.39310073852539,3905700
2019-06-21,63.470001220703125,65.83999633789062,63.470001220703125,65.41000366210938,51.68098449707031,6108900
2019-06-24,65.30000305175781,65.91999816894531,64.97000122070312,65.55000305175781,51.791603088378906,2419800
2019-06-25,65.62999725341797,65.62999725341797,64.56999969482422,65.05999755859375,51.40442657470703,1514400
2019-06-26,64.9000015258789,65.29000091552734,63.65999984741211,63.84000015258789,50.44049835205078,1429200
2019-06-27,64.04000091552734,65.33000183105469,63.939998626708984,65.12000274658203,51.45184326171875,1722700
2019-06-28,65.33000183105469,67.43000030517578,65.33000183105469,67.41000366210938,53.26118850708008,4580000
2019-07-01,67.55999755859375,67.55999755859375,66.30000305175781,67.05999755859375,52.984649658203125,2008600
2019-07-02,67.01000213623047,67.29000091552734,66.48999786376953,67.16000366210938,53.06366729736328,2351100
2019-07-03,67.5,67.70999908447266,66.98999786376953,67.69000244140625,53.482421875,1494000
2019-07-05,66.80999755859375,67.26000213623047,65.58000183105469,67.18000030517578,53.56454086303711,2016800
2019-07-08,67.01000213623047,69.66999816894531,67.01000213623047,69.29000091552734,55.24691390991211,2982800
2019-07-09,69.04000091552734,69.8499984741211,68.70999908447266,69.72000122070312,55.58976745605469,3384600
2019-07-10,69.87000274658203,70.26000213623047,69.22000122070312,69.62000274658203,55.51004409790039,1919800
2019-07-11,69.5999984741211,71.54000091552734,69.25,69.94999694824219,55.77314376831055,4499500
2019-07-12,69.83999633789062,70.79000091552734,69.26000213623047,70.63999938964844,56.32331085205078,2619200
2019-07-15,70.51000213623047,71.04000091552734,70.12999725341797,70.55999755859375,56.259521484375,2744300
2019-07-16,70.4800033569336,71.18000030517578,69.97000122070312,70.0999984741211,55.89274597167969,2827100
2019-07-17,70.3499984741211,70.37999725341797,69.5,69.68000030517578,55.557861328125,1740700
2019-07-18,69.30000305175781,70.83000183105469,69.26000213623047,70.77999877929688,56.43492889404297,1706100
2019-07-19,70.33999633789062,70.69999694824219,69.91999816894531,70.16999816894531,55.948570251464844,1844300
2019-07-22,70.19999694824219,70.33999633789062,69.11000061035156,69.68000030517578,55.557861328125,1628500
2019-07-23,69.81999969482422,70.62000274658203,69.44999694824219,70.2699966430664,56.02830123901367,1514300
2019-07-24,70.33999633789062,71.08999633789062,69.87999725341797,71.0199966430664,56.626285552978516,1634500
2019-07-25,70.8499984741211,70.8499984741211,69.69999694824219,70.02999877929688,55.83693313598633,1862600
2019-07-26,70.16000366210938,72.58999633789062,69.6500015258789,70.94999694824219,56.57046890258789,4546100
2019-07-29,70.83999633789062,71.31999969482422,69.69999694824219,70.5999984741211,56.2913932800293,2485900
2019-07-30,69.94999694824219,70.4800033569336,68.98999786376953,70.2699966430664,56.02830123901367,3778600
2019-07-31,70.55000305175781,75.23999786376953,70.4000015258789,74.54000091552734,59.43289566040039,26119200
2019-08-01,74.4000015258789,74.95999908447266,73.66999816894531,73.87999725341797,58.90663528442383,5443700
2019-08-02,73.8499984741211,74.9000015258789,72.33000183105469,73.75,58.80300521850586,5112700
2019-08-05,73.5999984741211,74.22000122070312,72.25,72.51000213623047,57.81432342529297,4402500
2019-08-06,72.36000061035156,73.48999786376953,72.1500015258789,73.37000274658203,58.50001525878906,2900400
2019-08-07,73.23999786376953,74.33000183105469,72.44999694824219,74.19000244140625,59.153839111328125,2637400
2019-08-08,74.19000244140625,75.29000091552734,73.66999816894531,75.12000274658203,59.89533615112305,2265100
2019-08-09,75.16000366210938,75.38999938964844,74.29000091552734,74.37999725341797,59.30531311035156,1683500
2019-08-12,74.08999633789062,74.08999633789062,72.62000274658203,73.06999969482422,58.26081085205078,3477500
2019-08-13,73.18000030517578,73.56999969482422,72.76000213623047,73.20999908447266,58.372440338134766,3370300
2019-08-14,73.3499984741211,73.41000366210938,71.43000030517578,71.81999969482422,57.264163970947266,3680100
2019-08-15,72.18000030517578,72.70999908447266,71.62000274658203,72.06999969482422,57.46348571777344,2419000
2019-08-16,72.11000061035156,72.7699966430664,72.11000061035156,72.5,57.80633544921875,1576700
2019-08-19,72.45999908447266,73.01000213623047,71.80000305175781,72.6500015258789,57.925926208496094,2125600
2019-08-20,72.62999725341797,72.62999725341797,71.94000244140625,72.0,57.40766525268555,2062600
2019-08-21,72.31999969482422,72.98999786376953,72.05000305175781,72.9800033569336,58.18906021118164,1331300
2019-08-22,72.83000183105469,73.16999816894531,72.0999984741211,72.83000183105469,58.06945037841797,1063400
2019-08-23,72.80000305175781,73.36000061035156,71.70999908447266,72.11000061035156,57.495399475097656,1905700
2019-08-26,72.47000122070312,73.4000015258789,72.33999633789062,73.38999938964844,58.515960693359375,1051600
2019-08-27,73.75,74.0,72.68000030517578,73.33000183105469,58.468116760253906,2520000
2019-08-28,73.19000244140625,73.2699966430664,71.73999786376953,71.77999877929688,57.23225402832031,2269800
2019-08-29,72.30999755859375,72.36000061035156,71.86000061035156,72.2300033569336,57.591060638427734,1637000
2019-08-30,72.48999786376953,72.5999984741211,71.79000091552734,72.2699966430664,57.622947692871094,1939300
2019-09-03,72.2699966430664,73.68000030517578,72.11000061035156,73.4000015258789,58.52393341064453,3008500
2019-09-04,73.48999786376953,73.58000183105469,72.63999938964844,73.18000030517578,58.3485221862793,1113400
2019-09-05,72.73999786376953,73.0,71.1500015258789,71.30999755859375,56.857513427734375,2948400
2019-09-06,71.4000015258789,71.69999694824219,70.76000213623047,70.9800033569336,56.59440994262695,2314600
2019-09-09,70.69000244140625,71.31999969482422,70.30000305175781,71.12000274658203,56.706031799316406,2115200
2019-09-10,70.98999786376953,72.79000091552734,70.7699966430664,72.79000091552734,58.037567138671875,3194000
2019-09-11,72.5199966430664,73.33999633789062,71.72000122070312,72.80000305175781,58.0455436706543,2067800
2019-09-12,73.52999877929688,73.75,72.01000213623047,72.54000091552734,57.838233947753906,1686400
2019-09-13,72.29000091552734,72.86000061035156,71.61000061035156,71.93000030517578,57.35186004638672,1158700
2019-09-16,72.1500015258789,72.25,70.98999786376953,71.4800033569336,56.993064880371094,975900
2019-09-17,71.55999755859375,72.44000244140625,70.94000244140625,71.80999755859375,57.25617599487305,1602600
2019-09-18,72.16999816894531,72.37999725341797,71.5199966430664,72.06999969482422,57.46348571777344,1569500
2019-09-19,72.5199966430664,72.97000122070312,72.13999938964844,72.62999725341797,57.909976959228516,1325700
2019-09-20,72.55000305175781,72.93000030517578,71.68000030517578,72.73999786376953,57.997703552246094,4033200
2019-09-23,72.88999938964844,74.2699966430664,72.4000015258789,74.16000366210938,59.129905700683594,1219900
2019-09-24,74.48999786376953,75.75,74.3499984741211,75.33999633789062,60.07074737548828,2853700
2019-09-25,75.31999969482422,75.54000091552734,74.7300033569336,75.1500015258789,59.91926956176758,1252600
2019-09-26,75.30000305175781,76.44999694824219,75.0199966430664,76.36000061035156,60.8840217590332,1591700
2019-09-27,75.79000091552734,76.01000213623047,74.94000244140625,75.87999725341797,60.990909576416016,2261100
2019-09-30,75.88999938964844,75.97000122070312,74.88999938964844,75.41999816894531,60.621192932128906,2812200
2019-10-01,75.25,75.75,73.83999633789062,73.9000015258789,59.399444580078125,1440300
2019-10-02,73.80999755859375,74.54000091552734,72.81999969482422,74.4800033569336,59.86562728881836,2106800
2019-10-03,74.54000091552734,74.58999633789062,73.4800033569336,73.94999694824219,59.439640045166016,1719300
2019-10-04,74.22000122070312,75.72000122070312,73.81999969482422,75.58999633789062,60.7578239440918,1865400
2019-10-07,75.47000122070312,75.70999908447266,74.51000213623047,74.88999938964844,60.195186614990234,1397900
2019-10-08,74.88999938964844,75.30999755859375,74.36000061035156,74.7300033569336,60.06659698486328,2109000
2019-10-09,75.08000183105469,75.2300033569336,73.97000122070312,74.4000015258789,59.80133056640625,1401400
2019-10-10,74.06999969482422,74.44000244140625,73.27999877929688,74.19000244140625,59.63254928588867,1654500
2019-10-11,74.08999633789062,74.47000122070312,71.12999725341797,71.33000183105469,57.33373260498047,3654600
2019-10-14,71.37999725341797,71.5999984741211,68.79000091552734,70.05999755859375,56.31292724609375,2929600
2019-10-15,69.94999694824219,70.6500015258789,69.58999633789062,69.88999938964844,56.176273345947266,2428400
2019-10-16,69.9000015258789,69.97000122070312,69.37000274658203,69.83999633789062,56.136085510253906,1764800
2019-10-17,69.77999877929688,70.68000030517578,69.61000061035156,70.55999755859375,56.714813232421875,1308500
2019-10-18,70.47000122070312,70.69000244140625,69.94000244140625,70.5199966430664,56.68266296386719,1334400
2019-10-21,70.62999725341797,70.87000274658203,70.30000305175781,70.48999786376953,56.65854263305664,1270400
2019-10-22,70.61000061035156,71.63999938964844,70.61000061035156,71.54000091552734,57.502525329589844,1341500
2019-10-23,71.61000061035156,72.5,71.41000366210938,72.41999816894531,58.20985794067383,1956200
2019-10-24,72.41000366210938,72.41000366210938,71.52999877929688,72.19000244140625,58.02499008178711,1294800
2019-10-25,70.94000244140625,71.0,62.689998626708984,66.05000305175781,53.08976745605469,12586500
2019-10-28,63.33000183105469,66.69000244140625,63.09000015258789,64.55999755859375,51.89212417602539,4551900
2019-10-29,64.55000305175781,65.94000244140625,64.02999877929688,65.4000015258789,52.56731033325195,3407100
2019-10-30,63.880001068115234,65.48999786376953,60.310001373291016,62.15999984741211,49.96305847167969,6694900
2019-10-31,62.47999954223633,63.58000183105469,61.97999954223633,62.900001525878906,50.55784606933594,4212100
2019-11-01,62.7400016784668,65.66999816894531,62.20000076293945,65.58000183105469,52.71198654174805,3818700
2019-11-04,65.16000366210938,66.41000366210938,64.2699966430664,66.18000030517578,53.194252014160156,3654300
2019-11-05,65.94999694824219,67.26000213623047,65.9000015258789,66.13999938964844,53.1620979309082,3358700
2019-11-06,66.37000274658203,66.98999786376953,65.66000366210938,65.66999816894531,52.78432083129883,2797000
2019-11-07,65.33000183105469,66.06999969482422,65.04000091552734,65.69000244140625,52.80040740966797,3214600
2019-11-08,65.25,66.38999938964844,64.94000244140625,66.30000305175781,53.29070281982422,1675700
2019-11-11,66.4000015258789,66.54000091552734,65.75,66.30999755859375,53.298744201660156,1625800
2019-11-12,66.41000366210938,67.16000366210938,66.18000030517578,66.83999633789062,53.72473907470703,2235400
2019-11-13,67.12000274658203,68.56999969482422,66.66000366210938,68.11000061035156,54.74554443359375,1877400
2019-11-14,68.70999908447266,70.18000030517578,68.70999908447266,69.68000030517578,56.00748062133789,2398900
2019-11-15,69.66000366210938,70.3499984741211,69.06999969482422,70.0999984741211,56.34506607055664,2123700
2019-11-18,70.05000305175781,70.41000366210938,69.30000305175781,69.5,55.8628044128418,2505900
2019-11-19,69.16999816894531,69.23999786376953,68.41000366210938,68.86000061035156,55.34838104248047,2260700
2019-11-20,68.87000274658203,71.06999969482422,68.55000305175781,70.91999816894531,57.004173278808594,2127500
2019-11-21,70.83999633789062,71.25,70.01000213623047,71.01000213623047,57.076515197753906,2386000
2019-11-22,71.2699966430664,71.70999908447266,70.80999755859375,71.25,57.26942443847656,2051100
2019-11-25,71.4800033569336,71.69000244140625,70.05999755859375,70.27999877929688,56.48976135253906,2230200
2019-11-26,70.0199966430664,70.52999877929688,68.45999908447266,69.0,55.460906982421875,4825800
2019-11-27,69.29000091552734,70.5999984741211,68.88999938964844,69.83000183105469,56.128055572509766,4465600
2019-11-29,70.1500015258789,70.41000366210938,68.66999816894531,69.0999984741211,55.541290283203125,2520100
2019-12-02,68.91000366210938,71.73999786376953,68.1500015258789,71.55999755859375,57.51859664916992,4371700
2019-12-03,71.77999877929688,72.52999877929688,71.38999938964844,71.73999786376953,57.66327667236328,2778800
2019-12-04,71.47000122070312,72.08999633789062,70.77999877929688,71.0,57.068485260009766,3479400
2019-12-05,70.98999786376953,71.94000244140625,70.83000183105469,71.33999633789062,57.341758728027344,2069800
2019-12-06,71.0,71.91999816894531,71.0,71.37000274658203,57.365867614746094,1811100
2019-12-09,71.66000366210938,71.66000366210938,70.87999725341797,71.01000213623047,57.076515197753906,1178800
2019-12-10,71.04000091552734,71.52999877929688,70.94000244140625,71.27999877929688,57.29354476928711,1525100
2019-12-11,71.56999969482422,71.93000030517578,70.87999725341797,71.52999877929688,57.494483947753906,2392300
2019-12-12,71.37999725341797,71.94000244140625,71.13999938964844,71.44999694824219,57.430179595947266,1535500
2019-12-13,72.0,72.97000122070312,71.26000213623047,72.69000244140625,58.426876068115234,2192400
2019-12-16,72.7699966430664,74.0,72.30000305175781,74.0,59.47982406616211,1944800
2019-12-17,73.77999877929688,74.16999816894531,73.16999816894531,73.55000305175781,59.11812210083008,2018900
2019-12-18,73.86000061035156,74.4800033569336,72.08999633789062,74.2699966430664,59.69684982299805,3719000
2019-12-19,74.5199966430664,74.5999984741211,73.31999969482422,73.41999816894531,59.01362991333008,2120500
2019-12-20,73.52999877929688,75.45999908447266,73.30000305175781,75.19000244140625,60.43632888793945,5259300
2019-12-23,75.0,75.83999633789062,74.62000274658203,74.80999755859375,60.130889892578125,1407900
2019-12-24,74.83000183105469,75.06999969482422,74.66000366210938,74.81999969482422,60.13892364501953,572300
2019-12-26,75.06999969482422,75.41999816894531,74.70999908447266,75.3499984741211,60.564918518066406,1044200
2019-12-27,75.44000244140625,75.48999786376953,74.70999908447266,75.22000122070312,60.46044158935547,1406300
2019-12-30,74.56999969482422,74.94999694824219,73.9000015258789,74.70999908447266,60.5641975402832,2004700
2019-12-31,74.69000244140625,75.47000122070312,74.61000061035156,75.41000366210938,61.13166427612305,1556600
2020-01-02,74.70999908447266,75.58000183105469,74.30999755859375,74.37999725341797,60.29667282104492,2632200
2020-01-03,74.31999969482422,74.87000274658203,74.12999725341797,74.77999877929688,60.620941162109375,1459400
2020-01-06,74.76000213623047,75.19000244140625,74.25,75.12999725341797,60.9046516418457,1360100
2020-01-07,75.12999725341797,76.19999694824219,74.83999633789062,75.86000061035156,61.496463775634766,1610400
2020-01-08,76.1500015258789,76.83000183105469,75.68000030517578,75.73999786376953,61.399169921875,1886200
2020-01-09,75.7300033569336,76.20999908447266,75.41000366210938,76.13999938964844,61.72343063354492,1414200
2020-01-10,76.13999938964844,76.5,75.11000061035156,75.5,61.204620361328125,1676900
2020-01-13,75.33999633789062,75.88999938964844,75.26000213623047,75.37000274658203,61.099239349365234,1243700
2020-01-14,75.29000091552734,75.66000366210938,74.62000274658203,75.02999877929688,60.823604583740234,2325800
2020-01-15,75.79000091552734,77.2699966430664,75.79000091552734,76.93000030517578,62.36386489868164,1983200
2020-01-16,76.88999938964844,77.0,76.30000305175781,76.55999755859375,62.063907623291016,1681200
2020-01-17,76.69000244140625,77.47000122070312,76.62999725341797,76.95999908447266,62.388179779052734,1626300
2020-01-21,77.0999984741211,78.26000213623047,77.04000091552734,78.19999694824219,63.39338302612305,1675000
2020-01-22,78.3499984741211,78.48999786376953,76.86000061035156,77.06999969482422,62.47734832763672,1503900
2020-01-23,76.94000244140625,77.83999633789062,76.83999633789062,77.69000244140625,62.97998046875,1388000
2020-01-24,77.4800033569336,77.98999786376953,76.73999786376953,76.91999816894531,62.35575866699219,1535100
2020-01-27,76.97000122070312,77.37999725341797,76.0199966430664,76.20999908447266,61.780181884765625,1475700
2020-01-28,76.37000274658203,77.25,76.37000274658203,76.80000305175781,62.25847244262695,1587500
2020-01-29,76.77999877929688,77.22000122070312,76.54000091552734,76.9800033569336,62.404396057128906,1239600
2020-01-30,76.80000305175781,77.01000213623047,76.5,76.66999816894531,62.153076171875,1318100
2020-01-31,76.55000305175781,77.38999938964844,76.30999755859375,76.55000305175781,62.055824279785156,2950500
2020-02-03,76.76000213623047,77.8499984741211,76.58999633789062,77.66000366210938,62.95563888549805,1315400
2020-02-04,77.94000244140625,77.94000244140625,75.08000183105469,75.47000122070312,61.18030548095703,2916500
2020-02-05,75.76000213623047,77.66999816894531,75.58000183105469,77.33000183105469,62.688114166259766,1695400
2020-02-06,77.41999816894531,77.61000061035156,76.22000122070312,76.29000091552734,61.84505844116211,1329500
2020-02-07,76.37000274658203,77.31999969482422,76.20999908447266,77.0,62.42060852050781,1195300
2020-02-10,77.20999908447266,78.30999755859375,76.7300033569336,78.19999694824219,63.39338302612305,1047600
2020-02-11,78.48999786376953,78.93000030517578,77.94000244140625,78.0,63.23126983642578,1630700
2020-02-12,77.88999938964844,78.08999633789062,77.27999877929688,77.5,62.82593536376953,1462200
2020-02-13,77.66999816894531,77.94999694824219,76.5999984741211,77.37000274658203,62.72054672241211,1534800
2020-02-14,77.44999694824219,77.5199966430664,76.91000366210938,77.13999938964844,62.53409194946289,1323600
2020-02-18,77.37999725341797,77.56999969482422,76.9000015258789,77.12000274658203,62.51789474487305,1707600
2020-02-19,77.16000366210938,78.06999969482422,76.41000366210938,76.63999938964844,62.12874984741211,1671300
2020-02-20,76.56999969482422,77.41999816894531,76.51000213623047,77.31999969482422,62.68001937866211,1498900
2020-02-21,77.19999694824219,78.52999877929688,77.04000091552734,77.56999969482422,62.88267517089844,1441500
2020-02-24,77.75,77.80999755859375,76.30999755859375,76.31999969482422,61.869354248046875,1404000
2020-02-25,76.41000366210938,76.80999755859375,74.76000213623047,75.08000183105469,60.864131927490234,1652100
2020-02-26,75.05999755859375,75.8499984741211,74.26000213623047,74.30999755859375,60.239933013916016,1679400
2020-02-27,74.01000213623047,74.20999908447266,69.8499984741211,70.25,56.948665618896484,2110200
2020-02-28,68.58000183105469,68.94000244140625,65.26000213623047,67.19000244140625,54.46805953979492,5410600
2020-03-02,67.52999877929688,70.47000122070312,67.11000061035156,70.44000244140625,57.10270690917969,3847800
2020-03-03,69.80999755859375,71.81999969482422,67.91000366210938,68.30000305175781,55.36787796020508,4350600
2020-03-04,68.80999755859375,70.16999816894531,68.13999938964844,70.16000366210938,56.87570571899414,4519500
2020-03-05,69.52999877929688,71.06999969482422,68.51000213623047,69.01000213623047,55.943458557128906,2115200
2020-03-06,67.44999694824219,68.20999908447266,66.16999816894531,67.58999633789062,54.79230880737305,3461300
2020-03-09,65.23999786376953,66.44000244140625,61.7599983215332,61.7599983215332,50.066192626953125,3728300
2020-03-10,62.560001373291016,64.05000305175781,60.20000076293945,63.88999938964844,51.79289245605469,5080200
2020-03-11,62.08000183105469,62.08000183105469,58.630001068115234,59.7400016784668,48.42866897583008,3380100
2020-03-12,56.040000915527344,56.54999923706055,51.279998779296875,52.43000030517578,42.50275802612305,4432200
2020-03-13,54.939998626708984,55.349998474121094,49.779998779296875,53.25,43.1674919128418,4280700
2020-03-16,48.470001220703125,51.11000061035156,43.630001068115234,46.150001525878906,37.41183853149414,4654000
2020-03-17,47.040000915527344,53.959999084472656,45.54999923706055,51.36000061035156,41.635353088378906,4838500
2020-03-18,48.40999984741211,50.81999969482422,45.779998779296875,49.040000915527344,39.75463104248047,5257200
2020-03-19,48.5099983215332,49.279998779296875,45.0,48.7599983215332,39.52764129638672,3083500
2020-03-20,48.869998931884766,51.56999969482422,46.560001373291016,46.86000061035156,37.98740005493164,4052700
2020-03-23,46.459999084472656,48.41999816894531,44.13999938964844,44.470001220703125,36.04993438720703,3527700
2020-03-24,46.33000183105469,51.20000076293945,45.970001220703125,50.380001068115234,40.840904235839844,2995100
2020-03-25,50.029998779296875,56.790000915527344,50.029998779296875,53.81999969482422,43.62957000732422,3338300
2020-03-26,54.130001068115234,59.54999923706055,53.849998474121094,57.72999954223633,46.79924011230469,3211100
2020-03-27,55.099998474121094,57.56999969482422,54.18000030517578,55.36000061035156,44.87797164916992,2840100
2020-03-30,55.709999084472656,57.16999816894531,54.43000030517578,56.310001373291016,46.180320739746094,2756500
2020-03-31,56.439998626708984,56.439998626708984,54.099998474121094,54.790000915527344,44.933753967285156,2190900
2020-04-01,52.27000045776367,54.220001220703125,49.79999923706055,51.27000045776367,42.046966552734375,2219800
2020-04-02,50.0099983215332,53.20000076293945,50.0099983215332,51.529998779296875,42.26020050048828,2032400
2020-04-03,50.959999084472656,51.93000030517578,48.33000183105469,49.36000061035156,40.48056411743164,3612700
2020-04-06,51.599998474121094,55.0,51.4900016784668,53.16999816894531,43.605167388916016,4539900
2020-04-07,55.0099983215332,55.58000183105469,53.29999923706055,54.029998779296875,44.31046676635742,2094900
2020-04-08,54.279998779296875,58.31999969482422,53.77000045776367,57.56999969482422,47.21364212036133,3118700
2020-04-09,58.31999969482422,61.900001525878906,58.15999984741211,60.27000045776367,49.427940368652344,3753200
2020-04-13,59.68000030517578,59.9900016784668,58.0099983215332,59.38999938964844,48.70624542236328,2521700
2020-04-14,60.63999938964844,60.91999816894531,58.400001525878906,59.86000061035156,49.09170913696289,2695700
2020-04-15,58.47999954223633,59.4900016784668,57.52000045776367,57.880001068115234,47.46788787841797,2208600
2020-04-16,58.0,60.66999816894531,58.0,59.81999969482422,49.058895111083984,3193900
2020-04-17,61.0099983215332,62.40999984741211,59.83000183105469,62.060001373291016,50.89594268798828,2434600
2020-04-20,61.29999923706055,61.75,60.0,60.0099983215332,49.2147216796875,2435300
2020-04-21,59.06999969482422,59.95000076293945,57.369998931884766,58.189998626708984,47.72212219238281,1963500
2020-04-22,59.349998474121094,59.560001373291016,58.2599983215332,58.9900016784668,48.378211975097656,2028700
2020-04-23,58.9900016784668,60.369998931884766,58.060001373291016,58.22999954223633,47.754920959472656,2220300
2020-04-24,58.650001525878906,59.38999938964844,57.369998931884766,59.25,48.591434478759766,2117800
2020-04-27,59.95000076293945,61.099998474121094,59.939998626708984,60.75,49.82159423828125,1564100
2020-04-28,61.93000030517578,63.130001068115234,61.400001525878906,62.189998626708984,51.002559661865234,2150000
2020-04-29,62.9900016784668,63.380001068115234,60.27000045776367,60.369998931884766,49.50995635986328,2683000
2020-04-30,59.810001373291016,59.81999969482422,57.66999816894531,58.709999084472656,48.14857864379883,2009600
2020-05-01,57.5,57.880001068115234,54.56999969482422,55.689998626708984,45.671844482421875,2563800
2020-05-04,56.15999984741211,56.41999816894531,55.150001525878906,56.33000183105469,46.19671630859375,2865000
2020-05-05,56.63999938964844,58.040000915527344,56.369998931884766,56.38999938964844,46.24592208862305,1685300
2020-05-06,56.599998474121094,56.599998474121094,53.790000915527344,54.040000915527344,44.318668365478516,1564700
2020-05-07,54.18000030517578,55.02000045776367,53.439998626708984,54.529998779296875,44.720523834228516,3175100
2020-05-08,55.41999816894531,57.310001373291016,55.349998474121094,57.04999923706055,46.787193298339844,1507300
2020-05-11,56.61000061035156,57.150001525878906,55.560001373291016,56.81999969482422,46.598567962646484,1710900
2020-05-12,57.119998931884766,58.13999938964844,56.18000030517578,56.40999984741211,46.262325286865234,1949600
2020-05-13,56.75,58.220001220703125,56.630001068115234,57.40999984741211,47.082427978515625,3159100
2020-05-14,56.40999984741211,57.65999984741211,55.349998474121094,57.52000045776367,47.17265701293945,2744200
2020-05-15,57.16999816894531,57.93000030517578,55.630001068115234,55.95000076293945,45.885074615478516,3172200
2020-05-18,57.58000183105469,58.0,57.029998779296875,57.18000030517578,46.8938102722168,3100800
2020-05-19,56.93000030517578,58.040000915527344,56.65999984741211,57.41999816894531,47.090633392333984,1585200
2020-05-20,57.68000030517578,58.04999923706055,55.900001525878906,56.2599983215332,46.13931655883789,3702300
2020-05-21,56.13999938964844,56.59000015258789,55.41999816894531,56.27000045776367,46.14751052856445,1564100
2020-05-22,56.27000045776367,56.63999938964844,55.83000183105469,56.43000030517578,46.27873229980469,1558300
2020-05-26,57.4900016784668,57.59000015258789,55.720001220703125,56.0099983215332,45.93428039550781,3070700
2020-05-27,57.02000045776367,57.84000015258789,56.33000183105469,57.04999923706055,46.787193298339844,3067400
2020-05-28,58.25,58.29999923706055,57.33000183105469,57.9900016784668,47.558101654052734,3512000
2020-05-29,57.75,58.540000915527344,57.15999984741211,58.11000061035156,47.656517028808594,3121400
2020-06-01,58.279998779296875,59.709999084472656,58.279998779296875,59.25,48.591434478759766,2600700
2020-06-02,59.59000015258789,60.400001525878906,59.27000045776367,59.86000061035156,49.09170913696289,1766400
2020-06-03,60.380001068115234,61.5,60.290000915527344,60.970001220703125,50.002017974853516,2583400
2020-06-04,60.810001373291016,61.06999969482422,58.720001220703125,59.060001373291016,48.43561553955078,2505500
2020-06-05,59.70000076293945,61.869998931884766,59.2599983215332,60.880001068115234,49.92820739746094,4574800
2020-06-08,61.369998931884766,64.91999816894531,61.18000030517578,64.76000213623047,53.11023712158203,4205000
2020-06-09,64.05999755859375,64.19000244140625,61.2599983215332,61.630001068115234,50.543296813964844,3871900
2020-06-10,61.59000015258789,61.970001220703125,60.2400016784668,60.34000015258789,49.485347747802734,2376900
2020-06-11,59.150001525878906,59.439998626708984,56.130001068115234,56.810001373291016,46.59037780761719,3849900
2020-06-12,58.029998779296875,58.54999923706055,56.75,57.56999969482422,47.21364212036133,3089600
2020-06-15,56.369998931884766,59.61000061035156,55.650001525878906,59.45000076293945,48.755462646484375,3667400
2020-06-16,61.09000015258789,62.099998474121094,59.869998931884766,60.52000045776367,49.632972717285156,3631700
2020-06-17,60.81999969482422,61.22999954223633,59.54999923706055,59.88999938964844,49.116302490234375,4053400
2020-06-18,59.220001220703125,60.04999923706055,57.77000045776367,58.84000015258789,48.25518798828125,4389700
2020-06-19,59.81999969482422,60.04999923706055,55.65999984741211,55.65999984741211,45.647247314453125,9421300
2020-06-22,55.7400016784668,56.7599983215332,55.40999984741211,55.790000915527344,45.75386047363281,4036300
2020-06-23,56.4900016784668,56.5,55.0099983215332,55.77000045776367,45.737457275390625,4980200
2020-06-24,55.290000915527344,55.75,54.16999816894531,54.369998931884766,44.589298248291016,3650600
2020-06-25,54.189998626708984,54.97999954223633,52.90999984741211,54.88999938964844,45.0157585144043,4458300
2020-06-26,55.20000076293945,56.220001220703125,54.279998779296875,54.81999969482422,44.95835494995117,5428700
2020-06-29,55.40999984741211,55.40999984741211,54.2599983215332,55.34000015258789,45.384803771972656,3852600
2020-06-30,55.43000030517578,56.709999084472656,54.06999969482422,54.310001373291016,44.540096282958984,4974200
2020-07-01,54.29999923706055,55.650001525878906,53.900001525878906,55.33000183105469,45.37661361694336,2391200
2020-07-02,55.5,56.290000915527344,55.279998779296875,55.540000915527344,46.080177307128906,1758100
2020-07-06,56.369998931884766,56.91999816894531,55.47999954223633,56.04999923706055,46.50331497192383,2647000
2020-07-07,55.52000045776367,55.650001525878906,54.29999923706055,54.47999954223633,45.20071792602539,2975400
2020-07-08,54.11000061035156,54.650001525878906,53.86000061035156,54.459999084472656,45.18411636352539,2004300
2020-07-09,54.130001068115234,54.33000183105469,52.560001373291016,53.93000030517578,44.74440002441406,2405800
2020-07-10,53.79999923706055,55.4900016784668,53.7599983215332,55.33000183105469,45.905948638916016,1213400
2020-07-13,56.0,56.369998931884766,55.11000061035156,55.97999954223633,46.44523239135742,2366900
2020-07-14,56.220001220703125,57.31999969482422,55.97999954223633,56.66999816894531,47.01770782470703,2884200
2020-07-15,57.33000183105469,57.59000015258789,55.060001373291016,55.279998779296875,45.86445999145508,2507100
2020-07-16,55.36000061035156,56.630001068115234,55.13999938964844,56.09000015258789,46.53649139404297,1598300
2020-07-17,56.5,56.63999938964844,55.93000030517578,56.36000061035156,46.76051712036133,1784800
2020-07-20,55.97999954223633,56.0,54.77000045776367,54.88999938964844,45.5408821105957,2044800
2020-07-21,55.15999984741211,56.349998474121094,54.93000030517578,55.95000076293945,46.42033386230469,2140700
2020-07-22,55.72999954223633,56.9900016784668,55.439998626708984,56.709999084472656,47.05089569091797,1780700
2020-07-23,56.689998626708984,57.130001068115234,56.04999923706055,56.65999984741211,47.00941467285156,1333100
2020-07-24,56.720001220703125,57.25,55.56999969482422,56.02000045776367,46.478416442871094,1654200
2020-07-27,55.7599983215332,55.93000030517578,52.900001525878906,53.15999984741211,44.10554504394531,3744300
2020-07-28,53.20000076293945,55.72999954223633,53.20000076293945,55.11000061035156,45.723411560058594,1887000
2020-07-29,54.720001220703125,55.18000030517578,53.15999984741211,53.779998779296875,44.619937896728516,2335200
2020-07-30,53.369998931884766,55.06999969482422,53.02000045776367,54.869998931884766,45.524295806884766,2131400
2020-07-31,54.470001220703125,55.72999954223633,54.470001220703125,55.66999816894531,46.18803024291992,3482100
2020-08-03,55.33000183105469,55.369998931884766,53.5,53.93000030517578,44.74440002441406,2735400
2020-08-04,53.619998931884766,55.34000015258789,53.619998931884766,54.70000076293945,45.38324737548828,1691300
2020-08-05,54.79999923706055,54.79999923706055,53.36000061035156,53.61000061035156,44.47889709472656,1620900
2020-08-06,53.58000183105469,53.959999084472656,53.150001525878906,53.869998931884766,44.69462203979492,1735300
2020-08-07,53.68000030517578,55.11000061035156,53.66999816894531,54.61000061035156,45.30857467651367,1663700
2020-08-10,54.689998626708984,55.16999816894531,54.20000076293945,54.25,45.009891510009766,1470800
2020-08-11,53.970001220703125,54.869998931884766,53.400001525878906,53.58000183105469,44.45400619506836,1558400
2020-08-12,54.0,54.68000030517578,53.20000076293945,54.529998779296875,45.24220275878906,2054300
2020-08-13,54.41999816894531,54.41999816894531,52.619998931884766,53.61000061035156,44.47889709472656,2763700
2020-08-14,53.27000045776367,53.5099983215332,52.279998779296875,52.689998626708984,43.715599060058594,2433000
2020-08-17,52.619998931884766,52.7400016784668,51.45000076293945,51.779998779296875,42.96059036254883,2376500
2020-08-18,51.83000183105469,52.029998779296875,51.099998474121094,51.4900016784668,42.719993591308594,2447300
2020-08-19,51.630001068115234,52.66999816894531,51.220001220703125,52.25,43.35054016113281,2367100
2020-08-20,51.88999938964844,52.13999938964844,50.970001220703125,51.2400016784668,42.512577056884766,2059700
2020-08-21,51.43000030517578,51.459999084472656,50.38999938964844,51.2599983215332,42.52915954589844,2423500
2020-08-24,51.36000061035156,52.369998931884766,50.93000030517578,52.34000015258789,43.42521667480469,1416300
2020-08-25,52.38999938964844,52.47999954223633,51.599998474121094,52.0,43.143131256103516,1297500
2020-08-26,51.68000030517578,51.77000045776367,50.68000030517578,51.09000015258789,42.388118743896484,1630500
2020-08-27,51.25,51.97999954223633,51.15999984741211,51.75,42.93570327758789,1691400
2020-08-28,52.119998931884766,52.279998779296875,51.59000015258789,52.16999816894531,43.28415298461914,1776400
2020-08-31,51.880001068115234,52.63999938964844,51.81999969482422,52.47999954223633,43.54136657714844,2415600
2020-09-01,52.150001525878906,52.27000045776367,51.529998779296875,51.810001373291016,42.98548889160156,1682200
2020-09-02,51.939998626708984,52.88999938964844,51.720001220703125,52.56999969482422,43.61603546142578,2443600
2020-09-03,52.900001525878906,53.58000183105469,52.380001068115234,52.959999084472656,43.939605712890625,2127100
2020-09-04,53.060001373291016,53.27000045776367,51.439998626708984,52.2599983215332,43.35883331298828,1867500
2020-09-08,52.43000030517578,52.529998779296875,51.130001068115234,51.369998931884766,42.620426177978516,2585300
2020-09-09,51.70000076293945,52.290000915527344,51.040000915527344,51.540000915527344,42.761470794677734,2527800
2020-09-10,51.41999816894531,51.56999969482422,50.5,50.5,41.89860534667969,2891900
2020-09-11,50.619998931884766,50.63999938964844,49.900001525878906,50.630001068115234,42.00646209716797,2650100
2020-09-14,50.81999969482422,51.77000045776367,50.5099983215332,51.650001525878906,42.85273742675781,1798200
2020-09-15,51.869998931884766,52.86000061035156,51.220001220703125,51.5099983215332,42.736572265625,1882400
2020-09-16,51.41999816894531,52.88999938964844,51.369998931884766,52.540000915527344,43.591148376464844,3959300
2020-09-17,52.08000183105469,52.68000030517578,51.59000015258789,52.630001068115234,43.66582489013672,2977800
2020-09-18,52.38999938964844,52.93000030517578,51.189998626708984,51.41999816894531,42.66191101074219,4879800
2020-09-21,50.7400016784668,50.849998474121094,49.150001525878906,49.70000076293945,41.234867095947266,3093600
2020-09-22,49.59000015258789,50.779998779296875,49.439998626708984,50.41999816894531,41.83223342895508,3085800
2020-09-23,50.470001220703125,50.61000061035156,48.470001220703125,49.29999923706055,40.90299606323242,2637400
2020-09-24,49.400001525878906,51.09000015258789,48.939998626708984,50.84000015258789,42.180702209472656,3134900
2020-09-25,50.310001373291016,51.72999954223633,50.20000076293945,51.650001525878906,42.85273742675781,2489000
2020-09-28,52.0099983215332,52.63999938964844,51.470001220703125,51.88999938964844,43.05186080932617,2674800
2020-09-29,51.41999816894531,51.70000076293945,50.93000030517578,51.02000045776367,42.856971740722656,1335100
2020-09-30,51.439998626708984,51.630001068115234,50.52000045776367,50.84000015258789,42.705780029296875,2426000
2020-10-01,50.79999923706055,51.13999938964844,50.2599983215332,50.439998626708984,42.369781494140625,2263000
2020-10-02,50.13999938964844,51.54999923706055,50.0,51.5,43.26017761230469,2784300
2020-10-05,51.7599983215332,52.86000061035156,51.59000015258789,52.61000061035156,44.19259262084961,2888800
2020-10-06,52.70000076293945,55.119998931884766,52.310001373291016,53.86000061035156,45.24258804321289,2597000
2020-10-07,54.11000061035156,55.16999816894531,54.06999969482422,54.939998626708984,46.149784088134766,1899400
2020-10-08,54.97999954223633,56.130001068115234,54.95000076293945,56.099998474121094,47.12419509887695,2571700
2020-10-09,56.599998474121094,56.72999954223633,55.779998779296875,56.09000015258789,47.11579513549805,1666400
2020-10-12,56.15999984741211,56.59000015258789,55.65999984741211,56.27000045776367,47.266998291015625,1426200
2020-10-13,55.70000076293945,56.43000030517578,55.529998779296875,56.279998779296875,47.275390625,1372400
2020-10-14,56.34000015258789,56.84000015258789,55.650001525878906,56.2400016784668,47.241798400878906,1093700
2020-10-15,55.61000061035156,57.45000076293945,55.529998779296875,56.810001373291016,47.72060012817383,1283500
2020-10-16,56.81999969482422,58.54999923706055,56.619998931884766,58.11000061035156,48.812599182128906,2308500
2020-10-19,57.959999084472656,58.349998474121094,57.45000076293945,58.2599983215332,48.93860626220703,1503700
2020-10-20,58.86000061035156,59.9900016784668,58.5099983215332,59.75,50.190208435058594,2137800
2020-10-21,59.5,59.790000915527344,58.939998626708984,59.04999923706055,49.602203369140625,2203200
2020-10-22,59.029998779296875,60.08000183105469,58.59000015258789,59.88999938964844,50.307804107666016,1473200
2020-10-23,60.41999816894531,60.86000061035156,60.029998779296875,60.4900016784668,50.81181716918945,1849400
2020-10-26,59.97999954223633,60.11000061035156,56.18000030517578,58.189998626708984,48.87980270385742,3642000
2020-10-27,57.9900016784668,58.54999923706055,57.31999969482422,57.810001373291016,48.560604095458984,2066100
2020-10-28,58.0,59.09000015258789,56.540000915527344,56.560001373291016,47.510589599609375,2402900
2020-10-29,56.119998931884766,56.779998779296875,55.060001373291016,56.06999969482422,47.09899139404297,2426300
2020-10-30,55.849998474121094,56.54999923706055,54.83000183105469,56.040000915527344,47.073787689208984,1654700
2020-11-02,56.400001525878906,57.59000015258789,56.0,57.54999923706055,48.34220504760742,1271200
2020-11-03,58.13999938964844,59.25,58.09000015258789,58.40999984741211,49.064605712890625,1440500
2020-11-04,57.93000030517578,59.41999816894531,57.38999938964844,57.43000030517578,48.24140167236328,1399200
2020-11-05,58.11000061035156,59.709999084472656,57.9900016784668,59.380001068115234,49.8794059753418,1610400
2020-11-06,59.209999084472656,59.70000076293945,58.0099983215332,58.31999969482422,48.9890022277832,1476100
2020-11-09,61.93000030517578,63.22999954223633,58.91999816894531,60.7599983215332,51.038604736328125,2624900
2020-11-10,61.13999938964844,63.22999954223633,60.86000061035156,62.720001220703125,52.685020446777344,3126700
2020-11-11,63.119998931884766,63.709999084472656,62.7400016784668,62.900001525878906,52.83622360229492,1304300
2020-11-12,62.47999954223633,63.369998931884766,61.77000045776367,62.790000915527344,52.74382400512695,1977800
2020-11-13,63.0,64.75,62.90999984741211,64.05999755859375,53.81061935424805,1457400
2020-11-16,64.98999786376953,65.4000015258789,64.0199966430664,65.16999816894531,54.743019104003906,1862600
2020-11-17,64.7699966430664,66.55000305175781,64.63999938964844,65.5999984741211,55.10423278808594,1468700
2020-11-18,66.01000213623047,66.68000030517578,64.45999908447266,64.54000091552734,54.21382522583008,1624000
2020-11-19,64.1500015258789,64.5,63.09000015258789,63.619998931884766,53.44102096557617,2676400
2020-11-20,63.709999084472656,64.16000366210938,63.0,63.380001068115234,53.23942184448242,2987000
2020-11-23,63.560001373291016,64.37999725341797,63.150001525878906,64.1500015258789,53.88622283935547,2692600
2020-11-24,64.98999786376953,65.73999786376953,64.61000061035156,65.44999694824219,54.97822189331055,1737300
2020-11-25,64.91999816894531,65.05000305175781,63.13999938964844,63.709999084472656,53.51661682128906,2866700
2020-11-27,63.66999816894531,63.88999938964844,62.5099983215332,62.790000915527344,52.74382400512695,968300
2020-11-30,62.380001068115234,62.43000030517578,60.88999938964844,61.36000061035156,51.54262161254883,2684400
2020-12-01,61.880001068115234,63.099998474121094,61.84000015258789,62.09000015258789,52.15581512451172,1514500
2020-12-02,62.040000915527344,62.209999084472656,61.06999969482422,62.189998626708984,52.23981857299805,1740000
2020-12-03,62.04999923706055,62.7599983215332,61.400001525878906,61.540000915527344,51.69382095336914,1917500
2020-12-04,61.7599983215332,62.150001525878906,61.150001525878906,61.83000183105469,51.93741226196289,1172900
2020-12-07,61.29999923706055,62.189998626708984,61.130001068115234,61.939998626708984,52.029815673828125,1449000
2020-12-08,61.43000030517578,62.20000076293945,61.34000015258789,61.88999938964844,51.987815856933594,1467100
2020-12-09,62.09000015258789,63.0099983215332,62.08000183105469,62.90999984741211,52.8446159362793,1434900
2020-12-10,63.0,63.0099983215332,62.220001220703125,62.880001068115234,52.819419860839844,1400100
2020-12-11,62.88999938964844,63.41999816894531,62.619998931884766,62.79999923706055,52.7522087097168,1640600
2020-12-14,63.0,63.29999923706055,62.18000030517578,62.2599983215332,52.29861831665039,1413600
2020-12-15,62.4900016784668,63.779998779296875,62.369998931884766,63.7599983215332,53.55862045288086,1860800
2020-12-16,63.65999984741211,63.83000183105469,62.560001373291016,62.70000076293945,52.66822052001953,1512700
2020-12-17,62.86000061035156,63.33000183105469,62.72999954223633,62.900001525878906,52.83622360229492,1424700
2020-12-18,62.90999984741211,63.470001220703125,62.0099983215332,62.540000915527344,52.5338249206543,3717900
2020-12-21,61.72999954223633,62.25,60.45000076293945,61.880001068115234,51.97942352294922,2180700
2020-12-22,61.81999969482422,61.81999969482422,60.970001220703125,61.31999969482422,51.50900650024414,1043400
2020-12-23,61.66999816894531,62.119998931884766,61.290000915527344,61.29999923706055,51.492210388183594,1526400
2020-12-24,61.72999954223633,62.22999954223633,61.02000045776367,62.189998626708984,52.23981857299805,382300
2020-12-28,62.29999923706055,63.16999816894531,62.15999984741211,62.45000076293945,52.458213806152344,805000
2020-12-29,62.68000030517578,63.02000045776367,61.959999084472656,62.18000030517578,52.23142623901367,847600
2020-12-30,61.560001373291016,62.13999938964844,61.459999084472656,61.630001068115234,52.32735824584961,911300
2020-12-31,61.79999923706055,62.88999938964844,61.459999084472656,62.81999969482422,53.337738037109375,943900
2021-01-04,62.7599983215332,62.939998626708984,60.04999923706055,60.4900016784668,51.359439849853516,1628200
2021-01-05,60.66999816894531,60.939998626708984,59.90999984741211,60.810001373291016,51.63113784790039,1216000
2021-01-06,61.83000183105469,63.06999969482422,61.099998474121094,62.619998931884766,53.16792678833008,1745200
2021-01-07,62.810001373291016,62.880001068115234,61.5099983215332,62.04999923706055,52.683963775634766,1556600
2021-01-08,62.189998626708984,62.43000030517578,61.709999084472656,62.29999923706055,52.8962287902832,1430500
2021-01-11,62.18000030517578,62.36000061035156,61.15999984741211,61.66999816894531,52.361324310302734,971200
2021-01-12,61.58000183105469,63.5,61.58000183105469,62.5099983215332,53.07453155517578,2531900
2021-01-13,62.470001220703125,63.59000015258789,62.25,63.20000076293945,53.66038513183594,997700
2021-01-14,63.29999923706055,63.38999938964844,61.56999969482422,61.630001068115234,52.32735824584961,1374000
2021-01-15,61.31999969482422,62.0,60.20000076293945,61.869998931884766,52.531131744384766,1580900
2021-01-19,62.04999923706055,62.29999923706055,60.779998779296875,60.869998931884766,51.68206787109375,1877600
2021-01-20,60.209999084472656,60.52000045776367,59.75,60.220001220703125,51.130191802978516,1801600
2021-01-21,59.869998931884766,60.40999984741211,59.279998779296875,59.33000183105469,50.37453079223633,1378200
2021-01-22,59.0,59.529998779296875,58.529998779296875,59.29999923706055,50.349056243896484,1911400
2021-01-25,59.06999969482422,60.029998779296875,58.970001220703125,59.400001525878906,50.43396759033203,1672000
2021-01-26,59.5,59.83000183105469,58.810001373291016,59.099998474121094,50.17924880981445,2076400
2021-01-27,58.56999969482422,59.040000915527344,56.93000030517578,57.0,48.39622116088867,2810600
2021-01-28,57.34000015258789,59.959999084472656,57.25,58.88999938964844,50.00094985961914,1857900
2021-01-29,58.459999084472656,58.88999938964844,57.68000030517578,58.15999984741211,49.38113021850586,1707900
2021-02-01,58.11000061035156,58.4900016784668,57.54999923706055,58.0099983215332,49.253780364990234,1077900
2021-02-02,58.04999923706055,59.65999984741211,57.83000183105469,59.16999816894531,50.238685607910156,1548700
2021-02-03,58.880001068115234,59.459999084472656,58.810001373291016,58.93000030517578,50.03490447998047,2442900
2021-02-04,59.029998779296875,59.380001068115234,58.56999969482422,58.88999938964844,50.00094985961914,2327200
2021-02-05,59.36000061035156,59.36000061035156,58.470001220703125,58.650001525878906,49.79717254638672,2124800
2021-02-08,58.54999923706055,58.560001373291016,57.380001068115234,57.72999954223633,49.01603698730469,1495300
2021-02-09,57.7599983215332,57.939998626708984,56.72999954223633,57.779998779296875,49.058494567871094,2186600
2021-02-10,58.130001068115234,58.97999954223633,57.91999816894531,58.529998779296875,49.69528579711914,2089600
2021-02-11,58.529998779296875,58.709999084472656,58.2599983215332,58.34000015258789,49.53396224975586,886900
2021-02-12,58.150001525878906,58.470001220703125,57.34000015258789,57.90999984741211,49.16886901855469,1207500
2021-02-16,57.970001220703125,58.43000030517578,56.959999084472656,56.97999954223633,48.379241943359375,2538200
2021-02-17,57.11000061035156,57.11000061035156,56.099998474121094,56.4900016784668,47.96320724487305,2151300
2021-02-18,56.150001525878906,56.279998779296875,55.630001068115234,55.689998626708984,47.283958435058594,3642900
2021-02-19,55.75,56.15999984741211,55.20000076293945,55.220001220703125,46.884910583496094,3288800
2021-02-22,55.15999984741211,55.59000015258789,54.61000061035156,55.349998474121094,46.99528503417969,2583400
2021-02-23,55.97999954223633,56.63999938964844,55.380001068115234,55.91999816894531,47.479248046875,2760000
2021-02-24,55.689998626708984,56.790000915527344,55.290000915527344,56.470001220703125,47.94623947143555,1884000
2021-02-25,56.310001373291016,56.7599983215332,55.38999938964844,55.65999984741211,47.25849151611328,2221800
2021-02-26,55.470001220703125,56.130001068115234,53.91999816894531,53.9900016784668,45.84056091308594,2913700
2021-03-01,54.599998474121094,56.04999923706055,54.529998779296875,54.90999984741211,46.6217041015625,1650900
2021-03-02,54.86000061035156,55.439998626708984,54.2599983215332,54.900001525878906,46.61320495605469,1672700
2021-03-03,54.72999954223633,56.20000076293945,54.380001068115234,55.79999923706055,47.377357482910156,3506900
2021-03-04,56.25,57.52000045776367,55.709999084472656,57.02000045776367,48.413211822509766,3795400
2021-03-05,57.369998931884766,58.38999938964844,57.040000915527344,57.70000076293945,48.990570068359375,2615200
2021-03-08,57.90999984741211,58.31999969482422,57.36000061035156,57.38999938964844,48.72736358642578,2926600
2021-03-09,57.40999984741211,57.810001373291016,56.84000015258789,57.459999084472656,48.78679275512695,6319000
2021-03-10,57.70000076293945,58.2599983215332,57.11000061035156,58.220001220703125,49.43207550048828,2590100
2021-03-11,57.7400016784668,58.880001068115234,57.369998931884766,57.5099983215332,48.829246520996094,1442700
2021-03-12,57.869998931884766,58.380001068115234,57.70000076293945,58.220001220703125,49.43207550048828,1586900
2021-03-15,58.470001220703125,59.91999816894531,58.470001220703125,59.56999969482422,50.57830047607422,1305800
2021-03-16,59.099998474121094,59.619998931884766,59.06999969482422,59.560001373291016,50.56980895996094,1159500
2021-03-17,59.7400016784668,60.22999954223633,59.459999084472656,59.540000915527344,50.552833557128906,1494800
2021-03-18,59.540000915527344,59.7400016784668,58.54999923706055,58.560001373291016,49.72075653076172,1928300
2021-03-19,58.66999816894531,60.279998779296875,58.52000045776367,59.470001220703125,50.49339294433594,6412500
2021-03-22,58.90999984741211,59.27000045776367,58.4900016784668,59.18000030517578,50.24717330932617,2134900
2021-03-23,59.099998474121094,59.779998779296875,58.7400016784668,59.04999923706055,50.13679504394531,2426400
2021-03-24,58.70000076293945,60.349998474121094,58.70000076293945,59.93000030517578,50.88396453857422,1918000
2021-03-25,60.13999938964844,60.41999816894531,59.56999969482422,60.31999969482422,51.21509552001953,2529300
2021-03-26,60.4900016784668,60.72999954223633,59.86000061035156,60.68000030517578,51.520751953125,961300
2021-03-29,60.36000061035156,60.97999954223633,60.029998779296875,60.41999816894531,51.30000686645508,1663700
2021-03-30,59.59000015258789,59.61000061035156,59.02000045776367,59.439998626708984,51.02787399291992,1664500
2021-03-31,59.58000183105469,59.68000030517578,58.52000045776367,58.599998474121094,50.30674743652344,3008900
2021-04-01,58.5,58.77000045776367,57.959999084472656,58.290000915527344,50.04061508178711,3226000
2021-04-05,58.83000183105469,60.709999084472656,58.65999984741211,59.810001373291016,51.34550476074219,1592400
2021-04-06,59.529998779296875,60.22999954223633,59.27000045776367,60.220001220703125,51.697479248046875,1604800
2021-04-07,60.25,60.63999938964844,59.54999923706055,59.959999084472656,51.474273681640625,1340500
2021-04-08,60.0099983215332,60.400001525878906,59.81999969482422,60.33000183105469,51.791908264160156,1617000
2021-04-09,60.33000183105469,60.459999084472656,59.52000045776367,59.709999084472656,51.2596549987793,1591300
2021-04-12,59.709999084472656,60.150001525878906,59.540000915527344,59.84000015258789,51.37125778198242,1580500
2021-04-13,59.34000015258789,60.63999938964844,59.290000915527344,60.369998931884766,51.82625198364258,1244900
2021-04-14,60.16999816894531,61.060001373291016,60.16999816894531,61.04999923706055,52.41001892089844,1446300
2021-04-15,60.88999938964844,61.439998626708984,60.599998474121094,61.439998626708984,52.74481964111328,1329200
2021-04-16,61.72999954223633,61.75,61.18000030517578,61.36000061035156,52.676143646240234,1425100
2021-04-19,61.529998779296875,61.66999816894531,60.810001373291016,61.119998931884766,52.47011184692383,961700
2021-04-20,60.970001220703125,61.72999954223633,60.970001220703125,61.52000045776367,52.81349182128906,1522700
2021-04-21,61.41999816894531,61.75,60.86000061035156,61.150001525878906,52.49586486816406,1872500
2021-04-22,61.150001525878906,61.25,59.470001220703125,59.47999954223633,51.06220626831055,1611900
2021-04-23,59.63999938964844,59.7599983215332,58.93000030517578,59.189998626708984,50.81324005126953,1557800
2021-04-26,59.15999984741211,59.189998626708984,58.63999938964844,58.869998931884766,50.538536071777344,1504400
2021-04-27,58.720001220703125,58.88999938964844,58.47999954223633,58.5,50.22090148925781,1440600
2021-04-28,58.599998474121094,58.79999923706055,57.619998931884766,58.400001525878906,50.13505554199219,2250000
2021-04-29,58.540000915527344,59.380001068115234,58.369998931884766,58.86000061035156,50.529945373535156,1338700
2021-04-30,59.040000915527344,59.45000076293945,58.689998626708984,59.45000076293945,51.03645706176758,2061700
2021-05-03,59.61000061035156,60.31999969482422,59.34000015258789,59.380001068115234,50.97636413574219,2380600
2021-05-04,59.619998931884766,59.779998779296875,58.68000030517578,59.61000061035156,51.173805236816406,1710600
2021-05-05,59.369998931884766,59.45000076293945,57.63999938964844,58.2400016784668,49.99769592285156,1560800
2021-05-06,58.439998626708984,58.9900016784668,57.959999084472656,58.90999984741211,50.572879791259766,1978200
2021-05-07,58.66999816894531,59.63999938964844,58.540000915527344,58.58000183105469,50.289581298828125,1839200
2021-05-10,59.0,59.72999954223633,58.83000183105469,58.9900016784668,50.64155960083008,1889200
2021-05-11,58.93000030517578,59.119998931884766,58.029998779296875,58.630001068115234,50.33250427246094,1662900
2021-05-12,58.869998931884766,58.900001525878906,56.810001373291016,56.810001373291016,48.770076751708984,1889800
2021-05-13,56.79999923706055,58.61000061035156,56.65999984741211,58.31999969482422,50.06636428833008,1527400
2021-05-14,58.41999816894531,58.97999954223633,58.22999954223633,58.38999938964844,50.126461029052734,1401800
2021-05-17,58.349998474121094,58.529998779296875,57.709999084472656,57.77000045776367,49.594215393066406,1088700
2021-05-18,57.40999984741211,57.779998779296875,56.970001220703125,57.560001373291016,49.41393280029297,2548600
2021-05-19,57.36000061035156,57.709999084472656,56.88999938964844,57.63999938964844,49.48260498046875,1521100
2021-05-20,57.599998474121094,58.06999969482422,57.540000915527344,57.68000030517578,49.516944885253906,1221000
2021-05-21,57.790000915527344,58.290000915527344,57.56999969482422,58.16999816894531,49.93759536743164,1540800
2021-05-24,58.470001220703125,58.619998931884766,57.88999938964844,58.369998931884766,50.109291076660156,1156100
2021-05-25,58.290000915527344,58.439998626708984,55.689998626708984,55.75,47.86009216308594,2901200
2021-05-26,55.93000030517578,56.619998931884766,55.61000061035156,56.119998931884766,48.1777229309082,2567600
2021-05-27,56.349998474121094,56.43000030517578,55.34000015258789,55.41999816894531,47.57678985595703,3934500
2021-05-28,55.86000061035156,56.029998779296875,55.5,55.869998931884766,47.963104248046875,1344200
2021-06-01,56.04999923706055,56.349998474121094,55.220001220703125,55.619998931884766,47.74848556518555,2158000
2021-06-02,55.63999938964844,56.279998779296875,55.34000015258789,56.09000015258789,48.1519660949707,1963600
2021-06-03,56.0,56.5,55.75,56.22999954223633,48.27215576171875,1554100
2021-06-04,56.34000015258789,56.56999969482422,56.27000045776367,56.470001220703125,48.47819900512695,1366900
2021-06-07,56.709999084472656,56.81999969482422,56.20000076293945,56.209999084472656,48.2549934387207,1601500
2021-06-08,56.220001220703125,56.95000076293945,55.79999923706055,56.790000915527344,48.752899169921875,1928300
2021-06-09,56.900001525878906,57.13999938964844,56.790000915527344,56.88999938964844,48.83875274658203,1766100
2021-06-10,56.97999954223633,57.63999938964844,56.81999969482422,57.4900016784668,49.35383605957031,2112200
2021-06-11,57.540000915527344,58.09000015258789,57.36000061035156,57.970001220703125,49.765907287597656,1757500
2021-06-14,58.43000030517578,58.95000076293945,58.18000030517578,58.68000030517578,50.37542724609375,2670300
2021-06-15,58.7400016784668,59.11000061035156,58.380001068115234,58.59000015258789,50.298160552978516,2678500
2021-06-16,58.939998626708984,59.209999084472656,57.779998779296875,57.779998779296875,49.60279846191406,1766100
2021-06-17,57.72999954223633,58.0,56.959999084472656,56.97999954223633,48.916011810302734,1666100
2021-06-18,56.45000076293945,57.22999954223633,55.56999969482422,55.58000183105469,47.714141845703125,3978400
2021-06-21,56.029998779296875,56.290000915527344,55.41999816894531,56.099998474121094,48.160552978515625,2345500
2021-06-22,55.93000030517578,56.310001373291016,55.619998931884766,55.65999984741211,47.78282928466797,1983200
2021-06-23,55.470001220703125,55.689998626708984,54.68000030517578,55.0099983215332,47.22481155395508,1453700
2021-06-24,55.0,55.41999816894531,54.790000915527344,55.279998779296875,47.456607818603516,1629400
2021-06-25,55.209999084472656,57.0099983215332,55.16999816894531,57.0,48.93317794799805,3778200
2021-06-28,57.02000045776367,57.709999084472656,56.529998779296875,57.630001068115234,49.474021911621094,2359000
2021-06-29,57.650001525878906,58.33000183105469,57.279998779296875,57.41999816894531,49.29374313354492,2510100
2021-06-30,57.5,58.08000183105469,57.45000076293945,57.81999969482422,49.63713836669922,1985500
2021-07-01,57.43000030517578,58.029998779296875,57.06999969482422,57.90999984741211,49.714393615722656,2702400
2021-07-02,57.34000015258789,57.369998931884766,56.689998626708984,57.04999923706055,49.543312072753906,1560200
2021-07-06,57.04999923706055,57.40999984741211,56.619998931884766,57.369998931884766,49.82120895385742,1929700
2021-07-07,57.36000061035156,57.68000030517578,56.939998626708984,57.650001525878906,50.06437301635742,1456800
2021-07-08,57.5,57.709999084472656,57.20000076293945,57.52000045776367,49.951480865478516,2035800
2021-07-09,57.91999816894531,58.36000061035156,57.63999938964844,58.279998779296875,50.611473083496094,1487900
2021-07-12,58.130001068115234,58.29999923706055,57.77000045776367,58.20000076293945,50.54200744628906,1441200
2021-07-13,57.810001373291016,57.869998931884766,56.91999816894531,57.310001373291016,49.76911544799805,2824100
2021-07-14,57.189998626708984,57.47999954223633,56.529998779296875,57.2400016784668,49.708316802978516,2515200
2021-07-15,57.0099983215332,57.709999084472656,56.77000045776367,57.65999984741211,50.07305145263672,1873400
2021-07-16,57.88999938964844,58.65999984741211,57.7599983215332,57.9900016784668,50.3596305847168,1970400
2021-07-19,57.68000030517578,57.75,55.36000061035156,56.189998626708984,48.796478271484375,2757400
2021-07-20,56.15999984741211,57.22999954223633,56.13999938964844,56.849998474121094,49.36963653564453,2024300
2021-07-21,57.060001373291016,57.54999923706055,56.16999816894531,56.20000076293945,48.8051643371582,1523300
2021-07-22,56.08000183105469,56.279998779296875,55.68000030517578,55.900001525878906,48.54463195800781,1353300
2021-07-23,55.900001525878906,56.349998474121094,55.59000015258789,56.22999954223633,48.831214904785156,1925300
2021-07-26,56.16999816894531,56.540000915527344,54.849998474121094,55.4900016784668,48.1885871887207,3255100
2021-07-27,55.2599983215332,57.20000076293945,55.0,57.150001525878906,49.63016891479492,2864800
2021-07-28,57.0099983215332,57.54999923706055,56.349998474121094,56.81999969482422,49.34358215332031,1384900
2021-07-29,57.150001525878906,57.540000915527344,56.619998931884766,57.220001220703125,49.69095230102539,1581900
2021-07-30,56.939998626708984,57.25,54.13999938964844,54.5,47.3288459777832,4615600
2021-08-02,54.689998626708984,56.0,54.689998626708984,55.099998474121094,47.84990310668945,1737200
2021-08-03,55.150001525878906,55.52000045776367,54.58000183105469,55.38999938964844,48.10173416137695,1922300
2021-08-04,55.0,55.130001068115234,54.27000045776367,54.86000061035156,47.6414794921875,1565200
2021-08-05,54.83000183105469,55.540000915527344,54.66999816894531,55.22999954223633,47.96279525756836,1475600
2021-08-06,55.459999084472656,55.459999084472656,55.0,55.06999969482422,47.8238525390625,1451000
2021-08-09,55.150001525878906,55.59000015258789,55.06999969482422,55.439998626708984,48.14515686035156,1291600
2021-08-10,55.43000030517578,56.27000045776367,55.18000030517578,55.880001068115234,48.52727127075195,1366000
2021-08-11,55.9900016784668,57.20000076293945,55.83000183105469,57.13999938964844,49.62147521972656,1736400
2021-08-12,57.099998474121094,57.34000015258789,56.7400016784668,57.029998779296875,49.525943756103516,1181600
2021-08-13,57.29999923706055,57.29999923706055,56.81999969482422,57.0,49.49989318847656,1531900
2021-08-16,57.13999938964844,57.97999954223633,56.83000183105469,57.279998779296875,49.7430534362793,1270400
2021-08-17,57.0099983215332,57.599998474121094,56.86000061035156,57.59000015258789,50.012264251708984,1330800
2021-08-18,57.70000076293945,58.65999984741211,57.38999938964844,58.56999969482422,50.86331558227539,2052500
2021-08-19,58.58000183105469,59.33000183105469,57.939998626708984,58.20000076293945,50.54200744628906,2674900
2021-08-20,58.08000183105469,59.630001068115234,57.720001220703125,59.529998779296875,51.696998596191406,1490400
2021-08-23,59.66999816894531,59.779998779296875,58.939998626708984,59.15999984741211,51.37569046020508,1815300
2021-08-24,59.349998474121094,59.349998474121094,58.59000015258789,58.95000076293945,51.19331741333008,1403600
2021-08-25,58.86000061035156,59.029998779296875,58.22999954223633,58.380001068115234,50.69831466674805,1359000
2021-08-26,58.369998931884766,58.369998931884766,57.439998626708984,57.65999984741211,50.07305145263672,2131800
2021-08-27,57.65999984741211,57.959999084472656,57.27000045776367,57.529998779296875,49.96015548706055,1616900
2021-08-30,57.529998779296875,57.7400016784668,57.20000076293945,57.529998779296875,49.96015548706055,1577100
2021-08-31,57.5099983215332,57.97999954223633,57.279998779296875,57.84000015258789,50.229366302490234,2297500
2021-09-01,58.130001068115234,58.63999938964844,57.720001220703125,58.2400016784668,50.57673645019531,1324900
2021-09-02,58.4900016784668,59.13999938964844,58.27000045776367,59.130001068115234,51.34962844848633,1040100
2021-09-03,59.0099983215332,59.119998931884766,58.459999084472656,58.650001525878906,50.93279266357422,924500
2021-09-07,58.56999969482422,58.959999084472656,57.970001220703125,58.630001068115234,50.91542434692383,1443000
2021-09-08,58.66999816894531,59.689998626708984,58.38999938964844,59.09000015258789,51.31489181518555,1420300
2021-09-09,58.54999923706055,58.849998474121094,58.4900016784668,58.65999984741211,50.94147872924805,1570800
2021-09-10,58.599998474121094,58.72999954223633,58.040000915527344,58.130001068115234,50.48120880126953,2069600
2021-09-13,58.65999984741211,59.58000183105469,58.54999923706055,59.060001373291016,51.28884506225586,1336800
2021-09-14,59.20000076293945,59.2599983215332,58.25,58.47999954223633,50.785160064697266,1434800
2021-09-15,58.400001525878906,59.31999969482422,58.20000076293945,59.040000915527344,51.2714729309082,1265900
2021-09-16,58.90999984741211,59.0099983215332,57.5,57.540000915527344,49.968841552734375,1623100
2021-09-17,57.400001525878906,58.52000045776367,57.400001525878906,57.75,50.151206970214844,3476300
2021-09-20,57.06999969482422,58.189998626708984,57.02000045776367,57.59000015258789,50.012264251708984,2009200
2021-09-21,57.66999816894531,58.22999954223633,57.619998931884766,57.720001220703125,50.12515640258789,1217800
2021-09-22,58.18000030517578,58.810001373291016,57.81999969482422,58.349998474121094,50.67226028442383,1570100
2021-09-23,58.56999969482422,58.88999938964844,57.599998474121094,57.61000061035156,50.029640197753906,1534100
2021-09-24,57.65999984741211,57.900001525878906,57.38999938964844,57.56999969482422,49.99489212036133,1267600
2021-09-27,57.7599983215332,58.65999984741211,57.54999923706055,57.70000076293945,50.10779571533203,2018100
2021-09-28,57.83000183105469,58.040000915527344,56.849998474121094,57.119998931884766,49.60410690307617,2042100
2021-09-29,56.459999084472656,57.0099983215332,56.22999954223633,56.43000030517578,49.58039093017578,1808600
2021-09-30,56.369998931884766,56.540000915527344,55.43000030517578,55.470001220703125,48.73691940307617,2145600
2021-10-01,55.95000076293945,55.95000076293945,54.97999954223633,55.040000915527344,48.35910415649414,1721500
2021-10-04,55.040000915527344,56.380001068115234,55.040000915527344,56.22999954223633,49.404659271240234,1645300
2021-10-05,56.2599983215332,56.59000015258789,55.58000183105469,55.68000030517578,48.921424865722656,1194300
2021-10-06,55.34000015258789,56.63999938964844,55.099998474121094,56.61000061035156,49.73854064941406,1197500
2021-10-07,56.599998474121094,58.0,56.43000030517578,57.119998931884766,50.18663024902344,2180000
2021-10-08,57.13999938964844,57.5,56.959999084472656,57.13999938964844,50.20420837402344,1320600
2021-10-11,57.119998931884766,57.25,55.95000076293945,56.09000015258789,49.281654357910156,1732800
2021-10-12,55.959999084472656,56.209999084472656,55.36000061035156,55.529998779296875,48.78963088989258,1860100
2021-10-13,55.68000030517578,56.599998474121094,55.38999938964844,56.41999816894531,49.571598052978516,1389800
2021-10-14,56.61000061035156,56.720001220703125,56.310001373291016,56.599998474121094,49.7297477722168,1607000
2021-10-15,56.75,57.59000015258789,56.75,57.349998474121094,50.38871383666992,2347700
2021-10-18,56.880001068115234,57.54999923706055,56.599998474121094,57.15999984741211,50.22177505493164,1612500
2021-10-19,57.59000015258789,57.939998626708984,57.16999816894531,57.52000045776367,50.53807830810547,1587600
2021-10-20,57.7599983215332,58.9900016784668,57.709999084472656,58.95000076293945,51.79450988769531,1494100
2021-10-21,58.77000045776367,59.34000015258789,58.650001525878906,59.29999923706055,52.10201644897461,1328500
2021-10-22,59.400001525878906,60.4900016784668,59.29999923706055,60.45000076293945,53.1124267578125,1428200
2021-10-25,60.47999954223633,61.369998931884766,60.2400016784668,61.099998474121094,53.68352508544922,1851400
2021-10-26,61.18000030517578,61.88999938964844,60.93000030517578,61.470001220703125,54.008628845214844,1574800
2021-10-27,61.70000076293945,62.279998779296875,61.58000183105469,62.209999084472656,54.65878677368164,1706300
2021-10-28,62.2400016784668,62.84000015258789,62.099998474121094,62.79999923706055,55.17716979980469,1743400
2021-10-29,62.599998474121094,63.04999923706055,62.47999954223633,62.93000030517578,55.29140090942383,3686200
2021-11-01,62.959999084472656,63.380001068115234,62.72999954223633,63.29999923706055,55.61648941040039,1748700
2021-11-02,63.41999816894531,63.650001525878906,62.59000015258789,63.540000915527344,55.82735824584961,3139900
2021-11-03,61.810001373291016,62.810001373291016,61.150001525878906,62.79999923706055,55.17716979980469,4351000
2021-11-04,62.439998626708984,63.119998931884766,62.029998779296875,63.040000915527344,55.3880500793457,3716300
2021-11-05,63.459999084472656,64.19999694824219,63.150001525878906,64.05000305175781,56.275455474853516,3085500
2021-11-08,64.02999877929688,64.16999816894531,63.150001525878906,64.06999969482422,56.29302215576172,3263100
2021-11-09,64.26000213623047,65.13999938964844,63.810001373291016,64.5999984741211,56.75869369506836,4093400
2021-11-10,64.69999694824219,65.61000061035156,64.44000244140625,65.45999908447266,57.5142936706543,2860300
2021-11-11,65.20999908447266,65.54000091552734,64.5999984741211,65.22000122070312,57.30343246459961,2435900
2021-11-12,65.12999725341797,65.31999969482422,64.13999938964844,64.23999786376953,56.442386627197266,1114100
2021-11-15,64.69999694824219,65.29000091552734,64.4000015258789,64.58000183105469,56.741119384765625,1928300
2021-11-16,64.5999984741211,64.5999984741211,63.72999954223633,63.77000045776367,56.029441833496094,1608000
2021-11-17,63.52000045776367,64.55999755859375,63.189998626708984,64.45999908447266,56.635684967041016,1964300
2021-11-18,64.48999786376953,64.69999694824219,63.86000061035156,64.5999984741211,56.75869369506836,2190400
2021-11-19,64.66000366210938,65.41000366210938,64.16000366210938,64.9000015258789,57.022281646728516,1923300
2021-11-22,64.66000366210938,65.54000091552734,64.58999633789062,64.88999938964844,57.013492584228516,1858600
2021-11-23,64.98999786376953,65.72000122070312,64.91000366210938,65.5199966430664,57.567012786865234,2179300
2021-11-24,65.75,66.20999908447266,65.2699966430664,66.1500015258789,58.120548248291016,1746900
2021-11-26,65.30999755859375,65.6500015258789,64.61000061035156,64.94000244140625,57.05742263793945,965400
2021-11-29,65.33000183105469,66.23999786376953,64.94000244140625,66.06999969482422,58.05025863647461,2051000
2021-11-30,65.66999816894531,65.7699966430664,64.95999908447266,65.27999877929688,57.35615158081055,4362100
2021-12-01,65.87000274658203,66.41999816894531,65.25,65.62000274658203,57.654884338378906,2952400
2021-12-02,65.68000030517578,66.44000244140625,65.36000061035156,65.48999786376953,57.54065704345703,2975200
2021-12-03,66.0,66.66999816894531,65.44000244140625,66.61000061035156,58.52471160888672,2423100
2021-12-06,67.55999755859375,68.36000061035156,67.43000030517578,68.18000030517578,59.904151916503906,2467800
2021-12-07,68.04000091552734,68.37000274658203,67.18000030517578,67.26000213623047,59.09581756591797,2382300
2021-12-08,67.27999877929688,67.55999755859375,66.83000183105469,66.87000274658203,58.75315856933594,1958100
2021-12-09,66.6500015258789,67.19000244140625,66.12000274658203,66.51000213623047,58.43686294555664,2022600
2021-12-10,67.02999877929688,67.55000305175781,66.6500015258789,67.05999755859375,58.92008590698242,1484500
2021-12-13,66.77999877929688,67.22000122070312,66.4000015258789,66.87999725341797,58.76193618774414,1911500
2021-12-14,66.95999908447266,67.37999725341797,66.20999908447266,66.3499984741211,58.2962646484375,1737500
2021-12-15,66.52999877929688,67.3499984741211,66.41000366210938,67.30000305175781,59.13096618652344,2030600
2021-12-16,67.33000183105469,68.30000305175781,67.23999786376953,67.95999908447266,59.71084213256836,1672200
2021-12-17,67.69000244140625,68.06999969482422,66.52999877929688,66.69999694824219,58.60378646850586,4836300
2021-12-20,66.30999755859375,67.16999816894531,65.63999938964844,67.13999938964844,58.99037551879883,3001200
2021-12-21,67.5199966430664,68.06999969482422,66.86000061035156,67.23999786376953,59.078243255615234,1731900
2021-12-22,67.20999908447266,67.77999877929688,67.12000274658203,67.62000274658203,59.412113189697266,1223900
2021-12-23,67.41999816894531,68.0199966430664,67.41999816894531,67.66999816894531,59.45603942871094,879400
2021-12-27,67.66999816894531,67.87999725341797,67.12999725341797,67.62000274658203,59.412113189697266,596100
2021-12-28,67.5199966430664,68.2699966430664,67.51000213623047,68.19999694824219,59.92171096801758,693800
2021-12-29,68.23999786376953,68.58000183105469,67.93000030517578,68.44000244140625,60.13258743286133,1050700
2021-12-30,67.52999877929688,67.73999786376953,66.58999633789062,67.62999725341797,60.034934997558594,1764100
2021-12-31,67.76000213623047,68.62000274658203,67.61000061035156,68.25,60.58530807495117,1048300
2022-01-03,68.33999633789062,68.33999633789062,66.55000305175781,67.51000213623047,59.92841720581055,1579400
2022-01-04,67.5199966430664,68.01000213623047,66.5999984741211,66.66999816894531,59.1827392578125,2403900
2022-01-05,66.47000122070312,66.55000305175781,65.0999984741211,65.19999694824219,57.87782669067383,3346000
2022-01-06,65.12999725341797,65.63999938964844,64.44999694824219,64.62000274658203,57.36296844482422,2482700
2022-01-07,64.43000030517578,65.66999816894531,63.880001068115234,65.0,57.700286865234375,3703200
2022-01-10,65.0,65.69000244140625,64.61000061035156,65.63999938964844,58.26841354370117,2701400
2022-01-11,65.62000274658203,65.83000183105469,64.23999786376953,64.36000061035156,57.13216781616211,1768000
2022-01-12,64.0,64.83000183105469,63.77000045776367,64.43000030517578,57.194297790527344,2093600
2022-01-13,64.30000305175781,64.72000122070312,63.91999816894531,64.06999969482422,56.874732971191406,2874800
2022-01-14,63.83000183105469,64.25,62.95000076293945,63.75,56.590667724609375,2617700
2022-01-18,63.45000076293945,64.26000213623047,62.66999816894531,63.75,56.590667724609375,2898600
2022-01-19,63.70000076293945,64.44000244140625,63.4900016784668,63.5,56.368743896484375,1857000
2022-01-20,63.630001068115234,64.44000244140625,63.20000076293945,63.380001068115234,56.26222229003906,1791600
2022-01-21,63.689998626708984,63.689998626708984,62.81999969482422,62.97999954223633,55.90714645385742,1822400
2022-01-24,62.54999923706055,62.900001525878906,60.68000030517578,62.27000045776367,55.27687454223633,2924300
2022-01-25,61.47999954223633,62.220001220703125,61.150001525878906,61.77000045776367,54.83302688598633,2154100
2022-01-26,62.029998779296875,62.939998626708984,61.529998779296875,62.11000061035156,55.134849548339844,1943400
2022-01-27,62.630001068115234,62.9900016784668,61.2400016784668,61.5,54.593353271484375,1790300
2022-01-28,61.2400016784668,62.40999984741211,61.18000030517578,62.02000045776367,55.05495834350586,2728000
2022-01-31,61.72999954223633,63.02000045776367,61.5,62.790000915527344,55.73848342895508,5688600
2022-02-01,62.90999984741211,63.47999954223633,61.31999969482422,61.66999816894531,54.744258880615234,3126600
2022-02-02,61.599998474121094,62.119998931884766,61.529998779296875,61.90999984741211,54.957313537597656,2195800
2022-02-03,61.81999969482422,62.13999938964844,61.38999938964844,61.38999938964844,54.49570846557617,1505000
2022-02-04,60.880001068115234,61.650001525878906,60.36000061035156,61.15999984741211,54.29153060913086,1646400
2022-02-07,61.060001373291016,61.709999084472656,60.95000076293945,61.560001373291016,54.64662170410156,1649200
2022-02-08,61.90999984741211,62.06999969482422,61.310001373291016,61.540000915527344,54.62886047363281,1795400
2022-02-09,61.88999938964844,62.13999938964844,61.540000915527344,61.77000045776367,54.83302688598633,1187400
2022-02-10,61.220001220703125,61.720001220703125,60.34000015258789,60.56999969482422,53.76779556274414,2658100
2022-02-11,60.720001220703125,61.45000076293945,60.060001373291016,60.25,53.483734130859375,1473200
2022-02-14,60.349998474121094,60.459999084472656,59.369998931884766,60.060001373291016,53.31507110595703,1546900
2022-02-15,60.36000061035156,60.619998931884766,59.41999816894531,59.84000015258789,53.119773864746094,1916500
2022-02-16,59.91999816894531,60.369998931884766,59.38999938964844,59.91999816894531,53.190792083740234,1756000
2022-02-17,59.93000030517578,60.58000183105469,59.560001373291016,60.25,53.483734130859375,1872400
2022-02-18,60.08000183105469,60.47999954223633,59.75,59.939998626708984,53.20854568481445,4279000
2022-02-22,60.13999938964844,60.68000030517578,59.66999816894531,60.08000183105469,53.33282470703125,1874100
2022-02-23,60.04999923706055,60.38999938964844,58.97999954223633,59.02000045776367,52.391868591308594,1222500
2022-02-24,58.779998779296875,59.220001220703125,57.86000061035156,59.15999984741211,52.51614761352539,1859400
2022-02-25,59.75,62.54999923706055,59.5,62.349998474121094,55.347900390625,2452600
2022-02-28,62.25,63.709999084472656,61.970001220703125,63.41999816894531,56.297733306884766,2901100
2022-03-01,63.400001525878906,64.31999969482422,62.880001068115234,63.650001525878906,56.50189971923828,2216200
2022-03-02,63.95000076293945,65.19000244140625,63.709999084472656,64.48999786376953,57.247562408447266,2394000
2022-03-03,64.72000122070312,65.47000122070312,64.62999725341797,65.25,57.922218322753906,2603700
2022-03-04,65.0,65.66000366210938,64.44000244140625,65.58999633789062,58.22403335571289,2034300
2022-03-07,65.75,66.45999908447266,65.12000274658203,66.19000244140625,58.75664520263672,1676400
2022-03-08,66.36000061035156,66.55999755859375,65.1500015258789,65.16999816894531,57.851200103759766,1358900
2022-03-09,65.80000305175781,66.2699966430664,65.41999816894531,65.47000122070312,58.11750411987305,1601000
2022-03-10,65.13999938964844,65.94000244140625,65.12999725341797,65.76000213623047,58.374935150146484,903700
2022-03-11,65.7699966430664,66.18000030517578,64.70999908447266,64.79000091552734,57.513877868652344,1085200
2022-03-14,65.52999877929688,65.80999755859375,64.33999633789062,64.62000274658203,57.36296844482422,1301500
2022-03-15,65.2699966430664,66.19000244140625,64.94000244140625,66.12999725341797,58.70338821411133,1375000
2022-03-16,66.25,66.79000091552734,65.41000366210938,66.30999755859375,58.86317443847656,1864200
2022-03-17,66.30000305175781,66.83999633789062,65.91999816894531,66.19000244140625,58.75664520263672,1409800
2022-03-18,65.94999694824219,66.29000091552734,64.54000091552734,64.6500015258789,57.38959884643555,5133200
2022-03-21,64.91000366210938,65.52999877929688,64.66999816894531,65.44000244140625,58.09088134765625,1406000
2022-03-22,65.8499984741211,66.27999877929688,65.3499984741211,65.94000244140625,58.53472900390625,2187700
2022-03-23,65.94999694824219,66.7300033569336,65.73999786376953,66.5999984741211,59.120609283447266,2657000
2022-03-24,66.69000244140625,67.47000122070312,66.52999877929688,66.95999908447266,59.440181732177734,2875800
2022-03-25,67.23999786376953,68.91000366210938,66.9800033569336,68.79000091552734,61.064666748046875,2226500
2022-03-28,68.80999755859375,69.22000122070312,68.37000274658203,69.20999908447266,61.43749237060547,1305300
2022-03-29,69.37999725341797,69.75,68.66000366210938,69.7300033569336,61.89910125732422,1229800
2022-03-30,69.30000305175781,69.47000122070312,68.87000274658203,69.45999908447266,62.2846794128418,1265300
2022-03-31,69.1500015258789,70.38999938964844,68.94000244140625,70.0999984741211,62.85856628417969,3185000
2022-04-01,70.25,71.06999969482422,69.37999725341797,71.04000091552734,63.70145797729492,1945100
2022-04-04,70.66000366210938,70.86000061035156,69.77999877929688,70.80000305175781,63.48625564575195,1441700
2022-04-05,70.97000122070312,71.94000244140625,70.05000305175781,70.29000091552734,63.028934478759766,1626100
2022-04-06,70.38999938964844,71.55999755859375,70.04000091552734,71.54000091552734,64.14981079101562,1812900
2022-04-07,71.44999694824219,71.44999694824219,70.16999816894531,70.69000244140625,63.38762664794922,1744700
2022-04-08,71.26000213623047,72.02999877929688,70.73999786376953,71.94999694824219,64.51746368408203,2260300
2022-04-11,72.02999877929688,72.02999877929688,70.6500015258789,70.80000305175781,63.48625564575195,2246600
2022-04-12,70.8499984741211,72.0199966430664,70.56999969482422,71.87999725341797,64.4546890258789,1645100
2022-04-13,71.88999938964844,72.62000274658203,71.43000030517578,72.45999908447266,64.97477722167969,2114300
2022-04-14,72.48999786376953,72.63999938964844,71.80999755859375,71.83999633789062,64.41881561279297,1017500
2022-04-18,72.08999633789062,72.44999694824219,71.43000030517578,71.75,64.33812713623047,900200
2022-04-19,71.88999938964844,72.33000183105469,71.69999694824219,71.80999755859375,64.39193725585938,1173100
2022-04-20,72.5199966430664,73.06999969482422,72.37000274658203,72.75,65.23480224609375,1179200
2022-04-21,72.55999755859375,73.31999969482422,72.2699966430664,72.70999908447266,65.1989517211914,1112100
2022-04-22,72.61000061035156,72.69000244140625,71.54000091552734,71.62000274658203,64.22154235839844,1275400
2022-04-25,71.87000274658203,72.0,69.9800033569336,71.2699966430664,63.90770721435547,1663800
2022-04-26,70.88999938964844,71.66000366210938,70.1500015258789,70.2300033569336,62.97514724731445,1462600
2022-04-27,70.45999908447266,71.05999755859375,69.81999969482422,70.41000366210938,63.13654708862305,1626300
2022-04-28,70.79000091552734,71.4000015258789,70.12999725341797,70.80000305175781,63.48625564575195,1427900
2022-04-29,70.61000061035156,70.6500015258789,68.69000244140625,68.79000091552734,61.683895111083984,2572000
2022-05-02,69.25,69.62000274658203,67.26000213623047,67.91000366210938,60.894813537597656,2122100
2022-05-03,68.52999877929688,69.70999908447266,68.06999969482422,68.41999816894531,61.35210418701172,2083100
2022-05-04,68.26000213623047,70.58999633789062,68.26000213623047,70.36000061035156,63.09170913696289,1998700
2022-05-05,70.23999786376953,70.68000030517578,68.22000122070312,68.81999969482422,61.71080780029297,1335000
2022-05-06,68.62999725341797,70.47000122070312,68.62999725341797,70.30000305175781,63.037899017333984,1588100
2022-05-09,70.05999755859375,70.80000305175781,69.13999938964844,70.05999755859375,62.822696685791016,2633100
2022-05-10,69.36000061035156,70.66999816894531,66.81999969482422,67.48999786376953,60.5181884765625,2717300
2022-05-11,67.63999938964844,69.38999938964844,67.5,68.41999816894531,61.35210418701172,1696300
2022-05-12,66.05000305175781,67.31999969482422,64.33000183105469,64.86000061035156,58.15986633300781,4459700
2022-05-13,65.66999816894531,65.8499984741211,64.7699966430664,65.45999908447266,58.6978874206543,3002700
2022-05-16,65.93000030517578,67.02999877929688,65.54000091552734,66.58999633789062,59.711151123046875,2520700
2022-05-17,67.0199966430664,67.0199966430664,65.76000213623047,66.66000366210938,59.7739372253418,2077500
2022-05-18,66.76000213623047,67.04000091552734,65.68000030517578,65.83000183105469,59.02967071533203,1476000
2022-05-19,65.7699966430664,66.0199966430664,64.55999755859375,65.8499984741211,59.0475959777832,2047700
2022-05-20,65.70999908447266,66.12000274658203,64.80999755859375,65.8499984741211,59.0475959777832,1886700
2022-05-23,66.58999633789062,67.12000274658203,65.91999816894531,66.44999694824219,59.585609436035156,1336200
2022-05-24,66.55000305175781,68.11000061035156,66.05000305175781,68.08000183105469,61.04723358154297,1251600
2022-05-25,68.04000091552734,68.4800033569336,67.55999755859375,68.41999816894531,61.35210418701172,1404300
2022-05-26,68.77999877929688,69.72000122070312,68.61000061035156,69.02999877929688,61.89910125732422,2069200
2022-05-27,68.80999755859375,70.62000274658203,68.80000305175781,70.05999755859375,62.822696685791016,2300600
2022-05-31,69.44000244140625,70.1500015258789,68.80999755859375,69.91000366210938,62.68819808959961,3662600
2022-06-01,70.2300033569336,70.27999877929688,68.58000183105469,69.7300033569336,62.526790618896484,2054200
2022-06-02,70.06999969482422,70.48999786376953,68.38999938964844,70.36000061035156,63.09170913696289,1492600
2022-06-03,70.0,70.45999908447266,69.66000366210938,69.77999877929688,62.571624755859375,1423300
2022-06-06,69.70999908447266,69.97000122070312,69.19000244140625,69.4000015258789,62.23088455200195,1232800
2022-06-07,69.30999755859375,70.26000213623047,69.01000213623047,70.2300033569336,62.97514724731445,1632300
2022-06-08,69.76000213623047,70.18000030517578,68.91999816894531,69.12999725341797,61.98876953125,1202100
2022-06-09,69.54000091552734,70.22000122070312,66.6500015258789,66.73999786376953,59.84565353393555,1410400
2022-06-10,65.83999633789062,67.5199966430664,65.61000061035156,66.9800033569336,60.06086349487305,1624800
2022-06-13,65.7300033569336,66.22000122070312,62.04999923706055,62.380001068115234,55.936058044433594,2579300
2022-06-14,62.779998779296875,62.79999923706055,60.220001220703125,60.97999954223633,54.6806755065918,1988200
2022-06-15,61.45000076293945,62.130001068115234,60.2400016784668,61.130001068115234,54.815185546875,1898000
2022-06-16,60.189998626708984,60.470001220703125,59.11000061035156,60.33000183105469,54.09782409667969,2175500
2022-06-17,60.61000061035156,60.86000061035156,58.599998474121094,58.91999816894531,52.83347702026367,3924200
2022-06-21,59.18000030517578,60.650001525878906,59.060001373291016,60.279998779296875,54.0529899597168,1834900
2022-06-22,59.77000045776367,60.7400016784668,59.560001373291016,60.119998931884766,53.909515380859375,1381300
2022-06-23,60.290000915527344,60.95000076293945,60.279998779296875,60.720001220703125,54.447540283203125,1384900
2022-06-24,60.97999954223633,62.959999084472656,60.849998474121094,62.790000915527344,56.3036994934082,1672000
2022-06-27,62.70000076293945,63.5099983215332,62.439998626708984,63.27000045776367,56.73411178588867,1498300
2022-06-28,63.65999984741211,64.0199966430664,62.29999923706055,62.38999938964844,55.94501876831055,1669400
2022-06-29,62.66999816894531,62.900001525878906,61.97999954223633,62.86000061035156,56.36647415161133,1009900
2022-06-30,62.47999954223633,63.75,62.09000015258789,63.2400016784668,56.70722198486328,2233700
2022-07-01,62.7400016784668,63.84000015258789,62.529998779296875,63.75,57.804359436035156,1764900
2022-07-05,63.38999938964844,63.4900016784668,60.33000183105469,61.689998626708984,55.936485290527344,1842300
2022-07-06,62.099998474121094,62.95000076293945,61.5,62.25,56.44426345825195,1247900
2022-07-07,62.61000061035156,63.279998779296875,62.43000030517578,62.720001220703125,56.870426177978516,1718800
2022-07-08,62.849998474121094,62.880001068115234,62.06999969482422,62.470001220703125,56.64373779296875,942600
2022-07-11,62.220001220703125,62.869998931884766,61.7599983215332,62.5,56.67094421386719,831600
2022-07-12,62.060001373291016,63.099998474121094,61.95000076293945,62.279998779296875,56.47146224975586,706400
2022-07-13,61.599998474121094,62.939998626708984,61.41999816894531,62.20000076293945,56.398921966552734,1272400
2022-07-14,59.869998931884766,61.40999984741211,59.72999954223633,61.290000915527344,55.573795318603516,1907400
2022-07-15,61.83000183105469,61.83000183105469,60.75,61.560001373291016,55.8186149597168,1128000
2022-07-18,61.400001525878906,61.7400016784668,60.790000915527344,60.97999954223633,55.2927131652832,1068400
2022-07-19,61.41999816894531,62.150001525878906,61.11000061035156,61.63999938964844,55.891151428222656,1362900
2022-07-20,61.65999984741211,61.93000030517578,60.61000061035156,60.86000061035156,55.183902740478516,1765100
2022-07-21,60.790000915527344,60.91999816894531,60.150001525878906,60.7599983215332,55.093223571777344,1037100
2022-07-22,61.27000045776367,61.68000030517578,60.91999816894531,61.33000183105469,55.61006546020508,764800
2022-07-25,61.20000076293945,62.7599983215332,61.16999816894531,62.75,56.89762878417969,1070600
2022-07-26,62.81999969482422,63.400001525878906,62.790000915527344,63.220001220703125,57.32379913330078,1952200
2022-07-27,63.15999984741211,63.560001373291016,62.689998626708984,63.38999938964844,57.47793960571289,2118100
2022-07-28,64.0999984741211,65.83000183105469,63.650001525878906,65.48999786376953,59.382083892822266,1648500
2022-07-29,66.88999938964844,67.87000274658203,66.06999969482422,67.7699966430664,61.449440002441406,3148200
2022-08-01,67.48999786376953,67.76000213623047,66.44999694824219,66.98999786376953,60.742183685302734,1606000
2022-08-02,67.20999908447266,69.37999725341797,67.01000213623047,68.62000274658203,62.22016143798828,2951900
2022-08-03,68.68000030517578,69.61000061035156,67.72000122070312,69.30000305175781,62.83674621582031,1866900
2022-08-04,69.2699966430664,69.41000366210938,68.76000213623047,68.94999694824219,62.51939010620117,1466800
2022-08-05,68.8499984741211,69.16000366210938,68.0999984741211,68.26000213623047,61.89374923706055,2393400
2022-08-08,68.69999694824219,69.25,67.27999877929688,67.69999694824219,61.38595962524414,1474800
2022-08-09,68.01000213623047,68.23999786376953,67.61000061035156,68.11000061035156,61.75773239135742,1591500
2022-08-10,68.55999755859375,68.63999938964844,67.58000183105469,68.11000061035156,61.75773239135742,1400400
2022-08-11,68.22000122070312,69.2699966430664,67.66999816894531,69.0,62.56471633911133,1768600
2022-08-12,69.55999755859375,70.83999633789062,69.3499984741211,70.75,64.15150451660156,1675100
2022-08-15,70.5199966430664,71.52999877929688,70.37000274658203,71.4000015258789,64.74089050292969,993900
2022-08-16,71.4000015258789,71.94000244140625,71.2300033569336,71.80999755859375,65.11266326904297,1144700
2022-08-17,71.44000244140625,72.13999938964844,71.13999938964844,72.05999755859375,65.33932495117188,1735800
2022-08-18,72.16000366210938,72.56999969482422,71.55000305175781,71.79000091552734,65.09451293945312,1410900
2022-08-19,71.70999908447266,71.86000061035156,71.1500015258789,71.54000091552734,64.86784362792969,1231100
2022-08-22,71.02999877929688,71.0999984741211,70.06999969482422,70.2300033569336,63.680015563964844,889700
2022-08-23,70.27999877929688,70.27999877929688,69.13999938964844,69.36000061035156,62.891151428222656,1188700
2022-08-24,69.06999969482422,69.26000213623047,68.36000061035156,69.16000366210938,62.709800720214844,1054400
2022-08-25,69.41999816894531,70.11000061035156,68.79000091552734,70.08999633789062,63.55305099487305,1191700
2022-08-26,70.19999694824219,70.51000213623047,69.18000030517578,69.2699966430664,62.80952835083008,1046400
2022-08-29,68.83999633789062,70.06999969482422,68.19000244140625,69.6500015258789,63.15409851074219,904600
2022-08-30,69.58999633789062,69.79000091552734,68.4000015258789,68.81999969482422,62.40152359008789,1090300
2022-08-31,68.73999786376953,69.37000274658203,67.73999786376953,67.7699966430664,61.449440002441406,2023000
2022-09-01,67.76000213623047,68.55000305175781,67.04000091552734,68.2699966430664,61.90279769897461,1695100
2022-09-02,68.55999755859375,69.26000213623047,67.77999877929688,67.95999908447266,61.62171936035156,1301100
2022-09-06,67.16000366210938,67.5,65.23999786376953,65.87000274658203,59.72665023803711,3232200
2022-09-07,66.0199966430664,68.16000366210938,66.0199966430664,68.02999877929688,61.685184478759766,2223800
2022-09-08,67.9000015258789,68.68000030517578,67.55000305175781,68.52999877929688,62.1385612487793,1449500
2022-09-09,69.08000183105469,69.54000091552734,68.12999725341797,69.0999984741211,62.65540313720703,1332400
2022-09-12,69.18000030517578,71.19999694824219,69.18000030517578,71.12000274658203,64.48701477050781,1821800
2022-09-13,70.3499984741211,70.63999938964844,68.43000030517578,68.9000015258789,62.47405242919922,1642500
2022-09-14,69.16999816894531,69.80999755859375,68.94999694824219,69.48999786376953,63.00902557373047,1881900
2022-09-15,69.23999786376953,69.33000183105469,68.12999725341797,68.30000305175781,61.93000411987305,2059200
2022-09-16,68.41999816894531,68.44999694824219,66.9800033569336,67.5199966430664,61.22275161743164,2949800
2022-09-19,67.30000305175781,68.48999786376953,67.01000213623047,68.37000274658203,61.993492126464844,1211300
2022-09-20,67.9000015258789,68.0999984741211,66.94999694824219,67.70999908447266,61.395023345947266,1219100
2022-09-21,68.12999725341797,68.37999725341797,66.19999694824219,66.20999908447266,60.03493118286133,1365900
2022-09-22,66.19999694824219,66.58000183105469,65.51000213623047,65.80000305175781,59.66317367553711,1509800
2022-09-23,65.0,65.13999938964844,63.459999084472656,64.86000061035156,58.81084442138672,1341500
2022-09-26,64.76000213623047,64.91999816894531,62.52000045776367,63.16999816894531,57.2784538269043,1742100
2022-09-27,63.4900016784668,64.06999969482422,61.290000915527344,61.369998931884766,55.646331787109375,2249300
2022-09-28,62.150001525878906,62.31999969482422,61.06999969482422,61.310001373291016,55.59192657470703,4032000
2022-09-29,60.439998626708984,60.4900016784668,57.400001525878906,57.459999084472656,52.702728271484375,2551500
2022-09-30,57.81999969482422,58.0099983215332,56.560001373291016,56.58000183105469,51.89558792114258,6264700
2022-10-03,57.810001373291016,59.65999984741211,57.33000183105469,59.400001525878906,54.48210906982422,3059900
2022-10-04,59.34000015258789,60.939998626708984,59.220001220703125,60.83000183105469,55.79372024536133,2860700
2022-10-05,59.93000030517578,60.68000030517578,59.16999816894531,60.09000015258789,55.114986419677734,2161800
2022-10-06,59.95000076293945,60.0,58.25,58.650001525878906,53.79420852661133,2906100
2022-10-07,58.630001068115234,58.939998626708984,57.939998626708984,58.630001068115234,53.77585983276367,2779000
2022-10-10,58.869998931884766,59.529998779296875,57.83000183105469,57.849998474121094,53.0604362487793,1612600
2022-10-11,57.619998931884766,58.369998931884766,57.099998474121094,57.459999084472656,52.702728271484375,1309200
2022-10-12,57.150001525878906,57.43000030517578,55.5099983215332,55.560001373291016,50.96003341674805,1813500
2022-10-13,55.0,57.209999084472656,54.45000076293945,56.900001525878906,52.189090728759766,1860800
2022-10-14,57.45000076293945,57.709999084472656,54.939998626708984,55.029998779296875,50.47391128540039,2787000
2022-10-17,55.939998626708984,57.279998779296875,55.939998626708984,57.119998931884766,52.39087677001953,1954700
2022-10-18,57.83000183105469,58.18000030517578,56.86000061035156,57.41999816894531,52.66604232788086,1762100
2022-10-19,56.560001373291016,57.209999084472656,56.18000030517578,56.7400016784668,52.04234313964844,1392900
2022-10-20,56.75,56.75,54.68000030517578,54.939998626708984,50.39136505126953,1336200
2022-10-21,55.06999969482422,56.0,54.72999954223633,55.63999938964844,51.033409118652344,1365500
2022-10-24,56.0,56.5,55.29999923706055,55.77000045776367,51.15264892578125,1618100
2022-10-25,55.619998931884766,57.20000076293945,55.54999923706055,56.849998474121094,52.143226623535156,3788700
2022-10-26,57.2599983215332,57.54999923706055,56.52000045776367,56.880001068115234,52.17074966430664,1590100
2022-10-27,57.61000061035156,58.68000030517578,57.470001220703125,58.380001068115234,53.54655838012695,2317900
2022-10-28,58.65999984741211,60.290000915527344,58.65999984741211,60.22999954223633,55.243385314941406,1961400
2022-10-31,59.81999969482422,60.43000030517578,59.2400016784668,60.040000915527344,55.069122314453125,2289900
2022-11-01,60.79999923706055,60.79999923706055,59.72999954223633,60.5099983215332,55.50020980834961,1678600
2022-11-02,59.470001220703125,60.52000045776367,58.189998626708984,58.7599983215332,53.89509582519531,3324500
2022-11-03,58.310001373291016,59.09000015258789,57.790000915527344,58.45000076293945,53.61076736450195,1732200
2022-11-04,58.79999923706055,59.7599983215332,58.15999984741211,59.029998779296875,54.14274215698242,1368300
2022-11-07,58.779998779296875,58.91999816894531,56.66999816894531,57.75,52.968719482421875,1849200
2022-11-08,58.06999969482422,58.540000915527344,57.380001068115234,58.0099983215332,53.20718765258789,1511400
2022-11-09,57.79999923706055,58.18000030517578,57.2599983215332,57.310001373291016,52.565147399902344,1206700
2022-11-10,59.310001373291016,60.439998626708984,58.5,60.290000915527344,55.29842758178711,1953400
2022-11-11,60.380001068115234,60.470001220703125,59.220001220703125,59.869998931884766,54.9131965637207,1324100
2022-11-14,59.970001220703125,60.540000915527344,59.72999954223633,59.91999816894531,54.95905685424805,1871200
2022-11-15,60.63999938964844,61.439998626708984,59.880001068115234,60.66999816894531,55.6469612121582,2218500
2022-11-16,60.59000015258789,61.369998931884766,60.560001373291016,61.029998779296875,55.97715377807617,1387700
2022-11-17,60.29999923706055,60.459999084472656,59.29999923706055,59.84000015258789,54.88568115234375,1277900
2022-11-18,60.58000183105469,62.060001373291016,60.58000183105469,61.720001220703125,56.61003112792969,1722300
2022-11-21,61.61000061035156,62.38999938964844,61.52000045776367,61.959999084472656,56.83015441894531,1180300
2022-11-22,62.560001373291016,63.599998474121094,62.0,62.43000030517578,57.2612419128418,1079000
2022-11-23,62.31999969482422,63.75,62.31999969482422,63.72999954223633,58.453617095947266,1717600
2022-11-25,64.02999877929688,64.43000030517578,63.810001373291016,64.2300033569336,58.9122200012207,625900
2022-11-28,63.63999938964844,64.0,63.18000030517578,63.38999938964844,58.14176559448242,2610500
2022-11-29,63.13999938964844,63.709999084472656,62.58000183105469,63.5099983215332,58.251827239990234,2218000
2022-11-30,63.38999938964844,66.72000122070312,63.13999938964844,66.66000366210938,61.14103698730469,5860700
2022-12-01,67.01000213623047,67.0999984741211,65.44999694824219,65.5199966430664,60.09541320800781,2779900
2022-12-02,64.72000122070312,65.5,64.52999877929688,65.37000274658203,59.95783615112305,1658800
2022-12-05,64.76000213623047,65.43000030517578,64.69000244140625,65.12000274658203,59.728538513183594,1251300
2022-12-06,65.04000091552734,66.05999755859375,65.0,66.0199966430664,60.554019927978516,1816100
2022-12-07,65.94000244140625,66.44000244140625,65.2300033569336,65.37000274658203,59.95783615112305,1758800
2022-12-08,65.4000015258789,65.63999938964844,65.19000244140625,65.4000015258789,59.98535919189453,1807000
2022-12-09,65.38999938964844,66.66999816894531,65.29000091552734,65.79000091552734,60.34306716918945,1493500
2022-12-12,66.29000091552734,67.6500015258789,65.73999786376953,67.41999816894531,61.83811569213867,1911200
2022-12-13,68.48999786376953,69.05000305175781,66.83000183105469,67.87000274658203,62.250858306884766,1685800
2022-12-14,68.02999877929688,68.95999908447266,67.38999938964844,67.6500015258789,62.04906463623047,1670400
2022-12-15,67.16000366210938,67.2699966430664,66.0,66.7300033569336,61.20524597167969,1854200
2022-12-16,66.05999755859375,66.25,64.3499984741211,65.0999984741211,59.710182189941406,4609200
2022-12-19,65.0,65.77999877929688,64.33999633789062,64.94999694824219,59.572608947753906,1396200
2022-12-20,65.04000091552734,65.0999984741211,64.19000244140625,64.87999725341797,59.50840377807617,1261100
2022-12-21,65.2300033569336,65.55999755859375,64.7699966430664,65.22000122070312,59.82025146484375,1361800
2022-12-22,64.7699966430664,64.88999938964844,63.369998931884766,64.5,59.15986633300781,1595600
2022-12-23,64.43000030517578,65.25,64.2300033569336,65.18000030517578,59.783573150634766,1000100
2022-12-27,65.4000015258789,66.08999633789062,64.94000244140625,65.81999969482422,60.37058639526367,1058200
2022-12-28,65.95999908447266,66.16999816894531,64.87999725341797,65.0199966430664,59.636810302734375,1192800
2022-12-29,64.43000030517578,64.91000366210938,64.23999786376953,64.4000015258789,59.74629211425781,1418200
2022-12-30,64.44999694824219,64.5199966430664,62.720001220703125,63.619998931884766,59.02265548706055,1532100
2023-01-03,64.01000213623047,64.37000274658203,62.869998931884766,64.27999877929688,59.63496017456055,1769800
2023-01-04,64.80000305175781,66.98999786376953,64.58000183105469,66.38999938964844,61.59248733520508,3094500
2023-01-05,65.91000366210938,66.12000274658203,64.33000183105469,64.88999938964844,60.20087814331055,1738100
2023-01-06,65.66999816894531,67.19000244140625,65.63999938964844,66.87000274658203,62.03779983520508,1591400
2023-01-09,66.8499984741211,68.27999877929688,66.55000305175781,67.79000091552734,62.89130783081055,1990700
2023-01-10,67.41000366210938,68.41999816894531,66.4000015258789,68.19999694824219,63.271690368652344,2735000
2023-01-11,68.36000061035156,69.4800033569336,68.04000091552734,69.41999816894531,64.40351104736328,4205700
2023-01-12,69.5,69.80000305175781,68.43000030517578,68.44999694824219,63.50361251831055,3764700
2023-01-13,67.93000030517578,68.4000015258789,67.19000244140625,68.19999694824219,63.271690368652344,1485600
2023-01-17,68.73999786376953,69.66000366210938,68.55000305175781,68.69999694824219,63.735557556152344,3081900
2023-01-18,68.94000244140625,68.98999786376953,66.76000213623047,66.79000091552734,61.96357727050781,1893800
2023-01-19,66.45999908447266,66.66000366210938,65.23999786376953,65.66999816894531,60.92451095581055,2274000
2023-01-20,65.66999816894531,66.80000305175781,64.93000030517578,66.7300033569336,61.907920837402344,1895300
2023-01-23,66.70999908447266,68.18000030517578,66.63999938964844,67.02999877929688,62.18623352050781,1856300
2023-01-24,66.8499984741211,68.08000183105469,66.22000122070312,67.81999969482422,62.91914749145508,1417700
2023-01-25,67.16999816894531,67.73999786376953,66.93000030517578,67.52999877929688,62.650108337402344,1635300
2023-01-26,67.4000015258789,68.5,67.37000274658203,68.37000274658203,63.429412841796875,1609300
2023-01-27,68.29000091552734,68.88999938964844,68.0999984741211,68.73999786376953,63.77265548706055,1230000
2023-01-30,68.37000274658203,68.97000122070312,68.0999984741211,68.13999938964844,63.21602249145508,1333000
2023-01-31,68.62999725341797,68.91999816894531,67.69000244140625,68.9000015258789,63.92110824584961,2172100
2023-02-01,68.02999877929688,68.61000061035156,66.91000366210938,67.87000274658203,62.96553421020508,2265000
2023-02-02,68.02999877929688,70.05999755859375,67.63999938964844,68.73999786376953,63.77265548706055,2491500
2023-02-03,68.12999725341797,68.31999969482422,66.2300033569336,66.87000274658203,62.03779983520508,2281200
2023-02-06,66.61000061035156,67.83999633789062,66.33999633789062,67.80999755859375,62.90987014770508,2372900
2023-02-07,67.55000305175781,67.86000061035156,66.72000122070312,67.30999755859375,62.44599151611328,1414400
2023-02-08,66.95999908447266,67.30999755859375,66.62000274658203,66.80999755859375,61.98212814331055,1025600
2023-02-09,66.91000366210938,67.30000305175781,65.69999694824219,65.80999755859375,61.05438995361328,992700
2023-02-10,66.04000091552734,67.1500015258789,65.83999633789062,67.01000213623047,62.167686462402344,1031300
2023-02-13,67.01000213623047,68.18000030517578,66.98999786376953,68.0199966430664,63.104698181152344,1111100
2023-02-14,67.83999633789062,68.41999816894531,67.25,67.54000091552734,62.65938186645508,1039200
2023-02-15,67.26000213623047,67.7300033569336,66.77999877929688,67.69999694824219,62.80781555175781,1293100
2023-02-16,66.83999633789062,67.5999984741211,66.2699966430664,67.22000122070312,62.36250686645508,918900
2023-02-17,67.31999969482422,67.86000061035156,66.70999908447266,67.58999633789062,62.70575714111328,6172500
2023-02-21,67.3499984741211,67.54000091552734,66.4800033569336,66.70999908447266,61.88935852050781,1700500
2023-02-22,66.44999694824219,67.18000030517578,66.02999877929688,66.19999694824219,61.41621398925781,1702800
2023-02-23,66.6500015258789,67.05000305175781,65.51000213623047,65.86000061035156,61.10078430175781,2142300
2023-02-24,66.55000305175781,68.88999938964844,66.51000213623047,68.62999725341797,63.67061996459961,3337100
2023-02-27,69.0999984741211,69.79000091552734,68.04000091552734,68.12999725341797,63.206729888916016,1833000
2023-02-28,67.94000244140625,68.1500015258789,66.16999816894531,66.20999908447266,61.42549514770508,3012400
2023-03-01,66.0,66.0,64.4000015258789,64.58999633789062,59.92255401611328,2738900
2023-03-02,64.4000015258789,65.69999694824219,63.93000030517578,65.55999755859375,60.82246398925781,2450500
2023-03-03,65.66999816894531,67.33999633789062,65.36000061035156,67.30000305175781,62.43672561645508,1807400
2023-03-06,67.36000061035156,68.5,67.33000183105469,68.41999816894531,63.47578048706055,2370200
2023-03-07,68.58000183105469,68.70999908447266,67.05000305175781,67.38999938964844,62.52022171020508,1917500
2023-03-08,67.3499984741211,68.41999816894531,67.1500015258789,68.29000091552734,63.35518264770508,1574600
2023-03-09,68.54000091552734,68.77999877929688,66.81999969482422,67.0,62.158409118652344,1699700
2023-03-10,67.19000244140625,67.3499984741211,65.7699966430664,66.2300033569336,61.44404983520508,1856700
2023-03-13,65.87000274658203,68.62000274658203,65.7300033569336,67.38999938964844,62.52022171020508,1580100
2023-03-14,68.06999969482422,69.05999755859375,67.4000015258789,68.30000305175781,63.36445999145508,1512200
2023-03-15,67.73999786376953,68.91000366210938,67.22000122070312,68.12000274658203,63.19746780395508,2115600
2023-03-16,67.52999877929688,69.05999755859375,67.13999938964844,68.9800033569336,63.995323181152344,2203100
2023-03-17,68.94999694824219,69.01000213623047,67.38999938964844,67.76000213623047,62.86347961425781,4978000
2023-03-20,68.19999694824219,69.31999969482422,68.11000061035156,69.0,64.01387786865234,2204100
2023-03-21,69.19999694824219,69.44999694824219,67.22000122070312,67.80999755859375,62.90987014770508,2427100
2023-03-22,67.69999694824219,68.23999786376953,66.29000091552734,66.30999755859375,61.51826095581055,1872700
2023-03-23,66.16000366210938,67.58999633789062,65.36000061035156,66.04000091552734,61.26777648925781,2614200
2023-03-24,66.0999984741211,68.41999816894531,65.80999755859375,68.37999725341797,63.438682556152344,2041400
2023-03-27,68.80000305175781,69.05999755859375,68.30999755859375,68.52999877929688,63.577850341796875,1976900
2023-03-28,68.3499984741211,69.43000030517578,68.2699966430664,68.69999694824219,63.735557556152344,1500100
2023-03-29,69.19000244140625,69.98999786376953,69.13999938964844,69.80000305175781,64.75606536865234,1872700
2023-03-30,69.2699966430664,70.04000091552734,69.2699966430664,70.0,65.6355972290039,2386100
2023-03-31,70.16999816894531,70.66000366210938,69.7300033569336,70.58999633789062,66.18879699707031,1937100
2023-04-03,70.12999725341797,71.19999694824219,69.66999816894531,70.54000091552734,66.14191436767578,2468400
2023-04-04,70.33999633789062,70.69000244140625,69.79000091552734,70.29000091552734,65.90750885009766,1527500
2023-04-05,70.58999633789062,72.44999694824219,70.30999755859375,72.26000213623047,67.75468444824219,1921100
2023-04-06,72.5,72.75,71.76000213623047,72.55999755859375,68.03598022460938,1349800
2023-04-10,72.19000244140625,72.91999816894531,71.94000244140625,72.83999633789062,68.29850769042969,1129400
2023-04-11,72.81999969482422,73.30999755859375,72.68000030517578,72.80999755859375,68.2703857421875,1206300
2023-04-12,73.1500015258789,73.31999969482422,72.62999725341797,73.06999969482422,68.51417541503906,1550600
2023-04-13,72.5,73.25,71.62999725341797,72.94999694824219,68.40165710449219,1731700
2023-04-14,72.31999969482422,72.3499984741211,71.44000244140625,71.61000061035156,67.14521026611328,1285400
2023-04-17,71.7699966430664,72.18000030517578,71.44999694824219,72.08000183105469,67.58590698242188,1398900
2023-04-18,72.0999984741211,72.83999633789062,71.94999694824219,72.11000061035156,67.6140365600586,1395800
2023-04-19,72.08000183105469,73.19000244140625,72.08000183105469,72.73999786376953,68.20475006103516,1280100
2023-04-20,72.81999969482422,73.3499984741211,72.44000244140625,73.0,68.44853210449219,1107100
2023-04-21,73.5,73.61000061035156,72.75,72.93000030517578,68.3829116821289,922900
2023-04-24,73.05999755859375,73.68000030517578,72.76000213623047,73.66999816894531,69.07676696777344,885700
2023-04-25,73.5,74.0999984741211,73.38999938964844,73.7699966430664,69.1705322265625,881000
2023-04-26,73.33000183105469,73.94000244140625,72.4800033569336,73.0,68.44853210449219,1553500
2023-04-27,73.26000213623047,73.70999908447266,72.5,73.56999969482422,68.98300170898438,1182200
2023-04-28,73.30000305175781,73.87000274658203,73.20999908447266,73.5999984741211,69.01112365722656,1646700
2023-05-01,73.7300033569336,74.91999816894531,73.5199966430664,73.94999694824219,69.33930206298828,1353500
2023-05-02,73.94999694824219,74.12000274658203,72.69999694824219,73.27999877929688,68.7110824584961,2214500
2023-05-03,74.41000366210938,74.41000366210938,71.43000030517578,71.66999816894531,67.20146179199219,2628900
2023-05-04,72.30999755859375,73.29000091552734,70.91999816894531,72.48999786376953,67.97032928466797,2365200
2023-05-05,71.88999938964844,73.7300033569336,71.05999755859375,73.55999755859375,68.97361755371094,1569700
2023-05-08,73.31999969482422,73.97000122070312,72.95999908447266,73.38999938964844,68.81422424316406,783300
2023-05-09,73.16999816894531,73.70999908447266,72.93000030517578,73.62999725341797,69.03926086425781,1110600
2023-05-10,74.02999877929688,74.4000015258789,73.45999908447266,74.19000244140625,69.5643539428711,958700
2023-05-11,74.29000091552734,74.38999938964844,72.98999786376953,73.20999908447266,68.64544677734375,2011100
2023-05-12,73.7300033569336,74.33000183105469,73.0,73.68000030517578,69.08613586425781,1508300
2023-05-15,74.01000213623047,74.23999786376953,71.97000122070312,72.23999786376953,67.73592376708984,1256000
2023-05-16,72.2300033569336,72.25,70.25,70.30000305175781,65.9168930053711,1232600
2023-05-17,70.61000061035156,70.62000274658203,69.58000183105469,69.73999786376953,65.39179992675781,1607600
2023-05-18,69.30000305175781,69.43000030517578,68.20999908447266,68.8499984741211,64.5572738647461,1503300
2023-05-19,69.27999877929688,69.61000061035156,68.12000274658203,68.23999786376953,63.98531723022461,1788700
2023-05-22,68.5199966430664,68.69999694824219,67.38999938964844,67.68000030517578,63.460243225097656,1371600
2023-05-23,67.48999786376953,68.33999633789062,67.2699966430664,67.37000274658203,63.16956329345703,1007100
2023-05-24,67.0,67.38999938964844,66.31999969482422,66.58000183105469,62.4288215637207,1031600
2023-05-25,66.43000030517578,66.45999908447266,65.12000274658203,65.66000366210938,61.56617736816406,1471400
2023-05-26,65.5999984741211,66.19000244140625,64.66000366210938,65.62999725341797,61.53804397583008,1644600
2023-05-30,65.69000244140625,66.91999816894531,65.5,65.72000122070312,61.62244415283203,1456500
2023-05-31,65.7300033569336,67.66000366210938,65.7300033569336,67.5199966430664,63.31020736694336,4153900
2023-06-01,67.30999755859375,67.54000091552734,66.06999969482422,66.68000030517578,62.522586822509766,2042900
2023-06-02,66.45999908447266,67.47000122070312,66.01000213623047,66.68000030517578,62.522586822509766,1877300
2023-06-05,66.79000091552734,68.0,66.5199966430664,66.80000305175781,62.63510513305664,879600
2023-06-06,67.37000274658203,67.63999938964844,66.69999694824219,66.70999908447266,62.550716400146484,1055300
2023-06-07,67.05999755859375,68.79000091552734,66.36000061035156,68.69999694824219,64.41663360595703,1555300
2023-06-08,68.5999984741211,68.88999938964844,67.73999786376953,68.56999969482422,64.29473876953125,1409600
2023-06-09,68.56999969482422,68.73999786376953,67.1500015258789,67.72000122070312,63.497745513916016,2002700
2023-06-12,67.9000015258789,68.16000366210938,67.25,67.6500015258789,63.43211364746094,1132300
2023-06-13,67.20999908447266,68.1500015258789,67.12999725341797,67.87999725341797,63.64776611328125,1185200
2023-06-14,68.12000274658203,68.68000030517578,67.88999938964844,68.16999816894531,63.91968536376953,1997600
2023-06-15,68.52999877929688,69.0999984741211,67.9800033569336,68.80000305175781,64.51040649414062,1114000
2023-06-16,69.19000244140625,70.66999816894531,69.05000305175781,70.18000030517578,65.80435943603516,3758000
2023-06-20,70.2300033569336,70.25,68.6500015258789,68.7699966430664,64.48226928710938,1393200
2023-06-21,68.69000244140625,69.97000122070312,68.37000274658203,69.7300033569336,65.3824234008789,1245400
2023-06-22,70.0,70.20999908447266,68.94999694824219,69.08999633789062,64.78231811523438,1056300
2023-06-23,68.95999908447266,69.1500015258789,67.66999816894531,67.76000213623047,63.53524398803711,1590200
2023-06-26,68.13999938964844,69.05000305175781,67.91000366210938,68.80000305175781,64.51040649414062,1205400
2023-06-27,69.02999877929688,69.45999908447266,68.81999969482422,69.4000015258789,65.072998046875,1330300
2023-06-28,69.29000091552734,69.29000091552734,68.12999725341797,68.37000274658203,64.10722351074219,1426700
2023-06-29,67.68000030517578,69.06999969482422,67.54000091552734,68.56999969482422,64.29473876953125,1539500
2023-06-30,68.91000366210938,69.61000061035156,68.83000183105469,69.44999694824219,65.11988830566406,1766100
2023-07-03,68.4800033569336,69.43000030517578,68.31999969482422,69.08999633789062,65.4781265258789,736200
2023-07-05,68.83999633789062,70.80000305175781,68.62000274658203,70.2300033569336,66.55852508544922,1989000
2023-07-06,69.54000091552734,69.75,69.0,69.43000030517578,65.80033874511719,1526500
2023-07-07,68.5,69.54000091552734,68.19000244140625,68.86000061035156,65.26014709472656,1139600
2023-07-10,68.5999984741211,68.91000366210938,67.6500015258789,68.30999755859375,64.7388916015625,990700
2023-07-11,68.44999694824219,69.4000015258789,68.31999969482422,69.37999725341797,65.7529525756836,729700
2023-07-12,69.66999816894531,70.58000183105469,69.48999786376953,70.45999908447266,66.77649688720703,897800
2023-07-13,70.23999786376953,70.95999908447266,70.05000305175781,70.94999694824219,67.24087524414062,1037700
2023-07-14,70.77999877929688,71.0,70.11000061035156,70.47000122070312,66.78597259521484,876700
2023-07-17,70.06999969482422,70.54000091552734,69.6500015258789,69.88999938964844,66.23629760742188,895200
2023-07-18,69.8499984741211,70.5,68.4800033569336,69.37000274658203,65.74347686767578,1027900
2023-07-19,69.52999877929688,71.0,69.52999877929688,70.63999938964844,66.94708251953125,1143300
2023-07-20,70.76000213623047,72.36000061035156,70.29000091552734,72.1500015258789,68.3781509399414,1543200
2023-07-21,72.44000244140625,72.93000030517578,71.97000122070312,72.4000015258789,68.61508178710938,1360900
2023-07-24,72.4000015258789,72.83000183105469,72.01000213623047,72.54000091552734,68.74775695800781,1037700
2023-07-25,72.54000091552734,72.79000091552734,72.02999877929688,72.38999938964844,68.60560607910156,1581000
2023-07-26,72.38999938964844,73.36000061035156,71.73999786376953,72.0999984741211,68.33075714111328,1679700
2023-07-27,71.7699966430664,72.5199966430664,70.70999908447266,70.86000061035156,67.15558624267578,1463000
2023-07-28,72.8499984741211,74.2300033569336,71.91000366210938,72.95999908447266,69.14580535888672,2498700
2023-07-31,72.80999755859375,72.80999755859375,71.38999938964844,71.95999908447266,68.19808197021484,2855200
2023-08-01,71.94000244140625,72.52999877929688,70.95999908447266,71.04000091552734,67.32617950439453,1391600
2023-08-02,70.87999725341797,72.05999755859375,70.37000274658203,71.54000091552734,67.80003356933594,1283400
2023-08-03,71.29000091552734,71.29000091552734,70.05000305175781,70.33999633789062,66.66276550292969,1103600
2023-08-04,70.58000183105469,70.8499984741211,69.0,69.23999786376953,65.62027740478516,1633400
2023-08-07,70.0,70.16000366210938,69.55000305175781,69.79000091552734,66.14152526855469,980400
2023-08-08,69.63999938964844,70.54000091552734,69.0199966430664,70.5,66.81439971923828,1097000
2023-08-09,70.23999786376953,70.91000366210938,69.79000091552734,70.27999877929688,66.60589599609375,1332600
2023-08-10,70.4800033569336,71.0199966430664,69.66000366210938,69.94999694824219,66.29314422607422,1472300
2023-08-11,70.18000030517578,70.6500015258789,69.83000183105469,70.52999877929688,66.84282684326172,814500
2023-08-14,70.19999694824219,70.22000122070312,69.19000244140625,69.76000213623047,66.11309051513672,1574100
2023-08-15,69.44000244140625,69.54000091552734,68.80000305175781,68.81999969482422,65.22222900390625,1430600
2023-08-16,69.0999984741211,69.43000030517578,68.81999969482422,69.16000366210938,65.54446411132812,1052600
2023-08-17,69.30000305175781,70.0999984741211,68.58999633789062,68.5999984741211,65.01373291015625,1897000
2023-08-18,68.4000015258789,69.19999694824219,68.18000030517578,69.04000091552734,65.43073272705078,1612800
2023-08-21,68.8499984741211,69.30999755859375,67.91999816894531,69.01000213623047,65.40230560302734,1380000
2023-08-22,69.12999725341797,69.83000183105469,68.98999786376953,69.54000091552734,65.90459442138672,1296800
2023-08-23,69.83999633789062,70.0,69.22000122070312,69.91999816894531,66.26472473144531,1479100
2023-08-24,69.95999908447266,70.83999633789062,69.55999755859375,69.55999755859375,65.92354583740234,1277800
2023-08-25,69.86000061035156,70.29000091552734,69.4000015258789,69.93000030517578,66.27420806884766,970900
2023-08-28,70.11000061035156,70.56999969482422,69.72000122070312,69.72000122070312,66.07518768310547,940900
2023-08-29,69.7300033569336,70.29000091552734,69.52999877929688,70.16000366210938,66.4921875,816000
2023-08-30,70.02999877929688,70.54000091552734,69.52999877929688,69.93000030517578,66.27420806884766,764600
2023-08-31,70.11000061035156,70.41999816894531,68.83000183105469,68.8499984741211,65.25065612792969,2533000
2023-09-01,69.30999755859375,69.5,67.83999633789062,68.41000366210938,64.83366394042969,1349100
2023-09-05,68.18000030517578,68.44000244140625,66.77999877929688,67.2300033569336,63.71535110473633,1454900
2023-09-06,67.33999633789062,67.94000244140625,67.04000091552734,67.7300033569336,64.18921661376953,1760500
2023-09-07,68.25,69.30999755859375,67.73999786376953,68.68000030517578,65.08956146240234,1690000
2023-09-08,68.87999725341797,69.97000122070312,68.70999908447266,69.80000305175781,66.15100860595703,1108200
2023-09-11,70.0,70.58999633789062,69.75,69.87000274658203,66.21733856201172,1170200
2023-09-12,70.01000213623047,70.5,69.72000122070312,70.29000091552734,66.61538696289062,1725900
2023-09-13,70.41999816894531,71.08000183105469,70.18000030517578,70.73999786376953,67.04185485839844,2195500
2023-09-14,71.4800033569336,71.81999969482422,71.1500015258789,71.5199966430664,67.78107452392578,1542800
2023-09-15,71.20999908447266,72.12000274658203,71.16000366210938,71.55999755859375,67.81898498535156,2875100
2023-09-18,71.79000091552734,71.94000244140625,70.8499984741211,71.22000122070312,67.49676513671875,1521600
2023-09-19,71.29000091552734,71.48999786376953,70.13999938964844,70.19000244140625,66.52061462402344,1725000
2023-09-20,70.30000305175781,70.54000091552734,69.37000274658203,69.75,66.1036148071289,2850100
2023-09-21,69.43000030517578,70.0,68.8499984741211,68.9000015258789,65.29806518554688,2550400
2023-09-22,68.70999908447266,68.70999908447266,67.9800033569336,68.06999969482422,64.51144409179688,2006800
2023-09-25,67.68000030517578,68.04000091552734,67.33000183105469,67.63999938964844,64.10392761230469,1767800
2023-09-26,67.25,67.43000030517578,65.41000366210938,65.80000305175781,62.3601188659668,2599600
2023-09-27,65.68000030517578,66.01000213623047,65.02999877929688,65.30000305175781,61.886260986328125,2922800
2023-09-28,65.0,65.2699966430664,63.4900016784668,63.59000015258789,60.95453643798828,2044900
2023-09-29,64.05999755859375,64.31999969482422,62.22999954223633,63.290000915527344,60.66697311401367,2901500
2023-10-02,63.08000183105469,63.22999954223633,60.63999938964844,61.040000915527344,58.510223388671875,3059700
2023-10-03,60.47999954223633,61.54999923706055,59.59000015258789,61.22999954223633,58.692344665527344,2692800
2023-10-04,61.380001068115234,61.65999984741211,60.20000076293945,61.22999954223633,58.692344665527344,2271900
2023-10-05,61.18000030517578,61.68000030517578,60.2599983215332,60.689998626708984,58.17472457885742,2423100
2023-10-06,59.880001068115234,62.400001525878906,58.81999969482422,62.060001373291016,59.487945556640625,2281800
2023-10-09,61.880001068115234,62.54999923706055,61.47999954223633,62.529998779296875,59.9384651184082,1666700
2023-10-10,62.790000915527344,63.540000915527344,62.560001373291016,63.27000045776367,60.64780044555664,2058500
2023-10-11,63.810001373291016,65.04000091552734,63.52000045776367,64.93000030517578,62.2390022277832,1958000
2023-10-12,64.80000305175781,65.45999908447266,63.93000030517578,64.88999938964844,62.20065689086914,2237300
2023-10-13,65.41999816894531,66.1500015258789,65.06999969482422,65.69000244140625,62.96750259399414,1710200
2023-10-16,66.19000244140625,66.23999786376953,65.05000305175781,66.1500015258789,63.4084358215332,1534800
2023-10-17,65.66000366210938,66.48999786376953,65.48999786376953,66.37000274658203,63.61931610107422,1895600
2023-10-18,66.2699966430664,66.55999755859375,65.47000122070312,65.5999984741211,62.88123321533203,2416000
2023-10-19,65.5199966430664,65.86000061035156,63.779998779296875,64.0,61.3475456237793,2490200
2023-10-20,64.08999633789062,64.63999938964844,62.65999984741211,62.709999084472656,60.11100769042969,3260500
2023-10-23,62.400001525878906,63.08000183105469,61.70000076293945,61.84000015258789,59.277061462402344,2574100
2023-10-24,62.7599983215332,64.3499984741211,62.47999954223633,64.05999755859375,61.405059814453125,2087600
2023-10-25,63.45000076293945,64.0,63.209999084472656,63.29999923706055,60.67655563354492,1560300
2023-10-26,63.439998626708984,64.58999633789062,63.439998626708984,63.689998626708984,61.05039596557617,1738400
2023-10-27,63.38999938964844,63.810001373291016,61.63999938964844,61.939998626708984,59.372920989990234,2139800
2023-10-30,62.5,63.0099983215332,62.09000015258789,62.70000076293945,60.10142135620117,1513200
2023-10-31,62.86000061035156,63.41999816894531,62.400001525878906,63.060001373291016,60.446502685546875,2168200
2023-11-01,63.470001220703125,64.43000030517578,62.650001525878906,63.970001220703125,61.318790435791016,2084700
2023-11-02,64.02999877929688,65.25,62.97999954223633,63.630001068115234,60.992881774902344,4449500
2023-11-03,64.31999969482422,65.0,63.63999938964844,64.05000305175781,61.39547348022461,2642100
2023-11-06,63.900001525878906,64.20999908447266,63.459999084472656,63.880001068115234,61.232521057128906,2686700
2023-11-07,64.06999969482422,64.06999969482422,63.20000076293945,63.52000045776367,60.88744354248047,1347100
2023-11-08,63.13999938964844,63.15999984741211,62.220001220703125,62.91999816894531,60.31230163574219,1915500
2023-11-09,63.08000183105469,63.9900016784668,63.029998779296875,63.16999816894531,60.55194091796875,2433800
2023-11-10,63.529998779296875,63.79999923706055,62.880001068115234,63.720001220703125,61.07915115356445,1886200
2023-11-13,63.5,63.88999938964844,62.209999084472656,62.25,59.67007064819336,1902000
2023-11-14,63.84000015258789,65.83999633789062,63.84000015258789,65.70999908447266,62.986671447753906,2602100
2023-11-15,65.44999694824219,66.12999725341797,65.0199966430664,65.2699966430664,62.564903259277344,2893400
2023-11-16,65.80000305175781,66.30999755859375,65.5199966430664,65.98999786376953,63.255062103271484,1717000
2023-11-17,66.41000366210938,66.41000366210938,65.66000366210938,65.93000030517578,63.19755554199219,1463700
2023-11-20,65.55999755859375,66.08999633789062,64.6500015258789,65.69000244140625,62.96750259399414,1525900
2023-11-21,65.73999786376953,65.81999969482422,64.87000274658203,65.52999877929688,62.81412887573242,935100
2023-11-22,65.62999725341797,65.9800033569336,64.94999694824219,65.9000015258789,63.168800354003906,1247900
2023-11-24,65.80000305175781,65.87999725341797,65.41999816894531,65.8499984741211,63.12086868286133,419200
2023-11-27,66.08999633789062,66.38999938964844,65.5,66.2699966430664,63.52346420288086,4282200
2023-11-28,66.2699966430664,66.94999694824219,65.87999725341797,66.48999786376953,63.73434066772461,2463800
2023-11-29,66.66000366210938,66.87000274658203,65.55999755859375,65.77999877929688,63.053768157958984,1915900
2023-11-30,66.04000091552734,67.08000183105469,65.72000122070312,66.98999786376953,64.213623046875,3981500
2023-12-01,67.0,67.48999786376953,66.75,67.4800033569336,64.68331909179688,2615000
2023-12-04,67.05999755859375,67.75,66.6500015258789,67.37000274658203,64.57787322998047,1752400
2023-12-05,67.27999877929688,67.48999786376953,66.30999755859375,66.72000122070312,63.95481491088867,1851400
2023-12-06,66.9800033569336,67.26000213623047,66.66000366210938,67.16000366210938,64.37657928466797,2427200
2023-12-07,67.37999725341797,67.77999877929688,66.7699966430664,67.30999755859375,64.52035522460938,1799000
2023-12-08,67.25,67.58000183105469,66.61000061035156,67.44999694824219,64.65455627441406,2275800
2023-12-11,67.19999694824219,68.12999725341797,66.87999725341797,68.02999877929688,65.21051788330078,2652800
2023-12-12,67.94000244140625,67.94000244140625,67.2300033569336,67.62000274658203,64.81752014160156,2433500
2023-12-13,67.55000305175781,70.83999633789062,67.18000030517578,70.79000091552734,67.85614013671875,2310800
2023-12-14,71.33999633789062,71.79000091552734,69.86000061035156,70.31999969482422,67.4056167602539,2902800
2023-12-15,69.41999816894531,70.36000061035156,69.18000030517578,70.05000305175781,67.14680480957031,5245500
2023-12-18,70.08999633789062,70.52999877929688,69.55000305175781,69.76000213623047,66.86882781982422,2122400
2023-12-19,70.0199966430664,70.33999633789062,69.7699966430664,70.01000213623047,67.10845947265625,2166200
2023-12-20,70.0999984741211,70.22000122070312,68.72000122070312,68.7699966430664,65.91985321044922,2321400
2023-12-21,68.87000274658203,69.51000213623047,68.36000061035156,68.87000274658203,66.01571655273438,1204100
2023-12-22,69.33999633789062,70.08000183105469,69.19000244140625,69.4800033569336,66.60042572021484,1448000
2023-12-26,69.4800033569336,71.77999877929688,69.3499984741211,71.63999938964844,68.67090606689453,2816500
2023-12-27,71.4800033569336,72.0,71.06999969482422,71.91000366210938,68.92971801757812,1608900
2023-12-28,70.41999816894531,71.62000274658203,70.41999816894531,71.5999984741211,69.38518524169922,1114100
2023-12-29,71.51000213623047,71.58000183105469,71.01000213623047,71.48999786376953,69.2785873413086,1414000
2024-01-02,71.25,72.45999908447266,70.95999908447266,72.33999633789062,70.10228729248047,1626800
2024-01-03,72.12999725341797,72.5,70.94000244140625,71.58000183105469,69.36580657958984,2702500
2024-01-04,71.81999969482422,72.51000213623047,71.36000061035156,72.29000091552734,70.0538330078125,2264500
2024-01-05,72.2699966430664,72.86000061035156,71.86000061035156,72.56999969482422,70.3251724243164,1900900
2024-01-08,72.5199966430664,73.25,72.22000122070312,73.16999816894531,70.9066162109375,1213000
2024-01-09,72.58999633789062,73.16999816894531,72.30000305175781,73.0199966430664,70.7612533569336,1090400
2024-01-10,72.93000030517578,72.97000122070312,72.2699966430664,72.33000183105469,70.09259796142578,1371800
2024-01-11,72.05999755859375,72.08000183105469,70.75,71.16999816894531,68.96847534179688,1678200
2024-01-12,71.68000030517578,71.81999969482422,71.16999816894531,71.36000061035156,69.15260314941406,1584600
2024-01-16,71.41999816894531,71.43000030517578,70.11000061035156,70.16999816894531,67.9994125366211,2748800
2024-01-17,69.83999633789062,70.7300033569336,68.86000061035156,69.30000305175781,67.15633392333984,1620400
2024-01-18,69.05000305175781,69.26000213623047,68.31999969482422,68.5999984741211,66.47798156738281,1774700
2024-01-19,69.08000183105469,69.08000183105469,67.87999725341797,68.29000091552734,66.17756652832031,1807800
2024-01-22,68.27999877929688,68.48999786376953,67.25,67.6500015258789,65.55736541748047,2985600
2024-01-23,67.56999969482422,67.87999725341797,66.25,67.01000213623047,64.93717193603516,2694900
2024-01-24,67.33999633789062,67.33999633789062,64.95999908447266,65.18000030517578,63.16377258300781,4461100
2024-01-25,66.13999938964844,67.5,65.8499984741211,67.04000091552734,64.96623992919922,5967200
2024-01-26,67.31999969482422,67.79000091552734,66.98999786376953,67.5,65.4120101928711,2284700
2024-01-29,67.44000244140625,68.0,67.2699966430664,67.69999694824219,65.60581970214844,2155800
2024-01-30,67.54000091552734,67.93000030517578,66.97000122070312,67.30999755859375,65.2278823852539,2186700
2024-01-31,67.91000366210938,68.0,66.58000183105469,67.4800033569336,65.39263153076172,15490300
2024-02-01,67.22000122070312,68.37999725341797,66.05999755859375,68.29000091552734,66.17756652832031,2821300
2024-02-02,67.75,67.80000305175781,66.16000366210938,66.87000274658203,64.8014907836914,2000600
2024-02-05,66.1500015258789,66.26000213623047,65.4800033569336,65.55999755859375,63.53201675415039,2401400
2024-02-06,65.44999694824219,65.55999755859375,65.05999755859375,65.12999725341797,63.11531066894531,2395000
2024-02-07,65.26000213623047,65.62999725341797,64.62000274658203,65.44000244140625,63.41572952270508,2106600
2024-02-08,65.06999969482422,65.37999725341797,63.630001068115234,64.72000122070312,62.71800231933594,2574200
2024-02-09,64.45999908447266,64.95999908447266,64.33999633789062,64.69999694824219,62.6986198425293,1761100
2024-02-12,64.79000091552734,65.44000244140625,64.55999755859375,65.37999725341797,63.357582092285156,1659000
2024-02-13,65.05999755859375,65.43000030517578,63.150001525878906,64.41000366210938,62.4175910949707,1679000
2024-02-14,64.54000091552734,65.12000274658203,64.2300033569336,65.02999877929688,63.018409729003906,2308800
2024-02-15,65.38999938964844,66.48999786376953,65.30000305175781,66.45999908447266,64.4041748046875,1813000
2024-02-16,66.13999938964844,66.5999984741211,65.52999877929688,66.30999755859375,64.25881958007812,2538000
2024-02-20,66.19999694824219,67.1500015258789,66.0199966430664,66.54000091552734,64.48170471191406,1922900
2024-02-21,66.94999694824219,68.01000213623047,66.68000030517578,67.94999694824219,65.84808349609375,2136100
2024-02-22,67.5,68.19999694824219,67.05000305175781,67.41999816894531,65.33448028564453,4509600
2024-02-23,68.16999816894531,69.33000183105469,67.58000183105469,68.26000213623047,66.14849090576172,3213600
2024-02-26,68.05000305175781,68.11000061035156,66.52999877929688,66.55000305175781,64.49139404296875,2288000
2024-02-27,66.76000213623047,67.80000305175781,66.66999816894531,67.70999908447266,65.61550903320312,1774600
2024-02-28,67.61000061035156,67.97000122070312,67.0999984741211,67.8499984741211,65.75118255615234,2113700
2024-02-29,68.05000305175781,68.91999816894531,67.66000366210938,68.0199966430664,65.9159164428711,4416000
2024-03-01,67.77999877929688,67.83000183105469,66.37000274658203,66.55000305175781,64.49139404296875,2057300
2024-03-04,66.31999969482422,67.56999969482422,66.26000213623047,67.45999908447266,65.37324523925781,1353300
2024-03-05,67.72000122070312,68.66000366210938,66.81999969482422,67.11000061035156,65.0340805053711,1361800
2024-03-06,67.75,68.55999755859375,67.44000244140625,68.25,66.13880157470703,1292900
2024-03-07,68.91000366210938,69.19999694824219,68.54000091552734,68.95999908447266,66.82684326171875,1193500
2024-03-08,69.0199966430664,69.4800033569336,68.66999816894531,69.2699966430664,67.12725067138672,920300
2024-03-11,69.11000061035156,69.86000061035156,69.0,69.38999938964844,67.24354553222656,1273500
2024-03-12,68.97000122070312,69.5199966430664,68.70999908447266,69.45999908447266,67.3113784790039,1387600
2024-03-13,69.7300033569336,70.30000305175781,69.37999725341797,69.6500015258789,67.49549865722656,1607600
2024-03-14,69.30000305175781,69.68000030517578,67.98999786376953,68.44999694824219,66.33261108398438,1784500
2024-03-15,68.13999938964844,69.19000244140625,68.13999938964844,68.80000305175781,66.67179870605469,4035600
2024-03-18,68.86000061035156,69.31999969482422,68.45999908447266,68.95999908447266,66.82684326171875,1282800
2024-03-19,69.08999633789062,69.63999938964844,68.75,69.5,67.35013580322266,1225500
2024-03-20,69.37999725341797,69.94000244140625,68.79000091552734,69.5,67.35013580322266,1637700
2024-03-21,69.56999969482422,71.08999633789062,69.5199966430664,70.16999816894531,67.9994125366211,1823400
2024-03-22,70.58999633789062,70.58999633789062,69.37000274658203,69.55999755859375,67.40827941894531,1401400
2024-03-25,69.81999969482422,69.91999816894531,69.04000091552734,69.2300033569336,67.0885009765625,1161200
2024-03-26,69.23999786376953,69.33000183105469,68.19000244140625,68.2300033569336,66.11943054199219,1813400
2024-03-27,67.98999786376953,69.45999908447266,67.94000244140625,69.4000015258789,68.03096008300781,1639000
2024-03-28,69.4800033569336,70.83999633789062,69.38999938964844,70.7300033569336,69.33472442626953,1898500
2024-04-01,70.58000183105469,70.58000183105469,69.47000122070312,70.44000244140625,69.05044555664062,1306600
2024-04-02,70.22000122070312,70.80999755859375,69.95999908447266,70.12999725341797,68.7465591430664,1327000
2024-04-03,70.22000122070312,70.48999786376953,69.86000061035156,69.9000015258789,68.5210952758789,1302800
2024-04-04,70.66999816894531,70.70999908447266,69.18000030517578,69.8499984741211,68.47207641601562,1375500
2024-04-05,69.43000030517578,71.26000213623047,69.22000122070312,70.81999969482422,69.42294311523438,2880200
2024-04-08,70.8499984741211,71.33000183105469,70.29000091552734,70.68000030517578,69.28570556640625,1898600
2024-04-09,70.9800033569336,71.20999908447266,70.54000091552734,70.88999938964844,69.49156188964844,1552100
2024-04-10,69.38999938964844,69.38999938964844,68.43000030517578,68.91999816894531,67.5604248046875,1642200
2024-04-11,69.26000213623047,69.43000030517578,68.44000244140625,68.83999633789062,67.48200225830078,1517700
2024-04-12,68.8499984741211,69.36000061035156,68.13999938964844,68.62999725341797,67.2761459350586,1311200
2024-04-15,69.16000366210938,69.22000122070312,67.52999877929688,67.87999725341797,66.54093933105469,1158200
2024-04-16,67.76000213623047,67.80000305175781,66.55999755859375,66.80999755859375,65.4920425415039,1425900
2024-04-17,67.37000274658203,68.12000274658203,67.0,68.04000091552734,66.69778442382812,1719100
2024-04-18,68.37000274658203,68.5199966430664,67.7300033569336,68.12999725341797,66.7860107421875,1359800
2024-04-19,68.27999877929688,70.0999984741211,68.27999877929688,69.93000030517578,68.55049896240234,1342500
2024-04-22,69.94999694824219,71.19999694824219,69.62000274658203,70.66000366210938,69.26610565185547,1438500
2024-04-23,70.69999694824219,71.48999786376953,70.4800033569336,70.8499984741211,69.45235443115234,1713500
2024-04-24,70.19000244140625,71.1500015258789,69.83000183105469,70.81999969482422,69.42294311523438,3702500
2024-04-25,70.69999694824219,71.2699966430664,69.76000213623047,71.12999725341797,69.7268295288086,2164400
2024-04-26,71.16000366210938,71.52999877929688,70.0,70.13999938964844,68.75636291503906,2625000
2024-04-29,70.4800033569336,71.33999633789062,70.44000244140625,71.33000183105469,69.92288208007812,2448500
2024-04-30,71.0,71.83000183105469,70.12999725341797,71.05999755859375,69.65821075439453,3091400
2024-05-01,70.55999755859375,71.9000015258789,69.30999755859375,71.27999877929688,69.87387084960938,2646500
2024-05-02,71.37000274658203,72.08000183105469,71.12999725341797,71.97000122070312,70.55026245117188,2007200
2024-05-03,72.5,72.68000030517578,71.7699966430664,72.33999633789062,70.91295623779297,1476200
2024-05-06,72.5999984741211,73.04000091552734,72.13999938964844,73.0199966430664,71.57954406738281,1289900
2024-05-07,73.5,73.98999786376953,73.0,73.88999938964844,72.43238067626953,1687300
2024-05-08,73.7300033569336,73.97000122070312,73.3499984741211,73.8499984741211,72.39317321777344,1579900
2024-05-09,73.80999755859375,74.87999725341797,73.62000274658203,74.76000213623047,73.28522491455078,2207000
2024-05-10,75.0,75.08999633789062,74.08000183105469,74.88999938964844,73.41265869140625,2189200
2024-05-13,74.94999694824219,75.33999633789062,74.31999969482422,74.44000244140625,72.97154235839844,1262500
2024-05-14,75.5,75.66000366210938,74.5999984741211,74.91999816894531,73.44206237792969,1339800
2024-05-15,75.87999725341797,75.98999786376953,75.1500015258789,75.72000122070312,74.22628021240234,1896700
2024-05-16,75.80999755859375,76.3499984741211,75.76000213623047,75.86000061035156,74.363525390625,1334100
2024-05-17,76.16000366210938,76.38999938964844,75.69999694824219,76.30000305175781,74.79484558105469,1294300
2024-05-20,76.4000015258789,76.4800033569336,75.83000183105469,76.0999984741211,74.59879302978516,1128500
2024-05-21,76.12999725341797,76.83000183105469,75.87999725341797,76.7699966430664,75.25556945800781,1321800
2024-05-22,76.44000244140625,76.58999633789062,75.37999725341797,75.55000305175781,74.05963897705078,1202400
2024-05-23,75.19999694824219,75.19999694824219,74.16999816894531,74.25,72.7852783203125,1884300
2024-05-24,74.48999786376953,74.9000015258789,74.27999877929688,74.56999969482422,73.0989761352539,1496300
2024-05-28,74.5,75.13999938964844,74.08000183105469,74.13999938964844,72.67745208740234,2086300
2024-05-29,73.5199966430664,73.87999725341797,73.13999938964844,73.3499984741211,71.90303802490234,2244800
2024-05-30,73.61000061035156,74.69999694824219,73.58000183105469,74.66999816894531,73.1969985961914,1598300
2024-05-31,74.97000122070312,77.0199966430664,74.73999786376953,76.8499984741211,75.33399200439453,5116600
2024-06-03,76.58000183105469,77.04000091552734,75.95999908447266,76.27999877929688,74.77523803710938,2351700
2024-06-04,75.9800033569336,76.80999755859375,75.5999984741211,76.5199966430664,75.010498046875,1619300
2024-06-05,76.41000366210938,76.4800033569336,75.16000366210938,75.43000030517578,73.94200134277344,1307200
2024-06-06,75.12999725341797,75.97000122070312,74.33000183105469,74.5,73.03035736083984,1278400
2024-06-07,73.97000122070312,74.61000061035156,73.55000305175781,73.9800033569336,72.52061462402344,1386900
2024-06-10,74.05000305175781,74.69999694824219,73.72000122070312,73.8499984741211,72.39317321777344,1649400
2024-06-11,73.23999786376953,73.95999908447266,72.8499984741211,73.61000061035156,72.15791320800781,2303200
2024-06-12,74.51000213623047,74.69999694824219,73.31999969482422,73.55000305175781,72.0990982055664,2007500
2024-06-13,73.62000274658203,74.55000305175781,72.72000122070312,73.44999694824219,72.00106048583984,1150100
2024-06-14,73.02999877929688,73.33000183105469,72.4800033569336,73.20999908447266,71.76580047607422,1336100
2024-06-17,72.62000274658203,72.62000274658203,71.48999786376953,71.52999877929688,70.11894226074219,1982500
2024-06-18,71.29000091552734,71.79000091552734,71.16999816894531,71.4800033569336,70.06993103027344,1365700
2024-06-20,71.38999938964844,72.19000244140625,71.2699966430664,71.87999725341797,70.4620361328125,1751600
2024-06-21,72.01000213623047,72.80000305175781,71.5,71.63999938964844,70.22677612304688,3311100
2024-06-24,71.66999816894531,72.94999694824219,71.43000030517578,72.76000213623047,71.32467651367188,1515100
2024-06-25,72.69999694824219,72.69999694824219,71.5999984741211,71.86000061035156,70.44243621826172,1184500
2024-06-26,71.44999694824219,71.97000122070312,70.9800033569336,71.8499984741211,70.43262481689453,1202900
2024-06-27,71.87000274658203,72.06999969482422,71.52999877929688,72.04000091552734,70.61888122558594,1039800
2024-06-28,72.27999877929688,72.44999694824219,71.23999786376953,71.80999755859375,70.39341735839844,2647100
2024-07-01,72.4000015258789,72.4000015258789,70.91000366210938,71.19000244140625,69.78564453125,1554600
2024-07-02,71.33999633789062,72.33999633789062,71.16999816894531,71.62999725341797,70.21696472167969,2484200
2024-07-03,71.75,72.66000366210938,71.63999938964844,71.81999969482422,70.4032211303711,875300
2024-07-05,71.97000122070312,72.73999786376953,71.7300033569336,72.4000015258789,70.9717788696289,2022300
2024-07-08,71.58999633789062,72.05999755859375,71.33000183105469,71.56999969482422,70.92223358154297,2380400
2024-07-09,71.55000305175781,72.0,71.30999755859375,71.52999877929688,70.8825912475586,1498800
2024-07-10,71.91000366210938,72.47000122070312,71.54000091552734,72.38999938964844,71.73480987548828,1038700
2024-07-11,72.83999633789062,74.3499984741211,72.7300033569336,74.27999877929688,73.60770416259766,1182600
2024-07-12,74.55999755859375,75.44999694824219,74.5,74.83999633789062,74.16262817382812,1478200
2024-07-15,74.18000030517578,74.18000030517578,72.91999816894531,73.05000305175781,72.38883972167969,1541200
2024-07-16,73.72000122070312,74.22000122070312,73.20999908447266,73.91999816894531,73.25096130371094,1861500
2024-07-17,74.22000122070312,76.05999755859375,74.22000122070312,75.3499984741211,74.66801452636719,2916900
2024-07-18,75.02999877929688,76.41999816894531,74.95999908447266,75.08999633789062,74.41036987304688,2459800
2024-07-19,75.3499984741211,75.41999816894531,74.55999755859375,74.94000244140625,74.26173400878906,1325200
2024-07-22,74.81999969482422,75.37000274658203,74.55000305175781,75.19999694824219,74.51937103271484,1165000
2024-07-23,75.12000274658203,75.44000244140625,74.93000030517578,75.11000061035156,74.43019104003906,1131400
2024-07-24,75.88999938964844,76.5,75.30999755859375,76.04000091552734,75.35177612304688,1378900
2024-07-25,76.4800033569336,77.58999633789062,76.20999908447266,76.43000030517578,75.73824310302734,1998000
2024-07-26,76.94999694824219,79.51000213623047,76.30000305175781,78.51000213623047,77.79942321777344,2775700
2024-07-29,78.62999725341797,79.01000213623047,77.62000274658203,78.19999694824219,77.49221801757812,2030800
2024-07-30,78.0999984741211,79.5,78.05000305175781,79.37999725341797,78.66154479980469,1922400
2024-07-31,79.75,80.5199966430664,79.05999755859375,80.01000213623047,79.28584289550781,4308300
2024-08-01,80.5,81.87999725341797,80.18000030517578,81.61000061035156,80.8713607788086,1834000
2024-08-02,82.58000183105469,83.05000305175781,80.73999786376953,82.2699966430664,81.52538299560547,2263900
2024-08-05,82.33999633789062,82.62999725341797,79.66999816894531,80.55000305175781,79.82096099853516,2419300
2024-08-06,80.66999816894531,82.58999633789062,80.30999755859375,81.52999877929688,80.79208374023438,2139000
2024-08-07,82.12000274658203,82.61000061035156,81.20999908447266,81.63999938964844,80.90108489990234,1484800
2024-08-08,81.30000305175781,82.41000366210938,80.77999877929688,81.7300033569336,80.99028015136719,2280200
2024-08-09,81.94999694824219,82.08000183105469,80.45999908447266,81.9800033569336,81.2380142211914,2467900
2024-08-12,82.01000213623047,82.44000244140625,81.4800033569336,82.41000366210938,81.66412353515625,1495400
2024-08-13,82.5,82.9800033569336,82.25,82.91000366210938,82.15959930419922,2365800
2024-08-14,82.98999786376953,83.80000305175781,82.3499984741211,83.13999938964844,82.38751220703125,2120500
2024-08-15,82.75,83.58999633789062,82.0999984741211,83.16000366210938,82.40733337402344,1858500
2024-08-16,83.55999755859375,83.6500015258789,82.94999694824219,83.41000366210938,82.65507507324219,1325900
2024-08-19,83.54000091552734,83.9800033569336,83.20999908447266,83.88999938964844,83.13072204589844,1145200
2024-08-20,84.0,84.12999725341797,83.37000274658203,83.70999908447266,82.95235443115234,1603600
2024-08-21,83.73999786376953,84.41999816894531,83.69999694824219,84.18000030517578,83.41809844970703,1091000
2024-08-22,84.16000366210938,84.5,83.98999786376953,84.37000274658203,83.60638427734375,1347300
2024-08-23,84.73999786376953,85.0,84.37999725341797,84.76000213623047,83.99285125732422,785100
2024-08-26,85.0,85.95999908447266,84.81999969482422,85.41000366210938,84.63697052001953,785500
2024-08-27,85.19000244140625,85.45999908447266,84.6500015258789,84.77999877929688,84.01266479492188,881600
2024-08-28,85.01000213623047,85.33999633789062,84.58000183105469,85.0,84.23067474365234,1530600
2024-08-29,86.05000305175781,87.13999938964844,85.5,86.5,85.71710205078125,2018500
2024-08-30,86.72000122070312,87.48999786376953,85.69000244140625,87.02999877929688,86.24230194091797,3560000
2024-09-03,86.98999786376953,87.88999938964844,86.43000030517578,87.33000183105469,86.53958892822266,1769800
2024-09-04,87.66999816894531,88.7699966430664,87.27999877929688,87.72000122070312,86.92606353759766,1889000
2024-09-05,88.38999938964844,88.68000030517578,87.30000305175781,87.63999938964844,86.84678649902344,1579800
2024-09-06,87.86000061035156,88.11000061035156,86.62999725341797,86.6500015258789,85.8657455444336,1564500
2024-09-09,86.73999786376953,86.73999786376953,84.95999908447266,86.08999633789062,85.31080627441406,3105600
2024-09-10,86.19000244140625,86.95999908447266,83.30000305175781,84.62000274658203,83.85411834716797,4348200
2024-09-11,84.52999877929688,84.52999877929688,83.05000305175781,84.23999786376953,83.47755432128906,3121400
2024-09-12,84.2699966430664,84.83999633789062,84.08000183105469,84.62999725341797,83.86402130126953,1920500
2024-09-13,84.93000030517578,85.48999786376953,84.55999755859375,85.41999816894531,84.6468734741211,1349900
2024-09-16,85.9800033569336,86.63999938964844,85.87999725341797,86.25,85.46936798095703,2668700
2024-09-17,86.22000122070312,86.36000061035156,85.87000274658203,86.05999755859375,85.28108215332031,1281100
2024-09-18,85.83000183105469,86.12999725341797,84.91000366210938,85.29000091552734,84.51805114746094,1404900
2024-09-19,85.01000213623047,85.44000244140625,84.12000274658203,84.19000244140625,83.42800903320312,1863300
2024-09-20,84.12999725341797,85.61000061035156,83.56999969482422,85.43000030517578,84.65678405761719,4678900
2024-09-23,85.80000305175781,86.30000305175781,85.4800033569336,86.0999984741211,85.32071685791016,1028700
2024-09-24,85.73999786376953,86.86000061035156,85.38999938964844,85.94000244140625,85.16217041015625,1736800
2024-09-25,86.43000030517578,86.58000183105469,85.30000305175781,85.5,84.72615051269531,1907600
2024-09-26,85.44000244140625,86.66000366210938,85.37000274658203,86.23999786376953,85.4594497680664,3126900
2024-09-27,86.56999969482422,87.0999984741211,86.30000305175781,86.80999755859375,86.0242919921875,1092600
2024-09-30,87.08999633789062,87.19000244140625,86.0,87.08999633789062,86.3017578125,1994500
2024-10-01,87.0999984741211,87.95999908447266,86.61000061035156,87.7300033569336,86.93597412109375,1704100
2024-10-02,87.12999725341797,88.06999969482422,87.12000274658203,87.4800033569336,86.688232421875,1945200
2024-10-03,87.83999633789062,87.83999633789062,86.23999786376953,86.6500015258789,85.8657455444336,1472900
2024-10-04,86.05000305175781,86.30000305175781,85.52999877929688,86.18000030517578,85.4000015258789,1464800
2024-10-07,85.37000274658203,85.47000122070312,84.36000061035156,84.66000366210938,84.66000366210938,1669200
2024-10-08,84.86000061035156,85.44000244140625,84.5,84.88999938964844,84.88999938964844,1233100
2024-10-09,84.69000244140625,85.22000122070312,84.0,84.44999694824219,84.44999694824219,2227900
