Date,Open,High,Low,Close,Adj Close,Volume
2000-12-08,7.90625,11.4375,7.5625,10.0,5.355264663696289,17149800
2000-12-11,11.34375,11.375,9.9375,10.59375,5.6732330322265625,2919200
2000-12-12,10.609375,10.625,9.6875,9.9375,5.321795463562012,1077400
2000-12-13,10.375,10.4375,9.875,9.9375,5.321795463562012,422400
2000-12-14,9.992188453674316,10.125,9.9375,10.0625,5.388736724853516,265400
2000-12-15,10.125,10.125,9.0,10.0625,5.388736724853516,950200
2000-12-18,10.25,10.25,9.71875,10.03125,5.371999740600586,483600
2000-12-19,10.023438453674316,10.03125,9.625,9.8125,5.25485372543335,457400
2000-12-20,9.6875,9.8125,9.0,9.125,4.886679649353027,1228800
2000-12-21,9.03125,9.25,8.875,9.09375,4.869943618774414,1017400
2000-12-22,9.3125,9.6875,9.25,9.625,5.154442310333252,416000
2000-12-26,9.65625,9.6875,9.4375,9.5,5.087502956390381,754000
2000-12-27,9.453125,9.5625,9.125,9.28125,4.970354080200195,361400
2000-12-28,9.3125,9.6875,9.15625,9.3125,4.98708963394165,1048600
2000-12-29,9.5,10.0625,9.375,9.875,5.288324356079102,232800
2001-01-02,10.085938453674316,10.125,9.34375,9.625,5.154442310333252,330400
2001-01-03,9.390625,9.6875,8.75,8.8125,4.719327449798584,545400
2001-01-04,8.96875,9.5,8.8125,9.03125,4.836472034454346,287600
2001-01-05,9.054688453674316,9.25,8.875,9.0625,4.853207111358643,962000
2001-01-08,9.0,9.09375,8.75,8.75,4.685856819152832,631000
2001-01-09,8.953125,9.0,8.5,8.625,4.618916034698486,821800
2001-01-10,8.59375,8.625,8.375,8.5,4.551974296569824,976800
2001-01-11,8.515625,9.25,8.5,9.09375,4.869943618774414,1357000
2001-01-12,9.296875,9.625,9.25,9.5625,5.120972633361816,566200
2001-01-16,9.8125,10.25,9.4375,9.5,5.087502956390381,663200
2001-01-17,9.554688453674316,9.9375,9.4375,9.6875,5.187912940979004,486000
2001-01-18,9.742188453674316,9.75,9.25,9.5,5.087502956390381,292800
2001-01-19,9.53125,9.625,9.125,9.1875,4.920150279998779,254200
2001-01-22,9.3125,9.3125,8.8125,8.9375,4.7862701416015625,764600
2001-01-23,9.125,9.1875,8.9375,8.9375,4.7862701416015625,442600
2001-01-24,8.945313453674316,9.0,8.46875,8.5,4.551974296569824,1197200
2001-01-25,8.625,9.0,8.125,8.9375,4.7862701416015625,985800
2001-01-26,8.75,9.6875,8.6875,9.3125,4.98708963394165,249000
2001-01-29,9.492188453674316,10.0,9.3125,9.96875,5.338528633117676,206600
2001-01-30,9.96875,10.03125,9.46875,10.03125,5.371999740600586,188800
2001-01-31,9.882813453674316,10.03125,9.6875,9.71875,5.204648971557617,84200
2001-02-01,9.6875,10.03125,9.6875,9.9375,5.321795463562012,100600
2001-02-02,10.03125,10.875,10.0,10.8125,5.790380477905273,477200
2001-02-05,11.03125,12.1875,10.875,11.9375,6.392847061157227,562400
2001-02-06,12.117188453674316,12.84375,11.9375,12.375,6.627142429351807,585600
2001-02-07,12.0625,12.5,11.9375,12.1875,6.526727199554443,189400
2001-02-08,12.132813453674316,12.6875,12.125,12.5625,6.7275519371032715,451400
2001-02-09,12.53125,12.59375,12.0,12.0,6.4263200759887695,730200
2001-02-12,12.125,12.1875,11.75,11.75,6.292438983917236,2362200
2001-02-13,11.90625,12.3125,11.6875,12.1875,6.526727199554443,228600
2001-02-14,12.25,12.3125,10.6875,11.125,5.957732200622559,1363600
2001-02-15,11.375,11.5,10.375,10.625,5.689970016479492,359400
2001-02-16,10.59375,11.1875,10.0625,10.6875,5.723437786102295,264200
2001-02-20,11.0,11.0,9.5625,9.8125,5.25485372543335,391400
2001-02-21,9.632813453674316,10.0625,9.4375,9.8125,5.25485372543335,196800
2001-02-22,9.804688453674316,9.8125,9.28125,9.28125,4.970354080200195,197400
2001-02-23,9.25,10.28125,9.1875,10.25,5.489145755767822,122800
2001-02-26,10.25,10.75,10.226563453674316,10.609375,5.681601524353027,118600
2001-02-27,10.75,11.0,10.6875,11.0,5.890788555145264,271800
2001-02-28,11.0625,11.0625,10.90625,10.9375,5.857322692871094,142600
2001-03-01,10.875,10.9375,9.4375,10.0,5.355264663696289,232000
2001-03-02,10.09375,10.125,9.625,10.0625,5.388736724853516,167000
2001-03-05,10.25,10.5625,10.09375,10.4375,5.589556694030762,110000
2001-03-06,10.5,10.6875,10.0,10.0,5.355264663696289,257000
2001-03-07,10.359375,10.4375,10.03125,10.3125,5.522615909576416,175800
2001-03-08,10.375,10.375,9.75,9.9375,5.321795463562012,137000
2001-03-09,9.984375,10.25,9.75,9.8125,5.25485372543335,140000
2001-03-12,9.625,9.8125,9.0625,9.0625,4.853207111358643,255000
2001-03-13,9.1875,9.5,9.09375,9.4375,5.054030895233154,229200
2001-03-14,9.25,10.125,9.125,9.90625,5.30505895614624,184000
2001-03-15,9.96875,10.25,9.9375,10.125,5.422205448150635,57200
2001-03-16,10.1875,10.1875,9.84375,9.84375,5.271587371826172,75800
2001-03-19,9.84375,9.875,9.4375,9.6875,5.187912940979004,120800
2001-03-20,9.75,10.25,9.5625,9.5625,5.120972633361816,309800
2001-03-21,9.5625,10.0625,9.5625,9.96875,5.338528633117676,75200
2001-03-22,10.054688453674316,10.0625,9.625,9.8125,5.25485372543335,126800
2001-03-23,10.0,10.3125,9.8125,10.0,5.355264663696289,339800
2001-03-26,10.0,10.3125,9.9375,10.125,5.422205448150635,491400
2001-03-27,9.9375,10.125,9.875,9.875,5.288324356079102,230800
2001-03-28,9.8125,9.9375,9.0,9.375,5.020561695098877,172400
2001-03-29,9.375,9.5625,9.0625,9.53125,5.104237079620361,129600
2001-03-30,9.5,10.0,9.5,9.9375,5.321795463562012,97200
2001-04-02,9.6875,10.0,9.6875,9.875,5.288324356079102,125000
2001-04-03,10.0,10.0625,9.25,9.25,4.953619956970215,224600
2001-04-04,9.4375,10.125,9.1875,10.03125,5.371999740600586,190000
2001-04-05,10.125,10.1875,9.96875,10.125,5.422205448150635,109600
2001-04-06,10.0625,10.0625,9.5,9.5625,5.120972633361816,138800
2001-04-09,9.460000038146973,9.460000038146973,8.975000381469727,9.125,4.886679649353027,801400
2001-04-10,9.324999809265137,9.375,9.225000381469727,9.274999618530273,4.967010498046875,488200
2001-04-11,9.449999809265137,9.449999809265137,9.130000114440918,9.15999984741211,4.905425071716309,347600
2001-04-12,9.100000381469727,9.25,9.050000190734863,9.050000190734863,4.846514701843262,120000
2001-04-16,9.050000190734863,9.220000267028809,8.949999809265137,9.024999618530273,4.833127021789551,149600
2001-04-17,9.079999923706055,9.25,9.079999923706055,9.199999809265137,4.926842212677002,80600
2001-04-18,9.274999618530273,9.5,8.899999618530273,9.0,4.819738388061523,599400
2001-04-19,9.039999961853027,9.069999694824219,9.0,9.0,4.819738388061523,258400
2001-04-20,9.25,9.3100004196167,9.095000267028809,9.279999732971191,4.969685077667236,391200
2001-04-23,9.25,9.25,9.175000190734863,9.234999656677246,4.945586681365967,151600
2001-04-24,9.149999618530273,9.25,9.130000114440918,9.199999809265137,4.926842212677002,135400
2001-04-25,9.164999961853027,9.300000190734863,9.0649995803833,9.100000381469727,4.873290061950684,366200
2001-04-26,9.079999923706055,9.375,9.074999809265137,9.324999809265137,4.993785381317139,350600
2001-04-27,9.375,10.024999618530273,9.350000381469727,10.024999618530273,5.368650913238525,956000
2001-04-30,10.375,11.524999618530273,9.694999694824219,10.5,5.6230292320251465,1306400
2001-05-01,10.5,10.850000381469727,10.5,10.770000457763672,5.7676191329956055,393600
2001-05-02,10.824999809265137,11.0,10.454999923706055,10.5,5.6230292320251465,754200
2001-05-03,10.5,10.600000381469727,10.449999809265137,10.529999732971191,5.639094829559326,512600
2001-05-04,10.539999961853027,11.069999694824219,10.5,10.925000190734863,5.850626468658447,189000
2001-05-07,11.0,11.0,10.765000343322754,10.899999618530273,5.837239742279053,76000
2001-05-08,11.074999809265137,11.545000076293945,10.949999809265137,11.510000228881836,6.1639084815979,244000
2001-05-09,11.524999618530273,11.75,11.5,11.704999923706055,6.268337726593018,108800
2001-05-10,11.875,12.300000190734863,11.845000267028809,12.234999656677246,6.552165985107422,306400
2001-05-11,12.229999542236328,12.350000381469727,11.899999618530273,11.949999809265137,6.399543285369873,448400
2001-05-14,11.949999809265137,11.949999809265137,11.399999618530273,11.399999618530273,6.105002403259277,278200
2001-05-15,11.5,11.925000190734863,11.305000305175781,11.774999618530273,6.305823802947998,375200
2001-05-16,11.9399995803833,11.944999694824219,11.350000381469727,11.539999961853027,6.179975986480713,210600
2001-05-17,11.699999809265137,12.395000457763672,11.5,12.34000015258789,6.608399391174316,348400
2001-05-18,12.345000267028809,12.350000381469727,12.0,12.130000114440918,6.495936393737793,335600
2001-05-21,12.055000305175781,12.055000305175781,11.725000381469727,11.824999809265137,6.332603454589844,182800
2001-05-22,11.75,11.949999809265137,11.449999809265137,11.5,6.1585540771484375,337800
2001-05-23,11.5,11.704999923706055,11.46500015258789,11.46500015258789,6.139809608459473,96600
2001-05-24,11.550000190734863,11.649999618530273,11.5,11.649999618530273,6.238882541656494,452400
2001-05-25,11.649999618530273,11.649999618530273,11.475000381469727,11.53499984741211,6.1772966384887695,342200
2001-05-29,11.524999618530273,11.600000381469727,11.005000114440918,11.024999618530273,5.904178619384766,731200
2001-05-30,10.869999885559082,10.899999618530273,9.949999809265137,10.149999618530273,5.43559455871582,647200
2001-05-31,9.875,10.0649995803833,9.579999923706055,10.005000114440918,5.357942581176758,830400
2001-06-01,9.970000267028809,10.050000190734863,9.90999984741211,10.005000114440918,5.357942581176758,571800
2001-06-04,9.960000038146973,10.039999961853027,9.625,9.9399995803833,5.323134422302246,617800
2001-06-05,9.8149995803833,10.899999618530273,9.8149995803833,10.425000190734863,5.582862377166748,1325200
2001-06-06,10.430000305175781,11.199999809265137,10.324999809265137,10.654999732971191,5.7060346603393555,1691400
2001-06-07,10.739999771118164,11.225000381469727,10.5600004196167,11.050000190734863,5.917568683624268,375800
2001-06-08,11.279999732971191,11.46500015258789,11.074999809265137,11.300000190734863,6.05144739151001,436200
2001-06-11,11.255000114440918,11.300000190734863,10.899999618530273,10.979999542236328,5.880080699920654,275400
2001-06-12,11.029999732971191,11.145000457763672,10.949999809265137,11.074999809265137,5.9309539794921875,212000
2001-06-13,11.1850004196167,11.324999809265137,10.875,11.0,5.890788555145264,297200
2001-06-14,11.050000190734863,11.100000381469727,10.949999809265137,11.0,5.890788555145264,178200
2001-06-15,10.949999809265137,11.295000076293945,10.949999809265137,11.274999618530273,6.038059711456299,155800
2001-06-18,11.274999618530273,11.300000190734863,11.100000381469727,11.125,5.957732200622559,84200
2001-06-19,11.204999923706055,11.274999618530273,10.954999923706055,11.125,5.957732200622559,210000
2001-06-20,11.100000381469727,11.25,11.0,11.225000381469727,6.011285305023193,185000
2001-06-21,11.149999618530273,11.175000190734863,10.949999809265137,11.039999961853027,5.912214279174805,163400
2001-06-22,11.055000305175781,11.28499984741211,11.029999732971191,11.25,6.024674892425537,394400
2001-06-25,11.225000381469727,11.335000038146973,11.199999809265137,11.204999923706055,6.000573635101318,272600
2001-06-26,11.270000457763672,11.270000457763672,11.175000190734863,11.175000190734863,5.984508037567139,210000
2001-06-27,11.175000190734863,11.5,11.149999618530273,11.494999885559082,6.1558756828308105,316600
2001-06-28,11.5,11.649999618530273,11.324999809265137,11.494999885559082,6.1558756828308105,311800
2001-06-29,11.510000228881836,11.625,11.300000190734863,11.425000190734863,6.118389129638672,282400
2001-07-02,11.555000305175781,11.625,11.5,11.579999923706055,6.201397895812988,155400
2001-07-03,11.619999885559082,11.649999618530273,11.5,11.579999923706055,6.201397895812988,75800
2001-07-05,11.574999809265137,11.649999618530273,11.524999618530273,11.600000381469727,6.212104320526123,154400
2001-07-06,11.579999923706055,11.704999923706055,11.574999809265137,11.670000076293945,6.249593734741211,362000
2001-07-09,11.630000114440918,11.65999984741211,11.600000381469727,11.649999618530273,6.238882541656494,181600
2001-07-10,11.649999618530273,11.725000381469727,11.600000381469727,11.680000305175781,6.25494909286499,347000
2001-07-11,11.574999809265137,11.675000190734863,11.199999809265137,11.204999923706055,6.000573635101318,180400
2001-07-12,11.229999542236328,11.375,11.229999542236328,11.375,6.091614723205566,311200
2001-07-13,11.375,11.425000190734863,11.324999809265137,11.375,6.091614723205566,145200
2001-07-16,11.399999618530273,11.449999809265137,11.225000381469727,11.300000190734863,6.05144739151001,53400
2001-07-17,11.449999809265137,11.449999809265137,11.225000381469727,11.3149995803833,6.059482574462891,101800
2001-07-18,11.324999809265137,11.335000038146973,11.1899995803833,11.199999809265137,5.997896671295166,118600
2001-07-19,11.199999809265137,11.475000381469727,11.175000190734863,11.350000381469727,6.078226566314697,180800
2001-07-20,11.329999923706055,11.449999809265137,11.329999923706055,11.425000190734863,6.118389129638672,88400
2001-07-23,11.380000114440918,11.449999809265137,11.300000190734863,11.350000381469727,6.078226566314697,167800
2001-07-24,11.3149995803833,11.324999809265137,10.460000038146973,10.600000381469727,5.676581382751465,287400
2001-07-25,10.675000190734863,10.675000190734863,10.25,10.40999984741211,5.574832439422607,129600
2001-07-26,10.305000305175781,10.600000381469727,10.100000381469727,10.5,5.6230292320251465,407400
2001-07-27,10.550000190734863,11.079999923706055,10.5,10.994999885559082,5.888113498687744,90800
2001-07-30,10.885000228881836,11.050000190734863,10.880000114440918,11.0,5.890788555145264,219800
2001-07-31,10.899999618530273,11.024999618530273,10.75,10.899999618530273,5.837239742279053,107400
2001-08-01,11.079999923706055,11.25,10.100000381469727,10.279999732971191,5.50521183013916,1476000
2001-08-02,10.300000190734863,10.300000190734863,9.824999809265137,9.859999656677246,5.280289649963379,1024200
2001-08-03,9.904999732971191,9.925000190734863,9.375,9.595000267028809,5.138376712799072,530400
2001-08-06,9.664999961853027,9.90999984741211,9.579999923706055,9.90999984741211,5.307067394256592,833600
2001-08-07,9.960000038146973,9.960000038146973,9.880000114440918,9.895000457763672,5.299033164978027,136000
2001-08-08,9.920000076293945,9.920000076293945,9.699999809265137,9.774999618530273,5.234769344329834,142200
2001-08-09,9.869999885559082,9.875,9.604999542236328,9.699999809265137,5.194607257843018,491600
2001-08-10,9.774999618530273,9.774999618530273,9.710000038146973,9.75,5.2213826179504395,185400
2001-08-13,9.649999618530273,9.75,9.529999732971191,9.529999732971191,5.103566646575928,1976800
2001-08-14,9.529999732971191,9.75,9.475000381469727,9.550000190734863,5.114277362823486,1006000
2001-08-15,9.539999961853027,9.850000381469727,9.524999618530273,9.645000457763672,5.165152549743652,921600
2001-08-16,9.654999732971191,9.65999984741211,9.550000190734863,9.59000015258789,5.135697364807129,221400
2001-08-17,9.529999732971191,9.545000076293945,9.475000381469727,9.524999618530273,5.100890636444092,417200
2001-08-20,9.550000190734863,9.550000190734863,9.449999809265137,9.475000381469727,5.074113368988037,584200
2001-08-21,9.5,9.645000457763672,9.40999984741211,9.510000228881836,5.092856407165527,210400
2001-08-22,9.454999923706055,10.045000076293945,9.449999809265137,9.920000076293945,5.3124237060546875,96400
2001-08-23,10.024999618530273,10.354999542236328,9.850000381469727,9.850000381469727,5.274936199188232,122000
2001-08-24,9.824999809265137,10.175000190734863,9.824999809265137,10.005000114440918,5.357942581176758,79000
2001-08-27,10.119999885559082,10.130000114440918,9.850000381469727,9.850000381469727,5.274936199188232,82800
2001-08-28,10.125,10.125,9.75,9.8149995803833,5.256190776824951,67000
2001-08-29,9.975000381469727,9.975000381469727,9.8149995803833,9.949999809265137,5.328488826751709,42000
2001-08-30,9.975000381469727,9.984999656677246,9.875,9.875,5.288324356079102,47800
2001-08-31,9.90999984741211,9.975000381469727,9.875,9.925000190734863,5.315099716186523,23400
2001-09-04,9.970000267028809,10.199999809265137,9.90999984741211,10.024999618530273,5.368650913238525,283800
2001-09-05,10.085000038146973,10.225000381469727,10.024999618530273,10.085000038146973,5.400784015655518,177200
2001-09-06,10.0,10.399999618530273,10.0,10.100000381469727,5.408817768096924,358600
2001-09-07,10.0600004196167,10.25,9.850000381469727,9.850000381469727,5.274936199188232,282600
2001-09-10,9.854999542236328,10.03499984741211,9.630000114440918,10.0,5.355264663696289,308600
2001-09-17,8.920000076293945,9.75,8.920000076293945,9.5,5.087502956390381,549200
2001-09-18,9.579999923706055,9.579999923706055,8.96500015258789,9.0,4.819738388061523,1371000
2001-09-19,9.0,9.199999809265137,8.350000381469727,8.395000457763672,4.495744705200195,688000
2001-09-20,7.375,7.650000095367432,7.150000095367432,7.199999809265137,3.855790615081787,941000
2001-09-21,6.940000057220459,7.25,6.349999904632568,7.25,3.882565975189209,1003000
2001-09-24,7.525000095367432,8.199999809265137,7.519999980926514,7.900000095367432,4.2306599617004395,292400
2001-09-25,7.96999979019165,8.020000457763672,7.349999904632568,7.699999809265137,4.123554229736328,253800
2001-09-26,7.695000171661377,8.050000190734863,7.599999904632568,7.974999904632568,4.270823955535889,159400
2001-09-27,8.074999809265137,8.074999809265137,7.949999809265137,7.980000019073486,4.273500919342041,238800
2001-09-28,8.050000190734863,8.100000381469727,7.980000019073486,8.055000305175781,4.313663959503174,1368400
2001-10-01,8.050000190734863,8.050000190734863,7.940000057220459,7.974999904632568,4.270823955535889,1061600
2001-10-02,8.149999618530273,8.149999618530273,7.699999809265137,7.75,4.15032958984375,1451000
2001-10-03,7.75,7.875,7.579999923706055,7.775000095367432,4.163719177246094,295400
2001-10-04,7.849999904632568,8.149999618530273,7.625,7.989999771118164,4.2788567543029785,448400
2001-10-05,7.974999904632568,8.149999618530273,7.925000190734863,8.03499984741211,4.302955627441406,167200
2001-10-08,8.095000267028809,8.125,7.960000038146973,8.0,4.284211158752441,355000
2001-10-09,8.074999809265137,8.074999809265137,7.925000190734863,7.949999809265137,4.257436752319336,550000
2001-10-10,8.0,8.149999618530273,7.925000190734863,8.0,4.284211158752441,529800
2001-10-11,8.125,8.895000457763672,8.125,8.609999656677246,4.6108832359313965,139600
2001-10-12,8.699999809265137,8.875,8.475000381469727,8.699999809265137,4.659080982208252,86600
2001-10-15,8.600000381469727,8.800000190734863,8.600000381469727,8.710000038146973,4.664435386657715,29200
2001-10-16,8.744999885559082,8.744999885559082,8.59000015258789,8.600000381469727,4.605527877807617,55000
2001-10-17,8.524999618530273,8.625,8.375,8.425000190734863,4.51181173324585,157000
2001-10-18,8.460000038146973,8.5,8.399999618530273,8.399999618530273,4.498421669006348,36400
2001-10-19,8.5,8.524999618530273,8.274999618530273,8.274999618530273,4.4314799308776855,33600
2001-10-22,8.489999771118164,8.524999618530273,8.34000015258789,8.5,4.551974296569824,49600
2001-10-23,8.5,8.524999618530273,8.425000190734863,8.515000343322754,4.560007572174072,44400
2001-10-24,8.520000457763672,8.524999618530273,8.25,8.524999618530273,4.565364360809326,72600
2001-10-25,8.524999618530273,8.524999618530273,8.350000381469727,8.454999923706055,4.527877330780029,71200
2001-10-26,8.520000457763672,8.574999809265137,8.404999732971191,8.569999694824219,4.589461326599121,288800
2001-10-29,8.524999618530273,8.524999618530273,8.475000381469727,8.5,4.551974296569824,43400
2001-10-30,8.520000457763672,8.520000457763672,8.100000381469727,8.289999961853027,4.439513683319092,130200
2001-10-31,8.375,8.475000381469727,8.204999923706055,8.404999732971191,4.501099586486816,80200
2001-11-01,8.350000381469727,8.520000457763672,8.125,8.444999694824219,4.522520542144775,412200
2001-11-02,8.484999656677246,8.5,8.404999732971191,8.449999809265137,4.525198936462402,64400
2001-11-05,8.510000228881836,8.524999618530273,8.350000381469727,8.395000457763672,4.495744705200195,100000
2001-11-06,8.430000305175781,8.505000114440918,8.25,8.425000190734863,4.51181173324585,53000
2001-11-07,8.494999885559082,8.520000457763672,8.4350004196167,8.475000381469727,4.5385870933532715,37800
2001-11-08,8.5,8.600000381469727,8.40999984741211,8.40999984741211,4.503777503967285,125000
2001-11-09,8.489999771118164,8.489999771118164,8.399999618530273,8.475000381469727,4.5385870933532715,35000
2001-11-12,8.454999923706055,8.479999542236328,8.385000228881836,8.425000190734863,4.51181173324585,107000
2001-11-13,8.550000190734863,8.550000190734863,8.399999618530273,8.524999618530273,4.565364360809326,310200
2001-11-14,8.524999618530273,8.524999618530273,8.260000228881836,8.28499984741211,4.436837673187256,270600
2001-11-15,8.5,8.524999618530273,8.225000381469727,8.444999694824219,4.522520542144775,152600
2001-11-16,8.484999656677246,8.550000190734863,8.255000114440918,8.524999618530273,4.565364360809326,232600
2001-11-19,8.524999618530273,8.550000190734863,8.449999809265137,8.520000457763672,4.562685012817383,125800
2001-11-20,8.5,8.520000457763672,8.25,8.5,4.551974296569824,46200
2001-11-21,8.399999618530273,8.520000457763672,8.375,8.444999694824219,4.522520542144775,122200
2001-11-23,8.354999542236328,8.5,8.354999542236328,8.46500015258789,4.533230781555176,29800
2001-11-26,8.5,8.600000381469727,8.225000381469727,8.600000381469727,4.605527877807617,341800
2001-11-27,8.524999618530273,8.649999618530273,8.5,8.550000190734863,4.578751564025879,131200
2001-11-28,8.529999732971191,8.625,8.515000343322754,8.529999732971191,4.5680413246154785,147400
2001-11-29,8.529999732971191,8.625,8.505000114440918,8.609999656677246,4.6108832359313965,64600
2001-11-30,8.569999694824219,8.75,8.569999694824219,8.725000381469727,4.672469139099121,535200
2001-12-03,8.75,9.029999732971191,8.699999809265137,8.970000267028809,4.803672790527344,381600
2001-12-04,9.0,9.0,8.850000381469727,8.9399995803833,4.7876057624816895,91400
2001-12-05,9.0,9.125,8.899999618530273,9.0,4.819738388061523,212800
2001-12-06,9.0,9.050000190734863,8.875,8.994999885559082,4.817060470581055,84400
2001-12-07,9.0,9.045000076293945,8.875,9.015000343322754,4.827770233154297,125600
2001-12-10,9.024999618530273,9.494999885559082,9.024999618530273,9.46500015258789,5.068758964538574,576800
2001-12-11,9.494999885559082,9.5600004196167,9.399999618530273,9.550000190734863,5.114277362823486,1029600
2001-12-12,9.545000076293945,9.744999885559082,9.425000190734863,9.699999809265137,5.194607257843018,866800
2001-12-13,9.694999694824219,9.704999923706055,9.604999542236328,9.630000114440918,5.157120227813721,539000
2001-12-14,9.680000305175781,9.8149995803833,9.635000228881836,9.75,5.2213826179504395,195000
2001-12-17,9.795000076293945,10.024999618530273,9.704999923706055,10.005000114440918,5.357942581176758,605000
2001-12-18,10.055000305175781,10.675000190734863,10.050000190734863,10.520000457763672,5.633738994598389,588800
2001-12-19,10.5,10.524999618530273,10.0,10.010000228881836,5.36061954498291,121200
2001-12-20,10.175000190734863,10.350000381469727,10.079999923706055,10.279999732971191,5.50521183013916,144600
2001-12-21,10.199999809265137,10.550000190734863,10.199999809265137,10.505000114440918,5.625705242156982,278000
2001-12-24,10.600000381469727,10.604999542236328,10.449999809265137,10.545000076293945,5.6471266746521,94800
2001-12-26,10.625,10.630000114440918,10.414999961853027,10.545000076293945,5.6471266746521,203800
2001-12-27,10.5,10.680000305175781,10.5,10.574999809265137,5.6631927490234375,541000
2001-12-28,10.579999923706055,10.75,10.5,10.65999984741211,5.708711624145508,160800
2001-12-31,10.71500015258789,10.75,10.579999923706055,10.65999984741211,5.708711624145508,129800
2002-01-02,10.505000114440918,10.649999618530273,10.505000114440918,10.625,5.689970016479492,182400
2002-01-03,10.625,10.6850004196167,10.550000190734863,10.645000457763672,5.700680255889893,351200
2002-01-04,10.609999656677246,10.6899995803833,10.609999656677246,10.680000305175781,5.719422340393066,292200
2002-01-07,10.675000190734863,10.680000305175781,10.380000114440918,10.46500015258789,5.60428524017334,278800
2002-01-08,10.454999923706055,10.475000381469727,9.975000381469727,10.125,5.422205448150635,966000
2002-01-09,10.125,10.25,10.024999618530273,10.114999771118164,5.416848659515381,512600
2002-01-10,10.149999618530273,10.385000228881836,10.109999656677246,10.3149995803833,5.523954391479492,162400
2002-01-11,10.350000381469727,10.350000381469727,10.149999618530273,10.149999618530273,5.43559455871582,121800
2002-01-14,10.074999809265137,10.079999923706055,9.90999984741211,9.994999885559082,5.352587699890137,213400
2002-01-15,10.050000190734863,10.404999732971191,9.899999618530273,10.354999542236328,5.545374393463135,428800
2002-01-16,10.095000267028809,10.170000076293945,9.675000190734863,9.9399995803833,5.323134422302246,361400
2002-01-17,9.949999809265137,9.949999809265137,9.854999542236328,9.90999984741211,5.307067394256592,62200
2002-01-18,9.949999809265137,9.949999809265137,9.725000381469727,9.774999618530273,5.234769344329834,239400
2002-01-22,9.770000457763672,9.779999732971191,9.699999809265137,9.699999809265137,5.194607257843018,116400
2002-01-23,9.699999809265137,9.725000381469727,9.550000190734863,9.725000381469727,5.207995891571045,127000
2002-01-24,9.725000381469727,9.75,9.5,9.6899995803833,5.189250469207764,285800
2002-01-25,9.6899995803833,9.6899995803833,9.5,9.645000457763672,5.165152549743652,251400
2002-01-28,9.649999618530273,9.725000381469727,9.475000381469727,9.640000343322754,5.162476062774658,184000
2002-01-29,9.505000114440918,9.635000228881836,9.5,9.5,5.087502956390381,306800
2002-01-30,9.5,9.550000190734863,9.475000381469727,9.524999618530273,5.100890636444092,131400
2002-01-31,9.545000076293945,9.65999984741211,9.479999542236328,9.5649995803833,5.122310638427734,461800
2002-02-01,9.654999732971191,9.654999732971191,9.454999923706055,9.470000267028809,5.071436405181885,219000
2002-02-04,9.470000267028809,9.744999885559082,9.425000190734863,9.475000381469727,5.074113368988037,283200
2002-02-05,9.494999885559082,9.619999885559082,9.300000190734863,9.380000114440918,5.023239612579346,617000
2002-02-06,9.510000228881836,9.989999771118164,9.375,9.425000190734863,5.047337055206299,122000
2002-02-07,9.680000305175781,9.850000381469727,9.375,9.430000305175781,5.050014495849609,519000
2002-02-08,9.399999618530273,9.550000190734863,9.369999885559082,9.5,5.087502956390381,136800
2002-02-11,9.5,9.550000190734863,9.449999809265137,9.5,5.087502956390381,278400
2002-02-12,9.550000190734863,9.800000190734863,9.380000114440918,9.739999771118164,5.216026782989502,440000
2002-02-13,9.800000190734863,10.050000190734863,9.625,9.774999618530273,5.234769344329834,445200
2002-02-14,9.949999809265137,10.170000076293945,9.770000457763672,9.994999885559082,5.352587699890137,590400
2002-02-15,10.0,10.0,9.904999732971191,9.96500015258789,5.336520195007324,209800
2002-02-19,9.899999618530273,9.994999885559082,9.835000038146973,9.96500015258789,5.336520195007324,173000
2002-02-20,9.970000267028809,9.989999771118164,9.869999885559082,9.949999809265137,5.328488826751709,223600
2002-02-21,9.850000381469727,9.984999656677246,9.850000381469727,9.854999542236328,5.27761173248291,125200
2002-02-22,9.895000457763672,9.9350004196167,9.75,9.904999732971191,5.304391384124756,138000
2002-02-25,9.920000076293945,10.050000190734863,9.885000228881836,10.0,5.355264663696289,581400
2002-02-26,10.0,10.095000267028809,9.944999694824219,10.03499984741211,5.374008655548096,617800
2002-02-27,10.350000381469727,10.354999542236328,10.039999961853027,10.074999809265137,5.395432472229004,476800
2002-02-28,10.069999694824219,10.149999618530273,10.039999961853027,10.074999809265137,5.395432472229004,304400
2002-03-01,10.140000343322754,10.1850004196167,9.904999732971191,10.079999923706055,5.398107528686523,798800
2002-03-04,10.074999809265137,10.654999732971191,9.949999809265137,10.550000190734863,5.649806022644043,1309200
2002-03-05,10.555000305175781,10.824999809265137,10.350000381469727,10.725000381469727,5.7435221672058105,1001000
2002-03-06,10.75,10.779999732971191,10.574999809265137,10.734999656677246,5.748875141143799,407200
2002-03-07,10.744999885559082,11.149999618530273,10.524999618530273,10.875,5.823850154876709,724400
2002-03-08,10.899999618530273,11.039999961853027,10.75,11.024999618530273,5.904178619384766,343400
2002-03-11,11.0,11.09000015258789,10.954999923706055,11.0600004196167,5.9229230880737305,333600
2002-03-12,11.024999618530273,11.100000381469727,10.930000305175781,11.024999618530273,5.904178619384766,414000
2002-03-13,11.074999809265137,11.100000381469727,10.005000114440918,10.399999618530273,5.569474220275879,758000
2002-03-14,10.449999809265137,10.720000267028809,10.4399995803833,10.720000267028809,5.740845680236816,282200
2002-03-15,10.71500015258789,10.75,10.475000381469727,10.595000267028809,5.673901081085205,611200
2002-03-18,10.645000457763672,10.824999809265137,10.5,10.800000190734863,5.783685207366943,249400
2002-03-19,10.875,11.010000228881836,10.720000267028809,10.864999771118164,5.818495750427246,398200
2002-03-20,10.949999809265137,11.050000190734863,10.850000381469727,11.020000457763672,5.90150260925293,483400
2002-03-21,10.944999694824219,11.0649995803833,10.930000305175781,11.0600004196167,5.9229230880737305,233600
2002-03-22,10.90999984741211,11.229999542236328,10.904999732971191,11.220000267028809,6.008607387542725,201600
2002-03-25,11.095000267028809,11.225000381469727,11.050000190734863,11.199999809265137,5.997896671295166,358000
2002-03-26,11.0600004196167,11.265000343322754,11.055000305175781,11.265000343322754,6.032705307006836,384200
2002-03-27,11.1850004196167,11.300000190734863,11.045000076293945,11.300000190734863,6.05144739151001,380200
2002-03-28,11.255000114440918,11.475000381469727,11.164999961853027,11.460000038146973,6.137133598327637,671200
2002-04-01,11.300000190734863,11.524999618530273,11.175000190734863,11.5,6.1585540771484375,206800
2002-04-02,11.385000228881836,11.585000038146973,11.385000228881836,11.574999809265137,6.1987199783325195,273600
2002-04-03,11.494999885559082,11.5649995803833,11.449999809265137,11.524999618530273,6.171941757202148,189000
2002-04-04,11.5,11.545000076293945,11.475000381469727,11.545000076293945,6.182653427124023,231600
2002-04-05,11.515000343322754,11.625,10.899999618530273,11.609999656677246,6.217461585998535,392000
2002-04-08,11.649999618530273,11.649999618530273,11.375,11.529999732971191,6.174620628356934,253800
2002-04-09,11.5,11.600000381469727,11.399999618530273,11.494999885559082,6.1558756828308105,293800
2002-04-10,11.475000381469727,11.524999618530273,11.300000190734863,11.524999618530273,6.171941757202148,135600
2002-04-11,11.449999809265137,11.579999923706055,11.380000114440918,11.574999809265137,6.1987199783325195,187000
2002-04-12,11.585000038146973,11.585000038146973,11.475000381469727,11.574999809265137,6.1987199783325195,155400
2002-04-15,11.555000305175781,11.569999694824219,11.399999618530273,11.510000228881836,6.1639084815979,210000
2002-04-16,11.4350004196167,11.579999923706055,11.40999984741211,11.579999923706055,6.201397895812988,481800
2002-04-17,11.494999885559082,11.574999809265137,11.475000381469727,11.539999961853027,6.179975986480713,465000
2002-04-18,11.5,11.569999694824219,11.369999885559082,11.489999771118164,6.1531982421875,96400
2002-04-19,11.369999885559082,11.5,11.300000190734863,11.470000267028809,6.142488479614258,83600
2002-04-22,11.449999809265137,11.5,11.074999809265137,11.335000038146973,6.070192337036133,151400
2002-04-23,11.295000076293945,11.300000190734863,11.25,11.274999618530273,6.038059711456299,48200
2002-04-24,11.505000114440918,11.505000114440918,11.194999694824219,11.225000381469727,6.011285305023193,100600
2002-04-25,11.244999885559082,11.375,11.074999809265137,11.175000190734863,5.984508037567139,169000
2002-04-26,11.125,11.265000343322754,11.100000381469727,11.25,6.024674892425537,333800
2002-04-29,11.25,11.265000343322754,11.149999618530273,11.244999885559082,6.02199649810791,159400
2002-04-30,11.244999885559082,11.300000190734863,11.199999809265137,11.255000114440918,6.02734899520874,231600
2002-05-01,11.395000457763672,11.539999961853027,11.295000076293945,11.399999618530273,6.105002403259277,478600
2002-05-02,11.404999732971191,11.5,11.350000381469727,11.449999809265137,6.131779193878174,429200
2002-05-03,11.425000190734863,11.5,11.399999618530273,11.5,6.1585540771484375,199000
2002-05-06,11.375,11.550000190734863,11.369999885559082,11.489999771118164,6.1531982421875,219600
2002-05-07,11.470000267028809,11.5,11.4350004196167,11.4350004196167,6.123746871948242,132400
2002-05-08,11.4399995803833,11.524999618530273,11.380000114440918,11.470000267028809,6.142488479614258,179800
2002-05-09,11.449999809265137,11.5,11.289999961853027,11.470000267028809,6.142488479614258,149400
2002-05-10,11.449999809265137,11.475000381469727,11.375,11.475000381469727,6.145167350769043,86400
2002-05-13,11.475000381469727,11.505000114440918,11.375,11.475000381469727,6.145167350769043,164200
2002-05-14,11.5,11.524999618530273,11.425000190734863,11.494999885559082,6.1558756828308105,186600
2002-05-15,11.494999885559082,11.885000228881836,11.399999618530273,11.640000343322754,6.233529090881348,716600
2002-05-16,11.744999885559082,11.949999809265137,11.734999656677246,11.824999809265137,6.332603454589844,481400
2002-05-17,11.805000305175781,12.095000267028809,11.789999961853027,12.095000267028809,6.477191925048828,447600
2002-05-20,11.970000267028809,12.0649995803833,11.850000381469727,11.960000038146973,6.404898166656494,376200
2002-05-21,11.949999809265137,12.010000228881836,11.949999809265137,11.994999885559082,6.423640251159668,141400
2002-05-22,12.045000076293945,12.050000190734863,11.850000381469727,12.0,6.4263200759887695,313800
2002-05-23,12.005000114440918,12.074999809265137,11.975000381469727,12.0649995803833,6.461128234863281,418800
2002-05-24,12.074999809265137,12.100000381469727,12.0,12.010000228881836,6.431673049926758,167200
2002-05-28,12.0,12.100000381469727,11.600000381469727,12.095000267028809,6.477191925048828,322200
2002-05-29,12.039999961853027,12.125,11.954999923706055,12.045000076293945,6.4504170417785645,65000
2002-05-30,12.0,12.0600004196167,11.5,12.0,6.4263200759887695,368800
2002-05-31,12.0,12.050000190734863,11.8100004196167,11.984999656677246,6.418283939361572,155000
2002-06-03,11.984999656677246,12.024999618530273,11.704999923706055,11.774999618530273,6.305823802947998,289600
2002-06-04,11.699999809265137,11.96500015258789,11.675000190734863,11.850000381469727,6.3459882736206055,237400
2002-06-05,11.880000114440918,11.994999885559082,11.755000114440918,11.984999656677246,6.418283939361572,72400
2002-06-06,11.989999771118164,12.0,11.864999771118164,11.890000343322754,6.3674092292785645,99800
2002-06-07,11.84000015258789,12.0,11.729999542236328,11.970000267028809,6.410253047943115,186000
2002-06-10,11.975000381469727,12.050000190734863,11.875,11.96500015258789,6.407574653625488,171000
2002-06-11,11.970000267028809,11.975000381469727,11.550000190734863,11.595000267028809,6.209427833557129,58200
2002-06-12,11.649999618530273,11.649999618530273,10.675000190734863,10.899999618530273,5.837239742279053,264000
2002-06-13,10.880000114440918,11.279999732971191,10.75,11.069999694824219,5.928276062011719,188800
2002-06-14,10.925000190734863,11.850000381469727,10.800000190734863,11.774999618530273,6.305823802947998,238200
2002-06-17,11.739999771118164,12.0,11.649999618530273,12.0,6.4263200759887695,246400
2002-06-18,11.824999809265137,12.0,11.75,11.880000114440918,6.362053394317627,101600
2002-06-19,11.845000267028809,11.960000038146973,11.369999885559082,11.454999923706055,6.134459495544434,178400
2002-06-20,11.449999809265137,11.75,10.994999885559082,11.510000228881836,6.1639084815979,218000
2002-06-21,11.399999618530273,11.824999809265137,11.25,11.539999961853027,6.179975986480713,168800
2002-06-24,11.494999885559082,11.645000457763672,11.460000038146973,11.579999923706055,6.201397895812988,166400
2002-06-25,11.574999809265137,11.645000457763672,11.055000305175781,11.104999542236328,5.947022438049316,294400
2002-06-26,10.949999809265137,11.100000381469727,10.859999656677246,11.029999732971191,5.906855583190918,286000
2002-06-27,10.994999885559082,11.039999961853027,10.925000190734863,11.010000228881836,5.89614725112915,211000
2002-06-28,11.0,11.0600004196167,10.899999618530273,11.024999618530273,5.904178619384766,183800
2002-07-01,11.0,11.0649995803833,10.850000381469727,10.949999809265137,5.864013671875,156000
2002-07-02,11.0,11.0,10.489999771118164,10.5,5.6230292320251465,221000
2002-07-03,10.449999809265137,10.5,10.050000190734863,10.125,5.422205448150635,190400
2002-07-05,10.050000190734863,10.225000381469727,9.824999809265137,9.949999809265137,5.328488826751709,527000
2002-07-08,10.0,10.0,9.875,9.899999618530273,5.301712512969971,137600
2002-07-09,9.899999618530273,9.904999732971191,9.399999618530273,9.5600004196167,5.11963415145874,356800
2002-07-10,9.475000381469727,9.630000114440918,9.40999984741211,9.494999885559082,5.08482551574707,131000
2002-07-11,9.399999618530273,9.944999694824219,9.234999656677246,9.399999618530273,5.033947467803955,155000
2002-07-12,9.279999732971191,9.59000015258789,9.274999618530273,9.505000114440918,5.090180397033691,126000
2002-07-15,9.5,9.875,9.350000381469727,9.670000076293945,5.178542613983154,211200
2002-07-16,9.510000228881836,9.875,9.505000114440918,9.680000305175781,5.183895587921143,95000
2002-07-17,9.75,9.805000305175781,9.5,9.5,5.087502956390381,144200
2002-07-18,9.600000381469727,9.805000305175781,9.5,9.600000381469727,5.141052722930908,88800
2002-07-19,9.505000114440918,9.670000076293945,9.5,9.524999618530273,5.100890636444092,165600
2002-07-22,9.524999618530273,9.649999618530273,9.5,9.524999618530273,5.100890636444092,125200
2002-07-23,9.505000114440918,9.645000457763672,9.505000114440918,9.574999809265137,5.127665996551514,211600
2002-07-24,9.5,9.550000190734863,9.024999618530273,9.255000114440918,4.956299781799316,478600
2002-07-25,9.175000190734863,9.324999809265137,9.050000190734863,9.050000190734863,4.846514701843262,356800
2002-07-26,9.055000305175781,9.25,9.024999618530273,9.069999694824219,4.85722541809082,118400
2002-07-29,9.199999809265137,9.595000267028809,9.125,9.425000190734863,5.047337055206299,359000
2002-07-30,9.449999809265137,9.595000267028809,9.300000190734863,9.479999542236328,5.076789379119873,319000
2002-07-31,9.5,10.795000076293945,9.5,10.170000076293945,5.446303367614746,682000
2002-08-01,10.244999885559082,10.244999885559082,10.0,10.005000114440918,5.357942581176758,165600
2002-08-02,10.125,10.125,9.920000076293945,10.020000457763672,5.365976810455322,255400
2002-08-05,10.0649995803833,10.0649995803833,9.819999694824219,9.944999694824219,5.325809955596924,239200
2002-08-06,9.949999809265137,10.0600004196167,9.899999618530273,10.0,5.355264663696289,212600
2002-08-07,10.104999542236328,10.109999656677246,10.0,10.020000457763672,5.365976810455322,130800
2002-08-08,9.994999885559082,10.109999656677246,9.925000190734863,10.020000457763672,5.365976810455322,242600
2002-08-09,10.0,10.050000190734863,9.949999809265137,9.989999771118164,5.349909782409668,138000
2002-08-12,9.984999656677246,10.03499984741211,9.84000015258789,10.024999618530273,5.368650913238525,104600
2002-08-13,9.944999694824219,10.010000228881836,9.704999923706055,9.71500015258789,5.202637195587158,109200
2002-08-14,9.550000190734863,9.744999885559082,9.484999656677246,9.619999885559082,5.151765823364258,335800
2002-08-15,9.645000457763672,9.720000267028809,9.609999656677246,9.694999694824219,5.191929340362549,294600
2002-08-16,9.710000038146973,9.8100004196167,9.710000038146973,9.789999961853027,5.242805480957031,340800
2002-08-19,9.78499984741211,10.625,9.78499984741211,10.625,5.689970016479492,466200
2002-08-20,10.399999618530273,10.550000190734863,10.345000267028809,10.484999656677246,5.614993572235107,228800
2002-08-21,10.345000267028809,10.699999809265137,10.335000038146973,10.6899995803833,5.724776744842529,295800
2002-08-22,10.484999656677246,10.550000190734863,10.420000076293945,10.479999542236328,5.6123151779174805,216400
2002-08-23,10.380000114440918,10.425000190734863,10.300000190734863,10.300000190734863,5.515922546386719,88400
2002-08-26,10.244999885559082,10.350000381469727,10.140000343322754,10.270000457763672,5.499858379364014,70600
2002-08-27,10.140000343322754,10.505000114440918,10.140000343322754,10.46500015258789,5.60428524017334,188400
2002-08-28,10.395000457763672,10.399999618530273,10.050000190734863,10.095000267028809,5.40614128112793,101200
2002-08-29,10.095000267028809,10.305000305175781,10.074999809265137,10.095000267028809,5.40614128112793,69000
2002-08-30,10.095000267028809,10.210000038146973,9.970000267028809,10.09000015258789,5.403463363647461,104600
2002-09-03,10.0,10.074999809265137,9.289999961853027,9.289999961853027,4.97504186630249,218400
2002-09-04,9.289999961853027,9.899999618530273,9.104999542236328,9.875,5.288324356079102,365000
2002-09-05,9.845000267028809,10.024999618530273,9.604999542236328,9.84000015258789,5.269579887390137,382000
2002-09-06,9.819999694824219,10.274999618530273,9.78499984741211,10.225000381469727,5.475757598876953,201400
2002-09-09,10.149999618530273,10.274999618530273,10.024999618530273,10.149999618530273,5.43559455871582,263400
2002-09-10,10.15999984741211,10.494999885559082,10.0,10.420000076293945,5.580186367034912,201800
2002-09-11,10.399999618530273,10.40999984741211,10.199999809265137,10.274999618530273,5.502534866333008,156400
2002-09-12,10.289999961853027,10.329999923706055,10.114999771118164,10.324999809265137,5.529311180114746,85000
2002-09-13,10.289999961853027,10.369999885559082,10.255000114440918,10.369999885559082,5.553408145904541,132000
2002-09-16,10.265000343322754,10.345000267028809,10.125,10.1899995803833,5.4570136070251465,437200
2002-09-17,10.130000114440918,10.295000076293945,10.074999809265137,10.100000381469727,5.408817768096924,262200
2002-09-18,10.0649995803833,10.140000343322754,9.369999885559082,9.635000228881836,5.159797191619873,555800
2002-09-19,9.675000190734863,9.699999809265137,9.229999542236328,9.244999885559082,4.950943946838379,214000
2002-09-20,9.239999771118164,9.5,9.239999771118164,9.40999984741211,5.039305686950684,237600
2002-09-23,9.404999732971191,9.5,9.149999618530273,9.229999542236328,4.942907810211182,214600
2002-09-24,9.199999809265137,9.300000190734863,9.125,9.1850004196167,4.918812274932861,89800
2002-09-25,9.1850004196167,9.345000267028809,9.100000381469727,9.274999618530273,4.967010498046875,144400
2002-09-26,9.300000190734863,9.574999809265137,9.210000038146973,9.395000457763672,5.031271457672119,173400
2002-09-27,9.470000267028809,9.585000038146973,9.265000343322754,9.369999885559082,5.017884254455566,188000
2002-09-30,9.399999618530273,9.425000190734863,9.199999809265137,9.274999618530273,4.967010498046875,317600
2002-10-01,9.260000228881836,9.5,9.149999618530273,9.494999885559082,5.08482551574707,171600
2002-10-02,9.494999885559082,9.5,9.204999923706055,9.319999694824219,4.9911065101623535,73600
2002-10-03,9.375,9.380000114440918,9.274999618530273,9.335000038146973,4.999139785766602,223200
2002-10-04,9.335000038146973,9.399999618530273,9.260000228881836,9.395000457763672,5.031271457672119,234400
2002-10-07,9.350000381469727,9.444999694824219,9.149999618530273,9.149999618530273,4.900068283081055,209800
2002-10-08,9.1850004196167,9.260000228881836,9.074999809265137,9.079999923706055,4.862582206726074,241600
2002-10-09,9.130000114440918,9.130000114440918,9.0,9.0,4.819738388061523,249400
2002-10-10,9.005000114440918,9.345000267028809,8.850000381469727,9.175000190734863,4.913455963134766,405000
2002-10-11,9.100000381469727,9.375,9.069999694824219,9.274999618530273,4.967010498046875,360200
2002-10-14,9.154999732971191,9.289999961853027,9.154999732971191,9.244999885559082,4.950943946838379,77600
2002-10-15,9.300000190734863,9.545000076293945,9.074999809265137,9.40999984741211,5.039305686950684,334400
2002-10-16,9.414999961853027,9.524999618530273,9.255000114440918,9.295000076293945,4.977719306945801,197200
2002-10-17,9.329999923706055,9.5,9.324999809265137,9.494999885559082,5.08482551574707,135800
2002-10-18,9.5,9.5,9.265000343322754,9.345000267028809,5.004493236541748,245200
2002-10-21,9.420000076293945,9.425000190734863,9.199999809265137,9.345000267028809,5.004493236541748,379400
2002-10-22,9.300000190734863,9.300000190734863,9.125,9.149999618530273,4.900068283081055,100200
2002-10-23,9.149999618530273,9.25,9.109999656677246,9.175000190734863,4.913455963134766,436800
2002-10-24,9.175000190734863,9.295000076293945,9.020000457763672,9.119999885559082,4.884002208709717,493800
2002-10-25,9.220000267028809,9.345000267028809,9.09000015258789,9.28499984741211,4.972362518310547,163000
2002-10-28,9.380000114440918,10.069999694824219,9.380000114440918,10.010000228881836,5.36061954498291,996400
2002-10-29,10.024999618530273,10.0649995803833,9.5,9.760000228881836,5.226738929748535,436600
2002-10-30,10.154999732971191,10.399999618530273,9.904999732971191,10.395000457763672,5.566799163818359,633800
2002-10-31,10.399999618530273,10.524999618530273,10.329999923706055,10.460000038146973,5.601607799530029,200600
2002-11-01,10.484999656677246,10.5,10.279999732971191,10.5,5.6230292320251465,346800
2002-11-04,10.5,11.119999885559082,10.390000343322754,10.960000038146973,5.869372367858887,607200
2002-11-05,10.869999885559082,11.050000190734863,10.770000457763672,11.050000190734863,5.917568683624268,653400
2002-11-06,11.0,11.055000305175781,10.904999732971191,11.0,5.890788555145264,409800
2002-11-07,10.904999732971191,11.104999542236328,10.899999618530273,11.039999961853027,5.912214279174805,266000
2002-11-08,11.109999656677246,11.175000190734863,10.789999961853027,11.154999732971191,5.973796844482422,316200
2002-11-11,11.015000343322754,11.25,11.0,11.199999809265137,5.997896671295166,826000
2002-11-12,11.25,11.380000114440918,11.109999656677246,11.295000076293945,6.048771381378174,518400
2002-11-13,11.300000190734863,11.329999923706055,11.079999923706055,11.300000190734863,6.05144739151001,398800
2002-11-14,11.300000190734863,11.5,11.260000228881836,11.5,6.1585540771484375,508000
2002-11-15,11.364999771118164,11.649999618530273,11.345000267028809,11.649999618530273,6.238882541656494,402200
2002-11-18,11.59000015258789,11.680000305175781,11.5,11.5649995803833,6.193363189697266,469200
2002-11-19,11.555000305175781,11.585000038146973,11.46500015258789,11.550000190734863,6.185330867767334,339800
2002-11-20,11.460000038146973,11.734999656677246,11.420000076293945,11.734999656677246,6.284403324127197,466600
2002-11-21,11.729999542236328,11.949999809265137,11.645000457763672,11.944999694824219,6.3968634605407715,788600
2002-11-22,11.774999618530273,12.050000190734863,11.744999885559082,12.0,6.4263200759887695,950400
2002-11-25,12.0,12.050000190734863,11.875,12.045000076293945,6.4504170417785645,650400
2002-11-26,12.039999961853027,12.039999961853027,11.854999542236328,11.9350004196167,6.3915114402771,301000
2002-11-27,11.5,12.024999618530273,11.399999618530273,12.020000457763672,6.437028408050537,533400
2002-11-29,11.989999771118164,12.024999618530273,11.899999618530273,11.899999618530273,6.372763633728027,160600
2002-12-02,11.975000381469727,12.899999618530273,11.899999618530273,12.75,6.827962398529053,2990600
2002-12-03,12.75,12.850000381469727,12.164999961853027,12.324999809265137,6.600362777709961,1976800
2002-12-04,12.319999694824219,12.475000381469727,11.920000076293945,12.359999656677246,6.619106769561768,1325400
2002-12-05,12.074999809265137,12.425000190734863,12.0,12.079999923706055,6.469160079956055,743600
2002-12-06,12.085000038146973,12.425000190734863,12.0,12.274999618530273,6.5735859870910645,375000
2002-12-09,12.274999618530273,12.274999618530273,11.949999809265137,12.005000114440918,6.428996562957764,287600
2002-12-10,12.069999694824219,12.375,12.0,12.345000267028809,6.611075401306152,325400
2002-12-11,12.380000114440918,12.524999618530273,12.359999656677246,12.494999885559082,6.691403865814209,1178000
2002-12-12,12.425000190734863,12.524999618530273,12.375,12.5,6.694082260131836,364200
2002-12-13,12.524999618530273,12.524999618530273,11.994999885559082,12.109999656677246,6.485223770141602,366000
2002-12-16,12.494999885559082,14.319999694824219,12.420000076293945,14.210000038146973,7.609830856323242,4636000
2002-12-17,13.90999984741211,14.085000038146973,13.75,13.994999885559082,7.49469518661499,2928200
2002-12-18,13.899999618530273,13.9399995803833,13.515000343322754,13.779999732971191,7.379556179046631,1143600
2002-12-19,13.765000343322754,14.100000381469727,13.704999923706055,14.074999809265137,7.53753662109375,965000
2002-12-20,14.024999618530273,14.489999771118164,13.960000038146973,14.475000381469727,7.751744747161865,1499000
2002-12-23,14.454999923706055,15.164999961853027,14.449999809265137,15.164999961853027,8.121258735656738,1829400
2002-12-24,14.975000381469727,15.149999618530273,14.819999694824219,14.925000190734863,7.992733955383301,777000
2002-12-26,14.944999694824219,14.989999771118164,14.800000190734863,14.904999732971191,7.982022762298584,452800
2002-12-27,14.899999618530273,14.954999923706055,14.765000343322754,14.890000343322754,7.973989963531494,389200
2002-12-30,14.869999885559082,14.895000457763672,14.135000228881836,14.454999923706055,7.741034984588623,957600
2002-12-31,14.449999809265137,14.774999618530273,14.335000038146973,14.649999618530273,7.845462799072266,610600
2003-01-02,14.649999618530273,15.045000076293945,14.135000228881836,14.989999771118164,8.027541160583496,883800
2003-01-03,14.994999885559082,15.675000190734863,14.930000305175781,15.40999984741211,8.252463340759277,1266400
2003-01-06,15.449999809265137,16.03499984741211,15.375,15.864999771118164,8.49613094329834,1238400
2003-01-07,15.835000038146973,15.954999923706055,15.550000190734863,15.65999984741211,8.386346817016602,1336400
2003-01-08,15.579999923706055,15.645000457763672,15.15999984741211,15.229999542236328,8.156064987182617,1718400
2003-01-09,15.260000228881836,15.59000015258789,15.229999542236328,15.5,8.3006591796875,995600
2003-01-10,15.475000381469727,15.75,15.425000190734863,15.739999771118164,8.429184913635254,812400
2003-01-13,15.8100004196167,15.835000038146973,15.21500015258789,15.350000381469727,8.220330238342285,1659200
2003-01-14,15.25,15.550000190734863,15.225000381469727,15.475000381469727,8.287275314331055,1178000
2003-01-15,15.494999885559082,15.524999618530273,15.300000190734863,15.425000190734863,8.26049518585205,893800
2003-01-16,15.430000305175781,15.5,14.899999618530273,15.414999961853027,8.255145072937012,1222200
2003-01-17,15.229999542236328,15.375,14.975000381469727,15.130000114440918,8.102513313293457,368200
2003-01-21,15.074999809265137,15.199999809265137,13.680000305175781,14.1899995803833,7.599122047424316,1702000
2003-01-22,13.760000228881836,14.4350004196167,13.704999923706055,14.239999771118164,7.625901222229004,758200
2003-01-23,14.324999809265137,14.649999618530273,14.255000114440918,14.470000267028809,7.749070644378662,483600
2003-01-24,14.475000381469727,14.5649995803833,14.399999618530273,14.444999694824219,7.735679626464844,388600
2003-01-27,14.430000305175781,14.5,14.0,14.039999961853027,7.518792152404785,867200
2003-01-28,13.975000381469727,14.380000114440918,13.829999923706055,14.335000038146973,7.676774501800537,395000
2003-01-29,14.295000076293945,14.739999771118164,13.975000381469727,14.630000114440918,7.834751605987549,620000
2003-01-30,14.739999771118164,14.920000076293945,14.430000305175781,14.53499984741211,7.783877849578857,519200
2003-01-31,14.425000190734863,14.770000457763672,14.399999618530273,14.6850004196167,7.864205837249756,330800
2003-02-03,14.640000343322754,14.75,14.53499984741211,14.694999694824219,7.869561672210693,492200
2003-02-04,14.609999656677246,14.774999618530273,14.539999961853027,14.710000038146973,7.8775954246521,236200
2003-02-05,14.680000305175781,14.989999771118164,14.680000305175781,14.734999656677246,7.890979766845703,380000
2003-02-06,14.694999694824219,14.960000038146973,14.579999923706055,14.734999656677246,7.890979766845703,363000
2003-02-07,14.720000267028809,14.765000343322754,14.265000343322754,14.329999923706055,7.674096584320068,249000
2003-02-10,14.25,14.585000038146973,14.229999542236328,14.375,7.698192596435547,465000
2003-02-11,14.395000457763672,14.5600004196167,14.335000038146973,14.399999618530273,7.711581230163574,851200
2003-02-12,14.524999618530273,15.5,14.5,15.130000114440918,8.102513313293457,3203800
2003-02-13,15.170000076293945,15.175000190734863,14.859999656677246,14.880000114440918,7.968634605407715,1416800
2003-02-14,14.854999542236328,15.479999542236328,14.854999542236328,15.4350004196167,8.265850067138672,897000
2003-02-18,15.494999885559082,16.649999618530273,15.449999809265137,16.510000228881836,8.841543197631836,2112400
2003-02-19,16.655000686645508,17.059999465942383,16.149999618530273,16.520000457763672,8.846894264221191,1863000
2003-02-20,16.649999618530273,17.0,16.524999618530273,16.96500015258789,9.085208892822266,936800
2003-02-21,16.850000381469727,17.03499984741211,16.649999618530273,16.94499969482422,9.074495315551758,826600
2003-02-24,16.844999313354492,17.049999237060547,16.700000762939453,16.905000686645508,9.053078651428223,646800
2003-02-25,16.739999771118164,16.8799991607666,16.579999923706055,16.799999237060547,8.996843338012695,554600
2003-02-26,16.80500030517578,17.0,16.584999084472656,16.69499969482422,8.940613746643066,659200
2003-02-27,17.0,17.0,16.184999465942383,16.514999389648438,8.844221115112305,890400
2003-02-28,16.735000610351562,16.860000610351562,16.635000228881836,16.674999237060547,8.929903984069824,658800
2003-03-03,17.075000762939453,17.09000015258789,16.704999923706055,16.799999237060547,8.996843338012695,657000
2003-03-04,16.725000381469727,16.850000381469727,16.329999923706055,16.450000762939453,8.809410095214844,922400
2003-03-05,16.350000381469727,16.545000076293945,15.954999923706055,16.040000915527344,8.589844703674316,1487200
2003-03-06,15.875,16.229999542236328,15.829999923706055,16.170000076293945,8.659462928771973,441400
2003-03-07,16.049999237060547,16.145000457763672,15.920000076293945,16.0,8.568422317504883,739800
2003-03-10,15.970000267028809,16.040000915527344,15.600000381469727,15.765000343322754,8.442575454711914,819000
2003-03-11,15.75,16.024999618530273,15.6899995803833,15.979999542236328,8.557713508605957,1102000
2003-03-12,16.0,16.18000030517578,15.819999694824219,16.18000030517578,8.664816856384277,841400
2003-03-13,16.239999771118164,16.795000076293945,16.084999084472656,16.645000457763672,8.913838386535645,1163000
2003-03-14,16.739999771118164,17.0049991607666,16.655000686645508,16.854999542236328,9.026300430297852,981600
2003-03-17,16.649999618530273,16.969999313354492,16.44499969482422,16.799999237060547,8.996843338012695,1249800
2003-03-18,16.81999969482422,17.479999542236328,16.764999389648438,17.459999084472656,9.350295066833496,2678800
2003-03-19,17.395000457763672,17.44499969482422,16.989999771118164,17.139999389648438,9.178922653198242,1529000
2003-03-20,17.209999084472656,17.4950008392334,16.774999618530273,17.334999084472656,9.283352851867676,684200
2003-03-21,17.5,17.690000534057617,17.354999542236328,17.469999313354492,9.355646133422852,1907400
2003-03-24,17.149999618530273,17.489999771118164,17.125,17.225000381469727,9.224444389343262,1549200
2003-03-25,17.200000762939453,18.600000381469727,17.174999237060547,18.44499969482422,9.877786636352539,3015400
2003-03-26,17.59000015258789,18.25,17.55500030517578,18.03499984741211,9.65821361541748,2440000
2003-03-27,18.014999389648438,18.040000915527344,17.5,17.799999237060547,9.532369613647461,812200
2003-03-28,17.799999237060547,18.0,17.549999237060547,17.75,9.505595207214355,602800
2003-03-31,17.774999618530273,18.010000228881836,17.049999237060547,17.899999618530273,9.585923194885254,1256800
2003-04-01,17.985000610351562,18.0,17.55500030517578,17.725000381469727,9.492208480834961,1099600
2003-04-02,17.875,18.075000762939453,17.735000610351562,17.989999771118164,9.63412094116211,1095400
2003-04-03,18.075000762939453,18.454999923706055,17.875,18.239999771118164,9.768004417419434,1411800
2003-04-04,18.420000076293945,18.5,17.579999923706055,17.735000610351562,9.49756145477295,1014000
2003-04-07,17.90999984741211,18.0,17.450000762939453,17.600000381469727,9.425264358520508,1169800
2003-04-08,17.645000457763672,17.75,17.549999237060547,17.59000015258789,9.419913291931152,910000
2003-04-09,17.600000381469727,17.625,17.454999923706055,17.524999618530273,9.385102272033691,969200
2003-04-10,17.549999237060547,17.75,17.450000762939453,17.579999923706055,9.414552688598633,1095000
2003-04-11,17.795000076293945,17.80500030517578,17.625,17.75,9.505595207214355,519600
2003-04-14,17.920000076293945,18.415000915527344,17.905000686645508,18.399999618530273,9.853684425354004,1363400
2003-04-15,18.44499969482422,19.125,18.34000015258789,19.100000381469727,10.228554725646973,2306600
2003-04-16,19.18000030517578,19.729999542236328,19.125,19.44499969482422,10.413311004638672,2104800
2003-04-17,19.375,19.475000381469727,19.19499969482422,19.389999389648438,10.383858680725098,628800
2003-04-21,19.40999984741211,19.40999984741211,19.155000686645508,19.225000381469727,10.295494079589844,920600
2003-04-22,19.299999237060547,19.864999771118164,19.219999313354492,19.704999923706055,10.552552223205566,1058600
2003-04-23,19.799999237060547,19.850000381469727,19.540000915527344,19.71500015258789,10.557900428771973,1818800
2003-04-24,19.649999618530273,20.049999237060547,19.6200008392334,19.954999923706055,10.686426162719727,930600
2003-04-25,19.895000457763672,19.989999771118164,19.475000381469727,19.5,10.442765235900879,1282000
2003-04-28,19.575000762939453,19.75,19.149999618530273,19.350000381469727,10.362435340881348,764000
2003-04-29,19.46500015258789,19.7450008392334,19.43000030517578,19.610000610351562,10.501677513122559,581200
2003-04-30,20.18000030517578,21.719999313354492,20.049999237060547,21.190000534057617,11.34780216217041,4466800
2003-05-01,21.084999084472656,21.524999618530273,20.889999389648438,21.235000610351562,11.371905326843262,1432000
2003-05-02,21.065000534057617,22.59000015258789,21.05500030517578,22.59000015258789,12.097542762756348,2982200
2003-05-05,22.684999465942383,23.075000762939453,22.635000228881836,22.905000686645508,12.266230583190918,1701200
2003-05-06,22.8700008392334,23.065000534057617,22.635000228881836,23.049999237060547,12.343883514404297,1421600
2003-05-07,22.920000076293945,23.075000762939453,22.780000686645508,23.024999618530273,12.330492973327637,597000
2003-05-08,22.93000030517578,22.94499969482422,22.75,22.875,12.250170707702637,427000
2003-05-09,22.924999237060547,23.079999923706055,22.7549991607666,22.950000762939453,12.290334701538086,571400
2003-05-12,22.975000381469727,24.0,22.954999923706055,23.825000762939453,12.75892162322998,1909000
2003-05-13,23.84000015258789,23.950000762939453,23.71500015258789,23.924999237060547,12.812470436096191,912600
2003-05-14,23.96500015258789,24.209999084472656,23.674999237060547,23.889999389648438,12.793726921081543,1088800
2003-05-15,23.950000762939453,24.219999313354492,23.385000228881836,23.81999969482422,12.756237983703613,1040400
2003-05-16,23.610000610351562,24.19499969482422,23.524999618530273,24.19499969482422,12.957060813903809,615800
2003-05-19,24.0,24.075000762939453,22.825000762939453,22.979999542236328,12.306396484375,1267600
2003-05-20,23.09000015258789,23.104999542236328,21.264999389648438,21.875,11.714645385742188,2624000
2003-05-21,21.135000228881836,22.635000228881836,20.545000076293945,22.489999771118164,12.04399299621582,3918800
2003-05-22,22.825000762939453,22.954999923706055,22.18000030517578,22.799999237060547,12.210004806518555,1469600
2003-05-23,22.90999984741211,23.235000610351562,22.524999618530273,23.139999389648438,12.392080307006836,736400
2003-05-27,23.204999923706055,24.15999984741211,23.05500030517578,24.149999618530273,12.932966232299805,1521600
2003-05-28,24.475000381469727,24.565000534057617,23.799999237060547,24.010000228881836,12.857993125915527,1351400
2003-05-29,24.014999389648438,24.020000457763672,23.325000762939453,23.475000381469727,12.57148551940918,565800
2003-05-30,23.545000076293945,24.225000381469727,23.5049991607666,24.125,12.91957950592041,819800
2003-06-02,24.28499984741211,24.295000076293945,23.764999389648438,23.825000762939453,12.75892162322998,776200
2003-06-03,24.1200008392334,24.450000762939453,23.69499969482422,24.225000381469727,12.973129272460938,1053800
2003-06-04,24.375,24.899999618530273,24.225000381469727,24.559999465942383,13.152534484863281,1526000
2003-06-05,24.625,25.850000381469727,24.399999618530273,24.979999542236328,13.377448081970215,1916800
2003-06-06,25.25,25.485000610351562,24.625,25.1299991607666,13.457783699035645,1303600
2003-06-09,25.329999923706055,25.329999923706055,24.020000457763672,24.235000610351562,12.978480339050293,779800
2003-06-10,24.34000015258789,24.725000381469727,24.295000076293945,24.575000762939453,13.16055965423584,501600
2003-06-11,24.565000534057617,25.0049991607666,24.3799991607666,24.889999389648438,13.32925796508789,518800
2003-06-12,24.950000762939453,25.290000915527344,24.934999465942383,25.100000381469727,13.441718101501465,726200
2003-06-13,25.1200008392334,25.149999618530273,24.75,24.809999465942383,13.28641414642334,361400
2003-06-16,24.790000915527344,25.19499969482422,22.674999237060547,23.450000762939453,12.558097839355469,6395800
2003-06-17,22.049999237060547,22.614999771118164,20.674999237060547,22.2450008392334,11.912784576416016,12322600
2003-06-18,22.25,22.479999542236328,21.6299991607666,22.125,11.848523139953613,1963200
2003-06-19,22.31999969482422,22.3799991607666,21.75,22.06999969482422,11.819067001342773,744800
2003-06-20,22.0,22.350000381469727,21.25,22.049999237060547,11.808357238769531,933600
2003-06-23,21.844999313354492,21.96500015258789,19.80500030517578,19.96500015258789,10.691784858703613,3788600
2003-06-24,19.469999313354492,20.0,18.799999237060547,19.424999237060547,10.402603149414062,4579800
2003-06-25,19.264999389648438,20.200000762939453,19.09000015258789,19.139999389648438,10.24997615814209,2554400
2003-06-26,18.850000381469727,19.575000762939453,18.799999237060547,19.450000762939453,10.41599178314209,3180200
2003-06-27,19.729999542236328,19.979999542236328,19.21500015258789,19.3700008392334,10.373152732849121,1711400
2003-06-30,19.600000381469727,20.200000762939453,19.549999237060547,19.950000762939453,10.683754920959473,1213000
2003-07-01,19.799999237060547,19.950000762939453,19.260000228881836,19.434999465942383,10.407955169677734,1287200
2003-07-02,19.475000381469727,20.725000381469727,19.43000030517578,20.53499984741211,10.99703598022461,1292200
2003-07-03,20.600000381469727,20.799999237060547,20.25,20.329999923706055,10.88725471496582,455600
2003-07-07,20.375,20.56999969482422,20.045000076293945,20.325000762939453,10.884573936462402,1184400
2003-07-08,20.15999984741211,21.420000076293945,20.149999618530273,21.235000610351562,11.371905326843262,1127200
2003-07-09,21.34000015258789,21.979999542236328,21.075000762939453,21.71500015258789,11.628960609436035,1374200
2003-07-10,21.6299991607666,21.649999618530273,21.045000076293945,21.114999771118164,11.307637214660645,691800
2003-07-11,21.084999084472656,21.5,21.075000762939453,21.385000228881836,11.452234268188477,538600
2003-07-14,21.649999618530273,21.950000762939453,21.5,21.625,11.580760955810547,643000
2003-07-15,21.729999542236328,21.770000457763672,21.0,21.145000457763672,11.323708534240723,506200
2003-07-16,21.209999084472656,21.209999084472656,20.545000076293945,20.924999237060547,11.205891609191895,540400
2003-07-17,20.809999465942383,20.889999389648438,19.71500015258789,19.875,10.643590927124023,1810600
2003-07-18,19.875,20.219999313354492,19.610000610351562,20.084999084472656,10.756052017211914,956200
2003-07-21,20.020000457763672,20.30500030517578,19.950000762939453,20.25,10.84441089630127,484400
2003-07-22,20.225000381469727,20.735000610351562,20.225000381469727,20.540000915527344,10.999716758728027,499600
2003-07-23,20.440000534057617,21.030000686645508,20.424999237060547,20.989999771118164,11.240702629089355,587400
2003-07-24,21.44499969482422,21.75,21.309999465942383,21.479999542236328,11.503108978271484,892400
2003-07-25,21.524999618530273,22.690000534057617,21.3799991607666,22.614999771118164,12.110934257507324,1508000
2003-07-28,23.020000457763672,23.434999465942383,22.860000610351562,23.135000228881836,12.389408111572266,1048800
2003-07-29,23.40999984741211,23.75,23.0,23.30500030517578,12.480443954467773,1450600
2003-07-30,19.850000381469727,20.950000762939453,19.014999389648438,19.2549991607666,10.31156063079834,16212800
2003-07-31,19.735000610351562,19.739999771118164,18.825000762939453,19.145000457763672,10.252655029296875,3344600
2003-08-01,19.139999389648438,19.545000076293945,18.424999237060547,19.114999771118164,10.23658561706543,1924000
2003-08-04,19.21500015258789,19.21500015258789,18.5,18.575000762939453,9.947406768798828,939000
2003-08-05,18.594999313354492,18.975000381469727,18.524999618530273,18.69499969482422,10.011669158935547,858600
2003-08-06,18.899999618530273,18.899999618530273,17.850000381469727,18.325000762939453,9.81352424621582,1369200
2003-08-07,18.424999237060547,18.424999237060547,18.03499984741211,18.125,9.706414222717285,918200
2003-08-08,18.014999389648438,18.399999618530273,18.014999389648438,18.21500015258789,9.754618644714355,785200
2003-08-11,18.18000030517578,18.645000457763672,18.18000030517578,18.59000015258789,9.955438613891602,743600
2003-08-12,18.56999969482422,18.875,18.56999969482422,18.854999542236328,10.097350120544434,398200
2003-08-13,18.799999237060547,18.975000381469727,18.75,18.915000915527344,10.129486083984375,516200
2003-08-14,18.96500015258789,19.219999313354492,18.8799991607666,19.170000076293945,10.266043663024902,767800
2003-08-15,19.149999618530273,19.219999313354492,19.084999084472656,19.145000457763672,10.252655029296875,232800
2003-08-18,19.15999984741211,19.385000228881836,19.100000381469727,19.344999313354492,10.359760284423828,638800
2003-08-19,19.459999084472656,19.725000381469727,19.350000381469727,19.614999771118164,10.504352569580078,441600
2003-08-20,19.575000762939453,19.665000915527344,19.40999984741211,19.5,10.442765235900879,529600
2003-08-21,19.600000381469727,19.6200008392334,19.450000762939453,19.584999084472656,10.488286018371582,473800
2003-08-22,19.584999084472656,19.75,19.385000228881836,19.510000228881836,10.448123931884766,841000
2003-08-25,19.440000534057617,19.510000228881836,19.084999084472656,19.424999237060547,10.402603149414062,351400
2003-08-26,19.3799991607666,19.530000686645508,19.1200008392334,19.485000610351562,10.434733390808105,455800
2003-08-27,19.424999237060547,20.2549991607666,19.424999237060547,20.040000915527344,10.731953620910645,1021800
2003-08-28,19.979999542236328,20.084999084472656,19.950000762939453,20.0,10.710529327392578,530200
2003-08-29,19.940000534057617,20.075000762939453,19.920000076293945,19.979999542236328,10.699819564819336,304800
2003-09-02,19.93000030517578,20.440000534057617,19.875,20.354999542236328,10.900640487670898,661600
2003-09-03,20.399999618530273,21.4950008392334,20.354999542236328,21.350000381469727,11.433492660522461,1193000
2003-09-04,21.350000381469727,21.600000381469727,21.024999618530273,21.469999313354492,11.497750282287598,608400
2003-09-05,21.360000610351562,21.899999618530273,21.28499984741211,21.770000457763672,11.658411026000977,816200
2003-09-08,21.649999618530273,22.225000381469727,21.649999618530273,21.9950008392334,11.778902053833008,718000
2003-09-09,22.020000457763672,22.094999313354492,21.905000686645508,21.94499969482422,11.752130508422852,687600
2003-09-10,21.80500030517578,21.954999923706055,21.155000686645508,21.360000610351562,11.438844680786133,648800
2003-09-11,21.295000076293945,21.309999465942383,20.514999389648438,21.0,11.246058464050293,499600
2003-09-12,20.899999618530273,21.184999465942383,20.579999923706055,21.094999313354492,11.296929359436035,376000
2003-09-15,21.100000381469727,21.149999618530273,20.799999237060547,21.024999618530273,11.259442329406738,346800
2003-09-16,21.03499984741211,22.200000762939453,21.030000686645508,22.19499969482422,11.88601016998291,661400
2003-09-17,22.09000015258789,22.684999465942383,21.979999542236328,22.299999237060547,11.942238807678223,585000
2003-09-18,22.25,22.434999465942383,21.709999084472656,22.3799991607666,11.985079765319824,759600
2003-09-19,22.4950008392334,22.649999618530273,22.405000686645508,22.600000381469727,12.10289478302002,700600
2003-09-22,22.475000381469727,22.600000381469727,22.075000762939453,22.5,12.049349784851074,838800
2003-09-23,22.399999618530273,22.940000534057617,22.385000228881836,22.915000915527344,12.271590232849121,574400
2003-09-24,23.0,23.0,22.530000686645508,22.56999969482422,12.086833000183105,626600
2003-09-25,22.924999237060547,23.375,22.610000610351562,22.7549991607666,12.18590259552002,1028800
2003-09-26,22.78499984741211,22.795000076293945,20.594999313354492,21.125,11.312995910644531,2013200
2003-09-29,21.229999542236328,21.270000457763672,20.329999923706055,20.979999542236328,11.235346794128418,2124600
2003-09-30,21.0,21.229999542236328,20.815000534057617,20.940000534057617,11.213926315307617,644200
2003-10-01,21.024999618530273,21.100000381469727,20.485000610351562,20.84000015258789,11.160372734069824,587400
2003-10-02,20.834999084472656,21.459999084472656,20.760000228881836,21.315000534057617,11.41474723815918,925400
2003-10-03,21.600000381469727,22.03499984741211,21.594999313354492,21.670000076293945,11.604853630065918,637000
2003-10-06,21.6299991607666,21.8700008392334,21.6299991607666,21.719999313354492,11.631633758544922,257200
2003-10-07,21.719999313354492,22.565000534057617,21.635000228881836,22.44499969482422,12.019891738891602,738200
2003-10-08,22.5,22.594999313354492,22.219999313354492,22.309999465942383,11.947593688964844,363600
2003-10-09,22.405000686645508,22.655000686645508,22.084999084472656,22.290000915527344,11.936883926391602,539600
2003-10-10,22.389999389648438,22.395000457763672,21.514999389648438,21.860000610351562,11.706610679626465,629600
2003-10-13,21.7549991607666,21.795000076293945,20.8799991607666,21.104999542236328,11.302282333374023,1687000
2003-10-14,21.040000915527344,21.649999618530273,21.024999618530273,21.6200008392334,11.578084945678711,874600
2003-10-15,21.780000686645508,22.395000457763672,21.774999618530273,22.09000015258789,11.829780578613281,802200
2003-10-16,22.06999969482422,22.549999237060547,22.0,22.375,11.982405662536621,699600
2003-10-17,22.4950008392334,22.5,22.25,22.350000381469727,11.969016075134277,573800
2003-10-20,22.5,22.5,22.2450008392334,22.3700008392334,11.979728698730469,477800
2003-10-21,22.25,22.459999084472656,22.225000381469727,22.405000686645508,11.9984712600708,561200
2003-10-22,22.364999771118164,22.405000686645508,21.635000228881836,21.690000534057617,11.615571022033691,654600
2003-10-23,21.479999542236328,21.510000228881836,20.934999465942383,21.149999618530273,11.326385498046875,1002200
2003-10-24,21.21500015258789,21.225000381469727,20.75,21.024999618530273,11.259442329406738,1568800
2003-10-27,21.094999313354492,21.975000381469727,21.024999618530273,21.905000686645508,11.730710983276367,821600
2003-10-28,21.979999542236328,22.649999618530273,21.90999984741211,22.485000610351562,12.041313171386719,1265000
2003-10-29,22.68000030517578,27.040000915527344,22.524999618530273,26.024999618530273,13.9370756149292,7303800
2003-10-30,25.399999618530273,25.59000015258789,24.614999771118164,25.15999984741211,13.47385025024414,3156000
2003-10-31,25.15999984741211,25.15999984741211,24.8799991607666,25.0,13.388164520263672,970600
2003-11-03,25.28499984741211,26.889999389648438,25.155000686645508,26.6299991607666,14.261073112487793,3289000
2003-11-04,26.75,26.959999084472656,25.940000534057617,26.885000228881836,14.39763355255127,1070800
2003-11-05,26.6299991607666,26.780000686645508,25.655000686645508,26.165000915527344,14.01204776763916,928200
2003-11-06,26.100000381469727,26.165000915527344,25.364999771118164,25.674999237060547,13.749639511108398,703800
2003-11-07,25.780000686645508,26.25,25.510000228881836,25.600000381469727,13.709481239318848,578800
2003-11-10,25.739999771118164,25.739999771118164,25.049999237060547,25.094999313354492,13.43903636932373,382200
2003-11-11,25.174999237060547,25.270000457763672,24.05500030517578,24.9950008392334,13.38548755645752,692000
2003-11-12,25.0,25.25,25.0,25.2450008392334,13.519365310668945,421600
2003-11-13,25.235000610351562,25.84000015258789,25.114999771118164,25.540000915527344,13.677343368530273,635600
2003-11-14,25.405000686645508,25.690000534057617,24.639999389648438,24.690000534057617,13.222150802612305,504000
2003-11-17,24.6299991607666,26.0,24.44499969482422,25.860000610351562,13.848715782165527,1660600
2003-11-18,26.184999465942383,26.709999084472656,25.825000762939453,25.924999237060547,13.88352108001709,1588200
2003-11-19,25.96500015258789,26.15999984741211,25.40999984741211,25.809999465942383,13.821938514709473,1289800
2003-11-20,25.625,27.049999237060547,24.709999084472656,26.454999923706055,14.167352676391602,3317000
2003-11-21,26.700000762939453,27.0,25.6299991607666,26.1200008392334,13.987948417663574,804000
2003-11-24,26.475000381469727,27.600000381469727,26.424999237060547,27.5,14.726980209350586,2175800
2003-11-25,27.700000762939453,28.614999771118164,27.549999237060547,27.829999923706055,14.903705596923828,2118000
2003-11-26,28.100000381469727,28.229999542236328,27.524999618530273,28.0049991607666,15.1333646774292,902800
2003-11-28,27.75,28.225000381469727,27.725000381469727,27.9950008392334,15.127962112426758,261600
2003-12-01,28.274999618530273,28.920000076293945,27.190000534057617,27.885000228881836,15.068521499633789,1144800
2003-12-02,27.96500015258789,28.174999237060547,27.780000686645508,27.90999984741211,15.082030296325684,573000
2003-12-03,28.014999389648438,28.524999618530273,27.354999542236328,27.454999923706055,14.836159706115723,759200
2003-12-04,27.565000534057617,28.024999618530273,26.485000610351562,27.274999618530273,14.738886833190918,948200
2003-12-05,27.1299991607666,27.139999389648438,26.475000381469727,26.774999618530273,14.468694686889648,569000
2003-12-08,26.825000762939453,27.424999237060547,26.399999618530273,26.625,14.387639045715332,961400
2003-12-09,26.584999084472656,27.024999618530273,26.334999084472656,26.344999313354492,14.23633098602295,580600
2003-12-10,26.405000686645508,26.479999542236328,25.045000076293945,25.65999984741211,13.866178512573242,1390600
2003-12-11,25.614999771118164,27.225000381469727,25.5,26.8799991607666,14.525435447692871,1284200
2003-12-12,27.34000015258789,28.485000610351562,27.174999237060547,27.385000228881836,14.798328399658203,1576800
2003-12-15,28.1200008392334,28.219999313354492,26.46500015258789,26.674999237060547,14.41465950012207,1599800
2003-12-16,26.614999771118164,26.825000762939453,26.489999771118164,26.625,14.387639045715332,653600
2003-12-17,26.56999969482422,27.43000030517578,26.100000381469727,27.219999313354492,14.709161758422852,1260000
2003-12-18,27.510000228881836,27.790000915527344,26.864999771118164,27.204999923706055,14.701059341430664,914600
2003-12-19,27.375,28.0,27.1299991607666,27.510000228881836,14.865876197814941,7387600
2003-12-22,27.899999618530273,28.0,26.600000381469727,27.125,14.657831192016602,1769600
2003-12-23,27.114999771118164,27.639999389648438,26.899999618530273,27.575000762939453,14.901000022888184,976600
2003-12-24,27.450000762939453,27.524999618530273,26.934999465942383,26.989999771118164,14.584877967834473,454800
2003-12-26,27.104999542236328,27.225000381469727,26.920000076293945,27.0049991607666,14.592985153198242,231800
2003-12-29,27.065000534057617,27.5,26.979999542236328,27.485000610351562,14.852370262145996,742800
2003-12-30,27.479999542236328,27.94499969482422,27.2549991607666,27.375,14.792927742004395,775600
2003-12-31,27.55500030517578,27.815000534057617,27.0049991607666,27.239999771118164,14.71996784210205,636200
2004-01-02,27.56999969482422,27.56999969482422,26.665000915527344,26.844999313354492,14.506514549255371,926000
2004-01-05,26.920000076293945,27.5,26.6200008392334,27.344999313354492,14.776714324951172,997400
2004-01-06,27.25,29.34000015258789,26.975000381469727,28.834999084472656,15.581884384155273,2353400
2004-01-07,29.0,29.735000610351562,28.575000762939453,28.674999237060547,15.495418548583984,1526200
2004-01-08,28.729999542236328,29.264999389648438,28.5,29.020000457763672,15.681854248046875,728800
2004-01-09,28.764999389648438,29.114999771118164,28.375,28.649999618530273,15.48190975189209,887600
2004-01-12,28.71500015258789,28.75,28.299999237060547,28.700000762939453,15.508930206298828,655600
2004-01-13,28.704999923706055,29.100000381469727,28.149999618530273,28.459999084472656,15.379241943359375,847200
2004-01-14,28.799999237060547,29.274999618530273,28.165000915527344,28.71500015258789,15.517037391662598,1033600
2004-01-15,28.729999542236328,29.059999465942383,28.30500030517578,28.75,15.535944938659668,1134800
2004-01-16,28.7549991607666,29.075000762939453,28.559999465942383,28.875,15.603497505187988,731800
2004-01-20,28.954999923706055,29.010000228881836,28.05500030517578,28.625,15.468401908874512,875400
2004-01-21,28.725000381469727,29.0,28.100000381469727,28.809999465942383,15.56836986541748,552400
2004-01-22,28.815000534057617,29.25,28.104999542236328,28.104999542236328,15.187402725219727,806000
2004-01-23,28.170000076293945,28.485000610351562,27.290000915527344,27.440000534057617,14.828047752380371,1308800
2004-01-26,27.315000534057617,27.424999237060547,26.264999389648438,27.010000228881836,14.59568977355957,1852400
2004-01-27,26.864999771118164,27.010000228881836,26.31999969482422,26.405000686645508,14.268757820129395,1088800
2004-01-28,26.524999618530273,26.790000915527344,26.30500030517578,26.5,14.320093154907227,905600
2004-01-29,26.459999084472656,26.670000076293945,26.104999542236328,26.549999237060547,14.3471097946167,1309000
2004-01-30,26.549999237060547,26.665000915527344,26.25,26.56999969482422,14.357915878295898,538200
2004-02-02,26.5,27.0,25.920000076293945,26.020000457763672,14.060714721679688,1037600
2004-02-03,25.9950008392334,26.024999618530273,25.135000228881836,25.25,13.644617080688477,1516600
2004-02-04,24.985000610351562,25.0,24.375,24.575000762939453,13.279857635498047,1208400
2004-02-05,24.71500015258789,25.309999465942383,24.540000915527344,24.825000762939453,13.414956092834473,863000
2004-02-06,25.0049991607666,26.079999923706055,25.0,25.7549991607666,13.91750717163086,1427600
2004-02-09,26.100000381469727,26.149999618530273,25.649999618530273,25.68000030517578,13.876986503601074,579600
2004-02-10,25.71500015258789,26.200000762939453,25.6200008392334,26.049999237060547,14.076915740966797,781600
2004-02-11,24.424999237060547,24.5,22.299999237060547,23.40999984741211,12.650312423706055,9142600
2004-02-12,24.239999771118164,24.700000762939453,23.690000534057617,23.950000762939453,12.942121505737305,2482200
2004-02-13,24.174999237060547,24.325000762939453,23.75,24.0,12.96914291381836,1029200
2004-02-17,24.25,24.274999618530273,23.799999237060547,23.825000762939453,12.874573707580566,708600
2004-02-18,23.78499984741211,23.795000076293945,23.350000381469727,23.549999237060547,12.725966453552246,924400
2004-02-19,23.614999771118164,24.010000228881836,23.295000076293945,23.309999465942383,12.596274375915527,842000
2004-02-20,23.280000686645508,23.364999771118164,22.979999542236328,23.104999542236328,12.485501289367676,1149600
2004-02-23,23.0049991607666,23.190000534057617,22.799999237060547,22.905000686645508,12.377420425415039,1255200
2004-02-24,23.204999923706055,23.239999771118164,22.68000030517578,23.06999969482422,12.466584205627441,1322000
2004-02-25,23.174999237060547,23.184999465942383,22.75,23.049999237060547,12.455780029296875,1521200
2004-02-26,23.149999618530273,23.225000381469727,22.959999084472656,23.040000915527344,12.450377464294434,954400
2004-02-27,22.979999542236328,23.165000915527344,22.774999618530273,22.920000076293945,12.385529518127441,763400
2004-03-01,23.18000030517578,23.200000762939453,22.690000534057617,23.174999237060547,12.523322105407715,1142800
2004-03-02,23.09000015258789,23.850000381469727,23.010000228881836,23.475000381469727,12.685439109802246,965000
2004-03-03,23.354999542236328,23.719999313354492,22.920000076293945,23.200000762939453,12.536832809448242,625000
2004-03-04,23.049999237060547,23.5,22.9950008392334,23.260000228881836,12.569257736206055,376000
2004-03-05,23.200000762939453,23.325000762939453,22.889999389648438,23.0,12.428754806518555,617000
2004-03-08,22.405000686645508,22.989999771118164,22.200000762939453,22.405000686645508,12.107232093811035,3400600
2004-03-09,22.21500015258789,22.399999618530273,21.174999237060547,21.18000030517578,11.44526481628418,1977200
2004-03-10,21.135000228881836,21.799999237060547,20.575000762939453,21.040000915527344,11.369616508483887,1714600
2004-03-11,21.010000228881836,21.225000381469727,20.485000610351562,20.489999771118164,11.072404861450195,1786600
2004-03-12,20.514999389648438,21.0,20.350000381469727,20.670000076293945,11.169673919677734,1922200
2004-03-15,20.600000381469727,20.75,19.860000610351562,19.915000915527344,10.761689186096191,1779800
2004-03-16,20.174999237060547,20.299999237060547,19.899999618530273,19.924999237060547,10.767087936401367,1865200
2004-03-17,20.1200008392334,20.889999389648438,20.0,20.325000762939453,10.983237266540527,1667000
2004-03-18,20.3700008392334,20.375,20.0,20.200000762939453,10.915690422058105,936600
2004-03-19,20.375,20.475000381469727,20.139999389648438,20.174999237060547,10.902186393737793,1167800
2004-03-22,20.09000015258789,20.174999237060547,19.875,20.040000915527344,10.829235076904297,831400
2004-03-23,20.31999969482422,20.350000381469727,19.854999542236328,19.915000915527344,10.761689186096191,1062400
2004-03-24,19.989999771118164,21.350000381469727,19.905000686645508,21.225000381469727,11.469578742980957,2061200
2004-03-25,21.385000228881836,22.25,21.25,22.18000030517578,11.985644340515137,2892200
2004-03-26,21.985000610351562,22.260000228881836,21.594999313354492,21.655000686645508,11.701949119567871,847000
2004-03-29,21.850000381469727,21.920000076293945,21.270000457763672,21.459999084472656,11.596574783325195,1399800
2004-03-30,21.375,22.165000915527344,21.19499969482422,22.149999618530273,11.969432830810547,923600
2004-03-31,22.225000381469727,22.225000381469727,21.334999084472656,21.354999542236328,11.53982925415039,1054200
2004-04-01,21.415000915527344,21.56999969482422,21.1299991607666,21.200000762939453,11.456077575683594,3165000
2004-04-02,21.56999969482422,22.0,21.209999084472656,21.4950008392334,11.615487098693848,1242800
2004-04-05,21.4950008392334,21.565000534057617,21.05500030517578,21.3799991607666,11.553343772888184,950800
2004-04-06,21.329999923706055,21.424999237060547,21.094999313354492,21.165000915527344,11.43716049194336,382000
2004-04-07,21.104999542236328,21.4950008392334,21.100000381469727,21.225000381469727,11.469578742980957,613600
2004-04-08,21.399999618530273,21.670000076293945,21.100000381469727,21.28499984741211,11.502005577087402,775600
2004-04-12,21.05500030517578,21.485000610351562,20.96500015258789,21.110000610351562,11.407439231872559,603600
2004-04-13,21.100000381469727,21.19499969482422,20.18000030517578,20.325000762939453,10.983237266540527,959200
2004-04-14,20.209999084472656,20.65999984741211,20.139999389648438,20.600000381469727,11.131841659545898,874600
2004-04-15,20.5,20.790000915527344,20.0,20.110000610351562,10.867057800292969,935800
2004-04-16,19.975000381469727,20.235000610351562,19.899999618530273,20.079999923706055,10.850846290588379,1038800
2004-04-19,20.100000381469727,20.415000915527344,19.549999237060547,20.3799991607666,11.012957572937012,662400
2004-04-20,20.434999465942383,20.594999313354492,19.940000534057617,19.940000534057617,10.775190353393555,683800
2004-04-21,20.020000457763672,20.229999542236328,19.93000030517578,20.094999313354492,10.858955383300781,727400
2004-04-22,19.940000534057617,20.299999237060547,19.799999237060547,20.19499969482422,10.912988662719727,894800
2004-04-23,20.200000762939453,20.264999389648438,19.78499984741211,20.03499984741211,10.826536178588867,514800
2004-04-26,20.2450008392334,20.2450008392334,19.024999618530273,19.325000762939453,10.442859649658203,2483800
2004-04-27,19.584999084472656,19.850000381469727,19.395000457763672,19.65999984741211,10.623884201049805,1463200
2004-04-28,17.80500030517578,18.25,16.049999237060547,16.454999923706055,8.891965866088867,12201800
2004-04-29,16.610000610351562,16.80500030517578,16.354999542236328,16.520000457763672,8.927091598510742,2228000
2004-04-30,16.610000610351562,16.610000610351562,16.059999465942383,16.110000610351562,8.70553207397461,2246200
2004-05-03,16.25,16.34000015258789,15.795000076293945,15.84000015258789,8.55963134765625,1906000
2004-05-04,15.975000381469727,16.0,14.9350004196167,14.949999809265137,8.078692436218262,3347000
2004-05-05,15.010000228881836,15.220000267028809,14.954999923706055,15.069999694824219,8.143538475036621,3358400
2004-05-06,15.074999809265137,15.109999656677246,14.625,14.75,7.970617294311523,1665000
2004-05-07,14.789999961853027,14.930000305175781,14.699999809265137,14.734999656677246,7.962509632110596,2079600
2004-05-10,14.675000190734863,14.875,14.180000305175781,14.550000190734863,7.862539291381836,1575800
2004-05-11,14.614999771118164,14.78499984741211,14.53499984741211,14.670000076293945,7.92738676071167,1676800
2004-05-12,14.75,14.824999809265137,14.1850004196167,14.555000305175781,7.865240097045898,1967400
2004-05-13,14.470000267028809,14.609999656677246,14.319999694824219,14.46500015258789,7.816612243652344,1351000
2004-05-14,14.680000305175781,14.729999542236328,14.505000114440918,14.545000076293945,7.85983943939209,1461000
2004-05-17,14.335000038146973,14.475000381469727,14.039999961853027,14.21500015258789,7.681513786315918,1264800
2004-05-18,14.199999809265137,14.854999542236328,14.199999809265137,14.8100004196167,8.00303840637207,1335400
2004-05-19,15.074999809265137,15.930000305175781,15.0,15.444999694824219,8.346183776855469,2305800
2004-05-20,15.600000381469727,16.030000686645508,15.375,15.770000457763672,8.52180290222168,2299400
2004-05-21,15.994999885559082,16.3799991607666,15.854999542236328,16.299999237060547,8.808207511901855,2094400
2004-05-24,17.104999542236328,17.2450008392334,16.424999237060547,16.540000915527344,8.937898635864258,2331000
2004-05-25,16.69499969482422,17.190000534057617,16.399999618530273,17.165000915527344,9.275638580322266,1641600
2004-05-26,17.1299991607666,17.165000915527344,16.625,16.760000228881836,9.056783676147461,1453400
2004-05-27,16.850000381469727,17.440000534057617,16.850000381469727,17.114999771118164,9.248618125915527,1999000
2004-05-28,17.28499984741211,17.399999618530273,16.899999618530273,17.360000610351562,9.381011962890625,959400
2004-06-01,17.1299991607666,17.4950008392334,17.1299991607666,17.405000686645508,9.405325889587402,1351000
2004-06-02,17.5,17.5,17.1299991607666,17.225000381469727,9.308059692382812,632000
2004-06-03,17.135000228881836,17.25,16.8799991607666,16.895000457763672,9.129734992980957,693000
2004-06-04,17.024999618530273,17.21500015258789,16.799999237060547,16.889999389648438,9.127032279968262,664600
2004-06-07,17.235000610351562,17.690000534057617,16.954999923706055,17.565000534057617,9.491790771484375,1039600
2004-06-08,17.610000610351562,17.690000534057617,17.375,17.489999771118164,9.451261520385742,1049600
2004-06-09,17.295000076293945,17.4950008392334,17.114999771118164,17.174999237060547,9.281039237976074,799000
2004-06-10,17.315000534057617,17.350000381469727,17.075000762939453,17.270000457763672,9.332375526428223,398400
2004-06-14,17.315000534057617,17.440000534057617,16.40999984741211,16.514999389648438,8.924386024475098,1196600
2004-06-15,16.46500015258789,16.764999389648438,16.334999084472656,16.719999313354492,9.035168647766113,1341400
2004-06-16,16.799999237060547,16.799999237060547,15.635000228881836,15.710000038146973,8.489381790161133,3894600
2004-06-17,15.864999771118164,15.864999771118164,15.3149995803833,15.40999984741211,8.327266693115234,1987600
2004-06-18,15.274999618530273,16.399999618530273,15.265000343322754,15.96500015258789,8.627181053161621,1577200
2004-06-21,15.975000381469727,16.125,15.574999809265137,15.635000228881836,8.4488525390625,565400
2004-06-22,15.649999618530273,16.485000610351562,15.574999809265137,16.399999618530273,8.862244606018066,1098800
2004-06-23,16.325000762939453,16.81999969482422,16.075000762939453,16.68000030517578,9.013551712036133,970000
2004-06-24,16.78499984741211,17.385000228881836,16.645000457763672,17.19499969482422,9.291845321655273,1601800
2004-06-25,17.399999618530273,17.399999618530273,17.225000381469727,17.329999923706055,9.364801406860352,624000
2004-06-28,17.489999771118164,18.184999465942383,17.25,18.049999237060547,9.753873825073242,2071600
2004-06-29,18.014999389648438,18.149999618530273,17.6299991607666,17.860000610351562,9.651202201843262,1630600
2004-06-30,17.700000762939453,18.540000915527344,17.649999618530273,18.530000686645508,10.013254165649414,1452200
2004-07-01,18.274999618530273,18.280000686645508,17.295000076293945,17.329999923706055,9.364801406860352,3178400
2004-07-02,17.5,17.71500015258789,17.200000762939453,17.204999923706055,9.297248840332031,994000
2004-07-06,17.21500015258789,17.665000915527344,17.049999237060547,17.424999237060547,9.416135787963867,1146600
2004-07-07,17.739999771118164,17.8700008392334,17.5049991607666,17.75,9.591760635375977,962400
2004-07-08,17.639999389648438,18.094999313354492,17.514999389648438,17.645000457763672,9.535017967224121,810600
2004-07-09,17.885000228881836,18.065000534057617,17.649999618530273,17.920000076293945,9.683626174926758,372800
2004-07-12,17.920000076293945,18.020000457763672,17.174999237060547,17.454999923706055,9.432348251342773,805800
2004-07-13,17.385000228881836,17.815000534057617,17.385000228881836,17.774999618530273,9.605269432067871,786400
2004-07-14,17.670000076293945,17.774999618530273,17.450000762939453,17.579999923706055,9.499892234802246,703800
2004-07-15,17.489999771118164,17.795000076293945,17.170000076293945,17.170000076293945,9.278338432312012,829800
2004-07-16,17.174999237060547,17.55500030517578,16.844999313354492,17.065000534057617,9.221596717834473,1447400
2004-07-19,17.30500030517578,17.549999237060547,16.90999984741211,17.44499969482422,9.426941871643066,873600
2004-07-20,17.549999237060547,17.584999084472656,17.200000762939453,17.4950008392334,9.453963279724121,905000
2004-07-21,17.5,17.510000228881836,16.905000686645508,16.940000534057617,9.154048919677734,838400
2004-07-22,16.985000610351562,17.309999465942383,16.5,17.0,9.18647289276123,1283200
2004-07-23,16.81999969482422,16.93000030517578,16.225000381469727,16.3799991607666,8.851434707641602,773000
2004-07-26,16.479999542236328,16.674999237060547,16.25,16.415000915527344,8.870351791381836,748000
2004-07-27,16.475000381469727,17.3799991607666,15.755000114440918,16.825000762939453,9.091910362243652,2185600
2004-07-28,18.329999923706055,19.71500015258789,17.520000457763672,18.8700008392334,10.196988105773926,10419400
2004-07-29,18.59000015258789,19.1200008392334,18.549999237060547,19.03499984741211,10.28614616394043,2966000
2004-07-30,19.03499984741211,19.239999771118164,18.7450008392334,18.75,10.1321382522583,2133800
2004-08-02,18.7450008392334,19.5,18.5,19.350000381469727,10.456367492675781,1750200
2004-08-03,19.065000534057617,19.34000015258789,18.53499984741211,18.68000030517578,10.094313621520996,1065000
2004-08-04,18.8700008392334,19.149999618530273,18.690000534057617,18.895000457763672,10.210494041442871,1146600
2004-08-05,18.81999969482422,19.100000381469727,18.545000076293945,18.614999771118164,10.059188842773438,908600
2004-08-06,18.5,18.795000076293945,17.829999923706055,18.075000762939453,9.76738166809082,1247800
2004-08-09,17.735000610351562,18.295000076293945,17.655000686645508,17.959999084472656,9.705236434936523,662000
2004-08-10,18.084999084472656,18.969999313354492,18.014999389648438,18.934999465942383,10.232108116149902,935600
2004-08-11,18.704999923706055,18.920000076293945,17.834999084472656,18.665000915527344,10.086207389831543,1609600
2004-08-12,18.3700008392334,18.5,17.700000762939453,18.094999313354492,9.778190612792969,2106800
2004-08-13,18.125,18.30500030517578,17.899999618530273,17.96500015258789,9.70793628692627,841400
2004-08-16,18.325000762939453,18.325000762939453,17.934999465942383,18.100000381469727,9.780895233154297,749400
2004-08-17,18.065000534057617,18.549999237060547,18.03499984741211,18.549999237060547,10.024065971374512,1121200
2004-08-18,18.489999771118164,19.0,18.274999618530273,18.954999923706055,10.242918014526367,1090400
2004-08-19,18.75,18.954999923706055,18.584999084472656,18.7450008392334,10.129435539245605,909800
2004-08-20,18.834999084472656,19.2450008392334,18.579999923706055,19.049999237060547,10.294254302978516,626800
2004-08-23,19.145000457763672,19.2450008392334,18.795000076293945,18.959999084472656,10.245620727539062,947400
2004-08-24,19.145000457763672,19.145000457763672,18.385000228881836,18.670000076293945,10.088908195495605,624800
2004-08-25,18.540000915527344,19.549999237060547,18.540000915527344,19.344999313354492,10.453669548034668,1872600
2004-08-26,19.2450008392334,19.360000610351562,19.049999237060547,19.329999923706055,10.445558547973633,845400
2004-08-27,19.334999084472656,19.625,19.1200008392334,19.489999771118164,10.532022476196289,715000
2004-08-30,19.309999465942383,20.06999969482422,19.049999237060547,19.905000686645508,10.7562837600708,1504000
2004-08-31,20.0,20.235000610351562,18.885000228881836,19.454999923706055,10.513108253479004,2400000
2004-09-01,19.290000915527344,19.725000381469727,18.950000762939453,19.200000762939453,10.375308990478516,680200
2004-09-02,19.2450008392334,19.969999313354492,19.03499984741211,19.905000686645508,10.7562837600708,950800
2004-09-03,19.709999084472656,20.065000534057617,19.565000534057617,19.915000915527344,10.761689186096191,898600
2004-09-07,19.950000762939453,20.5,19.93000030517578,20.360000610351562,11.002150535583496,754400
2004-09-08,20.190000534057617,20.5,19.809999465942383,19.9950008392334,10.804915428161621,1064800
2004-09-09,20.024999618530273,20.299999237060547,19.809999465942383,19.950000762939453,10.780598640441895,1281200
2004-09-10,20.045000076293945,20.045000076293945,19.690000534057617,19.854999542236328,10.729263305664062,967000
2004-09-13,19.899999618530273,20.114999771118164,19.584999084472656,20.0,10.80761432647705,1043000
2004-09-14,20.049999237060547,20.31999969482422,19.84000015258789,20.25,10.942710876464844,1213000
2004-09-15,20.274999618530273,20.274999618530273,19.524999618530273,19.604999542236328,10.594167709350586,1496000
2004-09-16,19.860000610351562,20.299999237060547,19.739999771118164,20.135000228881836,10.880569458007812,1001600
2004-09-17,20.274999618530273,20.65999984741211,20.2549991607666,20.549999237060547,11.10482406616211,1135400
2004-09-20,20.524999618530273,20.614999771118164,20.1299991607666,20.309999465942383,10.97513198852539,1194600
2004-09-21,20.329999923706055,20.4950008392334,20.174999237060547,20.385000228881836,11.015660285949707,581000
2004-09-22,20.28499984741211,20.34000015258789,19.850000381469727,20.024999618530273,10.821125984191895,986400
2004-09-23,19.8700008392334,20.125,19.75,19.78499984741211,10.691435813903809,574800
2004-09-24,19.690000534057617,19.94499969482422,19.520000457763672,19.760000228881836,10.677924156188965,605800
2004-09-27,19.954999923706055,20.149999618530273,19.65999984741211,20.024999618530273,10.821125984191895,746200
2004-09-28,19.875,20.18000030517578,19.780000686645508,20.100000381469727,10.861653327941895,789400
2004-09-29,20.03499984741211,21.295000076293945,19.950000762939453,21.225000381469727,11.469578742980957,1705400
2004-09-30,21.165000915527344,21.975000381469727,21.155000686645508,21.625,11.685735702514648,1871200
2004-10-01,21.764999389648438,22.125,21.549999237060547,22.1200008392334,11.953222274780273,1086800
2004-10-04,21.989999771118164,22.31999969482422,21.584999084472656,21.674999237060547,11.712749481201172,1033800
2004-10-05,21.725000381469727,22.049999237060547,21.625,21.985000610351562,11.88027286529541,1102200
2004-10-06,21.989999771118164,22.549999237060547,21.75,22.524999618530273,12.172080039978027,1252000
2004-10-07,22.155000686645508,22.700000762939453,21.899999618530273,22.604999542236328,12.215306282043457,842000
2004-10-08,22.5,22.594999313354492,22.2549991607666,22.364999771118164,12.085616111755371,810200
2004-10-11,22.485000610351562,22.924999237060547,22.440000534057617,22.875,12.361209869384766,1118800
2004-10-12,22.815000534057617,22.934999465942383,22.399999618530273,22.850000381469727,12.347700119018555,798800
2004-10-13,22.764999389648438,23.219999313354492,22.625,22.94499969482422,12.399042129516602,1466400
2004-10-14,22.9950008392334,23.1200008392334,22.7450008392334,23.100000381469727,12.482799530029297,525200
2004-10-15,23.155000686645508,23.40999984741211,22.985000610351562,23.174999237060547,12.523322105407715,1296200
2004-10-18,23.28499984741211,23.28499984741211,22.424999237060547,22.575000762939453,12.19909381866455,1268800
2004-10-19,23.100000381469727,23.25,22.614999771118164,22.665000915527344,12.24773120880127,787000
2004-10-20,22.78499984741211,23.170000076293945,22.309999465942383,22.979999542236328,12.417951583862305,633400
2004-10-21,22.985000610351562,23.264999389648438,22.7450008392334,23.145000457763672,12.507115364074707,675200
2004-10-22,23.03499984741211,23.5,22.985000610351562,23.184999465942383,12.528730392456055,827400
2004-10-25,23.200000762939453,23.200000762939453,22.6299991607666,22.875,12.361209869384766,1101000
2004-10-26,22.875,23.950000762939453,22.600000381469727,23.854999542236328,12.890787124633789,1333000
2004-10-27,23.885000228881836,26.1200008392334,23.614999771118164,25.264999389648438,13.652721405029297,7224600
2004-10-28,25.795000076293945,25.850000381469727,24.639999389648438,24.75,13.374429702758789,2158200
2004-10-29,24.44499969482422,25.225000381469727,24.405000686645508,25.0,13.509522438049316,930800
2004-11-01,24.950000762939453,25.4950008392334,24.875,25.079999923706055,13.552748680114746,836800
2004-11-02,25.274999618530273,25.674999237060547,25.0,25.31999969482422,13.682445526123047,1545000
2004-11-03,25.5,25.809999465942383,25.395000457763672,25.604999542236328,13.836451530456543,1234800
2004-11-04,25.610000610351562,26.0049991607666,25.475000381469727,25.979999542236328,14.039093971252441,718800
2004-11-05,26.049999237060547,26.299999237060547,25.575000762939453,25.875,13.982355117797852,975600
2004-11-08,26.0,26.25,25.770000457763672,25.834999084472656,13.960744857788086,608000
2004-11-09,25.96500015258789,26.325000762939453,25.850000381469727,26.125,14.117451667785645,531000
2004-11-10,26.325000762939453,26.53499984741211,26.09000015258789,26.3700008392334,14.24984359741211,819800
2004-11-11,26.5,26.700000762939453,26.299999237060547,26.645000457763672,14.39844799041748,562800
2004-11-12,26.729999542236328,26.799999237060547,26.354999542236328,26.799999237060547,14.482208251953125,710600
2004-11-15,26.809999465942383,27.03499984741211,26.56999969482422,26.975000381469727,14.576770782470703,715600
2004-11-16,26.75,27.049999237060547,26.5,26.6299991607666,14.390339851379395,659200
2004-11-17,26.75,27.059999465942383,26.420000076293945,26.520000457763672,14.330897331237793,749200
2004-11-18,26.549999237060547,26.665000915527344,25.299999237060547,26.020000457763672,14.060714721679688,1583000
2004-11-19,26.18000030517578,26.790000915527344,25.7549991607666,26.59000015258789,14.368727684020996,1677400
2004-11-22,26.639999389648438,28.0049991607666,26.6299991607666,27.875,15.063118934631348,2543200
2004-11-23,28.0,28.5,27.5,28.434999465942383,15.365727424621582,1727000
2004-11-24,28.5,28.844999313354492,28.329999923706055,28.690000534057617,15.503520965576172,1074200
2004-11-26,28.850000381469727,29.309999465942383,28.674999237060547,29.15999984741211,15.757500648498535,942200
2004-11-29,29.25,29.315000534057617,28.565000534057617,29.084999084472656,15.852887153625488,1413000
2004-11-30,29.125,29.204999923706055,28.764999389648438,29.110000610351562,15.86651611328125,721200
2004-12-01,29.229999542236328,29.5,29.059999465942383,29.395000457763672,16.0218563079834,919800
2004-12-02,29.19499969482422,29.424999237060547,27.1299991607666,27.684999465942383,15.089805603027344,2903400
2004-12-03,27.485000610351562,28.084999084472656,26.559999465942383,28.0,15.261507987976074,2516600
2004-12-06,28.155000686645508,28.274999618530273,27.674999237060547,27.950000762939453,15.234256744384766,1381800
2004-12-07,28.024999618530273,28.024999618530273,27.139999389648438,27.415000915527344,14.942644119262695,1319000
2004-12-08,27.200000762939453,27.420000076293945,26.764999389648438,27.0,14.716453552246094,876800
2004-12-09,27.725000381469727,28.395000457763672,27.2549991607666,28.190000534057617,15.365065574645996,1586800
2004-12-10,28.209999084472656,28.290000915527344,27.329999923706055,27.485000610351562,14.980801582336426,796600
2004-12-13,27.7450008392334,28.315000534057617,27.5,28.299999237060547,15.42502212524414,831000
2004-12-14,28.364999771118164,28.725000381469727,28.0,28.594999313354492,15.5858154296875,817800
2004-12-15,28.614999771118164,28.75,28.15999984741211,28.424999237060547,15.493149757385254,659400
2004-12-16,28.5,28.65999984741211,27.389999389648438,27.530000686645508,15.005331993103027,1122000
2004-12-17,27.530000686645508,28.850000381469727,27.34000015258789,28.829999923706055,15.713894844055176,1997400
2004-12-20,28.825000762939453,29.25,28.329999923706055,28.770000457763672,15.681193351745605,1396000
2004-12-21,28.93000030517578,29.200000762939453,28.684999465942383,29.114999771118164,15.869241714477539,747800
2004-12-22,29.31999969482422,29.989999771118164,28.954999923706055,29.989999771118164,16.346162796020508,2659800
2004-12-23,29.940000534057617,30.8700008392334,29.8700008392334,30.43000030517578,16.585988998413086,2680600
2004-12-27,30.850000381469727,31.0,30.440000534057617,30.600000381469727,16.67864418029785,1356400
2004-12-28,30.7450008392334,31.03499984741211,30.510000228881836,31.0,16.89666748046875,938600
2004-12-29,30.860000610351562,31.020000457763672,30.5,30.610000610351562,16.68410301208496,836800
2004-12-30,30.790000915527344,30.9950008392334,30.21500015258789,30.280000686645508,16.504226684570312,532600
2004-12-31,30.219999313354492,30.485000610351562,30.049999237060547,30.420000076293945,16.580535888671875,526200
2005-01-03,30.584999084472656,30.719999313354492,28.864999771118164,29.459999084472656,16.057281494140625,2153200
2005-01-04,29.780000686645508,29.905000686645508,28.0049991607666,28.315000534057617,15.433201789855957,2544200
2005-01-05,27.950000762939453,28.2549991607666,26.28499984741211,26.780000686645508,14.596538543701172,4584600
2005-01-06,26.780000686645508,26.969999313354492,26.2549991607666,26.670000076293945,14.53658390045166,1736400
2005-01-07,26.700000762939453,27.30500030517578,26.565000534057617,26.690000534057617,14.547486305236816,1669200
2005-01-10,26.540000915527344,26.684999465942383,25.875,25.96500015258789,14.152318000793457,1758200
2005-01-11,25.639999389648438,25.709999084472656,24.575000762939453,24.6299991607666,13.424674987792969,3312800
2005-01-12,24.975000381469727,25.55500030517578,24.440000534057617,25.184999465942383,13.727177619934082,4794000
2005-01-13,25.395000457763672,26.25,25.104999542236328,25.8799991607666,14.105992317199707,3866800
2005-01-14,26.09000015258789,26.40999984741211,25.649999618530273,26.28499984741211,14.326741218566895,1618600
2005-01-18,26.40999984741211,26.844999313354492,26.239999771118164,26.729999542236328,14.56928539276123,1287600
2005-01-19,26.844999313354492,26.844999313354492,25.899999618530273,26.15999984741211,14.258604049682617,1445600
2005-01-20,26.15999984741211,26.15999984741211,25.204999923706055,25.614999771118164,13.961548805236816,1742800
2005-01-21,25.614999771118164,26.200000762939453,25.100000381469727,25.165000915527344,13.716279029846191,1771200
2005-01-24,25.344999313354492,25.9950008392334,24.934999465942383,25.094999313354492,13.67812442779541,1531200
2005-01-25,25.200000762939453,25.7450008392334,24.8799991607666,25.21500015258789,13.743531227111816,925400
2005-01-26,25.395000457763672,25.774999618530273,25.149999618530273,25.614999771118164,13.961548805236816,835400
2005-01-27,25.625,25.625,25.0,25.594999313354492,13.950654983520508,928400
2005-01-28,25.625,25.719999313354492,25.09000015258789,25.485000610351562,13.890698432922363,1646200
2005-01-31,26.5,28.649999618530273,26.44499969482422,27.5,14.988981246948242,4475200
2005-02-01,27.790000915527344,28.024999618530273,27.290000915527344,27.59000015258789,15.038033485412598,1546400
2005-02-02,27.364999771118164,28.920000076293945,27.350000381469727,28.885000228881836,15.743878364562988,2021600
2005-02-03,28.75,28.934999465942383,28.334999084472656,28.829999923706055,15.713894844055176,1101000
2005-02-04,28.850000381469727,28.950000762939453,28.25,28.479999542236328,15.52313232421875,1173800
2005-02-07,28.65999984741211,28.764999389648438,27.93000030517578,28.1200008392334,15.326910018920898,952200
2005-02-08,28.274999618530273,28.899999618530273,27.920000076293945,28.610000610351562,15.593988418579102,1716800
2005-02-09,29.03499984741211,29.600000381469727,26.774999618530273,27.415000915527344,14.942644119262695,5024200
2005-02-10,27.55500030517578,27.924999237060547,27.0,27.274999618530273,14.866344451904297,2021600
2005-02-11,27.135000228881836,27.625,26.75,27.600000381469727,15.043484687805176,977600
2005-02-14,27.614999771118164,27.864999771118164,27.100000381469727,27.594999313354492,15.040759086608887,1353800
2005-02-15,27.6200008392334,27.81999969482422,27.125,27.485000610351562,14.980801582336426,1000000
2005-02-16,27.46500015258789,27.735000610351562,27.420000076293945,27.59000015258789,15.038033485412598,496400
2005-02-17,27.5049991607666,27.75,27.399999618530273,27.5,14.988981246948242,911800
2005-02-18,27.405000686645508,27.53499984741211,26.424999237060547,26.600000381469727,14.498429298400879,1571800
2005-02-22,26.274999618530273,26.440000534057617,25.524999618530273,25.565000534057617,13.934296607971191,1967000
2005-02-23,25.594999313354492,25.899999618530273,25.2549991607666,25.55500030517578,13.928853034973145,1251200
2005-02-24,25.475000381469727,25.860000610351562,25.18000030517578,25.610000610351562,13.958832740783691,1068800
2005-02-25,25.649999618530273,25.950000762939453,25.229999542236328,25.739999771118164,14.029679298400879,844600
2005-02-28,25.7450008392334,26.420000076293945,25.530000686645508,25.625,13.967000007629395,1043400
2005-03-01,25.75,26.184999465942383,25.375,25.69499969482422,14.005157470703125,723600
2005-03-02,25.649999618530273,25.8700008392334,25.375,25.454999923706055,13.874346733093262,595800
2005-03-03,25.5,25.704999923706055,24.71500015258789,25.479999542236328,13.887974739074707,1558600
2005-03-04,25.540000915527344,26.950000762939453,25.5049991607666,25.96500015258789,14.152318000793457,2067000
2005-03-07,26.104999542236328,26.80500030517578,25.96500015258789,26.350000381469727,14.362168312072754,1270000
2005-03-08,26.239999771118164,26.690000534057617,25.875,25.889999389648438,14.111438751220703,656800
2005-03-09,25.920000076293945,26.239999771118164,25.5,25.610000610351562,13.958832740783691,572800
2005-03-10,25.825000762939453,25.825000762939453,24.959999084472656,25.295000076293945,13.787135124206543,1223400
2005-03-11,25.43000030517578,25.78499984741211,24.829999923706055,25.0049991607666,13.629072189331055,1354200
2005-03-14,25.0,25.19499969482422,24.739999771118164,25.094999313354492,13.67812442779541,593600
2005-03-15,25.125,25.145000457763672,23.139999389648438,24.0,13.081290245056152,3124600
2005-03-16,23.5,23.959999084472656,23.264999389648438,23.469999313354492,12.792414665222168,1530600
2005-03-17,23.399999618530273,24.850000381469727,23.149999618530273,24.190000534057617,13.184853553771973,2273800
2005-03-18,24.06999969482422,24.614999771118164,23.84000015258789,24.079999923706055,13.124893188476562,1298800
2005-03-21,24.209999084472656,24.43000030517578,23.905000686645508,23.940000534057617,13.048587799072266,902600
2005-03-22,24.0,24.235000610351562,23.309999465942383,23.5049991607666,12.811487197875977,1153000
2005-03-23,23.389999389648438,24.014999389648438,23.299999237060547,23.81999969482422,12.983181953430176,694200
2005-03-24,24.0049991607666,24.139999389648438,23.655000686645508,23.69499969482422,12.915045738220215,904000
2005-03-28,23.6299991607666,23.6299991607666,21.770000457763672,22.329999923706055,12.171049118041992,3036000
2005-03-29,22.170000076293945,22.700000762939453,21.875,22.420000076293945,12.220104217529297,1598200
2005-03-30,22.5,22.885000228881836,22.5,22.844999313354492,12.451752662658691,1098800
2005-03-31,22.940000534057617,23.399999618530273,22.815000534057617,23.15999984741211,12.623443603515625,1266200
2005-04-01,23.434999465942383,23.635000228881836,22.364999771118164,22.5,12.263708114624023,1270600
2005-04-04,22.530000686645508,22.889999389648438,22.184999465942383,22.719999313354492,12.383625030517578,1058200
2005-04-05,22.719999313354492,23.059999465942383,22.559999465942383,23.010000228881836,12.5416841506958,655400
2005-04-06,23.190000534057617,23.540000915527344,22.989999771118164,23.135000228881836,12.609819412231445,1190400
2005-04-07,23.010000228881836,23.045000076293945,22.584999084472656,22.735000610351562,12.391798973083496,2234600
2005-04-08,22.8799991607666,23.235000610351562,22.75,22.899999618530273,12.481728553771973,887800
2005-04-11,22.9950008392334,23.059999465942383,22.5,22.764999389648438,12.408147811889648,649800
2005-04-12,22.625,23.125,22.309999465942383,23.065000534057617,12.571663856506348,853200
2005-04-13,23.225000381469727,23.3700008392334,22.950000762939453,23.059999465942383,12.568939208984375,925000
2005-04-14,23.219999313354492,23.329999923706055,22.514999389648438,22.584999084472656,12.310041427612305,844600
2005-04-15,22.424999237060547,22.68000030517578,21.7450008392334,21.795000076293945,11.879444122314453,1923400
2005-04-18,21.725000381469727,22.084999084472656,21.219999313354492,21.459999084472656,11.69685173034668,2324800
2005-04-19,21.594999313354492,21.920000076293945,21.329999923706055,21.559999465942383,11.751361846923828,1061800
2005-04-20,21.690000534057617,22.170000076293945,21.5049991607666,21.510000228881836,11.724111557006836,1443000
2005-04-21,21.790000915527344,21.975000381469727,21.514999389648438,21.854999542236328,11.912149429321289,1529000
2005-04-22,21.770000457763672,21.905000686645508,21.489999771118164,21.635000228881836,11.792236328125,1333600
2005-04-25,21.84000015258789,21.96500015258789,21.690000534057617,21.899999618530273,11.936676979064941,647400
2005-04-26,22.0,22.329999923706055,21.71500015258789,21.764999389648438,11.863092422485352,1574400
2005-04-27,20.625,21.299999237060547,19.954999923706055,21.114999771118164,11.508811950683594,5905400
2005-04-28,20.975000381469727,20.975000381469727,20.125,20.28499984741211,11.056418418884277,2731600
2005-04-29,20.350000381469727,20.59000015258789,19.520000457763672,19.75,10.764809608459473,2567800
2005-05-02,19.985000610351562,20.530000686645508,19.739999771118164,20.2450008392334,11.034615516662598,1588000
2005-05-03,20.34000015258789,20.524999618530273,20.104999542236328,20.360000610351562,11.097291946411133,800400
2005-05-04,20.5049991607666,20.594999313354492,20.024999618530273,20.360000610351562,11.097291946411133,810200
2005-05-05,20.520000457763672,20.530000686645508,20.045000076293945,20.375,11.105472564697266,1152000
2005-05-06,20.6200008392334,20.979999542236328,20.399999618530273,20.959999084472656,11.424325942993164,863600
2005-05-09,20.969999313354492,21.0,20.475000381469727,20.700000762939453,11.282611846923828,869400
2005-05-10,20.594999313354492,21.315000534057617,20.5,21.299999237060547,11.60964298248291,1378000
2005-05-11,21.21500015258789,21.889999389648438,21.145000457763672,21.665000915527344,11.80859088897705,1457600
2005-05-12,21.844999313354492,21.860000610351562,21.084999084472656,21.2450008392334,11.57966423034668,1014600
2005-05-13,21.2450008392334,21.579999923706055,21.145000457763672,21.364999771118164,11.645074844360352,587000
2005-05-16,21.610000610351562,21.674999237060547,20.764999389648438,21.125,11.514261245727539,957000
2005-05-17,21.15999984741211,21.219999313354492,20.895000457763672,21.149999618530273,11.527886390686035,628600
2005-05-18,21.149999618530273,22.399999618530273,21.149999618530273,22.024999618530273,12.00481128692627,2251000
2005-05-19,22.200000762939453,22.299999237060547,21.885000228881836,21.915000915527344,11.94485855102539,1281000
2005-05-20,22.010000228881836,22.25,21.899999618530273,22.200000762939453,12.100194931030273,566600
2005-05-23,22.5,22.69499969482422,22.170000076293945,22.635000228881836,12.337292671203613,1303400
2005-05-24,22.510000228881836,22.700000762939453,21.825000762939453,21.989999771118164,11.985732078552246,1851400
2005-05-25,22.145000457763672,22.145000457763672,21.43000030517578,21.549999237060547,11.7459077835083,737600
2005-05-26,21.549999237060547,22.2450008392334,21.475000381469727,21.90999984741211,11.94212532043457,1128600
2005-05-27,22.065000534057617,22.260000228881836,21.75,22.170000076293945,12.083840370178223,1241800
2005-05-31,22.28499984741211,22.565000534057617,22.075000762939453,22.174999237060547,12.086566925048828,555400
2005-06-01,22.30500030517578,22.565000534057617,22.05500030517578,22.364999771118164,12.19012451171875,739000
2005-06-02,22.575000762939453,22.600000381469727,22.030000686645508,22.125,12.05931568145752,698400
2005-06-03,22.19499969482422,22.25,21.704999923706055,21.71500015258789,11.835843086242676,579800
2005-06-06,21.815000534057617,22.05500030517578,21.600000381469727,21.665000915527344,11.80859088897705,525000
2005-06-07,21.649999618530273,21.700000762939453,21.104999542236328,21.2549991607666,11.585115432739258,1356000
2005-06-08,21.1200008392334,21.549999237060547,21.09000015258789,21.145000457763672,11.525166511535645,790000
2005-06-09,21.40999984741211,21.424999237060547,20.7549991607666,21.094999313354492,11.497903823852539,892400
2005-06-10,21.010000228881836,21.200000762939453,20.764999389648438,20.885000228881836,11.383448600769043,760200
2005-06-13,20.940000534057617,21.264999389648438,20.850000381469727,21.09000015258789,11.495182991027832,855400
2005-06-14,21.165000915527344,21.270000457763672,20.934999465942383,21.0,11.446125984191895,707800
2005-06-15,21.19499969482422,21.19499969482422,20.895000457763672,21.059999465942383,11.478829383850098,720000
2005-06-16,21.100000381469727,22.059999465942383,21.024999618530273,22.0,11.991185188293457,949000
2005-06-17,22.0,22.270000457763672,21.55500030517578,22.2549991607666,12.130169868469238,1757800
2005-06-20,22.2450008392334,22.395000457763672,21.799999237060547,22.059999465942383,12.023882865905762,752200
2005-06-21,22.079999923706055,22.104999542236328,21.399999618530273,21.674999237060547,11.814038276672363,806200
2005-06-22,21.809999465942383,21.889999389648438,21.329999923706055,21.815000534057617,11.890347480773926,557400
2005-06-23,22.030000686645508,22.040000915527344,21.125,21.204999923706055,11.557863235473633,927400
2005-06-24,21.084999084472656,21.174999237060547,20.604999542236328,20.68000030517578,11.271712303161621,1200400
2005-06-27,20.55500030517578,21.040000915527344,20.520000457763672,20.53499984741211,11.192679405212402,1101000
2005-06-28,20.594999313354492,21.010000228881836,20.559999465942383,20.760000228881836,11.315314292907715,1319800
2005-06-29,20.774999618530273,21.184999465942383,20.700000762939453,21.155000686645508,11.53061580657959,757200
2005-06-30,21.385000228881836,21.674999237060547,21.2549991607666,21.375,11.65052318572998,1400800
2005-07-01,21.549999237060547,22.040000915527344,21.454999923706055,21.834999084472656,11.901250839233398,1645200
2005-07-05,21.969999313354492,22.170000076293945,21.700000762939453,22.075000762939453,12.032063484191895,882600
2005-07-06,22.065000534057617,24.15999984741211,22.024999618530273,24.09000015258789,13.13034439086914,3331200
2005-07-07,23.5,24.09000015258789,23.44499969482422,23.75,12.945029258728027,1537800
2005-07-08,23.75,24.450000762939453,23.520000457763672,24.19499969482422,13.187580108642578,1417000
2005-07-11,23.575000762939453,24.18000030517578,23.549999237060547,23.6200008392334,12.874175071716309,2083400
2005-07-12,23.700000762939453,23.8799991607666,23.155000686645508,23.704999923706055,12.920500755310059,1210600
2005-07-13,23.815000534057617,24.325000762939453,23.700000762939453,23.7549991607666,12.947751998901367,754000
2005-07-14,24.0,24.235000610351562,23.790000915527344,24.040000915527344,13.103094100952148,440200
2005-07-15,24.280000686645508,25.274999618530273,24.225000381469727,25.219999313354492,13.746258735656738,2518000
2005-07-18,25.184999465942383,25.184999465942383,24.295000076293945,25.0049991607666,13.629072189331055,1247200
2005-07-19,25.09000015258789,25.399999618530273,24.559999465942383,25.270000457763672,13.773510932922363,909200
2005-07-20,25.200000762939453,26.424999237060547,25.094999313354492,26.270000457763672,14.318559646606445,1592800
2005-07-21,26.149999618530273,26.59000015258789,25.739999771118164,26.020000457763672,14.182302474975586,1009200
2005-07-22,25.975000381469727,26.21500015258789,25.5049991607666,25.635000228881836,13.972455024719238,839800
2005-07-25,25.975000381469727,26.0,25.420000076293945,25.645000457763672,13.97790241241455,559800
2005-07-26,25.790000915527344,26.604999542236328,25.635000228881836,26.280000686645508,14.324016571044922,1424000
2005-07-27,28.565000534057617,28.725000381469727,27.125,27.44499969482422,14.959000587463379,8761400
2005-07-28,27.655000686645508,27.674999237060547,27.020000457763672,27.30500030517578,14.882695198059082,1389000
2005-07-29,27.44499969482422,27.645000457763672,27.149999618530273,27.44499969482422,14.959000587463379,1161600
2005-08-01,27.55500030517578,27.75,27.225000381469727,27.565000534057617,15.02441120147705,884600
2005-08-02,27.450000762939453,27.75,27.139999389648438,27.3700008392334,14.918121337890625,1010000
2005-08-03,27.184999465942383,27.540000915527344,26.764999389648438,27.010000228881836,14.721903800964355,1143400
2005-08-04,26.885000228881836,27.084999084472656,25.954999923706055,26.1200008392334,14.236806869506836,1557200
2005-08-05,26.139999389648438,27.024999618530273,26.0049991607666,26.514999389648438,14.452102661132812,1121200
2005-08-08,26.729999542236328,27.0,26.55500030517578,26.834999084472656,14.62651252746582,1150400
2005-08-09,26.985000610351562,27.59000015258789,26.96500015258789,27.5,14.988981246948242,1297400
2005-08-10,27.5,27.899999618530273,27.5,27.59000015258789,15.038033485412598,1606800
2005-08-11,27.799999237060547,28.4950008392334,27.75,28.375,15.465900421142578,1357600
2005-08-12,28.31999969482422,28.395000457763672,27.80500030517578,28.114999771118164,15.324189186096191,1346800
2005-08-15,28.104999542236328,28.454999923706055,27.885000228881836,28.364999771118164,15.46045207977295,869600
2005-08-16,28.375,28.3799991607666,27.235000610351562,27.399999618530273,14.934475898742676,1351600
2005-08-17,27.364999771118164,27.739999771118164,27.31999969482422,27.454999923706055,14.964448928833008,793200
2005-08-18,27.424999237060547,27.889999389648438,27.315000534057617,27.524999618530273,15.002603530883789,1057600
2005-08-19,27.524999618530273,27.90999984741211,27.28499984741211,27.825000762939453,15.16612434387207,889400
2005-08-22,27.9950008392334,28.25,27.815000534057617,27.9950008392334,15.258779525756836,704200
2005-08-23,28.040000915527344,28.389999389648438,28.040000915527344,28.165000915527344,15.351447105407715,880000
2005-08-24,28.204999923706055,28.809999465942383,27.834999084472656,27.979999542236328,15.250602722167969,960800
2005-08-25,27.860000610351562,28.709999084472656,27.860000610351562,28.059999465942383,15.294212341308594,540000
2005-08-26,28.0,28.280000686645508,27.774999618530273,27.799999237060547,15.152495384216309,801800
2005-08-29,27.799999237060547,28.114999771118164,27.584999084472656,27.93000030517578,15.22335433959961,736200
2005-08-30,27.735000610351562,28.299999237060547,27.735000610351562,28.2549991607666,15.400483131408691,876800
2005-08-31,28.229999542236328,28.950000762939453,28.135000228881836,28.950000762939453,15.779305458068848,1223800
2005-09-01,28.94499969482422,29.454999923706055,28.774999618530273,29.3799991607666,16.0136775970459,1270400
2005-09-02,29.25,29.96500015258789,29.225000381469727,29.709999084472656,16.193552017211914,1013800
2005-09-06,29.895000457763672,30.0,29.709999084472656,29.979999542236328,16.340709686279297,769400
2005-09-07,29.815000534057617,30.045000076293945,29.815000534057617,29.975000381469727,16.337987899780273,624000
2005-09-08,30.174999237060547,30.46500015258789,30.049999237060547,30.344999313354492,16.53965950012207,1258600
2005-09-09,30.219999313354492,31.299999237060547,30.204999923706055,31.165000915527344,16.986602783203125,2057400
2005-09-12,31.235000610351562,31.739999771118164,31.145000457763672,31.6299991607666,17.240053176879883,1247000
2005-09-13,31.524999618530273,32.5,31.290000915527344,32.31999969482422,17.61613655090332,2960200
2005-09-14,32.29499816894531,32.474998474121094,31.670000076293945,32.0,17.441722869873047,1618200
2005-09-15,32.06999969482422,32.48500061035156,32.060001373291016,32.39500045776367,17.657012939453125,1258000
2005-09-16,32.27000045776367,33.57500076293945,32.224998474121094,33.470001220703125,18.24294662475586,2817800
2005-09-19,33.529998779296875,33.70000076293945,33.3849983215332,33.66999816894531,18.351966857910156,2124800
2005-09-20,33.70000076293945,33.95000076293945,33.05500030517578,33.09000015258789,18.03583335876465,2212400
2005-09-21,33.209999084472656,33.209999084472656,30.84000015258789,31.454999923706055,17.144664764404297,3825600
2005-09-22,31.5,31.600000381469727,30.575000762939453,30.80500030517578,16.79038429260254,2542400
2005-09-23,31.219999313354492,31.700000762939453,31.0,31.114999771118164,16.959352493286133,1772800
2005-09-26,31.174999237060547,32.060001373291016,30.329999923706055,30.809999465942383,16.793100357055664,1989600
2005-09-27,31.010000228881836,31.799999237060547,30.375,31.350000381469727,17.08742904663086,2524600
2005-09-28,31.274999618530273,32.0099983215332,30.360000610351562,31.09000015258789,16.945724487304688,1945800
2005-09-29,31.084999084472656,33.66999816894531,31.075000762939453,33.34000015258789,18.172096252441406,3764200
2005-09-30,33.45000076293945,34.040000915527344,33.244998931884766,33.915000915527344,18.485496520996094,2821000
2005-10-03,34.36000061035156,35.21500015258789,34.0099983215332,35.20500183105469,19.188617706298828,3163400
2005-10-04,35.21500015258789,35.34000015258789,34.45500183105469,34.67499923706055,18.899738311767578,2045200
2005-10-05,34.474998474121094,34.5,33.0099983215332,33.244998931884766,18.120304107666016,2220000
2005-10-06,33.28499984741211,33.709999084472656,32.779998779296875,33.154998779296875,18.07125473022461,1914200
2005-10-07,33.130001068115234,33.44499969482422,33.0,33.025001525878906,18.000398635864258,1191200
2005-10-10,33.20000076293945,33.349998474121094,32.625,32.76499938964844,17.858688354492188,1084400
2005-10-11,33.10499954223633,33.10499954223633,31.875,32.525001525878906,17.727876663208008,3437600
2005-10-12,32.54499816894531,32.57500076293945,31.020000457763672,31.2549991607666,17.035659790039062,2408800
2005-10-13,31.350000381469727,32.1150016784668,30.549999237060547,31.225000381469727,17.019304275512695,2909400
2005-10-14,31.475000381469727,31.9950008392334,30.53499984741211,31.93000030517578,17.4035701751709,1650000
2005-10-17,32.05500030517578,32.224998474121094,31.334999084472656,31.520000457763672,17.18009376525879,747800
2005-10-18,31.5,32.084999084472656,30.84000015258789,31.584999084472656,17.21552276611328,1282400
2005-10-19,31.565000534057617,32.39500045776367,31.0049991607666,32.349998474121094,17.632490158081055,1455200
2005-10-20,31.75,32.790000915527344,31.739999771118164,32.10499954223633,17.498952865600586,1774800
2005-10-21,32.470001220703125,32.83000183105469,32.0,32.79999923706055,17.877758026123047,1749600
2005-10-24,32.849998474121094,33.790000915527344,32.125,33.790000915527344,18.417369842529297,1608800
2005-10-25,33.974998474121094,34.01499938964844,33.334999084472656,33.7400016784668,18.39011001586914,1843200
2005-10-26,32.974998474121094,33.0,28.375,29.75,16.215347290039062,12743400
2005-10-27,29.260000228881836,29.59000015258789,27.770000457763672,28.225000381469727,15.38414478302002,4122000
2005-10-28,28.635000228881836,29.190000534057617,27.80500030517578,28.55500030517578,15.564014434814453,2923200
2005-10-31,28.979999542236328,29.375,28.25,28.71500015258789,15.651222229003906,2303600
2005-11-01,28.780000686645508,29.0049991607666,27.950000762939453,28.09000015258789,15.31056022644043,2079600
2005-11-02,28.09000015258789,28.149999618530273,27.575000762939453,27.670000076293945,15.081637382507324,2676600
2005-11-03,28.100000381469727,28.8799991607666,28.065000534057617,28.864999771118164,15.7329683303833,2526400
2005-11-04,28.954999923706055,29.049999237060547,28.024999618530273,28.385000228881836,15.471353530883789,1696400
2005-11-07,28.354999542236328,28.69499969482422,27.05500030517578,27.415000915527344,14.942644119262695,3002400
2005-11-08,27.18000030517578,27.899999618530273,27.174999237060547,27.31999969482422,14.89087200164795,1582600
2005-11-09,27.594999313354492,27.924999237060547,27.479999542236328,27.790000915527344,15.14704704284668,1094200
2005-11-10,27.950000762939453,28.65999984741211,27.575000762939453,28.545000076293945,15.558562278747559,1382800
2005-11-11,28.55500030517578,29.0,28.299999237060547,28.639999389648438,15.610342979431152,1407400
2005-11-14,28.684999465942383,29.479999542236328,28.645000457763672,29.0,15.806559562683105,1697200
2005-11-15,29.28499984741211,29.469999313354492,28.489999771118164,28.665000915527344,15.6239652633667,1602800
2005-11-16,28.719999313354492,29.0,28.665000915527344,28.850000381469727,15.724804878234863,888000
2005-11-17,29.0,29.510000228881836,28.704999923706055,29.5049991607666,16.08181381225586,1053000
2005-11-18,29.799999237060547,30.940000534057617,29.549999237060547,30.575000762939453,16.665023803710938,3521600
2005-11-21,30.844999313354492,31.0,30.325000762939453,30.934999465942383,16.86124038696289,1518400
2005-11-22,30.854999542236328,30.93000030517578,29.614999771118164,30.864999771118164,16.823087692260742,2022000
2005-11-23,30.889999389648438,30.895000457763672,29.200000762939453,29.895000457763672,16.294384002685547,1948400
2005-11-25,29.81999969482422,30.030000686645508,29.204999923706055,29.924999237060547,16.310733795166016,697200
2005-11-28,29.885000228881836,30.1200008392334,28.7549991607666,28.864999771118164,15.7329683303833,1964200
2005-11-29,29.110000610351562,29.315000534057617,27.815000534057617,27.899999618530273,15.339858055114746,2146200
2005-11-30,27.875,27.9950008392334,26.985000610351562,27.549999237060547,15.147425651550293,3513200
2005-12-01,27.770000457763672,28.75,27.600000381469727,28.125,15.463569641113281,2563600
2005-12-02,28.309999465942383,29.0,27.989999771118164,28.954999923706055,15.919914245605469,2051000
2005-12-05,29.895000457763672,30.489999771118164,29.190000534057617,29.520000457763672,16.230562210083008,2414000
2005-12-06,29.584999084472656,29.8799991607666,29.010000228881836,29.100000381469727,15.999639511108398,1468000
2005-12-07,29.010000228881836,29.739999771118164,28.780000686645508,29.69499969482422,16.3267765045166,1631000
2005-12-08,29.969999313354492,30.225000381469727,29.334999084472656,29.399999618530273,16.164575576782227,1644800
2005-12-09,29.3700008392334,29.610000610351562,28.920000076293945,29.18000030517578,16.043624877929688,1201000
2005-12-12,29.774999618530273,30.5,29.625,30.420000076293945,16.72539520263672,2010800
2005-12-13,30.420000076293945,31.899999618530273,30.274999618530273,31.770000457763672,17.4676456451416,3983400
2005-12-14,31.875,31.934999465942383,31.200000762939453,31.7450008392334,17.453901290893555,1714000
2005-12-15,32.0,32.02000045776367,30.924999237060547,31.100000381469727,17.099273681640625,1467200
2005-12-16,30.899999618530273,31.0,30.315000534057617,30.520000457763672,16.780370712280273,3677800
2005-12-19,30.489999771118164,31.18000030517578,30.489999771118164,30.674999237060547,16.865598678588867,1795400
2005-12-20,30.8700008392334,30.90999984741211,30.295000076293945,30.690000534057617,16.873844146728516,1488200
2005-12-21,30.829999923706055,31.625,30.200000762939453,31.395000457763672,17.26146125793457,1733800
2005-12-22,31.399999618530273,34.380001068115234,31.350000381469727,34.150001525878906,18.776206970214844,8012600
2005-12-23,34.150001525878906,34.35499954223633,33.25,34.28499984741211,18.850427627563477,2808400
2005-12-27,34.189998626708984,34.32500076293945,32.939998626708984,33.21500015258789,18.262128829956055,1264000
2005-12-28,33.21500015258789,33.30500030517578,32.55500030517578,32.834999084472656,18.053205490112305,1433800
2005-12-29,32.75,32.79999923706055,32.040000915527344,32.41999816894531,17.825023651123047,1324000
2005-12-30,32.130001068115234,34.439998626708984,31.860000610351562,33.17499923706055,18.240137100219727,3711400
2006-01-03,33.470001220703125,33.810001373291016,32.7400016784668,33.68000030517578,18.517797470092773,2263000
2006-01-04,32.6349983215332,32.84000015258789,31.399999618530273,32.77000045776367,18.0174617767334,5175600
2006-01-05,32.810001373291016,32.974998474121094,31.78499984741211,31.96500015258789,17.574861526489258,2273600
2006-01-06,32.244998931884766,33.45000076293945,31.81999969482422,33.38999938964844,18.35834312438965,2355000
2006-01-09,33.5,34.07500076293945,32.845001220703125,33.470001220703125,18.402332305908203,1959600
2006-01-10,33.3849983215332,33.599998474121094,32.040000915527344,32.375,17.80028533935547,2197400
2006-01-11,32.400001525878906,32.92499923706055,31.65999984741211,31.959999084472656,17.572111129760742,3079400
2006-01-12,31.850000381469727,32.290000915527344,31.149999618530273,31.844999313354492,17.508886337280273,2317000
2006-01-13,31.875,32.16999816894531,30.56999969482422,31.469999313354492,17.30270004272461,2976600
2006-01-17,31.469999313354492,31.594999313354492,30.5,30.700000762939453,16.87934112548828,1550800
2006-01-18,30.0,30.899999618530273,29.90999984741211,30.725000381469727,16.893091201782227,2312600
2006-01-19,30.6299991607666,30.950000762939453,29.950000762939453,30.450000762939453,16.74188995361328,2870400
2006-01-20,30.25,30.94499969482422,29.75,29.899999618530273,16.43949317932129,2349200
2006-01-23,29.94499969482422,30.575000762939453,29.94499969482422,30.524999618530273,16.783123016357422,2089600
2006-01-24,30.514999389648438,32.33000183105469,30.514999389648438,32.185001373291016,17.695817947387695,3762800
2006-01-25,32.20000076293945,32.75,31.15999984741211,31.520000457763672,17.33018684387207,2650800
2006-01-26,30.68000030517578,31.950000762939453,30.579999923706055,31.625,17.387922286987305,1778400
2006-01-27,31.545000076293945,33.11000061035156,31.5,32.119998931884766,17.660078048706055,1822600
2006-01-30,32.34000015258789,32.665000915527344,31.600000381469727,31.704999923706055,17.431903839111328,1266400
2006-01-31,31.864999771118164,31.864999771118164,30.829999923706055,31.104999542236328,17.102022171020508,958200
2006-02-01,30.8700008392334,31.31999969482422,30.549999237060547,31.104999542236328,17.102022171020508,1105800
2006-02-02,31.399999618530273,32.75,31.399999618530273,32.209999084472656,17.709566116333008,4993600
2006-02-03,32.08000183105469,33.03499984741211,31.649999618530273,31.9950008392334,17.591354370117188,4182200
2006-02-06,31.93000030517578,31.985000610351562,31.28499984741211,31.34000015258789,17.23122215270996,1288600
2006-02-07,31.510000228881836,31.959999084472656,30.415000915527344,30.735000610351562,16.89858627319336,1578000
2006-02-08,30.774999618530273,31.420000076293945,30.0,30.3700008392334,16.69790267944336,1703800
2006-02-09,30.825000762939453,33.03499984741211,30.825000762939453,32.81999969482422,18.044958114624023,2772800
2006-02-10,32.625,33.3849983215332,32.334999084472656,33.25,18.2813777923584,1555600
2006-02-13,33.459999084472656,34.0,33.35499954223633,34.0,18.693737030029297,2107400
2006-02-14,33.904998779296875,33.904998779296875,33.029998779296875,33.52000045776367,18.42982292175293,1411200
2006-02-15,33.494998931884766,33.494998931884766,32.73500061035156,32.95000076293945,18.116430282592773,1125400
2006-02-16,33.0,33.375,32.435001373291016,32.75,18.006467819213867,1309000
2006-02-17,32.82500076293945,33.349998474121094,32.560001373291016,32.65999984741211,17.956985473632812,1592400
2006-02-21,32.744998931884766,33.4900016784668,32.58000183105469,33.0,18.143922805786133,2532000
2006-02-22,35.125,35.47999954223633,31.829999923706055,32.564998626708984,17.904748916625977,17487800
2006-02-23,32.834999084472656,33.19499969482422,32.40999984741211,32.76499938964844,18.014713287353516,3356200
2006-02-24,32.834999084472656,33.525001525878906,32.525001525878906,33.5,18.4188289642334,2279000
2006-02-27,34.44499969482422,35.189998626708984,34.150001525878906,35.16999816894531,19.337026596069336,3022600
2006-02-28,35.0,35.189998626708984,34.064998626708984,34.40999984741211,18.91916275024414,1620800
2006-03-01,34.709999084472656,35.0,33.904998779296875,34.834999084472656,19.15283203125,2018000
2006-03-02,34.939998626708984,36.349998474121094,34.529998779296875,36.349998474121094,19.985797882080078,3034600
2006-03-03,36.29999923706055,37.5099983215332,36.07500076293945,37.0,20.343181610107422,4005200
2006-03-06,37.15999984741211,38.349998474121094,37.154998779296875,37.60499954223633,20.675819396972656,3823400
2006-03-07,37.5,37.77000045776367,36.25,36.91999816894531,20.299198150634766,2304200
2006-03-08,36.689998626708984,37.66999816894531,36.095001220703125,37.39500045776367,20.560359954833984,2417400
2006-03-09,37.595001220703125,38.31999969482422,36.959999084472656,37.70000076293945,20.72805404663086,2465800
2006-03-10,37.48500061035156,37.744998931884766,37.1150016784668,37.3849983215332,20.55486297607422,783600
2006-03-13,37.400001525878906,37.68000030517578,37.125,37.33000183105469,20.52462387084961,1099000
2006-03-14,37.314998626708984,37.97999954223633,37.02000045776367,37.650001525878906,20.7005615234375,1438400
2006-03-15,37.650001525878906,38.744998931884766,37.54999923706055,38.5,21.16790008544922,2310200
2006-03-16,38.68000030517578,38.790000915527344,37.970001220703125,38.31999969482422,21.068939208984375,1219000
2006-03-17,38.2599983215332,38.98500061035156,38.2599983215332,38.54499816894531,21.192646026611328,1880400
2006-03-20,38.93000030517578,39.79999923706055,38.67499923706055,39.70500183105469,21.830427169799805,2221200
2006-03-21,39.70000076293945,40.79499816894531,39.310001373291016,40.51499938964844,22.27577781677246,3258400
2006-03-22,40.43000030517578,40.43000030517578,40.0,40.3849983215332,22.204301834106445,1498800
2006-03-23,40.28499984741211,40.28499984741211,39.29999923706055,39.900001525878906,21.937654495239258,1054200
2006-03-24,39.9900016784668,40.82500076293945,39.65999984741211,40.775001525878906,22.418739318847656,1148400
2006-03-27,40.95000076293945,42.10499954223633,40.915000915527344,42.07500076293945,23.13349723815918,3003000
2006-03-28,42.29499816894531,42.38999938964844,40.42499923706055,40.744998931884766,22.402244567871094,2916000
2006-03-29,41.07500076293945,41.459999084472656,40.584999084472656,40.689998626708984,22.37200355529785,2022600
2006-03-30,40.584999084472656,40.685001373291016,38.790000915527344,39.505001068115234,21.720474243164062,3140000
2006-03-31,39.040000915527344,40.21500015258789,39.0099983215332,39.71500015258789,21.8359317779541,2866000
2006-04-03,40.06999969482422,41.78499984741211,39.96500015258789,40.56999969482422,22.306032180786133,3341200
2006-04-04,40.77000045776367,41.0,40.04499816894531,40.564998626708984,22.30327033996582,985200
2006-04-05,40.439998626708984,41.26499938964844,40.13999938964844,40.790000915527344,22.426973342895508,1144400
2006-04-06,40.64500045776367,41.5,40.630001068115234,41.220001220703125,22.663410186767578,1061400
2006-04-07,41.30500030517578,42.060001373291016,40.900001525878906,41.1349983215332,22.616668701171875,1755800
2006-04-10,41.150001525878906,41.4900016784668,40.154998779296875,41.14500045776367,22.622175216674805,1561800
2006-04-11,41.29499816894531,41.4900016784668,40.95000076293945,41.314998626708984,22.715639114379883,811000
2006-04-12,41.314998626708984,42.334999084472656,40.915000915527344,42.130001068115234,23.16373634338379,1721400
2006-04-13,42.02000045776367,43.709999084472656,41.97999954223633,43.5,23.91698455810547,2864800
2006-04-17,43.25,43.79999923706055,42.82500076293945,42.97999954223633,23.631080627441406,1797200
2006-04-18,43.16999816894531,44.14500045776367,43.0,43.974998474121094,24.17815589904785,1689600
2006-04-19,44.125,44.54499816894531,43.5,44.0,24.191890716552734,2133800
2006-04-20,43.994998931884766,44.224998474121094,43.560001373291016,43.779998779296875,24.07093620300293,871200
2006-04-21,44.27000045776367,44.474998474121094,42.849998474121094,43.005001068115234,23.64483070373535,1180200
2006-04-24,43.400001525878906,43.54499816894531,42.80500030517578,43.02000045776367,23.653076171875,1315200
2006-04-25,43.375,44.0,43.1349983215332,43.54499816894531,23.941728591918945,3003200
2006-04-26,43.27000045776367,43.875,42.755001068115234,43.584999084472656,23.963722229003906,1409400
2006-04-27,42.380001068115234,44.20500183105469,40.18000030517578,44.119998931884766,24.25786781311035,2279200
2006-04-28,44.45000076293945,44.45000076293945,43.07500076293945,43.18000030517578,23.74104881286621,1445600
2006-05-01,44.224998474121094,44.75,43.2599983215332,43.709999084472656,24.032447814941406,1994000
2006-05-02,44.25,44.25,43.33000183105469,43.959999084472656,24.169902801513672,1640600
2006-05-03,48.474998474121094,49.724998474121094,47.10499954223633,48.21500015258789,26.509366989135742,12038800
2006-05-04,48.279998779296875,48.45500183105469,47.290000915527344,48.05500030517578,26.42139434814453,2340000
2006-05-05,48.44499969482422,48.459999084472656,47.23500061035156,47.404998779296875,26.06402587890625,2033800
2006-05-08,47.494998931884766,48.5,47.27000045776367,47.95000076293945,26.363664627075195,2525800
2006-05-09,47.834999084472656,48.8849983215332,47.83000183105469,48.834999084472656,26.850255966186523,1881000
2006-05-10,48.90999984741211,49.060001373291016,48.0,48.5,26.66606903076172,2125600
2006-05-11,48.81999969482422,50.939998626708984,48.15999984741211,48.459999084472656,26.644071578979492,3115800
2006-05-12,48.16999816894531,49.13999938964844,47.125,47.36000061035156,26.039274215698242,1732000
2006-05-15,46.8650016784668,47.584999084472656,44.375,46.10499954223633,25.3492488861084,2344400
2006-05-16,46.2599983215332,47.349998474121094,46.07500076293945,46.6349983215332,25.640666961669922,1262200
2006-05-17,46.6349983215332,46.70500183105469,43.625,43.900001525878906,24.13690757751465,2668400
2006-05-18,44.1349983215332,45.099998474121094,42.6349983215332,43.25,23.77952766418457,2588800
2006-05-19,43.25,44.724998474121094,43.060001373291016,44.6150016784668,24.530027389526367,2511800
2006-05-22,44.60499954223633,45.56999969482422,42.040000915527344,42.685001373291016,23.468894958496094,2675600
2006-05-23,43.1150016784668,44.28499984741211,43.005001068115234,43.584999084472656,23.963722229003906,1798400
2006-05-24,43.584999084472656,44.63999938964844,43.380001068115234,44.35499954223633,24.3870792388916,2317600
2006-05-25,45.0,45.625,44.70000076293945,45.47999954223633,25.005615234375,2156400
2006-05-26,46.07500076293945,46.95000076293945,45.6349983215332,46.95000076293945,25.813854217529297,1576200
2006-05-30,46.849998474121094,47.439998626708984,45.650001525878906,46.255001068115234,25.431724548339844,2924600
2006-05-31,46.2599983215332,47.25,44.665000915527344,46.64500045776367,25.646154403686523,4078600
2006-06-01,46.5,48.60499954223633,46.29999923706055,48.560001373291016,26.699058532714844,2271200
2006-06-02,48.875,49.125,47.86000061035156,48.63999938964844,26.743040084838867,1733000
2006-06-05,48.65999984741211,48.880001068115234,46.67499923706055,46.974998474121094,25.827594757080078,1295600
2006-06-06,46.939998626708984,47.72999954223633,45.400001525878906,46.2400016784668,25.423480987548828,2266600
2006-06-07,46.415000915527344,47.540000915527344,46.18000030517578,46.47999954223633,25.555429458618164,2067800
2006-06-08,46.10499954223633,46.2599983215332,44.5,45.72999954223633,25.143077850341797,3498000
2006-06-09,46.46500015258789,47.125,45.15999984741211,45.23500061035156,24.870920181274414,1961800
2006-06-12,46.3650016784668,46.4900016784668,44.404998779296875,44.79999923706055,24.631755828857422,2294800
2006-06-13,44.505001068115234,44.77000045776367,40.30500030517578,41.779998779296875,22.97130012512207,5870200
2006-06-14,41.78499984741211,44.97999954223633,41.78499984741211,44.834999084472656,24.650989532470703,5369800
2006-06-15,45.400001525878906,47.5,44.915000915527344,46.82500076293945,25.745119094848633,4483000
2006-06-16,46.81999969482422,46.959999084472656,46.005001068115234,46.505001068115234,25.569183349609375,2838200
2006-06-19,47.349998474121094,48.11000061035156,47.0,47.18000030517578,25.94029998779297,3161600
2006-06-20,47.18000030517578,47.18000030517578,45.154998779296875,46.61000061035156,25.626914978027344,2569600
2006-06-21,46.904998779296875,49.54999923706055,46.369998931884766,48.435001373291016,26.630319595336914,3820200
2006-06-22,49.439998626708984,49.76499938964844,47.82500076293945,49.474998474121094,27.202138900756836,4087200
2006-06-23,49.654998779296875,50.80500030517578,48.55500030517578,49.16999816894531,27.03443145751953,3814000
2006-06-26,49.92499923706055,50.0,48.5,49.45500183105469,27.191137313842773,3064400
2006-06-27,49.70000076293945,50.29999923706055,48.435001373291016,48.529998779296875,26.68255615234375,2744000
2006-06-28,49.154998779296875,51.150001525878906,49.005001068115234,51.150001525878906,28.12307357788086,4316400
2006-06-29,51.5,53.95500183105469,50.880001068115234,53.775001525878906,29.566328048706055,6891600
2006-06-30,54.494998931884766,54.75,52.220001220703125,52.720001220703125,28.98628807067871,4054000
2006-07-03,53.150001525878906,53.52000045776367,52.720001220703125,53.22999954223633,29.26668930053711,1705800
2006-07-05,53.0,53.04499816894531,51.599998474121094,52.125,28.659135818481445,2521800
2006-07-06,52.459999084472656,54.099998474121094,52.119998931884766,53.2599983215332,29.283184051513672,3219400
2006-07-07,52.3650016784668,52.47999954223633,48.875,49.5,27.215883255004883,9913200
2006-07-10,50.29499816894531,50.70000076293945,48.30500030517578,48.900001525878906,26.88599395751953,4113800
2006-07-11,48.724998474121094,51.29999923706055,48.5099983215332,51.2599983215332,28.183555603027344,3116800
2006-07-12,50.92499923706055,50.92499923706055,48.94499969482422,49.20500183105469,27.053686141967773,3301000
2006-07-13,48.19499969482422,49.994998931884766,47.5,48.89500045776367,26.883243560791016,3997800
2006-07-14,48.584999084472656,49.70000076293945,47.474998474121094,48.6349983215332,26.74028968811035,2966200
2006-07-17,48.5,50.22999954223633,48.275001525878906,49.630001068115234,27.287363052368164,2797400
2006-07-18,49.98500061035156,51.0,49.3849983215332,50.595001220703125,27.817930221557617,3051800
2006-07-19,50.68000030517578,51.17499923706055,49.60499954223633,50.53499984741211,27.784944534301758,2225400
2006-07-20,50.7400016784668,51.005001068115234,48.5,48.60499954223633,26.723796844482422,2139000
2006-07-21,48.290000915527344,48.79499816894531,47.48500061035156,47.67499923706055,26.21246337890625,3040200
2006-07-24,48.13999938964844,50.4900016784668,47.82500076293945,50.095001220703125,27.54301643371582,3110800
2006-07-25,50.369998931884766,50.48500061035156,49.0,50.21500015258789,27.608999252319336,2160000
2006-07-26,49.25,50.125,48.974998474121094,49.380001068115234,27.149913787841797,2530800
2006-07-27,49.095001220703125,49.095001220703125,46.03499984741211,46.45000076293945,25.538930892944336,8284800
2006-07-28,46.595001220703125,47.654998779296875,46.07500076293945,46.2400016784668,25.423480987548828,4276400
2006-07-31,46.79999923706055,48.01499938964844,46.5,47.494998931884766,26.113500595092773,3721000
2006-08-01,46.42499923706055,46.42499923706055,44.314998626708984,45.0,24.741708755493164,8913000
2006-08-02,48.79999923706055,49.40999984741211,43.07500076293945,44.06999969482422,24.230375289916992,31320800
2006-08-03,44.0,46.099998474121094,43.28499984741211,44.35499954223633,24.3870792388916,10768400
2006-08-04,45.21500015258789,45.39500045776367,42.4900016784668,43.345001220703125,23.831768035888672,7918200
2006-08-07,44.0,44.57500076293945,43.5,44.17499923706055,24.28811264038086,3616000
2006-08-08,44.415000915527344,44.625,43.244998931884766,43.584999084472656,23.963722229003906,3258400
2006-08-09,44.060001373291016,44.400001525878906,42.54999923706055,42.875,23.57335090637207,2780800
2006-08-10,43.224998474121094,43.79999923706055,42.66999816894531,43.64500045776367,23.9967098236084,2078400
2006-08-11,43.689998626708984,44.4900016784668,43.05500030517578,44.435001373291016,24.43106460571289,2337600
2006-08-14,44.665000915527344,45.349998474121094,43.595001220703125,43.599998474121094,23.971965789794922,2537200
2006-08-15,44.23500061035156,45.189998626708984,43.849998474121094,44.70000076293945,24.576763153076172,3408600
2006-08-16,45.959999084472656,46.61000061035156,45.02000045776367,46.31999969482422,25.46746253967285,2651300
2006-08-17,46.79999923706055,47.70000076293945,46.400001525878906,46.630001068115234,25.637908935546875,2544200
2006-08-18,46.70000076293945,46.81999969482422,45.529998779296875,46.20000076293945,25.401491165161133,1702800
2006-08-21,46.040000915527344,46.470001220703125,44.720001220703125,46.20000076293945,25.401491165161133,1487000
2006-08-22,45.470001220703125,46.47999954223633,45.150001525878906,45.880001068115234,25.22554588317871,1911500
2006-08-23,46.040000915527344,46.310001373291016,44.70000076293945,44.90999984741211,24.692228317260742,871000
2006-08-24,45.290000915527344,45.349998474121094,43.52000045776367,43.84000015258789,24.10392189025879,1713900
2006-08-25,43.97999954223633,44.9900016784668,43.619998931884766,44.2400016784668,24.323854446411133,1146400
2006-08-28,44.380001068115234,45.45000076293945,44.0,45.29999923706055,24.906652450561523,1302200
2006-08-29,45.54999923706055,45.54999923706055,44.5,45.310001373291016,24.912151336669922,1197600
2006-08-30,45.540000915527344,46.75,45.4900016784668,46.75,25.703886032104492,1809800
2006-08-31,47.20000076293945,47.540000915527344,46.06999969482422,46.7599983215332,25.70939064025879,2463500
2006-09-01,46.29999923706055,47.099998474121094,46.040000915527344,46.959999084472656,25.819353103637695,1517200
2006-09-05,47.15999984741211,47.939998626708984,46.630001068115234,47.79999923706055,26.281187057495117,1923400
2006-09-06,47.439998626708984,47.439998626708984,45.040000915527344,45.18000030517578,24.840682983398438,2274500
2006-09-07,45.0099983215332,45.130001068115234,42.40999984741211,42.59000015258789,23.416654586791992,5152100
2006-09-08,42.9900016784668,44.88999938964844,42.81999969482422,43.189998626708984,23.746545791625977,3902600
2006-09-11,43.2400016784668,43.25,41.20000076293945,42.18000030517578,23.191225051879883,3487300
2006-09-12,42.06999969482422,43.0099983215332,41.5,42.90999984741211,23.592599868774414,2644700
2006-09-13,43.04999923706055,43.79999923706055,42.720001220703125,43.29999923706055,23.807022094726562,1703700
2006-09-14,43.38999938964844,44.04999923706055,42.72999954223633,43.97999954223633,24.18089485168457,2355900
2006-09-15,44.310001373291016,44.41999816894531,43.25,43.5,23.91698455810547,4923200
2006-09-18,43.75,44.599998474121094,43.459999084472656,44.369998931884766,24.395309448242188,2008300
2006-09-19,44.0,44.04999923706055,42.5,43.119998931884766,23.70805549621582,2224400
2006-09-20,43.400001525878906,44.79999923706055,43.02000045776367,44.439998626708984,24.433809280395508,2533500
2006-09-21,44.72999954223633,45.04999923706055,44.04999923706055,44.63999938964844,24.54376983642578,2303200
2006-09-22,44.689998626708984,44.7400016784668,43.5099983215332,43.869998931884766,24.120412826538086,3165900
2006-09-25,44.29999923706055,45.18000030517578,43.41999816894531,45.060001373291016,24.774696350097656,2189900
2006-09-26,45.029998779296875,45.36000061035156,44.08000183105469,45.34000015258789,24.92865753173828,2398200
2006-09-27,45.599998474121094,47.939998626708984,45.5099983215332,47.369998931884766,26.044775009155273,4913800
2006-09-28,47.130001068115234,48.720001220703125,46.349998474121094,48.540000915527344,26.688047409057617,3718200
2006-09-29,48.36000061035156,49.36000061035156,48.29999923706055,48.779998779296875,26.81999969482422,3000800
2006-10-02,48.75,48.75,47.560001373291016,47.93000030517578,26.3526668548584,2332600
2006-10-03,48.09000015258789,48.09000015258789,46.31999969482422,47.13999938964844,25.918310165405273,3115900
2006-10-04,47.099998474121094,49.13999938964844,46.810001373291016,48.95000076293945,26.913480758666992,2255800
2006-10-05,49.040000915527344,49.95000076293945,48.599998474121094,49.5,27.215883255004883,3214500
2006-10-06,49.59000015258789,50.20000076293945,48.86000061035156,49.7400016784668,27.34783363342285,2479000
2006-10-09,49.540000915527344,50.77000045776367,49.20000076293945,50.400001525878906,27.71072006225586,1562900
2006-10-10,50.220001220703125,51.0,49.849998474121094,50.65999984741211,27.853670120239258,1819200
2006-10-11,50.29999923706055,51.18000030517578,49.060001373291016,50.20000076293945,27.600757598876953,2246300
2006-10-12,50.58000183105469,51.36000061035156,50.06999969482422,50.77000045776367,27.91414451599121,1936300
2006-10-13,50.90999984741211,51.20000076293945,50.47999954223633,51.040000915527344,28.062593460083008,1449700
2006-10-16,51.189998626708984,51.70000076293945,50.81999969482422,50.95000076293945,28.013120651245117,1769000
2006-10-17,50.599998474121094,50.880001068115234,49.470001220703125,50.70000076293945,27.87566375732422,1603200
2006-10-18,51.41999816894531,51.47999954223633,49.56999969482422,49.56999969482422,27.25436782836914,1521900
2006-10-19,49.400001525878906,49.43000030517578,47.619998931884766,49.400001525878906,27.1608943939209,3216200
2006-10-20,49.58000183105469,49.61000061035156,48.36000061035156,48.95000076293945,26.913480758666992,3099100
2006-10-23,50.97999954223633,51.0,49.349998474121094,49.880001068115234,27.424806594848633,3172800
2006-10-24,50.0,50.9900016784668,49.630001068115234,50.619998931884766,27.831674575805664,1602900
2006-10-25,51.13999938964844,53.0,51.099998474121094,52.90999984741211,29.090744018554688,2813500
2006-10-26,54.310001373291016,55.08000183105469,53.0,54.869998931884766,30.16838836669922,3494200
2006-10-27,54.4900016784668,55.58000183105469,52.369998931884766,52.88999938964844,29.07974624633789,3497600
2006-10-30,52.95000076293945,54.0,52.150001525878906,52.560001373291016,28.898317337036133,2609600
2006-10-31,52.9900016784668,53.7599983215332,52.25,53.40999984741211,29.365657806396484,3482900
2006-11-01,46.560001373291016,47.0,44.79999923706055,44.97999954223633,24.73072052001953,26861500
2006-11-02,45.599998474121094,46.95000076293945,44.529998779296875,46.5,25.566423416137695,8846500
2006-11-03,46.7400016784668,47.34000015258789,45.849998474121094,46.56999969482422,25.604921340942383,4089400
2006-11-06,47.400001525878906,48.290000915527344,46.56999969482422,47.189998626708984,25.9458065032959,3047800
2006-11-07,47.349998474121094,47.9900016784668,47.0,47.040000915527344,25.863332748413086,2526300
2006-11-08,46.75,48.09000015258789,46.70000076293945,47.5099983215332,26.121749877929688,2172800
2006-11-09,47.790000915527344,47.849998474121094,46.61000061035156,47.09000015258789,25.89081573486328,2163900
2006-11-10,47.16999816894531,47.16999816894531,46.08000183105469,46.279998779296875,25.44547462463379,2323200
2006-11-13,46.25,46.75,45.75,46.70000076293945,25.6763916015625,1923600
2006-11-14,46.5,48.36000061035156,46.400001525878906,48.349998474121094,26.583581924438477,2328600
2006-11-15,48.290000915527344,49.380001068115234,47.959999084472656,49.04999923706055,26.96846580505371,2068300
2006-11-16,49.4900016784668,50.59000015258789,49.290000915527344,50.5,27.765695571899414,3313200
2006-11-17,50.34000015258789,50.459999084472656,49.310001373291016,50.130001068115234,27.562259674072266,1988700
2006-11-20,49.65999984741211,50.0,48.59000015258789,48.9900016784668,26.93547248840332,2437900
2006-11-21,49.0,49.599998474121094,48.27000045776367,48.619998931884766,26.732040405273438,1600900
2006-11-22,48.880001068115234,50.0,48.060001373291016,49.279998779296875,27.094921112060547,1924500
2006-11-24,48.83000183105469,49.779998779296875,48.599998474121094,49.02000045776367,26.951967239379883,715600
2006-11-27,50.0099983215332,50.369998931884766,48.290000915527344,48.77000045776367,26.81451416015625,2246500
2006-11-28,48.84000015258789,49.08000183105469,48.150001525878906,48.599998474121094,26.721050262451172,1594300
2006-11-29,49.599998474121094,50.5,48.90999984741211,50.2400016784668,27.909868240356445,3482000
2006-11-30,50.25,51.08000183105469,50.25,50.88999938964844,28.27097511291504,2284400
2006-12-01,50.5,50.689998626708984,49.349998474121094,49.959999084472656,27.754335403442383,1757500
2006-12-04,50.470001220703125,50.5,49.97999954223633,50.220001220703125,27.898765563964844,2097800
2006-12-05,51.220001220703125,51.400001525878906,50.7400016784668,50.84000015258789,28.243196487426758,2699500
2006-12-06,50.75,51.349998474121094,50.5,50.970001220703125,28.315410614013672,1363700
2006-12-07,49.7400016784668,50.349998474121094,48.79999923706055,49.599998474121094,27.554344177246094,3046300
2006-12-08,49.58000183105469,49.7599983215332,48.20000076293945,49.720001220703125,27.621004104614258,2546000
2006-12-11,50.310001373291016,50.939998626708984,50.0,50.25,27.915437698364258,2378200
2006-12-12,50.25,51.88999938964844,50.08000183105469,51.439998626708984,28.57651710510254,3181200
2006-12-13,51.599998474121094,52.91999816894531,51.5,52.720001220703125,29.28759765625,3674000
2006-12-14,53.0,54.09000015258789,52.79999923706055,53.439998626708984,29.687580108642578,2927800
2006-12-15,53.38999938964844,54.869998931884766,53.09000015258789,54.7599983215332,30.420883178710938,5245800
2006-12-18,54.900001525878906,55.70000076293945,54.470001220703125,55.369998931884766,30.759750366210938,3327900
2006-12-19,54.849998474121094,55.439998626708984,52.029998779296875,55.040000915527344,30.57642364501953,4517400
2006-12-20,54.529998779296875,55.38999938964844,53.79999923706055,54.56999969482422,30.315330505371094,1738800
2006-12-21,54.45000076293945,55.2400016784668,53.91999816894531,54.66999816894531,30.370878219604492,2166200
2006-12-22,54.79999923706055,55.34000015258789,54.130001068115234,55.15999984741211,30.643091201782227,1870700
2006-12-26,54.90999984741211,55.11000061035156,54.31999969482422,54.95000076293945,30.526432037353516,1122100
2006-12-27,55.33000183105469,55.849998474121094,55.0,55.22999954223633,30.681987762451172,1533700
2006-12-28,55.54999923706055,56.79999923706055,55.20000076293945,56.25,31.24861717224121,2662100
2006-12-29,56.18000030517578,56.88999938964844,55.54999923706055,55.65999984741211,30.92087173461914,1798700
2007-01-03,55.869998931884766,56.65999984741211,54.06999969482422,55.66999816894531,30.926416397094727,3995000
2007-01-04,55.43000030517578,55.939998626708984,54.400001525878906,55.060001373291016,30.587547302246094,2170900
2007-01-05,54.650001525878906,55.0,53.75,54.880001068115234,30.487537384033203,2645500
2007-01-08,54.529998779296875,54.63999938964844,53.06999969482422,54.0,29.99867820739746,2633900
2007-01-09,52.0,52.95000076293945,50.400001525878906,51.93000030517578,28.848724365234375,5974700
2007-01-10,51.09000015258789,52.599998474121094,51.0,52.29999923706055,29.05428123474121,2578100
2007-01-11,52.880001068115234,52.900001525878906,51.81999969482422,52.040000915527344,28.90983772277832,2350000
2007-01-12,51.849998474121094,52.59000015258789,51.5,52.29999923706055,29.05428123474121,1515700
2007-01-16,52.099998474121094,52.20000076293945,51.439998626708984,52.11000061035156,28.948726654052734,2336600
2007-01-17,51.619998931884766,52.599998474121094,51.61000061035156,52.2400016784668,29.020954132080078,2346400
2007-01-18,51.869998931884766,51.95000076293945,49.650001525878906,50.130001068115234,27.848773956298828,2702700
2007-01-19,49.869998931884766,51.099998474121094,49.34000015258789,49.54999923706055,27.526569366455078,2794800
2007-01-22,49.52000045776367,49.540000915527344,48.459999084472656,49.290000915527344,27.382125854492188,2417800
2007-01-23,49.36000061035156,50.4900016784668,49.36000061035156,50.060001373291016,27.809890747070312,1602000
2007-01-24,50.41999816894531,50.58000183105469,50.0,50.43000030517578,28.015430450439453,1321500
2007-01-25,50.25,50.29999923706055,49.27000045776367,49.68000030517578,27.598787307739258,1393500
2007-01-26,49.560001373291016,49.97999954223633,48.560001373291016,49.4900016784668,27.493227005004883,2112200
2007-01-29,49.4900016784668,50.31999969482422,48.810001373291016,49.90999984741211,27.726551055908203,1588700
2007-01-30,49.970001220703125,49.970001220703125,48.79999923706055,49.189998626708984,27.326568603515625,1433400
2007-01-31,49.849998474121094,50.4900016784668,49.310001373291016,50.220001220703125,27.898765563964844,2036600
2007-02-01,50.380001068115234,51.04999923706055,49.599998474121094,49.70000076293945,27.609899520874023,1533900
2007-02-02,49.900001525878906,51.470001220703125,49.86000061035156,51.150001525878906,28.41541290283203,1919500
2007-02-05,51.150001525878906,51.29999923706055,50.41999816894531,50.90999984741211,28.282085418701172,1212600
2007-02-06,51.0,51.689998626708984,50.33000183105469,50.95000076293945,28.30431365966797,1099400
2007-02-07,51.099998474121094,51.75,50.77000045776367,51.70000076293945,28.72095489501953,1806800
2007-02-08,51.540000915527344,53.15999984741211,51.540000915527344,53.150001525878906,29.526487350463867,2081600
2007-02-09,53.16999816894531,53.27000045776367,51.97999954223633,52.2599983215332,29.032058715820312,2040100
2007-02-12,51.52000045776367,52.470001220703125,51.130001068115234,51.84000015258789,28.798730850219727,2634500
2007-02-13,52.099998474121094,52.90999984741211,51.880001068115234,52.709999084472656,29.282045364379883,2598700
2007-02-14,58.25,59.29999923706055,55.11000061035156,57.0,31.66526985168457,19819700
2007-02-15,56.900001525878906,58.5,56.27000045776367,56.5,31.387495040893555,4223300
2007-02-16,56.400001525878906,56.470001220703125,54.7599983215332,55.77000045776367,30.98197364807129,3458300
2007-02-20,56.81999969482422,58.810001373291016,56.43000030517578,57.65999984741211,32.03191375732422,5140400
2007-02-21,57.959999084472656,58.400001525878906,56.790000915527344,57.18000030517578,31.76527214050293,2324100
2007-02-22,57.47999954223633,57.93000030517578,56.029998779296875,56.689998626708984,31.49305534362793,2303900
2007-02-23,56.9900016784668,57.79999923706055,56.86000061035156,57.4900016784668,31.937477111816406,1665100
2007-02-26,58.2400016784668,59.09000015258789,56.75,57.189998626708984,31.77082061767578,2611000
2007-02-27,55.849998474121094,56.29999923706055,54.189998626708984,54.189998626708984,30.104223251342773,2971500
2007-02-28,54.95000076293945,55.7400016784668,54.04999923706055,54.7599983215332,30.420883178710938,2509600
2007-03-01,53.20000076293945,54.7599983215332,52.0,53.83000183105469,29.904232025146484,2984300
2007-03-02,53.630001068115234,53.970001220703125,52.02000045776367,52.04999923706055,28.91539764404297,2098100
2007-03-05,51.66999816894531,52.59000015258789,51.130001068115234,51.22999954223633,28.459863662719727,2142500
2007-03-06,52.45000076293945,53.31999969482422,52.060001373291016,52.72999954223633,29.29315757751465,1808000
2007-03-07,52.72999954223633,52.86000061035156,50.0099983215332,51.68000030517578,28.709850311279297,2602400
2007-03-08,52.61000061035156,53.25,52.2400016784668,52.72999954223633,29.29315757751465,2007200
2007-03-09,53.400001525878906,53.630001068115234,52.099998474121094,52.47999954223633,29.15427017211914,1308700
2007-03-12,52.380001068115234,53.47999954223633,52.380001068115234,53.47999954223633,29.709802627563477,1188800
2007-03-13,52.83000183105469,53.52000045776367,52.4900016784668,52.4900016784668,29.159818649291992,2183300
2007-03-14,52.45000076293945,53.56999969482422,52.11000061035156,53.34000015258789,29.632030487060547,1671800
2007-03-15,53.04999923706055,53.9900016784668,53.0099983215332,53.56999969482422,29.759803771972656,1628900
2007-03-16,53.560001373291016,54.4900016784668,53.279998779296875,53.7599983215332,29.865341186523438,2019800
2007-03-19,54.25,54.83000183105469,53.849998474121094,54.5099983215332,30.282005310058594,1642400
2007-03-20,54.72999954223633,55.029998779296875,54.5099983215332,54.869998931884766,30.481992721557617,1260500
2007-03-21,55.0,55.79999923706055,54.709999084472656,55.79999923706055,30.998632431030273,1620100
2007-03-22,55.959999084472656,56.06999969482422,55.310001373291016,55.83000183105469,31.01530647277832,1400600
2007-03-23,55.86000061035156,56.150001525878906,55.349998474121094,55.63999938964844,30.90974998474121,900100
2007-03-26,55.599998474121094,55.599998474121094,54.29999923706055,55.06999969482422,30.593097686767578,1495800
2007-03-27,54.849998474121094,55.150001525878906,54.2599983215332,54.34000015258789,30.18755340576172,1102200
2007-03-28,54.290000915527344,54.84000015258789,53.79999923706055,53.86000061035156,29.9208984375,1530400
2007-03-29,54.31999969482422,55.34000015258789,53.77000045776367,54.290000915527344,30.159788131713867,1710100
2007-03-30,54.29999923706055,54.470001220703125,53.86000061035156,54.150001525878906,30.082014083862305,1426400
2007-04-02,54.2599983215332,54.54999923706055,54.0099983215332,54.29999923706055,30.165340423583984,1034200
2007-04-03,54.689998626708984,55.119998931884766,54.349998474121094,54.810001373291016,30.448657989501953,1031700
2007-04-04,54.720001220703125,54.790000915527344,53.79999923706055,54.029998779296875,30.01535415649414,1528400
2007-04-05,53.95000076293945,54.25,53.90999984741211,54.06999969482422,30.03756332397461,1093400
2007-04-09,54.349998474121094,54.400001525878906,53.689998626708984,53.7599983215332,29.865341186523438,1013200
2007-04-10,53.5,53.779998779296875,53.04999923706055,53.4900016784668,29.71535301208496,1748600
2007-04-11,53.59000015258789,53.79999923706055,52.29999923706055,52.689998626708984,29.27092933654785,1202400
2007-04-12,52.75,53.54999923706055,52.18000030517578,53.38999938964844,29.659807205200195,1176400
2007-04-13,53.16999816894531,53.7400016784668,53.0099983215332,53.599998474121094,29.776472091674805,879300
2007-04-16,53.75,54.25,53.61000061035156,54.150001525878906,30.082014083862305,1070700
2007-04-17,54.52000045776367,54.65999984741211,53.79999923706055,54.189998626708984,30.104223251342773,1223400
2007-04-18,54.04999923706055,55.06999969482422,54.0099983215332,54.70000076293945,30.38755226135254,1127300
2007-04-19,54.47999954223633,55.279998779296875,54.36000061035156,55.11000061035156,30.615324020385742,1213800
2007-04-20,55.220001220703125,55.619998931884766,54.95000076293945,55.0099983215332,30.55976104736328,1680000
2007-04-23,55.0099983215332,55.65999984741211,54.650001525878906,55.119998931884766,30.62087059020996,1088500
2007-04-24,55.150001525878906,55.5,54.70000076293945,54.81999969482422,30.45420265197754,1040400
2007-04-25,55.150001525878906,56.970001220703125,55.04999923706055,56.290000915527344,31.270835876464844,2298200
2007-04-26,56.91999816894531,58.099998474121094,55.900001525878906,57.959999084472656,32.19858932495117,2297600
2007-04-27,57.61000061035156,58.900001525878906,57.59000015258789,58.61000061035156,32.5596809387207,2339300
2007-04-30,58.61000061035156,59.70000076293945,57.90999984741211,58.189998626708984,32.32634735107422,4335100
2007-05-01,58.380001068115234,59.5,58.0,59.369998931884766,32.98188018798828,3301900
2007-05-02,55.75,58.040000915527344,55.25,56.939998626708984,31.63193702697754,8134900
2007-05-03,56.790000915527344,57.040000915527344,55.79999923706055,56.650001525878906,31.470840454101562,2130500
2007-05-04,56.70000076293945,56.970001220703125,55.150001525878906,55.45000076293945,30.80419921875,1950000
2007-05-07,55.5,56.25,55.27000045776367,55.720001220703125,30.954185485839844,1247100
2007-05-08,55.66999816894531,55.970001220703125,54.959999084472656,55.720001220703125,30.954185485839844,1306400
2007-05-09,55.31999969482422,56.689998626708984,55.20000076293945,56.61000061035156,31.448606491088867,1354600
2007-05-10,56.459999084472656,56.599998474121094,55.25,55.560001373291016,30.86530876159668,1543400
2007-05-11,55.689998626708984,56.189998626708984,55.25,56.16999816894531,31.204177856445312,1164000
2007-05-14,56.45000076293945,56.45000076293945,55.619998931884766,56.04999923706055,31.137516021728516,1121000
2007-05-15,56.2400016784668,57.04999923706055,55.68000030517578,55.79999923706055,30.998632431030273,1473900
2007-05-16,56.310001373291016,56.400001525878906,55.310001373291016,55.7599983215332,30.97641372680664,1486600
2007-05-17,55.68000030517578,56.130001068115234,55.119998931884766,55.41999816894531,30.787532806396484,666200
2007-05-18,55.970001220703125,57.0,55.13999938964844,56.83000183105469,31.570829391479492,2094500
2007-05-21,56.25,57.939998626708984,56.150001525878906,57.400001525878906,31.887483596801758,2152300
2007-05-22,57.150001525878906,58.59000015258789,57.060001373291016,58.34000015258789,32.40969467163086,2133500
2007-05-23,58.54999923706055,60.72999954223633,58.34000015258789,60.130001068115234,33.40408706665039,3564400
2007-05-24,59.75,61.459999084472656,59.72999954223633,60.869998931884766,33.8151741027832,3489100
2007-05-25,61.0,61.0,60.0,60.09000015258789,33.38186264038086,1511000
2007-05-29,60.150001525878906,60.70000076293945,59.5,60.459999084472656,33.58741760253906,1149700
2007-05-30,60.189998626708984,65.0,59.93000030517578,64.9800033569336,36.09840774536133,4645500
2007-05-31,65.04000091552734,66.38999938964844,64.05999755859375,64.33000183105469,35.73731231689453,3107800
2007-06-01,64.5,65.04000091552734,63.810001373291016,64.97000122070312,36.09286117553711,1310800
2007-06-04,64.51000213623047,64.5999984741211,63.599998474121094,64.08000183105469,35.59844207763672,1379100
2007-06-05,63.709999084472656,64.33000183105469,63.439998626708984,63.939998626708984,35.520660400390625,1440000
2007-06-06,63.52000045776367,64.37999725341797,62.7400016784668,64.16999816894531,35.6484260559082,1425800
2007-06-07,63.68000030517578,64.30999755859375,62.43000030517578,62.65999984741211,34.809593200683594,1667100
2007-06-08,62.459999084472656,64.5,62.119998931884766,63.81999969482422,35.45399475097656,1434400
2007-06-11,64.12999725341797,66.20999908447266,64.06999969482422,66.08000183105469,36.70949935913086,2555600
2007-06-12,65.81999969482422,66.69999694824219,65.5,65.66999816894531,36.48173522949219,2172700
2007-06-13,66.3499984741211,67.44000244140625,65.7699966430664,67.43000030517578,37.459449768066406,2415100
2007-06-14,67.62999725341797,69.25,67.44000244140625,68.7699966430664,38.2038688659668,2296500
2007-06-15,69.70999908447266,69.9000015258789,68.37999725341797,69.7699966430664,38.75940704345703,2698400
2007-06-18,69.47000122070312,71.88999938964844,69.12000274658203,71.56999969482422,39.759342193603516,2866700
2007-06-19,71.5,71.97000122070312,70.5,70.94999694824219,39.414939880371094,2100900
2007-06-20,70.91999816894531,71.16999816894531,68.23999786376953,68.36000061035156,37.976104736328125,2115700
2007-06-21,68.44999694824219,70.95999908447266,68.30000305175781,70.69000244140625,39.270484924316406,2255000
2007-06-22,70.68000030517578,71.4000015258789,69.45999908447266,70.83000183105469,39.348270416259766,8082900
2007-06-25,71.38999938964844,73.75,71.0999984741211,72.3499984741211,40.192684173583984,3126500
2007-06-26,73.0,73.25,70.55000305175781,71.62000274658203,39.787132263183594,2327100
2007-06-27,71.23999786376953,75.08999633789062,71.05999755859375,75.02999877929688,41.68149948120117,2590600
2007-06-28,73.68000030517578,75.66000366210938,73.3499984741211,73.41999816894531,40.78709030151367,2600100
2007-06-29,73.79000091552734,74.25,73.41999816894531,73.97000122070312,41.09263610839844,1628200
2007-07-02,74.30000305175781,76.66999816894531,73.58000183105469,76.05000305175781,42.24813461303711,2489300
2007-07-03,76.6500015258789,76.66999816894531,74.80000305175781,75.18000030517578,41.76483154296875,811100
2007-07-05,75.5,76.5,74.5,76.33999633789062,42.409244537353516,1709400
2007-07-06,76.5,77.70999908447266,76.0,77.66000366210938,43.142555236816406,1741600
2007-07-09,77.7699966430664,78.9000015258789,77.12999725341797,78.88999938964844,43.825843811035156,1652600
2007-07-10,79.23999786376953,79.63999938964844,77.58000183105469,77.91999816894531,43.286983489990234,1706900
2007-07-11,77.76000213623047,79.75,77.69000244140625,79.69000244140625,44.270263671875,1309300
2007-07-12,80.0,82.08999633789062,79.30999755859375,81.4800033569336,45.26466369628906,2384600
2007-07-13,82.0,82.36000061035156,81.0199966430664,82.27999877929688,45.70909118652344,1232300
2007-07-16,82.47000122070312,85.05000305175781,82.0999984741211,82.73999786376953,45.96464538574219,2318700
2007-07-17,83.47000122070312,84.31999969482422,79.6500015258789,80.0,44.442481994628906,2897800
2007-07-18,79.95999908447266,80.63999938964844,77.58000183105469,79.36000061035156,44.08696365356445,2748000
2007-07-19,80.9000015258789,82.5,80.43000030517578,82.0199966430664,45.56465530395508,1988800
2007-07-20,82.01000213623047,82.01000213623047,79.4000015258789,79.70999908447266,44.281394958496094,2213400
2007-07-23,80.7300033569336,81.6500015258789,77.33000183105469,80.63999938964844,44.79804229736328,3605800
2007-07-24,80.0,81.6500015258789,79.06999969482422,80.16000366210938,44.531375885009766,1918800
2007-07-25,80.8499984741211,84.88999938964844,80.5999984741211,84.36000061035156,46.864593505859375,3604500
2007-07-26,83.2699966430664,87.0,82.80000305175781,82.80000305175781,45.99795913696289,5326600
2007-07-27,82.9000015258789,85.2300033569336,77.30000305175781,79.9000015258789,44.386940002441406,5064900
2007-07-30,81.51000213623047,85.63999938964844,80.87999725341797,85.06999969482422,47.25904083251953,3214500
2007-07-31,86.54000091552734,88.44000244140625,82.54000091552734,83.9000015258789,46.60905456542969,3873800
2007-08-01,90.01000213623047,93.18000030517578,86.75,92.61000061035156,51.44772720336914,8030500
2007-08-02,94.0,97.9800033569336,93.72000122070312,97.88999938964844,54.38094711303711,5009100
2007-08-03,97.1500015258789,100.87000274658203,96.02999877929688,98.66000366210938,54.8087043762207,5016300
2007-08-06,99.54000091552734,99.80000305175781,94.98999786376953,96.81999969482422,53.78651428222656,3910400
2007-08-07,95.6500015258789,100.6500015258789,95.08000183105469,100.33000183105469,55.736427307128906,3823800
2007-08-08,101.44000244140625,105.75,101.3499984741211,103.93000030517578,57.73634338378906,3733300
2007-08-09,101.30000305175781,104.80000305175781,100.33999633789062,102.31999969482422,56.841941833496094,3892500
2007-08-10,99.80999755859375,103.12999725341797,98.19999694824219,99.56999969482422,55.31421661376953,4012800
2007-08-13,102.13999938964844,102.13999938964844,95.5,100.26000213623047,56.120269775390625,2796700
2007-08-14,101.23999786376953,101.80000305175781,92.45999908447266,92.61000061035156,51.83819580078125,4485500
2007-08-15,92.0999984741211,94.75,90.30000305175781,91.19999694824219,51.048954010009766,4122800
2007-08-16,88.91000366210938,93.94000244140625,86.41000366210938,89.73999786376953,50.23173522949219,6253400
2007-08-17,93.52999877929688,95.19999694824219,90.95999908447266,92.33000183105469,51.68146896362305,4113300
2007-08-20,94.94999694824219,98.01000213623047,93.0999984741211,97.7300033569336,54.70410919189453,3443800
2007-08-21,99.48999786376953,103.12999725341797,98.5999984741211,102.5,57.37411880493164,4232200
2007-08-22,104.8499984741211,104.98999786376953,100.6500015258789,101.37000274658203,56.74159240722656,3276900
2007-08-23,102.0,103.66999816894531,99.52999877929688,101.30000305175781,56.70240783691406,2982500
2007-08-24,100.95999908447266,104.0,100.20999908447266,104.0,58.213722229003906,2138000
2007-08-27,103.25,104.0,101.4000015258789,101.93000030517578,57.055030822753906,2163600
2007-08-28,100.83999633789062,101.93000030517578,96.20999908447266,96.37999725341797,53.94843292236328,3519800
2007-08-29,98.66999816894531,101.5999984741211,98.30999755859375,100.95999908447266,56.512088775634766,3147300
2007-08-30,99.55999755859375,103.44999694824219,99.2300033569336,102.54000091552734,57.396488189697266,3775800
2007-08-31,104.48999786376953,105.8499984741211,101.80000305175781,101.83000183105469,56.99907302856445,4576200
2007-09-04,102.5199966430664,107.23999786376953,102.12000274658203,104.44999694824219,58.465614318847656,5482200
2007-09-05,104.3499984741211,107.91999816894531,103.55999755859375,105.87000274658203,59.26044845581055,4493000
2007-09-06,108.0,108.77999877929688,106.16000366210938,107.2699966430664,60.04410171508789,3117400
2007-09-07,104.38999938964844,105.9000015258789,102.5999984741211,105.26000213623047,58.91899871826172,3995300
2007-09-10,106.86000061035156,106.87000274658203,103.16000366210938,104.33999633789062,58.4040412902832,2643900
2007-09-11,105.12000274658203,107.11000061035156,104.80000305175781,106.87999725341797,59.8257942199707,2112700
2007-09-12,106.9000015258789,108.08000183105469,105.19000244140625,107.08999633789062,59.9433479309082,2600700
2007-09-13,108.0,108.5,106.31999969482422,106.7699966430664,59.764217376708984,2046100
2007-09-14,105.56999969482422,107.5,105.30000305175781,106.36000061035156,59.53474044799805,1936100
2007-09-17,106.98999786376953,107.61000061035156,104.43000030517578,104.52999877929688,58.510398864746094,2457100
2007-09-18,105.37999725341797,109.04000091552734,103.56999969482422,108.69999694824219,60.844520568847656,3735900
2007-09-19,109.9000015258789,110.5,106.80000305175781,107.72000122070312,60.29597091674805,2907900
2007-09-20,107.0,107.56999969482422,105.5999984741211,106.9000015258789,59.83699035644531,2295200
2007-09-21,108.08000183105469,108.94999694824219,107.05999755859375,108.69999694824219,60.844520568847656,2777800
2007-09-24,109.01000213623047,115.0999984741211,108.80000305175781,115.02999877929688,64.38774108886719,3896800
2007-09-25,114.1500015258789,120.0,114.0,119.08999633789062,66.6603012084961,4230300
2007-09-26,120.52999877929688,120.52999877929688,115.25,117.25,65.63037872314453,3317100
2007-09-27,118.37999725341797,121.33999633789062,116.33999633789062,121.13999938964844,67.80778503417969,2939600
2007-09-28,119.94000244140625,122.77999877929688,118.62000274658203,119.4000015258789,66.83383178710938,3345300
2007-10-01,108.25,109.33999633789062,102.0,107.2300033569336,60.02170944213867,22746000
2007-10-02,108.08000183105469,108.16999816894531,96.9000015258789,100.0999984741211,56.03071975708008,19929900
2007-10-03,98.98999786376953,102.76000213623047,95.2699966430664,96.5199966430664,54.02680969238281,10237300
2007-10-04,97.88999938964844,102.55000305175781,96.27999877929688,100.94999694824219,56.50648880004883,9990400
2007-10-05,102.87999725341797,105.0,102.0,103.70999908447266,58.051414489746094,5631200
2007-10-08,104.55999755859375,109.0,103.12999725341797,108.45999908447266,60.7102165222168,7160900
2007-10-09,109.5199966430664,111.91000366210938,109.2699966430664,111.69999694824219,62.523773193359375,6442700
2007-10-10,112.52999877929688,112.5999984741211,109.05000305175781,111.54000091552734,62.434226989746094,4377400
2007-10-11,112.91000366210938,114.69000244140625,104.3499984741211,109.0999984741211,61.068416595458984,6609300
2007-10-12,109.5199966430664,114.0,109.5,113.98999786376953,63.80558776855469,4368200
2007-10-15,114.75,115.6500015258789,110.8499984741211,112.44000244140625,62.937992095947266,4918000
2007-10-16,110.87999725341797,112.68000030517578,108.44000244140625,112.25,62.83162307739258,4687200
2007-10-17,114.30000305175781,114.58999633789062,110.83999633789062,113.19999694824219,63.3634033203125,4231000
2007-10-18,112.87000274658203,115.66999816894531,111.68000030517578,115.13999938964844,64.44929504394531,3548200
2007-10-19,115.62999725341797,116.87000274658203,110.08999633789062,110.0999984741211,61.628196716308594,4556900
2007-10-22,109.88999938964844,115.25,109.30000305175781,115.18000030517578,64.4717025756836,5168700
2007-10-23,117.52999877929688,120.72000122070312,116.58000183105469,120.52999877929688,67.46633911132812,5314100
2007-10-24,120.76000213623047,125.68000030517578,117.04000091552734,121.80999755859375,68.18280029296875,7856600
2007-10-25,123.30000305175781,123.5,116.7300033569336,118.13999938964844,66.1285629272461,5067100
2007-10-26,119.97000122070312,120.91000366210938,116.5,117.1500015258789,65.57437896728516,4045100
2007-10-29,119.18000030517578,124.29000091552734,117.30000305175781,123.80000305175781,69.29674530029297,5741100
2007-10-30,122.98999786376953,124.75,120.31999969482422,120.4800033569336,67.43836975097656,6248500
2007-10-31,112.0,116.0,106.87999725341797,107.4000015258789,60.11687469482422,22994900
2007-11-01,104.41000366210938,105.37999725341797,97.63999938964844,100.01000213623047,55.980342864990234,15504800
2007-11-02,100.31999969482422,102.0,97.13999938964844,98.44000244140625,55.101539611816406,7069600
2007-11-05,97.37000274658203,97.94999694824219,93.9000015258789,95.08000183105469,53.220787048339844,6764200
2007-11-06,96.5,101.18000030517578,95.2699966430664,100.55999755859375,56.28818130493164,6007100
2007-11-07,96.13999938964844,96.68000030517578,88.88999938964844,89.33999633789062,50.007835388183594,11437300
2007-11-08,90.27999877929688,92.5,83.05000305175781,85.68000030517578,47.95915603637695,9037500
2007-11-09,84.0,88.80000305175781,83.41999816894531,85.8499984741211,48.05430603027344,5722000
2007-11-12,86.72000122070312,87.41000366210938,80.54000091552734,82.31999969482422,46.078392028808594,5181200
2007-11-13,84.0,86.4000015258789,83.55000305175781,86.05999755859375,48.17184829711914,4385600
2007-11-14,88.44999694824219,88.87000274658203,85.4000015258789,85.5999984741211,47.91438293457031,3739800
2007-11-15,87.87000274658203,88.7300033569336,82.4000015258789,84.0,47.01877212524414,3778000
2007-11-16,101.88999938964844,102.08000183105469,93.56999969482422,97.51000213623047,54.58096694946289,22014900
2007-11-19,99.0,99.25,92.51000213623047,93.5199966430664,52.34756851196289,5923900
2007-11-20,94.37000274658203,96.88999938964844,91.08000183105469,93.58999633789062,52.38675308227539,3931200
2007-11-21,91.27999877929688,93.80000305175781,89.80000305175781,91.19999694824219,51.048954010009766,3118700
2007-11-23,93.4000015258789,93.5,90.26000213623047,91.86000061035156,51.41841506958008,1658600
2007-11-26,94.06999969482422,101.0,94.05000305175781,96.70999908447266,54.133148193359375,9949400
2007-11-27,98.69999694824219,104.69999694824219,97.12999725341797,103.0,57.65396499633789,8535200
2007-11-28,106.12000274658203,108.23999786376953,105.5,107.94999694824219,60.42472457885742,6778000
2007-11-29,107.98999786376953,109.25,104.80999755859375,106.08000183105469,59.37800979614258,5065900
2007-11-30,108.94999694824219,108.95999908447266,106.36000061035156,107.3499984741211,60.08888626098633,4608900
2007-12-03,106.36000061035156,106.83000183105469,102.06999969482422,104.02999877929688,58.23051834106445,3548200
2007-12-04,102.0999984741211,109.0999984741211,101.55999755859375,107.18000030517578,59.99372100830078,5668300
2007-12-05,109.19999694824219,110.45999908447266,107.73999786376953,108.47000122070312,60.715824127197266,3874400
2007-12-06,108.23999786376953,109.97000122070312,107.27999877929688,109.3499984741211,61.20838165283203,2723000
2007-12-07,109.8499984741211,111.97000122070312,108.5,109.2300033569336,61.14120101928711,2969900
2007-12-10,110.2699966430664,112.68000030517578,109.5,111.8499984741211,62.60771560668945,2438600
2007-12-11,111.41000366210938,112.0,104.4000015258789,104.79000091552734,58.65591812133789,4704600
2007-12-12,107.81999969482422,108.54000091552734,99.44000244140625,101.7300033569336,56.94308853149414,6103900
2007-12-13,99.75,105.61000061035156,99.75,105.05999755859375,58.80705261230469,3424500
2007-12-14,103.7300033569336,107.26000213623047,103.11000061035156,104.04000091552734,58.236106872558594,2084400
2007-12-17,102.51000213623047,104.9000015258789,100.94999694824219,101.81999969482422,56.993473052978516,2902400
2007-12-18,102.01000213623047,102.83000183105469,91.45999908447266,94.3499984741211,52.812171936035156,8491100
2007-12-19,95.0,97.7699966430664,93.11000061035156,96.95999908447266,54.273109436035156,3713600
2007-12-20,98.51000213623047,100.30000305175781,96.5,100.11000061035156,56.036293029785156,3236800
2007-12-21,102.16000366210938,103.19000244140625,100.62999725341797,102.5,57.37411880493164,3727900
2007-12-24,103.0,103.11000061035156,99.12999725341797,100.87000274658203,56.461700439453125,1992200
2007-12-26,99.69000244140625,103.5,99.55000305175781,103.31999969482422,57.833099365234375,1795800
2007-12-27,102.5,102.86000061035156,100.5,100.81999969482422,56.43373489379883,2046500
2007-12-28,100.73999786376953,101.91999816894531,98.56999969482422,99.16999816894531,55.510162353515625,2262200
2007-12-31,99.05999755859375,99.41999816894531,96.80000305175781,97.0,54.295475006103516,1931900
2008-01-02,94.73999786376953,95.58000183105469,91.80000305175781,92.0999984741211,51.552711486816406,4711500
2008-01-03,89.68000030517578,91.16000366210938,88.12999725341797,90.94999694824219,50.90902328491211,5269700
2008-01-04,89.4000015258789,89.86000061035156,86.7699966430664,88.44999694824219,49.50965881347656,4160300
2008-01-07,89.37999725341797,91.0,85.0999984741211,85.93000030517578,48.09910202026367,5538900
2008-01-08,85.38999938964844,87.25,79.19000244140625,80.19999694824219,44.8917236328125,6733600
2008-01-09,76.58000183105469,76.80000305175781,67.5,75.98999786376953,42.535194396972656,20949000
2008-01-10,76.5,79.33999633789062,74.72000122070312,78.0,43.66029739379883,7172100
2008-01-11,78.05999755859375,78.44999694824219,70.7300033569336,71.4000015258789,39.96596145629883,6305700
2008-01-14,70.41000366210938,71.9000015258789,68.58999633789062,69.98999786376953,39.17669677734375,7231600
2008-01-15,68.55000305175781,69.19999694824219,65.05000305175781,65.62000274658203,36.730613708496094,6939200
2008-01-16,64.7300033569336,66.79000091552734,58.9900016784668,61.900001525878906,34.648372650146484,8749900
2008-01-17,63.0099983215332,65.30999755859375,62.5,64.1500015258789,35.907798767089844,6953300
2008-01-18,65.44000244140625,67.48999786376953,62.130001068115234,62.9900016784668,35.25848388671875,5767700
2008-01-22,56.779998779296875,62.0,55.0,59.36000061035156,33.22660827636719,6901500
2008-01-23,56.900001525878906,65.41999816894531,56.869998931884766,64.5999984741211,36.159671783447266,6857900
2008-01-24,67.51000213623047,69.0,66.0,67.80999755859375,37.95646667480469,6216800
2008-01-25,70.05000305175781,70.51000213623047,64.94000244140625,64.94000244140625,36.34999084472656,4526900
2008-01-28,65.08999633789062,68.26000213623047,64.3499984741211,68.22000122070312,38.18596267700195,4025400
2008-01-29,69.0,70.30999755859375,67.98999786376953,70.20999908447266,39.29985046386719,4406700
2008-01-30,69.87999725341797,71.3499984741211,68.02999877929688,70.33999633789062,39.372623443603516,4739000
2008-01-31,68.80999755859375,72.91000366210938,68.55000305175781,72.1500015258789,40.38574981689453,5795400
2008-02-01,73.2699966430664,73.5999984741211,68.91999816894531,70.0999984741211,39.23829650878906,4445500
2008-02-04,70.83000183105469,71.0999984741211,69.08999633789062,69.66000366210938,38.992000579833984,2709100
2008-02-05,65.95999908447266,66.2300033569336,61.81999969482422,63.779998779296875,35.700679779052734,9288200
2008-02-06,64.5,66.0,63.0,63.40999984741211,35.49357986450195,4907500
2008-02-07,63.83000183105469,68.0,63.709999084472656,66.1500015258789,37.02728271484375,5389200
2008-02-08,66.0999984741211,67.94000244140625,65.0,66.80999755859375,37.39671325683594,3648700
2008-02-11,67.0,67.6500015258789,64.4000015258789,66.12999725341797,37.016090393066406,4129800
2008-02-12,66.76000213623047,67.27999877929688,64.8499984741211,65.5,36.663455963134766,3390200
2008-02-13,66.19999694824219,66.94999694824219,63.040000915527344,65.6500015258789,36.747406005859375,4915600
2008-02-14,65.98999786376953,66.62000274658203,64.5199966430664,65.5199966430664,36.67464065551758,3185300
2008-02-15,64.26000213623047,66.44999694824219,63.880001068115234,66.3499984741211,37.13923263549805,4675500
2008-02-19,67.7699966430664,70.44000244140625,67.51000213623047,69.5,38.902435302734375,6778000
2008-02-20,73.0,73.29000091552734,61.880001068115234,64.47000122070312,36.08692169189453,26101000
2008-02-21,65.30000305175781,65.5,62.5,62.720001220703125,35.10735321044922,6728600
2008-02-22,64.0,64.41000366210938,63.0,63.59000015258789,35.59433364868164,5952600
2008-02-25,64.11000061035156,64.19999694824219,62.18000030517578,62.779998779296875,35.14094161987305,5803300
2008-02-26,62.04999923706055,62.810001373291016,59.5,61.779998779296875,34.5811882019043,6770900
2008-02-27,61.45000076293945,62.189998626708984,60.290000915527344,61.189998626708984,34.25093460083008,4454900
2008-02-28,60.79999923706055,62.650001525878906,60.0,60.439998626708984,33.83113098144531,3783300
2008-02-29,59.95000076293945,60.25,58.34000015258789,58.709999084472656,32.86277389526367,4369700
2008-03-03,58.599998474121094,58.83000183105469,55.45000076293945,56.83000183105469,31.81043815612793,5132900
2008-03-04,56.95000076293945,58.2599983215332,56.099998474121094,58.0,32.4653434753418,4023500
2008-03-05,58.099998474121094,58.939998626708984,56.66999816894531,57.279998779296875,32.06232452392578,3407700
2008-03-06,56.9900016784668,58.0,55.900001525878906,56.029998779296875,31.362621307373047,3185600
2008-03-07,55.5099983215332,56.79999923706055,53.20000076293945,55.13999938964844,30.86446189880371,3453200
2008-03-10,54.630001068115234,54.95000076293945,52.869998931884766,53.099998474121094,29.72258758544922,3791800
2008-03-11,54.7400016784668,56.22999954223633,53.45000076293945,56.22999954223633,31.474592208862305,3809300
2008-03-12,56.59000015258789,60.97999954223633,56.59000015258789,58.81999969482422,32.92433547973633,6504700
2008-03-13,57.45000076293945,59.25,55.02000045776367,58.63999938964844,32.82358932495117,5194700
2008-03-14,59.04999923706055,59.529998779296875,56.29999923706055,56.970001220703125,31.888803482055664,3308400
2008-03-17,54.209999084472656,58.900001525878906,53.88999938964844,57.290000915527344,32.06793212890625,3752200
2008-03-18,58.900001525878906,61.33000183105469,58.560001373291016,61.09000015258789,34.1949577331543,4447900
2008-03-19,61.220001220703125,62.380001068115234,58.779998779296875,59.15999984741211,33.114654541015625,4348100
2008-03-20,59.2400016784668,60.25,59.040000915527344,60.130001068115234,33.65761184692383,2699000
2008-03-24,60.25,62.58000183105469,60.0,62.380001068115234,34.91704177856445,3074600
2008-03-25,59.4900016784668,61.11000061035156,57.70000076293945,60.18000030517578,33.68559265136719,7197100
2008-03-26,59.790000915527344,61.41999816894531,59.40999984741211,60.88999938964844,34.08301544189453,2963500
2008-03-27,60.91999816894531,60.95000076293945,58.970001220703125,58.970001220703125,33.00830841064453,2320100
2008-03-28,59.189998626708984,59.189998626708984,55.869998931884766,56.08000183105469,31.39063262939453,4456900
2008-03-31,56.79999923706055,56.79999923706055,52.7599983215332,54.0099983215332,30.231956481933594,5590900
2008-04-01,55.099998474121094,55.33000183105469,52.81999969482422,54.849998474121094,30.7021484375,4981800
2008-04-02,55.849998474121094,56.939998626708984,54.5,56.40999984741211,31.575342178344727,4230600
2008-04-03,50.790000915527344,55.75,50.18000030517578,52.810001373291016,29.560260772705078,24489500
2008-04-04,53.45000076293945,55.0,52.66999816894531,54.06999969482422,30.265535354614258,4802200
2008-04-07,54.619998931884766,54.81999969482422,52.52000045776367,52.70000076293945,29.49869728088379,3746600
2008-04-08,49.90999984741211,49.90999984741211,48.02000045776367,48.470001220703125,27.130950927734375,12735700
2008-04-09,48.349998474121094,48.650001525878906,45.380001068115234,45.900001525878906,25.69240379333496,8080200
2008-04-10,45.77000045776367,46.959999084472656,44.70000076293945,46.560001373291016,26.06183433532715,5383400
2008-04-11,45.25,46.189998626708984,44.5099983215332,44.83000183105469,25.093477249145508,4886200
2008-04-14,44.7400016784668,45.439998626708984,44.040000915527344,44.2599983215332,24.7744140625,3524200
2008-04-15,44.40999984741211,45.09000015258789,42.0099983215332,43.0099983215332,24.074724197387695,4879600
2008-04-16,43.5099983215332,43.97999954223633,42.150001525878906,43.220001220703125,24.192276000976562,4155700
2008-04-17,43.5,44.08000183105469,42.349998474121094,42.5,23.789264678955078,2937800
2008-04-18,43.63999938964844,46.65999984741211,43.08000183105469,45.459999084472656,25.44610595703125,6768300
2008-04-21,45.4900016784668,45.5,44.040000915527344,45.11000061035156,25.250205993652344,3481200
2008-04-22,44.88999938964844,44.900001525878906,43.099998474121094,43.72999954223633,24.477754592895508,3240800
2008-04-23,44.25,44.900001525878906,43.77000045776367,44.52000045776367,24.919950485229492,3012800
2008-04-24,44.66999816894531,46.43000030517578,44.060001373291016,46.09000015258789,25.798748016357422,3697300
2008-04-25,46.189998626708984,46.20000076293945,45.0,46.09000015258789,25.798748016357422,2593600
2008-04-28,46.16999816894531,48.099998474121094,45.5099983215332,47.40999984741211,26.537626266479492,3987100
2008-04-29,47.58000183105469,47.83000183105469,45.70000076293945,46.439998626708984,25.994672775268555,4182000
2008-04-30,43.849998474121094,44.75,39.75,40.900001525878906,22.89366340637207,19915700
2008-05-01,40.400001525878906,43.2400016784668,39.810001373291016,43.119998931884766,24.136306762695312,6953200
2008-05-02,43.38999938964844,44.5,41.11000061035156,42.77000045776367,23.940393447875977,5273400
2008-05-05,42.099998474121094,42.5,41.54999923706055,42.11000061035156,23.57096290588379,2894100
2008-05-06,41.7400016784668,44.099998474121094,41.54999923706055,43.849998474121094,24.544925689697266,3508500
2008-05-07,44.400001525878906,44.5,42.790000915527344,42.88999938964844,24.007568359375,2406500
2008-05-08,42.959999084472656,43.279998779296875,41.869998931884766,42.31999969482422,23.688507080078125,2414100
2008-05-09,42.130001068115234,42.779998779296875,41.68000030517578,42.08000183105469,23.554162979125977,2097100
2008-05-12,42.459999084472656,43.220001220703125,42.150001525878906,43.119998931884766,24.136306762695312,2514900
2008-05-13,43.2599983215332,43.88999938964844,42.91999816894531,43.70000076293945,24.460948944091797,2223600
2008-05-14,43.9900016784668,44.939998626708984,43.849998474121094,44.790000915527344,25.07109260559082,3960800
2008-05-15,44.9900016784668,47.20000076293945,44.83000183105469,47.20000076293945,26.42008399963379,3767900
2008-05-16,47.369998931884766,50.4900016784668,47.29999923706055,50.02000045776367,27.998565673828125,6314600
2008-05-19,49.31999969482422,49.33000183105469,47.09000015258789,47.349998474121094,26.504045486450195,4498600
2008-05-20,47.5099983215332,48.5,46.779998779296875,47.369998931884766,26.51523208618164,3204800
2008-05-21,46.650001525878906,46.9900016784668,45.20000076293945,45.900001525878906,25.69240379333496,4330900
2008-05-22,45.91999816894531,46.70000076293945,45.630001068115234,46.279998779296875,25.905107498168945,1760500
2008-05-23,46.31999969482422,48.060001373291016,45.720001220703125,47.72999954223633,26.716739654541016,2416400
2008-05-27,47.54999923706055,47.790000915527344,45.79999923706055,47.5,26.58800506591797,2446600
2008-05-28,47.29999923706055,47.34000015258789,45.5,46.220001220703125,25.87150764465332,2234400
2008-05-29,46.439998626708984,47.95000076293945,46.439998626708984,47.58000183105469,26.632774353027344,2879200
2008-05-30,47.52000045776367,48.93000030517578,46.900001525878906,48.650001525878906,27.231712341308594,2634800
2008-06-02,48.439998626708984,50.56999969482422,48.02000045776367,50.56999969482422,28.306419372558594,2889000
2008-06-03,51.0,54.90999984741211,50.91999816894531,52.869998931884766,29.59383201599121,6728800
2008-06-04,52.97999954223633,55.5,52.11000061035156,53.939998626708984,30.192758560180664,3621900
2008-06-05,54.040000915527344,54.25,51.02000045776367,52.68000030517578,29.487478256225586,3630800
2008-06-06,51.939998626708984,52.68000030517578,49.2599983215332,51.34000015258789,28.737428665161133,4503100
2008-06-09,51.7599983215332,51.939998626708984,48.56999969482422,49.59000015258789,27.757863998413086,3418700
2008-06-10,48.79999923706055,48.79999923706055,46.5,46.79999923706055,26.196170806884766,3970500
2008-06-11,46.65999984741211,47.70000076293945,44.900001525878906,45.13999938964844,25.266998291015625,2709700
2008-06-12,45.90999984741211,45.91999816894531,45.0,45.20000076293945,25.30058479309082,2605000
2008-06-13,45.38999938964844,46.29999923706055,44.54999923706055,44.90999984741211,25.13825798034668,2859200
2008-06-16,45.20000076293945,46.11000061035156,44.5,45.849998474121094,25.664419174194336,2907700
2008-06-17,46.599998474121094,46.68000030517578,43.400001525878906,43.47999954223633,24.337810516357422,3755700
2008-06-18,43.209999084472656,44.0,42.959999084472656,43.09000015258789,24.119508743286133,3507100
2008-06-19,43.43000030517578,44.91999816894531,42.5,44.470001220703125,24.8919677734375,2779800
2008-06-20,44.66999816894531,44.83000183105469,43.16999816894531,43.4900016784668,24.343408584594727,2391500
2008-06-23,43.86000061035156,43.900001525878906,42.52000045776367,42.619998931884766,23.856443405151367,1704100
2008-06-24,42.47999954223633,43.88999938964844,41.369998931884766,43.189998626708984,24.17548942565918,2605600
2008-06-25,43.33000183105469,44.040000915527344,43.02000045776367,43.66999816894531,24.444177627563477,1605600
2008-06-26,42.54999923706055,43.470001220703125,42.06999969482422,42.689998626708984,23.895614624023438,2333100
2008-06-27,42.4900016784668,44.119998931884766,42.41999816894531,44.119998931884766,24.696048736572266,3370300
2008-06-30,44.2599983215332,44.560001373291016,42.56999969482422,42.84000015258789,23.979578018188477,2361600
2008-07-01,42.04999923706055,43.0,41.709999084472656,42.939998626708984,24.03554916381836,1860800
2008-07-02,43.0,44.029998779296875,42.5099983215332,42.66999816894531,23.884424209594727,2287400
2008-07-03,42.52000045776367,42.54999923706055,41.7400016784668,41.95000076293945,23.48139762878418,1445900
2008-07-07,42.0099983215332,43.220001220703125,41.790000915527344,42.59000015258789,23.839641571044922,1710300
2008-07-08,42.43000030517578,45.099998474121094,41.880001068115234,44.099998474121094,24.684852600097656,2960000
2008-07-09,44.0,45.130001068115234,42.310001373291016,42.66999816894531,23.884424209594727,2448400
2008-07-10,42.52000045776367,43.7400016784668,41.900001525878906,43.66999816894531,24.444177627563477,2273300
2008-07-11,43.369998931884766,43.880001068115234,41.939998626708984,42.65999984741211,23.878814697265625,3127700
2008-07-14,43.099998474121094,43.9900016784668,41.7599983215332,42.04999923706055,23.537368774414062,1891100
2008-07-15,41.900001525878906,44.79999923706055,41.689998626708984,43.16999816894531,24.164291381835938,2845500
2008-07-16,43.5,46.900001525878906,43.18000030517578,46.4900016784668,26.02265167236328,3540000
2008-07-17,46.25,47.79999923706055,45.33000183105469,46.630001068115234,26.10102081298828,2160200
2008-07-18,47.189998626708984,47.189998626708984,44.9900016784668,45.040000915527344,25.211023330688477,1831900
2008-07-21,44.900001525878906,46.880001068115234,43.709999084472656,46.59000015258789,26.078624725341797,4050500
2008-07-22,46.599998474121094,49.459999084472656,45.630001068115234,48.70000076293945,27.25969886779785,3720300
2008-07-23,48.95000076293945,49.88999938964844,46.81999969482422,48.130001068115234,26.940643310546875,2889300
2008-07-24,47.619998931884766,48.20000076293945,46.54999923706055,47.06999969482422,26.347314834594727,1772800
2008-07-25,47.099998474121094,47.75,46.4900016784668,46.84000015258789,26.21856117248535,1793000
2008-07-28,46.70000076293945,47.97999954223633,45.209999084472656,45.959999084472656,25.725984573364258,2128200
2008-07-29,46.060001373291016,47.209999084472656,44.619998931884766,45.060001373291016,25.222213745117188,4121700
2008-07-30,40.369998931884766,40.9900016784668,34.5099983215332,35.189998626708984,19.697513580322266,16912800
2008-07-31,34.66999816894531,36.79999923706055,34.65999984741211,35.66999816894531,19.96617889404297,5978800
2008-08-01,35.959999084472656,36.04999923706055,34.02000045776367,34.9900016784668,19.585561752319336,3340200
2008-08-04,35.0,35.08000183105469,33.560001373291016,33.66999816894531,18.846691131591797,2649900
2008-08-05,34.0099983215332,35.29999923706055,33.810001373291016,35.0099983215332,19.596755981445312,2518600
2008-08-06,34.84000015258789,38.209999084472656,34.380001068115234,37.83000183105469,21.17524528503418,3599300
2008-08-07,37.400001525878906,37.400001525878906,35.599998474121094,36.790000915527344,20.593101501464844,2638300
2008-08-08,36.650001525878906,37.88999938964844,36.310001373291016,37.09000015258789,20.761028289794922,1928900
2008-08-11,37.36000061035156,38.900001525878906,36.79999923706055,38.650001525878906,21.634231567382812,2350100
2008-08-12,38.88999938964844,39.75,37.38999938964844,37.93000030517578,21.231216430664062,2191800
2008-08-13,37.66999816894531,37.97999954223633,35.939998626708984,37.029998779296875,20.72743797302246,1727800
2008-08-14,36.5099983215332,37.599998474121094,36.34000015258789,37.459999084472656,20.968135833740234,1367500
2008-08-15,36.91999816894531,38.33000183105469,36.810001373291016,37.209999084472656,20.82819175720215,1370100
2008-08-18,37.5,37.88999938964844,36.599998474121094,37.040000915527344,20.733047485351562,1822400
2008-08-19,36.52000045776367,37.900001525878906,36.279998779296875,36.689998626708984,20.537124633789062,1150600
2008-08-20,36.619998931884766,37.54999923706055,35.83000183105469,36.439998626708984,20.39719581604004,2211900
2008-08-21,36.119998931884766,36.4900016784668,35.380001068115234,36.040000915527344,20.173295974731445,1273300
2008-08-22,36.9900016784668,36.9900016784668,35.65999984741211,36.220001220703125,20.274045944213867,1210100
2008-08-25,35.790000915527344,36.06999969482422,34.5,35.18000030517578,19.691911697387695,1624300
2008-08-26,35.220001220703125,35.43000030517578,33.91999816894531,34.459999084472656,19.288888931274414,1875000
2008-08-27,34.380001068115234,35.220001220703125,33.90999984741211,34.970001220703125,19.57436752319336,1404000
2008-08-28,35.45000076293945,36.0,34.95000076293945,35.54999923706055,19.899017333984375,1334100
2008-08-29,35.2599983215332,35.349998474121094,34.33000183105469,34.7599983215332,19.456817626953125,1358500
2008-09-02,35.790000915527344,35.900001525878906,34.22999954223633,34.400001525878906,19.255313873291016,1688200
2008-09-03,34.5,34.5,33.75,33.810001373291016,18.925060272216797,1817700
2008-09-04,33.66999816894531,34.09000015258789,32.779998779296875,32.790000915527344,18.354110717773438,2568000
2008-09-05,32.709999084472656,32.93000030517578,30.729999542236328,32.5099983215332,18.1973876953125,3512800
2008-09-08,32.689998626708984,33.189998626708984,31.829999923706055,32.18000030517578,18.012670516967773,2662200
2008-09-09,31.760000228881836,33.25,31.510000228881836,32.11000061035156,17.97348403930664,2226700
2008-09-10,32.279998779296875,33.43000030517578,32.150001525878906,32.84000015258789,18.382102966308594,2091100
2008-09-11,32.5,33.90999984741211,32.189998626708984,33.63999938964844,18.82989501953125,2396800
2008-09-12,33.470001220703125,34.630001068115234,33.25,34.459999084472656,19.288888931274414,1908400
2008-09-15,33.5,35.0,32.369998931884766,32.59000015258789,18.242162704467773,2566800
2008-09-16,32.06999969482422,34.84000015258789,32.060001373291016,34.189998626708984,19.13776206970215,2987600
2008-09-17,33.599998474121094,36.470001220703125,33.41999816894531,34.939998626708984,19.55756950378418,4047600
2008-09-18,36.02000045776367,37.54999923706055,35.0,36.709999084472656,20.548324584960938,2796100
2008-09-19,38.54999923706055,38.95000076293945,36.29999923706055,37.93000030517578,21.231216430664062,3568200
2008-09-22,37.400001525878906,37.5,34.599998474121094,34.869998931884766,19.518396377563477,2057300
2008-09-23,34.54999923706055,36.2400016784668,34.310001373291016,35.66999816894531,19.96617889404297,2285300
2008-09-24,36.15999984741211,37.29999923706055,35.72999954223633,37.15999984741211,20.800209045410156,1832300
2008-09-25,37.11000061035156,37.88999938964844,36.130001068115234,36.5,20.430776596069336,1256600
2008-09-26,35.72999954223633,36.900001525878906,35.2599983215332,36.369998931884766,20.35801124572754,1180700
2008-09-29,35.11000061035156,35.70000076293945,34.0,34.34000015258789,19.22172737121582,1864000
2008-09-30,34.38999938964844,34.93000030517578,33.58000183105469,33.939998626708984,18.997821807861328,2004500
2008-10-01,33.619998931884766,33.91999816894531,32.189998626708984,33.060001373291016,18.505245208740234,1776800
2008-10-02,33.0,33.880001068115234,31.059999465942383,31.15999984741211,17.441728591918945,1977300
2008-10-03,31.790000915527344,31.90999984741211,28.59000015258789,28.719999313354492,16.07594871520996,2249100
2008-10-06,28.020000457763672,28.65999984741211,25.770000457763672,28.600000381469727,16.00877571105957,2866800
2008-10-07,28.760000228881836,29.020000457763672,26.299999237060547,27.010000228881836,15.11877155303955,1893600
2008-10-08,26.09000015258789,27.1299991607666,24.350000381469727,24.40999984741211,13.663434028625488,3894200
2008-10-09,24.719999313354492,25.200000762939453,23.540000915527344,24.420000076293945,13.669029235839844,2607400
2008-10-10,23.020000457763672,26.899999618530273,22.649999618530273,25.520000457763672,14.28475570678711,4086000
2008-10-13,26.600000381469727,27.8799991607666,25.899999618530273,27.639999389648438,15.471413612365723,1820800
2008-10-14,28.25,28.299999237060547,25.3799991607666,26.280000686645508,14.710158348083496,1869200
2008-10-15,25.989999771118164,26.149999618530273,22.84000015258789,22.8799991607666,12.80702018737793,1532100
2008-10-16,22.8700008392334,24.610000610351562,22.149999618530273,24.520000457763672,13.725005149841309,1582600
2008-10-17,24.5,25.5,23.700000762939453,24.31999969482422,13.61306095123291,1730300
2008-10-20,24.670000076293945,25.510000228881836,23.899999618530273,25.510000228881836,14.279151916503906,1009700
2008-10-21,25.010000228881836,25.889999389648438,24.229999542236328,24.270000457763672,13.585063934326172,1176100
2008-10-22,23.959999084472656,24.40999984741211,21.760000228881836,22.43000030517578,12.555129051208496,1804000
2008-10-23,22.40999984741211,22.760000228881836,20.6200008392334,21.940000534057617,12.28085708618164,2358900
2008-10-24,20.260000228881836,21.75,20.260000228881836,21.260000228881836,11.900226593017578,1825300
2008-10-27,20.850000381469727,21.75,20.25,20.260000228881836,11.340481758117676,1847900
2008-10-28,21.0,21.75,19.899999618530273,21.43000030517578,11.995384216308594,3432100
2008-10-29,22.299999237060547,23.450000762939453,21.18000030517578,21.950000762939453,12.286456108093262,4962200
2008-10-30,22.06999969482422,23.34000015258789,22.06999969482422,23.290000915527344,13.036515235900879,4691300
2008-10-31,23.1200008392334,23.239999771118164,22.09000015258789,22.450000762939453,12.566328048706055,4236900
2008-11-03,22.170000076293945,22.829999923706055,21.8700008392334,22.049999237060547,12.342426300048828,4453100
2008-11-04,22.15999984741211,22.5,21.860000610351562,22.139999389648438,12.392804145812988,6159500
2008-11-05,22.25,22.34000015258789,21.15999984741211,21.239999771118164,11.889032363891602,3086800
2008-11-06,21.0,21.540000915527344,20.200000762939453,20.239999771118164,11.329288482666016,1719000
2008-11-07,20.760000228881836,20.979999542236328,20.200000762939453,20.780000686645508,11.631549835205078,2129200
2008-11-10,21.280000686645508,21.649999618530273,20.219999313354492,20.43000030517578,11.43564224243164,1382400
2008-11-11,20.049999237060547,20.420000076293945,18.940000534057617,19.639999389648438,10.993439674377441,1904900
2008-11-12,19.399999618530273,19.610000610351562,18.799999237060547,18.799999237060547,10.523244857788086,1772600
2008-11-13,18.700000762939453,20.5,18.0,20.440000534057617,11.44123649597168,1738800
2008-11-14,19.899999618530273,20.31999969482422,19.020000457763672,19.040000915527344,10.657587051391602,1350100
2008-11-17,18.540000915527344,19.0,18.18000030517578,18.309999465942383,10.24897289276123,1174500
2008-11-18,18.3700008392334,18.690000534057617,17.079999923706055,17.350000381469727,9.711618423461914,2268800
2008-11-19,17.40999984741211,17.850000381469727,15.949999809265137,15.979999542236328,8.944761276245117,1749600
2008-11-20,15.850000381469727,16.84000015258789,15.170000076293945,15.220000267028809,8.519353866577148,2393400
2008-11-21,15.109999656677246,15.880000114440918,14.399999618530273,15.770000457763672,8.827215194702148,2286700
2008-11-24,16.299999237060547,17.100000381469727,15.84000015258789,17.0,9.515704154968262,2158700
2008-11-25,17.200000762939453,17.40999984741211,16.360000610351562,16.93000030517578,9.476521492004395,2161700
2008-11-26,16.799999237060547,17.18000030517578,16.559999465942383,17.020000457763672,9.968503952026367,1314000
2008-11-28,17.049999237060547,17.100000381469727,16.459999084472656,17.030000686645508,9.974363327026367,661100
2008-12-01,16.68000030517578,17.190000534057617,15.399999618530273,15.529999732971191,9.095821380615234,1765800
2008-12-02,16.0,16.479999542236328,15.619999885559082,16.479999542236328,9.652230262756348,1111000
2008-12-03,16.030000686645508,16.969999313354492,15.960000038146973,16.940000534057617,9.921653747558594,1161100
2008-12-04,16.260000228881836,17.43000030517578,16.18000030517578,16.790000915527344,9.833797454833984,1893400
2008-12-05,16.5,17.56999969482422,16.010000228881836,17.469999313354492,10.232064247131348,1242200
2008-12-08,17.989999771118164,18.75,17.8799991607666,18.469999313354492,10.81775951385498,1513200
2008-12-09,18.15999984741211,20.18000030517578,18.15999984741211,18.93000030517578,11.087181091308594,1410700
2008-12-10,19.5,20.559999465942383,19.200000762939453,20.030000686645508,11.731444358825684,1444300
2008-12-11,19.18000030517578,20.219999313354492,18.530000686645508,18.989999771118164,11.12232494354248,1411300
2008-12-12,19.829999923706055,20.010000228881836,18.25,19.59000015258789,11.47374153137207,1021500
2008-12-15,19.75,20.0,18.270000457763672,19.010000228881836,11.134037971496582,1708400
2008-12-16,19.229999542236328,20.719999313354492,19.0,20.56999969482422,12.047717094421387,2227800
2008-12-17,20.049999237060547,20.239999771118164,19.100000381469727,20.0,11.713873863220215,1430800
2008-12-18,20.18000030517578,20.190000534057617,18.420000076293945,18.799999237060547,11.011037826538086,1539900
2008-12-19,18.229999542236328,19.719999313354492,18.229999542236328,19.450000762939453,11.391738891601562,2247700
2008-12-22,19.610000610351562,19.84000015258789,18.84000015258789,19.75,11.567448616027832,1888800
2008-12-23,19.559999465942383,19.8799991607666,19.020000457763672,19.190000534057617,11.239459037780762,818500
2008-12-24,19.290000915527344,19.979999542236328,18.920000076293945,19.43000030517578,11.380027770996094,733500
2008-12-26,19.899999618530273,19.90999984741211,19.209999084472656,19.389999389648438,11.356600761413574,506200
2008-12-29,19.5,19.600000381469727,18.350000381469727,18.6299991607666,10.911474227905273,1007600
2008-12-30,18.709999084472656,19.799999237060547,18.579999923706055,19.690000534057617,11.532305717468262,1577700
2008-12-31,19.020000457763672,19.850000381469727,19.020000457763672,19.170000076293945,11.22774887084961,1308600
2009-01-02,19.0,22.0,19.0,21.770000457763672,12.750545501708984,1884800
2009-01-05,20.829999923706055,22.040000915527344,20.75,22.0,12.885259628295898,1897500
2009-01-06,20.5,21.25,19.700000762939453,21.09000015258789,12.352274894714355,3074400
2009-01-07,20.610000610351562,21.09000015258789,20.200000762939453,21.030000686645508,12.317134857177734,1432700
2009-01-08,21.0,21.350000381469727,20.170000076293945,21.030000686645508,12.317134857177734,1206500
2009-01-09,21.049999237060547,21.309999465942383,20.200000762939453,20.3700008392334,11.930580139160156,995400
2009-01-12,20.290000915527344,20.299999237060547,17.899999618530273,18.270000457763672,10.700623512268066,2642700
2009-01-13,18.110000610351562,19.0,18.110000610351562,18.8700008392334,11.052037239074707,1866400
2009-01-14,18.600000381469727,18.8700008392334,17.399999618530273,17.6299991607666,10.325777053833008,1561200
2009-01-15,17.579999923706055,18.1200008392334,16.84000015258789,17.790000915527344,10.419487953186035,1341100
2009-01-16,18.110000610351562,18.350000381469727,17.260000228881836,17.8799991607666,10.472200393676758,1398600
2009-01-20,17.350000381469727,17.6299991607666,16.43000030517578,16.600000381469727,9.722515106201172,1950000
2009-01-21,16.75,17.829999923706055,16.6200008392334,17.75,10.3960599899292,1580900
2009-01-22,17.530000686645508,17.59000015258789,16.790000915527344,17.270000457763672,10.114927291870117,1258200
2009-01-23,17.18000030517578,18.280000686645508,16.959999084472656,17.709999084472656,10.372633934020996,1418500
2009-01-26,18.239999771118164,18.530000686645508,17.6200008392334,17.899999618530273,10.483917236328125,1249400
2009-01-27,17.809999465942383,18.360000610351562,17.760000228881836,18.260000228881836,10.6947660446167,1170800
2009-01-28,18.489999771118164,19.780000686645508,18.40999984741211,19.3700008392334,11.34488582611084,2053100
2009-01-29,19.040000915527344,19.43000030517578,18.1299991607666,18.420000076293945,10.788480758666992,1097400
2009-01-30,18.540000915527344,18.690000534057617,17.389999389648438,17.530000686645508,10.267208099365234,1248900
2009-02-02,17.25,17.6200008392334,16.770000457763672,17.1200008392334,10.02707576751709,1275900
2009-02-03,17.1200008392334,17.3799991607666,16.6299991607666,17.190000534057617,10.068074226379395,1561100
2009-02-04,17.299999237060547,17.780000686645508,17.299999237060547,17.440000534057617,10.214495658874512,1451300
2009-02-05,17.149999618530273,18.0,16.700000762939453,17.440000534057617,10.214495658874512,1917500
2009-02-06,17.350000381469727,17.790000915527344,17.299999237060547,17.549999237060547,10.27892017364502,1732600
2009-02-09,17.5,18.15999984741211,17.5,17.780000686645508,10.413633346557617,2666600
2009-02-10,17.969999313354492,18.0,16.850000381469727,17.059999465942383,9.991931915283203,1744200
2009-02-11,17.18000030517578,17.40999984741211,16.68000030517578,16.950000762939453,9.927505493164062,1435700
2009-02-12,17.520000457763672,17.700000762939453,16.93000030517578,17.649999618530273,10.337493896484375,1932200
2009-02-13,17.68000030517578,17.90999984741211,17.139999389648438,17.200000762939453,10.073931694030762,1509400
2009-02-17,16.8799991607666,16.899999618530273,15.930000305175781,16.299999237060547,9.546806335449219,1718000
2009-02-18,16.299999237060547,16.65999984741211,15.829999923706055,16.290000915527344,9.540946960449219,2085900
2009-02-19,16.40999984741211,16.65999984741211,15.819999694824219,15.920000076293945,9.324243545532227,1341900
2009-02-20,15.699999809265137,15.899999618530273,15.020000457763672,15.170000076293945,8.88497257232666,2840400
2009-02-23,15.8100004196167,17.68000030517578,15.8100004196167,16.280000686645508,9.535091400146484,6419400
2009-02-24,16.399999618530273,17.280000686645508,16.260000228881836,17.06999969482422,9.99778938293457,3710000
2009-02-25,17.280000686645508,17.489999771118164,16.700000762939453,17.09000015258789,10.009505271911621,2548400
2009-02-26,17.1299991607666,17.549999237060547,16.969999313354492,17.100000381469727,10.015359878540039,2534700
2009-02-27,17.0,17.530000686645508,16.809999465942383,17.1200008392334,10.02707576751709,2793300
2009-03-02,16.719999313354492,17.170000076293945,16.100000381469727,16.190000534057617,9.482379913330078,2479400
2009-03-03,16.399999618530273,16.93000030517578,16.219999313354492,16.489999771118164,9.658089637756348,2367300
2009-03-04,16.510000228881836,17.3799991607666,16.510000228881836,17.020000457763672,9.968503952026367,2893300
2009-03-05,16.75,16.93000030517578,16.420000076293945,16.670000076293945,9.763510704040527,2060200
2009-03-06,17.030000686645508,17.030000686645508,16.479999542236328,16.8799991607666,9.886507987976074,2674500
2009-03-09,16.739999771118164,17.31999969482422,16.709999084472656,16.780000686645508,9.8279390335083,1875100
2009-03-10,17.06999969482422,18.100000381469727,17.059999465942383,18.059999465942383,10.57762622833252,3437500
2009-03-11,18.06999969482422,19.010000228881836,17.68000030517578,18.860000610351562,11.046181678771973,3069300
2009-03-12,18.540000915527344,20.170000076293945,18.540000915527344,20.139999389648438,11.795866012573242,2752600
2009-03-13,19.760000228881836,20.389999389648438,19.399999618530273,19.780000686645508,11.5850191116333,2227800
2009-03-16,19.75,20.459999084472656,19.299999237060547,19.719999313354492,11.549875259399414,2133700
2009-03-17,19.360000610351562,20.450000762939453,19.06999969482422,20.440000534057617,11.971579551696777,2097100
2009-03-18,20.31999969482422,20.770000457763672,19.84000015258789,20.770000457763672,12.16485595703125,2861800
2009-03-19,20.799999237060547,21.0,20.559999465942383,20.959999084472656,12.276137351989746,2307400
2009-03-20,21.25,21.299999237060547,19.889999389648438,20.049999237060547,11.743152618408203,2265900
2009-03-23,20.729999542236328,21.81999969482422,20.6200008392334,21.81999969482422,12.779833793640137,2646300
2009-03-24,21.8700008392334,22.0,21.190000534057617,21.520000457763672,12.604125022888184,2238700
2009-03-25,21.610000610351562,22.40999984741211,21.0,21.940000534057617,12.850116729736328,2793400
2009-03-26,22.290000915527344,23.5,22.040000915527344,23.479999542236328,13.752090454101562,3916500
2009-03-27,23.030000686645508,23.329999923706055,22.440000534057617,22.489999771118164,13.172247886657715,2218900
2009-03-30,22.399999618530273,22.450000762939453,20.670000076293945,21.020000457763672,12.311280250549316,2478600
2009-03-31,21.260000228881836,21.799999237060547,21.010000228881836,21.209999084472656,12.422562599182129,1611700
2009-04-01,21.440000534057617,22.18000030517578,20.65999984741211,22.06999969482422,12.926259994506836,1472500
2009-04-02,22.5,23.479999542236328,22.09000015258789,23.020000457763672,13.482662200927734,1973200
2009-04-03,23.100000381469727,23.420000076293945,22.579999923706055,23.100000381469727,13.52952766418457,940000
2009-04-06,22.799999237060547,23.229999542236328,21.530000686645508,22.1200008392334,12.955546379089355,2418200
2009-04-07,21.559999465942383,21.790000915527344,21.1200008392334,21.270000457763672,12.457700729370117,1301600
2009-04-08,20.559999465942383,21.440000534057617,20.559999465942383,21.389999389648438,12.527986526489258,1760500
2009-04-09,21.25,22.530000686645508,21.25,22.209999084472656,13.008254051208496,2046000
2009-04-13,22.139999389648438,22.209999084472656,21.610000610351562,21.8700008392334,12.809118270874023,1933000
2009-04-14,21.790000915527344,22.299999237060547,21.510000228881836,22.010000228881836,12.89111614227295,1838700
2009-04-15,21.93000030517578,22.059999465942383,21.399999618530273,21.670000076293945,12.691980361938477,1763700
2009-04-16,22.0,22.389999389648438,21.690000534057617,22.1200008392334,12.955546379089355,2838200
2009-04-17,21.989999771118164,22.260000228881836,21.790000915527344,22.0,12.885259628295898,2619500
2009-04-20,22.010000228881836,22.010000228881836,21.040000915527344,21.389999389648438,12.527986526489258,1853100
2009-04-21,21.270000457763672,21.979999542236328,20.950000762939453,21.860000610351562,12.803260803222656,2028400
2009-04-22,21.299999237060547,22.59000015258789,21.15999984741211,22.100000381469727,12.943824768066406,3198000
2009-04-23,21.670000076293945,22.389999389648438,21.34000015258789,22.15999984741211,12.97896957397461,1830500
2009-04-24,22.309999465942383,23.979999542236328,22.100000381469727,23.65999984741211,13.857511520385742,3934800
2009-04-27,23.43000030517578,23.530000686645508,23.09000015258789,23.40999984741211,13.711082458496094,2741000
2009-04-28,23.09000015258789,23.5,22.65999984741211,22.799999237060547,13.353812217712402,1660600
2009-04-29,23.040000915527344,24.520000457763672,23.020000457763672,24.18000030517578,14.162073135375977,2508900
2009-04-30,24.760000228881836,25.950000762939453,24.760000228881836,25.190000534057617,14.753622055053711,2796600
2009-05-01,25.170000076293945,25.81999969482422,24.90999984741211,25.450000762939453,14.905898094177246,2003800
2009-05-04,25.610000610351562,26.290000915527344,25.459999084472656,25.989999771118164,15.222179412841797,1943600
2009-05-05,26.049999237060547,26.09000015258789,25.299999237060547,25.65999984741211,15.028901100158691,2963800
2009-05-06,23.860000610351562,23.860000610351562,21.309999465942383,21.829999923706055,12.785689353942871,9867400
2009-05-07,22.06999969482422,22.469999313354492,21.520000457763672,21.84000015258789,12.791547775268555,3553500
2009-05-08,22.06999969482422,22.600000381469727,21.799999237060547,22.479999542236328,13.166396141052246,2703000
2009-05-11,22.030000686645508,22.6200008392334,21.989999771118164,22.260000228881836,13.037544250488281,2097100
2009-05-12,22.6200008392334,22.6200008392334,21.229999542236328,21.270000457763672,12.457700729370117,3251000
2009-05-13,21.010000228881836,21.18000030517578,20.030000686645508,20.049999237060547,11.743152618408203,3605300
2009-05-14,20.299999237060547,20.959999084472656,20.09000015258789,20.739999771118164,12.147286415100098,1860500
2009-05-15,20.639999389648438,20.920000076293945,20.360000610351562,20.739999771118164,12.147286415100098,1319500
2009-05-18,20.84000015258789,20.84000015258789,20.079999923706055,20.290000915527344,11.883724212646484,2363400
2009-05-19,19.979999542236328,20.5,19.90999984741211,20.139999389648438,11.795866012573242,3768800
2009-05-20,20.100000381469727,20.549999237060547,19.940000534057617,20.190000534057617,11.825155258178711,2023200
2009-05-21,20.0,20.209999084472656,19.600000381469727,19.84000015258789,11.620159149169922,2521300
2009-05-22,20.1299991607666,20.18000030517578,19.579999923706055,19.739999771118164,11.561594009399414,1212400
2009-05-26,19.40999984741211,20.8799991607666,19.399999618530273,20.860000610351562,12.217573165893555,2351200
2009-05-27,20.8700008392334,20.889999389648438,20.270000457763672,20.360000610351562,11.924721717834473,2476800
2009-05-28,20.549999237060547,20.639999389648438,19.899999618530273,20.579999923706055,12.053576469421387,1422600
2009-05-29,20.34000015258789,20.8799991607666,20.34000015258789,20.860000610351562,12.217573165893555,1480500
2009-06-01,21.200000762939453,22.049999237060547,21.049999237060547,21.700000762939453,12.709552764892578,1836800
2009-06-02,21.850000381469727,23.079999923706055,21.770000457763672,22.950000762939453,13.441668510437012,2902600
2009-06-03,23.079999923706055,23.079999923706055,21.979999542236328,22.170000076293945,12.984823226928711,1695400
2009-06-04,22.309999465942383,23.670000076293945,22.299999237060547,23.290000915527344,13.640804290771484,2895200
2009-06-05,23.56999969482422,23.56999969482422,22.670000076293945,23.09000015258789,13.523659706115723,1914300
2009-06-08,22.84000015258789,22.989999771118164,22.399999618530273,22.760000228881836,13.3303861618042,2511000
2009-06-09,22.8700008392334,23.860000610351562,22.700000762939453,23.729999542236328,13.898513793945312,1754700
2009-06-10,23.979999542236328,24.1299991607666,23.100000381469727,23.56999969482422,13.80479907989502,1397900
2009-06-11,23.0,23.65999984741211,22.739999771118164,23.25,13.6173734664917,2401900
2009-06-12,23.049999237060547,23.18000030517578,22.450000762939453,22.940000534057617,13.435809135437012,1456500
2009-06-15,22.6299991607666,22.690000534057617,21.610000610351562,22.020000457763672,12.896971702575684,2087000
2009-06-16,22.190000534057617,22.670000076293945,21.780000686645508,21.809999465942383,12.773979187011719,2411300
2009-06-17,21.90999984741211,22.440000534057617,21.6299991607666,22.139999389648438,12.967255592346191,1526700
2009-06-18,21.979999542236328,21.979999542236328,21.31999969482422,21.459999084472656,12.568984985351562,2345000
2009-06-19,21.84000015258789,22.530000686645508,21.65999984741211,22.270000457763672,13.0433931350708,2805300
2009-06-22,22.079999923706055,22.100000381469727,21.510000228881836,21.780000686645508,12.756407737731934,2064100
2009-06-23,21.770000457763672,22.299999237060547,21.65999984741211,21.899999618530273,12.826688766479492,1823200
2009-06-24,21.600000381469727,22.469999313354492,21.600000381469727,22.280000686645508,13.0492525100708,2276700
2009-06-25,20.989999771118164,22.860000610351562,20.889999389648438,22.670000076293945,13.277677536010742,4648400
2009-06-26,22.5,23.799999237060547,22.43000030517578,23.639999389648438,13.845796585083008,3639600
2009-06-29,23.649999618530273,24.209999084472656,23.440000534057617,24.15999984741211,14.150355339050293,2800100
2009-06-30,23.989999771118164,24.489999771118164,23.479999542236328,23.81999969482422,13.951221466064453,2956800
2009-07-01,24.0,24.450000762939453,23.559999465942383,24.049999237060547,14.085929870605469,2189200
2009-07-02,23.899999618530273,24.049999237060547,23.360000610351562,23.719999313354492,13.892644882202148,1944700
2009-07-06,23.559999465942383,23.860000610351562,23.06999969482422,23.31999969482422,13.658370018005371,2423200
2009-07-07,23.360000610351562,23.399999618530273,22.6299991607666,22.670000076293945,13.277677536010742,2390800
2009-07-08,22.600000381469727,22.940000534057617,22.200000762939453,22.889999389648438,13.406524658203125,3704200
2009-07-09,22.8700008392334,23.030000686645508,22.399999618530273,22.739999771118164,13.318670272827148,1928000
2009-07-10,22.700000762939453,23.1299991607666,22.360000610351562,23.09000015258789,13.523659706115723,1568600
2009-07-13,23.110000610351562,23.149999618530273,22.350000381469727,23.139999389648438,13.552956581115723,1576800
2009-07-14,23.010000228881836,23.219999313354492,22.610000610351562,22.950000762939453,13.441668510437012,1765200
2009-07-15,22.950000762939453,23.700000762939453,22.950000762939453,23.649999618530273,13.85165023803711,3321600
2009-07-16,23.6200008392334,24.899999618530273,23.600000381469727,24.770000457763672,14.507631301879883,2744400
2009-07-17,24.399999618530273,24.8799991607666,24.399999618530273,24.600000381469727,14.408061027526855,1786200
2009-07-20,24.639999389648438,25.0,24.31999969482422,24.700000762939453,14.46662712097168,1645300
2009-07-21,24.780000686645508,24.90999984741211,24.190000534057617,24.6200008392334,14.419774055480957,1360600
2009-07-22,24.6299991607666,26.75,24.6299991607666,26.389999389648438,15.456454277038574,4383700
2009-07-23,26.350000381469727,27.940000534057617,26.079999923706055,27.709999084472656,16.229576110839844,3863600
2009-07-24,27.280000686645508,27.68000030517578,26.639999389648438,27.649999618530273,16.194429397583008,1861400
2009-07-27,27.5,27.799999237060547,26.959999084472656,27.420000076293945,16.059717178344727,1681400
2009-07-28,27.170000076293945,27.399999618530273,26.59000015258789,27.209999084472656,15.936725616455078,1532500
2009-07-29,27.389999389648438,27.479999542236328,26.739999771118164,26.93000030517578,15.772730827331543,1505700
2009-07-30,27.360000610351562,28.479999542236328,27.110000610351562,27.219999313354492,15.942578315734863,2818400
2009-07-31,27.510000228881836,27.969999313354492,27.309999465942383,27.65999984741211,16.200284957885742,1389500
2009-08-03,27.850000381469727,28.139999389648438,27.40999984741211,27.979999542236328,16.387704849243164,1943500
2009-08-04,27.8799991607666,28.270000457763672,27.059999465942383,27.18000030517578,15.919156074523926,2987000
2009-08-05,32.310001373291016,33.900001525878906,31.25,33.65999984741211,19.71444320678711,14888500
2009-08-06,32.900001525878906,33.27000045776367,30.899999618530273,31.639999389648438,18.53134536743164,6000900
2009-08-07,31.93000030517578,32.459999084472656,31.649999618530273,32.310001373291016,18.923757553100586,2227800
2009-08-10,32.34000015258789,32.95000076293945,32.25,32.88999938964844,19.263463973999023,2618600
2009-08-11,32.810001373291016,33.040000915527344,32.150001525878906,32.45000076293945,19.005754470825195,3025900
2009-08-12,30.959999084472656,31.90999984741211,30.6299991607666,31.270000457763672,18.31464385986328,4188800
2009-08-13,31.469999313354492,31.649999618530273,30.760000228881836,30.760000228881836,18.015939712524414,3238900
2009-08-14,30.530000686645508,30.719999313354492,28.479999542236328,28.719999313354492,16.821121215820312,6410200
2009-08-17,28.399999618530273,28.450000762939453,27.719999313354492,27.950000762939453,16.370141983032227,3545600
2009-08-18,28.25,29.079999923706055,27.969999313354492,29.040000915527344,17.008543014526367,3602800
2009-08-19,28.729999542236328,29.450000762939453,28.270000457763672,29.25,17.131534576416016,2854600
2009-08-20,29.200000762939453,29.579999923706055,28.889999389648438,29.469999313354492,17.260391235351562,1587000
2009-08-21,29.850000381469727,29.899999618530273,29.200000762939453,29.780000686645508,17.441953659057617,2088900
2009-08-24,30.110000610351562,30.309999465942383,29.40999984741211,29.8799991607666,17.50052261352539,2102200
2009-08-25,29.8700008392334,30.75,29.8700008392334,30.450000762939453,17.834373474121094,1979400
2009-08-26,30.940000534057617,32.75,30.790000915527344,31.84000015258789,18.648487091064453,6446200
2009-08-27,32.0,32.290000915527344,31.290000915527344,32.2400016784668,18.88276481628418,2406500
2009-08-28,32.380001068115234,32.709999084472656,31.739999771118164,32.31999969482422,18.929616928100586,2025400
2009-08-31,32.22999954223633,32.869998931884766,31.860000610351562,32.869998931884766,19.251754760742188,2654200
2009-09-01,32.72999954223633,33.779998779296875,31.6299991607666,31.760000228881836,18.60163116455078,3725400
2009-09-02,31.68000030517578,32.06999969482422,30.829999923706055,31.860000610351562,18.660194396972656,2879500
2009-09-03,32.150001525878906,32.380001068115234,31.360000610351562,31.549999237060547,18.4786376953125,2121300
2009-09-04,31.43000030517578,32.970001220703125,31.15999984741211,32.86000061035156,19.245893478393555,5743200
2009-09-08,33.2599983215332,34.36000061035156,33.150001525878906,33.90999984741211,19.86087417602539,3717800
2009-09-09,34.0,36.029998779296875,33.90999984741211,35.97999954223633,21.073257446289062,5428000
2009-09-10,35.97999954223633,36.75,35.70000076293945,36.060001373291016,21.1201114654541,3685400
2009-09-11,37.84000015258789,37.84000015258789,35.83000183105469,36.18000030517578,21.190393447875977,4741900
2009-09-14,36.0,36.849998474121094,35.369998931884766,36.810001373291016,21.55938720703125,3195700
2009-09-15,36.79999923706055,37.13999938964844,35.93000030517578,36.81999969482422,21.56523323059082,2146700
2009-09-16,37.5,37.70000076293945,36.86000061035156,37.22999954223633,21.80537223815918,2130800
2009-09-17,37.380001068115234,37.5099983215332,36.650001525878906,36.81999969482422,21.56523323059082,1767900
2009-09-18,37.13999938964844,37.47999954223633,36.11000061035156,36.65999984741211,21.471529006958008,2217900
2009-09-21,36.5,37.130001068115234,36.11000061035156,36.79999923706055,21.55352020263672,1386300
2009-09-22,36.86000061035156,37.63999938964844,36.79999923706055,37.22999954223633,21.80537223815918,1684500
2009-09-23,37.22999954223633,37.36000061035156,36.369998931884766,36.38999938964844,21.313390731811523,1508500
2009-09-24,36.5099983215332,36.650001525878906,35.08000183105469,35.16999816894531,20.598840713500977,1770200
2009-09-25,35.0,35.4900016784668,34.720001220703125,35.27000045776367,20.657419204711914,1144800
2009-09-28,35.36000061035156,36.9900016784668,35.16999816894531,36.849998474121094,21.582809448242188,1608700
2009-09-29,36.939998626708984,37.68000030517578,36.68000030517578,37.56999969482422,22.004507064819336,2421900
2009-09-30,37.72999954223633,38.20000076293945,36.54999923706055,37.7400016784668,22.104074478149414,2630200
2009-10-01,37.61000061035156,37.849998474121094,35.84000015258789,36.040000915527344,21.1083927154541,2305500
2009-10-02,35.34000015258789,35.47999954223633,34.5,34.9900016784668,20.493417739868164,2919600
2009-10-05,34.959999084472656,35.91999816894531,34.7400016784668,35.869998931884766,21.00882911682129,1370900
2009-10-06,35.97999954223633,37.09000015258789,35.900001525878906,36.810001373291016,21.55938720703125,2529700
2009-10-07,36.66999816894531,37.22999954223633,36.36000061035156,37.11000061035156,21.735092163085938,1928000
2009-10-08,37.439998626708984,37.869998931884766,36.7400016784668,37.369998931884766,21.887372970581055,1891800
2009-10-09,37.33000183105469,37.70000076293945,36.720001220703125,37.63999938964844,22.045501708984375,869700
2009-10-12,37.68000030517578,38.779998779296875,37.650001525878906,38.43000030517578,22.50820541381836,1165500
2009-10-13,38.560001373291016,38.72999954223633,38.15999984741211,38.41999816894531,22.502349853515625,1411800
2009-10-14,38.7599983215332,39.650001525878906,38.709999084472656,39.58000183105469,23.18174934387207,2039200
2009-10-15,39.25,39.5,38.70000076293945,39.279998779296875,23.006046295166016,1137700
2009-10-16,39.18000030517578,39.18000030517578,37.209999084472656,37.540000915527344,21.9869441986084,2745000
2009-10-19,37.540000915527344,38.959999084472656,37.40999984741211,38.84000015258789,22.748340606689453,2364000
2009-10-20,38.619998931884766,38.84000015258789,37.779998779296875,38.16999816894531,22.355918884277344,1218200
2009-10-21,38.0,39.34000015258789,38.0,38.65999984741211,22.642919540405273,1999700
2009-10-22,38.84000015258789,39.25,38.349998474121094,38.97999954223633,22.830337524414062,1695100
2009-10-23,39.06999969482422,39.2400016784668,37.81999969482422,37.91999816894531,22.209510803222656,2169600
2009-10-26,38.130001068115234,39.029998779296875,38.09000015258789,38.34000015258789,22.45549774169922,2532900
2009-10-27,38.41999816894531,38.91999816894531,37.439998626708984,37.779998779296875,22.127506256103516,1593600
2009-10-28,36.02000045776367,36.06999969482422,30.850000381469727,31.59000015258789,18.502065658569336,11081500
2009-10-29,30.510000228881836,31.920000076293945,30.25,30.850000381469727,18.068647384643555,6150300
2009-10-30,30.440000534057617,30.770000457763672,29.6299991607666,30.260000228881836,17.72309112548828,4920600
2009-11-02,30.200000762939453,31.15999984741211,29.799999237060547,30.459999084472656,17.840227127075195,4022900
2009-11-03,30.200000762939453,31.549999237060547,30.1200008392334,31.40999984741211,18.396636962890625,3821900
2009-11-04,32.959999084472656,33.22999954223633,26.540000915527344,26.84000015258789,15.720009803771973,19752900
2009-11-05,27.110000610351562,28.489999771118164,26.899999618530273,28.139999389648438,16.481420516967773,6540600
2009-11-06,27.829999923706055,28.530000686645508,27.739999771118164,28.43000030517578,16.651269912719727,3078500
2009-11-09,28.520000457763672,28.790000915527344,27.6299991607666,28.1200008392334,16.46970558166504,5337300
2009-11-10,28.1200008392334,29.09000015258789,28.100000381469727,28.829999923706055,16.885549545288086,3548400
2009-11-11,28.989999771118164,29.6200008392334,28.719999313354492,29.510000228881836,17.28382110595703,3084800
2009-11-12,29.850000381469727,29.959999084472656,29.229999542236328,29.90999984741211,17.518095016479492,3391300
2009-11-13,29.8799991607666,30.43000030517578,29.549999237060547,30.3700008392334,17.78751564025879,2610600
2009-11-16,30.5,31.950000762939453,30.459999084472656,31.799999237060547,18.625057220458984,3848900
2009-11-17,31.75,32.380001068115234,31.600000381469727,32.33000183105469,18.935476303100586,2953500
2009-11-18,32.22999954223633,32.4900016784668,31.850000381469727,32.47999954223633,19.023326873779297,2275800
2009-11-19,32.189998626708984,32.349998474121094,30.84000015258789,31.5,18.449352264404297,2874800
2009-11-20,30.979999542236328,31.510000228881836,30.489999771118164,30.860000610351562,18.074506759643555,1998700
2009-11-23,31.25,32.0,31.25,31.739999771118164,18.589914321899414,1779500
2009-11-24,31.59000015258789,31.989999771118164,31.15999984741211,31.6200008392334,18.519643783569336,1575600
2009-11-25,31.700000762939453,31.950000762939453,31.579999923706055,31.829999923706055,18.64262580871582,1142300
2009-11-27,30.799999237060547,31.1200008392334,30.049999237060547,31.010000228881836,18.600637435913086,871700
2009-11-30,31.100000381469727,31.209999084472656,29.219999313354492,29.8799991607666,17.922840118408203,4077800
2009-12-01,30.020000457763672,30.149999618530273,29.459999084472656,29.6200008392334,17.766874313354492,3318100
2009-12-02,29.84000015258789,30.68000030517578,29.479999542236328,29.979999542236328,17.98280906677246,3107000
2009-12-03,30.100000381469727,30.639999389648438,30.100000381469727,30.399999618530273,18.234743118286133,2411600
2009-12-04,30.709999084472656,31.399999618530273,30.450000762939453,30.729999542236328,18.432687759399414,2311800
2009-12-07,30.729999542236328,30.81999969482422,30.040000915527344,30.200000762939453,18.114782333374023,1438700
2009-12-08,30.0,30.3700008392334,29.479999542236328,30.030000686645508,18.012813568115234,1864500
2009-12-09,30.09000015258789,31.690000534057617,29.559999465942383,31.329999923706055,18.792579650878906,3334600
2009-12-10,31.440000534057617,31.479999542236328,30.540000915527344,30.709999084472656,18.420686721801758,1988100
2009-12-11,30.860000610351562,30.860000610351562,29.40999984741211,30.450000762939453,18.264741897583008,2760300
2009-12-14,30.649999618530273,31.020000457763672,30.559999465942383,30.700000762939453,18.414690017700195,986000
2009-12-15,30.59000015258789,30.889999389648438,30.350000381469727,30.540000915527344,18.318723678588867,1532700
2009-12-16,30.649999618530273,31.0,30.530000686645508,30.899999618530273,18.534658432006836,1364500
2009-12-17,30.850000381469727,31.670000076293945,30.540000915527344,31.360000610351562,18.810583114624023,2178800
2009-12-18,31.440000534057617,31.850000381469727,30.84000015258789,31.139999389648438,18.678619384765625,2320700
2009-12-21,31.229999542236328,31.549999237060547,30.510000228881836,30.700000762939453,18.414690017700195,1689500
2009-12-22,30.75,31.15999984741211,30.139999389648438,30.260000228881836,18.150768280029297,1664900
2009-12-23,30.100000381469727,30.8700008392334,29.93000030517578,30.399999618530273,18.234743118286133,1896100
2009-12-24,30.600000381469727,30.979999542236328,30.329999923706055,30.979999542236328,18.582645416259766,517700
2009-12-28,30.90999984741211,31.139999389648438,30.709999084472656,30.899999618530273,18.534658432006836,888700
2009-12-29,30.780000686645508,31.200000762939453,30.780000686645508,31.149999618530273,18.684614181518555,1027300
2009-12-30,31.43000030517578,32.16999816894531,31.1200008392334,31.520000457763672,18.90654945373535,1884600
2009-12-31,31.6200008392334,31.75,30.579999923706055,30.700000762939453,18.414690017700195,1396300
2010-01-04,31.420000076293945,32.2400016784668,30.979999542236328,32.18000030517578,19.30243682861328,2098800
2010-01-05,32.15999984741211,32.630001068115234,31.739999771118164,32.2599983215332,19.350425720214844,1719300
2010-01-06,32.20000076293945,32.81999969482422,31.850000381469727,32.02000045776367,19.206464767456055,1283100
2010-01-07,31.760000228881836,32.290000915527344,30.850000381469727,32.16999816894531,19.296438217163086,2962600
2010-01-08,33.119998931884766,34.16999816894531,32.810001373291016,33.790000915527344,20.268163681030273,3936100
2010-01-11,34.099998474121094,34.45000076293945,33.52000045776367,34.290000915527344,20.568078994750977,1997700
2010-01-12,33.90999984741211,34.349998474121094,33.459999084472656,33.810001373291016,20.280160903930664,2400900
2010-01-13,34.08000183105469,34.79999923706055,33.88999938964844,34.66999816894531,20.79600715637207,2221800
2010-01-14,34.33000183105469,35.4900016784668,34.279998779296875,35.189998626708984,21.10791778564453,2645400
2010-01-15,35.34000015258789,35.43000030517578,34.65999984741211,35.130001068115234,21.071931838989258,2058000
2010-01-19,35.0,37.2400016784668,34.91999816894531,37.099998474121094,22.253591537475586,3470100
2010-01-20,36.97999954223633,36.97999954223633,35.56999969482422,36.150001525878906,21.68375015258789,2482600
2010-01-21,34.540000915527344,35.880001068115234,33.95000076293945,34.15999984741211,20.490097045898438,4361300
2010-01-22,34.099998474121094,34.439998626708984,33.33000183105469,33.41999816894531,20.046222686767578,2037400
2010-01-25,33.40999984741211,34.310001373291016,33.400001525878906,33.47999954223633,20.08220863342285,1098900
2010-01-26,33.43000030517578,33.880001068115234,32.810001373291016,33.150001525878906,19.8842716217041,1135500
2010-01-27,33.029998779296875,33.650001525878906,32.91999816894531,33.560001373291016,20.130203247070312,1354400
2010-01-28,33.68000030517578,33.9900016784668,32.349998474121094,32.810001373291016,19.68033218383789,1580500
2010-01-29,33.040000915527344,33.540000915527344,32.310001373291016,32.310001373291016,19.380416870117188,1413700
2010-02-01,32.34000015258789,32.779998779296875,32.13999938964844,32.529998779296875,19.512372970581055,1467700
2010-02-02,32.52000045776367,33.470001220703125,32.310001373291016,33.279998779296875,19.96224021911621,1355700
2010-02-03,33.02000045776367,33.529998779296875,32.65999984741211,33.06999969482422,19.836284637451172,1738600
2010-02-04,32.86000061035156,32.97999954223633,32.209999084472656,32.220001220703125,19.32642936706543,2093800
2010-02-05,32.36000061035156,32.650001525878906,31.479999542236328,32.38999938964844,19.42840003967285,1853900
2010-02-08,32.43000030517578,32.540000915527344,31.780000686645508,31.899999618530273,19.134489059448242,968100
2010-02-09,32.45000076293945,32.45000076293945,31.399999618530273,31.920000076293945,19.146484375,2129800
2010-02-10,31.829999923706055,32.119998931884766,31.510000228881836,31.899999618530273,19.134489059448242,1061800
2010-02-11,31.899999618530273,32.58000183105469,31.81999969482422,32.41999816894531,19.44639778137207,1404800
2010-02-12,31.899999618530273,32.0,31.639999389648438,31.950000762939453,19.164474487304688,2122000
2010-02-16,32.150001525878906,32.970001220703125,32.099998474121094,32.790000915527344,19.6683292388916,1713600
2010-02-17,33.130001068115234,33.43000030517578,32.650001525878906,33.0,19.794296264648438,1298700
2010-02-18,33.59000015258789,34.0,33.34000015258789,33.790000915527344,20.268163681030273,2302000
2010-02-19,33.58000183105469,34.04999923706055,33.41999816894531,33.720001220703125,20.22617530822754,1502900
2010-02-22,33.97999954223633,35.189998626708984,33.95000076293945,34.91999816894531,20.94596290588379,2520200
2010-02-23,34.93000030517578,35.20000076293945,34.029998779296875,34.45000076293945,20.664043426513672,2366400
2010-02-24,33.38999938964844,33.5,31.350000381469727,32.45000076293945,19.464391708374023,9779600
2010-02-25,32.2599983215332,32.400001525878906,31.110000610351562,31.920000076293945,19.146484375,3398900
2010-02-26,31.81999969482422,32.18000030517578,31.309999465942383,31.950000762939453,19.164474487304688,1918200
2010-03-01,32.25,32.5,31.93000030517578,32.470001220703125,19.47638702392578,2477500
2010-03-02,32.4900016784668,33.290000915527344,32.369998931884766,32.9900016784668,19.78830337524414,2882700
2010-03-03,33.150001525878906,34.0,33.0,33.81999969482422,20.286157608032227,2540700
2010-03-04,33.88999938964844,34.0,33.58000183105469,33.86000061035156,20.310148239135742,1121000
2010-03-05,33.959999084472656,34.869998931884766,33.880001068115234,34.68000030517578,20.802003860473633,1630400
2010-03-08,34.619998931884766,35.130001068115234,34.529998779296875,35.11000061035156,21.05992889404297,1756200
2010-03-09,34.959999084472656,35.599998474121094,34.66999816894531,35.380001068115234,21.221881866455078,2213000
2010-03-10,35.060001373291016,35.70000076293945,35.060001373291016,35.70000076293945,21.413829803466797,1171700
2010-03-11,35.45000076293945,35.95000076293945,35.150001525878906,35.90999984741211,21.539793014526367,1128200
2010-03-12,35.56999969482422,36.0,35.56999969482422,35.90999984741211,21.539793014526367,1271900
2010-03-15,35.790000915527344,36.34000015258789,35.439998626708984,35.59000015258789,21.347843170166016,1456500
2010-03-16,35.650001525878906,35.86000061035156,35.209999084472656,35.29999923706055,21.173900604248047,1367200
2010-03-17,35.84000015258789,37.650001525878906,35.81999969482422,37.27000045776367,22.355560302734375,3544000
2010-03-18,37.439998626708984,37.459999084472656,36.20000076293945,36.7400016784668,22.037647247314453,2051900
2010-03-19,37.0,37.349998474121094,35.900001525878906,36.130001068115234,21.6717529296875,1847900
2010-03-22,36.0,36.41999816894531,35.77000045776367,36.22999954223633,21.731739044189453,1485000
2010-03-23,36.27000045776367,37.400001525878906,36.06999969482422,37.2400016784668,22.33756446838379,2523300
2010-03-24,37.41999816894531,38.2400016784668,37.150001525878906,38.04999923706055,22.82341766357422,2295400
2010-03-25,38.4900016784668,40.470001220703125,38.310001373291016,39.02000045776367,23.40525245666504,4617400
2010-03-26,39.02000045776367,40.189998626708984,39.02000045776367,39.939998626708984,23.957094192504883,2049600
2010-03-29,40.0,40.0099983215332,38.849998474121094,39.13999938964844,23.47723388671875,2166600
2010-03-30,39.36000061035156,39.36000061035156,37.810001373291016,38.099998474121094,22.853410720825195,3068500
2010-03-31,37.779998779296875,38.630001068115234,37.20000076293945,38.630001068115234,23.171316146850586,2309000
2010-04-01,38.84000015258789,39.099998474121094,37.84000015258789,37.9900016784668,22.787425994873047,1971900
2010-04-05,38.02000045776367,38.18000030517578,36.869998931884766,37.88999938964844,22.727453231811523,2353000
2010-04-06,37.849998474121094,38.81999969482422,37.7599983215332,38.58000183105469,23.141334533691406,1649400
2010-04-07,39.25,39.43000030517578,38.15999984741211,38.63999938964844,23.17732048034668,2150400
2010-04-08,38.560001373291016,38.599998474121094,37.529998779296875,38.13999938964844,22.87740135192871,1699200
2010-04-09,38.13999938964844,38.470001220703125,37.970001220703125,38.119998931884766,22.865406036376953,945600
2010-04-12,38.22999954223633,38.290000915527344,37.599998474121094,37.61000061035156,22.559499740600586,2180900
2010-04-13,36.349998474121094,36.810001373291016,36.099998474121094,36.38999938964844,22.735065460205078,1867400
2010-04-14,36.619998931884766,37.16999816894531,36.400001525878906,37.119998931884766,23.19112777709961,1744000
2010-04-15,37.310001373291016,37.7599983215332,37.13999938964844,37.189998626708984,23.2348575592041,1156500
2010-04-16,36.9900016784668,37.20000076293945,35.61000061035156,36.119998931884766,22.566373825073242,2209900
2010-04-19,36.029998779296875,37.4900016784668,35.65999984741211,36.650001525878906,22.897499084472656,2153000
2010-04-20,36.79999923706055,36.91999816894531,36.36000061035156,36.709999084472656,22.934980392456055,820800
2010-04-21,36.900001525878906,36.97999954223633,36.29999923706055,36.88999938964844,23.047433853149414,1185500
2010-04-22,36.630001068115234,37.54999923706055,36.36000061035156,37.529998779296875,23.447280883789062,1080900
2010-04-23,37.529998779296875,37.650001525878906,37.16999816894531,37.52000045776367,23.441030502319336,1021100
2010-04-26,37.619998931884766,38.27000045776367,37.459999084472656,37.70000076293945,23.553499221801758,1116500
2010-04-27,37.83000183105469,38.5,37.83000183105469,38.150001525878906,23.834638595581055,2263300
2010-04-28,38.279998779296875,38.5,37.779998779296875,38.25,23.89710807800293,952200
2010-04-29,38.29999923706055,38.93000030517578,38.02000045776367,38.7400016784668,24.20323944091797,1276400
2010-04-30,38.689998626708984,39.0,37.22999954223633,37.380001068115234,23.35357093811035,1846300
2010-05-03,37.7400016784668,39.04999923706055,37.560001373291016,38.97999954223633,24.35318946838379,1476100
2010-05-04,38.689998626708984,38.689998626708984,36.5,37.47999954223633,23.416044235229492,2637200
2010-05-05,32.5,36.0,31.989999771118164,34.189998626708984,21.36058807373047,7500100
2010-05-06,34.0,35.349998474121094,32.099998474121094,33.4900016784668,20.92325210571289,2903900
2010-05-07,33.52000045776367,34.9900016784668,33.25,34.2599983215332,21.404314041137695,2116400
2010-05-10,36.0099983215332,36.0099983215332,33.849998474121094,35.599998474121094,22.241491317749023,2313700
2010-05-11,35.5,35.7400016784668,34.04999923706055,34.16999816894531,21.348087310791016,2821900
2010-05-12,34.18000030517578,34.31999969482422,33.20000076293945,33.939998626708984,21.204387664794922,2354900
2010-05-13,33.5099983215332,34.369998931884766,32.849998474121094,32.90999984741211,20.560882568359375,1749500
2010-05-14,32.54999923706055,33.75,32.25,33.529998779296875,20.9482364654541,2278300
2010-05-17,33.7400016784668,34.439998626708984,32.88999938964844,34.0099983215332,21.248126983642578,2217100
2010-05-18,34.22999954223633,34.4900016784668,33.099998474121094,33.34000015258789,20.82953643798828,2363800
2010-05-19,33.119998931884766,34.9900016784668,33.0099983215332,34.2599983215332,21.404314041137695,2383000
2010-05-20,33.45000076293945,34.0,32.810001373291016,33.439998626708984,20.892009735107422,1935800
2010-05-21,33.689998626708984,34.279998779296875,32.83000183105469,33.529998779296875,20.9482364654541,2275900
2010-05-24,33.72999954223633,33.97999954223633,33.06999969482422,33.099998474121094,20.679588317871094,1525800
2010-05-25,32.599998474121094,33.2599983215332,32.0,33.0,20.617115020751953,2596000
2010-05-26,32.970001220703125,33.40999984741211,31.780000686645508,31.81999969482422,19.879899978637695,2283800
2010-05-27,32.4900016784668,33.16999816894531,32.119998931884766,33.099998474121094,20.679588317871094,1544300
2010-05-28,33.099998474121094,33.779998779296875,32.849998474121094,33.58000183105469,20.97948455810547,1412600
2010-06-01,33.59000015258789,33.599998474121094,32.04999923706055,32.06999969482422,20.036087036132812,1183800
2010-06-02,32.150001525878906,33.22999954223633,32.0,33.099998474121094,20.679588317871094,1228000
2010-06-03,33.150001525878906,33.150001525878906,32.06999969482422,32.779998779296875,20.479663848876953,1411600
2010-06-04,32.150001525878906,32.45000076293945,31.65999984741211,32.0,19.99235725402832,1906400
2010-06-07,31.959999084472656,32.2400016784668,31.1299991607666,31.219999313354492,19.505037307739258,1913500
2010-06-08,31.209999084472656,32.84000015258789,31.170000076293945,32.33000183105469,20.19852638244629,1849100
2010-06-09,32.439998626708984,33.22999954223633,32.060001373291016,32.13999938964844,20.079818725585938,1088300
2010-06-10,32.63999938964844,33.290000915527344,32.25,33.15999984741211,20.717077255249023,1270100
2010-06-11,32.70000076293945,34.34000015258789,32.70000076293945,34.29999923706055,21.429304122924805,1667400
2010-06-14,34.400001525878906,34.4900016784668,32.470001220703125,32.560001373291016,20.342222213745117,2016400
2010-06-15,32.63999938964844,33.22999954223633,32.29999923706055,33.18000030517578,20.72957420349121,1103900
2010-06-16,32.880001068115234,32.959999084472656,32.29999923706055,32.66999816894531,20.410940170288086,940900
2010-06-17,32.689998626708984,32.75,32.0,32.25,20.148542404174805,1119900
2010-06-18,32.189998626708984,32.88999938964844,31.969999313354492,31.969999313354492,19.97361183166504,1588100
2010-06-21,32.29999923706055,32.5,31.920000076293945,32.029998779296875,20.01109504699707,1509800
2010-06-22,32.02000045776367,32.56999969482422,31.899999618530273,31.950000762939453,19.961116790771484,1283600
2010-06-23,31.920000076293945,32.45000076293945,31.809999465942383,32.099998474121094,20.054832458496094,887900
2010-06-24,32.099998474121094,32.400001525878906,31.760000228881836,31.860000610351562,19.90488624572754,1068600
2010-06-25,32.13999938964844,32.43000030517578,31.809999465942383,32.02000045776367,20.004850387573242,3730900
2010-06-28,31.899999618530273,31.959999084472656,30.530000686645508,30.600000381469727,19.117691040039062,1940000
2010-06-29,30.459999084472656,30.8799991607666,29.09000015258789,29.260000228881836,18.28050994873047,2344500
2010-06-30,29.420000076293945,30.190000534057617,29.100000381469727,29.18000030517578,18.230527877807617,1974600
2010-07-01,29.139999389648438,30.0,28.760000228881836,29.799999237060547,18.617883682250977,1490100
2010-07-02,28.90999984741211,29.719999313354492,28.790000915527344,29.270000457763672,18.28675651550293,1881000
2010-07-06,29.530000686645508,29.600000381469727,28.649999618530273,28.940000534057617,18.080585479736328,1339400
2010-07-07,28.280000686645508,30.0,28.079999923706055,29.93000030517578,18.699100494384766,1667900
2010-07-08,29.93000030517578,30.360000610351562,29.84000015258789,30.299999237060547,18.930265426635742,913300
2010-07-09,30.200000762939453,30.6200008392334,30.010000228881836,30.34000015258789,18.955251693725586,743800
2010-07-12,30.18000030517578,30.18000030517578,29.100000381469727,29.329999923706055,18.32423973083496,1588700
2010-07-13,29.530000686645508,30.459999084472656,29.530000686645508,30.299999237060547,18.930265426635742,954100
2010-07-14,30.360000610351562,30.469999313354492,30.0,30.239999771118164,18.892778396606445,736000
2010-07-15,30.139999389648438,30.479999542236328,29.90999984741211,30.290000915527344,18.924015045166016,916600
2010-07-16,30.31999969482422,30.31999969482422,29.5,29.65999984741211,18.530410766601562,1453500
2010-07-19,29.829999923706055,30.0,29.510000228881836,29.90999984741211,18.686603546142578,659000
2010-07-20,29.450000762939453,30.149999618530273,29.229999542236328,30.110000610351562,18.81155776977539,1175200
2010-07-21,30.25,30.290000915527344,29.270000457763672,29.299999237060547,18.305498123168945,875000
2010-07-22,29.59000015258789,30.549999237060547,29.40999984741211,30.0,18.742834091186523,1008500
2010-07-23,29.969999313354492,30.75,29.639999389648438,30.709999084472656,19.186418533325195,651500
2010-07-26,30.709999084472656,31.0,30.260000228881836,30.729999542236328,19.198911666870117,698600
2010-07-27,30.850000381469727,30.899999618530273,30.260000228881836,30.440000534057617,19.017730712890625,1357400
2010-07-28,30.329999923706055,30.5,29.670000076293945,29.75,18.586637496948242,696400
2010-07-29,30.200000762939453,30.200000762939453,28.0,28.549999237060547,17.83692741394043,2146200
2010-07-30,28.1200008392334,28.559999465942383,27.6200008392334,28.510000228881836,17.81193733215332,3393000
2010-08-02,28.729999542236328,29.3799991607666,28.559999465942383,29.219999313354492,18.25552749633789,1696000
2010-08-03,29.040000915527344,29.90999984741211,28.899999618530273,29.350000381469727,18.33673667907715,2561600
2010-08-04,30.360000610351562,31.030000686645508,28.690000534057617,29.020000457763672,18.13057518005371,4826900
2010-08-05,28.799999237060547,30.010000228881836,28.649999618530273,29.989999771118164,18.736587524414062,2084800
2010-08-06,29.6299991607666,30.329999923706055,29.270000457763672,30.239999771118164,18.892778396606445,1961900
2010-08-09,30.280000686645508,30.959999084472656,30.049999237060547,30.809999465942383,19.248882293701172,1077200
2010-08-10,30.579999923706055,31.31999969482422,29.329999923706055,29.59000015258789,18.48668098449707,1361700
2010-08-11,29.0,29.0,27.540000915527344,27.959999084472656,17.468318939208984,3534700
2010-08-12,27.829999923706055,28.56999969482422,27.610000610351562,28.0,17.49331283569336,1597700
2010-08-13,27.799999237060547,28.020000457763672,27.030000686645508,27.049999237060547,16.899782180786133,2179000
2010-08-16,26.90999984741211,27.270000457763672,26.56999969482422,26.84000015258789,16.768585205078125,2338900
2010-08-17,27.040000915527344,28.139999389648438,27.040000915527344,27.68000030517578,17.293394088745117,2076600
2010-08-18,27.559999465942383,28.110000610351562,27.139999389648438,27.90999984741211,17.43707847595215,1109200
2010-08-19,27.68000030517578,27.899999618530273,27.0,27.40999984741211,17.12470245361328,1243100
2010-08-20,27.270000457763672,27.5,26.739999771118164,27.440000534057617,17.143444061279297,1247300
2010-08-23,27.510000228881836,27.719999313354492,27.049999237060547,27.110000610351562,16.937271118164062,822200
2010-08-24,26.790000915527344,27.100000381469727,26.510000228881836,26.549999237060547,16.587406158447266,1160300
2010-08-25,26.190000534057617,27.450000762939453,26.110000610351562,27.329999923706055,17.074722290039062,1417000
2010-08-26,27.389999389648438,27.530000686645508,26.75,26.760000228881836,16.718605041503906,1158400
2010-08-27,26.899999618530273,27.219999313354492,26.579999923706055,27.1200008392334,16.94352149963379,1173900
2010-08-30,26.979999542236328,27.209999084472656,26.6200008392334,26.649999618530273,16.64988899230957,709700
2010-08-31,26.459999084472656,26.799999237060547,26.260000228881836,26.610000610351562,16.624893188476562,1446300
2010-09-01,27.139999389648438,28.139999389648438,27.139999389648438,27.670000076293945,17.28713607788086,1983900
2010-09-02,27.6299991607666,27.639999389648438,27.200000762939453,27.6299991607666,17.26215362548828,1108500
2010-09-03,28.0,28.540000915527344,27.81999969482422,28.399999618530273,17.743213653564453,1051400
2010-09-07,28.31999969482422,28.389999389648438,27.6299991607666,27.770000457763672,17.3496150970459,983900
2010-09-08,27.780000686645508,28.200000762939453,27.75,27.8799991607666,17.4183406829834,859200
2010-09-09,28.110000610351562,28.190000534057617,27.799999237060547,27.989999771118164,17.487064361572266,835400
2010-09-10,28.1299991607666,28.3799991607666,27.6299991607666,27.81999969482422,17.38085174560547,694400
2010-09-13,28.200000762939453,29.979999542236328,27.989999771118164,29.760000228881836,18.592897415161133,1999700
2010-09-14,29.600000381469727,29.989999771118164,29.389999389648438,29.829999923706055,18.636627197265625,1045700
2010-09-15,29.799999237060547,29.969999313354492,29.489999771118164,29.68000030517578,18.542909622192383,985100
2010-09-16,29.690000534057617,30.149999618530273,29.459999084472656,29.68000030517578,18.542909622192383,925300
2010-09-17,29.709999084472656,29.93000030517578,29.43000030517578,29.639999389648438,18.51791763305664,1535100
2010-09-20,30.290000915527344,31.0,29.75,30.8799991607666,19.292621612548828,1808300
2010-09-21,30.850000381469727,30.850000381469727,29.899999618530273,30.139999389648438,18.83030128479004,1056900
2010-09-22,30.5,30.5,29.65999984741211,29.829999923706055,18.636627197265625,870300
2010-09-23,29.59000015258789,30.350000381469727,29.489999771118164,30.299999237060547,18.930265426635742,918600
2010-09-24,30.700000762939453,31.860000610351562,30.559999465942383,31.600000381469727,19.742450714111328,1528800
2010-09-27,31.479999542236328,31.489999771118164,30.559999465942383,30.68000030517578,19.16767120361328,867200
2010-09-28,30.700000762939453,30.93000030517578,29.709999084472656,30.68000030517578,19.16767120361328,1141500
2010-09-29,30.40999984741211,30.790000915527344,30.190000534057617,30.639999389648438,19.142681121826172,1137900
2010-09-30,30.829999923706055,31.0,30.149999618530273,30.350000381469727,18.961502075195312,1437800
2010-10-01,30.790000915527344,30.950000762939453,29.950000762939453,29.979999542236328,18.730331420898438,950200
2010-10-04,30.0,30.190000534057617,29.190000534057617,29.729999542236328,18.57414436340332,1167000
2010-10-05,30.030000686645508,30.889999389648438,29.93000030517578,30.190000534057617,18.86153793334961,1364800
2010-10-06,30.059999465942383,30.290000915527344,29.600000381469727,30.100000381469727,18.805309295654297,1532200
2010-10-07,30.139999389648438,30.5,30.079999923706055,30.31999969482422,18.94276237487793,764300
2010-10-08,30.1299991607666,30.719999313354492,30.0,30.510000228881836,19.06146240234375,753900
2010-10-11,30.459999084472656,30.469999313354492,30.149999618530273,30.290000915527344,18.924015045166016,473500
2010-10-12,30.149999618530273,30.860000610351562,29.700000762939453,30.790000915527344,19.236398696899414,857800
2010-10-13,30.889999389648438,31.5,30.510000228881836,31.399999618530273,19.617496490478516,971100
2010-10-14,30.969999313354492,32.849998474121094,30.770000457763672,31.489999771118164,19.67372703552246,2761600
2010-10-15,31.719999313354492,31.760000228881836,30.889999389648438,31.399999618530273,19.617496490478516,1185600
2010-10-18,31.239999771118164,31.299999237060547,30.700000762939453,31.06999969482422,19.411333084106445,1030400
2010-10-19,30.739999771118164,31.299999237060547,30.399999618530273,30.8799991607666,19.292621612548828,807900
2010-10-20,31.040000915527344,31.59000015258789,30.829999923706055,31.510000228881836,19.686222076416016,1000700
2010-10-21,31.610000610351562,31.700000762939453,30.739999771118164,31.049999237060547,19.398836135864258,1185400
2010-10-22,31.049999237060547,31.940000534057617,30.799999237060547,31.920000076293945,19.942373275756836,1128900
2010-10-25,32.029998779296875,32.349998474121094,31.829999923706055,32.04999923706055,20.023584365844727,1306000
2010-10-26,32.099998474121094,34.970001220703125,31.5,34.0,21.241880416870117,5034500
2010-10-27,33.59000015258789,33.970001220703125,33.130001068115234,33.619998931884766,21.004474639892578,1593900
2010-10-28,33.619998931884766,33.63999938964844,32.709999084472656,32.83000183105469,20.510906219482422,1074100
2010-10-29,32.68000030517578,33.2400016784668,32.68000030517578,32.84000015258789,20.517154693603516,1177600
2010-11-01,33.54999923706055,33.790000915527344,33.0099983215332,33.349998474121094,20.835779190063477,1624800
2010-11-02,33.43000030517578,33.63999938964844,32.84000015258789,33.0099983215332,20.623363494873047,1849800
2010-11-03,29.889999389648438,33.52000045776367,29.700000762939453,31.260000228881836,19.530031204223633,7291600
2010-11-04,31.75,32.2400016784668,31.43000030517578,31.860000610351562,19.90488624572754,3187700
2010-11-05,31.709999084472656,31.8700008392334,30.8700008392334,31.170000076293945,19.473800659179688,2659200
2010-11-08,30.979999542236328,31.100000381469727,30.350000381469727,30.489999771118164,19.048969268798828,2295400
2010-11-09,30.389999389648438,30.450000762939453,29.860000610351562,30.010000228881836,18.749074935913086,2165500
2010-11-10,29.959999084472656,30.270000457763672,29.799999237060547,29.989999771118164,18.736587524414062,1082900
2010-11-11,29.6200008392334,29.770000457763672,29.25,29.350000381469727,18.33673667907715,2012200
2010-11-12,29.25,29.709999084472656,29.170000076293945,29.65999984741211,18.530410766601562,1717200
2010-11-15,29.75,30.0,29.510000228881836,29.559999465942383,18.467933654785156,1390200
2010-11-16,29.270000457763672,29.68000030517578,29.0,29.139999389648438,18.205537796020508,1305100
2010-11-17,29.1200008392334,29.389999389648438,29.0,29.360000610351562,18.34298324584961,1126800
2010-11-18,29.540000915527344,29.639999389648438,28.799999237060547,28.850000381469727,18.02436065673828,1873400
2010-11-19,28.790000915527344,29.1299991607666,28.760000228881836,28.84000015258789,18.018112182617188,1189800
2010-11-22,28.84000015258789,29.010000228881836,28.56999969482422,28.84000015258789,18.018112182617188,1194800
2010-11-23,28.559999465942383,28.790000915527344,28.489999771118164,28.520000457763672,17.818187713623047,937800
2010-11-24,28.709999084472656,29.440000534057617,28.709999084472656,29.399999618530273,18.36797523498535,774200
2010-11-26,29.079999923706055,29.260000228881836,28.850000381469727,29.15999984741211,18.218027114868164,341200
2010-11-29,29.079999923706055,29.299999237060547,28.68000030517578,29.18000030517578,18.230527877807617,959900
2010-11-30,28.8700008392334,29.059999465942383,28.649999618530273,28.959999084472656,18.09307861328125,1882300
2010-12-01,29.290000915527344,29.979999542236328,29.290000915527344,29.899999618530273,18.68035316467285,1408600
2010-12-02,29.829999923706055,30.6200008392334,29.649999618530273,30.579999923706055,19.105192184448242,1157500
2010-12-03,30.329999923706055,31.899999618530273,30.149999618530273,31.84000015258789,19.892393112182617,2216000
2010-12-06,31.670000076293945,32.0,31.450000762939453,31.68000030517578,19.792434692382812,1939900
2010-12-07,31.850000381469727,31.989999771118164,30.56999969482422,30.729999542236328,19.198911666870117,2439500
2010-12-08,30.729999542236328,30.969999313354492,30.350000381469727,30.350000381469727,18.961502075195312,1643600
2010-12-09,30.270000457763672,30.610000610351562,29.799999237060547,30.0,18.742834091186523,2140300
2010-12-10,30.290000915527344,30.290000915527344,29.780000686645508,30.229999542236328,18.88652801513672,1664100
2010-12-13,30.280000686645508,30.510000228881836,29.93000030517578,30.510000228881836,19.06146240234375,1300600
2010-12-14,30.520000457763672,31.420000076293945,30.459999084472656,31.31999969482422,19.567514419555664,1575600
2010-12-15,31.25,31.65999984741211,31.049999237060547,31.229999542236328,19.51128578186035,1575700
2010-12-16,31.18000030517578,31.649999618530273,30.760000228881836,31.479999542236328,19.66748046875,1092000
2010-12-17,31.270000457763672,32.43000030517578,31.219999313354492,31.760000228881836,19.84241485595703,6738900
2010-12-20,31.670000076293945,31.8799991607666,31.149999618530273,31.389999389648438,19.611249923706055,913000
2010-12-21,31.350000381469727,31.639999389648438,31.239999771118164,31.25,19.523780822753906,869700
2010-12-22,31.18000030517578,31.25,30.489999771118164,30.56999969482422,19.09895133972168,1260800
2010-12-23,30.459999084472656,30.530000686645508,29.950000762939453,30.360000610351562,18.967744827270508,871400
2010-12-27,30.290000915527344,30.649999618530273,30.139999389648438,30.43000030517578,19.011484146118164,754600
2010-12-28,30.3799991607666,30.459999084472656,29.579999923706055,30.209999084472656,18.874032974243164,1479500
2010-12-29,30.110000610351562,30.34000015258789,30.0,30.329999923706055,18.949007034301758,1035700
2010-12-30,30.239999771118164,31.06999969482422,30.040000915527344,30.979999542236328,19.355104446411133,817800
2010-12-31,30.8700008392334,31.219999313354492,30.829999923706055,30.989999771118164,19.361343383789062,854900
2011-01-03,31.149999618530273,31.700000762939453,30.959999084472656,31.209999084472656,19.498794555664062,1344600
2011-01-04,31.209999084472656,31.299999237060547,30.809999465942383,31.06999969482422,19.411333084106445,987100
2011-01-05,30.940000534057617,31.84000015258789,30.940000534057617,31.459999084472656,19.65498924255371,1269600
2011-01-06,31.360000610351562,31.709999084472656,30.700000762939453,30.899999618530273,19.305116653442383,1497800
2011-01-07,31.06999969482422,31.190000534057617,30.06999969482422,30.530000686645508,19.073957443237305,1140700
2011-01-10,30.399999618530273,30.559999465942383,30.010000228881836,30.469999313354492,19.036476135253906,1035900
2011-01-11,30.579999923706055,30.829999923706055,30.479999542236328,30.770000457763672,19.223894119262695,662800
2011-01-12,30.780000686645508,30.90999984741211,30.579999923706055,30.899999618530273,19.305116653442383,647000
2011-01-13,30.899999618530273,31.0,30.700000762939453,30.760000228881836,19.217649459838867,635900
2011-01-14,30.75,30.90999984741211,30.690000534057617,30.850000381469727,19.273881912231445,1074900
2011-01-18,30.850000381469727,31.920000076293945,30.850000381469727,31.920000076293945,19.942373275756836,1348400
2011-01-19,31.8700008392334,31.979999542236328,31.100000381469727,31.579999923706055,19.729955673217773,1451400
2011-01-20,31.399999618530273,31.719999313354492,31.040000915527344,31.040000915527344,19.3925838470459,1165500
2011-01-21,31.1299991607666,31.459999084472656,30.68000030517578,30.790000915527344,19.236398696899414,981700
2011-01-24,30.790000915527344,31.850000381469727,30.719999313354492,31.520000457763672,19.69247055053711,1066400
2011-01-25,31.360000610351562,31.760000228881836,31.170000076293945,31.719999313354492,19.817426681518555,907700
2011-01-26,31.719999313354492,32.15999984741211,31.469999313354492,31.540000915527344,19.704971313476562,968500
2011-01-27,31.649999618530273,31.81999969482422,31.329999923706055,31.530000686645508,19.69871711730957,718400
2011-01-28,31.579999923706055,31.579999923706055,30.290000915527344,30.809999465942383,19.248882293701172,1022500
2011-01-31,30.790000915527344,30.969999313354492,30.34000015258789,30.829999923706055,19.261384963989258,1045500
2011-02-01,30.809999465942383,31.280000686645508,30.520000457763672,30.790000915527344,19.236398696899414,1105400
2011-02-02,30.670000076293945,30.829999923706055,30.43000030517578,30.579999923706055,19.105192184448242,994600
2011-02-03,30.649999618530273,30.770000457763672,30.1299991607666,30.68000030517578,19.16767120361328,1252800
2011-02-04,30.989999771118164,32.59000015258789,30.899999618530273,31.940000534057617,19.954872131347656,2463400
2011-02-07,31.90999984741211,32.29999923706055,31.899999618530273,31.989999771118164,19.986108779907227,1019100
2011-02-08,31.989999771118164,32.560001373291016,31.889999389648438,32.45000076293945,20.273496627807617,922500
2011-02-09,32.43000030517578,32.470001220703125,31.899999618530273,32.209999084472656,20.123552322387695,762900
2011-02-10,32.06999969482422,32.599998474121094,31.75,32.58000183105469,20.354721069335938,803500
2011-02-11,32.45000076293945,33.470001220703125,32.34000015258789,33.08000183105469,20.66709327697754,1579200
2011-02-14,33.0099983215332,33.150001525878906,32.47999954223633,32.5,20.30473518371582,661100
2011-02-15,32.439998626708984,32.849998474121094,32.08000183105469,32.52000045776367,20.31722640991211,793200
2011-02-16,32.540000915527344,32.79999923706055,32.2400016784668,32.290000915527344,20.173538208007812,810000
2011-02-17,32.16999816894531,33.970001220703125,32.16999816894531,33.43000030517578,20.88576316833496,1737100
2011-02-18,32.560001373291016,33.060001373291016,32.0,33.02000045776367,20.629608154296875,1643700
2011-02-22,32.630001068115234,32.650001525878906,31.790000915527344,32.13999938964844,20.079818725585938,2495400
2011-02-23,30.170000076293945,33.220001220703125,30.010000228881836,32.36000061035156,20.21727180480957,4787000
2011-02-24,31.530000686645508,32.83000183105469,31.219999313354492,32.459999084472656,20.279747009277344,1836800
2011-02-25,32.54999923706055,33.29999923706055,32.47999954223633,33.16999816894531,20.72332191467285,1691000
2011-02-28,33.22999954223633,34.18000030517578,33.18000030517578,33.95000076293945,21.210649490356445,3565300
2011-03-01,33.95000076293945,34.400001525878906,32.900001525878906,33.20000076293945,20.742067337036133,1942900
2011-03-02,33.08000183105469,33.54999923706055,32.84000015258789,33.369998931884766,20.8482723236084,1280700
2011-03-03,33.599998474121094,34.22999954223633,33.38999938964844,34.20000076293945,21.36683464050293,1498100
2011-03-04,34.119998931884766,35.220001220703125,33.849998474121094,34.77000045776367,21.72294044494629,2739800
2011-03-07,34.97999954223633,35.040000915527344,33.779998779296875,34.43000030517578,21.510528564453125,912800
2011-03-08,34.189998626708984,34.400001525878906,33.88999938964844,34.08000183105469,21.2918643951416,1415500
2011-03-09,33.90999984741211,34.619998931884766,33.86000061035156,34.119998931884766,21.316844940185547,1231800
2011-03-10,33.630001068115234,34.099998474121094,33.11000061035156,33.95000076293945,21.210649490356445,1528800
2011-03-11,33.709999084472656,34.29999923706055,33.5,34.13999938964844,21.329345703125,539500
2011-03-14,33.970001220703125,34.29999923706055,33.619998931884766,33.869998931884766,21.16065216064453,601300
2011-03-15,33.16999816894531,34.38999938964844,33.09000015258789,34.349998474121094,21.46054458618164,1263400
2011-03-16,34.209999084472656,34.45000076293945,33.529998779296875,33.79999923706055,21.116926193237305,1343900
2011-03-17,34.13999938964844,34.279998779296875,33.400001525878906,33.4900016784668,20.92325210571289,775400
2011-03-18,33.75,34.0,33.439998626708984,33.81999969482422,21.129419326782227,1514800
2011-03-21,34.150001525878906,34.459999084472656,33.66999816894531,33.81999969482422,21.129419326782227,1317600
2011-03-22,33.790000915527344,33.90999984741211,33.65999984741211,33.7599983215332,21.091930389404297,656500
2011-03-23,33.75,33.9900016784668,33.56999969482422,33.77000045776367,21.09817886352539,665300
2011-03-24,33.849998474121094,33.970001220703125,33.70000076293945,33.900001525878906,21.17940330505371,1198400
2011-03-25,33.880001068115234,34.599998474121094,33.75,34.119998931884766,21.316844940185547,2179000
2011-03-28,34.04999923706055,34.20000076293945,33.790000915527344,33.880001068115234,21.166906356811523,957400
2011-03-29,33.869998931884766,34.2599983215332,33.77000045776367,34.150001525878906,21.335590362548828,850600
2011-03-30,34.279998779296875,34.36000061035156,33.939998626708984,33.97999954223633,21.229379653930664,745000
2011-03-31,34.029998779296875,34.25,33.849998474121094,33.86000061035156,21.15441131591797,1048300
2011-04-01,34.0,34.040000915527344,33.5,33.75,21.0856876373291,1315600
2011-04-04,33.90999984741211,33.93000030517578,33.29999923706055,33.779998779296875,21.10443115234375,1627700
2011-04-05,33.779998779296875,33.91999816894531,33.439998626708984,33.779998779296875,21.10443115234375,1899300
2011-04-06,33.849998474121094,34.0,33.540000915527344,33.93000030517578,21.198144912719727,1273200
2011-04-07,33.779998779296875,33.88999938964844,33.36000061035156,33.75,21.0856876373291,1066600
2011-04-08,33.720001220703125,33.97999954223633,33.529998779296875,33.75,21.0856876373291,1262000
2011-04-11,34.0,34.16999816894531,33.709999084472656,34.0099983215332,21.248126983642578,962200
2011-04-12,33.7400016784668,33.970001220703125,33.59000015258789,33.7599983215332,21.091930389404297,1128500
2011-04-13,33.869998931884766,33.970001220703125,33.5099983215332,33.560001373291016,20.966983795166016,1523700
2011-04-14,33.310001373291016,33.779998779296875,33.16999816894531,33.7599983215332,21.091930389404297,1030500
2011-04-15,33.790000915527344,33.9900016784668,33.619998931884766,33.900001525878906,21.17940330505371,2797100
2011-04-18,33.630001068115234,33.77000045776367,33.18000030517578,33.7400016784668,21.079437255859375,1811100
2011-04-19,33.59000015258789,33.86000061035156,33.20000076293945,33.59000015258789,20.985729217529297,1678700
2011-04-20,33.88999938964844,34.15999984741211,33.869998931884766,33.959999084472656,21.216888427734375,2670900
2011-04-21,33.97999954223633,34.220001220703125,33.88999938964844,34.150001525878906,21.335590362548828,2516100
2011-04-25,34.08000183105469,34.66999816894531,33.90999984741211,34.45000076293945,21.52302360534668,1808900
2011-04-26,34.45000076293945,34.75,33.91999816894531,34.66999816894531,21.66047477722168,2400000
2011-04-27,34.630001068115234,34.790000915527344,34.06999969482422,34.689998626708984,21.672958374023438,1713100
2011-04-28,34.72999954223633,34.72999954223633,34.119998931884766,34.2599983215332,21.404314041137695,1900000
2011-04-29,34.22999954223633,34.43000030517578,34.04999923706055,34.22999954223633,21.385576248168945,2053300
2011-05-02,34.31999969482422,34.36000061035156,33.75,34.0099983215332,21.248126983642578,1941600
2011-05-03,33.959999084472656,34.0099983215332,33.43000030517578,33.4900016784668,20.92325210571289,2700000
2011-05-04,35.0,36.41999816894531,34.06999969482422,35.279998779296875,22.041576385498047,6519200
2011-05-05,35.130001068115234,35.70000076293945,34.61000061035156,34.9900016784668,21.860389709472656,2300000
2011-05-06,35.380001068115234,35.439998626708984,34.939998626708984,35.13999938964844,21.954105377197266,1628700
2011-05-09,35.25,35.310001373291016,34.849998474121094,34.97999954223633,21.85413932800293,1136600
2011-05-10,35.189998626708984,35.52000045776367,35.02000045776367,35.310001373291016,22.060317993164062,1021900
2011-05-11,35.31999969482422,35.4900016784668,34.75,35.06999969482422,21.91037940979004,969500
2011-05-12,35.06999969482422,35.31999969482422,34.86000061035156,35.2400016784668,22.016576766967773,840000
2011-05-13,35.279998779296875,35.34000015258789,34.959999084472656,35.119998931884766,21.94161033630371,1076300
2011-05-16,34.959999084472656,35.08000183105469,34.4900016784668,34.650001525878906,21.64797019958496,839300
2011-05-17,34.5,34.869998931884766,34.310001373291016,34.84000015258789,21.766677856445312,1569600
2011-05-18,34.779998779296875,35.150001525878906,34.529998779296875,34.97999954223633,21.85413932800293,1076400
2011-05-19,35.20000076293945,35.349998474121094,34.900001525878906,35.220001220703125,22.00408363342285,844000
2011-05-20,35.25,35.25,34.70000076293945,34.97999954223633,21.85413932800293,699900
2011-05-23,34.79999923706055,34.86000061035156,34.0,34.16999816894531,21.348087310791016,1908700
2011-05-24,34.20000076293945,34.20000076293945,33.310001373291016,33.40999984741211,20.873268127441406,2015100
2011-05-25,33.310001373291016,33.400001525878906,33.119998931884766,33.22999954223633,20.76080894470215,825700
2011-05-26,33.15999984741211,33.459999084472656,33.099998474121094,33.31999969482422,20.817035675048828,682700
2011-05-27,33.25,33.47999954223633,33.25,33.41999816894531,20.879518508911133,547600
2011-05-31,33.689998626708984,34.08000183105469,33.52000045776367,34.08000183105469,21.2918643951416,1037700
2011-06-01,34.0099983215332,34.470001220703125,33.88999938964844,34.060001373291016,21.279359817504883,1558500
2011-06-02,33.900001525878906,34.290000915527344,33.63999938964844,33.650001525878906,21.023212432861328,1921400
2011-06-03,33.41999816894531,33.790000915527344,33.08000183105469,33.349998474121094,20.835779190063477,1339700
2011-06-06,33.099998474121094,33.560001373291016,33.029998779296875,33.290000915527344,20.798297882080078,1154700
2011-06-07,33.380001068115234,33.5,33.06999969482422,33.150001525878906,20.710830688476562,867000
2011-06-08,33.029998779296875,33.52000045776367,33.02000045776367,33.31999969482422,20.817035675048828,1031400
2011-06-09,33.380001068115234,33.900001525878906,33.220001220703125,33.709999084472656,21.060699462890625,882000
2011-06-10,33.70000076293945,33.88999938964844,33.45000076293945,33.540000915527344,20.954492568969727,1184700
2011-06-13,32.970001220703125,33.06999969482422,32.0,32.54999923706055,20.83287811279297,1768000
2011-06-14,32.86000061035156,33.029998779296875,32.40999984741211,32.84000015258789,21.018484115600586,1005100
2011-06-15,32.65999984741211,32.79999923706055,32.470001220703125,32.689998626708984,20.922487258911133,728900
2011-06-16,32.84000015258789,33.08000183105469,32.619998931884766,32.9900016784668,21.11449432373047,907400
2011-06-17,33.380001068115234,33.720001220703125,32.970001220703125,33.65999984741211,21.543306350708008,1973000
2011-06-20,33.599998474121094,34.09000015258789,33.349998474121094,33.66999816894531,21.54971694946289,730700
2011-06-21,33.7599983215332,34.33000183105469,33.380001068115234,33.97999954223633,21.74811553955078,893000
2011-06-22,33.90999984741211,34.189998626708984,33.79999923706055,33.970001220703125,21.741724014282227,550300
2011-06-23,33.63999938964844,34.040000915527344,33.439998626708984,34.0099983215332,21.76732063293457,737800
2011-06-24,33.959999084472656,33.959999084472656,33.380001068115234,33.45000076293945,21.408910751342773,1185000
2011-06-27,33.290000915527344,33.869998931884766,31.209999084472656,32.220001220703125,20.62167739868164,5419800
2011-06-28,31.440000534057617,32.220001220703125,31.31999969482422,31.920000076293945,20.429662704467773,3047900
2011-06-29,32.06999969482422,32.7599983215332,31.799999237060547,32.04999923706055,20.512866973876953,1654300
2011-06-30,32.279998779296875,33.33000183105469,32.25,33.029998779296875,21.14009666442871,1658200
2011-07-01,33.119998931884766,33.720001220703125,33.04999923706055,33.58000183105469,21.49211311340332,1264300
2011-07-05,33.709999084472656,33.709999084472656,32.959999084472656,33.25,21.280908584594727,1002400
2011-07-06,33.279998779296875,33.400001525878906,33.0099983215332,33.220001220703125,21.261703491210938,634200
2011-07-07,33.41999816894531,33.970001220703125,33.290000915527344,33.7400016784668,21.59451675415039,674700
2011-07-08,33.439998626708984,33.83000183105469,33.279998779296875,33.599998474121094,21.504911422729492,609800
2011-07-11,33.31999969482422,33.4900016784668,33.119998931884766,33.43000030517578,21.39610481262207,725200
2011-07-12,33.33000183105469,33.540000915527344,32.900001525878906,33.040000915527344,21.14649200439453,942400
2011-07-13,33.209999084472656,33.439998626708984,32.849998474121094,32.959999084472656,21.095287322998047,688000
2011-07-14,33.060001373291016,33.11000061035156,32.18000030517578,32.45000076293945,20.768878936767578,1165000
2011-07-15,32.380001068115234,32.41999816894531,32.08000183105469,32.22999954223633,20.62807273864746,887900
2011-07-18,32.209999084472656,32.220001220703125,31.790000915527344,32.08000183105469,20.53207015991211,741900
2011-07-19,32.18000030517578,32.310001373291016,32.0,32.22999954223633,20.62807273864746,806100
2011-07-20,32.130001068115234,32.150001525878906,31.850000381469727,32.0,20.48086929321289,617100
2011-07-21,32.189998626708984,32.779998779296875,32.02000045776367,32.709999084472656,20.935293197631836,720600
2011-07-22,32.65999984741211,33.0,32.43000030517578,32.720001220703125,20.941688537597656,669900
2011-07-25,32.68000030517578,32.70000076293945,32.279998779296875,32.560001373291016,20.83928680419922,579300
2011-07-26,32.459999084472656,33.0099983215332,32.220001220703125,32.86000061035156,21.031299591064453,1160900
2011-07-27,32.68000030517578,32.70000076293945,31.850000381469727,32.150001525878906,20.57686996459961,1113900
2011-07-28,32.13999938964844,32.40999984741211,31.780000686645508,32.099998474121094,20.54486656188965,641900
2011-07-29,31.790000915527344,32.68000030517578,31.5,32.630001068115234,20.88408088684082,1258900
2011-08-01,32.75,33.040000915527344,31.649999618530273,32.189998626708984,20.60247039794922,1649200
2011-08-02,31.760000228881836,32.2599983215332,31.290000915527344,31.530000686645508,20.180057525634766,2265100
2011-08-03,30.25,31.899999618530273,29.489999771118164,30.860000610351562,19.75123405456543,5806600
2011-08-04,30.530000686645508,30.760000228881836,29.5,30.139999389648438,19.290416717529297,1830500
2011-08-05,30.3799991607666,32.15999984741211,29.229999542236328,31.950000762939453,20.448869705200195,2741600
2011-08-08,30.59000015258789,31.700000762939453,30.15999984741211,31.0,19.84084129333496,2838400
2011-08-09,31.1299991607666,32.0,30.1299991607666,31.989999771118164,20.47446632385254,2610400
2011-08-10,31.43000030517578,31.639999389648438,30.459999084472656,30.520000457763672,19.533620834350586,2188100
2011-08-11,30.809999465942383,31.280000686645508,30.209999084472656,30.899999618530273,19.776836395263672,1570600
2011-08-12,31.170000076293945,31.610000610351562,30.899999618530273,31.31999969482422,20.045644760131836,763200
2011-08-15,31.540000915527344,31.770000457763672,31.25,31.690000534057617,20.282453536987305,823700
2011-08-16,31.579999923706055,32.279998779296875,31.31999969482422,32.22999954223633,20.62807273864746,1085000
2011-08-17,32.2599983215332,32.72999954223633,31.670000076293945,31.989999771118164,20.47446632385254,726800
2011-08-18,31.31999969482422,31.31999969482422,30.299999237060547,30.8799991607666,19.764036178588867,1209800
2011-08-19,30.600000381469727,31.15999984741211,30.600000381469727,31.0,19.84084129333496,1662700
2011-08-22,31.559999465942383,31.8799991607666,31.209999084472656,31.6200008392334,20.237659454345703,1663100
2011-08-23,31.709999084472656,32.400001525878906,31.610000610351562,32.099998474121094,20.54486656188965,1251900
2011-08-24,32.099998474121094,32.540000915527344,31.760000228881836,32.15999984741211,20.583269119262695,1178100
2011-08-25,32.33000183105469,32.369998931884766,31.59000015258789,31.639999389648438,20.250457763671875,970500
2011-08-26,31.610000610351562,32.810001373291016,31.40999984741211,32.7400016784668,20.954490661621094,978100
2011-08-29,33.0,33.59000015258789,32.45000076293945,33.349998474121094,21.344898223876953,1076900
2011-08-30,33.36000061035156,33.70000076293945,33.029998779296875,33.5,21.44090461730957,812100
2011-08-31,33.83000183105469,34.16999816894531,33.220001220703125,33.529998779296875,21.460107803344727,984300
2011-09-01,33.709999084472656,33.77000045776367,32.290000915527344,32.439998626708984,20.762483596801758,1545000
2011-09-02,32.04999923706055,32.4900016784668,31.829999923706055,32.0,20.48086929321289,798000
2011-09-06,31.440000534057617,32.220001220703125,31.229999542236328,32.08000183105469,20.53207015991211,1491800
2011-09-07,32.529998779296875,33.029998779296875,32.29999923706055,32.959999084472656,21.095287322998047,817100
2011-09-08,32.91999816894531,33.650001525878906,32.54999923706055,33.279998779296875,21.300098419189453,1055600
2011-09-09,33.09000015258789,33.2599983215332,32.310001373291016,32.79999923706055,20.99288558959961,798900
2011-09-12,32.43000030517578,33.369998931884766,32.18000030517578,33.369998931884766,21.357702255249023,1675700
2011-09-13,33.369998931884766,33.5099983215332,32.70000076293945,32.83000183105469,21.267011642456055,1674700
2011-09-14,32.97999954223633,33.56999969482422,32.779998779296875,33.209999084472656,21.513172149658203,1144900
2011-09-15,33.619998931884766,33.790000915527344,33.189998626708984,33.63999938964844,21.791719436645508,603800
2011-09-16,33.65999984741211,34.20000076293945,33.61000061035156,33.72999954223633,21.850025177001953,1626800
2011-09-19,33.529998779296875,33.70000076293945,33.150001525878906,33.439998626708984,21.662166595458984,770700
2011-09-20,33.65999984741211,33.720001220703125,33.119998931884766,33.209999084472656,21.513172149658203,667300
2011-09-21,33.13999938964844,33.31999969482422,32.56999969482422,32.56999969482422,21.09859275817871,571800
2011-09-22,32.029998779296875,32.220001220703125,30.8700008392334,31.280000686645508,20.262939453125,1529700
2011-09-23,31.0,31.1299991607666,30.5,30.739999771118164,19.913124084472656,1068500
2011-09-26,31.0,32.060001373291016,30.520000457763672,31.90999984741211,20.671043395996094,905200
2011-09-27,32.5099983215332,32.689998626708984,31.790000915527344,32.02000045776367,20.7423038482666,769900
2011-09-28,32.189998626708984,32.400001525878906,31.389999389648438,31.459999084472656,20.37953758239746,718400
2011-09-29,31.959999084472656,32.130001068115234,31.049999237060547,31.829999923706055,20.619220733642578,891500
2011-09-30,31.389999389648438,32.279998779296875,31.209999084472656,31.770000457763672,20.580352783203125,1239600
2011-10-03,31.780000686645508,31.959999084472656,30.530000686645508,30.600000381469727,19.822437286376953,1004900
2011-10-04,30.34000015258789,32.2599983215332,30.34000015258789,32.189998626708984,20.852426528930664,1342300
2011-10-05,32.0099983215332,32.75,31.549999237060547,32.650001525878906,21.15041160583496,959500
2011-10-06,32.7400016784668,32.7400016784668,31.969999313354492,32.459999084472656,21.027328491210938,965100
2011-10-07,32.54999923706055,32.75,32.29999923706055,32.470001220703125,21.03380584716797,962600
2011-10-10,32.91999816894531,33.52000045776367,32.77000045776367,33.38999938964844,21.62977409362793,712000
2011-10-11,33.38999938964844,33.70000076293945,33.099998474121094,33.65999984741211,21.804676055908203,502900
2011-10-12,33.97999954223633,34.029998779296875,33.400001525878906,33.470001220703125,21.681598663330078,1555600
2011-10-13,33.470001220703125,33.75,33.34000015258789,33.68000030517578,21.81763458251953,1129900
2011-10-14,33.86000061035156,34.20000076293945,33.630001068115234,34.20000076293945,22.15449333190918,679700
2011-10-17,34.06999969482422,34.349998474121094,33.900001525878906,34.2400016784668,22.180402755737305,965100
2011-10-18,34.20000076293945,34.939998626708984,33.720001220703125,34.63999938964844,22.43951416015625,930600
2011-10-19,34.689998626708984,34.709999084472656,34.20000076293945,34.5,22.34882926940918,664900
2011-10-20,34.650001525878906,34.65999984741211,34.119998931884766,34.41999816894531,22.296993255615234,647800
2011-10-21,34.790000915527344,34.970001220703125,34.27000045776367,34.61000061035156,22.420089721679688,638700
2011-10-24,35.65999984741211,35.900001525878906,34.81999969482422,35.34000015258789,22.892972946166992,2473600
2011-10-25,35.029998779296875,35.29999923706055,34.47999954223633,34.619998931884766,22.42656898498535,725500
2011-10-26,34.91999816894531,34.970001220703125,34.20000076293945,34.70000076293945,22.4783878326416,721500
2011-10-27,35.15999984741211,35.70000076293945,34.709999084472656,34.79999923706055,22.543161392211914,1663400
2011-10-28,34.79999923706055,35.220001220703125,34.599998474121094,35.09000015258789,22.731021881103516,648100
2011-10-31,34.79999923706055,35.029998779296875,34.38999938964844,34.38999938964844,22.277568817138672,983600
2011-11-01,33.880001068115234,34.38999938964844,33.41999816894531,34.189998626708984,22.148006439208984,1409000
2011-11-02,36.5099983215332,37.20000076293945,34.93000030517578,35.709999084472656,23.132654190063477,4551700
2011-11-03,35.88999938964844,36.099998474121094,35.400001525878906,35.880001068115234,23.242788314819336,983100
2011-11-04,35.599998474121094,35.880001068115234,35.2599983215332,35.70000076293945,23.126176834106445,800000
2011-11-07,35.58000183105469,36.40999984741211,35.400001525878906,36.34000015258789,23.540760040283203,1268500
2011-11-08,36.5,36.709999084472656,36.189998626708984,36.5,23.644407272338867,593100
2011-11-09,36.16999816894531,36.16999816894531,35.130001068115234,35.150001525878906,22.7698917388916,1703300
2011-11-10,35.540000915527344,35.56999969482422,34.83000183105469,34.970001220703125,22.653289794921875,1007600
2011-11-11,35.150001525878906,35.189998626708984,34.75,34.869998931884766,22.58850860595703,827400
2011-11-14,34.68000030517578,35.119998931884766,34.59000015258789,34.95000076293945,22.640331268310547,1115900
2011-11-15,34.84000015258789,35.9900016784668,34.84000015258789,35.650001525878906,23.093778610229492,895800
2011-11-16,35.349998474121094,35.83000183105469,35.2400016784668,35.38999938964844,22.92535400390625,584400
2011-11-17,35.41999816894531,35.45000076293945,34.75,35.20000076293945,22.802278518676758,777400
2011-11-18,35.06999969482422,35.33000183105469,34.959999084472656,35.130001068115234,22.75693702697754,771000
2011-11-21,34.81999969482422,35.09000015258789,34.5099983215332,34.970001220703125,22.653289794921875,774600
2011-11-22,34.959999084472656,34.959999084472656,34.5,34.72999954223633,22.497819900512695,540300
2011-11-23,34.599998474121094,34.91999816894531,34.40999984741211,34.58000183105469,22.400650024414062,701300
2011-11-25,34.43000030517578,34.9900016784668,34.40999984741211,34.529998779296875,22.368257522583008,252000
2011-11-28,34.560001373291016,35.310001373291016,34.560001373291016,35.15999984741211,22.776365280151367,710400
2011-11-29,35.0,35.86000061035156,34.84000015258789,35.599998474121094,23.061397552490234,1056100
2011-11-30,36.13999938964844,36.7599983215332,35.869998931884766,36.59000015258789,23.702707290649414,1297600
2011-12-01,36.38999938964844,36.79999923706055,36.38999938964844,36.560001373291016,23.683279037475586,529900
2011-12-02,36.81999969482422,37.33000183105469,36.709999084472656,37.119998931884766,24.046035766601562,1432800
2011-12-05,37.38999938964844,37.630001068115234,37.08000183105469,37.25,24.1302490234375,806800
2011-12-06,37.380001068115234,37.459999084472656,36.900001525878906,37.040000915527344,23.994211196899414,867100
2011-12-07,36.9900016784668,37.2400016784668,36.59000015258789,37.060001373291016,24.00718116760254,697000
2011-12-08,36.79999923706055,37.54999923706055,36.560001373291016,37.25,24.1302490234375,958700
2011-12-09,37.369998931884766,37.97999954223633,37.29999923706055,37.900001525878906,24.551321029663086,853600
2011-12-12,37.88999938964844,38.27000045776367,37.650001525878906,37.959999084472656,24.590187072753906,1652400
2011-12-13,38.16999816894531,38.540000915527344,37.7599983215332,38.380001068115234,25.127031326293945,4232700
2011-12-14,38.09000015258789,38.25,36.959999084472656,37.470001220703125,24.531265258789062,1598000
2011-12-15,37.560001373291016,37.65999984741211,36.779998779296875,37.34000015258789,24.446155548095703,1584600
2011-12-16,37.619998931884766,38.20000076293945,37.36000061035156,38.0,24.878250122070312,2383000
2011-12-19,38.09000015258789,38.4900016784668,37.86000061035156,38.02000045776367,24.891347885131836,1164900
2011-12-20,38.310001373291016,39.029998779296875,38.02000045776367,38.9900016784668,25.526390075683594,1504500
2011-12-21,38.9900016784668,39.59000015258789,38.4900016784668,39.560001373291016,25.899568557739258,1396700
2011-12-22,39.65999984741211,40.18000030517578,39.29999923706055,39.45000076293945,25.827547073364258,1665800
2011-12-23,39.7400016784668,40.130001068115234,39.66999816894531,39.9900016784668,26.181089401245117,1025200
2011-12-27,39.959999084472656,40.25,39.59000015258789,40.18000030517578,26.305490493774414,662500
2011-12-28,40.040000915527344,40.15999984741211,39.5,39.709999084472656,25.997777938842773,789200
2011-12-29,39.72999954223633,40.58000183105469,39.59000015258789,40.38999938964844,26.442955017089844,989600
2011-12-30,40.18000030517578,40.400001525878906,39.810001373291016,39.810001373291016,26.06324577331543,1101300
2012-01-03,40.20000076293945,40.369998931884766,39.59000015258789,39.599998474121094,25.925758361816406,1171200
2012-01-04,39.54999923706055,39.7599983215332,39.29999923706055,39.36000061035156,25.768627166748047,1264900
2012-01-05,39.36000061035156,39.65999984741211,39.09000015258789,39.63999938964844,25.951932907104492,974000
2012-01-06,39.65999984741211,39.65999984741211,39.040000915527344,39.40999984741211,25.801372528076172,815100
2012-01-09,39.47999954223633,39.95000076293945,39.369998931884766,39.77000045776367,26.03704261779785,624700
2012-01-10,40.0,40.84000015258789,39.97999954223633,40.7599983215332,26.68519401550293,1102100
2012-01-11,40.900001525878906,41.5,40.7400016784668,41.06999969482422,26.888139724731445,1288500
2012-01-12,41.06999969482422,41.209999084472656,40.540000915527344,40.79999923706055,26.711380004882812,667900
2012-01-13,40.58000183105469,40.790000915527344,40.369998931884766,40.66999816894531,26.626272201538086,507500
2012-01-17,40.83000183105469,41.290000915527344,40.70000076293945,40.79999923706055,26.711380004882812,703900
2012-01-18,40.79999923706055,41.130001068115234,40.79999923706055,41.099998474121094,26.90778923034668,693600
2012-01-19,41.709999084472656,42.34000015258789,41.560001373291016,42.220001220703125,27.641048431396484,1271200
2012-01-20,42.29999923706055,42.72999954223633,41.95000076293945,42.0,27.497007369995117,1270300
2012-01-23,41.939998626708984,42.130001068115234,41.61000061035156,41.709999084472656,27.30714988708496,854000
2012-01-24,41.65999984741211,41.75,41.2599983215332,41.540000915527344,27.195858001708984,899400
2012-01-25,41.459999084472656,42.0099983215332,41.08000183105469,41.869998931884766,27.411901473999023,893700
2012-01-26,41.7599983215332,41.91999816894531,41.29999923706055,41.72999954223633,27.32024383544922,593700
2012-01-27,41.72999954223633,41.97999954223633,41.29999923706055,41.36000061035156,27.07801055908203,519100
2012-01-30,41.0,41.31999969482422,40.459999084472656,40.849998474121094,26.744123458862305,987900
2012-01-31,41.130001068115234,41.70000076293945,40.88999938964844,41.70000076293945,27.300601959228516,1280800
2012-02-01,42.11000061035156,42.619998931884766,41.81999969482422,42.47999954223633,27.81127166748047,877800
2012-02-02,42.630001068115234,43.529998779296875,42.380001068115234,43.529998779296875,28.498687744140625,1474600
2012-02-03,43.900001525878906,44.380001068115234,43.779998779296875,44.099998474121094,28.871858596801758,913900
2012-02-06,43.9900016784668,43.9900016784668,43.5099983215332,43.720001220703125,28.62308120727539,474400
2012-02-07,43.84000015258789,44.02000045776367,43.5,43.7400016784668,28.63617515563965,943600
2012-02-08,43.630001068115234,43.7599983215332,43.150001525878906,43.22999954223633,28.302265167236328,666400
2012-02-09,43.29999923706055,43.58000183105469,43.25,43.47999954223633,28.46595573425293,469100
2012-02-10,43.209999084472656,43.619998931884766,43.11000061035156,43.59000015258789,28.537973403930664,448200
2012-02-13,43.880001068115234,44.02000045776367,43.45000076293945,43.95000076293945,28.77366065979004,619900
2012-02-14,43.75,44.0,43.459999084472656,43.90999984741211,28.747478485107422,378400
2012-02-15,44.0,44.33000183105469,43.65999984741211,43.959999084472656,28.78021240234375,615700
2012-02-16,44.040000915527344,44.5,44.0,44.18000030517578,28.924251556396484,873800
2012-02-17,44.20000076293945,44.72999954223633,44.11000061035156,44.18000030517578,28.924251556396484,752200
2012-02-21,44.7599983215332,45.619998931884766,44.220001220703125,44.689998626708984,29.25812339782715,3020000
2012-02-22,49.029998779296875,49.93000030517578,47.869998931884766,48.86000061035156,31.98819923400879,7983100
2012-02-23,48.86000061035156,49.310001373291016,48.150001525878906,48.290000915527344,31.615018844604492,2077700
2012-02-24,48.5,48.790000915527344,47.91999816894531,48.04999923706055,31.45789337158203,859700
2012-02-27,47.72999954223633,48.040000915527344,47.38999938964844,47.529998779296875,31.11745834350586,1177800
2012-02-28,47.189998626708984,48.189998626708984,47.0,47.79999923706055,31.29421615600586,1503000
2012-02-29,47.86000061035156,47.939998626708984,47.13999938964844,47.189998626708984,30.894859313964844,969500
2012-03-01,47.38999938964844,48.25,46.869998931884766,47.150001525878906,30.86866569519043,884500
2012-03-02,47.02000045776367,47.470001220703125,46.40999984741211,46.66999816894531,30.55441665649414,983900
2012-03-05,47.11000061035156,47.459999084472656,46.900001525878906,47.189998626708984,30.894859313964844,1066800
2012-03-06,46.83000183105469,47.11000061035156,46.470001220703125,46.939998626708984,30.73118019104004,796000
2012-03-07,46.939998626708984,47.150001525878906,46.66999816894531,47.0,30.770463943481445,660700
2012-03-08,47.2400016784668,47.77000045776367,46.93000030517578,47.43000030517578,31.051986694335938,906900
2012-03-09,47.459999084472656,47.66999816894531,47.310001373291016,47.5099983215332,31.104368209838867,637100
2012-03-12,47.40999984741211,47.9900016784668,47.38999938964844,47.459999084472656,31.07162094116211,850100
2012-03-13,47.27000045776367,47.58000183105469,47.099998474121094,47.56999969482422,31.40835189819336,837000
2012-03-14,47.5,47.900001525878906,47.349998474121094,47.880001068115234,31.613048553466797,708700
2012-03-15,47.79999923706055,47.79999923706055,46.77000045776367,47.11000061035156,31.104639053344727,1159300
2012-03-16,46.900001525878906,47.09000015258789,46.65999984741211,46.88999938964844,30.95939064025879,1076900
2012-03-19,46.869998931884766,47.470001220703125,46.63999938964844,47.380001068115234,31.28291130065918,467100
2012-03-20,47.220001220703125,47.25,46.86000061035156,46.9900016784668,31.025413513183594,634700
2012-03-21,46.88999938964844,47.290000915527344,46.470001220703125,47.220001220703125,31.17726707458496,539200
2012-03-22,47.040000915527344,47.54999923706055,46.81999969482422,47.529998779296875,31.38194465637207,509800
2012-03-23,47.58000183105469,47.75,46.880001068115234,47.630001068115234,31.447959899902344,511100
2012-03-26,47.83000183105469,48.29999923706055,47.27000045776367,47.779998779296875,31.54700469970703,685600
2012-03-27,47.709999084472656,47.97999954223633,47.15999984741211,47.79999923706055,31.56021499633789,713100
2012-03-28,47.70000076293945,47.95000076293945,47.04999923706055,47.31999969482422,31.24329948425293,615400
2012-03-29,47.18000030517578,47.880001068115234,46.900001525878906,47.34000015258789,31.256507873535156,828700
2012-03-30,47.459999084472656,47.630001068115234,46.93000030517578,46.97999954223633,31.018800735473633,1016900
2012-04-02,47.04999923706055,47.5099983215332,46.83000183105469,47.29999923706055,31.230085372924805,780500
2012-04-03,47.150001525878906,47.59000015258789,47.06999969482422,47.5099983215332,31.368745803833008,511300
2012-04-04,47.349998474121094,47.349998474121094,46.279998779296875,46.439998626708984,30.66226577758789,707900
2012-04-05,46.400001525878906,46.790000915527344,46.16999816894531,46.220001220703125,30.51700782775879,482100
2012-04-09,45.70000076293945,45.70000076293945,45.08000183105469,45.5099983215332,30.0482234954834,834200
2012-04-10,45.34000015258789,45.56999969482422,44.2400016784668,44.470001220703125,29.361568450927734,1126900
2012-04-11,44.91999816894531,45.130001068115234,44.560001373291016,44.90999984741211,29.65207290649414,536700
2012-04-12,44.810001373291016,45.47999954223633,44.68000030517578,45.29999923706055,29.909563064575195,481700
2012-04-13,45.08000183105469,45.369998931884766,44.869998931884766,44.90999984741211,29.65207290649414,637800
2012-04-16,44.880001068115234,45.09000015258789,44.18000030517578,44.59000015258789,29.440793991088867,738200
2012-04-17,44.84000015258789,45.47999954223633,44.66999816894531,45.279998779296875,29.8963680267334,434200
2012-04-18,45.279998779296875,45.41999816894531,44.90999984741211,45.16999816894531,29.823732376098633,389400
2012-04-19,45.040000915527344,45.349998474121094,44.54999923706055,44.810001373291016,29.5860652923584,417800
2012-04-20,45.15999984741211,45.22999954223633,44.52000045776367,44.540000915527344,29.407777786254883,607300
2012-04-23,44.45000076293945,44.45000076293945,43.68000030517578,44.150001525878906,29.150287628173828,556800
2012-04-24,44.31999969482422,44.650001525878906,44.18000030517578,44.5,29.381372451782227,609500
2012-04-25,44.7599983215332,45.7400016784668,44.599998474121094,45.66999816894531,30.153867721557617,827500
2012-04-26,45.439998626708984,47.36000061035156,45.439998626708984,47.279998779296875,31.216876983642578,1168400
2012-04-27,47.18000030517578,47.290000915527344,46.689998626708984,46.810001373291016,30.906553268432617,555800
2012-04-30,46.75,47.220001220703125,46.54999923706055,47.130001068115234,31.117839813232422,1036700
2012-05-01,47.220001220703125,48.290000915527344,47.18000030517578,47.4900016784668,31.355531692504883,1928500
2012-05-02,49.90999984741211,50.66999816894531,47.66999816894531,49.33000183105469,32.570411682128906,2955800
2012-05-03,49.189998626708984,49.22999954223633,47.88999938964844,48.130001068115234,31.778093338012695,574900
2012-05-04,47.619998931884766,47.79999923706055,46.7599983215332,46.810001373291016,30.906553268432617,965100
2012-05-07,46.439998626708984,47.18000030517578,46.220001220703125,47.02000045776367,31.045215606689453,655000
2012-05-08,46.70000076293945,46.97999954223633,45.7400016784668,45.91999816894531,30.31892967224121,994700
2012-05-09,45.45000076293945,45.77000045776367,45.02000045776367,45.380001068115234,29.96239471435547,511800
2012-05-10,45.63999938964844,45.79999923706055,45.22999954223633,45.38999938964844,29.9689998626709,476000
2012-05-11,45.29999923706055,45.810001373291016,45.150001525878906,45.189998626708984,29.836950302124023,411900
2012-05-14,44.91999816894531,44.93000030517578,44.2599983215332,44.36000061035156,29.288925170898438,939900
2012-05-15,44.47999954223633,45.25,44.38999938964844,44.58000183105469,29.434186935424805,699900
2012-05-16,44.470001220703125,45.33000183105469,44.470001220703125,44.75,29.546430587768555,867700
2012-05-17,44.68000030517578,44.959999084472656,43.66999816894531,43.68000030517578,28.83995246887207,865700
2012-05-18,43.79999923706055,43.84000015258789,42.79999923706055,42.97999954223633,28.377788543701172,1115300
2012-05-21,42.939998626708984,44.279998779296875,42.83000183105469,43.790000915527344,28.91258430480957,976200
2012-05-22,43.63999938964844,43.97999954223633,43.43000030517578,43.83000183105469,28.938997268676758,500400
2012-05-23,43.63999938964844,43.93000030517578,43.119998931884766,43.810001373291016,28.925796508789062,449000
2012-05-24,43.900001525878906,44.130001068115234,43.54999923706055,43.720001220703125,28.866369247436523,733000
2012-05-25,43.75,43.79999923706055,43.11000061035156,43.189998626708984,28.516433715820312,438600
2012-05-29,43.529998779296875,43.91999816894531,43.31999969482422,43.900001525878906,28.98522186279297,718600
2012-05-30,43.459999084472656,43.599998474121094,42.95000076293945,43.31999969482422,28.60226058959961,974600
2012-05-31,43.2400016784668,43.41999816894531,42.70000076293945,42.959999084472656,28.364578247070312,700500
2012-06-01,42.470001220703125,42.79999923706055,41.56999969482422,41.599998474121094,27.466630935668945,828400
2012-06-04,41.66999816894531,42.119998931884766,40.95000076293945,41.58000183105469,27.45341682434082,714400
2012-06-05,41.58000183105469,42.43000030517578,41.349998474121094,42.119998931884766,27.80996322631836,578300
2012-06-06,42.470001220703125,43.34000015258789,41.81999969482422,41.900001525878906,27.664716720581055,1343000
2012-06-07,42.40999984741211,42.47999954223633,41.06999969482422,41.06999969482422,27.116682052612305,1374600
2012-06-08,40.88999938964844,41.9900016784668,40.79999923706055,41.77000045776367,27.578882217407227,884700
2012-06-11,41.099998474121094,41.75,37.81999969482422,38.20000076293945,25.22175407409668,4639000
2012-06-12,37.93000030517578,39.709999084472656,37.619998931884766,39.5099983215332,26.086694717407227,4053800
2012-06-13,38.959999084472656,39.220001220703125,38.25,38.369998931884766,25.625873565673828,2040400
2012-06-14,38.36000061035156,38.5099983215332,37.34000015258789,37.45000076293945,25.011438369750977,1879400
2012-06-15,37.369998931884766,37.81999969482422,36.880001068115234,37.779998779296875,25.231826782226562,1795500
2012-06-18,37.560001373291016,38.22999954223633,37.15999984741211,38.209999084472656,25.51900291442871,1361700
2012-06-19,38.130001068115234,38.959999084472656,37.959999084472656,38.939998626708984,26.006547927856445,1245300
2012-06-20,38.880001068115234,39.04999923706055,38.09000015258789,38.34000015258789,25.605831146240234,1159800
2012-06-21,38.33000183105469,38.349998474121094,37.36000061035156,37.400001525878906,24.97804832458496,1015600
2012-06-22,37.45000076293945,37.5,36.68000030517578,36.97999954223633,24.697546005249023,1240400
2012-06-25,36.7400016784668,37.16999816894531,36.560001373291016,36.81999969482422,24.590682983398438,921400
2012-06-26,37.27000045776367,37.369998931884766,36.70000076293945,36.84000015258789,24.60404396057129,1042400
2012-06-27,36.84000015258789,37.459999084472656,36.83000183105469,37.25,24.877859115600586,1106100
2012-06-28,36.91999816894531,37.189998626708984,36.279998779296875,36.7599983215332,24.55061149597168,1096800
2012-06-29,37.400001525878906,38.38999938964844,37.349998474121094,38.290000915527344,25.57244110107422,1664400
2012-07-02,38.189998626708984,38.70000076293945,37.619998931884766,38.310001373291016,25.585803985595703,1288000
2012-07-03,38.599998474121094,38.689998626708984,38.2599983215332,38.63999938964844,25.806188583374023,581900
2012-07-05,38.540000915527344,38.650001525878906,37.84000015258789,37.91999816894531,25.32533073425293,1086100
2012-07-06,37.900001525878906,38.0,37.20000076293945,37.380001068115234,24.964685440063477,875100
2012-07-09,37.470001220703125,37.5,37.099998474121094,37.459999084472656,25.01812171936035,496400
2012-07-10,37.5,37.65999984741211,36.45000076293945,36.709999084472656,24.5172176361084,1123400
2012-07-11,36.70000076293945,36.95000076293945,36.209999084472656,36.63999938964844,24.4704647064209,760300
2012-07-12,36.36000061035156,36.36000061035156,35.54999923706055,36.060001373291016,24.083112716674805,1285800
2012-07-13,36.09000015258789,36.5,35.81999969482422,36.31999969482422,24.256757736206055,668100
2012-07-16,36.20000076293945,36.349998474121094,35.72999954223633,36.209999084472656,24.183284759521484,735600
2012-07-17,36.36000061035156,36.58000183105469,35.7599983215332,36.459999084472656,24.350248336791992,565100
2012-07-18,36.349998474121094,37.81999969482422,36.290000915527344,37.290000915527344,24.90458106994629,587100
2012-07-19,37.45000076293945,37.650001525878906,37.189998626708984,37.279998779296875,24.897897720336914,586700
2012-07-20,37.29999923706055,37.689998626708984,36.77000045776367,36.86000061035156,24.617406845092773,773900
2012-07-23,36.470001220703125,36.470001220703125,35.72999954223633,35.84000015258789,23.93617820739746,1046300
2012-07-24,36.0,37.459999084472656,35.880001068115234,37.029998779296875,24.73093605041504,1880900
2012-07-25,37.13999938964844,37.849998474121094,37.06999969482422,37.5,25.044828414916992,1088500
2012-07-26,37.84000015258789,38.20000076293945,37.2400016784668,37.369998931884766,24.958009719848633,913000
2012-07-27,37.619998931884766,38.849998474121094,37.54999923706055,38.63999938964844,25.806188583374023,773600
2012-07-30,38.5,38.77000045776367,38.220001220703125,38.560001373291016,25.75275993347168,626200
2012-07-31,38.36000061035156,39.11000061035156,38.31999969482422,38.61000061035156,25.786148071289062,1420900
2012-08-01,41.7599983215332,41.869998931884766,38.310001373291016,39.369998931884766,26.293729782104492,4047400
2012-08-02,39.939998626708984,40.41999816894531,39.63999938964844,40.349998474121094,26.9482421875,1604700
2012-08-03,40.77000045776367,40.900001525878906,40.20000076293945,40.2599983215332,26.88812828063965,808200
2012-08-06,40.529998779296875,40.54999923706055,40.0,40.040000915527344,26.741191864013672,694800
2012-08-07,40.380001068115234,40.75,40.0,40.72999954223633,27.2020206451416,832000
2012-08-08,40.650001525878906,41.0,40.52000045776367,40.97999954223633,27.368982315063477,812400
2012-08-09,40.91999816894531,41.470001220703125,40.709999084472656,41.439998626708984,27.676212310791016,978600
2012-08-10,41.38999938964844,41.900001525878906,41.31999969482422,41.79999923706055,27.916637420654297,1065200
2012-08-13,41.65999984741211,41.849998474121094,41.0099983215332,41.43000030517578,27.669532775878906,712400
2012-08-14,41.63999938964844,41.7599983215332,40.65999984741211,41.08000183105469,27.435781478881836,766000
2012-08-15,40.9900016784668,41.33000183105469,40.88999938964844,40.970001220703125,27.362308502197266,664500
2012-08-16,41.13999938964844,41.38999938964844,40.95000076293945,41.150001525878906,27.48252296447754,594300
2012-08-17,41.38999938964844,41.5,41.029998779296875,41.18000030517578,27.502559661865234,539700
2012-08-20,41.290000915527344,42.849998474121094,41.290000915527344,41.84000015258789,27.94335174560547,949000
2012-08-21,41.849998474121094,42.09000015258789,41.400001525878906,41.65999984741211,27.82314682006836,461000
2012-08-22,41.61000061035156,41.77000045776367,41.369998931884766,41.59000015258789,27.776382446289062,491800
2012-08-23,41.619998931884766,41.68000030517578,40.630001068115234,40.720001220703125,27.195344924926758,1026900
2012-08-24,40.5,40.91999816894531,40.099998474121094,40.5,27.048418045043945,619500
2012-08-27,40.599998474121094,40.650001525878906,40.08000183105469,40.279998779296875,26.901485443115234,564900
2012-08-28,40.369998931884766,40.939998626708984,40.2400016784668,40.5,27.048418045043945,597800
2012-08-29,40.599998474121094,40.86000061035156,40.22999954223633,40.65999984741211,27.1552677154541,750900
2012-08-30,40.2599983215332,40.54999923706055,39.68000030517578,39.970001220703125,26.69444465637207,539700
2012-08-31,40.25,40.70000076293945,40.209999084472656,40.349998474121094,26.9482421875,985200
2012-09-04,40.279998779296875,40.400001525878906,39.459999084472656,39.849998474121094,26.614299774169922,805300
2012-09-05,39.70000076293945,40.349998474121094,39.689998626708984,39.9900016784668,26.707813262939453,1157500
2012-09-06,40.349998474121094,40.79999923706055,40.06999969482422,40.7400016784668,27.208703994750977,995400
2012-09-07,40.970001220703125,41.540000915527344,40.83000183105469,41.52000045776367,27.729639053344727,961000
2012-09-10,41.470001220703125,41.59000015258789,40.25,40.349998474121094,26.9482421875,847400
2012-09-11,40.2599983215332,40.7400016784668,40.119998931884766,40.290000915527344,26.908164978027344,873200
2012-09-12,40.22999954223633,41.220001220703125,39.63999938964844,40.9900016784668,27.68488883972168,2000800
2012-09-13,40.369998931884766,41.880001068115234,40.279998779296875,41.41999816894531,27.975303649902344,1299000
2012-09-14,41.5,42.540000915527344,41.41999816894531,42.45000076293945,28.670969009399414,1533800
2012-09-17,42.5,42.5,42.11000061035156,42.29999923706055,28.569664001464844,659900
2012-09-18,42.189998626708984,42.290000915527344,41.66999816894531,41.88999938964844,28.292739868164062,661400
2012-09-19,41.97999954223633,42.349998474121094,41.65999984741211,42.060001373291016,28.407562255859375,747500
2012-09-20,41.88999938964844,42.119998931884766,41.599998474121094,41.810001373291016,28.238718032836914,910700
2012-09-21,41.81999969482422,42.43000030517578,41.81999969482422,41.939998626708984,28.326509475708008,1813900
2012-09-24,41.9900016784668,42.40999984741211,41.77000045776367,42.09000015258789,28.42783546447754,802300
2012-09-25,42.16999816894531,42.16999816894531,41.04999923706055,41.04999923706055,27.72540855407715,809300
2012-09-26,41.25,41.380001068115234,40.709999084472656,40.849998474121094,27.590330123901367,532700
2012-09-27,41.27000045776367,42.11000061035156,40.970001220703125,41.9900016784668,28.36029052734375,756500
2012-09-28,41.900001525878906,42.2400016784668,41.4900016784668,41.7400016784668,28.191429138183594,973400
2012-10-01,41.779998779296875,41.9900016784668,41.2599983215332,41.779998779296875,28.218442916870117,873100
2012-10-02,41.9900016784668,41.9900016784668,41.369998931884766,41.56999969482422,28.076616287231445,408600
2012-10-03,41.81999969482422,41.970001220703125,41.29999923706055,41.68000030517578,28.150909423828125,506200
2012-10-04,41.63999938964844,42.68000030517578,41.59000015258789,42.56999969482422,28.75202178955078,944000
2012-10-05,42.84000015258789,43.33000183105469,42.650001525878906,42.72999954223633,28.860082626342773,2118300
2012-10-08,42.380001068115234,42.72999954223633,42.25,42.400001525878906,28.637205123901367,359500
2012-10-09,42.34000015258789,42.470001220703125,40.560001373291016,40.720001220703125,27.502525329589844,854200
2012-10-10,40.77000045776367,40.88999938964844,40.0,40.060001373291016,27.0567569732666,512500
2012-10-11,40.5,40.77000045776367,40.279998779296875,40.439998626708984,27.313405990600586,401200
2012-10-12,40.439998626708984,40.630001068115234,39.86000061035156,40.16999816894531,27.131038665771484,400600
2012-10-15,40.29999923706055,40.61000061035156,39.880001068115234,40.11000061035156,27.090524673461914,435200
2012-10-16,40.209999084472656,40.400001525878906,39.7400016784668,39.970001220703125,26.995969772338867,584900
2012-10-17,40.040000915527344,40.099998474121094,39.189998626708984,39.599998474121094,26.74606704711914,1015200
2012-10-18,39.5099983215332,39.79999923706055,38.95000076293945,39.75,26.84737777709961,1216000
2012-10-19,39.84000015258789,39.970001220703125,38.43000030517578,38.93000030517578,26.293550491333008,1209100
2012-10-22,38.81999969482422,39.380001068115234,38.61000061035156,39.380001068115234,26.59747886657715,778100
2012-10-23,39.130001068115234,39.459999084472656,38.560001373291016,39.209999084472656,26.4826602935791,441700
2012-10-24,39.470001220703125,39.68000030517578,38.91999816894531,39.290000915527344,26.536693572998047,504100
2012-10-25,39.5099983215332,40.02000045776367,39.099998474121094,39.2599983215332,26.516420364379883,376800
2012-10-26,39.11000061035156,39.560001373291016,38.63999938964844,38.9900016784668,26.33406639099121,708300
2012-10-31,39.33000183105469,42.0,36.709999084472656,38.0,25.66541862487793,2240800
2012-11-01,38.099998474121094,38.5,37.880001068115234,38.099998474121094,25.73296546936035,1343400
2012-11-02,38.16999816894531,38.290000915527344,37.47999954223633,37.5,25.32771110534668,1136500
2012-11-05,37.400001525878906,37.68000030517578,37.060001373291016,37.5,25.32771110534668,843100
2012-11-06,37.790000915527344,38.06999969482422,37.279998779296875,37.900001525878906,25.59787940979004,808400
2012-11-07,37.439998626708984,37.66999816894531,37.0,37.209999084472656,25.13184356689453,651800
2012-11-08,37.189998626708984,37.20000076293945,36.400001525878906,36.40999984741211,24.591524124145508,795400
2012-11-09,36.310001373291016,37.31999969482422,35.86000061035156,37.0099983215332,24.99676513671875,884000
2012-11-12,35.77000045776367,36.56999969482422,35.77000045776367,36.52000045776367,24.665821075439453,1101300
2012-11-13,36.25,36.54999923706055,35.959999084472656,36.400001525878906,24.584766387939453,983000
2012-11-14,36.459999084472656,37.0,36.02000045776367,36.119998931884766,24.395652770996094,1043700
2012-11-15,36.060001373291016,37.16999816894531,36.040000915527344,37.150001525878906,25.09132194519043,1686400
2012-11-16,37.09000015258789,37.459999084472656,36.72999954223633,37.18000030517578,25.11158561706543,873100
2012-11-19,37.790000915527344,38.0,37.189998626708984,37.72999954223633,25.48305320739746,918900
2012-11-20,37.59000015258789,38.13999938964844,37.36000061035156,38.119998931884766,25.746461868286133,705800
2012-11-21,38.04999923706055,38.529998779296875,37.880001068115234,38.04999923706055,25.69919204711914,949400
2012-11-23,38.290000915527344,38.779998779296875,38.099998474121094,38.61000061035156,26.07741355895996,237600
2012-11-26,38.4900016784668,38.7599983215332,38.27000045776367,38.38999938964844,25.92882537841797,595300
2012-11-27,38.25,38.529998779296875,37.83000183105469,37.88999938964844,25.591129302978516,788400
2012-11-28,37.88999938964844,38.81999969482422,37.75,38.7400016784668,26.16522216796875,593600
2012-11-29,38.869998931884766,39.130001068115234,38.599998474121094,38.779998779296875,26.19223403930664,501000
2012-11-30,39.0,39.380001068115234,38.77000045776367,38.88999938964844,26.26652717590332,1033900
2012-12-03,39.38999938964844,39.90999984741211,38.709999084472656,39.880001068115234,26.93516731262207,1290500
2012-12-04,39.95000076293945,40.209999084472656,39.7400016784668,39.900001525878906,26.94868278503418,1702700
2012-12-05,39.72999954223633,40.150001525878906,39.65999984741211,39.709999084472656,26.820363998413086,817700
2012-12-06,41.650001525878906,42.189998626708984,41.29999923706055,41.9900016784668,28.36029052734375,3700800
2012-12-07,42.040000915527344,42.2400016784668,41.41999816894531,41.70000076293945,28.164430618286133,1721300
2012-12-10,41.689998626708984,42.16999816894531,41.470001220703125,42.15999984741211,28.475101470947266,2460100
2012-12-11,42.2599983215332,42.709999084472656,42.06999969482422,42.400001525878906,28.637205123901367,23668800
2012-12-12,42.22999954223633,42.34000015258789,40.529998779296875,41.08000183105469,28.043312072753906,3443300
2012-12-13,41.0099983215332,41.68000030517578,40.63999938964844,41.15999984741211,28.097909927368164,1506300
2012-12-14,41.0,41.209999084472656,40.529998779296875,40.68000030517578,27.77022933959961,1694300
2012-12-17,40.70000076293945,41.439998626708984,40.70000076293945,41.41999816894531,28.27539825439453,2647200
2012-12-18,41.41999816894531,42.650001525878906,41.09000015258789,42.619998931884766,29.094575881958008,1889100
2012-12-19,42.560001373291016,42.9900016784668,41.97999954223633,42.04999923706055,28.705461502075195,1617600
2012-12-20,41.9900016784668,42.099998474121094,41.31999969482422,41.43000030517578,28.282230377197266,799600
2012-12-21,40.959999084472656,41.38999938964844,39.720001220703125,41.06999969482422,28.03646469116211,2229000
2012-12-24,41.189998626708984,41.36000061035156,40.54999923706055,40.65999984741211,27.756589889526367,546100
2012-12-26,40.61000061035156,41.130001068115234,40.31999969482422,40.709999084472656,27.79071044921875,821700
2012-12-27,40.68000030517578,42.70000076293945,40.099998474121094,41.310001373291016,28.200307846069336,1215300
2012-12-28,40.959999084472656,41.0,39.97999954223633,40.0,27.306039810180664,533500
2012-12-31,40.0,40.81999969482422,39.900001525878906,40.75,27.81802749633789,592500
2013-01-02,41.47999954223633,42.68000030517578,41.0,42.150001525878906,28.77372932434082,1073300
2013-01-03,42.0,42.59000015258789,41.75,42.09000015258789,28.73278045654297,697500
2013-01-04,42.13999938964844,43.0,41.849998474121094,42.09000015258789,28.73278045654297,544700
2013-01-07,42.060001373291016,42.25,41.61000061035156,42.08000183105469,28.72594451904297,559400
2013-01-08,41.93000030517578,42.380001068115234,41.459999084472656,42.25,28.842002868652344,1089500
2013-01-09,42.060001373291016,42.13999938964844,39.2400016784668,39.290000915527344,26.821353912353516,4323300
2013-01-10,39.5,39.97999954223633,38.779998779296875,39.38999938964844,26.889617919921875,2979400
2013-01-11,39.5,39.619998931884766,39.13999938964844,39.599998474121094,27.032974243164062,1043700
2013-01-14,39.599998474121094,40.45000076293945,39.52000045776367,39.90999984741211,27.244596481323242,1906800
2013-01-15,39.66999816894531,40.36000061035156,39.59000015258789,40.029998779296875,27.326509475708008,1889400
2013-01-16,39.77000045776367,39.9900016784668,39.2400016784668,39.83000183105469,27.189992904663086,1098100
2013-01-17,40.06999969482422,40.189998626708984,39.45000076293945,39.61000061035156,27.03980255126953,1181300
2013-01-18,39.56999969482422,39.77000045776367,39.349998474121094,39.52000045776367,26.97836685180664,2098100
2013-01-22,39.61000061035156,39.81999969482422,38.630001068115234,38.88999938964844,26.548294067382812,1856400
2013-01-23,38.9900016784668,38.9900016784668,38.25,38.29999923706055,26.145526885986328,1354500
2013-01-24,38.790000915527344,39.02000045776367,38.349998474121094,38.59000015258789,26.343490600585938,1241500
2013-01-25,38.81999969482422,39.220001220703125,38.619998931884766,38.77000045776367,26.466381072998047,1067900
2013-01-28,38.75,38.91999816894531,38.33000183105469,38.56999969482422,26.329851150512695,864700
2013-01-29,38.54999923706055,39.0099983215332,38.5,38.58000183105469,26.336673736572266,989500
2013-01-30,38.75,38.810001373291016,37.95000076293945,38.040000915527344,25.96805191040039,1228700
2013-01-31,38.150001525878906,38.4900016784668,37.599998474121094,37.88999938964844,25.865644454956055,1500600
2013-02-01,38.15999984741211,38.75,38.0099983215332,38.5,26.282052993774414,1738500
2013-02-04,38.400001525878906,38.5,37.900001525878906,37.97999954223633,25.927078247070312,1211000
2013-02-05,38.279998779296875,38.459999084472656,37.650001525878906,37.70000076293945,25.735933303833008,1425500
2013-02-06,37.68000030517578,38.040000915527344,37.47999954223633,37.95000076293945,25.906599044799805,1489200
2013-02-07,37.790000915527344,38.279998779296875,37.68000030517578,38.15999984741211,26.049959182739258,1216100
2013-02-08,38.11000061035156,38.86000061035156,37.97999954223633,38.08000183105469,25.995338439941406,1384000
2013-02-11,38.209999084472656,38.380001068115234,37.72999954223633,37.869998931884766,25.851980209350586,1601800
2013-02-12,37.689998626708984,37.88999938964844,37.18000030517578,37.68000030517578,25.72228240966797,2307700
2013-02-13,37.959999084472656,38.59000015258789,37.7599983215332,38.560001373291016,26.32301902770996,1462800
2013-02-14,38.47999954223633,39.0,38.20000076293945,38.970001220703125,26.6028995513916,1214800
2013-02-15,39.220001220703125,39.849998474121094,38.83000183105469,39.13999938964844,26.718952178955078,1974600
2013-02-19,39.25,39.63999938964844,38.599998474121094,39.2400016784668,26.787214279174805,2435400
2013-02-20,35.5099983215332,36.04999923706055,34.650001525878906,35.540000915527344,24.261415481567383,6694700
2013-02-21,35.400001525878906,35.400001525878906,34.56999969482422,35.02000045776367,23.90643310546875,1900000
2013-02-22,35.15999984741211,35.40999984741211,34.77000045776367,35.0,23.89278221130371,1260700
2013-02-25,35.119998931884766,35.189998626708984,34.18000030517578,34.20000076293945,23.346660614013672,1524200
2013-02-26,34.11000061035156,34.41999816894531,33.65999984741211,34.310001373291016,23.4217586517334,1586100
2013-02-27,34.209999084472656,34.88999938964844,34.09000015258789,34.68000030517578,23.67433738708496,715200
2013-02-28,34.5,34.650001525878906,34.150001525878906,34.36000061035156,23.455883026123047,866600
2013-03-01,34.27000045776367,35.470001220703125,34.0,35.13999938964844,23.98834991455078,1914300
2013-03-04,35.150001525878906,35.540000915527344,34.34000015258789,35.40999984741211,24.17266845703125,1624200
2013-03-05,35.400001525878906,35.58000183105469,35.099998474121094,35.2599983215332,24.070266723632812,1403700
2013-03-06,35.400001525878906,35.5,35.16999816894531,35.29999923706055,24.097576141357422,699000
2013-03-07,35.290000915527344,35.4900016784668,34.970001220703125,35.02000045776367,23.90643310546875,868400
2013-03-08,35.290000915527344,35.63999938964844,35.060001373291016,35.61000061035156,24.3091983795166,782400
2013-03-11,35.529998779296875,35.849998474121094,35.439998626708984,35.720001220703125,24.384286880493164,955700
2013-03-12,35.7400016784668,35.869998931884766,35.52000045776367,35.70000076293945,24.370630264282227,997100
2013-03-13,35.41999816894531,35.68000030517578,34.619998931884766,34.68000030517578,23.976552963256836,961200
2013-03-14,34.7400016784668,34.9900016784668,34.650001525878906,34.900001525878906,24.128652572631836,973100
2013-03-15,34.75,35.13999938964844,34.189998626708984,34.560001373291016,23.89360237121582,2419900
2013-03-18,34.36000061035156,34.560001373291016,34.20000076293945,34.36000061035156,23.755325317382812,630500
2013-03-19,34.5,34.560001373291016,33.41999816894531,33.61000061035156,23.236797332763672,1493500
2013-03-20,33.93000030517578,33.9900016784668,33.20000076293945,33.470001220703125,23.140003204345703,1338500
2013-03-21,33.439998626708984,33.4900016784668,33.0099983215332,33.150001525878906,22.918773651123047,1040700
2013-03-22,33.22999954223633,33.349998474121094,32.81999969482422,33.25,22.98790168762207,1068500
2013-03-25,33.290000915527344,33.5099983215332,32.97999954223633,33.439998626708984,23.119266510009766,1052700
2013-03-26,33.43000030517578,33.56999969482422,33.06999969482422,33.290000915527344,23.015562057495117,1590700
2013-03-27,33.18000030517578,33.220001220703125,32.900001525878906,32.970001220703125,22.794322967529297,673400
2013-03-28,32.97999954223633,33.22999954223633,32.79999923706055,33.04999923706055,22.84963035583496,1509200
2013-04-01,33.18000030517578,33.25,32.58000183105469,32.599998474121094,22.53851890563965,719100
2013-04-02,33.349998474121094,34.529998779296875,33.0099983215332,34.25,23.679271697998047,3212200
2013-04-03,34.400001525878906,34.470001220703125,33.06999969482422,33.43000030517578,23.11235809326172,2591800
2013-04-04,33.43000030517578,33.529998779296875,33.06999969482422,33.43000030517578,23.11235809326172,1025800
2013-04-05,33.0099983215332,33.61000061035156,32.68000030517578,33.59000015258789,23.222963333129883,1129500
2013-04-08,33.61000061035156,33.77000045776367,33.369998931884766,33.7599983215332,23.340505599975586,721900
2013-04-09,33.72999954223633,34.04999923706055,33.560001373291016,33.650001525878906,23.26445770263672,869300
2013-04-10,33.90999984741211,34.5,33.720001220703125,34.400001525878906,23.782976150512695,1151600
2013-04-11,34.459999084472656,34.54999923706055,34.150001525878906,34.459999084472656,23.8244571685791,696200
2013-04-12,34.5,34.779998779296875,34.20000076293945,34.720001220703125,24.00421905517578,799200
2013-04-15,34.5099983215332,34.68000030517578,33.5,33.65999984741211,23.271360397338867,766300
2013-04-16,33.720001220703125,33.970001220703125,33.36000061035156,33.70000076293945,23.299022674560547,698300
2013-04-17,33.45000076293945,33.5,32.689998626708984,33.11000061035156,22.891111373901367,1229700
2013-04-18,33.34000015258789,33.790000915527344,33.06999969482422,33.400001525878906,23.091609954833984,1006700
2013-04-19,33.2599983215332,33.369998931884766,32.869998931884766,32.970001220703125,22.794322967529297,818400
2013-04-22,33.119998931884766,33.119998931884766,32.52000045776367,32.68000030517578,22.593828201293945,916200
2013-04-23,32.97999954223633,33.630001068115234,32.83000183105469,33.59000015258789,23.222963333129883,804700
2013-04-24,34.2599983215332,34.45000076293945,34.119998931884766,34.25,23.679271697998047,1542800
2013-04-25,34.45000076293945,36.0,34.36000061035156,35.310001373291016,24.412118911743164,1406900
2013-04-26,35.290000915527344,35.400001525878906,34.59000015258789,34.720001220703125,24.00421905517578,550800
2013-04-29,34.939998626708984,35.290000915527344,34.720001220703125,35.2400016784668,24.363723754882812,739300
2013-04-30,34.540000915527344,35.11000061035156,34.459999084472656,35.08000183105469,24.25309944152832,1489700
2013-05-01,34.88999938964844,34.970001220703125,33.119998931884766,33.68000030517578,23.285194396972656,2927400
2013-05-02,33.7599983215332,34.77000045776367,33.7599983215332,34.5099983215332,23.859027862548828,1225400
2013-05-03,35.0,35.290000915527344,34.790000915527344,34.810001373291016,24.066434860229492,859700
2013-05-06,34.79999923706055,35.310001373291016,34.79999923706055,35.279998779296875,24.391374588012695,732500
2013-05-07,35.5099983215332,35.86000061035156,35.29999923706055,35.540000915527344,24.571134567260742,1008800
2013-05-08,35.54999923706055,35.970001220703125,35.40999984741211,35.70000076293945,24.681747436523438,1036900
2013-05-09,35.75,35.9900016784668,35.22999954223633,35.33000183105469,24.425952911376953,1102300
2013-05-10,35.369998931884766,36.130001068115234,35.34000015258789,36.119998931884766,24.972129821777344,873500
2013-05-13,36.119998931884766,36.25,35.41999816894531,35.470001220703125,24.522733688354492,732400
2013-05-14,35.45000076293945,35.90999984741211,35.29999923706055,35.5,24.543481826782227,830900
2013-05-15,35.41999816894531,35.880001068115234,34.93000030517578,35.880001068115234,24.80620765686035,845400
2013-05-16,35.630001068115234,36.59000015258789,35.630001068115234,36.38999938964844,25.158798217773438,1388200
2013-05-17,36.68000030517578,36.880001068115234,36.2599983215332,36.880001068115234,25.497562408447266,1015600
2013-05-20,36.81999969482422,36.9900016784668,36.41999816894531,36.65999984741211,25.345460891723633,960400
2013-05-21,36.59000015258789,36.84000015258789,36.5099983215332,36.66999816894531,25.352371215820312,657100
2013-05-22,36.709999084472656,36.720001220703125,35.459999084472656,35.630001068115234,24.633358001708984,1229500
2013-05-23,35.4900016784668,35.540000915527344,35.20000076293945,35.349998474121094,24.439769744873047,1073300
2013-05-24,35.08000183105469,35.25,34.65999984741211,35.119998931884766,24.28075408935547,881200
2013-05-28,35.650001525878906,35.939998626708984,35.099998474121094,35.5,24.543481826782227,696400
2013-05-29,35.40999984741211,35.41999816894531,34.900001525878906,35.11000061035156,24.27383804321289,734900
2013-05-30,35.150001525878906,35.88999938964844,35.130001068115234,35.619998931884766,24.626445770263672,868600
2013-05-31,35.41999816894531,35.70000076293945,34.91999816894531,34.93000030517578,24.149394989013672,868700
2013-06-03,35.0,35.29999923706055,34.72999954223633,34.95000076293945,24.163225173950195,885900
2013-06-04,35.0,35.43000030517578,34.65999984741211,34.7599983215332,24.03186798095703,1424400
2013-06-05,34.75,34.779998779296875,33.86000061035156,33.95000076293945,23.471858978271484,1285500
2013-06-06,34.06999969482422,34.33000183105469,33.79999923706055,34.33000183105469,23.734582901000977,755200
2013-06-07,34.86000061035156,34.9900016784668,34.45000076293945,34.84000015258789,24.08717155456543,1808700
2013-06-10,35.040000915527344,35.31999969482422,34.849998474121094,34.900001525878906,24.128652572631836,1183500
2013-06-11,34.52000045776367,34.86000061035156,34.31999969482422,34.349998474121094,23.74840545654297,1047200
2013-06-12,34.59000015258789,34.59000015258789,33.959999084472656,34.09000015258789,23.568655014038086,1206400
2013-06-13,33.970001220703125,34.709999084472656,33.90999984741211,34.61000061035156,23.928165435791016,1160600
2013-06-14,34.2400016784668,34.31999969482422,33.66999816894531,33.720001220703125,23.619956970214844,963000
2013-06-17,33.880001068115234,35.310001373291016,33.880001068115234,34.939998626708984,24.474529266357422,1556300
2013-06-18,35.060001373291016,36.25,35.060001373291016,35.7599983215332,25.048921585083008,1494100
2013-06-19,35.81999969482422,36.0,34.869998931884766,34.959999084472656,24.48854637145996,1006800
2013-06-20,34.56999969482422,35.13999938964844,34.11000061035156,34.2400016784668,23.984207153320312,1117200
2013-06-21,34.40999984741211,34.869998931884766,34.25,34.689998626708984,24.29941749572754,1524800
2013-06-24,34.52000045776367,34.93000030517578,34.18000030517578,34.560001373291016,24.208354949951172,931500
2013-06-25,34.93000030517578,35.09000015258789,34.369998931884766,34.95000076293945,24.481536865234375,724700
2013-06-26,35.2400016784668,35.58000183105469,34.849998474121094,35.459999084472656,24.838787078857422,1031200
2013-06-27,35.70000076293945,36.27000045776367,35.70000076293945,36.209999084472656,25.364139556884766,790300
2013-06-28,36.0099983215332,36.79999923706055,36.0,36.16999816894531,25.336124420166016,2137400
2013-07-01,36.18000030517578,36.630001068115234,36.130001068115234,36.29999923706055,25.42717933654785,689600
2013-07-02,36.22999954223633,36.33000183105469,35.08000183105469,35.20000076293945,24.656652450561523,1116400
2013-07-03,35.0099983215332,35.22999954223633,34.720001220703125,35.08000183105469,24.572589874267578,528400
2013-07-05,35.400001525878906,35.5099983215332,35.060001373291016,35.34000015258789,24.754724502563477,630700
2013-07-08,35.63999938964844,35.66999816894531,34.93000030517578,34.959999084472656,24.48854637145996,723100
2013-07-09,35.36000061035156,35.47999954223633,35.13999938964844,35.16999816894531,24.635639190673828,816500
2013-07-10,35.18000030517578,35.81999969482422,35.130001068115234,35.779998779296875,25.062929153442383,1207300
2013-07-11,36.16999816894531,36.7599983215332,36.0,36.060001373291016,25.25905418395996,1661500
2013-07-12,35.97999954223633,36.310001373291016,35.650001525878906,36.310001373291016,25.43418312072754,1115300
2013-07-15,36.45000076293945,36.97999954223633,36.18000030517578,36.900001525878906,25.84745979309082,904300
2013-07-16,36.900001525878906,36.97999954223633,36.22999954223633,36.43000030517578,25.51823616027832,782500
2013-07-17,36.4900016784668,36.709999084472656,36.16999816894531,36.349998474121094,25.462196350097656,672300
2013-07-18,36.56999969482422,36.84000015258789,36.40999984741211,36.52000045776367,25.581279754638672,552300
2013-07-19,36.58000183105469,36.810001373291016,36.41999816894531,36.70000076293945,25.707372665405273,647100
2013-07-22,37.0,37.66999816894531,36.720001220703125,37.560001373291016,26.309776306152344,1492100
2013-07-23,37.56999969482422,37.650001525878906,37.400001525878906,37.5,26.267744064331055,1181100
2013-07-24,37.66999816894531,37.66999816894531,36.84000015258789,36.90999984741211,25.854463577270508,1058400
2013-07-25,36.77000045776367,37.369998931884766,36.7400016784668,37.209999084472656,26.064598083496094,962000
2013-07-26,36.939998626708984,36.9900016784668,36.56999969482422,36.83000183105469,25.798431396484375,711600
2013-07-29,36.709999084472656,37.20000076293945,36.599998474121094,36.86000061035156,25.819435119628906,1387700
2013-07-30,37.130001068115234,37.5,36.97999954223633,37.2599983215332,26.09963035583496,1935300
2013-07-31,38.54999923706055,40.189998626708984,37.900001525878906,40.08000183105469,28.07496452331543,4536800
2013-08-01,40.119998931884766,40.25,39.54999923706055,39.939998626708984,27.976905822753906,1475700
2013-08-02,39.939998626708984,39.9900016784668,39.619998931884766,39.81999969482422,27.89284324645996,688500
2013-08-05,39.7599983215332,40.189998626708984,39.58000183105469,39.68000030517578,27.79476547241211,894400
2013-08-06,39.599998474121094,39.7400016784668,39.0,39.2400016784668,27.486574172973633,887100
2013-08-07,39.310001373291016,39.45000076293945,38.75,38.939998626708984,27.276426315307617,631900
2013-08-08,39.36000061035156,39.41999816894531,38.970001220703125,39.0099983215332,27.325456619262695,494600
2013-08-09,39.08000183105469,39.380001068115234,38.810001373291016,38.880001068115234,27.23440170288086,476000
2013-08-12,38.779998779296875,39.959999084472656,38.7400016784668,39.5,27.66868782043457,1128000
2013-08-13,39.459999084472656,39.68000030517578,38.939998626708984,39.029998779296875,27.339462280273438,828500
2013-08-14,38.97999954223633,39.06999969482422,38.84000015258789,38.869998931884766,27.227392196655273,508500
2013-08-15,38.560001373291016,38.58000183105469,38.119998931884766,38.279998779296875,26.814109802246094,758000
2013-08-16,38.31999969482422,38.349998474121094,37.650001525878906,37.779998779296875,26.46388053894043,866700
2013-08-19,37.90999984741211,38.290000915527344,37.709999084472656,38.06999969482422,26.66701316833496,1178500
2013-08-20,38.2400016784668,38.599998474121094,37.90999984741211,38.45000076293945,26.933191299438477,922200
2013-08-21,38.66999816894531,40.939998626708984,38.56999969482422,40.279998779296875,28.215057373046875,2963700
2013-08-22,40.40999984741211,40.84000015258789,40.40999984741211,40.63999938964844,28.46722412109375,1240200
2013-08-23,40.7400016784668,40.90999984741211,40.40999984741211,40.599998474121094,28.439205169677734,1307000
2013-08-26,40.599998474121094,40.81999969482422,40.2599983215332,40.41999816894531,28.313121795654297,1095500
2013-08-27,39.97999954223633,40.189998626708984,39.5,39.72999954223633,27.829797744750977,1015000
2013-08-28,39.70000076293945,39.900001525878906,39.38999938964844,39.5099983215332,27.675683975219727,944400
2013-08-29,39.47999954223633,42.40999984741211,39.41999816894531,41.22999954223633,28.880504608154297,3937700
2013-08-30,41.22999954223633,41.27000045776367,40.43000030517578,40.77000045776367,28.55829429626465,1767200
2013-09-03,41.380001068115234,41.81999969482422,41.08000183105469,41.459999084472656,29.04161262512207,1810200
2013-09-04,41.529998779296875,42.310001373291016,41.34000015258789,42.29999923706055,29.63001251220703,2333600
2013-09-05,42.27000045776367,42.599998474121094,42.0,42.189998626708984,29.55296516418457,1392600
2013-09-06,42.5099983215332,42.5099983215332,41.459999084472656,41.77000045776367,29.258764266967773,2082000
2013-09-09,41.97999954223633,42.220001220703125,41.79999923706055,42.13999938964844,29.5179386138916,1667400
2013-09-10,42.31999969482422,42.77000045776367,42.29999923706055,42.650001525878906,29.875185012817383,1568300
2013-09-11,42.709999084472656,43.61000061035156,42.66999816894531,43.22999954223633,30.281461715698242,1876200
2013-09-12,42.81999969482422,42.81999969482422,42.11000061035156,42.400001525878906,30.012460708618164,1347900
2013-09-13,42.650001525878906,42.7400016784668,42.189998626708984,42.70000076293945,30.224824905395508,1304500
2013-09-16,43.15999984741211,43.290000915527344,42.84000015258789,43.119998931884766,30.522127151489258,953100
2013-09-17,43.25,44.86000061035156,43.189998626708984,44.41999816894531,31.442304611206055,2453500
2013-09-18,44.470001220703125,45.33000183105469,44.33000183105469,44.72999954223633,31.661741256713867,1593600
2013-09-19,44.72999954223633,45.220001220703125,44.45000076293945,44.97999954223633,31.83870506286621,1584300
2013-09-20,45.02000045776367,45.02000045776367,43.5099983215332,43.61000061035156,30.86896514892578,4374800
2013-09-23,43.619998931884766,43.83000183105469,42.93000030517578,43.54999923706055,30.82648468017578,1352500
2013-09-24,43.630001068115234,44.58000183105469,43.0099983215332,44.040000915527344,31.173337936401367,1610100
2013-09-25,44.2400016784668,46.34000015258789,44.0099983215332,45.16999816894531,31.973196029663086,2710300
2013-09-26,45.290000915527344,45.61000061035156,44.70000076293945,45.41999816894531,32.15016174316406,1404500
2013-09-27,45.18000030517578,45.31999969482422,44.83000183105469,45.189998626708984,31.987340927124023,860900
2013-09-30,44.77000045776367,45.209999084472656,44.52000045776367,45.189998626708984,31.987340927124023,1407000
2013-10-01,45.060001373291016,46.33000183105469,45.0,46.310001373291016,32.7801399230957,1713800
2013-10-02,45.84000015258789,47.25,45.25,47.20000076293945,33.41010284423828,2301700
2013-10-03,47.20000076293945,47.27000045776367,46.220001220703125,47.06999969482422,33.31809616088867,2167000
2013-10-04,47.130001068115234,47.560001373291016,46.75,47.130001068115234,33.360557556152344,1328300
2013-10-07,46.90999984741211,47.34000015258789,46.290000915527344,46.779998779296875,33.11281967163086,1136100
2013-10-08,46.68000030517578,47.029998779296875,46.040000915527344,46.06999969482422,32.61025619506836,1031900
2013-10-09,46.43000030517578,46.650001525878906,45.880001068115234,46.060001373291016,32.603179931640625,992200
2013-10-10,46.459999084472656,47.97999954223633,46.400001525878906,47.560001373291016,33.664939880371094,1442500
2013-10-11,47.29999923706055,47.630001068115234,47.099998474121094,47.61000061035156,33.7003288269043,967500
2013-10-14,47.310001373291016,47.709999084472656,47.040000915527344,47.65999984741211,33.73572540283203,523900
2013-10-15,47.380001068115234,47.65999984741211,46.81999969482422,47.220001220703125,33.42427062988281,1047600
2013-10-16,47.599998474121094,50.0,47.209999084472656,48.709999084472656,34.47895050048828,1643400
2013-10-17,48.4900016784668,48.900001525878906,48.290000915527344,48.540000915527344,34.358619689941406,882800
2013-10-18,48.560001373291016,48.93000030517578,48.2400016784668,48.86000061035156,34.58512878417969,997600
2013-10-21,48.900001525878906,49.11000061035156,48.86000061035156,49.040000915527344,34.71253967285156,1124200
2013-10-22,49.130001068115234,49.869998931884766,48.95000076293945,49.33000183105469,34.91781234741211,1336900
2013-10-23,48.849998474121094,49.119998931884766,48.529998779296875,48.77000045776367,34.52143478393555,772200
2013-10-24,48.77000045776367,49.099998474121094,48.650001525878906,48.83000183105469,34.56389617919922,511100
2013-10-25,48.939998626708984,49.0,48.56999969482422,48.900001525878906,34.613441467285156,767100
2013-10-28,48.81999969482422,48.88999938964844,47.560001373291016,47.79999923706055,33.83482360839844,1408800
2013-10-29,48.04999923706055,48.349998474121094,47.79999923706055,48.06999969482422,34.02593994140625,1408800
2013-10-30,50.0,50.38999938964844,47.630001068115234,48.27000045776367,34.16749572753906,2542200
2013-10-31,47.869998931884766,47.869998931884766,45.84000015258789,46.75,33.09158706665039,2687100
2013-11-01,46.81999969482422,47.029998779296875,46.099998474121094,46.61000061035156,32.99248504638672,1451900
2013-11-04,46.95000076293945,48.02000045776367,46.68000030517578,47.90999984741211,33.91267395019531,1463600
2013-11-05,47.709999084472656,48.099998474121094,47.470001220703125,47.9900016784668,33.96930694580078,1289500
2013-11-06,48.08000183105469,48.09000015258789,47.38999938964844,47.95000076293945,33.94099426269531,874400
2013-11-07,47.470001220703125,47.77000045776367,46.20000076293945,46.349998474121094,32.808441162109375,1298400
2013-11-08,46.59000015258789,46.7400016784668,46.099998474121094,46.25,32.737667083740234,1621300
2013-11-11,46.11000061035156,46.20000076293945,45.65999984741211,45.900001525878906,32.489925384521484,1398000
2013-11-12,45.900001525878906,46.119998931884766,45.61000061035156,45.849998474121094,32.45451736450195,1424400
2013-11-13,45.779998779296875,46.0,45.58000183105469,45.88999938964844,32.48283767700195,1488900
2013-11-14,46.0,46.470001220703125,45.849998474121094,46.33000183105469,32.7943000793457,1877900
2013-11-15,46.27000045776367,47.77000045776367,46.2400016784668,47.77000045776367,33.81358337402344,2035800
2013-11-18,47.709999084472656,47.97999954223633,47.099998474121094,47.22999954223633,33.43135452270508,703500
2013-11-19,47.13999938964844,47.81999969482422,46.810001373291016,47.70000076293945,33.7640266418457,1407000
2013-11-20,47.9900016784668,48.4900016784668,47.52000045776367,47.86000061035156,33.877296447753906,811600
2013-11-21,48.08000183105469,48.34000015258789,47.869998931884766,48.15999984741211,34.089637756347656,746800
2013-11-22,48.099998474121094,48.25,48.0,48.08000183105469,34.033016204833984,746100
2013-11-25,48.25,48.459999084472656,47.83000183105469,48.34000015258789,34.2170524597168,937400
2013-11-26,47.880001068115234,49.150001525878906,47.72999954223633,48.81999969482422,34.55681610107422,1369700
2013-11-27,49.08000183105469,49.2599983215332,48.47999954223633,48.7400016784668,34.50019454956055,657800
2013-11-29,48.7599983215332,49.0,48.400001525878906,48.560001373291016,34.37276840209961,356100
2013-12-02,48.59000015258789,49.0,48.189998626708984,48.369998931884766,34.23829650878906,762700
2013-12-03,48.099998474121094,48.099998474121094,47.290000915527344,47.79999923706055,33.83482360839844,1270600
2013-12-04,47.349998474121094,47.7599983215332,46.290000915527344,47.15999984741211,33.38180160522461,1046700
2013-12-05,47.08000183105469,47.97999954223633,47.08000183105469,47.880001068115234,33.891448974609375,762000
2013-12-06,48.45000076293945,48.880001068115234,48.20000076293945,48.83000183105469,34.56389617919922,634900
2013-12-09,48.75,49.720001220703125,48.02000045776367,49.02000045776367,34.698394775390625,1259600
2013-12-10,49.0,49.33000183105469,48.79999923706055,48.95000076293945,34.64884948730469,546700
2013-12-11,48.84000015258789,49.130001068115234,48.13999938964844,48.20000076293945,34.11795425415039,704000
2013-12-12,47.7400016784668,47.95000076293945,47.060001373291016,47.119998931884766,33.66780471801758,1539800
2013-12-13,47.310001373291016,47.70000076293945,46.38999938964844,46.58000183105469,33.28197479248047,1497300
2013-12-16,46.68000030517578,46.79999923706055,46.36000061035156,46.5099983215332,33.23195266723633,927400
2013-12-17,46.380001068115234,46.77000045776367,46.25,46.56999969482422,33.27482986450195,745600
2013-12-18,46.2599983215332,46.2599983215332,43.66999816894531,45.79999923706055,32.72465896606445,2017500
2013-12-19,45.77000045776367,45.86000061035156,45.34000015258789,45.70000076293945,32.65320587158203,1066400
2013-12-20,45.63999938964844,46.22999954223633,45.38999938964844,46.029998779296875,32.88899612426758,1889800
2013-12-23,46.279998779296875,46.36000061035156,45.91999816894531,46.13999938964844,32.96759033203125,987100
2013-12-24,46.099998474121094,46.540000915527344,46.0,46.20000076293945,33.01046371459961,357100
2013-12-26,46.25,46.529998779296875,45.9900016784668,46.099998474121094,32.939002990722656,508700
2013-12-27,46.2400016784668,47.0099983215332,46.15999984741211,46.66999816894531,33.346275329589844,1285800
2013-12-30,46.66999816894531,46.88999938964844,46.400001525878906,46.65999984741211,33.339134216308594,1299700
2013-12-31,46.61000061035156,46.849998474121094,46.150001525878906,46.189998626708984,33.00332260131836,693200
2014-01-02,45.75,45.84000015258789,44.560001373291016,44.95000076293945,32.11731719970703,1830300
2014-01-03,45.83000183105469,46.70000076293945,45.11000061035156,46.58000183105469,33.28197479248047,2497400
2014-01-06,46.68000030517578,47.380001068115234,46.33000183105469,46.40999984741211,33.1605110168457,1413400
2014-01-07,46.40999984741211,46.63999938964844,45.59000015258789,45.68000030517578,32.638919830322266,1008200
2014-01-08,45.68000030517578,45.88999938964844,45.08000183105469,45.400001525878906,32.43885040283203,1741300
2014-01-09,45.650001525878906,45.7400016784668,44.41999816894531,44.869998931884766,32.060157775878906,1079900
2014-01-10,45.04999923706055,45.2599983215332,44.720001220703125,45.04999923706055,32.188777923583984,837300
2014-01-13,46.11000061035156,46.16999816894531,45.08000183105469,45.40999984741211,32.44599533081055,1222200
2014-01-14,45.40999984741211,46.38999938964844,45.189998626708984,46.310001373291016,33.08906173706055,979100
2014-01-15,46.349998474121094,47.310001373291016,46.349998474121094,47.06999969482422,33.63208770751953,1105900
2014-01-16,47.0,47.220001220703125,46.79999923706055,46.95000076293945,33.54634475708008,617500
2014-01-17,46.77000045776367,47.15999984741211,46.540000915527344,46.65999984741211,33.339134216308594,977900
2014-01-21,46.810001373291016,47.27000045776367,46.34000015258789,46.56999969482422,33.27482986450195,733700
2014-01-22,46.77000045776367,47.0,46.09000015258789,46.650001525878906,33.33198928833008,542100
2014-01-23,46.25,46.66999816894531,45.869998931884766,46.20000076293945,33.01046371459961,803800
2014-01-24,45.79999923706055,46.04999923706055,45.119998931884766,45.209999084472656,32.3030891418457,963100
2014-01-27,45.20000076293945,45.59000015258789,44.84000015258789,45.27000045776367,32.3459587097168,837000
2014-01-28,45.40999984741211,45.81999969482422,45.09000015258789,45.650001525878906,32.617469787597656,644100
2014-01-29,44.91999816894531,45.5,44.75,44.79999923706055,32.01014709472656,845800
2014-01-30,45.119998931884766,46.040000915527344,44.84000015258789,45.79999923706055,32.72465896606445,701800
2014-01-31,44.939998626708984,45.75,44.88999938964844,45.04999923706055,32.188777923583984,898100
2014-02-03,45.04999923706055,45.18000030517578,43.400001525878906,43.630001068115234,31.174161911010742,1578200
2014-02-04,43.81999969482422,44.11000061035156,43.41999816894531,44.099998474121094,31.509981155395508,956000
2014-02-05,43.029998779296875,44.209999084472656,43.029998779296875,44.040000915527344,31.467119216918945,934900
2014-02-06,44.150001525878906,45.5,44.150001525878906,45.130001068115234,32.24592590332031,802100
2014-02-07,45.36000061035156,45.65999984741211,44.869998931884766,45.529998779296875,32.53173065185547,784300
2014-02-10,45.540000915527344,45.66999816894531,44.5,44.52000045776367,31.810081481933594,1465600
2014-02-11,44.40999984741211,45.7599983215332,44.290000915527344,45.2599983215332,32.33881759643555,1345700
2014-02-12,45.47999954223633,46.220001220703125,45.29999923706055,46.02000045776367,32.88184356689453,1057900
2014-02-13,45.79999923706055,46.93000030517578,45.79999923706055,46.2599983215332,33.05332946777344,1274700
2014-02-14,46.0,46.20000076293945,45.54999923706055,46.08000183105469,32.92471694946289,838300
2014-02-18,45.91999816894531,47.310001373291016,45.33000183105469,47.16999816894531,33.70353698730469,2114600
2014-02-19,52.34000015258789,52.720001220703125,49.459999084472656,51.68000030517578,36.92598342895508,9413600
2014-02-20,50.9900016784668,51.959999084472656,50.279998779296875,51.560001373291016,36.84024429321289,2861200
2014-02-21,52.02000045776367,52.33000183105469,51.540000915527344,51.970001220703125,37.133201599121094,2681900
2014-02-24,51.939998626708984,52.79999923706055,51.68000030517578,51.70000076293945,36.94028091430664,2022900
2014-02-25,51.7400016784668,52.54999923706055,51.70000076293945,51.9900016784668,37.14750289916992,1322300
2014-02-26,51.90999984741211,52.43000030517578,51.900001525878906,52.150001525878906,37.26181411743164,1167000
2014-02-27,51.970001220703125,53.88999938964844,51.849998474121094,53.54999923706055,38.26211166381836,2885500
2014-02-28,53.439998626708984,54.060001373291016,52.959999084472656,53.65999984741211,38.340721130371094,1379900
2014-03-03,52.5099983215332,53.849998474121094,52.5,53.599998474121094,38.2978515625,1382500
2014-03-04,54.209999084472656,55.0,53.91999816894531,54.97999954223633,39.28388214111328,2246500
2014-03-05,54.84000015258789,55.029998779296875,54.439998626708984,54.5,38.94091033935547,1209000
2014-03-06,54.560001373291016,54.70000076293945,53.779998779296875,53.93000030517578,38.53364181518555,862100
2014-03-07,54.349998474121094,54.4900016784668,53.470001220703125,53.61000061035156,38.304996490478516,888300
2014-03-10,53.59000015258789,53.689998626708984,52.83000183105469,53.119998931884766,37.95487594604492,855200
2014-03-11,53.099998474121094,53.81999969482422,53.040000915527344,53.40999984741211,38.16209411621094,1523400
2014-03-12,53.290000915527344,54.119998931884766,53.0099983215332,54.06999969482422,38.63367462158203,1106900
2014-03-13,53.72999954223633,53.86000061035156,52.09000015258789,52.4900016784668,37.81949234008789,974800
2014-03-14,52.400001525878906,53.0099983215332,52.029998779296875,52.189998626708984,37.60334396362305,734000
2014-03-17,52.43000030517578,53.849998474121094,52.209999084472656,53.369998931884766,38.45354080200195,977700
2014-03-18,53.380001068115234,54.56999969482422,53.150001525878906,54.34000015258789,39.15243911743164,1047500
2014-03-19,54.029998779296875,54.65999984741211,53.77000045776367,54.459999084472656,39.2389030456543,1141400
2014-03-20,54.150001525878906,54.83000183105469,53.7599983215332,54.63999938964844,39.36857986450195,917400
2014-03-21,55.08000183105469,55.689998626708984,54.84000015258789,55.099998474121094,39.70002365112305,2024600
2014-03-24,55.16999816894531,55.61000061035156,54.68000030517578,54.95000076293945,39.591949462890625,1228900
2014-03-25,55.25,55.63999938964844,54.290000915527344,54.459999084472656,39.2389030456543,800700
2014-03-26,56.5,56.790000915527344,55.11000061035156,55.36000061035156,39.88736343383789,1589600
2014-03-27,55.40999984741211,58.209999084472656,55.279998779296875,56.02000045776367,40.36288833618164,2940300
2014-03-28,56.04999923706055,56.31999969482422,55.279998779296875,55.56999969482422,40.038665771484375,1428000
2014-03-31,55.939998626708984,56.5,55.25,55.2599983215332,39.815311431884766,1435500
2014-04-01,55.599998474121094,55.75,55.15999984741211,55.650001525878906,40.0963134765625,1632500
2014-04-02,55.9900016784668,56.900001525878906,55.54999923706055,56.900001525878906,40.9969482421875,1506700
2014-04-03,56.88999938964844,57.540000915527344,56.41999816894531,57.349998474121094,41.3211669921875,1915400
2014-04-04,57.59000015258789,57.75,55.68000030517578,55.709999084472656,40.1395378112793,1442200
2014-04-07,55.58000183105469,56.13999938964844,55.13999938964844,55.650001525878906,40.0963134765625,1993600
2014-04-08,55.560001373291016,56.83000183105469,55.560001373291016,56.779998779296875,40.91047286987305,1125500
2014-04-09,56.75,57.29999923706055,56.36000061035156,57.11000061035156,41.14824676513672,1086100
2014-04-10,57.0099983215332,57.18000030517578,55.220001220703125,55.22999954223633,39.7936897277832,1264400
2014-04-11,55.0,55.939998626708984,54.59000015258789,54.86000061035156,39.527099609375,1049800
2014-04-14,55.45000076293945,55.86000061035156,54.619998931884766,55.11000061035156,39.70723342895508,1033600
2014-04-15,55.33000183105469,56.150001525878906,54.56999969482422,55.43000030517578,39.93778991699219,1248400
2014-04-16,55.83000183105469,56.02000045776367,54.7599983215332,55.81999969482422,40.21878433227539,771200
2014-04-17,55.75,56.470001220703125,55.540000915527344,56.16999816894531,40.47095489501953,1031400
2014-04-21,56.279998779296875,56.900001525878906,55.97999954223633,56.5099983215332,40.71593475341797,997200
2014-04-22,56.88999938964844,56.900001525878906,55.77000045776367,56.209999084472656,40.499778747558594,1269800
2014-04-23,56.36000061035156,56.47999954223633,55.849998474121094,56.11000061035156,40.427734375,858900
2014-04-24,56.189998626708984,56.31999969482422,55.439998626708984,55.4900016784668,39.98101806640625,782500
2014-04-25,55.31999969482422,55.43000030517578,53.86000061035156,54.2400016784668,39.080379486083984,898900
2014-04-28,54.7599983215332,55.150001525878906,53.849998474121094,54.709999084472656,39.41902542114258,889400
2014-04-29,54.939998626708984,55.599998474121094,54.81999969482422,55.09000015258789,39.692813873291016,1880900
2014-04-30,58.7400016784668,59.56999969482422,56.7599983215332,57.099998474121094,41.14104461669922,4274700
2014-05-01,57.06999969482422,57.41999816894531,56.380001068115234,56.81999969482422,40.93929672241211,1407700
2014-05-02,56.849998474121094,58.689998626708984,56.7599983215332,57.529998779296875,41.45085906982422,1682800
2014-05-05,57.18000030517578,57.9900016784668,56.599998474121094,57.47999954223633,41.41482162475586,1221300
2014-05-06,57.5,58.72999954223633,57.459999084472656,58.36000061035156,42.04888153076172,2565900
2014-05-07,58.040000915527344,58.470001220703125,56.40999984741211,56.5,40.7087287902832,2333900
2014-05-08,56.43000030517578,56.79999923706055,55.630001068115234,55.880001068115234,40.26201248168945,1871300
2014-05-09,55.880001068115234,56.15999984741211,55.33000183105469,55.83000183105469,40.225990295410156,1294600
2014-05-12,56.130001068115234,57.15999984741211,55.93000030517578,56.369998931884766,40.61506652832031,1404100
2014-05-13,56.5,56.880001068115234,55.619998931884766,55.83000183105469,40.225990295410156,1761600
2014-05-14,55.77000045776367,56.45000076293945,55.66999816894531,55.95000076293945,40.31244659423828,1882100
2014-05-15,55.88999938964844,56.0,54.790000915527344,55.0099983215332,39.63516616821289,1461600
2014-05-16,55.16999816894531,55.560001373291016,54.66999816894531,55.06999969482422,39.67840576171875,1208900
2014-05-19,54.70000076293945,56.0,54.66999816894531,55.470001220703125,39.96662139892578,1119200
2014-05-20,55.369998931884766,55.63999938964844,54.939998626708984,55.08000183105469,39.68560791015625,991600
2014-05-21,55.2400016784668,55.56999969482422,54.810001373291016,55.380001068115234,39.90176773071289,1033800
2014-05-22,55.36000061035156,56.0,55.2400016784668,55.83000183105469,40.225990295410156,1073400
2014-05-23,56.0,57.41999816894531,55.79999923706055,57.38999938964844,41.34999084472656,1241600
2014-05-27,57.77000045776367,58.150001525878906,57.40999984741211,57.97999954223633,41.775081634521484,1512800
2014-05-28,57.91999816894531,58.58000183105469,57.70000076293945,58.189998626708984,41.9264030456543,1241100
2014-05-29,58.470001220703125,58.93000030517578,58.189998626708984,58.84000015258789,42.394737243652344,1130900
2014-05-30,58.970001220703125,59.150001525878906,58.36000061035156,58.90999984741211,42.44517135620117,1435800
2014-06-02,58.939998626708984,59.15999984741211,58.279998779296875,58.7400016784668,42.322669982910156,1380000
2014-06-03,58.369998931884766,58.41999816894531,57.529998779296875,58.040000915527344,41.818321228027344,1257400
2014-06-04,57.95000076293945,58.33000183105469,57.65999984741211,58.310001373291016,42.01285934448242,833300
2014-06-05,58.31999969482422,58.970001220703125,58.060001373291016,58.869998931884766,42.41633224487305,568100
2014-06-06,59.27000045776367,60.29999923706055,59.0,59.90999984741211,43.16566467285156,1133100
2014-06-09,59.7599983215332,60.95000076293945,59.72999954223633,60.779998779296875,43.79251480102539,1226200
2014-06-10,60.47999954223633,60.939998626708984,60.29999923706055,60.83000183105469,43.82854080200195,703600
2014-06-11,60.58000183105469,60.88999938964844,60.31999969482422,60.790000915527344,43.799713134765625,661500
2014-06-12,60.58000183105469,60.81999969482422,59.939998626708984,60.099998474121094,43.30256652832031,730200
2014-06-13,59.65999984741211,59.70000076293945,58.66999816894531,59.27000045776367,43.04836654663086,905300
2014-06-16,59.119998931884766,59.939998626708984,59.06999969482422,59.779998779296875,43.41877365112305,606500
2014-06-17,59.779998779296875,60.540000915527344,59.72999954223633,60.5,43.94171905517578,736600
2014-06-18,59.560001373291016,61.25,59.52000045776367,61.2400016784668,44.47918701171875,1259700
2014-06-19,61.2599983215332,61.29999923706055,60.16999816894531,61.119998931884766,44.39202117919922,1180500
2014-06-20,61.16999816894531,61.33000183105469,59.97999954223633,60.04999923706055,43.61487579345703,2737300
2014-06-23,59.900001525878906,60.72999954223633,59.900001525878906,60.08000183105469,43.636661529541016,883800
2014-06-24,59.90999984741211,61.060001373291016,59.58000183105469,59.90999984741211,43.513187408447266,1464100
2014-06-25,59.86000061035156,60.06999969482422,59.2400016784668,59.95000076293945,43.54225540161133,1440600
2014-06-26,60.029998779296875,60.189998626708984,59.15999984741211,59.22999954223633,43.01930618286133,1034500
2014-06-27,59.099998474121094,60.709999084472656,59.09000015258789,60.59000015258789,44.00708770751953,1806100
2014-06-30,60.36000061035156,61.060001373291016,60.220001220703125,60.900001525878906,44.232242584228516,941700
2014-07-01,60.75,61.34000015258789,60.470001220703125,61.040000915527344,44.33392333984375,794600
2014-07-02,61.0,61.619998931884766,60.72999954223633,61.20000076293945,44.45013427734375,828300
2014-07-03,61.150001525878906,62.04999923706055,60.88999938964844,61.689998626708984,44.8060188293457,847600
2014-07-07,61.72999954223633,61.75,61.16999816894531,61.25,44.486446380615234,954800
2014-07-08,61.13999938964844,61.27000045776367,59.79999923706055,60.630001068115234,44.03614044189453,1838800
2014-07-09,59.720001220703125,59.720001220703125,56.689998626708984,57.86000061035156,42.024261474609375,5213700
2014-07-10,57.720001220703125,57.86000061035156,56.779998779296875,57.349998474121094,41.65384292602539,1807000
2014-07-11,57.540000915527344,57.56999969482422,56.869998931884766,57.5099983215332,41.77005386352539,1161200
2014-07-14,57.849998474121094,58.5099983215332,57.630001068115234,58.150001525878906,42.234893798828125,1054000
2014-07-15,58.0,58.25,57.380001068115234,57.40999984741211,41.697425842285156,1074200
2014-07-16,57.88999938964844,57.88999938964844,56.380001068115234,56.689998626708984,41.174468994140625,1599600
2014-07-17,56.380001068115234,56.939998626708984,55.93000030517578,56.13999938964844,40.77500534057617,1080200
2014-07-18,56.439998626708984,56.939998626708984,56.060001373291016,56.61000061035156,41.11636734008789,1040300
2014-07-21,56.45000076293945,56.599998474121094,55.959999084472656,56.349998474121094,40.92753601074219,812500
2014-07-22,56.61000061035156,57.220001220703125,56.61000061035156,56.970001220703125,41.377845764160156,930200
2014-07-23,56.599998474121094,57.310001373291016,56.4900016784668,57.25,41.581207275390625,798500
2014-07-24,57.31999969482422,58.0099983215332,57.31999969482422,57.900001525878906,42.05332946777344,976800
2014-07-25,57.88999938964844,58.16999816894531,57.0099983215332,57.099998474121094,41.47227096557617,761100
2014-07-28,57.040000915527344,57.869998931884766,56.97999954223633,57.52000045776367,41.777313232421875,861600
2014-07-29,57.22999954223633,57.810001373291016,56.880001068115234,57.58000183105469,41.82088851928711,2074600
2014-07-30,61.599998474121094,61.75,53.779998779296875,54.40999984741211,39.51848602294922,9633000
2014-07-31,54.22999954223633,56.29999923706055,54.0,55.02000045776367,39.9615478515625,2930600
2014-08-01,54.9900016784668,55.599998474121094,53.880001068115234,54.52000045776367,39.598388671875,1409200
2014-08-04,54.56999969482422,55.20000076293945,54.45000076293945,55.08000183105469,40.00511169433594,1325400
2014-08-05,54.70000076293945,55.040000915527344,54.27000045776367,54.52000045776367,39.598388671875,1176100
2014-08-06,54.380001068115234,55.13999938964844,54.060001373291016,55.0,39.947021484375,839700
2014-08-07,55.33000183105469,55.72999954223633,54.83000183105469,55.040000915527344,39.976070404052734,1082700
2014-08-08,55.09000015258789,55.66999816894531,55.040000915527344,55.59000015258789,40.37553405761719,684000
2014-08-11,55.779998779296875,55.959999084472656,55.400001525878906,55.77000045776367,40.50627136230469,636000
2014-08-12,55.470001220703125,55.83000183105469,54.970001220703125,55.34000015258789,40.19395446777344,903300
2014-08-13,55.45000076293945,55.849998474121094,55.25,55.65999984741211,40.4263801574707,705600
2014-08-14,55.70000076293945,56.209999084472656,55.540000915527344,55.75,40.49174880981445,506300
2014-08-15,56.22999954223633,57.13999938964844,55.7400016784668,56.06999969482422,40.724159240722656,1239200
2014-08-18,56.38999938964844,56.810001373291016,55.849998474121094,56.0,40.67333221435547,867800
2014-08-19,55.939998626708984,56.189998626708984,55.88999938964844,56.11000061035156,40.75321578979492,1036400
2014-08-20,56.25,57.849998474121094,56.25,57.06999969482422,41.45048141479492,1272500
2014-08-21,57.25,57.5,57.029998779296875,57.400001525878906,41.690155029296875,499200
2014-08-22,57.380001068115234,57.91999816894531,57.06999969482422,57.63999938964844,41.864463806152344,1012700
2014-08-25,57.77000045776367,58.130001068115234,57.380001068115234,57.689998626708984,41.900787353515625,522600
2014-08-26,57.630001068115234,57.810001373291016,57.369998931884766,57.459999084472656,41.73373794555664,479100
2014-08-27,56.91999816894531,57.25,54.439998626708984,54.59000015258789,39.64923095703125,2915200
2014-08-28,54.38999938964844,54.5,53.20000076293945,54.119998931884766,39.30785369873047,2618300
2014-08-29,54.56999969482422,54.810001373291016,53.97999954223633,54.33000183105469,39.46039581298828,1162400
2014-09-02,54.36000061035156,54.529998779296875,53.5099983215332,53.91999816894531,39.16260528564453,1690100
2014-09-03,53.9900016784668,54.189998626708984,53.400001525878906,53.560001373291016,38.90113067626953,3158500
2014-09-04,53.540000915527344,54.029998779296875,52.38999938964844,52.439998626708984,38.0876579284668,2259400
2014-09-05,52.36000061035156,53.279998779296875,52.20000076293945,53.27000045776367,38.69049835205078,1577900
2014-09-08,53.0099983215332,54.029998779296875,52.58000183105469,53.560001373291016,38.90113067626953,1580300
2014-09-09,53.310001373291016,53.4900016784668,50.290000915527344,51.709999084472656,37.557456970214844,5306900
2014-09-10,51.900001525878906,53.939998626708984,51.900001525878906,53.77000045776367,39.05364990234375,4916900
2014-09-11,53.5,53.5,52.29999923706055,53.08000183105469,38.899757385253906,1546500
2014-09-12,52.84000015258789,54.02000045776367,52.45000076293945,53.529998779296875,39.22953796386719,2296600
2014-09-15,53.349998474121094,53.790000915527344,53.20000076293945,53.619998931884766,39.29549026489258,1538900
2014-09-16,53.54999923706055,54.20000076293945,53.380001068115234,53.7400016784668,39.38343811035156,1161900
2014-09-17,53.65999984741211,53.81999969482422,52.9900016784668,53.06999969482422,38.892417907714844,1188100
2014-09-18,53.16999816894531,53.45000076293945,53.029998779296875,53.060001373291016,38.885108947753906,864400
2014-09-19,53.400001525878906,53.400001525878906,52.040000915527344,52.099998474121094,38.18156051635742,2589500
2014-09-22,52.0099983215332,52.060001373291016,51.40999984741211,51.529998779296875,37.76383972167969,1117800
2014-09-23,51.349998474121094,52.0,50.709999084472656,50.75,37.19220733642578,1155800
2014-09-24,50.68000030517578,51.27000045776367,50.150001525878906,51.2400016784668,37.55131530761719,1459300
2014-09-25,51.16999816894531,51.40999984741211,50.5,50.75,37.19220733642578,952300
2014-09-26,51.06999969482422,52.06999969482422,50.849998474121094,51.86000061035156,38.00569152832031,990300
2014-09-29,51.45000076293945,51.939998626708984,51.0099983215332,51.869998931884766,38.01300811767578,1460900
2014-09-30,51.81999969482422,52.380001068115234,51.619998931884766,51.9900016784668,38.10094451904297,1054400
2014-10-01,51.7599983215332,51.939998626708984,50.95000076293945,50.9900016784668,37.36811065673828,1529400
2014-10-02,50.90999984741211,51.0,48.66999816894531,49.88999938964844,36.56196212768555,5507000
2014-10-03,49.95000076293945,50.63999938964844,49.15999984741211,50.45000076293945,36.972354888916016,1982700
2014-10-06,50.56999969482422,51.279998779296875,50.36000061035156,51.22999954223633,37.543983459472656,1460900
2014-10-07,51.08000183105469,51.099998474121094,49.90999984741211,50.060001373291016,36.68655014038086,1177800
2014-10-08,50.2400016784668,51.29999923706055,49.689998626708984,51.189998626708984,37.514671325683594,1919400
2014-10-09,51.130001068115234,51.130001068115234,49.15999984741211,49.720001220703125,36.437381744384766,1608300
2014-10-10,49.56999969482422,50.939998626708984,49.439998626708984,49.77000045776367,36.47401428222656,1618600
2014-10-13,49.63999938964844,50.369998931884766,49.099998474121094,49.349998474121094,36.16621780395508,1614000
2014-10-14,49.72999954223633,51.150001525878906,49.369998931884766,50.779998779296875,37.214195251464844,1937900
2014-10-15,50.09000015258789,52.119998931884766,49.86000061035156,51.86000061035156,38.00569152832031,2252700
2014-10-16,51.220001220703125,53.369998931884766,51.220001220703125,52.61000061035156,38.555320739746094,1573300
2014-10-17,52.90999984741211,53.099998474121094,51.9900016784668,52.2400016784668,38.28416061401367,1722800
2014-10-20,52.2599983215332,52.84000015258789,52.119998931884766,52.81999969482422,38.70921325683594,716500
2014-10-21,52.9900016784668,53.90999984741211,52.880001068115234,53.849998474121094,39.464054107666016,1532200
2014-10-22,53.93000030517578,55.029998779296875,53.56999969482422,53.599998474121094,39.28083801269531,1573300
2014-10-23,54.11000061035156,54.540000915527344,54.0099983215332,54.22999954223633,39.742530822753906,855100
2014-10-24,54.29999923706055,55.36000061035156,53.83000183105469,55.2599983215332,40.49737548828125,1594500
2014-10-27,56.099998474121094,56.75,55.380001068115234,56.61000061035156,41.48671340942383,3295100
2014-10-28,56.849998474121094,57.36000061035156,56.59000015258789,57.20000076293945,41.919105529785156,2847600
2014-10-29,54.900001525878906,55.5099983215332,53.310001373291016,53.959999084472656,39.544677734375,4001300
2014-10-30,55.0,55.0,53.84000015258789,54.13999938964844,39.67658615112305,2051300
2014-10-31,54.869998931884766,55.5,54.369998931884766,55.47999954223633,40.658592224121094,1525200
2014-11-03,55.47999954223633,56.150001525878906,55.0099983215332,55.70000076293945,40.81983184814453,1118200
2014-11-04,55.619998931884766,56.0099983215332,55.290000915527344,55.84000015258789,40.92243194580078,831800
2014-11-05,56.04999923706055,56.189998626708984,55.540000915527344,55.599998474121094,40.74654769897461,998000
2014-11-06,55.59000015258789,55.959999084472656,54.900001525878906,54.939998626708984,40.262855529785156,2286200
2014-11-07,55.13999938964844,55.15999984741211,54.150001525878906,54.70000076293945,40.086978912353516,1467600
2014-11-10,54.790000915527344,55.75,54.70000076293945,55.58000183105469,40.73188400268555,1252100
2014-11-11,55.72999954223633,56.040000915527344,55.5099983215332,55.810001373291016,40.90044021606445,799100
2014-11-12,55.72999954223633,56.150001525878906,55.4900016784668,56.060001373291016,41.08365249633789,1336000
2014-11-13,56.09000015258789,56.470001220703125,55.7400016784668,55.93000030517578,40.988372802734375,1019400
2014-11-14,56.11000061035156,56.529998779296875,55.869998931884766,55.95000076293945,41.0030403137207,920300
2014-11-17,55.43000030517578,56.13999938964844,55.310001373291016,55.810001373291016,40.90044021606445,995200
2014-11-18,56.08000183105469,56.81999969482422,55.630001068115234,56.63999938964844,41.50870895385742,1155600
2014-11-19,56.65999984741211,59.27000045776367,56.540000915527344,59.189998626708984,43.377479553222656,5073600
2014-11-20,58.97999954223633,60.189998626708984,58.599998474121094,58.7400016784668,43.047691345214844,2847800
2014-11-21,59.5099983215332,59.5099983215332,58.619998931884766,58.93000030517578,43.18693923950195,2134000
2014-11-24,58.70000076293945,59.959999084472656,58.5099983215332,59.630001068115234,43.699928283691406,1695100
2014-11-25,59.20000076293945,59.20000076293945,56.709999084472656,56.939998626708984,41.728572845458984,4247900
2014-11-26,56.91999816894531,57.31999969482422,56.65999984741211,57.06999969482422,41.82383728027344,1228200
2014-11-28,57.380001068115234,57.4900016784668,56.81999969482422,57.29999923706055,41.992393493652344,639000
2014-12-01,57.220001220703125,57.2599983215332,55.95000076293945,56.2400016784668,41.21556854248047,1310600
2014-12-02,56.369998931884766,56.650001525878906,55.619998931884766,56.400001525878906,41.332820892333984,1374800
2014-12-03,56.54999923706055,56.95000076293945,55.93000030517578,56.86000061035156,41.66994094848633,801800
2014-12-04,56.7400016784668,57.0,56.04999923706055,56.209999084472656,41.19357681274414,666600
2014-12-05,56.34000015258789,56.47999954223633,55.790000915527344,55.95000076293945,41.0030403137207,652300
2014-12-08,55.869998931884766,56.470001220703125,55.349998474121094,55.61000061035156,40.753875732421875,765700
2014-12-09,55.22999954223633,56.15999984741211,55.04999923706055,56.04999923706055,41.07632827758789,897100
2014-12-10,55.779998779296875,56.0099983215332,54.47999954223633,54.939998626708984,40.262855529785156,1444900
2014-12-11,54.91999816894531,54.939998626708984,52.9900016784668,53.279998779296875,39.390480041503906,2318100
2014-12-12,52.7400016784668,53.16999816894531,52.18000030517578,52.380001068115234,38.725093841552734,1544300
2014-12-15,52.47999954223633,52.849998474121094,52.02000045776367,52.27000045776367,38.64378356933594,1019200
2014-12-16,52.18000030517578,53.540000915527344,52.02000045776367,52.2400016784668,38.6215934753418,1196400
2014-12-17,52.290000915527344,53.45000076293945,51.9900016784668,53.380001068115234,39.46440505981445,1521400
2014-12-18,53.95000076293945,54.369998931884766,53.70000076293945,54.369998931884766,40.196327209472656,1597500
2014-12-19,54.0,54.220001220703125,52.959999084472656,53.29999923706055,39.40525436401367,2687000
2014-12-22,52.650001525878906,53.65999984741211,52.56999969482422,53.13999938964844,39.28697204589844,1762600
2014-12-23,53.56999969482422,53.56999969482422,52.599998474121094,53.36000061035156,39.44961929321289,1500700
2014-12-24,53.70000076293945,54.310001373291016,53.38999938964844,53.86000061035156,39.819278717041016,684900
2014-12-26,54.209999084472656,54.45000076293945,53.779998779296875,53.810001373291016,39.782310485839844,535100
2014-12-29,53.81999969482422,54.33000183105469,53.630001068115234,53.7599983215332,39.74533462524414,690900
2014-12-30,53.709999084472656,53.869998931884766,53.130001068115234,53.16999816894531,39.30914306640625,791000
2014-12-31,53.41999816894531,53.84000015258789,52.77000045776367,52.83000183105469,39.05778121948242,638500
2015-01-02,52.97999954223633,53.13999938964844,52.31999969482422,52.58000183105469,38.87295150756836,785200
2015-01-05,52.2400016784668,52.40999984741211,51.08000183105469,51.130001068115234,37.80095291137695,1611300
2015-01-06,51.04999923706055,51.25,50.08000183105469,50.5099983215332,37.34258270263672,2078400
2015-01-07,51.36000061035156,51.97999954223633,51.34000015258789,51.45000076293945,38.037532806396484,1750100
2015-01-08,51.65999984741211,51.869998931884766,50.959999084472656,51.45000076293945,38.037532806396484,2235700
2015-01-09,51.61000061035156,51.88999938964844,51.22999954223633,51.439998626708984,38.030147552490234,1877300
2015-01-12,51.349998474121094,51.7599983215332,50.2599983215332,51.45000076293945,38.037532806396484,1711500
2015-01-13,51.7400016784668,52.599998474121094,51.060001373291016,51.540000915527344,38.104068756103516,1244500
2015-01-14,51.209999084472656,51.97999954223633,50.97999954223633,51.79999923706055,38.296295166015625,1846400
2015-01-15,52.029998779296875,52.369998931884766,50.5099983215332,50.81999969482422,37.57176971435547,1247400
2015-01-16,50.900001525878906,53.0099983215332,50.849998474121094,52.83000183105469,39.05778121948242,1731900
2015-01-20,53.060001373291016,53.099998474121094,51.86000061035156,52.619998931884766,38.90253448486328,1217800
2015-01-21,52.43000030517578,52.97999954223633,52.2400016784668,52.599998474121094,38.88774108886719,878100
2015-01-22,52.75,53.41999816894531,52.02000045776367,53.13999938964844,39.28697204589844,722400
2015-01-23,53.060001373291016,53.25,52.75,53.0099983215332,39.190853118896484,650100
2015-01-26,54.099998474121094,54.65999984741211,53.7400016784668,54.29999923706055,40.144554138183594,1193300
2015-01-27,53.720001220703125,53.720001220703125,52.47999954223633,52.86000061035156,39.07997131347656,1368300
2015-01-28,52.97999954223633,53.36000061035156,51.90999984741211,52.0,38.444149017333984,1096500
2015-01-29,52.0,52.54999923706055,51.47999954223633,52.5,38.81380844116211,822000
2015-01-30,52.20000076293945,53.09000015258789,51.84000015258789,52.36000061035156,38.7103157043457,1085200
2015-02-02,52.720001220703125,52.849998474121094,51.36000061035156,52.599998474121094,38.88774108886719,1069300
2015-02-03,52.790000915527344,53.77000045776367,52.7400016784668,53.650001525878906,39.66401672363281,755000
2015-02-04,53.470001220703125,53.88999938964844,53.0099983215332,53.22999954223633,39.35350799560547,919300
2015-02-05,53.22999954223633,53.59000015258789,52.970001220703125,53.439998626708984,39.508766174316406,669800
2015-02-06,53.47999954223633,53.869998931884766,53.15999984741211,53.41999816894531,39.49396896362305,663300
2015-02-09,53.15999984741211,54.04999923706055,53.15999984741211,53.810001373291016,39.782310485839844,811100
2015-02-10,54.20000076293945,54.400001525878906,53.5,54.11000061035156,40.00410461425781,1209300
2015-02-11,53.84000015258789,54.849998474121094,53.84000015258789,54.310001373291016,40.1519775390625,1330500
2015-02-12,54.66999816894531,56.2599983215332,54.43000030517578,55.90999984741211,41.33485794067383,1836000
2015-02-13,56.0,57.15999984741211,55.540000915527344,55.93000030517578,41.34964370727539,1653300
2015-02-17,55.63999938964844,56.880001068115234,55.61000061035156,56.810001373291016,42.0002326965332,1713400
2015-02-18,53.5099983215332,54.0,50.45000076293945,50.709999084472656,37.49043655395508,7325000
2015-02-19,51.540000915527344,51.70000076293945,50.0,50.720001220703125,37.497840881347656,4756000
2015-02-20,50.52000045776367,50.77000045776367,49.2599983215332,49.41999816894531,36.536739349365234,3827700
2015-02-23,49.400001525878906,49.63999938964844,48.59000015258789,49.400001525878906,36.521949768066406,3746700
2015-02-24,49.400001525878906,49.790000915527344,48.93000030517578,49.599998474121094,36.66981506347656,2045700
2015-02-25,49.31999969482422,49.849998474121094,49.150001525878906,49.45000076293945,36.55891799926758,1638000
2015-02-26,49.38999938964844,49.81999969482422,49.16999816894531,49.43000030517578,36.54413604736328,1050500
2015-02-27,49.4900016784668,49.83000183105469,49.40999984741211,49.630001068115234,36.69198226928711,1305400
2015-03-02,49.58000183105469,50.68000030517578,49.58000183105469,50.45000076293945,37.2982177734375,1707800
2015-03-03,50.18000030517578,50.349998474121094,49.68000030517578,49.70000076293945,36.743736267089844,1566900
2015-03-04,49.47999954223633,49.59000015258789,48.959999084472656,49.31999969482422,36.46281051635742,1346700
2015-03-05,49.5,50.790000915527344,49.349998474121094,50.709999084472656,37.49043655395508,4103800
2015-03-06,50.45000076293945,50.61000061035156,49.5,49.63999938964844,36.699371337890625,1247800
2015-03-09,49.630001068115234,49.90999984741211,49.310001373291016,49.400001525878906,36.521949768066406,1409000
2015-03-10,49.0,49.81999969482422,48.79999923706055,49.5,36.59587860107422,1551700
2015-03-11,49.599998474121094,49.880001068115234,49.459999084472656,49.52000045776367,36.610660552978516,1363900
2015-03-12,48.18000030517578,49.34000015258789,47.97999954223633,48.66999816894531,36.334434509277344,2386600
2015-03-13,48.47999954223633,48.790000915527344,47.939998626708984,48.0,35.83426284790039,1326200
2015-03-16,47.52000045776367,48.7599983215332,47.290000915527344,48.7400016784668,36.3867073059082,1346200
2015-03-17,48.33000183105469,48.65999984741211,48.06999969482422,48.47999954223633,36.19260025024414,939200
2015-03-18,48.41999816894531,48.970001220703125,47.709999084472656,48.720001220703125,36.37176513671875,1632200
2015-03-19,48.70000076293945,48.79999923706055,47.849998474121094,48.13999938964844,35.93877410888672,1502000
2015-03-20,48.31999969482422,49.599998474121094,48.150001525878906,49.4900016784668,36.94660568237305,3375400
2015-03-23,49.529998779296875,49.81999969482422,49.220001220703125,49.400001525878906,36.87942123413086,947500
2015-03-24,49.2599983215332,49.68000030517578,49.0099983215332,49.06999969482422,36.633056640625,1202900
2015-03-25,49.209999084472656,49.38999938964844,48.0,48.02000045776367,35.849185943603516,1568400
2015-03-26,47.869998931884766,47.869998931884766,46.779998779296875,47.470001220703125,35.4385871887207,1249200
2015-03-27,47.27000045776367,47.779998779296875,47.099998474121094,47.65999984741211,35.58043670654297,884500
2015-03-30,47.790000915527344,48.310001373291016,47.66999816894531,48.130001068115234,35.931304931640625,650700
2015-03-31,47.880001068115234,48.290000915527344,47.459999084472656,47.52000045776367,35.47590637207031,1724500
2015-04-01,47.34000015258789,47.41999816894531,46.619998931884766,47.06999969482422,35.13996887207031,1172600
2015-04-02,46.0,46.790000915527344,45.91999816894531,46.4900016784668,34.70697021484375,1776500
2015-04-06,44.650001525878906,46.790000915527344,44.56999969482422,46.709999084472656,34.8712158203125,2237100
2015-04-07,46.63999938964844,46.81999969482422,45.880001068115234,45.880001068115234,34.2515754699707,1278500
2015-04-08,46.04999923706055,46.56999969482422,45.84000015258789,46.33000183105469,34.5875244140625,1596800
2015-04-09,46.459999084472656,46.630001068115234,46.0,46.59000015258789,34.78162384033203,1109200
2015-04-10,46.45000076293945,46.880001068115234,46.150001525878906,46.65999984741211,34.833885192871094,1202700
2015-04-13,46.540000915527344,47.06999969482422,46.4900016784668,46.79999923706055,34.938392639160156,1633800
2015-04-14,46.70000076293945,47.029998779296875,46.52000045776367,46.86000061035156,34.98320007324219,1185600
2015-04-15,47.02000045776367,47.869998931884766,46.88999938964844,47.630001068115234,35.55802536010742,1165200
2015-04-16,47.47999954223633,47.709999084472656,47.209999084472656,47.61000061035156,35.54310607910156,816400
2015-04-17,47.22999954223633,47.34000015258789,46.40999984741211,46.66999816894531,34.84135055541992,949200
2015-04-20,46.939998626708984,47.630001068115234,46.939998626708984,47.56999969482422,35.513221740722656,747200
2015-04-21,47.77000045776367,47.970001220703125,47.5,47.56999969482422,35.513221740722656,917400
2015-04-22,47.5,47.5,46.7400016784668,46.95000076293945,35.050376892089844,844500
2015-04-23,46.790000915527344,47.43000030517578,46.650001525878906,47.13999938964844,35.192222595214844,1151600
2015-04-24,47.150001525878906,47.150001525878906,46.08000183105469,46.189998626708984,34.483009338378906,2001000
2015-04-27,46.34000015258789,46.650001525878906,46.13999938964844,46.43000030517578,34.66217803955078,1517900
2015-04-28,46.45000076293945,47.70000076293945,46.400001525878906,47.4900016784668,35.453514099121094,2314600
2015-04-29,45.52000045776367,46.88999938964844,44.810001373291016,45.540000915527344,33.99775314331055,4021300
2015-04-30,45.77000045776367,46.13999938964844,44.959999084472656,45.189998626708984,33.73645782470703,2518300
2015-05-01,45.31999969482422,45.959999084472656,45.25,45.86000061035156,34.236656188964844,912800
2015-05-04,45.790000915527344,46.0,45.54999923706055,45.70000076293945,34.1171989440918,1144200
2015-05-05,45.54999923706055,45.83000183105469,45.20000076293945,45.290000915527344,33.811119079589844,1314000
2015-05-06,45.349998474121094,45.52000045776367,44.959999084472656,45.29999923706055,33.81857681274414,1103500
2015-05-07,45.29999923706055,45.619998931884766,45.16999816894531,45.40999984741211,33.90069580078125,799200
2015-05-08,45.77000045776367,46.11000061035156,45.650001525878906,45.939998626708984,34.29636764526367,827000
2015-05-11,45.88999938964844,46.7599983215332,45.7599983215332,46.720001220703125,34.87868118286133,1703000
2015-05-12,46.56999969482422,46.650001525878906,45.900001525878906,45.939998626708984,34.29636764526367,878300
2015-05-13,45.959999084472656,46.29999923706055,45.75,46.119998931884766,34.43073654174805,1320900
2015-05-14,46.380001068115234,46.5099983215332,45.9900016784668,46.16999816894531,34.468082427978516,1165200
2015-05-15,46.349998474121094,46.459999084472656,45.90999984741211,46.20000076293945,34.490474700927734,691100
2015-05-18,46.08000183105469,46.220001220703125,45.7400016784668,46.119998931884766,34.43073654174805,803300
2015-05-19,46.34000015258789,46.459999084472656,45.709999084472656,46.060001373291016,34.38595962524414,1021400
2015-05-20,46.060001373291016,46.40999984741211,45.939998626708984,46.04999923706055,34.37849044799805,762700
2015-05-21,45.91999816894531,46.31999969482422,45.689998626708984,45.939998626708984,34.29636764526367,852600
2015-05-22,45.91999816894531,46.0099983215332,45.720001220703125,45.95000076293945,34.303836822509766,676300
2015-05-26,45.88999938964844,45.91999816894531,45.040000915527344,45.16999816894531,33.72151565551758,914200
2015-05-27,45.20000076293945,45.650001525878906,45.09000015258789,45.459999084472656,33.93802261352539,847400
2015-05-28,45.599998474121094,46.27000045776367,45.529998779296875,46.220001220703125,34.505401611328125,1393000
2015-05-29,46.369998931884766,46.41999816894531,45.459999084472656,45.47999954223633,33.95294952392578,1807300
2015-06-01,45.59000015258789,45.77000045776367,45.0099983215332,45.470001220703125,33.94548797607422,823600
2015-06-02,45.29999923706055,45.93000030517578,45.13999938964844,45.58000183105469,34.027610778808594,533400
2015-06-03,45.959999084472656,46.380001068115234,45.709999084472656,46.040000915527344,34.37102127075195,1552400
2015-06-04,46.130001068115234,46.130001068115234,45.209999084472656,45.5,33.9678840637207,1047700
2015-06-05,45.36000061035156,45.66999816894531,44.84000015258789,45.619998931884766,34.05746078491211,1267600
2015-06-08,45.56999969482422,45.720001220703125,45.439998626708984,45.470001220703125,33.94548797607422,1295700
2015-06-09,45.439998626708984,45.81999969482422,45.27000045776367,45.720001220703125,34.13213348388672,1200700
2015-06-10,46.18000030517578,46.59000015258789,45.880001068115234,46.43000030517578,34.66217803955078,1420800
2015-06-11,46.52000045776367,46.810001373291016,45.93000030517578,46.029998779296875,34.363548278808594,844800
2015-06-12,45.369998931884766,45.54999923706055,44.720001220703125,44.790000915527344,33.81247329711914,1207300
2015-06-15,44.5,44.65999984741211,44.029998779296875,44.209999084472656,33.37462615966797,1165800
2015-06-16,44.310001373291016,45.279998779296875,44.209999084472656,45.2599983215332,34.16728591918945,1182800
2015-06-17,45.31999969482422,45.63999938964844,44.939998626708984,45.220001220703125,34.137081146240234,1523700
2015-06-18,45.40999984741211,46.619998931884766,45.040000915527344,46.560001373291016,35.148658752441406,1992700
2015-06-19,46.75,47.16999816894531,46.59000015258789,46.849998474121094,35.36758804321289,2452700
2015-06-22,47.02000045776367,47.11000061035156,46.720001220703125,47.02000045776367,35.49592590332031,914700
2015-06-23,47.0099983215332,47.27000045776367,46.880001068115234,47.2400016784668,35.66200637817383,925100
2015-06-24,47.06999969482422,47.15999984741211,45.70000076293945,46.04999923706055,34.7636604309082,1753300
2015-06-25,46.22999954223633,46.27000045776367,45.68000030517578,45.72999954223633,34.522090911865234,601100
2015-06-26,45.70000076293945,45.97999954223633,45.47999954223633,45.56999969482422,34.40130615234375,1085300
2015-06-29,44.38999938964844,45.27000045776367,43.95000076293945,43.97999954223633,33.200992584228516,1354300
2015-06-30,44.38999938964844,44.38999938964844,43.65999984741211,43.93000030517578,33.163246154785156,1333500
2015-07-01,44.290000915527344,44.29999923706055,43.58000183105469,44.0099983215332,33.22364044189453,1192500
2015-07-02,44.25,44.36000061035156,43.95000076293945,44.09000015258789,33.284034729003906,691300
2015-07-06,43.54999923706055,43.880001068115234,43.15999984741211,43.29999923706055,32.68766403198242,1778200
2015-07-07,43.5,43.70000076293945,42.70000076293945,43.66999816894531,32.96697235107422,1326800
2015-07-08,43.310001373291016,43.630001068115234,43.209999084472656,43.380001068115234,32.748046875,1339200
2015-07-09,43.939998626708984,44.060001373291016,43.5,43.560001373291016,32.88392639160156,1290500
2015-07-10,44.02000045776367,44.2400016784668,43.70000076293945,44.16999816894531,33.34442901611328,716400
2015-07-13,45.290000915527344,46.68000030517578,45.060001373291016,46.369998931884766,35.00523376464844,2921700
2015-07-14,46.58000183105469,46.720001220703125,45.95000076293945,46.400001525878906,35.02788543701172,1459800
2015-07-15,46.5,46.56999969482422,45.90999984741211,46.400001525878906,35.02788543701172,1212100
2015-07-16,41.22999954223633,43.20000076293945,41.20000076293945,43.099998474121094,32.53666305541992,10776500
2015-07-17,42.939998626708984,43.43000030517578,42.66999816894531,42.88999938964844,32.37813949584961,2203000
2015-07-20,42.880001068115234,43.0099983215332,42.310001373291016,42.5099983215332,32.091270446777344,1116700
2015-07-21,42.54999923706055,42.81999969482422,42.279998779296875,42.66999816894531,32.21205139160156,1333400
2015-07-22,42.630001068115234,42.959999084472656,42.5,42.83000183105469,32.33283615112305,1084100
2015-07-23,42.900001525878906,43.099998474121094,42.61000061035156,42.91999816894531,32.40079116821289,981200
2015-07-24,43.08000183105469,43.09000015258789,42.310001373291016,42.47999954223633,32.068626403808594,805000
2015-07-27,42.38999938964844,42.5099983215332,41.959999084472656,42.11000061035156,31.78931427001953,2336200
2015-07-28,42.099998474121094,43.029998779296875,42.099998474121094,42.790000915527344,32.302669525146484,1630500
2015-07-29,42.56999969482422,43.88999938964844,42.290000915527344,42.689998626708984,32.22715759277344,1815000
2015-07-30,41.880001068115234,42.27000045776367,41.86000061035156,42.189998626708984,31.849702835083008,1701900
2015-07-31,42.29999923706055,42.29999923706055,41.869998931884766,41.90999984741211,31.638324737548828,1319500
2015-08-03,41.97999954223633,42.720001220703125,41.2599983215332,41.45000076293945,31.29106903076172,2048300
2015-08-04,41.70000076293945,41.779998779296875,40.869998931884766,41.0099983215332,30.958906173706055,2188000
2015-08-05,41.2599983215332,41.66999816894531,41.02000045776367,41.43000030517578,31.275978088378906,1355800
2015-08-06,41.59000015258789,41.65999984741211,40.65999984741211,40.709999084472656,30.732433319091797,1525200
2015-08-07,40.63999938964844,40.810001373291016,40.34000015258789,40.619998931884766,30.66449546813965,922800
2015-08-10,40.900001525878906,41.130001068115234,40.59000015258789,41.08000183105469,31.011749267578125,1198900
2015-08-11,40.66999816894531,40.77000045776367,40.040000915527344,40.2400016784668,30.377626419067383,1282700
2015-08-12,39.810001373291016,40.5,39.470001220703125,40.34000015258789,30.45311737060547,1244100
2015-08-13,40.2400016784668,40.54999923706055,39.88999938964844,39.95000076293945,30.158706665039062,857300
2015-08-14,39.7400016784668,40.04999923706055,39.7400016784668,39.900001525878906,30.120952606201172,650300
2015-08-17,39.869998931884766,40.470001220703125,39.630001068115234,40.41999816894531,30.513505935668945,679900
2015-08-18,40.5,40.79999923706055,40.040000915527344,40.290000915527344,30.415367126464844,752000
2015-08-19,40.18000030517578,40.2599983215332,39.529998779296875,39.86000061035156,30.090761184692383,1039400
2015-08-20,39.529998779296875,39.9900016784668,38.9900016784668,39.0,29.441532135009766,1029300
2015-08-21,38.650001525878906,39.150001525878906,38.2400016784668,38.2599983215332,28.882905960083008,2199000
2015-08-24,36.2599983215332,37.06999969482422,35.349998474121094,37.0099983215332,27.939268112182617,4540200
2015-08-25,38.310001373291016,38.41999816894531,36.70000076293945,36.70000076293945,27.705245971679688,1998700
2015-08-26,37.65999984741211,37.86000061035156,36.90999984741211,37.720001220703125,28.475250244140625,1689700
2015-08-27,38.380001068115234,38.38999938964844,37.45000076293945,38.15999984741211,28.807409286499023,1839000
2015-08-28,37.7599983215332,38.220001220703125,37.540000915527344,37.9900016784668,28.67906951904297,1339100
2015-08-31,37.84000015258789,37.9900016784668,37.56999969482422,37.61000061035156,28.392213821411133,1066700
2015-09-01,37.0,37.34000015258789,36.630001068115234,36.810001373291016,27.788286209106445,1468500
2015-09-02,37.25,37.400001525878906,36.88999938964844,37.220001220703125,28.09779930114746,1388500
2015-09-03,37.27000045776367,37.54999923706055,37.130001068115234,37.2599983215332,28.127986907958984,1004900
2015-09-04,36.75,36.97999954223633,36.459999084472656,36.5,27.554258346557617,1344900
2015-09-08,37.13999938964844,37.7400016784668,36.959999084472656,37.66999816894531,28.437509536743164,1035900
2015-09-09,37.81999969482422,37.95000076293945,36.56999969482422,36.68000030517578,27.69014549255371,1268900
2015-09-10,36.63999938964844,37.02000045776367,36.20000076293945,36.36000061035156,27.44857406616211,1982900
2015-09-11,35.61000061035156,36.11000061035156,35.54999923706055,35.88999938964844,27.47919464111328,1515600
2015-09-14,35.70000076293945,36.099998474121094,35.650001525878906,35.810001373291016,27.41794776916504,862300
2015-09-15,35.9900016784668,36.31999969482422,35.900001525878906,36.13999938964844,27.67060661315918,1082900
2015-09-16,36.150001525878906,36.7599983215332,36.06999969482422,36.709999084472656,28.10702133178711,1063500
2015-09-17,36.79999923706055,37.15999984741211,36.459999084472656,36.56999969482422,27.99983787536621,1019100
2015-09-18,36.150001525878906,36.7599983215332,35.93000030517578,36.22999954223633,27.739519119262695,1829900
2015-09-21,36.41999816894531,36.88999938964844,36.18000030517578,36.540000915527344,27.976877212524414,877400
2015-09-22,36.04999923706055,36.2400016784668,35.66999816894531,35.900001525878906,27.486862182617188,1068600
2015-09-23,35.9900016784668,36.06999969482422,35.560001373291016,35.619998931884766,27.27247428894043,1009600
2015-09-24,35.470001220703125,35.77000045776367,35.0099983215332,35.630001068115234,27.28013038635254,1057100
2015-09-25,35.66999816894531,36.099998474121094,35.34000015258789,35.45000076293945,27.14231300354004,1023800
2015-09-28,35.189998626708984,35.459999084472656,35.040000915527344,35.209999084472656,26.95855140686035,1306700
2015-09-29,35.18000030517578,35.43000030517578,35.0099983215332,35.189998626708984,26.9432430267334,858700
2015-09-30,35.47999954223633,35.959999084472656,35.310001373291016,35.880001068115234,27.471542358398438,1313700
2015-10-01,35.95000076293945,35.970001220703125,35.130001068115234,35.380001068115234,27.088714599609375,979000
2015-10-02,34.9900016784668,35.869998931884766,34.900001525878906,35.849998474121094,27.448577880859375,797400
2015-10-05,35.95000076293945,36.779998779296875,35.900001525878906,36.63999938964844,28.05344009399414,1167200
2015-10-06,36.61000061035156,36.75,36.31999969482422,36.5099983215332,27.953893661499023,924600
2015-10-07,36.59000015258789,37.06999969482422,36.540000915527344,36.900001525878906,28.252504348754883,669200
2015-10-08,36.720001220703125,37.18000030517578,36.61000061035156,36.97999954223633,28.313751220703125,981700
2015-10-09,37.06999969482422,37.279998779296875,36.90999984741211,37.06999969482422,28.382665634155273,884800
2015-10-12,37.11000061035156,37.22999954223633,36.810001373291016,36.95000076293945,28.290786743164062,575000
2015-10-13,36.849998474121094,37.33000183105469,36.709999084472656,36.81999969482422,28.19124412536621,689600
2015-10-14,36.7599983215332,37.16999816894531,36.58000183105469,36.959999084472656,28.298442840576172,640100
2015-10-15,33.54999923706055,33.959999084472656,31.31999969482422,32.279998779296875,24.71520233154297,9460000
2015-10-16,32.060001373291016,34.2599983215332,32.040000915527344,34.09000015258789,26.101030349731445,3792400
2015-10-19,34.34000015258789,34.560001373291016,33.939998626708984,34.029998779296875,26.05508041381836,1809400
2015-10-20,33.75,34.25,33.61000061035156,33.720001220703125,25.81774139404297,974700
2015-10-21,33.900001525878906,34.220001220703125,33.630001068115234,34.099998474121094,26.10867691040039,1853800
2015-10-22,34.380001068115234,35.22999954223633,34.25,35.060001373291016,26.843706130981445,1160500
2015-10-23,35.33000183105469,35.5,35.0099983215332,35.400001525878906,27.104022979736328,1027900
2015-10-26,35.439998626708984,35.65999984741211,35.150001525878906,35.2400016784668,26.981523513793945,1014000
2015-10-27,35.13999938964844,35.2400016784668,34.68000030517578,34.790000915527344,26.636981964111328,1054900
2015-10-28,33.900001525878906,35.189998626708984,33.900001525878906,35.130001068115234,26.897296905517578,1429600
2015-10-29,35.220001220703125,35.63999938964844,34.849998474121094,35.400001525878906,27.104022979736328,1017500
2015-10-30,35.36000061035156,35.790000915527344,35.349998474121094,35.470001220703125,27.15762710571289,981700
2015-11-02,35.52000045776367,36.09000015258789,35.369998931884766,35.93000030517578,27.50982666015625,1092500
2015-11-03,35.880001068115234,36.099998474121094,35.720001220703125,35.93000030517578,27.50982666015625,1034700
2015-11-04,36.13999938964844,36.65999984741211,35.849998474121094,36.619998931884766,28.038124084472656,1714200
2015-11-05,36.619998931884766,37.33000183105469,36.61000061035156,37.20000076293945,28.482194900512695,1343500
2015-11-06,37.08000183105469,37.5099983215332,36.939998626708984,37.439998626708984,28.665952682495117,1400600
2015-11-09,37.380001068115234,37.540000915527344,37.060001373291016,37.310001373291016,28.566438674926758,1496300
2015-11-10,37.290000915527344,38.22999954223633,37.25,38.09000015258789,29.16362953186035,1793500
2015-11-11,38.29999923706055,38.47999954223633,37.47999954223633,37.630001068115234,28.811426162719727,1167900
2015-11-12,37.45000076293945,37.5,36.2400016784668,36.279998779296875,27.777793884277344,1322700
2015-11-13,36.06999969482422,36.279998779296875,35.279998779296875,35.38999938964844,27.096370697021484,1367800
2015-11-16,35.310001373291016,35.959999084472656,35.29999923706055,35.939998626708984,27.51747703552246,815900
2015-11-17,35.310001373291016,36.4900016784668,35.310001373291016,35.68000030517578,27.31841278076172,1122900
2015-11-18,35.689998626708984,37.06999969482422,35.61000061035156,37.0099983215332,28.336729049682617,1460600
2015-11-19,37.16999816894531,37.16999816894531,36.61000061035156,37.0,28.329063415527344,1049300
2015-11-20,37.20000076293945,37.66999816894531,37.13999938964844,37.40999984741211,28.642982482910156,1105400
2015-11-23,37.2599983215332,37.75,37.08000183105469,37.310001373291016,28.566438674926758,914700
2015-11-24,37.04999923706055,38.290000915527344,37.029998779296875,38.27000045776367,29.301435470581055,1324900
2015-11-25,38.25,38.25,37.84000015258789,37.939998626708984,29.048784255981445,924100
2015-11-27,38.099998474121094,38.310001373291016,37.459999084472656,37.47999954223633,28.69658851623535,624100
2015-11-30,37.869998931884766,37.97999954223633,37.400001525878906,37.849998474121094,28.979877471923828,1464400
2015-12-01,37.9900016784668,38.209999084472656,37.5099983215332,37.869998931884766,28.995182037353516,868700
2015-12-02,38.02000045776367,38.20000076293945,37.29999923706055,37.47999954223633,28.69658851623535,1502400
2015-12-03,37.720001220703125,37.959999084472656,36.779998779296875,37.16999816894531,28.459230422973633,1874100
2015-12-04,37.20000076293945,38.099998474121094,37.20000076293945,37.63999938964844,28.81908416748047,1882000
2015-12-07,37.72999954223633,38.09000015258789,37.130001068115234,37.810001373291016,28.94924545288086,1170300
2015-12-08,37.4900016784668,38.09000015258789,37.400001525878906,37.63999938964844,28.81908416748047,982000
2015-12-09,37.38999938964844,37.95000076293945,37.18000030517578,37.369998931884766,28.612356185913086,946800
2015-12-10,37.36000061035156,37.599998474121094,37.029998779296875,37.119998931884766,28.42093276977539,1035800
2015-12-11,36.25,36.5,35.220001220703125,35.45000076293945,27.52042579650879,2031200
2015-12-14,35.43000030517578,35.470001220703125,34.29999923706055,34.79999923706055,27.01581382751465,2259800
2015-12-15,35.29999923706055,35.869998931884766,34.900001525878906,35.5099983215332,27.566997528076172,2158800
2015-12-16,35.7599983215332,36.5099983215332,35.400001525878906,36.439998626708984,28.288978576660156,1346900
2015-12-17,36.459999084472656,36.470001220703125,35.5099983215332,35.52000045776367,27.574769973754883,1440100
2015-12-18,35.279998779296875,35.709999084472656,34.95000076293945,35.2599983215332,27.37291145324707,9592500
2015-12-21,35.34000015258789,35.709999084472656,35.130001068115234,35.54999923706055,27.598051071166992,1995100
2015-12-22,35.599998474121094,36.369998931884766,35.560001373291016,36.2599983215332,28.149229049682617,1716500
2015-12-23,36.34000015258789,36.97999954223633,36.150001525878906,36.880001068115234,28.63055992126465,1544400
2015-12-24,36.810001373291016,37.09000015258789,36.79999923706055,36.97999954223633,28.708179473876953,472000
2015-12-28,36.880001068115234,36.9900016784668,36.65999984741211,36.970001220703125,28.700422286987305,642100
2015-12-29,37.09000015258789,37.45000076293945,37.060001373291016,37.2599983215332,28.925552368164062,660000
2015-12-30,37.18000030517578,37.47999954223633,37.150001525878906,37.310001373291016,28.964384078979492,703100
2015-12-31,37.0,37.439998626708984,36.880001068115234,37.16999816894531,28.855682373046875,1155500
2016-01-04,36.599998474121094,36.88999938964844,36.27000045776367,36.79999923706055,28.568449020385742,2050100
2016-01-05,37.0,37.34000015258789,36.779998779296875,36.939998626708984,28.677127838134766,1305500
2016-01-06,36.41999816894531,36.56999969482422,35.79999923706055,35.93000030517578,27.893056869506836,2521400
2016-01-07,35.400001525878906,35.59000015258789,34.79999923706055,34.900001525878906,27.093446731567383,1688900
2016-01-08,35.13999938964844,35.33000183105469,33.47999954223633,33.54999923706055,26.0454158782959,2429400
2016-01-11,33.88999938964844,33.97999954223633,32.849998474121094,33.20000076293945,25.77370834350586,2416400
2016-01-12,33.650001525878906,33.709999084472656,32.720001220703125,33.150001525878906,25.734895706176758,1729800
2016-01-13,33.279998779296875,33.470001220703125,32.369998931884766,32.459999084472656,25.199234008789062,1552500
2016-01-14,32.65999984741211,33.439998626708984,32.08000183105469,33.16999816894531,25.75041961669922,1973300
2016-01-15,32.08000183105469,32.75,32.02000045776367,32.52000045776367,25.245811462402344,2168800
2016-01-19,32.970001220703125,33.0,31.780000686645508,32.290000915527344,25.067262649536133,1267800
2016-01-20,31.809999465942383,32.650001525878906,30.93000030517578,32.349998474121094,25.11383628845215,1690600
2016-01-21,32.470001220703125,33.88999938964844,32.36000061035156,33.130001068115234,25.719364166259766,1814900
2016-01-22,33.63999938964844,34.20000076293945,33.459999084472656,33.84000015258789,26.270553588867188,1116200
2016-01-25,33.75,33.83000183105469,33.150001525878906,33.20000076293945,25.77370834350586,1045500
2016-01-26,33.43000030517578,34.13999938964844,33.310001373291016,33.84000015258789,26.270553588867188,721900
2016-01-27,33.7400016784668,34.27000045776367,33.459999084472656,33.75,26.200679779052734,1013500
2016-01-28,34.13999938964844,34.459999084472656,33.439998626708984,33.880001068115234,26.301599502563477,1010700
2016-01-29,34.040000915527344,35.22999954223633,33.91999816894531,35.18000030517578,27.31081771850586,2701100
2016-02-01,34.970001220703125,35.349998474121094,34.630001068115234,35.09000015258789,27.240947723388672,1047900
2016-02-02,34.75,34.779998779296875,33.91999816894531,34.130001068115234,26.495685577392578,942400
2016-02-03,34.4900016784668,34.77000045776367,33.58000183105469,34.220001220703125,26.565549850463867,1499600
2016-02-04,34.22999954223633,35.20000076293945,34.22999954223633,35.13999938964844,27.279762268066406,1400100
2016-02-05,34.93000030517578,35.13999938964844,34.33000183105469,34.689998626708984,26.930416107177734,1401700
2016-02-08,34.45000076293945,34.95000076293945,33.849998474121094,34.349998474121094,26.666471481323242,1374600
2016-02-09,34.029998779296875,34.84000015258789,33.470001220703125,33.95000076293945,26.355947494506836,1974500
2016-02-10,34.40999984741211,35.13999938964844,34.02000045776367,34.470001220703125,26.759628295898438,1475200
2016-02-11,32.83000183105469,34.41999816894531,32.83000183105469,33.84000015258789,26.270553588867188,1371200
2016-02-12,34.11000061035156,34.77000045776367,33.4900016784668,34.36000061035156,26.674236297607422,1059400
2016-02-16,34.91999816894531,36.36000061035156,34.4900016784668,35.22999954223633,27.349637985229492,2730800
2016-02-17,38.25,41.970001220703125,37.59000015258789,41.060001373291016,31.87554359436035,7100600
2016-02-18,40.220001220703125,41.11000061035156,38.529998779296875,40.77000045776367,31.650415420532227,4216600
2016-02-19,40.560001373291016,40.869998931884766,39.58000183105469,39.970001220703125,31.02937126159668,2544400
2016-02-22,40.5,41.18000030517578,40.2599983215332,40.97999954223633,31.81344223022461,1553300
2016-02-23,40.650001525878906,40.970001220703125,40.2599983215332,40.7400016784668,31.627132415771484,1472900
2016-02-24,40.779998779296875,40.779998779296875,39.40999984741211,40.599998474121094,31.518447875976562,1357700
2016-02-25,40.54999923706055,40.79999923706055,39.83000183105469,40.310001373291016,31.293319702148438,1282100
2016-02-26,40.4900016784668,40.79999923706055,40.2400016784668,40.400001525878906,31.363201141357422,1027200
2016-02-29,40.38999938964844,40.83000183105469,40.16999816894531,40.5099983215332,31.44857406616211,1555000
2016-03-01,40.900001525878906,42.2599983215332,40.7400016784668,41.439998626708984,32.170555114746094,1760700
2016-03-02,41.33000183105469,41.720001220703125,40.7400016784668,40.91999816894531,31.76686668395996,1442200
2016-03-03,40.439998626708984,41.08000183105469,40.439998626708984,40.939998626708984,31.78240394592285,1641500
2016-03-04,40.880001068115234,41.25,40.4900016784668,40.7400016784668,31.627132415771484,1129000
2016-03-07,40.66999816894531,40.83000183105469,40.290000915527344,40.470001220703125,31.417531967163086,1134100
2016-03-08,40.310001373291016,40.34000015258789,39.349998474121094,39.369998931884766,30.563581466674805,1411500
2016-03-09,39.720001220703125,39.790000915527344,39.13999938964844,39.27000045776367,30.485944747924805,1189400
2016-03-10,39.599998474121094,40.04999923706055,39.209999084472656,39.83000183105469,30.920686721801758,1708600
2016-03-11,40.119998931884766,40.119998931884766,39.36000061035156,39.720001220703125,30.835285186767578,1438200
2016-03-14,39.27000045776367,39.439998626708984,39.09000015258789,39.27000045776367,30.88247299194336,1489200
2016-03-15,38.939998626708984,39.040000915527344,38.61000061035156,39.02000045776367,30.68587875366211,1028800
2016-03-16,38.970001220703125,39.47999954223633,38.619998931884766,39.349998474121094,30.94539451599121,1066800
2016-03-17,39.349998474121094,39.880001068115234,38.97999954223633,39.59000015258789,31.134124755859375,1299300
2016-03-18,39.599998474121094,39.810001373291016,39.349998474121094,39.630001068115234,31.16558265686035,2699400
2016-03-21,39.599998474121094,40.0099983215332,39.45000076293945,39.90999984741211,31.385786056518555,953100
2016-03-22,39.849998474121094,40.08000183105469,39.720001220703125,39.970001220703125,31.432964324951172,801100
2016-03-23,39.83000183105469,39.939998626708984,39.220001220703125,39.33000183105469,30.92965316772461,776100
2016-03-24,39.15999984741211,39.15999984741211,38.400001525878906,38.970001220703125,30.646547317504883,787800
2016-03-28,39.040000915527344,39.380001068115234,38.90999984741211,39.099998474121094,30.748781204223633,628500
2016-03-29,39.099998474121094,39.650001525878906,38.58000183105469,39.4900016784668,31.055490493774414,501100
2016-03-30,39.689998626708984,40.04999923706055,39.52000045776367,39.86000061035156,31.346464157104492,758100
2016-03-31,39.970001220703125,40.290000915527344,39.68000030517578,39.959999084472656,31.42510414123535,1221900
2016-04-01,39.66999816894531,39.779998779296875,38.95000076293945,39.689998626708984,31.212766647338867,1055100
2016-04-04,39.790000915527344,40.040000915527344,39.459999084472656,40.0099983215332,31.464426040649414,1058300
2016-04-05,40.060001373291016,40.33000183105469,39.86000061035156,40.04999923706055,31.495878219604492,1375000
2016-04-06,39.970001220703125,40.099998474121094,39.41999816894531,40.02000045776367,31.472280502319336,748200
2016-04-07,39.77000045776367,40.209999084472656,39.31999969482422,39.56999969482422,31.118398666381836,1155000
2016-04-08,39.959999084472656,40.20000076293945,39.41999816894531,39.630001068115234,31.16558265686035,612600
2016-04-11,39.75,40.58000183105469,39.599998474121094,39.939998626708984,31.409378051757812,1351400
2016-04-12,40.119998931884766,40.58000183105469,40.0,40.41999816894531,31.786842346191406,924800
2016-04-13,40.939998626708984,42.41999816894531,40.720001220703125,42.31999969482422,33.281036376953125,2251500
2016-04-14,42.29999923706055,42.31999969482422,41.900001525878906,42.09000015258789,33.10017013549805,914700
2016-04-15,41.900001525878906,42.2599983215332,41.75,42.22999954223633,33.21025466918945,786200
2016-04-18,42.0,42.56999969482422,41.790000915527344,42.27000045776367,33.24171829223633,624800
2016-04-19,42.369998931884766,42.77000045776367,42.2400016784668,42.599998474121094,33.5012321472168,1186500
2016-04-20,42.5,43.099998474121094,42.36000061035156,42.88999938964844,33.72929382324219,983900
2016-04-21,43.040000915527344,43.16999816894531,42.209999084472656,42.2400016784668,33.21812057495117,931200
2016-04-22,42.380001068115234,42.869998931884766,42.380001068115234,42.709999084472656,33.58773422241211,1062400
2016-04-25,42.54999923706055,42.630001068115234,41.880001068115234,42.08000183105469,33.09230041503906,1036100
2016-04-26,42.36000061035156,42.369998931884766,41.66999816894531,42.290000915527344,33.25745391845703,1755000
2016-04-27,42.95000076293945,44.41999816894531,42.560001373291016,43.880001068115234,34.50784683227539,2258600
2016-04-28,43.75,44.36000061035156,43.119998931884766,43.2599983215332,34.020263671875,1364400
2016-04-29,43.09000015258789,43.189998626708984,42.22999954223633,42.630001068115234,33.52482604980469,1130500
2016-05-02,42.880001068115234,43.02000045776367,42.5099983215332,43.0099983215332,33.82366943359375,808400
2016-05-03,42.56999969482422,42.81999969482422,41.75,42.279998779296875,33.24958801269531,880600
2016-05-04,41.84000015258789,42.18000030517578,41.20000076293945,41.279998779296875,32.463165283203125,1218300
2016-05-05,41.36000061035156,41.65999984741211,40.86000061035156,41.060001373291016,32.29015350341797,872400
2016-05-06,40.79999923706055,41.04999923706055,40.34000015258789,40.84000015258789,32.11714553833008,793400
2016-05-09,41.029998779296875,41.33000183105469,40.33000183105469,40.40999984741211,31.778989791870117,979900
2016-05-10,40.7400016784668,40.91999816894531,40.20000076293945,40.83000183105469,32.10928726196289,1270900
2016-05-11,40.52000045776367,40.81999969482422,40.2599983215332,40.279998779296875,31.676746368408203,640100
2016-05-12,40.529998779296875,40.65999984741211,39.880001068115234,40.16999816894531,31.590259552001953,770300
2016-05-13,40.04999923706055,40.33000183105469,39.88999938964844,40.0099983215332,31.464426040649414,694600
2016-05-16,40.0099983215332,40.59000015258789,39.70000076293945,40.41999816894531,31.786842346191406,740800
2016-05-17,39.77000045776367,40.540000915527344,39.7400016784668,40.060001373291016,31.50374412536621,778000
2016-05-18,40.029998779296875,40.40999984741211,39.75,39.939998626708984,31.409378051757812,724600
2016-05-19,39.689998626708984,39.959999084472656,39.2400016784668,39.81999969482422,31.31501007080078,662000
2016-05-20,40.08000183105469,40.630001068115234,40.0,40.290000915527344,31.68461799621582,628800
2016-05-23,40.2400016784668,40.650001525878906,40.2400016784668,40.45000076293945,31.81045150756836,348300
2016-05-24,40.56999969482422,41.189998626708984,40.56999969482422,41.130001068115234,32.345191955566406,570900
2016-05-25,41.33000183105469,41.59000015258789,40.81999969482422,41.290000915527344,32.47102355957031,719500
2016-05-26,41.380001068115234,41.59000015258789,41.27000045776367,41.45000076293945,32.59685516357422,285500
2016-05-27,40.41999816894531,42.209999084472656,40.290000915527344,41.709999084472656,32.80132293701172,766100
2016-05-31,41.959999084472656,42.59000015258789,41.93000030517578,42.52000045776367,33.43831253051758,927600
2016-06-01,42.40999984741211,42.5,42.0,42.310001373291016,33.273170471191406,603900
2016-06-02,42.08000183105469,42.849998474121094,42.040000915527344,42.79999923706055,33.65851974487305,607700
2016-06-03,42.369998931884766,42.5,41.79999923706055,42.380001068115234,33.328224182128906,969400
2016-06-06,42.61000061035156,42.970001220703125,42.400001525878906,42.790000915527344,33.650665283203125,893000
2016-06-07,42.88999938964844,43.25,42.810001373291016,43.220001220703125,33.98881912231445,892200
2016-06-08,43.220001220703125,43.529998779296875,43.119998931884766,43.220001220703125,33.98881912231445,664300
2016-06-09,43.09000015258789,43.279998779296875,42.84000015258789,43.2400016784668,34.00453567504883,601000
2016-06-10,43.060001373291016,43.060001373291016,42.40999984741211,42.5099983215332,33.430458068847656,735800
2016-06-13,42.310001373291016,42.72999954223633,42.11000061035156,42.43000030517578,33.367549896240234,788000
2016-06-14,42.349998474121094,42.61000061035156,41.900001525878906,42.529998779296875,33.44617462158203,673300
2016-06-15,42.75,42.849998474121094,42.150001525878906,42.220001220703125,33.202396392822266,729100
2016-06-16,41.599998474121094,42.13999938964844,41.11000061035156,41.869998931884766,33.32976150512695,598600
2016-06-17,41.84000015258789,42.56999969482422,41.75,42.08000183105469,33.4969367980957,1525300
2016-06-20,42.689998626708984,42.900001525878906,42.5099983215332,42.52000045776367,33.847190856933594,571900
2016-06-21,42.58000183105469,42.68000030517578,42.29999923706055,42.5099983215332,33.83921813964844,526200
2016-06-22,42.56999969482422,42.880001068115234,42.27000045776367,42.29999923706055,33.67205047607422,720200
2016-06-23,42.779998779296875,43.369998931884766,42.63999938964844,43.279998779296875,34.4521598815918,909200
2016-06-24,40.9900016784668,41.81999969482422,40.7599983215332,40.77000045776367,32.45412826538086,1579500
2016-06-27,40.380001068115234,40.54999923706055,39.290000915527344,39.68000030517578,31.586458206176758,972300
2016-06-28,39.959999084472656,40.7599983215332,39.779998779296875,40.61000061035156,32.32676315307617,985200
2016-06-29,40.75,41.5099983215332,40.66999816894531,41.43000030517578,32.97951126098633,812000
2016-06-30,41.83000183105469,42.43000030517578,41.11000061035156,42.41999816894531,33.767581939697266,909500
2016-07-01,42.43000030517578,42.720001220703125,42.22999954223633,42.470001220703125,33.80739212036133,749100
2016-07-05,42.400001525878906,42.400001525878906,41.599998474121094,41.90999984741211,33.36159896850586,601700
2016-07-06,41.869998931884766,42.04999923706055,41.36000061035156,42.02000045776367,33.449161529541016,848700
2016-07-07,42.150001525878906,43.099998474121094,41.88999938964844,42.59000015258789,33.902896881103516,859100
2016-07-08,42.880001068115234,43.439998626708984,42.779998779296875,43.369998931884766,34.52381896972656,894700
2016-07-11,43.529998779296875,44.060001373291016,43.380001068115234,43.7400016784668,34.818336486816406,673600
2016-07-12,44.13999938964844,44.720001220703125,44.130001068115234,44.709999084472656,35.590484619140625,1251700
2016-07-13,44.75,44.75,44.150001525878906,44.310001373291016,35.27206802368164,540200
2016-07-14,44.900001525878906,45.34000015258789,44.599998474121094,44.7400016784668,35.6143684387207,762100
2016-07-15,44.869998931884766,45.06999969482422,44.689998626708984,45.0099983215332,35.82929611206055,670000
2016-07-18,45.209999084472656,45.7400016784668,45.119998931884766,45.43000030517578,36.163639068603516,783800
2016-07-19,45.40999984741211,45.7599983215332,45.2400016784668,45.65999984741211,36.346717834472656,703100
2016-07-20,45.689998626708984,45.95000076293945,45.41999816894531,45.70000076293945,36.378562927246094,503500
2016-07-21,45.630001068115234,45.939998626708984,45.40999984741211,45.709999084472656,36.38650894165039,477400
2016-07-22,45.7400016784668,46.099998474121094,45.630001068115234,46.04999923706055,36.65717697143555,486600
2016-07-25,46.09000015258789,46.13999938964844,45.70000076293945,45.91999816894531,36.553688049316406,964500
2016-07-26,45.86000061035156,46.52000045776367,45.779998779296875,46.38999938964844,36.927818298339844,1186200
2016-07-27,50.27000045776367,52.13999938964844,50.119998931884766,51.790000915527344,41.22636795043945,5643600
2016-07-28,52.0,53.79999923706055,51.54999923706055,53.540000915527344,42.619422912597656,2974500
2016-07-29,53.599998474121094,54.86000061035156,53.36000061035156,54.33000183105469,43.248294830322266,2219400
2016-08-01,54.47999954223633,56.189998626708984,54.2400016784668,55.75,44.37864685058594,3015500
2016-08-02,55.52000045776367,55.83000183105469,54.65999984741211,54.86000061035156,43.67019271850586,1801400
2016-08-03,54.7400016784668,55.939998626708984,54.5099983215332,55.459999084472656,44.14779281616211,1356200
2016-08-04,53.849998474121094,55.04999923706055,53.75,54.540000915527344,43.41545867919922,2000800
2016-08-05,54.90999984741211,55.2599983215332,54.529998779296875,54.91999816894531,43.71795654296875,1434200
2016-08-08,55.189998626708984,55.290000915527344,54.779998779296875,54.86000061035156,43.67019271850586,1108900
2016-08-09,55.029998779296875,55.189998626708984,54.2400016784668,54.36000061035156,43.27217102050781,1273400
2016-08-10,54.619998931884766,55.09000015258789,54.380001068115234,55.08000183105469,43.845314025878906,1450200
2016-08-11,55.34000015258789,55.41999816894531,54.650001525878906,55.290000915527344,44.01247787475586,732800
2016-08-12,55.5,55.56999969482422,54.97999954223633,55.099998474121094,43.86123275756836,625700
2016-08-15,55.369998931884766,55.59000015258789,55.09000015258789,55.58000183105469,44.24333953857422,612600
2016-08-16,55.349998474121094,55.5,55.099998474121094,55.18000030517578,43.924922943115234,748400
2016-08-17,55.150001525878906,55.16999816894531,54.2599983215332,54.75,43.58262252807617,1046700
2016-08-18,54.619998931884766,54.939998626708984,53.900001525878906,54.81999969482422,43.63834762573242,881200
2016-08-19,54.65999984741211,54.7599983215332,54.209999084472656,54.380001068115234,43.2880973815918,868500
2016-08-22,53.20000076293945,53.439998626708984,52.63999938964844,53.15999984741211,42.31694030761719,1786700
2016-08-23,53.22999954223633,54.099998474121094,53.20000076293945,53.66999816894531,42.72290802001953,1318000
2016-08-24,51.66999816894531,52.36000061035156,50.310001373291016,50.59000015258789,40.271156311035156,3427100
2016-08-25,49.459999084472656,51.0,49.459999084472656,50.52000045776367,40.21540451049805,1544600
2016-08-26,50.70000076293945,50.900001525878906,49.959999084472656,50.20000076293945,39.960689544677734,1304000
2016-08-29,50.20000076293945,50.529998779296875,49.97999954223633,50.16999816894531,39.93680191040039,1487900
2016-08-30,50.15999984741211,50.470001220703125,49.22999954223633,49.31999969482422,39.26018142700195,1280200
2016-08-31,49.41999816894531,49.83000183105469,49.0,49.08000183105469,39.06914138793945,1354200
2016-09-01,49.209999084472656,49.33000183105469,48.2599983215332,48.86000061035156,38.894020080566406,1856100
2016-09-02,49.22999954223633,49.400001525878906,48.540000915527344,48.75,38.806453704833984,1250700
2016-09-06,48.939998626708984,49.150001525878906,48.099998474121094,49.02000045776367,39.0213737487793,1268700
2016-09-07,48.95000076293945,49.16999816894531,48.400001525878906,49.099998474121094,39.085052490234375,2998300
2016-09-08,48.77000045776367,49.029998779296875,48.400001525878906,48.91999816894531,38.9417724609375,1337500
2016-09-09,48.4900016784668,48.68000030517578,47.29999923706055,47.439998626708984,37.76363754272461,1856100
2016-09-12,47.31999969482422,47.970001220703125,47.08000183105469,47.86000061035156,38.09798049926758,1706600
2016-09-13,47.09000015258789,47.25,46.45000076293945,46.95000076293945,37.776145935058594,1848300
2016-09-14,46.04999923706055,47.2400016784668,46.04999923706055,46.75,37.61521530151367,1044600
2016-09-15,46.70000076293945,47.63999938964844,46.54999923706055,47.540000915527344,38.250858306884766,1375600
2016-09-16,47.439998626708984,47.439998626708984,46.91999816894531,47.22999954223633,38.001426696777344,1894400
2016-09-19,47.529998779296875,48.220001220703125,47.40999984741211,47.75,38.41981887817383,1430800
2016-09-20,47.9900016784668,48.52000045776367,47.45000076293945,47.54999923706055,38.25890350341797,709400
2016-09-21,47.54999923706055,48.459999084472656,47.5099983215332,48.36000061035156,38.9106330871582,809000
2016-09-22,48.58000183105469,48.77000045776367,48.22999954223633,48.68000030517578,39.16809844970703,975100
2016-09-23,48.400001525878906,48.900001525878906,48.36000061035156,48.5,39.02326965332031,748800
2016-09-26,48.380001068115234,48.40999984741211,47.88999938964844,48.290000915527344,38.85432052612305,910700
2016-09-27,48.33000183105469,49.119998931884766,48.25,49.0099983215332,39.433624267578125,1243700
2016-09-28,49.130001068115234,49.29999923706055,48.4900016784668,48.97999954223633,39.409481048583984,919300
2016-09-29,48.880001068115234,49.08000183105469,47.90999984741211,48.150001525878906,38.74166488647461,838100
2016-09-30,48.470001220703125,48.869998931884766,48.029998779296875,48.11000061035156,38.70948791503906,1059300
2016-10-03,47.65999984741211,48.310001373291016,47.54999923706055,48.2400016784668,38.8140869140625,1052200
2016-10-04,48.43000030517578,48.529998779296875,47.66999816894531,47.95000076293945,38.580753326416016,734300
2016-10-05,48.20000076293945,48.540000915527344,47.95000076293945,48.470001220703125,38.999141693115234,798700
2016-10-06,48.439998626708984,48.599998474121094,47.81999969482422,48.38999938964844,38.934776306152344,694900
2016-10-07,48.779998779296875,49.439998626708984,48.22999954223633,48.5099983215332,39.03132629394531,1318300
2016-10-10,48.689998626708984,49.29999923706055,48.58000183105469,48.66999816894531,39.16005325317383,883100
2016-10-11,48.58000183105469,48.58000183105469,47.849998474121094,48.060001373291016,38.66925048828125,1227100
2016-10-12,48.0,48.38999938964844,47.599998474121094,48.25,38.82212829589844,561100
2016-10-13,47.72999954223633,48.13999938964844,46.95000076293945,47.97999954223633,38.604881286621094,1246800
2016-10-14,48.33000183105469,49.15999984741211,48.31999969482422,48.33000183105469,38.886497497558594,1035200
2016-10-17,48.27000045776367,48.27000045776367,47.65999984741211,47.880001068115234,38.52442169189453,768800
2016-10-18,48.5099983215332,48.720001220703125,48.20000076293945,48.63999938964844,39.135921478271484,890200
2016-10-19,48.58000183105469,48.880001068115234,48.40999984741211,48.599998474121094,39.103736877441406,565500
2016-10-20,48.540000915527344,48.939998626708984,48.470001220703125,48.59000015258789,39.09568786621094,651200
2016-10-21,48.119998931884766,48.70000076293945,47.689998626708984,48.599998474121094,39.103736877441406,749600
2016-10-24,48.93000030517578,49.31999969482422,48.5099983215332,48.880001068115234,39.32902526855469,943300
2016-10-25,49.0,49.54999923706055,48.689998626708984,49.5099983215332,39.83592224121094,2407800
2016-10-26,51.31999969482422,53.31999969482422,49.41999816894531,49.75,40.02903366088867,4371900
2016-10-27,50.20000076293945,50.400001525878906,47.61000061035156,47.849998474121094,38.50027847290039,1892600
2016-10-28,47.900001525878906,48.400001525878906,47.54999923706055,47.869998931884766,38.516380310058594,1255000
2016-10-31,47.88999938964844,48.40999984741211,47.880001068115234,48.36000061035156,38.9106330871582,865500
2016-11-01,48.4900016784668,49.02000045776367,48.4900016784668,49.0,39.42557144165039,1328100
2016-11-02,48.97999954223633,48.97999954223633,48.02000045776367,48.119998931884766,38.717525482177734,1418800
2016-11-03,47.959999084472656,48.45000076293945,47.09000015258789,47.380001068115234,38.12211608886719,1400400
2016-11-04,47.349998474121094,47.779998779296875,46.79999923706055,47.0099983215332,37.82441711425781,2155900
2016-11-07,47.849998474121094,47.97999954223633,47.41999816894531,47.880001068115234,38.52442169189453,1287500
2016-11-08,47.70000076293945,48.459999084472656,47.40999984741211,48.16999816894531,38.75776290893555,863400
2016-11-09,47.400001525878906,49.220001220703125,47.099998474121094,48.939998626708984,39.377296447753906,1027400
2016-11-10,49.20000076293945,49.97999954223633,49.15999984741211,49.470001220703125,39.803741455078125,1118300
2016-11-11,49.470001220703125,49.9900016784668,49.36000061035156,49.95000076293945,40.18994903564453,727400
2016-11-14,50.029998779296875,52.47999954223633,50.029998779296875,52.2400016784668,42.032501220703125,2573500
2016-11-15,52.2400016784668,52.79999923706055,51.959999084472656,52.720001220703125,42.418704986572266,2159900
2016-11-16,52.59000015258789,52.70000076293945,52.20000076293945,52.650001525878906,42.362369537353516,950500
2016-11-17,52.91999816894531,52.97999954223633,51.88999938964844,52.0099983215332,41.84743881225586,918900
2016-11-18,51.97999954223633,51.97999954223633,51.63999938964844,51.709999084472656,41.60605239868164,618300
2016-11-21,51.939998626708984,52.27000045776367,51.68000030517578,52.18000030517578,41.984214782714844,682100
2016-11-22,52.47999954223633,52.77000045776367,52.13999938964844,52.689998626708984,42.39455795288086,913600
2016-11-23,52.65999984741211,53.0099983215332,52.27000045776367,52.529998779296875,42.26582717895508,605100
2016-11-25,52.54999923706055,52.90999984741211,52.400001525878906,52.790000915527344,42.47502899169922,285500
2016-11-28,52.72999954223633,53.56999969482422,52.61000061035156,52.869998931884766,42.53938674926758,1552000
2016-11-29,52.81999969482422,52.97999954223633,51.90999984741211,51.9900016784668,41.83134078979492,1321600
2016-11-30,52.459999084472656,52.65999984741211,52.11000061035156,52.15999984741211,41.96812057495117,1433500
2016-12-01,52.13999938964844,52.54999923706055,51.38999938964844,51.540000915527344,41.46927261352539,961000
2016-12-02,51.369998931884766,51.709999084472656,51.310001373291016,51.5099983215332,41.445133209228516,954700
2016-12-05,51.849998474121094,52.22999954223633,51.599998474121094,52.130001068115234,41.94398880004883,833300
2016-12-06,52.22999954223633,52.650001525878906,51.33000183105469,51.52000045776367,41.45317459106445,1313400
2016-12-07,51.470001220703125,51.900001525878906,51.13999938964844,51.65999984741211,41.56581115722656,1493700
2016-12-08,51.65999984741211,52.2400016784668,51.5,51.560001373291016,41.4853630065918,1123900
2016-12-09,51.599998474121094,51.810001373291016,49.20000076293945,50.02000045776367,40.24627685546875,2172400
2016-12-12,49.220001220703125,49.939998626708984,49.220001220703125,49.650001525878906,40.360084533691406,960800
2016-12-13,49.66999816894531,50.31999969482422,49.369998931884766,49.709999084472656,40.408843994140625,1683500
2016-12-14,49.83000183105469,50.63999938964844,48.849998474121094,48.88999938964844,39.74229049682617,1452500
2016-12-15,49.04999923706055,49.81999969482422,49.02000045776367,49.5,40.238128662109375,1374600
2016-12-16,49.54999923706055,49.880001068115234,48.630001068115234,48.9900016784668,39.82356262207031,2987100
2016-12-19,48.9900016784668,49.5,48.83000183105469,49.38999938964844,40.14873504638672,962600
2016-12-20,49.38999938964844,49.7599983215332,49.18000030517578,49.7400016784668,40.43323516845703,754500
2016-12-21,49.709999084472656,50.189998626708984,49.63999938964844,50.04999923706055,40.685237884521484,751100
2016-12-22,50.18000030517578,50.70000076293945,50.0,50.439998626708984,41.002262115478516,1018400
2016-12-23,50.47999954223633,50.689998626708984,50.0099983215332,50.470001220703125,41.02665710449219,617000
2016-12-27,50.650001525878906,51.060001373291016,50.099998474121094,50.650001525878906,41.172969818115234,1050200
2016-12-28,50.36000061035156,50.45000076293945,49.16999816894531,49.220001220703125,40.010536193847656,946100
2016-12-29,49.16999816894531,49.439998626708984,48.810001373291016,49.0099983215332,39.83981704711914,951700
2016-12-30,49.130001068115234,49.31999969482422,48.400001525878906,48.4900016784668,39.4171028137207,750700
2017-01-03,48.529998779296875,49.36000061035156,48.529998779296875,49.189998626708984,39.98615264892578,1145500
2017-01-04,49.25,50.04999923706055,49.25,49.83000183105469,40.506404876708984,1524900
2017-01-05,49.81999969482422,49.81999969482422,49.04999923706055,49.4900016784668,40.230018615722656,886900
2017-01-06,49.38999938964844,49.790000915527344,48.84000015258789,49.040000915527344,39.86421203613281,1013700
2017-01-09,49.02000045776367,49.040000915527344,48.06999969482422,48.09000015258789,39.09196472167969,1507100
2017-01-10,48.060001373291016,48.36000061035156,47.65999984741211,47.93000030517578,38.961910247802734,1461500
2017-01-11,47.7400016784668,48.279998779296875,47.7400016784668,48.2599983215332,39.23015213012695,916800
2017-01-12,48.029998779296875,48.630001068115234,47.720001220703125,48.369998931884766,39.319583892822266,895500
2017-01-13,48.560001373291016,48.84000015258789,48.34000015258789,48.52000045776367,39.44150924682617,754500
2017-01-17,48.45000076293945,48.63999938964844,47.70000076293945,47.939998626708984,38.97003173828125,743200
2017-01-18,47.93000030517578,48.189998626708984,47.66999816894531,47.7599983215332,38.823707580566406,754200
2017-01-19,47.83000183105469,48.16999816894531,47.459999084472656,47.61000061035156,38.70177459716797,594300
2017-01-20,47.7400016784668,48.06999969482422,47.400001525878906,47.869998931884766,38.91312026977539,869400
2017-01-23,47.91999816894531,48.2599983215332,47.720001220703125,48.18000030517578,39.165130615234375,1215200
2017-01-24,48.650001525878906,49.119998931884766,48.220001220703125,49.08000183105469,39.896724700927734,1250300
2017-01-25,49.029998779296875,49.90999984741211,49.029998779296875,49.75,40.44136428833008,1434700
2017-01-26,49.790000915527344,49.900001525878906,49.040000915527344,49.08000183105469,39.896724700927734,1070700
2017-01-27,49.11000061035156,49.2599983215332,48.709999084472656,49.0,39.83169937133789,858700
2017-01-30,48.72999954223633,48.72999954223633,47.150001525878906,47.349998474121094,38.49042510986328,1757000
2017-01-31,47.470001220703125,48.310001373291016,47.029998779296875,48.290000915527344,39.25454330444336,4925400
2017-02-01,48.41999816894531,48.720001220703125,47.79999923706055,48.130001068115234,39.12449645996094,1377100
2017-02-02,48.20000076293945,49.81999969482422,48.11000061035156,49.79999923706055,40.48200988769531,1886300
2017-02-03,49.77000045776367,50.040000915527344,49.5099983215332,49.84000015258789,40.514530181884766,1306500
2017-02-06,49.34000015258789,50.310001373291016,49.34000015258789,50.2599983215332,40.855934143066406,1325600
2017-02-07,50.349998474121094,50.5,49.41999816894531,49.529998779296875,40.26253128051758,1040000
2017-02-08,49.5,49.5,48.619998931884766,48.849998474121094,39.70976638793945,1493000
2017-02-09,48.75,49.2599983215332,48.68000030517578,49.130001068115234,39.93737030029297,738900
2017-02-10,49.099998474121094,50.060001373291016,49.0,49.779998779296875,40.46575164794922,913700
2017-02-13,50.0,50.869998931884766,49.779998779296875,50.34000015258789,40.920963287353516,849300
2017-02-14,50.31999969482422,50.45000076293945,50.0099983215332,50.25,40.847816467285156,772300
2017-02-15,50.2400016784668,50.84000015258789,50.04999923706055,50.81999969482422,41.3111457824707,1008500
2017-02-16,50.72999954223633,50.959999084472656,50.5,50.95000076293945,41.41684341430664,965800
2017-02-17,50.689998626708984,51.09000015258789,50.45000076293945,50.810001373291016,41.30302810668945,1309400
2017-02-21,50.81999969482422,51.470001220703125,50.29999923706055,50.45000076293945,41.01039505004883,3161600
2017-02-22,54.29999923706055,55.7400016784668,53.11000061035156,54.150001525878906,44.018089294433594,10284800
2017-02-23,54.5,54.90999984741211,52.209999084472656,52.310001373291016,42.522369384765625,2547200
2017-02-24,52.18000030517578,53.09000015258789,51.650001525878906,53.029998779296875,43.1076545715332,1299700
2017-02-27,53.0099983215332,53.0099983215332,51.959999084472656,52.61000061035156,42.76622772216797,1175500
2017-02-28,52.4900016784668,52.75,51.16999816894531,51.61000061035156,41.95335006713867,1545700
2017-03-01,52.36000061035156,52.560001373291016,51.650001525878906,52.34000015258789,42.546749114990234,1106900
2017-03-02,52.400001525878906,52.400001525878906,51.709999084472656,51.720001220703125,42.04277038574219,801500
2017-03-03,51.65999984741211,51.849998474121094,51.279998779296875,51.52000045776367,41.88018798828125,579800
2017-03-06,51.83000183105469,52.18000030517578,51.4900016784668,51.7599983215332,42.075260162353516,1267100
2017-03-07,51.779998779296875,51.97999954223633,51.29999923706055,51.5099983215332,41.87205123901367,1034400
2017-03-08,51.61000061035156,52.06999969482422,51.27000045776367,51.9900016784668,42.26224136352539,1044800
2017-03-09,51.97999954223633,52.33000183105469,51.720001220703125,52.11000061035156,42.35979080200195,923900
2017-03-10,51.91999816894531,52.650001525878906,51.81999969482422,52.5099983215332,42.6849479675293,1072800
2017-03-13,52.099998474121094,52.349998474121094,51.63999938964844,51.849998474121094,42.561824798583984,1007400
2017-03-14,51.779998779296875,51.91999816894531,51.04999923706055,51.41999816894531,42.20884323120117,1058600
2017-03-15,51.459999084472656,52.119998931884766,51.11000061035156,51.900001525878906,42.60286331176758,938900
2017-03-16,52.0,52.40999984741211,51.66999816894531,52.36000061035156,42.98046112060547,863300
2017-03-17,52.470001220703125,52.72999954223633,51.9900016784668,52.36000061035156,42.98046112060547,3170800
2017-03-20,52.45000076293945,52.84000015258789,52.220001220703125,52.650001525878906,43.218505859375,916900
2017-03-21,52.72999954223633,52.86000061035156,51.40999984741211,51.52000045776367,42.290931701660156,941500
2017-03-22,51.689998626708984,51.72999954223633,50.90999984741211,51.209999084472656,42.036468505859375,740100
2017-03-23,51.279998779296875,51.790000915527344,51.22999954223633,51.47999954223633,42.25810241699219,837600
2017-03-24,51.5099983215332,51.75,50.90999984741211,51.099998474121094,41.94617462158203,690800
2017-03-27,50.61000061035156,51.119998931884766,50.20000076293945,50.77000045776367,41.67528533935547,935500
2017-03-28,50.84000015258789,51.209999084472656,50.279998779296875,51.0099983215332,41.872283935546875,1035100
2017-03-29,51.060001373291016,51.290000915527344,50.70000076293945,50.959999084472656,41.83125305175781,767800
2017-03-30,50.95000076293945,51.290000915527344,50.630001068115234,51.09000015258789,41.937957763671875,716000
2017-03-31,50.959999084472656,51.40999984741211,50.81999969482422,51.11000061035156,41.954376220703125,735200
2017-04-03,51.189998626708984,51.40999984741211,50.0,50.2400016784668,41.24022674560547,789000
2017-04-04,50.279998779296875,50.34000015258789,49.77000045776367,49.9900016784668,41.035011291503906,980100
2017-04-05,50.0099983215332,50.439998626708984,49.7599983215332,49.81999969482422,40.89546203613281,783800
2017-04-06,49.88999938964844,50.380001068115234,49.66999816894531,50.08000183105469,41.108890533447266,587800
2017-04-07,50.099998474121094,50.619998931884766,50.04999923706055,50.369998931884766,41.34694290161133,957100
2017-04-10,50.369998931884766,50.970001220703125,50.33000183105469,50.540000915527344,41.48648452758789,763900
2017-04-11,50.58000183105469,50.66999816894531,49.81999969482422,49.9900016784668,41.035011291503906,1199800
2017-04-12,50.0099983215332,50.08000183105469,49.18000030517578,49.290000915527344,40.460391998291016,788100
2017-04-13,49.220001220703125,49.61000061035156,48.599998474121094,48.689998626708984,39.96788024902344,1048600
2017-04-17,48.810001373291016,48.9900016784668,48.5,48.97999954223633,40.205928802490234,859400
2017-04-18,49.0,49.349998474121094,48.869998931884766,49.2599983215332,40.43577194213867,726100
2017-04-19,49.47999954223633,49.81999969482422,49.41999816894531,49.58000183105469,40.69845199584961,893200
2017-04-20,49.72999954223633,50.09000015258789,49.59000015258789,49.97999954223633,41.02680206298828,946700
2017-04-21,50.13999938964844,50.2599983215332,49.81999969482422,49.95000076293945,41.00217819213867,711100
2017-04-24,50.38999938964844,50.54999923706055,50.02000045776367,50.290000915527344,41.28126907348633,1130800
2017-04-25,50.38999938964844,50.83000183105469,50.209999084472656,50.7400016784668,41.650657653808594,1076900
2017-04-26,50.470001220703125,50.790000915527344,49.630001068115234,50.56999969482422,41.5111083984375,1894200
2017-04-27,50.7599983215332,51.34000015258789,50.459999084472656,51.209999084472656,42.036468505859375,977000
2017-04-28,51.22999954223633,51.31999969482422,50.5099983215332,50.84000015258789,41.73274612426758,1233200
2017-05-01,51.060001373291016,51.959999084472656,50.900001525878906,51.83000183105469,42.54539489746094,1746300
2017-05-02,51.7400016784668,52.380001068115234,51.13999938964844,51.2400016784668,42.06108474731445,1993300
2017-05-03,49.880001068115234,50.88999938964844,48.83000183105469,50.68000030517578,41.60141372680664,2166800
2017-05-04,50.189998626708984,51.47999954223633,49.779998779296875,51.41999816894531,42.20884323120117,1940700
2017-05-05,51.560001373291016,52.5099983215332,51.11000061035156,52.4900016784668,43.0871696472168,1574300
2017-05-08,52.65999984741211,52.86000061035156,51.65999984741211,51.959999084472656,42.65210723876953,871600
2017-05-09,52.0099983215332,52.18000030517578,51.41999816894531,52.0099983215332,42.69316482543945,920000
2017-05-10,52.04999923706055,52.65999984741211,52.04999923706055,52.619998931884766,43.193878173828125,1148500
2017-05-11,52.439998626708984,52.540000915527344,51.970001220703125,52.36000061035156,42.98046112060547,545000
2017-05-12,52.29999923706055,52.41999816894531,52.0099983215332,52.150001525878906,42.808082580566406,579400
2017-05-15,52.220001220703125,52.5099983215332,52.0,52.38999938964844,43.00508117675781,808600
2017-05-16,52.34000015258789,52.7599983215332,52.25,52.599998474121094,43.177452087402344,1006400
2017-05-17,52.27000045776367,52.4900016784668,51.0,51.099998474121094,41.94617462158203,1366700
2017-05-18,51.0,51.7400016784668,50.540000915527344,51.0,41.86408615112305,1016500
2017-05-19,51.29999923706055,51.7599983215332,51.040000915527344,51.220001220703125,42.044673919677734,696400
2017-05-22,51.40999984741211,52.220001220703125,51.31999969482422,52.029998779296875,42.7095832824707,624200
2017-05-23,52.220001220703125,52.220001220703125,51.43000030517578,51.68000030517578,42.422264099121094,684700
2017-05-24,51.75,52.279998779296875,51.439998626708984,51.4900016784668,42.26631164550781,619600
2017-05-25,51.720001220703125,52.13999938964844,51.540000915527344,52.08000183105469,42.75061798095703,481300
2017-05-26,52.41999816894531,52.70000076293945,52.20000076293945,52.400001525878906,43.01329040527344,742000
2017-05-30,52.310001373291016,52.56999969482422,51.970001220703125,52.11000061035156,42.77524948120117,673000
2017-05-31,52.209999084472656,52.630001068115234,51.540000915527344,52.040000915527344,42.717777252197266,1313800
2017-06-01,52.27000045776367,52.83000183105469,52.08000183105469,52.7400016784668,43.29238510131836,668400
2017-06-02,52.81999969482422,53.29999923706055,52.4900016784668,52.95000076293945,43.464778900146484,607900
2017-06-05,52.91999816894531,54.029998779296875,52.88999938964844,53.58000183105469,43.98190689086914,1268600
2017-06-06,53.61000061035156,53.869998931884766,52.810001373291016,52.84000015258789,43.37446975708008,999800
2017-06-07,52.90999984741211,52.90999984741211,51.79999923706055,51.88999938964844,42.59465026855469,787700
2017-06-08,52.0,52.0,51.5,51.88999938964844,42.59465026855469,756300
2017-06-09,51.95000076293945,52.0099983215332,51.56999969482422,51.88999938964844,42.59465026855469,989600
2017-06-12,51.9900016784668,52.040000915527344,51.52000045776367,51.90999984741211,42.61107635498047,756600
2017-06-13,51.939998626708984,52.189998626708984,51.5,51.61000061035156,42.36480712890625,525900
2017-06-14,51.810001373291016,51.849998474121094,51.33000183105469,51.720001220703125,42.455108642578125,1835500
2017-06-15,50.7599983215332,51.84000015258789,50.7599983215332,51.70000076293945,42.86133575439453,901700
2017-06-16,51.31999969482422,51.869998931884766,51.220001220703125,51.34000015258789,42.56288146972656,950300
2017-06-19,51.4900016784668,51.880001068115234,51.38999938964844,51.790000915527344,42.93594741821289,751100
2017-06-20,51.61000061035156,51.900001525878906,50.970001220703125,51.36000061035156,42.579463958740234,816500
2017-06-21,51.52000045776367,51.619998931884766,51.0,51.16999816894531,42.421932220458984,521500
2017-06-22,51.29999923706055,51.65999984741211,51.0,51.38999938964844,42.60432815551758,571300
2017-06-23,51.689998626708984,51.77000045776367,51.220001220703125,51.279998779296875,42.51314163208008,1158400
2017-06-26,51.38999938964844,51.709999084472656,51.16999816894531,51.29999923706055,42.52972412109375,845800
2017-06-27,51.369998931884766,51.40999984741211,50.5099983215332,50.56999969482422,41.92451095581055,735000
2017-06-28,50.779998779296875,51.279998779296875,50.77000045776367,50.95000076293945,42.23955535888672,906700
2017-06-29,51.02000045776367,51.470001220703125,50.4900016784668,50.939998626708984,42.231266021728516,949900
2017-06-30,50.810001373291016,51.25,50.66999816894531,51.029998779296875,42.30588912963867,852600
2017-07-03,51.25,51.869998931884766,51.15999984741211,51.81999969482422,42.9608268737793,721200
2017-07-05,51.790000915527344,52.209999084472656,51.59000015258789,52.06999969482422,43.1680793762207,1345200
2017-07-06,51.849998474121094,51.97999954223633,50.95000076293945,50.97999954223633,42.264434814453125,1132600
2017-07-07,51.2400016784668,51.380001068115234,50.97999954223633,51.16999816894531,42.421932220458984,931200
2017-07-10,50.97999954223633,51.38999938964844,50.2400016784668,50.2599983215332,41.66750717163086,3086400
2017-07-11,50.400001525878906,50.59000015258789,49.9900016784668,50.29999923706055,41.70068359375,1222800
2017-07-12,50.5099983215332,50.810001373291016,49.810001373291016,50.29999923706055,41.70068359375,2248900
2017-07-13,50.25,50.56999969482422,49.900001525878906,50.2400016784668,41.650936126708984,1330300
2017-07-14,50.470001220703125,50.4900016784668,50.11000061035156,50.29999923706055,41.70068359375,867700
2017-07-17,50.54999923706055,50.86000061035156,50.38999938964844,50.599998474121094,41.94939422607422,806400
2017-07-18,50.40999984741211,50.65999984741211,50.0,50.209999084472656,41.626068115234375,1288500
2017-07-19,51.04999923706055,51.689998626708984,50.7400016784668,51.65999984741211,42.82817459106445,2027100
2017-07-20,51.790000915527344,51.790000915527344,51.13999938964844,51.33000183105469,42.55459213256836,955000
2017-07-21,51.27000045776367,51.7400016784668,51.2599983215332,51.59000015258789,42.770145416259766,713600
2017-07-24,51.439998626708984,51.939998626708984,51.27000045776367,51.68000030517578,42.84475326538086,774100
2017-07-25,51.650001525878906,52.709999084472656,51.5099983215332,52.560001373291016,43.57430648803711,1557400
2017-07-26,52.720001220703125,52.720001220703125,52.060001373291016,52.25,43.31731033325195,750000
2017-07-27,52.22999954223633,52.22999954223633,51.369998931884766,51.880001068115234,43.01055908203125,1061300
2017-07-28,51.880001068115234,52.040000915527344,51.25,51.31999969482422,42.54629898071289,773300
2017-07-31,51.5,51.540000915527344,50.15999984741211,50.189998626708984,41.609474182128906,1401700
2017-08-01,50.4900016784668,50.779998779296875,49.79999923706055,49.9900016784668,41.44368362426758,1606300
2017-08-02,51.06999969482422,52.77000045776367,50.95000076293945,52.220001220703125,43.29243850708008,3343100
2017-08-03,52.09000015258789,52.41999816894531,51.7400016784668,51.81999969482422,42.9608268737793,1426200
2017-08-04,51.90999984741211,52.06999969482422,51.52000045776367,51.880001068115234,43.01055908203125,1104200
2017-08-07,51.029998779296875,52.189998626708984,51.029998779296875,52.099998474121094,43.19294738769531,986700
2017-08-08,52.130001068115234,52.220001220703125,51.619998931884766,51.7599983215332,42.911075592041016,1030700
2017-08-09,51.650001525878906,52.349998474121094,51.630001068115234,52.279998779296875,43.34218215942383,1453000
2017-08-10,52.02000045776367,52.41999816894531,51.130001068115234,51.290000915527344,42.52143096923828,1583600
2017-08-11,51.630001068115234,51.779998779296875,50.90999984741211,51.209999084472656,42.45511245727539,918400
2017-08-14,51.470001220703125,52.029998779296875,51.2599983215332,51.79999923706055,42.944236755371094,651300
2017-08-15,51.77000045776367,51.970001220703125,51.380001068115234,51.400001525878906,42.61262512207031,733800
2017-08-16,51.630001068115234,52.150001525878906,51.380001068115234,51.880001068115234,43.01055908203125,689300
2017-08-17,51.81999969482422,52.040000915527344,51.18000030517578,51.20000076293945,42.44682312011719,612500
2017-08-18,51.22999954223633,51.36000061035156,50.88999938964844,51.16999816894531,42.421932220458984,717000
2017-08-21,51.099998474121094,51.34000015258789,50.86000061035156,50.97999954223633,42.264434814453125,770200
2017-08-22,51.150001525878906,51.7400016784668,50.959999084472656,51.70000076293945,42.86133575439453,917200
2017-08-23,51.560001373291016,52.56999969482422,51.47999954223633,52.040000915527344,43.143211364746094,1512300
2017-08-24,52.06999969482422,52.72999954223633,51.93000030517578,52.18000030517578,43.25926971435547,1297800
2017-08-25,52.40999984741211,52.79999923706055,52.31999969482422,52.529998779296875,43.549434661865234,627700
2017-08-28,52.58000183105469,52.79999923706055,51.93000030517578,52.04999923706055,43.15149688720703,654300
2017-08-29,51.7400016784668,51.95000076293945,51.34000015258789,51.4900016784668,42.687232971191406,870100
2017-08-30,51.38999938964844,51.849998474121094,51.279998779296875,51.72999954223633,42.88621139526367,743200
2017-08-31,51.83000183105469,52.0,51.290000915527344,51.5,42.695533752441406,957000
2017-09-01,51.709999084472656,52.15999984741211,51.58000183105469,51.81999969482422,42.9608268737793,796300
2017-09-05,51.689998626708984,51.970001220703125,50.97999954223633,51.459999084472656,42.662357330322266,937400
2017-09-06,51.599998474121094,52.2599983215332,51.34000015258789,52.11000061035156,43.20124053955078,1029900
2017-09-07,52.22999954223633,52.33000183105469,51.7599983215332,51.959999084472656,43.076881408691406,677300
2017-09-08,51.68000030517578,52.56999969482422,51.65999984741211,52.2599983215332,43.325584411621094,740400
2017-09-11,52.54999923706055,52.54999923706055,51.9900016784668,52.150001525878906,43.23440933227539,989400
2017-09-12,52.459999084472656,52.65999984741211,51.65999984741211,52.0099983215332,43.118343353271484,1622200
2017-09-13,51.61000061035156,52.66999816894531,51.56999969482422,52.540000915527344,43.989078521728516,1184900
2017-09-14,51.91999816894531,52.459999084472656,51.7599983215332,52.310001373291016,43.796512603759766,927300
2017-09-15,52.2599983215332,52.540000915527344,52.0,52.47999954223633,43.938846588134766,1152700
2017-09-18,52.689998626708984,52.689998626708984,52.2599983215332,52.4900016784668,43.947208404541016,678600
2017-09-19,52.5099983215332,52.540000915527344,51.84000015258789,51.939998626708984,43.486732482910156,870300
2017-09-20,51.619998931884766,52.220001220703125,51.619998931884766,52.18000030517578,43.687660217285156,639400
2017-09-21,52.20000076293945,52.380001068115234,51.79999923706055,52.0,43.536964416503906,649200
2017-09-22,52.08000183105469,52.4900016784668,52.04999923706055,52.40999984741211,43.88023376464844,461800
2017-09-25,52.5,53.75,52.43000030517578,53.20000076293945,44.541656494140625,1045700
2017-09-26,53.45000076293945,53.849998474121094,53.34000015258789,53.68000030517578,44.943538665771484,1058700
2017-09-27,53.79999923706055,54.150001525878906,53.5,54.029998779296875,45.236576080322266,735800
2017-09-28,53.95000076293945,54.11000061035156,53.66999816894531,54.040000915527344,45.244956970214844,476900
2017-09-29,53.95000076293945,54.150001525878906,53.45000076293945,53.970001220703125,45.18635177612305,780400
2017-10-02,54.060001373291016,54.20000076293945,53.59000015258789,54.15999984741211,45.34542465209961,717900
2017-10-03,54.33000183105469,54.4900016784668,54.029998779296875,54.41999816894531,45.5630989074707,722600
2017-10-04,54.43000030517578,54.869998931884766,54.2599983215332,54.77000045776367,45.85614013671875,782700
2017-10-05,54.86000061035156,54.900001525878906,54.40999984741211,54.790000915527344,45.87288284301758,874700
2017-10-06,54.77000045776367,54.790000915527344,53.650001525878906,53.83000183105469,45.06911849975586,1213400
2017-10-09,53.86000061035156,54.209999084472656,53.65999984741211,53.91999816894531,45.14448547363281,843200
2017-10-10,53.869998931884766,54.349998474121094,53.869998931884766,54.2599983215332,45.42914581298828,659200
2017-10-11,54.27000045776367,54.56999969482422,54.09000015258789,54.380001068115234,45.52960968017578,619700
2017-10-12,54.38999938964844,54.75,54.2599983215332,54.70000076293945,45.797542572021484,865200
2017-10-13,54.720001220703125,55.5,54.650001525878906,55.16999816894531,46.191043853759766,1343000
2017-10-16,55.150001525878906,55.41999816894531,54.90999984741211,55.150001525878906,46.17428970336914,839500
2017-10-17,55.349998474121094,55.630001068115234,55.150001525878906,55.20000076293945,46.21615982055664,592500
2017-10-18,55.13999938964844,55.33000183105469,54.869998931884766,55.08000183105469,46.11568832397461,759000
2017-10-19,54.91999816894531,55.59000015258789,54.56999969482422,55.45000076293945,46.42546081542969,801900
2017-10-20,55.56999969482422,55.869998931884766,55.52000045776367,55.79999923706055,46.718509674072266,742900
2017-10-23,55.91999816894531,55.97999954223633,55.65999984741211,55.79999923706055,46.718509674072266,785400
2017-10-24,55.9900016784668,56.43000030517578,55.709999084472656,56.40999984741211,47.22923278808594,1007100
2017-10-25,56.34000015258789,56.689998626708984,56.06999969482422,56.54999923706055,47.34644317626953,1229500
2017-10-26,56.709999084472656,56.75,56.13999938964844,56.470001220703125,47.27946472167969,653400
2017-10-27,56.47999954223633,56.7400016784668,55.220001220703125,56.290000915527344,47.128761291503906,821600
2017-10-30,56.209999084472656,56.599998474121094,55.90999984741211,56.4900016784668,47.29621505737305,773600
2017-10-31,56.72999954223633,57.09000015258789,56.209999084472656,56.61000061035156,47.39667510986328,1574000
2017-11-01,57.619998931884766,60.439998626708984,57.61000061035156,59.79999923706055,50.0674934387207,3488700
2017-11-02,59.70000076293945,59.709999084472656,58.279998779296875,58.86000061035156,49.28049087524414,2387500
2017-11-03,58.959999084472656,59.58000183105469,58.619998931884766,59.54999923706055,49.85820007324219,1112200
2017-11-06,59.650001525878906,60.04999923706055,59.040000915527344,59.29999923706055,49.64888000488281,1071100
2017-11-07,59.08000183105469,59.43000030517578,58.810001373291016,59.209999084472656,49.57352066040039,832200
2017-11-08,59.290000915527344,59.79999923706055,58.90999984741211,59.650001525878906,49.94192123413086,828100
2017-11-09,59.20000076293945,59.779998779296875,59.0,59.720001220703125,50.00052261352539,1233900
2017-11-10,59.540000915527344,61.040000915527344,59.470001220703125,60.83000183105469,50.929874420166016,1644900
2017-11-13,60.810001373291016,60.810001373291016,60.04999923706055,60.58000183105469,50.7205696105957,1404400
2017-11-14,60.52000045776367,61.279998779296875,60.22999954223633,60.75,50.86289978027344,1099300
2017-11-15,60.5099983215332,60.790000915527344,60.11000061035156,60.290000915527344,50.47776412963867,937500
2017-11-16,60.5,60.91999816894531,60.220001220703125,60.75,50.86289978027344,859100
2017-11-17,60.68000030517578,61.75,60.61000061035156,61.45000076293945,51.448978424072266,1060000
2017-11-20,61.43000030517578,61.79999923706055,61.13999938964844,61.52000045776367,51.5075798034668,957400
2017-11-21,61.88999938964844,62.61000061035156,61.75,62.4900016784668,52.319705963134766,1125000
2017-11-22,62.369998931884766,62.369998931884766,61.2400016784668,61.529998779296875,51.51594161987305,1030700
2017-11-24,61.689998626708984,62.279998779296875,61.209999084472656,61.790000915527344,51.73362731933594,317200
2017-11-27,61.84000015258789,62.08000183105469,61.66999816894531,61.70000076293945,51.65827941894531,562600
2017-11-28,61.90999984741211,62.9900016784668,61.90999984741211,62.91999816894531,52.67972946166992,807500
2017-11-29,62.849998474121094,63.150001525878906,62.29999923706055,62.400001525878906,52.24435806274414,959600
2017-11-30,62.5099983215332,62.68000030517578,62.02000045776367,62.08000183105469,51.9764289855957,1354100
2017-12-01,62.189998626708984,62.33000183105469,60.36000061035156,61.22999954223633,51.2647705078125,1120300
2017-12-04,61.540000915527344,61.849998474121094,60.83000183105469,60.849998474121094,50.94661331176758,1090700
2017-12-05,61.11000061035156,62.09000015258789,60.779998779296875,61.52000045776367,51.5075798034668,1348600
2017-12-06,61.619998931884766,61.880001068115234,61.209999084472656,61.459999084472656,51.45733642578125,1011200
2017-12-07,61.36000061035156,61.58000183105469,61.06999969482422,61.27000045776367,51.29826354980469,902300
2017-12-08,61.31999969482422,62.310001373291016,61.31999969482422,62.27000045776367,52.1355094909668,968100
2017-12-11,62.060001373291016,62.33000183105469,61.619998931884766,61.959999084472656,51.875972747802734,1081000
2017-12-12,62.0,62.08000183105469,60.93000030517578,61.130001068115234,51.18104553222656,892300
2017-12-13,61.09000015258789,61.189998626708984,60.7599983215332,60.83000183105469,50.929874420166016,1188800
2017-12-14,60.529998779296875,60.709999084472656,59.45000076293945,59.459999084472656,50.20375061035156,1261400
2017-12-15,58.63999938964844,58.970001220703125,57.38999938964844,58.36000061035156,49.274993896484375,5300600
2017-12-18,58.5,59.13999938964844,58.279998779296875,58.630001068115234,49.502960205078125,1650500
2017-12-19,58.880001068115234,59.209999084472656,58.52000045776367,58.58000183105469,49.460750579833984,1190000
2017-12-20,58.959999084472656,58.970001220703125,58.61000061035156,58.79999923706055,49.6464958190918,988200
2017-12-21,59.150001525878906,59.540000915527344,58.75,59.16999816894531,49.95889663696289,1240600
2017-12-22,59.220001220703125,59.459999084472656,59.08000183105469,59.18000030517578,49.967342376708984,493700
2017-12-26,59.119998931884766,59.75,59.02000045776367,59.27000045776367,50.043338775634766,355800
2017-12-27,59.34000015258789,59.7400016784668,59.279998779296875,59.459999084472656,50.20375061035156,403800
2017-12-28,59.470001220703125,59.849998474121094,59.470001220703125,59.77000045776367,50.465492248535156,415300
2017-12-29,59.77000045776367,59.97999954223633,59.38999938964844,59.56999969482422,50.2966194152832,497100
2018-01-02,59.63999938964844,59.86000061035156,59.189998626708984,59.540000915527344,50.271305084228516,885400
2018-01-03,59.65999984741211,60.29999923706055,59.560001373291016,60.27000045776367,50.887664794921875,655100
2018-01-04,60.2400016784668,60.36000061035156,59.790000915527344,60.27000045776367,50.887664794921875,1096000
2018-01-05,60.38999938964844,60.5,59.619998931884766,59.7400016784668,50.440162658691406,843000
2018-01-08,59.599998474121094,60.380001068115234,59.16999816894531,60.34000015258789,50.946754455566406,1263400
2018-01-09,60.529998779296875,60.59000015258789,59.7400016784668,59.849998474121094,50.53303527832031,975000
2018-01-10,59.84000015258789,60.709999084472656,59.66999816894531,60.470001220703125,51.0565299987793,759000
2018-01-11,60.459999084472656,61.59000015258789,60.41999816894531,61.41999816894531,51.85863494873047,915800
2018-01-12,61.470001220703125,61.97999954223633,61.369998931884766,61.959999084472656,52.3145751953125,1483300
2018-01-16,62.150001525878906,62.63999938964844,61.36000061035156,61.45000076293945,51.88397216796875,1612800
2018-01-17,61.83000183105469,63.099998474121094,61.79999923706055,63.040000915527344,53.2264404296875,1099900
2018-01-18,62.939998626708984,63.34000015258789,62.869998931884766,63.2400016784668,53.39531707763672,820000
2018-01-19,63.5,63.90999984741211,63.04999923706055,63.869998931884766,53.92723846435547,1216000
2018-01-22,63.41999816894531,64.05000305175781,63.13999938964844,64.04000091552734,54.070777893066406,1038200
2018-01-23,64.08999633789062,64.62999725341797,63.849998474121094,64.5199966430664,54.476051330566406,861300
2018-01-24,64.83999633789062,64.95999908447266,63.77000045776367,64.20999908447266,54.21431350708008,1385400
2018-01-25,64.44000244140625,64.52999877929688,63.529998779296875,63.75,53.82592010498047,1248000
2018-01-26,64.12999725341797,64.5999984741211,63.97999954223633,64.58000183105469,54.52671813964844,912300
2018-01-29,63.939998626708984,64.5199966430664,63.5099983215332,63.709999084472656,53.792144775390625,1092900
2018-01-30,63.439998626708984,63.54999923706055,62.81999969482422,63.06999969482422,53.25177001953125,1185900
2018-01-31,63.15999984741211,63.540000915527344,62.5,62.939998626708984,53.14202117919922,3278100
2018-02-01,62.790000915527344,63.189998626708984,61.97999954223633,62.68000030517578,52.9224853515625,1298500
2018-02-02,62.61000061035156,63.34000015258789,62.290000915527344,62.40999984741211,52.694515228271484,975200
2018-02-05,62.119998931884766,62.790000915527344,60.779998779296875,60.790000915527344,51.326717376708984,1510100
2018-02-06,60.0,62.54999923706055,59.16999816894531,62.310001373291016,52.61009216308594,1589800
2018-02-07,63.400001525878906,63.849998474121094,61.099998474121094,63.08000183105469,53.260223388671875,1630100
2018-02-08,63.099998474121094,63.380001068115234,61.099998474121094,61.130001068115234,51.61377716064453,1293300
2018-02-09,61.75,62.150001525878906,59.61000061035156,61.220001220703125,51.68976593017578,1387400
2018-02-12,61.560001373291016,62.400001525878906,61.540000915527344,61.970001220703125,52.32301712036133,1169800
2018-02-13,62.02000045776367,62.58000183105469,61.2599983215332,62.43000030517578,52.711402893066406,1126700
2018-02-14,62.189998626708984,64.19999694824219,61.689998626708984,64.0,54.03700637817383,1091700
2018-02-15,64.41000366210938,65.04000091552734,63.93000030517578,64.87000274658203,54.77157211303711,1340600
2018-02-16,64.79000091552734,65.51000213623047,64.62000274658203,65.20999908447266,55.05863952636719,1156300
2018-02-20,65.19999694824219,65.95999908447266,64.68000030517578,64.86000061035156,54.76312255859375,2661900
2018-02-21,60.86000061035156,63.189998626708984,60.060001373291016,61.869998931884766,52.23857498168945,3992800
2018-02-22,62.220001220703125,62.619998931884766,59.7599983215332,60.38999938964844,50.98897933959961,2014400
2018-02-23,60.25,60.810001373291016,59.56999969482422,60.349998474121094,50.955196380615234,1643900
2018-02-26,60.5099983215332,60.91999816894531,60.04999923706055,60.650001525878906,51.2085075378418,1415200
2018-02-27,60.47999954223633,60.7599983215332,60.04999923706055,60.220001220703125,50.84544372558594,1357600
2018-02-28,60.439998626708984,60.70000076293945,59.22999954223633,59.2400016784668,50.018001556396484,861600
2018-03-01,59.150001525878906,59.79999923706055,58.27000045776367,58.86000061035156,49.69715118408203,1362500
2018-03-02,58.65999984741211,59.52000045776367,57.84000015258789,59.41999816894531,50.169979095458984,936800
2018-03-05,59.0099983215332,59.88999938964844,58.86000061035156,59.599998474121094,50.321956634521484,937400
2018-03-06,59.630001068115234,59.81999969482422,59.099998474121094,59.810001373291016,50.499263763427734,921200
2018-03-07,59.369998931884766,60.060001373291016,59.27000045776367,59.9900016784668,50.651248931884766,897200
2018-03-08,60.5,62.119998931884766,59.56999969482422,59.88999938964844,50.56682205200195,841000
2018-03-09,60.040000915527344,61.02000045776367,59.939998626708984,60.9900016784668,51.495567321777344,965100
2018-03-12,61.060001373291016,61.38999938964844,60.650001525878906,61.0099983215332,51.51245880126953,691300
2018-03-13,61.5,61.779998779296875,60.90999984741211,61.150001525878906,51.63066864013672,912100
2018-03-14,61.040000915527344,61.150001525878906,59.970001220703125,60.2599983215332,51.30712127685547,883000
2018-03-15,60.439998626708984,60.599998474121094,59.560001373291016,59.68000030517578,50.813297271728516,871500
2018-03-16,59.720001220703125,60.279998779296875,59.5099983215332,60.11000061035156,51.17940902709961,2888900
2018-03-19,59.779998779296875,60.0,59.36000061035156,59.84000015258789,50.94952392578125,905400
2018-03-20,59.95000076293945,60.13999938964844,59.70000076293945,59.9900016784668,51.077239990234375,934700
2018-03-21,59.939998626708984,60.18000030517578,59.47999954223633,59.5099983215332,50.668540954589844,704400
2018-03-22,59.130001068115234,59.439998626708984,58.33000183105469,58.34000015258789,49.67237854003906,921800
2018-03-23,58.63999938964844,58.689998626708984,57.65999984741211,57.68000030517578,49.11043930053711,747300
2018-03-26,58.27000045776367,58.959999084472656,58.060001373291016,58.689998626708984,49.97038269042969,788900
2018-03-27,58.709999084472656,59.34000015258789,57.810001373291016,58.13999938964844,49.502098083496094,781600
2018-03-28,58.20000076293945,58.86000061035156,57.84000015258789,58.209999084472656,49.56169128417969,720300
2018-03-29,58.61000061035156,59.27000045776367,58.20000076293945,58.93000030517578,50.174720764160156,736200
2018-04-02,58.790000915527344,58.790000915527344,57.290000915527344,58.060001373291016,49.43396759033203,849700
2018-04-03,58.34000015258789,58.90999984741211,57.83000183105469,58.79999923706055,50.06403732299805,699200
2018-04-04,58.130001068115234,59.400001525878906,57.869998931884766,59.33000183105469,50.51530075073242,1054600
2018-04-05,59.630001068115234,59.790000915527344,59.20000076293945,59.650001525878906,50.787750244140625,1183600
2018-04-06,59.29999923706055,59.650001525878906,57.880001068115234,58.41999816894531,49.7404899597168,748800
2018-04-09,58.689998626708984,59.16999816894531,58.380001068115234,58.5099983215332,49.81711196899414,671200
2018-04-10,59.2400016784668,59.68000030517578,58.90999984741211,59.369998931884766,50.54935073852539,645700
2018-04-11,59.13999938964844,59.459999084472656,59.02000045776367,59.290000915527344,50.48123550415039,678400
2018-04-12,59.45000076293945,59.65999984741211,59.2400016784668,59.29999923706055,50.48974609375,595500
2018-04-13,59.61000061035156,59.61000061035156,58.810001373291016,59.029998779296875,50.259864807128906,655100
2018-04-16,59.400001525878906,59.70000076293945,58.93000030517578,59.43000030517578,50.60042953491211,708700
2018-04-17,59.939998626708984,60.11000061035156,59.650001525878906,59.91999816894531,51.01762771606445,918100
2018-04-18,59.959999084472656,60.380001068115234,59.779998779296875,59.97999954223633,51.06871795654297,733100
2018-04-19,59.86000061035156,59.86000061035156,58.77000045776367,59.22999954223633,50.430152893066406,578800
2018-04-20,59.349998474121094,59.4900016784668,58.58000183105469,58.939998626708984,50.18323516845703,573800
2018-04-23,58.959999084472656,59.0,57.810001373291016,58.09000015258789,49.45951461791992,1066300
2018-04-24,58.25,58.68000030517578,57.400001525878906,57.65999984741211,49.09340286254883,900700
2018-04-25,57.709999084472656,57.97999954223633,57.0099983215332,57.83000183105469,49.2381477355957,795800
2018-04-26,58.29999923706055,58.97999954223633,58.15999984741211,58.959999084472656,50.20026779174805,974000
2018-04-27,58.63999938964844,59.540000915527344,58.459999084472656,59.2599983215332,50.45569610595703,1082900
2018-04-30,59.16999816894531,59.2400016784668,58.54999923706055,58.66999816894531,49.95335388183594,908400
2018-05-01,58.31999969482422,59.099998474121094,57.90999984741211,58.9900016784668,50.225807189941406,1238200
2018-05-02,60.95000076293945,62.459999084472656,60.33000183105469,61.95000076293945,52.74603271484375,2673000
2018-05-03,62.0,62.0,60.029998779296875,60.349998474121094,51.383750915527344,1794000
2018-05-04,60.0,60.279998779296875,59.70000076293945,59.88999938964844,50.99209976196289,1528300
2018-05-07,59.849998474121094,59.849998474121094,59.060001373291016,59.369998931884766,50.54935073852539,879900
2018-05-08,59.84000015258789,59.97999954223633,59.16999816894531,59.58000183105469,50.728145599365234,765600
2018-05-09,59.61000061035156,59.869998931884766,59.279998779296875,59.40999984741211,50.58340835571289,880500
2018-05-10,59.52000045776367,59.54999923706055,59.08000183105469,59.189998626708984,50.39609909057617,857000
2018-05-11,59.11000061035156,59.58000183105469,59.0,59.290000915527344,50.48123550415039,709500
2018-05-14,59.27000045776367,59.540000915527344,58.90999984741211,59.38999938964844,50.566375732421875,668200
2018-05-15,59.2599983215332,59.400001525878906,58.709999084472656,59.22999954223633,50.430152893066406,799700
2018-05-16,59.119998931884766,60.0,59.02000045776367,59.689998626708984,50.82180404663086,746300
2018-05-17,59.58000183105469,60.06999969482422,59.5099983215332,59.7400016784668,50.864376068115234,626300
2018-05-18,59.689998626708984,59.88999938964844,59.27000045776367,59.7599983215332,50.88140106201172,538700
2018-05-21,60.119998931884766,60.560001373291016,60.0099983215332,60.40999984741211,51.43484115600586,512700
2018-05-22,60.310001373291016,60.790000915527344,60.310001373291016,60.470001220703125,51.48592758178711,518200
2018-05-23,60.33000183105469,60.41999816894531,59.65999984741211,60.279998779296875,51.32415771484375,692400
2018-05-24,60.22999954223633,60.68000030517578,60.11000061035156,60.529998779296875,51.53700637817383,546200
2018-05-25,60.529998779296875,60.849998474121094,60.5099983215332,60.560001373291016,51.56256103515625,463900
2018-05-29,60.220001220703125,60.88999938964844,60.11000061035156,60.439998626708984,51.46038055419922,765900
2018-05-30,60.58000183105469,61.099998474121094,60.439998626708984,60.900001525878906,51.85204315185547,711900
2018-05-31,60.900001525878906,60.900001525878906,59.869998931884766,60.09000015258789,51.162384033203125,1187200
2018-06-01,60.4900016784668,61.66999816894531,60.29999923706055,61.38999938964844,52.26924514770508,974800
2018-06-04,61.41999816894531,61.5099983215332,60.849998474121094,61.0099983215332,51.9456901550293,572000
2018-06-05,61.0,61.7599983215332,60.810001373291016,61.689998626708984,52.5246696472168,744400
2018-06-06,61.79999923706055,61.939998626708984,61.34000015258789,61.88999938964844,52.694950103759766,662000
2018-06-07,62.0,62.060001373291016,61.34000015258789,61.43000030517578,52.30329895019531,715900
2018-06-08,61.43000030517578,61.88999938964844,61.08000183105469,61.849998474121094,52.6609001159668,640700
2018-06-11,61.810001373291016,62.4900016784668,61.61000061035156,62.2599983215332,53.009979248046875,566300
2018-06-12,62.25,62.54999923706055,62.060001373291016,62.369998931884766,53.103633880615234,561800
2018-06-13,62.56999969482422,62.779998779296875,62.13999938964844,62.2400016784668,52.992950439453125,734800
2018-06-14,62.349998474121094,62.5,61.65999984741211,61.939998626708984,52.73752212524414,1039400
2018-06-15,61.20000076293945,61.43000030517578,60.650001525878906,61.2400016784668,52.591529846191406,1542200
2018-06-18,61.0,61.4900016784668,60.880001068115234,61.2599983215332,52.608707427978516,866300
2018-06-19,60.86000061035156,60.9900016784668,60.279998779296875,60.93000030517578,52.32530975341797,846000
2018-06-20,61.150001525878906,61.4900016784668,60.849998474121094,61.439998626708984,52.76328659057617,759300
2018-06-21,61.349998474121094,61.349998474121094,60.02000045776367,60.119998931884766,51.629695892333984,735700
2018-06-22,60.470001220703125,60.7400016784668,60.09000015258789,60.22999954223633,51.72416305541992,946000
2018-06-25,60.16999816894531,60.20000076293945,59.38999938964844,59.709999084472656,51.27760314941406,590800
2018-06-26,59.939998626708984,60.41999816894531,59.86000061035156,60.25,51.741329193115234,519100
2018-06-27,60.40999984741211,60.779998779296875,59.970001220703125,59.97999954223633,51.50946807861328,698900
2018-06-28,59.939998626708984,61.0,59.91999816894531,60.959999084472656,52.351070404052734,908400
2018-06-29,61.0,61.41999816894531,60.45000076293945,61.0,52.38542175292969,1058300
2018-07-02,60.75,61.09000015258789,60.20000076293945,60.91999816894531,52.31672286987305,708700
2018-07-03,61.0,61.06999969482422,60.560001373291016,60.619998931884766,52.05908966064453,355900
2018-07-05,60.779998779296875,60.779998779296875,60.09000015258789,60.58000183105469,52.02474594116211,704500
2018-07-06,60.70000076293945,61.4900016784668,60.650001525878906,61.349998474121094,52.685997009277344,672400
2018-07-09,61.45000076293945,62.47999954223633,61.22999954223633,62.38999938964844,53.579124450683594,1148900
2018-07-10,62.27000045776367,63.31999969482422,62.2400016784668,63.29999923706055,54.36061096191406,1264100
2018-07-11,63.0,63.04999923706055,62.18000030517578,62.279998779296875,53.48466491699219,998000
2018-07-12,62.4900016784668,63.2599983215332,62.18000030517578,63.06999969482422,54.16309356689453,1066400
2018-07-13,63.119998931884766,63.81999969482422,63.0099983215332,63.22999954223633,54.300498962402344,692800
2018-07-16,63.290000915527344,63.4900016784668,62.84000015258789,63.439998626708984,54.4808349609375,740300
2018-07-17,63.20000076293945,64.27999877929688,63.15999984741211,64.05999755859375,55.01328659057617,941500
2018-07-18,64.06999969482422,64.1500015258789,63.66999816894531,64.05000305175781,55.00469970703125,1257400
2018-07-19,64.2300033569336,65.27999877929688,64.13999938964844,65.02999877929688,55.846290588378906,1085000
2018-07-20,64.8499984741211,65.12999725341797,64.52999877929688,64.55000305175781,55.43408966064453,912600
2018-07-23,64.54000091552734,64.55999755859375,63.81999969482422,63.869998931884766,54.85011672973633,1101600
2018-07-24,63.83000183105469,64.04000091552734,63.22999954223633,63.47999954223633,54.515201568603516,1183900
2018-07-25,63.36000061035156,63.5,62.90999984741211,63.40999984741211,54.45508575439453,1001900
2018-07-26,63.33000183105469,63.86000061035156,63.02000045776367,63.61000061035156,54.626834869384766,880600
2018-07-27,63.75,63.900001525878906,62.77000045776367,62.93000030517578,54.04286575317383,888700
2018-07-30,62.9900016784668,63.15999984741211,61.849998474121094,61.900001525878906,53.15833282470703,854200
2018-07-31,62.0,62.61000061035156,61.310001373291016,62.45000076293945,53.63065719604492,1922800
2018-08-01,64.0,64.8499984741211,62.380001068115234,64.5,55.39114761352539,2602000
2018-08-02,64.4000015258789,64.8499984741211,63.88999938964844,64.52999877929688,55.41691207885742,1568100
2018-08-03,64.56999969482422,65.27999877929688,64.44000244140625,64.91000366210938,55.74325180053711,1555200
2018-08-06,64.91000366210938,65.33000183105469,64.48999786376953,64.55000305175781,55.43408966064453,1326300
2018-08-07,64.47000122070312,65.01000213623047,64.22000122070312,64.83999633789062,55.68312454223633,1214300
2018-08-08,64.83000183105469,64.83000183105469,63.959999084472656,64.43000030517578,55.33102798461914,965200
2018-08-09,64.58000183105469,65.0199966430664,64.27999877929688,64.66999816894531,55.53713607788086,1002100
2018-08-10,64.36000061035156,64.51000213623047,63.4900016784668,63.83000183105469,54.815765380859375,889600
2018-08-13,63.810001373291016,64.02999877929688,63.400001525878906,63.540000915527344,54.566734313964844,996300
2018-08-14,63.63999938964844,64.41999816894531,63.4900016784668,64.18000030517578,55.116336822509766,1042000
2018-08-15,63.77000045776367,63.91999816894531,63.400001525878906,63.63999938964844,54.652587890625,1094200
2018-08-16,63.959999084472656,64.9000015258789,63.77000045776367,64.45999908447266,55.35678482055664,1179900
2018-08-17,64.41999816894531,65.52999877929688,64.38999938964844,65.3499984741211,56.1211051940918,2796900
2018-08-20,65.31999969482422,65.79000091552734,64.63999938964844,64.69999694824219,55.56289291381836,1419900
2018-08-21,64.8499984741211,65.02999877929688,64.5999984741211,64.94000244140625,55.76900863647461,1070200
2018-08-22,64.95999908447266,65.5,64.88999938964844,64.97000122070312,55.79476547241211,1291000
2018-08-23,64.86000061035156,65.05999755859375,64.52999877929688,65.0,55.82052993774414,996300
2018-08-24,65.0,65.08999633789062,64.55000305175781,64.73999786376953,55.597251892089844,814500
2018-08-27,65.12999725341797,65.80000305175781,65.01000213623047,65.72000122070312,56.43885803222656,802200
2018-08-28,65.80000305175781,66.48999786376953,65.6500015258789,66.37999725341797,57.005645751953125,963900
2018-08-29,66.52999877929688,68.66999816894531,66.47000122070312,68.11000061035156,58.4913444519043,1765200
2018-08-30,68.08999633789062,68.43000030517578,67.58999633789062,67.72000122070312,58.156410217285156,791900
2018-08-31,67.79000091552734,68.29000091552734,67.62000274658203,68.13999938964844,58.5171012878418,842900
2018-09-04,68.1500015258789,68.31999969482422,67.37999725341797,67.98999786376953,58.388282775878906,964400
2018-09-05,68.19000244140625,68.88999938964844,67.9800033569336,68.72000122070312,59.01519012451172,1185600
2018-09-06,68.75,69.11000061035156,68.33000183105469,69.02999877929688,59.281410217285156,969300
2018-09-07,68.98999786376953,68.98999786376953,67.83000183105469,67.91999816894531,58.328163146972656,1223300
2018-09-10,68.30000305175781,68.47000122070312,67.56999969482422,68.02999877929688,58.422637939453125,1084500
2018-09-11,67.83999633789062,68.45999908447266,67.83999633789062,68.4000015258789,58.740379333496094,798000
2018-09-12,68.41999816894531,68.91999816894531,68.16000366210938,68.44999694824219,58.78330993652344,1031000
2018-09-13,68.2699966430664,69.1500015258789,68.11000061035156,68.61000061035156,59.38050079345703,985700
2018-09-14,68.73999786376953,68.83000183105469,68.20999908447266,68.72000122070312,59.475711822509766,903600
2018-09-17,68.68000030517578,68.83000183105469,68.27999877929688,68.33999633789062,59.14680480957031,850200
2018-09-18,68.19999694824219,69.20999908447266,68.0,68.9800033569336,59.700721740722656,837000
2018-09-19,68.97000122070312,69.51000213623047,68.97000122070312,69.19000244140625,59.882476806640625,845700
2018-09-20,69.62000274658203,70.0999984741211,69.51000213623047,69.70999908447266,60.3325309753418,863900
2018-09-21,70.41000366210938,70.75,69.88999938964844,70.04000091552734,60.61812973022461,3604100
2018-09-24,70.2300033569336,70.30999755859375,69.48999786376953,69.68000030517578,60.30654525756836,883300
2018-09-25,69.77999877929688,69.98999786376953,69.22000122070312,69.62000274658203,60.254634857177734,677700
2018-09-26,69.75,70.41999816894531,69.47000122070312,69.56999969482422,60.21135330200195,905800
2018-09-27,69.7300033569336,69.97000122070312,69.51000213623047,69.58999633789062,60.228660583496094,835500
2018-09-28,69.30999755859375,70.12000274658203,69.19999694824219,70.05000305175781,60.62678146362305,1130800
2018-10-01,70.33999633789062,70.7699966430664,69.72000122070312,69.8499984741211,60.45368957519531,938700
2018-10-02,69.7699966430664,69.7699966430664,69.2699966430664,69.45999908447266,60.116146087646484,871000
2018-10-03,69.70999908447266,69.95999908447266,69.26000213623047,69.4000015258789,60.06422805786133,903100
2018-10-04,69.47000122070312,69.47000122070312,68.33000183105469,69.13999938964844,59.83919906616211,864500
2018-10-05,69.4800033569336,69.97000122070312,68.16999816894531,68.5999984741211,59.3718376159668,593400
2018-10-08,68.4000015258789,68.95999908447266,67.2699966430664,67.8499984741211,58.722721099853516,843600
2018-10-09,67.88999938964844,68.22000122070312,66.8499984741211,67.2300033569336,58.186134338378906,960700
2018-10-10,68.41000366210938,68.41000366210938,64.52999877929688,64.5999984741211,55.9099235534668,1805300
2018-10-11,64.56999969482422,64.75,62.63999938964844,62.970001220703125,54.49919128417969,1709300
2018-10-12,63.900001525878906,63.900001525878906,61.90999984741211,62.59000015258789,54.17031478881836,1554300
2018-10-15,62.59000015258789,62.86000061035156,62.13999938964844,62.18000030517578,53.815467834472656,1062400
2018-10-16,62.9900016784668,63.209999084472656,62.130001068115234,63.130001068115234,54.637672424316406,954200
2018-10-17,63.0,63.08000183105469,62.380001068115234,63.04999923706055,54.56842803955078,1134600
2018-10-18,62.79999923706055,63.150001525878906,61.90999984741211,62.290000915527344,53.91067123413086,1039100
2018-10-19,62.34000015258789,62.689998626708984,61.7400016784668,61.970001220703125,53.63372039794922,979400
2018-10-22,62.15999984741211,62.88999938964844,61.90999984741211,62.61000061035156,54.18762969970703,1142500
2018-10-23,61.959999084472656,62.84000015258789,61.65999984741211,62.560001373291016,54.14434814453125,1386200
2018-10-24,62.65999984741211,63.150001525878906,61.380001068115234,61.4900016784668,53.218292236328125,1279100
2018-10-25,61.63999938964844,62.63999938964844,61.290000915527344,62.150001525878906,53.78950500488281,1216000
2018-10-26,61.650001525878906,61.939998626708984,60.54999923706055,61.560001373291016,53.278873443603516,1152000
2018-10-29,62.09000015258789,62.689998626708984,60.95000076293945,61.77000045776367,53.46062088012695,980400
2018-10-30,61.7599983215332,63.18000030517578,61.58000183105469,63.04999923706055,54.56842803955078,1758000
2018-10-31,63.72999954223633,66.66000366210938,63.06999969482422,66.16000366210938,57.26007080078125,3126100
2018-11-01,66.68000030517578,67.94999694824219,66.5199966430664,67.41999816894531,58.35057067871094,1878300
2018-11-02,67.94000244140625,67.94000244140625,65.83000183105469,66.1500015258789,57.251426696777344,1339300
2018-11-05,66.08000183105469,66.25,64.5,64.8499984741211,56.12629699707031,1434100
2018-11-06,64.7699966430664,65.2300033569336,64.2300033569336,64.55999755859375,55.87531661987305,1256500
2018-11-07,64.87000274658203,65.79000091552734,64.6500015258789,65.73999786376953,56.896568298339844,1107100
2018-11-08,65.61000061035156,66.73999786376953,65.56999969482422,66.58000183105469,57.623573303222656,1032200
2018-11-09,66.44999694824219,66.70999908447266,65.62000274658203,66.11000061035156,57.216800689697266,970400
2018-11-12,66.01000213623047,66.12999725341797,65.4800033569336,65.6500015258789,56.818668365478516,730200
2018-11-13,65.30000305175781,66.05999755859375,64.02999877929688,64.9800033569336,56.23881530761719,942200
2018-11-14,65.68000030517578,66.0,64.06999969482422,64.20999908447266,55.5723876953125,886500
2018-11-15,63.77000045776367,65.4000015258789,63.0,65.22000122070312,56.44651794433594,958600
2018-11-16,64.88999938964844,65.9000015258789,63.04999923706055,65.4800033569336,56.67154312133789,815900
2018-11-19,65.23999786376953,65.70999908447266,64.18000030517578,64.83999633789062,56.11764144897461,841300
2018-11-20,64.20999908447266,64.81999969482422,63.709999084472656,64.37999725341797,55.71950912475586,981700
2018-11-21,64.81999969482422,65.4000015258789,64.30999755859375,65.12000274658203,56.35997772216797,1181800
2018-11-23,64.77999877929688,65.56999969482422,64.70999908447266,64.98999786376953,56.24747085571289,476800
2018-11-26,65.41999816894531,65.91000366210938,65.26000213623047,65.87000274658203,57.00907897949219,805500
2018-11-27,65.69999694824219,65.73999786376953,65.22000122070312,65.36000061035156,56.567691802978516,949000
2018-11-28,65.5,66.45999908447266,65.2300033569336,66.37999725341797,57.45048141479492,732800
2018-11-29,66.30000305175781,66.62000274658203,65.7699966430664,65.9800033569336,57.10429382324219,703300
2018-11-30,65.87000274658203,66.72000122070312,65.81999969482422,66.66000366210938,57.69282150268555,1792400
2018-12-03,67.30999755859375,68.5999984741211,66.80000305175781,68.56999969482422,59.34586715698242,1179900
2018-12-04,68.70999908447266,68.70999908447266,66.18000030517578,66.4000015258789,57.46778869628906,1368300
2018-12-06,66.0999984741211,66.0999984741211,63.720001220703125,65.02999877929688,56.282081604003906,1759800
2018-12-07,65.04000091552734,65.4000015258789,64.47000122070312,64.68000030517578,55.97916030883789,982500
2018-12-10,64.73999786376953,65.08000183105469,63.45000076293945,64.93000030517578,56.195533752441406,849600
2018-12-11,65.75,66.2699966430664,65.13999938964844,65.38999938964844,56.59366226196289,866400
2018-12-12,66.08999633789062,66.73999786376953,65.72000122070312,66.2699966430664,57.35527038574219,871500
2018-12-13,65.79000091552734,66.56999969482422,65.66000366210938,66.0999984741211,57.66935348510742,694300
2018-12-14,65.81999969482422,66.02999877929688,64.83000183105469,65.13999938964844,56.83180618286133,652100
2018-12-17,64.2300033569336,64.9000015258789,62.90999984741211,63.11000061035156,55.06071853637695,1135200
2018-12-18,63.400001525878906,64.20999908447266,63.22999954223633,63.560001373291016,55.45331954956055,1067300
2018-12-19,63.45000076293945,64.26000213623047,62.06999969482422,62.18000030517578,54.249332427978516,1562300
2018-12-20,61.9900016784668,62.619998931884766,61.119998931884766,62.119998931884766,54.196983337402344,1112700
2018-12-21,62.369998931884766,63.400001525878906,61.209999084472656,61.33000183105469,53.507747650146484,1487400
2018-12-24,61.16999816894531,61.560001373291016,60.290000915527344,60.54999923706055,52.82722091674805,587300
2018-12-26,61.11000061035156,62.25,59.97999954223633,62.20000076293945,54.26678466796875,899100
2018-12-27,61.56999969482422,62.970001220703125,61.0099983215332,62.959999084472656,54.929847717285156,694000
2018-12-28,63.0,63.4900016784668,62.529998779296875,62.81999969482422,54.80769729614258,560500
2018-12-31,63.040000915527344,63.650001525878906,62.66999816894531,63.31999969482422,55.24393081665039,688100
2019-01-02,62.20000076293945,63.06999969482422,61.58000183105469,62.52000045776367,54.54597091674805,844100
2019-01-03,62.310001373291016,62.400001525878906,61.18000030517578,61.38999938964844,53.56009292602539,855700
2019-01-04,62.0099983215332,64.04000091552734,61.5,63.720001220703125,55.59291076660156,903300
2019-01-07,63.709999084472656,64.58000183105469,63.52000045776367,64.18000030517578,55.99424743652344,877200
2019-01-08,64.75,64.98999786376953,63.9900016784668,64.77999877929688,56.51770782470703,802400
2019-01-09,64.80999755859375,66.04000091552734,64.5,65.68000030517578,57.30292892456055,956500
2019-01-10,65.20999908447266,66.05999755859375,65.0,66.05000305175781,57.625732421875,546500
2019-01-11,65.63999938964844,66.5999984741211,65.33999633789062,66.56999969482422,58.079410552978516,628000
2019-01-14,66.41999816894531,66.62999725341797,65.01000213623047,65.76000213623047,57.37272262573242,790700
2019-01-15,65.87000274658203,66.3499984741211,65.83999633789062,66.26000213623047,57.808963775634766,567200
2019-01-16,66.2300033569336,66.94999694824219,66.08999633789062,66.68000030517578,58.175392150878906,795800
2019-01-17,66.91999816894531,67.3499984741211,66.45999908447266,67.04000091552734,58.489471435546875,835700
2019-01-18,67.44999694824219,68.45999908447266,66.9800033569336,67.9000015258789,59.23978805541992,996200
2019-01-22,67.7699966430664,68.18000030517578,66.9000015258789,67.38999938964844,58.79481887817383,648900
2019-01-23,67.54000091552734,67.80999755859375,66.62999725341797,67.63999938964844,59.0129508972168,961600
2019-01-24,67.62999725341797,68.16000366210938,67.31999969482422,68.0199966430664,59.34446334838867,649400
2019-01-25,68.4000015258789,68.80999755859375,68.16000366210938,68.58000183105469,59.83305740356445,759900
2019-01-28,68.05999755859375,68.08999633789062,67.05000305175781,67.62999725341797,59.00421142578125,1215500
2019-01-29,67.79000091552734,68.87000274658203,67.51000213623047,68.68000030517578,59.9202995300293,944800
2019-01-30,68.8499984741211,69.3499984741211,68.22000122070312,69.0999984741211,60.28672790527344,785600
2019-01-31,69.13999938964844,69.55000305175781,68.01000213623047,69.18000030517578,60.35652160644531,2594300
2019-02-01,69.54000091552734,69.58000183105469,68.87000274658203,69.33999633789062,60.496116638183594,825700
2019-02-04,69.2300033569336,69.56999969482422,68.91000366210938,69.56999969482422,60.696781158447266,676700
2019-02-05,69.69999694824219,70.0,69.44000244140625,69.63999938964844,60.757843017578125,828200
2019-02-06,69.5999984741211,70.16000366210938,69.29000091552734,69.7699966430664,60.87128829956055,756800
2019-02-07,69.05000305175781,69.58999633789062,69.04000091552734,69.58000183105469,60.70550537109375,794300
2019-02-08,69.44000244140625,70.45999908447266,69.44000244140625,70.26000213623047,61.29876708984375,867300
2019-02-11,70.11000061035156,70.7699966430664,70.05999755859375,70.55000305175781,61.55179214477539,710700
2019-02-12,70.66999816894531,71.76000213623047,70.56999969482422,71.55000305175781,62.42424774169922,893900
2019-02-13,71.76000213623047,71.80000305175781,71.0199966430664,71.4000015258789,62.29337692260742,629900
2019-02-14,71.23999786376953,71.68000030517578,71.08999633789062,71.38999938964844,62.28465270996094,443900
2019-02-15,71.5199966430664,71.88999938964844,71.06999969482422,71.62000274658203,62.48532485961914,1446900
2019-02-19,71.83000183105469,71.83000183105469,70.86000061035156,70.97000122070312,61.9182243347168,1293600
2019-02-20,75.83999633789062,83.30000305175781,75.5,83.05999755859375,72.4662094116211,8418700
2019-02-21,82.29000091552734,83.25,81.11000061035156,82.41999816894531,71.90785217285156,3144200
2019-02-22,82.58000183105469,83.69000244140625,81.94000244140625,83.06999969482422,72.47492980957031,1304300
2019-02-25,83.0,84.83000183105469,82.9000015258789,83.55000305175781,72.89372253417969,1751400
2019-02-26,82.93000030517578,84.19999694824219,82.87999725341797,83.6500015258789,72.98096466064453,1058200
2019-02-27,83.30000305175781,84.37999725341797,83.27999877929688,84.16999816894531,73.43464660644531,1049200
2019-02-28,84.08000183105469,84.80999755859375,83.80000305175781,83.97000122070312,73.26014709472656,1424400
2019-03-01,84.04000091552734,85.5,84.02999877929688,84.69000244140625,73.88833618164062,1031100
2019-03-04,84.87999725341797,84.9000015258789,83.91000366210938,84.73999786376953,73.93193817138672,1174100
2019-03-05,84.41999816894531,84.83000183105469,83.8499984741211,83.97000122070312,73.26014709472656,1142000
2019-03-06,84.08999633789062,84.29000091552734,83.33000183105469,83.48999786376953,72.84137725830078,904300
2019-03-07,83.52999877929688,83.66000366210938,82.51000213623047,83.01000213623047,72.42259979248047,1579600
2019-03-08,82.51000213623047,83.44999694824219,82.29000091552734,82.68000030517578,72.13469696044922,1107000
2019-03-11,82.76000213623047,83.87999725341797,82.5999984741211,83.86000061035156,73.16419219970703,1162100
2019-03-12,83.79000091552734,84.55000305175781,83.36000061035156,84.52999877929688,73.74872589111328,1314100
2019-03-13,84.70999908447266,84.86000061035156,83.68000030517578,83.94000244140625,73.23397827148438,1452800
2019-03-14,83.55999755859375,84.16999816894531,82.45999908447266,83.04000091552734,72.90913391113281,1313100
2019-03-15,83.0999984741211,83.87000274658203,82.79000091552734,83.25,73.09349822998047,2808700
2019-03-18,83.30999755859375,84.08999633789062,83.05999755859375,83.94999694824219,73.70809936523438,1505100
2019-03-19,84.23999786376953,84.48999786376953,83.47000122070312,83.68000030517578,73.47105407714844,1252600
2019-03-20,83.8499984741211,84.95999908447266,83.58999633789062,84.22000122070312,73.94514465332031,835000
2019-03-21,83.72000122070312,84.7300033569336,83.62999725341797,84.58999633789062,74.27001953125,673000
2019-03-22,84.22000122070312,84.56999969482422,83.33000183105469,83.58000183105469,73.38323211669922,976100
2019-03-25,83.4800033569336,84.30000305175781,83.22000122070312,84.13999938964844,73.87491607666016,879100
2019-03-26,84.44999694824219,85.30000305175781,84.4000015258789,85.22000122070312,74.82317352294922,1599400
2019-03-27,85.30000305175781,86.69999694824219,85.04000091552734,85.88999938964844,75.41141510009766,1805800
2019-03-28,85.9000015258789,86.43000030517578,85.20999908447266,85.61000061035156,75.16558074951172,779900
2019-03-29,85.87999725341797,86.44999694824219,85.29000091552734,86.3499984741211,75.81529235839844,1320700
2019-04-01,86.69999694824219,88.02999877929688,86.66000366210938,87.87999725341797,77.15863037109375,1190800
2019-04-02,87.70999908447266,88.38999938964844,87.26000213623047,88.25,77.48350524902344,1081300
2019-04-03,88.69999694824219,89.0999984741211,88.18000030517578,88.55999755859375,77.75569152832031,1275800
2019-04-04,88.41000366210938,88.44999694824219,87.52999877929688,88.19999694824219,77.43959045410156,862100
2019-04-05,88.5199966430664,88.5199966430664,88.01000213623047,88.16999816894531,77.41326141357422,660600
2019-04-08,88.16999816894531,89.19000244140625,87.80000305175781,89.0999984741211,78.22978973388672,903500
2019-04-09,88.76000213623047,89.33000183105469,88.04000091552734,88.2300033569336,77.46592712402344,807900
2019-04-10,88.4800033569336,89.08000183105469,88.05000305175781,88.80000305175781,77.9664077758789,856900
2019-04-11,89.16000366210938,89.16000366210938,88.20999908447266,89.01000213623047,78.15078735351562,952800
2019-04-12,89.30999755859375,89.72000122070312,88.86000061035156,88.94999694824219,78.09810638427734,674500
2019-04-15,89.06999969482422,89.08999633789062,88.12999725341797,88.66000366210938,77.84349822998047,851700
2019-04-16,88.9800033569336,88.9800033569336,87.4800033569336,87.7699966430664,77.06206512451172,946500
2019-04-17,88.12999725341797,88.37999725341797,85.81999969482422,86.19000244140625,75.6748275756836,1233600
2019-04-18,85.91999816894531,87.04000091552734,85.47000122070312,86.52999877929688,75.97333526611328,1682600
2019-04-22,86.44999694824219,86.61000061035156,85.83999633789062,86.06999969482422,75.56946563720703,548400
2019-04-23,86.13999938964844,87.05000305175781,85.94999694824219,86.94000244140625,76.33334350585938,919600
2019-04-24,87.13999938964844,87.54000091552734,86.51000213623047,86.62000274658203,76.0523681640625,721000
2019-04-25,86.5,86.5,85.26000213623047,85.70999908447266,75.2533950805664,803800
2019-04-26,85.38999938964844,86.05000305175781,85.16000366210938,85.80000305175781,75.33238983154297,830400
2019-04-29,85.87999725341797,86.06999969482422,84.91999816894531,85.45999908447266,75.03388977050781,770700
2019-04-30,85.08999633789062,86.47000122070312,85.08999633789062,85.73999786376953,75.27972412109375,1498200
2019-05-01,82.0,83.19999694824219,78.91000366210938,80.05999755859375,70.29266357421875,3911000
2019-05-02,80.13999938964844,80.23999786376953,77.69000244140625,78.76000213623047,69.15129089355469,1692400
2019-05-03,79.26000213623047,79.62999725341797,78.47000122070312,79.55000305175781,69.84489440917969,949900
2019-05-06,78.51000213623047,79.51000213623047,78.0199966430664,79.30999755859375,69.6341781616211,790500
2019-05-07,78.55999755859375,79.19999694824219,77.80999755859375,78.37000274658203,68.8088607788086,1510900
2019-05-08,78.4000015258789,79.16000366210938,78.13999938964844,78.68000030517578,69.08104705810547,859000
2019-05-09,78.05000305175781,78.94000244140625,77.30999755859375,78.55999755859375,68.97569274902344,972300
2019-05-10,78.19000244140625,79.55999755859375,77.76000213623047,79.30999755859375,69.6341781616211,961300
2019-05-13,78.11000061035156,78.48999786376953,76.73999786376953,77.27999877929688,67.8518295288086,1120500
2019-05-14,77.3499984741211,78.44999694824219,76.91999816894531,77.98999786376953,68.4752197265625,974800
2019-05-15,77.69999694824219,79.29000091552734,77.41000366210938,79.02999877929688,69.38834381103516,832200
2019-05-16,78.94999694824219,80.08000183105469,78.94000244140625,79.41000366210938,69.72198486328125,897800
2019-05-17,78.9000015258789,79.19999694824219,77.93000030517578,78.13999938964844,68.60693359375,2753600
2019-05-20,77.80999755859375,78.1500015258789,77.04000091552734,77.26000213623047,67.83428192138672,1454000
2019-05-21,77.4000015258789,78.25,77.26000213623047,77.69999694824219,68.22059631347656,993500
2019-05-22,77.19000244140625,78.0999984741211,76.62999725341797,77.2300033569336,67.80795288085938,1076000
2019-05-23,76.44999694824219,77.31999969482422,76.08000183105469,77.30000305175781,67.86940002441406,1008900
2019-05-24,77.69000244140625,78.25,77.55000305175781,77.6500015258789,68.17668914794922,889600
2019-05-28,77.7699966430664,77.87000274658203,76.66000366210938,76.86000061035156,67.48307800292969,2018700
2019-05-29,76.87000274658203,77.26000213623047,76.13999938964844,76.37999725341797,67.06163024902344,929500
2019-05-30,76.5199966430664,77.44000244140625,76.5199966430664,77.23999786376953,67.81671905517578,605300
2019-05-31,76.6500015258789,76.91000366210938,76.02999877929688,76.4800033569336,67.1494369506836,967400
2019-06-03,76.47000122070312,77.5199966430664,76.19000244140625,76.69000244140625,67.33383178710938,841200
2019-06-04,77.4800033569336,78.31999969482422,76.77999877929688,78.29000091552734,68.73860931396484,672000
2019-06-05,78.9000015258789,79.30999755859375,77.95999908447266,78.45999908447266,68.88787841796875,1013100
2019-06-06,78.41999816894531,78.94999694824219,77.91000366210938,78.37000274658203,68.8088607788086,948200
2019-06-07,79.05999755859375,79.30000305175781,78.19999694824219,78.94999694824219,69.31809997558594,756200
2019-06-10,79.52999877929688,80.80000305175781,79.52999877929688,80.16999816894531,70.38924407958984,1118900
2019-06-11,80.5999984741211,81.23999786376953,80.04000091552734,80.20999908447266,70.42437744140625,818600
2019-06-12,80.4000015258789,80.94000244140625,80.19000244140625,80.68000030517578,70.83704376220703,999400
2019-06-13,80.9000015258789,81.16999816894531,80.0199966430664,80.48999786376953,70.67022705078125,815100
2019-06-14,79.93000030517578,80.7300033569336,79.77999877929688,79.79000091552734,70.55524444580078,641700
2019-06-17,79.94999694824219,80.4000015258789,79.91000366210938,79.95999908447266,70.70559692382812,948700
2019-06-18,80.69000244140625,81.33999633789062,80.43000030517578,80.8499984741211,71.4925765991211,1487800
2019-06-19,80.9000015258789,81.7300033569336,80.56999969482422,81.62000274658203,72.17347717285156,618400
2019-06-20,82.01000213623047,82.73999786376953,81.04000091552734,81.73999786376953,72.27957916259766,785100
2019-06-21,81.66999816894531,81.95999908447266,81.01000213623047,81.20999908447266,71.81092071533203,1852100
2019-06-24,81.41999816894531,81.7300033569336,81.16000366210938,81.31999969482422,71.908203125,579600
2019-06-25,81.4800033569336,81.54000091552734,80.0199966430664,80.19000244140625,70.90896606445312,875000
2019-06-26,80.27999877929688,80.94999694824219,80.20999908447266,80.2300033569336,70.94435119628906,638100
2019-06-27,80.5,80.7699966430664,80.0,80.2699966430664,70.9797134399414,562900
2019-06-28,80.08000183105469,80.12000274658203,79.47000122070312,79.80000305175781,70.56412506103516,2479100
2019-07-01,80.4000015258789,80.83000183105469,78.91999816894531,79.88999938964844,70.6436767578125,1423300
2019-07-02,79.54000091552734,80.12000274658203,79.5,80.02999877929688,70.76748657226562,777200
2019-07-03,80.0,80.55999755859375,79.80000305175781,80.55999755859375,71.23616027832031,536300
2019-07-05,80.18000030517578,80.4800033569336,78.51000213623047,79.75,70.51988220214844,703700
2019-07-08,79.4000015258789,79.88999938964844,78.91999816894531,79.44999694824219,70.25460815429688,748600
2019-07-09,79.0,79.56999969482422,77.5,79.13999938964844,69.98048400878906,811900
2019-07-10,79.30000305175781,79.54000091552734,78.38999938964844,78.73999786376953,69.62677764892578,884200
2019-07-11,78.94000244140625,79.18000030517578,78.56999969482422,78.98999786376953,69.84784698486328,852800
2019-07-12,79.37999725341797,79.97000122070312,79.23999786376953,79.79000091552734,70.55524444580078,771100
2019-07-15,79.6500015258789,80.0,79.20999908447266,79.83000183105469,70.59063720703125,1059800
2019-07-16,79.6500015258789,81.31999969482422,79.45999908447266,81.05999755859375,71.67826080322266,1322800
2019-07-17,81.12000274658203,81.81999969482422,80.9800033569336,81.12000274658203,71.7313461303711,858500
2019-07-18,80.97000122070312,82.5,80.0,82.0,72.50948333740234,1001500
2019-07-19,81.55000305175781,81.7300033569336,80.76000213623047,81.08000183105469,71.69596099853516,1984600
2019-07-22,81.06999969482422,81.27999877929688,80.27999877929688,80.81999969482422,71.4660415649414,936700
2019-07-23,81.0,81.1500015258789,79.83000183105469,80.37000274658203,71.06814575195312,1038700
2019-07-24,80.0999984741211,80.20999908447266,79.05999755859375,79.48999786376953,70.28999328613281,1155300
2019-07-25,79.37999725341797,79.77999877929688,78.43000030517578,78.54000091552734,69.44994354248047,1091600
2019-07-26,78.51000213623047,79.16000366210938,78.25,78.29000091552734,69.22886657714844,1151000
2019-07-29,78.16000366210938,78.94999694824219,78.0999984741211,78.62000274658203,69.52069091796875,1220800
2019-07-30,78.23999786376953,78.58000183105469,76.4000015258789,76.5999984741211,67.73448181152344,1885500
2019-07-31,83.25,83.94999694824219,77.5199966430664,78.58999633789062,69.494140625,4002200
2019-08-01,78.31999969482422,78.81999969482422,76.19000244140625,76.73999786376953,67.8582763671875,1856700
2019-08-02,76.87000274658203,77.51000213623047,75.08000183105469,75.69000244140625,66.9297866821289,1076300
2019-08-05,75.0,75.56999969482422,74.29000091552734,75.3499984741211,66.62913513183594,1798900
2019-08-06,75.58000183105469,76.70999908447266,75.38999938964844,76.6500015258789,67.77867889404297,1459400
2019-08-07,76.02999877929688,77.43000030517578,75.22000122070312,77.26000213623047,68.31808471679688,1273600
2019-08-08,77.44000244140625,78.72000122070312,77.2699966430664,78.6500015258789,69.5472183227539,1484300
2019-08-09,78.56999969482422,79.43000030517578,78.12999725341797,79.04000091552734,69.8920669555664,1034300
2019-08-12,78.58000183105469,78.79000091552734,77.33999633789062,77.80000305175781,68.79559326171875,1621900
2019-08-13,77.80000305175781,79.63999938964844,77.80000305175781,79.08999633789062,69.936279296875,1221300
2019-08-14,78.4800033569336,78.52999877929688,76.47000122070312,76.51000213623047,67.65489959716797,1101100
2019-08-15,76.62000274658203,77.0,76.05999755859375,76.77999877929688,67.89363861083984,805500
2019-08-16,77.13999938964844,77.98999786376953,76.68000030517578,77.16999816894531,68.2385025024414,626800
2019-08-19,78.0199966430664,78.83999633789062,77.66999816894531,78.19000244140625,69.14044952392578,1423000
2019-08-20,78.48999786376953,78.83000183105469,77.83000183105469,78.69999694824219,69.59142303466797,835000
2019-08-21,79.30000305175781,80.27999877929688,79.27999877929688,80.12000274658203,70.84707641601562,907800
2019-08-22,80.41000366210938,80.91999816894531,80.05000305175781,80.27999877929688,70.98855590820312,754600
2019-08-23,79.95999908447266,80.33000183105469,78.19000244140625,78.36000061035156,69.290771484375,1341400
2019-08-26,78.91000366210938,79.61000061035156,78.43000030517578,78.95999908447266,69.82135009765625,1029200
2019-08-27,79.23999786376953,80.04000091552734,79.23999786376953,79.80999755859375,70.57293701171875,870600
2019-08-28,79.70999908447266,80.37999725341797,79.08000183105469,80.3499984741211,71.05045318603516,840200
2019-08-29,81.0199966430664,81.2699966430664,80.5,80.91999816894531,71.55447387695312,648400
2019-08-30,81.44999694824219,81.86000061035156,80.94000244140625,81.56999969482422,72.12925720214844,945800
2019-09-03,81.13999938964844,81.45999908447266,80.58000183105469,81.20999908447266,71.81092071533203,855600
2019-09-04,81.29000091552734,82.72000122070312,81.19999694824219,82.55000305175781,72.99583435058594,1129200
2019-09-05,83.70999908447266,83.87999725341797,82.37000274658203,83.05000305175781,73.43795013427734,919300
2019-09-06,83.11000061035156,83.97000122070312,82.81999969482422,83.45999908447266,73.80049896240234,872400
2019-09-09,83.98999786376953,85.97000122070312,83.76000213623047,85.13999938964844,75.28606414794922,1527600
2019-09-10,85.30999755859375,85.30999755859375,83.6500015258789,83.91000366210938,74.19844055175781,1152700
2019-09-11,83.81999969482422,84.45999908447266,83.54000091552734,84.16000366210938,74.41949462890625,1217500
2019-09-12,84.80000305175781,86.25,84.51000213623047,85.5199966430664,75.62206268310547,1025900
2019-09-13,85.29000091552734,85.75,84.80000305175781,85.33999633789062,75.96926879882812,599800
2019-09-16,85.3499984741211,85.72000122070312,84.62000274658203,85.06999969482422,75.72891998291016,728800
2019-09-17,85.05999755859375,85.5199966430664,84.58000183105469,85.20999908447266,75.85355377197266,708800
2019-09-18,84.86000061035156,85.97000122070312,84.86000061035156,85.93000030517578,76.4944839477539,722600
2019-09-19,86.0,86.29000091552734,85.43000030517578,85.48999786376953,76.10279083251953,620100
2019-09-20,85.77999877929688,85.91000366210938,84.5999984741211,85.02999877929688,75.69329833984375,4620900
2019-09-23,85.0,85.2699966430664,84.37999725341797,84.4800033569336,75.20370483398438,658200
2019-09-24,84.58999633789062,85.0,83.56999969482422,83.80000305175781,74.59838104248047,760000
2019-09-25,83.66999816894531,84.37999725341797,82.58999633789062,84.20999908447266,74.96333312988281,1055800
2019-09-26,84.25,84.63999938964844,83.68000030517578,84.36000061035156,75.09685516357422,734400
2019-09-27,84.83000183105469,85.5,84.44000244140625,84.80999755859375,75.4974594116211,697800
2019-09-30,84.7699966430664,85.08999633789062,84.33000183105469,84.69000244140625,75.39064025878906,723000
2019-10-01,85.19000244140625,85.31999969482422,84.04000091552734,84.48999786376953,75.21260070800781,772700
2019-10-02,84.08999633789062,84.19999694824219,82.2699966430664,82.9000015258789,73.79720306396484,679900
2019-10-03,83.0199966430664,83.62999725341797,82.36000061035156,83.62000274658203,74.43811798095703,709400
2019-10-04,83.43000030517578,85.0199966430664,83.43000030517578,84.97000122070312,75.63990020751953,532700
2019-10-07,84.51000213623047,84.98999786376953,84.05000305175781,84.63999938964844,75.34611511230469,500400
2019-10-08,84.36000061035156,84.36000061035156,82.91999816894531,83.29000091552734,74.14436340332031,522700
2019-10-09,83.62000274658203,84.81999969482422,83.43000030517578,84.61000061035156,75.31939697265625,646600
2019-10-10,84.4000015258789,85.66999816894531,83.9000015258789,85.61000061035156,76.20960998535156,711500
2019-10-11,86.52999877929688,87.91000366210938,85.9800033569336,87.08000183105469,77.5182113647461,872600
2019-10-14,86.97000122070312,86.97000122070312,86.18000030517578,86.62000274658203,77.10871887207031,457000
2019-10-15,86.94999694824219,87.2699966430664,85.0199966430664,86.30000305175781,76.82386016845703,634100
2019-10-16,86.37000274658203,87.4000015258789,86.16999816894531,87.20999908447266,77.63391876220703,721100
2019-10-17,87.41000366210938,87.69000244140625,86.87999725341797,87.48999786376953,77.88319396972656,665000
2019-10-18,87.05999755859375,87.61000061035156,86.69000244140625,87.45999908447266,77.85647583007812,834700
2019-10-21,87.58000183105469,87.77999877929688,86.79000091552734,87.05999755859375,77.50039672851562,675600
2019-10-22,86.94999694824219,87.8499984741211,86.69000244140625,87.41999816894531,77.82086944580078,537800
2019-10-23,87.31999969482422,87.48999786376953,86.30999755859375,86.56999969482422,77.064208984375,534700
2019-10-24,86.55000305175781,86.83000183105469,86.08999633789062,86.38999938964844,76.9039535522461,450300
2019-10-25,86.30000305175781,87.68000030517578,86.30000305175781,87.2300033569336,77.65172576904297,469200
2019-10-28,87.2699966430664,88.1500015258789,86.83999633789062,87.6500015258789,78.0256118774414,705300
2019-10-29,87.41000366210938,88.33999633789062,87.41000366210938,87.91000366210938,78.2570571899414,912300
2019-10-30,93.8499984741211,96.44000244140625,91.2699966430664,96.3499984741211,85.77031707763672,2894300
2019-10-31,95.25,95.80000305175781,92.95999908447266,93.75,83.45579528808594,1664300
2019-11-01,93.80999755859375,95.69000244140625,93.30000305175781,94.45999908447266,84.08785247802734,1597400
2019-11-04,95.22000122070312,95.9000015258789,93.3499984741211,94.2300033569336,83.88309478759766,1447900
2019-11-05,94.0199966430664,94.58000183105469,91.33000183105469,93.29000091552734,83.04632568359375,1768000
2019-11-06,93.41000366210938,93.9000015258789,92.7699966430664,93.22000122070312,82.98399353027344,1370300
2019-11-07,93.73999786376953,95.0,93.05000305175781,94.95999908447266,84.53294372558594,1558500
2019-11-08,95.0,96.0,94.73999786376953,95.88999938964844,85.36082458496094,1076100
2019-11-11,96.08000183105469,97.5999984741211,95.87000274658203,96.80000305175781,86.1708984375,1071900
2019-11-12,96.98999786376953,97.29000091552734,95.5999984741211,96.11000061035156,85.55667114257812,1199500
2019-11-13,95.9000015258789,96.66999816894531,95.06999969482422,95.88999938964844,85.36082458496094,614400
2019-11-14,95.7300033569336,97.04000091552734,95.6500015258789,96.75,86.12638854980469,946000
2019-11-15,96.5999984741211,96.7300033569336,95.55999755859375,95.6500015258789,85.14718627929688,939600
2019-11-18,95.30000305175781,96.18000030517578,95.0,96.0999984741211,85.54776000976562,1211000
2019-11-19,96.27999877929688,97.18000030517578,95.48999786376953,96.91999816894531,86.27772521972656,756700
2019-11-20,96.62000274658203,97.08000183105469,96.29000091552734,96.87999725341797,86.24211883544922,801900
2019-11-21,97.02999877929688,98.76000213623047,96.87000274658203,98.08000183105469,87.31033325195312,1473400
2019-11-22,98.0999984741211,98.43000030517578,96.45999908447266,97.19999694824219,86.52696990966797,733200
2019-11-25,97.94000244140625,98.31999969482422,97.33999633789062,97.66000366210938,86.93647003173828,679600
2019-11-26,97.7699966430664,98.31999969482422,97.2300033569336,98.29000091552734,87.49729919433594,1162600
2019-11-27,98.66999816894531,98.66999816894531,97.80000305175781,98.13999938964844,87.36376953125,571800
2019-11-29,97.94999694824219,98.30999755859375,97.4000015258789,97.69000244140625,86.96318054199219,524900
2019-12-02,98.19999694824219,98.44000244140625,96.16999816894531,96.91999816894531,86.27772521972656,948200
2019-12-03,96.12999725341797,96.91999816894531,95.9800033569336,96.48999786376953,85.89495849609375,1086500
2019-12-04,96.63999938964844,97.08000183105469,96.19000244140625,96.25,85.68131256103516,856300
2019-12-05,96.30999755859375,96.58000183105469,95.19999694824219,95.5999984741211,85.10267639160156,913000
2019-12-06,96.12000274658203,96.68000030517578,95.88999938964844,96.5199966430664,85.92166137695312,725100
2019-12-09,96.83999633789062,97.48999786376953,96.51000213623047,97.0,86.34893798828125,749600
2019-12-10,97.20999908447266,98.01000213623047,96.6500015258789,96.70999908447266,86.09075927734375,891000
2019-12-11,97.0999984741211,97.87999725341797,97.0999984741211,97.58999633789062,86.87415313720703,905100
2019-12-12,97.48999786376953,98.75,97.12000274658203,97.77999877929688,87.0433120727539,859500
2019-12-13,97.27999877929688,97.69000244140625,96.5,97.43000030517578,87.24028778076172,530500
2019-12-16,97.5999984741211,98.16999816894531,97.30000305175781,97.79000091552734,87.5626220703125,856700
2019-12-17,97.4800033569336,98.0,96.55000305175781,97.87999725341797,87.64320373535156,737300
2019-12-18,97.8499984741211,98.20999908447266,97.16999816894531,97.47000122070312,87.2761001586914,910700
2019-12-19,97.55999755859375,98.16999816894531,97.2300033569336,97.63999938964844,87.42832946777344,971800
2019-12-20,98.22000122070312,98.83999633789062,97.52999877929688,98.68000030517578,88.35954284667969,2049000
2019-12-23,98.6500015258789,99.26000213623047,98.20999908447266,98.58999633789062,88.2789535522461,486000
2019-12-24,98.58999633789062,98.69000244140625,97.95999908447266,98.44000244140625,88.14464569091797,164100
2019-12-26,98.44999694824219,98.5999984741211,97.86000061035156,98.06999969482422,87.81334686279297,666200
2019-12-27,98.01000213623047,98.58000183105469,97.62999725341797,98.5199966430664,88.21627807617188,482600
2019-12-30,98.47000122070312,98.62999725341797,97.62999725341797,97.94999694824219,87.70590209960938,429500
2019-12-31,97.69000244140625,97.97000122070312,97.45999908447266,97.55999755859375,87.35668182373047,794500
2020-01-02,97.62000274658203,98.47000122070312,97.37999725341797,98.33999633789062,88.05511474609375,828000
2020-01-03,97.2699966430664,98.16999816894531,97.2699966430664,97.70999908447266,87.4909896850586,503800
2020-01-06,97.4000015258789,98.05999755859375,96.76000213623047,97.69000244140625,87.47311401367188,686200
2020-01-07,97.75,98.05000305175781,97.22000122070312,97.54000091552734,87.33877563476562,781200
2020-01-08,97.47000122070312,98.02999877929688,96.95999908447266,97.0,86.8552474975586,1080000
2020-01-09,97.66999816894531,97.79000091552734,96.87999725341797,97.4000015258789,87.21341705322266,750100
2020-01-10,97.52999877929688,97.58000183105469,96.41000366210938,96.5,86.40755462646484,387800
2020-01-13,96.97000122070312,97.5999984741211,96.69999694824219,97.58999633789062,87.38355255126953,559500
2020-01-14,97.4000015258789,97.62000274658203,96.91000366210938,97.29000091552734,87.11492156982422,788800
2020-01-15,97.81999969482422,97.87000274658203,96.95999908447266,97.19000244140625,87.025390625,736400
2020-01-16,97.75,98.7300033569336,97.63999938964844,98.47000122070312,88.1715087890625,699800
2020-01-17,98.4000015258789,99.23999786376953,98.05999755859375,99.04000091552734,88.6819076538086,1855000
2020-01-21,99.1500015258789,101.1500015258789,98.95999908447266,100.58999633789062,90.06978607177734,1115200
2020-01-22,100.97000122070312,101.30999755859375,100.08000183105469,100.22000122070312,89.73849487304688,502800
2020-01-23,100.11000061035156,100.80999755859375,99.63999938964844,100.55999755859375,90.04293060302734,500200
2020-01-24,100.62000274658203,100.97000122070312,99.1500015258789,99.58999633789062,89.17438507080078,423400
2020-01-27,98.26000213623047,99.12000274658203,97.51000213623047,98.43000030517578,88.13570404052734,923700
2020-01-28,99.73999786376953,102.41999816894531,99.0199966430664,101.91999816894531,91.26070404052734,826100
2020-01-29,102.3499984741211,102.3499984741211,100.51000213623047,100.52999877929688,90.01606750488281,568100
2020-01-30,99.87000274658203,100.16999816894531,98.18000030517578,99.31999969482422,88.93260955810547,516500
2020-01-31,98.97000122070312,99.19999694824219,96.83999633789062,96.94999694824219,86.81047821044922,618600
2020-02-03,97.5199966430664,98.91000366210938,97.4000015258789,98.12000274658203,87.85812377929688,702700
2020-02-04,99.29000091552734,99.75,98.70999908447266,98.8499984741211,88.51175689697266,585300
2020-02-05,99.20999908447266,99.9800033569336,97.69999694824219,98.04000091552734,87.78649139404297,775800
2020-02-06,98.45999908447266,98.7300033569336,97.77999877929688,97.8499984741211,87.6163558959961,615500
2020-02-07,97.66999816894531,97.9800033569336,95.91999816894531,96.19999694824219,86.13890838623047,734400
2020-02-10,96.0199966430664,98.0999984741211,95.8499984741211,97.70999908447266,87.4909896850586,591100
2020-02-11,97.58000183105469,98.26000213623047,97.38999938964844,98.04000091552734,87.78649139404297,463400
2020-02-12,98.0999984741211,99.0,96.94000244140625,97.80999755859375,87.5805435180664,391300
2020-02-13,97.55000305175781,98.5,97.19999694824219,98.30000305175781,88.01930236816406,474400
2020-02-14,98.13999938964844,98.44999694824219,97.56999969482422,98.18000030517578,87.9118423461914,373900
2020-02-18,98.44000244140625,98.72000122070312,96.83999633789062,97.12000274658203,86.96270751953125,1222700
2020-02-19,103.87000274658203,105.58000183105469,101.77999877929688,103.66999816894531,92.82765197753906,2959100
2020-02-20,103.5,103.94999694824219,98.41000366210938,99.80999755859375,89.37137603759766,1307800
2020-02-21,99.33000183105469,99.62000274658203,96.5,96.58000183105469,86.47917175292969,944000
2020-02-24,94.47000122070312,95.69999694824219,92.81999969482422,95.36000061035156,85.38677215576172,1044300
2020-02-25,95.45999908447266,96.54000091552734,91.2300033569336,92.0,82.37818145751953,1183700
2020-02-26,91.44999694824219,93.54000091552734,90.31999969482422,90.37999725341797,80.92760467529297,970800
2020-02-27,89.58999633789062,91.26000213623047,88.51000213623047,89.27999877929688,79.94265747070312,1346200
2020-02-28,87.7300033569336,88.86000061035156,85.44000244140625,88.38999938964844,79.14573669433594,2043500
2020-03-02,90.0,93.55000305175781,89.4000015258789,93.47000122070312,83.69444274902344,1475000
2020-03-03,93.61000061035156,94.94000244140625,89.38999938964844,90.06999969482422,80.6500244140625,1399600
2020-03-04,91.43000030517578,93.5199966430664,90.0999984741211,93.41000366210938,83.6407241821289,881600
2020-03-05,91.12999725341797,91.44000244140625,87.12999725341797,89.37999725341797,80.03218841552734,1512800
2020-03-06,86.83000183105469,87.9800033569336,84.95999908447266,87.5199966430664,78.36672973632812,1114700
2020-03-09,81.83999633789062,83.66000366210938,79.55999755859375,81.16000366210938,72.67185974121094,1173800
2020-03-10,83.36000061035156,84.77999877929688,81.02999877929688,84.41999816894531,75.59092712402344,1289400
2020-03-11,82.3499984741211,83.04000091552734,79.47000122070312,80.51000213623047,72.0898666381836,1103500
2020-03-12,75.94999694824219,77.86000061035156,72.37999725341797,72.87999725341797,65.25784301757812,1602900
2020-03-13,75.06999969482422,77.72000122070312,73.25,77.33999633789062,69.79729461669922,1430200
2020-03-16,69.0,73.5,67.5,70.8499984741211,63.940242767333984,1940400
2020-03-17,71.7300033569336,75.7300033569336,70.6500015258789,73.93000030517578,66.71984100341797,1600300
2020-03-18,70.38999938964844,71.95999908447266,65.62000274658203,71.70999908447266,64.71635437011719,1270500
2020-03-19,71.38999938964844,73.52999877929688,68.83999633789062,70.11000061035156,63.27241134643555,1091200
2020-03-20,70.8499984741211,70.8499984741211,65.70999908447266,66.02999877929688,59.590309143066406,1709000
2020-03-23,65.91000366210938,65.91000366210938,61.040000915527344,63.630001068115234,57.42438507080078,1658400
2020-03-24,66.63999938964844,70.80999755859375,65.22000122070312,70.37000274658203,63.50704574584961,1219900
2020-03-25,70.44999694824219,73.79000091552734,66.47000122070312,71.70999908447266,64.71635437011719,1551400
2020-03-26,72.16000366210938,74.94999694824219,71.08000183105469,74.2300033569336,66.9905776977539,1469500
2020-03-27,72.04000091552734,76.18000030517578,70.26000213623047,73.52999877929688,66.3588638305664,1260700
2020-03-30,73.87000274658203,77.2300033569336,72.41000366210938,76.69000244140625,69.21068572998047,1117700
2020-03-31,76.04000091552734,76.9800033569336,74.56999969482422,74.95999908447266,67.64938354492188,1023300
2020-04-01,71.98999786376953,74.4800033569336,70.20999908447266,71.41000366210938,64.44562530517578,1244300
2020-04-02,70.91000366210938,73.66000366210938,70.62999725341797,73.45999908447266,66.29569244384766,1345900
2020-04-03,73.3499984741211,74.0999984741211,70.6500015258789,71.55999755859375,64.58098602294922,1112400
2020-04-06,74.3499984741211,76.18000030517578,74.11000061035156,75.44000244140625,68.08258819580078,1387900
2020-04-07,77.5199966430664,78.4800033569336,73.62999725341797,74.2300033569336,66.9905776977539,1484200
2020-04-08,74.69000244140625,77.7300033569336,74.05000305175781,77.36000061035156,69.81532287597656,1106100
2020-04-09,78.7699966430664,79.73999786376953,77.61000061035156,78.6500015258789,70.97953033447266,1327000
2020-04-13,78.56999969482422,78.56999969482422,76.83999633789062,77.81999969482422,70.23048400878906,1060200
2020-04-14,79.22000122070312,82.41000366210938,78.91999816894531,81.98999786376953,73.9937973022461,1030300
2020-04-15,79.94000244140625,80.41000366210938,77.6500015258789,77.93000030517578,70.3297348022461,1090000
2020-04-16,78.12999725341797,79.08000183105469,77.31999969482422,78.66000366210938,70.98856353759766,1122200
2020-04-17,80.9800033569336,83.25,80.5199966430664,82.11000061035156,74.10208892822266,2604900
2020-04-20,81.41000366210938,81.73999786376953,79.52999877929688,80.05000305175781,72.24298858642578,863600
2020-04-21,78.56999969482422,79.45999908447266,77.7300033569336,78.04000091552734,70.42901611328125,913100
2020-04-22,79.56999969482422,79.94999694824219,78.51000213623047,78.95999908447266,71.25928497314453,622700
2020-04-23,78.66999816894531,80.52999877929688,78.66999816894531,79.30000305175781,71.5661392211914,661300
2020-04-24,79.7300033569336,80.3499984741211,78.37999725341797,78.91999816894531,71.22319030761719,719200
2020-04-27,78.77999877929688,81.25,78.29000091552734,80.73999786376953,72.86568450927734,994100
2020-04-28,82.2699966430664,83.97000122070312,81.69999694824219,83.4000015258789,75.26628112792969,1092000
2020-04-29,86.05000305175781,87.5,82.61000061035156,82.91000366210938,74.82406616210938,1778600
2020-04-30,82.25,82.36000061035156,79.62000274658203,81.16000366210938,73.2447509765625,1527400
2020-05-01,79.73999786376953,81.16000366210938,79.22000122070312,79.80999755859375,72.02638244628906,1089200
2020-05-04,79.11000061035156,80.05999755859375,78.76000213623047,79.72000122070312,71.94517517089844,1029600
2020-05-05,80.18000030517578,81.79000091552734,79.91000366210938,80.76000213623047,72.88375091552734,1014400
2020-05-06,81.29000091552734,81.75,78.63999938964844,78.7300033569336,71.05171966552734,813400
2020-05-07,79.2699966430664,80.18000030517578,77.9800033569336,78.04000091552734,70.42901611328125,950000
2020-05-08,79.5,81.4800033569336,78.51000213623047,81.33999633789062,73.40717315673828,1063900
2020-05-11,80.4800033569336,81.72000122070312,80.0,80.83000183105469,72.94693756103516,722200
2020-05-12,81.02999877929688,81.68000030517578,79.41999816894531,79.41999816894531,71.6744384765625,643600
2020-05-13,78.9800033569336,79.26000213623047,77.01000213623047,78.16999816894531,70.54634857177734,968900
2020-05-14,77.3499984741211,77.6500015258789,76.0199966430664,77.30000305175781,69.76119232177734,1062800
2020-05-15,77.30000305175781,79.30000305175781,76.51000213623047,78.02999877929688,70.41999816894531,2454700
2020-05-18,80.13999938964844,82.33000183105469,79.63999938964844,81.88999938964844,73.90353393554688,877200
2020-05-19,82.05000305175781,83.20999908447266,81.56999969482422,82.05000305175781,74.0479507446289,960100
2020-05-20,82.81999969482422,84.05999755859375,82.41999816894531,83.87000274658203,75.69043731689453,962500
2020-05-21,83.87000274658203,84.9000015258789,83.58999633789062,84.19999694824219,75.98824310302734,774100
2020-05-22,83.86000061035156,84.48999786376953,83.62999725341797,83.88999938964844,75.70850372314453,688800
2020-05-26,85.20999908447266,87.48999786376953,85.20999908447266,86.62999725341797,78.1812744140625,946000
2020-05-27,87.5,88.62999725341797,86.6500015258789,88.12999725341797,79.53498077392578,1061700
2020-05-28,89.51000213623047,91.43000030517578,88.45999908447266,90.91000366210938,82.04385375976562,2095300
2020-05-29,90.68000030517578,91.12999725341797,89.63999938964844,90.16999816894531,81.37601470947266,2731700
2020-06-01,90.38999938964844,91.91999816894531,89.80000305175781,90.54000091552734,81.7099380493164,951200
2020-06-02,90.8499984741211,92.55000305175781,90.5,92.44000244140625,83.42463684082031,1003100
2020-06-03,93.48999786376953,96.51000213623047,92.63999938964844,95.72000122070312,86.38472747802734,1356900
2020-06-04,95.37999725341797,95.43000030517578,92.87000274658203,93.2699966430664,84.1736831665039,1226700
2020-06-05,95.62999725341797,97.27999877929688,94.16999816894531,96.52999877929688,87.11575317382812,1116700
2020-06-08,96.62000274658203,99.33999633789062,96.62000274658203,99.30000305175781,89.61560821533203,1100200
2020-06-09,98.12999725341797,98.91000366210938,97.13999938964844,98.12999725341797,88.55968475341797,830000
2020-06-10,98.54000091552734,98.54000091552734,96.33000183105469,96.94000244140625,87.48577117919922,868500
2020-06-11,94.7699966430664,94.87000274658203,91.30000305175781,91.41999816894531,82.50410461425781,928200
2020-06-12,92.62999725341797,93.5,90.12000274658203,91.66999816894531,83.28545379638672,627000
2020-06-15,91.69999694824219,94.01000213623047,90.5999984741211,93.56999969482422,85.01165771484375,951400
2020-06-16,95.56999969482422,95.95999908447266,92.77999877929688,95.06999969482422,86.37448120117188,1059000
2020-06-17,95.80999755859375,96.5199966430664,94.9800033569336,95.97000122070312,87.19215393066406,838900
2020-06-18,95.2300033569336,95.9800033569336,94.41999816894531,95.18000030517578,86.47441864013672,729900
2020-06-19,96.73999786376953,98.33999633789062,94.80999755859375,98.33999633789062,89.34536743164062,3615800
2020-06-22,97.2300033569336,98.69999694824219,96.0,97.52999877929688,88.60948181152344,1463900
2020-06-23,98.20999908447266,98.94999694824219,97.70999908447266,97.7300033569336,88.79117584228516,928700
2020-06-24,96.7300033569336,97.2300033569336,94.30999755859375,95.29000091552734,86.57434844970703,765700
2020-06-25,94.7300033569336,96.31999969482422,94.05999755859375,96.2300033569336,87.42837524414062,591500
2020-06-26,96.0,96.36000061035156,94.37999725341797,94.86000061035156,86.18368530273438,872100
2020-06-29,94.9000015258789,96.2300033569336,94.56999969482422,96.1500015258789,87.35568237304688,1559000
2020-06-30,96.66999816894531,98.06999969482422,96.18000030517578,97.5,88.58221435546875,1003500
2020-07-01,98.01000213623047,98.63999938964844,97.04000091552734,97.12999725341797,88.24604797363281,780000
2020-07-02,98.05999755859375,98.79000091552734,97.13999938964844,97.52999877929688,88.60948181152344,577700
2020-07-06,98.80000305175781,99.44999694824219,98.20999908447266,99.08000183105469,90.01770782470703,819600
2020-07-07,98.0199966430664,99.55000305175781,97.9000015258789,98.72000122070312,89.69062042236328,580800
2020-07-08,99.02999877929688,99.3499984741211,97.36000061035156,98.18000030517578,89.20002746582031,547900
2020-07-09,98.25,98.48999786376953,96.05000305175781,96.91999816894531,88.05526733398438,758100
2020-07-10,96.62999725341797,97.13999938964844,95.2699966430664,97.08999633789062,88.20970153808594,779500
2020-07-13,97.75,98.63999938964844,96.36000061035156,96.48999786376953,87.66458129882812,809900
2020-07-14,95.77999877929688,97.95999908447266,95.33000183105469,97.83999633789062,88.89112854003906,724000
2020-07-15,97.83000183105469,99.79000091552734,97.83000183105469,99.44999694824219,90.35385131835938,785600
2020-07-16,99.4000015258789,101.41000366210938,99.19000244140625,101.04000091552734,91.79842376708984,1257000
2020-07-17,100.9000015258789,101.0,99.12999725341797,100.41999816894531,91.23513793945312,1191900
2020-07-20,100.4000015258789,100.43000030517578,99.44999694824219,100.19999694824219,91.0352554321289,648800
2020-07-21,100.0,100.77999877929688,99.75,99.80999755859375,90.6809310913086,693900
2020-07-22,99.81999969482422,101.45999908447266,99.79000091552734,101.3499984741211,92.080078125,768800
2020-07-23,101.41000366210938,102.4000015258789,99.5,100.19999694824219,91.0352554321289,687700
2020-07-24,97.0,99.22000122070312,96.18000030517578,96.73999786376953,87.8917236328125,1806700
2020-07-27,94.83999633789062,100.70999908447266,94.51000213623047,100.29000091552734,91.11701965332031,1657200
2020-07-28,100.6500015258789,100.68000030517578,98.66999816894531,99.36000061035156,90.27208709716797,1548100
2020-07-29,103.12000274658203,103.98999786376953,95.0199966430664,98.77999877929688,89.74513244628906,1807000
2020-07-30,97.58000183105469,100.52999877929688,97.08999633789062,100.01000213623047,90.86262512207031,1160700
2020-07-31,100.01000213623047,100.16000366210938,97.08000183105469,98.58999633789062,89.57251739501953,983600
2020-08-03,99.12000274658203,100.5199966430664,98.69999694824219,99.97000122070312,90.8262939453125,951700
2020-08-04,99.69999694824219,100.0999984741211,99.18000030517578,99.94000244140625,90.79903411865234,829300
2020-08-05,100.38999938964844,102.62000274658203,100.12000274658203,102.36000061035156,92.9977035522461,938800
2020-08-06,102.08999633789062,102.62000274658203,100.9800033569336,102.33000183105469,92.97044372558594,592000
2020-08-07,102.29000091552734,102.4800033569336,101.44999694824219,101.88999938964844,92.57069396972656,681200
2020-08-10,101.77999877929688,102.30000305175781,101.52999877929688,102.11000061035156,92.77056121826172,805500
2020-08-11,102.45999908447266,103.44000244140625,101.30999755859375,101.5,92.21635437011719,871000
2020-08-12,101.81999969482422,103.55000305175781,101.43000030517578,103.27999877929688,93.83354949951172,619900
2020-08-13,103.23999786376953,104.91000366210938,102.76000213623047,104.62000274658203,95.05097961425781,987200
2020-08-14,104.43000030517578,104.68000030517578,103.66999816894531,104.27999877929688,94.74209594726562,607900
2020-08-17,104.63999938964844,104.97000122070312,104.05000305175781,104.4800033569336,94.92378997802734,558300
2020-08-18,104.72000122070312,104.72000122070312,103.62000274658203,104.22000122070312,94.68756103515625,669800
2020-08-19,104.5999984741211,105.5,103.9000015258789,103.98999786376953,94.4786148071289,790600
2020-08-20,103.47000122070312,103.5,102.30000305175781,102.94000244140625,93.524658203125,607900
2020-08-21,102.98999786376953,103.12999725341797,102.27999877929688,102.43000030517578,93.06129455566406,768500
2020-08-24,102.86000061035156,103.9000015258789,102.86000061035156,103.63999938964844,94.16061401367188,688800
2020-08-25,104.47000122070312,104.47000122070312,103.1500015258789,103.63999938964844,94.16061401367188,510900
2020-08-26,103.81999969482422,104.76000213623047,103.41000366210938,104.66999816894531,95.0964126586914,724400
2020-08-27,105.26000213623047,105.33000183105469,102.43000030517578,102.56999969482422,93.1884994506836,845800
2020-08-28,103.5199966430664,103.87000274658203,102.66000366210938,103.76000213623047,94.26964569091797,545400
2020-08-31,103.62000274658203,104.56999969482422,103.12000274658203,103.61000061035156,94.13336181640625,770100
2020-09-01,103.41999816894531,104.04000091552734,102.75,104.0,94.48770141601562,695700
2020-09-02,104.4800033569336,106.0,103.5999984741211,105.80999755859375,96.13214874267578,772700
2020-09-03,105.95999908447266,105.98999786376953,100.87999725341797,101.30999755859375,92.04373931884766,858400
2020-09-04,102.30999755859375,102.91000366210938,100.33000183105469,101.7300033569336,92.42530822753906,906300
2020-09-08,100.93000030517578,101.11000061035156,99.16000366210938,99.36000061035156,90.27208709716797,883200
2020-09-09,100.62000274658203,102.05000305175781,100.43000030517578,101.13999938964844,91.8892822265625,681400
2020-09-10,102.0999984741211,102.3499984741211,98.91999816894531,99.4000015258789,90.30844116210938,815500
2020-09-11,100.38999938964844,100.94999694824219,99.58000183105469,100.05000305175781,90.89898681640625,657700
2020-09-14,100.01000213623047,100.1500015258789,99.12000274658203,99.69999694824219,91.13663482666016,642700
2020-09-15,100.30999755859375,101.30000305175781,99.83000183105469,99.9800033569336,91.39259338378906,600300
2020-09-16,100.20999908447266,100.51000213623047,98.20999908447266,98.38999938964844,89.93917083740234,773900
2020-09-17,97.91999816894531,98.8499984741211,96.97000122070312,98.19999694824219,89.76548767089844,742000
2020-09-18,98.41999816894531,99.23999786376953,96.12000274658203,96.33000183105469,88.05609130859375,1403100
2020-09-21,95.44000244140625,95.44000244140625,93.2300033569336,94.26000213623047,86.16390228271484,879000
2020-09-22,94.02999877929688,95.38999938964844,93.62999725341797,95.13999938964844,86.96831512451172,960000
2020-09-23,96.12000274658203,96.30999755859375,93.20999908447266,93.45999908447266,85.43260192871094,826500
2020-09-24,93.18000030517578,95.41000366210938,92.19000244140625,92.68000030517578,84.7196273803711,640400
2020-09-25,92.41999816894531,93.87000274658203,91.83999633789062,93.55000305175781,85.51488494873047,536100
2020-09-28,94.91000366210938,95.80999755859375,93.95999908447266,95.37999725341797,87.18768310546875,550600
2020-09-29,95.58000183105469,95.77999877929688,94.86000061035156,95.01000213623047,86.84947204589844,487600
2020-09-30,95.33999633789062,95.83999633789062,94.37000274658203,94.86000061035156,86.71237182617188,750800
2020-10-01,95.77999877929688,95.93000030517578,94.3499984741211,94.68000030517578,86.54782104492188,627800
2020-10-02,93.75,95.75,93.73999786376953,94.93000030517578,86.77635192871094,501700
2020-10-05,95.73999786376953,96.66000366210938,95.54000091552734,96.54000091552734,88.2480697631836,562900
2020-10-06,96.54000091552734,97.18000030517578,94.91999816894531,95.1500015258789,86.97745513916016,581400
2020-10-07,95.87000274658203,97.19999694824219,95.80000305175781,96.91999816894531,88.59542846679688,586900
2020-10-08,97.51000213623047,98.20999908447266,96.91999816894531,98.12999725341797,89.70149230957031,491900
2020-10-09,98.47000122070312,99.44999694824219,98.31999969482422,98.81999969482422,90.3322525024414,539100
2020-10-12,99.2699966430664,99.48999786376953,98.73999786376953,99.06999969482422,90.56076049804688,412300
2020-10-13,98.73999786376953,99.33000183105469,98.0199966430664,98.80999755859375,90.32307434082031,395300
2020-10-14,99.01000213623047,99.33999633789062,97.66000366210938,98.48999786376953,90.03057861328125,440400
2020-10-15,97.69999694824219,99.27999877929688,97.3499984741211,99.02999877929688,90.52420043945312,369400
2020-10-16,98.98999786376953,99.87999725341797,98.6500015258789,99.12000274658203,90.6064682006836,808000
2020-10-19,99.58000183105469,100.33999633789062,97.44999694824219,97.72000122070312,89.32670593261719,468400
2020-10-20,98.33000183105469,100.16999816894531,97.8499984741211,98.79000091552734,90.30481719970703,500100
2020-10-21,99.0199966430664,99.62999725341797,97.58999633789062,98.38999938964844,89.93917083740234,428500
2020-10-22,98.29000091552734,99.58000183105469,98.29000091552734,99.04000091552734,90.5333480834961,485700
2020-10-23,99.6500015258789,100.93000030517578,99.01000213623047,100.83999633789062,92.17871856689453,701000
2020-10-26,100.02999877929688,100.23999786376953,98.58000183105469,99.41999816894531,90.88069915771484,730100
2020-10-27,99.19999694824219,100.16000366210938,98.52999877929688,98.61000061035156,90.14026641845703,575700
2020-10-28,100.12000274658203,101.66999816894531,97.47000122070312,97.56999969482422,89.18959045410156,1444800
2020-10-29,97.5199966430664,102.33000183105469,97.5199966430664,100.7300033569336,92.07818603515625,1103600
2020-10-30,101.37999725341797,105.23999786376953,101.2300033569336,104.0199966430664,95.08557891845703,1946600
2020-11-02,105.08999633789062,109.9000015258789,105.0199966430664,109.88999938964844,100.451416015625,2065600
2020-11-03,111.30000305175781,111.77999877929688,109.41000366210938,110.62000274658203,101.11870574951172,1914900
2020-11-04,111.12000274658203,113.06999969482422,110.16999816894531,111.26000213623047,101.70375061035156,1159300
2020-11-05,112.0,114.43000030517578,111.5,113.2699966430664,103.54109954833984,1725600
2020-11-06,113.5999984741211,116.29000091552734,113.20999908447266,115.19000244140625,105.29618072509766,1009700
2020-11-09,120.29000091552734,120.41999816894531,115.18000030517578,115.2699966430664,105.36931610107422,1666300
2020-11-10,113.94000244140625,114.94000244140625,113.36000061035156,114.18000030517578,104.37293243408203,1200000
2020-11-11,114.88999938964844,115.87999725341797,114.18000030517578,114.81999969482422,104.95796203613281,713900
2020-11-12,115.41000366210938,115.63999938964844,113.25,113.75,103.9798812866211,634800
2020-11-13,114.05000305175781,115.68000030517578,113.79000091552734,115.62999725341797,105.6983871459961,595600
2020-11-16,117.0199966430664,117.70999908447266,116.1500015258789,117.51000213623047,107.41691589355469,862000
2020-11-17,117.16999816894531,117.55999755859375,116.56999969482422,117.33000183105469,107.25238800048828,606700
2020-11-18,117.33999633789062,117.33999633789062,114.26000213623047,114.30000305175781,104.48262023925781,818500
2020-11-19,114.69000244140625,115.4000015258789,112.81999969482422,114.29000091552734,104.47348022460938,571200
2020-11-20,114.48999786376953,115.20999908447266,113.5,114.48999786376953,104.65631103515625,653000
2020-11-23,114.88999938964844,115.37999725341797,114.06999969482422,114.66000366210938,104.81171417236328,578100
2020-11-24,115.72000122070312,117.2699966430664,114.5999984741211,116.45999908447266,106.45709991455078,676400
2020-11-25,116.29000091552734,116.70999908447266,115.06999969482422,116.37000274658203,106.37483978271484,678500
2020-11-27,116.80999755859375,118.01000213623047,116.37999725341797,117.05000305175781,106.99644470214844,399400
2020-11-30,116.12999725341797,117.06999969482422,114.30999755859375,116.76000213623047,106.73135375976562,1162400
2020-12-01,117.6500015258789,119.98999786376953,117.25,119.80000305175781,109.5102310180664,1008800
2020-12-02,120.0,120.0,117.79000091552734,118.4800033569336,108.3036117553711,639300
2020-12-03,118.23999786376953,119.5999984741211,118.23999786376953,119.23999786376953,108.99834442138672,559700
2020-12-04,119.0,121.73999786376953,118.75,121.33999633789062,110.91796112060547,803700
2020-12-07,120.69999694824219,122.3499984741211,120.2699966430664,121.30000305175781,110.88140106201172,769500
2020-12-08,121.25,122.98999786376953,120.27999877929688,122.8499984741211,112.29825592041016,715600
2020-12-09,123.55000305175781,123.55000305175781,117.91999816894531,119.44999694824219,109.1902847290039,1245200
2020-12-10,118.94000244140625,119.94999694824219,118.01000213623047,118.5999984741211,108.41329956054688,623900
2020-12-11,118.44999694824219,119.2300033569336,118.04000091552734,118.94000244140625,108.72410583496094,559600
2020-12-14,119.20999908447266,119.4800033569336,117.20999908447266,117.20999908447266,107.69502258300781,723700
2020-12-15,118.16000366210938,119.2699966430664,117.58999633789062,119.19000244140625,109.5142822265625,561600
2020-12-16,118.88999938964844,119.51000213623047,117.72000122070312,118.33000183105469,108.72410583496094,686600
2020-12-17,118.44999694824219,119.6500015258789,117.62000274658203,118.62999725341797,108.99974060058594,822600
2020-12-18,118.81999969482422,119.83999633789062,118.45999908447266,119.48999786376953,109.78993225097656,2004100
2020-12-21,118.37999725341797,118.5,116.62999725341797,118.18000030517578,108.5862808227539,810400
2020-12-22,118.3499984741211,119.45999908447266,117.66000366210938,119.13999938964844,109.46834564208984,650300
2020-12-23,119.7699966430664,121.37000274658203,119.7699966430664,120.23999786376953,110.47904205322266,587900
2020-12-24,120.68000030517578,120.68000030517578,119.2300033569336,120.20999908447266,110.45147705078125,166100
2020-12-28,120.38999938964844,121.52999877929688,120.29000091552734,120.7300033569336,110.92926025390625,321100
2020-12-29,121.0999984741211,121.4800033569336,119.0,119.37999725341797,109.68885803222656,276700
2020-12-30,119.54000091552734,120.0199966430664,118.8499984741211,119.5199966430664,109.81748962402344,278100
2020-12-31,119.19000244140625,119.80000305175781,118.69000244140625,119.66000366210938,109.9461441040039,324300
2021-01-04,119.79000091552734,120.6500015258789,117.87000274658203,118.80000305175781,109.15596008300781,785000
2021-01-05,118.12999725341797,118.93000030517578,117.20999908447266,118.55999755859375,108.93543243408203,715600
2021-01-06,118.69000244140625,119.66999816894531,117.91999816894531,119.4800033569336,109.78073120117188,921200
2021-01-07,119.7699966430664,122.75,119.6500015258789,121.55999755859375,111.69188690185547,662900
2021-01-08,122.44000244140625,122.94000244140625,120.70999908447266,121.9800033569336,112.07780456542969,564100
2021-01-11,121.38999938964844,122.44000244140625,120.79000091552734,121.2300033569336,111.38868713378906,434800
2021-01-12,121.33000183105469,122.2300033569336,120.86000061035156,122.0199966430664,112.11455535888672,508800
2021-01-13,122.22000122070312,122.36000061035156,120.37999725341797,120.79000091552734,110.98441314697266,546200
2021-01-14,122.04000091552734,122.04000091552734,120.30000305175781,120.87999725341797,111.06710052490234,518100
2021-01-15,120.43000030517578,121.58999633789062,119.83999633789062,121.01000213623047,111.18655395507812,1004400
2021-01-19,121.4000015258789,123.36000061035156,120.68000030517578,122.69000244140625,112.73016357421875,687900
2021-01-20,122.88999938964844,125.0,122.69000244140625,123.9800033569336,113.91544342041016,708000
2021-01-21,124.16000366210938,124.62999725341797,123.08000183105469,123.77999877929688,113.73165893554688,481600
2021-01-22,123.01000213623047,124.13999938964844,122.3499984741211,123.83000183105469,113.77761840820312,462800
2021-01-25,123.91999816894531,124.80999755859375,122.38999938964844,123.5199966430664,113.49278259277344,504400
2021-01-26,123.44000244140625,123.5,121.26000213623047,121.41000366210938,111.55406188964844,479800
2021-01-27,120.68000030517578,120.68000030517578,116.4800033569336,117.30999755859375,107.78690338134766,775800
2021-01-28,117.08999633789062,119.37999725341797,116.80999755859375,117.47000122070312,107.93391418457031,621300
2021-01-29,117.16000366210938,117.16000366210938,113.58999633789062,114.86000061035156,105.53578186035156,1069500
2021-02-01,115.19999694824219,117.56999969482422,115.12000274658203,117.36000061035156,107.83284759521484,616200
2021-02-02,118.41000366210938,119.29000091552734,117.66999816894531,118.87000274658203,109.22026062011719,787400
2021-02-03,118.55000305175781,119.6500015258789,118.12000274658203,118.94000244140625,109.28459167480469,444000
2021-02-04,119.5,119.98999786376953,118.55000305175781,119.2699966430664,109.58778381347656,461200
2021-02-05,119.87000274658203,120.94000244140625,119.44000244140625,120.33000183105469,110.56173706054688,480300
2021-02-08,120.36000061035156,124.9800033569336,119.79000091552734,124.13999938964844,114.06246185302734,1218500
2021-02-09,124.66999816894531,127.1500015258789,123.20999908447266,126.12000274658203,115.88172149658203,1255400
2021-02-10,127.56999969482422,129.25999450683594,126.30999755859375,128.1199951171875,117.71934509277344,997900
2021-02-11,128.9499969482422,130.36000061035156,128.2899932861328,129.42999267578125,118.92300415039062,719100
2021-02-12,130.11000061035156,131.39999389648438,129.5,130.6999969482422,120.08992767333984,692000
2021-02-16,131.3699951171875,133.42999267578125,131.0500030517578,132.47999572753906,121.72541046142578,1334800
2021-02-17,132.1999969482422,132.9600067138672,128.47000122070312,129.50999450683594,118.99651336669922,1583400
2021-02-18,129.5500030517578,131.4199981689453,126.73999786376953,127.5999984741211,117.24156188964844,1296100
2021-02-19,128.02999877929688,128.91000366210938,127.66000366210938,128.00999450683594,117.6182861328125,886400
2021-02-22,127.98999786376953,128.22000122070312,127.33000183105469,127.6500015258789,117.28750610351562,771400
2021-02-23,126.08000183105469,127.0999984741211,124.25,126.02999877929688,115.79901885986328,1032300
2021-02-24,125.48999786376953,129.24000549316406,125.16999816894531,128.4499969482422,118.02257537841797,626800
2021-02-25,128.24000549316406,128.44000244140625,123.88999938964844,124.33999633789062,114.2462158203125,552400
2021-02-26,124.16999816894531,125.55999755859375,123.5199966430664,124.0199966430664,113.95219421386719,939800
2021-03-01,125.19000244140625,129.02999877929688,125.06999969482422,128.27000427246094,117.857177734375,894200
2021-03-02,128.35000610351562,128.6999969482422,126.56999969482422,127.01000213623047,116.69947814941406,819300
2021-03-03,126.58000183105469,126.97000122070312,123.70999908447266,123.81999969482422,113.76842498779297,851100
2021-03-04,124.51000213623047,126.41999816894531,117.73999786376953,119.86000061035156,110.12989044189453,803400
2021-03-05,121.16000366210938,122.77999877929688,117.76000213623047,122.41999816894531,112.48206329345703,844500
2021-03-08,123.26000213623047,123.97000122070312,121.43000030517578,122.5199966430664,112.57395935058594,603700
2021-03-09,123.5,126.63999938964844,122.69000244140625,125.2300033569336,115.06396484375,835400
2021-03-10,125.94000244140625,127.68000030517578,125.86000061035156,126.88999938964844,116.58920288085938,619600
2021-03-11,127.80000305175781,128.80999755859375,127.05999755859375,127.72000122070312,117.3518295288086,693400
2021-03-12,127.0,127.56999969482422,126.58999633789062,127.45999908447266,117.67495727539062,499600
2021-03-15,127.6500015258789,128.22000122070312,126.86000061035156,128.11000061035156,118.27506256103516,519600
2021-03-16,128.9499969482422,129.47999572753906,126.66999816894531,128.27999877929688,118.4320068359375,695300
2021-03-17,127.77999877929688,127.77999877929688,124.66000366210938,126.43000030517578,116.72404479980469,658800
2021-03-18,126.23999786376953,126.62999725341797,124.88999938964844,125.44999694824219,115.81925964355469,540800
2021-03-19,125.41999816894531,126.45999908447266,124.0999984741211,125.70999908447266,116.0593032836914,1279900
2021-03-22,126.62000274658203,128.02999877929688,126.41000366210938,127.58000183105469,117.78575897216797,767500
2021-03-23,127.23999786376953,128.30999755859375,125.91999816894531,126.16000366210938,116.47476959228516,517900
2021-03-24,127.11000061035156,128.10000610351562,126.66999816894531,126.77999877929688,117.04717254638672,761800
2021-03-25,126.87999725341797,127.5999984741211,124.6500015258789,127.55000305175781,117.75806427001953,684300
2021-03-26,126.98999786376953,128.4499969482422,124.11000061035156,128.3699951171875,118.51508331298828,597600
2021-03-29,127.79000091552734,130.22999572753906,127.77999877929688,129.97000122070312,119.99225616455078,954400
2021-03-30,129.49000549316406,131.0500030517578,129.2899932861328,130.72999572753906,120.69391632080078,640900
2021-03-31,131.25,132.25,130.72999572753906,131.85000610351562,121.72795104980469,920500
2021-04-01,132.0,132.63999938964844,130.3800048828125,132.50999450683594,122.33728790283203,686100
2021-04-05,133.14999389648438,136.39999389648438,132.6300048828125,135.92999267578125,125.49471282958984,864600
2021-04-06,136.0,137.10000610351562,135.25999450683594,136.52000427246094,126.03941345214844,661400
2021-04-07,136.52000427246094,136.99000549316406,134.77999877929688,135.32000732421875,124.93156433105469,632100
2021-04-08,135.14999389648438,135.80999755859375,134.47000122070312,135.6300048828125,125.21776580810547,643500
2021-04-09,135.8699951171875,137.6999969482422,135.5,137.64999389648438,127.08267211914062,464800
2021-04-12,137.97000122070312,138.42999267578125,136.75999450683594,137.85000610351562,127.2673568725586,414900
2021-04-13,138.1699981689453,138.82000732421875,137.02999877929688,138.6699981689453,128.02435302734375,486800
2021-04-14,138.1999969482422,139.22999572753906,137.22999572753906,137.61000061035156,127.0457534790039,456300
2021-04-15,138.22999572753906,138.60000610351562,137.57000732421875,138.5500030517578,127.91358947753906,444400
2021-04-16,138.94000244140625,141.72999572753906,138.94000244140625,140.60000610351562,129.8061981201172,1358100
2021-04-19,140.3300018310547,140.67999267578125,139.13999938964844,140.5500030517578,129.76002502441406,599300
2021-04-20,140.32000732421875,140.72000122070312,137.9499969482422,138.1999969482422,127.5904769897461,478100
2021-04-21,138.6999969482422,139.38999938964844,138.32000732421875,139.0,128.32901000976562,502900
2021-04-22,138.89999389648438,139.8699951171875,138.13999938964844,139.16000366210938,128.47677612304688,624100
2021-04-23,140.0,141.8800048828125,140.0,141.35000610351562,130.49862670898438,620900
2021-04-26,142.22999572753906,142.49000549316406,141.02999877929688,141.64999389648438,130.77561950683594,603000
2021-04-27,141.88999938964844,142.94000244140625,141.08999633789062,141.1199951171875,130.2863006591797,681700
2021-04-28,138.72000122070312,139.2899932861328,135.66000366210938,137.3800048828125,126.83342742919922,902700
2021-04-29,138.97999572753906,139.89999389648438,137.66000366210938,138.67999267578125,128.03358459472656,543500
2021-04-30,138.3300018310547,138.38999938964844,136.91000366210938,137.24000549316406,126.70414733886719,665300
2021-05-03,138.5800018310547,138.6699981689453,137.02000427246094,137.88999938964844,127.30426025390625,495700
2021-05-04,137.32000732421875,137.5800018310547,135.3300018310547,137.25999450683594,126.72261047363281,559500
2021-05-05,138.1300048828125,139.75,137.66000366210938,139.60000610351562,128.88299560546875,653000
2021-05-06,139.9199981689453,141.39999389648438,139.0399932861328,141.33999633789062,130.48941040039062,594900
2021-05-07,141.5800018310547,143.75999450683594,141.25999450683594,143.55999755859375,132.5389404296875,510800
2021-05-10,143.99000549316406,145.1999969482422,142.3300018310547,142.3800048828125,131.44956970214844,553500
2021-05-11,139.80999755859375,141.8699951171875,139.08999633789062,140.58999633789062,129.79698181152344,610400
2021-05-12,139.77000427246094,140.5399932861328,135.77999877929688,136.14999389648438,125.69783020019531,629500
2021-05-13,136.47000122070312,139.1999969482422,136.4199981689453,138.08999633789062,127.48890686035156,589000
2021-05-14,139.58999633789062,141.27000427246094,139.24000549316406,140.38999938964844,129.61233520507812,484100
2021-05-17,139.72000122070312,140.97000122070312,139.58999633789062,140.10000610351562,129.3446044921875,574600
2021-05-18,140.7899932861328,141.61000061035156,139.6199951171875,140.27000427246094,129.5015411376953,733400
2021-05-19,138.35000610351562,138.82000732421875,137.13999938964844,138.1699981689453,127.56275177001953,836400
2021-05-20,139.07000732421875,139.82000732421875,137.9199981689453,139.27999877929688,128.58753967285156,614600
2021-05-21,139.6999969482422,141.38999938964844,139.3300018310547,139.83999633789062,129.10455322265625,858100
2021-05-24,140.97000122070312,140.97000122070312,139.75999450683594,139.99000549316406,129.2430419921875,588200
2021-05-25,141.10000610351562,141.88999938964844,140.32000732421875,140.8699951171875,130.05548095703125,837300
2021-05-26,141.8699951171875,142.5800018310547,141.25,141.5800018310547,130.71096801757812,806000
2021-05-27,142.02999877929688,143.4499969482422,141.72000122070312,142.3800048828125,131.44956970214844,1681300
2021-05-28,142.83999633789062,143.50999450683594,142.19000244140625,142.24000549316406,131.32029724121094,600700
2021-06-01,144.0,144.5399932861328,141.9199981689453,142.9199981689453,131.9481201171875,803100
2021-06-02,143.17999267578125,143.2899932861328,141.1699981689453,141.8800048828125,130.9879608154297,850000
2021-06-03,140.77000427246094,142.47999572753906,138.97000122070312,142.22000122070312,131.3018341064453,761500
2021-06-04,142.6699981689453,143.85000610351562,142.1199951171875,143.63999938964844,132.61282348632812,505300
2021-06-07,144.1199951171875,145.0,142.64999389648438,143.27000427246094,132.27125549316406,617000
2021-06-08,144.1300048828125,144.1300048828125,141.77999877929688,142.5500030517578,131.6065216064453,567800
2021-06-09,143.24000549316406,143.24000549316406,141.75999450683594,142.1699981689453,131.2556915283203,476800
2021-06-10,142.3000030517578,143.27000427246094,141.64999389648438,142.60000610351562,131.6526641845703,371200
2021-06-11,143.4199981689453,144.75999450683594,142.83999633789062,144.75999450683594,133.64683532714844,461000
2021-06-14,143.66000366210938,143.99000549316406,142.02999877929688,142.67999267578125,132.33900451660156,438800
2021-06-15,142.9600067138672,143.6999969482422,142.27000427246094,143.38999938964844,132.99758911132812,437600
2021-06-16,143.3699951171875,143.3699951171875,141.25999450683594,141.82000732421875,131.54139709472656,546900
2021-06-17,141.44000244140625,141.75999450683594,139.61000061035156,141.0,130.78079223632812,659200
2021-06-18,140.1999969482422,141.17999267578125,138.60000610351562,139.5399932861328,129.42660522460938,1046100
2021-06-21,139.8000030517578,142.41000366210938,139.8000030517578,142.00999450683594,131.71759033203125,559700
2021-06-22,141.13999938964844,142.7899932861328,140.1300048828125,142.36000061035156,132.042236328125,642000
2021-06-23,142.36000061035156,142.77000427246094,141.25999450683594,141.8699951171875,131.5877227783203,698900
2021-06-24,142.8000030517578,143.38999938964844,141.99000549316406,143.0399932861328,132.6729278564453,412900
2021-06-25,143.92999267578125,144.7100067138672,143.7899932861328,144.3699951171875,133.90655517578125,450400
2021-06-28,144.6999969482422,144.6999969482422,143.66000366210938,144.27000427246094,133.81378173828125,676800
2021-06-29,144.6199951171875,145.8300018310547,144.52999877929688,145.3800048828125,134.84336853027344,399800
2021-06-30,145.6300048828125,145.77999877929688,143.91000366210938,144.63999938964844,134.15701293945312,529700
2021-07-01,145.27000427246094,146.1999969482422,144.41000366210938,146.08999633789062,135.5018768310547,518200
2021-07-02,146.7899932861328,147.3000030517578,146.22000122070312,147.0,136.345947265625,507200
2021-07-06,147.3000030517578,147.33999633789062,145.16000366210938,146.63999938964844,136.01205444335938,654500
2021-07-07,146.47000122070312,147.99000549316406,146.30999755859375,147.8300018310547,137.1157684326172,531000
2021-07-08,145.32000732421875,147.4499969482422,144.85000610351562,146.74000549316406,136.1047821044922,462000
2021-07-09,147.0,149.0500030517578,147.0,148.80999755859375,138.02476501464844,524000
2021-07-12,148.50999450683594,149.89999389648438,148.27000427246094,149.88999938964844,139.02650451660156,393100
2021-07-13,149.88999938964844,149.99000549316406,148.8000030517578,149.08999633789062,138.28445434570312,324600
2021-07-14,149.6300048828125,149.89999389648438,148.50999450683594,149.3699951171875,138.5441436767578,451200
2021-07-15,148.99000549316406,149.72000122070312,148.1699981689453,149.11000061035156,138.30299377441406,405300
2021-07-16,149.11000061035156,149.9199981689453,148.6699981689453,149.38999938964844,138.56272888183594,650300
2021-07-19,148.1999969482422,148.7100067138672,146.61000061035156,147.6300048828125,136.93028259277344,547400
2021-07-20,148.10000610351562,150.1699981689453,146.91000366210938,149.80999755859375,138.95225524902344,550000
2021-07-21,150.30999755859375,152.49000549316406,150.0500030517578,151.97000122070312,140.9557342529297,511400
2021-07-22,152.22000122070312,152.22000122070312,150.4499969482422,151.07000732421875,140.1209716796875,312500
2021-07-23,151.35000610351562,154.6199951171875,151.14999389648438,154.1300048828125,142.95919799804688,435000
2021-07-26,154.10000610351562,154.99000549316406,152.83999633789062,153.2899932861328,142.18002319335938,403000
2021-07-27,153.13999938964844,153.66000366210938,151.0800018310547,152.0399932861328,141.0206298828125,615300
2021-07-28,153.02999877929688,156.8000030517578,151.6199951171875,156.08999633789062,144.77713012695312,1082600
2021-07-29,157.44000244140625,158.35000610351562,156.24000549316406,157.82000732421875,146.38172912597656,660900
2021-07-30,157.27999877929688,158.8000030517578,156.60000610351562,157.1999969482422,145.80665588378906,748400
2021-08-02,156.97999572753906,159.41000366210938,156.97999572753906,157.85000610351562,146.4096221923828,465200
2021-08-03,158.97000122070312,161.05999755859375,157.9199981689453,160.97999572753906,149.31272888183594,636200
2021-08-04,161.19000244140625,163.1999969482422,161.0399932861328,162.27999877929688,150.51849365234375,605100
2021-08-05,163.0,164.05999755859375,162.02000427246094,163.88999938964844,152.01181030273438,530300
2021-08-06,164.3000030517578,166.25,164.22999572753906,165.72999572753906,153.71844482421875,588700
2021-08-09,165.50999450683594,166.1300048828125,163.9600067138672,165.4600067138672,153.46800231933594,583000
2021-08-10,165.89999389648438,166.57000732421875,165.25999450683594,165.66000366210938,153.6535186767578,396600
2021-08-11,166.0,168.3000030517578,165.10000610351562,167.22999572753906,155.10972595214844,576900
2021-08-12,166.99000549316406,167.99000549316406,165.33999633789062,165.9499969482422,153.92250061035156,554200
2021-08-13,166.41000366210938,167.61000061035156,165.91000366210938,167.52000427246094,155.37872314453125,299200
2021-08-16,167.27000427246094,169.1199951171875,166.8000030517578,168.85000610351562,156.61233520507812,462400
2021-08-17,168.72000122070312,168.72000122070312,165.85000610351562,166.97000122070312,154.86856079101562,419900
2021-08-18,166.41000366210938,167.49000549316406,164.5500030517578,164.63999938964844,152.70745849609375,475400
2021-08-19,163.69000244140625,166.8800048828125,162.44000244140625,166.8000030517578,154.71087646484375,504800
2021-08-20,167.13999938964844,171.30999755859375,166.92999267578125,170.42999267578125,158.07781982421875,802100
2021-08-23,170.61000061035156,172.42999267578125,170.42999267578125,171.35000610351562,158.93116760253906,437700
2021-08-24,171.72000122070312,173.57000732421875,170.75,173.42999267578125,160.8603973388672,545300
2021-08-25,173.52999877929688,175.1999969482422,172.3300018310547,172.61000061035156,160.09979248046875,816700
2021-08-26,172.2100067138672,173.13999938964844,170.5,172.9199981689453,160.38735961914062,567900
2021-08-27,173.5,176.25,173.5,175.86000061035156,163.11427307128906,619300
2021-08-30,176.24000549316406,178.5800018310547,175.55999755859375,178.3800048828125,165.45162963867188,506500
2021-08-31,178.6300048828125,178.80999755859375,172.6199951171875,174.42999267578125,161.78790283203125,924100
2021-09-01,174.19000244140625,176.05999755859375,173.00999450683594,175.5,162.78036499023438,610000
2021-09-02,175.6699981689453,176.14999389648438,175.14999389648438,175.67999267578125,162.94729614257812,583700
2021-09-03,175.5800018310547,176.88999938964844,174.61000061035156,176.11000061035156,163.34613037109375,653000
2021-09-07,176.0800018310547,176.60000610351562,173.36000061035156,174.5,161.8528289794922,607700
2021-09-08,173.6699981689453,174.14999389648438,172.75,173.11000061035156,160.56356811523438,630900
2021-09-09,172.4499969482422,174.24000549316406,172.24000549316406,173.11000061035156,160.56356811523438,506400
2021-09-10,174.3000030517578,174.88999938964844,172.49000549316406,172.58999633789062,160.0812530517578,440700
2021-09-13,173.89999389648438,174.30999755859375,170.0500030517578,171.25,158.83837890625,828500
2021-09-14,171.60000610351562,172.11000061035156,169.0500030517578,169.47000122070312,157.80479431152344,606800
2021-09-15,169.6699981689453,169.77000427246094,167.4499969482422,169.1300048828125,157.48818969726562,741000
2021-09-16,168.72999572753906,169.13999938964844,166.77999877929688,168.6199951171875,157.01327514648438,658700
2021-09-17,167.7100067138672,168.97999572753906,165.8699951171875,167.25999450683594,155.74688720703125,1441500
2021-09-20,165.33999633789062,167.2100067138672,164.0,166.97999572753906,155.4861602783203,842600
2021-09-21,168.24000549316406,168.47000122070312,166.17999267578125,166.3000030517578,154.85296630859375,447300
2021-09-22,167.5,169.9199981689453,167.0,169.35000610351562,157.69305419921875,787200
2021-09-23,169.72999572753906,172.82000732421875,169.36000061035156,171.80999755859375,159.98370361328125,670100
2021-09-24,170.75,173.2899932861328,170.10000610351562,172.6199951171875,160.73794555664062,534500
2021-09-27,172.36000061035156,172.36000061035156,162.27999877929688,162.61000061035156,151.41696166992188,1004300
2021-09-28,161.7100067138672,161.75999450683594,157.10000610351562,158.0500030517578,147.17088317871094,1099100
2021-09-29,158.74000549316406,160.72000122070312,157.74000549316406,158.00999450683594,147.1335906982422,644400
2021-09-30,159.0,160.24000549316406,155.22000122070312,155.4600067138672,144.75914001464844,886300
2021-10-01,156.07000732421875,156.2899932861328,152.49000549316406,155.11000061035156,144.4332275390625,549100
2021-10-04,154.9199981689453,155.6300048828125,153.63999938964844,155.25999450683594,144.57290649414062,893600
2021-10-05,156.0,158.0399932861328,153.3300018310547,157.27999877929688,146.45387268066406,734000
2021-10-06,155.94000244140625,157.3699951171875,154.69000244140625,156.2899932861328,145.53201293945312,503400
2021-10-07,157.66000366210938,159.5800018310547,156.0500030517578,156.60000610351562,145.82069396972656,812700
2021-10-08,157.1999969482422,157.1999969482422,154.4600067138672,155.4600067138672,144.75914001464844,447500
2021-10-11,155.0,155.77999877929688,153.2899932861328,153.55999755859375,142.98989868164062,552400
2021-10-12,154.08999633789062,155.22000122070312,153.3300018310547,153.83999633789062,143.25064086914062,361700
2021-10-13,155.1999969482422,155.9499969482422,154.30999755859375,154.77000427246094,144.1166534423828,545600
2021-10-14,156.07000732421875,158.16000366210938,156.07000732421875,157.25,146.42591857910156,543000
2021-10-15,158.8699951171875,158.8699951171875,155.7100067138672,156.1300048828125,145.38302612304688,740500
2021-10-18,155.58999633789062,159.67999267578125,155.58999633789062,159.39999389648438,148.42791748046875,579300
2021-10-19,159.9199981689453,161.0,159.07000732421875,159.52999877929688,148.54898071289062,546500
2021-10-20,159.4199981689453,162.72000122070312,159.30999755859375,162.30999755859375,151.13763427734375,707600
2021-10-21,163.0500030517578,164.7100067138672,161.47999572753906,164.0,152.7113037109375,613100
2021-10-22,164.0,165.83999633789062,163.1199951171875,165.14999389648438,153.7821502685547,496100
2021-10-25,165.1199951171875,165.7100067138672,163.8699951171875,164.05999755859375,152.76715087890625,502900
2021-10-26,164.80999755859375,164.80999755859375,159.42999267578125,160.3000030517578,149.2659912109375,975800
2021-10-27,158.58999633789062,158.58999633789062,145.30999755859375,146.2100067138672,136.14584350585938,1802300
2021-10-28,145.8699951171875,147.58999633789062,144.24000549316406,145.0500030517578,135.06570434570312,1258000
2021-10-29,144.50999450683594,145.22999572753906,142.1999969482422,143.60000610351562,133.71551513671875,1237400
2021-11-01,144.47999572753906,144.77000427246094,140.8800048828125,141.3300018310547,131.6017608642578,1033300
2021-11-02,142.00999450683594,145.30999755859375,141.63999938964844,144.25,134.32078552246094,1055700
2021-11-03,144.1699981689453,144.60000610351562,141.72999572753906,143.13999938964844,133.28717041015625,1165300
2021-11-04,143.36000061035156,143.83999633789062,142.10000610351562,142.6999969482422,132.87747192382812,840300
2021-11-05,143.64999389648438,144.11000061035156,140.72000122070312,142.17999267578125,132.39324951171875,905900
2021-11-08,143.0399932861328,146.5800018310547,143.0399932861328,146.4600067138672,136.37864685058594,1105300
2021-11-09,146.10000610351562,148.8699951171875,143.97000122070312,144.94000244140625,134.96327209472656,706700
2021-11-10,144.6300048828125,144.6300048828125,141.92999267578125,143.02999877929688,133.18472290039062,593700
2021-11-11,144.17999267578125,144.58999633789062,141.92999267578125,142.0399932861328,132.26287841796875,591000
2021-11-12,145.16000366210938,145.16000366210938,142.10000610351562,143.0800018310547,133.2313232421875,500400
2021-11-15,143.5,145.49000549316406,142.83999633789062,145.27999877929688,135.27987670898438,610800
2021-11-16,145.57000732421875,147.0399932861328,145.1999969482422,145.91000366210938,135.8665313720703,821500
2021-11-17,146.22000122070312,146.36000061035156,144.0399932861328,144.8300018310547,134.86082458496094,602000
2021-11-18,146.1999969482422,146.57000732421875,143.57000732421875,144.5399932861328,134.59078979492188,881100
2021-11-19,144.8699951171875,145.30999755859375,142.25,142.8000030517578,132.97055053710938,1735000
2021-11-22,142.58999633789062,144.52000427246094,142.39999389648438,142.5,132.69122314453125,1050000
2021-11-23,142.5,143.22000122070312,141.8000030517578,142.77999877929688,132.9519500732422,601900
2021-11-24,141.8699951171875,143.88999938964844,140.83999633789062,143.11000061035156,133.25924682617188,783000
2021-11-26,140.02000427246094,140.4199981689453,138.3000030517578,139.38999938964844,129.79527282714844,580500
2021-11-29,140.5,140.92999267578125,138.1300048828125,139.24000549316406,129.6556396484375,677700
2021-11-30,138.63999938964844,138.63999938964844,132.2899932861328,133.5399932861328,124.34797668457031,2161400
2021-12-01,135.3699951171875,137.89999389648438,132.22999572753906,132.22999572753906,123.12813568115234,1449400
2021-12-02,132.6199951171875,134.6699981689453,132.4199981689453,134.02999877929688,124.80426025390625,1142200
2021-12-03,134.1300048828125,136.0399932861328,133.7100067138672,135.05999755859375,125.76335906982422,1188700
2021-12-06,135.49000549316406,136.0,133.55999755859375,134.0,124.77631378173828,1421400
2021-12-07,136.0,138.7899932861328,134.80999755859375,137.9600067138672,128.4637451171875,415100
2021-12-08,136.61000061035156,139.49000549316406,136.61000061035156,138.97000122070312,129.40420532226562,632100
2021-12-09,139.24000549316406,139.24000549316406,135.25999450683594,135.36000061035156,126.04266357421875,661800
2021-12-10,137.0,137.50999450683594,135.6999969482422,136.11000061035156,126.74108123779297,745200
2021-12-13,135.58999633789062,136.88999938964844,134.5500030517578,134.69000244140625,125.41883087158203,701100
2021-12-14,133.1999969482422,134.6199951171875,133.0,134.1300048828125,125.52176666259766,1138600
2021-12-15,134.69000244140625,135.6199951171875,132.85000610351562,135.42999267578125,126.73831939697266,723200
2021-12-16,135.07000732421875,136.6300048828125,134.02000427246094,134.2899932861328,125.67147064208984,1168400
2021-12-17,133.80999755859375,134.3699951171875,132.13999938964844,132.22999572753906,123.74370574951172,2104600
2021-12-20,130.69000244140625,130.7899932861328,128.02999877929688,129.30999755859375,121.01109313964844,989600
2021-12-21,130.30999755859375,133.02999877929688,130.30999755859375,132.83999633789062,124.31454467773438,739000
2021-12-22,132.10000610351562,134.30999755859375,132.10000610351562,134.10000610351562,125.49369049072266,553500
2021-12-23,134.6300048828125,135.44000244140625,134.3699951171875,134.47999572753906,125.84928894042969,390000
2021-12-27,135.0,136.07000732421875,134.35000610351562,135.94000244140625,127.21559143066406,333600
2021-12-28,136.2100067138672,136.77000427246094,135.08999633789062,135.75999450683594,127.04715728759766,426300
2021-12-29,135.99000549316406,136.69000244140625,135.22999572753906,136.02000427246094,127.29045104980469,669900
2021-12-30,136.77999877929688,137.7899932861328,136.02999877929688,136.7100067138672,127.93617248535156,351100
2021-12-31,136.5500030517578,137.00999450683594,135.42999267578125,136.1699981689453,127.43083190917969,393000
2022-01-03,136.5800018310547,136.9600067138672,132.91000366210938,133.5500030517578,124.97898864746094,812000
2022-01-04,134.55999755859375,135.30999755859375,133.0500030517578,133.57000732421875,124.99771118164062,743200
2022-01-05,136.55999755859375,138.25,133.0500030517578,133.0500030517578,124.51106262207031,1479600
2022-01-06,132.83999633789062,134.00999450683594,131.4600067138672,132.77999877929688,124.2583999633789,821600
2022-01-07,132.5,133.05999755859375,130.8699951171875,130.9499969482422,122.54582977294922,729600
2022-01-10,130.0399932861328,131.08999633789062,128.0399932861328,130.0500030517578,121.70359802246094,960900
2022-01-11,130.27000427246094,132.27999877929688,129.47000122070312,131.77999877929688,123.32256317138672,667400
2022-01-12,131.5399932861328,132.75,131.27000427246094,132.0,123.52843475341797,738900
2022-01-13,132.1999969482422,132.8000030517578,130.89999389648438,132.14999389648438,123.66883850097656,885100
2022-01-14,131.55999755859375,132.66000366210938,130.2100067138672,132.3800048828125,123.88407135009766,1051900
2022-01-18,131.13999938964844,133.60000610351562,130.80999755859375,132.77999877929688,124.2583999633789,1464300
2022-01-19,133.32000732421875,133.7899932861328,131.16000366210938,131.22999572753906,122.80784606933594,1118500
2022-01-20,131.99000549316406,131.99000549316406,123.19999694824219,123.29000091552734,115.37744140625,1941000
2022-01-21,122.70999908447266,124.37999725341797,120.87999725341797,121.44000244140625,113.64617156982422,3342300
2022-01-24,119.0,123.69000244140625,117.97000122070312,123.41000366210938,115.48975372314453,1621100
2022-01-25,121.55999755859375,122.77999877929688,118.19999694824219,121.37000274658203,113.5806655883789,1091600
2022-01-26,122.94000244140625,124.51000213623047,119.63999938964844,120.5199966430664,112.78521728515625,825800
2022-01-27,121.0,122.47000122070312,118.11000061035156,118.86000061035156,111.23175048828125,686200
2022-01-28,119.20999908447266,121.41000366210938,117.70999908447266,121.25,113.4683609008789,881000
2022-01-31,121.5199966430664,124.48999786376953,120.9000015258789,124.41999816894531,116.43492126464844,926300
2022-02-01,124.52999877929688,125.52999877929688,122.61000061035156,125.36000061035156,117.31460571289062,630100
2022-02-02,126.87000274658203,128.3000030517578,125.86000061035156,127.2300033569336,119.06459045410156,1213300
2022-02-03,126.23999786376953,127.83000183105469,125.0199966430664,125.0999984741211,117.07128143310547,773300
2022-02-04,124.20999908447266,126.36000061035156,123.26000213623047,124.76000213623047,116.75310516357422,857700
2022-02-07,124.77999877929688,126.45999908447266,124.68000030517578,125.08999633789062,117.06192016601562,917600
2022-02-08,125.69999694824219,126.66000366210938,124.62000274658203,126.36000061035156,118.25041961669922,571600
2022-02-09,127.5999984741211,128.80999755859375,127.4800033569336,128.6999969482422,120.44024658203125,410500
2022-02-10,126.97000122070312,129.07000732421875,124.05999755859375,124.20999908447266,116.23839569091797,1096700
2022-02-11,124.44000244140625,125.76000213623047,122.66999816894531,123.2300033569336,115.32129669189453,788600
2022-02-14,122.75,123.51000213623047,120.12999725341797,120.76000213623047,113.00981140136719,855100
2022-02-15,121.95999908447266,122.98999786376953,118.7300033569336,119.87999725341797,112.18628692626953,1671700
2022-02-16,116.27999877929688,121.0,114.25,119.58999633789062,111.91490936279297,1618000
2022-02-17,117.55999755859375,118.31999969482422,112.75,113.31999969482422,106.04731750488281,1778400
2022-02-18,112.88999938964844,115.56999969482422,112.04000091552734,114.5199966430664,107.1702880859375,1610500
2022-02-22,114.41999816894531,114.6500015258789,111.2300033569336,111.83000183105469,104.65293884277344,1448900
2022-02-23,112.22000122070312,113.08000183105469,109.61000061035156,109.79000091552734,102.74385833740234,1243500
2022-02-24,106.9000015258789,110.44000244140625,106.66000366210938,110.41000366210938,103.3240737915039,3863600
2022-02-25,110.31999969482422,112.30999755859375,109.8499984741211,111.83000183105469,104.65293884277344,1905500
2022-02-28,110.0,111.26000213623047,109.48999786376953,110.44000244140625,103.35214233398438,2018900
2022-03-01,110.12999725341797,110.7300033569336,109.08000183105469,110.0,102.94036865234375,2111400
2022-03-02,110.02999877929688,115.20999908447266,110.0,113.91000366210938,106.59944915771484,2971300
2022-03-03,113.7300033569336,114.45999908447266,111.5,112.05000305175781,104.85881805419922,1159900
2022-03-04,110.80999755859375,111.0,109.51000213623047,110.56999969482422,103.47380828857422,1052800
2022-03-07,110.0,110.20999908447266,106.73999786376953,108.63999938964844,101.66766357421875,3009800
2022-03-08,108.05000305175781,111.80999755859375,107.77999877929688,109.9800033569336,102.92166137695312,1979600
2022-03-09,111.83000183105469,112.4800033569336,109.98999786376953,110.72000122070312,103.6141586303711,2000100
2022-03-10,109.69000244140625,111.83000183105469,109.04000091552734,111.12999725341797,103.99784851074219,1391100
2022-03-11,111.91999816894531,112.30999755859375,109.80000305175781,109.80000305175781,102.75322723388672,1121400
2022-03-14,108.87000274658203,109.7300033569336,108.20999908447266,109.36000061035156,102.96977996826172,1806800
2022-03-15,109.63999938964844,110.19000244140625,108.08999633789062,109.69000244140625,103.28050231933594,1753200
2022-03-16,110.06999969482422,111.97000122070312,109.80000305175781,111.93000030517578,105.38960266113281,857300
2022-03-17,111.11000061035156,116.81999969482422,111.01000213623047,116.51000213623047,109.70198822021484,2194600
2022-03-18,119.0,120.54000091552734,118.44999694824219,119.61000061035156,112.62084197998047,3346400
2022-03-21,119.52999877929688,120.23999786376953,116.12999725341797,116.69999694824219,109.88087463378906,1244600
2022-03-22,117.83999633789062,119.2699966430664,117.66000366210938,118.54000091552734,111.61336517333984,750700
2022-03-23,117.66000366210938,118.8499984741211,115.37000274658203,115.87000274658203,109.09937286376953,858800
2022-03-24,116.37000274658203,116.88999938964844,114.41999816894531,116.81999969482422,109.99385833740234,983400
2022-03-25,117.05000305175781,117.48999786376953,116.13999938964844,116.56999969482422,109.75847625732422,949700
2022-03-28,116.43000030517578,119.0999984741211,116.16000366210938,118.87000274658203,111.924072265625,709600
2022-03-29,120.69000244140625,121.73999786376953,120.16999816894531,121.38999938964844,114.29682922363281,762100
2022-03-30,121.0,121.68000030517578,119.68000030517578,120.29000091552734,113.2611083984375,778400
2022-03-31,119.87999725341797,120.9800033569336,118.51000213623047,118.61000061035156,111.67927551269531,1024400
2022-04-01,119.5,120.02999877929688,115.5,116.11000061035156,109.32535552978516,1001600
2022-04-04,116.81999969482422,119.20999908447266,116.73999786376953,118.75,111.81108856201172,707500
2022-04-05,118.58000183105469,118.66999816894531,116.63999938964844,117.04000091552734,110.20100402832031,684500
2022-04-06,115.69999694824219,115.97000122070312,113.37000274658203,114.27999877929688,107.60227966308594,965400
2022-04-07,113.05000305175781,115.87000274658203,113.0199966430664,115.3499984741211,108.60975646972656,963000
2022-04-08,115.19000244140625,115.66999816894531,113.43000030517578,114.23999786376953,107.56462097167969,875800
2022-04-11,114.0,114.31999969482422,111.45999908447266,111.73999786376953,105.21070098876953,777100
2022-04-12,113.12999725341797,114.83000183105469,111.13999938964844,111.81999969482422,105.2860336303711,764200
2022-04-13,111.75,113.25,111.44000244140625,113.06999969482422,106.46297454833984,544600
2022-04-14,113.43000030517578,113.79000091552734,111.2699966430664,111.30999755859375,104.80583953857422,539000
2022-04-18,110.58999633789062,111.44999694824219,109.88999938964844,110.56999969482422,104.10906982421875,603400
2022-04-19,111.0,113.25,111.0,113.19999694824219,106.58539581298828,607200
2022-04-20,114.33000183105469,115.33999633789062,113.19999694824219,114.68000030517578,107.9789047241211,555400
2022-04-21,116.11000061035156,117.19999694824219,112.91000366210938,113.2300033569336,106.61365509033203,565400
2022-04-22,112.5999984741211,113.2300033569336,110.0,110.5,104.04316711425781,826100
2022-04-25,110.13999938964844,112.95999908447266,109.41000366210938,112.80999755859375,106.21818542480469,953600
2022-04-26,112.55999755859375,112.55999755859375,109.98999786376953,110.0,103.57238006591797,1471700
2022-04-27,109.0,110.12999725341797,107.52999877929688,109.5,103.10160064697266,2377000
2022-04-28,109.2699966430664,112.26000213623047,109.01000213623047,110.63999938964844,104.17499542236328,1285500
2022-04-29,109.77999877929688,112.33999633789062,109.61000061035156,109.73999786376953,103.32756805419922,1388100
2022-05-02,109.9000015258789,112.11000061035156,109.61000061035156,111.80999755859375,105.27661895751953,1231800
2022-05-03,111.19000244140625,112.63999938964844,110.93000030517578,111.79000091552734,105.25777435302734,779900
2022-05-04,111.5,114.38999938964844,110.0,114.19999694824219,107.52696228027344,731800
2022-05-05,112.41000366210938,112.81999969482422,107.55999755859375,108.75,102.39542388916016,750100
2022-05-06,107.45999908447266,108.16999816894531,104.70999908447266,106.02999877929688,99.8343505859375,709500
2022-05-09,104.18000030517578,105.5,102.33000183105469,102.69999694824219,96.69893646240234,700300
2022-05-10,104.3499984741211,104.9800033569336,99.83000183105469,101.23999786376953,95.3242416381836,832600
2022-05-11,100.72000122070312,102.8499984741211,97.62000274658203,97.94999694824219,92.22650146484375,870300
2022-05-12,97.5999984741211,100.29000091552734,97.36000061035156,99.47000122070312,93.65767669677734,759200
2022-05-13,100.43000030517578,102.38999938964844,100.23999786376953,101.36000061035156,95.43724060058594,571000
2022-05-16,100.5199966430664,101.98999786376953,99.75,101.2699966430664,95.35249328613281,668800
2022-05-17,103.2300033569336,104.95999908447266,102.26000213623047,104.55000305175781,98.44084930419922,793200
2022-05-18,103.08000183105469,103.4000015258789,100.44000244140625,101.19999694824219,95.28658294677734,1053400
2022-05-19,100.88999938964844,101.98999786376953,100.25,100.77999877929688,94.89112854003906,964500
2022-05-20,102.12000274658203,102.41000366210938,97.41999816894531,100.6500015258789,94.76873779296875,1250500
2022-05-23,101.80000305175781,101.87000274658203,100.01000213623047,101.37000274658203,95.4466552734375,579400
2022-05-24,100.58000183105469,101.13999938964844,96.79000091552734,98.94000244140625,93.15863800048828,1164500
2022-05-25,98.47000122070312,100.12999725341797,98.47000122070312,99.33999633789062,93.53526306152344,896300
2022-05-26,100.18000030517578,103.0199966430664,100.18000030517578,102.48999786376953,96.50121307373047,566000
2022-05-27,103.4000015258789,105.58999633789062,103.0199966430664,105.54000091552734,99.37298583984375,557100
2022-05-31,105.13999938964844,106.05000305175781,103.80000305175781,105.62000274658203,99.44832611083984,1837900
2022-06-01,106.94000244140625,107.12000274658203,102.73999786376953,103.51000213623047,97.46161651611328,738200
2022-06-02,103.5,107.12000274658203,103.30000305175781,106.98999786376953,100.7382583618164,592600
2022-06-03,106.01000213623047,106.33000183105469,104.43000030517578,104.80999755859375,98.68563842773438,418800
2022-06-06,105.25,105.91000366210938,104.08999633789062,104.61000061035156,98.4973373413086,570600
2022-06-07,103.37000274658203,105.87999725341797,103.16999816894531,105.79000091552734,99.6083755493164,503700
2022-06-08,105.04000091552734,105.26000213623047,103.2699966430664,103.55999755859375,97.50868225097656,592300
2022-06-09,102.8499984741211,104.16000366210938,101.87000274658203,101.87999725341797,95.9268569946289,674900
2022-06-10,100.76000213623047,100.8499984741211,99.1500015258789,99.93000030517578,94.09080505371094,581100
2022-06-13,97.08000183105469,98.5,96.26000213623047,97.52999877929688,91.83104705810547,925100
2022-06-14,97.69999694824219,98.38999938964844,96.36000061035156,96.72000122070312,91.06835174560547,905900
2022-06-15,96.93000030517578,98.37000274658203,95.20999908447266,96.9800033569336,91.31317901611328,874700
2022-06-16,94.44000244140625,95.43000030517578,92.52999877929688,92.77999877929688,88.02116394042969,1189600
2022-06-17,93.56999969482422,94.41999816894531,92.62999725341797,93.47000122070312,88.67576599121094,1803500
2022-06-21,94.83999633789062,96.1500015258789,94.3499984741211,95.6500015258789,90.74394226074219,944600
2022-06-22,94.6500015258789,97.22000122070312,94.6500015258789,96.4800033569336,91.5313720703125,1072400
2022-06-23,96.76000213623047,98.94000244140625,96.54000091552734,98.87999725341797,93.80826568603516,863800
2022-06-24,99.0999984741211,100.18000030517578,98.5,100.12999725341797,94.99415588378906,1450700
2022-06-27,100.0199966430664,101.44999694824219,99.22000122070312,100.1500015258789,95.01315307617188,796700
2022-06-28,100.98999786376953,101.8499984741211,98.05999755859375,98.18000030517578,93.14418029785156,711700
2022-06-29,98.2300033569336,99.33000183105469,97.19000244140625,99.02999877929688,93.9505844116211,726100
2022-06-30,97.73999786376953,99.13999938964844,96.94000244140625,98.25,93.21058654785156,739300
2022-07-01,98.25,98.91000366210938,96.25,98.48999786376953,93.43827819824219,749800
2022-07-05,97.06999969482422,100.0199966430664,96.04000091552734,99.94999694824219,94.82339477539062,916100
2022-07-06,100.93000030517578,101.25,99.5199966430664,100.61000061035156,95.44955444335938,655200
2022-07-07,101.0,104.41999816894531,100.52999877929688,104.0199966430664,98.68464660644531,823500
2022-07-08,102.72000122070312,103.80000305175781,101.81999969482422,102.9800033569336,97.69798278808594,1233600
2022-07-11,102.62999725341797,103.02999877929688,100.30000305175781,100.5999984741211,95.44005584716797,710100
2022-07-12,100.86000061035156,102.9800033569336,100.13999938964844,101.75,96.53108978271484,870000
2022-07-13,100.33000183105469,101.36000061035156,98.7699966430664,100.19999694824219,95.0605697631836,998500
2022-07-14,98.91999816894531,99.37000274658203,96.41999816894531,97.95999908447266,92.93546295166016,1092400
2022-07-15,99.69000244140625,100.97000122070312,98.44999694824219,99.9000015258789,94.77596282958984,5253500
2022-07-18,100.4800033569336,101.11000061035156,99.37000274658203,99.7699966430664,94.65261840820312,1211700
2022-07-19,101.93000030517578,103.44000244140625,101.33000183105469,103.23999786376953,97.94464874267578,895000
2022-07-20,103.69000244140625,106.87999725341797,103.55999755859375,106.22000122070312,100.77179718017578,1111200
2022-07-21,106.52999877929688,107.88999938964844,106.0,107.88999938964844,102.35614013671875,796500
2022-07-22,108.31999969482422,108.31999969482422,104.62999725341797,104.94999694824219,99.56694030761719,902400
2022-07-25,104.79000091552734,104.79000091552734,102.94999694824219,104.08000183105469,98.74156951904297,642100
2022-07-26,103.06999969482422,103.4000015258789,101.81999969482422,102.5,97.24259948730469,1242600
2022-07-27,93.18000030517578,95.30999755859375,92.30999755859375,93.55999755859375,88.76115417480469,3358300
2022-07-28,93.66000366210938,98.0999984741211,93.66000366210938,98.04000091552734,93.01136016845703,1722400
2022-07-29,98.62000274658203,99.73999786376953,96.95999908447266,97.62000274658203,92.61290740966797,1190500
2022-08-01,96.69000244140625,98.80000305175781,96.44999694824219,98.2699966430664,93.22956848144531,826900
2022-08-02,98.25,98.8499984741211,96.43000030517578,96.4800033569336,91.5313720703125,1042700
2022-08-03,96.9000015258789,98.20999908447266,96.5,97.81999969482422,92.80264282226562,831300
2022-08-04,97.9800033569336,98.36000061035156,97.16999816894531,97.80999755859375,92.79315185546875,548400
2022-08-05,96.75,97.8499984741211,95.87000274658203,97.5999984741211,92.59391784667969,579500
2022-08-08,98.30999755859375,100.41000366210938,97.94999694824219,98.55000305175781,93.49520874023438,838100
2022-08-09,97.66000366210938,97.87999725341797,95.0199966430664,95.12000274658203,90.24112701416016,1022700
2022-08-10,97.19000244140625,98.87999725341797,96.58999633789062,98.31999969482422,93.2770004272461,1117000
2022-08-11,98.58999633789062,100.26000213623047,98.16999816894531,98.66999816894531,93.60903930664062,1535900
2022-08-12,99.66000366210938,100.36000061035156,99.12000274658203,100.06999969482422,94.93724060058594,705900
2022-08-15,99.5199966430664,100.0199966430664,98.5199966430664,99.52999877929688,94.4249496459961,744500
2022-08-16,98.79000091552734,100.36000061035156,98.79000091552734,99.58999633789062,94.48187255859375,486300
2022-08-17,98.38999938964844,99.41000366210938,97.37999725341797,98.66999816894531,93.60903930664062,641800
2022-08-18,98.55999755859375,99.33000183105469,98.5,99.08999633789062,94.00749969482422,431800
2022-08-19,98.66999816894531,98.66999816894531,96.20999908447266,97.12999725341797,92.14804077148438,1078400
2022-08-22,95.7300033569336,95.87999725341797,94.16000366210938,94.30000305175781,89.46320343017578,1139800
2022-08-23,94.26000213623047,94.94999694824219,93.61000061035156,93.83000183105469,89.0173110961914,720300
2022-08-24,93.91000366210938,94.37000274658203,93.19999694824219,93.9000015258789,89.08372497558594,668400
2022-08-25,94.33000183105469,95.1500015258789,93.62999725341797,95.13999938964844,90.26011657714844,584600
2022-08-26,95.81999969482422,95.81999969482422,91.4000015258789,91.44999694824219,86.7593765258789,641900
2022-08-29,90.58000183105469,91.66999816894531,90.19000244140625,90.56999969482422,85.92450714111328,558000
2022-08-30,91.29000091552734,91.37000274658203,89.01000213623047,89.5,84.90940856933594,873000
2022-08-31,89.51000213623047,90.29000091552734,88.33000183105469,88.48999786376953,83.9511947631836,1304200
2022-09-01,88.2699966430664,89.58999633789062,87.62999725341797,89.4000015258789,84.81452941894531,861900
2022-09-02,90.0,90.4000015258789,87.97000122070312,88.51000213623047,83.97016906738281,639500
2022-09-06,88.70999908447266,88.70999908447266,86.7300033569336,87.79000091552734,83.28711700439453,1022600
2022-09-07,87.77999877929688,90.77999877929688,87.77999877929688,90.7300033569336,86.07630920410156,1320100
2022-09-08,90.0,91.18000030517578,89.0,89.91999816894531,85.30784606933594,1237400
2022-09-09,90.30000305175781,91.27999877929688,90.02999877929688,90.83999633789062,86.18065643310547,839100
2022-09-12,91.55000305175781,93.6500015258789,91.3499984741211,92.94000244140625,88.17294311523438,1014600
2022-09-13,90.18000030517578,90.88999938964844,88.4800033569336,88.80000305175781,84.24530029296875,1284400
2022-09-14,88.16999816894531,88.95999908447266,87.52999877929688,88.3499984741211,84.51313018798828,928300
2022-09-15,88.18000030517578,89.26000213623047,86.7699966430664,86.94999694824219,83.17393493652344,1172500
2022-09-16,86.26000213623047,86.55000305175781,85.58999633789062,85.7300033569336,82.0069351196289,2743700
2022-09-19,85.27999877929688,87.36000061035156,85.23999786376953,87.33999633789062,83.5469970703125,974900
2022-09-20,86.29000091552734,86.44000244140625,84.44000244140625,85.45999908447266,81.74864959716797,1301200
2022-09-21,85.70999908447266,87.29000091552734,84.37000274658203,84.38999938964844,80.72511291503906,1028300
2022-09-22,83.94000244140625,83.98999786376953,82.69999694824219,82.94000244140625,79.33808898925781,747100
2022-09-23,82.2300033569336,82.80999755859375,81.26000213623047,82.7699966430664,79.17545318603516,1210900
2022-09-26,82.52999877929688,83.7699966430664,82.19999694824219,82.33000183105469,78.75457763671875,1012600
2022-09-27,83.47000122070312,83.62000274658203,81.0,81.68000030517578,78.13280487060547,898100
2022-09-28,82.20999908447266,84.44000244140625,82.08999633789062,83.9000015258789,80.25638580322266,1484000
2022-09-29,82.9000015258789,82.9000015258789,81.45999908447266,81.7699966430664,78.21890258789062,799100
2022-09-30,81.58999633789062,82.66000366210938,80.22000122070312,80.30999755859375,76.82229614257812,957200
2022-10-03,80.94999694824219,82.97000122070312,80.4000015258789,82.37000274658203,78.7928466796875,1192200
2022-10-04,83.58000183105469,84.3499984741211,82.76000213623047,83.5,79.87376403808594,1202400
2022-10-05,82.2300033569336,83.76000213623047,82.02999877929688,83.1500015258789,79.53897094726562,705600
2022-10-06,83.0,83.83000183105469,82.31999969482422,82.47000122070312,78.88850402832031,930200
2022-10-07,81.30999755859375,81.43000030517578,79.62000274658203,79.69999694824219,76.2387924194336,1078400
2022-10-10,79.9000015258789,80.20999908447266,78.55999755859375,79.58000183105469,76.1240005493164,904600
2022-10-11,79.31999969482422,79.69000244140625,78.11000061035156,78.5,75.09091186523438,925800
2022-10-12,78.62999725341797,79.0,78.02999877929688,78.47000122070312,75.06221008300781,680100
2022-10-13,77.20999908447266,81.01000213623047,76.37000274658203,80.43000030517578,76.93708801269531,1185700
2022-10-14,81.20999908447266,81.63999938964844,79.33000183105469,79.44000244140625,75.99009704589844,889300
2022-10-17,80.95999908447266,82.33000183105469,80.58000183105469,81.77999877929688,78.22846984863281,1008800
2022-10-18,82.80999755859375,83.9000015258789,82.19999694824219,82.91999816894531,79.31895446777344,901100
2022-10-19,81.97000122070312,82.19999694824219,80.41999816894531,81.19999694824219,77.67364501953125,847000
2022-10-20,81.2699966430664,82.06999969482422,80.58000183105469,80.86000061035156,77.34841918945312,1203000
2022-10-21,80.58000183105469,83.04000091552734,80.04000091552734,82.7699966430664,79.17545318603516,3346100
2022-10-24,83.56999969482422,83.56999969482422,81.75,82.66000366210938,79.07024383544922,1331300
2022-10-25,82.83999633789062,84.94999694824219,82.51000213623047,84.88999938964844,81.2033920288086,1592300
2022-10-26,86.37999725341797,87.13999938964844,84.05999755859375,84.91999816894531,81.23208618164062,1712400
2022-10-27,85.33000183105469,87.0,85.1500015258789,85.94000244140625,82.20780181884766,997200
2022-10-28,85.76000213623047,88.62000274658203,85.51000213623047,88.48999786376953,84.64705657958984,976800
2022-10-31,87.75,88.43000030517578,87.37000274658203,88.04000091552734,84.21659851074219,885700
2022-11-01,89.16999816894531,89.16999816894531,87.37000274658203,87.56999969482422,83.76702117919922,795400
2022-11-02,87.08999633789062,87.86000061035156,84.51000213623047,84.52999877929688,80.85903930664062,910700
2022-11-03,83.62999725341797,84.41999816894531,82.56999969482422,84.0199966430664,80.37117767333984,652700
2022-11-04,85.02999877929688,86.5999984741211,84.26000213623047,86.52999877929688,82.77217864990234,742900
2022-11-07,87.01000213623047,87.06999969482422,85.4800033569336,86.58000183105469,82.82000732421875,628200
2022-11-08,86.94000244140625,88.33000183105469,85.87000274658203,86.83000183105469,83.05915832519531,815100
2022-11-09,86.30999755859375,86.87000274658203,85.5199966430664,85.58000183105469,81.86344146728516,511900
2022-11-10,89.0999984741211,91.51000213623047,88.9000015258789,91.30999755859375,87.34458923339844,1000300
2022-11-11,91.63999938964844,94.62999725341797,91.08999633789062,93.76000213623047,89.68820190429688,928300
2022-11-14,92.9000015258789,93.18000030517578,91.2300033569336,91.27999877929688,87.31588745117188,795300
2022-11-15,92.41000366210938,92.98999786376953,91.3499984741211,92.52999877929688,88.51160430908203,747000
2022-11-16,91.58999633789062,91.83000183105469,90.0,90.3499984741211,86.42628479003906,1170200
2022-11-17,89.0,90.80999755859375,88.4000015258789,90.79000091552734,86.84717559814453,679600
2022-11-18,91.93000030517578,92.22000122070312,90.72000122070312,91.02999877929688,87.07675170898438,854000
2022-11-21,90.37000274658203,91.30999755859375,89.95999908447266,90.44999694824219,86.52193450927734,864400
2022-11-22,90.9800033569336,91.02999877929688,89.83000183105469,90.4800033569336,86.55065155029297,622700
2022-11-23,90.11000061035156,91.30000305175781,90.05999755859375,90.6500015258789,86.7132568359375,640200
2022-11-25,91.05999755859375,91.52999877929688,90.91999816894531,91.08000183105469,87.12458801269531,261900
2022-11-28,90.5,90.95999908447266,89.2300033569336,89.66999816894531,85.77580261230469,621700
2022-11-29,89.41999816894531,90.37999725341797,89.0,89.80999755859375,85.90973663330078,738900
2022-11-30,89.91999816894531,92.98999786376953,89.27999877929688,92.98999786376953,88.9516372680664,2178800
2022-12-01,93.54000091552734,94.7300033569336,93.0999984741211,94.36000061035156,90.26214599609375,1484500
2022-12-02,93.12999725341797,94.44999694824219,93.12999725341797,94.31999969482422,90.223876953125,644200
2022-12-05,93.69999694824219,94.80000305175781,93.36000061035156,93.9000015258789,89.82211303710938,815800
2022-12-06,93.88999938964844,94.55000305175781,93.12000274658203,94.5,90.39605712890625,1490600
2022-12-07,94.20999908447266,94.88999938964844,93.68000030517578,94.33999633789062,90.24299621582031,1019600
2022-12-08,94.41999816894531,95.72000122070312,94.19000244140625,95.61000061035156,91.45784759521484,725100
2022-12-09,95.30000305175781,96.08000183105469,95.0,95.02999877929688,90.90304565429688,797900
2022-12-12,95.02999877929688,96.37000274658203,94.4800033569336,96.36000061035156,92.17529296875,760500
2022-12-13,99.08999633789062,99.33000183105469,95.94000244140625,96.86000061035156,92.653564453125,962300
2022-12-14,96.02999877929688,97.3499984741211,94.83999633789062,95.79000091552734,92.32586669921875,876500
2022-12-15,94.6500015258789,94.66000366210938,92.54000091552734,92.72000122070312,89.36688995361328,854600
2022-12-16,91.6500015258789,92.19000244140625,90.9000015258789,91.19000244140625,87.89221954345703,1963300
2022-12-19,90.69999694824219,91.16000366210938,89.77999877929688,90.30000305175781,87.03440856933594,700100
2022-12-20,89.93000030517578,90.48999786376953,89.43000030517578,90.37000274658203,87.10187530517578,785900
2022-12-21,91.2699966430664,92.44000244140625,90.94000244140625,92.05999755859375,88.73075103759766,713200
2022-12-22,91.4000015258789,91.6500015258789,89.25,91.0199966430664,87.72836303710938,688000
2022-12-23,90.98999786376953,91.43000030517578,90.01000213623047,91.26000213623047,87.95968627929688,477100
2022-12-27,90.72000122070312,92.0199966430664,90.4000015258789,91.77999877929688,88.46087646484375,479500
2022-12-28,91.73999786376953,92.36000061035156,90.12000274658203,90.25,86.9862060546875,543000
2022-12-29,91.13999938964844,93.08000183105469,90.83000183105469,92.83999633789062,89.4825439453125,501500
2022-12-30,91.76000213623047,92.61000061035156,91.33999633789062,92.29000091552734,88.95244598388672,752800
2023-01-03,93.0,94.12000274658203,92.5,93.56999969482422,90.18614959716797,976200
2023-01-04,94.66999816894531,96.4800033569336,94.22000122070312,95.54000091552734,92.08489990234375,930500
2023-01-05,94.88999938964844,95.9800033569336,94.13999938964844,95.31999969482422,91.87286376953125,829900
2023-01-06,96.36000061035156,98.81999969482422,95.88999938964844,98.12999725341797,94.58123779296875,819400
2023-01-09,99.18000030517578,100.4800033569336,98.05999755859375,98.2300033569336,94.6776351928711,1133300
2023-01-10,98.05999755859375,99.25,97.79000091552734,98.91999816894531,95.3426742553711,776300
2023-01-11,99.37999725341797,100.18000030517578,99.16999816894531,99.93000030517578,96.31614685058594,747500
2023-01-12,100.0,100.0,97.87000274658203,98.1500015258789,94.60052490234375,994900
2023-01-13,97.04000091552734,98.51000213623047,96.88999938964844,98.20999908447266,94.6583480834961,1143900
2023-01-17,97.95999908447266,98.94999694824219,97.69999694824219,97.77999877929688,94.24390411376953,1069400
2023-01-18,98.20999908447266,99.08999633789062,96.55000305175781,96.62999725341797,93.13549041748047,1014000
2023-01-19,95.68000030517578,96.30999755859375,94.70999908447266,95.33999633789062,91.89213562011719,1225500
2023-01-20,95.69000244140625,96.88999938964844,94.79000091552734,96.8499984741211,93.3475341796875,5530700
2023-01-23,96.83999633789062,98.80999755859375,96.2300033569336,98.51000213623047,94.947509765625,1075500
2023-01-24,98.23999786376953,98.52999877929688,96.80000305175781,98.16000366210938,94.61016082763672,1129200
2023-01-25,97.20999908447266,98.94999694824219,96.62999725341797,98.62000274658203,95.05352783203125,763400
2023-01-26,99.16000366210938,99.5,97.7699966430664,98.30999755859375,94.7547378540039,546800
2023-01-27,98.2699966430664,99.1500015258789,97.8499984741211,98.69000244140625,95.1209945678711,753600
2023-01-30,97.83999633789062,98.91999816894531,97.27999877929688,97.36000061035156,93.83909606933594,583600
2023-01-31,97.44000244140625,98.87999725341797,96.9800033569336,98.87999725341797,95.30411529541016,650800
2023-02-01,98.83000183105469,101.45999908447266,98.55999755859375,101.11000061035156,97.4534683227539,910000
2023-02-02,102.37999725341797,104.36000061035156,102.11000061035156,102.9800033569336,99.255859375,1352800
2023-02-03,101.93000030517578,102.41999816894531,100.95999908447266,101.54000091552734,97.867919921875,702100
2023-02-06,100.23999786376953,100.73999786376953,98.19999694824219,98.45999908447266,94.89929962158203,767700
2023-02-07,97.87999725341797,99.0199966430664,96.94999694824219,98.75,95.17882537841797,864300
2023-02-08,97.94000244140625,98.25,96.63999938964844,96.98999786376953,93.48245239257812,660000
2023-02-09,98.75,98.75,95.83999633789062,96.23999786376953,92.75959014892578,1049300
2023-02-10,95.75,96.19999694824219,95.5,95.91000366210938,92.4415283203125,730500
2023-02-13,95.94999694824219,97.76000213623047,95.69999694824219,97.75,94.21498107910156,688800
2023-02-14,97.25,97.95999908447266,96.4000015258789,97.30999755859375,93.7908935546875,575100
2023-02-15,96.45999908447266,98.37999725341797,96.25,98.18000030517578,94.62943267822266,744300
2023-02-16,96.83000183105469,98.0999984741211,96.30000305175781,97.1500015258789,93.63668823242188,566700
2023-02-17,96.5999984741211,97.30999755859375,95.79000091552734,97.01000213623047,93.50173950195312,1213200
2023-02-21,95.9000015258789,96.01000213623047,93.22000122070312,93.95999908447266,90.56204223632812,1618200
2023-02-22,96.88999938964844,98.22000122070312,94.61000061035156,97.80000305175781,94.26318359375,1619500
2023-02-23,98.87999725341797,100.94999694824219,98.7300033569336,100.9000015258789,97.25106811523438,1403800
2023-02-24,99.56999969482422,99.62999725341797,97.63999938964844,98.30000305175781,94.7450942993164,1390800
2023-02-27,99.26000213623047,99.55000305175781,97.88999938964844,98.37999725341797,94.82218933105469,955600
2023-02-28,97.79000091552734,98.79000091552734,97.79000091552734,98.12999725341797,94.58123779296875,950500
2023-03-01,97.7699966430664,98.48999786376953,96.44999694824219,96.75,93.25114440917969,812400
2023-03-02,96.1500015258789,98.36000061035156,96.0,98.16999816894531,94.61978912353516,1258000
2023-03-03,98.83999633789062,99.36000061035156,98.37999725341797,99.26000213623047,95.6703872680664,933300
2023-03-06,99.83000183105469,100.45999908447266,98.16999816894531,98.4000015258789,94.84148406982422,762800
2023-03-07,98.5,99.1500015258789,97.97000122070312,98.27999877929688,94.72581481933594,922600
2023-03-08,98.1500015258789,98.58000183105469,97.70999908447266,98.12999725341797,94.58123779296875,907200
2023-03-09,98.08999633789062,99.12999725341797,96.70999908447266,96.77999877929688,93.28005981445312,1268800
2023-03-10,96.91000366210938,96.91000366210938,94.44999694824219,95.04000091552734,91.60298919677734,725300
2023-03-13,93.86000061035156,96.80000305175781,93.5199966430664,95.93000030517578,92.46080017089844,1210600
2023-03-14,96.94999694824219,97.16999816894531,95.41000366210938,97.02999877929688,94.23814392089844,808700
2023-03-15,95.7699966430664,96.6500015258789,94.5,95.88999938964844,93.13095092773438,776000
2023-03-16,95.33000183105469,97.79000091552734,95.08999633789062,97.30999755859375,94.51008605957031,868100
2023-03-17,97.80000305175781,97.80000305175781,95.55000305175781,96.0199966430664,93.2572021484375,1551500
2023-03-20,96.29000091552734,97.69000244140625,96.29000091552734,96.81999969482422,94.03419494628906,557000
2023-03-21,97.62000274658203,98.12000274658203,96.58000183105469,97.36000061035156,94.55864715576172,413100
2023-03-22,96.9000015258789,97.7699966430664,95.2699966430664,95.30000305175781,92.55792999267578,649100
2023-03-23,96.3499984741211,96.83999633789062,94.45999908447266,95.08999633789062,92.35396575927734,750000
2023-03-24,94.79000091552734,96.08999633789062,94.33000183105469,95.91999816894531,93.16008758544922,659800
2023-03-27,96.44000244140625,97.05999755859375,96.0199966430664,96.4000015258789,93.62628173828125,999500
2023-03-28,96.44000244140625,96.91999816894531,96.2300033569336,96.73999786376953,93.95648956298828,603900
2023-03-29,97.91999816894531,98.5,97.45999908447266,98.44999694824219,95.61727905273438,617100
2023-03-30,99.26000213623047,99.31999969482422,98.5199966430664,98.81999969482422,95.97664642333984,549800
2023-03-31,99.48999786376953,101.29000091552734,99.38999938964844,100.91999816894531,98.01622009277344,912300
2023-04-03,100.87999725341797,101.41000366210938,100.25,100.72000122070312,97.82197570800781,992400
2023-04-04,100.48999786376953,100.86000061035156,99.5999984741211,100.08000183105469,97.20039367675781,646100
2023-04-05,99.75,99.8499984741211,97.87000274658203,98.19999694824219,95.37448120117188,642400
2023-04-06,97.97000122070312,98.45999908447266,97.45999908447266,98.05000305175781,95.22881317138672,562300
2023-04-10,97.52999877929688,98.2699966430664,97.1500015258789,98.26000213623047,95.4327621459961,671800
2023-04-11,98.81999969482422,99.31999969482422,98.30999755859375,98.58999633789062,95.75325775146484,744900
2023-04-12,99.56999969482422,99.83000183105469,98.0199966430664,98.27999877929688,95.45218658447266,785200
2023-04-13,98.91000366210938,99.69000244140625,98.76000213623047,99.44999694824219,96.58851623535156,898000
2023-04-14,99.3499984741211,100.62999725341797,98.4800033569336,98.86000061035156,96.01548767089844,656800
2023-04-17,99.19000244140625,99.58999633789062,98.41000366210938,99.52999877929688,96.66622161865234,928000
2023-04-18,100.08000183105469,100.37000274658203,98.87000274658203,99.44000244140625,96.57880401611328,825600
2023-04-19,98.97000122070312,99.05000305175781,98.01000213623047,98.1500015258789,95.32592010498047,648400
2023-04-20,97.69999694824219,98.37999725341797,97.66999816894531,98.19000244140625,95.3647689819336,740700
2023-04-21,98.58000183105469,98.69999694824219,97.45999908447266,97.7300033569336,94.91800689697266,891700
2023-04-24,97.93000030517578,98.11000061035156,97.02999877929688,97.69999694824219,94.88886260986328,514300
2023-04-25,97.13999938964844,97.69000244140625,95.95999908447266,96.08000183105469,93.31548309326172,582800
2023-04-26,95.88999938964844,96.0999984741211,94.88999938964844,95.19999694824219,92.46080017089844,606900
2023-04-27,95.76000213623047,97.12999725341797,95.4000015258789,96.94000244140625,94.15074157714844,748700
2023-04-28,96.81999969482422,98.2300033569336,96.79000091552734,98.16999816894531,95.34534454345703,585700
2023-05-01,98.0,99.12000274658203,98.0,98.31999969482422,95.49102783203125,915200
2023-05-02,97.93000030517578,98.08000183105469,95.79000091552734,97.16999816894531,94.37411499023438,1028400
2023-05-03,96.04000091552734,100.70999908447266,96.04000091552734,100.08000183105469,97.20039367675781,1532300
2023-05-04,100.23999786376953,102.5,99.55999755859375,101.58000183105469,98.65723419189453,1001800
2023-05-05,102.55999755859375,104.23999786376953,102.33000183105469,103.77999877929688,100.7939224243164,888500
2023-05-08,103.94999694824219,104.0,103.08000183105469,103.55999755859375,100.58025360107422,512400
2023-05-09,102.94999694824219,104.5199966430664,102.8499984741211,103.95999908447266,100.96875,594400
2023-05-10,105.0,105.0,102.41999816894531,103.83000183105469,100.84249114990234,673100
2023-05-11,103.87999725341797,103.87999725341797,102.23999786376953,103.55999755859375,100.58025360107422,688600
2023-05-12,103.9800033569336,104.4000015258789,103.04000091552734,103.7699966430664,100.78421783447266,440700
2023-05-15,103.77999877929688,104.5999984741211,103.5999984741211,103.81999969482422,100.83277893066406,582800
2023-05-16,103.01000213623047,103.43000030517578,102.12999725341797,102.68000030517578,99.72557830810547,674100
2023-05-17,103.11000061035156,103.2300033569336,102.33999633789062,102.94999694824219,99.98780822753906,620800
2023-05-18,103.0,104.4000015258789,102.70999908447266,104.26000213623047,101.26012420654297,563800
2023-05-19,104.30000305175781,104.83000183105469,103.76000213623047,104.0,101.0075912475586,505000
2023-05-22,103.9000015258789,105.6500015258789,103.9000015258789,104.81999969482422,101.80400085449219,599200
2023-05-23,104.02999877929688,105.45999908447266,103.79000091552734,104.05000305175781,101.05615997314453,736700
2023-05-24,103.44000244140625,103.6500015258789,102.54000091552734,102.70999908447266,99.75470733642578,730000
2023-05-25,103.19999694824219,104.05999755859375,103.0,103.63999938964844,100.65795135498047,507900
2023-05-26,103.93000030517578,104.63999938964844,103.63999938964844,103.83000183105469,100.84249114990234,689600
2023-05-30,104.44000244140625,105.66999816894531,104.30999755859375,105.5,102.46443176269531,924800
2023-05-31,105.13999938964844,106.05999755859375,103.0199966430664,103.1500015258789,100.18205261230469,1969000
2023-06-01,103.19000244140625,104.06999969482422,102.36000061035156,103.87000274658203,100.88134002685547,784800
2023-06-02,105.22000122070312,107.2699966430664,105.0199966430664,106.47000122070312,103.40653228759766,906600
2023-06-05,106.19999694824219,106.44999694824219,105.0,105.52999877929688,102.49356842041016,539800
2023-06-06,105.97000122070312,106.47000122070312,105.33999633789062,105.43000030517578,102.39645385742188,548100
2023-06-07,105.18000030517578,106.31999969482422,104.76000213623047,105.94000244140625,102.89177703857422,680000
2023-06-08,105.68000030517578,105.7699966430664,104.86000061035156,105.63999938964844,102.60041046142578,651000
2023-06-09,105.83999633789062,105.9800033569336,104.68000030517578,105.33999633789062,102.30903625488281,393900
2023-06-12,105.11000061035156,106.55999755859375,104.83999633789062,106.36000061035156,103.29969787597656,704600
2023-06-13,106.41999816894531,107.6500015258789,105.9000015258789,107.56999969482422,104.4748764038086,647900
2023-06-14,107.73999786376953,108.06999969482422,105.68000030517578,106.55000305175781,103.4842300415039,685800
2023-06-15,105.86000061035156,106.97000122070312,105.61000061035156,106.1500015258789,103.09574127197266,797100
2023-06-16,106.27999877929688,106.56999969482422,105.58999633789062,106.0,103.66294860839844,1381400
2023-06-20,105.18000030517578,105.7699966430664,104.5999984741211,105.41999816894531,103.09574127197266,565200
2023-06-21,104.77999877929688,105.19000244140625,104.0199966430664,104.58999633789062,102.28402709960938,744500
2023-06-22,104.58999633789062,104.5999984741211,103.16000366210938,103.4000015258789,101.12027740478516,511100
2023-06-23,102.23999786376953,102.66000366210938,100.94000244140625,101.55999755859375,99.32084655761719,1103600
2023-06-26,101.56999969482422,102.69999694824219,101.56999969482422,102.4800033569336,100.2205581665039,540000
2023-06-27,102.37000274658203,103.66000366210938,102.2300033569336,103.5,101.21807861328125,492100
2023-06-28,103.05999755859375,103.45999908447266,102.0,102.37999725341797,100.12275695800781,619800
2023-06-29,102.0,103.94000244140625,101.7300033569336,103.5999984741211,101.31586456298828,767900
2023-06-30,103.76000213623047,104.66999816894531,103.55000305175781,104.29000091552734,101.99066162109375,909100
2023-07-03,104.30000305175781,104.37999725341797,103.62999725341797,103.75,101.46255493164062,431400
2023-07-05,103.18000030517578,105.3499984741211,102.6500015258789,105.25,102.92948913574219,1217100
2023-07-06,104.2300033569336,107.66999816894531,104.01000213623047,107.41000366210938,105.0418701171875,1320100
2023-07-07,107.4000015258789,107.88999938964844,104.68000030517578,105.02999877929688,102.71434020996094,1342400
2023-07-10,105.45999908447266,107.27999877929688,105.20999908447266,106.08999633789062,103.75096893310547,985100
2023-07-11,106.5,107.19000244140625,105.8499984741211,107.11000061035156,104.74848175048828,990400
2023-07-12,108.02999877929688,108.2300033569336,106.48999786376953,106.68000030517578,104.32796478271484,854700
2023-07-13,106.83000183105469,107.80999755859375,106.76000213623047,107.58000183105469,105.2081069946289,709200
2023-07-14,107.33000183105469,107.33000183105469,105.08000183105469,106.69000244140625,104.33773803710938,614000
2023-07-17,106.2300033569336,106.8499984741211,105.81999969482422,106.4000015258789,104.05413818359375,492900
2023-07-18,106.63999938964844,107.91999816894531,106.30000305175781,107.44999694824219,105.08097839355469,743800
2023-07-19,107.27999877929688,107.70999908447266,106.44999694824219,107.68000030517578,105.305908203125,662900
2023-07-20,107.13999938964844,107.83999633789062,106.19000244140625,106.62000274658203,104.26927947998047,988000
2023-07-21,107.22000122070312,107.5199966430664,105.87999725341797,105.97000122070312,103.63361358642578,1006900
2023-07-24,105.7699966430664,106.87000274658203,105.6500015258789,105.87000274658203,103.53582000732422,572700
2023-07-25,105.76000213623047,106.66000366210938,105.69999694824219,106.48999786376953,104.14214324951172,605300
2023-07-26,106.33999633789062,106.54000091552734,105.20999908447266,105.62000274658203,103.29133605957031,753700
2023-07-27,106.26000213623047,106.26000213623047,105.0999984741211,105.18000030517578,102.86103057861328,728700
2023-07-28,105.91000366210938,105.94000244140625,104.6500015258789,104.69000244140625,102.38182830810547,1017400
2023-07-31,105.0,105.94000244140625,104.44000244140625,105.88999938964844,103.55538177490234,980500
2023-08-01,105.45999908447266,106.54000091552734,105.2699966430664,106.3499984741211,104.00524139404297,1434600
2023-08-02,105.52999877929688,108.4800033569336,103.8499984741211,107.7300033569336,105.35480499267578,1625700
2023-08-03,106.97000122070312,108.55999755859375,106.27999877929688,106.31999969482422,103.97589874267578,1181300
2023-08-04,106.18000030517578,107.62000274658203,105.68000030517578,106.12999725341797,103.79007720947266,636400
2023-08-07,106.69999694824219,106.80999755859375,105.91000366210938,106.12000274658203,103.78030395507812,595300
2023-08-08,106.01000213623047,106.38999938964844,104.5199966430664,104.91999816894531,102.60675811767578,760500
2023-08-09,104.76000213623047,105.13999938964844,103.63999938964844,104.4800033569336,102.17646789550781,545300
2023-08-10,104.86000061035156,105.30999755859375,103.26000213623047,103.79000091552734,101.50167846679688,537700
2023-08-11,103.37999725341797,103.77999877929688,102.94999694824219,103.51000213623047,101.22785186767578,479800
2023-08-14,103.12000274658203,104.2300033569336,103.12000274658203,104.0199966430664,101.72659301757812,529000
2023-08-15,103.4000015258789,103.54000091552734,102.37000274658203,102.9800033569336,100.70954132080078,529500
2023-08-16,102.86000061035156,103.62999725341797,102.30000305175781,102.31999969482422,100.0640869140625,416900
2023-08-17,102.5,103.23999786376953,101.43000030517578,101.79000091552734,99.54576873779297,541700
2023-08-18,101.01000213623047,101.9000015258789,100.70999908447266,101.55000305175781,99.31107330322266,547200
2023-08-21,101.62000274658203,102.11000061035156,101.29000091552734,101.69999694824219,99.45775604248047,452200
2023-08-22,101.9000015258789,103.13999938964844,101.5999984741211,102.69000244140625,100.42591857910156,541900
2023-08-23,103.02999877929688,104.31999969482422,102.87000274658203,103.36000061035156,101.08114624023438,711500
2023-08-24,103.30000305175781,104.04000091552734,102.30999755859375,102.31999969482422,100.0640869140625,468400
2023-08-25,102.58000183105469,103.83000183105469,102.19000244140625,103.3499984741211,101.07137298583984,455400
2023-08-28,103.62999725341797,105.06999969482422,103.62999725341797,104.68000030517578,102.37205505371094,493300
2023-08-29,104.61000061035156,105.66000366210938,104.36000061035156,105.5,103.17396545410156,592800
2023-08-30,105.33999633789062,106.95999908447266,105.23999786376953,105.8499984741211,103.5162582397461,581100
2023-08-31,106.0,106.95999908447266,105.8499984741211,106.0199966430664,103.68250274658203,1026700
2023-09-01,106.80999755859375,106.80999755859375,105.1500015258789,106.04000091552734,103.70207214355469,754500
2023-09-05,105.70999908447266,105.91000366210938,104.5199966430664,104.91999816894531,102.60675811767578,651700
2023-09-06,104.66000366210938,105.1500015258789,103.36000061035156,103.66000366210938,101.37454986572266,858200
2023-09-07,102.93000030517578,103.30000305175781,101.80999755859375,102.7300033569336,100.46504974365234,914800
2023-09-08,102.95999908447266,103.5,102.56999969482422,102.7699966430664,100.50416564941406,637900
2023-09-11,102.97000122070312,105.58999633789062,102.80000305175781,105.55999755859375,103.23265075683594,958800
2023-09-12,105.06999969482422,105.80999755859375,104.6500015258789,105.62999725341797,103.30110931396484,573600
2023-09-13,105.7699966430664,106.62999725341797,105.23999786376953,106.4800033569336,104.13236999511719,821600
2023-09-14,106.44000244140625,106.81999969482422,105.69000244140625,106.56999969482422,104.93982696533203,611800
2023-09-15,106.13999938964844,106.86000061035156,105.80000305175781,106.12000274658203,104.4967041015625,1226500
2023-09-18,106.37999725341797,107.5,106.12000274658203,107.05000305175781,105.4124755859375,795600
2023-09-19,106.76000213623047,107.27999877929688,105.44999694824219,106.43000030517578,104.80195617675781,630800
2023-09-20,106.69000244140625,108.0,106.62000274658203,106.77999877929688,105.1466064453125,539000
2023-09-21,106.5999984741211,106.5999984741211,105.04000091552734,105.04000091552734,103.43323516845703,814000
2023-09-22,105.27999877929688,106.62999725341797,105.08999633789062,105.30999755859375,103.6990966796875,423800
2023-09-25,105.05000305175781,105.63999938964844,104.8499984741211,105.4000015258789,103.7877197265625,617000
2023-09-26,104.95999908447266,104.97000122070312,103.18000030517578,103.2300033569336,101.65091705322266,665000
2023-09-27,103.8499984741211,103.9000015258789,102.6500015258789,103.2300033569336,101.65091705322266,525100
2023-09-28,103.25,105.37999725341797,103.18000030517578,105.1500015258789,103.54154205322266,626500
2023-09-29,106.31999969482422,106.4000015258789,104.80000305175781,105.19999694824219,103.59077453613281,616700
2023-10-02,104.6500015258789,105.08999633789062,103.2300033569336,103.51000213623047,101.92662811279297,842800
2023-10-03,103.20999908447266,104.01000213623047,103.08000183105469,103.51000213623047,101.92662811279297,458900
2023-10-04,103.72000122070312,104.44000244140625,102.87000274658203,104.0999984741211,102.50760650634766,678600
2023-10-05,103.9800033569336,104.87000274658203,103.3499984741211,104.58999633789062,102.9901123046875,593000
2023-10-06,104.13999938964844,106.47000122070312,103.58000183105469,106.12999725341797,104.50655364990234,653700
2023-10-09,105.83000183105469,107.3499984741211,105.41000366210938,107.16999816894531,105.53064727783203,483600
2023-10-10,107.97000122070312,109.62000274658203,107.6500015258789,107.80999755859375,106.16085052490234,935100
2023-10-11,108.08000183105469,108.88999938964844,107.94000244140625,108.7300033569336,107.06678771972656,473200
2023-10-12,108.87000274658203,109.2300033569336,107.0999984741211,107.58999633789062,105.9442138671875,511700
2023-10-13,107.38999938964844,107.86000061035156,106.68000030517578,106.98999786376953,105.3533935546875,541000
2023-10-16,107.77999877929688,108.29000091552734,107.37999725341797,107.8499984741211,106.20024108886719,551800
2023-10-17,106.95999908447266,107.9800033569336,105.93000030517578,106.83000183105469,105.19584655761719,564400
2023-10-18,105.95999908447266,106.16000366210938,105.0199966430664,105.05999755859375,103.45291900634766,521200
2023-10-19,105.0,105.76000213623047,104.18000030517578,104.33000183105469,102.73409271240234,500000
2023-10-20,104.62999725341797,104.62999725341797,102.69999694824219,103.27999877929688,101.70014953613281,595400
2023-10-23,102.94999694824219,103.1500015258789,101.91000366210938,101.9800033569336,100.42003631591797,647000
2023-10-24,102.37999725341797,102.87000274658203,101.61000061035156,102.33999633789062,100.77452087402344,704500
2023-10-25,101.91999816894531,102.37000274658203,101.27999877929688,101.73999786376953,100.18370056152344,632800
2023-10-26,101.72000122070312,102.33000183105469,100.80999755859375,100.86000061035156,99.31716918945312,776800
2023-10-27,100.68000030517578,101.25,99.61000061035156,99.70999908447266,98.18475341796875,603600
2023-10-30,100.44999694824219,101.68000030517578,99.98999786376953,101.27999877929688,99.73074340820312,856700
2023-10-31,101.48999786376953,102.80999755859375,101.48999786376953,102.52999877929688,100.96162414550781,833400
2023-11-01,106.68000030517578,115.31999969482422,106.5,113.52999877929688,111.7933578491211,2697400
2023-11-02,114.45999908447266,114.79000091552734,112.01000213623047,114.44999694824219,112.69927978515625,1163700
2023-11-03,114.98999786376953,116.45999908447266,114.93000030517578,115.61000061035156,113.84153747558594,750500
2023-11-06,115.5,116.3499984741211,115.3499984741211,116.29000091552734,114.51113891601562,613000
2023-11-07,116.29000091552734,116.44999694824219,114.48999786376953,114.69999694824219,112.94544982910156,833200
2023-11-08,115.08999633789062,116.37999725341797,114.76000213623047,116.08000183105469,114.30435180664062,789200
2023-11-09,116.38999938964844,116.38999938964844,115.33999633789062,115.36000061035156,113.59536743164062,482100
2023-11-10,116.0,116.63999938964844,115.52999877929688,116.62000274658203,114.83609008789062,458300
2023-11-13,116.44999694824219,116.87999725341797,116.01000213623047,116.4800033569336,114.69823455810547,563000
2023-11-14,117.30000305175781,119.58000183105469,117.30000305175781,118.93000030517578,117.11075592041016,662200
2023-11-15,118.93000030517578,120.25,118.81999969482422,118.83999633789062,117.02212524414062,589900
2023-11-16,118.51000213623047,119.47000122070312,118.51000213623047,119.12999725341797,117.30769348144531,506900
2023-11-17,119.66999816894531,119.86000061035156,119.19000244140625,119.51000213623047,117.681884765625,1453100
2023-11-20,119.26000213623047,120.4000015258789,118.79000091552734,120.06999969482422,118.23332214355469,449000
2023-11-21,119.91000366210938,120.5199966430664,119.2699966430664,119.31999969482422,117.49478912353516,1065900
2023-11-22,120.0199966430664,120.87000274658203,119.75,120.37000274658203,118.52873229980469,499200
2023-11-24,120.27999877929688,121.2699966430664,120.27999877929688,121.02999877929688,119.17862701416016,254400
2023-11-27,121.02999877929688,121.93000030517578,120.7699966430664,121.47000122070312,119.61190032958984,659700
2023-11-28,121.58000183105469,122.2699966430664,121.08999633789062,121.38999938964844,119.53311920166016,823200
2023-11-29,121.6500015258789,122.19000244140625,120.95999908447266,121.0,119.14908599853516,559900
2023-11-30,121.13999938964844,122.5,120.97000122070312,122.23999786376953,120.3701171875,1653500
2023-12-01,122.04000091552734,123.72000122070312,121.69999694824219,123.63999938964844,121.74871063232422,575000
2023-12-04,122.97000122070312,124.52999877929688,122.33999633789062,124.18000030517578,122.28044128417969,1106200
2023-12-05,123.7699966430664,124.62999725341797,123.25,124.18000030517578,122.28044128417969,720600
2023-12-06,124.66000366210938,125.98999786376953,124.0999984741211,125.08000183105469,123.16667938232422,932600
2023-12-07,125.05999755859375,125.4000015258789,123.9800033569336,124.38999938964844,122.48723602294922,630300
2023-12-08,124.47000122070312,124.91999816894531,124.13999938964844,124.58999633789062,122.68416595458984,644600
2023-12-11,124.41999816894531,125.69000244140625,124.08000183105469,125.19999694824219,123.28484344482422,616400
2023-12-12,125.13999938964844,125.9000015258789,124.69000244140625,125.52999877929688,123.60979461669922,610600
2023-12-13,125.87999725341797,126.98999786376953,124.7300033569336,126.88999938964844,124.94898986816406,962000
2023-12-14,126.83000183105469,126.83000183105469,124.97000122070312,125.5999984741211,124.39437103271484,960600
2023-12-15,125.5999984741211,126.63999938964844,125.1500015258789,126.12999725341797,124.91928100585938,3125400
2023-12-18,125.44999694824219,126.51000213623047,125.05999755859375,126.45999908447266,125.24610900878906,582300
2023-12-19,126.47000122070312,127.41999816894531,126.47000122070312,127.04000091552734,125.82054901123047,659000
2023-12-20,126.75,128.1199951171875,126.01000213623047,126.05000305175781,124.84005737304688,623500
2023-12-21,126.9800033569336,127.44999694824219,126.47000122070312,127.41999816894531,126.1968994140625,486200
2023-12-22,127.4000015258789,128.8000030517578,127.38999938964844,128.05999755859375,126.83074951171875,730100
2023-12-26,127.8499984741211,129.05999755859375,127.7699966430664,128.91000366210938,127.67259979248047,488000
2023-12-27,129.0,129.32000732421875,128.33999633789062,128.6699981689453,127.43489074707031,443300
2023-12-28,128.5399932861328,129.05999755859375,128.25,128.75999450683594,127.5240249633789,440100
2023-12-29,128.39999389648438,128.9499969482422,128.0800018310547,128.5399932861328,127.30614471435547,622300
2024-01-02,127.55000305175781,128.60000610351562,126.02999877929688,126.55999755859375,125.34515380859375,1023300
2024-01-03,125.55000305175781,125.98999786376953,123.94000244140625,124.1500015258789,122.95829010009766,728100
2024-01-04,123.94000244140625,124.69999694824219,123.75,123.80999755859375,122.62154388427734,660900
2024-01-05,123.77999877929688,124.36000061035156,122.63999938964844,122.8499984741211,121.67076873779297,864600
2024-01-08,122.05999755859375,123.19000244140625,121.72000122070312,123.0199966430664,121.8391342163086,795200
2024-01-09,122.19999694824219,122.5199966430664,121.31999969482422,121.87999725341797,120.71007537841797,934700
2024-01-10,122.66999816894531,123.45999908447266,122.3499984741211,123.25,122.06693267822266,567200
2024-01-11,123.25,123.55000305175781,121.9800033569336,123.18000030517578,121.99760437011719,621400
2024-01-12,124.19999694824219,124.29000091552734,123.37000274658203,123.8499984741211,122.66117095947266,521000
2024-01-16,123.19999694824219,123.76000213623047,122.51000213623047,123.58999633789062,122.40365600585938,703600
2024-01-17,122.9800033569336,123.63999938964844,122.73999786376953,123.37000274658203,122.18577575683594,699200
2024-01-18,124.08000183105469,124.58000183105469,123.13999938964844,124.27999877929688,123.0870361328125,612800
2024-01-19,124.7300033569336,126.0199966430664,124.5,125.4800033569336,124.27552032470703,1334300
2024-01-22,126.05000305175781,127.36000061035156,126.05000305175781,126.70999908447266,125.49371337890625,658900
2024-01-23,126.45999908447266,127.25,125.88999938964844,127.05000305175781,125.83045959472656,745200
2024-01-24,127.7300033569336,127.7300033569336,125.0199966430664,125.11000061035156,123.90907287597656,632500
2024-01-25,124.80000305175781,125.51000213623047,124.1500015258789,125.04000091552734,123.8397445678711,675200
2024-01-26,125.38999938964844,125.75,124.37999725341797,124.73999786376953,123.5426254272461,488100
2024-01-29,124.37999725341797,125.20999908447266,123.7300033569336,125.19000244140625,123.9883041381836,459400
2024-01-30,123.9800033569336,124.04000091552734,121.73999786376953,121.86000061035156,120.69026947021484,1038900
2024-01-31,121.86000061035156,121.86000061035156,119.30000305175781,119.48999786376953,118.343017578125,935900
2024-02-01,120.04000091552734,121.02999877929688,119.1500015258789,121.01000213623047,119.84842681884766,708400
2024-02-02,119.97000122070312,120.94000244140625,119.2699966430664,120.41000366210938,119.25418853759766,722000
2024-02-05,119.5199966430664,120.80999755859375,119.30999755859375,119.87999725341797,118.7292709350586,734400
2024-02-06,120.18000030517578,121.93000030517578,120.05999755859375,121.80999755859375,120.6407470703125,570100
2024-02-07,121.80999755859375,122.22000122070312,121.0,121.7300033569336,120.5615234375,708100
2024-02-08,122.04000091552734,122.45999908447266,120.86000061035156,122.31999969482422,121.1458511352539,596200
2024-02-09,122.2699966430664,123.69999694824219,121.9000015258789,123.2699966430664,122.08673095703125,599500
2024-02-12,123.2699966430664,123.93000030517578,122.95999908447266,123.62000274658203,122.43338012695312,714000
2024-02-13,121.88999938964844,121.88999938964844,120.05999755859375,121.12000274658203,119.9573745727539,538800
2024-02-14,121.77999877929688,122.88999938964844,120.7300033569336,122.83000183105469,121.65096282958984,723700
2024-02-15,122.97000122070312,124.04000091552734,122.88999938964844,123.95999908447266,122.77011108398438,644700
2024-02-16,123.62999725341797,123.77999877929688,122.0999984741211,122.19999694824219,121.02700805664062,1602400
2024-02-20,121.61000061035156,123.45999908447266,121.19999694824219,122.75,121.57172393798828,1233300
2024-02-21,129.99000549316406,137.8699951171875,128.88999938964844,133.5800018310547,132.2977752685547,2561000
2024-02-22,134.77000427246094,134.77000427246094,131.1999969482422,133.94000244140625,132.65431213378906,2101500
2024-02-23,134.63999938964844,135.72000122070312,133.61000061035156,135.50999450683594,134.20924377441406,1236800
2024-02-26,134.94000244140625,135.49000549316406,133.16000366210938,135.22000122070312,133.92202758789062,1352300
2024-02-27,134.99000549316406,135.33999633789062,134.00999450683594,134.69000244140625,133.39710998535156,936400
2024-02-28,134.11000061035156,139.49000549316406,134.11000061035156,137.3000030517578,135.9820556640625,1809500
2024-02-29,137.39999389648438,138.05999755859375,136.25,137.35000610351562,136.03158569335938,1627500
2024-03-01,137.0,138.38999938964844,136.7899932861328,137.42999267578125,136.1107940673828,927600
2024-03-04,137.05999755859375,140.4600067138672,137.0,139.6699981689453,138.32931518554688,1281500
2024-03-05,139.52999877929688,140.22999572753906,138.3000030517578,140.08999633789062,138.7452850341797,1149200
2024-03-06,140.63999938964844,141.77999877929688,139.52999877929688,139.9499969482422,138.60662841796875,999900
2024-03-07,140.5,141.64999389648438,139.77000427246094,141.42999267578125,140.07240295410156,917900
2024-03-08,141.47000122070312,142.72999572753906,141.05999755859375,141.94000244140625,140.57752990722656,832100
2024-03-11,141.6300048828125,146.6699981689453,141.60000610351562,145.99000549316406,144.58865356445312,2714400
2024-03-12,146.0800018310547,148.88999938964844,145.32000732421875,148.4499969482422,147.02503967285156,1625600
2024-03-13,149.0,149.4199981689453,148.08999633789062,148.35000610351562,146.92599487304688,925500
2024-03-14,148.02999877929688,148.8800048828125,146.4499969482422,147.02999877929688,146.33876037597656,985700
2024-03-15,145.80999755859375,147.2899932861328,145.32000732421875,145.75,145.06478881835938,3466200
2024-03-18,146.1999969482422,146.8699951171875,145.80999755859375,146.00999450683594,145.3235626220703,586100
2024-03-19,146.3000030517578,146.75999450683594,145.44000244140625,146.47999572753906,145.79135131835938,747500
2024-03-20,146.32000732421875,146.88999938964844,145.4499969482422,146.67999267578125,145.9904022216797,746700
2024-03-21,146.75,148.5,146.52000427246094,148.13999938964844,147.44354248046875,628400
2024-03-22,147.8699951171875,148.25999450683594,146.91000366210938,147.2899932861328,146.5975341796875,977300
2024-03-25,146.9499969482422,147.85000610351562,146.4499969482422,146.67999267578125,145.9904022216797,520700
2024-03-26,146.52000427246094,147.7899932861328,146.52000427246094,147.39999389648438,146.70701599121094,676000
2024-03-27,147.9600067138672,148.17999267578125,146.91000366210938,147.97999572753906,147.2843017578125,709500
2024-03-28,148.44000244140625,149.5399932861328,148.0500030517578,148.8699951171875,148.17010498046875,859600
2024-04-01,148.52999877929688,148.91000366210938,147.22999572753906,147.36000061035156,146.66722106933594,625700
2024-04-02,147.16000366210938,147.16000366210938,145.1999969482422,145.74000549316406,145.05484008789062,737600
2024-04-03,145.97000122070312,146.6300048828125,145.82000732421875,146.0399932861328,145.35340881347656,549500
2024-04-04,147.00999450683594,147.3300018310547,144.83999633789062,144.89999389648438,144.21878051757812,552800
2024-04-05,145.38999938964844,147.7100067138672,145.22000122070312,147.52999877929688,146.83641052246094,603400
2024-04-08,147.91000366210938,149.4199981689453,147.82000732421875,149.0,148.29949951171875,818600
2024-04-09,149.2899932861328,149.5,147.5800018310547,148.3800048828125,147.6824188232422,537200
2024-04-10,146.8300018310547,147.22000122070312,145.38999938964844,145.9600067138672,145.2738037109375,637300
2024-04-11,146.4600067138672,146.99000549316406,145.80999755859375,146.0800018310547,145.3932342529297,509800
2024-04-12,144.89999389648438,145.38999938964844,142.6699981689453,143.11000061035156,142.43719482421875,740000
2024-04-15,144.2899932861328,144.8800048828125,140.9199981689453,141.63999938964844,140.97410583496094,900000
2024-04-16,141.72999572753906,143.08999633789062,141.0,142.19000244140625,141.52151489257812,833900
2024-04-17,142.75,143.22999572753906,140.19000244140625,141.07000732421875,140.40679931640625,757700
2024-04-18,141.5,141.97000122070312,140.16000366210938,140.72000122070312,140.0584259033203,828200
2024-04-19,141.05999755859375,141.77999877929688,138.86000061035156,139.52000427246094,138.86407470703125,2924100
2024-04-22,140.6199951171875,141.8699951171875,139.64999389648438,141.02000427246094,140.35702514648438,933200
2024-04-23,140.97999572753906,143.07000732421875,140.97999572753906,142.50999450683594,141.8400115966797,788100
2024-04-24,142.75,143.47999572753906,142.1999969482422,142.7899932861328,142.1186981201172,612600
2024-04-25,141.86000061035156,143.2899932861328,140.4600067138672,143.02999877929688,142.35757446289062,528200
2024-04-26,142.99000549316406,144.32000732421875,142.99000549316406,143.4499969482422,142.7755889892578,625300
2024-04-29,142.85000610351562,145.2100067138672,142.85000610351562,145.17999267578125,144.49745178222656,788500
2024-04-30,145.08999633789062,146.24000549316406,144.41000366210938,144.47000122070312,143.79080200195312,1185300
2024-05-01,153.25,164.72999572753906,151.0,163.4199981689453,162.65170288085938,2765300
2024-05-02,164.0,165.92999267578125,162.94000244140625,165.3300018310547,164.552734375,1361100
2024-05-03,165.7899932861328,166.44000244140625,164.1699981689453,165.97000122070312,165.18972778320312,972900
2024-05-06,167.1300048828125,167.89999389648438,165.82000732421875,167.8800048828125,167.0907440185547,827900
2024-05-07,167.9499969482422,170.8699951171875,167.1999969482422,169.9600067138672,169.1609649658203,878600
2024-05-08,169.36000061035156,170.16000366210938,169.02999877929688,169.9600067138672,169.1609649658203,542400
2024-05-09,170.16000366210938,170.16000366210938,168.4499969482422,169.3000030517578,168.5040740966797,552500
2024-05-10,169.58999633789062,169.6999969482422,168.24000549316406,168.92999267578125,168.13580322265625,737200
2024-05-13,169.1699981689453,169.82000732421875,168.8000030517578,169.36000061035156,168.56378173828125,369800
2024-05-14,169.4499969482422,170.77000427246094,169.05999755859375,169.91000366210938,169.1112060546875,506600
2024-05-15,170.27000427246094,171.10000610351562,170.11000061035156,170.5500030517578,169.74819946289062,597000
2024-05-16,170.82000732421875,171.24000549316406,169.9499969482422,169.97999572753906,169.1808624267578,526800
2024-05-17,170.5800018310547,171.47000122070312,169.5,170.94000244140625,170.1363525390625,525800
2024-05-20,171.0,171.63999938964844,169.6699981689453,170.19000244140625,169.389892578125,529800
2024-05-21,170.13999938964844,170.97999572753906,169.49000549316406,170.72999572753906,169.92733764648438,510100
2024-05-22,167.39999389648438,169.08999633789062,161.10000610351562,162.05999755859375,161.298095703125,1321500
2024-05-23,162.27000427246094,163.38999938964844,160.80999755859375,162.72999572753906,161.96495056152344,890100
2024-05-24,163.72999572753906,164.41000366210938,162.5399932861328,163.80999755859375,163.0398712158203,541600
2024-05-28,162.9199981689453,163.33999633789062,161.86000061035156,162.39999389648438,161.63650512695312,704900
2024-05-29,161.47999572753906,162.99000549316406,161.0800018310547,161.66000366210938,160.89999389648438,471100
2024-05-30,162.47999572753906,164.9499969482422,161.82000732421875,162.77000427246094,162.00477600097656,778900
2024-05-31,162.67999267578125,163.86000061035156,161.4499969482422,163.85000610351562,163.07969665527344,1398400
2024-06-03,163.30999755859375,164.0,162.52999877929688,163.1999969482422,162.4327392578125,624000
2024-06-04,162.72000122070312,164.22000122070312,162.6699981689453,163.02999877929688,162.2635498046875,528700
2024-06-05,163.4499969482422,164.16000366210938,162.69000244140625,164.0,163.22898864746094,506600
2024-06-06,164.27000427246094,166.05999755859375,163.38999938964844,163.91000366210938,163.139404296875,390200
2024-06-07,163.3000030517578,164.58999633789062,163.0500030517578,163.25999450683594,162.49246215820312,324300
2024-06-10,162.89999389648438,163.0,161.0399932861328,162.6199951171875,161.85546875,527100
2024-06-11,161.99000549316406,162.0,160.1999969482422,161.52000427246094,160.76065063476562,870800
2024-06-12,163.08999633789062,165.47000122070312,162.86000061035156,164.19000244140625,163.4180908203125,588300
2024-06-13,164.00999450683594,164.88999938964844,160.5500030517578,161.92999267578125,161.168701171875,809600
2024-06-14,160.52000427246094,161.1199951171875,158.6699981689453,159.52999877929688,158.77999877929688,561600
2024-06-17,158.89999389648438,160.85000610351562,158.3800048828125,160.3000030517578,160.3000030517578,605200
2024-06-18,160.5,161.07000732421875,159.5399932861328,160.72000122070312,160.72000122070312,501500
2024-06-20,160.3699951171875,161.3800048828125,159.1999969482422,159.9600067138672,159.9600067138672,539800
2024-06-21,160.3000030517578,161.47000122070312,159.27999877929688,161.4499969482422,161.4499969482422,1347900
2024-06-24,161.52999877929688,163.49000549316406,161.16000366210938,162.2899932861328,162.2899932861328,423800
2024-06-25,161.92999267578125,162.19000244140625,159.8800048828125,160.30999755859375,160.30999755859375,396100
2024-06-26,160.17999267578125,161.4600067138672,159.72000122070312,161.16000366210938,161.16000366210938,609400
2024-06-27,161.1699981689453,162.05999755859375,160.60000610351562,162.00999450683594,162.00999450683594,476700
2024-06-28,161.88999938964844,163.9499969482422,161.41000366210938,162.9199981689453,162.9199981689453,1139700
2024-07-01,163.0,164.3699951171875,161.07000732421875,161.10000610351562,161.10000610351562,754500
2024-07-02,160.72999572753906,161.91000366210938,160.2899932861328,161.49000549316406,161.49000549316406,808000
2024-07-03,160.97000122070312,161.4199981689453,158.89999389648438,161.14999389648438,161.14999389648438,442600
2024-07-05,161.50999450683594,162.2100067138672,160.08999633789062,161.92999267578125,161.92999267578125,819200
2024-07-08,162.63999938964844,163.33999633789062,160.94000244140625,161.52999877929688,161.52999877929688,545900
2024-07-09,161.5399932861328,162.85000610351562,161.02999877929688,161.49000549316406,161.49000549316406,744300
2024-07-10,162.8000030517578,163.50999450683594,161.50999450683594,163.4499969482422,163.4499969482422,614000
2024-07-11,163.8000030517578,167.1999969482422,163.8000030517578,166.75999450683594,166.75999450683594,857900
2024-07-12,167.5,170.6699981689453,167.5,168.8000030517578,168.8000030517578,734200
2024-07-15,169.05999755859375,170.83999633789062,168.30999755859375,170.1199951171875,170.1199951171875,900800
2024-07-16,171.0,173.9499969482422,170.4600067138672,173.74000549316406,173.74000549316406,661100
2024-07-17,173.74000549316406,174.50999450683594,172.5800018310547,173.0,173.0,611500
2024-07-18,172.5,175.00999450683594,170.19000244140625,171.0800018310547,171.0800018310547,826000
2024-07-19,171.0800018310547,171.77999877929688,169.1999969482422,170.07000732421875,170.07000732421875,666700
2024-07-22,170.3800048828125,172.80999755859375,170.3699951171875,172.72999572753906,172.72999572753906,532500
2024-07-23,172.75999450683594,172.97999572753906,171.8000030517578,172.10000610351562,172.10000610351562,341000
2024-07-24,172.60000610351562,174.4499969482422,171.5800018310547,172.83999633789062,172.83999633789062,912900
2024-07-25,172.91000366210938,175.24000549316406,171.75,173.39999389648438,173.39999389648438,560600
2024-07-26,174.5399932861328,178.50999450683594,173.7899932861328,177.94000244140625,177.94000244140625,1059500
2024-07-29,177.94000244140625,178.16000366210938,176.3699951171875,176.55999755859375,176.55999755859375,758500
2024-07-30,178.42999267578125,179.75999450683594,177.17999267578125,179.33999633789062,179.33999633789062,1211400
2024-07-31,175.4499969482422,177.19000244140625,169.58999633789062,171.25,171.25,1939300
2024-08-01,171.92999267578125,174.0800018310547,169.8699951171875,171.05999755859375,171.05999755859375,1159200
2024-08-02,169.3300018310547,170.2899932861328,166.00999450683594,168.52000427246094,168.52000427246094,943900
2024-08-05,163.63999938964844,164.0,160.7100067138672,161.6300048828125,161.6300048828125,1269800
2024-08-06,161.63999938964844,165.88999938964844,160.80999755859375,164.7100067138672,164.7100067138672,860700
2024-08-07,165.42999267578125,165.8800048828125,161.55999755859375,162.35000610351562,162.35000610351562,838700
2024-08-08,162.35000610351562,167.41000366210938,161.4499969482422,167.1199951171875,167.1199951171875,571600
2024-08-09,167.00999450683594,168.49000549316406,166.6300048828125,167.4199981689453,167.4199981689453,524753
