Date,Open,High,Low,Close,Adj Close,Volume
2019-03-29,6.449999809265137,7.75,6.0,6.800000190734863,6.800000190734863,484300
2019-04-01,6.78000020980835,6.920000076293945,6.489999771118164,6.5,6.5,91800
2019-04-02,6.449999809265137,6.449999809265137,5.400000095367432,6.449999809265137,6.449999809265137,133800
2019-04-03,6.449999809265137,6.798999786376953,6.269999980926514,6.619999885559082,6.619999885559082,97300
2019-04-04,6.619999885559082,6.619999885559082,6.283999919891357,6.489999771118164,6.489999771118164,54300
2019-04-05,6.349999904632568,6.355999946594238,6.300000190734863,6.300000190734863,6.300000190734863,17800
2019-04-08,6.164999961853027,6.53000020980835,6.099999904632568,6.28000020980835,6.28000020980835,48000
2019-04-09,6.480000019073486,6.489999771118164,6.300000190734863,6.329999923706055,6.329999923706055,16400
2019-04-10,6.309999942779541,6.478000164031982,6.158999919891357,6.309999942779541,6.309999942779541,12400
2019-04-11,6.340000152587891,6.369999885559082,6.199999809265137,6.260000228881836,6.260000228881836,7300
2019-04-12,6.329999923706055,6.329999923706055,6.179999828338623,6.199999809265137,6.199999809265137,55200
2019-04-15,6.139999866485596,6.298999786376953,6.050000190734863,6.099999904632568,6.099999904632568,50100
2019-04-16,6.204999923706055,6.204999923706055,5.75,6.170000076293945,6.170000076293945,92100
2019-04-17,6.190000057220459,6.349999904632568,6.110000133514404,6.289999961853027,6.289999961853027,24700
2019-04-18,6.21999979019165,6.289999961853027,6.03000020980835,6.099999904632568,6.099999904632568,21200
2019-04-22,6.119999885559082,6.25,6.03000020980835,6.099999904632568,6.099999904632568,55800
2019-04-23,6.039999961853027,6.13100004196167,6.0,6.070000171661377,6.070000171661377,3900
2019-04-24,6.099999904632568,6.199999809265137,6.059999942779541,6.130000114440918,6.130000114440918,4100
2019-04-25,6.139999866485596,6.190000057220459,6.0,6.079999923706055,6.079999923706055,20500
2019-04-26,6.043000221252441,6.170000076293945,6.043000221252441,6.050000190734863,6.050000190734863,8900
2019-04-29,6.0,6.27400016784668,6.0,6.150000095367432,6.150000095367432,109500
2019-04-30,6.380000114440918,6.816999912261963,6.199999809265137,6.699999809265137,6.699999809265137,223600
2019-05-01,6.699999809265137,6.808000087738037,6.400000095367432,6.695000171661377,6.695000171661377,113400
2019-05-02,6.603000164031982,6.699999809265137,6.329999923706055,6.568999767303467,6.568999767303467,67600
2019-05-03,6.449999809265137,6.800000190734863,6.440000057220459,6.599999904632568,6.599999904632568,40500
2019-05-06,6.599999904632568,6.599999904632568,6.21999979019165,6.400000095367432,6.400000095367432,26100
2019-05-07,6.296999931335449,6.400000095367432,6.296999931335449,6.349999904632568,6.349999904632568,27000
2019-05-08,6.360000133514404,6.380000114440918,6.099999904632568,6.099999904632568,6.099999904632568,24000
2019-05-09,6.110000133514404,6.349999904632568,6.059999942779541,6.349999904632568,6.349999904632568,22900
2019-05-10,6.239999771118164,6.300000190734863,6.010000228881836,6.230000019073486,6.230000019073486,16700
2019-05-13,6.179999828338623,6.179999828338623,6.139999866485596,6.179999828338623,6.179999828338623,1600
2019-05-14,6.239999771118164,6.239999771118164,6.239999771118164,6.239999771118164,6.239999771118164,600
2019-05-15,6.239999771118164,6.239999771118164,6.239999771118164,6.239999771118164,6.239999771118164,100
2019-05-16,6.0929999351501465,6.230000019073486,6.090000152587891,6.230000019073486,6.230000019073486,7900
2019-05-17,6.230000019073486,6.300000190734863,6.010000228881836,6.099999904632568,6.099999904632568,76600
2019-05-20,6.099999904632568,6.110000133514404,6.099999904632568,6.110000133514404,6.110000133514404,1600
2019-05-21,6.271999835968018,6.271999835968018,6.150000095367432,6.238999843597412,6.238999843597412,1500
2019-05-22,6.199999809265137,6.199999809265137,6.050000190734863,6.050000190734863,6.050000190734863,1500
2019-05-23,6.039999961853027,6.129000186920166,6.039999961853027,6.129000186920166,6.129000186920166,2000
2019-05-24,6.130000114440918,6.199999809265137,6.130000114440918,6.163000106811523,6.163000106811523,1900
2019-05-28,6.098999977111816,6.769999980926514,5.610000133514404,6.170000076293945,6.170000076293945,1834200
2019-05-29,6.170000076293945,6.579999923706055,6.010000228881836,6.300000190734863,6.300000190734863,1725300
2019-05-30,6.190000057220459,6.190000057220459,6.159999847412109,6.159999847412109,6.159999847412109,3500
2019-05-31,5.860000133514404,6.10699987411499,5.860000133514404,6.070000171661377,6.070000171661377,28200
2019-06-03,6.110000133514404,6.110000133514404,6.110000133514404,6.110000133514404,6.110000133514404,800
2019-06-04,6.010000228881836,6.150000095367432,6.010000228881836,6.09499979019165,6.09499979019165,7100
2019-06-05,6.050000190734863,6.070000171661377,6.050000190734863,6.070000171661377,6.070000171661377,2000
2019-06-06,5.949999809265137,6.150000095367432,5.909999847412109,6.099999904632568,6.099999904632568,17700
2019-06-07,6.059999942779541,6.179999828338623,6.013000011444092,6.179999828338623,6.179999828338623,1900
2019-06-10,6.0,6.199999809265137,5.900000095367432,6.199999809265137,6.199999809265137,85500
2019-06-11,6.159999847412109,6.599999904632568,6.099999904632568,6.440000057220459,6.440000057220459,162500
2019-06-12,6.25,6.599999904632568,6.25,6.599999904632568,6.599999904632568,59300
2019-06-13,6.289999961853027,6.590000152587891,6.289999961853027,6.309999942779541,6.309999942779541,43600
2019-06-14,6.380000114440918,8.789999961853027,6.380000114440918,7.980000019073486,7.980000019073486,265500
2019-06-17,8.1899995803833,9.656999588012695,7.75,8.008000373840332,8.008000373840332,170400
2019-06-18,8.100000381469727,8.5,7.300000190734863,7.5,7.5,69300
2019-06-19,7.5,7.554999828338623,7.179999828338623,7.480000019073486,7.480000019073486,42300
2019-06-20,7.360000133514404,8.729999542236328,7.190000057220459,8.210000038146973,8.210000038146973,273500
2019-06-21,8.350000381469727,8.59000015258789,8.119999885559082,8.5600004196167,8.5600004196167,93600
2019-06-24,8.5600004196167,9.489999771118164,8.199999809265137,9.079999923706055,9.079999923706055,349200
2019-06-25,9.050000190734863,9.140000343322754,8.710000038146973,8.710000038146973,8.710000038146973,36100
2019-06-26,8.845999717712402,9.850000381469727,8.449999809265137,9.739999771118164,9.739999771118164,69400
2019-06-27,10.1899995803833,11.5,9.982999801635742,10.5,10.5,127400
2019-06-28,11.550000190734863,13.5,10.890000343322754,12.899999618530273,12.899999618530273,272400
2019-07-01,13.539999961853027,14.489999771118164,12.119999885559082,13.9399995803833,13.9399995803833,422000
2019-07-02,13.460000038146973,13.460000038146973,9.550000190734863,10.020000457763672,10.020000457763672,2387900
2019-07-03,10.220000267028809,10.479999542236328,8.579999923706055,9.039999961853027,9.039999961853027,323000
2019-07-05,9.199999809265137,9.248000144958496,8.494999885559082,8.539999961853027,8.539999961853027,67000
2019-07-08,8.510000228881836,8.510000228881836,7.300000190734863,7.559999942779541,7.559999942779541,118100
2019-07-09,7.519999980926514,7.843999862670898,7.150000095367432,7.420000076293945,7.420000076293945,703200
2019-07-10,7.5,7.5,7.150000095367432,7.349999904632568,7.349999904632568,622500
2019-07-11,7.389999866485596,8.199999809265137,7.099999904632568,7.880000114440918,7.880000114440918,761900
2019-07-12,8.0,8.0,7.199999809265137,7.480000019073486,7.480000019073486,860000
2019-07-15,7.449999809265137,7.800000190734863,7.329999923706055,7.480000019073486,7.480000019073486,872500
2019-07-16,7.610000133514404,7.690000057220459,7.369999885559082,7.510000228881836,7.510000228881836,893000
2019-07-17,7.619999885559082,8.720000267028809,7.551000118255615,8.539999961853027,8.539999961853027,375200
2019-07-18,8.600000381469727,11.5,8.550000190734863,11.039999961853027,11.039999961853027,328600
2019-07-19,11.149999618530273,11.788999557495117,9.529999732971191,10.5,10.5,316400
2019-07-22,10.5,11.543000221252441,10.350000381469727,11.279999732971191,11.279999732971191,144800
2019-07-23,11.199999809265137,11.649999618530273,10.880000114440918,11.489999771118164,11.489999771118164,138000
2019-07-24,11.220000267028809,13.390000343322754,11.041999816894531,12.760000228881836,12.760000228881836,137500
2019-07-25,12.880000114440918,13.0,11.75100040435791,12.4399995803833,12.4399995803833,455300
2019-07-26,12.6899995803833,13.300000190734863,11.880000114440918,12.069999694824219,12.069999694824219,397600
2019-07-29,12.069999694824219,12.770000457763672,11.239999771118164,12.390000343322754,12.390000343322754,451000
2019-07-30,12.140000343322754,12.899999618530273,11.859999656677246,12.029999732971191,12.029999732971191,814400
2019-07-31,11.9399995803833,13.09000015258789,11.59000015258789,13.0,13.0,652500
2019-08-01,13.239999771118164,13.5,12.319999694824219,12.989999771118164,12.989999771118164,512300
2019-08-02,12.319999694824219,13.399999618530273,12.220000267028809,13.220000267028809,13.220000267028809,338800
2019-08-05,13.329999923706055,14.140000343322754,12.845000267028809,14.050000190734863,14.050000190734863,287500
2019-08-06,14.050000190734863,14.550000190734863,13.760000228881836,14.430000305175781,14.430000305175781,408700
2019-08-07,14.449999809265137,14.699999809265137,14.020000457763672,14.5,14.5,316100
2019-08-08,14.399999618530273,14.800000190734863,12.270000457763672,12.699999809265137,12.699999809265137,785600
2019-08-09,13.100000381469727,13.260000228881836,11.380000114440918,11.5,11.5,734500
2019-08-12,11.619999885559082,12.75,11.350000381469727,12.279999732971191,12.279999732971191,549900
2019-08-13,12.220000267028809,12.737000465393066,11.109999656677246,11.579999923706055,11.579999923706055,317200
2019-08-14,11.140000343322754,11.593999862670898,8.699999809265137,8.829999923706055,8.829999923706055,405200
2019-08-15,8.979999542236328,9.531999588012695,7.900000095367432,8.199999809265137,8.199999809265137,185300
2019-08-16,8.5,8.75,8.109999656677246,8.119999885559082,8.119999885559082,94700
2019-08-19,8.449999809265137,8.449999809265137,8.005999565124512,8.260000228881836,8.260000228881836,56800
2019-08-20,8.569999694824219,8.569999694824219,8.199999809265137,8.3100004196167,8.3100004196167,61200
2019-08-21,8.260000228881836,8.407999992370605,7.800000190734863,7.889999866485596,7.889999866485596,111400
2019-08-22,8.0600004196167,8.269000053405762,7.900000095367432,8.010000228881836,8.010000228881836,40700
2019-08-23,8.039999961853027,8.079999923706055,7.551000118255615,7.650000095367432,7.650000095367432,44900
2019-08-26,7.71999979019165,7.986999988555908,7.019999980926514,7.260000228881836,7.260000228881836,125200
2019-08-27,7.260000228881836,7.5,6.800000190734863,6.860000133514404,6.860000133514404,92300
2019-08-28,6.860000133514404,6.940000057220459,6.699999809265137,6.78000020980835,6.78000020980835,75300
2019-08-29,6.699999809265137,6.934999942779541,6.599999904632568,6.639999866485596,6.639999866485596,50400
2019-08-30,6.650000095367432,6.866000175476074,6.0,6.039999961853027,6.039999961853027,114100
2019-09-03,5.960000038146973,6.396999835968018,5.960000038146973,6.079999923706055,6.079999923706055,78000
2019-09-04,6.199999809265137,6.400000095367432,6.099999904632568,6.210000038146973,6.210000038146973,121000
2019-09-05,6.329999923706055,7.28000020980835,6.25600004196167,6.650000095367432,6.650000095367432,206100
2019-09-06,6.760000228881836,6.889999866485596,6.300000190734863,6.409999847412109,6.409999847412109,158400
2019-09-09,6.510000228881836,6.800000190734863,6.510000228881836,6.679999828338623,6.679999828338623,101400
2019-09-10,6.619999885559082,6.980000019073486,6.5,6.820000171661377,6.820000171661377,76400
2019-09-11,6.840000152587891,7.75,6.820000171661377,7.650000095367432,7.650000095367432,131900
2019-09-12,7.860000133514404,8.710000038146973,7.659999847412109,7.78000020980835,7.78000020980835,175600
2019-09-13,7.659999847412109,8.045999526977539,6.849999904632568,7.070000171661377,7.070000171661377,121300
2019-09-16,7.139999866485596,7.423999786376953,6.699999809265137,6.75,6.75,59500
2019-09-17,6.800000190734863,6.98199987411499,6.590000152587891,6.670000076293945,6.670000076293945,39300
2019-09-18,6.739999771118164,6.75,6.610000133514404,6.610000133514404,6.610000133514404,15800
2019-09-19,6.630000114440918,6.697999954223633,6.53000020980835,6.599999904632568,6.599999904632568,44000
2019-09-20,6.699999809265137,6.800000190734863,6.599999904632568,6.789999961853027,6.789999961853027,22000
2019-09-23,6.869999885559082,6.869999885559082,6.630000114440918,6.710000038146973,6.710000038146973,17900
2019-09-24,6.730000019073486,7.0,6.360000133514404,6.570000171661377,6.570000171661377,35300
2019-09-25,6.5,6.739999771118164,6.5,6.699999809265137,6.699999809265137,8000
2019-09-26,6.559000015258789,6.728000164031982,6.559000015258789,6.639999866485596,6.639999866485596,7600
2019-09-27,6.639999866485596,6.699999809265137,6.550000190734863,6.650000095367432,6.650000095367432,14800
2019-09-30,6.650000095367432,6.679999828338623,6.5320000648498535,6.565000057220459,6.565000057220459,12000
2019-10-01,6.590000152587891,6.789999961853027,6.550000190734863,6.550000190734863,6.550000190734863,28100
2019-10-02,6.550000190734863,6.71999979019165,6.502999782562256,6.630000114440918,6.630000114440918,9500
2019-10-03,6.639999866485596,6.639999866485596,6.4079999923706055,6.539999961853027,6.539999961853027,14700
2019-10-04,6.510000228881836,6.639999866485596,6.4670000076293945,6.489999771118164,6.489999771118164,6900
2019-10-07,6.489999771118164,6.610000133514404,6.460000038146973,6.480000019073486,6.480000019073486,7900
2019-10-08,6.539999961853027,6.679999828338623,6.400000095367432,6.400000095367432,6.400000095367432,10200
2019-10-09,6.409999847412109,6.599999904632568,6.360000133514404,6.360000133514404,6.360000133514404,8200
2019-10-10,6.449999809265137,6.5,6.360000133514404,6.389999866485596,6.389999866485596,10100
2019-10-11,6.5,6.5,6.300000190734863,6.360000133514404,6.360000133514404,10400
2019-10-14,6.329999923706055,6.489999771118164,5.679999828338623,6.489999771118164,6.489999771118164,101300
2019-10-15,6.610000133514404,6.610000133514404,5.309999942779541,5.480000019073486,5.480000019073486,255200
2019-10-16,5.519999980926514,5.929999828338623,5.493000030517578,5.929999828338623,5.929999828338623,60500
2019-10-17,6.0,6.2829999923706055,5.801000118255615,5.989999771118164,5.989999771118164,54600
2019-10-18,6.146999835968018,6.146999835968018,5.889999866485596,5.889999866485596,5.889999866485596,23200
2019-10-21,5.809999942779541,6.099999904632568,5.809999942779541,5.849999904632568,5.849999904632568,29100
2019-10-22,5.860000133514404,6.079999923706055,5.860000133514404,5.900000095367432,5.900000095367432,8500
2019-10-23,6.119999885559082,6.150000095367432,5.849999904632568,5.849999904632568,5.849999904632568,6000
2019-10-24,6.070000171661377,6.099999904632568,5.760000228881836,5.829999923706055,5.829999923706055,8400
2019-10-25,6.03000020980835,6.050000190734863,5.599999904632568,5.639999866485596,5.639999866485596,31700
2019-10-28,5.650000095367432,6.039000034332275,5.650000095367432,5.860000133514404,5.860000133514404,160400
2019-10-29,5.900000095367432,5.96999979019165,5.800000190734863,5.820000171661377,5.820000171661377,702800
2019-10-30,5.820000171661377,5.960000038146973,5.729000091552734,5.809999942779541,5.809999942779541,143300
2019-10-31,5.829999923706055,5.989999771118164,5.800000190734863,5.800000190734863,5.800000190734863,71500
2019-11-01,5.869999885559082,5.89900016784668,5.710000038146973,5.710000038146973,5.710000038146973,32200
2019-11-04,5.938000202178955,5.938000202178955,5.650000095367432,5.730000019073486,5.730000019073486,15000
2019-11-05,5.699999809265137,5.71999979019165,5.570000171661377,5.570000171661377,5.570000171661377,9200
2019-11-06,5.730000019073486,5.730000019073486,5.5,5.5,5.5,11000
2019-11-07,5.610000133514404,5.880000114440918,5.590000152587891,5.739999771118164,5.739999771118164,65800
2019-11-08,5.889999866485596,5.929999828338623,5.550000190734863,5.565000057220459,5.565000057220459,63900
2019-11-11,5.739999771118164,5.739999771118164,5.599999904632568,5.670000076293945,5.670000076293945,3100
2019-11-12,5.610000133514404,5.808000087738037,5.5,5.53000020980835,5.53000020980835,27200
2019-11-13,5.53000020980835,5.748000144958496,5.53000020980835,5.630000114440918,5.630000114440918,2200
2019-11-14,5.559999942779541,5.559999942779541,5.360000133514404,5.360000133514404,5.360000133514404,9200
2019-11-15,5.440000057220459,5.699999809265137,5.360000133514404,5.699999809265137,5.699999809265137,49500
2019-11-18,5.5,5.638000011444092,5.400000095367432,5.400000095367432,5.400000095367432,5300
2019-11-19,5.510000228881836,5.510000228881836,5.269999980926514,5.300000190734863,5.300000190734863,11100
2019-11-20,5.289999961853027,5.570000171661377,4.110000133514404,4.840000152587891,4.840000152587891,142200
2019-11-21,4.800000190734863,4.849999904632568,4.400000095367432,4.429999828338623,4.429999828338623,128500
2019-11-22,4.670000076293945,4.699999809265137,4.210000038146973,4.21999979019165,4.21999979019165,48400
2019-11-25,4.179999828338623,4.289999961853027,4.150000095367432,4.230000019073486,4.230000019073486,9300
2019-11-26,4.190000057220459,4.260000228881836,4.190000057220459,4.25,4.25,2600
2019-11-27,4.360000133514404,4.46999979019165,4.360000133514404,4.460000038146973,4.460000038146973,11300
2019-11-29,4.550000190734863,4.96999979019165,4.489999771118164,4.800000190734863,4.800000190734863,24200
2019-12-02,4.869999885559082,4.949999809265137,4.244999885559082,4.800000190734863,4.800000190734863,22700
2019-12-03,4.809999942779541,4.84499979019165,4.800000190734863,4.840000152587891,4.840000152587891,5400
2019-12-04,4.849999904632568,4.949999809265137,4.849999904632568,4.889999866485596,4.889999866485596,5100
2019-12-05,4.817999839782715,4.920000076293945,4.644999980926514,4.73799991607666,4.73799991607666,23100
2019-12-06,4.900000095367432,4.920000076293945,4.769999980926514,4.809999942779541,4.809999942779541,12000
2019-12-09,4.800000190734863,4.920000076293945,4.71999979019165,4.71999979019165,4.71999979019165,9000
2019-12-10,4.800000190734863,4.920000076293945,4.71999979019165,4.71999979019165,4.71999979019165,30000
2019-12-11,4.679999828338623,4.78000020980835,4.349999904632568,4.71999979019165,4.71999979019165,6900
2019-12-12,4.730000019073486,4.96999979019165,4.730000019073486,4.949999809265137,4.949999809265137,9500
2019-12-13,4.908999919891357,4.908999919891357,4.809999942779541,4.875,4.875,3100
2019-12-16,4.809999942779541,5.949999809265137,4.809999942779541,5.579999923706055,5.579999923706055,51800
2019-12-17,5.800000190734863,5.840000152587891,5.454999923706055,5.454999923706055,5.454999923706055,21400
2019-12-18,5.449999809265137,5.498000144958496,5.0,5.320000171661377,5.320000171661377,12000
2019-12-19,5.300000190734863,5.5,5.230000019073486,5.389999866485596,5.389999866485596,7700
2019-12-20,5.49399995803833,5.49399995803833,5.25,5.25,5.25,4500
2019-12-23,5.21999979019165,5.465000152587891,5.21999979019165,5.26200008392334,5.26200008392334,1000
2019-12-24,5.295000076293945,5.5,5.269999980926514,5.46999979019165,5.46999979019165,9800
2019-12-26,5.380000114440918,5.499000072479248,5.380000114440918,5.440000057220459,5.440000057220459,1900
2019-12-27,5.36899995803833,5.510000228881836,5.300000190734863,5.46999979019165,5.46999979019165,5800
2019-12-30,5.388000011444092,5.639999866485596,5.388000011444092,5.610000133514404,5.610000133514404,19300
2019-12-31,5.78000020980835,6.25,5.590000152587891,6.25,6.25,35500
2020-01-02,6.110000133514404,6.179999828338623,4.809999942779541,5.199999809265137,5.199999809265137,149600
2020-01-03,5.25,5.495999813079834,5.199999809265137,5.289999961853027,5.289999961853027,27600
2020-01-06,5.039999961853027,5.309999942779541,5.03000020980835,5.172999858856201,5.172999858856201,11200
2020-01-07,5.059999942779541,5.289999961853027,5.059999942779541,5.170000076293945,5.170000076293945,21400
2020-01-08,5.079999923706055,5.699999809265137,5.03000020980835,5.289999961853027,5.289999961853027,19800
2020-01-09,5.559999942779541,5.670000076293945,5.320000171661377,5.360000133514404,5.360000133514404,9800
2020-01-10,5.441999912261963,5.849999904632568,5.441999912261963,5.510000228881836,5.510000228881836,8400
2020-01-13,5.520999908447266,5.949999809265137,5.47599983215332,5.659999847412109,5.659999847412109,8000
2020-01-14,5.669000148773193,5.669000148773193,5.61299991607666,5.61299991607666,5.61299991607666,800
2020-01-15,5.690000057220459,5.78000020980835,5.650000095367432,5.769999980926514,5.769999980926514,5100
2020-01-16,5.829999923706055,5.920000076293945,5.5,5.53000020980835,5.53000020980835,18200
2020-01-17,5.690000057220459,5.690000057220459,5.619999885559082,5.670000076293945,5.670000076293945,2100
2020-01-21,5.5,5.78000020980835,5.5,5.659999847412109,5.659999847412109,13800
2020-01-22,5.590000152587891,5.590000152587891,5.4029998779296875,5.53000020980835,5.53000020980835,9000
2020-01-23,5.449999809265137,5.630000114440918,5.429999828338623,5.630000114440918,5.630000114440918,2600
2020-01-24,5.53000020980835,5.53000020980835,5.440000057220459,5.440000057220459,5.440000057220459,1600
2020-01-27,5.519999980926514,5.519999980926514,5.15500020980835,5.210000038146973,5.210000038146973,20800
2020-01-28,5.25,5.339000225067139,5.210000038146973,5.210000038146973,5.210000038146973,1200
2020-01-29,5.159999847412109,5.21999979019165,5.079999923706055,5.199999809265137,5.199999809265137,9000
2020-01-30,5.2179999351501465,5.236000061035156,5.204999923706055,5.210000038146973,5.210000038146973,2300
2020-01-31,5.139999866485596,5.210000038146973,5.139999866485596,5.139999866485596,5.139999866485596,2700
2020-02-03,5.185999870300293,5.34499979019165,5.185999870300293,5.34499979019165,5.34499979019165,500
2020-02-04,5.46999979019165,5.46999979019165,5.335000038146973,5.335000038146973,5.335000038146973,700
2020-02-05,5.11299991607666,5.519999980926514,5.11299991607666,5.480000019073486,5.480000019073486,1100
2020-02-06,5.050000190734863,5.389999866485596,5.050000190734863,5.389999866485596,5.389999866485596,4900
2020-02-07,5.170000076293945,5.489999771118164,5.170000076293945,5.309999942779541,5.309999942779541,11700
2020-02-10,5.2829999923706055,5.2829999923706055,5.119999885559082,5.164999961853027,5.164999961853027,1200
2020-02-11,5.199999809265137,5.199999809265137,5.179999828338623,5.179999828338623,5.179999828338623,2500
2020-02-12,5.28000020980835,5.360000133514404,5.210000038146973,5.300000190734863,5.300000190734863,18000
2020-02-13,5.328000068664551,5.480000019073486,5.21999979019165,5.224999904632568,5.224999904632568,5900
2020-02-14,5.260000228881836,5.389999866485596,5.260000228881836,5.349999904632568,5.349999904632568,13500
2020-02-18,5.300000190734863,5.5,5.300000190734863,5.46999979019165,5.46999979019165,3500
2020-02-19,5.5,6.3979997634887695,5.5,6.188000202178955,6.188000202178955,67800
2020-02-20,6.0,6.039999961853027,5.989999771118164,6.0,6.0,24000
2020-02-21,5.889999866485596,6.050000190734863,5.849999904632568,6.0,6.0,18100
2020-02-24,6.039999961853027,6.25,5.576000213623047,6.21999979019165,6.21999979019165,4300
2020-02-25,5.922999858856201,5.940000057220459,5.909999847412109,5.929999828338623,5.929999828338623,2300
2020-02-26,5.940000057220459,5.989999771118164,5.809999942779541,5.820000171661377,5.820000171661377,2400
2020-02-27,5.835000038146973,5.96999979019165,5.800000190734863,5.840000152587891,5.840000152587891,2400
2020-02-28,5.760000228881836,5.760000228881836,5.679999828338623,5.760000228881836,5.760000228881836,5000
2020-03-02,5.690000057220459,5.96999979019165,5.690000057220459,5.909999847412109,5.909999847412109,3600
2020-03-03,5.613999843597412,5.909999847412109,5.610000133514404,5.809999942779541,5.809999942779541,2700
2020-03-04,5.510000228881836,5.900000095367432,5.510000228881836,5.789999961853027,5.789999961853027,2200
2020-03-05,5.789999961853027,5.940000057220459,5.764999866485596,5.940000057220459,5.940000057220459,3200
2020-03-06,5.8520002365112305,5.940000057220459,5.829999923706055,5.940000057220459,5.940000057220459,18600
2020-03-09,5.340000152587891,5.699999809265137,5.340000152587891,5.639999866485596,5.639999866485596,2000
2020-03-10,5.639999866485596,6.170000076293945,5.420000076293945,6.099999904632568,6.099999904632568,40600
2020-03-11,6.099999904632568,6.099999904632568,5.849999904632568,6.050000190734863,6.050000190734863,48300
2020-03-12,5.691999912261963,5.900000095367432,5.579999923706055,5.760000228881836,5.760000228881836,19400
2020-03-13,5.71999979019165,5.760000228881836,5.599999904632568,5.71999979019165,5.71999979019165,24300
2020-03-16,5.010000228881836,5.699999809265137,5.010000228881836,5.5,5.5,33000
2020-03-17,5.320000171661377,5.699999809265137,5.320000171661377,5.579999923706055,5.579999923706055,40800
2020-03-18,5.449999809265137,5.599999904632568,5.309999942779541,5.449999809265137,5.449999809265137,31000
2020-03-19,5.300000190734863,5.589000225067139,4.900000095367432,5.400000095367432,5.400000095367432,26400
2020-03-20,5.420000076293945,5.429999828338623,5.25,5.320000171661377,5.320000171661377,20800
2020-03-23,5.25,5.309999942779541,5.059999942779541,5.110000133514404,5.110000133514404,18100
2020-03-24,5.159999847412109,6.119999885559082,5.119999885559082,6.03000020980835,6.03000020980835,175700
2020-03-25,5.699999809265137,6.340000152587891,5.130000114440918,6.329999923706055,6.329999923706055,43600
2020-03-26,6.03000020980835,6.400000095367432,6.010000228881836,6.28000020980835,6.28000020980835,43400
2020-03-27,6.309999942779541,6.360000133514404,6.300000190734863,6.300000190734863,6.300000190734863,24700
2020-03-30,6.289999961853027,6.289999961853027,6.0,6.010000228881836,6.010000228881836,15300
2020-03-31,6.010000228881836,6.329999923706055,6.010000228881836,6.320000171661377,6.320000171661377,13400
2020-04-01,6.289999961853027,6.289999961853027,6.070000171661377,6.070000171661377,6.070000171661377,3900
2020-04-02,6.010000228881836,6.349999904632568,6.010000228881836,6.260000228881836,6.260000228881836,43900
2020-04-03,6.260000228881836,6.260000228881836,6.190000057220459,6.199999809265137,6.199999809265137,1800
2020-04-06,6.190000057220459,6.190000057220459,5.849999904632568,5.900000095367432,5.900000095367432,3600
2020-04-07,6.119999885559082,6.119999885559082,5.949999809265137,6.090000152587891,6.090000152587891,6400
2020-04-08,6.010000228881836,6.079999923706055,6.010000228881836,6.079999923706055,6.079999923706055,900
2020-04-09,6.010000228881836,6.050000190734863,6.010000228881836,6.039999961853027,6.039999961853027,1800
2020-04-13,6.010000228881836,6.010000228881836,6.010000228881836,6.010000228881836,6.010000228881836,1300
2020-04-14,6.260000228881836,6.260000228881836,6.019999980926514,6.03000020980835,6.03000020980835,1800
2020-04-15,6.110000133514404,6.139999866485596,6.110000133514404,6.139999866485596,6.139999866485596,1800
2020-04-16,6.099999904632568,6.099999904632568,6.079999923706055,6.090000152587891,6.090000152587891,4600
2020-04-17,6.0,6.099999904632568,5.920000076293945,6.010000228881836,6.010000228881836,18400
2020-04-20,6.270999908447266,6.270999908447266,6.110000133514404,6.269999980926514,6.269999980926514,900
2020-04-21,6.099999904632568,6.119999885559082,6.099999904632568,6.119999885559082,6.119999885559082,600
2020-04-22,6.119999885559082,6.269999980926514,6.090000152587891,6.239999771118164,6.239999771118164,5000
2020-04-23,6.239999771118164,6.239999771118164,6.104000091552734,6.190000057220459,6.190000057220459,2100
2020-04-24,6.21999979019165,6.21999979019165,6.099999904632568,6.099999904632568,6.099999904632568,500
2020-04-27,6.130000114440918,6.21999979019165,6.130000114440918,6.179999828338623,6.179999828338623,2600
2020-04-28,6.03000020980835,6.099999904632568,6.010000228881836,6.099999904632568,6.099999904632568,1300
2020-04-29,6.150000095367432,6.150000095367432,6.099999904632568,6.099999904632568,6.099999904632568,600
2020-04-30,5.96999979019165,6.340000152587891,5.96999979019165,6.340000152587891,6.340000152587891,2400
2020-05-01,6.099999904632568,6.099999904632568,6.099999904632568,6.099999904632568,6.099999904632568,200
2020-05-04,6.019999980926514,6.019999980926514,6.010000228881836,6.010000228881836,6.010000228881836,1800
2020-05-05,5.949999809265137,6.050000190734863,5.949999809265137,6.034999847412109,6.034999847412109,5400
2020-05-06,6.050000190734863,6.099999904632568,5.860000133514404,5.860000133514404,5.860000133514404,1700
2020-05-07,6.070000171661377,6.099999904632568,6.041999816894531,6.099999904632568,6.099999904632568,3300
2020-05-08,6.099999904632568,6.099999904632568,6.099999904632568,6.099999904632568,6.099999904632568,0
2020-05-11,5.882999897003174,6.25,5.880000114440918,6.150000095367432,6.150000095367432,3700
2020-05-12,6.0289998054504395,6.050000190734863,5.986000061035156,6.031000137329102,6.031000137329102,2000
2020-05-13,5.849999904632568,6.099999904632568,5.849999904632568,6.074999809265137,6.074999809265137,1100
2020-05-14,6.007999897003174,6.166999816894531,6.007999897003174,6.166999816894531,6.166999816894531,500
2020-05-15,6.170000076293945,6.170000076293945,5.900000095367432,6.019999980926514,6.019999980926514,2000
2020-05-18,5.900000095367432,6.679999828338623,5.900000095367432,6.679999828338623,6.679999828338623,20100
2020-05-19,6.599999904632568,6.599999904632568,5.940000057220459,6.0279998779296875,6.0279998779296875,2900
2020-05-20,6.039999961853027,6.340000152587891,6.039999961853027,6.300000190734863,6.300000190734863,5400
2020-05-21,6.203000068664551,6.300000190734863,6.119999885559082,6.300000190734863,6.300000190734863,21300
2020-05-22,6.090000152587891,6.659999847412109,6.090000152587891,6.659999847412109,6.659999847412109,7400
2020-05-26,6.400000095367432,6.400000095367432,6.326000213623047,6.326000213623047,6.326000213623047,400
2020-05-27,6.300000190734863,6.300000190734863,6.199999809265137,6.300000190734863,6.300000190734863,3600
2020-05-28,6.300000190734863,6.400000095367432,6.264999866485596,6.400000095367432,6.400000095367432,13100
2020-05-29,6.396999835968018,6.396999835968018,6.177999973297119,6.177999973297119,6.177999973297119,2100
2020-06-01,6.199999809265137,6.380000114440918,6.190000057220459,6.380000114440918,6.380000114440918,3000
2020-06-02,6.348999977111816,6.380000114440918,6.26800012588501,6.380000114440918,6.380000114440918,2100
2020-06-03,6.380000114440918,6.440000057220459,6.289999961853027,6.4070000648498535,6.4070000648498535,2000
2020-06-04,6.25,6.349999904632568,6.230000019073486,6.349999904632568,6.349999904632568,3000
2020-06-05,6.349999904632568,6.380000114440918,6.150000095367432,6.380000114440918,6.380000114440918,2400
2020-06-08,6.380000114440918,6.400000095367432,6.199999809265137,6.400000095367432,6.400000095367432,4800
2020-06-09,6.409999847412109,6.409999847412109,6.229000091552734,6.409999847412109,6.409999847412109,1800
2020-06-10,6.400000095367432,9.020000457763672,6.380000114440918,6.900000095367432,6.900000095367432,210000
2020-06-11,7.599999904632568,7.599999904632568,6.300000190734863,6.599999904632568,6.599999904632568,273300
2020-06-12,6.710000038146973,6.940000057220459,6.5,6.550000190734863,6.550000190734863,56400
2020-06-15,6.349999904632568,6.550000190734863,6.300000190734863,6.349999904632568,6.349999904632568,26300
2020-06-16,6.349999904632568,6.639999866485596,6.309999942779541,6.449999809265137,6.449999809265137,15400
2020-06-17,6.400000095367432,6.71999979019165,6.400000095367432,6.400000095367432,6.400000095367432,6300
2020-06-18,6.400000095367432,6.505000114440918,6.309999942779541,6.409999847412109,6.409999847412109,17400
2020-06-19,6.400000095367432,6.760000228881836,6.400000095367432,6.599999904632568,6.599999904632568,44900
2020-06-22,6.949999809265137,6.949999809265137,6.510000228881836,6.519999980926514,6.519999980926514,29200
2020-06-23,6.510000228881836,6.820000171661377,6.510000228881836,6.539999961853027,6.539999961853027,6100
2020-06-24,6.706999778747559,7.199999809265137,6.360000133514404,6.425000190734863,6.425000190734863,87500
2020-06-25,6.429999828338623,6.760000228881836,6.429999828338623,6.650000095367432,6.650000095367432,3400
2020-06-26,6.510000228881836,6.724999904632568,6.349999904632568,6.46999979019165,6.46999979019165,14300
2020-06-29,6.420000076293945,6.460000038146973,6.307000160217285,6.440000057220459,6.440000057220459,2500
2020-06-30,6.380000114440918,6.590000152587891,6.190000057220459,6.590000152587891,6.590000152587891,7500
2020-07-01,6.590000152587891,6.590000152587891,6.46999979019165,6.46999979019165,6.46999979019165,700
2020-07-02,6.360000133514404,6.449999809265137,6.360000133514404,6.449999809265137,6.449999809265137,1700
2020-07-06,6.557000160217285,6.559999942779541,6.440000057220459,6.46999979019165,6.46999979019165,4500
2020-07-07,6.400000095367432,6.559999942779541,6.400000095367432,6.559999942779541,6.559999942779541,6300
2020-07-08,6.53000020980835,6.550000190734863,6.53000020980835,6.550000190734863,6.550000190734863,600
2020-07-09,6.486999988555908,6.489999771118164,6.320000171661377,6.369999885559082,6.369999885559082,7000
2020-07-10,6.440000057220459,6.440000057220459,6.420000076293945,6.420000076293945,6.420000076293945,400
2020-07-13,6.380000114440918,6.420000076293945,6.150000095367432,6.380000114440918,6.380000114440918,5000
2020-07-14,6.380000114440918,6.420000076293945,6.28000020980835,6.420000076293945,6.420000076293945,1500
2020-07-15,6.420000076293945,6.420000076293945,6.360000133514404,6.389999866485596,6.389999866485596,1800
2020-07-16,6.300000190734863,6.567999839782715,6.260000228881836,6.260000228881836,6.260000228881836,1600
2020-07-17,6.400000095367432,6.400000095367432,6.389999866485596,6.389999866485596,6.389999866485596,600
2020-07-20,6.400000095367432,6.400000095367432,6.400000095367432,6.400000095367432,6.400000095367432,1100
2020-07-21,6.2230000495910645,6.590000152587891,6.2230000495910645,6.349999904632568,6.349999904632568,2500
2020-07-22,6.349999904632568,6.360000133514404,6.349999904632568,6.349999904632568,6.349999904632568,1000
2020-07-23,6.372000217437744,6.409999847412109,6.329999923706055,6.409999847412109,6.409999847412109,3400
2020-07-24,6.269999980926514,6.300000190734863,6.239999771118164,6.25,6.25,10600
2020-07-27,6.25,6.25,6.25,6.25,6.25,0
2020-07-28,6.119999885559082,6.300000190734863,6.0,6.300000190734863,6.300000190734863,3200
2020-07-29,6.300000190734863,6.300000190734863,6.300000190734863,6.300000190734863,6.300000190734863,0
2020-07-30,6.300000190734863,6.300000190734863,6.300000190734863,6.300000190734863,6.300000190734863,1100
2020-07-31,6.0,6.300000190734863,6.0,6.300000190734863,6.300000190734863,10100
2020-08-03,6.179999828338623,6.519999980926514,6.179999828338623,6.519999980926514,6.519999980926514,6600
2020-08-04,6.349999904632568,6.349999904632568,6.320000171661377,6.320000171661377,6.320000171661377,1700
2020-08-05,6.320000171661377,6.320000171661377,6.320000171661377,6.320000171661377,6.320000171661377,800
2020-08-06,6.320000171661377,6.320000171661377,6.320000171661377,6.320000171661377,6.320000171661377,100
2020-08-07,6.28000020980835,6.28000020980835,6.28000020980835,6.28000020980835,6.28000020980835,400
2020-08-10,6.28000020980835,6.28000020980835,6.28000020980835,6.28000020980835,6.28000020980835,0
2020-08-11,6.070000171661377,6.670000076293945,6.070000171661377,6.434999942779541,6.434999942779541,1300
2020-08-12,6.130000114440918,6.28000020980835,6.130000114440918,6.28000020980835,6.28000020980835,1400
2020-08-13,6.190000057220459,6.190000057220459,6.190000057220459,6.190000057220459,6.190000057220459,200
2020-08-14,6.329999923706055,6.329999923706055,6.289999961853027,6.289999961853027,6.289999961853027,300
2020-08-17,6.289999961853027,6.289999961853027,6.289999961853027,6.289999961853027,6.289999961853027,0
2020-08-18,6.119999885559082,6.550000190734863,6.119999885559082,6.329999923706055,6.329999923706055,2200
2020-08-19,6.099999904632568,6.150000095367432,6.099999904632568,6.150000095367432,6.150000095367432,400
2020-08-20,6.150000095367432,6.150000095367432,6.150000095367432,6.150000095367432,6.150000095367432,0
2020-08-21,6.150000095367432,6.150000095367432,6.110000133514404,6.110000133514404,6.110000133514404,400
2020-08-24,6.13700008392334,6.139999866485596,6.110000133514404,6.110000133514404,6.110000133514404,1700
2020-08-25,6.110000133514404,6.420000076293945,6.0,6.420000076293945,6.420000076293945,7300
2020-08-26,6.103000164031982,6.298999786376953,6.050000190734863,6.050000190734863,6.050000190734863,1500
2020-08-27,6.480000019073486,6.699999809265137,6.099999904632568,6.099999904632568,6.099999904632568,1000
2020-08-28,6.296999931335449,6.550000190734863,6.28000020980835,6.480000019073486,6.480000019073486,1300
2020-08-31,6.320000171661377,6.320000171661377,6.320000171661377,6.320000171661377,6.320000171661377,300
2020-09-01,6.230000019073486,6.230000019073486,6.179999828338623,6.179999828338623,6.179999828338623,300
2020-09-02,6.179999828338623,6.179999828338623,6.179999828338623,6.179999828338623,6.179999828338623,0
2020-09-03,6.170000076293945,6.170000076293945,6.090000152587891,6.170000076293945,6.170000076293945,1000
2020-09-04,6.179999828338623,6.239999771118164,6.059999942779541,6.150000095367432,6.150000095367432,2600
2020-09-08,6.099999904632568,6.205999851226807,6.099999904632568,6.205999851226807,6.205999851226807,500
2020-09-09,6.130000114440918,6.210000038146973,6.130000114440918,6.179999828338623,6.179999828338623,1300
2020-09-10,6.0,6.300000190734863,6.0,6.03000020980835,6.03000020980835,3200
2020-09-11,6.099999904632568,6.099999904632568,6.099999904632568,6.099999904632568,6.099999904632568,300
2020-09-14,6.10699987411499,6.113999843597412,6.10699987411499,6.110000133514404,6.110000133514404,3200
2020-09-15,6.119999885559082,6.144999980926514,6.119999885559082,6.144999980926514,6.144999980926514,700
2020-09-16,6.099999904632568,6.146999835968018,6.099999904632568,6.146999835968018,6.146999835968018,2800
2020-09-17,6.070000171661377,6.070000171661377,6.070000171661377,6.070000171661377,6.070000171661377,100
2020-09-18,6.130000114440918,6.139999866485596,6.110000133514404,6.110000133514404,6.110000133514404,3900
2020-09-21,6.099999904632568,6.099999904632568,6.099999904632568,6.099999904632568,6.099999904632568,800
2020-09-22,6.099999904632568,6.099999904632568,6.099999904632568,6.099999904632568,6.099999904632568,0
2020-09-23,6.110000133514404,6.21999979019165,6.110000133514404,6.21999979019165,6.21999979019165,1400
2020-09-24,6.199999809265137,6.199999809265137,6.130000114440918,6.130000114440918,6.130000114440918,500
2020-09-25,6.130000114440918,6.130000114440918,6.010000228881836,6.010000228881836,6.010000228881836,800
2020-09-28,6.0,6.130000114440918,6.0,6.050000190734863,6.050000190734863,2500
2020-09-29,6.179999828338623,6.179999828338623,6.0,6.0,6.0,3500
2020-09-30,5.590000152587891,5.590000152587891,5.590000152587891,5.590000152587891,5.590000152587891,200
2020-10-01,5.599999904632568,6.159999847412109,5.599999904632568,6.09499979019165,6.09499979019165,3300
2020-10-02,5.840000152587891,6.039999961853027,5.590000152587891,5.980000019073486,5.980000019073486,12100
2020-10-05,6.065000057220459,6.065000057220459,6.065000057220459,6.065000057220459,6.065000057220459,100
2020-10-06,6.204999923706055,6.204999923706055,6.204999923706055,6.204999923706055,6.204999923706055,300
2020-10-07,6.35699987411499,6.35699987411499,6.239999771118164,6.239999771118164,6.239999771118164,300
2020-10-08,6.577000141143799,6.614999771118164,6.078000068664551,6.078000068664551,6.078000068664551,2800
2020-10-09,6.289000034332275,6.300000190734863,6.050000190734863,6.050000190734863,6.050000190734863,900
2020-10-12,6.050000190734863,6.050000190734863,5.675000190734863,5.849999904632568,5.849999904632568,7700
2020-10-13,5.800000190734863,5.809999942779541,5.618000030517578,5.789999961853027,5.789999961853027,4300
2020-10-14,5.800000190734863,5.800000190734863,5.789999961853027,5.795000076293945,5.795000076293945,2400
2020-10-15,5.78000020980835,5.78000020980835,5.78000020980835,5.78000020980835,5.78000020980835,500
2020-10-16,5.679999828338623,5.78000020980835,5.679999828338623,5.78000020980835,5.78000020980835,900
2020-10-19,5.610000133514404,6.050000190734863,5.610000133514404,5.900000095367432,5.900000095367432,14700
2020-10-20,5.860000133514404,5.860000133514404,5.704999923706055,5.800000190734863,5.800000190734863,9000
2020-10-21,5.800000190734863,5.800000190734863,5.78000020980835,5.78000020980835,5.78000020980835,400
2020-10-22,5.789999961853027,5.800000190734863,5.599999904632568,5.599999904632568,5.599999904632568,10900
2020-10-23,5.564000129699707,5.789999961853027,5.5,5.64900016784668,5.64900016784668,4500
2020-10-26,5.559999942779541,5.579999923706055,5.360000133514404,5.489999771118164,5.489999771118164,16000
2020-10-27,5.78000020980835,5.78000020980835,5.75,5.78000020980835,5.78000020980835,800
2020-10-28,5.5,5.550000190734863,5.5,5.550000190734863,5.550000190734863,1500
2020-10-29,5.550000190734863,5.550000190734863,5.548999786376953,5.550000190734863,5.550000190734863,1200
2020-10-30,5.789999961853027,5.789999961853027,5.550000190734863,5.550000190734863,5.550000190734863,1600
2020-11-02,5.550000190734863,5.78000020980835,5.5,5.78000020980835,5.78000020980835,700
2020-11-03,5.5,5.5,5.414999961853027,5.414999961853027,5.414999961853027,1400
2020-11-04,5.010000228881836,6.019999980926514,5.010000228881836,6.010000228881836,6.010000228881836,4900
2020-11-05,6.210000038146973,6.210000038146973,6.210000038146973,6.210000038146973,6.210000038146973,200
2020-11-06,5.349999904632568,5.349999904632568,5.349999904632568,5.349999904632568,5.349999904632568,300
2020-11-09,5.900000095367432,6.0,5.900000095367432,6.0,6.0,1600
2020-11-10,6.0,6.0,6.0,6.0,6.0,0
2020-11-11,5.880000114440918,5.880000114440918,5.880000114440918,5.880000114440918,5.880000114440918,900
2020-11-12,5.802999973297119,5.802999973297119,5.800000190734863,5.800000190734863,5.800000190734863,2100
2020-11-13,5.800000190734863,5.900000095367432,5.800000190734863,5.829999923706055,5.829999923706055,4700
2020-11-16,5.800000190734863,5.836999893188477,5.800000190734863,5.836999893188477,5.836999893188477,3600
2020-11-17,5.849999904632568,5.849999904632568,5.849999904632568,5.849999904632568,5.849999904632568,400
2020-11-18,5.849999904632568,5.849999904632568,5.849999904632568,5.849999904632568,5.849999904632568,0
2020-11-19,5.809000015258789,6.0,5.809000015258789,5.889999866485596,5.889999866485596,500
2020-11-20,5.900000095367432,5.900000095367432,5.900000095367432,5.900000095367432,5.900000095367432,300
2020-11-23,5.949999809265137,5.949999809265137,5.800000190734863,5.800000190734863,5.800000190734863,1700
2020-11-24,6.0,6.0,5.800000190734863,5.800000190734863,5.800000190734863,900
2020-11-25,5.796999931335449,6.099999904632568,5.796999931335449,6.050000190734863,6.050000190734863,5200
2020-11-27,5.949999809265137,5.949999809265137,5.949999809265137,5.949999809265137,5.949999809265137,400
2020-11-30,6.0,6.150000095367432,6.0,6.150000095367432,6.150000095367432,900
2020-12-01,6.269999980926514,6.269999980926514,6.010000228881836,6.090000152587891,6.090000152587891,1200
2020-12-02,6.289999961853027,6.289999961853027,6.289999961853027,6.289999961853027,6.289999961853027,200
2020-12-03,6.110000133514404,6.110000133514404,6.010000228881836,6.090000152587891,6.090000152587891,900
2020-12-04,6.0,6.059999942779541,6.0,6.059999942779541,6.059999942779541,1500
2020-12-07,6.059999942779541,6.059999942779541,6.059999942779541,6.059999942779541,6.059999942779541,0
2020-12-08,6.0,6.0970001220703125,6.0,6.0970001220703125,6.0970001220703125,1600
2020-12-09,6.099999904632568,6.099999904632568,6.019999980926514,6.019999980926514,6.019999980926514,300
2020-12-10,6.119999885559082,6.119999885559082,6.0970001220703125,6.0970001220703125,6.0970001220703125,500
2020-12-11,6.110000133514404,6.110000133514404,6.0,6.0,6.0,1400
2020-12-14,6.130000114440918,6.130000114440918,6.0,6.0,6.0,1100
2020-12-15,6.039999961853027,6.039999961853027,6.039999961853027,6.039999961853027,6.039999961853027,200
2020-12-16,6.010000228881836,6.010000228881836,6.010000228881836,6.010000228881836,6.010000228881836,600
2020-12-17,6.0,6.03000020980835,6.0,6.03000020980835,6.03000020980835,700
2020-12-18,6.0,6.0,6.0,6.0,6.0,500
2020-12-21,6.0,6.177000045776367,6.0,6.177000045776367,6.177000045776367,1900
2020-12-22,6.008999824523926,6.179999828338623,6.008999824523926,6.179999828338623,6.179999828338623,4400
2020-12-23,6.000999927520752,6.000999927520752,6.000999927520752,6.000999927520752,6.000999927520752,200
2020-12-24,6.0,6.0,5.980000019073486,5.980000019073486,5.980000019073486,2500
2020-12-28,6.179999828338623,6.179999828338623,6.179999828338623,6.179999828338623,6.179999828338623,200
2020-12-29,6.170000076293945,6.170000076293945,6.170000076293945,6.170000076293945,6.170000076293945,300
2020-12-30,6.170000076293945,6.170000076293945,6.170000076293945,6.170000076293945,6.170000076293945,0
2020-12-31,6.170000076293945,6.170000076293945,6.170000076293945,6.170000076293945,6.170000076293945,0
2021-01-04,6.0,6.019999980926514,6.0,6.0,6.0,2300
2021-01-05,6.0,6.0,6.0,6.0,6.0,300
2021-01-06,6.0,6.050000190734863,6.0,6.0,6.0,2100
2021-01-07,6.090000152587891,6.099999904632568,6.019999980926514,6.059999942779541,6.059999942779541,1200
2021-01-08,6.0,6.059999942779541,6.0,6.0,6.0,1800
2021-01-11,6.0,6.0,5.980000019073486,6.0,6.0,2300
2021-01-12,6.0,6.5,6.0,6.243000030517578,6.243000030517578,19600
2021-01-13,6.243000030517578,6.243000030517578,6.243000030517578,6.243000030517578,6.243000030517578,0
2021-01-14,6.243000030517578,6.243000030517578,6.243000030517578,6.243000030517578,6.243000030517578,0
2021-01-15,6.039999961853027,6.199999809265137,6.019999980926514,6.199999809265137,6.199999809265137,1400
2021-01-19,6.420000076293945,6.420000076293945,6.239999771118164,6.239999771118164,6.239999771118164,700
2021-01-20,6.130000114440918,6.170000076293945,6.019999980926514,6.150000095367432,6.150000095367432,2200
2021-01-21,6.150000095367432,6.150000095367432,6.150000095367432,6.150000095367432,6.150000095367432,0
2021-01-22,6.019999980926514,6.019999980926514,6.019999980926514,6.019999980926514,6.019999980926514,800
2021-01-25,6.070000171661377,6.210000038146973,6.03000020980835,6.190000057220459,6.190000057220459,1300
2021-01-26,6.03000020980835,6.03000020980835,6.019999980926514,6.019999980926514,6.019999980926514,2700
2021-01-27,6.0,6.0269999504089355,5.25,6.0,6.0,15100
2021-01-28,6.0,6.0,6.0,6.0,6.0,2600
2021-01-29,6.0,6.010000228881836,6.0,6.0,6.0,1400
2021-02-01,6.002999782562256,6.010000228881836,6.0,6.0,6.0,1500
2021-02-02,6.004000186920166,6.010000228881836,6.004000186920166,6.010000228881836,6.010000228881836,700
2021-02-03,6.0,6.0,6.0,6.0,6.0,1200
2021-02-04,6.0,6.0,5.980000019073486,6.0,6.0,1300
2021-02-05,6.008999824523926,6.326000213623047,6.000999927520752,6.150000095367432,6.150000095367432,3800
2021-02-08,6.0,6.050000190734863,6.0,6.050000190734863,6.050000190734863,1400
2021-02-09,6.050000190734863,6.050000190734863,6.050000190734863,6.050000190734863,6.050000190734863,500
2021-02-10,6.070000171661377,6.070000171661377,6.039999961853027,6.050000190734863,6.050000190734863,1400
2021-02-11,6.190000057220459,6.25,6.010000228881836,6.25,6.25,2000
2021-02-12,6.03000020980835,6.105000019073486,6.03000020980835,6.105000019073486,6.105000019073486,600
2021-02-16,6.2829999923706055,6.619999885559082,6.230000019073486,6.425000190734863,6.425000190734863,19400
2021-02-17,6.394999980926514,7.0929999351501465,6.394999980926514,6.75,6.75,17200
2021-02-18,6.440000057220459,6.71999979019165,6.269999980926514,6.5,6.5,8100
2021-02-19,6.603000164031982,7.800000190734863,6.498000144958496,7.260000228881836,7.260000228881836,82200
2021-02-22,7.079999923706055,7.150000095367432,6.449999809265137,6.670000076293945,6.670000076293945,23300
2021-02-23,6.389999866485596,6.460000038146973,6.179999828338623,6.28000020980835,6.28000020980835,13500
2021-02-24,6.21999979019165,6.21999979019165,6.03000020980835,6.041999816894531,6.041999816894531,9600
2021-02-25,6.179999828338623,6.203999996185303,6.010000228881836,6.010000228881836,6.010000228881836,6200
2021-02-26,6.063000202178955,6.063000202178955,6.059999942779541,6.059999942779541,6.059999942779541,400
2021-03-01,6.130000114440918,6.150000095367432,6.130000114440918,6.150000095367432,6.150000095367432,800
2021-03-02,6.070000171661377,6.110000133514404,6.019999980926514,6.059999942779541,6.059999942779541,8400
2021-03-03,6.099999904632568,6.099999904632568,6.0289998054504395,6.03000020980835,6.03000020980835,12400
2021-03-04,6.03000020980835,6.257999897003174,5.710999965667725,5.760000228881836,5.760000228881836,41500
2021-03-05,5.940000057220459,5.940000057220459,5.940000057220459,5.940000057220459,5.940000057220459,500
2021-03-08,5.940000057220459,5.940000057220459,5.940000057220459,5.940000057220459,5.940000057220459,200
2021-03-09,5.900000095367432,6.150000095367432,5.78000020980835,6.005000114440918,6.005000114440918,4100
2021-03-10,5.980000019073486,6.199999809265137,5.980000019073486,6.010000228881836,6.010000228881836,1400
2021-03-11,5.909999847412109,5.909999847412109,5.909999847412109,5.909999847412109,5.909999847412109,300
2021-03-12,5.909999847412109,5.909999847412109,5.909999847412109,5.909999847412109,5.909999847412109,400
2021-03-15,6.0,6.0,6.0,6.0,6.0,300
2021-03-16,6.0,6.0,5.0,5.170000076293945,5.170000076293945,100400
2021-03-17,5.539999961853027,9.109999656677246,5.539999961853027,6.28000020980835,6.28000020980835,3481700
2021-03-18,5.920000076293945,6.139999866485596,5.5,5.53000020980835,5.53000020980835,280100
2021-03-19,5.5,5.809999942779541,5.449999809265137,5.559999942779541,5.559999942779541,70100
2021-03-22,5.519999980926514,5.75,5.199999809265137,5.230000019073486,5.230000019073486,168800
2021-03-23,5.289999961853027,5.559999942779541,5.150000095367432,5.329999923706055,5.329999923706055,158200
2021-03-24,5.210000038146973,5.485000133514404,5.03000020980835,5.400000095367432,5.400000095367432,121000
2021-03-25,5.349999904632568,5.389999866485596,5.059999942779541,5.230000019073486,5.230000019073486,116600
2021-03-26,5.230000019073486,5.300000190734863,5.059999942779541,5.230000019073486,5.230000019073486,103800
2021-03-29,5.380000114440918,5.422999858856201,5.199999809265137,5.349999904632568,5.349999904632568,138600
2021-03-30,5.269999980926514,5.269999980926514,5.0,5.010000228881836,5.010000228881836,152700
2021-03-31,5.010000228881836,5.059999942779541,4.710000038146973,4.75,4.75,107600
2021-04-01,4.909999847412109,5.039999961853027,4.480000019073486,4.510000228881836,4.510000228881836,103700
2021-04-05,4.489999771118164,4.650000095367432,4.489999771118164,4.570000171661377,4.570000171661377,15900
2021-04-06,4.460000038146973,4.630000114440918,4.460000038146973,4.579999923706055,4.579999923706055,12600
2021-04-07,4.630000114440918,4.630000114440918,4.130000114440918,4.190000057220459,4.190000057220459,89900
2021-04-08,4.340000152587891,4.363999843597412,4.150000095367432,4.28000020980835,4.28000020980835,97700
2021-04-09,4.300000190734863,4.320000171661377,4.099999904632568,4.139999866485596,4.139999866485596,80200
2021-04-12,4.210000038146973,4.210000038146973,3.799999952316284,3.9700000286102295,3.9700000286102295,111100
2021-04-13,3.9200000762939453,4.079999923706055,3.690000057220459,3.7300000190734863,3.7300000190734863,71900
2021-04-14,3.859999895095825,4.130000114440918,3.799999952316284,4.0,4.0,101900
2021-04-15,4.0,4.264999866485596,3.9200000762939453,4.199999809265137,4.199999809265137,124200
2021-04-16,4.159999847412109,4.489999771118164,4.070000171661377,4.25,4.25,83600
2021-04-19,4.190000057220459,4.800000190734863,4.190000057220459,4.579999923706055,4.579999923706055,72500
2021-04-20,4.906000137329102,5.150000095367432,4.630000114440918,5.150000095367432,5.150000095367432,143300
2021-04-21,5.090000152587891,5.175000190734863,4.989999771118164,5.035999774932861,5.035999774932861,47100
2021-04-22,5.019999980926514,5.090000152587891,4.703000068664551,5.010000228881836,5.010000228881836,49800
2021-04-23,4.989999771118164,5.03000020980835,4.980000019073486,5.010000228881836,5.010000228881836,51900
2021-04-26,5.019999980926514,5.019999980926514,4.900000095367432,4.949999809265137,4.949999809265137,21100
2021-04-27,4.889999866485596,5.089000225067139,4.889999866485596,4.96999979019165,4.96999979019165,29700
2021-04-28,4.949999809265137,5.0,4.849999904632568,4.989999771118164,4.989999771118164,18800
2021-04-29,4.949999809265137,5.090000152587891,4.949999809265137,5.079999923706055,5.079999923706055,9200
2021-04-30,5.0,5.090000152587891,5.0,5.090000152587891,5.090000152587891,10600
2021-05-03,4.985000133514404,5.110000133514404,4.985000133514404,5.110000133514404,5.110000133514404,24200
2021-05-04,5.070000171661377,5.25,5.070000171661377,5.25,5.25,42200
2021-05-05,5.190000057220459,5.818999767303467,5.15500020980835,5.539999961853027,5.539999961853027,80700
2021-05-06,5.480000019073486,5.579999923706055,5.300000190734863,5.309999942779541,5.309999942779541,20000
2021-05-07,5.360000133514404,5.485000133514404,5.300000190734863,5.409999847412109,5.409999847412109,8200
2021-05-10,5.349999904632568,5.679999828338623,5.349999904632568,5.525000095367432,5.525000095367432,10800
2021-05-11,5.300000190734863,5.440000057220459,5.300000190734863,5.349999904632568,5.349999904632568,5100
2021-05-12,5.300000190734863,5.445000171661377,5.300000190734863,5.300000190734863,5.300000190734863,5300
2021-05-13,5.300000190734863,5.425000190734863,5.300000190734863,5.420000076293945,5.420000076293945,14000
2021-05-14,5.519999980926514,5.519999980926514,5.449999809265137,5.47599983215332,5.47599983215332,3300
2021-05-17,5.480000019073486,5.599999904632568,5.340000152587891,5.510000228881836,5.510000228881836,9300
2021-05-18,5.690000057220459,5.760000228881836,5.489999771118164,5.489999771118164,5.489999771118164,5900
2021-05-19,5.460000038146973,5.534999847412109,5.309999942779541,5.329999923706055,5.329999923706055,11700
2021-05-20,5.381999969482422,5.381999969482422,5.355000019073486,5.355000019073486,5.355000019073486,300
2021-05-21,5.320000171661377,5.372000217437744,5.216000080108643,5.216000080108643,5.216000080108643,1400
2021-05-24,5.199999809265137,5.519999980926514,5.199999809265137,5.400000095367432,5.400000095367432,9000
2021-05-25,5.5,5.53000020980835,5.489999771118164,5.5,5.5,16100
2021-05-26,5.50600004196167,5.539999961853027,5.5,5.53000020980835,5.53000020980835,3100
2021-05-27,5.519999980926514,5.550000190734863,5.48799991607666,5.550000190734863,5.550000190734863,7100
2021-05-28,5.410999774932861,5.550000190734863,5.410999774932861,5.5,5.5,8000
2021-06-01,5.510000228881836,5.565000057220459,5.3480000495910645,5.5,5.5,11900
2021-06-02,5.460000038146973,5.558000087738037,5.460000038146973,5.53000020980835,5.53000020980835,4500
2021-06-03,5.5,5.550000190734863,5.5,5.550000190734863,5.550000190734863,5900
2021-06-04,5.510000228881836,5.590000152587891,5.510000228881836,5.559999942779541,5.559999942779541,6500
2021-06-07,5.559999942779541,5.610000133514404,5.559999942779541,5.599999904632568,5.599999904632568,7900
2021-06-08,5.570000171661377,5.599999904632568,5.550000190734863,5.579999923706055,5.579999923706055,8800
2021-06-09,5.599999904632568,5.840000152587891,5.59499979019165,5.829999923706055,5.829999923706055,24000
2021-06-10,5.800000190734863,6.050000190734863,5.800000190734863,5.900000095367432,5.900000095367432,29800
2021-06-11,5.820000171661377,5.989999771118164,5.507999897003174,5.789999961853027,5.789999961853027,13400
2021-06-14,5.900000095367432,5.900000095367432,5.550000190734863,5.699999809265137,5.699999809265137,9300
2021-06-15,5.684999942779541,5.724999904632568,5.684999942779541,5.710000038146973,5.710000038146973,2700
2021-06-16,5.449999809265137,5.949999809265137,5.429999828338623,5.679999828338623,5.679999828338623,9000
2021-06-17,5.489999771118164,5.809999942779541,5.46999979019165,5.738999843597412,5.738999843597412,13900
2021-06-18,5.75,5.75,5.75,5.75,5.75,600
2021-06-21,5.300000190734863,5.699999809265137,5.300000190734863,5.699999809265137,5.699999809265137,2300
2021-06-22,5.309999942779541,5.78000020980835,5.309999942779541,5.559999942779541,5.559999942779541,4700
2021-06-23,5.639999866485596,5.650000095367432,5.300000190734863,5.445000171661377,5.445000171661377,19000
2021-06-24,5.519999980926514,5.789999961853027,5.34499979019165,5.400000095367432,5.400000095367432,52400
2021-06-25,5.629000186920166,5.629000186920166,5.310999870300293,5.320000171661377,5.320000171661377,13800
2021-06-28,5.388999938964844,5.5,5.354000091552734,5.429999828338623,5.429999828338623,4300
2021-06-29,5.327000141143799,5.489999771118164,5.327000141143799,5.440000057220459,5.440000057220459,2300
2021-06-30,5.309999942779541,5.4079999923706055,5.309999942779541,5.380000114440918,5.380000114440918,1700
2021-07-01,5.360000133514404,5.394000053405762,5.360000133514404,5.394000053405762,5.394000053405762,700
2021-07-02,5.394000053405762,5.394000053405762,5.394000053405762,5.394000053405762,5.394000053405762,0
2021-07-06,5.394000053405762,5.394000053405762,5.394000053405762,5.394000053405762,5.394000053405762,0
2021-07-07,5.5960001945495605,5.5960001945495605,5.5960001945495605,5.5960001945495605,5.5960001945495605,700
2021-07-08,5.309999942779541,5.309999942779541,5.300000190734863,5.300000190734863,5.300000190734863,6000
2021-07-09,5.130000114440918,5.170000076293945,5.130000114440918,5.150000095367432,5.150000095367432,7600
2021-07-12,5.34499979019165,5.34499979019165,5.34499979019165,5.34499979019165,5.34499979019165,300
2021-07-13,5.119999885559082,5.150000095367432,4.860000133514404,5.130000114440918,5.130000114440918,21600
2021-07-14,5.079999923706055,5.46999979019165,5.050000190734863,5.46999979019165,5.46999979019165,2500
2021-07-15,5.269999980926514,5.269999980926514,4.945000171661377,4.989999771118164,4.989999771118164,35300
2021-07-16,4.989999771118164,4.989999771118164,4.989999771118164,4.989999771118164,4.989999771118164,100
2021-07-19,5.0370001792907715,5.0370001792907715,5.0,5.010000228881836,5.010000228881836,1700
2021-07-20,4.9710001945495605,5.010000228881836,4.929999828338623,4.929999828338623,4.929999828338623,1100
2021-07-21,5.0229997634887695,5.03000020980835,5.019999980926514,5.019999980926514,5.019999980926514,2000
2021-07-22,5.051000118255615,5.051000118255615,4.929999828338623,4.940000057220459,4.940000057220459,2500
2021-07-23,5.050000190734863,5.050000190734863,5.050000190734863,5.050000190734863,5.050000190734863,100
2021-07-26,5.050000190734863,5.050000190734863,5.050000190734863,5.050000190734863,5.050000190734863,400
2021-07-27,4.815000057220459,4.960000038146973,4.815000057220459,4.929999828338623,4.929999828338623,3800
2021-07-28,4.872000217437744,5.0370001792907715,4.800000190734863,4.949999809265137,4.949999809265137,53600
2021-07-29,4.914000034332275,5.050000190734863,4.914000034332275,4.960000038146973,4.960000038146973,2600
2021-07-30,5.110000133514404,5.110000133514404,4.960000038146973,4.960000038146973,4.960000038146973,4300
2021-08-02,4.817999839782715,5.054999828338623,4.817999839782715,5.054999828338623,5.054999828338623,1300
2021-08-03,5.340000152587891,5.340000152587891,5.28000020980835,5.300000190734863,5.300000190734863,1700
2021-08-04,5.190000057220459,5.199999809265137,5.052999973297119,5.063000202178955,5.063000202178955,1600
2021-08-05,4.875,5.172999858856201,4.875,5.048999786376953,5.048999786376953,1100
2021-08-06,5.330999851226807,5.349999904632568,4.590000152587891,5.190000057220459,5.190000057220459,10700
2021-08-09,4.949999809265137,5.199999809265137,4.949999809265137,5.079999923706055,5.079999923706055,3400
2021-08-10,4.539999961853027,5.309999942779541,4.539999961853027,5.260000228881836,5.260000228881836,11300
2021-08-11,5.196000099182129,5.204999923706055,4.853000164031982,5.050000190734863,5.050000190734863,19000
2021-08-12,4.789999961853027,5.179999828338623,4.789999961853027,5.138999938964844,5.138999938964844,6600
2021-08-13,5.138999938964844,5.138999938964844,5.138999938964844,5.138999938964844,5.138999938964844,0
2021-08-16,4.900000095367432,4.900000095367432,4.809999942779541,4.900000095367432,4.900000095367432,4000
2021-08-17,5.061999797821045,5.061999797821045,4.550000190734863,5.014999866485596,5.014999866485596,15700
2021-08-18,4.980000019073486,5.090000152587891,4.859000205993652,4.859000205993652,4.859000205993652,4100
2021-08-19,4.920000076293945,4.920000076293945,4.920000076293945,4.920000076293945,4.920000076293945,300
2021-08-20,4.920000076293945,4.920000076293945,4.920000076293945,4.920000076293945,4.920000076293945,0
2021-08-23,4.880000114440918,5.0,4.880000114440918,5.0,5.0,600
2021-08-24,5.039999961853027,5.0879998207092285,4.559999942779541,4.980000019073486,4.980000019073486,6800
2021-08-25,4.980000019073486,5.015999794006348,4.938000202178955,5.015999794006348,5.015999794006348,11500
2021-08-26,4.75,5.010000228881836,4.75,5.010000228881836,5.010000228881836,300
2021-08-27,5.03000020980835,5.050000190734863,5.03000020980835,5.050000190734863,5.050000190734863,400
2021-08-30,4.619999885559082,4.980000019073486,4.619999885559082,4.980000019073486,4.980000019073486,700
2021-08-31,4.980000019073486,4.980000019073486,4.980000019073486,4.980000019073486,4.980000019073486,0
2021-09-01,4.949999809265137,4.985000133514404,4.949999809265137,4.949999809265137,4.949999809265137,9100
2021-09-02,4.997000217437744,4.997000217437744,4.769999980926514,4.869999885559082,4.869999885559082,10500
2021-09-03,4.755000114440918,5.019999980926514,4.710000038146973,5.008999824523926,5.008999824523926,3100
2021-09-07,4.980000019073486,5.0,4.980000019073486,4.989999771118164,4.989999771118164,5600
2021-09-08,5.005000114440918,5.011000156402588,5.0,5.0,5.0,1800
2021-09-09,4.590000152587891,5.179999828338623,4.590000152587891,5.179999828338623,5.179999828338623,3200
2021-09-10,4.835000038146973,4.994999885559082,4.590000152587891,4.949999809265137,4.949999809265137,4300
2021-09-13,4.900000095367432,5.085000038146973,4.610000133514404,4.989999771118164,4.989999771118164,12100
2021-09-14,4.989999771118164,4.992000102996826,4.989999771118164,4.992000102996826,4.992000102996826,300
2021-09-15,5.0,5.0,4.53000020980835,4.985000133514404,4.985000133514404,8600
2021-09-16,4.760000228881836,5.396999835968018,4.704999923706055,5.241000175476074,5.241000175476074,17700
2021-09-17,5.35699987411499,5.989999771118164,5.340000152587891,5.872000217437744,5.872000217437744,61900
2021-09-20,5.869999885559082,5.949999809265137,5.800000190734863,5.900000095367432,5.900000095367432,46600
2021-09-21,5.900000095367432,6.0,5.889999866485596,6.0,6.0,31600
2021-09-22,5.900000095367432,5.989999771118164,5.900000095367432,5.989999771118164,5.989999771118164,5500
2021-09-23,5.918000221252441,6.119999885559082,5.918000221252441,6.090000152587891,6.090000152587891,6500
2021-09-24,6.019999980926514,6.03000020980835,6.0,6.014999866485596,6.014999866485596,12800
2021-09-27,5.604000091552734,6.099999904632568,5.604000091552734,6.099999904632568,6.099999904632568,9800
2021-09-28,5.960000038146973,5.989999771118164,5.699999809265137,5.949999809265137,5.949999809265137,10200
2021-09-29,6.0,6.0,5.748000144958496,5.960000038146973,5.960000038146973,7300
2021-09-30,5.949999809265137,6.0,5.949999809265137,6.0,6.0,2800
2021-10-01,5.9670000076293945,6.110000133514404,5.9670000076293945,6.099999904632568,6.099999904632568,8400
2021-10-04,6.010000228881836,6.010000228881836,6.0,6.0,6.0,8400
2021-10-05,6.084000110626221,6.084000110626221,6.0,6.0,6.0,8200
2021-10-06,6.0,6.0,6.0,6.0,6.0,0
2021-10-07,6.119999885559082,6.119999885559082,6.01800012588501,6.01800012588501,6.01800012588501,1000
2021-10-08,6.0,6.079999923706055,6.0,6.079999923706055,6.079999923706055,1400
2021-10-11,6.079999923706055,6.079999923706055,6.079999923706055,6.079999923706055,6.079999923706055,200
2021-10-12,6.010000228881836,6.054999828338623,6.0,6.0229997634887695,6.0229997634887695,2800
2021-10-13,6.0,6.0,6.0,6.0,6.0,600
2021-10-14,5.997000217437744,6.0,5.997000217437744,6.0,6.0,900
2021-10-15,6.071000099182129,6.073999881744385,6.0,6.0,6.0,2800
2021-10-18,6.000999927520752,6.015999794006348,6.0,6.0,6.0,11500
2021-10-19,5.699999809265137,5.699999809265137,5.699999809265137,5.699999809265137,5.699999809265137,1800
2021-10-20,5.5,6.170000076293945,5.119999885559082,6.099999904632568,6.099999904632568,51300
2021-10-21,6.099999904632568,6.5,5.6579999923706055,5.840000152587891,5.840000152587891,76400
2021-10-22,5.699999809265137,6.0,5.650000095367432,5.900000095367432,5.900000095367432,61600
2021-10-25,6.010000228881836,6.260000228881836,5.684999942779541,6.0,6.0,81400
2021-10-26,5.809999942779541,6.010000228881836,5.610000133514404,5.889999866485596,5.889999866485596,65900
2021-10-27,5.829999923706055,6.099999904632568,5.699999809265137,5.960000038146973,5.960000038146973,81100
2021-10-28,5.860000133514404,6.119999885559082,5.860000133514404,6.119999885559082,6.119999885559082,52600
2021-10-29,5.960000038146973,6.150000095367432,5.829999923706055,6.019999980926514,6.019999980926514,64100
2021-11-01,6.010000228881836,6.369999885559082,6.010000228881836,6.349999904632568,6.349999904632568,50900
2021-11-02,6.300000190734863,7.019999980926514,6.300000190734863,6.675000190734863,6.675000190734863,101200
2021-11-03,6.739999771118164,6.880000114440918,6.159999847412109,6.28000020980835,6.28000020980835,102800
2021-11-04,6.210000038146973,6.389999866485596,6.0,6.019999980926514,6.019999980926514,21900
2021-11-05,6.0,6.28000020980835,5.96999979019165,6.28000020980835,6.28000020980835,22000
2021-11-08,6.0,6.480000019073486,6.0,6.170000076293945,6.170000076293945,31800
2021-11-09,6.110000133514404,6.340000152587891,5.880000114440918,6.041999816894531,6.041999816894531,41800
2021-11-10,5.989999771118164,6.489999771118164,5.914999961853027,6.349999904632568,6.349999904632568,53000
2021-11-11,6.28000020980835,6.797999858856201,6.059999942779541,6.360000133514404,6.360000133514404,44400
2021-11-12,6.119999885559082,6.510000228881836,6.059999942779541,6.25,6.25,31600
2021-11-15,6.25,6.480000019073486,6.139999866485596,6.150000095367432,6.150000095367432,45900
2021-11-16,6.420000076293945,6.429999828338623,6.050000190734863,6.320000171661377,6.320000171661377,51000
2021-11-17,6.239999771118164,6.25,5.730000019073486,5.869999885559082,5.869999885559082,67800
2021-11-18,5.96999979019165,6.050000190734863,5.619999885559082,5.840000152587891,5.840000152587891,56100
2021-11-19,5.75,5.920000076293945,5.699999809265137,5.920000076293945,5.920000076293945,44700
2021-11-22,5.869999885559082,6.300000190734863,5.830999851226807,6.210000038146973,6.210000038146973,73100
2021-11-23,6.0,6.400000095367432,5.800000190734863,6.369999885559082,6.369999885559082,75100
2021-11-24,6.119999885559082,6.559999942779541,6.053999900817871,6.385000228881836,6.385000228881836,46600
2021-11-26,6.380000114440918,6.489999771118164,6.179999828338623,6.449999809265137,6.449999809265137,401200
2021-11-29,6.5,6.880000114440918,6.260000228881836,6.880000114440918,6.880000114440918,115100
2021-11-30,6.710000038146973,6.84499979019165,6.474999904632568,6.75,6.75,98800
2021-12-01,6.789999961853027,7.179999828338623,6.539999961853027,7.010000228881836,7.010000228881836,96600
2021-12-02,7.053999900817871,7.150000095367432,6.920000076293945,6.980000019073486,6.980000019073486,37800
2021-12-03,6.699999809265137,6.980000019073486,6.619999885559082,6.760000228881836,6.760000228881836,50900
2021-12-06,6.78000020980835,6.940000057220459,6.699999809265137,6.849999904632568,6.849999904632568,62600
2021-12-07,6.809999942779541,6.960000038146973,6.699999809265137,6.699999809265137,6.699999809265137,56300
2021-12-08,6.650000095367432,6.875,6.650000095367432,6.670000076293945,6.670000076293945,42300
2021-12-09,6.679999828338623,6.949999809265137,6.679999828338623,6.849999904632568,6.849999904632568,72200
2021-12-10,6.809999942779541,6.949999809265137,6.75,6.760000228881836,6.760000228881836,52100
2021-12-13,6.699999809265137,6.75,6.440000057220459,6.550000190734863,6.550000190734863,63600
2021-12-14,6.619999885559082,6.889999866485596,6.40500020980835,6.539999961853027,6.539999961853027,149200
2021-12-15,6.142000198364258,6.574999809265137,6.142000198364258,6.369999885559082,6.369999885559082,111400
2021-12-16,6.210000038146973,6.550000190734863,5.980000019073486,6.460000038146973,6.460000038146973,105600
2021-12-17,6.0,6.769999980926514,6.0,6.550000190734863,6.550000190734863,101200
2021-12-20,6.340000152587891,6.659999847412109,6.159999847412109,6.449999809265137,6.449999809265137,106200
2021-12-21,6.369999885559082,6.440000057220459,6.199999809265137,6.289999961853027,6.289999961853027,102000
2021-12-22,6.320000171661377,6.320000171661377,6.0,6.070000171661377,6.070000171661377,132400
2021-12-23,6.03000020980835,6.550000190734863,6.0,6.349999904632568,6.349999904632568,140400
2021-12-27,6.340000152587891,6.510000228881836,6.260000228881836,6.349999904632568,6.349999904632568,102400
2021-12-28,6.099999904632568,6.550000190734863,6.099999904632568,6.25,6.25,106100
2021-12-29,6.199999809265137,6.769999980926514,6.179999828338623,6.46999979019165,6.46999979019165,102900
2021-12-30,6.309999942779541,6.760000228881836,6.110000133514404,6.389999866485596,6.389999866485596,134300
2021-12-31,6.309999942779541,6.710000038146973,6.199999809265137,6.650000095367432,6.650000095367432,101700
2022-01-03,6.250999927520752,6.800000190734863,6.250999927520752,6.690000057220459,6.690000057220459,109600
2022-01-04,6.829999923706055,7.081999778747559,6.699999809265137,7.0,7.0,164200
2022-01-05,6.940000057220459,7.179999828338623,6.800000190734863,7.019999980926514,7.019999980926514,105200
2022-01-06,7.010000228881836,7.25,6.900000095367432,6.96999979019165,6.96999979019165,169100
2022-01-07,6.920000076293945,7.199999809265137,6.869999885559082,6.940000057220459,6.940000057220459,189900
2022-01-10,6.889999866485596,7.0,6.579999923706055,6.579999923706055,6.579999923706055,143600
2022-01-11,6.619999885559082,6.96999979019165,6.25,6.489999771118164,6.489999771118164,125500
2022-01-12,6.420000076293945,6.519999980926514,6.244999885559082,6.369999885559082,6.369999885559082,102800
2022-01-13,6.400000095367432,6.730000019073486,6.125,6.409999847412109,6.409999847412109,110000
2022-01-14,6.409999847412109,6.599999904632568,6.389999866485596,6.489999771118164,6.489999771118164,100300
2022-01-18,6.400000095367432,6.400000095367432,6.070000171661377,6.179999828338623,6.179999828338623,107400
2022-01-19,6.059999942779541,6.239999771118164,5.920000076293945,6.199999809265137,6.199999809265137,111200
2022-01-20,6.25,6.909999847412109,6.045000076293945,6.71999979019165,6.71999979019165,184500
2022-01-21,6.760000228881836,7.0,6.630000114440918,6.730000019073486,6.730000019073486,124600
2022-01-24,6.559999942779541,6.559999942779541,6.139999866485596,6.260000228881836,6.260000228881836,104400
2022-01-25,6.099999904632568,6.510000228881836,6.099999904632568,6.389999866485596,6.389999866485596,101400
2022-01-26,6.420000076293945,6.619999885559082,6.204999923706055,6.369999885559082,6.369999885559082,109100
2022-01-27,6.440000057220459,6.630000114440918,6.400000095367432,6.489999771118164,6.489999771118164,114300
2022-01-28,6.340000152587891,6.599999904632568,6.28000020980835,6.440000057220459,6.440000057220459,107200
2022-01-31,6.369999885559082,6.744999885559082,6.300000190734863,6.579999923706055,6.579999923706055,104200
2022-02-01,6.769999980926514,6.789999961853027,6.375,6.599999904632568,6.599999904632568,132700
2022-02-02,6.519999980926514,6.539999961853027,6.239999771118164,6.480000019073486,6.480000019073486,123800
2022-02-03,6.480000019073486,6.644999980926514,6.260000228881836,6.579999923706055,6.579999923706055,102200
2022-02-04,6.610000133514404,6.920000076293945,6.599999904632568,6.900000095367432,6.900000095367432,181100
2022-02-07,6.880000114440918,7.050000190734863,6.610000133514404,6.71999979019165,6.71999979019165,118000
2022-02-08,6.599999904632568,6.619999885559082,6.360000133514404,6.480000019073486,6.480000019073486,123000
2022-02-09,6.449999809265137,6.900000095367432,6.449999809265137,6.900000095367432,6.900000095367432,101700
2022-02-10,6.829999923706055,6.949999809265137,6.630000114440918,6.840000152587891,6.840000152587891,103200
2022-02-11,6.849999904632568,7.014999866485596,6.659999847412109,6.710000038146973,6.710000038146973,103300
2022-02-14,6.699999809265137,6.789999961853027,6.480000019073486,6.510000228881836,6.510000228881836,111900
2022-02-15,6.690000057220459,7.142000198364258,6.670000076293945,7.090000152587891,7.090000152587891,178800
2022-02-16,7.0,7.519999980926514,6.800000190734863,7.429999828338623,7.429999828338623,116400
2022-02-17,7.5,7.590000152587891,7.293000221252441,7.449999809265137,7.449999809265137,107800
2022-02-18,7.369999885559082,7.5,7.129000186920166,7.420000076293945,7.420000076293945,117500
2022-02-22,7.429999828338623,7.599999904632568,7.239999771118164,7.440000057220459,7.440000057220459,146200
2022-02-23,7.21999979019165,7.804999828338623,7.199999809265137,7.53000020980835,7.53000020980835,337100
2022-02-24,7.400000095367432,7.5,7.110000133514404,7.110000133514404,7.110000133514404,112100
2022-02-25,7.190000057220459,7.400000095367432,7.150000095367432,7.21999979019165,7.21999979019165,126700
2022-02-28,7.199999809265137,7.340000152587891,7.099999904632568,7.150000095367432,7.150000095367432,155800
2022-03-01,7.199999809265137,7.289999961853027,7.090000152587891,7.150000095367432,7.150000095367432,80300
2022-03-02,7.269999980926514,7.46999979019165,6.809999942779541,6.809999942779541,6.809999942779541,117000
2022-03-03,6.989999771118164,7.150000095367432,6.784999847412109,6.849999904632568,6.849999904632568,150600
2022-03-04,6.760000228881836,6.909999847412109,6.610000133514404,6.6479997634887695,6.6479997634887695,24900
2022-03-07,6.5,6.539999961853027,6.449999809265137,6.489999771118164,6.489999771118164,27800
2022-03-08,6.480000019073486,6.480000019073486,6.230000019073486,6.239999771118164,6.239999771118164,12400
2022-03-09,6.239999771118164,6.840000152587891,6.239999771118164,6.369999885559082,6.369999885559082,26800
2022-03-10,6.349999904632568,6.409999847412109,6.170000076293945,6.170000076293945,6.170000076293945,10300
2022-03-11,6.210000038146973,6.639999866485596,6.079999923706055,6.199999809265137,6.199999809265137,9500
2022-03-14,6.090000152587891,6.46999979019165,5.739999771118164,5.739999771118164,5.739999771118164,33900
2022-03-15,6.059999942779541,6.28000020980835,5.539999961853027,5.559999942779541,5.559999942779541,55500
2022-03-16,5.935999870300293,6.289999961853027,5.935999870300293,6.260000228881836,6.260000228881836,13800
2022-03-17,6.110000133514404,6.349999904632568,6.0,6.010000228881836,6.010000228881836,34300
2022-03-18,6.199999809265137,6.300000190734863,6.010000228881836,6.010000228881836,6.010000228881836,4500
2022-03-21,6.010000228881836,6.25,5.940000057220459,5.960000038146973,5.960000038146973,1200
2022-03-22,6.0,6.25,5.909999847412109,6.03000020980835,6.03000020980835,3700
2022-03-23,5.980000019073486,6.190000057220459,5.949999809265137,5.960000038146973,5.960000038146973,2500
2022-03-24,5.900000095367432,6.070000171661377,5.900000095367432,5.900000095367432,5.900000095367432,2000
2022-03-25,5.900000095367432,6.110000133514404,5.710000038146973,5.710000038146973,5.710000038146973,1800
2022-03-28,5.755000114440918,5.820000171661377,5.730000019073486,5.730000019073486,5.730000019073486,1300
2022-03-29,5.760000228881836,6.0370001792907715,5.760000228881836,5.900000095367432,5.900000095367432,1000
2022-03-30,5.880000114440918,6.010000228881836,5.71999979019165,5.71999979019165,5.71999979019165,900
2022-03-31,5.650000095367432,5.949999809265137,5.650000095367432,5.730000019073486,5.730000019073486,1100
2022-04-01,5.71999979019165,5.980000019073486,5.71999979019165,5.75,5.75,1800
2022-04-04,5.75,5.75,5.75,5.75,5.75,0
2022-04-05,5.789999961853027,6.159999847412109,5.255000114440918,5.295000076293945,5.295000076293945,10800
2022-04-06,5.260000228881836,5.900000095367432,5.235000133514404,5.900000095367432,5.900000095367432,11000
2022-04-07,5.579999923706055,5.579999923706055,5.519999980926514,5.519999980926514,5.519999980926514,1500
2022-04-08,5.510000228881836,5.690000057220459,5.510000228881836,5.53000020980835,5.53000020980835,1000
2022-04-11,5.067999839782715,5.295000076293945,5.03000020980835,5.28000020980835,5.28000020980835,2100
2022-04-12,5.0970001220703125,5.519999980926514,5.0970001220703125,5.380000114440918,5.380000114440918,600
2022-04-13,5.400000095367432,5.5,5.400000095367432,5.5,5.5,3300
2022-04-14,5.599999904632568,5.78000020980835,5.599999904632568,5.599999904632568,5.599999904632568,2200
2022-04-18,5.599999904632568,5.599999904632568,5.599999904632568,5.599999904632568,5.599999904632568,0
2022-04-19,5.789999961853027,5.789999961853027,5.599999904632568,5.789999961853027,5.789999961853027,600
2022-04-20,5.679999828338623,6.070000171661377,5.300000190734863,5.300000190734863,5.300000190734863,5600
2022-04-21,5.300000190734863,5.389999866485596,5.130000114440918,5.130000114440918,5.130000114440918,1500
2022-04-22,5.5,5.5,5.210000038146973,5.210000038146973,5.210000038146973,200
2022-04-25,5.239999771118164,5.380000114440918,5.239999771118164,5.380000114440918,5.380000114440918,300
2022-04-26,5.300000190734863,5.300000190734863,5.010000228881836,5.03000020980835,5.03000020980835,2800
2022-04-27,5.179999828338623,5.210000038146973,5.019999980926514,5.050000190734863,5.050000190734863,1300
2022-04-28,5.059999942779541,5.25,4.099999904632568,4.25,4.25,24700
2022-04-29,4.300000190734863,5.5,4.300000190734863,5.199999809265137,5.199999809265137,61900
2022-05-02,5.440000057220459,5.949999809265137,4.920000076293945,5.010000228881836,5.010000228881836,20400
2022-05-03,4.760000228881836,5.5,4.380000114440918,5.449999809265137,5.449999809265137,19000
2022-05-04,5.360000133514404,6.080999851226807,5.349999904632568,6.010000228881836,6.010000228881836,22900
2022-05-05,5.366000175476074,5.900000095367432,5.119999885559082,5.900000095367432,5.900000095367432,3700
2022-05-06,5.670000076293945,6.119999885559082,5.670000076293945,6.119999885559082,6.119999885559082,900
2022-05-09,5.929999828338623,6.0,5.929999828338623,6.0,6.0,1200
2022-05-10,5.670000076293945,5.789999961853027,5.650000095367432,5.789999961853027,5.789999961853027,600
2022-05-11,5.699999809265137,6.199999809265137,5.369999885559082,6.199999809265137,6.199999809265137,16300
2022-05-12,6.130000114440918,6.130000114440918,5.590000152587891,6.079999923706055,6.079999923706055,900
2022-05-13,5.9070000648498535,5.909999847412109,5.519999980926514,5.840000152587891,5.840000152587891,6000
2022-05-16,5.947999954223633,6.690000057220459,5.947999954223633,6.690000057220459,6.690000057220459,7300
2022-05-17,6.900000095367432,7.010000228881836,6.659999847412109,7.010000228881836,7.010000228881836,24300
2022-05-18,8.359999656677246,8.359999656677246,6.670000076293945,7.0,7.0,146200
2022-05-19,6.789999961853027,7.5,6.789999961853027,7.5,7.5,11900
2022-05-20,7.28000020980835,7.429999828338623,7.0,7.420000076293945,7.420000076293945,14300
2022-05-23,7.760000228881836,7.760000228881836,7.26800012588501,7.360000133514404,7.360000133514404,6300
2022-05-24,7.300000190734863,7.300000190734863,6.909999847412109,7.170000076293945,7.170000076293945,9800
2022-05-25,7.046000003814697,7.190000057220459,6.96999979019165,7.190000057220459,7.190000057220459,4700
2022-05-26,7.090000152587891,7.659999847412109,7.090000152587891,7.5,7.5,31900
2022-05-27,7.96999979019165,7.980000019073486,7.260000228881836,7.489999771118164,7.489999771118164,19900
2022-05-31,7.534999847412109,7.980000019073486,7.28000020980835,7.980000019073486,7.980000019073486,10800
2022-06-01,7.909999847412109,7.909999847412109,7.519999980926514,7.710000038146973,7.710000038146973,1800
2022-06-02,7.579999923706055,7.889999866485596,7.579999923706055,7.889999866485596,7.889999866485596,3700
2022-06-03,7.599999904632568,7.75,7.199999809265137,7.71999979019165,7.71999979019165,6500
2022-06-06,7.699999809265137,7.699999809265137,7.289999961853027,7.590000152587891,7.590000152587891,5800
2022-06-07,7.570000171661377,7.800000190734863,7.570000171661377,7.800000190734863,7.800000190734863,3600
2022-06-08,7.5980000495910645,7.599999904632568,7.5980000495910645,7.599999904632568,7.599999904632568,400
2022-06-09,7.599999904632568,7.869999885559082,7.599999904632568,7.869999885559082,7.869999885559082,1000
2022-06-10,7.829999923706055,7.829999923706055,7.78000020980835,7.789999961853027,7.789999961853027,800
2022-06-13,7.380000114440918,7.789999961853027,7.001999855041504,7.510000228881836,7.510000228881836,3100
2022-06-14,7.75,7.75,7.639999866485596,7.639999866485596,7.639999866485596,1300
2022-06-15,7.5,7.639999866485596,7.4039998054504395,7.5,7.5,1600
2022-06-16,7.414999961853027,7.665999889373779,7.414999961853027,7.489999771118164,7.489999771118164,1100
2022-06-17,7.489999771118164,8.199999809265137,7.489999771118164,8.079999923706055,8.079999923706055,50400
2022-06-21,7.699999809265137,8.0,7.5,7.559999942779541,7.559999942779541,18500
2022-06-22,7.679999828338623,8.300999641418457,7.679999828338623,8.279999732971191,8.279999732971191,69300
2022-06-23,8.350000381469727,8.5,7.699999809265137,8.5,8.5,102800
2022-06-24,8.399999618530273,8.5,8.3100004196167,8.489999771118164,8.489999771118164,13500
2022-06-27,8.5,8.5,8.069999694824219,8.069999694824219,8.069999694824219,5100
2022-06-28,8.03600025177002,8.170000076293945,7.880000114440918,8.170000076293945,8.170000076293945,3900
2022-06-29,8.170000076293945,8.170000076293945,8.170000076293945,8.170000076293945,8.170000076293945,0
2022-06-30,7.829999923706055,8.119999885559082,7.829999923706055,8.119999885559082,8.119999885559082,1500
2022-07-01,8.079999923706055,8.079999923706055,7.820000171661377,7.820000171661377,7.820000171661377,1200
2022-07-05,7.760000228881836,8.119999885559082,7.760000228881836,8.119999885559082,8.119999885559082,14500
2022-07-06,8.010000228881836,8.5,8.010000228881836,8.479999542236328,8.479999542236328,4300
2022-07-07,8.420000076293945,8.479999542236328,7.96999979019165,8.470000267028809,8.470000267028809,10500
2022-07-08,8.378000259399414,8.470000267028809,8.378000259399414,8.470000267028809,8.470000267028809,500
2022-07-11,8.430000305175781,8.479999542236328,8.029999732971191,8.229999542236328,8.229999542236328,5400
2022-07-12,8.25,8.470000267028809,8.170000076293945,8.449999809265137,8.449999809265137,3700
2022-07-13,8.130000114440918,8.380000114440918,8.100000381469727,8.380000114440918,8.380000114440918,2600
2022-07-14,8.359999656677246,8.380000114440918,8.354999542236328,8.380000114440918,8.380000114440918,1300
2022-07-15,8.34000015258789,8.34000015258789,8.34000015258789,8.34000015258789,8.34000015258789,500
2022-07-18,8.329999923706055,8.449999809265137,7.800000190734863,8.29699993133545,8.29699993133545,4600
2022-07-19,7.810999870300293,8.196000099182129,7.75600004196167,8.079999923706055,8.079999923706055,6300
2022-07-20,8.420000076293945,8.420000076293945,8.347999572753906,8.390000343322754,8.390000343322754,1200
2022-07-21,8.260000228881836,8.390000343322754,8.260000228881836,8.380000114440918,8.380000114440918,1900
2022-07-22,8.220000267028809,8.399999618530273,7.949999809265137,8.260000228881836,8.260000228881836,5400
2022-07-25,7.739999771118164,8.25,7.739999771118164,8.25,8.25,1400
2022-07-26,8.397000312805176,8.401000022888184,8.050000190734863,8.350000381469727,8.350000381469727,3100
2022-07-27,8.069999694824219,8.255000114440918,7.900000095367432,8.220999717712402,8.220999717712402,4800
2022-07-28,7.929999828338623,8.170000076293945,7.900000095367432,8.156999588012695,8.156999588012695,2100
2022-07-29,8.180000305175781,8.34000015258789,8.180000305175781,8.246999740600586,8.246999740600586,2100
2022-08-01,8.199999809265137,8.199999809265137,8.154999732971191,8.196999549865723,8.196999549865723,2600
2022-08-02,8.119999885559082,8.199999809265137,7.539999961853027,8.199999809265137,8.199999809265137,2200
2022-08-03,8.140000343322754,8.279999732971191,8.140000343322754,8.279999732971191,8.279999732971191,4800
2022-08-04,8.300000190734863,8.369999885559082,7.822000026702881,8.0,8.0,1400
2022-08-05,8.0,8.399999618530273,7.989999771118164,8.399999618530273,8.399999618530273,2200
2022-08-08,8.050000190734863,8.279999732971191,8.010000228881836,8.248000144958496,8.248000144958496,1300
2022-08-09,8.25,8.399999618530273,8.25,8.399999618530273,8.399999618530273,600
2022-08-10,8.300000190734863,8.399999618530273,8.199999809265137,8.25,8.25,1800
2022-08-11,8.140000343322754,8.149999618530273,8.140000343322754,8.149999618530273,8.149999618530273,300
2022-08-12,8.149999618530273,8.149999618530273,8.149999618530273,8.149999618530273,8.149999618530273,400
2022-08-15,8.149999618530273,8.149999618530273,8.149999618530273,8.149999618530273,8.149999618530273,0
2022-08-16,8.0,8.199999809265137,8.0,8.199999809265137,8.199999809265137,2000
2022-08-17,8.149999618530273,8.199999809265137,8.029999732971191,8.199999809265137,8.199999809265137,2000
2022-08-18,8.199999809265137,8.199999809265137,8.199999809265137,8.199999809265137,8.199999809265137,0
2022-08-19,8.109999656677246,8.199999809265137,8.109999656677246,8.199999809265137,8.199999809265137,700
2022-08-22,8.199999809265137,8.199999809265137,8.199999809265137,8.199999809265137,8.199999809265137,600
2022-08-23,7.980000019073486,8.109999656677246,7.980000019073486,8.109999656677246,8.109999656677246,600
2022-08-24,7.960000038146973,8.199999809265137,7.800000190734863,8.050000190734863,8.050000190734863,4200
2022-08-25,8.010000228881836,8.010000228881836,8.010000228881836,8.010000228881836,8.010000228881836,200
2022-08-26,8.109999656677246,8.109999656677246,8.100000381469727,8.100000381469727,8.100000381469727,400
2022-08-29,7.889999866485596,8.100000381469727,7.300000190734863,7.980000019073486,7.980000019073486,1300
2022-08-30,7.920000076293945,8.079999923706055,7.5,8.079999923706055,8.079999923706055,2500
2022-08-31,7.840000152587891,7.949999809265137,7.840000152587891,7.949999809265137,7.949999809265137,1600
2022-09-01,7.920000076293945,8.079999923706055,7.920000076293945,8.0600004196167,8.0600004196167,5000
2022-09-02,8.0600004196167,8.0600004196167,7.800000190734863,8.015999794006348,8.015999794006348,1600
2022-09-06,7.820000171661377,8.029999732971191,7.599999904632568,8.029999732971191,8.029999732971191,4300
2022-09-07,8.079999923706055,8.079999923706055,7.800000190734863,8.069999694824219,8.069999694824219,1700
2022-09-08,7.936999797821045,7.949999809265137,7.936999797821045,7.949999809265137,7.949999809265137,900
2022-09-09,7.949999809265137,8.0,7.639999866485596,7.650000095367432,7.650000095367432,1900
2022-09-12,7.949999809265137,7.949999809265137,7.639999866485596,7.894000053405762,7.894000053405762,2200
2022-09-13,7.949999809265137,7.949999809265137,7.679999828338623,7.800000190734863,7.800000190734863,1700
2022-09-14,7.821000099182129,7.900000095367432,7.821000099182129,7.900000095367432,7.900000095367432,400
2022-09-15,7.5,7.699999809265137,7.5,7.699999809265137,7.699999809265137,1300
2022-09-16,7.448999881744385,7.5,7.448999881744385,7.459000110626221,7.459000110626221,2500
2022-09-19,7.099999904632568,7.349999904632568,7.099999904632568,7.349999904632568,7.349999904632568,1700
2022-09-20,6.78000020980835,7.349999904632568,6.78000020980835,7.28000020980835,7.28000020980835,1100
2022-09-21,7.199999809265137,7.199999809265137,7.199999809265137,7.199999809265137,7.199999809265137,400
2022-09-22,7.179999828338623,7.179999828338623,7.179999828338623,7.179999828338623,7.179999828338623,400
2022-09-23,7.179999828338623,7.179999828338623,7.179999828338623,7.179999828338623,7.179999828338623,0
2022-09-26,7.5,7.5,7.300000190734863,7.300000190734863,7.300000190734863,1000
2022-09-27,7.449999809265137,7.539999961853027,7.449999809265137,7.5,7.5,2000
2022-09-28,7.059999942779541,7.5,7.059999942779541,7.400000095367432,7.400000095367432,3200
2022-09-29,7.497000217437744,7.5,7.110000133514404,7.400000095367432,7.400000095367432,1800
2022-09-30,7.340000152587891,7.340000152587891,7.340000152587891,7.340000152587891,7.340000152587891,200
2022-10-03,7.329999923706055,7.329999923706055,7.309999942779541,7.309999942779541,7.309999942779541,700
2022-10-04,7.050000190734863,7.449999809265137,7.050000190734863,7.449999809265137,7.449999809265137,200
2022-10-05,7.449999809265137,7.449999809265137,7.449999809265137,7.449999809265137,7.449999809265137,0
2022-10-06,7.179999828338623,7.5,7.179999828338623,7.5,7.5,400
2022-10-07,7.099999904632568,7.389999866485596,7.099999904632568,7.389999866485596,7.389999866485596,900
2022-10-10,7.289999961853027,7.289999961853027,7.289999961853027,7.289999961853027,7.289999961853027,500
2022-10-11,7.28000020980835,7.28000020980835,7.25,7.25,7.25,300
2022-10-12,7.150000095367432,7.150000095367432,7.099999904632568,7.150000095367432,7.150000095367432,1100
2022-10-13,7.039999961853027,7.039999961853027,7.039999961853027,7.039999961853027,7.039999961853027,200
2022-10-14,6.570000171661377,6.800000190734863,6.570000171661377,6.570000171661377,6.570000171661377,300
2022-10-17,6.570000171661377,6.590000152587891,6.539999961853027,6.550000190734863,6.550000190734863,700
2022-10-18,6.889999866485596,7.099999904632568,6.5,6.53000020980835,6.53000020980835,2100
2022-10-19,6.639999866485596,6.849999904632568,6.639999866485596,6.760000228881836,6.760000228881836,500
2022-10-20,6.760000228881836,6.760000228881836,6.760000228881836,6.760000228881836,6.760000228881836,0
2022-10-21,6.210000038146973,6.699999809265137,6.210000038146973,6.690000057220459,6.690000057220459,1400
2022-10-24,6.539999961853027,6.539999961853027,6.331999778747559,6.460000038146973,6.460000038146973,700
2022-10-25,6.260000228881836,6.260000228881836,6.260000228881836,6.260000228881836,6.260000228881836,500
2022-10-26,6.199999809265137,6.449999809265137,6.199999809265137,6.449999809265137,6.449999809265137,400
2022-10-27,6.050000190734863,6.050000190734863,6.050000190734863,6.050000190734863,6.050000190734863,600
2022-10-28,6.179999828338623,6.190000057220459,6.179999828338623,6.190000057220459,6.190000057220459,500
2022-10-31,6.25,6.349999904632568,6.25,6.349999904632568,6.349999904632568,700
2022-11-01,6.329999923706055,6.400000095367432,6.150000095367432,6.150000095367432,6.150000095367432,1000
2022-11-02,6.639999866485596,6.639999866485596,6.639999866485596,6.639999866485596,6.639999866485596,300
2022-11-03,6.25,6.599999904632568,6.210000038146973,6.599999904632568,6.599999904632568,600
2022-11-04,6.603000164031982,6.61299991607666,6.599999904632568,6.610000133514404,6.610000133514404,4000
2022-11-07,7.230000019073486,7.230000019073486,6.650000095367432,7.099999904632568,7.099999904632568,1100
2022-11-08,7.010000228881836,7.010000228881836,6.96999979019165,6.96999979019165,6.96999979019165,300
2022-11-09,6.650000095367432,6.880000114440918,6.599999904632568,6.849999904632568,6.849999904632568,2700
2022-11-10,6.848999977111816,7.0,6.829999923706055,7.0,7.0,2500
2022-11-11,7.139999866485596,7.239999771118164,7.139999866485596,7.239999771118164,7.239999771118164,8900
2022-11-14,7.769999980926514,7.949999809265137,7.769999980926514,7.949999809265137,7.949999809265137,6500
2022-11-15,7.070000171661377,7.770999908447266,7.070000171661377,7.770999908447266,7.770999908447266,5000
2022-11-16,7.78000020980835,7.78000020980835,7.389999866485596,7.489999771118164,7.489999771118164,8400
2022-11-17,7.28000020980835,7.78000020980835,7.28000020980835,7.78000020980835,7.78000020980835,600
2022-11-18,7.510000228881836,7.510000228881836,7.510000228881836,7.510000228881836,7.510000228881836,200
2022-11-21,7.420000076293945,7.800000190734863,7.420000076293945,7.800000190734863,7.800000190734863,2200
2022-11-22,7.800000190734863,7.800000190734863,7.800000190734863,7.800000190734863,7.800000190734863,100
2022-11-23,7.409999847412109,7.920000076293945,6.909999847412109,7.710000038146973,7.710000038146973,3800
2022-11-25,7.800000190734863,7.800000190734863,7.21999979019165,7.5,7.5,1000
2022-11-28,7.5,7.5,7.5,7.5,7.5,0
2022-11-29,7.5,7.5,7.5,7.5,7.5,0
2022-11-30,7.480000019073486,7.480000019073486,7.059999942779541,7.059999942779541,7.059999942779541,600
2022-12-01,7.059999942779541,7.059999942779541,7.050000190734863,7.059999942779541,7.059999942779541,2000
2022-12-02,7.059999942779541,7.059999942779541,7.059999942779541,7.059999942779541,7.059999942779541,0
2022-12-05,6.800000190734863,7.389999866485596,6.800000190734863,7.159999847412109,7.159999847412109,2000
2022-12-06,7.050000190734863,7.050000190734863,7.050000190734863,7.050000190734863,7.050000190734863,200
2022-12-07,7.081999778747559,7.090000152587891,7.050000190734863,7.090000152587891,7.090000152587891,3700
2022-12-08,7.073999881744385,7.099999904632568,7.070000171661377,7.090000152587891,7.090000152587891,5000
2022-12-09,7.320000171661377,7.320000171661377,7.320000171661377,7.320000171661377,7.320000171661377,200
2022-12-12,7.320000171661377,7.320000171661377,7.320000171661377,7.320000171661377,7.320000171661377,0
2022-12-13,6.945000171661377,7.369999885559082,6.945000171661377,7.369999885559082,7.369999885559082,1400
2022-12-14,7.369999885559082,7.369999885559082,7.369999885559082,7.369999885559082,7.369999885559082,100
2022-12-15,7.5,7.5,7.195000171661377,7.460000038146973,7.460000038146973,400
2022-12-16,7.460000038146973,7.460000038146973,7.460000038146973,7.460000038146973,7.460000038146973,0
2022-12-19,7.460000038146973,7.460000038146973,7.460000038146973,7.460000038146973,7.460000038146973,0
2022-12-20,7.460000038146973,7.460000038146973,7.460000038146973,7.460000038146973,7.460000038146973,0
2022-12-21,7.730000019073486,7.760000228881836,7.71999979019165,7.71999979019165,7.71999979019165,500
2022-12-22,7.71999979019165,7.71999979019165,7.010000228881836,7.010000228881836,7.010000228881836,200
2022-12-23,7.380000114440918,7.699999809265137,7.010000228881836,7.010000228881836,7.010000228881836,1200
2022-12-27,7.670000076293945,7.670000076293945,7.640999794006348,7.640999794006348,7.640999794006348,800
2022-12-28,7.64300012588501,7.64300012588501,7.639999866485596,7.639999866485596,7.639999866485596,300
2022-12-29,7.639999866485596,7.639999866485596,7.639999866485596,7.639999866485596,7.639999866485596,0
2022-12-30,7.639999866485596,7.639999866485596,7.639999866485596,7.639999866485596,7.639999866485596,100
2023-01-03,7.639999866485596,7.639999866485596,7.639999866485596,7.639999866485596,7.639999866485596,0
2023-01-04,7.570000171661377,7.639999866485596,7.570000171661377,7.639999866485596,7.639999866485596,300
2023-01-05,7.639999866485596,7.639999866485596,7.639999866485596,7.639999866485596,7.639999866485596,0
2023-01-06,7.300000190734863,7.300000190734863,7.300000190734863,7.300000190734863,7.300000190734863,200
2023-01-09,7.199999809265137,7.199999809265137,6.940000057220459,6.940000057220459,6.940000057220459,500
2023-01-10,6.940000057220459,6.940000057220459,6.940000057220459,6.940000057220459,6.940000057220459,100
2023-01-11,6.909999847412109,6.909999847412109,6.5,6.519999980926514,6.519999980926514,1300
2023-01-12,6.449999809265137,6.8429999351501465,6.449999809265137,6.8429999351501465,6.8429999351501465,700
2023-01-13,6.8429999351501465,6.8429999351501465,6.8429999351501465,6.8429999351501465,6.8429999351501465,0
2023-01-17,6.8429999351501465,6.8429999351501465,6.8429999351501465,6.8429999351501465,6.8429999351501465,0
2023-01-18,6.8429999351501465,6.8429999351501465,6.8429999351501465,6.8429999351501465,6.8429999351501465,0
2023-01-19,6.460000038146973,6.460000038146973,6.460000038146973,6.460000038146973,6.460000038146973,200
2023-01-20,6.599999904632568,6.599999904632568,6.0970001220703125,6.0970001220703125,6.0970001220703125,1600
2023-01-23,6.400000095367432,6.400000095367432,6.400000095367432,6.400000095367432,6.400000095367432,700
2023-01-24,6.400000095367432,6.400000095367432,6.400000095367432,6.400000095367432,6.400000095367432,0
2023-01-25,6.400000095367432,6.400000095367432,6.400000095367432,6.400000095367432,6.400000095367432,0
2023-01-26,6.400000095367432,6.400000095367432,6.400000095367432,6.400000095367432,6.400000095367432,0
2023-01-27,6.400000095367432,6.400000095367432,6.400000095367432,6.400000095367432,6.400000095367432,0
2023-01-30,6.650000095367432,6.659999847412109,6.650000095367432,6.659999847412109,6.659999847412109,600
2023-01-31,6.550000190734863,6.550000190734863,6.550000190734863,6.550000190734863,6.550000190734863,1100
2023-02-01,6.429999828338623,6.429999828338623,6.429999828338623,6.429999828338623,6.429999828338623,200
2023-02-02,6.389999866485596,6.800000190734863,6.239999771118164,6.260000228881836,6.260000228881836,2000
2023-02-03,6.260000228881836,6.260000228881836,6.260000228881836,6.260000228881836,6.260000228881836,0
2023-02-06,6.260000228881836,6.260000228881836,6.260000228881836,6.260000228881836,6.260000228881836,0
2023-02-07,6.260000228881836,6.260000228881836,6.260000228881836,6.260000228881836,6.260000228881836,0
2023-02-08,6.260000228881836,6.260000228881836,6.260000228881836,6.260000228881836,6.260000228881836,0
2023-02-09,6.260000228881836,6.260000228881836,6.260000228881836,6.260000228881836,6.260000228881836,0
2023-02-10,6.139999866485596,6.139999866485596,6.139999866485596,6.139999866485596,6.139999866485596,100
2023-02-13,6.139999866485596,6.139999866485596,6.139999866485596,6.139999866485596,6.139999866485596,0
2023-02-14,6.170000076293945,6.170000076293945,6.170000076293945,6.170000076293945,6.170000076293945,100
2023-02-15,6.170000076293945,6.170000076293945,6.170000076293945,6.170000076293945,6.170000076293945,300
2023-02-16,6.050000190734863,6.570000171661377,6.010000228881836,6.570000171661377,6.570000171661377,700
2023-02-17,6.570000171661377,6.570000171661377,6.570000171661377,6.570000171661377,6.570000171661377,0
2023-02-21,6.5,6.5,6.480000019073486,6.5,6.5,1000
2023-02-22,6.130000114440918,6.130000114440918,6.130000114440918,6.130000114440918,6.130000114440918,200
2023-02-23,6.170000076293945,6.25,6.170000076293945,6.25,6.25,500
2023-02-24,6.269999980926514,6.449999809265137,6.269999980926514,6.449999809265137,6.449999809265137,700
2023-02-27,6.679999828338623,6.679999828338623,6.150000095367432,6.150000095367432,6.150000095367432,300
2023-02-28,7.210000038146973,7.210000038146973,7.210000038146973,7.210000038146973,7.210000038146973,1100
2023-03-01,8.100000381469727,9.630000114440918,5.795000076293945,6.179999828338623,6.179999828338623,43700
2023-03-02,6.0,6.5,5.760000228881836,6.0,6.0,11300
2023-03-03,6.099999904632568,6.099999904632568,5.920000076293945,5.920000076293945,5.920000076293945,1100
2023-03-06,5.789999961853027,6.010000228881836,5.789999961853027,6.0,6.0,700
2023-03-07,6.0,6.0,6.0,6.0,6.0,100
2023-03-08,6.0,6.0,6.0,6.0,6.0,500
2023-03-09,5.599999904632568,5.599999904632568,5.550000190734863,5.550000190734863,5.550000190734863,1100
2023-03-10,5.5,5.880000114440918,5.5,5.7210001945495605,5.7210001945495605,3400
2023-03-13,5.03000020980835,5.390999794006348,4.889999866485596,4.989999771118164,4.989999771118164,3900
2023-03-14,5.300000190734863,5.300000190734863,5.300000190734863,5.300000190734863,5.300000190734863,200
2023-03-15,5.300000190734863,5.300000190734863,5.300000190734863,5.300000190734863,5.300000190734863,0
2023-03-16,5.300000190734863,5.300000190734863,5.300000190734863,5.300000190734863,5.300000190734863,0
2023-03-17,5.300000190734863,5.300000190734863,5.300000190734863,5.300000190734863,5.300000190734863,0
2023-03-20,5.6570000648498535,6.119999885559082,5.630000114440918,6.119999885559082,6.119999885559082,3400
2023-03-21,7.059999942779541,7.179999828338623,6.800000190734863,7.179999828338623,7.179999828338623,4800
2023-03-22,6.940000057220459,7.400000095367432,6.940000057220459,7.070000171661377,7.070000171661377,1500
2023-03-23,6.199999809265137,6.670000076293945,5.860000133514404,6.670000076293945,6.670000076293945,3000
2023-03-24,6.670000076293945,6.670000076293945,6.670000076293945,6.670000076293945,6.670000076293945,800
2023-03-27,5.5,6.502999782562256,5.5,6.502999782562256,6.502999782562256,1200
2023-03-28,5.769999980926514,7.269999980926514,5.070000171661377,5.63100004196167,5.63100004196167,23300
2023-03-29,5.940000057220459,5.99399995803833,5.940000057220459,5.974999904632568,5.974999904632568,3600
2023-03-30,5.550000190734863,5.579999923706055,5.550000190734863,5.579999923706055,5.579999923706055,800
2023-03-31,5.589000225067139,5.610000133514404,5.589000225067139,5.610000133514404,5.610000133514404,700
2023-04-03,5.800000190734863,5.800000190734863,5.758999824523926,5.758999824523926,5.758999824523926,700
2023-04-04,5.5,5.5,5.5,5.5,5.5,100
2023-04-05,5.502999782562256,5.502999782562256,5.5,5.5,5.5,400
2023-04-06,5.489999771118164,5.489999771118164,5.199999809265137,5.199999809265137,5.199999809265137,900
2023-04-10,5.199999809265137,5.199999809265137,5.099999904632568,5.130000114440918,5.130000114440918,2700
2023-04-11,5.130000114440918,5.130000114440918,5.130000114440918,5.130000114440918,5.130000114440918,0
2023-04-12,5.119999885559082,5.119999885559082,5.119999885559082,5.119999885559082,5.119999885559082,200
2023-04-13,5.440000057220459,5.769999980926514,5.440000057220459,5.769999980926514,5.769999980926514,2300
2023-04-14,5.769999980926514,5.769999980926514,5.769999980926514,5.769999980926514,5.769999980926514,0
2023-04-17,5.139999866485596,5.590000152587891,5.139999866485596,5.539000034332275,5.539000034332275,2300
2023-04-18,5.539999961853027,5.650000095367432,5.539999961853027,5.650000095367432,5.650000095367432,400
2023-04-19,5.650000095367432,5.650000095367432,5.650000095367432,5.650000095367432,5.650000095367432,2300
2023-04-20,5.650000095367432,5.650000095367432,5.650000095367432,5.650000095367432,5.650000095367432,0
2023-04-21,5.610000133514404,5.610000133514404,5.610000133514404,5.610000133514404,5.610000133514404,100
2023-04-24,5.389999866485596,5.389999866485596,5.389999866485596,5.389999866485596,5.389999866485596,200
2023-04-25,5.429999828338623,5.599999904632568,5.429999828338623,5.599999904632568,5.599999904632568,1100
2023-04-26,5.360000133514404,5.360000133514404,5.360000133514404,5.360000133514404,5.360000133514404,400
2023-04-27,5.360000133514404,5.360000133514404,5.360000133514404,5.360000133514404,5.360000133514404,0
2023-04-28,5.360000133514404,5.360000133514404,5.360000133514404,5.360000133514404,5.360000133514404,0
2023-05-01,5.46999979019165,5.46999979019165,5.40500020980835,5.40500020980835,5.40500020980835,1100
2023-05-02,5.489999771118164,5.5,5.070000171661377,5.5,5.5,20800
2023-05-03,5.329999923706055,5.329999923706055,5.300000190734863,5.300000190734863,5.300000190734863,3500
2023-05-04,5.539999961853027,5.539999961853027,5.440000057220459,5.440000057220459,5.440000057220459,1900
2023-05-05,5.28000020980835,5.570000171661377,5.28000020980835,5.570000171661377,5.570000171661377,700
2023-05-08,5.132999897003174,5.389999866485596,5.132999897003174,5.389999866485596,5.389999866485596,400
2023-05-09,5.28000020980835,5.510000228881836,5.28000020980835,5.489999771118164,5.489999771118164,1600
2023-05-10,5.488999843597412,5.510000228881836,5.460000038146973,5.510000228881836,5.510000228881836,2700
2023-05-11,5.510000228881836,5.510000228881836,5.510000228881836,5.510000228881836,5.510000228881836,0
2023-05-12,5.329999923706055,5.329999923706055,5.329999923706055,5.329999923706055,5.329999923706055,100
2023-05-15,5.329999923706055,5.329999923706055,5.329999923706055,5.329999923706055,5.329999923706055,0
2023-05-16,5.630000114440918,5.630000114440918,5.570000171661377,5.570000171661377,5.570000171661377,1000
2023-05-17,5.570000171661377,5.570000171661377,5.570000171661377,5.570000171661377,5.570000171661377,0
2023-05-18,5.570000171661377,5.570000171661377,5.5,5.5,5.5,700
2023-05-19,5.5,5.5,5.5,5.5,5.5,100
2023-05-22,5.139999866485596,5.139999866485596,5.139999866485596,5.139999866485596,5.139999866485596,300
2023-05-23,5.139999866485596,5.139999866485596,5.139999866485596,5.139999866485596,5.139999866485596,0
2023-05-24,5.139999866485596,5.139999866485596,5.139999866485596,5.139999866485596,5.139999866485596,0
2023-05-25,5.400000095367432,5.619999885559082,5.059999942779541,5.590000152587891,5.590000152587891,1700
2023-05-26,5.590000152587891,5.590000152587891,5.559999942779541,5.590000152587891,5.590000152587891,400
2023-05-30,5.650000095367432,5.650000095367432,5.650000095367432,5.650000095367432,5.650000095367432,400
2023-05-31,5.150000095367432,5.150000095367432,5.070000171661377,5.070000171661377,5.070000171661377,700
2023-06-01,5.070000171661377,5.070000171661377,5.070000171661377,5.070000171661377,5.070000171661377,0
2023-06-02,5.070000171661377,5.070000171661377,5.070000171661377,5.070000171661377,5.070000171661377,0
2023-06-05,5.070000171661377,5.070000171661377,5.070000171661377,5.070000171661377,5.070000171661377,0
2023-06-06,5.070000171661377,5.070000171661377,5.070000171661377,5.070000171661377,5.070000171661377,0
2023-06-07,5.53000020980835,5.53000020980835,5.53000020980835,5.53000020980835,5.53000020980835,200
2023-06-08,5.329999923706055,5.329999923706055,4.610000133514404,5.0,5.0,13000
2023-06-09,5.0,5.0,5.0,5.0,5.0,0
2023-06-12,5.0,5.0,5.0,5.0,5.0,1300
2023-06-13,5.099999904632568,5.099999904632568,4.440000057220459,4.650000095367432,4.650000095367432,5000
2023-06-14,4.659999847412109,4.710000038146973,4.659999847412109,4.699999809265137,4.699999809265137,1000
2023-06-15,4.699999809265137,4.699999809265137,4.699999809265137,4.699999809265137,4.699999809265137,0
2023-06-16,4.699999809265137,4.699999809265137,4.699999809265137,4.699999809265137,4.699999809265137,0
2023-06-20,5.0,5.0,4.800000190734863,4.800000190734863,4.800000190734863,500
2023-06-21,4.800000190734863,4.800000190734863,4.800000190734863,4.800000190734863,4.800000190734863,0
2023-06-22,5.260000228881836,5.699999809265137,5.260000228881836,5.650000095367432,5.650000095367432,1000
2023-06-23,5.46999979019165,5.4770002365112305,5.099999904632568,5.099999904632568,5.099999904632568,1300
2023-06-26,5.099999904632568,5.099999904632568,5.099999904632568,5.099999904632568,5.099999904632568,300
2023-06-27,5.110000133514404,5.599999904632568,4.800000190734863,5.599999904632568,5.599999904632568,7400
2023-06-28,5.688000202178955,6.480000019073486,5.145999908447266,6.230000019073486,6.230000019073486,6800
2023-06-29,6.210000038146973,6.989999771118164,6.210000038146973,6.989999771118164,6.989999771118164,8600
2023-06-30,6.989999771118164,7.0,6.429999828338623,6.980000019073486,6.980000019073486,7100
2023-07-03,5.90500020980835,6.730000019073486,5.900000095367432,6.730000019073486,6.730000019073486,15600
2023-07-05,6.123000144958496,6.349999904632568,6.019999980926514,6.349999904632568,6.349999904632568,1400
2023-07-06,6.208000183105469,6.730000019073486,6.208000183105469,6.730000019073486,6.730000019073486,1400
2023-07-07,6.730000019073486,6.730000019073486,6.730000019073486,6.730000019073486,6.730000019073486,0
2023-07-10,6.099999904632568,6.099999904632568,6.099999904632568,6.099999904632568,6.099999904632568,300
2023-07-11,6.099999904632568,6.099999904632568,6.099999904632568,6.099999904632568,6.099999904632568,100
2023-07-12,6.579999923706055,6.579999923706055,6.199999809265137,6.199999809265137,6.199999809265137,500
2023-07-13,6.159999847412109,6.570000171661377,6.099999904632568,6.199999809265137,6.199999809265137,1900
2023-07-14,6.139999866485596,6.197999954223633,5.800000190734863,6.178999900817871,6.178999900817871,1000
2023-07-17,5.400000095367432,6.699999809265137,5.400000095367432,6.699999809265137,6.699999809265137,2200
2023-07-18,6.699999809265137,6.699999809265137,6.699999809265137,6.699999809265137,6.699999809265137,200
2023-07-19,6.699999809265137,6.699999809265137,6.699999809265137,6.699999809265137,6.699999809265137,100
2023-07-20,6.699999809265137,6.699999809265137,6.699999809265137,6.699999809265137,6.699999809265137,0
2023-07-21,6.0,6.0,6.0,6.0,6.0,2000
2023-07-24,6.340000152587891,6.494999885559082,5.75,6.199999809265137,6.199999809265137,3300
2023-07-25,5.699999809265137,5.980000019073486,5.139999866485596,5.980000019073486,5.980000019073486,2500
2023-07-26,5.980000019073486,5.980000019073486,5.980000019073486,5.980000019073486,5.980000019073486,300
2023-07-27,5.980000019073486,5.980000019073486,5.980000019073486,5.980000019073486,5.980000019073486,300
2023-07-28,5.980000019073486,5.980000019073486,5.980000019073486,5.980000019073486,5.980000019073486,100
2023-07-31,5.980000019073486,5.980000019073486,5.980000019073486,5.980000019073486,5.980000019073486,100
2023-08-01,5.980000019073486,5.980000019073486,5.980000019073486,5.980000019073486,5.980000019073486,100
2023-08-02,5.675000190734863,5.675000190734863,5.675000190734863,5.675000190734863,5.675000190734863,200
2023-08-03,5.800000190734863,6.599999904632568,5.78000020980835,6.599999904632568,6.599999904632568,5800
2023-08-04,6.599999904632568,6.599999904632568,6.599999904632568,6.599999904632568,6.599999904632568,0
2023-08-07,6.599999904632568,6.599999904632568,6.599999904632568,6.599999904632568,6.599999904632568,0
2023-08-08,6.599999904632568,6.599999904632568,6.599999904632568,6.599999904632568,6.599999904632568,0
2023-08-09,6.250999927520752,6.269999980926514,5.699999809265137,5.699999809265137,5.699999809265137,1800
2023-08-10,5.5,5.5,5.360000133514404,5.360000133514404,5.360000133514404,1800
2023-08-11,5.360000133514404,5.360000133514404,5.360000133514404,5.360000133514404,5.360000133514404,100
2023-08-14,5.340000152587891,5.489999771118164,5.340000152587891,5.489999771118164,5.489999771118164,1000
2023-08-15,5.489999771118164,5.489999771118164,5.489999771118164,5.489999771118164,5.489999771118164,0
2023-08-16,5.489999771118164,5.489999771118164,5.489999771118164,5.489999771118164,5.489999771118164,0
2023-08-17,5.489999771118164,5.489999771118164,5.489999771118164,5.489999771118164,5.489999771118164,0
2023-08-18,5.489999771118164,5.489999771118164,5.489999771118164,5.489999771118164,5.489999771118164,0
2023-08-21,6.170000076293945,6.170000076293945,5.599999904632568,5.829999923706055,5.829999923706055,11300
2023-08-22,5.829999923706055,5.829999923706055,5.829999923706055,5.829999923706055,5.829999923706055,0
2023-08-23,5.829999923706055,5.829999923706055,5.829999923706055,5.829999923706055,5.829999923706055,0
2023-08-24,6.099999904632568,6.099999904632568,6.099999904632568,6.099999904632568,6.099999904632568,500
2023-08-25,6.099999904632568,6.099999904632568,6.099999904632568,6.099999904632568,6.099999904632568,0
2023-08-28,6.099999904632568,6.099999904632568,6.099999904632568,6.099999904632568,6.099999904632568,0
2023-08-29,5.420000076293945,5.420000076293945,5.400000095367432,5.400000095367432,5.400000095367432,500
2023-08-30,5.730000019073486,5.900000095367432,5.730000019073486,5.900000095367432,5.900000095367432,600
2023-08-31,5.53000020980835,5.53000020980835,5.050000190734863,5.050000190734863,5.050000190734863,1500
2023-09-01,5.429999828338623,5.929999828338623,5.010000228881836,5.139999866485596,5.139999866485596,1600
2023-09-05,5.139999866485596,5.900000095367432,5.139999866485596,5.900000095367432,5.900000095367432,1500
2023-09-06,5.539999961853027,5.539999961853027,5.539999961853027,5.539999961853027,5.539999961853027,400
2023-09-07,5.239999771118164,5.75,4.829999923706055,5.75,5.75,1100
2023-09-08,5.630000114440918,5.75,5.099999904632568,5.75,5.75,2200
2023-09-11,5.199999809265137,5.699999809265137,5.199999809265137,5.699999809265137,5.699999809265137,8900
2023-09-12,5.234000205993652,5.53000020980835,5.21999979019165,5.230000019073486,5.230000019073486,1400
2023-09-13,5.230000019073486,5.230000019073486,5.230000019073486,5.230000019073486,5.230000019073486,0
2023-09-14,5.130000114440918,5.130000114440918,5.130000114440918,5.130000114440918,5.130000114440918,400
2023-09-15,5.130000114440918,5.130000114440918,5.130000114440918,5.130000114440918,5.130000114440918,300
2023-09-18,5.130000114440918,5.130000114440918,5.130000114440918,5.130000114440918,5.130000114440918,0
2023-09-19,5.130000114440918,5.130000114440918,5.130000114440918,5.130000114440918,5.130000114440918,0
2023-09-20,5.130000114440918,5.130000114440918,5.130000114440918,5.130000114440918,5.130000114440918,100
2023-09-21,5.130000114440918,5.130000114440918,5.130000114440918,5.130000114440918,5.130000114440918,0
2023-09-22,5.070000171661377,5.070000171661377,5.070000171661377,5.070000171661377,5.070000171661377,400
2023-09-25,4.53000020980835,5.550000190734863,4.53000020980835,5.190000057220459,5.190000057220459,1900
2023-09-26,5.5,5.5,5.5,5.5,5.5,500
2023-09-27,5.5,5.5,5.5,5.5,5.5,0
2023-09-28,5.5,5.5,5.5,5.5,5.5,0
2023-09-29,5.5,5.5,5.5,5.5,5.5,0
2023-10-02,5.5,5.5,5.5,5.5,5.5,0
2023-10-03,5.369999885559082,5.369999885559082,5.369999885559082,5.369999885559082,5.369999885559082,300
2023-10-04,5.369999885559082,5.369999885559082,5.369999885559082,5.369999885559082,5.369999885559082,100
2023-10-05,5.369999885559082,5.369999885559082,5.369999885559082,5.369999885559082,5.369999885559082,0
2023-10-06,5.369999885559082,5.369999885559082,5.369999885559082,5.369999885559082,5.369999885559082,0
2023-10-09,5.488999843597412,5.5,5.255000114440918,5.400000095367432,5.400000095367432,1500
2023-10-10,5.119999885559082,5.506999969482422,5.070000171661377,5.5,5.5,9600
2023-10-11,5.519999980926514,5.900000095367432,5.400000095367432,5.5,5.5,9300
2023-10-12,5.264999866485596,5.7789998054504395,5.159999847412109,5.730000019073486,5.730000019073486,16000
2023-10-13,5.46999979019165,5.76200008392334,5.21999979019165,5.21999979019165,5.21999979019165,10200
2023-10-16,5.679999828338623,5.679999828338623,5.5,5.679999828338623,5.679999828338623,5200
2023-10-17,5.650000095367432,5.800000190734863,5.550000190734863,5.800000190734863,5.800000190734863,17300
2023-10-18,5.677000045776367,5.935999870300293,5.314000129699707,5.519999980926514,5.519999980926514,22400
2023-10-19,5.675000190734863,5.920000076293945,5.510000228881836,5.699999809265137,5.699999809265137,6600
2023-10-20,5.514999866485596,5.78000020980835,5.514999866485596,5.599999904632568,5.599999904632568,2500
2023-10-23,5.73199987411499,5.78000020980835,5.619999885559082,5.757999897003174,5.757999897003174,6600
2023-10-24,5.683000087738037,5.900000095367432,5.349999904632568,5.736999988555908,5.736999988555908,93300
2023-10-25,5.75,5.849999904632568,5.599999904632568,5.769999980926514,5.769999980926514,13600
2023-10-26,5.829999923706055,5.880000114440918,5.800000190734863,5.869999885559082,5.869999885559082,78600
2023-10-27,5.869999885559082,6.0,5.869999885559082,5.989999771118164,5.989999771118164,5300
2023-10-30,5.75,6.7789998054504395,5.451000213623047,6.75,6.75,18300
2023-10-31,6.329999923706055,7.260000228881836,6.199999809265137,7.260000228881836,7.260000228881836,12200
2023-11-01,5.389999866485596,6.599999904632568,4.559999942779541,6.150000095367432,6.150000095367432,95000
2023-11-02,6.099999904632568,6.800000190734863,5.789999961853027,6.110000133514404,6.110000133514404,120400
2023-11-03,5.309999942779541,5.949999809265137,4.800000190734863,5.039000034332275,5.039000034332275,133900
2023-11-06,5.360000133514404,5.360000133514404,5.0,5.019999980926514,5.019999980926514,7700
2023-11-07,4.760000228881836,4.989999771118164,4.75,4.889999866485596,4.889999866485596,16600
2023-11-08,4.78000020980835,4.938000202178955,4.679999828338623,4.75,4.75,4100
2023-11-09,4.599999904632568,4.860000133514404,4.199999809265137,4.553999900817871,4.553999900817871,17300
2023-11-10,4.659999847412109,4.659999847412109,4.28000020980835,4.389999866485596,4.389999866485596,3300
2023-11-13,4.25,4.449999809265137,4.25,4.449999809265137,4.449999809265137,600
2023-11-14,4.25,4.650000095367432,4.25,4.650000095367432,4.650000095367432,800
2023-11-15,4.769999980926514,5.0,4.710000038146973,4.900000095367432,4.900000095367432,1900
2023-11-16,4.945000171661377,5.050000190734863,4.78000020980835,4.78000020980835,4.78000020980835,9800
2023-11-17,5.019999980926514,5.019999980926514,4.590000152587891,4.590000152587891,4.590000152587891,16500
2023-11-20,4.679999828338623,4.940000057220459,4.679999828338623,4.760000228881836,4.760000228881836,15000
2023-11-21,4.860000133514404,4.889999866485596,4.51200008392334,4.51200008392334,4.51200008392334,5600
2023-11-22,4.5,4.570000171661377,4.289999961853027,4.510000228881836,4.510000228881836,8400
2023-11-24,4.190000057220459,4.21999979019165,3.950000047683716,4.052999973297119,4.052999973297119,30600
2023-11-27,3.990000009536743,3.990000009536743,3.5299999713897705,3.7899999618530273,3.7899999618530273,10000
2023-11-28,3.7899999618530273,3.7899999618530273,3.7899999618530273,3.7899999618530273,3.7899999618530273,300
2023-11-29,3.509999990463257,3.8299999237060547,3.190000057220459,3.6010000705718994,3.6010000705718994,14400
2023-11-30,3.549999952316284,3.7799999713897705,3.5,3.5,3.5,6400
2023-12-01,3.509999990463257,3.509999990463257,3.240000009536743,3.250999927520752,3.250999927520752,7100
2023-12-04,3.4000000953674316,3.4000000953674316,3.309999942779541,3.309999942779541,3.309999942779541,1100
2023-12-05,3.490000009536743,3.490000009536743,3.365999937057495,3.365999937057495,3.365999937057495,1300
2023-12-06,3.365999937057495,3.365999937057495,3.365999937057495,3.365999937057495,3.365999937057495,400
2023-12-07,3.0999999046325684,3.0999999046325684,2.0999999046325684,2.5399999618530273,2.5399999618530273,35500
2023-12-08,2.4000000953674316,2.490000009536743,2.0929999351501465,2.1600000858306885,2.1600000858306885,13700
2023-12-11,2.2300000190734863,2.859999895095825,2.2300000190734863,2.384999990463257,2.384999990463257,6300
2023-12-12,2.4800000190734863,2.4800000190734863,1.9559999704360962,2.299999952316284,2.299999952316284,13500
2023-12-13,2.305000066757202,2.305000066757202,2.305000066757202,2.305000066757202,2.305000066757202,300
2023-12-14,2.309999942779541,2.569999933242798,2.25,2.25,2.25,4300
2023-12-15,2.5250000953674316,2.5999999046325684,2.4000000953674316,2.5199999809265137,2.5199999809265137,8700
2023-12-18,2.690000057220459,2.9700000286102295,2.678999900817871,2.9000000953674316,2.9000000953674316,7500
2023-12-19,2.9800000190734863,2.9800000190734863,2.9200000762939453,2.9200000762939453,2.9200000762939453,2800
2023-12-20,3.069999933242798,3.7699999809265137,3.069999933242798,3.6500000953674316,3.6500000953674316,11500
2023-12-21,3.7799999713897705,3.799999952316284,3.759999990463257,3.7799999713897705,3.7799999713897705,3800
2023-12-22,4.119999885559082,4.1479997634887695,3.740000009536743,3.9000000953674316,3.9000000953674316,16700
2023-12-26,4.0960001945495605,4.0960001945495605,3.819999933242798,4.0,4.0,14900
2023-12-27,4.829999923706055,6.079999923706055,4.728000164031982,5.880000114440918,5.880000114440918,127800
2023-12-28,5.929999828338623,6.5,5.449999809265137,6.5,6.5,55300
2023-12-29,6.5,6.5,5.71999979019165,6.170000076293945,6.170000076293945,21700
2024-01-02,5.849999904632568,5.849999904632568,5.300000190734863,5.670000076293945,5.670000076293945,16900
2024-01-03,5.5,5.670000076293945,5.460000038146973,5.670000076293945,5.670000076293945,6700
2024-01-04,5.610000133514404,5.670000076293945,5.539999961853027,5.659999847412109,5.659999847412109,70100
2024-01-05,5.050000190734863,6.236000061035156,4.940000057220459,5.980000019073486,5.980000019073486,12200
2024-01-08,5.699999809265137,6.309999942779541,5.699999809265137,6.208000183105469,6.208000183105469,17500
2024-01-09,5.650000095367432,6.099999904632568,5.510000228881836,6.03000020980835,6.03000020980835,8300
2024-01-10,6.039999961853027,6.039999961853027,6.019999980926514,6.019999980926514,6.019999980926514,700
2024-01-11,5.866000175476074,6.0,5.760000228881836,6.0,6.0,4700
2024-01-12,5.559999942779541,6.099999904632568,5.559999942779541,5.800000190734863,5.800000190734863,24500
2024-01-16,5.650000095367432,5.949999809265137,5.5,5.894999980926514,5.894999980926514,10500
2024-01-17,5.739999771118164,5.929999828338623,5.739999771118164,5.849999904632568,5.849999904632568,1300
2024-01-18,5.559999942779541,5.989999771118164,5.5,5.989999771118164,5.989999771118164,1800
2024-01-19,5.625,5.784999847412109,5.625,5.784999847412109,5.784999847412109,700
2024-01-22,5.784999847412109,5.784999847412109,5.784999847412109,5.784999847412109,5.784999847412109,0
2024-01-23,5.659999847412109,5.989999771118164,5.5,5.929999828338623,5.929999828338623,6200
2024-01-24,5.929999828338623,5.929999828338623,5.929999828338623,5.929999828338623,5.929999828338623,0
2024-01-25,5.929999828338623,5.929999828338623,5.400000095367432,5.789999961853027,5.789999961853027,2900
2024-01-26,5.7179999351501465,5.920000076293945,5.7179999351501465,5.920000076293945,5.920000076293945,4300
2024-01-29,5.71999979019165,5.909999847412109,5.679999828338623,5.909999847412109,5.909999847412109,1700
2024-01-30,5.554999828338623,5.889999866485596,5.554999828338623,5.800000190734863,5.800000190734863,900
2024-01-31,5.670000076293945,5.940000057220459,5.510000228881836,5.510000228881836,5.510000228881836,3600
2024-02-01,5.864999771118164,5.900000095367432,5.864999771118164,5.900000095367432,5.900000095367432,700
2024-02-02,6.0,6.25,5.5,6.25,6.25,8100
2024-02-05,6.25,6.489999771118164,6.010000228881836,6.300000190734863,6.300000190734863,3300
2024-02-06,6.340000152587891,6.340000152587891,6.010000228881836,6.289999961853027,6.289999961853027,2000
2024-02-07,5.978000164031982,5.978000164031982,5.978000164031982,5.978000164031982,5.978000164031982,700
2024-02-08,5.980000019073486,5.980000019073486,5.980000019073486,5.980000019073486,5.980000019073486,100
2024-02-09,5.989999771118164,5.989999771118164,5.989999771118164,5.989999771118164,5.989999771118164,600
2024-02-12,5.989999771118164,5.989999771118164,5.989999771118164,5.989999771118164,5.989999771118164,0
2024-02-13,5.989999771118164,5.989999771118164,5.989999771118164,5.989999771118164,5.989999771118164,0
2024-02-14,6.5,6.5,6.5,6.5,6.5,400
2024-02-15,6.5,6.5,6.5,6.5,6.5,0
2024-02-16,5.929999828338623,6.260000228881836,5.929999828338623,6.260000228881836,6.260000228881836,900
2024-02-20,6.960000038146973,6.960000038146973,6.510000228881836,6.78000020980835,6.78000020980835,12300
2024-02-21,6.909999847412109,6.989999771118164,6.710000038146973,6.869999885559082,6.869999885559082,5200
2024-02-22,6.900000095367432,7.0,6.900000095367432,6.900000095367432,6.900000095367432,5300
2024-02-23,6.989999771118164,7.099999904632568,6.989999771118164,7.099999904632568,7.099999904632568,3500
2024-02-26,7.289999961853027,7.289999961853027,6.989999771118164,7.010000228881836,7.010000228881836,6900
2024-02-27,7.300000190734863,7.300000190734863,7.0,7.300000190734863,7.300000190734863,7200
2024-02-28,7.389999866485596,7.400000095367432,7.0,7.0,7.0,2100
2024-02-29,7.5,7.5,7.40500020980835,7.40500020980835,7.40500020980835,3400
2024-03-01,7.760000228881836,7.78000020980835,7.570000171661377,7.590000152587891,7.590000152587891,2300
2024-03-04,7.639999866485596,7.639999866485596,7.625,7.625,7.625,1300
2024-03-05,7.769999980926514,7.769999980926514,7.650000095367432,7.650000095367432,7.650000095367432,1700
2024-03-06,8.0,8.015000343322754,7.75,8.0,8.0,9700
2024-03-07,8.199999809265137,9.0,8.125,9.0,9.0,4800
2024-03-08,9.34000015258789,9.5,9.010000228881836,9.380000114440918,9.380000114440918,9600
2024-03-11,9.614999771118164,9.614999771118164,9.449999809265137,9.51099967956543,9.51099967956543,6900
2024-03-12,9.5,9.6899995803833,9.5,9.59000015258789,9.59000015258789,9800
2024-03-13,9.609999656677246,9.699999809265137,8.550000190734863,8.550000190734863,8.550000190734863,7400
2024-03-14,8.5,8.5,6.630000114440918,6.690000057220459,6.690000057220459,14100
2024-03-15,7.099999904632568,9.0,6.949999809265137,8.960000038146973,8.960000038146973,13600
2024-03-18,9.119999885559082,9.489999771118164,7.0,8.859999656677246,8.859999656677246,6300
2024-03-19,8.520000457763672,9.0,8.5,8.789999961853027,8.789999961853027,3200
2024-03-20,8.5,8.699999809265137,8.5,8.699999809265137,8.699999809265137,1500
2024-03-21,8.5,8.5,8.329999923706055,8.489999771118164,8.489999771118164,4000
2024-03-22,8.350000381469727,8.640000343322754,8.350000381469727,8.640000343322754,8.640000343322754,1200
2024-03-25,8.649999618530273,8.869999885559082,8.5,8.869999885559082,8.869999885559082,1100
2024-03-26,8.795000076293945,8.795000076293945,8.619999885559082,8.680000305175781,8.680000305175781,1600
2024-03-27,8.680000305175781,8.680000305175781,8.680000305175781,8.680000305175781,8.680000305175781,0
2024-03-28,8.670000076293945,10.0600004196167,8.619999885559082,9.234999656677246,9.234999656677246,11000
2024-04-01,9.420000076293945,9.420000076293945,7.550000190734863,9.020000457763672,9.020000457763672,13000
2024-04-02,8.270000457763672,9.5,8.270000457763672,9.225000381469727,9.225000381469727,4700
2024-04-03,9.225000381469727,9.225000381469727,9.225000381469727,9.225000381469727,9.225000381469727,0
2024-04-04,9.5,9.5,8.5,8.8100004196167,8.8100004196167,4900
2024-04-05,8.8100004196167,8.8100004196167,8.8100004196167,8.8100004196167,8.8100004196167,0
2024-04-08,8.850000381469727,8.850000381469727,8.8100004196167,8.8100004196167,8.8100004196167,400
2024-04-09,8.8100004196167,8.8100004196167,8.8100004196167,8.8100004196167,8.8100004196167,0
2024-04-10,8.8100004196167,8.8100004196167,8.8100004196167,8.8100004196167,8.8100004196167,100
2024-04-11,8.8100004196167,8.8100004196167,8.8100004196167,8.8100004196167,8.8100004196167,100
2024-04-12,9.260000228881836,9.260000228881836,9.260000228881836,9.260000228881836,9.260000228881836,200
2024-04-15,9.260000228881836,9.260000228881836,8.880000114440918,9.0,9.0,3400
2024-04-16,9.1899995803833,9.279999732971191,9.1899995803833,9.279999732971191,9.279999732971191,4400
2024-04-17,9.489999771118164,9.489999771118164,9.0,9.055000305175781,9.055000305175781,1900
2024-04-18,8.510000228881836,8.5600004196167,8.024999618530273,8.5600004196167,8.5600004196167,1200
2024-04-19,8.970000267028809,8.970000267028809,8.579999923706055,8.765000343322754,8.765000343322754,1800
2024-04-22,9.0,9.1899995803833,9.0,9.180000305175781,9.180000305175781,600
2024-04-23,9.180000305175781,9.180000305175781,9.039999961853027,9.178999900817871,9.178999900817871,1300
2024-04-24,9.0600004196167,9.0600004196167,8.5,8.920000076293945,8.920000076293945,6900
2024-04-25,8.699999809265137,9.0,8.699999809265137,9.0,9.0,500
2024-04-26,9.0,9.0,8.029999732971191,8.800000190734863,8.800000190734863,11100
2024-04-29,8.899999618530273,8.899999618530273,8.5,8.800000190734863,8.800000190734863,1200
2024-04-30,8.109999656677246,8.819999694824219,7.550000190734863,8.819999694824219,8.819999694824219,5400
2024-05-01,8.789999961853027,8.920000076293945,8.789999961853027,8.850000381469727,8.850000381469727,3300
2024-05-02,8.859999656677246,8.859999656677246,8.859999656677246,8.859999656677246,8.859999656677246,400
2024-05-03,8.699999809265137,8.699999809265137,8.699999809265137,8.699999809265137,8.699999809265137,300
2024-05-06,8.979999542236328,8.989999771118164,8.96500015258789,8.96500015258789,8.96500015258789,1700
2024-05-07,8.399999618530273,9.199999809265137,8.390000343322754,9.0,9.0,8300
2024-05-08,9.0,9.300000190734863,8.949999809265137,9.100000381469727,9.100000381469727,4300
2024-05-09,9.125,9.125,8.949999809265137,8.949999809265137,8.949999809265137,1200
2024-05-10,8.949999809265137,9.199999809265137,8.899999618530273,9.039999961853027,9.039999961853027,3600
2024-05-13,9.197999954223633,9.25,8.831999778747559,8.9399995803833,8.9399995803833,10300
2024-05-14,9.0,9.0,8.89900016784668,8.899999618530273,8.899999618530273,2200
2024-05-15,8.949000358581543,8.949999809265137,8.149999618530273,8.850000381469727,8.850000381469727,1800
2024-05-16,8.324999809265137,9.0,8.149999618530273,9.0,9.0,4300
2024-05-17,8.800000190734863,9.0,8.319999694824219,9.0,9.0,2400
2024-05-20,9.0,9.050000190734863,8.550000190734863,9.050000190734863,9.050000190734863,3700
2024-05-21,8.989999771118164,9.050000190734863,8.989999771118164,9.0,9.0,3800
2024-05-22,9.060999870300293,9.060999870300293,9.029999732971191,9.050000190734863,9.050000190734863,700
2024-05-23,9.0,9.050000190734863,9.0,9.050000190734863,9.050000190734863,900
2024-05-24,9.0,9.300000190734863,9.0,9.300000190734863,9.300000190734863,1900
2024-05-28,8.819999694824219,9.289999961853027,8.819999694824219,9.289999961853027,9.289999961853027,900
2024-05-29,9.25,9.300000190734863,8.8100004196167,9.279999732971191,9.279999732971191,3100
2024-05-30,9.270000457763672,9.270000457763672,9.270000457763672,9.270000457763672,9.270000457763672,300
2024-05-31,8.6850004196167,9.279999732971191,8.359999656677246,8.630000114440918,8.630000114440918,12100
2024-06-03,8.989999771118164,9.100000381469727,8.539999961853027,8.729999542236328,8.729999542236328,10500
2024-06-04,8.729999542236328,8.78499984741211,8.444999694824219,8.6899995803833,8.6899995803833,8100
2024-06-05,9.274999618530273,9.274999618530273,8.699999809265137,8.819999694824219,8.819999694824219,14900
2024-06-06,9.173999786376953,9.173999786376953,8.600000381469727,8.850000381469727,8.850000381469727,10900
2024-06-07,8.0,8.899999618530273,8.0,8.890000343322754,8.890000343322754,6700
2024-06-10,8.609999656677246,9.100000381469727,8.59000015258789,8.789999961853027,8.789999961853027,6700
2024-06-11,8.510000228881836,8.755000114440918,8.510000228881836,8.550000190734863,8.550000190734863,2100
2024-06-12,8.5,8.854999542236328,8.300000190734863,8.329999923706055,8.329999923706055,7700
2024-06-13,8.555000305175781,8.989999771118164,8.0,8.949999809265137,8.949999809265137,28100
2024-06-14,8.9399995803833,8.9399995803833,8.4399995803833,8.710000038146973,8.710000038146973,7100
2024-06-17,8.520000457763672,8.600000381469727,7.965000152587891,8.178000450134277,8.178000450134277,46800
2024-06-18,8.0,8.789999961853027,7.389999866485596,7.75,7.75,15200
2024-06-20,7.5,7.5,6.900000095367432,7.440000057220459,7.440000057220459,27100
2024-06-21,7.989999771118164,8.220000267028809,7.119999885559082,8.199000358581543,8.199000358581543,27100
2024-06-24,8.380000114440918,8.890000343322754,7.599999904632568,7.920000076293945,7.920000076293945,13100
2024-06-25,7.900000095367432,7.900000095367432,7.019999980926514,7.019999980926514,7.019999980926514,19000
2024-06-26,7.300000190734863,7.5,6.059999942779541,6.989999771118164,6.989999771118164,24500
2024-06-27,7.25,7.798999786376953,6.630000114440918,6.75,6.75,10500
2024-06-28,6.699999809265137,7.263000011444092,6.019999980926514,6.678999900817871,6.678999900817871,36700
2024-07-01,6.889999866485596,7.099999904632568,6.400000095367432,6.650000095367432,6.650000095367432,22600
2024-07-02,6.554999828338623,7.0,6.099999904632568,6.550000190734863,6.550000190734863,26600
2024-07-03,6.849999904632568,6.849999904632568,6.199999809265137,6.349999904632568,6.349999904632568,22300
2024-07-05,6.5,7.186999797821045,6.125,6.400000095367432,6.400000095367432,43600
2024-07-08,6.349999904632568,6.474999904632568,6.0,6.150000095367432,6.150000095367432,21700
2024-07-09,6.130000114440918,6.179999828338623,5.829999923706055,5.849999904632568,5.849999904632568,5000
2024-07-10,6.050000190734863,6.489999771118164,5.900000095367432,5.900000095367432,5.900000095367432,34800
2024-07-11,5.929999828338623,6.409999847412109,5.889999866485596,5.900000095367432,5.900000095367432,28500
2024-07-12,5.900000095367432,6.340000152587891,5.78000020980835,5.78000020980835,5.78000020980835,16900
2024-07-15,5.71999979019165,6.289999961853027,5.619999885559082,6.0,6.0,47300
2024-07-16,5.840000152587891,6.099999904632568,5.804999828338623,5.909999847412109,5.909999847412109,20500
2024-07-17,6.159999847412109,6.159999847412109,5.75,5.75,5.75,20600
2024-07-18,5.730000019073486,5.96999979019165,5.670000076293945,5.710000038146973,5.710000038146973,22500
2024-07-19,5.610000133514404,5.860000133514404,5.610000133514404,5.840000152587891,5.840000152587891,9200
2024-07-22,5.769999980926514,5.849999904632568,5.590000152587891,5.75,5.75,19300
2024-07-23,5.650000095367432,5.829999923706055,5.519999980926514,5.519999980926514,5.519999980926514,14800
2024-07-24,5.659999847412109,5.820000171661377,5.070000171661377,5.070000171661377,5.070000171661377,28500
2024-07-25,5.21999979019165,5.880000114440918,5.079999923706055,5.199999809265137,5.199999809265137,34600
2024-07-26,5.070000171661377,5.380000114440918,5.019999980926514,5.199999809265137,5.199999809265137,35700
2024-07-29,5.309999942779541,5.309999942779541,5.059999942779541,5.179999828338623,5.179999828338623,24100
2024-07-30,5.150000095367432,5.28000020980835,4.599999904632568,4.800000190734863,4.800000190734863,37700
2024-07-31,4.659999847412109,4.699999809265137,4.309999942779541,4.3480000495910645,4.3480000495910645,18300
2024-08-01,4.179999828338623,4.239999771118164,3.8499999046325684,4.0,4.0,20800
2024-08-02,3.799999952316284,3.799999952316284,3.424999952316284,3.549999952316284,3.549999952316284,31700
2024-08-05,3.4000000953674316,3.5380001068115234,3.0350000858306885,3.059999942779541,3.059999942779541,21800
2024-08-06,3.0999999046325684,3.0999999046325684,2.9200000762939453,2.9200000762939453,2.9200000762939453,28600
2024-08-07,2.9000000953674316,3.0999999046325684,2.7320001125335693,2.740000009536743,2.740000009536743,22100
2024-08-08,2.700000047683716,2.8499999046325684,2.4700000286102295,2.5,2.5,16900
2024-08-09,2.4100000858306885,2.5,2.1700000762939453,2.1989998817443848,2.1989998817443848,18900
2024-08-12,2.1500000953674316,2.1600000858306885,1.8899999856948853,1.899999976158142,1.899999976158142,17100
2024-08-13,2.059999942779541,2.368000030517578,1.899999976158142,1.9500000476837158,1.9500000476837158,8600
2024-08-14,1.9500000476837158,2.0,1.7000000476837158,1.7000000476837158,1.7000000476837158,17200
2024-08-15,1.7899999618530273,2.0899999141693115,1.7899999618530273,1.940000057220459,1.940000057220459,19300
2024-08-16,2.065000057220459,2.1500000953674316,1.7599999904632568,2.049999952316284,2.049999952316284,22400
2024-08-19,2.1600000858306885,3.450000047683716,2.059999942779541,2.4600000381469727,2.4600000381469727,273200
2024-08-20,2.430000066757202,2.9000000953674316,2.4000000953674316,2.490000009536743,2.490000009536743,48100
2024-08-21,2.5199999809265137,2.5199999809265137,2.0999999046325684,2.1389999389648438,2.1389999389648438,115800
2024-08-22,2.200000047683716,2.200000047683716,1.840000033378601,1.9800000190734863,1.9800000190734863,28000
2024-08-23,2.069999933242798,2.069999933242798,1.9600000381469727,2.0299999713897705,2.0299999713897705,15600
2024-08-26,2.0490000247955322,2.0490000247955322,1.9119999408721924,1.9600000381469727,1.9600000381469727,6300
2024-08-27,1.9500000476837158,1.9700000286102295,1.809999942779541,1.899999976158142,1.899999976158142,12000
2024-08-28,1.9199999570846558,1.9199999570846558,1.7619999647140503,1.809999942779541,1.809999942779541,6500
2024-08-29,1.940000057220459,1.9900000095367432,1.8200000524520874,1.8200000524520874,1.8200000524520874,9800
2024-08-30,1.940000057220459,1.9639999866485596,1.840000033378601,1.8769999742507935,1.8769999742507935,7600
2024-09-03,1.8700000047683716,2.0,1.850000023841858,1.9800000190734863,1.9800000190734863,24700
2024-09-04,2.0399999618530273,2.049999952316284,1.25,1.559999942779541,1.559999942779541,99400
2024-09-05,1.6100000143051147,1.6699999570846558,1.5399999618530273,1.5700000524520874,1.5700000524520874,5100
2024-09-06,1.5440000295639038,1.565000057220459,1.399999976158142,1.4900000095367432,1.4900000095367432,17400
2024-09-09,1.4800000190734863,1.4900000095367432,1.350000023841858,1.4299999475479126,1.4299999475479126,12500
2024-09-10,1.4800000190734863,1.5499999523162842,1.25,1.25,1.25,13900
2024-09-11,1.2000000476837158,1.3200000524520874,0.8629999756813049,1.0199999809265137,1.0199999809265137,91300
2024-09-12,1.0800000429153442,1.0800000429153442,0.9079999923706055,0.9300000071525574,0.9300000071525574,113800
2024-09-13,0.9399999976158142,1.0499999523162842,0.7900000214576721,0.8500000238418579,0.8500000238418579,49700
2024-09-16,0.8579999804496765,0.8579999804496765,0.4909999966621399,0.6010000109672546,0.6010000109672546,466800
2024-09-17,0.5830000042915344,0.6600000262260437,0.5019999742507935,0.5770000219345093,0.5770000219345093,235500
2024-09-18,0.5600000023841858,0.6200000047683716,0.5600000023841858,0.6150000095367432,0.6150000095367432,48500
2024-09-19,0.6570000052452087,0.7699999809265137,0.6230000257492065,0.7300000190734863,0.7300000190734863,170100
2024-09-20,0.720300018787384,0.7889000177383423,0.6638000011444092,0.6809999942779541,0.6809999942779541,78132
