Date,Open,High,Low,Close,Adj Close,Volume
2020-07-10,15.130000114440918,15.949999809265137,12.760000228881836,13.420000076293945,13.420000076293945,2404900
2020-07-13,12.970000267028809,12.979999542236328,10.010000228881836,10.850000381469727,10.850000381469727,1019800
2020-07-14,11.210000038146973,11.289999961853027,9.010000228881836,9.869999885559082,9.869999885559082,915000
2020-07-15,10.369999885559082,11.199999809265137,10.140000343322754,11.199999809265137,11.199999809265137,400200
2020-07-16,11.010000228881836,11.770000457763672,10.319999694824219,11.390000343322754,11.390000343322754,165700
2020-07-17,11.369999885559082,11.899999618530273,11.100000381469727,11.270000457763672,11.270000457763672,65600
2020-07-20,11.100000381469727,11.229999542236328,11.0,11.220000267028809,11.220000267028809,15500
2020-07-21,11.010000228881836,11.510000228881836,11.010000228881836,11.260000228881836,11.260000228881836,25900
2020-07-22,11.220000267028809,11.5,10.649999618530273,10.84000015258789,10.84000015258789,51700
2020-07-23,11.109999656677246,11.199999809265137,11.0,11.079999923706055,11.079999923706055,25600
2020-07-24,10.729999542236328,10.739999771118164,10.520000457763672,10.520000457763672,10.520000457763672,5500
2020-07-27,10.710000038146973,10.75,10.279999732971191,10.75,10.75,12100
2020-07-28,10.600000381469727,10.949999809265137,10.5,10.90999984741211,10.90999984741211,58300
2020-07-29,10.739999771118164,11.0,10.5,10.739999771118164,10.739999771118164,49400
2020-07-30,10.359999656677246,10.479999542236328,9.859999656677246,10.149999618530273,10.149999618530273,28100
2020-07-31,10.170000076293945,10.199999809265137,9.8100004196167,10.1899995803833,10.1899995803833,68500
2020-08-03,10.079999923706055,10.25,9.454999923706055,10.239999771118164,10.239999771118164,57700
2020-08-04,10.600000381469727,11.5,10.020000457763672,10.5,10.5,273500
2020-08-05,10.899999618530273,11.260000228881836,10.5,10.670000076293945,10.670000076293945,104000
2020-08-06,11.130000114440918,11.369999885559082,10.949999809265137,11.359999656677246,11.359999656677246,86500
2020-08-07,11.40999984741211,11.9399995803833,10.774999618530273,11.869999885559082,11.869999885559082,220400
2020-08-10,12.149999618530273,12.399999618530273,11.9399995803833,12.199999809265137,12.199999809265137,22700
2020-08-11,12.350000381469727,12.350000381469727,11.640000343322754,11.949999809265137,11.949999809265137,21500
2020-08-12,12.449999809265137,12.5,12.225000381469727,12.300000190734863,12.300000190734863,54700
2020-08-13,12.170000076293945,12.274999618530273,11.5600004196167,11.699999809265137,11.699999809265137,58700
2020-08-14,11.65999984741211,11.920000076293945,11.359999656677246,11.899999618530273,11.899999618530273,91400
2020-08-17,12.069999694824219,12.166999816894531,11.8100004196167,11.920000076293945,11.920000076293945,12400
2020-08-18,11.8100004196167,12.350000381469727,11.8100004196167,12.029999732971191,12.029999732971191,70800
2020-08-19,12.0,12.229999542236328,11.890000343322754,11.899999618530273,11.899999618530273,72300
2020-08-20,11.649999618530273,11.741999626159668,11.300000190734863,11.720000267028809,11.720000267028809,26900
2020-08-21,11.770000457763672,12.170000076293945,11.680000305175781,11.890000343322754,11.890000343322754,13600
2020-08-24,12.069999694824219,12.09000015258789,11.899999618530273,12.050000190734863,12.050000190734863,3500
2020-08-25,11.960000038146973,12.100000381469727,11.90999984741211,12.100000381469727,12.100000381469727,7000
2020-08-26,12.069999694824219,12.40999984741211,11.625,12.170000076293945,12.170000076293945,10400
2020-08-27,11.895000457763672,12.3100004196167,11.760000228881836,11.829999923706055,11.829999923706055,4600
2020-08-28,12.100000381469727,12.100000381469727,11.845000267028809,12.0,12.0,26300
2020-08-31,11.979999542236328,12.649999618530273,11.979999542236328,12.569999694824219,12.569999694824219,11500
2020-09-01,12.088000297546387,12.088000297546387,11.960000038146973,12.0,12.0,1000
2020-09-02,11.979999542236328,12.0600004196167,11.699999809265137,11.71500015258789,11.71500015258789,92700
2020-09-03,12.180000305175781,12.180000305175781,11.760000228881836,11.800000190734863,11.800000190734863,4100
2020-09-04,11.989999771118164,11.989999771118164,11.680000305175781,11.680000305175781,11.680000305175781,7000
2020-09-08,11.800000190734863,11.916999816894531,11.550000190734863,11.550000190734863,11.550000190734863,12500
2020-09-09,11.779999732971191,11.8100004196167,11.399999618530273,11.460000038146973,11.460000038146973,5900
2020-09-10,11.680000305175781,11.98900032043457,11.319999694824219,11.510000228881836,11.510000228881836,3400
2020-09-11,11.720000267028809,11.8100004196167,11.359999656677246,11.800000190734863,11.800000190734863,3300
2020-09-14,11.824000358581543,11.97700023651123,11.5,11.5,11.5,8300
2020-09-15,11.845000267028809,11.845000267028809,11.300000190734863,11.300000190734863,11.300000190734863,47300
2020-09-16,11.789999961853027,11.850000381469727,11.289999961853027,11.289999961853027,11.289999961853027,45100
2020-09-17,11.8100004196167,12.25,11.432000160217285,12.074000358581543,12.074000358581543,95000
2020-09-18,11.819999694824219,11.819999694824219,11.399999618530273,11.4399995803833,11.4399995803833,48300
2020-09-21,11.4399995803833,11.460000038146973,11.25,11.449999809265137,11.449999809265137,11500
2020-09-22,11.3100004196167,11.449999809265137,11.0600004196167,11.25,11.25,62500
2020-09-23,11.40999984741211,11.579999923706055,11.300000190734863,11.5,11.5,26100
2020-09-24,11.460000038146973,11.510000228881836,11.279999732971191,11.510000228881836,11.510000228881836,2800
2020-09-25,11.350000381469727,11.489999771118164,11.15999984741211,11.279999732971191,11.279999732971191,23500
2020-09-28,11.380000114440918,11.524999618530273,11.09000015258789,11.09000015258789,11.09000015258789,1500
2020-09-29,11.470000267028809,11.470000267028809,11.262999534606934,11.305000305175781,11.305000305175781,1200
2020-09-30,11.670000076293945,12.079999923706055,11.350000381469727,11.819999694824219,11.819999694824219,29700
2020-10-01,12.3100004196167,12.399999618530273,11.925000190734863,12.100000381469727,12.100000381469727,36600
2020-10-02,12.279999732971191,12.279999732971191,12.0,12.0,12.0,1300
2020-10-05,12.420000076293945,12.420000076293945,11.885000228881836,12.399999618530273,12.399999618530273,17800
2020-10-06,12.569999694824219,12.760000228881836,12.524999618530273,12.550000190734863,12.550000190734863,4700
2020-10-07,13.0600004196167,13.489999771118164,13.029999732971191,13.265000343322754,13.265000343322754,10300
2020-10-08,13.319999694824219,13.359999656677246,13.234999656677246,13.279999732971191,13.279999732971191,4500
2020-10-09,13.390000343322754,13.819999694824219,13.239999771118164,13.239999771118164,13.239999771118164,5200
2020-10-12,13.420000076293945,13.649999618530273,12.489999771118164,13.649999618530273,13.649999618530273,69300
2020-10-13,14.390000343322754,14.579999923706055,13.75,13.779999732971191,13.779999732971191,156000
2020-10-14,13.930000305175781,14.229999542236328,13.600000381469727,13.960000038146973,13.960000038146973,14000
2020-10-15,13.569000244140625,14.010000228881836,13.5,14.010000228881836,14.010000228881836,4200
2020-10-16,13.949999809265137,14.369999885559082,13.949999809265137,14.369999885559082,14.369999885559082,12900
2020-10-19,14.550000190734863,14.899999618530273,12.800000190734863,13.699999809265137,13.699999809265137,33100
2020-10-20,14.369999885559082,14.5,13.850000381469727,14.104999542236328,14.104999542236328,76500
2020-10-21,14.12600040435791,14.5,14.12600040435791,14.5,14.5,5000
2020-10-22,13.920000076293945,14.5,13.569999694824219,14.0600004196167,14.0600004196167,6700
2020-10-23,13.699999809265137,14.0,13.010000228881836,13.949999809265137,13.949999809265137,3900
2020-10-26,13.239999771118164,13.460000038146973,12.5600004196167,12.614999771118164,12.614999771118164,23300
2020-10-27,12.300000190734863,12.5,12.270000457763672,12.270000457763672,12.270000457763672,3500
2020-10-28,11.819999694824219,11.819999694824219,11.350000381469727,11.350000381469727,11.350000381469727,3000
2020-10-29,11.5600004196167,12.90999984741211,11.350000381469727,11.350000381469727,11.350000381469727,15100
2020-10-30,11.829999923706055,12.899999618530273,11.380999565124512,12.899999618530273,12.899999618530273,50200
2020-11-02,12.550000190734863,13.239999771118164,12.420000076293945,12.84000015258789,12.84000015258789,32000
2020-11-03,12.640000343322754,13.0,12.550000190734863,12.800000190734863,12.800000190734863,8200
2020-11-04,12.720000267028809,13.9399995803833,12.720000267028809,12.920000076293945,12.920000076293945,8500
2020-11-05,13.449999809265137,13.449999809265137,13.300000190734863,13.300000190734863,13.300000190734863,2700
2020-11-06,13.359999656677246,13.380000114440918,12.920000076293945,13.279999732971191,13.279999732971191,12200
2020-11-09,13.430000305175781,13.460000038146973,11.9399995803833,12.699999809265137,12.699999809265137,8700
2020-11-10,13.3100004196167,13.350000381469727,12.850000381469727,12.850000381469727,12.850000381469727,9200
2020-11-11,13.649999618530273,13.949999809265137,13.15999984741211,13.699999809265137,13.699999809265137,107300
2020-11-12,13.5,13.795000076293945,12.600000381469727,13.024999618530273,13.024999618530273,47200
2020-11-13,13.5649995803833,14.050000190734863,13.345000267028809,13.890000343322754,13.890000343322754,65300
2020-11-16,14.270000457763672,14.270000457763672,13.737000465393066,14.0,14.0,56700
2020-11-17,13.619999885559082,14.229999542236328,13.619999885559082,13.800000190734863,13.800000190734863,27000
2020-11-18,14.399999618530273,14.399999618530273,13.800000190734863,13.800000190734863,13.800000190734863,24900
2020-11-19,13.680000305175781,13.824999809265137,12.930000305175781,13.210000038146973,13.210000038146973,77900
2020-11-20,13.890000343322754,13.890000343322754,13.109999656677246,13.420000076293945,13.420000076293945,16600
2020-11-23,13.430000305175781,13.609999656677246,12.850000381469727,13.609999656677246,13.609999656677246,144300
2020-11-24,13.229999542236328,13.657999992370605,13.199999809265137,13.350000381469727,13.350000381469727,4300
2020-11-25,13.229999542236328,13.300000190734863,12.899999618530273,13.015000343322754,13.015000343322754,21000
2020-11-27,13.25,13.25,12.71500015258789,12.949999809265137,12.949999809265137,4600
2020-11-30,12.989999771118164,13.199999809265137,12.569999694824219,12.800000190734863,12.800000190734863,37700
2020-12-01,12.800000190734863,13.149999618530273,12.369999885559082,12.550000190734863,12.550000190734863,29200
2020-12-02,12.5,12.699999809265137,12.274999618530273,12.274999618530273,12.274999618530273,34600
2020-12-03,12.579999923706055,13.0,12.420000076293945,12.430000305175781,12.430000305175781,16000
2020-12-04,12.760000228881836,12.98799991607666,12.039999961853027,12.380000114440918,12.380000114440918,106300
2020-12-07,12.404000282287598,12.404000282287598,11.770000457763672,11.770000457763672,11.770000457763672,123000
2020-12-08,11.859999656677246,12.3100004196167,11.859999656677246,12.09000015258789,12.09000015258789,88200
2020-12-09,12.100000381469727,12.40999984741211,11.600000381469727,11.84000015258789,11.84000015258789,100100
2020-12-10,12.0,12.350000381469727,11.930000305175781,12.350000381469727,12.350000381469727,24400
2020-12-11,12.020000457763672,12.579999923706055,11.9399995803833,12.0,12.0,68800
2020-12-14,12.5600004196167,12.71500015258789,12.0600004196167,12.199999809265137,12.199999809265137,146200
2020-12-15,12.199999809265137,12.34000015258789,12.0,12.0,12.0,37800
2020-12-16,12.149999618530273,12.479999542236328,11.984999656677246,12.0,12.0,58700
2020-12-17,12.140000343322754,12.399999618530273,12.010000228881836,12.029999732971191,12.029999732971191,154200
2020-12-18,12.0600004196167,12.529999732971191,12.0600004196167,12.239999771118164,12.239999771118164,72500
2020-12-21,12.100000381469727,12.5,12.100000381469727,12.420000076293945,12.420000076293945,149400
2020-12-22,12.369999885559082,12.59000015258789,12.289999961853027,12.350000381469727,12.350000381469727,22100
2020-12-23,12.710000038146973,13.133000373840332,12.710000038146973,12.899999618530273,12.899999618530273,81300
2020-12-24,12.800000190734863,12.880000114440918,12.710000038146973,12.800000190734863,12.800000190734863,17900
2020-12-28,12.850000381469727,13.045000076293945,12.600000381469727,12.760000228881836,12.760000228881836,25800
2020-12-29,12.753999710083008,13.199999809265137,12.753999710083008,12.869999885559082,12.869999885559082,10300
2020-12-30,13.199999809265137,13.800000190734863,13.199999809265137,13.800000190734863,13.800000190734863,8800
2020-12-31,14.399999618530273,14.5,14.008000373840332,14.5,14.5,5700
2021-01-04,14.510000228881836,14.755000114440918,14.180000305175781,14.40999984741211,14.40999984741211,24500
2021-01-05,14.729999542236328,14.729999542236328,14.350000381469727,14.670000076293945,14.670000076293945,64600
2021-01-06,14.84000015258789,14.850000381469727,14.550000190734863,14.779999732971191,14.779999732971191,57400
2021-01-07,14.579999923706055,14.670000076293945,14.270000457763672,14.5,14.5,11100
2021-01-08,14.6899995803833,14.9399995803833,14.371999740600586,14.899999618530273,14.899999618530273,4400
2021-01-11,14.979999542236328,15.600000381469727,14.885000228881836,15.579999923706055,15.579999923706055,25700
2021-01-12,15.743000030517578,16.0,15.399999618530273,15.75,15.75,42900
2021-01-13,16.030000686645508,17.25,16.030000686645508,16.84000015258789,16.84000015258789,57500
2021-01-14,16.799999237060547,16.799999237060547,16.040000915527344,16.06999969482422,16.06999969482422,11200
2021-01-15,16.0,16.649999618530273,15.444000244140625,15.869999885559082,15.869999885559082,21600
2021-01-19,17.729999542236328,18.290000915527344,17.420000076293945,17.899999618530273,17.899999618530273,26300
2021-01-20,18.399999618530273,19.0,18.399999618530273,19.0,19.0,9800
2021-01-21,18.989999771118164,19.06399917602539,18.399999618530273,18.700000762939453,18.700000762939453,52100
2021-01-22,17.437000274658203,18.420000076293945,17.437000274658203,18.0,18.0,7500
2021-01-25,17.170000076293945,17.270000457763672,16.5,16.8799991607666,16.8799991607666,52500
2021-01-26,16.979999542236328,17.170000076293945,16.040000915527344,16.25,16.25,108600
2021-01-27,15.920000076293945,15.970000267028809,14.630000114440918,14.710000038146973,14.710000038146973,58800
2021-01-28,14.949999809265137,15.300000190734863,14.949999809265137,15.229999542236328,15.229999542236328,88500
2021-01-29,14.960000038146973,15.21500015258789,14.550000190734863,14.710000038146973,14.710000038146973,53600
2021-02-01,15.0,15.0600004196167,14.600000381469727,14.880000114440918,14.880000114440918,34000
2021-02-02,15.489999771118164,16.030000686645508,15.210000038146973,16.030000686645508,16.030000686645508,21600
2021-02-03,16.079999923706055,17.0,16.079999923706055,17.0,17.0,14200
2021-02-04,17.799999237060547,17.799999237060547,17.010000228881836,17.06999969482422,17.06999969482422,24000
2021-02-05,17.739999771118164,17.739999771118164,16.966999053955078,17.6200008392334,17.6200008392334,21000
2021-02-08,17.649999618530273,17.780000686645508,17.299999237060547,17.690000534057617,17.690000534057617,10000
2021-02-09,17.84000015258789,17.899999618530273,17.024999618530273,17.799999237060547,17.799999237060547,11700
2021-02-10,17.56999969482422,17.56999969482422,16.950000762939453,16.950000762939453,16.950000762939453,8300
2021-02-11,17.200000762939453,17.690000534057617,16.950000762939453,17.0,17.0,260200
2021-02-12,16.950000762939453,17.0,16.700000762939453,16.850000381469727,16.850000381469727,14200
2021-02-16,16.844999313354492,16.989999771118164,16.610000610351562,16.700000762939453,16.700000762939453,35600
2021-02-17,16.489999771118164,16.489999771118164,16.079999923706055,16.229999542236328,16.229999542236328,7100
2021-02-18,15.885000228881836,15.930000305175781,15.699999809265137,15.920000076293945,15.920000076293945,103900
2021-02-19,16.389999389648438,16.690000534057617,16.389999389648438,16.40999984741211,16.40999984741211,2100
2021-02-22,16.0,16.5,16.0,16.5,16.5,108200
2021-02-23,15.829999923706055,16.003000259399414,15.239999771118164,15.239999771118164,15.239999771118164,5300
2021-02-24,15.930000305175781,16.06999969482422,15.3100004196167,15.5,15.5,3600
2021-02-25,15.609999656677246,15.800000190734863,15.510000228881836,15.539999961853027,15.539999961853027,1100
2021-02-26,15.699999809265137,15.699999809265137,15.0,15.0,15.0,106800
2021-03-01,14.90999984741211,16.610000610351562,14.90999984741211,15.75,15.75,7400
2021-03-02,15.5,15.600000381469727,15.270000457763672,15.4399995803833,15.4399995803833,5400
2021-03-03,15.420000076293945,15.420000076293945,14.800000190734863,14.994999885559082,14.994999885559082,98600
2021-03-04,14.90999984741211,15.020000457763672,14.0,14.609999656677246,14.609999656677246,31700
2021-03-05,14.34000015258789,14.65999984741211,14.199999809265137,14.199999809265137,14.199999809265137,6500
2021-03-08,13.600000381469727,14.0,13.131999969482422,13.699999809265137,13.699999809265137,10300
2021-03-09,13.399999618530273,13.680000305175781,12.8100004196167,13.550000190734863,13.550000190734863,22900
2021-03-10,13.25,13.859999656677246,12.720000267028809,12.720000267028809,12.720000267028809,27900
2021-03-11,12.9399995803833,13.260000228881836,12.819999694824219,12.819999694824219,12.819999694824219,35200
2021-03-12,12.819999694824219,13.369999885559082,12.8100004196167,13.3149995803833,13.3149995803833,4500
2021-03-15,12.970000267028809,13.1899995803833,12.600000381469727,12.800000190734863,12.800000190734863,42200
2021-03-16,12.800000190734863,13.270000457763672,12.675000190734863,12.954999923706055,12.954999923706055,111900
2021-03-17,12.800000190734863,13.800000190734863,12.800000190734863,13.800000190734863,13.800000190734863,700
2021-03-18,12.8100004196167,13.770999908447266,12.800000190734863,12.8100004196167,12.8100004196167,1800
2021-03-19,12.800000190734863,12.800000190734863,12.479999542236328,12.550000190734863,12.550000190734863,2500
2021-03-22,13.5,13.5,12.890000343322754,13.119999885559082,13.119999885559082,2300
2021-03-23,13.069999694824219,13.069999694824219,12.35200023651123,12.5600004196167,12.5600004196167,2300
2021-03-24,14.100000381469727,15.5,13.625,14.510000228881836,14.510000228881836,191700
2021-03-25,14.5,14.510000228881836,13.3100004196167,14.029999732971191,14.029999732971191,57300
2021-03-26,13.640000343322754,14.920000076293945,13.470000267028809,14.229999542236328,14.229999542236328,37900
2021-03-29,13.930000305175781,14.350000381469727,13.5649995803833,14.0,14.0,64800
2021-03-30,13.880000114440918,15.21500015258789,13.779999732971191,15.0,15.0,63800
2021-03-31,14.359999656677246,15.489999771118164,14.350000381469727,14.699999809265137,14.699999809265137,53300
2021-04-01,14.479999542236328,15.460000038146973,14.390000343322754,14.449999809265137,14.449999809265137,15200
2021-04-05,14.640000343322754,15.399999618530273,14.550000190734863,14.949999809265137,14.949999809265137,29400
2021-04-06,14.539999961853027,15.140000343322754,14.508000373840332,15.140000343322754,15.140000343322754,65900
2021-04-07,14.670000076293945,15.4399995803833,14.649999618530273,14.869999885559082,14.869999885559082,7000
2021-04-08,14.630000114440918,14.989999771118164,14.630000114440918,14.760000228881836,14.760000228881836,10500
2021-04-09,14.75,14.890000343322754,14.390000343322754,14.437999725341797,14.437999725341797,13300
2021-04-12,14.170000076293945,14.699999809265137,14.0,14.350000381469727,14.350000381469727,9300
2021-04-13,14.0,14.449999809265137,13.600000381469727,13.989999771118164,13.989999771118164,19700
2021-04-14,13.680000305175781,13.869999885559082,13.399999618530273,13.600000381469727,13.600000381469727,6000
2021-04-15,13.710000038146973,13.78499984741211,13.399999618530273,13.40999984741211,13.40999984741211,10000
2021-04-16,13.4399995803833,13.539999961853027,13.260000228881836,13.34000015258789,13.34000015258789,11800
2021-04-19,13.619999885559082,13.75,13.220000267028809,13.390000343322754,13.390000343322754,16500
2021-04-20,13.25,13.34000015258789,13.25,13.270000457763672,13.270000457763672,4400
2021-04-21,13.279999732971191,13.319999694824219,13.130000114440918,13.130000114440918,13.130000114440918,10100
2021-04-22,13.350000381469727,13.489999771118164,13.25,13.25,13.25,5400
2021-04-23,13.119999885559082,13.140000343322754,13.0,13.0,13.0,13700
2021-04-26,13.5,13.619999885559082,13.050000190734863,13.100000381469727,13.100000381469727,30100
2021-04-27,13.0,13.300000190734863,13.0,13.15999984741211,13.15999984741211,3100
2021-04-28,13.34000015258789,13.430000305175781,13.170000076293945,13.220000267028809,13.220000267028809,4500
2021-04-29,13.449999809265137,13.479999542236328,13.199999809265137,13.300000190734863,13.300000190734863,2700
2021-04-30,13.196000099182129,13.600000381469727,13.196000099182129,13.425000190734863,13.425000190734863,2500
2021-05-03,14.3100004196167,14.760000228881836,14.0600004196167,14.760000228881836,14.760000228881836,37400
2021-05-04,14.220000267028809,14.520000457763672,14.09000015258789,14.520000457763672,14.520000457763672,9300
2021-05-05,14.300000190734863,14.300000190734863,14.050000190734863,14.125,14.125,8600
2021-05-06,14.5,14.760000228881836,14.0600004196167,14.420000076293945,14.420000076293945,23000
2021-05-07,14.510000228881836,14.609999656677246,14.130000114440918,14.399999618530273,14.399999618530273,7400
2021-05-10,14.270000457763672,14.324999809265137,13.5,14.15999984741211,14.15999984741211,20500
2021-05-11,14.444999694824219,14.444999694824219,13.880000114440918,14.350000381469727,14.350000381469727,13400
2021-05-12,14.350000381469727,14.350000381469727,13.770000457763672,14.0,14.0,6600
2021-05-13,14.0,14.149999618530273,13.914999961853027,14.149999618530273,14.149999618530273,4300
2021-05-14,14.199999809265137,14.479999542236328,14.199000358581543,14.199999809265137,14.199999809265137,10600
2021-05-17,14.199999809265137,14.949999809265137,14.170000076293945,14.75,14.75,7500
2021-05-18,14.75,14.755000114440918,14.579999923706055,14.699999809265137,14.699999809265137,16900
2021-05-19,14.451000213623047,14.600000381469727,14.42300033569336,14.600000381469727,14.600000381469727,6300
2021-05-20,14.569999694824219,14.579999923706055,14.569999694824219,14.579999923706055,14.579999923706055,800
2021-05-21,14.850000381469727,14.850000381469727,14.850000381469727,14.850000381469727,14.850000381469727,1300
2021-05-24,14.850000381469727,14.850000381469727,14.449999809265137,14.600000381469727,14.600000381469727,5900
2021-05-25,14.34000015258789,14.5600004196167,14.25,14.380000114440918,14.380000114440918,5400
2021-05-26,14.600000381469727,14.600000381469727,14.17199993133545,14.354999542236328,14.354999542236328,6400
2021-05-27,14.300000190734863,14.489999771118164,14.199999809265137,14.199999809265137,14.199999809265137,3800
2021-05-28,13.6899995803833,13.789999961853027,13.65999984741211,13.65999984741211,13.65999984741211,600
2021-06-01,13.8100004196167,14.09000015258789,13.510000228881836,13.680000305175781,13.680000305175781,23000
2021-06-02,13.520000457763672,13.75,13.390000343322754,13.390000343322754,13.390000343322754,2400
2021-06-03,13.40999984741211,13.585000038146973,13.350000381469727,13.454999923706055,13.454999923706055,7800
2021-06-04,13.760000228881836,14.149999618530273,13.739999771118164,13.75,13.75,18100
2021-06-07,14.210000038146973,14.87600040435791,14.0,14.87600040435791,14.87600040435791,21300
2021-06-08,14.8100004196167,15.180000305175781,14.654999732971191,15.107000350952148,15.107000350952148,17200
2021-06-09,15.0,15.206000328063965,14.65999984741211,15.020000457763672,15.020000457763672,10100
2021-06-10,14.850000381469727,15.0649995803833,14.5,14.640000343322754,14.640000343322754,9700
2021-06-11,15.109999656677246,15.729999542236328,15.0,15.670000076293945,15.670000076293945,22200
2021-06-14,16.290000915527344,16.290000915527344,15.0,15.539999961853027,15.539999961853027,33600
2021-06-15,15.210000038146973,16.93000030517578,15.100000381469727,15.199999809265137,15.199999809265137,37600
2021-06-16,15.119999885559082,15.210000038146973,14.75,15.199999809265137,15.199999809265137,11000
2021-06-17,14.579999923706055,14.609999656677246,14.25,14.550000190734863,14.550000190734863,12200
2021-06-18,14.40999984741211,14.529999732971191,14.170000076293945,14.529999732971191,14.529999732971191,5100
2021-06-21,14.579999923706055,14.579999923706055,14.0,14.0,14.0,11300
2021-06-22,14.0,14.121000289916992,13.892999649047852,13.944999694824219,13.944999694824219,5100
2021-06-23,13.894000053405762,13.9399995803833,13.5,13.899999618530273,13.899999618530273,8100
2021-06-24,13.710000038146973,13.920000076293945,13.479999542236328,13.899999618530273,13.899999618530273,11700
2021-06-25,13.760000228881836,13.760000228881836,13.119999885559082,13.699999809265137,13.699999809265137,26900
2021-06-28,13.600000381469727,13.60099983215332,13.17300033569336,13.376999855041504,13.376999855041504,13700
2021-06-29,13.369999885559082,13.640000343322754,13.369999885559082,13.5,13.5,5300
2021-06-30,13.369999885559082,13.65999984741211,13.369999885559082,13.635000228881836,13.635000228881836,6600
2021-07-01,13.859999656677246,14.375,13.859999656677246,14.199999809265137,14.199999809265137,5500
2021-07-02,14.25,14.279999732971191,14.239999771118164,14.25,14.25,12000
2021-07-06,14.600000381469727,14.600000381469727,14.300000190734863,14.312999725341797,14.312999725341797,1700
2021-07-07,14.319999694824219,14.369999885559082,13.75,14.319999694824219,14.319999694824219,103600
2021-07-08,13.960000038146973,14.4399995803833,13.760000228881836,14.4399995803833,14.4399995803833,3000
2021-07-09,13.949999809265137,14.010000228881836,13.845999717712402,14.0,14.0,3600
2021-07-12,14.039999961853027,14.039999961853027,13.75,13.875,13.875,9000
2021-07-13,13.75,13.949999809265137,13.75,13.895000457763672,13.895000457763672,8300
2021-07-14,13.864999771118164,13.972000122070312,13.859999656677246,13.972000122070312,13.972000122070312,3500
2021-07-15,13.800000190734863,14.09000015258789,13.800000190734863,14.079999923706055,14.079999923706055,6800
2021-07-16,14.3100004196167,14.350000381469727,13.848999977111816,14.350000381469727,14.350000381469727,1700
2021-07-19,14.279999732971191,14.279999732971191,13.824999809265137,14.180000305175781,14.180000305175781,4700
2021-07-20,14.210000038146973,14.210000038146973,13.800000190734863,14.029999732971191,14.029999732971191,2600
2021-07-21,14.100000381469727,14.859999656677246,13.829999923706055,14.850000381469727,14.850000381469727,15100
2021-07-22,14.050000190734863,14.585000038146973,14.050000190734863,14.5,14.5,3400
2021-07-23,14.32800006866455,14.32800006866455,13.859999656677246,13.859999656677246,13.859999656677246,500
2021-07-26,13.989999771118164,14.489999771118164,13.880000114440918,14.34000015258789,14.34000015258789,7400
2021-07-27,14.220000267028809,14.220000267028809,13.4399995803833,13.819999694824219,13.819999694824219,5000
2021-07-28,13.65999984741211,13.777000427246094,13.609999656677246,13.663000106811523,13.663000106811523,4100
2021-07-29,13.789999961853027,13.850000381469727,13.140000343322754,13.170000076293945,13.170000076293945,11100
2021-07-30,13.710000038146973,13.710000038146973,13.310999870300293,13.4399995803833,13.4399995803833,3200
2021-08-02,13.510000228881836,13.680000305175781,13.5,13.5,13.5,9400
2021-08-03,13.050000190734863,13.180000305175781,12.890000343322754,13.119999885559082,13.119999885559082,24400
2021-08-04,12.8100004196167,12.949999809265137,12.609999656677246,12.949999809265137,12.949999809265137,7300
2021-08-05,12.170000076293945,12.170000076293945,11.600000381469727,11.899999618530273,11.899999618530273,11800
2021-08-06,11.600000381469727,12.039999961853027,11.100000381469727,11.210000038146973,11.210000038146973,10900
2021-08-09,11.100000381469727,11.100000381469727,10.649999618530273,10.859999656677246,10.859999656677246,8100
2021-08-10,10.979999542236328,11.3100004196167,10.75,10.75,10.75,12600
2021-08-11,10.949999809265137,11.1899995803833,10.59000015258789,10.800000190734863,10.800000190734863,9400
2021-08-12,10.800000190734863,10.800000190734863,10.630000114440918,10.734000205993652,10.734000205993652,4900
2021-08-13,10.649999618530273,10.95199966430664,10.649999618530273,10.899999618530273,10.899999618530273,2500
2021-08-16,10.720000267028809,11.289999961853027,10.720000267028809,11.149999618530273,11.149999618530273,9300
2021-08-17,11.199999809265137,11.380000114440918,10.600000381469727,11.3149995803833,11.3149995803833,5300
2021-08-18,11.609999656677246,11.609999656677246,11.140000343322754,11.199999809265137,11.199999809265137,3500
2021-08-19,11.109999656677246,11.494999885559082,11.0,11.199999809265137,11.199999809265137,6600
2021-08-20,11.5600004196167,11.5600004196167,10.520000457763672,10.805000305175781,10.805000305175781,12100
2021-08-23,10.989999771118164,11.5,10.989999771118164,11.420000076293945,11.420000076293945,8100
2021-08-24,11.34000015258789,11.430000305175781,11.239999771118164,11.37600040435791,11.37600040435791,2100
2021-08-25,11.3100004196167,12.229999542236328,11.3100004196167,12.163999557495117,12.163999557495117,3500
2021-08-26,12.125,12.125,12.125,12.125,12.125,700
2021-08-27,12.170000076293945,12.560999870300293,12.020000457763672,12.560999870300293,12.560999870300293,3800
2021-08-30,12.5,13.0,12.329999923706055,12.359999656677246,12.359999656677246,3300
2021-08-31,13.0,13.25,12.369999885559082,13.199999809265137,13.199999809265137,2800
2021-09-01,13.670000076293945,13.670000076293945,12.9399995803833,13.170000076293945,13.170000076293945,3400
2021-09-02,13.449999809265137,14.0,13.449999809265137,13.449999809265137,13.449999809265137,2200
2021-09-03,13.819999694824219,13.989999771118164,13.800000190734863,13.800000190734863,13.800000190734863,1700
2021-09-07,13.550000190734863,13.979999542236328,13.220000267028809,13.979999542236328,13.979999542236328,3400
2021-09-08,13.614999771118164,14.0,13.239999771118164,13.75,13.75,4500
2021-09-09,13.630000114440918,13.989999771118164,13.574999809265137,13.800000190734863,13.800000190734863,5100
2021-09-10,13.989999771118164,14.0,13.899999618530273,14.0,14.0,10200
2021-09-13,13.40999984741211,13.5,13.135000228881836,13.5,13.5,10300
2021-09-14,13.460000038146973,13.489999771118164,12.850000381469727,13.460000038146973,13.460000038146973,1600
2021-09-15,13.369999885559082,13.5,13.300000190734863,13.5,13.5,2900
2021-09-16,13.619999885559082,13.630000114440918,13.5,13.630000114440918,13.630000114440918,1900
2021-09-17,13.899999618530273,13.899999618530273,13.579999923706055,13.899999618530273,13.899999618530273,11200
2021-09-20,14.15999984741211,14.220000267028809,13.729999542236328,14.0,14.0,15700
2021-09-21,13.979999542236328,14.119999885559082,13.934000015258789,13.934000015258789,13.934000015258789,1800
2021-09-22,14.5,14.75,14.277000427246094,14.350000381469727,14.350000381469727,2097300
2021-09-23,15.0600004196167,15.0600004196167,14.449999809265137,14.600000381469727,14.600000381469727,4700
2021-09-24,14.449999809265137,14.449999809265137,14.319999694824219,14.329999923706055,14.329999923706055,2300
2021-09-27,14.4399995803833,14.4399995803833,14.0,14.1899995803833,14.1899995803833,4200
2021-09-28,14.1899995803833,14.1899995803833,13.220999717712402,13.649999618530273,13.649999618530273,9500
2021-09-29,13.684000015258789,14.399999618530273,13.609999656677246,14.399999618530273,14.399999618530273,140000
2021-09-30,14.020000457763672,14.15999984741211,14.020000457763672,14.15999984741211,14.15999984741211,1600
2021-10-01,13.90999984741211,14.279999732971191,13.5,14.180000305175781,14.180000305175781,6700
2021-10-04,13.729999542236328,13.859999656677246,13.5,13.5600004196167,13.5600004196167,1900
2021-10-05,13.579999923706055,13.579999923706055,13.229999542236328,13.5,13.5,6800
2021-10-06,13.369999885559082,13.460000038146973,13.130000114440918,13.130000114440918,13.130000114440918,2900
2021-10-07,13.100000381469727,13.149999618530273,12.75,12.75,12.75,5700
2021-10-08,13.050000190734863,13.050000190734863,12.680999755859375,12.829999923706055,12.829999923706055,2600
2021-10-11,13.0,13.050000190734863,12.755000114440918,13.039999961853027,13.039999961853027,3600
2021-10-12,13.3100004196167,13.680000305175781,13.3100004196167,13.680000305175781,13.680000305175781,3300
2021-10-13,13.5,13.5,13.0,13.5,13.5,8700
2021-10-14,13.63700008392334,13.654999732971191,13.63700008392334,13.654999732971191,13.654999732971191,800
2021-10-15,13.069999694824219,13.699999809265137,13.0600004196167,13.399999618530273,13.399999618530273,8100
2021-10-18,13.75,13.75,13.637999534606934,13.637999534606934,13.637999534606934,3200
2021-10-19,13.979999542236328,14.600000381469727,13.979999542236328,14.0,14.0,12800
2021-10-20,14.0,14.0,14.0,14.0,14.0,2400
2021-10-21,14.5,14.5,14.25,14.260000228881836,14.260000228881836,15900
2021-10-22,14.289999961853027,14.289999961853027,14.130000114440918,14.239999771118164,14.239999771118164,10300
2021-10-25,14.600000381469727,14.600000381469727,14.399999618530273,14.479999542236328,14.479999542236328,8100
2021-10-26,14.9399995803833,14.9399995803833,14.34000015258789,14.805000305175781,14.805000305175781,2500
2021-10-27,15.0,15.119999885559082,14.729999542236328,15.0,15.0,9100
2021-10-28,14.845000267028809,15.029999732971191,14.663999557495117,14.880000114440918,14.880000114440918,8300
2021-10-29,15.029999732971191,15.779999732971191,15.029999732971191,15.649999618530273,15.649999618530273,10800
2021-11-01,15.15999984741211,15.15999984741211,14.880000114440918,15.0,15.0,9400
2021-11-02,15.050000190734863,15.26200008392334,14.970000267028809,15.100000381469727,15.100000381469727,4500
2021-11-03,15.069999694824219,15.069999694824219,14.59000015258789,14.819999694824219,14.819999694824219,2800
2021-11-04,15.039999961853027,15.039999961853027,14.75,14.75,14.75,900
2021-11-05,14.869999885559082,14.869999885559082,14.039999961853027,14.350000381469727,14.350000381469727,4600
2021-11-08,14.220000267028809,14.220000267028809,13.649999618530273,13.8100004196167,13.8100004196167,4200
2021-11-09,14.9399995803833,14.9399995803833,14.039999961853027,14.25,14.25,1800
2021-11-10,14.199999809265137,14.569999694824219,14.1899995803833,14.229999542236328,14.229999542236328,4000
2021-11-11,14.140000343322754,14.470000267028809,13.967000007629395,14.470000267028809,14.470000267028809,1800
2021-11-12,13.84000015258789,13.989999771118164,13.84000015258789,13.850000381469727,13.850000381469727,1800
2021-11-15,13.710000038146973,13.819999694824219,13.550000190734863,13.600000381469727,13.600000381469727,4000
2021-11-16,13.5,13.5,13.100000381469727,13.10200023651123,13.10200023651123,2700
2021-11-17,13.100000381469727,13.119999885559082,12.949999809265137,13.104999542236328,13.104999542236328,4200
2021-11-18,13.300000190734863,13.300000190734863,13.180000305175781,13.220000267028809,13.220000267028809,1000
2021-11-19,13.220000267028809,13.223999977111816,13.050000190734863,13.199999809265137,13.199999809265137,1000
2021-11-22,13.119999885559082,13.444999694824219,13.119999885559082,13.444999694824219,13.444999694824219,2500
2021-11-23,13.449999809265137,13.449999809265137,13.449999809265137,13.449999809265137,13.449999809265137,800
2021-11-24,13.140000343322754,13.42300033569336,13.100000381469727,13.42300033569336,13.42300033569336,1400
2021-11-26,13.239999771118164,13.380000114440918,13.130000114440918,13.380000114440918,13.380000114440918,1200
2021-11-29,13.920000076293945,14.234000205993652,13.5,13.510000228881836,13.510000228881836,6300
2021-11-30,13.510000228881836,13.510000228881836,13.130000114440918,13.300000190734863,13.300000190734863,1000
2021-12-01,13.5,14.329999923706055,13.5,13.550000190734863,13.550000190734863,16800
2021-12-02,13.642999649047852,14.109999656677246,13.600000381469727,13.800000190734863,13.800000190734863,1100
2021-12-03,13.8100004196167,14.16100025177002,13.470000267028809,14.005000114440918,14.005000114440918,11700
2021-12-06,14.069999694824219,14.175000190734863,13.5600004196167,13.609999656677246,13.609999656677246,2100
2021-12-07,13.760000228881836,13.824999809265137,13.600000381469727,13.649999618530273,13.649999618530273,2700
2021-12-08,14.119999885559082,14.119999885559082,13.899999618530273,14.029999732971191,14.029999732971191,12600
2021-12-09,13.819999694824219,14.031000137329102,13.819999694824219,14.031000137329102,14.031000137329102,2700
2021-12-10,13.649999618530273,13.869999885559082,13.600000381469727,13.869999885559082,13.869999885559082,1000
2021-12-13,13.600000381469727,13.859999656677246,13.229999542236328,13.239999771118164,13.239999771118164,23100
2021-12-14,13.710000038146973,14.119999885559082,13.640000343322754,13.699999809265137,13.699999809265137,2100
2021-12-15,13.789999961853027,14.329999923706055,13.1899995803833,14.199999809265137,14.199999809265137,13100
2021-12-16,13.90999984741211,14.100000381469727,13.824999809265137,13.824999809265137,13.824999809265137,7300
2021-12-17,13.704000473022461,13.970000267028809,13.609999656677246,13.970000267028809,13.970000267028809,5000
2021-12-20,13.3100004196167,14.1899995803833,13.232000350952148,14.1899995803833,14.1899995803833,2700
2021-12-21,13.5,13.5,13.288999557495117,13.34000015258789,13.34000015258789,3800
2021-12-22,13.753000259399414,13.770000457763672,13.753000259399414,13.760000228881836,13.760000228881836,2400
2021-12-23,13.819999694824219,13.859999656677246,13.571999549865723,13.710000038146973,13.710000038146973,1500
2021-12-27,13.739999771118164,13.852999687194824,13.619999885559082,13.779999732971191,13.779999732971191,3800
2021-12-28,13.520000457763672,13.5600004196167,13.28600025177002,13.505000114440918,13.505000114440918,3900
2021-12-29,13.420000076293945,13.640000343322754,13.100000381469727,13.100000381469727,13.100000381469727,1100
2021-12-30,13.335000038146973,13.814000129699707,13.324999809265137,13.814000129699707,13.814000129699707,1800
2021-12-31,13.65999984741211,13.65999984741211,13.414999961853027,13.65999984741211,13.65999984741211,6600
2022-01-03,13.65999984741211,13.65999984741211,13.65999984741211,13.65999984741211,13.65999984741211,0
2022-01-04,13.399999618530273,13.399999618530273,13.130000114440918,13.3100004196167,13.3100004196167,6700
2022-01-05,13.149999618530273,13.1899995803833,13.149999618530273,13.1899995803833,13.1899995803833,700
2022-01-06,13.199999809265137,13.199999809265137,13.079999923706055,13.079999923706055,13.079999923706055,1700
2022-01-07,13.100000381469727,13.100000381469727,12.479999542236328,12.819999694824219,12.819999694824219,2300
2022-01-10,12.420000076293945,12.506999969482422,12.350000381469727,12.399999618530273,12.399999618530273,5700
2022-01-11,12.380000114440918,12.449999809265137,12.37399959564209,12.449999809265137,12.449999809265137,600
2022-01-12,12.755000114440918,12.789999961853027,12.609999656677246,12.6899995803833,12.6899995803833,7100
2022-01-13,12.755000114440918,12.800000190734863,12.710000038146973,12.710000038146973,12.710000038146973,5200
2022-01-14,12.850000381469727,12.899999618530273,12.710000038146973,12.710000038146973,12.710000038146973,7700
2022-01-18,12.489999771118164,12.539999961853027,12.420000076293945,12.420000076293945,12.420000076293945,600
2022-01-19,12.479999542236328,12.520000457763672,12.350000381469727,12.520000457763672,12.520000457763672,2500
2022-01-20,12.760000228881836,12.760000228881836,12.600000381469727,12.600000381469727,12.600000381469727,3100
2022-01-21,12.600000381469727,12.829999923706055,12.5,12.5600004196167,12.5600004196167,4200
2022-01-24,12.100000381469727,12.149999618530273,11.029999732971191,12.053000450134277,12.053000450134277,8600
2022-01-25,11.890000343322754,12.126999855041504,11.871000289916992,12.079999923706055,12.079999923706055,2600
2022-01-26,11.34000015258789,12.125,11.34000015258789,11.899999618530273,11.899999618530273,4300
2022-01-27,12.15999984741211,12.15999984741211,11.699999809265137,12.119999885559082,12.119999885559082,4600
2022-01-28,12.109999656677246,12.109999656677246,12.0,12.0,12.0,1300
2022-01-31,11.880000114440918,12.100000381469727,11.880000114440918,12.079999923706055,12.079999923706055,6900
2022-02-01,12.520000457763672,13.220000267028809,12.520000457763672,13.220000267028809,13.220000267028809,51000
2022-02-02,12.920000076293945,12.989999771118164,12.713000297546387,12.760000228881836,12.760000228881836,1000
2022-02-03,13.0,13.65999984741211,12.979999542236328,13.180000305175781,13.180000305175781,9300
2022-02-04,13.180000305175781,13.180000305175781,13.180000305175781,13.180000305175781,13.180000305175781,0
2022-02-07,13.0600004196167,13.59000015258789,13.0600004196167,13.539999961853027,13.539999961853027,1500
2022-02-08,13.229999542236328,13.4399995803833,13.229999542236328,13.4399995803833,13.4399995803833,1400
2022-02-09,13.600000381469727,13.600000381469727,13.600000381469727,13.600000381469727,13.600000381469727,1900
2022-02-10,13.600000381469727,13.600000381469727,13.600000381469727,13.600000381469727,13.600000381469727,1300
2022-02-11,13.600000381469727,13.600000381469727,13.600000381469727,13.600000381469727,13.600000381469727,0
2022-02-14,12.800000190734863,12.800000190734863,12.319999694824219,12.539999961853027,12.539999961853027,3100
2022-02-15,12.710000038146973,13.15999984741211,12.699999809265137,13.15999984741211,13.15999984741211,1500
2022-02-16,12.380000114440918,12.649999618530273,12.380000114440918,12.649999618530273,12.649999618530273,1200
2022-02-17,12.489999771118164,12.489999771118164,12.489999771118164,12.489999771118164,12.489999771118164,600
2022-02-18,12.380000114440918,12.430000305175781,12.380000114440918,12.40999984741211,12.40999984741211,3600
2022-02-22,11.770000457763672,12.40999984741211,11.51099967956543,12.399999618530273,12.399999618530273,7400
2022-02-23,12.210000038146973,12.619999885559082,11.814000129699707,12.079999923706055,12.079999923706055,11300
2022-02-24,11.630000114440918,12.880000114440918,11.140000343322754,12.59000015258789,12.59000015258789,11000
2022-02-25,12.630000114440918,12.630000114440918,11.819999694824219,12.199999809265137,12.199999809265137,11500
2022-02-28,12.119999885559082,13.65999984741211,12.119999885559082,13.399999618530273,13.399999618530273,50800
2022-03-01,12.760000228881836,12.90999984741211,12.149999618530273,12.369999885559082,12.369999885559082,11000
2022-03-02,12.050000190734863,12.4399995803833,12.010000228881836,12.100000381469727,12.100000381469727,2100
2022-03-03,11.720000267028809,11.90999984741211,11.720000267028809,11.904999732971191,11.904999732971191,5500
2022-03-04,11.430000305175781,11.840999603271484,11.319999694824219,11.34000015258789,11.34000015258789,5600
2022-03-07,10.489999771118164,11.678999900817871,10.460000038146973,11.0,11.0,22100
2022-03-08,10.979999542236328,11.260000228881836,10.869999885559082,11.1899995803833,11.1899995803833,2700
2022-03-09,11.220000267028809,11.220000267028809,10.979999542236328,11.109999656677246,11.109999656677246,2900
2022-03-10,10.850000381469727,11.369999885559082,10.850000381469727,11.229999542236328,11.229999542236328,2000
2022-03-11,11.21500015258789,11.449999809265137,11.1899995803833,11.29800033569336,11.29800033569336,2300
2022-03-14,10.989999771118164,11.210000038146973,10.989999771118164,11.010000228881836,11.010000228881836,1000
2022-03-15,10.890000343322754,10.890000343322754,10.510000228881836,10.510000228881836,10.510000228881836,900
2022-03-16,10.720000267028809,11.0,10.720000267028809,10.720000267028809,10.720000267028809,3100
2022-03-17,10.899999618530273,11.220000267028809,10.710000038146973,11.220000267028809,11.220000267028809,2200
2022-03-18,11.180000305175781,11.220000267028809,11.180000305175781,11.220000267028809,11.220000267028809,2500
2022-03-21,10.760000228881836,11.005000114440918,10.760000228881836,10.970000267028809,10.970000267028809,2800
2022-03-22,11.170000076293945,11.300000190734863,10.989999771118164,11.1899995803833,11.1899995803833,3500
2022-03-23,11.355999946594238,11.355999946594238,11.199999809265137,11.199999809265137,11.199999809265137,1100
2022-03-24,11.1899995803833,11.329999923706055,11.130000114440918,11.1899995803833,11.1899995803833,3200
2022-03-25,11.1899995803833,11.1899995803833,11.100000381469727,11.100000381469727,11.100000381469727,1300
2022-03-28,10.970000267028809,11.390000343322754,10.890000343322754,11.15999984741211,11.15999984741211,1400
2022-03-29,11.399999618530273,11.699999809265137,11.239999771118164,11.239999771118164,11.239999771118164,800
2022-03-30,11.649999618530273,11.649999618530273,11.399999618530273,11.399999618530273,11.399999618530273,101700
2022-03-31,11.399999618530273,11.399999618530273,11.399999618530273,11.399999618530273,11.399999618530273,0
2022-04-01,11.024999618530273,11.024999618530273,11.024999618530273,11.024999618530273,11.024999618530273,100
2022-04-04,11.3100004196167,11.760000228881836,11.3100004196167,11.760000228881836,11.760000228881836,1200
2022-04-05,11.279999732971191,12.152000427246094,11.279999732971191,12.152000427246094,12.152000427246094,3900
2022-04-06,11.270000457763672,11.5,11.03499984741211,11.25,11.25,11600
2022-04-07,11.220000267028809,11.220000267028809,11.100000381469727,11.100000381469727,11.100000381469727,2700
2022-04-08,11.109999656677246,11.510000228881836,10.920000076293945,11.210000038146973,11.210000038146973,4000
2022-04-11,11.0600004196167,11.1850004196167,11.0600004196167,11.1850004196167,11.1850004196167,500
2022-04-12,11.149999618530273,11.180000305175781,10.925000190734863,11.180000305175781,11.180000305175781,3900
2022-04-13,10.850000381469727,10.869999885559082,10.670000076293945,10.859999656677246,10.859999656677246,5100
2022-04-14,10.859999656677246,10.859999656677246,10.859999656677246,10.859999656677246,10.859999656677246,0
2022-04-18,10.510000228881836,10.539999961853027,10.510000228881836,10.510000228881836,10.510000228881836,1600
2022-04-19,10.619999885559082,10.8149995803833,10.40999984741211,10.40999984741211,10.40999984741211,1100
2022-04-20,10.640000343322754,10.649999618530273,10.640000343322754,10.649999618530273,10.649999618530273,800
2022-04-21,10.640000343322754,10.649999618530273,10.539999961853027,10.539999961853027,10.539999961853027,4100
2022-04-22,10.539999961853027,10.539999961853027,10.210000038146973,10.305000305175781,10.305000305175781,6400
2022-04-25,10.28499984741211,10.28499984741211,9.586999893188477,10.010000228881836,10.010000228881836,5700
2022-04-26,9.970000267028809,10.289999961853027,9.760000228881836,9.760000228881836,9.760000228881836,2000
2022-04-27,9.529999732971191,9.529999732971191,8.649999618530273,8.949999809265137,8.949999809265137,8500
2022-04-28,9.600000381469727,9.600000381469727,9.020000457763672,9.229999542236328,9.229999542236328,2500
2022-04-29,9.600000381469727,9.87600040435791,9.399999618530273,9.399999618530273,9.399999618530273,2100
2022-05-02,9.510000228881836,9.920000076293945,9.510000228881836,9.725000381469727,9.725000381469727,1500
2022-05-03,9.720000267028809,9.720000267028809,9.720000267028809,9.720000267028809,9.720000267028809,1000
2022-05-04,9.720000267028809,9.720000267028809,9.720000267028809,9.720000267028809,9.720000267028809,0
2022-05-05,9.720000267028809,9.96500015258789,9.720000267028809,9.96500015258789,9.96500015258789,1500
2022-05-06,9.720000267028809,10.020000457763672,9.720000267028809,9.968000411987305,9.968000411987305,2900
2022-05-09,9.720000267028809,10.220000267028809,9.170000076293945,10.220000267028809,10.220000267028809,3800
2022-05-10,9.300000190734863,9.395000457763672,8.57699966430664,8.57699966430664,8.57699966430664,1600
2022-05-11,9.100000381469727,9.350000381469727,8.649999618530273,8.649999618530273,8.649999618530273,1600
2022-05-12,8.920000076293945,8.920000076293945,8.0,8.685999870300293,8.685999870300293,2900
2022-05-13,8.986000061035156,8.986000061035156,8.800999641418457,8.800999641418457,8.800999641418457,700
2022-05-16,9.0,9.100000381469727,8.850000381469727,8.850000381469727,8.850000381469727,8800
2022-05-17,8.9399995803833,9.298999786376953,8.800000190734863,9.298999786376953,9.298999786376953,1400
2022-05-18,9.298999786376953,9.298999786376953,9.298999786376953,9.298999786376953,9.298999786376953,0
2022-05-19,9.48799991607666,9.48799991607666,9.48799991607666,9.48799991607666,9.48799991607666,200
2022-05-20,9.350000381469727,9.350000381469727,9.300000190734863,9.300000190734863,9.300000190734863,400
2022-05-23,9.244999885559082,9.300000190734863,9.244999885559082,9.300000190734863,9.300000190734863,2900
2022-05-24,9.300000190734863,9.300000190734863,8.8100004196167,9.039999961853027,9.039999961853027,3200
2022-05-25,9.300000190734863,9.3100004196167,8.800000190734863,9.0,9.0,6600
2022-05-26,9.3100004196167,9.3100004196167,9.09000015258789,9.180000305175781,9.180000305175781,1900
2022-05-27,9.199999809265137,9.199999809265137,9.0,9.050000190734863,9.050000190734863,5400
2022-05-31,8.970000267028809,9.119999885559082,8.970000267028809,9.020000457763672,9.020000457763672,1700
2022-06-01,9.100000381469727,9.100000381469727,9.0,9.010000228881836,9.010000228881836,7500
2022-06-02,9.0,9.119999885559082,8.899999618530273,8.899999618530273,8.899999618530273,2000
2022-06-03,9.0,9.3100004196167,8.871999740600586,8.920000076293945,8.920000076293945,2900
2022-06-06,9.1899995803833,9.1899995803833,8.800000190734863,8.850000381469727,8.850000381469727,3200
2022-06-07,8.899999618530273,9.140000343322754,8.899999618530273,9.029999732971191,9.029999732971191,2000
2022-06-08,8.869999885559082,9.100000381469727,8.869999885559082,9.0600004196167,9.0600004196167,1400
2022-06-09,8.899999618530273,8.989999771118164,8.814000129699707,8.899999618530273,8.899999618530273,600
2022-06-10,8.850000381469727,8.850000381469727,8.850000381469727,8.850000381469727,8.850000381469727,1100
2022-06-13,8.800000190734863,8.800000190734863,7.28000020980835,7.769000053405762,7.769000053405762,5700
2022-06-14,7.960000038146973,7.960000038146973,7.349999904632568,7.770999908447266,7.770999908447266,14000
2022-06-15,7.659999847412109,7.75,6.480000019073486,7.105000019073486,7.105000019073486,1282100
2022-06-16,7.289999961853027,7.300000190734863,6.929999828338623,7.150000095367432,7.150000095367432,6200
2022-06-17,7.340000152587891,7.464000225067139,6.769999980926514,6.840000152587891,6.840000152587891,25800
2022-06-21,7.0,7.389999866485596,6.965000152587891,6.965000152587891,6.965000152587891,19100
2022-06-22,7.050000190734863,7.28000020980835,6.289999961853027,6.480000019073486,6.480000019073486,54200
2022-06-23,6.59499979019165,7.099999904632568,6.46999979019165,6.599999904632568,6.599999904632568,18300
2022-06-24,6.889999866485596,6.980000019073486,6.320000171661377,6.460000038146973,6.460000038146973,30800
2022-06-27,6.710000038146973,6.739999771118164,6.46999979019165,6.559999942779541,6.559999942779541,8500
2022-06-28,6.449999809265137,6.59499979019165,6.090000152587891,6.449999809265137,6.449999809265137,15500
2022-06-29,5.860000133514404,6.0,5.25,5.610000133514404,5.610000133514404,23600
2022-06-30,5.579999923706055,5.909999847412109,5.579999923706055,5.670000076293945,5.670000076293945,2600
2022-07-01,5.666999816894531,6.199999809265137,5.666999816894531,5.75,5.75,2200
2022-07-05,6.119999885559082,6.170000076293945,6.0,6.050000190734863,6.050000190734863,9300
2022-07-06,5.5,5.690000057220459,5.110000133514404,5.5,5.5,29400
2022-07-07,5.75,5.75,5.420000076293945,5.420000076293945,5.420000076293945,16700
2022-07-08,5.710000038146973,5.949999809265137,5.710000038146973,5.949999809265137,5.949999809265137,1900
2022-07-11,5.834000110626221,5.834000110626221,5.834000110626221,5.834000110626221,5.834000110626221,200
2022-07-12,5.677999973297119,5.696000099182129,5.5,5.5,5.5,1800
2022-07-13,5.480000019073486,5.679999828338623,5.400000095367432,5.480000019073486,5.480000019073486,3900
2022-07-14,5.400000095367432,5.440000057220459,5.324999809265137,5.324999809265137,5.324999809265137,800
2022-07-15,5.324999809265137,5.324999809265137,5.324999809265137,5.324999809265137,5.324999809265137,0
2022-07-18,5.28000020980835,5.449999809265137,5.28000020980835,5.449999809265137,5.449999809265137,500
2022-07-19,5.28000020980835,5.28000020980835,5.0,5.204999923706055,5.204999923706055,2900
2022-07-20,5.099999904632568,5.099999904632568,5.099999904632568,5.099999904632568,5.099999904632568,400
2022-07-21,4.760000228881836,5.179999828338623,4.760000228881836,4.889999866485596,4.889999866485596,700
2022-07-22,5.0,5.135000228881836,5.0,5.135000228881836,5.135000228881836,800
2022-07-25,5.0,5.289999961853027,5.0,5.150000095367432,5.150000095367432,700
2022-07-26,5.28000020980835,5.28000020980835,5.0,5.0,5.0,800
2022-07-27,4.949999809265137,4.949999809265137,4.949999809265137,4.949999809265137,4.949999809265137,200
2022-07-28,4.880000114440918,5.085999965667725,4.880000114440918,5.0,5.0,600
2022-07-29,4.849999904632568,4.849999904632568,4.796000003814697,4.796000003814697,4.796000003814697,600
2022-08-01,4.78000020980835,4.78000020980835,4.78000020980835,4.78000020980835,4.78000020980835,300
2022-08-02,4.650000095367432,4.710000038146973,4.300000190734863,4.440000057220459,4.440000057220459,13300
2022-08-03,4.599999904632568,4.599999904632568,4.28000020980835,4.440000057220459,4.440000057220459,21500
2022-08-04,4.590000152587891,4.71999979019165,4.380000114440918,4.400000095367432,4.400000095367432,11600
2022-08-05,4.5,4.610000133514404,4.5,4.599999904632568,4.599999904632568,800
2022-08-08,4.699999809265137,4.75,4.5,4.565000057220459,4.565000057220459,13000
2022-08-09,4.650000095367432,5.0,4.650000095367432,5.0,5.0,2600
2022-08-10,4.960000038146973,5.0,4.769999980926514,4.78000020980835,4.78000020980835,1500
2022-08-11,4.949999809265137,5.164000034332275,4.800000190734863,4.960000038146973,4.960000038146973,1700
2022-08-12,5.0,5.199999809265137,5.0,5.199999809265137,5.199999809265137,1100
2022-08-15,5.150000095367432,5.5,5.150000095367432,5.420000076293945,5.420000076293945,2500
2022-08-16,5.21999979019165,5.239999771118164,5.099999904632568,5.099999904632568,5.099999904632568,800
2022-08-17,5.010000228881836,5.010000228881836,5.010000228881836,5.010000228881836,5.010000228881836,500
2022-08-18,5.175000190734863,5.175000190734863,5.175000190734863,5.175000190734863,5.175000190734863,200
2022-08-19,4.940000057220459,4.940000057220459,4.840000152587891,4.840000152587891,4.840000152587891,400
2022-08-22,4.659999847412109,4.909999847412109,4.441999912261963,4.909999847412109,4.909999847412109,7000
2022-08-23,4.900000095367432,4.900000095367432,4.5,4.75,4.75,6700
2022-08-24,4.659999847412109,4.659999847412109,4.659999847412109,4.659999847412109,4.659999847412109,300
2022-08-25,4.659999847412109,4.659999847412109,4.659999847412109,4.659999847412109,4.659999847412109,0
2022-08-26,4.659999847412109,4.659999847412109,4.659999847412109,4.659999847412109,4.659999847412109,800
2022-08-29,4.440000057220459,4.440000057220459,4.440000057220459,4.440000057220459,4.440000057220459,500
2022-08-30,4.53000020980835,4.550000190734863,4.25,4.5,4.5,6300
2022-08-31,4.5,4.5,4.5,4.5,4.5,0
2022-09-01,4.400000095367432,4.400000095367432,4.400000095367432,4.400000095367432,4.400000095367432,2400
2022-09-02,4.300000190734863,4.550000190734863,4.300000190734863,4.349999904632568,4.349999904632568,1500
2022-09-06,4.380000114440918,4.485000133514404,4.289999961853027,4.289999961853027,4.289999961853027,700
2022-09-07,4.349999904632568,4.349999904632568,3.9000000953674316,3.9000000953674316,3.9000000953674316,2600
2022-09-08,4.0,4.099999904632568,4.0,4.010000228881836,4.010000228881836,4400
2022-09-09,4.099999904632568,4.429999828338623,4.0,4.010000228881836,4.010000228881836,7600
2022-09-12,4.050000190734863,4.070000171661377,4.010000228881836,4.010000228881836,4.010000228881836,400
2022-09-13,4.099999904632568,4.099999904632568,4.0,4.0,4.0,13800
2022-09-14,4.13100004196167,4.150000095367432,3.799999952316284,4.0,4.0,2400
2022-09-15,4.0,4.0,3.809999942779541,3.9019999504089355,3.9019999504089355,900
2022-09-16,3.9600000381469727,4.0,3.9600000381469727,4.0,4.0,1100
2022-09-19,3.9709999561309814,4.014999866485596,3.875999927520752,4.014999866485596,4.014999866485596,1200
2022-09-20,3.7899999618530273,3.9800000190734863,3.75,3.8239998817443848,3.8239998817443848,7000
2022-09-21,3.878999948501587,3.996999979019165,3.819999933242798,3.930000066757202,3.930000066757202,7100
2022-09-22,4.820000171661377,4.909999847412109,3.9000000953674316,3.9000000953674316,3.9000000953674316,127800
2022-09-23,3.9800000190734863,4.03000020980835,3.8499999046325684,3.9200000762939453,3.9200000762939453,44100
2022-09-26,4.0,4.0,3.75,3.809999942779541,3.809999942779541,1000
2022-09-27,3.75,3.8299999237060547,3.6449999809265137,3.690000057220459,3.690000057220459,11400
2022-09-28,3.690000057220459,4.139999866485596,3.5999999046325684,3.739000082015991,3.739000082015991,6200
2022-09-29,3.8399999141693115,3.9839999675750732,3.809000015258789,3.8320000171661377,3.8320000171661377,2100
2022-09-30,3.7300000190734863,3.933000087738037,3.492000102996826,3.933000087738037,3.933000087738037,3500
2022-10-03,3.75,3.75600004196167,3.513000011444092,3.6649999618530273,3.6649999618530273,2000
2022-10-04,3.799999952316284,3.799999952316284,3.614000082015991,3.799999952316284,3.799999952316284,2600
2022-10-05,3.799999952316284,3.799999952316284,3.6600000858306885,3.6600000858306885,3.6600000858306885,1600
2022-10-06,3.799999952316284,4.306000232696533,3.559999942779541,4.079999923706055,4.079999923706055,119200
2022-10-07,4.519999980926514,11.75,4.5,7.050000190734863,7.050000190734863,2133800
2022-10-10,7.46999979019165,7.46999979019165,5.9120001792907715,6.255000114440918,6.255000114440918,366100
2022-10-11,6.119999885559082,6.138999938964844,5.625,5.626999855041504,5.626999855041504,50100
2022-10-12,5.590000152587891,5.960000038146973,5.150000095367432,5.289999961853027,5.289999961853027,18200
2022-10-13,5.099999904632568,5.420000076293945,5.0,5.300000190734863,5.300000190734863,37500
2022-10-14,5.440000057220459,6.0,5.429999828338623,5.579999923706055,5.579999923706055,8900
2022-10-17,6.409999847412109,6.89300012588501,6.409999847412109,6.699999809265137,6.699999809265137,37300
2022-10-18,6.28000020980835,6.28000020980835,5.900000095367432,5.949999809265137,5.949999809265137,26200
2022-10-19,5.610000133514404,5.824999809265137,5.5,5.769999980926514,5.769999980926514,9100
2022-10-20,5.806000232696533,6.179999828338623,5.806000232696533,5.900000095367432,5.900000095367432,3400
2022-10-21,5.989999771118164,6.400000095367432,5.724999904632568,6.400000095367432,6.400000095367432,10900
2022-10-24,5.96999979019165,6.230000019073486,5.900000095367432,5.900000095367432,5.900000095367432,5200
2022-10-25,5.909999847412109,5.989999771118164,5.531000137329102,5.941999912261963,5.941999912261963,13200
2022-10-26,6.14300012588501,6.610000133514404,6.010000228881836,6.239999771118164,6.239999771118164,30100
2022-10-27,6.510000228881836,6.679999828338623,6.129000186920166,6.360000133514404,6.360000133514404,32900
2022-10-28,6.260000228881836,6.260000228881836,5.679999828338623,5.840000152587891,5.840000152587891,8800
2022-10-31,4.949999809265137,4.949999809265137,4.550000190734863,4.579999923706055,4.579999923706055,28900
2022-11-01,4.559999942779541,4.834000110626221,4.559999942779541,4.639999866485596,4.639999866485596,8100
2022-11-02,4.340000152587891,5.440000057220459,4.340000152587891,4.53000020980835,4.53000020980835,8300
2022-11-03,4.619999885559082,4.619999885559082,4.25,4.25,4.25,6600
2022-11-04,4.519999980926514,4.519999980926514,4.165999889373779,4.170000076293945,4.170000076293945,7900
2022-11-07,4.070000171661377,4.349999904632568,4.070000171661377,4.296999931335449,4.296999931335449,5100
2022-11-08,4.251999855041504,4.320000171661377,4.199999809265137,4.289999961853027,4.289999961853027,9000
2022-11-09,4.25,4.434999942779541,3.680000066757202,3.8499999046325684,3.8499999046325684,17000
2022-11-10,4.0,4.110000133514404,3.9149999618530273,3.940999984741211,3.940999984741211,13200
2022-11-11,4.254000186920166,5.269999980926514,4.079999923706055,4.269999980926514,4.269999980926514,19700
2022-11-14,4.599999904632568,4.849999904632568,4.300000190734863,4.300000190734863,4.300000190734863,24300
2022-11-15,4.300000190734863,4.550000190734863,4.210000038146973,4.364999771118164,4.364999771118164,11200
2022-11-16,4.3429999351501465,4.420000076293945,4.199999809265137,4.295000076293945,4.295000076293945,4600
2022-11-17,4.5,4.690000057220459,4.5,4.690000057220459,4.690000057220459,8500
2022-11-18,4.73799991607666,4.73799991607666,4.389999866485596,4.389999866485596,4.389999866485596,3700
2022-11-21,4.25,4.449999809265137,3.859999895095825,3.859999895095825,3.859999895095825,28500
2022-11-22,4.039999961853027,4.254000186920166,3.815000057220459,3.815000057220459,3.815000057220459,7500
2022-11-23,3.944999933242798,4.185999870300293,3.799999952316284,4.03000020980835,4.03000020980835,15600
2022-11-25,4.110000133514404,4.370999813079834,3.700000047683716,3.75,3.75,25700
2022-11-28,3.869999885559082,4.5,3.869999885559082,4.159999847412109,4.159999847412109,14100
2022-11-29,4.5,4.5,4.099999904632568,4.159999847412109,4.159999847412109,13900
2022-11-30,4.064000129699707,4.199999809265137,4.0,4.175000190734863,4.175000190734863,10200
2022-12-01,4.244999885559082,4.380000114440918,4.199999809265137,4.349999904632568,4.349999904632568,5400
2022-12-02,4.119999885559082,4.380000114440918,4.119999885559082,4.380000114440918,4.380000114440918,2600
2022-12-05,4.400000095367432,4.449999809265137,4.379000186920166,4.449999809265137,4.449999809265137,1400
2022-12-06,4.46999979019165,4.46999979019165,4.300000190734863,4.449999809265137,4.449999809265137,4800
2022-12-07,4.349999904632568,4.489999771118164,4.349999904632568,4.489999771118164,4.489999771118164,500
2022-12-08,4.269999980926514,4.28000020980835,4.239999771118164,4.28000020980835,4.28000020980835,1400
2022-12-09,4.099999904632568,4.21999979019165,4.039999961853027,4.199999809265137,4.199999809265137,2300
2022-12-12,4.039999961853027,4.199999809265137,3.890000104904175,4.079999923706055,4.079999923706055,16900
2022-12-13,4.195000171661377,4.195000171661377,4.195000171661377,4.195000171661377,4.195000171661377,400
2022-12-14,4.25,4.25,4.010000228881836,4.010000228881836,4.010000228881836,1000
2022-12-15,4.02400016784668,4.110000133514404,4.02400016784668,4.070000171661377,4.070000171661377,1000
2022-12-16,4.0,4.349999904632568,4.0,4.175000190734863,4.175000190734863,5400
2022-12-19,4.400000095367432,4.5,4.298999786376953,4.5,4.5,22200
2022-12-20,4.400000095367432,4.5,4.400000095367432,4.4720001220703125,4.4720001220703125,1800
2022-12-21,4.5,4.53000020980835,4.25,4.5,4.5,6300
2022-12-22,4.432000160217285,4.599999904632568,4.432000160217285,4.599999904632568,4.599999904632568,6500
2022-12-23,4.585000038146973,4.760000228881836,4.409999847412109,4.449999809265137,4.449999809265137,6400
2022-12-27,4.420000076293945,4.540999889373779,4.349999904632568,4.380000114440918,4.380000114440918,11900
2022-12-28,4.369999885559082,4.505000114440918,4.369999885559082,4.480000019073486,4.480000019073486,2700
2022-12-29,4.309999942779541,4.627999782562256,4.309999942779541,4.610000133514404,4.610000133514404,2200
2022-12-30,4.570000171661377,4.570000171661377,4.460000038146973,4.460000038146973,4.460000038146973,600
2023-01-03,4.789999961853027,4.980000019073486,4.699999809265137,4.96999979019165,4.96999979019165,1700
2023-01-04,4.920000076293945,5.099999904632568,4.900000095367432,5.099999904632568,5.099999904632568,10400
2023-01-05,5.099999904632568,5.099999904632568,4.699999809265137,4.699999809265137,4.699999809265137,10100
2023-01-06,4.699999809265137,4.855000019073486,4.699999809265137,4.855000019073486,4.855000019073486,1000
2023-01-09,4.989999771118164,5.21999979019165,4.989999771118164,5.203999996185303,5.203999996185303,4200
2023-01-10,5.0,5.065000057220459,5.0,5.054999828338623,5.054999828338623,1700
2023-01-11,5.110000133514404,5.429999828338623,5.110000133514404,5.400000095367432,5.400000095367432,7600
2023-01-12,5.5,5.5,5.5,5.5,5.5,600
2023-01-13,5.5,6.320000171661377,5.46999979019165,6.050000190734863,6.050000190734863,10300
2023-01-17,6.599999904632568,6.599999904632568,6.050000190734863,6.375,6.375,22300
2023-01-18,6.820000171661377,6.820000171661377,6.199999809265137,6.400000095367432,6.400000095367432,12400
2023-01-19,6.230000019073486,6.300000190734863,5.989999771118164,6.099999904632568,6.099999904632568,10500
2023-01-20,6.060999870300293,6.400000095367432,6.060999870300293,6.099999904632568,6.099999904632568,3500
2023-01-23,6.090000152587891,6.53000020980835,6.090000152587891,6.53000020980835,6.53000020980835,11100
2023-01-24,6.400000095367432,6.400000095367432,6.159999847412109,6.28000020980835,6.28000020980835,8100
2023-01-25,6.329999923706055,6.329999923706055,6.0,6.150000095367432,6.150000095367432,900
2023-01-26,6.150000095367432,6.150000095367432,6.150000095367432,6.150000095367432,6.150000095367432,300
2023-01-27,6.132999897003174,6.300000190734863,6.050000190734863,6.050000190734863,6.050000190734863,4700
2023-01-30,6.079999923706055,6.289999961853027,5.552000045776367,6.03000020980835,6.03000020980835,1800
2023-01-31,6.0,6.2210001945495605,6.0,6.2210001945495605,6.2210001945495605,8200
2023-02-01,6.21999979019165,6.21999979019165,5.980000019073486,5.980000019073486,5.980000019073486,3100
2023-02-02,6.452000141143799,6.452000141143799,6.079999923706055,6.090000152587891,6.090000152587891,2100
2023-02-03,6.25,6.25,6.099999904632568,6.099999904632568,6.099999904632568,2300
2023-02-06,6.099999904632568,6.300000190734863,6.099999904632568,6.25,6.25,1400
2023-02-07,6.215000152587891,6.21999979019165,6.215000152587891,6.21999979019165,6.21999979019165,1500
2023-02-08,6.079999923706055,6.25,5.789999961853027,5.789999961853027,5.789999961853027,1000
2023-02-09,5.96999979019165,6.449999809265137,5.96999979019165,6.449999809265137,6.449999809265137,1000
2023-02-10,5.909999847412109,6.489999771118164,5.909999847412109,6.46999979019165,6.46999979019165,14400
2023-02-13,6.139999866485596,6.139999866485596,6.03000020980835,6.059999942779541,6.059999942779541,2800
2023-02-14,6.199999809265137,6.314000129699707,6.050000190734863,6.059999942779541,6.059999942779541,8700
2023-02-15,6.050000190734863,6.1539998054504395,6.050000190734863,6.1539998054504395,6.1539998054504395,700
2023-02-16,5.900000095367432,6.150000095367432,5.900000095367432,6.0,6.0,3200
2023-02-17,6.199999809265137,6.440000057220459,6.039999961853027,6.150000095367432,6.150000095367432,9600
2023-02-21,6.070000171661377,6.099999904632568,6.0,6.099999904632568,6.099999904632568,1700
2023-02-22,6.159999847412109,6.159999847412109,5.090000152587891,5.550000190734863,5.550000190734863,20200
2023-02-23,5.550000190734863,5.550000190734863,5.550000190734863,5.550000190734863,5.550000190734863,0
2023-02-24,5.300000190734863,5.349999904632568,5.050000190734863,5.050000190734863,5.050000190734863,5900
2023-02-27,5.010000228881836,5.510000228881836,5.010000228881836,5.324999809265137,5.324999809265137,7100
2023-02-28,5.039000034332275,5.110000133514404,5.010000228881836,5.110000133514404,5.110000133514404,1300
2023-03-01,5.204999923706055,5.204999923706055,5.204999923706055,5.204999923706055,5.204999923706055,1000
2023-03-02,5.105999946594238,5.105999946594238,5.010000228881836,5.054999828338623,5.054999828338623,800
2023-03-03,5.010000228881836,5.066999912261963,4.900000095367432,4.920000076293945,4.920000076293945,14000
2023-03-06,5.039999961853027,5.050000190734863,4.949999809265137,5.050000190734863,5.050000190734863,10400
2023-03-07,4.96999979019165,5.439000129699707,4.900000095367432,4.920000076293945,4.920000076293945,5900
2023-03-08,5.349999904632568,5.349999904632568,4.800000190734863,5.28000020980835,5.28000020980835,7600
2023-03-09,4.670000076293945,4.985000133514404,4.550000190734863,4.599999904632568,4.599999904632568,12200
2023-03-10,4.75,4.75,4.599999904632568,4.599999904632568,4.599999904632568,5400
2023-03-13,4.550000190734863,4.550000190734863,4.409999847412109,4.46999979019165,4.46999979019165,4200
2023-03-14,4.46999979019165,4.46999979019165,4.46999979019165,4.46999979019165,4.46999979019165,400
2023-03-15,4.28000020980835,4.28000020980835,4.03000020980835,4.03000020980835,4.03000020980835,1500
2023-03-16,4.150000095367432,4.429999828338623,4.099999904632568,4.429999828338623,4.429999828338623,5800
2023-03-17,4.679999828338623,4.769999980926514,4.039999961853027,4.559999942779541,4.559999942779541,73800
2023-03-20,4.389999866485596,4.579999923706055,4.099999904632568,4.270999908447266,4.270999908447266,14900
2023-03-21,4.150000095367432,4.150000095367432,3.946000099182129,4.0,4.0,10000
2023-03-22,4.0,4.260000228881836,4.0,4.050000190734863,4.050000190734863,4400
2023-03-23,4.099999904632568,4.179999828338623,4.0,4.176000118255615,4.176000118255615,4100
2023-03-24,3.680000066757202,4.099999904632568,3.680000066757202,4.03000020980835,4.03000020980835,6500
2023-03-27,4.260000228881836,4.260000228881836,3.703000068664551,3.703000068664551,3.703000068664551,2300
2023-03-28,4.0,4.034999847412109,3.799999952316284,3.9000000953674316,3.9000000953674316,27100
2023-03-29,3.9000000953674316,4.110000133514404,3.6600000858306885,3.759999990463257,3.759999990463257,37100
2023-03-30,3.700000047683716,3.799999952316284,3.4000000953674316,3.4700000286102295,3.4700000286102295,29600
2023-03-31,3.4700000286102295,3.755000114440918,3.4700000286102295,3.640000104904175,3.640000104904175,23600
2023-04-03,3.4800000190734863,3.8499999046325684,3.299999952316284,3.559999942779541,3.559999942779541,45500
2023-04-04,3.700000047683716,3.700000047683716,3.3469998836517334,3.4000000953674316,3.4000000953674316,11100
2023-04-05,3.490000009536743,3.5,3.299999952316284,3.4649999141693115,3.4649999141693115,7800
2023-04-06,3.4000000953674316,3.509999990463257,3.109999895095825,3.319999933242798,3.319999933242798,14700
2023-04-10,3.1500000953674316,3.299999952316284,3.059999942779541,3.299999952316284,3.299999952316284,19100
2023-04-11,3.25,3.25,3.119999885559082,3.1500000953674316,3.1500000953674316,17500
2023-04-12,3.190000057220459,3.2309999465942383,3.075000047683716,3.0999999046325684,3.0999999046325684,24200
2023-04-13,2.880000114440918,3.2249999046325684,2.880000114440918,3.1559998989105225,3.1559998989105225,10100
2023-04-14,3.25,3.25,2.8499999046325684,3.0360000133514404,3.0360000133514404,14900
2023-04-17,2.8529999256134033,3.140000104904175,2.549999952316284,2.880000114440918,2.880000114440918,30500
2023-04-18,2.8499999046325684,3.069999933242798,2.509999990463257,2.700000047683716,2.700000047683716,22900
2023-04-19,2.7899999618530273,2.890000104904175,2.7200000286102295,2.7200000286102295,2.7200000286102295,8600
2023-04-20,3.130000114440918,3.130000114440918,2.7100000381469727,2.7200000286102295,2.7200000286102295,9100
2023-04-21,2.690000057220459,2.7730000019073486,2.609999895095825,2.6600000858306885,2.6600000858306885,23000
2023-04-24,2.6600000858306885,2.7960000038146973,2.5799999237060547,2.5799999237060547,2.5799999237060547,19200
2023-04-25,2.75,2.75,2.5,2.5,2.5,16700
2023-04-26,2.2899999618530273,2.559999942779541,2.2200000286102295,2.424999952316284,2.424999952316284,28300
2023-04-27,2.740000009536743,2.740000009536743,2.4000000953674316,2.4700000286102295,2.4700000286102295,31900
2023-04-28,2.490000009536743,2.740000009536743,2.438999891281128,2.7200000286102295,2.7200000286102295,22000
2023-05-01,2.5950000286102295,3.0,2.5950000286102295,2.755000114440918,2.755000114440918,40100
2023-05-02,2.630000114440918,2.9000000953674316,2.430000066757202,2.609999895095825,2.609999895095825,23900
2023-05-03,2.509999990463257,2.6700000762939453,2.450000047683716,2.6489999294281006,2.6489999294281006,60100
2023-05-04,2.700000047683716,2.9549999237060547,2.6600000858306885,2.9549999237060547,2.9549999237060547,33700
2023-05-05,2.700000047683716,2.990000009536743,2.609999895095825,2.8550000190734863,2.8550000190734863,89100
2023-05-08,2.7699999809265137,3.0399999618530273,2.7699999809265137,2.8499999046325684,2.8499999046325684,21100
2023-05-09,2.880000114440918,2.9000000953674316,2.5899999141693115,2.7200000286102295,2.7200000286102295,25500
2023-05-10,2.630000114440918,2.8299999237060547,2.5899999141693115,2.680000066757202,2.680000066757202,18900
2023-05-11,2.7899999618530273,2.799999952316284,2.5999999046325684,2.5999999046325684,2.5999999046325684,9100
2023-05-12,2.680000066757202,2.7300000190734863,2.5999999046325684,2.7300000190734863,2.7300000190734863,27500
2023-05-15,2.6500000953674316,2.940000057220459,2.6010000705718994,2.700000047683716,2.700000047683716,14500
2023-05-16,2.5799999237060547,2.634999990463257,2.5199999809265137,2.549999952316284,2.549999952316284,14700
2023-05-17,2.509999990463257,2.5399999618530273,2.4579999446868896,2.5399999618530273,2.5399999618530273,10300
2023-05-18,2.5739998817443848,2.7200000286102295,2.5399999618530273,2.7100000381469727,2.7100000381469727,9700
2023-05-19,3.0399999618530273,3.299999952316284,2.950000047683716,3.180000066757202,3.180000066757202,66400
2023-05-22,3.25,3.25,3.0869998931884766,3.1700000762939453,3.1700000762939453,15100
2023-05-23,3.125,3.2799999713897705,3.115000009536743,3.2300000190734863,3.2300000190734863,17100
2023-05-24,3.130000114440918,3.309999942779541,3.0,3.0,3.0,14300
2023-05-25,2.8499999046325684,2.880000114440918,2.693000078201294,2.819999933242798,2.819999933242798,17700
2023-05-26,2.8989999294281006,2.9179999828338623,2.743000030517578,2.819999933242798,2.819999933242798,18100
2023-05-30,3.0160000324249268,3.049999952316284,2.930000066757202,3.0299999713897705,3.0299999713897705,6100
2023-05-31,3.1600000858306885,4.400000095367432,3.1589999198913574,3.944999933242798,3.944999933242798,469400
2023-06-01,3.890000104904175,3.9800000190734863,3.759999990463257,3.8499999046325684,3.8499999046325684,101500
2023-06-02,3.990000009536743,4.090000152587891,3.619999885559082,3.9800000190734863,3.9800000190734863,126400
2023-06-05,4.0,4.0,3.8519999980926514,3.9049999713897705,3.9049999713897705,64000
2023-06-06,3.9000000953674316,4.010000228881836,3.759999990463257,3.8299999237060547,3.8299999237060547,83900
2023-06-07,3.859999895095825,3.9700000286102295,3.75,3.9700000286102295,3.9700000286102295,81700
2023-06-08,3.9000000953674316,3.9000000953674316,3.700000047683716,3.759999990463257,3.759999990463257,49100
2023-06-09,3.700000047683716,3.700000047683716,3.2300000190734863,3.5199999809265137,3.5199999809265137,59600
2023-06-12,3.380000114440918,3.700000047683716,3.380000114440918,3.509999990463257,3.509999990463257,36300
2023-06-13,3.6700000762939453,3.7899999618530273,3.5999999046325684,3.6700000762939453,3.6700000762939453,407500
2023-06-14,4.800000190734863,4.860000133514404,3.9100000858306885,3.9100000858306885,3.9100000858306885,5227000
2023-06-15,4.230000019073486,4.650000095367432,3.9779999256134033,4.579999923706055,4.579999923706055,821100
2023-06-16,4.510000228881836,5.050000190734863,4.451000213623047,4.880000114440918,4.880000114440918,399400
2023-06-20,4.679999828338623,4.760000228881836,4.5960001945495605,4.760000228881836,4.760000228881836,81100
2023-06-21,4.869999885559082,4.869999885559082,4.570000171661377,4.659999847412109,4.659999847412109,98900
2023-06-22,4.572999954223633,4.590000152587891,4.389999866485596,4.449999809265137,4.449999809265137,81200
2023-06-23,4.380000114440918,4.400000095367432,4.25,4.25,4.25,67700
2023-06-26,4.25,4.349999904632568,4.110000133514404,4.320000171661377,4.320000171661377,54500
2023-06-27,4.159999847412109,4.320000171661377,3.9000000953674316,4.090000152587891,4.090000152587891,54000
2023-06-28,4.119999885559082,4.236000061035156,4.000999927520752,4.190000057220459,4.190000057220459,36200
2023-06-29,4.199999809265137,4.199999809265137,4.0,4.0,4.0,43500
2023-06-30,4.130000114440918,4.210000038146973,4.0,4.039999961853027,4.039999961853027,24300
2023-07-03,4.019999980926514,4.139999866485596,3.9100000858306885,3.950000047683716,3.950000047683716,57900
2023-07-05,3.950000047683716,4.065000057220459,3.755000114440918,3.890000104904175,3.890000104904175,50500
2023-07-06,3.8499999046325684,3.9700000286102295,3.740000009536743,3.930000066757202,3.930000066757202,58800
2023-07-07,3.7950000762939453,4.099999904632568,3.76200008392334,3.9200000762939453,3.9200000762939453,20100
2023-07-10,4.150000095367432,4.25,4.070000171661377,4.230000019073486,4.230000019073486,17000
2023-07-11,4.210000038146973,4.309999942779541,4.03000020980835,4.190000057220459,4.190000057220459,63200
2023-07-12,4.239999771118164,4.239999771118164,4.130000114440918,4.210000038146973,4.210000038146973,14800
2023-07-13,4.170000076293945,4.329999923706055,4.170000076293945,4.179999828338623,4.179999828338623,24800
2023-07-14,4.199999809265137,4.269999980926514,4.190000057220459,4.260000228881836,4.260000228881836,3000
2023-07-17,4.139999866485596,4.239999771118164,3.9670000076293945,4.239999771118164,4.239999771118164,27400
2023-07-18,4.190000057220459,4.239999771118164,4.090000152587891,4.150000095367432,4.150000095367432,6500
2023-07-19,4.050000190734863,4.190000057220459,4.010000228881836,4.150000095367432,4.150000095367432,35700
2023-07-20,4.159999847412109,4.159999847412109,3.9600000381469727,3.9700000286102295,3.9700000286102295,13600
2023-07-21,4.050000190734863,4.050000190734863,3.990000009536743,4.0,4.0,14200
2023-07-24,3.9600000381469727,3.9600000381469727,3.6600000858306885,3.75,3.75,42700
2023-07-25,3.8299999237060547,3.8299999237060547,3.5,3.5899999141693115,3.5899999141693115,50500
2023-07-26,3.7699999809265137,3.825000047683716,3.619999885559082,3.7300000190734863,3.7300000190734863,12900
2023-07-27,4.25,4.25,3.625,3.859999895095825,3.859999895095825,102400
2023-07-28,3.859999895095825,4.079999923706055,3.809999942779541,4.03000020980835,4.03000020980835,17900
2023-07-31,3.930000066757202,4.230000019073486,3.930000066757202,4.090000152587891,4.090000152587891,14000
2023-08-01,4.070000171661377,4.109000205993652,4.010000228881836,4.079999923706055,4.079999923706055,8400
2023-08-02,4.010000228881836,4.010000228881836,3.8399999141693115,3.8499999046325684,3.8499999046325684,20200
2023-08-03,3.9100000858306885,3.9600000381469727,3.8010001182556152,3.930000066757202,3.930000066757202,9600
2023-08-04,3.9000000953674316,4.099999904632568,3.819999933242798,4.03000020980835,4.03000020980835,15200
2023-08-07,3.9100000858306885,3.940000057220459,3.809999942779541,3.809999942779541,3.809999942779541,6500
2023-08-08,4.0329999923706055,4.0329999923706055,3.819999933242798,3.869999885559082,3.869999885559082,3900
2023-08-09,3.9000000953674316,3.9200000762939453,3.7799999713897705,3.7799999713897705,3.7799999713897705,4400
2023-08-10,3.859999895095825,3.869999885559082,3.75,3.7899999618530273,3.7899999618530273,11300
2023-08-11,3.75,3.950000047683716,3.75,3.890000104904175,3.890000104904175,9200
2023-08-14,3.759999990463257,4.050000190734863,3.7100000381469727,3.7200000286102295,3.7200000286102295,4700
2023-08-15,3.75,3.75,3.5999999046325684,3.5999999046325684,3.5999999046325684,29000
2023-08-16,3.6500000953674316,3.7300000190734863,3.5199999809265137,3.5199999809265137,3.5199999809265137,7600
2023-08-17,3.5299999713897705,3.5999999046325684,3.5,3.509999990463257,3.509999990463257,9000
2023-08-18,3.5,3.5899999141693115,3.5,3.5299999713897705,3.5299999713897705,6100
2023-08-21,3.5999999046325684,3.9100000858306885,3.549999952316284,3.700000047683716,3.700000047683716,10500
2023-08-22,3.609999895095825,3.8299999237060547,3.5199999809265137,3.6449999809265137,3.6449999809265137,5400
2023-08-23,3.6500000953674316,3.6500000953674316,3.559999942779541,3.559999942779541,3.559999942779541,1500
2023-08-24,3.609999895095825,3.6410000324249268,3.5,3.5199999809265137,3.5199999809265137,12600
2023-08-25,3.5,3.575000047683716,3.359999895095825,3.4100000858306885,3.4100000858306885,46900
2023-08-28,3.369999885559082,3.6700000762939453,3.0799999237060547,3.6700000762939453,3.6700000762939453,6500
2023-08-29,3.5199999809265137,3.6700000762939453,3.5199999809265137,3.609999895095825,3.609999895095825,2800
2023-08-30,3.490000009536743,3.619999885559082,3.490000009536743,3.619999885559082,3.619999885559082,2800
2023-08-31,3.799999952316284,3.799999952316284,3.4700000286102295,3.700000047683716,3.700000047683716,198000
2023-09-01,3.7699999809265137,3.930000066757202,3.6530001163482666,3.6600000858306885,3.6600000858306885,15900
2023-09-05,3.6600000858306885,3.9600000381469727,3.640000104904175,3.930000066757202,3.930000066757202,12400
2023-09-06,3.750999927520752,3.7960000038146973,3.5999999046325684,3.609999895095825,3.609999895095825,7300
2023-09-07,3.5450000762939453,4.0,3.490000009536743,3.859999895095825,3.859999895095825,19600
2023-09-08,3.740000009536743,3.740000009536743,3.5199999809265137,3.5399999618530273,3.5399999618530273,5500
2023-09-11,3.609999895095825,3.7279999256134033,3.569000005722046,3.7200000286102295,3.7200000286102295,3400
2023-09-12,3.4600000381469727,3.690000057220459,3.4600000381469727,3.690000057220459,3.690000057220459,4000
2023-09-13,3.869999885559082,3.890000104904175,3.7100000381469727,3.7899999618530273,3.7899999618530273,10600
2023-09-14,3.8499999046325684,4.070000171661377,3.8450000286102295,4.070000171661377,4.070000171661377,17700
2023-09-15,3.990000009536743,3.990000009536743,3.700000047683716,3.700000047683716,3.700000047683716,12500
2023-09-18,3.7100000381469727,3.890000104904175,3.7100000381469727,3.869999885559082,3.869999885559082,12200
2023-09-19,3.8499999046325684,3.8499999046325684,3.619999885559082,3.809999942779541,3.809999942779541,8100
2023-09-20,3.7799999713897705,4.010000228881836,3.7799999713897705,3.8299999237060547,3.8299999237060547,7500
2023-09-21,4.150000095367432,4.199999809265137,4.070000171661377,4.190000057220459,4.190000057220459,64000
2023-09-22,4.199999809265137,4.447000026702881,4.150000095367432,4.380000114440918,4.380000114440918,111600
2023-09-25,4.590000152587891,4.590000152587891,4.264999866485596,4.309999942779541,4.309999942779541,25400
2023-09-26,4.480000019073486,4.534999847412109,4.340000152587891,4.440000057220459,4.440000057220459,8900
2023-09-27,4.400000095367432,4.400000095367432,4.110000133514404,4.159999847412109,4.159999847412109,6700
2023-09-28,4.070000171661377,4.300000190734863,4.0,4.260000228881836,4.260000228881836,3000
2023-09-29,4.289999961853027,4.289999961853027,4.199999809265137,4.199999809265137,4.199999809265137,2100
2023-10-02,4.199999809265137,4.26200008392334,4.03000020980835,4.03000020980835,4.03000020980835,41000
2023-10-03,4.010000228881836,4.215000152587891,4.010000228881836,4.110000133514404,4.110000133514404,14000
2023-10-04,4.139999866485596,4.349999904632568,4.03000020980835,4.25,4.25,6800
2023-10-05,4.150000095367432,4.150000095367432,4.099999904632568,4.099999904632568,4.099999904632568,4000
2023-10-06,4.099999904632568,4.255000114440918,4.099999904632568,4.25,4.25,6100
2023-10-09,4.039999961853027,4.116000175476074,3.9000000953674316,4.099999904632568,4.099999904632568,4400
2023-10-10,3.8940000534057617,3.994999885559082,3.809999942779541,3.9200000762939453,3.9200000762939453,8400
2023-10-11,3.809999942779541,3.869999885559082,3.809999942779541,3.869999885559082,3.869999885559082,500
2023-10-12,3.819999933242798,3.950000047683716,3.809999942779541,3.8550000190734863,3.8550000190734863,8800
2023-10-13,3.859999895095825,4.010000228881836,3.859999895095825,4.0,4.0,5000
2023-10-16,3.9600000381469727,4.0,3.88700008392334,3.9100000858306885,3.9100000858306885,5400
2023-10-17,3.809999942779541,3.8399999141693115,3.674999952316284,3.700000047683716,3.700000047683716,77300
2023-10-18,3.6500000953674316,3.8499999046325684,3.5899999141693115,3.7200000286102295,3.7200000286102295,7900
2023-10-19,3.680000066757202,3.7279999256134033,3.619999885559082,3.7200000286102295,3.7200000286102295,6800
2023-10-20,3.640000104904175,3.859999895095825,3.559999942779541,3.7899999618530273,3.7899999618530273,7900
2023-10-23,3.559999942779541,3.799999952316284,3.559999942779541,3.799999952316284,3.799999952316284,10800
2023-10-24,3.7699999809265137,3.9100000858306885,3.684999942779541,3.9100000858306885,3.9100000858306885,5200
2023-10-25,3.700000047683716,3.869999885559082,3.680000066757202,3.8499999046325684,3.8499999046325684,6500
2023-10-26,3.8299999237060547,3.875,3.640000104904175,3.640000104904175,3.640000104904175,9000
2023-10-27,3.6500000953674316,4.010000228881836,3.6500000953674316,3.700000047683716,3.700000047683716,14700
2023-10-30,3.690000057220459,3.799999952316284,3.690000057220459,3.7300000190734863,3.7300000190734863,8300
2023-10-31,3.6500000953674316,3.890000104904175,3.6500000953674316,3.7820000648498535,3.7820000648498535,3600
2023-11-01,3.680000066757202,3.869999885559082,3.680000066757202,3.7300000190734863,3.7300000190734863,6300
2023-11-02,3.569999933242798,3.940000057220459,3.569999933242798,3.7850000858306885,3.7850000858306885,6000
2023-11-03,3.5899999141693115,3.9000000953674316,3.5899999141693115,3.9000000953674316,3.9000000953674316,1100
2023-11-06,3.7799999713897705,4.0,3.7750000953674316,3.7750000953674316,3.7750000953674316,1400
2023-11-07,3.809999942779541,4.026000022888184,3.809999942779541,4.010000228881836,4.010000228881836,1600
2023-11-08,3.990000009536743,4.039999961853027,3.7899999618530273,3.7899999618530273,3.7899999618530273,2800
2023-11-09,3.859999895095825,3.990000009536743,3.740000009536743,3.759999990463257,3.759999990463257,2500
2023-11-10,3.9100000858306885,3.9100000858306885,3.5999999046325684,3.690000057220459,3.690000057220459,4200
2023-11-13,3.9769999980926514,4.0,3.6600000858306885,3.7139999866485596,3.7139999866485596,4900
2023-11-14,3.799999952316284,3.9700000286102295,3.6500000953674316,3.815999984741211,3.815999984741211,9100
2023-11-15,4.0,4.0,3.75,3.9049999713897705,3.9049999713897705,8600
2023-11-16,3.759999990463257,4.078000068664551,3.759999990463257,4.078000068664551,4.078000068664551,3300
2023-11-17,3.9000000953674316,3.9700000286102295,3.880000114440918,3.940000057220459,3.940000057220459,1700
2023-11-20,4.019999980926514,4.090000152587891,4.0,4.0229997634887695,4.0229997634887695,10400
2023-11-21,4.059999942779541,4.059999942779541,4.059999942779541,4.059999942779541,4.059999942779541,1400
2023-11-22,4.099999904632568,4.099999904632568,3.880000114440918,3.993000030517578,3.993000030517578,11000
2023-11-24,4.179999828338623,4.179999828338623,3.928999900817871,3.930000066757202,3.930000066757202,900
2023-11-27,4.300000190734863,4.460999965667725,4.289999961853027,4.331999778747559,4.331999778747559,9600
2023-11-28,4.230000019073486,4.320000171661377,4.070000171661377,4.269999980926514,4.269999980926514,5100
2023-11-29,3.9800000190734863,4.239999771118164,3.9800000190734863,4.239999771118164,4.239999771118164,5400
2023-11-30,4.0,4.25,3.930000066757202,4.199999809265137,4.199999809265137,6500
2023-12-01,4.175000190734863,4.389999866485596,4.150000095367432,4.320000171661377,4.320000171661377,4100
2023-12-04,4.324999809265137,4.486999988555908,4.324999809265137,4.460000038146973,4.460000038146973,9100
2023-12-05,4.5,4.539999961853027,4.329999923706055,4.429999828338623,4.429999828338623,7700
2023-12-06,4.489999771118164,4.519999980926514,4.460000038146973,4.519999980926514,4.519999980926514,2800
2023-12-07,4.550000190734863,4.550000190734863,4.369999885559082,4.544000148773193,4.544000148773193,8600
2023-12-08,4.550000190734863,4.550000190734863,4.550000190734863,4.550000190734863,4.550000190734863,2700
2023-12-11,4.438000202178955,4.5,4.429999828338623,4.429999828338623,4.429999828338623,400
2023-12-12,4.329999923706055,4.355000019073486,4.190000057220459,4.355000019073486,4.355000019073486,3300
2023-12-13,4.349999904632568,4.349999904632568,4.159999847412109,4.159999847412109,4.159999847412109,3300
2023-12-14,4.438000202178955,4.550000190734863,4.005000114440918,4.045000076293945,4.045000076293945,25800
2023-12-15,4.349999904632568,4.349999904632568,4.099999904632568,4.159999847412109,4.159999847412109,14800
2023-12-18,4.059999942779541,4.420000076293945,3.880000114440918,4.380000114440918,4.380000114440918,19600
2023-12-19,4.190000057220459,4.449999809265137,4.150000095367432,4.449999809265137,4.449999809265137,3600
2023-12-20,4.440000057220459,4.550000190734863,4.199999809265137,4.199999809265137,4.199999809265137,35300
2023-12-21,4.190000057220459,4.550000190734863,4.190000057220459,4.329999923706055,4.329999923706055,8000
2023-12-22,4.5,4.539999961853027,4.360000133514404,4.519999980926514,4.519999980926514,12400
2023-12-26,4.519999980926514,4.53000020980835,4.409999847412109,4.409999847412109,4.409999847412109,6700
2023-12-27,4.53000020980835,4.53000020980835,4.343999862670898,4.53000020980835,4.53000020980835,37000
2023-12-28,4.53000020980835,4.53000020980835,4.460000038146973,4.493000030517578,4.493000030517578,12600
2023-12-29,4.53000020980835,4.53000020980835,4.4070000648498535,4.515999794006348,4.515999794006348,21300
2024-01-02,4.53000020980835,4.699999809265137,4.460000038146973,4.695000171661377,4.695000171661377,25400
2024-01-03,4.75,4.75,4.389999866485596,4.639999866485596,4.639999866485596,17700
2024-01-04,4.400000095367432,4.5,4.400000095367432,4.409999847412109,4.409999847412109,1600
2024-01-05,4.730000019073486,4.730000019073486,4.5,4.559999942779541,4.559999942779541,10900
2024-01-08,4.610000133514404,4.618000030517578,4.130000114440918,4.284999847412109,4.284999847412109,27500
2024-01-09,4.380000114440918,4.599999904632568,4.284999847412109,4.570000171661377,4.570000171661377,7700
2024-01-10,4.619999885559082,4.659999847412109,4.414999961853027,4.659999847412109,4.659999847412109,17300
2024-01-11,4.230000019073486,4.635000228881836,4.170000076293945,4.460000038146973,4.460000038146973,15900
2024-01-12,4.21999979019165,4.5,4.159999847412109,4.429999828338623,4.429999828338623,18600
2024-01-16,4.110000133514404,4.230000019073486,3.9100000858306885,3.9700000286102295,3.9700000286102295,30800
2024-01-17,3.9000000953674316,3.9800000190734863,3.819999933242798,3.9200000762939453,3.9200000762939453,12900
2024-01-18,4.0,4.0,3.819999933242798,3.890000104904175,3.890000104904175,4600
2024-01-19,3.8299999237060547,3.890000104904175,3.8299999237060547,3.8299999237060547,3.8299999237060547,3600
2024-01-22,3.819999933242798,3.869999885559082,3.799999952316284,3.809999942779541,3.809999942779541,24300
2024-01-23,3.8329999446868896,4.25,3.8329999446868896,3.8499999046325684,3.8499999046325684,15700
2024-01-24,3.8499999046325684,3.990000009536743,3.799999952316284,3.880000114440918,3.880000114440918,8700
2024-01-25,3.9000000953674316,3.9700000286102295,3.812000036239624,3.9200000762939453,3.9200000762939453,1900
2024-01-26,3.9260001182556152,3.950000047683716,3.809999942779541,3.809999942779541,3.809999942779541,14000
2024-01-29,3.809999942779541,3.990000009536743,3.799999952316284,3.8550000190734863,3.8550000190734863,11300
2024-01-30,3.869999885559082,4.0,3.8499999046325684,3.8499999046325684,3.8499999046325684,2700
2024-01-31,3.930000066757202,3.930000066757202,3.799999952316284,3.799999952316284,3.799999952316284,4800
2024-02-01,3.822000026702881,3.8299999237060547,3.759999990463257,3.7799999713897705,3.7799999713897705,28400
2024-02-02,3.7899999618530273,3.7899999618530273,3.6070001125335693,3.700000047683716,3.700000047683716,19000
2024-02-05,3.7899999618530273,3.7899999618530273,3.625,3.630000114440918,3.630000114440918,9900
2024-02-06,3.688999891281128,3.7799999713897705,3.6500000953674316,3.6500000953674316,3.6500000953674316,4200
2024-02-07,3.6500000953674316,3.6500000953674316,3.5899999141693115,3.5899999141693115,3.5899999141693115,3900
2024-02-08,3.5899999141693115,3.622999906539917,3.5899999141693115,3.5899999141693115,3.5899999141693115,2400
2024-02-09,3.5899999141693115,3.5999999046325684,3.4649999141693115,3.5,3.5,21600
2024-02-12,3.6700000762939453,3.9600000381469727,3.6500000953674316,3.7699999809265137,3.7699999809265137,107700
2024-02-13,3.7200000286102295,3.940000057220459,3.700000047683716,3.7950000762939453,3.7950000762939453,6800
2024-02-14,3.740000009536743,4.0,3.7300000190734863,3.809999942779541,3.809999942779541,9100
2024-02-15,3.940000057220459,4.070000171661377,3.8499999046325684,3.940000057220459,3.940000057220459,61400
2024-02-16,3.3399999141693115,3.569999933242798,3.240000009536743,3.309999942779541,3.309999942779541,84200
2024-02-20,3.380000114440918,3.440000057220459,3.2200000286102295,3.359999895095825,3.359999895095825,35900
2024-02-21,3.359999895095825,3.380000114440918,3.2699999809265137,3.2699999809265137,3.2699999809265137,4300
2024-02-22,3.2200000286102295,3.438999891281128,3.2200000286102295,3.3949999809265137,3.3949999809265137,45000
2024-02-23,3.2200000286102295,3.447999954223633,3.2100000381469727,3.4200000762939453,3.4200000762939453,45200
2024-02-26,3.2899999618530273,3.4000000953674316,3.2699999809265137,3.3589999675750732,3.3589999675750732,21600
2024-02-27,3.3299999237060547,3.75,3.319999933242798,3.6500000953674316,3.6500000953674316,36300
2024-02-28,3.490000009536743,3.8299999237060547,3.4600000381469727,3.5999999046325684,3.5999999046325684,49700
2024-02-29,3.5999999046325684,3.7699999809265137,3.5199999809265137,3.619999885559082,3.619999885559082,16700
2024-03-01,3.630000114440918,4.050000190734863,3.619999885559082,4.041999816894531,4.041999816894531,27000
2024-03-04,3.7200000286102295,3.8499999046325684,3.690000057220459,3.690000057220459,3.690000057220459,69300
2024-03-05,3.75,3.799999952316284,3.509999990463257,3.680000066757202,3.680000066757202,38900
2024-03-06,3.5510001182556152,3.6600000858306885,3.5510001182556152,3.625,3.625,16600
2024-03-07,3.5869998931884766,3.691999912261963,3.5869998931884766,3.619999885559082,3.619999885559082,7500
2024-03-08,3.7799999713897705,3.999000072479248,3.7049999237060547,3.865000009536743,3.865000009536743,66700
2024-03-11,3.869999885559082,3.9700000286102295,3.799999952316284,3.8499999046325684,3.8499999046325684,25000
2024-03-12,3.880000114440918,3.990000009536743,3.809999942779541,3.990000009536743,3.990000009536743,22500
2024-03-13,3.9200000762939453,3.9800000190734863,3.880000114440918,3.950000047683716,3.950000047683716,41300
2024-03-14,4.0,4.059999942779541,3.950000047683716,4.010000228881836,4.010000228881836,88800
2024-03-15,4.099999904632568,4.320000171661377,4.045000076293945,4.199999809265137,4.199999809265137,108900
2024-03-18,4.210000038146973,4.5,4.170000076293945,4.360000133514404,4.360000133514404,195100
2024-03-19,3.950000047683716,3.950000047683716,3.3299999237060547,3.450000047683716,3.450000047683716,279600
2024-03-20,3.509999990463257,4.269999980926514,3.359999895095825,3.799999952316284,3.799999952316284,163300
2024-03-21,3.880000114440918,3.880000114440918,3.7009999752044678,3.7799999713897705,3.7799999713897705,37300
2024-03-22,3.799999952316284,3.872999906539917,3.755000114440918,3.8399999141693115,3.8399999141693115,16300
2024-03-25,3.940000057220459,3.940000057220459,3.740000009536743,3.799999952316284,3.799999952316284,24300
2024-03-26,3.799999952316284,3.9000000953674316,3.7100000381469727,3.7799999713897705,3.7799999713897705,53300
2024-03-27,3.7799999713897705,3.8499999046325684,3.6700000762939453,3.819999933242798,3.819999933242798,63700
2024-03-28,3.75,3.75,3.569999933242798,3.619999885559082,3.619999885559082,87500
2024-04-01,3.950000047683716,3.950000047683716,3.552999973297119,3.680000066757202,3.680000066757202,19300
2024-04-02,3.700000047683716,3.700000047683716,3.509999990463257,3.630000114440918,3.630000114440918,25300
2024-04-03,3.559999942779541,3.7249999046325684,3.559999942779541,3.640000104904175,3.640000104904175,19100
2024-04-04,3.75,3.7899999618530273,3.609999895095825,3.6600000858306885,3.6600000858306885,26100
2024-04-05,3.7300000190734863,3.819999933242798,3.671999931335449,3.7799999713897705,3.7799999713897705,32400
2024-04-08,3.7699999809265137,3.9000000953674316,3.700000047683716,3.859999895095825,3.859999895095825,117500
2024-04-09,3.890000104904175,3.9800000190734863,3.799999952316284,3.8499999046325684,3.8499999046325684,41000
2024-04-10,3.806999921798706,3.890000104904175,3.7660000324249268,3.890000104904175,3.890000104904175,10000
2024-04-11,3.859999895095825,3.859999895095825,3.700000047683716,3.700000047683716,3.700000047683716,4400
2024-04-12,3.7100000381469727,3.822000026702881,3.549999952316284,3.549999952316284,3.549999952316284,9600
2024-04-15,3.569999933242798,3.569999933242798,3.119999885559082,3.2799999713897705,3.2799999713897705,81900
2024-04-16,3.2200000286102295,3.440000057220459,3.190000057220459,3.309999942779541,3.309999942779541,15200
2024-04-17,3.25,3.259999990463257,3.1649999618530273,3.2200000286102295,3.2200000286102295,9100
2024-04-18,3.2200000286102295,3.4700000286102295,3.2200000286102295,3.450000047683716,3.450000047683716,11900
2024-04-19,3.3949999809265137,3.4000000953674316,3.2699999809265137,3.3299999237060547,3.3299999237060547,8500
2024-04-22,3.4100000858306885,3.4600000381469727,3.2699999809265137,3.299999952316284,3.299999952316284,14300
2024-04-23,3.3499999046325684,3.3499999046325684,3.2799999713897705,3.2899999618530273,3.2899999618530273,3900
2024-04-24,3.119999885559082,3.296999931335449,3.049999952316284,3.240000009536743,3.240000009536743,13300
2024-04-25,3.1449999809265137,3.1600000858306885,3.0999999046325684,3.1600000858306885,3.1600000858306885,24400
2024-04-26,3.140000104904175,3.2750000953674316,3.059999942779541,3.25,3.25,24700
2024-04-29,3.180000066757202,3.2899999618530273,3.059999942779541,3.240000009536743,3.240000009536743,5000
2024-04-30,3.059999942779541,3.180999994277954,3.059999942779541,3.069999933242798,3.069999933242798,2600
2024-05-01,3.069999933242798,3.240000009536743,3.069999933242798,3.240000009536743,3.240000009536743,6600
2024-05-02,3.130000114440918,3.2100000381469727,3.130000114440918,3.200000047683716,3.200000047683716,4300
2024-05-03,3.200000047683716,3.3359999656677246,3.200000047683716,3.299999952316284,3.299999952316284,15500
2024-05-06,3.549999952316284,3.6659998893737793,3.2799999713897705,3.430000066757202,3.430000066757202,52100
2024-05-07,3.549999952316284,3.549999952316284,3.380000114440918,3.450000047683716,3.450000047683716,22300
2024-05-08,3.4100000858306885,3.440000057220459,3.4100000858306885,3.440000057220459,3.440000057220459,1400
2024-05-09,3.359999895095825,3.430000066757202,3.299999952316284,3.430000066757202,3.430000066757202,1900
2024-05-10,3.309999942779541,3.380000114440918,3.25,3.380000114440918,3.380000114440918,7000
2024-05-13,3.5,3.5999999046325684,3.3499999046325684,3.559999942779541,3.559999942779541,8100
2024-05-14,3.609999895095825,3.6500000953674316,3.5799999237060547,3.6500000953674316,3.6500000953674316,4600
2024-05-15,3.6500000953674316,3.740000009536743,3.6500000953674316,3.740000009536743,3.740000009536743,11300
2024-05-16,3.619999885559082,3.690000057220459,3.619999885559082,3.6519999504089355,3.6519999504089355,1400
2024-05-17,3.740000009536743,3.799999952316284,3.619999885559082,3.7939999103546143,3.7939999103546143,7300
2024-05-20,3.880000114440918,3.9000000953674316,3.693000078201294,3.7060000896453857,3.7060000896453857,5900
2024-05-21,3.7750000953674316,3.8399999141693115,3.7699999809265137,3.809999942779541,3.809999942779541,6200
2024-05-22,3.6500000953674316,3.7200000286102295,3.5199999809265137,3.7200000286102295,3.7200000286102295,12700
2024-05-23,3.680000066757202,3.680000066757202,3.5,3.5840001106262207,3.5840001106262207,10500
2024-05-24,3.430000066757202,3.5799999237060547,3.4200000762939453,3.4649999141693115,3.4649999141693115,5500
2024-05-28,3.5399999618530273,3.7200000286102295,3.434999942779541,3.5399999618530273,3.5399999618530273,8500
2024-05-29,3.609999895095825,3.759999990463257,3.450000047683716,3.6600000858306885,3.6600000858306885,11200
2024-05-30,3.4700000286102295,3.680000066757202,3.450000047683716,3.559999942779541,3.559999942779541,4300
2024-05-31,3.6700000762939453,3.6700000762939453,3.6700000762939453,3.6700000762939453,3.6700000762939453,500
2024-06-03,3.5999999046325684,3.75,3.5999999046325684,3.740000009536743,3.740000009536743,7200
2024-06-04,3.630000114440918,3.630000114440918,3.509999990463257,3.549999952316284,3.549999952316284,15700
2024-06-05,3.509999990463257,3.674999952316284,3.509999990463257,3.5999999046325684,3.5999999046325684,2400
2024-06-06,3.509999990463257,3.5199999809265137,3.509999990463257,3.5199999809265137,3.5199999809265137,2300
2024-06-07,3.562000036239624,3.700000047683716,3.509999990463257,3.5399999618530273,3.5399999618530273,1800
2024-06-10,3.4519999027252197,3.619999885559082,3.072000026702881,3.1500000953674316,3.1500000953674316,72400
2024-06-11,3.440000057220459,3.440000057220459,3.140000104904175,3.1649999618530273,3.1649999618530273,35100
2024-06-12,3.1600000858306885,3.2200000286102295,3.049999952316284,3.0999999046325684,3.0999999046325684,17700
2024-06-13,3.119999885559082,3.1600000858306885,3.0799999237060547,3.1600000858306885,3.1600000858306885,13300
2024-06-14,3.059999942779541,3.059999942779541,2.950000047683716,2.9700000286102295,2.9700000286102295,12800
2024-06-17,2.9000000953674316,2.9000000953674316,2.6700000762939453,2.6700000762939453,2.6700000762939453,9300
2024-06-18,2.7200000286102295,2.819999933242798,2.5199999809265137,2.621000051498413,2.621000051498413,14700
2024-06-20,2.9700000286102295,2.9700000286102295,2.809999942779541,2.9100000858306885,2.9100000858306885,20000
2024-06-21,2.9000000953674316,2.9200000762939453,2.640000104904175,2.6700000762939453,2.6700000762939453,15700
2024-06-24,3.0199999809265137,3.240000009536743,2.690000057220459,2.7799999713897705,2.7799999713897705,35100
2024-06-25,2.950000047683716,2.994999885559082,2.950000047683716,2.994999885559082,2.994999885559082,15000
2024-06-26,2.994999885559082,2.994999885559082,2.994999885559082,2.994999885559082,2.994999885559082,800
2024-06-27,2.9100000858306885,3.0799999237060547,2.9100000858306885,2.950000047683716,2.950000047683716,1700
2024-06-28,2.9600000381469727,2.990000009536743,2.934999942779541,2.990000009536743,2.990000009536743,5600
2024-07-01,3.119999885559082,3.119999885559082,2.9019999504089355,2.9149999618530273,2.9149999618530273,3900
2024-07-02,2.9100000858306885,2.9100000858306885,2.8399999141693115,2.8499999046325684,2.8499999046325684,4800
2024-07-03,2.8499999046325684,2.9700000286102295,2.8499999046325684,2.9700000286102295,2.9700000286102295,1700
2024-07-05,2.9049999713897705,3.0450000762939453,2.9000000953674316,2.950000047683716,2.950000047683716,3500
2024-07-08,2.5999999046325684,2.680000066757202,2.5799999237060547,2.630000114440918,2.630000114440918,30200
2024-07-09,2.6600000858306885,2.7899999618530273,2.5199999809265137,2.630000114440918,2.630000114440918,14400
2024-07-10,2.619999885559082,2.619999885559082,2.5,2.5399999618530273,2.5399999618530273,11300
2024-07-11,2.4700000286102295,2.7249999046325684,2.4700000286102295,2.7249999046325684,2.7249999046325684,25100
2024-07-12,2.5999999046325684,2.7300000190734863,2.5999999046325684,2.680000066757202,2.680000066757202,21500
2024-07-15,2.680000066757202,2.819999933242798,2.6679999828338623,2.6679999828338623,2.6679999828338623,6200
2024-07-16,2.5999999046325684,2.609999895095825,2.4800000190734863,2.5999999046325684,2.5999999046325684,17200
2024-07-17,2.619999885559082,2.619999885559082,2.5,2.5,2.5,3400
2024-07-18,2.640000104904175,2.880000114440918,2.5299999713897705,2.5299999713897705,2.5299999713897705,10500
2024-07-19,2.6600000858306885,2.7049999237060547,2.5999999046325684,2.5999999046325684,2.5999999046325684,6100
2024-07-22,2.619999885559082,2.630000114440918,2.609999895095825,2.619999885559082,2.619999885559082,4200
2024-07-23,2.559999942779541,2.559999942779541,2.5,2.5309998989105225,2.5309998989105225,2900
2024-07-24,2.4700000286102295,2.5299999713897705,2.359999895095825,2.359999895095825,2.359999895095825,55300
2024-07-25,2.309999942779541,2.369999885559082,2.1500000953674316,2.2799999713897705,2.2799999713897705,21300
2024-07-26,2.4100000858306885,2.4800000190734863,2.200000047683716,2.2799999713897705,2.2799999713897705,28000
2024-07-29,2.25,2.299999952316284,2.200000047683716,2.2119998931884766,2.2119998931884766,6300
2024-07-30,2.2200000286102295,2.450000047683716,2.2200000286102295,2.3499999046325684,2.3499999046325684,14700
2024-07-31,2.2899999618530273,2.2899999618530273,2.2899999618530273,2.2899999618530273,2.2899999618530273,400
2024-08-01,2.299999952316284,2.299999952316284,2.25600004196167,2.259999990463257,2.259999990463257,4000
2024-08-02,2.2200000286102295,2.2699999809265137,2.200000047683716,2.2699999809265137,2.2699999809265137,7300
2024-08-05,2.1659998893737793,2.200000047683716,2.1659998893737793,2.200000047683716,2.200000047683716,5700
2024-08-06,2.0899999141693115,2.2300000190734863,2.0899999141693115,2.1500000953674316,2.1500000953674316,14100
2024-08-07,2.240000009536743,2.3299999237060547,2.200000047683716,2.200000047683716,2.200000047683716,8100
2024-08-08,2.109999895095825,2.174999952316284,2.109999895095825,2.1600000858306885,2.1600000858306885,3200
2024-08-09,2.180000066757202,2.259999990463257,2.0999999046325684,2.109999895095825,2.109999895095825,5400
2024-08-12,2.2100000381469727,2.25,2.0999999046325684,2.174999952316284,2.174999952316284,12300
2024-08-13,2.134000062942505,2.1600000858306885,2.109999895095825,2.1600000858306885,2.1600000858306885,900
2024-08-14,2.190000057220459,2.190000057220459,2.180000066757202,2.180000066757202,2.180000066757202,2200
2024-08-15,2.200000047683716,2.25,2.200000047683716,2.25,2.25,5800
2024-08-16,2.2300000190734863,2.240000009536743,2.200000047683716,2.200000047683716,2.200000047683716,600
2024-08-19,2.3299999237060547,2.430000066757202,2.200000047683716,2.3399999141693115,2.3399999141693115,6900
2024-08-20,2.4000000953674316,2.453000068664551,2.4000000953674316,2.4200000762939453,2.4200000762939453,3400
2024-08-21,2.450000047683716,2.510999917984009,2.359999895095825,2.380000114440918,2.380000114440918,4900
2024-08-22,2.380000114440918,2.450000047683716,2.380000114440918,2.380000114440918,2.380000114440918,7100
2024-08-23,2.380000114440918,2.450000047683716,2.380000114440918,2.4000000953674316,2.4000000953674316,3500
2024-08-26,2.4800000190734863,2.4800000190734863,2.4000000953674316,2.4000000953674316,2.4000000953674316,1500
2024-08-27,2.4600000381469727,2.4600000381469727,2.430000066757202,2.430000066757202,2.430000066757202,400
2024-08-28,2.430000066757202,2.430000066757202,2.3949999809265137,2.3949999809265137,2.3949999809265137,1000
2024-08-29,2.4100000858306885,2.4600000381469727,2.390000104904175,2.390000104904175,2.390000104904175,4200
2024-08-30,2.2899999618530273,2.549999952316284,2.2300000190734863,2.265000104904175,2.265000104904175,5500
2024-09-03,2.259999990463257,2.4000000953674316,2.259999990463257,2.325000047683716,2.325000047683716,2000
2024-09-04,2.359999895095825,2.559999942779541,2.1480000019073486,2.2899999618530273,2.2899999618530273,9300
2024-09-05,2.25,2.3320000171661377,2.200000047683716,2.240000009536743,2.240000009536743,2800
2024-09-06,2.180000066757202,2.2119998931884766,2.0899999141693115,2.200000047683716,2.200000047683716,5300
2024-09-09,2.200000047683716,2.2200000286102295,2.200000047683716,2.200000047683716,2.200000047683716,1900
2024-09-10,2.109999895095825,2.259999990463257,2.0999999046325684,2.180000066757202,2.180000066757202,1900
2024-09-11,2.180000066757202,2.25,2.130000114440918,2.240000009536743,2.240000009536743,4600
2024-09-12,2.1600000858306885,2.259999990463257,2.1600000858306885,2.25,2.25,4000
2024-09-13,2.25,2.25,2.2100000381469727,2.240000009536743,2.240000009536743,2700
2024-09-16,2.180000066757202,2.259999990463257,2.1500000953674316,2.2100000381469727,2.2100000381469727,6100
2024-09-17,2.190999984741211,2.200000047683716,2.180000066757202,2.180000066757202,2.180000066757202,1600
2024-09-18,2.1500000953674316,2.2279999256134033,2.1500000953674316,2.190000057220459,2.190000057220459,2000
2024-09-19,2.1600000858306885,2.190000057220459,2.0999999046325684,2.109999895095825,2.109999895095825,8800
2024-09-20,2.059999942779541,2.119999885559082,2.049999952316284,2.049999952316284,2.049999952316284,18100
2024-09-23,2.119999885559082,2.190000057220459,2.065000057220459,2.190000057220459,2.190000057220459,1300
2024-09-24,2.1600000858306885,2.180000066757202,2.1549999713897705,2.180000066757202,2.180000066757202,3400
2024-09-25,2.1500000953674316,2.190999984741211,2.1500000953674316,2.1649999618530273,2.1649999618530273,6000
2024-09-26,2.0999999046325684,2.0999999046325684,1.5299999713897705,1.7899999618530273,1.7899999618530273,55300
2024-09-27,1.7400000095367432,1.850000023841858,1.7309999465942383,1.840000033378601,1.840000033378601,21800
2024-09-30,1.909999966621399,1.9199999570846558,1.8300000429153442,1.8650000095367432,1.8650000095367432,27000
2024-10-01,1.8600000143051147,1.8799999952316284,1.7699999809265137,1.7799999713897705,1.7799999713897705,15600
2024-10-02,1.7999999523162842,1.8799999952316284,1.7999999523162842,1.8799999952316284,1.8799999952316284,17300
2024-10-03,1.8700000047683716,1.9199999570846558,1.809999942779541,1.8250000476837158,1.8250000476837158,3300
2024-10-04,1.7899999618530273,1.899999976158142,1.7799999713897705,1.871999979019165,1.871999979019165,14700
2024-10-07,1.75,1.7799999713897705,1.690000057220459,1.690000057220459,1.690000057220459,29900
2024-10-08,1.6799999475479126,1.690000057220459,1.6299999952316284,1.6629999876022339,1.6629999876022339,11200
2024-10-09,1.690000057220459,1.7000000476837158,1.6299999952316284,1.6490000486373901,1.6490000486373901,7900
