Date,Open,High,Low,Close,Adj Close,Volume
2020-04-08,20.850000381469727,22.84000015258789,19.100000381469727,20.079999923706055,20.079999923706055,1063800
2020-04-09,20.100000381469727,23.18899917602539,20.100000381469727,21.56999969482422,21.56999969482422,150900
2020-04-13,22.020000457763672,25.850000381469727,22.0,23.229999542236328,23.229999542236328,158100
2020-04-14,23.68000030517578,27.489999771118164,23.68000030517578,27.489999771118164,27.489999771118164,108300
2020-04-15,26.979999542236328,27.656999588012695,25.106000900268555,27.18000030517578,27.18000030517578,82400
2020-04-16,26.959999084472656,27.594999313354492,26.65999984741211,27.118999481201172,27.118999481201172,47000
2020-04-17,27.260000228881836,28.604999542236328,24.5,26.700000762939453,26.700000762939453,104000
2020-04-20,26.979999542236328,28.049999237060547,25.559999465942383,28.0,28.0,170100
2020-04-21,27.899999618530273,30.663999557495117,27.049999237060547,27.059999465942383,27.059999465942383,57000
2020-04-22,27.5,30.25,27.5,28.579999923706055,28.579999923706055,55700
2020-04-23,28.290000915527344,29.469999313354492,27.809999465942383,29.469999313354492,29.469999313354492,46500
2020-04-24,29.3799991607666,30.889999389648438,29.0,30.59000015258789,30.59000015258789,62800
2020-04-27,30.600000381469727,31.299999237060547,30.020000457763672,30.399999618530273,30.399999618530273,26800
2020-04-28,30.5,31.09000015258789,30.398000717163086,30.899999618530273,30.899999618530273,49200
2020-04-29,31.0,31.4950008392334,27.725000381469727,29.969999313354492,29.969999313354492,121400
2020-04-30,29.469999313354492,30.079999923706055,28.049999237060547,29.549999237060547,29.549999237060547,12100
2020-05-01,29.25,29.469999313354492,28.190000534057617,28.799999237060547,28.799999237060547,14100
2020-05-04,28.899999618530273,30.43000030517578,28.600000381469727,29.020000457763672,29.020000457763672,38800
2020-05-05,29.5,30.420000076293945,28.263999938964844,28.799999237060547,28.799999237060547,35600
2020-05-06,28.799999237060547,29.200000762939453,25.649999618530273,27.860000610351562,27.860000610351562,84400
2020-05-07,27.979999542236328,29.459999084472656,26.309999465942383,26.850000381469727,26.850000381469727,48400
2020-05-08,28.010000228881836,28.4950008392334,27.0,27.385000228881836,27.385000228881836,36800
2020-05-11,27.729999542236328,28.0,26.211999893188477,27.280000686645508,27.280000686645508,35600
2020-05-12,27.3700008392334,32.75,27.3700008392334,29.649999618530273,29.649999618530273,115600
2020-05-13,29.5,31.59000015258789,27.5,28.75,28.75,43800
2020-05-14,28.25,29.184999465942383,27.1560001373291,28.18000030517578,28.18000030517578,38000
2020-05-15,27.799999237060547,29.8700008392334,27.799999237060547,28.600000381469727,28.600000381469727,45200
2020-05-18,29.0,30.709999084472656,28.354999542236328,28.354999542236328,28.354999542236328,34800
2020-05-19,28.540000915527344,29.989999771118164,26.260000228881836,27.40999984741211,27.40999984741211,38000
2020-05-20,28.049999237060547,28.788000106811523,25.600000381469727,27.649999618530273,27.649999618530273,105100
2020-05-21,27.520000457763672,28.0,26.649999618530273,27.31999969482422,27.31999969482422,86000
2020-05-22,26.420000076293945,27.6299991607666,26.334999084472656,27.309999465942383,27.309999465942383,29500
2020-05-26,27.5,27.5,26.073999404907227,26.760000228881836,26.760000228881836,16700
2020-05-27,27.0,31.0,26.489999771118164,28.420000076293945,28.420000076293945,54200
2020-05-28,28.5,28.729999542236328,27.020000457763672,28.0,28.0,32100
2020-05-29,27.81999969482422,30.0,25.84000015258789,28.739999771118164,28.739999771118164,78700
2020-06-01,28.600000381469727,30.0,27.5,29.5,29.5,31300
2020-06-02,29.770000457763672,32.29999923706055,29.200000762939453,31.979999542236328,31.979999542236328,50500
2020-06-03,33.060001373291016,36.75,30.229999542236328,34.439998626708984,34.439998626708984,75300
2020-06-04,34.13999938964844,35.40999984741211,32.209999084472656,32.220001220703125,32.220001220703125,47500
2020-06-05,33.5099983215332,34.165000915527344,31.690000534057617,31.829999923706055,31.829999923706055,42900
2020-06-08,32.09000015258789,35.95000076293945,28.8799991607666,35.099998474121094,35.099998474121094,76200
2020-06-09,34.59000015258789,37.400001525878906,33.415000915527344,35.810001373291016,35.810001373291016,56500
2020-06-10,35.540000915527344,36.20000076293945,34.50400161743164,35.52000045776367,35.52000045776367,84900
2020-06-11,34.34000015258789,34.34000015258789,33.025001525878906,33.720001220703125,33.720001220703125,156500
2020-06-12,33.400001525878906,35.625,33.400001525878906,34.29999923706055,34.29999923706055,43500
2020-06-15,34.18000030517578,39.1150016784668,33.97999954223633,35.560001373291016,35.560001373291016,119300
2020-06-16,36.66999816894531,37.0,35.56999969482422,35.939998626708984,35.939998626708984,107900
2020-06-17,36.09000015258789,37.0,35.25,35.290000915527344,35.290000915527344,114400
2020-06-18,35.0,37.0,33.81999969482422,36.77000045776367,36.77000045776367,121100
2020-06-19,36.79999923706055,40.630001068115234,35.90999984741211,38.52000045776367,38.52000045776367,465200
2020-06-22,38.20000076293945,40.20000076293945,36.310001373291016,37.650001525878906,37.650001525878906,181700
2020-06-23,38.09000015258789,41.97999954223633,37.5,40.209999084472656,40.209999084472656,220400
2020-06-24,40.70000076293945,41.91600036621094,37.0,39.0,39.0,141300
2020-06-25,39.540000915527344,42.2599983215332,39.36000061035156,40.38999938964844,40.38999938964844,150400
2020-06-26,40.849998474121094,41.5,37.69499969482422,38.630001068115234,38.630001068115234,899900
2020-06-29,39.529998779296875,40.01900100708008,37.38999938964844,38.0,38.0,78200
2020-06-30,37.75,38.75,36.15999984741211,37.5099983215332,37.5099983215332,82700
2020-07-01,36.06999969482422,39.20399856567383,35.5099983215332,36.459999084472656,36.459999084472656,183000
2020-07-02,36.810001373291016,37.779998779296875,34.79999923706055,35.79999923706055,35.79999923706055,75500
2020-07-06,36.369998931884766,36.369998931884766,34.040000915527344,34.619998931884766,34.619998931884766,66800
2020-07-07,34.68000030517578,35.16999816894531,33.560001373291016,33.709999084472656,33.709999084472656,30400
2020-07-08,33.5099983215332,34.77000045776367,33.04999923706055,34.400001525878906,34.400001525878906,71000
2020-07-09,34.599998474121094,36.560001373291016,33.209999084472656,33.43000030517578,33.43000030517578,40400
2020-07-10,33.189998626708984,33.58000183105469,31.360000610351562,32.75,32.75,101400
2020-07-13,33.470001220703125,33.52000045776367,30.299999237060547,30.799999237060547,30.799999237060547,78600
2020-07-14,30.610000610351562,31.670000076293945,30.31800079345703,31.200000762939453,31.200000762939453,36400
2020-07-15,31.760000228881836,31.899999618530273,28.969999313354492,29.959999084472656,29.959999084472656,89800
2020-07-16,29.75,31.889999389648438,29.72800064086914,31.219999313354492,31.219999313354492,174300
2020-07-17,30.8700008392334,31.325000762939453,30.020000457763672,30.06999969482422,30.06999969482422,33200
2020-07-20,29.93000030517578,30.434999465942383,29.5,29.520000457763672,29.520000457763672,33000
2020-07-21,29.579999923706055,30.56999969482422,29.25,29.40999984741211,29.40999984741211,44700
2020-07-22,29.260000228881836,29.84000015258789,28.31999969482422,29.229999542236328,29.229999542236328,70300
2020-07-23,28.610000610351562,28.610000610351562,26.829999923706055,27.8700008392334,27.8700008392334,71700
2020-07-24,28.010000228881836,28.149999618530273,26.920000076293945,27.040000915527344,27.040000915527344,21900
2020-07-27,27.149999618530273,31.59000015258789,26.290000915527344,29.739999771118164,29.739999771118164,169700
2020-07-28,29.610000610351562,30.795000076293945,27.527000427246094,28.899999618530273,28.899999618530273,211800
2020-07-29,28.375,32.52000045776367,25.709999084472656,30.440000534057617,30.440000534057617,161500
2020-07-30,29.81999969482422,32.5099983215332,28.020000457763672,30.639999389648438,30.639999389648438,149600
2020-07-31,30.479999542236328,33.08000183105469,29.020000457763672,32.099998474121094,32.099998474121094,49600
2020-08-03,32.060001373291016,33.9900016784668,30.260000228881836,32.43000030517578,32.43000030517578,222500
2020-08-04,32.380001068115234,34.54499816894531,31.420000076293945,32.5,32.5,109000
2020-08-05,32.72999954223633,38.25,31.584999084472656,35.970001220703125,35.970001220703125,79200
2020-08-06,36.0099983215332,36.0099983215332,34.400001525878906,35.810001373291016,35.810001373291016,12200
2020-08-07,35.349998474121094,36.83000183105469,34.650001525878906,36.29999923706055,36.29999923706055,33800
2020-08-10,36.22999954223633,38.130001068115234,35.400001525878906,36.15999984741211,36.15999984741211,32500
2020-08-11,36.5,38.22999954223633,34.880001068115234,35.93000030517578,35.93000030517578,194000
2020-08-12,36.33000183105469,37.599998474121094,34.94499969482422,36.0099983215332,36.0099983215332,54000
2020-08-13,36.0,39.93000030517578,35.4900016784668,39.04999923706055,39.04999923706055,151300
2020-08-14,39.0,39.150001525878906,37.49599838256836,38.58000183105469,38.58000183105469,28900
2020-08-17,34.83000183105469,40.59000015258789,34.83000183105469,40.349998474121094,40.349998474121094,32500
2020-08-18,40.38999938964844,41.459999084472656,39.20000076293945,40.630001068115234,40.630001068115234,26200
2020-08-19,40.20000076293945,44.35100173950195,39.689998626708984,41.650001525878906,41.650001525878906,147200
2020-08-20,41.599998474121094,48.0,40.119998931884766,46.18000030517578,46.18000030517578,165400
2020-08-21,45.88999938964844,48.880001068115234,44.61600112915039,45.58000183105469,45.58000183105469,41700
2020-08-24,45.599998474121094,48.96500015258789,44.04999923706055,48.25,48.25,111700
2020-08-25,49.06999969482422,65.5,46.5,62.209999084472656,62.209999084472656,201700
2020-08-26,61.06999969482422,61.06999969482422,51.91999816894531,53.560001373291016,53.560001373291016,143100
2020-08-27,53.560001373291016,58.119998931884766,52.41999816894531,52.790000915527344,52.790000915527344,74900
2020-08-28,52.529998779296875,59.900001525878906,48.35599899291992,53.060001373291016,53.060001373291016,158800
2020-08-31,52.70000076293945,55.09000015258789,50.0,53.540000915527344,53.540000915527344,95800
2020-09-01,52.70000076293945,54.025001525878906,50.14500045776367,53.43000030517578,53.43000030517578,45300
2020-09-02,54.65999984741211,57.58000183105469,51.5099983215332,55.95000076293945,55.95000076293945,107900
2020-09-03,56.5,57.0,50.04999923706055,50.77000045776367,50.77000045776367,90300
2020-09-04,50.40999984741211,50.849998474121094,47.290000915527344,49.060001373291016,49.060001373291016,53100
2020-09-08,48.79999923706055,50.16999816894531,44.790000915527344,48.5,48.5,62900
2020-09-09,48.619998931884766,53.14500045776367,47.84000015258789,49.5099983215332,49.5099983215332,73600
2020-09-10,49.90999984741211,51.54999923706055,46.13999938964844,47.25,47.25,29200
2020-09-11,47.25,47.95000076293945,43.577999114990234,44.5099983215332,44.5099983215332,42500
2020-09-14,46.83000183105469,47.31999969482422,44.5099983215332,45.08000183105469,45.08000183105469,59600
2020-09-15,45.34000015258789,47.56999969482422,43.77000045776367,45.90999984741211,45.90999984741211,107800
2020-09-16,47.02000045776367,47.5,44.630001068115234,45.790000915527344,45.790000915527344,39500
2020-09-17,44.369998931884766,46.189998626708984,44.33000183105469,44.9900016784668,44.9900016784668,40000
2020-09-18,45.939998626708984,47.119998931884766,42.36000061035156,45.189998626708984,45.189998626708984,166500
2020-09-21,44.52000045776367,45.25,41.439998626708984,43.02000045776367,43.02000045776367,110600
2020-09-22,43.40999984741211,44.268001556396484,39.89500045776367,42.54999923706055,42.54999923706055,70700
2020-09-23,42.13999938964844,43.27000045776367,41.095001220703125,41.25,41.25,32600
2020-09-24,40.95000076293945,44.959999084472656,39.43000030517578,41.150001525878906,41.150001525878906,32600
2020-09-25,41.189998626708984,42.25199890136719,40.375,40.61000061035156,40.61000061035156,24600
2020-09-28,40.900001525878906,42.79999923706055,39.38999938964844,39.810001373291016,39.810001373291016,39400
2020-09-29,39.654998779296875,41.08000183105469,38.29999923706055,39.380001068115234,39.380001068115234,28400
2020-09-30,39.34000015258789,40.22100067138672,38.099998474121094,38.56999969482422,38.56999969482422,39800
2020-10-01,38.779998779296875,39.20500183105469,36.849998474121094,37.61000061035156,37.61000061035156,78200
2020-10-02,37.15999984741211,39.36000061035156,36.220001220703125,36.7599983215332,36.7599983215332,88500
2020-10-05,37.20000076293945,38.4900016784668,34.5099983215332,36.13999938964844,36.13999938964844,429600
2020-10-06,36.56999969482422,37.779998779296875,34.16999816894531,36.0,36.0,297300
2020-10-07,36.31999969482422,40.88999938964844,36.31999969482422,40.0,40.0,52600
2020-10-08,40.689998626708984,47.9900016784668,39.439998626708984,46.31999969482422,46.31999969482422,445000
2020-10-09,46.709999084472656,48.849998474121094,44.0,45.619998931884766,45.619998931884766,330300
2020-10-12,45.56999969482422,48.88999938964844,43.66999816894531,48.88999938964844,48.88999938964844,188500
2020-10-13,48.279998779296875,49.970001220703125,46.880001068115234,46.970001220703125,46.970001220703125,49400
2020-10-14,47.15999984741211,47.5,45.95000076293945,46.63999938964844,46.63999938964844,107600
2020-10-15,46.06999969482422,49.31999969482422,46.06999969482422,48.0,48.0,35900
2020-10-16,47.560001373291016,54.7599983215332,45.2599983215332,51.68000030517578,51.68000030517578,115600
2020-10-19,50.5099983215332,54.40999984741211,49.790000915527344,50.630001068115234,50.630001068115234,69100
2020-10-20,51.43000030517578,54.9900016784668,47.66999816894531,51.06999969482422,51.06999969482422,139800
2020-10-21,51.119998931884766,54.130001068115234,50.1150016784668,52.13999938964844,52.13999938964844,87000
2020-10-22,52.0099983215332,54.41999816894531,51.04999923706055,52.689998626708984,52.689998626708984,73200
2020-10-23,53.16999816894531,54.58000183105469,52.029998779296875,53.90999984741211,53.90999984741211,42500
2020-10-26,53.599998474121094,56.1349983215332,53.0,54.119998931884766,54.119998931884766,87200
2020-10-27,53.86000061035156,61.435001373291016,53.86000061035156,58.40999984741211,58.40999984741211,241300
2020-10-28,57.0099983215332,65.04000091552734,54.54999923706055,63.209999084472656,63.209999084472656,171200
2020-10-29,62.34000015258789,66.41000366210938,58.52000045776367,61.310001373291016,61.310001373291016,243300
2020-10-30,60.41999816894531,62.9900016784668,54.61000061035156,55.599998474121094,55.599998474121094,350700
2020-11-02,57.290000915527344,59.72999954223633,44.40999984741211,51.79999923706055,51.79999923706055,440200
2020-11-03,52.0,56.290000915527344,51.32699966430664,53.165000915527344,53.165000915527344,74000
2020-11-04,53.16999816894531,54.560001373291016,51.415000915527344,53.0,53.0,53600
2020-11-05,53.0,56.52000045776367,51.88999938964844,54.91999816894531,54.91999816894531,55400
2020-11-06,55.22999954223633,57.369998931884766,52.84199905395508,55.540000915527344,55.540000915527344,48300
2020-11-09,56.75,57.79999923706055,52.540000915527344,54.470001220703125,54.470001220703125,45700
2020-11-10,55.349998474121094,57.93000030517578,54.9900016784668,56.65999984741211,56.65999984741211,39500
2020-11-11,55.150001525878906,57.04999923706055,52.13999938964844,54.0,54.0,88900
2020-11-12,53.540000915527344,56.4900016784668,52.4900016784668,54.380001068115234,54.380001068115234,81900
2020-11-13,57.77000045776367,64.41000366210938,52.40999984741211,58.900001525878906,58.900001525878906,1862800
2020-11-16,60.439998626708984,69.87999725341797,60.310001373291016,68.0199966430664,68.0199966430664,436700
2020-11-17,68.0999984741211,70.83000183105469,64.91000366210938,66.77999877929688,66.77999877929688,207300
2020-11-18,68.16000366210938,74.5999984741211,66.7300033569336,68.56999969482422,68.56999969482422,217300
2020-11-19,67.72000122070312,74.0,67.72000122070312,69.48999786376953,69.48999786376953,129800
2020-11-20,71.55000305175781,74.0,69.3499984741211,71.08000183105469,71.08000183105469,471600
2020-11-23,71.55999755859375,81.0,71.43000030517578,76.20999908447266,76.20999908447266,283300
2020-11-24,76.58999633789062,79.36000061035156,75.05000305175781,76.0,76.0,164200
2020-11-25,75.91000366210938,77.74500274658203,74.01000213623047,75.52999877929688,75.52999877929688,215700
2020-11-27,76.51000213623047,79.68000030517578,71.25599670410156,76.0,76.0,105800
2020-11-30,76.6500015258789,79.43699645996094,69.68000030517578,75.61000061035156,75.61000061035156,322600
2020-12-01,77.33000183105469,80.62999725341797,74.6259994506836,77.9000015258789,77.9000015258789,260300
2020-12-02,78.55000305175781,78.55000305175781,73.20999908447266,74.0199966430664,74.0199966430664,131900
2020-12-03,74.6500015258789,78.0,73.08999633789062,76.0,76.0,196500
2020-12-04,77.05000305175781,78.0,75.76000213623047,77.33000183105469,77.33000183105469,101500
2020-12-07,77.05000305175781,79.29000091552734,73.74500274658203,74.88999938964844,74.88999938964844,180900
2020-12-08,76.55999755859375,88.80000305175781,75.94999694824219,79.95999908447266,79.95999908447266,386700
2020-12-09,79.98999786376953,80.76000213623047,74.0,75.2300033569336,75.2300033569336,162400
2020-12-10,73.97000122070312,78.8499984741211,72.0999984741211,77.0,77.0,126500
2020-12-11,76.1500015258789,79.25,76.13899993896484,76.83000183105469,76.83000183105469,118400
2020-12-14,77.5,79.25,76.1500015258789,78.5,78.5,181300
2020-12-15,79.41000366210938,79.80000305175781,77.16999816894531,77.75,77.75,200100
2020-12-16,77.95999908447266,82.24700164794922,77.01000213623047,78.56999969482422,78.56999969482422,285100
2020-12-17,78.91000366210938,86.80000305175781,77.54000091552734,82.73999786376953,82.73999786376953,301400
2020-12-18,83.31999969482422,85.62000274658203,79.08499908447266,80.95999908447266,80.95999908447266,1332600
2020-12-21,79.0199966430664,79.4800033569336,74.05000305175781,75.43000030517578,75.43000030517578,142700
2020-12-22,74.91999816894531,77.37999725341797,73.01000213623047,74.98999786376953,74.98999786376953,111600
2020-12-23,75.9000015258789,78.6510009765625,74.37000274658203,77.75,77.75,106400
2020-12-24,77.83000183105469,80.73999786376953,77.83000183105469,78.52999877929688,78.52999877929688,44500
2020-12-28,79.36000061035156,80.68000030517578,77.41999816894531,77.83999633789062,77.83999633789062,82600
2020-12-29,78.2699966430664,78.77999877929688,72.83499908447266,74.52999877929688,74.52999877929688,159600
2020-12-30,74.77999877929688,78.64099884033203,70.5,72.08000183105469,72.08000183105469,185100
2020-12-31,72.04000091552734,74.44000244140625,69.11000061035156,70.54000091552734,70.54000091552734,108000
2021-01-04,71.08999633789062,71.74500274658203,68.37000274658203,69.58000183105469,69.58000183105469,133000
2021-01-05,70.08000183105469,70.77999877929688,68.12999725341797,68.80000305175781,68.80000305175781,85800
2021-01-06,69.4000015258789,69.52999877929688,66.54000091552734,68.05999755859375,68.05999755859375,150200
2021-01-07,68.22000122070312,71.4000015258789,68.19499969482422,70.86000061035156,70.86000061035156,399600
2021-01-08,72.79000091552734,74.41000366210938,69.11000061035156,70.93000030517578,70.93000030517578,96800
2021-01-11,69.9800033569336,73.6500015258789,68.68000030517578,70.48999786376953,70.48999786376953,64200
2021-01-12,71.0,73.13999938964844,69.51000213623047,71.37000274658203,71.37000274658203,86800
2021-01-13,71.5,74.31999969482422,70.63500213623047,73.01000213623047,73.01000213623047,67700
2021-01-14,73.97000122070312,75.33000183105469,73.20800018310547,75.27999877929688,75.27999877929688,184700
2021-01-15,75.0199966430664,75.0199966430664,71.28500366210938,71.58999633789062,71.58999633789062,145000
2021-01-19,71.7699966430664,72.0,68.06999969482422,68.38999938964844,68.38999938964844,109400
2021-01-20,68.83000183105469,69.25,66.63999938964844,67.19999694824219,67.19999694824219,110200
2021-01-21,67.69999694824219,68.91000366210938,64.1500015258789,64.29000091552734,64.29000091552734,142300
2021-01-22,64.20999908447266,67.58000183105469,63.724998474121094,67.1500015258789,67.1500015258789,190300
2021-01-25,67.5,70.80999755859375,65.3499984741211,69.41999816894531,69.41999816894531,165600
2021-01-26,69.98999786376953,70.55000305175781,65.95999908447266,66.56999969482422,66.56999969482422,125200
2021-01-27,65.2300033569336,67.0,60.2400016784668,60.77000045776367,60.77000045776367,120600
2021-01-28,61.04999923706055,63.97999954223633,58.2400016784668,59.20000076293945,59.20000076293945,90800
2021-01-29,59.08000183105469,61.323001861572266,56.369998931884766,57.04999923706055,57.04999923706055,66000
2021-02-01,57.29999923706055,58.0,55.16999816894531,57.540000915527344,57.540000915527344,60700
2021-02-02,58.290000915527344,58.81999969482422,56.84000015258789,58.81999969482422,58.81999969482422,109200
2021-02-03,58.91999816894531,61.70000076293945,56.290000915527344,57.47999954223633,57.47999954223633,79200
2021-02-04,57.779998779296875,63.875,57.779998779296875,63.310001373291016,63.310001373291016,77700
2021-02-05,63.54999923706055,65.83999633789062,62.41999816894531,65.4800033569336,65.4800033569336,99800
2021-02-08,66.44000244140625,71.4800033569336,65.72000122070312,70.98999786376953,70.98999786376953,248600
2021-02-09,71.66000366210938,75.98999786376953,68.98999786376953,70.1500015258789,70.1500015258789,138700
2021-02-10,70.73999786376953,72.875,67.23999786376953,67.58999633789062,67.58999633789062,54700
2021-02-11,68.05000305175781,68.44999694824219,62.27000045776367,64.1500015258789,64.1500015258789,141000
2021-02-12,63.849998474121094,64.58000183105469,59.709999084472656,60.09000015258789,60.09000015258789,87400
2021-02-16,60.41999816894531,61.58000183105469,58.0,60.54999923706055,60.54999923706055,109800
2021-02-17,59.959999084472656,64.20999908447266,58.540000915527344,62.45000076293945,62.45000076293945,145800
2021-02-18,61.540000915527344,65.66999816894531,59.61000061035156,64.0,64.0,99600
2021-02-19,64.51000213623047,69.46499633789062,64.2979965209961,66.63999938964844,66.63999938964844,114800
2021-02-22,65.8499984741211,68.6500015258789,62.650001525878906,64.95999908447266,64.95999908447266,87200
2021-02-23,63.41999816894531,68.0,61.2599983215332,63.150001525878906,63.150001525878906,94500
2021-02-24,63.060001373291016,67.48999786376953,62.54999923706055,66.58000183105469,66.58000183105469,56600
2021-02-25,66.1500015258789,67.70999908447266,63.68000030517578,64.69999694824219,64.69999694824219,94300
2021-02-26,65.55000305175781,65.93000030517578,60.0,65.47000122070312,65.47000122070312,116400
2021-03-01,67.5999984741211,67.5999984741211,60.529998779296875,61.70000076293945,61.70000076293945,135300
2021-03-02,61.70000076293945,63.1349983215332,57.45000076293945,57.54999923706055,57.54999923706055,111500
2021-03-03,57.400001525878906,59.61800003051758,55.2599983215332,57.630001068115234,57.630001068115234,117900
2021-03-04,57.0,59.060001373291016,53.720001220703125,55.25,55.25,108700
2021-03-05,56.650001525878906,58.86000061035156,51.48500061035156,58.619998931884766,58.619998931884766,113400
2021-03-08,59.20000076293945,60.709999084472656,57.09000015258789,57.2599983215332,57.2599983215332,78500
2021-03-09,58.400001525878906,62.220001220703125,58.400001525878906,62.0,62.0,79700
2021-03-10,62.619998931884766,65.2699966430664,60.349998474121094,64.05999755859375,64.05999755859375,102700
2021-03-11,65.19999694824219,66.05999755859375,63.025001525878906,66.05000305175781,66.05000305175781,106500
2021-03-12,65.94999694824219,65.94999694824219,63.13100051879883,65.16000366210938,65.16000366210938,45000
2021-03-15,64.69999694824219,66.2300033569336,61.93000030517578,63.72999954223633,63.72999954223633,68500
2021-03-16,63.91999816894531,64.18000030517578,58.869998931884766,60.560001373291016,60.560001373291016,64300
2021-03-17,60.02000045776367,60.494998931884766,56.65999984741211,59.75,59.75,61000
2021-03-18,59.849998474121094,60.95000076293945,54.0,55.0,55.0,153600
2021-03-19,55.279998779296875,60.52000045776367,53.220001220703125,59.310001373291016,59.310001373291016,528400
2021-03-22,60.119998931884766,60.119998931884766,56.5,57.09000015258789,57.09000015258789,63400
2021-03-23,55.88999938964844,56.2599983215332,52.887001037597656,54.84000015258789,54.84000015258789,141500
2021-03-24,55.13999938964844,56.630001068115234,52.5,54.0,54.0,148000
2021-03-25,53.90999984741211,60.0,53.90999984741211,59.220001220703125,59.220001220703125,111100
2021-03-26,59.650001525878906,60.689998626708984,55.119998931884766,56.400001525878906,56.400001525878906,102200
2021-03-29,56.27000045776367,57.90999984741211,53.689998626708984,56.29999923706055,56.29999923706055,102200
2021-03-30,54.9900016784668,58.584999084472656,53.970001220703125,57.54999923706055,57.54999923706055,88700
2021-03-31,57.779998779296875,62.31999969482422,57.779998779296875,61.54999923706055,61.54999923706055,115000
2021-04-01,61.88999938964844,64.87999725341797,57.65999984741211,58.7599983215332,58.7599983215332,178800
2021-04-05,59.4900016784668,60.96500015258789,57.880001068115234,60.400001525878906,60.400001525878906,110000
2021-04-06,59.939998626708984,60.63999938964844,57.7400016784668,58.90999984741211,58.90999984741211,236800
2021-04-07,59.029998779296875,61.689998626708984,59.0,61.0099983215332,61.0099983215332,100200
2021-04-08,61.43000030517578,64.91999816894531,61.084999084472656,62.7599983215332,62.7599983215332,89000
2021-04-09,62.33000183105469,62.724998474121094,59.4900016784668,60.15999984741211,60.15999984741211,161300
2021-04-12,60.13999938964844,63.9900016784668,58.231998443603516,58.689998626708984,58.689998626708984,215700
2021-04-13,58.720001220703125,64.3949966430664,58.65999984741211,64.05000305175781,64.05000305175781,145300
2021-04-14,64.52999877929688,67.41000366210938,60.5099983215332,61.470001220703125,61.470001220703125,479500
2021-04-15,61.56999969482422,64.70999908447266,60.970001220703125,63.459999084472656,63.459999084472656,100000
2021-04-16,64.29000091552734,64.4990005493164,55.560001373291016,56.66999816894531,56.66999816894531,90700
2021-04-19,56.54999923706055,58.904998779296875,55.185001373291016,57.70000076293945,57.70000076293945,100100
2021-04-20,57.65999984741211,61.51499938964844,57.20000076293945,61.25,61.25,82400
2021-04-21,61.459999084472656,64.06999969482422,59.47999954223633,63.9900016784668,63.9900016784668,68500
2021-04-22,64.16000366210938,65.16000366210938,60.65999984741211,63.02000045776367,63.02000045776367,85600
2021-04-23,63.540000915527344,64.29000091552734,61.439998626708984,61.560001373291016,61.560001373291016,72700
2021-04-26,62.16999816894531,64.90499877929688,61.000999450683594,63.849998474121094,63.849998474121094,44200
2021-04-27,64.31999969482422,65.55000305175781,61.869998931884766,65.4000015258789,65.4000015258789,97800
2021-04-28,64.72000122070312,68.9800033569336,62.310001373291016,67.86000061035156,67.86000061035156,85800
2021-04-29,68.70999908447266,71.73999786376953,65.90499877929688,70.11000061035156,70.11000061035156,120200
2021-04-30,66.06999969482422,67.80000305175781,57.13999938964844,58.79999923706055,58.79999923706055,654400
2021-05-03,59.59000015258789,60.04999923706055,55.33000183105469,56.709999084472656,56.709999084472656,403600
2021-05-04,54.83000183105469,58.40999984741211,52.45000076293945,54.439998626708984,54.439998626708984,187200
2021-05-05,55.0099983215332,55.91999816894531,53.558998107910156,54.400001525878906,54.400001525878906,95400
2021-05-06,54.2400016784668,55.560001373291016,52.220001220703125,54.349998474121094,54.349998474121094,87900
2021-05-07,55.20000076293945,57.91999816894531,52.529998779296875,53.11000061035156,53.11000061035156,129900
2021-05-10,52.880001068115234,52.880001068115234,48.81999969482422,49.52000045776367,49.52000045776367,179100
2021-05-11,48.06999969482422,52.43000030517578,48.06999969482422,50.630001068115234,50.630001068115234,150000
2021-05-12,49.779998779296875,51.75,48.470001220703125,48.540000915527344,48.540000915527344,205600
2021-05-13,49.060001373291016,50.415000915527344,44.709999084472656,46.31999969482422,46.31999969482422,293200
2021-05-14,46.220001220703125,50.0,43.97999954223633,48.869998931884766,48.869998931884766,161600
2021-05-17,49.040000915527344,51.04999923706055,48.83000183105469,50.91999816894531,50.91999816894531,50000
2021-05-18,50.720001220703125,51.15999984741211,48.65999984741211,49.33000183105469,49.33000183105469,114200
2021-05-19,44.58000183105469,50.05500030517578,44.58000183105469,48.97999954223633,48.97999954223633,156500
2021-05-20,48.54999923706055,50.900001525878906,47.34000015258789,50.060001373291016,50.060001373291016,79500
2021-05-21,50.91999816894531,51.68000030517578,48.29999923706055,49.79999923706055,49.79999923706055,82600
2021-05-24,50.33000183105469,51.47999954223633,49.720001220703125,50.470001220703125,50.470001220703125,51100
2021-05-25,50.619998931884766,51.38999938964844,48.779998779296875,50.58000183105469,50.58000183105469,59400
2021-05-26,50.880001068115234,54.0,50.49300003051758,53.86000061035156,53.86000061035156,78400
2021-05-27,54.720001220703125,55.400001525878906,51.720001220703125,52.86000061035156,52.86000061035156,110600
2021-05-28,53.02000045776367,56.720001220703125,51.02000045776367,54.560001373291016,54.560001373291016,83100
2021-06-01,54.619998931884766,55.22999954223633,51.38999938964844,51.47999954223633,51.47999954223633,90300
2021-06-02,51.529998779296875,52.459999084472656,48.02000045776367,48.540000915527344,48.540000915527344,114400
2021-06-03,47.869998931884766,51.310001373291016,47.0,48.040000915527344,48.040000915527344,75900
2021-06-04,48.13999938964844,48.630001068115234,46.900001525878906,47.08000183105469,47.08000183105469,68100
2021-06-07,47.439998626708984,52.08000183105469,45.82500076293945,50.58000183105469,50.58000183105469,167400
2021-06-08,50.630001068115234,51.7400016784668,49.5,51.5,51.5,82000
2021-06-09,51.279998779296875,53.38199996948242,50.849998474121094,51.43000030517578,51.43000030517578,58800
2021-06-10,51.630001068115234,53.93000030517578,51.0099983215332,52.529998779296875,52.529998779296875,74700
2021-06-11,52.209999084472656,52.599998474121094,49.900001525878906,51.220001220703125,51.220001220703125,60200
2021-06-14,51.91999816894531,54.11000061035156,51.81999969482422,52.88999938964844,52.88999938964844,126800
2021-06-15,53.04999923706055,53.07500076293945,50.43000030517578,52.31999969482422,52.31999969482422,120600
2021-06-16,51.7599983215332,53.61000061035156,50.83000183105469,53.0,53.0,85700
2021-06-17,53.290000915527344,53.290000915527344,50.529998779296875,52.54999923706055,52.54999923706055,87300
2021-06-18,51.63999938964844,55.189998626708984,50.474998474121094,53.779998779296875,53.779998779296875,411200
2021-06-21,53.79999923706055,55.290000915527344,52.33000183105469,53.41999816894531,53.41999816894531,117400
2021-06-22,53.18000030517578,53.36000061035156,51.650001525878906,52.58000183105469,52.58000183105469,63400
2021-06-23,44.36000061035156,46.939998626708984,42.0099983215332,44.56999969482422,44.56999969482422,744200
2021-06-24,45.04999923706055,45.97999954223633,42.7599983215332,43.970001220703125,43.970001220703125,179700
2021-06-25,44.189998626708984,45.9900016784668,44.189998626708984,44.88999938964844,44.88999938964844,495900
2021-06-28,45.40999984741211,45.650001525878906,43.08000183105469,43.5,43.5,111800
2021-06-29,43.54999923706055,43.63999938964844,41.87900161743164,42.400001525878906,42.400001525878906,125900
2021-06-30,42.52000045776367,43.54999923706055,41.89799880981445,42.470001220703125,42.470001220703125,96900
2021-07-01,42.75,42.75,40.77000045776367,41.220001220703125,41.220001220703125,228500
2021-07-02,41.689998626708984,42.040000915527344,40.529998779296875,40.9900016784668,40.9900016784668,138800
2021-07-06,41.290000915527344,42.0099983215332,40.130001068115234,40.279998779296875,40.279998779296875,74900
2021-07-07,40.0,41.02000045776367,38.380001068115234,40.29999923706055,40.29999923706055,90300
2021-07-08,39.59000015258789,41.54999923706055,39.0,40.959999084472656,40.959999084472656,64900
2021-07-09,41.189998626708984,42.380001068115234,41.0,41.939998626708984,41.939998626708984,34900
2021-07-12,41.650001525878906,42.84000015258789,40.5,41.939998626708984,41.939998626708984,97300
2021-07-13,41.93000030517578,42.099998474121094,39.435001373291016,39.7599983215332,39.7599983215332,128800
2021-07-14,39.7599983215332,41.029998779296875,38.779998779296875,39.400001525878906,39.400001525878906,123400
2021-07-15,39.52000045776367,39.77000045776367,38.61000061035156,39.56999969482422,39.56999969482422,104500
2021-07-16,40.150001525878906,41.564998626708984,39.79999923706055,39.97999954223633,39.97999954223633,84700
2021-07-19,39.31999969482422,40.30500030517578,39.064998626708984,39.560001373291016,39.560001373291016,111700
2021-07-20,39.84000015258789,41.40999984741211,39.18000030517578,40.75,40.75,187700
2021-07-21,40.540000915527344,40.90999984741211,40.0,40.25,40.25,65600
2021-07-22,39.86000061035156,40.220001220703125,37.68000030517578,37.900001525878906,37.900001525878906,77000
2021-07-23,37.91999816894531,39.20000076293945,36.220001220703125,37.75,37.75,94200
2021-07-26,37.75,38.84000015258789,36.91999816894531,38.060001373291016,38.060001373291016,95000
2021-07-27,37.54999923706055,38.01499938964844,35.94499969482422,36.599998474121094,36.599998474121094,95700
2021-07-28,36.79999923706055,38.31999969482422,36.540000915527344,37.68000030517578,37.68000030517578,87200
2021-07-29,37.7599983215332,39.345001220703125,36.63999938964844,37.310001373291016,37.310001373291016,75100
2021-07-30,36.91999816894531,38.22999954223633,36.58000183105469,36.79999923706055,36.79999923706055,70500
2021-08-02,36.79999923706055,38.709999084472656,35.7400016784668,36.040000915527344,36.040000915527344,82000
2021-08-03,35.900001525878906,35.900001525878906,34.029998779296875,34.779998779296875,34.779998779296875,114900
2021-08-04,34.45000076293945,35.770999908447266,33.27000045776367,34.099998474121094,34.099998474121094,106000
2021-08-05,34.20000076293945,35.04499816894531,33.83000183105469,34.970001220703125,34.970001220703125,94900
2021-08-06,35.22999954223633,36.46500015258789,34.560001373291016,35.959999084472656,35.959999084472656,126500
2021-08-09,36.349998474121094,36.58000183105469,34.65999984741211,34.7599983215332,34.7599983215332,44600
2021-08-10,35.18000030517578,35.18000030517578,33.9900016784668,34.97999954223633,34.97999954223633,66400
2021-08-11,34.970001220703125,35.349998474121094,33.88999938964844,34.68000030517578,34.68000030517578,64100
2021-08-12,34.619998931884766,35.2599983215332,34.16999816894531,34.61000061035156,34.61000061035156,68200
2021-08-13,34.650001525878906,35.73500061035156,34.540000915527344,34.58000183105469,34.58000183105469,58800
2021-08-16,34.2400016784668,34.599998474121094,32.220001220703125,32.849998474121094,32.849998474121094,88800
2021-08-17,32.349998474121094,34.06999969482422,31.31999969482422,31.959999084472656,31.959999084472656,143600
2021-08-18,32.959999084472656,33.029998779296875,31.1299991607666,32.04999923706055,32.04999923706055,68400
2021-08-19,31.479999542236328,32.5,30.290000915527344,30.520000457763672,30.520000457763672,76700
2021-08-20,30.280000686645508,32.59000015258789,30.280000686645508,31.90999984741211,31.90999984741211,93300
2021-08-23,32.189998626708984,33.599998474121094,30.924999237060547,33.41999816894531,33.41999816894531,77600
2021-08-24,33.34000015258789,34.20000076293945,31.920000076293945,33.189998626708984,33.189998626708984,50000
2021-08-25,33.755001068115234,34.77000045776367,33.27000045776367,33.52000045776367,33.52000045776367,42900
2021-08-26,33.369998931884766,34.255001068115234,32.72999954223633,32.939998626708984,32.939998626708984,41600
2021-08-27,33.2599983215332,35.29499816894531,32.91999816894531,34.970001220703125,34.970001220703125,75000
2021-08-30,34.93000030517578,35.2599983215332,33.900001525878906,34.060001373291016,34.060001373291016,54100
2021-08-31,34.209999084472656,34.79499816894531,32.86000061035156,33.63999938964844,33.63999938964844,80700
2021-09-01,33.9900016784668,34.459999084472656,33.16999816894531,33.77000045776367,33.77000045776367,98300
2021-09-02,34.09000015258789,34.38999938964844,33.04999923706055,33.66999816894531,33.66999816894531,141000
2021-09-03,33.40999984741211,33.619998931884766,32.02000045776367,32.83000183105469,32.83000183105469,105100
2021-09-07,32.81999969482422,34.689998626708984,31.959999084472656,33.04999923706055,33.04999923706055,232200
2021-09-08,33.189998626708984,33.189998626708984,31.530000686645508,32.08000183105469,32.08000183105469,259400
2021-09-09,31.950000762939453,33.25,31.079999923706055,31.989999771118164,31.989999771118164,127000
2021-09-10,32.290000915527344,32.290000915527344,31.440000534057617,31.489999771118164,31.489999771118164,96700
2021-09-13,32.0,32.20500183105469,30.540000915527344,30.920000076293945,30.920000076293945,187400
2021-09-14,31.010000228881836,32.6150016784668,31.010000228881836,31.739999771118164,31.739999771118164,60900
2021-09-15,31.81999969482422,32.779998779296875,30.815000534057617,31.190000534057617,31.190000534057617,35100
2021-09-16,31.0,31.885000228881836,30.420000076293945,31.1299991607666,31.1299991607666,56900
2021-09-17,31.31999969482422,31.65999984741211,30.219999313354492,30.729999542236328,30.729999542236328,250500
2021-09-20,30.260000228881836,30.3700008392334,28.700000762939453,29.270000457763672,29.270000457763672,139300
2021-09-21,29.690000534057617,30.690000534057617,28.5,30.25,30.25,449800
2021-09-22,30.25,31.34000015258789,30.059999465942383,30.799999237060547,30.799999237060547,100900
2021-09-23,30.760000228881836,31.06999969482422,30.31999969482422,30.790000915527344,30.790000915527344,66000
2021-09-24,30.3799991607666,34.0,30.010000228881836,33.0,33.0,480800
2021-09-27,35.849998474121094,44.869998931884766,35.44499969482422,43.709999084472656,43.709999084472656,2416800
2021-09-28,41.66999816894531,42.36000061035156,38.45500183105469,41.04999923706055,41.04999923706055,614000
2021-09-29,40.04999923706055,42.93000030517578,39.8489990234375,41.11000061035156,41.11000061035156,220700
2021-09-30,41.290000915527344,41.79999923706055,38.369998931884766,39.560001373291016,39.560001373291016,427900
2021-10-01,39.90999984741211,40.72999954223633,38.529998779296875,39.90999984741211,39.90999984741211,176600
2021-10-04,39.869998931884766,40.38999938964844,39.0099983215332,39.34000015258789,39.34000015258789,187900
2021-10-05,39.72999954223633,41.02000045776367,39.29999923706055,39.83000183105469,39.83000183105469,153200
2021-10-06,39.15999984741211,39.97999954223633,36.86000061035156,37.04999923706055,37.04999923706055,181000
2021-10-07,37.31999969482422,38.41999816894531,36.130001068115234,37.220001220703125,37.220001220703125,118700
2021-10-08,37.16999816894531,37.72999954223633,36.15999984741211,36.95000076293945,36.95000076293945,79300
2021-10-11,37.09000015258789,38.81999969482422,37.0,38.689998626708984,38.689998626708984,66100
2021-10-12,38.52000045776367,39.40999984741211,38.029998779296875,38.75,38.75,118400
2021-10-13,38.65999984741211,38.95000076293945,37.494998931884766,38.209999084472656,38.209999084472656,88700
2021-10-14,38.79999923706055,40.880001068115234,38.79999923706055,39.81999969482422,39.81999969482422,68600
2021-10-15,40.599998474121094,40.599998474121094,38.380001068115234,38.9900016784668,38.9900016784668,86800
2021-10-18,38.459999084472656,38.5,37.0,37.84000015258789,37.84000015258789,149500
2021-10-19,37.72999954223633,38.970001220703125,37.650001525878906,38.099998474121094,38.099998474121094,78600
2021-10-20,37.900001525878906,38.650001525878906,37.13999938964844,38.13999938964844,38.13999938964844,70000
2021-10-21,38.060001373291016,39.119998931884766,37.87699890136719,38.25,38.25,42500
2021-10-22,37.939998626708984,38.97999954223633,37.27000045776367,38.81999969482422,38.81999969482422,53500
2021-10-25,38.93000030517578,40.720001220703125,38.93000030517578,40.380001068115234,40.380001068115234,87100
2021-10-26,40.33000183105469,40.4900016784668,39.689998626708984,39.779998779296875,39.779998779296875,72300
2021-10-27,39.400001525878906,40.41999816894531,38.599998474121094,40.08000183105469,40.08000183105469,57100
2021-10-28,40.15999984741211,42.810001373291016,40.130001068115234,42.220001220703125,42.220001220703125,138600
2021-10-29,41.790000915527344,42.130001068115234,40.470001220703125,41.720001220703125,41.720001220703125,152900
2021-11-01,41.720001220703125,42.9900016784668,40.400001525878906,42.81999969482422,42.81999969482422,138100
2021-11-02,42.66999816894531,44.176998138427734,41.46500015258789,42.369998931884766,42.369998931884766,75500
2021-11-03,42.529998779296875,42.9900016784668,41.130001068115234,41.56999969482422,41.56999969482422,166500
2021-11-04,41.0099983215332,55.540000915527344,40.869998931884766,53.08000183105469,53.08000183105469,467200
2021-11-05,54.060001373291016,57.04999923706055,51.540000915527344,55.709999084472656,55.709999084472656,289700
2021-11-08,55.16999816894531,56.54999923706055,53.349998474121094,56.2400016784668,56.2400016784668,258400
2021-11-09,56.40999984741211,59.47999954223633,54.0099983215332,59.459999084472656,59.459999084472656,168700
2021-11-10,59.209999084472656,60.59000015258789,57.720001220703125,59.40999984741211,59.40999984741211,241000
2021-11-11,59.63999938964844,60.88999938964844,56.83000183105469,59.31999969482422,59.31999969482422,138500
2021-11-12,59.040000915527344,61.939998626708984,58.69499969482422,61.869998931884766,61.869998931884766,156200
2021-11-15,61.9900016784668,62.310001373291016,59.5,61.540000915527344,61.540000915527344,140800
2021-11-16,61.130001068115234,63.22999954223633,61.040000915527344,62.88999938964844,62.88999938964844,133600
2021-11-17,62.56999969482422,63.470001220703125,60.16999816894531,60.560001373291016,60.560001373291016,117600
2021-11-18,60.869998931884766,63.220001220703125,59.224998474121094,61.619998931884766,61.619998931884766,263500
2021-11-19,60.58000183105469,61.619998931884766,58.7400016784668,59.84000015258789,59.84000015258789,106800
2021-11-22,59.33000183105469,61.83000183105469,58.43899917602539,59.65999984741211,59.65999984741211,132400
2021-11-23,59.33000183105469,61.5099983215332,56.560001373291016,58.22999954223633,58.22999954223633,142400
2021-11-24,57.70000076293945,59.415000915527344,56.279998779296875,58.54999923706055,58.54999923706055,89100
2021-11-26,56.810001373291016,58.994998931884766,55.38999938964844,56.099998474121094,56.099998474121094,101200
2021-11-29,57.27000045776367,58.625,54.540000915527344,54.88999938964844,54.88999938964844,119800
2021-11-30,54.650001525878906,56.540000915527344,52.810001373291016,55.790000915527344,55.790000915527344,109900
2021-12-01,57.02000045776367,57.209999084472656,53.040000915527344,53.04999923706055,53.04999923706055,181600
2021-12-02,52.56999969482422,54.75,51.58000183105469,54.2400016784668,54.2400016784668,152000
2021-12-03,54.27000045776367,56.25,53.09000015258789,54.15999984741211,54.15999984741211,237900
2021-12-06,54.34000015258789,55.02000045776367,50.95000076293945,54.25,54.25,237600
2021-12-07,54.720001220703125,58.16999816894531,53.869998931884766,53.959999084472656,53.959999084472656,266800
2021-12-08,54.880001068115234,56.810001373291016,53.400001525878906,55.349998474121094,55.349998474121094,193500
2021-12-09,55.36000061035156,56.72999954223633,52.939998626708984,53.630001068115234,53.630001068115234,103000
2021-12-10,53.880001068115234,55.900001525878906,53.130001068115234,53.81999969482422,53.81999969482422,144800
2021-12-13,53.63999938964844,53.79499816894531,45.959999084472656,49.04999923706055,49.04999923706055,568200
2021-12-14,47.7400016784668,48.22999954223633,45.869998931884766,48.09000015258789,48.09000015258789,153900
2021-12-15,47.40999984741211,52.36000061035156,46.41999816894531,52.25,52.25,210800
2021-12-16,52.66999816894531,52.880001068115234,48.22999954223633,48.779998779296875,48.779998779296875,161800
2021-12-17,48.36000061035156,53.4900016784668,47.810001373291016,51.15999984741211,51.15999984741211,432800
2021-12-20,50.40999984741211,53.13999938964844,48.65999984741211,52.93000030517578,52.93000030517578,137900
2021-12-21,53.58000183105469,55.78499984741211,52.7599983215332,54.560001373291016,54.560001373291016,138000
2021-12-22,54.66999816894531,58.029998779296875,52.91999816894531,55.93000030517578,55.93000030517578,127900
2021-12-23,56.439998626708984,59.720001220703125,54.1510009765625,58.83000183105469,58.83000183105469,350700
2021-12-27,58.66999816894531,59.150001525878906,57.33000183105469,58.689998626708984,58.689998626708984,87500
2021-12-28,58.439998626708984,59.279998779296875,56.66999816894531,56.66999816894531,56.66999816894531,46000
2021-12-29,56.70000076293945,57.31999969482422,55.0,55.779998779296875,55.779998779296875,336000
2021-12-30,55.65999984741211,58.27000045776367,55.65999984741211,56.29999923706055,56.29999923706055,51800
2021-12-31,56.47999954223633,59.88999938964844,56.47999954223633,58.5099983215332,58.5099983215332,91600
2022-01-03,58.61000061035156,59.67499923706055,56.29999923706055,59.36000061035156,59.36000061035156,191300
2022-01-04,59.36000061035156,59.439998626708984,54.650001525878906,58.68000030517578,58.68000030517578,163300
2022-01-05,58.20000076293945,60.41999816894531,56.119998931884766,56.34000015258789,56.34000015258789,141100
2022-01-06,56.189998626708984,58.060001373291016,52.69499969482422,54.68000030517578,54.68000030517578,100200
2022-01-07,54.66999816894531,56.279998779296875,52.470001220703125,52.79999923706055,52.79999923706055,56200
2022-01-10,52.119998931884766,52.86000061035156,49.43000030517578,51.7599983215332,51.7599983215332,91900
2022-01-11,51.900001525878906,54.959999084472656,50.4900016784668,54.599998474121094,54.599998474121094,107900
2022-01-12,55.119998931884766,56.349998474121094,52.880001068115234,53.060001373291016,53.060001373291016,81400
2022-01-13,53.09000015258789,53.18000030517578,49.5629997253418,49.95000076293945,49.95000076293945,76700
2022-01-14,49.08000183105469,51.95000076293945,48.560001373291016,51.779998779296875,51.779998779296875,72900
2022-01-18,50.869998931884766,51.36000061035156,48.02000045776367,48.29999923706055,48.29999923706055,130300
2022-01-19,48.22999954223633,51.0099983215332,47.810001373291016,47.91999816894531,47.91999816894531,74000
2022-01-20,48.54999923706055,50.9900016784668,47.02000045776367,47.22999954223633,47.22999954223633,88200
2022-01-21,46.5099983215332,48.68000030517578,46.16999816894531,46.29999923706055,46.29999923706055,131500
2022-01-24,45.40999984741211,48.209999084472656,43.0,47.9900016784668,47.9900016784668,418000
2022-01-25,47.060001373291016,49.09000015258789,43.93000030517578,47.29999923706055,47.29999923706055,143600
2022-01-26,48.5099983215332,50.15999984741211,45.599998474121094,46.380001068115234,46.380001068115234,133000
2022-01-27,47.34000015258789,49.459999084472656,41.84000015258789,42.33000183105469,42.33000183105469,117600
2022-01-28,42.119998931884766,43.900001525878906,39.75,42.119998931884766,42.119998931884766,172600
2022-01-31,41.619998931884766,46.630001068115234,41.150001525878906,46.369998931884766,46.369998931884766,144500
2022-02-01,46.400001525878906,49.5099983215332,45.15999984741211,49.34000015258789,49.34000015258789,119800
2022-02-02,49.45000076293945,49.790000915527344,45.97999954223633,46.810001373291016,46.810001373291016,120300
2022-02-03,45.70000076293945,46.97999954223633,43.099998474121094,43.41999816894531,43.41999816894531,92700
2022-02-04,43.5,47.97999954223633,42.31999969482422,47.650001525878906,47.650001525878906,150800
2022-02-07,47.599998474121094,52.029998779296875,47.599998474121094,51.349998474121094,51.349998474121094,110500
2022-02-08,50.84000015258789,52.099998474121094,50.18000030517578,51.70000076293945,51.70000076293945,66900
2022-02-09,52.689998626708984,54.93000030517578,51.619998931884766,54.15999984741211,54.15999984741211,112200
2022-02-10,52.720001220703125,55.790000915527344,51.70000076293945,52.540000915527344,52.540000915527344,109800
2022-02-11,52.7400016784668,53.4900016784668,50.86000061035156,51.4900016784668,51.4900016784668,90900
2022-02-14,52.189998626708984,52.77000045776367,50.97999954223633,51.970001220703125,51.970001220703125,86400
2022-02-15,53.20000076293945,55.459999084472656,52.27000045776367,55.25,55.25,75800
2022-02-16,54.540000915527344,55.7400016784668,53.380001068115234,54.81999969482422,54.81999969482422,42500
2022-02-17,54.2599983215332,55.47999954223633,51.90999984741211,52.060001373291016,52.060001373291016,79100
2022-02-18,51.83000183105469,53.060001373291016,50.880001068115234,52.09000015258789,52.09000015258789,100900
2022-02-22,51.849998474121094,53.400001525878906,51.77000045776367,51.880001068115234,51.880001068115234,117500
2022-02-23,52.65999984741211,52.65999984741211,46.61000061035156,46.900001525878906,46.900001525878906,246200
2022-02-24,45.61000061035156,51.4900016784668,45.279998779296875,51.470001220703125,51.470001220703125,171300
2022-02-25,52.150001525878906,54.45000076293945,51.939998626708984,53.290000915527344,53.290000915527344,81700
2022-02-28,52.7400016784668,55.31999969482422,51.619998931884766,53.70000076293945,53.70000076293945,80800
2022-03-01,53.40999984741211,55.92599868774414,53.22999954223633,53.529998779296875,53.529998779296875,121100
2022-03-02,54.43000030517578,54.65999984741211,51.63999938964844,51.97999954223633,51.97999954223633,66800
2022-03-03,52.54999923706055,53.529998779296875,48.400001525878906,49.84000015258789,49.84000015258789,91500
2022-03-04,49.38999938964844,50.349998474121094,48.66999816894531,49.099998474121094,49.099998474121094,67300
2022-03-07,49.06999969482422,50.650001525878906,48.13999938964844,50.08000183105469,50.08000183105469,77500
2022-03-08,50.540000915527344,52.064998626708984,48.27000045776367,50.08000183105469,50.08000183105469,98700
2022-03-09,51.27000045776367,55.27000045776367,51.27000045776367,53.959999084472656,53.959999084472656,139200
2022-03-10,53.13999938964844,55.349998474121094,52.599998474121094,54.41999816894531,54.41999816894531,201300
2022-03-11,55.130001068115234,55.900001525878906,51.400001525878906,51.75,51.75,133200
2022-03-14,51.38999938964844,51.72999954223633,47.76499938964844,48.33000183105469,48.33000183105469,142700
2022-03-15,48.810001373291016,51.16999816894531,48.025001525878906,50.849998474121094,50.849998474121094,96800
2022-03-16,51.7400016784668,53.810001373291016,50.51499938964844,53.709999084472656,53.709999084472656,151600
2022-03-17,53.529998779296875,54.5099983215332,52.959999084472656,54.400001525878906,54.400001525878906,144300
2022-03-18,54.2400016784668,56.095001220703125,53.779998779296875,54.77000045776367,54.77000045776367,388700
2022-03-21,54.619998931884766,54.75,50.5099983215332,50.849998474121094,50.849998474121094,90800
2022-03-22,51.58000183105469,54.02000045776367,51.16999816894531,53.86000061035156,53.86000061035156,146000
2022-03-23,52.90999984741211,55.59000015258789,52.72999954223633,53.20000076293945,53.20000076293945,127600
2022-03-24,54.0099983215332,54.11000061035156,52.41999816894531,53.97999954223633,53.97999954223633,117400
2022-03-25,53.9900016784668,53.9900016784668,50.33000183105469,51.099998474121094,51.099998474121094,93800
2022-03-28,50.75,52.689998626708984,50.2400016784668,52.5099983215332,52.5099983215332,123900
2022-03-29,53.43000030517578,56.54999923706055,53.43000030517578,55.09000015258789,55.09000015258789,103200
2022-03-30,54.54999923706055,55.86000061035156,53.45000076293945,53.65999984741211,53.65999984741211,66000
2022-03-31,54.209999084472656,55.52000045776367,53.5,54.380001068115234,54.380001068115234,61100
2022-04-01,54.34000015258789,59.540000915527344,54.34000015258789,59.45000076293945,59.45000076293945,226400
2022-04-04,59.709999084472656,64.12000274658203,59.689998626708984,63.04999923706055,63.04999923706055,172700
2022-04-05,63.060001373291016,65.0,62.2400016784668,63.27000045776367,63.27000045776367,232500
2022-04-06,62.959999084472656,68.03500366210938,61.474998474121094,66.3499984741211,66.3499984741211,168500
2022-04-07,66.98999786376953,68.29000091552734,65.98500061035156,67.04000091552734,67.04000091552734,104800
2022-04-08,67.37000274658203,67.37000274658203,64.41999816894531,65.05000305175781,65.05000305175781,138400
2022-04-11,64.0199966430664,64.87000274658203,61.0,62.38999938964844,62.38999938964844,230900
2022-04-12,63.959999084472656,65.43000030517578,61.959999084472656,62.720001220703125,62.720001220703125,69000
2022-04-13,63.720001220703125,66.58000183105469,63.720001220703125,65.66999816894531,65.66999816894531,85500
2022-04-14,65.70999908447266,65.70999908447266,63.665000915527344,64.62999725341797,64.62999725341797,76200
2022-04-18,64.80999755859375,64.80999755859375,61.22999954223633,61.97999954223633,61.97999954223633,79700
2022-04-19,61.900001525878906,64.6449966430664,61.0,63.279998779296875,63.279998779296875,69300
2022-04-20,63.709999084472656,64.29000091552734,61.310001373291016,62.4900016784668,62.4900016784668,71200
2022-04-21,63.58000183105469,64.30000305175781,58.98500061035156,59.33000183105469,59.33000183105469,96500
2022-04-22,59.060001373291016,60.83000183105469,58.7400016784668,59.0,59.0,93800
2022-04-25,58.5,61.099998474121094,56.994998931884766,58.709999084472656,58.709999084472656,87700
2022-04-26,58.439998626708984,59.21500015258789,52.7599983215332,53.0,53.0,130900
2022-04-27,52.68000030517578,53.61000061035156,50.90999984741211,52.439998626708984,52.439998626708984,143600
2022-04-28,53.58000183105469,54.5,50.2599983215332,53.630001068115234,53.630001068115234,99400
2022-04-29,53.290000915527344,55.654998779296875,52.599998474121094,53.0099983215332,53.0099983215332,100000
2022-05-02,52.58000183105469,56.13999938964844,52.38999938964844,55.560001373291016,55.560001373291016,162300
2022-05-03,55.529998779296875,55.77000045776367,53.20000076293945,54.310001373291016,54.310001373291016,165700
2022-05-04,54.560001373291016,55.564998626708984,49.18000030517578,54.41999816894531,54.41999816894531,175600
2022-05-05,52.029998779296875,53.279998779296875,48.880001068115234,50.4900016784668,50.4900016784668,152600
2022-05-06,49.310001373291016,49.849998474121094,46.76499938964844,47.595001220703125,47.595001220703125,109400
2022-05-09,46.84000015258789,47.790000915527344,43.0,43.52000045776367,43.52000045776367,159500
2022-05-10,46.11000061035156,47.709999084472656,44.470001220703125,45.9900016784668,45.9900016784668,196300
2022-05-11,45.459999084472656,45.459999084472656,40.880001068115234,41.97999954223633,41.97999954223633,354500
2022-05-12,41.33000183105469,44.70000076293945,41.029998779296875,41.4900016784668,41.4900016784668,234700
2022-05-13,43.15999984741211,44.939998626708984,43.15999984741211,43.9900016784668,43.9900016784668,117000
2022-05-16,43.52000045776367,45.81999969482422,42.97999954223633,44.06999969482422,44.06999969482422,71000
2022-05-17,45.470001220703125,46.45000076293945,45.2599983215332,46.13999938964844,46.13999938964844,138400
2022-05-18,44.2599983215332,44.310001373291016,35.32500076293945,38.5,38.5,1025100
2022-05-19,38.4900016784668,39.42399978637695,35.8849983215332,36.130001068115234,36.130001068115234,152400
2022-05-20,36.939998626708984,38.25,35.52000045776367,36.869998931884766,36.869998931884766,199600
2022-05-23,37.63999938964844,37.76499938964844,36.119998931884766,36.369998931884766,36.369998931884766,131800
2022-05-24,35.40999984741211,35.6349983215332,32.93000030517578,35.060001373291016,35.060001373291016,232900
2022-05-25,35.04999923706055,35.540000915527344,33.650001525878906,33.959999084472656,33.959999084472656,95900
2022-05-26,34.029998779296875,34.95000076293945,32.75,33.41999816894531,33.41999816894531,222200
2022-05-27,33.68000030517578,35.61000061035156,32.66999816894531,35.150001525878906,35.150001525878906,214300
2022-05-31,35.09000015258789,35.43000030517578,32.97999954223633,33.79999923706055,33.79999923706055,326700
2022-06-01,34.16999816894531,35.0,31.81999969482422,32.95000076293945,32.95000076293945,373800
2022-06-02,32.95000076293945,34.310001373291016,32.7599983215332,33.7400016784668,33.7400016784668,295800
2022-06-03,33.540000915527344,36.29999923706055,33.540000915527344,34.58000183105469,34.58000183105469,256500
2022-06-06,35.47999954223633,35.47999954223633,31.969999313354492,32.33000183105469,32.33000183105469,198300
2022-06-07,32.06999969482422,33.189998626708984,32.06999969482422,32.400001525878906,32.400001525878906,271900
2022-06-08,32.099998474121094,33.16999816894531,31.395000457763672,32.119998931884766,32.119998931884766,187900
2022-06-09,31.520000457763672,32.310001373291016,30.75,30.84000015258789,30.84000015258789,110000
2022-06-10,30.200000762939453,30.75,27.780000686645508,29.06999969482422,29.06999969482422,319200
2022-06-13,28.049999237060547,28.770000457763672,27.1299991607666,27.56999969482422,27.56999969482422,314400
2022-06-14,27.84000015258789,28.440000534057617,26.729999542236328,27.34000015258789,27.34000015258789,175000
2022-06-15,27.600000381469727,29.3799991607666,27.450000762939453,28.25,28.25,227500
2022-06-16,27.049999237060547,28.709999084472656,27.049999237060547,28.6299991607666,28.6299991607666,144900
2022-06-17,28.110000610351562,29.5,27.270000457763672,27.479999542236328,27.479999542236328,647500
2022-06-21,28.079999923706055,29.34000015258789,27.59000015258789,27.75,27.75,329400
2022-06-22,27.31999969482422,28.325000762939453,26.309999465942383,26.440000534057617,26.440000534057617,395700
2022-06-23,26.979999542236328,27.450000762939453,24.3799991607666,26.770000457763672,26.770000457763672,452400
2022-06-24,27.1299991607666,28.639999389648438,26.700000762939453,28.559999465942383,28.559999465942383,584700
2022-06-27,28.639999389648438,28.729999542236328,27.15999984741211,27.3700008392334,27.3700008392334,174800
2022-06-28,27.280000686645508,27.5,25.299999237060547,26.030000686645508,26.030000686645508,268400
2022-06-29,26.149999618530273,27.559999465942383,25.690000534057617,27.18000030517578,27.18000030517578,283600
2022-06-30,26.59000015258789,28.03499984741211,26.110000610351562,27.6299991607666,27.6299991607666,250600
2022-07-01,27.510000228881836,28.360000610351562,27.149999618530273,28.09000015258789,28.09000015258789,303400
2022-07-05,27.790000915527344,29.020000457763672,27.530000686645508,28.860000610351562,28.860000610351562,228100
2022-07-06,29.010000228881836,30.049999237060547,28.43000030517578,28.5,28.5,174900
2022-07-07,28.540000915527344,30.219999313354492,28.540000915527344,29.389999389648438,29.389999389648438,199000
2022-07-08,29.15999984741211,29.549999237060547,28.729999542236328,29.020000457763672,29.020000457763672,133800
2022-07-11,29.0,29.0,27.579999923706055,28.010000228881836,28.010000228881836,194400
2022-07-12,28.110000610351562,29.25,26.334999084472656,28.940000534057617,28.940000534057617,139400
2022-07-13,28.34000015258789,30.0,28.34000015258789,29.899999618530273,29.899999618530273,126800
2022-07-14,29.559999465942383,29.950000762939453,28.920000076293945,29.719999313354492,29.719999313354492,120800
2022-07-15,30.34000015258789,30.610000610351562,28.905000686645508,30.56999969482422,30.56999969482422,155800
2022-07-18,30.8700008392334,31.329999923706055,27.56999969482422,27.799999237060547,27.799999237060547,141700
2022-07-19,28.079999923706055,30.1200008392334,27.81999969482422,28.940000534057617,28.940000534057617,122500
2022-07-20,28.81999969482422,32.6150016784668,28.81999969482422,30.649999618530273,30.649999618530273,596400
2022-07-21,30.549999237060547,31.53499984741211,29.360000610351562,30.149999618530273,30.149999618530273,424400
2022-07-22,30.270000457763672,30.600000381469727,28.329999923706055,28.559999465942383,28.559999465942383,129200
2022-07-25,28.81999969482422,30.3799991607666,27.65999984741211,28.530000686645508,28.530000686645508,79700
2022-07-26,29.920000076293945,32.79499816894531,28.0,31.790000915527344,31.790000915527344,264500
2022-07-27,32.13999938964844,34.310001373291016,31.399999618530273,33.84000015258789,33.84000015258789,225300
2022-07-28,34.0,34.0,32.494998931884766,33.38999938964844,33.38999938964844,129100
2022-07-29,33.029998779296875,33.029998779296875,30.104999542236328,32.08000183105469,32.08000183105469,175900
2022-08-01,31.969999313354492,32.441001892089844,29.579999923706055,29.799999237060547,29.799999237060547,260400
2022-08-02,29.3700008392334,31.56999969482422,29.329999923706055,31.040000915527344,31.040000915527344,186900
2022-08-03,31.90999984741211,34.65999984741211,31.600000381469727,32.560001373291016,32.560001373291016,204500
2022-08-04,33.16999816894531,33.75,31.850000381469727,33.119998931884766,33.119998931884766,319000
2022-08-05,32.18000030517578,38.90999984741211,32.18000030517578,37.349998474121094,37.349998474121094,212900
2022-08-08,37.529998779296875,39.47999954223633,35.310001373291016,36.619998931884766,36.619998931884766,174600
2022-08-09,35.88999938964844,37.84000015258789,35.08000183105469,36.970001220703125,36.970001220703125,377500
2022-08-10,38.0,40.0,37.41999816894531,39.689998626708984,39.689998626708984,183400
2022-08-11,39.65999984741211,40.33000183105469,37.31999969482422,37.75,37.75,355900
2022-08-12,38.189998626708984,39.70000076293945,37.779998779296875,39.43000030517578,39.43000030517578,121000
2022-08-15,38.86000061035156,40.54999923706055,37.494998931884766,40.119998931884766,40.119998931884766,123600
2022-08-16,39.939998626708984,40.61000061035156,38.900001525878906,39.869998931884766,39.869998931884766,213300
2022-08-17,39.220001220703125,39.810001373291016,37.625,37.790000915527344,37.790000915527344,160400
2022-08-18,37.83000183105469,38.47999954223633,36.849998474121094,37.880001068115234,37.880001068115234,158100
2022-08-19,37.04999923706055,37.43000030517578,35.84000015258789,36.27000045776367,36.27000045776367,111600
2022-08-22,35.75,36.41999816894531,34.70000076293945,35.959999084472656,35.959999084472656,186500
2022-08-23,36.099998474121094,38.04999923706055,35.70000076293945,37.16999816894531,37.16999816894531,119200
2022-08-24,37.15999984741211,39.45000076293945,36.34000015258789,39.09000015258789,39.09000015258789,99300
2022-08-25,39.52000045776367,39.959999084472656,37.599998474121094,39.540000915527344,39.540000915527344,131300
2022-08-26,39.79999923706055,39.79999923706055,36.029998779296875,36.349998474121094,36.349998474121094,150900
2022-08-29,35.810001373291016,37.84000015258789,35.810001373291016,36.650001525878906,36.650001525878906,109500
2022-08-30,36.810001373291016,37.79999923706055,33.11000061035156,35.380001068115234,35.380001068115234,241200
2022-08-31,35.88999938964844,37.5099983215332,34.83000183105469,35.369998931884766,35.369998931884766,126700
2022-09-01,35.150001525878906,36.790000915527344,33.59000015258789,36.630001068115234,36.630001068115234,93700
2022-09-02,36.880001068115234,38.650001525878906,34.9900016784668,36.02000045776367,36.02000045776367,164100
2022-09-06,36.13999938964844,37.27000045776367,35.16999816894531,36.04999923706055,36.04999923706055,194100
2022-09-07,35.79999923706055,38.23500061035156,35.59000015258789,37.83000183105469,37.83000183105469,157600
2022-09-08,37.16999816894531,39.970001220703125,36.9900016784668,38.470001220703125,38.470001220703125,196500
2022-09-09,38.709999084472656,39.709999084472656,37.72999954223633,38.970001220703125,38.970001220703125,226300
2022-09-12,40.20000076293945,41.13999938964844,39.150001525878906,39.84000015258789,39.84000015258789,230200
2022-09-13,39.33000183105469,40.0,38.84000015258789,39.400001525878906,39.400001525878906,213700
2022-09-14,39.400001525878906,42.150001525878906,38.72999954223633,39.849998474121094,39.849998474121094,354200
2022-09-15,39.77000045776367,41.0,38.68000030517578,39.70000076293945,39.70000076293945,177500
2022-09-16,38.81999969482422,39.20500183105469,36.540000915527344,36.7599983215332,36.7599983215332,445100
2022-09-19,36.15999984741211,37.83000183105469,36.119998931884766,37.150001525878906,37.150001525878906,204800
2022-09-20,36.880001068115234,37.89500045776367,35.439998626708984,36.869998931884766,36.869998931884766,140400
2022-09-21,37.06999969482422,37.34000015258789,35.400001525878906,35.5099983215332,35.5099983215332,127600
2022-09-22,35.290000915527344,35.72999954223633,34.40999984741211,35.08000183105469,35.08000183105469,164300
2022-09-23,34.65999984741211,35.20000076293945,33.689998626708984,35.040000915527344,35.040000915527344,141700
2022-09-26,34.97999954223633,35.79999923706055,34.2599983215332,34.70000076293945,34.70000076293945,101200
2022-09-27,35.349998474121094,36.0,34.60499954223633,35.33000183105469,35.33000183105469,170000
2022-09-28,35.720001220703125,37.279998779296875,35.459999084472656,36.650001525878906,36.650001525878906,183300
2022-09-29,36.25,36.935001373291016,35.310001373291016,36.310001373291016,36.310001373291016,228000
2022-09-30,36.20000076293945,38.90999984741211,35.680999755859375,37.619998931884766,37.619998931884766,171700
2022-10-03,38.43000030517578,39.58000183105469,37.400001525878906,39.45000076293945,39.45000076293945,261400
2022-10-04,40.15999984741211,40.915000915527344,39.564998626708984,40.599998474121094,40.599998474121094,195300
2022-10-05,40.060001373291016,40.59000015258789,38.81999969482422,40.040000915527344,40.040000915527344,163500
2022-10-06,40.060001373291016,41.27000045776367,39.72999954223633,40.56999969482422,40.56999969482422,208300
2022-10-07,39.72999954223633,40.5,39.5,39.869998931884766,39.869998931884766,214800
2022-10-10,40.65999984741211,43.58000183105469,40.65999984741211,42.290000915527344,42.290000915527344,775500
2022-10-11,42.130001068115234,43.65999984741211,41.25,42.34000015258789,42.34000015258789,505000
2022-10-12,42.150001525878906,46.68000030517578,42.04499816894531,45.029998779296875,45.029998779296875,764900
2022-10-13,43.68000030517578,46.2400016784668,43.36000061035156,45.880001068115234,45.880001068115234,306600
2022-10-14,46.15999984741211,47.060001373291016,43.2599983215332,43.93000030517578,43.93000030517578,621400
2022-10-17,44.43000030517578,46.540000915527344,43.33000183105469,46.25,46.25,242700
2022-10-18,48.0,48.0,45.13999938964844,45.66999816894531,45.66999816894531,165900
2022-10-19,45.5,46.15999984741211,43.58000183105469,43.86000061035156,43.86000061035156,162900
2022-10-20,43.900001525878906,45.540000915527344,43.59000015258789,43.90999984741211,43.90999984741211,100700
2022-10-21,44.310001373291016,45.255001068115234,43.58000183105469,44.959999084472656,44.959999084472656,160800
2022-10-24,44.88999938964844,45.0,42.90999984741211,43.689998626708984,43.689998626708984,109200
2022-10-25,43.7400016784668,45.7400016784668,43.220001220703125,45.349998474121094,45.349998474121094,291200
2022-10-26,45.150001525878906,46.86000061035156,45.150001525878906,46.79999923706055,46.79999923706055,229700
2022-10-27,47.220001220703125,48.380001068115234,46.7599983215332,47.95000076293945,47.95000076293945,170400
2022-10-28,48.040000915527344,51.20000076293945,46.654998779296875,50.810001373291016,50.810001373291016,271800
2022-10-31,50.279998779296875,51.560001373291016,50.0099983215332,50.34000015258789,50.34000015258789,130300
2022-11-01,50.650001525878906,51.56999969482422,49.779998779296875,50.689998626708984,50.689998626708984,136100
2022-11-02,50.2599983215332,52.40999984741211,49.38999938964844,49.619998931884766,49.619998931884766,209500
2022-11-03,49.04999923706055,50.869998931884766,48.09000015258789,50.459999084472656,50.459999084472656,207200
2022-11-04,51.61000061035156,51.61000061035156,47.48500061035156,48.63999938964844,48.63999938964844,190600
2022-11-07,48.900001525878906,49.16999816894531,45.709999084472656,46.349998474121094,46.349998474121094,282400
2022-11-08,46.63999938964844,47.64500045776367,43.34000015258789,45.04999923706055,45.04999923706055,321800
2022-11-09,44.880001068115234,44.880001068115234,42.349998474121094,42.470001220703125,42.470001220703125,312500
2022-11-10,44.61000061035156,48.029998779296875,43.81999969482422,47.790000915527344,47.790000915527344,321100
2022-11-11,47.54999923706055,49.35499954223633,45.58000183105469,46.08000183105469,46.08000183105469,186300
2022-11-14,45.75,45.75,43.66999816894531,44.18000030517578,44.18000030517578,162500
2022-11-15,44.65999984741211,45.4900016784668,43.994998931884766,44.7599983215332,44.7599983215332,185300
2022-11-16,44.439998626708984,46.01499938964844,42.939998626708984,43.84000015258789,43.84000015258789,288500
2022-11-17,43.380001068115234,44.880001068115234,42.51499938964844,44.5,44.5,157800
2022-11-18,45.5,46.66999816894531,43.95500183105469,46.290000915527344,46.290000915527344,136300
2022-11-21,46.290000915527344,46.939998626708984,45.470001220703125,46.38999938964844,46.38999938964844,112700
2022-11-22,46.79999923706055,49.0099983215332,46.150001525878906,48.61000061035156,48.61000061035156,218700
2022-11-23,48.33000183105469,49.560001373291016,48.095001220703125,48.7400016784668,48.7400016784668,156500
2022-11-25,48.5,49.2599983215332,48.46500015258789,48.709999084472656,48.709999084472656,51400
2022-11-28,48.290000915527344,50.220001220703125,47.540000915527344,47.81999969482422,47.81999969482422,229100
2022-11-29,47.790000915527344,48.78499984741211,43.224998474121094,47.56999969482422,47.56999969482422,87500
2022-11-30,47.90999984741211,50.06999969482422,47.90999984741211,49.84000015258789,49.84000015258789,246700
2022-12-01,50.2599983215332,50.334999084472656,48.45000076293945,50.09000015258789,50.09000015258789,157200
2022-12-02,49.45000076293945,51.77000045776367,47.880001068115234,51.189998626708984,51.189998626708984,213200
2022-12-05,51.0,51.5099983215332,48.93000030517578,50.0,50.0,171600
2022-12-06,49.689998626708984,50.439998626708984,48.599998474121094,49.43000030517578,49.43000030517578,96800
2022-12-07,49.33000183105469,49.83000183105469,47.97999954223633,49.060001373291016,49.060001373291016,192400
2022-12-08,49.189998626708984,50.54999923706055,49.189998626708984,50.400001525878906,50.400001525878906,125000
2022-12-09,50.310001373291016,50.7400016784668,49.0,49.709999084472656,49.709999084472656,133000
2022-12-12,49.439998626708984,50.07500076293945,46.970001220703125,47.31999969482422,47.31999969482422,246600
2022-12-13,50.13999938964844,52.66999816894531,48.4640007019043,51.77000045776367,51.77000045776367,493600
2022-12-14,51.38999938964844,52.779998779296875,49.16999816894531,50.2400016784668,50.2400016784668,307500
2022-12-15,49.66999816894531,50.36000061035156,48.869998931884766,49.68000030517578,49.68000030517578,157200
2022-12-16,49.209999084472656,50.11000061035156,48.630001068115234,49.04999923706055,49.04999923706055,398300
2022-12-19,48.7599983215332,48.7599983215332,46.619998931884766,46.939998626708984,46.939998626708984,132400
2022-12-20,46.459999084472656,48.56999969482422,46.459999084472656,48.29999923706055,48.29999923706055,141500
2022-12-21,48.849998474121094,50.04999923706055,47.665000915527344,49.119998931884766,49.119998931884766,103000
2022-12-22,48.560001373291016,49.310001373291016,47.21500015258789,48.65999984741211,48.65999984741211,101200
2022-12-23,48.27000045776367,48.27000045776367,46.189998626708984,46.689998626708984,46.689998626708984,68200
2022-12-27,46.790000915527344,46.994998931884766,44.1150016784668,44.5099983215332,44.5099983215332,107600
2022-12-28,44.560001373291016,47.45000076293945,43.96500015258789,46.68000030517578,46.68000030517578,176000
2022-12-29,47.099998474121094,48.790000915527344,46.03499984741211,48.0099983215332,48.0099983215332,149200
2022-12-30,47.529998779296875,48.290000915527344,44.58000183105469,48.02000045776367,48.02000045776367,169400
2023-01-03,48.400001525878906,49.0,44.5,45.970001220703125,45.970001220703125,145700
2023-01-04,45.97999954223633,46.25,45.0,45.45000076293945,45.45000076293945,165800
2023-01-05,44.83000183105469,46.619998931884766,44.83000183105469,45.7400016784668,45.7400016784668,163000
2023-01-06,45.97999954223633,48.08000183105469,45.459999084472656,47.68000030517578,47.68000030517578,139200
2023-01-09,47.900001525878906,48.689998626708984,45.5,46.38999938964844,46.38999938964844,137500
2023-01-10,46.619998931884766,49.689998626708984,46.619998931884766,49.18000030517578,49.18000030517578,207900
2023-01-11,48.83000183105469,50.66999816894531,47.43000030517578,48.22999954223633,48.22999954223633,219300
2023-01-12,48.31999969482422,49.0,47.39500045776367,48.7400016784668,48.7400016784668,180900
2023-01-13,47.95000076293945,49.959999084472656,47.650001525878906,49.15999984741211,49.15999984741211,160500
2023-01-17,47.61000061035156,50.08000183105469,47.2599983215332,49.86000061035156,49.86000061035156,252500
2023-01-18,50.18000030517578,50.869998931884766,48.13999938964844,49.18000030517578,49.18000030517578,148200
2023-01-19,49.34000015258789,50.54999923706055,48.43000030517578,49.90999984741211,49.90999984741211,104500
2023-01-20,50.33000183105469,50.75,48.45000076293945,50.54999923706055,50.54999923706055,160300
2023-01-23,50.709999084472656,53.0,50.54999923706055,51.349998474121094,51.349998474121094,265100
2023-01-24,51.130001068115234,55.70000076293945,51.130001068115234,55.29999923706055,55.29999923706055,250600
2023-01-25,55.220001220703125,58.0,54.310001373291016,57.83000183105469,57.83000183105469,468800
2023-01-26,58.310001373291016,58.939998626708984,57.04499816894531,57.83000183105469,57.83000183105469,412500
2023-01-27,57.599998474121094,59.529998779296875,57.5099983215332,58.02000045776367,58.02000045776367,193200
2023-01-30,57.59000015258789,59.150001525878906,57.130001068115234,58.540000915527344,58.540000915527344,206000
2023-01-31,58.43000030517578,59.380001068115234,57.68000030517578,58.56999969482422,58.56999969482422,155400
2023-02-01,58.650001525878906,59.619998931884766,57.33000183105469,58.27000045776367,58.27000045776367,154800
2023-02-02,58.900001525878906,58.900001525878906,56.72999954223633,57.900001525878906,57.900001525878906,122200
2023-02-03,56.86000061035156,58.53499984741211,56.810001373291016,57.43000030517578,57.43000030517578,452200
2023-02-06,57.099998474121094,59.0,55.70000076293945,56.209999084472656,56.209999084472656,183800
2023-02-07,56.36000061035156,56.36000061035156,53.959999084472656,55.970001220703125,55.970001220703125,145900
2023-02-08,55.630001068115234,56.16999816894531,53.70000076293945,54.0,54.0,153700
2023-02-09,54.15999984741211,55.36000061035156,52.869998931884766,53.209999084472656,53.209999084472656,158900
2023-02-10,53.09000015258789,53.959999084472656,52.7599983215332,53.529998779296875,53.529998779296875,131900
2023-02-13,53.61000061035156,53.810001373291016,52.42300033569336,53.02000045776367,53.02000045776367,124900
2023-02-14,53.52000045776367,57.029998779296875,53.52000045776367,56.79999923706055,56.79999923706055,179300
2023-02-15,56.33000183105469,56.810001373291016,55.18000030517578,56.7400016784668,56.7400016784668,305700
2023-02-16,55.970001220703125,56.119998931884766,54.150001525878906,54.380001068115234,54.380001068115234,163300
2023-02-17,54.650001525878906,55.58000183105469,54.15999984741211,54.9900016784668,54.9900016784668,104100
2023-02-21,54.15999984741211,54.61000061035156,51.400001525878906,53.61000061035156,53.61000061035156,166400
2023-02-22,53.869998931884766,54.209999084472656,52.97999954223633,54.02000045776367,54.02000045776367,94600
2023-02-23,54.220001220703125,54.58000183105469,53.2400016784668,54.060001373291016,54.060001373291016,94200
2023-02-24,53.33000183105469,53.56999969482422,52.63999938964844,53.20000076293945,53.20000076293945,83500
2023-02-27,53.709999084472656,54.209999084472656,53.01300048828125,53.349998474121094,53.349998474121094,74400
2023-02-28,53.18000030517578,54.5,52.58000183105469,53.220001220703125,53.220001220703125,269900
2023-03-01,53.369998931884766,55.0099983215332,53.13999938964844,54.7599983215332,54.7599983215332,236600
2023-03-02,54.59000015258789,56.56999969482422,54.59000015258789,55.75,55.75,134700
2023-03-03,56.06999969482422,59.959999084472656,55.560001373291016,59.31999969482422,59.31999969482422,316700
2023-03-06,58.630001068115234,59.130001068115234,51.81999969482422,52.20000076293945,52.20000076293945,828300
2023-03-07,52.310001373291016,53.04999923706055,49.64500045776367,51.08000183105469,51.08000183105469,290400
2023-03-08,50.849998474121094,54.025001525878906,50.0,53.75,53.75,967600
2023-03-09,54.119998931884766,54.119998931884766,47.79999923706055,48.33000183105469,48.33000183105469,380200
2023-03-10,48.130001068115234,48.2400016784668,42.290000915527344,44.27000045776367,44.27000045776367,742400
2023-03-13,43.65999984741211,47.369998931884766,43.65999984741211,44.93000030517578,44.93000030517578,204700
2023-03-14,45.7400016784668,48.209999084472656,44.709999084472656,45.13999938964844,45.13999938964844,278400
2023-03-15,44.189998626708984,45.1349983215332,43.15999984741211,43.540000915527344,43.540000915527344,154400
2023-03-16,42.88999938964844,44.20000076293945,41.52000045776367,43.61000061035156,43.61000061035156,120000
2023-03-17,43.38999938964844,43.689998626708984,41.36000061035156,42.58000183105469,42.58000183105469,283000
2023-03-20,42.81999969482422,43.38999938964844,41.85499954223633,43.369998931884766,43.369998931884766,101800
2023-03-21,44.119998931884766,44.939998626708984,43.20000076293945,44.040000915527344,44.040000915527344,205200
2023-03-22,43.810001373291016,45.369998931884766,42.27000045776367,42.31999969482422,42.31999969482422,150000
2023-03-23,42.959999084472656,43.4900016784668,40.91999816894531,41.970001220703125,41.970001220703125,145500
2023-03-24,41.63999938964844,42.27000045776367,40.060001373291016,41.439998626708984,41.439998626708984,269300
2023-03-27,41.91999816894531,42.7400016784668,40.5099983215332,41.72999954223633,41.72999954223633,190700
2023-03-28,41.540000915527344,44.540000915527344,39.97999954223633,41.560001373291016,41.560001373291016,97600
2023-03-29,42.099998474121094,44.314998626708984,42.099998474121094,43.4900016784668,43.4900016784668,165000
2023-03-30,43.779998779296875,43.95000076293945,40.779998779296875,42.130001068115234,42.130001068115234,186700
2023-03-31,42.540000915527344,43.29999923706055,40.40999984741211,42.70000076293945,42.70000076293945,171700
2023-04-03,42.9900016784668,44.04999923706055,42.0099983215332,43.08000183105469,43.08000183105469,123700
2023-04-04,43.34000015258789,43.40599822998047,41.16999816894531,41.939998626708984,41.939998626708984,127900
2023-04-05,41.7599983215332,42.349998474121094,39.58000183105469,39.790000915527344,39.790000915527344,235500
2023-04-06,39.79999923706055,40.665000915527344,38.78499984741211,40.13999938964844,40.13999938964844,310600
2023-04-10,39.90999984741211,40.040000915527344,37.70000076293945,38.400001525878906,38.400001525878906,201800
2023-04-11,38.400001525878906,39.150001525878906,37.5,37.58000183105469,37.58000183105469,128600
2023-04-12,37.849998474121094,38.63999938964844,37.11000061035156,37.2599983215332,37.2599983215332,107100
2023-04-13,37.720001220703125,40.790000915527344,37.720001220703125,39.65999984741211,39.65999984741211,172500
2023-04-14,39.349998474121094,40.040000915527344,38.529998779296875,38.790000915527344,38.790000915527344,257500
2023-04-17,39.18000030517578,41.255001068115234,38.84000015258789,40.84000015258789,40.84000015258789,138400
2023-04-18,41.130001068115234,41.869998931884766,40.220001220703125,41.75,41.75,97400
2023-04-19,41.61000061035156,43.86000061035156,41.51499938964844,43.0,43.0,97100
2023-04-20,42.52000045776367,45.35499954223633,42.224998474121094,45.119998931884766,45.119998931884766,252600
2023-04-21,44.9900016784668,47.029998779296875,44.720001220703125,45.2599983215332,45.2599983215332,168000
2023-04-24,44.900001525878906,45.31999969482422,43.279998779296875,44.18000030517578,44.18000030517578,64800
2023-04-25,43.810001373291016,44.619998931884766,42.689998626708984,43.86000061035156,43.86000061035156,99300
2023-04-26,43.689998626708984,44.439998626708984,42.65999984741211,43.4900016784668,43.4900016784668,69700
2023-04-27,43.61000061035156,44.084999084472656,42.29999923706055,43.81999969482422,43.81999969482422,93700
2023-04-28,43.72999954223633,45.224998474121094,42.334999084472656,44.35499954223633,44.35499954223633,86000
2023-05-01,44.16999816894531,46.494998931884766,44.16999816894531,46.06999969482422,46.06999969482422,127400
2023-05-02,45.86000061035156,46.72999954223633,43.65999984741211,44.970001220703125,44.970001220703125,216000
2023-05-03,45.08000183105469,46.84000015258789,43.650001525878906,45.290000915527344,45.290000915527344,181500
2023-05-04,44.970001220703125,46.2400016784668,43.07500076293945,45.52000045776367,45.52000045776367,143500
2023-05-05,45.540000915527344,46.58000183105469,43.47999954223633,44.119998931884766,44.119998931884766,134300
2023-05-08,43.83000183105469,44.33000183105469,42.185001373291016,43.099998474121094,43.099998474121094,142100
2023-05-09,42.689998626708984,44.880001068115234,42.380001068115234,44.25,44.25,352800
2023-05-10,44.88999938964844,45.439998626708984,44.47999954223633,45.02000045776367,45.02000045776367,176800
2023-05-11,44.619998931884766,45.94599914550781,44.36000061035156,44.81999969482422,44.81999969482422,106800
2023-05-12,45.150001525878906,45.73500061035156,43.97999954223633,44.959999084472656,44.959999084472656,135200
2023-05-15,44.970001220703125,47.16400146484375,44.79999923706055,46.94499969482422,46.94499969482422,169900
2023-05-16,46.150001525878906,47.29499816894531,45.540000915527344,46.349998474121094,46.349998474121094,232800
2023-05-17,46.310001373291016,46.70000076293945,44.61000061035156,46.20000076293945,46.20000076293945,165600
2023-05-18,45.95000076293945,46.75,44.029998779296875,46.720001220703125,46.720001220703125,191300
2023-05-19,47.150001525878906,49.43000030517578,46.957000732421875,48.779998779296875,48.779998779296875,194900
2023-05-22,49.09000015258789,50.209999084472656,48.6349983215332,48.91999816894531,48.91999816894531,117500
2023-05-23,48.70000076293945,50.83000183105469,48.70000076293945,50.58000183105469,50.58000183105469,302400
2023-05-24,50.439998626708984,51.150001525878906,49.34000015258789,51.0099983215332,51.0099983215332,270000
2023-05-25,51.08000183105469,51.154998779296875,49.915000915527344,50.25,50.25,297800
2023-05-26,50.0,51.02000045776367,48.97999954223633,49.150001525878906,49.150001525878906,160300
2023-05-30,49.16999816894531,50.76499938964844,47.66999816894531,48.63999938964844,48.63999938964844,139900
2023-05-31,48.619998931884766,51.060001373291016,47.43000030517578,47.86000061035156,47.86000061035156,276500
2023-06-01,47.810001373291016,48.400001525878906,47.18000030517578,47.79999923706055,47.79999923706055,198100
2023-06-02,48.279998779296875,49.220001220703125,47.11000061035156,49.16999816894531,49.16999816894531,98300
2023-06-05,48.65999984741211,50.0,48.459999084472656,49.47999954223633,49.47999954223633,122800
2023-06-06,49.58000183105469,50.47999954223633,48.42499923706055,48.790000915527344,48.790000915527344,133100
2023-06-07,48.7400016784668,49.20000076293945,47.959999084472656,48.11000061035156,48.11000061035156,135200
2023-06-08,47.97999954223633,49.20500183105469,47.11000061035156,48.959999084472656,48.959999084472656,156900
2023-06-09,47.599998474121094,47.619998931884766,42.22999954223633,43.88999938964844,43.88999938964844,1133500
2023-06-12,44.27000045776367,44.27000045776367,40.779998779296875,40.9900016784668,40.9900016784668,308500
2023-06-13,41.099998474121094,41.91999816894531,39.65999984741211,39.959999084472656,39.959999084472656,515400
2023-06-14,40.220001220703125,41.14899826049805,38.459999084472656,38.59000015258789,38.59000015258789,320900
2023-06-15,38.31999969482422,39.2599983215332,37.41999816894531,38.83000183105469,38.83000183105469,612900
2023-06-16,39.459999084472656,40.29999923706055,37.65999984741211,37.790000915527344,37.790000915527344,532600
2023-06-20,37.58000183105469,39.45000076293945,37.029998779296875,39.45000076293945,39.45000076293945,416300
2023-06-21,39.36000061035156,39.98500061035156,38.56999969482422,39.689998626708984,39.689998626708984,242200
2023-06-22,39.68000030517578,41.935001373291016,38.90999984741211,41.5,41.5,320300
2023-06-23,41.099998474121094,42.869998931884766,40.630001068115234,41.47999954223633,41.47999954223633,902500
2023-06-26,41.189998626708984,41.27000045776367,39.540000915527344,40.36000061035156,40.36000061035156,227100
2023-06-27,40.52000045776367,40.93000030517578,39.689998626708984,40.41999816894531,40.41999816894531,122500
2023-06-28,40.400001525878906,40.90999984741211,40.06999969482422,40.7400016784668,40.7400016784668,125600
2023-06-29,40.56999969482422,40.82500076293945,39.65999984741211,39.869998931884766,39.869998931884766,175000
2023-06-30,40.060001373291016,40.91999816894531,39.03499984741211,40.18000030517578,40.18000030517578,285400
2023-07-03,40.060001373291016,40.79999923706055,39.35300064086914,39.869998931884766,39.869998931884766,76000
2023-07-05,39.70000076293945,40.2400016784668,39.2400016784668,39.36000061035156,39.36000061035156,99400
2023-07-06,38.959999084472656,39.279998779296875,37.974998474121094,38.97999954223633,38.97999954223633,121500
2023-07-07,39.04999923706055,39.36000061035156,38.40999984741211,38.959999084472656,38.959999084472656,126000
2023-07-10,38.97999954223633,40.45000076293945,38.97999954223633,39.650001525878906,39.650001525878906,178300
2023-07-11,39.4900016784668,40.040000915527344,38.79999923706055,38.86000061035156,38.86000061035156,84900
2023-07-12,39.189998626708984,40.15999984741211,38.810001373291016,40.119998931884766,40.119998931884766,98200
2023-07-13,40.29999923706055,41.220001220703125,40.0,40.279998779296875,40.279998779296875,76200
2023-07-14,40.209999084472656,40.720001220703125,39.15999984741211,40.650001525878906,40.650001525878906,73600
2023-07-17,40.84000015258789,43.540000915527344,40.84000015258789,42.0,42.0,189200
2023-07-18,41.900001525878906,42.349998474121094,40.93000030517578,41.72999954223633,41.72999954223633,100500
2023-07-19,41.83000183105469,43.5,41.60499954223633,43.02000045776367,43.02000045776367,164900
2023-07-20,43.0099983215332,43.79999923706055,42.38999938964844,42.7400016784668,42.7400016784668,140100
2023-07-21,43.0099983215332,43.150001525878906,42.03900146484375,43.02000045776367,43.02000045776367,132800
2023-07-24,43.15999984741211,43.15999984741211,41.939998626708984,43.0099983215332,43.0099983215332,126000
2023-07-25,42.810001373291016,43.33000183105469,42.5099983215332,42.970001220703125,42.970001220703125,73900
2023-07-26,44.130001068115234,44.95000076293945,42.47999954223633,42.68000030517578,42.68000030517578,123600
2023-07-27,43.02000045776367,43.02000045776367,39.099998474121094,39.2599983215332,39.2599983215332,657600
2023-07-28,39.5099983215332,42.375,39.5099983215332,41.970001220703125,41.970001220703125,369300
2023-07-31,42.900001525878906,43.099998474121094,40.869998931884766,41.880001068115234,41.880001068115234,131400
2023-08-01,41.68000030517578,41.68000030517578,40.369998931884766,41.11000061035156,41.11000061035156,89600
2023-08-02,40.54999923706055,40.72999954223633,39.70000076293945,39.9900016784668,39.9900016784668,93600
2023-08-03,39.56999969482422,41.0099983215332,39.56999969482422,40.2599983215332,40.2599983215332,114700
2023-08-04,40.619998931884766,41.66999816894531,40.0099983215332,41.130001068115234,41.130001068115234,107800
2023-08-07,41.95000076293945,41.95000076293945,39.13999938964844,40.41999816894531,40.41999816894531,175500
2023-08-08,40.0099983215332,40.96500015258789,36.459999084472656,36.900001525878906,36.900001525878906,230300
2023-08-09,36.90999984741211,37.189998626708984,35.58000183105469,36.36000061035156,36.36000061035156,155400
2023-08-10,36.54999923706055,37.790000915527344,36.06999969482422,36.650001525878906,36.650001525878906,110700
2023-08-11,36.36000061035156,36.720001220703125,35.709999084472656,35.83000183105469,35.83000183105469,187700
2023-08-14,35.599998474121094,35.68000030517578,34.70000076293945,35.36000061035156,35.36000061035156,130600
2023-08-15,35.2599983215332,35.880001068115234,34.439998626708984,34.7599983215332,34.7599983215332,120000
2023-08-16,34.58000183105469,35.084999084472656,33.27000045776367,33.29999923706055,33.29999923706055,179900
2023-08-17,33.36000061035156,33.9900016784668,33.09000015258789,33.54999923706055,33.54999923706055,156600
2023-08-18,33.15999984741211,34.310001373291016,33.099998474121094,34.20000076293945,34.20000076293945,164100
2023-08-21,34.130001068115234,36.72999954223633,33.68000030517578,35.619998931884766,35.619998931884766,152300
2023-08-22,35.880001068115234,37.04999923706055,35.0,36.779998779296875,36.779998779296875,215300
2023-08-23,36.84000015258789,37.349998474121094,34.68000030517578,36.0099983215332,36.0099983215332,244700
2023-08-24,35.90999984741211,36.0099983215332,35.31999969482422,35.54999923706055,35.54999923706055,117500
2023-08-25,35.58000183105469,36.709999084472656,35.29999923706055,36.22999954223633,36.22999954223633,114900
2023-08-28,36.2599983215332,36.599998474121094,35.439998626708984,35.61000061035156,35.61000061035156,111500
2023-08-29,35.470001220703125,36.119998931884766,34.06999969482422,35.11000061035156,35.11000061035156,154900
2023-08-30,35.119998931884766,36.04999923706055,34.68000030517578,35.58000183105469,35.58000183105469,118600
2023-08-31,35.5,35.849998474121094,34.880001068115234,35.11000061035156,35.11000061035156,198500
2023-09-01,35.22999954223633,36.279998779296875,35.0880012512207,36.2400016784668,36.2400016784668,145800
2023-09-05,36.119998931884766,36.52000045776367,34.93000030517578,35.41999816894531,35.41999816894531,202100
2023-09-06,35.59000015258789,36.34000015258789,35.369998931884766,35.84000015258789,35.84000015258789,157400
2023-09-07,35.790000915527344,36.290000915527344,35.22999954223633,35.75,35.75,176800
2023-09-08,35.68000030517578,36.220001220703125,35.040000915527344,36.040000915527344,36.040000915527344,116900
2023-09-11,36.09000015258789,37.01499938964844,35.08000183105469,36.5099983215332,36.5099983215332,180800
2023-09-12,36.560001373291016,37.470001220703125,36.375,36.599998474121094,36.599998474121094,198100
2023-09-13,36.560001373291016,37.779998779296875,34.939998626708984,35.34000015258789,35.34000015258789,188000
2023-09-14,35.529998779296875,35.57500076293945,34.7400016784668,35.150001525878906,35.150001525878906,212000
2023-09-15,35.209999084472656,36.56999969482422,34.9900016784668,36.36000061035156,36.36000061035156,812300
2023-09-18,36.16999816894531,36.349998474121094,34.97999954223633,35.52000045776367,35.52000045776367,213400
2023-09-19,35.58000183105469,36.15999984741211,34.83000183105469,35.150001525878906,35.150001525878906,460600
2023-09-20,35.11000061035156,35.15999984741211,33.400001525878906,33.470001220703125,33.470001220703125,146900
2023-09-21,33.02000045776367,33.51499938964844,32.540000915527344,33.0099983215332,33.0099983215332,125400
2023-09-22,33.0099983215332,33.92499923706055,32.31999969482422,32.849998474121094,32.849998474121094,104000
2023-09-25,32.709999084472656,32.79999923706055,31.530000686645508,31.56999969482422,31.56999969482422,158600
2023-09-26,31.549999237060547,32.86000061035156,31.170000076293945,32.119998931884766,32.119998931884766,331600
2023-09-27,32.40999984741211,33.25,31.8700008392334,32.040000915527344,32.040000915527344,170400
2023-09-28,31.920000076293945,32.720001220703125,31.200000762939453,32.63999938964844,32.63999938964844,126500
2023-09-29,32.790000915527344,33.86000061035156,31.77400016784668,31.8799991607666,31.8799991607666,266300
2023-10-02,31.8799991607666,33.08000183105469,30.56999969482422,30.81999969482422,30.81999969482422,294400
2023-10-03,30.770000457763672,31.350000381469727,30.239999771118164,30.850000381469727,30.850000381469727,144300
2023-10-04,30.790000915527344,31.059999465942383,30.229999542236328,30.850000381469727,30.850000381469727,102100
2023-10-05,30.860000610351562,33.189998626708984,30.81999969482422,32.84000015258789,32.84000015258789,576000
2023-10-06,32.61000061035156,32.68000030517578,30.709999084472656,30.969999313354492,30.969999313354492,182200
2023-10-09,30.8799991607666,30.969999313354492,29.774999618530273,30.520000457763672,30.520000457763672,163300
2023-10-10,30.420000076293945,31.34000015258789,30.270000457763672,30.3700008392334,30.3700008392334,269400
2023-10-11,30.399999618530273,30.950000762939453,29.34000015258789,29.530000686645508,29.530000686645508,198400
2023-10-12,29.43000030517578,29.5,27.709999084472656,28.270000457763672,28.270000457763672,309600
2023-10-13,28.290000915527344,28.34000015258789,27.610000610351562,28.110000610351562,28.110000610351562,140200
2023-10-16,28.170000076293945,29.040000915527344,27.59000015258789,28.850000381469727,28.850000381469727,130800
2023-10-17,28.729999542236328,30.690000534057617,28.200000762939453,29.93000030517578,29.93000030517578,191900
2023-10-18,29.920000076293945,29.920000076293945,28.69499969482422,28.719999313354492,28.719999313354492,130900
2023-10-19,28.700000762939453,28.850000381469727,27.84000015258789,27.940000534057617,27.940000534057617,114100
2023-10-20,27.979999542236328,29.040000915527344,27.709999084472656,28.34000015258789,28.34000015258789,121700
2023-10-23,28.200000762939453,28.8799991607666,27.5,28.5,28.5,169500
2023-10-24,28.6299991607666,29.600000381469727,28.405000686645508,28.600000381469727,28.600000381469727,291400
2023-10-25,28.270000457763672,28.600000381469727,27.079999923706055,27.1200008392334,27.1200008392334,204900
2023-10-26,27.25,28.450000762939453,27.020000457763672,28.170000076293945,28.170000076293945,130900
2023-10-27,28.350000381469727,29.225000381469727,27.540000915527344,27.65999984741211,27.65999984741211,263300
2023-10-30,28.010000228881836,28.8700008392334,27.75,28.020000457763672,28.020000457763672,335200
2023-10-31,27.75,28.690000534057617,27.700000762939453,28.540000915527344,28.540000915527344,206700
2023-11-01,28.790000915527344,29.65999984741211,28.299999237060547,28.59000015258789,28.59000015258789,430400
2023-11-02,29.389999389648438,29.639999389648438,28.329999923706055,28.670000076293945,28.670000076293945,202900
2023-11-03,29.079999923706055,32.154998779296875,28.899999618530273,31.940000534057617,31.940000534057617,237900
2023-11-06,32.66999816894531,34.25,31.639999389648438,31.690000534057617,31.690000534057617,237700
2023-11-07,31.610000610351562,32.189998626708984,30.3799991607666,31.850000381469727,31.850000381469727,394900
2023-11-08,32.099998474121094,32.099998474121094,30.149999618530273,31.040000915527344,31.040000915527344,607300
2023-11-09,31.34000015258789,31.610000610351562,29.360000610351562,29.469999313354492,29.469999313354492,339700
2023-11-10,29.530000686645508,29.920000076293945,28.799999237060547,29.56999969482422,29.56999969482422,375000
2023-11-13,29.440000534057617,30.40999984741211,28.149999618530273,29.989999771118164,29.989999771118164,281200
2023-11-14,31.209999084472656,32.33000183105469,31.09000015258789,31.690000534057617,31.690000534057617,316500
2023-11-15,31.6200008392334,33.220001220703125,31.0,31.860000610351562,31.860000610351562,224600
2023-11-16,31.84000015258789,32.349998474121094,30.729999542236328,31.479999542236328,31.479999542236328,291900
2023-11-17,31.3799991607666,31.75,29.940000534057617,30.280000686645508,30.280000686645508,301800
2023-11-20,30.360000610351562,31.5,29.799999237060547,30.0,30.0,215400
2023-11-21,29.729999542236328,31.0,29.3700008392334,30.84000015258789,30.84000015258789,151200
2023-11-22,31.280000686645508,31.434999465942383,30.059999465942383,30.360000610351562,30.360000610351562,101100
2023-11-24,30.360000610351562,30.969999313354492,30.149999618530273,30.770000457763672,30.770000457763672,67600
2023-11-27,30.770000457763672,30.860000610351562,29.31999969482422,30.170000076293945,30.170000076293945,217400
2023-11-28,29.989999771118164,30.3700008392334,29.540000915527344,29.600000381469727,29.600000381469727,363200
2023-11-29,29.799999237060547,31.260000228881836,29.485000610351562,30.40999984741211,30.40999984741211,377500
2023-11-30,30.860000610351562,31.395000457763672,29.959999084472656,30.34000015258789,30.34000015258789,295900
2023-12-01,30.329999923706055,31.969999313354492,29.889999389648438,30.639999389648438,30.639999389648438,386400
2023-12-04,30.489999771118164,32.2599983215332,30.489999771118164,31.829999923706055,31.829999923706055,145800
2023-12-05,31.469999313354492,32.47999954223633,31.079999923706055,32.41999816894531,32.41999816894531,311000
2023-12-06,32.709999084472656,34.34000015258789,32.709999084472656,33.470001220703125,33.470001220703125,182200
2023-12-07,33.45000076293945,35.63999938964844,33.290000915527344,35.5099983215332,35.5099983215332,379000
2023-12-08,35.88999938964844,36.849998474121094,34.970001220703125,35.650001525878906,35.650001525878906,325600
2023-12-11,34.150001525878906,34.150001525878906,27.905000686645508,28.329999923706055,28.329999923706055,1559900
2023-12-12,28.43000030517578,30.170000076293945,27.309999465942383,29.65999984741211,29.65999984741211,564600
2023-12-13,29.84000015258789,30.440000534057617,28.469999313354492,30.309999465942383,30.309999465942383,296000
2023-12-14,30.829999923706055,34.06999969482422,30.34000015258789,33.75,33.75,986600
2023-12-15,34.0,34.630001068115234,32.06999969482422,32.52000045776367,32.52000045776367,544200
2023-12-18,32.41999816894531,33.47999954223633,32.099998474121094,32.849998474121094,32.849998474121094,302000
2023-12-19,33.22999954223633,35.125,32.38999938964844,34.560001373291016,34.560001373291016,418800
2023-12-20,34.34000015258789,35.959999084472656,33.709999084472656,33.779998779296875,33.779998779296875,446200
2023-12-21,34.29999923706055,36.540000915527344,34.29999923706055,36.34000015258789,36.34000015258789,323600
2023-12-22,36.84000015258789,38.97999954223633,36.720001220703125,38.209999084472656,38.209999084472656,337000
2023-12-26,38.619998931884766,40.43000030517578,37.720001220703125,40.2400016784668,40.2400016784668,770500
2023-12-27,40.27000045776367,41.92499923706055,39.875,40.45000076293945,40.45000076293945,307200
2023-12-28,40.279998779296875,41.5,40.220001220703125,41.04999923706055,41.04999923706055,208600
2023-12-29,41.040000915527344,41.439998626708984,39.709999084472656,39.7599983215332,39.7599983215332,177600
2024-01-02,39.0099983215332,44.38399887084961,39.0,43.130001068115234,43.130001068115234,520500
2024-01-03,42.939998626708984,43.97999954223633,40.880001068115234,41.2599983215332,41.2599983215332,335700
2024-01-04,45.290000915527344,49.57500076293945,44.904998779296875,48.880001068115234,48.880001068115234,1889300
2024-01-05,48.38999938964844,49.165000915527344,45.880001068115234,48.189998626708984,48.189998626708984,722200
2024-01-08,47.689998626708984,51.400001525878906,46.073001861572266,51.22999954223633,51.22999954223633,729000
2024-01-09,51.099998474121094,52.86000061035156,50.7400016784668,51.4900016784668,51.4900016784668,928100
2024-01-10,51.52000045776367,53.029998779296875,49.56999969482422,50.2400016784668,50.2400016784668,655500
2024-01-11,49.36000061035156,51.77000045776367,48.81999969482422,51.400001525878906,51.400001525878906,618300
2024-01-12,51.790000915527344,53.40999984741211,51.33000183105469,52.15999984741211,52.15999984741211,338900
2024-01-16,51.5099983215332,53.880001068115234,50.84000015258789,53.16999816894531,53.16999816894531,502500
2024-01-17,52.04999923706055,53.79999923706055,48.810001373291016,52.869998931884766,52.869998931884766,319000
2024-01-18,53.0,53.0,48.459999084472656,51.86000061035156,51.86000061035156,260900
2024-01-19,52.31999969482422,53.720001220703125,51.19499969482422,52.95000076293945,52.95000076293945,282600
2024-01-22,53.06999969482422,55.0,52.1349983215332,54.779998779296875,54.779998779296875,583700
2024-01-23,55.040000915527344,56.38999938964844,53.540000915527344,55.709999084472656,55.709999084472656,363200
2024-01-24,56.279998779296875,58.220001220703125,55.529998779296875,56.459999084472656,56.459999084472656,648000
2024-01-25,58.380001068115234,58.619998931884766,55.099998474121094,56.290000915527344,56.290000915527344,268000
2024-01-26,56.810001373291016,58.099998474121094,55.84000015258789,57.2599983215332,57.2599983215332,214600
2024-01-29,57.380001068115234,58.5,56.400001525878906,58.349998474121094,58.349998474121094,388000
2024-01-30,57.939998626708984,58.040000915527344,54.95000076293945,56.34000015258789,56.34000015258789,446500
2024-01-31,56.29999923706055,57.97999954223633,55.220001220703125,55.36000061035156,55.36000061035156,463300
2024-02-01,56.130001068115234,58.0,55.369998931884766,57.220001220703125,57.220001220703125,422700
2024-02-02,56.34000015258789,57.05500030517578,52.150001525878906,53.02000045776367,53.02000045776367,452200
2024-02-05,52.65999984741211,53.880001068115234,52.02000045776367,53.59000015258789,53.59000015258789,575000
2024-02-06,53.70000076293945,54.48500061035156,51.56999969482422,52.27000045776367,52.27000045776367,678700
2024-02-07,52.099998474121094,52.994998931884766,50.900001525878906,51.40999984741211,51.40999984741211,412000
2024-02-08,51.540000915527344,57.2400016784668,50.099998474121094,51.29999923706055,51.29999923706055,323100
2024-02-09,51.630001068115234,54.310001373291016,51.630001068115234,53.59000015258789,53.59000015258789,329700
2024-02-12,53.5,57.40999984741211,53.5,57.349998474121094,57.349998474121094,581100
2024-02-13,55.54999923706055,57.16999816894531,54.209999084472656,56.18000030517578,56.18000030517578,313500
2024-02-14,57.0,59.34000015258789,55.470001220703125,59.099998474121094,59.099998474121094,413600
2024-02-15,59.459999084472656,60.93600082397461,58.27000045776367,58.869998931884766,58.869998931884766,263500
2024-02-16,58.72999954223633,61.09000015258789,56.22200012207031,59.4900016784668,59.4900016784668,216900
2024-02-20,59.189998626708984,61.310001373291016,59.189998626708984,60.77000045776367,60.77000045776367,384900
2024-02-21,61.380001068115234,62.369998931884766,59.41999816894531,59.720001220703125,59.720001220703125,285700
2024-02-22,59.560001373291016,62.61000061035156,59.130001068115234,60.9900016784668,60.9900016784668,231100
2024-02-23,60.95000076293945,64.7249984741211,60.099998474121094,63.61000061035156,63.61000061035156,582700
2024-02-26,63.40999984741211,66.9800033569336,63.40999984741211,66.08000183105469,66.08000183105469,402000
2024-02-27,66.98999786376953,70.66999816894531,66.83499908447266,70.0,70.0,531000
2024-02-28,69.70999908447266,70.69499969482422,67.62999725341797,68.06999969482422,68.06999969482422,277900
2024-02-29,72.04000091552734,73.0,66.55999755859375,67.5,67.5,459500
2024-03-01,67.7300033569336,71.0,67.7300033569336,68.8499984741211,68.8499984741211,347800
2024-03-04,70.0,70.0,67.4749984741211,69.01000213623047,69.01000213623047,230200
2024-03-05,66.68000030517578,69.36000061035156,64.41999816894531,66.83999633789062,66.83999633789062,469300
2024-03-06,67.33999633789062,68.0,64.94999694824219,65.94000244140625,65.94000244140625,593300
2024-03-07,66.68000030517578,70.16000366210938,66.41000366210938,69.72000122070312,69.72000122070312,454300
2024-03-08,69.68000030517578,71.29000091552734,69.13999938964844,70.4800033569336,70.4800033569336,403100
2024-03-11,69.9000015258789,70.57499694824219,65.74500274658203,66.30999755859375,66.30999755859375,335400
2024-03-12,66.36000061035156,69.68499755859375,65.77999877929688,67.55000305175781,67.55000305175781,335100
2024-03-13,67.68000030517578,69.62999725341797,66.79499816894531,67.66000366210938,67.66000366210938,252100
2024-03-14,67.0199966430664,67.25,63.63999938964844,64.83000183105469,64.83000183105469,310600
2024-03-15,64.23999786376953,68.30000305175781,64.23999786376953,67.3499984741211,67.3499984741211,1683200
2024-03-18,66.93000030517578,67.12000274658203,63.619998931884766,63.86000061035156,63.86000061035156,389800
2024-03-19,63.58000183105469,65.05999755859375,62.790000915527344,64.19999694824219,64.19999694824219,261100
2024-03-20,64.02999877929688,67.0,63.2400016784668,66.87000274658203,66.87000274658203,250600
2024-03-21,67.6500015258789,69.88500213623047,66.8499984741211,69.0199966430664,69.0199966430664,399800
2024-03-22,69.26000213623047,69.26000213623047,65.36000061035156,65.87000274658203,65.87000274658203,260200
2024-03-25,65.5199966430664,67.41999816894531,65.5199966430664,66.26000213623047,66.26000213623047,319200
2024-03-26,67.2699966430664,67.48999786376953,65.22000122070312,66.11000061035156,66.11000061035156,283600
2024-03-27,59.20000076293945,65.8550033569336,59.13999938964844,64.66000366210938,64.66000366210938,490400
2024-03-28,65.37000274658203,67.01000213623047,63.59000015258789,66.19999694824219,66.19999694824219,403000
2024-04-01,66.11000061035156,67.30000305175781,64.86000061035156,66.88999938964844,66.88999938964844,216000
2024-04-02,65.1500015258789,65.66999816894531,63.11000061035156,64.0199966430664,64.0199966430664,294200
2024-04-03,63.459999084472656,65.56999969482422,63.279998779296875,63.97999954223633,63.97999954223633,197000
2024-04-04,64.19000244140625,65.56999969482422,61.25,61.709999084472656,61.709999084472656,223800
2024-04-05,61.630001068115234,63.69499969482422,60.04999923706055,62.65999984741211,62.65999984741211,167000
2024-04-08,63.290000915527344,63.7599983215332,60.88999938964844,63.189998626708984,63.189998626708984,218000
2024-04-09,63.40999984741211,64.83000183105469,61.93000030517578,63.810001373291016,63.810001373291016,212900
2024-04-10,61.290000915527344,63.11000061035156,60.38999938964844,60.83000183105469,60.83000183105469,273000
2024-04-11,61.54999923706055,62.689998626708984,61.060001373291016,61.900001525878906,61.900001525878906,221800
2024-04-12,61.779998779296875,62.0,58.07500076293945,58.61000061035156,58.61000061035156,331800
2024-04-15,58.900001525878906,59.869998931884766,57.2599983215332,57.68000030517578,57.68000030517578,209800
2024-04-16,57.220001220703125,58.939998626708984,56.5890007019043,58.0,58.0,196600
2024-04-17,58.560001373291016,59.494998931884766,56.529998779296875,59.27000045776367,59.27000045776367,397900
2024-04-18,59.29999923706055,61.33000183105469,58.150001525878906,58.95000076293945,58.95000076293945,296500
2024-04-19,58.540000915527344,59.900001525878906,56.150001525878906,58.279998779296875,58.279998779296875,348600
2024-04-22,58.84000015258789,59.599998474121094,55.540000915527344,55.779998779296875,55.779998779296875,275100
2024-04-23,56.150001525878906,58.689998626708984,54.93000030517578,55.189998626708984,55.189998626708984,478400
2024-04-24,55.560001373291016,57.599998474121094,55.20600128173828,56.2400016784668,56.2400016784668,311700
2024-04-25,55.04999923706055,55.04999923706055,53.2400016784668,54.189998626708984,54.189998626708984,261600
2024-04-26,54.68000030517578,58.45000076293945,53.689998626708984,57.86000061035156,57.86000061035156,292000
2024-04-29,58.38999938964844,59.279998779296875,57.4900016784668,58.619998931884766,58.619998931884766,211100
2024-04-30,57.65999984741211,59.66999816894531,56.220001220703125,56.38999938964844,56.38999938964844,202900
2024-05-01,56.65999984741211,58.97999954223633,55.83000183105469,57.720001220703125,57.720001220703125,468500
2024-05-02,58.34000015258789,58.494998931884766,56.689998626708984,57.099998474121094,57.099998474121094,344900
2024-05-03,57.31999969482422,62.189998626708984,57.31999969482422,60.56999969482422,60.56999969482422,572100
2024-05-06,60.31999969482422,61.959999084472656,59.79999923706055,60.2599983215332,60.2599983215332,250800
2024-05-07,61.18000030517578,61.18000030517578,57.31999969482422,58.68000030517578,58.68000030517578,212900
2024-05-08,56.560001373291016,59.75,56.560001373291016,58.2400016784668,58.2400016784668,230100
2024-05-09,59.70000076293945,60.36000061035156,57.38999938964844,57.599998474121094,57.599998474121094,195600
2024-05-10,58.060001373291016,58.42499923706055,53.59000015258789,54.27000045776367,54.27000045776367,379000
2024-05-13,54.869998931884766,55.029998779296875,53.20000076293945,54.0,54.0,226100
2024-05-14,54.779998779296875,55.529998779296875,52.5,52.79999923706055,52.79999923706055,248300
2024-05-15,53.88999938964844,54.880001068115234,53.2400016784668,54.400001525878906,54.400001525878906,199000
2024-05-16,54.63999938964844,54.75,52.827999114990234,53.9900016784668,53.9900016784668,195000
2024-05-17,54.36000061035156,54.36000061035156,51.790000915527344,52.279998779296875,52.279998779296875,326100
2024-05-20,52.70000076293945,52.94499969482422,51.3849983215332,52.369998931884766,52.369998931884766,239700
2024-05-21,52.220001220703125,52.689998626708984,50.06999969482422,50.43000030517578,50.43000030517578,271200
2024-05-22,50.650001525878906,51.58000183105469,50.029998779296875,51.11000061035156,51.11000061035156,166600
2024-05-23,51.15999984741211,51.15999984741211,48.2599983215332,49.15999984741211,49.15999984741211,267700
2024-05-24,49.470001220703125,49.70500183105469,48.09000015258789,48.47999954223633,48.47999954223633,140400
2024-05-28,49.0099983215332,49.27000045776367,47.349998474121094,48.75,48.75,249700
2024-05-29,47.349998474121094,48.03499984741211,46.20000076293945,46.720001220703125,46.720001220703125,271800
2024-05-30,47.15999984741211,47.599998474121094,45.88999938964844,46.310001373291016,46.310001373291016,237300
2024-05-31,46.68000030517578,47.13999938964844,45.34000015258789,46.869998931884766,46.869998931884766,405400
2024-06-03,47.59000015258789,50.189998626708984,46.79999923706055,48.66999816894531,48.66999816894531,276700
2024-06-04,48.66999816894531,51.36000061035156,46.77000045776367,49.529998779296875,49.529998779296875,273500
2024-06-05,49.38999938964844,50.16999816894531,48.86000061035156,49.45000076293945,49.45000076293945,297800
2024-06-06,49.45000076293945,49.45000076293945,47.880001068115234,48.689998626708984,48.689998626708984,147500
2024-06-07,48.0099983215332,49.58000183105469,47.939998626708984,48.689998626708984,48.689998626708984,239900
2024-06-10,47.959999084472656,49.599998474121094,46.775001525878906,48.86000061035156,48.86000061035156,483900
2024-06-11,48.40999984741211,48.93000030517578,47.380001068115234,47.869998931884766,47.869998931884766,583600
2024-06-12,48.97999954223633,49.70000076293945,48.45000076293945,48.97999954223633,48.97999954223633,269200
2024-06-13,48.79999923706055,50.209999084472656,48.18000030517578,49.5,49.5,384100
2024-06-14,48.88999938964844,49.5099983215332,47.290000915527344,49.36000061035156,49.36000061035156,280300
2024-06-17,49.29999923706055,49.369998931884766,43.56999969482422,44.58000183105469,44.58000183105469,742100
2024-06-18,43.56999969482422,45.38999938964844,43.400001525878906,44.650001525878906,44.650001525878906,573200
2024-06-20,44.18000030517578,46.68000030517578,43.29999923706055,45.40999984741211,45.40999984741211,497000
2024-06-21,45.63999938964844,46.689998626708984,45.220001220703125,46.439998626708984,46.439998626708984,963900
2024-06-24,46.400001525878906,46.94499969482422,45.779998779296875,46.47999954223633,46.47999954223633,246900
2024-06-25,47.20000076293945,47.20000076293945,45.119998931884766,45.650001525878906,45.650001525878906,315800
2024-06-26,45.61000061035156,45.845001220703125,44.810001373291016,45.54999923706055,45.54999923706055,255300
2024-06-27,45.7400016784668,45.7400016784668,44.779998779296875,45.06999969482422,45.06999969482422,257900
2024-06-28,45.099998474121094,46.31999969482422,44.220001220703125,45.70000076293945,45.70000076293945,1192700
2024-07-01,45.29999923706055,45.79999923706055,43.65999984741211,43.77000045776367,43.77000045776367,410700
2024-07-02,43.459999084472656,43.810001373291016,42.38999938964844,42.810001373291016,42.810001373291016,339700
2024-07-03,43.040000915527344,43.1150016784668,42.04999923706055,42.16999816894531,42.16999816894531,104600
2024-07-05,41.93000030517578,42.290000915527344,41.099998474121094,42.209999084472656,42.209999084472656,247300
2024-07-08,42.880001068115234,43.27000045776367,41.65999984741211,41.68000030517578,41.68000030517578,321300
2024-07-09,41.77000045776367,42.869998931884766,40.93000030517578,42.7400016784668,42.7400016784668,485700
2024-07-10,42.869998931884766,43.09000015258789,41.959999084472656,42.9900016784668,42.9900016784668,215300
2024-07-11,44.33000183105469,46.970001220703125,43.189998626708984,45.970001220703125,45.970001220703125,276700
2024-07-12,46.86000061035156,47.84000015258789,46.5,47.439998626708984,47.439998626708984,460000
2024-07-15,48.040000915527344,51.130001068115234,47.5,51.029998779296875,51.029998779296875,710800
2024-07-16,52.400001525878906,53.689998626708984,51.61000061035156,52.16999816894531,52.16999816894531,522700
2024-07-17,51.119998931884766,52.11000061035156,48.72999954223633,49.72999954223633,49.72999954223633,437900
2024-07-18,49.61000061035156,49.939998626708984,46.349998474121094,48.02000045776367,48.02000045776367,283800
2024-07-19,48.2599983215332,48.650001525878906,46.619998931884766,48.380001068115234,48.380001068115234,185400
2024-07-22,48.77000045776367,49.11000061035156,47.25,48.56999969482422,48.56999969482422,322200
2024-07-23,48.189998626708984,51.290000915527344,47.974998474121094,50.81999969482422,50.81999969482422,393200
2024-07-24,50.29999923706055,51.2599983215332,48.970001220703125,49.56999969482422,49.56999969482422,187700
2024-07-25,50.04999923706055,51.72999954223633,49.54999923706055,50.290000915527344,50.290000915527344,212500
2024-07-26,51.45000076293945,52.779998779296875,50.06999969482422,52.31999969482422,52.31999969482422,906500
2024-07-29,52.2599983215332,52.529998779296875,50.560001373291016,52.029998779296875,52.029998779296875,518400
2024-07-30,52.599998474121094,52.65999984741211,51.279998779296875,51.369998931884766,51.369998931884766,207600
2024-07-31,51.900001525878906,51.9900016784668,50.040000915527344,50.15999984741211,50.15999984741211,212000
2024-08-01,49.7400016784668,51.560001373291016,48.95000076293945,50.36000061035156,50.36000061035156,343700
2024-08-02,47.709999084472656,49.310001373291016,47.619998931884766,49.150001525878906,49.150001525878906,282700
2024-08-05,44.95000076293945,48.7400016784668,44.95000076293945,47.209999084472656,47.209999084472656,335500
2024-08-06,47.400001525878906,49.814998626708984,46.654998779296875,48.7599983215332,48.7599983215332,204600
2024-08-07,49.290000915527344,49.290000915527344,45.150001525878906,45.400001525878906,45.400001525878906,222600
2024-08-08,44.810001373291016,45.099998474121094,42.83300018310547,44.40999984741211,44.40999984741211,297100
2024-08-09,44.61000061035156,47.0,44.61000061035156,45.380001068115234,45.380001068115234,156100
2024-08-12,45.380001068115234,46.415000915527344,44.380001068115234,44.84000015258789,44.84000015258789,122100
2024-08-13,45.0,45.72999954223633,44.0,44.619998931884766,44.619998931884766,628600
2024-08-14,44.72999954223633,44.775001525878906,42.91999816894531,43.369998931884766,43.369998931884766,522700
2024-08-15,44.599998474121094,46.720001220703125,44.310001373291016,46.040000915527344,46.040000915527344,324300
2024-08-16,45.70000076293945,46.27000045776367,45.0,45.540000915527344,45.540000915527344,265100
2024-08-19,45.529998779296875,47.63999938964844,45.529998779296875,47.34000015258789,47.34000015258789,274000
2024-08-20,47.38999938964844,47.9900016784668,46.23500061035156,47.34000015258789,47.34000015258789,158600
2024-08-21,47.66999816894531,48.63999938964844,46.209999084472656,46.939998626708984,46.939998626708984,302900
2024-08-22,47.04999923706055,47.04999923706055,44.65999984741211,44.7400016784668,44.7400016784668,393100
2024-08-23,44.869998931884766,45.84000015258789,44.45000076293945,45.5099983215332,45.5099983215332,580900
2024-08-26,45.88999938964844,46.47999954223633,45.14500045776367,45.40999984741211,45.40999984741211,175100
2024-08-27,45.380001068115234,45.619998931884766,44.619998931884766,45.369998931884766,45.369998931884766,105200
2024-08-28,45.369998931884766,46.040000915527344,44.59000015258789,45.060001373291016,45.060001373291016,79900
2024-08-29,45.40999984741211,46.2400016784668,44.849998474121094,45.310001373291016,45.310001373291016,93800
2024-08-30,45.40999984741211,46.650001525878906,44.93000030517578,45.349998474121094,45.349998474121094,197200
2024-09-03,45.47999954223633,51.369998931884766,45.47999954223633,47.790000915527344,47.790000915527344,379400
2024-09-04,47.70000076293945,54.619998931884766,47.70000076293945,52.93000030517578,52.93000030517578,772700
2024-09-05,52.68000030517578,55.005001068115234,51.72999954223633,53.68000030517578,53.68000030517578,470100
2024-09-06,53.83000183105469,54.81999969482422,51.810001373291016,52.5099983215332,52.5099983215332,402900
2024-09-09,52.540000915527344,55.25,52.540000915527344,53.880001068115234,53.880001068115234,344600
2024-09-10,54.08000183105469,55.244998931884766,53.45000076293945,54.689998626708984,54.689998626708984,271200
2024-09-11,54.59000015258789,55.20000076293945,53.595001220703125,54.75,54.75,443600
2024-09-12,54.5,56.47999954223633,54.06999969482422,56.400001525878906,56.400001525878906,429100
2024-09-13,56.939998626708984,58.36000061035156,55.88999938964844,56.97999954223633,56.97999954223633,356600
2024-09-16,57.09000015258789,57.77000045776367,55.20500183105469,55.619998931884766,55.619998931884766,280300
2024-09-17,55.68000030517578,55.720001220703125,54.599998474121094,55.040000915527344,55.040000915527344,464900
2024-09-18,55.040000915527344,57.08000183105469,54.439998626708984,55.709999084472656,55.709999084472656,229800
2024-09-19,57.209999084472656,58.275001525878906,56.29999923706055,57.31999969482422,57.31999969482422,394000
2024-09-20,57.279998779296875,57.769901275634766,55.790000915527344,55.79999923706055,55.79999923706055,846976
