Date,Open,High,Low,Close,Adj Close,Volume
2004-06-09,21.175565719604492,21.175565719604492,20.91889190673828,20.949691772460938,10.375161170959473,4675
2004-06-10,21.098562240600586,21.17043113708496,20.888090133666992,21.021560668945312,10.41075325012207,2532
2004-06-14,21.04209327697754,21.04722785949707,21.04209327697754,21.04722785949707,10.42346477508545,390
2004-06-15,20.970226287841797,20.970226287841797,20.91889190673828,20.91889190673828,10.359908103942871,390
2004-06-16,20.82135581970215,20.82135581970215,20.79055404663086,20.79055404663086,10.29634952545166,1169
2004-06-17,20.7648868560791,20.7648868560791,20.734085083007812,20.734085083007812,10.268383979797363,974
2004-06-18,20.718685150146484,20.723819732666016,20.687885284423828,20.687885284423828,10.245504379272461,1169
2004-06-21,20.66221809387207,20.77515411376953,20.66221809387207,20.66735076904297,10.235333442687988,584
2004-06-22,20.66221809387207,20.66221809387207,20.559547424316406,20.559547424316406,10.18194580078125,1364
2004-06-23,20.53901481628418,20.53901481628418,20.53901481628418,20.53901481628418,10.17177677154541,974
2004-06-24,20.53901481628418,20.53901481628418,20.472278594970703,20.472278594970703,10.138726234436035,1753
2004-06-25,20.482545852661133,20.482545852661133,20.28234100341797,20.28234100341797,10.044661521911621,2727
2004-06-28,20.302875518798828,20.302875518798828,20.297740936279297,20.297740936279297,10.052288055419922,1169
2004-06-29,20.297740936279297,20.328542709350586,20.02053451538086,20.205339431762695,10.006526947021484,10130
2004-06-30,20.27207374572754,21.031827926635742,19.912731170654297,21.031827926635742,10.415839195251465,86491
2004-07-01,21.05236053466797,21.05236053466797,20.80595588684082,20.80595588684082,10.303977012634277,1753
2004-07-02,20.79568862915039,20.79568862915039,20.7648868560791,20.78028678894043,10.291264533996582,2143
2004-07-06,20.7648868560791,20.7648868560791,20.64168357849121,20.64168357849121,10.22262191772461,1753
2004-07-07,20.636550903320312,20.64681625366211,20.636550903320312,20.636550903320312,10.220081329345703,1948
2004-07-08,20.53901481628418,20.872690200805664,20.369609832763672,20.872690200805664,10.337026596069336,7792
2004-07-09,20.770021438598633,20.94455909729004,20.770021438598633,20.91375732421875,10.357364654541016,1169
2004-07-12,20.867555618286133,20.94455909729004,20.749486923217773,20.749486923217773,10.27601146697998,2922
2004-07-13,20.749486923217773,20.749486923217773,20.749486923217773,20.749486923217773,10.27601146697998,0
2004-07-14,20.836755752563477,20.836755752563477,20.836755752563477,20.836755752563477,10.319231033325195,195
2004-07-15,20.929157257080078,20.93429183959961,20.826488494873047,20.826488494873047,10.314146041870117,1753
2004-07-16,20.94455909729004,20.954824447631836,20.94455909729004,20.954824447631836,10.377703666687012,390
2004-07-19,21.01642608642578,21.01642608642578,21.01642608642578,21.01642608642578,10.408210754394531,390
2004-07-20,21.021560668945312,21.02669334411621,21.021560668945312,21.02669334411621,10.41329574584961,390
2004-07-21,21.031827926635742,21.098562240600586,21.031827926635742,21.098562240600586,10.448887825012207,2532
2004-07-22,21.098562240600586,21.098562240600586,20.970226287841797,20.970226287841797,10.385330200195312,974
2004-07-23,21.01642608642578,21.01642608642578,20.867555618286133,20.867555618286133,10.334484100341797,2532
2004-07-26,21.175565719604492,21.175565719604492,20.02053451538086,20.02053451538086,10.600866317749023,13441
2004-07-27,20.066734313964844,20.066734313964844,20.02053451538086,20.02053451538086,10.600866317749023,390
2004-07-28,19.912731170654297,19.912731170654297,19.85626220703125,19.85626220703125,10.513883590698242,1364
2004-07-29,19.835729598999023,19.835729598999023,19.435317993164062,19.435317993164062,10.290993690490723,11883
2004-07-30,19.383983612060547,19.383983612060547,19.3275146484375,19.3275146484375,10.233912467956543,1364
2004-08-02,19.301847457885742,19.301847457885742,19.147844314575195,19.147844314575195,10.138776779174805,2532
2004-08-03,19.142709732055664,19.33264923095703,19.070842742919922,19.070842742919922,10.098004341125488,3117
2004-08-04,19.06570816040039,19.06570816040039,18.80903434753418,18.80903434753418,9.95937728881836,4480
2004-08-05,18.855236053466797,18.855236053466797,18.57802963256836,18.57802963256836,9.83705997467041,12857
2004-08-06,18.583162307739258,18.583162307739258,18.480493545532227,18.480493545532227,9.785414695739746,2338
2004-08-09,18.54722785949707,18.54722785949707,18.198152542114258,18.198152542114258,9.635915756225586,14220
2004-08-10,18.1724853515625,18.187885284423828,18.12114906311035,18.15195083618164,9.611451148986816,9545
2004-08-11,18.069814682006836,18.100616455078125,17.967145919799805,18.01848030090332,9.540779113769531,7792
2004-08-12,17.967145919799805,17.967145919799805,17.838808059692383,17.838808059692383,9.445642471313477,5260
2004-08-13,17.838808059692383,18.1724853515625,17.597536087036133,17.931211471557617,9.494569778442383,30778
2004-08-16,17.941478729248047,18.454824447631836,17.802875518798828,17.967145919799805,9.51359748840332,23571
2004-08-17,17.787473678588867,18.511293411254883,17.47946548461914,18.1724853515625,9.62232494354248,37207
2004-08-18,18.16735076904297,18.223819732666016,18.16221809387207,18.198152542114258,9.635915756225586,22402
2004-08-19,18.16221809387207,18.198152542114258,18.095483779907227,18.198152542114258,9.635915756225586,7792
2004-08-20,18.223819732666016,18.737165451049805,18.223819732666016,18.737165451049805,9.9213228225708,7208
2004-08-23,18.732032775878906,19.045175552368164,18.40349006652832,18.81416893005371,9.962096214294434,30973
2004-08-24,18.608829498291016,18.608829498291016,18.608829498291016,18.608829498291016,9.853368759155273,195
2004-08-25,18.5626277923584,18.5626277923584,18.55236053466797,18.55236053466797,9.823468208312988,390
2004-08-26,18.485626220703125,18.57802963256836,18.398357391357422,18.398357391357422,9.741923332214355,1753
2004-08-27,18.51642608642578,18.51642608642578,18.249486923217773,18.249486923217773,9.663097381591797,2532
2004-08-30,18.244352340698242,18.29568862915039,17.962011337280273,17.962011337280273,9.510878562927246,13441
2004-08-31,17.962011337280273,18.480493545532227,17.818275451660156,18.29568862915039,9.68756103515625,91361
2004-09-01,18.27515411376953,18.357290267944336,18.074949264526367,18.12114906311035,9.595142364501953,8376
2004-09-02,18.40349006652832,18.860370635986328,18.32135581970215,18.68583106994629,9.89414119720459,28441
2004-09-03,18.70636558532715,18.762834548950195,18.70123291015625,18.762834548950195,9.934914588928223,2143
2004-09-07,18.783367156982422,18.783367156982422,18.5574951171875,18.5574951171875,9.826187133789062,3701
2004-09-08,18.783367156982422,18.993839263916016,18.675565719604492,18.993839263916016,10.057230949401855,25324
2004-09-09,18.988706588745117,19.019506454467773,18.788501739501953,19.019506454467773,10.070821762084961,4480
2004-09-10,19.004106521606445,19.024641036987305,18.742300033569336,19.024641036987305,10.073540687561035,5065
2004-09-13,19.034908294677734,19.045175552368164,18.6498966217041,18.865503311157227,9.989277839660645,7987
2004-09-14,18.788501739501953,18.916837692260742,18.53696060180664,18.788501739501953,9.948505401611328,11104
2004-09-15,18.53696060180664,18.783367156982422,18.53696060180664,18.783367156982422,9.945786476135254,1364
2004-09-16,18.788501739501953,18.91170310974121,18.788501739501953,18.91170310974121,10.013740539550781,1169
2004-09-17,18.757699966430664,18.757699966430664,18.752567291259766,18.752567291259766,9.92947769165039,390
2004-09-20,18.906570434570312,18.906570434570312,18.40862464904785,18.40862464904785,9.747360229492188,2922
2004-09-21,18.429157257080078,18.429157257080078,18.28028678894043,18.382957458496094,9.733769416809082,2727
2004-09-22,18.28542137145996,18.511293411254883,18.249486923217773,18.362422943115234,9.722896575927734,5649
2004-09-23,18.362422943115234,18.362422943115234,18.30082130432129,18.30082130432129,9.690278053283691,779
2004-09-24,18.249486923217773,18.254619598388672,18.223819732666016,18.223819732666016,9.649506568908691,5260
2004-09-27,18.223819732666016,18.223819732666016,18.223819732666016,18.223819732666016,9.649506568908691,0
2004-09-28,18.377822875976562,18.655031204223633,18.1776180267334,18.382957458496094,9.733769416809082,19285
2004-09-29,18.388090133666992,18.388090133666992,18.388090133666992,18.388090133666992,9.73648738861084,195
2004-09-30,18.1724853515625,18.624229431152344,18.095483779907227,18.624229431152344,9.861522674560547,3896
2004-10-01,18.57802963256836,18.9373722076416,18.57802963256836,18.9373722076416,10.027332305908203,3701
2004-10-04,18.96303939819336,19.09137535095215,18.95277214050293,19.09137535095215,10.10887622833252,1753
2004-10-05,19.09137535095215,19.3223819732666,19.09137535095215,19.3223819732666,10.231194496154785,4091
2004-10-06,19.33264923095703,19.98973274230957,19.3275146484375,19.98973274230957,10.584556579589844,12857
2004-10-07,19.984600067138672,20.051334381103516,19.74332618713379,19.75359344482422,10.45952033996582,4091
2004-10-08,19.758726119995117,19.758726119995117,19.558521270751953,19.558521270751953,10.356229782104492,2727
2004-10-11,19.563655853271484,19.563655853271484,19.306982040405273,19.306982040405273,10.223040580749512,3506
2004-10-12,19.502052307128906,19.88706398010254,19.37885093688965,19.794660568237305,10.481266021728516,7208
2004-10-13,19.88706398010254,19.933265686035156,19.789527893066406,19.789527893066406,10.478548049926758,1753
2004-10-14,19.789527893066406,19.789527893066406,19.496919631958008,19.496919631958008,10.323612213134766,2532
2004-10-15,19.47638511657715,19.47638511657715,19.306982040405273,19.306982040405273,10.223040580749512,1948
2004-10-18,19.281314849853516,19.281314849853516,19.040040969848633,19.09650993347168,10.111595153808594,3312
2004-10-19,19.050308227539062,19.127309799194336,18.993839263916016,18.993839263916016,10.057230949401855,1364
2004-10-20,18.998973846435547,19.630390167236328,18.92197036743164,19.450719833374023,10.299149513244629,7208
2004-10-21,19.697124481201172,19.85626220703125,19.57392120361328,19.57392120361328,10.364384651184082,6039
2004-10-22,19.48151969909668,19.48151969909668,19.450719833374023,19.450719833374023,10.299149513244629,974
2004-10-25,19.445585250854492,19.445585250854492,19.240245819091797,19.240245819091797,10.187703132629395,1169
2004-10-26,19.245380401611328,19.245380401611328,19.245380401611328,19.245380401611328,10.190422058105469,195
2004-10-27,19.173511505126953,19.537988662719727,19.173511505126953,19.537988662719727,10.345357894897461,1169
2004-10-28,19.548255920410156,19.548255920410156,19.548255920410156,19.548255920410156,10.350794792175293,195
2004-10-29,19.62525749206543,19.85626220703125,19.62525749206543,19.85626220703125,10.513883590698242,1753
2004-11-01,20.01026725769043,20.01026725769043,20.01026725769043,20.01026725769043,10.595429420471191,195
2004-11-02,19.892196655273438,20.12320327758789,19.892196655273438,20.035934448242188,10.609020233154297,2532
2004-11-03,20.035934448242188,20.035934448242188,20.035934448242188,20.035934448242188,10.609020233154297,0
2004-11-04,20.13347053527832,20.277206420898438,20.13347053527832,20.277206420898438,10.736773490905762,1558
2004-11-05,20.277206420898438,20.277206420898438,20.277206420898438,20.277206420898438,10.736773490905762,0
2004-11-08,20.318275451660156,20.564682006835938,20.297740936279297,20.297740936279297,10.74764633178711,3896
2004-11-09,20.574949264526367,20.882957458496094,20.574949264526367,20.616016387939453,10.916173934936523,6428
2004-11-10,20.703285217285156,20.949691772460938,20.472278594970703,20.744352340698242,10.984127044677734,5649
2004-11-11,20.954824447631836,21.07802963256836,20.94455909729004,20.94455909729004,11.090136528015137,2532
2004-11-12,20.816221237182617,21.71457862854004,20.816221237182617,21.534908294677734,11.402726173400879,14415
2004-11-15,21.71971321105957,22.191991806030273,21.71971321105957,22.176591873168945,11.742497444152832,9740
2004-11-16,22.176591873168945,22.233060836791992,22.002052307128906,22.233060836791992,11.772397994995117,2143
2004-11-17,22.114990234375,22.582136154174805,22.114990234375,22.48973274230957,11.908305168151855,6818
2004-11-18,22.587268829345703,22.628337860107422,22.21765899658203,22.628337860107422,11.981697082519531,1169
2004-11-19,22.582136154174805,22.587268829345703,22.4948673248291,22.4948673248291,11.91102409362793,1364
2004-11-22,22.35626220703125,22.35626220703125,22.299795150756836,22.299795150756836,11.807733535766602,390
2004-11-23,22.299795150756836,22.299795150756836,22.299795150756836,22.299795150756836,11.807733535766602,0
2004-11-24,22.36139678955078,22.62320327758789,22.36139678955078,22.62320327758789,11.978978157043457,779
2004-11-26,22.62320327758789,22.62320327758789,22.62320327758789,22.62320327758789,11.978978157043457,0
2004-11-29,22.628337860107422,22.87474250793457,22.628337860107422,22.87474250793457,12.112168312072754,5065
2004-11-30,22.90554428100586,23.459959030151367,22.90554428100586,23.459959030151367,12.422039985656738,13831
2004-12-01,23.495893478393555,24.666324615478516,23.495893478393555,23.93223762512207,12.672111511230469,44414
2004-12-02,23.81930160522461,23.81930160522461,23.095483779907227,23.511293411254883,12.44922161102295,16168
2004-12-03,23.737165451049805,24.22484588623047,23.613962173461914,24.050308227539062,12.73462963104248,8961
2004-12-06,24.229978561401367,24.229978561401367,23.82956886291504,23.82956886291504,12.617748260498047,584
2004-12-07,23.82956886291504,23.82956886291504,23.82956886291504,23.82956886291504,12.617748260498047,0
2004-12-08,24.09137535095215,24.260780334472656,24.09137535095215,24.260780334472656,12.846075057983398,584
2004-12-09,24.09137535095215,24.306982040405273,24.09137535095215,24.306982040405273,12.870538711547852,584
2004-12-10,24.173511505126953,24.173511505126953,24.173511505126953,24.173511505126953,12.79986572265625,390
2004-12-13,24.435317993164062,24.435317993164062,24.435317993164062,24.435317993164062,12.938492774963379,390
2004-12-14,24.532854080200195,24.768993377685547,24.532854080200195,24.768993377685547,13.11517333984375,3506
2004-12-15,24.789527893066406,25.025667190551758,24.789527893066406,25.02053451538086,13.248364448547363,2922
2004-12-16,24.912731170654297,24.912731170654297,24.650924682617188,24.779260635375977,13.120610237121582,2532
2004-12-17,24.912731170654297,25.184804916381836,24.912731170654297,25.184804916381836,13.335345268249512,1753
2004-12-20,25.313142776489258,25.313142776489258,25.056467056274414,25.184804916381836,13.335345268249512,1364
2004-12-21,25.179670333862305,25.179670333862305,25.179670333862305,25.179670333862305,13.332626342773438,390
2004-12-22,25.154003143310547,25.154003143310547,25.154003143310547,25.154003143310547,13.319035530090332,195
2004-12-23,25.025667190551758,25.025667190551758,25.025667190551758,25.025667190551758,13.251082420349121,195
2004-12-27,24.953798294067383,25.025667190551758,24.671457290649414,25.025667190551758,13.251082420349121,4870
2004-12-28,24.974332809448242,25.27207374572754,24.974332809448242,25.27207374572754,13.38155460357666,1753
2004-12-29,25.27207374572754,25.27207374572754,25.27207374572754,25.27207374572754,13.38155460357666,0
2004-12-30,25.154003143310547,25.154003143310547,25.154003143310547,25.154003143310547,13.319035530090332,584
2004-12-31,25.154003143310547,25.154003143310547,25.154003143310547,25.154003143310547,13.319035530090332,0
2005-01-03,24.933265686035156,24.933265686035156,24.804927825927734,24.804927825927734,13.134201049804688,390
2005-01-04,25.071868896484375,25.107803344726562,24.435317993164062,24.491785049438477,12.968391418457031,2338
2005-01-05,24.440452575683594,24.440452575683594,24.17864418029785,24.17864418029785,12.802583694458008,3312
2005-01-06,24.127309799194336,24.127309799194336,23.92197036743164,23.92197036743164,12.666674613952637,1753
2005-01-07,23.998973846435547,23.998973846435547,23.896303176879883,23.901437759399414,12.655802726745605,2143
2005-01-10,23.870637893676758,23.870637893676758,23.79363441467285,23.79363441467285,12.598721504211426,1558
2005-01-11,23.742300033569336,23.860370635986328,23.613962173461914,23.860370635986328,12.634057998657227,1948
2005-01-12,23.880903244018555,23.891170501708984,23.57802963256836,23.81930160522461,12.612312316894531,1364
2005-01-13,23.57802963256836,23.57802963256836,23.495893478393555,23.495893478393555,12.441067695617676,779
2005-01-14,23.593429565429688,23.83983612060547,23.593429565429688,23.83983612060547,12.623185157775879,2532
2005-01-18,23.865503311157227,24.101642608642578,23.865503311157227,23.92197036743164,12.666674613952637,3506
2005-01-19,24.122177124023438,24.383983612060547,24.122177124023438,24.363449096679688,12.900437355041504,2727
2005-01-20,24.158111572265625,24.301847457885742,24.152976989746094,24.301847457885742,12.867819786071777,2727
2005-01-21,24.137577056884766,24.291580200195312,24.137577056884766,24.291580200195312,12.862382888793945,2143
2005-01-24,24.394250869750977,24.88706398010254,24.394250869750977,24.88706398010254,13.177691459655762,3701
2005-01-25,24.89733123779297,24.9075984954834,24.89733123779297,24.9075984954834,13.18856430053711,584
2005-01-26,24.97946548461914,24.97946548461914,24.845996856689453,24.922998428344727,13.1967191696167,1364
2005-01-27,24.804927825927734,24.804927825927734,24.152976989746094,24.383983612060547,12.911311149597168,5065
2005-01-28,24.455852508544922,24.47125244140625,24.455852508544922,24.47125244140625,12.95751953125,779
2005-01-31,24.47638511657715,24.774126052856445,24.47638511657715,24.59445571899414,13.02275562286377,4286
2005-02-01,24.640657424926758,24.722793579101562,24.512319564819336,24.512319564819336,12.979264259338379,2143
2005-02-02,24.46611976623535,24.568788528442383,24.46611976623535,24.568788528442383,13.009164810180664,779
2005-02-03,24.57392120361328,24.57392120361328,24.19917869567871,24.399383544921875,12.919465065002441,2143
2005-02-04,24.409650802612305,24.579055786132812,24.409650802612305,24.579055786132812,13.014601707458496,779
2005-02-07,24.62525749206543,24.948665618896484,24.522586822509766,24.522586822509766,12.984701156616211,8571
2005-02-08,24.640657424926758,24.640657424926758,24.563655853271484,24.614990234375,13.033628463745117,974
2005-02-09,24.46611976623535,24.46611976623535,24.19917869567871,24.19917869567871,12.813456535339355,1364
2005-02-10,24.22484588623047,24.22484588623047,24.21457862854004,24.21457862854004,12.821610450744629,584
2005-02-11,24.486652374267578,24.830595016479492,24.33778190612793,24.645790100097656,13.04993724822998,3896
2005-02-14,24.62525749206543,24.62525749206543,24.111909866333008,24.20431137084961,12.816174507141113,4870
2005-02-15,24.296714782714844,24.62525749206543,24.296714782714844,24.409650802612305,12.924901962280273,1948
2005-02-16,24.614990234375,25.41067886352539,24.440452575683594,24.46098518371582,12.952082633972168,18701
2005-02-17,24.383983612060547,24.383983612060547,24.281314849853516,24.281314849853516,12.856947898864746,1948
2005-02-18,24.36858367919922,24.373716354370117,24.173511505126953,24.173511505126953,12.79986572265625,1364
2005-02-22,24.127309799194336,24.127309799194336,23.511293411254883,23.5626277923584,12.47640323638916,4091
2005-02-23,23.716632843017578,23.834701538085938,23.41375732421875,23.465091705322266,12.424757957458496,8766
2005-02-24,23.485626220703125,23.51642608642578,23.357290267944336,23.40862464904785,12.394858360290527,3506
2005-02-25,23.362422943115234,23.362422943115234,23.28028678894043,23.331621170043945,12.354084968566895,1948
2005-02-28,23.393224716186523,23.475358963012695,23.357290267944336,23.41889190673828,12.40029525756836,5065
2005-03-01,23.58829689025879,23.80903434753418,23.58829689025879,23.66016387939453,12.528048515319824,3506
2005-03-02,23.95277214050293,24.409650802612305,23.95277214050293,24.312114715576172,12.87325668334961,4480
2005-03-03,24.22484588623047,24.435317993164062,24.183778762817383,24.435317993164062,12.938492774963379,2143
2005-03-04,24.440452575683594,24.650924682617188,24.440452575683594,24.517454147338867,12.981983184814453,2143
2005-03-07,24.758726119995117,24.76386070251465,24.35318374633789,24.35318374633789,12.895002365112305,5844
2005-03-08,24.63552474975586,25.25153923034668,24.63552474975586,25.118070602416992,13.300009727478027,7792
2005-03-09,25.25667381286621,25.79568862915039,25.25667381286621,25.636550903320312,13.574544906616211,14415
2005-03-10,25.441478729248047,25.580081939697266,25.42607879638672,25.580081939697266,13.544644355773926,974
2005-03-11,25.65195083618164,25.744352340698242,25.164270401000977,25.472278594970703,13.48756217956543,3117
2005-03-14,25.420944213867188,25.436344146728516,25.41581153869629,25.431211471557617,13.46581745147705,779
2005-03-15,25.37474250793457,25.37474250793457,24.89733123779297,24.89733123779297,13.183128356933594,1753
2005-03-16,24.784393310546875,24.871662139892578,24.409650802612305,24.650924682617188,13.052656173706055,5454
2005-03-17,24.71765899658203,24.73819351196289,24.58932113647461,24.58932113647461,13.020036697387695,1948
2005-03-18,24.496919631958008,24.496919631958008,24.383983612060547,24.409650802612305,12.924901962280273,2532
2005-03-21,24.6201229095459,24.87679672241211,24.6201229095459,24.645790100097656,13.04993724822998,1948
2005-03-22,24.768993377685547,24.768993377685547,24.768993377685547,24.768993377685547,13.11517333984375,195
2005-03-23,24.58418846130371,24.58418846130371,23.860370635986328,24.060575485229492,12.740066528320312,7402
2005-03-24,24.142709732055664,24.440452575683594,24.004106521606445,24.111909866333008,12.767248153686523,2922
2005-03-28,23.81930160522461,23.998973846435547,23.81930160522461,23.870637893676758,12.639493942260742,1558
2005-03-29,23.778234481811523,23.844968795776367,23.665298461914062,23.665298461914062,12.530767440795898,2532
2005-03-30,23.5626277923584,23.906570434570312,23.5626277923584,23.639629364013672,12.517175674438477,2532
2005-03-31,23.521560668945312,23.644763946533203,23.40862464904785,23.613962173461914,12.503584861755371,1948
2005-04-01,23.6498966217041,23.81930160522461,23.5626277923584,23.716632843017578,12.55794906616211,2143
2005-04-04,23.357290267944336,23.665298461914062,22.715606689453125,22.725873947143555,12.033342361450195,9545
2005-04-05,22.741273880004883,22.741273880004883,22.561601638793945,22.561601638793945,11.94636058807373,12078
2005-04-06,22.74640655517578,22.74640655517578,22.715606689453125,22.741273880004883,12.041496276855469,7208
2005-04-07,22.741273880004883,22.741273880004883,22.62320327758789,22.741273880004883,12.041496276855469,3312
2005-04-08,22.90554428100586,23.203285217285156,22.813142776489258,22.813142776489258,12.079550743103027,1169
2005-04-11,23.064682006835938,23.193017959594727,23.03901481628418,23.116016387939453,12.239922523498535,1364
2005-04-12,23.116016387939453,23.116016387939453,23.116016387939453,23.116016387939453,12.239922523498535,0
2005-04-13,23.228952407836914,23.347023010253906,23.228952407836914,23.244352340698242,12.307876586914062,779
2005-04-14,23.388090133666992,23.501026153564453,23.388090133666992,23.41375732421875,12.397576332092285,1558
2005-04-15,23.30082130432129,23.43429183959961,23.054414749145508,23.054414749145508,12.207304954528809,4091
2005-04-18,23.044147491455078,23.193017959594727,23.044147491455078,23.054414749145508,12.207304954528809,1364
2005-04-19,22.92607879638672,23.044147491455078,22.843942642211914,22.843942642211914,12.09585952758789,1558
2005-04-20,22.797740936279297,22.797740936279297,22.7926082611084,22.7926082611084,12.06867790222168,584
2005-04-21,22.843942642211914,23.31108856201172,22.843942642211914,23.31108856201172,12.343213081359863,3312
2005-04-22,23.41375732421875,23.459959030151367,23.074949264526367,23.074949264526367,12.218177795410156,2727
2005-04-25,23.074949264526367,23.14681625366211,22.936344146728516,23.14681625366211,12.256231307983398,3117
2005-04-26,22.936344146728516,22.936344146728516,22.695072174072266,22.695072174072266,12.017032623291016,584
2005-04-27,22.659137725830078,22.992813110351562,22.659137725830078,22.833675384521484,12.090423583984375,4286
2005-04-28,22.808008193969727,22.808008193969727,22.659137725830078,22.659137725830078,11.998005867004395,779
2005-04-29,22.674537658691406,22.802875518798828,22.546201705932617,22.62320327758789,11.978978157043457,2338
2005-05-02,22.700204849243164,22.700204849243164,22.433265686035156,22.433265686035156,11.878406524658203,2922
2005-05-03,22.669404983520508,22.92607879638672,22.669404983520508,22.92607879638672,12.139350891113281,1364
2005-05-04,22.951744079589844,23.655031204223633,22.951744079589844,23.655031204223633,12.525330543518066,2922
2005-05-05,23.316221237182617,23.316221237182617,23.187885284423828,23.187885284423828,12.277976989746094,779
2005-05-06,23.44455909729004,23.572895050048828,23.14681625366211,23.572895050048828,12.481840133666992,1558
2005-05-09,23.70123291015625,23.906570434570312,23.675565719604492,23.906570434570312,12.658520698547363,2143
2005-05-10,23.70123291015625,23.70123291015625,23.68069839477539,23.68069839477539,12.538921356201172,390
2005-05-11,23.70123291015625,23.70123291015625,23.187885284423828,23.187885284423828,12.277976989746094,1753
2005-05-12,23.059547424316406,23.059547424316406,22.982545852661133,23.059547424316406,12.21002197265625,974
2005-05-13,23.187885284423828,23.316221237182617,22.931211471557617,22.931211471557617,12.142068862915039,3506
2005-05-16,22.802875518798828,22.802875518798828,22.60266876220703,22.60266876220703,11.96810531616211,974
2005-05-17,22.551334381103516,22.587268829345703,22.422998428344727,22.484600067138672,11.905588150024414,3701
2005-05-18,22.587268829345703,23.085216522216797,22.551334381103516,22.551334381103516,11.940923690795898,3506
2005-05-19,22.679670333862305,23.049280166625977,22.679670333862305,22.869609832763672,12.109450340270996,2143
2005-05-20,23.049280166625977,23.459959030151367,23.049280166625977,23.459959030151367,12.422039985656738,974
2005-05-23,23.449691772460938,23.608829498291016,23.193017959594727,23.608829498291016,12.500866889953613,2338
2005-05-24,23.608829498291016,23.608829498291016,23.608829498291016,23.608829498291016,12.500866889953613,0
2005-05-25,23.367555618286133,23.367555618286133,23.14681625366211,23.193017959594727,12.280694961547852,1753
2005-05-26,23.193017959594727,23.193017959594727,23.193017959594727,23.193017959594727,12.280694961547852,0
2005-05-27,23.193017959594727,23.193017959594727,23.193017959594727,23.193017959594727,12.280694961547852,0
2005-05-31,23.110883712768555,23.110883712768555,22.982545852661133,22.982545852661133,12.169249534606934,974
2005-06-01,22.982545852661133,22.982545852661133,22.982545852661133,22.982545852661133,12.169249534606934,0
2005-06-02,22.972278594970703,23.12114906311035,22.972278594970703,23.12114906311035,12.242640495300293,974
2005-06-03,23.239219665527344,23.367555618286133,22.982545852661133,22.982545852661133,12.169249534606934,2532
2005-06-06,22.997947692871094,23.254619598388672,22.869609832763672,22.997947692871094,12.17740535736084,2338
2005-06-07,23.110883712768555,23.382957458496094,23.054414749145508,23.054414749145508,12.207304954528809,2338
2005-06-08,23.18275260925293,23.316221237182617,23.18275260925293,23.316221237182617,12.345931053161621,584
2005-06-09,23.382957458496094,23.639629364013672,23.382957458496094,23.639629364013672,12.517175674438477,3117
2005-06-10,23.726898193359375,23.870637893676758,23.716632843017578,23.870637893676758,12.639493942260742,1169
2005-06-13,23.870637893676758,23.870637893676758,23.870637893676758,23.870637893676758,12.639493942260742,0
2005-06-14,23.896303176879883,24.20431137084961,23.896303176879883,24.20431137084961,12.816174507141113,2532
2005-06-15,24.101642608642578,24.183778762817383,24.101642608642578,24.183778762817383,12.805302619934082,1169
2005-06-16,24.050308227539062,24.496919631958008,24.050308227539062,24.496919631958008,12.971110343933105,3701
2005-06-17,24.445585250854492,24.96919822692871,24.281314849853516,24.96919822692871,13.221181869506836,16168
2005-06-20,24.794660568237305,25.066734313964844,24.794660568237305,25.051334381103516,13.264673233032227,4870
2005-06-21,25.13860321044922,25.25667381286621,25.118070602416992,25.25153923034668,13.370680809020996,1948
2005-06-22,25.328542709350586,25.52361488342285,25.318275451660156,25.40041160583496,13.449508666992188,2922
2005-06-23,25.53901481628418,25.564682006835938,25.41067886352539,25.564682006835938,13.536490440368652,3117
2005-06-24,25.436344146728516,25.564682006835938,25.3798770904541,25.564682006835938,13.536490440368652,3701
2005-06-27,25.482545852661133,25.482545852661133,24.96919822692871,24.96919822692871,13.221181869506836,1753
2005-06-28,24.96919822692871,25.077001571655273,24.96919822692871,25.077001571655273,13.278263092041016,974
2005-06-29,25.046201705932617,25.046201705932617,25.046201705932617,25.046201705932617,13.261955261230469,195
2005-06-30,25.046201705932617,25.046201705932617,25.046201705932617,25.046201705932617,13.261955261230469,0
2005-07-01,25.046201705932617,25.046201705932617,25.046201705932617,25.046201705932617,13.261955261230469,0
2005-07-05,24.758726119995117,24.768993377685547,24.409650802612305,24.73819351196289,13.098864555358887,3312
2005-07-06,24.640657424926758,24.948665618896484,24.640657424926758,24.948665618896484,13.210309982299805,779
2005-07-07,24.74332618713379,24.948665618896484,24.74332618713379,24.948665618896484,13.210309982299805,1169
2005-07-08,24.96919822692871,25.25667381286621,24.96919822692871,25.128337860107422,13.305445671081543,1948
2005-07-11,25.25667381286621,25.359342575073242,25.215606689453125,25.28234100341797,13.386990547180176,4675
2005-07-12,25.39527702331543,25.564682006835938,25.39527702331543,25.559547424316406,13.533771514892578,1169
2005-07-13,25.41581153869629,25.41581153869629,25.41581153869629,25.41581153869629,13.457663536071777,195
2005-07-14,25.164270401000977,25.164270401000977,24.74846076965332,25.077001571655273,13.278263092041016,9156
2005-07-15,25.26180648803711,25.266939163208008,25.241273880004883,25.24640655517578,13.367963790893555,2532
2005-07-18,25.25153923034668,25.25153923034668,25.25153923034668,25.25153923034668,13.370680809020996,584
2005-07-19,25.015399932861328,25.200204849243164,25.01026725769043,25.200204849243164,13.343499183654785,974
2005-07-20,25.205339431762695,25.585216522216797,24.794660568237305,25.585216522216797,13.54736328125,6234
2005-07-21,25.200204849243164,25.308008193969727,24.86652946472168,25.308008193969727,13.400581359863281,3506
2005-07-22,25.39014434814453,26.05236053466797,25.39014434814453,26.001026153564453,13.767534255981445,5844
2005-07-25,26.001026153564453,26.129362106323242,25.77515411376953,25.77515411376953,13.647934913635254,2532
2005-07-26,25.92402458190918,26.129362106323242,25.549280166625977,26.129362106323242,13.835488319396973,5454
2005-07-27,25.995893478393555,25.995893478393555,25.51848030090332,25.93429183959961,13.732198715209961,2727
2005-07-28,25.693017959594727,25.693017959594727,25.693017959594727,25.693017959594727,13.604443550109863,195
2005-07-29,25.693017959594727,25.693017959594727,25.40554428100586,25.40554428100586,13.452226638793945,779
2005-08-01,25.40554428100586,25.40554428100586,25.40554428100586,25.40554428100586,13.452226638793945,0
2005-08-02,25.287473678588867,25.79568862915039,25.287473678588867,25.569814682006836,13.539207458496094,2922
2005-08-03,25.385009765625,25.580081939697266,25.385009765625,25.569814682006836,13.539207458496094,1558
2005-08-04,25.53388023376465,25.66735076904297,25.462011337280273,25.66735076904297,13.590853691101074,2143
2005-08-05,25.482545852661133,25.482545852661133,25.087268829345703,25.087268829345703,13.283699989318848,974
2005-08-08,25.082136154174805,25.082136154174805,24.799795150756836,24.902463912963867,13.185846328735352,1364
2005-08-09,25.041067123413086,25.297740936279297,25.041067123413086,25.082136154174805,13.28098201751709,974
2005-08-10,24.892196655273438,25.02053451538086,24.892196655273438,25.02053451538086,13.248364448547363,974
2005-08-11,25.015399932861328,26.006160736083984,25.0051326751709,25.770021438598633,13.645216941833496,5649
2005-08-12,25.862422943115234,26.16016387939453,25.749486923217773,25.749486923217773,13.634344100952148,974
2005-08-15,25.888090133666992,25.888090133666992,25.610883712768555,25.82135581970215,13.672398567199707,1364
2005-08-16,25.985626220703125,25.985626220703125,25.728952407836914,25.728952407836914,13.6234712600708,1169
2005-08-17,25.985626220703125,26.17043113708496,25.985626220703125,26.17043113708496,13.857234001159668,584
2005-08-18,25.882957458496094,25.949691772460938,25.7648868560791,25.7648868560791,13.642498970031738,974
2005-08-19,25.80595588684082,25.852155685424805,25.80595588684082,25.852155685424805,13.68870735168457,779
2005-08-22,25.472278594970703,25.872690200805664,25.472278594970703,25.728952407836914,13.6234712600708,3312
2005-08-23,25.872690200805664,25.872690200805664,25.872690200805664,25.872690200805664,13.699580192565918,1364
2005-08-24,25.985626220703125,26.18069839477539,25.94455909729004,25.94455909729004,13.737634658813477,1364
2005-08-25,25.980493545532227,25.980493545532227,25.980493545532227,25.980493545532227,13.756662368774414,195
2005-08-26,25.980493545532227,25.980493545532227,25.980493545532227,25.980493545532227,13.756662368774414,0
2005-08-29,25.985626220703125,26.20636558532715,25.970226287841797,26.20636558532715,13.876261711120605,1364
2005-08-30,25.965091705322266,26.416837692260742,25.965091705322266,26.416837692260742,13.987706184387207,1948
2005-08-31,26.370637893676758,26.940452575683594,26.226898193359375,26.86858367919922,14.226905822753906,5844
2005-09-01,26.812114715576172,27.032854080200195,26.68891143798828,27.032854080200195,14.313886642456055,1364
2005-09-02,27.07392120361328,27.07392120361328,27.07392120361328,27.07392120361328,14.335631370544434,195
2005-09-06,27.079055786132812,27.4948673248291,27.079055786132812,27.4948673248291,14.55852222442627,2143
2005-09-07,13.860369682312012,14.425050735473633,13.860369682312012,14.373717308044434,14.373717308044434,6818
2005-09-08,14.296714782714844,14.496919631958008,13.921971321105957,13.921971321105957,13.921971321105957,3117
2005-09-09,13.870636940002441,13.870636940002441,13.583162307739258,13.829568862915039,13.829568862915039,2143
2005-09-12,13.87576961517334,14.435317993164062,13.87576961517334,14.40451717376709,14.40451717376709,3701
2005-09-13,14.502053260803223,14.630390167236328,14.496919631958008,14.496919631958008,14.496919631958008,1169
2005-09-14,14.527721405029297,14.887063980102539,14.527721405029297,14.784394264221191,14.784394264221191,4870
2005-09-15,14.691991806030273,14.707391738891602,14.553387641906738,14.553387641906738,14.553387641906738,1364
2005-09-16,14.702259063720703,14.702259063720703,14.702259063720703,14.702259063720703,14.702259063720703,195
2005-09-19,14.707391738891602,14.707391738891602,14.27104663848877,14.27104663848877,14.27104663848877,2727
2005-09-20,14.301848411560059,14.640657424926758,14.301848411560059,14.640657424926758,14.640657424926758,1948
2005-09-21,14.363450050354004,14.363450050354004,14.34804916381836,14.353182792663574,14.353182792663574,4480
2005-09-22,14.353182792663574,14.353182792663574,14.127309799194336,14.147844314575195,14.147844314575195,3701
2005-09-23,14.245380401611328,14.460986137390137,14.245380401611328,14.445585250854492,14.445585250854492,2532
2005-09-26,14.291581153869629,14.296714782714844,14.2761812210083,14.2761812210083,14.2761812210083,1364
2005-09-27,14.158110618591309,14.168377876281738,14.091376304626465,14.091376304626465,14.091376304626465,1948
2005-09-28,14.091376304626465,14.091376304626465,14.091376304626465,14.091376304626465,14.091376304626465,0
2005-09-29,14.07597541809082,14.27104663848877,14.045174598693848,14.168377876281738,14.168377876281738,32142
2005-09-30,14.301848411560059,14.717658996582031,14.296714782714844,14.717658996582031,14.717658996582031,2922
2005-10-03,14.887063980102539,15.071868896484375,14.635523796081543,14.681724548339844,14.681724548339844,5844
2005-10-04,14.763859748840332,14.763859748840332,14.573922157287598,14.584189414978027,14.584189414978027,1364
2005-10-05,14.584189414978027,14.753593444824219,14.584189414978027,14.60472297668457,14.60472297668457,1558
2005-10-06,14.59445571899414,14.712526321411133,14.476386070251465,14.476386070251465,14.476386070251465,1558
2005-10-07,14.460986137390137,14.460986137390137,14.204312324523926,14.204312324523926,14.204312324523926,1169
2005-10-10,14.163244247436523,14.214578628540039,14.163244247436523,14.20944595336914,14.20944595336914,779
2005-10-11,14.214578628540039,14.332649230957031,14.214578628540039,14.229978561401367,14.229978561401367,1364
2005-10-12,14.07597541809082,14.250513076782227,13.752567291259766,13.834701538085938,13.834701538085938,21233
2005-10-13,13.767967224121094,13.911704063415527,13.449691772460938,13.449691772460938,13.449691772460938,6818
2005-10-14,13.562627792358398,13.578028678894043,13.285421371459961,13.578028678894043,13.578028678894043,5454
2005-10-17,13.721766471862793,13.721766471862793,13.572895050048828,13.608830451965332,13.608830451965332,4870
2005-10-18,13.49075984954834,13.542094230651855,13.49075984954834,13.516427040100098,13.516427040100098,974
2005-10-19,13.393223762512207,13.542094230651855,13.382957458496094,13.542094230651855,13.542094230651855,1753
2005-10-20,13.578028678894043,13.701231956481934,13.578028678894043,13.701231956481934,13.701231956481934,2532
2005-10-21,13.706365585327148,13.829568862915039,13.449691772460938,13.824435234069824,13.824435234069824,4286
2005-10-24,13.834701538085938,13.911704063415527,13.834701538085938,13.911704063415527,13.911704063415527,779
2005-10-25,14.034908294677734,14.034908294677734,13.8963041305542,13.983572959899902,13.983572959899902,2338
2005-10-26,13.911704063415527,13.911704063415527,13.68069839477539,13.68069839477539,13.68069839477539,584
2005-10-27,13.762833595275879,13.968172073364258,13.50102710723877,13.5112943649292,13.5112943649292,16168
2005-10-28,13.5112943649292,13.5112943649292,13.5112943649292,13.5112943649292,13.5112943649292,0
2005-10-31,13.495892524719238,13.5574951171875,13.495892524719238,13.5574951171875,13.5574951171875,2922
2005-11-01,13.5574951171875,13.5574951171875,13.5574951171875,13.5574951171875,13.5574951171875,0
2005-11-02,13.459959030151367,13.572895050048828,13.459959030151367,13.572895050048828,13.572895050048828,974
2005-11-03,13.747432708740234,13.747432708740234,13.747432708740234,13.747432708740234,13.747432708740234,195
2005-11-04,13.747432708740234,13.747432708740234,13.747432708740234,13.747432708740234,13.747432708740234,0
2005-11-07,13.578028678894043,13.809035301208496,13.578028678894043,13.809035301208496,13.809035301208496,11493
2005-11-08,13.783368110656738,13.957905769348145,13.783368110656738,13.957905769348145,13.957905769348145,1169
2005-11-09,13.855236053466797,13.93223762512207,13.855236053466797,13.93223762512207,13.93223762512207,974
2005-11-10,13.788500785827637,13.824435234069824,13.685832023620605,13.809035301208496,13.809035301208496,15000
2005-11-11,13.947639465332031,13.947639465332031,13.675564765930176,13.675564765930176,13.675564765930176,2922
2005-11-14,13.844968795776367,13.844968795776367,13.6036958694458,13.6036958694458,13.6036958694458,584
2005-11-15,13.521560668945312,13.521560668945312,13.264886856079102,13.264886856079102,13.264886856079102,584
2005-11-16,13.203285217285156,13.2186861038208,13.08521556854248,13.2186861038208,13.2186861038208,5260
2005-11-17,13.213552474975586,13.393223762512207,13.208418846130371,13.388090133666992,13.388090133666992,2727
2005-11-18,13.62423038482666,13.62423038482666,13.50102710723877,13.562627792358398,13.562627792358398,5065
2005-11-21,13.562627792358398,13.562627792358398,13.562627792358398,13.562627792358398,13.562627792358398,0
2005-11-22,13.264886856079102,13.264886856079102,13.2238187789917,13.249486923217773,13.249486923217773,974
2005-11-23,13.208418846130371,13.208418846130371,13.08521556854248,13.08521556854248,13.08521556854248,1364
2005-11-25,13.08521556854248,13.08521556854248,13.08521556854248,13.08521556854248,13.08521556854248,0
2005-11-28,12.96201229095459,12.96201229095459,12.90554428100586,12.90554428100586,12.90554428100586,390
2005-11-29,12.967145919799805,13.064682006835938,12.571868896484375,12.571868896484375,12.571868896484375,19090
2005-11-30,12.530800819396973,12.582136154174805,12.053387641906738,12.063654899597168,12.063654899597168,23376
2005-12-01,12.202259063720703,12.43326473236084,12.202259063720703,12.238192558288574,12.238192558288574,11493
2005-12-02,12.325462341308594,12.448664665222168,12.325462341308594,12.448664665222168,12.448664665222168,7013
2005-12-05,12.43326473236084,12.43326473236084,12.156057357788086,12.207391738891602,12.207391738891602,7402
2005-12-06,12.207391738891602,12.207391738891602,12.207391738891602,12.207391738891602,12.207391738891602,0
2005-12-07,12.448664665222168,12.448664665222168,12.43326473236084,12.448664665222168,12.448664665222168,584
2005-12-08,12.448664665222168,12.633469581604004,12.325462341308594,12.325462341308594,12.325462341308594,10714
2005-12-09,12.325462341308594,12.325462341308594,12.114990234375,12.202259063720703,12.202259063720703,7402
2005-12-12,12.068788528442383,12.289527893066406,12.068788528442383,12.289527893066406,12.289527893066406,779
2005-12-13,12.289527893066406,12.289527893066406,12.289527893066406,12.289527893066406,12.289527893066406,0
2005-12-14,12.289527893066406,12.289527893066406,12.289527893066406,12.289527893066406,12.289527893066406,0
2005-12-15,12.289527893066406,12.289527893066406,12.289527893066406,12.289527893066406,12.289527893066406,0
2005-12-16,12.289527893066406,12.289527893066406,12.289527893066406,12.289527893066406,12.289527893066406,0
2005-12-19,12.289527893066406,12.289527893066406,12.289527893066406,12.289527893066406,12.289527893066406,0
2005-12-20,12.063654899597168,12.243326187133789,11.966118812561035,12.012319564819336,12.012319564819336,18116
2005-12-21,12.012319564819336,12.063654899597168,11.570841789245605,11.57597541809082,11.57597541809082,20649
2005-12-22,11.652976989746094,11.668377876281738,11.411704063415527,11.411704063415527,11.411704063415527,5065
2005-12-23,11.596508979797363,11.596508979797363,11.596508979797363,11.596508979797363,11.596508979797363,390
2005-12-27,11.447639465332031,11.4887056350708,11.370636940002441,11.4887056350708,11.4887056350708,1753
2005-12-28,11.57597541809082,11.57597541809082,11.57597541809082,11.57597541809082,11.57597541809082,4286
2005-12-29,11.673510551452637,11.673510551452637,11.673510551452637,11.673510551452637,11.673510551452637,195
2005-12-30,11.668377876281738,11.678645133972168,11.617042541503906,11.668377876281738,11.668377876281738,4286
2006-01-03,11.504107475280762,11.504107475280762,11.473305702209473,11.473305702209473,11.473305702209473,974
2006-01-04,11.473305702209473,11.473305702209473,11.473305702209473,11.473305702209473,11.473305702209473,195
2006-01-05,11.534908294677734,11.534908294677734,11.534908294677734,11.534908294677734,11.534908294677734,390
2006-01-06,11.581109046936035,11.581109046936035,11.529773712158203,11.529773712158203,11.529773712158203,7597
2006-01-09,11.529773712158203,11.529773712158203,11.529773712158203,11.529773712158203,11.529773712158203,2922
2006-01-10,11.529773712158203,11.529773712158203,11.267967224121094,11.303900718688965,11.303900718688965,11688
2006-01-11,11.416837692260742,11.673510551452637,11.416837692260742,11.550308227539062,11.550308227539062,1558
2006-01-12,11.550308227539062,11.550308227539062,11.550308227539062,11.550308227539062,11.550308227539062,0
2006-01-13,11.524641036987305,11.581109046936035,11.43223762512207,11.43223762512207,11.43223762512207,1753
2006-01-17,11.43223762512207,11.43223762512207,11.43223762512207,11.43223762512207,11.43223762512207,0
2006-01-18,11.165298461914062,11.278233528137207,11.165298461914062,11.278233528137207,11.278233528137207,584
2006-01-19,11.293634414672852,11.309035301208496,11.293634414672852,11.309035301208496,11.309035301208496,1169
2006-01-20,11.406571388244629,11.406571388244629,11.314167976379395,11.314167976379395,11.314167976379395,779
2006-01-23,11.278233528137207,11.293634414672852,11.278233528137207,11.293634414672852,11.293634414672852,390
2006-01-24,11.278233528137207,11.288500785827637,11.278233528137207,11.288500785827637,11.288500785827637,1364
2006-01-25,11.185832023620605,11.293634414672852,11.155031204223633,11.160163879394531,11.160163879394531,11493
2006-01-26,11.139630317687988,11.139630317687988,11.139630317687988,11.139630317687988,11.139630317687988,1753
2006-01-27,11.262833595275879,11.267967224121094,11.160163879394531,11.160163879394531,11.160163879394531,8182
2006-01-30,11.175564765930176,11.175564765930176,11.175564765930176,11.175564765930176,11.175564765930176,195
2006-01-31,11.175564765930176,11.175564765930176,11.175564765930176,11.175564765930176,11.175564765930176,0
2006-02-01,11.108830451965332,11.108830451965332,11.108830451965332,11.108830451965332,11.108830451965332,195
2006-02-02,11.062627792358398,11.062627792358398,10.805954933166504,10.805954933166504,10.805954933166504,2727
2006-02-03,10.78028678894043,10.78028678894043,10.626282691955566,10.626282691955566,10.626282691955566,1558
2006-02-06,10.626282691955566,10.631417274475098,10.508213996887207,10.513346672058105,10.513346672058105,11883
2006-02-07,10.544148445129395,10.544148445129395,10.385009765625,10.385009765625,10.385009765625,1948
2006-02-08,10.51848030090332,10.554414749145508,10.343942642211914,10.343942642211914,10.343942642211914,2338
2006-02-09,10.446612358093262,10.523613929748535,10.446612358093262,10.508213996887207,10.508213996887207,974
2006-02-10,10.508213996887207,10.508213996887207,10.508213996887207,10.508213996887207,10.508213996887207,0
2006-02-13,10.523613929748535,10.667350769042969,10.523613929748535,10.667350769042969,10.667350769042969,390
2006-02-14,10.667350769042969,10.667350769042969,10.667350769042969,10.667350769042969,10.667350769042969,0
2006-02-15,10.657084465026855,10.657084465026855,10.559548377990723,10.641683578491211,10.641683578491211,5649
2006-02-16,10.641683578491211,10.641683578491211,10.641683578491211,10.641683578491211,10.641683578491211,0
2006-02-17,10.641683578491211,10.641683578491211,10.641683578491211,10.641683578491211,10.641683578491211,0
2006-02-21,10.641683578491211,10.641683578491211,10.641683578491211,10.641683578491211,10.641683578491211,0
2006-02-22,10.523613929748535,10.523613929748535,10.508213996887207,10.523613929748535,10.523613929748535,2338
2006-02-23,10.677618026733398,10.893223762512207,10.343942642211914,10.343942642211914,10.343942642211914,27272
2006-02-24,10.492813110351562,10.657084465026855,10.472278594970703,10.523613929748535,10.523613929748535,2143
2006-02-27,10.698151588439941,10.698151588439941,10.698151588439941,10.698151588439941,10.698151588439941,195
2006-02-28,10.703285217285156,10.703285217285156,10.508213996887207,10.523613929748535,10.523613929748535,9350
2006-03-01,10.523613929748535,10.523613929748535,10.323409080505371,10.369609832763672,10.369609832763672,9740
2006-03-02,10.369609832763672,10.369609832763672,10.369609832763672,10.369609832763672,10.369609832763672,0
2006-03-03,10.7186861038208,10.7186861038208,10.7186861038208,10.7186861038208,10.7186861038208,195
2006-03-06,10.908623695373535,10.908623695373535,10.508213996887207,10.508213996887207,10.508213996887207,1169
2006-03-07,10.508213996887207,10.508213996887207,10.508213996887207,10.508213996887207,10.508213996887207,0
2006-03-08,10.287473678588867,10.287473678588867,10.200204849243164,10.210472106933594,10.210472106933594,1948
2006-03-09,10.39527702331543,10.713552474975586,10.292608261108398,10.544148445129395,10.544148445129395,31947
2006-03-10,10.523613929748535,10.626282691955566,10.508213996887207,10.508213996887207,10.508213996887207,4286
2006-03-13,10.523613929748535,10.523613929748535,10.266940116882324,10.420945167541504,10.420945167541504,1948
2006-03-14,10.420945167541504,10.420945167541504,10.420945167541504,10.420945167541504,10.420945167541504,0
2006-03-15,10.359342575073242,10.359342575073242,10.359342575073242,10.359342575073242,10.359342575073242,195
2006-03-16,10.102668762207031,10.112936019897461,10.082136154174805,10.082136154174805,10.082136154174805,3896
2006-03-17,10.01026725769043,10.01026725769043,9.779260635375977,9.779260635375977,9.779260635375977,2922
2006-03-20,9.830595016479492,9.856263160705566,9.830595016479492,9.856263160705566,9.856263160705566,2922
2006-03-21,9.917863845825195,9.917863845825195,9.917863845825195,9.917863845825195,9.917863845825195,195
2006-03-22,9.917863845825195,9.917863845825195,9.917863845825195,9.917863845825195,9.917863845825195,0
2006-03-23,10.323409080505371,10.698151588439941,10.323409080505371,10.682751655578613,10.682751655578613,4675
2006-03-24,10.574949264526367,10.626282691955566,10.574949264526367,10.626282691955566,10.626282691955566,1753
2006-03-27,10.626282691955566,10.626282691955566,10.626282691955566,10.626282691955566,10.626282691955566,0
2006-03-28,10.523613929748535,10.523613929748535,10.523613929748535,10.523613929748535,10.523613929748535,1169
2006-03-29,10.523613929748535,10.523613929748535,10.523613929748535,10.523613929748535,10.523613929748535,0
2006-03-30,10.523613929748535,10.523613929748535,10.523613929748535,10.523613929748535,10.523613929748535,0
2006-03-31,10.703285217285156,10.944559097290039,10.677618026733398,10.677618026733398,10.677618026733398,3701
2006-04-03,11.139630317687988,11.139630317687988,10.795687675476074,10.811087608337402,10.811087608337402,1169
2006-04-04,11.165298461914062,11.190964698791504,11.165298461914062,11.190964698791504,11.190964698791504,390
2006-04-05,11.293634414672852,11.550308227539062,11.267967224121094,11.267967224121094,11.267967224121094,3312
2006-04-06,11.267967224121094,11.267967224121094,11.267967224121094,11.267967224121094,11.267967224121094,0
2006-04-07,11.267967224121094,11.267967224121094,11.267967224121094,11.267967224121094,11.267967224121094,0
2006-04-10,11.267967224121094,11.267967224121094,11.267967224121094,11.267967224121094,11.267967224121094,0
2006-04-11,11.524641036987305,11.524641036987305,10.523613929748535,10.523613929748535,10.523613929748535,390
2006-04-12,10.523613929748535,10.523613929748535,10.523613929748535,10.523613929748535,10.523613929748535,0
2006-04-13,10.523613929748535,10.523613929748535,10.523613929748535,10.523613929748535,10.523613929748535,0
2006-04-17,10.523613929748535,10.523613929748535,10.523613929748535,10.523613929748535,10.523613929748535,0
2006-04-18,10.523613929748535,10.523613929748535,10.523613929748535,10.523613929748535,10.523613929748535,0
2006-04-19,10.600616455078125,10.600616455078125,10.590349197387695,10.590349197387695,10.590349197387695,7792
2006-04-20,10.78028678894043,10.78028678894043,10.78028678894043,10.78028678894043,10.78028678894043,390
2006-04-21,10.857290267944336,10.857290267944336,10.805954933166504,10.805954933166504,10.805954933166504,3117
2006-04-24,10.677618026733398,10.677618026733398,10.677618026733398,10.677618026733398,10.677618026733398,195
2006-04-25,11.021560668945312,11.021560668945312,10.616016387939453,10.847023010253906,10.847023010253906,1169
2006-04-26,10.949691772460938,10.949691772460938,10.949691772460938,10.949691772460938,10.949691772460938,195
2006-04-27,11.334701538085938,11.334701538085938,11.221766471862793,11.221766471862793,11.221766471862793,974
2006-04-28,11.221766471862793,11.221766471862793,11.221766471862793,11.221766471862793,11.221766471862793,0
2006-05-01,10.600616455078125,10.600616455078125,10.600616455078125,10.600616455078125,10.600616455078125,195
2006-05-02,10.882957458496094,10.898357391357422,10.882957458496094,10.898357391357422,10.898357391357422,390
2006-05-03,10.898357391357422,10.898357391357422,10.898357391357422,10.898357391357422,10.898357391357422,974
2006-05-04,10.898357391357422,10.898357391357422,10.898357391357422,10.898357391357422,10.898357391357422,0
2006-05-05,10.898357391357422,10.898357391357422,10.898357391357422,10.898357391357422,10.898357391357422,0
2006-05-08,10.898357391357422,10.898357391357422,10.898357391357422,10.898357391357422,10.898357391357422,0
2006-05-09,10.236140251159668,10.236140251159668,10.236140251159668,10.236140251159668,10.236140251159668,584
2006-05-10,10.236140251159668,10.236140251159668,10.236140251159668,10.236140251159668,10.236140251159668,0
2006-05-11,11.493840217590332,11.550308227539062,11.03696060180664,11.03696060180664,11.03696060180664,3312
2006-05-12,11.38603687286377,11.540040969848633,11.088295936584473,11.309035301208496,11.309035301208496,11493
2006-05-15,11.534908294677734,11.7813138961792,11.473305702209473,11.7813138961792,11.7813138961792,5454
2006-05-16,12.202259063720703,12.371663093566895,12.156057357788086,12.294660568237305,12.294660568237305,5649
2006-05-17,12.294660568237305,12.294660568237305,12.294660568237305,12.294660568237305,12.294660568237305,0
2006-05-18,12.140657424926758,12.140657424926758,12.140657424926758,12.140657424926758,12.140657424926758,195
2006-05-19,12.140657424926758,12.140657424926758,12.140657424926758,12.140657424926758,12.140657424926758,0
2006-05-22,12.140657424926758,12.140657424926758,12.140657424926758,12.140657424926758,12.140657424926758,0
2006-05-23,12.268994331359863,12.315195083618164,12.268994331359863,12.315195083618164,12.315195083618164,390
2006-05-24,11.996919631958008,11.996919631958008,11.647844314575195,11.755646705627441,11.755646705627441,1753
2006-05-25,11.755646705627441,11.755646705627441,11.755646705627441,11.755646705627441,11.755646705627441,0
2006-05-26,12.053387641906738,12.053387641906738,12.053387641906738,12.053387641906738,12.053387641906738,390
2006-05-30,12.053387641906738,12.053387641906738,12.053387641906738,12.053387641906738,12.053387641906738,0
2006-05-31,12.053387641906738,12.053387641906738,12.053387641906738,12.053387641906738,12.053387641906738,0
2006-06-01,12.130390167236328,12.130390167236328,12.130390167236328,12.130390167236328,12.130390167236328,390
2006-06-02,12.130390167236328,12.130390167236328,12.130390167236328,12.130390167236328,12.130390167236328,0
2006-06-05,12.279260635375977,12.412731170654297,12.186858177185059,12.186858177185059,12.186858177185059,779
2006-06-06,12.04825496673584,12.04825496673584,12.04825496673584,12.04825496673584,12.04825496673584,195
2006-06-07,12.04825496673584,12.09445571899414,12.04825496673584,12.09445571899414,12.09445571899414,779
2006-06-08,12.181724548339844,12.181724548339844,12.181724548339844,12.181724548339844,12.181724548339844,390
2006-06-09,12.04825496673584,12.04825496673584,12.04825496673584,12.04825496673584,12.04825496673584,584
2006-06-12,12.04825496673584,12.04825496673584,12.04825496673584,12.04825496673584,12.04825496673584,0
2006-06-13,12.03798770904541,12.03798770904541,12.03798770904541,12.03798770904541,12.03798770904541,974
2006-06-14,11.71971321105957,12.063654899597168,11.71971321105957,11.7813138961792,11.7813138961792,4870
2006-06-15,12.027721405029297,12.125256538391113,12.027721405029297,12.125256538391113,12.125256538391113,1169
2006-06-16,12.125256538391113,12.125256538391113,12.125256538391113,12.125256538391113,12.125256538391113,0
2006-06-19,12.04825496673584,12.04825496673584,11.8275146484375,12.04825496673584,12.04825496673584,3117
2006-06-20,12.04825496673584,12.04825496673584,12.04825496673584,12.04825496673584,12.04825496673584,0
2006-06-21,12.04825496673584,12.04825496673584,12.04825496673584,12.04825496673584,12.04825496673584,0
2006-06-22,11.699178695678711,11.699178695678711,11.699178695678711,11.699178695678711,11.699178695678711,195
2006-06-23,11.601642608642578,11.601642608642578,11.601642608642578,11.601642608642578,11.601642608642578,1169
2006-06-26,11.49897289276123,11.49897289276123,11.493840217590332,11.493840217590332,11.493840217590332,390
2006-06-27,11.298768043518066,11.298768043518066,11.216631889343262,11.216631889343262,11.216631889343262,390
2006-06-28,11.216631889343262,11.216631889343262,11.216631889343262,11.216631889343262,11.216631889343262,0
2006-06-29,11.1036958694458,11.257699966430664,11.1036958694458,11.257699966430664,11.257699966430664,779
2006-06-30,11.242300033569336,11.247432708740234,11.242300033569336,11.247432708740234,11.247432708740234,584
2006-07-03,11.247432708740234,11.247432708740234,11.247432708740234,11.247432708740234,11.247432708740234,0
2006-07-05,11.247432708740234,11.247432708740234,11.247432708740234,11.247432708740234,11.247432708740234,0
2006-07-06,11.247432708740234,11.247432708740234,11.247432708740234,11.247432708740234,11.247432708740234,0
2006-07-07,11.247432708740234,11.247432708740234,11.247432708740234,11.247432708740234,11.247432708740234,0
2006-07-10,11.06776237487793,11.06776237487793,11.06776237487793,11.06776237487793,11.06776237487793,974
2006-07-11,11.03696060180664,11.062627792358398,11.0112943649292,11.062627792358398,11.062627792358398,5844
2006-07-12,11.062627792358398,11.062627792358398,11.062627792358398,11.062627792358398,11.062627792358398,0
2006-07-13,11.062627792358398,11.062627792358398,11.062627792358398,11.062627792358398,11.062627792358398,0
2006-07-14,11.062627792358398,11.062627792358398,11.062627792358398,11.062627792358398,11.062627792358398,0
2006-07-17,11.062627792358398,11.062627792358398,11.062627792358398,11.062627792358398,11.062627792358398,0
2006-07-18,11.119096755981445,11.119096755981445,11.119096755981445,11.119096755981445,11.119096755981445,584
2006-07-19,10.708418846130371,10.708418846130371,10.708418846130371,10.708418846130371,10.708418846130371,390
2006-07-20,10.708418846130371,10.708418846130371,10.708418846130371,10.708418846130371,10.708418846130371,0
2006-07-21,10.708418846130371,10.708418846130371,10.708418846130371,10.708418846130371,10.708418846130371,0
2006-07-24,10.965091705322266,11.03696060180664,10.965091705322266,11.03696060180664,11.03696060180664,1364
2006-07-25,10.703285217285156,10.703285217285156,10.703285217285156,10.703285217285156,10.703285217285156,195
2006-07-26,10.703285217285156,10.703285217285156,10.703285217285156,10.703285217285156,10.703285217285156,195
2006-07-27,10.805954933166504,11.293634414672852,10.785421371459961,10.785421371459961,10.785421371459961,6428
2006-07-28,10.785421371459961,10.785421371459961,10.785421371459961,10.785421371459961,10.785421371459961,0
2006-07-31,11.175564765930176,11.175564765930176,11.175564765930176,11.175564765930176,11.175564765930176,390
2006-08-01,11.175564765930176,11.175564765930176,11.175564765930176,11.175564765930176,11.175564765930176,0
2006-08-02,11.37576961517334,11.37576961517334,11.37576961517334,11.37576961517334,11.37576961517334,390
2006-08-03,11.37576961517334,11.37576961517334,11.37576961517334,11.37576961517334,11.37576961517334,0
2006-08-04,11.550308227539062,11.550308227539062,11.550308227539062,11.550308227539062,11.550308227539062,195
2006-08-07,11.288500785827637,11.421971321105957,11.288500785827637,11.421971321105957,11.421971321105957,8182
2006-08-08,11.421971321105957,11.421971321105957,11.421971321105957,11.421971321105957,11.421971321105957,0
2006-08-09,11.421971321105957,11.421971321105957,11.421971321105957,11.421971321105957,11.421971321105957,0
2006-08-10,12.1663236618042,12.1663236618042,12.063654899597168,12.063654899597168,12.063654899597168,9935
2006-08-11,12.053387641906738,12.053387641906738,12.053387641906738,12.053387641906738,12.053387641906738,584
2006-08-14,12.084189414978027,12.248459815979004,12.084189414978027,12.243326187133789,12.243326187133789,2922
2006-08-15,12.130390167236328,12.130390167236328,12.130390167236328,12.130390167236328,12.130390167236328,195
2006-08-16,12.130390167236328,12.130390167236328,12.130390167236328,12.130390167236328,12.130390167236328,0
2006-08-17,12.268994331359863,12.268994331359863,12.268994331359863,12.268994331359863,12.268994331359863,195
2006-08-18,12.017454147338867,12.268994331359863,12.017454147338867,12.268994331359863,12.268994331359863,584
2006-08-21,12.053387641906738,12.109855651855469,12.053387641906738,12.109855651855469,12.109855651855469,1169
2006-08-22,12.109855651855469,12.109855651855469,12.109855651855469,12.109855651855469,12.109855651855469,0
2006-08-23,12.109855651855469,12.109855651855469,12.109855651855469,12.109855651855469,12.109855651855469,0
2006-08-24,12.109855651855469,12.109855651855469,12.109855651855469,12.109855651855469,12.109855651855469,0
2006-08-25,12.274127006530762,12.274127006530762,12.176590919494629,12.176590919494629,12.176590919494629,1364
2006-08-28,12.156057357788086,12.156057357788086,12.156057357788086,12.156057357788086,12.156057357788086,779
2006-08-29,12.156057357788086,12.156057357788086,12.156057357788086,12.156057357788086,12.156057357788086,0
2006-08-30,12.156057357788086,12.156057357788086,12.156057357788086,12.156057357788086,12.156057357788086,0
2006-08-31,12.10472297668457,12.10472297668457,12.10472297668457,12.10472297668457,12.10472297668457,584
2006-09-01,12.10472297668457,12.10472297668457,12.10472297668457,12.10472297668457,12.10472297668457,0
2006-09-05,12.10472297668457,12.10472297668457,12.10472297668457,12.10472297668457,12.10472297668457,0
2006-09-06,12.448664665222168,12.484600067138672,12.448664665222168,12.484600067138672,12.484600067138672,1558
2006-09-07,12.438398361206055,12.525667190551758,12.438398361206055,12.525667190551758,12.525667190551758,3506
2006-09-08,12.705339431762695,12.823409080505371,12.551335334777832,12.551335334777832,12.551335334777832,3117
2006-09-11,12.715605735778809,13.028746604919434,12.705339431762695,12.987680435180664,12.987680435180664,3896
2006-09-12,12.96201229095459,12.96201229095459,12.96201229095459,12.96201229095459,12.96201229095459,195
2006-09-13,12.96201229095459,12.96201229095459,12.96201229095459,12.96201229095459,12.96201229095459,0
2006-09-14,12.679671287536621,12.679671287536621,12.679671287536621,12.679671287536621,12.679671287536621,11688
2006-09-15,13.08521556854248,13.347023010253906,13.08521556854248,13.213552474975586,13.213552474975586,1948
2006-09-18,13.22895336151123,13.22895336151123,13.2238187789917,13.2238187789917,13.2238187789917,3896
2006-09-19,13.2186861038208,13.29055404663086,13.090349197387695,13.167350769042969,13.167350769042969,5065
2006-09-20,13.167350769042969,13.167350769042969,13.167350769042969,13.167350769042969,13.167350769042969,0
2006-09-21,13.116016387939453,13.116016387939453,13.110882759094238,13.110882759094238,13.110882759094238,974
2006-09-22,13.110882759094238,13.110882759094238,13.110882759094238,13.110882759094238,13.110882759094238,0
2006-09-25,13.110882759094238,13.110882759094238,13.110882759094238,13.110882759094238,13.110882759094238,0
2006-09-26,13.347023010253906,13.347023010253906,13.244353294372559,13.321354866027832,13.321354866027832,20259
2006-09-27,13.244353294372559,13.341889381408691,13.208418846130371,13.208418846130371,13.208418846130371,19480
2006-09-28,13.208418846130371,13.208418846130371,13.208418846130371,13.208418846130371,13.208418846130371,0
2006-09-29,13.208418846130371,13.208418846130371,13.208418846130371,13.208418846130371,13.208418846130371,0
2006-10-02,13.208418846130371,13.208418846130371,13.208418846130371,13.208418846130371,13.208418846130371,0
2006-10-03,13.208418846130371,13.208418846130371,13.208418846130371,13.208418846130371,13.208418846130371,0
2006-10-04,13.208418846130371,13.208418846130371,13.208418846130371,13.208418846130371,13.208418846130371,0
2006-10-05,13.316222190856934,13.470226287841797,13.316222190856934,13.470226287841797,13.470226287841797,584
2006-10-06,13.470226287841797,13.470226287841797,13.470226287841797,13.470226287841797,13.470226287841797,0
2006-10-09,13.526694297790527,13.526694297790527,13.50102710723877,13.50102710723877,13.50102710723877,390
2006-10-10,13.49075984954834,13.5112943649292,13.485626220703125,13.5112943649292,13.5112943649292,584
2006-10-11,13.418890953063965,13.418890953063965,13.418890953063965,13.418890953063965,13.418890953063965,195
2006-10-12,13.326489448547363,13.357290267944336,13.326489448547363,13.347023010253906,13.347023010253906,3312
2006-10-13,13.367555618286133,13.398357391357422,13.367555618286133,13.398357391357422,13.398357391357422,2922
2006-10-16,13.398357391357422,13.398357391357422,13.398357391357422,13.398357391357422,13.398357391357422,584
2006-10-17,13.42402458190918,13.42402458190918,13.357290267944336,13.357290267944336,13.357290267944336,779
2006-10-18,13.357290267944336,13.357290267944336,13.357290267944336,13.357290267944336,13.357290267944336,0
2006-10-19,13.357290267944336,13.357290267944336,13.357290267944336,13.357290267944336,13.357290267944336,0
2006-10-20,13.357290267944336,13.357290267944336,13.357290267944336,13.357290267944336,13.357290267944336,0
2006-10-23,13.29055404663086,13.29055404663086,13.141683578491211,13.167350769042969,13.167350769042969,2922
2006-10-24,13.167350769042969,13.167350769042969,13.167350769042969,13.167350769042969,13.167350769042969,0
2006-10-25,13.013346672058105,13.013346672058105,12.859342575073242,12.859342575073242,12.859342575073242,3117
2006-10-26,13.326489448547363,13.331622123718262,13.326489448547363,13.331622123718262,13.331622123718262,584
2006-10-27,13.403491020202637,13.526694297790527,13.403491020202637,13.526694297790527,13.526694297790527,1558
2006-10-30,13.526694297790527,13.526694297790527,13.449691772460938,13.449691772460938,13.449691772460938,2922
2006-10-31,13.449691772460938,13.449691772460938,13.449691772460938,13.449691772460938,13.449691772460938,0
2006-11-01,13.506159782409668,13.506159782409668,13.275154113769531,13.275154113769531,13.275154113769531,2727
2006-11-02,13.203285217285156,13.429158210754395,13.203285217285156,13.429158210754395,13.429158210754395,2143
2006-11-03,13.429158210754395,13.429158210754395,13.429158210754395,13.429158210754395,13.429158210754395,0
2006-11-06,13.485626220703125,13.578028678894043,13.449691772460938,13.53696060180664,13.53696060180664,3506
2006-11-07,13.53696060180664,13.53696060180664,13.53696060180664,13.53696060180664,13.53696060180664,0
2006-11-08,13.608830451965332,13.747432708740234,13.56776237487793,13.747432708740234,13.747432708740234,779
2006-11-09,13.855236053466797,14.055440902709961,13.855236053466797,14.055440902709961,14.055440902709961,2532
2006-11-10,14.055440902709961,14.055440902709961,14.055440902709961,14.055440902709961,14.055440902709961,0
2006-11-13,14.060574531555176,14.147844314575195,13.403491020202637,14.081109046936035,14.081109046936035,12662
2006-11-14,14.081109046936035,14.081109046936035,14.081109046936035,14.081109046936035,14.081109046936035,0
2006-11-15,14.06570816040039,14.06570816040039,14.06570816040039,14.06570816040039,14.06570816040039,974
2006-11-16,14.06570816040039,14.06570816040039,14.06570816040039,14.06570816040039,14.06570816040039,0
2006-11-17,14.06570816040039,14.06570816040039,14.06570816040039,14.06570816040039,14.06570816040039,0
2006-11-20,14.06570816040039,14.06570816040039,14.06570816040039,14.06570816040039,14.06570816040039,0
2006-11-21,14.06570816040039,14.06570816040039,14.06570816040039,14.06570816040039,14.06570816040039,0
2006-11-22,13.860369682312012,13.860369682312012,13.629363059997559,13.629363059997559,13.629363059997559,584
2006-11-24,13.629363059997559,13.629363059997559,13.629363059997559,13.629363059997559,13.629363059997559,0
2006-11-27,13.6036958694458,13.6036958694458,13.6036958694458,13.6036958694458,13.6036958694458,390
2006-11-28,13.6036958694458,13.6036958694458,13.6036958694458,13.6036958694458,13.6036958694458,0
2006-11-29,14.240245819091797,14.260780334472656,14.240245819091797,14.260780334472656,14.260780334472656,584
2006-11-30,14.260780334472656,14.260780334472656,14.260780334472656,14.260780334472656,14.260780334472656,0
2006-12-01,14.260780334472656,14.260780334472656,14.260780334472656,14.260780334472656,14.260780334472656,0
2006-12-04,14.260780334472656,14.260780334472656,14.260780334472656,14.260780334472656,14.260780334472656,0
2006-12-05,14.260780334472656,14.260780334472656,14.260780334472656,14.260780334472656,14.260780334472656,0
2006-12-06,14.101642608642578,14.101642608642578,14.101642608642578,14.101642608642578,14.101642608642578,1169
2006-12-07,14.373717308044434,14.383983612060547,14.224845886230469,14.224845886230469,14.224845886230469,779
2006-12-08,14.358316421508789,14.630390167236328,14.358316421508789,14.599589347839355,14.599589347839355,1558
2006-12-11,14.676590919494629,14.686858177185059,14.584189414978027,14.589322090148926,14.589322090148926,2338
2006-12-12,14.589322090148926,14.589322090148926,14.589322090148926,14.589322090148926,14.589322090148926,0
2006-12-13,14.717658996582031,14.758727073669434,14.717658996582031,14.758727073669434,14.758727073669434,390
2006-12-14,14.784394264221191,14.784394264221191,14.784394264221191,14.784394264221191,14.784394264221191,390
2006-12-15,14.87679672241211,14.887063980102539,14.645791053771973,14.697125434875488,14.697125434875488,2727
2006-12-18,15.015399932861328,15.015399932861328,14.789527893066406,14.794660568237305,14.794660568237305,779
2006-12-19,14.48151969909668,14.48151969909668,14.48151969909668,14.48151969909668,14.48151969909668,195
2006-12-20,14.48151969909668,14.48151969909668,14.48151969909668,14.48151969909668,14.48151969909668,0
2006-12-21,14.48151969909668,14.48151969909668,14.48151969909668,14.48151969909668,14.48151969909668,0
2006-12-22,14.48151969909668,14.48151969909668,14.48151969909668,14.48151969909668,14.48151969909668,0
2006-12-26,14.48151969909668,14.48151969909668,14.48151969909668,14.48151969909668,14.48151969909668,0
2006-12-27,14.743326187133789,14.871663093566895,14.743326187133789,14.871663093566895,14.871663093566895,1753
2006-12-28,15.06673526763916,15.087268829345703,15.06673526763916,15.087268829345703,15.087268829345703,390
2006-12-29,15.06673526763916,15.06673526763916,15.06673526763916,15.06673526763916,15.06673526763916,195
2007-01-03,15.118069648742676,15.118069648742676,15.082136154174805,15.082136154174805,15.082136154174805,1948
2007-01-04,15.236140251159668,15.236140251159668,15.236140251159668,15.236140251159668,15.236140251159668,1364
2007-01-05,15.236140251159668,15.236140251159668,15.236140251159668,15.236140251159668,15.236140251159668,0
2007-01-08,15.236140251159668,15.236140251159668,15.236140251159668,15.236140251159668,15.236140251159668,0
2007-01-09,15.236140251159668,15.236140251159668,15.236140251159668,15.236140251159668,15.236140251159668,0
2007-01-10,15.189937591552734,15.528746604919434,15.184804916381836,15.44147777557373,15.44147777557373,3896
2007-01-11,15.631417274475098,15.703285217285156,15.559548377990723,15.703285217285156,15.703285217285156,2143
2007-01-12,15.657084465026855,15.764886856079102,15.657084465026855,15.7238187789917,15.7238187789917,1753
2007-01-16,15.713552474975586,15.852155685424805,15.713552474975586,15.852155685424805,15.852155685424805,584
2007-01-17,15.852155685424805,15.852155685424805,15.852155685424805,15.852155685424805,15.852155685424805,0
2007-01-18,15.867555618286133,15.867555618286133,15.847023010253906,15.847023010253906,15.847023010253906,584
2007-01-19,15.836755752563477,15.836755752563477,15.657084465026855,15.657084465026855,15.657084465026855,974
2007-01-22,15.580081939697266,15.759754180908203,15.580081939697266,15.708418846130371,15.708418846130371,779
2007-01-23,15.708418846130371,15.708418846130371,15.708418846130371,15.708418846130371,15.708418846130371,0
2007-01-24,15.708418846130371,15.708418846130371,15.708418846130371,15.708418846130371,15.708418846130371,2338
2007-01-25,15.528746604919434,15.528746604919434,15.349076271057129,15.349076271057129,15.349076271057129,390
2007-01-26,15.349076271057129,15.349076271057129,15.349076271057129,15.349076271057129,15.349076271057129,0
2007-01-29,16.108829498291016,16.108829498291016,15.282341003417969,15.313141822814941,15.313141822814941,3117
2007-01-30,15.297740936279297,15.323409080505371,15.297740936279297,15.323409080505371,15.323409080505371,390
2007-01-31,15.323409080505371,15.323409080505371,15.323409080505371,15.323409080505371,15.323409080505371,0
2007-02-01,15.215605735778809,15.215605735778809,15.215605735778809,15.215605735778809,15.215605735778809,390
2007-02-02,15.179671287536621,15.179671287536621,15.179671287536621,15.179671287536621,15.179671287536621,195
2007-02-05,15.39527702331543,15.503080368041992,15.39527702331543,15.45174503326416,15.45174503326416,584
2007-02-06,15.45174503326416,15.45174503326416,15.45174503326416,15.45174503326416,15.45174503326416,0
2007-02-07,15.45174503326416,15.45174503326416,15.45174503326416,15.45174503326416,15.45174503326416,0
2007-02-08,15.45174503326416,15.45174503326416,15.45174503326416,15.45174503326416,15.45174503326416,0
2007-02-09,15.272073745727539,15.272073745727539,15.272073745727539,15.272073745727539,15.272073745727539,195
2007-02-12,15.082136154174805,15.082136154174805,15.082136154174805,15.082136154174805,15.082136154174805,195
2007-02-13,15.06673526763916,15.246406555175781,15.06673526763916,15.246406555175781,15.246406555175781,2143
2007-02-14,15.323409080505371,15.323409080505371,15.323409080505371,15.323409080505371,15.323409080505371,390
2007-02-15,15.323409080505371,15.323409080505371,15.323409080505371,15.323409080505371,15.323409080505371,0
2007-02-16,15.323409080505371,15.323409080505371,15.323409080505371,15.323409080505371,15.323409080505371,0
2007-02-20,15.323409080505371,15.323409080505371,15.323409080505371,15.323409080505371,15.323409080505371,0
2007-02-21,15.323409080505371,15.323409080505371,15.323409080505371,15.323409080505371,15.323409080505371,0
2007-02-22,15.323409080505371,15.323409080505371,15.323409080505371,15.323409080505371,15.323409080505371,0
2007-02-23,15.323409080505371,15.323409080505371,15.323409080505371,15.323409080505371,15.323409080505371,0
2007-02-26,15.323409080505371,15.323409080505371,15.323409080505371,15.323409080505371,15.323409080505371,0
2007-02-27,16.31416893005371,16.31416893005371,14.825462341308594,14.964065551757812,14.964065551757812,15194
2007-02-28,14.887063980102539,14.887063980102539,14.887063980102539,14.887063980102539,14.887063980102539,974
2007-03-01,15.200204849243164,15.231005668640137,15.200204849243164,15.231005668640137,15.231005668640137,584
2007-03-02,15.564682006835938,15.569814682006836,15.564682006835938,15.569814682006836,15.569814682006836,390
2007-03-05,15.569814682006836,15.569814682006836,15.569814682006836,15.569814682006836,15.569814682006836,0
2007-03-06,15.503080368041992,15.508213996887207,15.492813110351562,15.508213996887207,15.508213996887207,1558
2007-03-07,15.508213996887207,15.508213996887207,15.508213996887207,15.508213996887207,15.508213996887207,0
2007-03-08,15.759754180908203,15.759754180908203,15.759754180908203,15.759754180908203,15.759754180908203,390
2007-03-09,15.569814682006836,15.569814682006836,15.569814682006836,15.569814682006836,15.569814682006836,195
2007-03-12,15.959959030151367,15.959959030151367,15.959959030151367,15.959959030151367,15.959959030151367,195
2007-03-13,15.7238187789917,15.7238187789917,15.7238187789917,15.7238187789917,15.7238187789917,195
2007-03-14,15.487680435180664,15.487680435180664,15.487680435180664,15.487680435180664,15.487680435180664,195
2007-03-15,15.487680435180664,15.487680435180664,15.487680435180664,15.487680435180664,15.487680435180664,0
2007-03-16,15.657084465026855,15.657084465026855,15.657084465026855,15.657084465026855,15.657084465026855,584
2007-03-19,15.657084465026855,15.657084465026855,15.657084465026855,15.657084465026855,15.657084465026855,0
2007-03-20,16.401437759399414,16.401437759399414,16.401437759399414,16.401437759399414,16.401437759399414,584
2007-03-21,16.41170310974121,16.673511505126953,16.41170310974121,16.673511505126953,16.673511505126953,1169
2007-03-22,16.72484588623047,16.7351131439209,16.683778762817383,16.683778762817383,16.683778762817383,779
2007-03-23,16.683778762817383,16.683778762817383,16.683778762817383,16.683778762817383,16.683778762817383,0
2007-03-26,16.683778762817383,16.683778762817383,16.334701538085938,16.59650993347168,16.59650993347168,1948
2007-03-27,16.71971321105957,17.012319564819336,16.71457862854004,17.012319564819336,17.012319564819336,1558
2007-03-28,17.325462341308594,17.325462341308594,16.72484588623047,16.72484588623047,16.72484588623047,5260
2007-03-29,16.72484588623047,16.72484588623047,16.72484588623047,16.72484588623047,16.72484588623047,0
2007-03-30,16.30390167236328,16.30390167236328,16.30390167236328,16.30390167236328,16.30390167236328,390
2007-04-02,17.12525749206543,17.12525749206543,17.017454147338867,17.017454147338867,17.017454147338867,390
2007-04-03,17.340862274169922,17.710472106933594,17.340862274169922,17.679670333862305,17.679670333862305,2143
2007-04-04,17.679670333862305,17.679670333862305,17.679670333862305,17.679670333862305,17.679670333862305,0
2007-04-05,17.75153923034668,17.91067886352539,17.75153923034668,17.91067886352539,17.91067886352539,779
2007-04-09,17.91067886352539,17.91067886352539,17.91067886352539,17.91067886352539,17.91067886352539,0
2007-04-10,17.91067886352539,17.91067886352539,17.91067886352539,17.91067886352539,17.91067886352539,0
2007-04-11,17.91067886352539,17.91067886352539,17.91067886352539,17.91067886352539,17.91067886352539,0
2007-04-12,17.91067886352539,17.91067886352539,17.91067886352539,17.91067886352539,17.91067886352539,0
2007-04-13,17.967145919799805,18.095483779907227,17.823408126831055,18.008214950561523,18.008214950561523,3506
2007-04-16,18.008214950561523,18.008214950561523,18.008214950561523,18.008214950561523,18.008214950561523,0
2007-04-17,17.982545852661133,17.982545852661133,17.982545852661133,17.982545852661133,17.982545852661133,195
2007-04-18,17.982545852661133,17.982545852661133,17.982545852661133,17.982545852661133,17.982545852661133,0
2007-04-19,17.802875518798828,17.813142776489258,17.802875518798828,17.813142776489258,17.813142776489258,390
2007-04-20,17.813142776489258,17.813142776489258,17.813142776489258,17.813142776489258,17.813142776489258,0
2007-04-23,17.992813110351562,17.992813110351562,17.992813110351562,17.992813110351562,17.992813110351562,195
2007-04-24,17.992813110351562,17.992813110351562,17.992813110351562,17.992813110351562,17.992813110351562,0
2007-04-25,18.223819732666016,19.004106521606445,18.223819732666016,18.92197036743164,18.92197036743164,3506
2007-04-26,18.896303176879883,18.896303176879883,18.68583106994629,18.68583106994629,18.68583106994629,1169
2007-04-27,18.81416893005371,18.81416893005371,18.81416893005371,18.81416893005371,18.81416893005371,390
2007-04-30,18.429157257080078,18.480493545532227,18.429157257080078,18.480493545532227,18.480493545532227,779
2007-05-01,18.57802963256836,18.583162307739258,18.57802963256836,18.583162307739258,18.583162307739258,974
2007-05-02,18.583162307739258,18.583162307739258,18.583162307739258,18.583162307739258,18.583162307739258,0
2007-05-03,18.583162307739258,18.583162307739258,18.583162307739258,18.583162307739258,18.583162307739258,0
2007-05-04,18.583162307739258,18.583162307739258,18.583162307739258,18.583162307739258,18.583162307739258,0
2007-05-07,19.250513076782227,19.419918060302734,19.250513076782227,19.419918060302734,19.419918060302734,390
2007-05-08,19.419918060302734,19.419918060302734,19.419918060302734,19.419918060302734,19.419918060302734,0
2007-05-09,19.419918060302734,19.419918060302734,19.419918060302734,19.419918060302734,19.419918060302734,0
2007-05-10,19.419918060302734,19.419918060302734,19.419918060302734,19.419918060302734,19.419918060302734,0
2007-05-11,19.419918060302734,19.419918060302734,19.419918060302734,19.419918060302734,19.419918060302734,0
2007-05-14,18.5574951171875,19.630390167236328,18.5574951171875,19.35318374633789,19.35318374633789,2338
2007-05-15,19.35318374633789,19.35318374633789,19.35318374633789,19.35318374633789,19.35318374633789,0
2007-05-16,19.306982040405273,19.306982040405273,19.306982040405273,19.306982040405273,19.306982040405273,390
2007-05-17,19.306982040405273,19.306982040405273,19.306982040405273,19.306982040405273,19.306982040405273,0
2007-05-18,19.306982040405273,19.306982040405273,19.306982040405273,19.306982040405273,19.306982040405273,0
2007-05-21,19.306982040405273,19.306982040405273,19.306982040405273,19.306982040405273,19.306982040405273,0
2007-05-22,19.306982040405273,19.306982040405273,19.306982040405273,19.306982040405273,19.306982040405273,0
2007-05-23,19.306982040405273,19.306982040405273,19.306982040405273,19.306982040405273,19.306982040405273,0
2007-05-24,19.532854080200195,19.532854080200195,19.132444381713867,19.132444381713867,19.132444381713867,1364
2007-05-25,19.132444381713867,19.132444381713867,19.132444381713867,19.132444381713867,19.132444381713867,0
2007-05-29,19.132444381713867,19.132444381713867,19.132444381713867,19.132444381713867,19.132444381713867,0
2007-05-30,19.132444381713867,19.132444381713867,19.132444381713867,19.132444381713867,19.132444381713867,0
2007-05-31,19.758726119995117,19.76386070251465,19.758726119995117,19.76386070251465,19.76386070251465,779
2007-06-01,20.0051326751709,20.14887046813965,19.943532943725586,20.14373779296875,20.14373779296875,2338
2007-06-04,20.14373779296875,20.14373779296875,20.14373779296875,20.14373779296875,20.14373779296875,0
2007-06-05,20.25667381286621,20.25667381286621,19.917863845825195,19.933265686035156,19.933265686035156,4870
2007-06-06,19.722793579101562,19.722793579101562,19.46098518371582,19.46098518371582,19.46098518371582,1558
2007-06-07,19.36858367919922,19.36858367919922,19.111909866333008,19.111909866333008,19.111909866333008,974
2007-06-08,19.009239196777344,19.106775283813477,18.993839263916016,19.106775283813477,19.106775283813477,779
2007-06-11,19.152976989746094,19.260780334472656,19.152976989746094,19.260780334472656,19.260780334472656,1558
2007-06-12,19.260780334472656,19.260780334472656,19.260780334472656,19.260780334472656,19.260780334472656,0
2007-06-13,19.881929397583008,20.13860321044922,19.881929397583008,20.13860321044922,20.13860321044922,974
2007-06-14,20.277206420898438,20.513347625732422,20.277206420898438,20.513347625732422,20.513347625732422,584
2007-06-15,20.53388023376465,20.53901481628418,20.26180648803711,20.26180648803711,20.26180648803711,1753
2007-06-18,20.26180648803711,20.26180648803711,20.26180648803711,20.26180648803711,20.26180648803711,0
2007-06-19,20.061601638793945,20.318275451660156,20.061601638793945,20.318275451660156,20.318275451660156,1169
2007-06-20,20.323408126831055,20.323408126831055,20.323408126831055,20.323408126831055,20.323408126831055,390
2007-06-21,20.53388023376465,20.985626220703125,20.53388023376465,20.91889190673828,20.91889190673828,3506
2007-06-22,21.04722785949707,21.04722785949707,20.91889190673828,20.91889190673828,20.91889190673828,779
2007-06-25,20.81108856201172,20.81108856201172,20.544147491455078,20.549280166625977,20.549280166625977,1753
2007-06-26,20.749486923217773,20.93429183959961,20.749486923217773,20.836755752563477,20.836755752563477,779
2007-06-27,21.001026153564453,21.134496688842773,21.001026153564453,21.134496688842773,21.134496688842773,1753
2007-06-28,21.134496688842773,21.134496688842773,21.134496688842773,21.134496688842773,21.134496688842773,0
2007-06-29,21.098562240600586,21.098562240600586,21.098562240600586,21.098562240600586,21.098562240600586,195
2007-07-02,21.165298461914062,21.550308227539062,21.165298461914062,21.468172073364258,21.468172073364258,1753
2007-07-03,21.4425048828125,21.4425048828125,21.4425048828125,21.4425048828125,21.4425048828125,584
2007-07-05,21.33983612060547,21.652976989746094,21.33983612060547,21.652976989746094,21.652976989746094,584
2007-07-06,21.668378829956055,21.935317993164062,21.668378829956055,21.935317993164062,21.935317993164062,1753
2007-07-09,21.945585250854492,22.191991806030273,21.945585250854492,22.191991806030273,22.191991806030273,2338
2007-07-10,22.176591873168945,22.279260635375977,22.10985565185547,22.10985565185547,22.10985565185547,2727
2007-07-11,21.611909866333008,22.26386070251465,21.611909866333008,22.22792625427246,22.22792625427246,3506
2007-07-12,22.320329666137695,22.448665618896484,22.320329666137695,22.448665618896484,22.448665618896484,1364
2007-07-13,22.458932876586914,22.89527702331543,22.458932876586914,22.843942642211914,22.843942642211914,5065
2007-07-16,22.89527702331543,22.89527702331543,22.89527702331543,22.89527702331543,22.89527702331543,1364
2007-07-17,22.720739364624023,23.003080368041992,22.720739364624023,23.003080368041992,23.003080368041992,1169
2007-07-18,22.977413177490234,22.982545852661133,22.977413177490234,22.982545852661133,22.982545852661133,974
2007-07-19,22.982545852661133,22.982545852661133,22.982545852661133,22.982545852661133,22.982545852661133,0
2007-07-20,22.597536087036133,22.597536087036133,22.453798294067383,22.453798294067383,22.453798294067383,1364
2007-07-23,22.438398361206055,22.60266876220703,22.438398361206055,22.60266876220703,22.60266876220703,1169
2007-07-24,22.458932876586914,22.458932876586914,22.068788528442383,22.10472297668457,22.10472297668457,1948
2007-07-25,21.87885093688965,21.87885093688965,21.801847457885742,21.801847457885742,21.801847457885742,1364
2007-07-26,21.226898193359375,21.242300033569336,20.569814682006836,21.242300033569336,21.242300033569336,5260
2007-07-27,21.02669334411621,21.02669334411621,21.02669334411621,21.02669334411621,21.02669334411621,390
2007-07-30,21.02669334411621,21.02669334411621,21.02669334411621,21.02669334411621,21.02669334411621,0
2007-07-31,21.42197036743164,21.683778762817383,21.42197036743164,21.683778762817383,21.683778762817383,2727
2007-08-01,21.683778762817383,21.683778762817383,21.683778762817383,21.683778762817383,21.683778762817383,0
2007-08-02,21.683778762817383,21.683778762817383,21.683778762817383,21.683778762817383,21.683778762817383,0
2007-08-03,21.68891143798828,22.412731170654297,21.68891143798828,22.412731170654297,22.412731170654297,1948
2007-08-06,22.458932876586914,23.100616455078125,20.14887046813965,21.955852508544922,21.955852508544922,27467
2007-08-07,22.058521270751953,22.340862274169922,22.058521270751953,22.340862274169922,22.340862274169922,7208
2007-08-08,22.258726119995117,22.258726119995117,22.21765899658203,22.21765899658203,22.21765899658203,390
2007-08-09,22.371662139892578,22.371662139892578,21.30390167236328,21.30390167236328,21.30390167236328,1364
2007-08-10,21.560575485229492,21.560575485229492,21.498973846435547,21.560575485229492,21.560575485229492,3896
2007-08-13,21.560575485229492,21.560575485229492,21.560575485229492,21.560575485229492,21.560575485229492,0
2007-08-14,21.560575485229492,21.560575485229492,21.560575485229492,21.560575485229492,21.560575485229492,0
2007-08-15,20.841888427734375,20.841888427734375,20.841888427734375,20.841888427734375,20.841888427734375,195
2007-08-16,20.154003143310547,20.154003143310547,19.86652946472168,20.097536087036133,20.097536087036133,2338
2007-08-17,19.76386070251465,20.610883712768555,19.76386070251465,20.610883712768555,20.610883712768555,2338
2007-08-20,20.90349006652832,20.90349006652832,20.90349006652832,20.90349006652832,20.90349006652832,779
2007-08-21,20.39527702331543,20.40554428100586,20.39014434814453,20.39527702331543,20.39527702331543,6039
2007-08-22,20.610883712768555,20.636550903320312,20.574949264526367,20.636550903320312,20.636550903320312,1364
2007-08-23,20.636550903320312,20.636550903320312,20.636550903320312,20.636550903320312,20.636550903320312,0
2007-08-24,20.636550903320312,20.636550903320312,20.636550903320312,20.636550903320312,20.636550903320312,0
2007-08-27,20.636550903320312,20.636550903320312,20.636550903320312,20.636550903320312,20.636550903320312,0
2007-08-28,20.277206420898438,20.277206420898438,20.277206420898438,20.277206420898438,20.277206420898438,390
2007-08-29,20.277206420898438,20.277206420898438,20.277206420898438,20.277206420898438,20.277206420898438,0
2007-08-30,20.53388023376465,20.53388023376465,20.451744079589844,20.508214950561523,20.508214950561523,3117
2007-08-31,20.508214950561523,20.508214950561523,20.508214950561523,20.508214950561523,20.508214950561523,0
2007-09-04,20.508214950561523,20.508214950561523,20.508214950561523,20.508214950561523,20.508214950561523,0
2007-09-05,20.508214950561523,20.508214950561523,20.508214950561523,20.508214950561523,20.508214950561523,0
2007-09-06,20.508214950561523,20.508214950561523,20.508214950561523,20.508214950561523,20.508214950561523,0
2007-09-07,20.508214950561523,20.508214950561523,20.508214950561523,20.508214950561523,20.508214950561523,0
2007-09-10,21.175565719604492,21.175565719604492,21.175565719604492,21.175565719604492,21.175565719604492,195
2007-09-11,21.175565719604492,21.175565719604492,21.175565719604492,21.175565719604492,21.175565719604492,0
2007-09-12,21.175565719604492,21.175565719604492,21.175565719604492,21.175565719604492,21.175565719604492,0
2007-09-13,20.90349006652832,20.90349006652832,20.90349006652832,20.90349006652832,20.90349006652832,195
2007-09-14,21.124229431152344,21.124229431152344,21.113962173461914,21.113962173461914,21.113962173461914,390
2007-09-17,21.113962173461914,21.113962173461914,21.113962173461914,21.113962173461914,21.113962173461914,0
2007-09-18,21.560575485229492,21.97125244140625,21.524641036987305,21.97125244140625,21.97125244140625,1753
2007-09-19,21.786447525024414,21.786447525024414,21.786447525024414,21.786447525024414,21.786447525024414,390
2007-09-20,21.786447525024414,21.786447525024414,21.786447525024414,21.786447525024414,21.786447525024414,0
2007-09-21,21.786447525024414,21.786447525024414,21.786447525024414,21.786447525024414,21.786447525024414,0
2007-09-24,21.786447525024414,21.786447525024414,21.786447525024414,21.786447525024414,21.786447525024414,0
2007-09-25,21.786447525024414,21.786447525024414,21.786447525024414,21.786447525024414,21.786447525024414,0
2007-09-26,21.786447525024414,21.786447525024414,21.786447525024414,21.786447525024414,21.786447525024414,0
2007-09-27,21.786447525024414,21.786447525024414,21.786447525024414,21.786447525024414,21.786447525024414,0
2007-09-28,21.786447525024414,21.786447525024414,21.786447525024414,21.786447525024414,21.786447525024414,0
2007-10-01,21.786447525024414,21.786447525024414,21.786447525024414,21.786447525024414,21.786447525024414,0
2007-10-02,21.786447525024414,21.786447525024414,21.786447525024414,21.786447525024414,21.786447525024414,0
2007-10-03,21.3501033782959,21.3501033782959,21.3501033782959,21.3501033782959,21.3501033782959,1169
2007-10-04,21.3501033782959,21.3501033782959,21.3501033782959,21.3501033782959,21.3501033782959,0
2007-10-05,21.3501033782959,21.3501033782959,21.3501033782959,21.3501033782959,21.3501033782959,0
2007-10-08,21.3501033782959,21.3501033782959,21.3501033782959,21.3501033782959,21.3501033782959,0
2007-10-09,21.3501033782959,21.3501033782959,21.3501033782959,21.3501033782959,21.3501033782959,0
2007-10-10,21.3501033782959,21.3501033782959,21.3501033782959,21.3501033782959,21.3501033782959,0
2007-10-11,21.3501033782959,21.3501033782959,21.3501033782959,21.3501033782959,21.3501033782959,0
2007-10-12,21.87885093688965,21.87885093688965,21.87885093688965,21.87885093688965,21.87885093688965,779
2007-10-15,22.07392120361328,22.07392120361328,22.07392120361328,22.07392120361328,22.07392120361328,195
2007-10-16,21.658111572265625,21.658111572265625,21.4373722076416,21.4373722076416,21.4373722076416,2143
2007-10-17,21.504106521606445,21.55544090270996,21.365503311157227,21.55544090270996,21.55544090270996,2922
2007-10-18,21.55544090270996,21.55544090270996,21.55544090270996,21.55544090270996,21.55544090270996,0
2007-10-19,21.252567291259766,21.252567291259766,20.431211471557617,20.559547424316406,20.559547424316406,4480
2007-10-22,20.78028678894043,21.03696060180664,20.6724853515625,20.6724853515625,20.6724853515625,1558
2007-10-23,20.431211471557617,20.431211471557617,20.431211471557617,20.431211471557617,20.431211471557617,3506
2007-10-24,20.328542709350586,20.328542709350586,19.948665618896484,19.948665618896484,19.948665618896484,779
2007-10-25,19.917863845825195,19.917863845825195,19.563655853271484,19.563655853271484,19.563655853271484,584
2007-10-26,19.563655853271484,19.563655853271484,19.563655853271484,19.563655853271484,19.563655853271484,0
2007-10-29,19.563655853271484,19.563655853271484,19.563655853271484,19.563655853271484,19.563655853271484,0
2007-10-30,19.563655853271484,19.563655853271484,19.563655853271484,19.563655853271484,19.563655853271484,0
2007-10-31,20.0051326751709,20.0051326751709,20.0051326751709,20.0051326751709,20.0051326751709,195
2007-11-01,20.52361488342285,20.52361488342285,20.36447525024414,20.36447525024414,20.36447525024414,974
2007-11-02,20.154003143310547,20.66221809387207,20.154003143310547,20.66221809387207,20.66221809387207,974
2007-11-05,20.66221809387207,20.66221809387207,20.66221809387207,20.66221809387207,20.66221809387207,0
2007-11-06,20.990760803222656,20.990760803222656,20.990760803222656,20.990760803222656,20.990760803222656,390
2007-11-07,20.841888427734375,20.841888427734375,20.841888427734375,20.841888427734375,20.841888427734375,195
2007-11-08,20.585216522216797,20.585216522216797,20.118070602416992,20.12320327758789,20.12320327758789,2532
2007-11-09,19.383983612060547,19.383983612060547,18.55236053466797,18.79363441467285,18.79363441467285,15000
2007-11-12,18.742300033569336,18.82956886291504,18.03901481628418,18.03901481628418,18.03901481628418,7208
2007-11-13,18.41375732421875,18.41375732421875,18.372690200805664,18.372690200805664,18.372690200805664,1948
2007-11-14,18.372690200805664,18.372690200805664,18.372690200805664,18.372690200805664,18.372690200805664,0
2007-11-15,18.372690200805664,18.372690200805664,18.372690200805664,18.372690200805664,18.372690200805664,0
2007-11-16,18.372690200805664,18.372690200805664,18.372690200805664,18.372690200805664,18.372690200805664,0
2007-11-19,18.372690200805664,18.372690200805664,18.372690200805664,18.372690200805664,18.372690200805664,0
2007-11-20,18.372690200805664,18.372690200805664,18.372690200805664,18.372690200805664,18.372690200805664,0
2007-11-21,18.372690200805664,18.372690200805664,18.372690200805664,18.372690200805664,18.372690200805664,0
2007-11-23,18.372690200805664,18.372690200805664,18.372690200805664,18.372690200805664,18.372690200805664,0
2007-11-26,19.34291648864746,19.34291648864746,19.276180267333984,19.276180267333984,19.276180267333984,390
2007-11-27,19.35318374633789,19.917863845825195,19.3275146484375,19.917863845825195,19.917863845825195,2532
2007-11-28,19.917863845825195,19.917863845825195,19.917863845825195,19.917863845825195,19.917863845825195,0
2007-11-29,20.65708351135254,20.754619598388672,20.65708351135254,20.754619598388672,20.754619598388672,779
2007-11-30,20.754619598388672,20.754619598388672,20.754619598388672,20.754619598388672,20.754619598388672,0
2007-12-03,20.754619598388672,20.754619598388672,20.754619598388672,20.754619598388672,20.754619598388672,0
2007-12-04,21.103696823120117,21.103696823120117,21.103696823120117,21.103696823120117,21.103696823120117,195
2007-12-05,20.6724853515625,20.78028678894043,20.6724853515625,20.78028678894043,20.78028678894043,1753
2007-12-06,20.78028678894043,20.78028678894043,20.78028678894043,20.78028678894043,20.78028678894043,0
2007-12-07,20.78028678894043,20.78028678894043,20.78028678894043,20.78028678894043,20.78028678894043,0
2007-12-10,21.416837692260742,23.126283645629883,21.30903434753418,21.30903434753418,21.30903434753418,1948
2007-12-11,21.031827926635742,21.031827926635742,20.816221237182617,20.816221237182617,20.816221237182617,390
2007-12-12,20.816221237182617,20.816221237182617,20.816221237182617,20.816221237182617,20.816221237182617,0
2007-12-13,20.816221237182617,20.816221237182617,20.816221237182617,20.816221237182617,20.816221237182617,0
2007-12-14,20.816221237182617,20.816221237182617,20.816221237182617,20.816221237182617,20.816221237182617,0
2007-12-17,20.816221237182617,20.816221237182617,20.816221237182617,20.816221237182617,20.816221237182617,0
2007-12-18,20.354209899902344,20.359342575073242,20.27207374572754,20.359342575073242,20.359342575073242,3117
2007-12-19,20.359342575073242,20.359342575073242,20.359342575073242,20.359342575073242,20.359342575073242,0
2007-12-20,20.359342575073242,20.359342575073242,20.359342575073242,20.359342575073242,20.359342575073242,0
2007-12-21,20.195072174072266,20.195072174072266,20.195072174072266,20.195072174072266,20.195072174072266,390
2007-12-24,20.195072174072266,20.195072174072266,20.195072174072266,20.195072174072266,20.195072174072266,0
2007-12-26,20.195072174072266,20.195072174072266,20.195072174072266,20.195072174072266,20.195072174072266,0
2007-12-27,20.11293601989746,20.11293601989746,20.11293601989746,20.11293601989746,20.11293601989746,195
2007-12-28,20.11293601989746,20.11293601989746,20.11293601989746,20.11293601989746,20.11293601989746,0
2007-12-31,20.11293601989746,20.11293601989746,20.11293601989746,20.11293601989746,20.11293601989746,0
2008-01-02,18.70636558532715,19.045175552368164,18.357290267944336,18.993839263916016,18.993839263916016,4286
2008-01-03,19.73819351196289,19.73819351196289,19.558521270751953,19.558521270751953,19.558521270751953,1948
2008-01-04,18.55236053466797,19.276180267333984,18.55236053466797,19.276180267333984,19.276180267333984,974
2008-01-07,19.08110809326172,19.08110809326172,19.08110809326172,19.08110809326172,19.08110809326172,2143
2008-01-08,18.95790672302246,18.95790672302246,18.639629364013672,18.639629364013672,18.639629364013672,2532
2008-01-09,18.68583106994629,18.68583106994629,18.68583106994629,18.68583106994629,18.68583106994629,390
2008-01-10,18.96303939819336,19.455852508544922,18.96303939819336,19.33778190612793,19.33778190612793,3896
2008-01-11,19.486652374267578,19.486652374267578,19.486652374267578,19.486652374267578,19.486652374267578,1169
2008-01-14,19.486652374267578,19.486652374267578,19.486652374267578,19.486652374267578,19.486652374267578,0
2008-01-15,20.107803344726562,20.11293601989746,19.943532943725586,19.943532943725586,19.943532943725586,1364
2008-01-16,20.94455909729004,20.94455909729004,20.94455909729004,20.94455909729004,20.94455909729004,195
2008-01-17,20.308008193969727,20.308008193969727,20.308008193969727,20.308008193969727,20.308008193969727,195
2008-01-18,19.86652946472168,19.86652946472168,19.779260635375977,19.779260635375977,19.779260635375977,1948
2008-01-22,19.20944595336914,19.35318374633789,19.20944595336914,19.35318374633789,19.35318374633789,5454
2008-01-23,18.675565719604492,18.906570434570312,18.67043113708496,18.906570434570312,18.906570434570312,2338
2008-01-24,19.455852508544922,19.537988662719727,19.37885093688965,19.517454147338867,19.517454147338867,3701
2008-01-25,19.517454147338867,19.517454147338867,19.517454147338867,19.517454147338867,19.517454147338867,0
2008-01-28,19.517454147338867,19.517454147338867,19.517454147338867,19.517454147338867,19.517454147338867,0
2008-01-29,19.517454147338867,19.517454147338867,19.517454147338867,19.517454147338867,19.517454147338867,0
2008-01-30,20.107803344726562,20.107803344726562,20.107803344726562,20.107803344726562,20.107803344726562,390
2008-01-31,20.513347625732422,20.513347625732422,20.513347625732422,20.513347625732422,20.513347625732422,2922
2008-02-01,20.7648868560791,20.7648868560791,20.66735076904297,20.66735076904297,20.66735076904297,2727
2008-02-04,20.66735076904297,20.66735076904297,20.66735076904297,20.66735076904297,20.66735076904297,0
2008-02-05,20.27207374572754,20.27207374572754,20.27207374572754,20.27207374572754,20.27207374572754,195
2008-02-06,19.614990234375,19.614990234375,19.614990234375,19.614990234375,19.614990234375,779
2008-02-07,19.34291648864746,19.34291648864746,19.34291648864746,19.34291648864746,19.34291648864746,195
2008-02-08,19.34291648864746,19.34291648864746,19.34291648864746,19.34291648864746,19.34291648864746,0
2008-02-11,19.34291648864746,19.34291648864746,19.3223819732666,19.3223819732666,19.3223819732666,1169
2008-02-12,19.650924682617188,19.650924682617188,19.158111572265625,19.158111572265625,19.158111572265625,390
2008-02-13,19.60985565185547,19.60985565185547,19.389116287231445,19.389116287231445,19.389116287231445,584
2008-02-14,19.389116287231445,19.389116287231445,19.389116287231445,19.389116287231445,19.389116287231445,0
2008-02-15,19.74332618713379,20.559547424316406,19.74332618713379,20.107803344726562,20.107803344726562,584
2008-02-19,20.061601638793945,20.90862464904785,19.614990234375,19.712526321411133,19.712526321411133,12857
2008-02-20,19.7073917388916,19.912731170654297,19.7073917388916,19.87679672241211,19.87679672241211,10324
2008-02-21,19.815195083618164,19.815195083618164,19.281314849853516,19.281314849853516,19.281314849853516,1169
2008-02-22,19.548255920410156,19.548255920410156,19.2351131439209,19.2351131439209,19.2351131439209,974
2008-02-25,19.522586822509766,19.522586822509766,19.522586822509766,19.522586822509766,19.522586822509766,195
2008-02-26,19.681724548339844,19.681724548339844,19.681724548339844,19.681724548339844,19.681724548339844,779
2008-02-27,19.681724548339844,19.681724548339844,19.681724548339844,19.681724548339844,19.681724548339844,0
2008-02-28,20.354209899902344,20.354209899902344,20.354209899902344,20.354209899902344,20.354209899902344,390
2008-02-29,19.404516220092773,19.404516220092773,19.404516220092773,19.404516220092773,19.404516220092773,195
2008-03-03,19.47125244140625,19.47125244140625,19.127309799194336,19.127309799194336,19.127309799194336,1948
2008-03-04,18.79363441467285,18.824434280395508,18.79363441467285,18.824434280395508,18.824434280395508,390
2008-03-05,19.101642608642578,19.101642608642578,19.014373779296875,19.014373779296875,19.014373779296875,584
2008-03-06,19.17864418029785,19.17864418029785,18.79363441467285,18.83983612060547,18.83983612060547,584
2008-03-07,18.886037826538086,18.886037826538086,18.82956886291504,18.82956886291504,18.82956886291504,1169
2008-03-10,18.778234481811523,18.778234481811523,18.095483779907227,18.28542137145996,18.28542137145996,1364
2008-03-11,18.331621170043945,18.331621170043945,18.331621170043945,18.331621170043945,18.331621170043945,584
2008-03-12,18.331621170043945,18.331621170043945,18.331621170043945,18.331621170043945,18.331621170043945,0
2008-03-13,18.331621170043945,18.331621170043945,18.331621170043945,18.331621170043945,18.331621170043945,0
2008-03-14,18.223819732666016,18.223819732666016,18.044147491455078,18.044147491455078,18.044147491455078,1169
2008-03-17,17.91067886352539,17.91067886352539,17.654003143310547,17.654003143310547,17.654003143310547,584
2008-03-18,17.654003143310547,17.654003143310547,17.654003143310547,17.654003143310547,17.654003143310547,0
2008-03-19,18.511293411254883,18.511293411254883,18.244352340698242,18.244352340698242,18.244352340698242,1364
2008-03-20,18.244352340698242,18.244352340698242,18.244352340698242,18.244352340698242,18.244352340698242,0
2008-03-24,18.244352340698242,18.244352340698242,18.244352340698242,18.244352340698242,18.244352340698242,0
2008-03-25,18.244352340698242,18.244352340698242,18.244352340698242,18.244352340698242,18.244352340698242,0
2008-03-26,18.244352340698242,18.244352340698242,18.244352340698242,18.244352340698242,18.244352340698242,0
2008-03-27,18.16735076904297,18.16735076904297,18.069814682006836,18.069814682006836,18.069814682006836,584
2008-03-28,18.069814682006836,18.069814682006836,18.069814682006836,18.069814682006836,18.069814682006836,0
2008-03-31,18.069814682006836,18.069814682006836,18.069814682006836,18.069814682006836,18.069814682006836,0
2008-04-01,18.069814682006836,18.069814682006836,18.069814682006836,18.069814682006836,18.069814682006836,0
2008-04-02,18.069814682006836,18.069814682006836,18.069814682006836,18.069814682006836,18.069814682006836,0
2008-04-03,17.833675384521484,18.259754180908203,17.833675384521484,18.100616455078125,18.100616455078125,2532
2008-04-04,18.100616455078125,18.100616455078125,18.100616455078125,18.100616455078125,18.100616455078125,0
2008-04-07,18.100616455078125,18.100616455078125,18.100616455078125,18.100616455078125,18.100616455078125,0
2008-04-08,18.100616455078125,18.100616455078125,18.100616455078125,18.100616455078125,18.100616455078125,0
2008-04-09,18.100616455078125,18.100616455078125,18.100616455078125,18.100616455078125,18.100616455078125,0
2008-04-10,18.100616455078125,18.100616455078125,18.100616455078125,18.100616455078125,18.100616455078125,0
2008-04-11,18.100616455078125,18.100616455078125,18.100616455078125,18.100616455078125,18.100616455078125,0
2008-04-14,18.100616455078125,18.100616455078125,18.100616455078125,18.100616455078125,18.100616455078125,0
2008-04-15,17.23819351196289,17.38706398010254,16.950719833374023,17.381929397583008,17.381929397583008,16948
2008-04-16,17.381929397583008,17.381929397583008,17.381929397583008,17.381929397583008,17.381929397583008,0
2008-04-17,17.381929397583008,17.381929397583008,17.381929397583008,17.381929397583008,17.381929397583008,0
2008-04-18,17.381929397583008,17.381929397583008,17.381929397583008,17.381929397583008,17.381929397583008,0
2008-04-21,17.381929397583008,17.381929397583008,17.381929397583008,17.381929397583008,17.381929397583008,0
2008-04-22,17.381929397583008,17.381929397583008,17.381929397583008,17.381929397583008,17.381929397583008,0
2008-04-23,17.381929397583008,17.381929397583008,17.381929397583008,17.381929397583008,17.381929397583008,0
2008-04-24,17.715606689453125,17.715606689453125,17.715606689453125,17.715606689453125,17.715606689453125,390
2008-04-25,17.715606689453125,17.715606689453125,17.715606689453125,17.715606689453125,17.715606689453125,0
2008-04-28,17.715606689453125,17.715606689453125,17.715606689453125,17.715606689453125,17.715606689453125,0
2008-04-29,17.715606689453125,17.715606689453125,17.715606689453125,17.715606689453125,17.715606689453125,0
2008-04-30,17.715606689453125,17.715606689453125,17.715606689453125,17.715606689453125,17.715606689453125,0
2008-05-01,17.715606689453125,17.715606689453125,17.715606689453125,17.715606689453125,17.715606689453125,0
2008-05-02,17.715606689453125,17.715606689453125,17.715606689453125,17.715606689453125,17.715606689453125,0
2008-05-05,17.715606689453125,17.715606689453125,17.715606689453125,17.715606689453125,17.715606689453125,0
2008-05-06,17.715606689453125,17.715606689453125,17.715606689453125,17.715606689453125,17.715606689453125,0
2008-05-07,17.715606689453125,17.715606689453125,17.715606689453125,17.715606689453125,17.715606689453125,0
2008-05-08,17.715606689453125,17.715606689453125,17.715606689453125,17.715606689453125,17.715606689453125,0
2008-05-09,16.478439331054688,17.8798770904541,16.478439331054688,17.8798770904541,17.8798770904541,7013
2008-05-12,17.8798770904541,17.8798770904541,17.8798770904541,17.8798770904541,17.8798770904541,0
2008-05-13,17.8798770904541,17.8798770904541,17.8798770904541,17.8798770904541,17.8798770904541,0
2008-05-14,17.8798770904541,17.8798770904541,17.8798770904541,17.8798770904541,17.8798770904541,0
2008-05-15,17.8798770904541,17.8798770904541,17.8798770904541,17.8798770904541,17.8798770904541,0
2008-05-16,17.8798770904541,17.8798770904541,17.8798770904541,17.8798770904541,17.8798770904541,0
2008-05-19,18.14681625366211,18.14681625366211,18.14681625366211,18.14681625366211,18.14681625366211,390
2008-05-20,18.14681625366211,18.14681625366211,18.14681625366211,18.14681625366211,18.14681625366211,0
2008-05-21,18.14681625366211,18.14681625366211,18.14681625366211,18.14681625366211,18.14681625366211,0
2008-05-22,18.14681625366211,18.14681625366211,18.14681625366211,18.14681625366211,18.14681625366211,0
2008-05-23,18.14681625366211,18.14681625366211,18.14681625366211,18.14681625366211,18.14681625366211,0
2008-05-27,18.14681625366211,18.14681625366211,18.14681625366211,18.14681625366211,18.14681625366211,0
2008-05-28,18.14681625366211,18.14681625366211,18.14681625366211,18.14681625366211,18.14681625366211,0
2008-05-29,18.14681625366211,18.14681625366211,18.14681625366211,18.14681625366211,18.14681625366211,0
2008-05-30,18.14681625366211,18.14681625366211,18.14681625366211,18.14681625366211,18.14681625366211,0
2008-06-02,18.14681625366211,18.14681625366211,18.14681625366211,18.14681625366211,18.14681625366211,0
2008-06-03,18.14681625366211,18.14681625366211,18.14681625366211,18.14681625366211,18.14681625366211,0
2008-06-04,18.14681625366211,18.14681625366211,18.14681625366211,18.14681625366211,18.14681625366211,0
2008-06-05,18.14681625366211,18.14681625366211,18.14681625366211,18.14681625366211,18.14681625366211,0
2008-06-06,18.14681625366211,18.14681625366211,18.14681625366211,18.14681625366211,18.14681625366211,0
2008-06-09,17.987680435180664,18.013347625732422,17.987680435180664,18.013347625732422,18.013347625732422,779
2008-06-10,17.731006622314453,17.731006622314453,17.731006622314453,17.731006622314453,17.731006622314453,195
2008-06-11,17.731006622314453,17.731006622314453,17.731006622314453,17.731006622314453,17.731006622314453,0
2008-06-12,16.991785049438477,16.991785049438477,16.991785049438477,16.991785049438477,16.991785049438477,195
2008-06-13,16.991785049438477,16.991785049438477,16.991785049438477,16.991785049438477,16.991785049438477,0
2008-06-16,16.991785049438477,16.991785049438477,16.991785049438477,16.991785049438477,16.991785049438477,0
2008-06-17,16.991785049438477,16.991785049438477,16.991785049438477,16.991785049438477,16.991785049438477,0
2008-06-18,16.43223762512207,16.889116287231445,16.43223762512207,16.760780334472656,16.760780334472656,1558
2008-06-19,16.760780334472656,16.760780334472656,16.760780334472656,16.760780334472656,16.760780334472656,0
2008-06-20,16.760780334472656,16.760780334472656,16.760780334472656,16.760780334472656,16.760780334472656,0
2008-06-23,16.427104949951172,16.427104949951172,16.427104949951172,16.427104949951172,16.427104949951172,195
2008-06-24,16.427104949951172,16.427104949951172,16.427104949951172,16.427104949951172,16.427104949951172,0
2008-06-25,16.416837692260742,16.416837692260742,16.416837692260742,16.416837692260742,16.416837692260742,779
2008-06-26,16.416837692260742,16.416837692260742,16.416837692260742,16.416837692260742,16.416837692260742,0
2008-06-27,16.134496688842773,16.427104949951172,16.134496688842773,16.427104949951172,16.427104949951172,1169
2008-06-30,16.108829498291016,16.108829498291016,16.108829498291016,16.108829498291016,16.108829498291016,195
2008-07-01,16.108829498291016,16.108829498291016,16.108829498291016,16.108829498291016,16.108829498291016,0
2008-07-02,15.677618026733398,15.677618026733398,15.677618026733398,15.677618026733398,15.677618026733398,390
2008-07-03,15.677618026733398,15.677618026733398,15.677618026733398,15.677618026733398,15.677618026733398,0
2008-07-07,15.677618026733398,15.677618026733398,15.677618026733398,15.677618026733398,15.677618026733398,0
2008-07-08,15.400410652160645,15.657084465026855,14.887063980102539,15.657084465026855,15.657084465026855,1169
2008-07-09,15.472278594970703,15.657084465026855,15.472278594970703,15.657084465026855,15.657084465026855,1169
2008-07-10,15.657084465026855,15.657084465026855,15.657084465026855,15.657084465026855,15.657084465026855,0
2008-07-11,15.657084465026855,15.657084465026855,15.657084465026855,15.657084465026855,15.657084465026855,0
2008-07-14,15.657084465026855,15.657084465026855,15.657084465026855,15.657084465026855,15.657084465026855,0
2008-07-15,15.657084465026855,15.657084465026855,15.657084465026855,15.657084465026855,15.657084465026855,0
2008-07-16,15.657084465026855,15.657084465026855,15.657084465026855,15.657084465026855,15.657084465026855,0
2008-07-17,15.657084465026855,15.657084465026855,15.657084465026855,15.657084465026855,15.657084465026855,0
2008-07-18,15.657084465026855,15.657084465026855,15.657084465026855,15.657084465026855,15.657084465026855,0
2008-07-21,15.657084465026855,15.657084465026855,15.657084465026855,15.657084465026855,15.657084465026855,0
2008-07-22,15.657084465026855,15.657084465026855,15.657084465026855,15.657084465026855,15.657084465026855,0
2008-07-23,15.657084465026855,15.657084465026855,15.657084465026855,15.657084465026855,15.657084465026855,0
2008-07-24,15.657084465026855,15.657084465026855,15.657084465026855,15.657084465026855,15.657084465026855,0
2008-07-25,15.657084465026855,15.657084465026855,15.657084465026855,15.657084465026855,15.657084465026855,0
2008-07-28,14.373717308044434,14.373717308044434,14.373717308044434,14.373717308044434,14.373717308044434,195
2008-07-29,14.373717308044434,14.373717308044434,14.373717308044434,14.373717308044434,14.373717308044434,0
2008-07-30,14.373717308044434,14.373717308044434,14.373717308044434,14.373717308044434,14.373717308044434,0
2008-07-31,14.373717308044434,14.373717308044434,14.373717308044434,14.373717308044434,14.373717308044434,0
2008-08-01,14.373717308044434,14.373717308044434,14.373717308044434,14.373717308044434,14.373717308044434,0
2008-08-04,14.373717308044434,14.373717308044434,14.373717308044434,14.373717308044434,14.373717308044434,0
2008-08-05,14.373717308044434,14.373717308044434,14.373717308044434,14.373717308044434,14.373717308044434,0
2008-08-06,15.400410652160645,16.1498966217041,15.400410652160645,16.1498966217041,16.1498966217041,779
2008-08-07,16.1498966217041,16.1498966217041,16.1498966217041,16.1498966217041,16.1498966217041,0
2008-08-08,16.1498966217041,16.1498966217041,16.1498966217041,16.1498966217041,16.1498966217041,0
2008-08-11,16.1498966217041,16.1498966217041,16.1498966217041,16.1498966217041,16.1498966217041,0
2008-08-12,16.1498966217041,16.1498966217041,16.1498966217041,16.1498966217041,16.1498966217041,0
2008-08-13,16.1498966217041,16.1498966217041,16.1498966217041,16.1498966217041,16.1498966217041,0
2008-08-14,17.417863845825195,17.75153923034668,17.36139678955078,17.36139678955078,17.36139678955078,974
2008-08-15,17.62320327758789,17.62320327758789,17.62320327758789,17.62320327758789,17.62320327758789,390
2008-08-18,17.268993377685547,17.268993377685547,17.268993377685547,17.268993377685547,17.268993377685547,195
2008-08-19,16.96611976623535,16.96611976623535,16.96611976623535,16.96611976623535,16.96611976623535,195
2008-08-20,16.96611976623535,16.96611976623535,16.96611976623535,16.96611976623535,16.96611976623535,0
2008-08-21,16.96611976623535,16.96611976623535,16.96611976623535,16.96611976623535,16.96611976623535,0
2008-08-22,16.96611976623535,16.96611976623535,16.96611976623535,16.96611976623535,16.96611976623535,0
2008-08-25,16.806982040405273,16.806982040405273,16.806982040405273,16.806982040405273,16.806982040405273,195
2008-08-26,16.806982040405273,16.806982040405273,16.806982040405273,16.806982040405273,16.806982040405273,0
2008-08-27,16.806982040405273,16.806982040405273,16.806982040405273,16.806982040405273,16.806982040405273,0
2008-08-28,17.967145919799805,17.967145919799805,17.967145919799805,17.967145919799805,17.967145919799805,195
2008-08-29,18.860370635986328,18.860370635986328,18.860370635986328,18.860370635986328,18.860370635986328,195
2008-09-02,18.860370635986328,18.860370635986328,18.860370635986328,18.860370635986328,18.860370635986328,0
2008-09-03,18.860370635986328,18.860370635986328,18.860370635986328,18.860370635986328,18.860370635986328,0
2008-09-04,18.860370635986328,18.860370635986328,18.860370635986328,18.860370635986328,18.860370635986328,0
2008-09-05,18.860370635986328,18.860370635986328,18.860370635986328,18.860370635986328,18.860370635986328,0
2008-09-08,18.860370635986328,18.860370635986328,18.860370635986328,18.860370635986328,18.860370635986328,0
2008-09-09,18.860370635986328,18.860370635986328,18.860370635986328,18.860370635986328,18.860370635986328,0
2008-09-10,18.860370635986328,18.860370635986328,18.860370635986328,18.860370635986328,18.860370635986328,0
2008-09-11,18.860370635986328,18.860370635986328,18.860370635986328,18.860370635986328,18.860370635986328,0
2008-09-12,18.860370635986328,18.860370635986328,18.860370635986328,18.860370635986328,18.860370635986328,0
2008-09-15,18.860370635986328,18.860370635986328,18.860370635986328,18.860370635986328,18.860370635986328,0
2008-09-16,17.967145919799805,17.967145919799805,15.78028678894043,15.78028678894043,15.78028678894043,5454
2008-09-17,15.78028678894043,15.78028678894043,15.78028678894043,15.78028678894043,15.78028678894043,0
2008-09-18,15.78028678894043,15.78028678894043,15.78028678894043,15.78028678894043,15.78028678894043,0
2008-09-19,16.288501739501953,16.288501739501953,16.288501739501953,16.288501739501953,16.288501739501953,195
2008-09-22,16.288501739501953,16.288501739501953,16.288501739501953,16.288501739501953,16.288501739501953,0
2008-09-23,16.288501739501953,16.288501739501953,16.288501739501953,16.288501739501953,16.288501739501953,0
2008-09-24,16.935317993164062,16.935317993164062,16.935317993164062,16.935317993164062,16.935317993164062,195
2008-09-25,15.908623695373535,15.908623695373535,15.908623695373535,15.908623695373535,15.908623695373535,390
2008-09-26,15.908623695373535,15.908623695373535,15.908623695373535,15.908623695373535,15.908623695373535,0
2008-09-29,15.297740936279297,15.297740936279297,14.887063980102539,14.887063980102539,14.887063980102539,584
2008-09-30,14.086241722106934,15.410677909851074,13.783368110656738,15.410677909851074,15.410677909851074,2922
2008-10-01,15.179671287536621,15.179671287536621,15.179671287536621,15.179671287536621,15.179671287536621,195
2008-10-02,14.887063980102539,14.887063980102539,14.609855651855469,14.609855651855469,14.609855651855469,390
2008-10-03,14.609855651855469,14.609855651855469,14.609855651855469,14.609855651855469,14.609855651855469,0
2008-10-06,14.373717308044434,14.630390167236328,13.711499214172363,13.762833595275879,13.762833595275879,1364
2008-10-07,13.347023010253906,13.347023010253906,12.304927825927734,12.628336906433105,12.628336906433105,6623
2008-10-08,12.320328712463379,12.320328712463379,11.812114715576172,12.212526321411133,12.212526321411133,4480
2008-10-09,11.791581153869629,11.791581153869629,11.71971321105957,11.71971321105957,11.71971321105957,390
2008-10-10,11.298768043518066,11.298768043518066,9.224845886230469,10.112936019897461,10.112936019897461,6234
2008-10-13,10.477413177490234,10.554414749145508,10.472278594970703,10.497946739196777,10.497946739196777,2727
2008-10-14,10.497946739196777,10.497946739196777,10.497946739196777,10.497946739196777,10.497946739196777,0
2008-10-15,9.625256538391113,9.625256538391113,9.599589347839355,9.599589347839355,9.599589347839355,390
2008-10-16,8.937372207641602,8.937372207641602,8.5112943649292,8.927104949951172,8.927104949951172,2338
2008-10-17,9.224845886230469,9.240245819091797,9.21971321105957,9.240245819091797,9.240245819091797,1364
2008-10-20,9.748459815979004,10.246406555175781,9.748459815979004,10.246406555175781,10.246406555175781,974
2008-10-21,9.753593444824219,9.753593444824219,9.753593444824219,9.753593444824219,9.753593444824219,195
2008-10-22,9.240245819091797,9.240245819091797,9.240245819091797,9.240245819091797,9.240245819091797,195
2008-10-23,8.726899147033691,8.726899147033691,8.213552474975586,8.213552474975586,8.213552474975586,974
2008-10-24,7.700204849243164,7.705338954925537,7.700204849243164,7.705338954925537,7.705338954925537,779
2008-10-27,7.4435319900512695,7.4435319900512695,7.0585222244262695,7.0585222244262695,7.0585222244262695,10909
2008-10-28,6.673511028289795,6.883984088897705,6.468172073364258,6.883984088897705,6.883984088897705,1753
2008-10-29,6.165297985076904,7.4435319900512695,6.165297985076904,7.4435319900512695,7.4435319900512695,7987
2008-10-30,7.4435319900512695,7.956879138946533,7.4435319900512695,7.956879138946533,7.956879138946533,1169
2008-10-31,8.465091705322266,8.470226287841797,8.429158210754395,8.470226287841797,8.470226287841797,1558
2008-11-03,8.983572959899902,9.183777809143066,8.521560668945312,9.183777809143066,9.183777809143066,2338
2008-11-04,9.645791053771973,9.645791053771973,9.645791053771973,9.645791053771973,9.645791053771973,2532
2008-11-05,9.645791053771973,9.645791053771973,9.645791053771973,9.645791053771973,9.645791053771973,0
2008-11-06,9.137577056884766,9.137577056884766,7.731006145477295,7.931210994720459,7.931210994720459,14610
2008-11-07,8.572895050048828,8.572895050048828,8.572895050048828,8.572895050048828,8.572895050048828,974
2008-11-10,8.136549949645996,8.136549949645996,8.136549949645996,8.136549949645996,8.136549949645996,195
2008-11-11,7.756673812866211,7.756673812866211,7.654004096984863,7.654004096984863,7.654004096984863,2727
2008-11-12,7.494866847991943,7.494866847991943,7.4435319900512695,7.4435319900512695,7.4435319900512695,390
2008-11-13,7.664270877838135,7.956879138946533,7.664270877838135,7.956879138946533,7.956879138946533,2532
2008-11-14,7.689938068389893,7.725872993469238,7.689938068389893,7.725872993469238,7.725872993469238,584
2008-11-17,7.268993854522705,7.268993854522705,7.26386022567749,7.26386022567749,7.26386022567749,584
2008-11-18,6.930184841156006,6.930184841156006,6.591375827789307,6.632443904876709,6.632443904876709,3117
2008-11-19,7.80287504196167,7.80287504196167,6.6221771240234375,6.673511028289795,6.673511028289795,1364
2008-11-20,6.160163879394531,6.180697917938232,6.006159782409668,6.006159782409668,6.006159782409668,1948
2008-11-21,5.800820827484131,5.800820827484131,5.4979472160339355,5.4979472160339355,5.4979472160339355,974
2008-11-24,6.0574951171875,6.524641036987305,5.9958930015563965,6.524641036987305,6.524641036987305,3701
2008-11-25,6.524641036987305,6.524641036987305,6.524641036987305,6.524641036987305,6.524641036987305,0
2008-11-26,6.873716831207275,6.878849983215332,6.873716831207275,6.878849983215332,6.878849983215332,1558
2008-11-28,6.878849983215332,6.878849983215332,6.878849983215332,6.878849983215332,6.878849983215332,0
2008-12-01,6.724845886230469,6.724845886230469,6.4322381019592285,6.4322381019592285,6.4322381019592285,390
2008-12-02,6.3141679763793945,6.3141679763793945,6.3141679763793945,6.3141679763793945,6.3141679763793945,195
2008-12-03,6.3141679763793945,6.3141679763793945,6.3141679763793945,6.3141679763793945,6.3141679763793945,0
2008-12-04,6.3141679763793945,6.3141679763793945,6.3141679763793945,6.3141679763793945,6.3141679763793945,0
2008-12-05,6.3141679763793945,6.3141679763793945,6.3141679763793945,6.3141679763793945,6.3141679763793945,195
2008-12-08,6.776181221008301,6.776181221008301,6.673511028289795,6.673511028289795,6.673511028289795,584
2008-12-09,6.673511028289795,6.673511028289795,6.673511028289795,6.673511028289795,6.673511028289795,0
2008-12-10,6.673511028289795,6.673511028289795,6.673511028289795,6.673511028289795,6.673511028289795,0
2008-12-11,6.930184841156006,6.930184841156006,6.930184841156006,6.930184841156006,6.930184841156006,195
2008-12-12,6.930184841156006,6.930184841156006,6.930184841156006,6.930184841156006,6.930184841156006,0
2008-12-15,6.724845886230469,6.724845886230469,6.724845886230469,6.724845886230469,6.724845886230469,195
2008-12-16,6.278234004974365,6.278234004974365,6.273100852966309,6.273100852966309,6.273100852966309,1558
2008-12-17,6.273100852966309,6.273100852966309,6.273100852966309,6.273100852966309,6.273100852966309,0
2008-12-18,6.273100852966309,6.273100852966309,6.273100852966309,6.273100852966309,6.273100852966309,0
2008-12-19,6.273100852966309,6.273100852966309,6.273100852966309,6.273100852966309,6.273100852966309,0
2008-12-22,6.8891167640686035,6.8891167640686035,6.8891167640686035,6.8891167640686035,6.8891167640686035,390
2008-12-23,6.8891167640686035,6.8891167640686035,6.8891167640686035,6.8891167640686035,6.8891167640686035,0
2008-12-24,6.8891167640686035,6.8891167640686035,6.8891167640686035,6.8891167640686035,6.8891167640686035,0
2008-12-26,7.751540184020996,7.751540184020996,7.684804916381836,7.700204849243164,7.700204849243164,779
2008-12-29,7.700204849243164,7.700204849243164,7.700204849243164,7.700204849243164,7.700204849243164,0
2008-12-30,7.643736839294434,7.956879138946533,7.643736839294434,7.956879138946533,7.956879138946533,1753
2008-12-31,8.09548282623291,8.15195083618164,8.09548282623291,8.121150016784668,8.121150016784668,1364
2009-01-02,8.121150016784668,8.121150016784668,8.121150016784668,8.121150016784668,8.121150016784668,0
2009-01-05,8.121150016784668,8.121150016784668,8.121150016784668,8.121150016784668,8.121150016784668,0
2009-01-06,8.121150016784668,8.121150016784668,8.121150016784668,8.121150016784668,8.121150016784668,0
2009-01-07,8.121150016784668,8.121150016784668,8.121150016784668,8.121150016784668,8.121150016784668,0
2009-01-08,9.753593444824219,9.871663093566895,9.753593444824219,9.871663093566895,9.871663093566895,7013
2009-01-09,9.820328712463379,9.820328712463379,9.820328712463379,9.820328712463379,9.820328712463379,195
2009-01-12,9.820328712463379,9.820328712463379,9.820328712463379,9.820328712463379,9.820328712463379,0
2009-01-13,9.111909866333008,9.111909866333008,9.111909866333008,9.111909866333008,9.111909866333008,195
2009-01-14,8.844968795776367,8.844968795776367,8.844968795776367,8.844968795776367,8.844968795776367,390
2009-01-15,8.93223762512207,8.93223762512207,8.93223762512207,8.93223762512207,8.93223762512207,974
2009-01-16,8.93223762512207,8.93223762512207,8.93223762512207,8.93223762512207,8.93223762512207,0
2009-01-20,10.01026725769043,10.01026725769043,8.22895336151123,8.22895336151123,8.22895336151123,1364
2009-01-21,8.22895336151123,8.22895336151123,8.22895336151123,8.22895336151123,8.22895336151123,0
2009-01-22,8.22895336151123,8.22895336151123,8.22895336151123,8.22895336151123,8.22895336151123,0
2009-01-23,8.22895336151123,8.22895336151123,8.22895336151123,8.22895336151123,8.22895336151123,0
2009-01-26,8.22895336151123,8.22895336151123,8.22895336151123,8.22895336151123,8.22895336151123,0
2009-01-27,8.22895336151123,8.22895336151123,8.22895336151123,8.22895336151123,8.22895336151123,0
2009-01-28,8.22895336151123,8.22895336151123,8.22895336151123,8.22895336151123,8.22895336151123,0
2009-01-29,8.22895336151123,8.22895336151123,8.22895336151123,8.22895336151123,8.22895336151123,0
2009-01-30,8.22895336151123,8.22895336151123,8.22895336151123,8.22895336151123,8.22895336151123,0
2009-02-02,8.22895336151123,8.22895336151123,8.22895336151123,8.22895336151123,8.22895336151123,0
2009-02-03,8.22895336151123,8.22895336151123,8.22895336151123,8.22895336151123,8.22895336151123,0
2009-02-04,8.22895336151123,8.22895336151123,8.22895336151123,8.22895336151123,8.22895336151123,0
2009-02-05,8.22895336151123,8.22895336151123,8.22895336151123,8.22895336151123,8.22895336151123,0
2009-02-06,8.22895336151123,8.22895336151123,8.22895336151123,8.22895336151123,8.22895336151123,0
2009-02-09,8.22895336151123,8.22895336151123,8.22895336151123,8.22895336151123,8.22895336151123,0
2009-02-10,7.340861797332764,7.340861797332764,7.340861797332764,7.340861797332764,7.340861797332764,195
2009-02-11,7.340861797332764,7.340861797332764,7.340861797332764,7.340861797332764,7.340861797332764,0
2009-02-12,7.340861797332764,7.340861797332764,7.340861797332764,7.340861797332764,7.340861797332764,0
2009-02-13,7.340861797332764,7.340861797332764,7.340861797332764,7.340861797332764,7.340861797332764,0
2009-02-17,6.288500785827637,6.288500785827637,6.288500785827637,6.288500785827637,6.288500785827637,3506
2009-02-18,6.288500785827637,6.288500785827637,6.288500785827637,6.288500785827637,6.288500785827637,0
2009-02-19,6.288500785827637,6.288500785827637,6.288500785827637,6.288500785827637,6.288500785827637,0
2009-02-20,5.426077842712402,5.574948787689209,5.426077842712402,5.574948787689209,5.574948787689209,1169
2009-02-23,4.876797199249268,4.876797199249268,4.876797199249268,4.876797199249268,4.876797199249268,195
2009-02-24,4.876797199249268,6.575974941253662,4.876797199249268,6.483572959899902,6.483572959899902,3506
2009-02-25,6.483572959899902,6.483572959899902,6.483572959899902,6.483572959899902,6.483572959899902,0
2009-02-26,6.483572959899902,6.483572959899902,6.483572959899902,6.483572959899902,6.483572959899902,0
2009-02-27,6.483572959899902,6.483572959899902,6.483572959899902,6.483572959899902,6.483572959899902,0
2009-03-02,5.959959030151367,5.959959030151367,5.959959030151367,5.959959030151367,5.959959030151367,584
2009-03-03,7.6745381355285645,7.6745381355285645,5.888090133666992,5.888090133666992,5.888090133666992,5065
2009-03-04,6.155031204223633,6.160163879394531,6.155031204223633,6.160163879394531,6.160163879394531,2143
2009-03-05,6.155031204223633,6.155031204223633,6.155031204223633,6.155031204223633,6.155031204223633,390
2009-03-06,5.23613977432251,5.23613977432251,5.23613977432251,5.23613977432251,5.23613977432251,195
2009-03-09,5.23613977432251,5.23613977432251,5.23613977432251,5.23613977432251,5.23613977432251,0
2009-03-10,4.979465961456299,4.979465961456299,4.979465961456299,4.979465961456299,4.979465961456299,779
2009-03-11,5.39527702331543,5.39527702331543,5.39527702331543,5.39527702331543,5.39527702331543,195
2009-03-12,5.39527702331543,5.39527702331543,5.39527702331543,5.39527702331543,5.39527702331543,0
2009-03-13,5.39527702331543,5.39527702331543,5.39527702331543,5.39527702331543,5.39527702331543,0
2009-03-16,5.749486923217773,5.749486923217773,5.6981520652771,5.713551998138428,5.713551998138428,1169
2009-03-17,5.713551998138428,5.713551998138428,5.713551998138428,5.713551998138428,5.713551998138428,0
2009-03-18,5.713551998138428,5.713551998138428,5.713551998138428,5.713551998138428,5.713551998138428,0
2009-03-19,5.713551998138428,5.713551998138428,5.713551998138428,5.713551998138428,5.713551998138428,0
2009-03-20,5.713551998138428,5.713551998138428,5.713551998138428,5.713551998138428,5.713551998138428,0
2009-03-23,5.713551998138428,5.713551998138428,5.713551998138428,5.713551998138428,5.713551998138428,0
2009-03-24,5.713551998138428,5.713551998138428,5.713551998138428,5.713551998138428,5.713551998138428,0
2009-03-25,5.713551998138428,5.713551998138428,5.713551998138428,5.713551998138428,5.713551998138428,0
2009-03-26,5.713551998138428,5.713551998138428,5.713551998138428,5.713551998138428,5.713551998138428,0
2009-03-27,5.713551998138428,5.713551998138428,5.713551998138428,5.713551998138428,5.713551998138428,0
2009-03-30,7.315195083618164,7.725872993469238,7.186858177185059,7.186858177185059,7.186858177185059,4480
2009-03-31,11.078028678894043,11.078028678894043,7.458931922912598,7.458931922912598,7.458931922912598,4480
2009-04-01,7.695072174072266,7.695072174072266,7.695072174072266,7.695072174072266,7.695072174072266,779
2009-04-02,7.695072174072266,7.695072174072266,7.695072174072266,7.695072174072266,7.695072174072266,0
2009-04-03,7.695072174072266,7.695072174072266,7.695072174072266,7.695072174072266,7.695072174072266,0
2009-04-06,7.417863845825195,7.417863845825195,7.417863845825195,7.417863845825195,7.417863845825195,390
2009-04-07,7.417863845825195,7.417863845825195,7.417863845825195,7.417863845825195,7.417863845825195,0
2009-04-08,8.316222190856934,8.495892524719238,8.316222190856934,8.495892524719238,8.495892524719238,1558
2009-04-09,8.993840217590332,8.993840217590332,8.93223762512207,8.93223762512207,8.93223762512207,390
2009-04-13,8.880903244018555,8.880903244018555,8.752567291259766,8.793634414672852,8.793634414672852,779
2009-04-14,8.747432708740234,8.747432708740234,8.747432708740234,8.747432708740234,8.747432708740234,195
2009-04-15,8.690964698791504,8.690964698791504,8.608830451965332,8.608830451965332,8.608830451965332,779
2009-04-16,8.608830451965332,8.608830451965332,8.608830451965332,8.608830451965332,8.608830451965332,0
2009-04-17,8.6036958694458,9.250513076782227,8.6036958694458,9.250513076782227,9.250513076782227,3506
2009-04-20,8.732032775878906,8.732032775878906,8.593428611755371,8.644763946533203,8.644763946533203,1558
2009-04-21,8.773100852966309,8.788500785827637,8.773100852966309,8.788500785827637,8.788500785827637,779
2009-04-22,8.788500785827637,8.788500785827637,8.788500785827637,8.788500785827637,8.788500785827637,0
2009-04-23,8.295687675476074,8.331622123718262,8.295687675476074,8.331622123718262,8.331622123718262,974
2009-04-24,8.331622123718262,8.331622123718262,8.331622123718262,8.331622123718262,8.331622123718262,0
2009-04-27,7.9979472160339355,8.444559097290039,7.9979472160339355,8.203285217285156,8.203285217285156,779
2009-04-28,8.203285217285156,8.203285217285156,8.203285217285156,8.203285217285156,8.203285217285156,0
2009-04-29,8.203285217285156,8.203285217285156,8.203285217285156,8.203285217285156,8.203285217285156,0
2009-04-30,8.203285217285156,8.203285217285156,8.203285217285156,8.203285217285156,8.203285217285156,0
2009-05-01,8.516427040100098,8.516427040100098,8.516427040100098,8.516427040100098,8.516427040100098,195
2009-05-04,9.178645133972168,9.178645133972168,9.178645133972168,9.178645133972168,9.178645133972168,195
2009-05-05,9.178645133972168,9.178645133972168,9.178645133972168,9.178645133972168,9.178645133972168,0
2009-05-06,8.726899147033691,8.726899147033691,8.285421371459961,8.285421371459961,8.285421371459961,3506
2009-05-07,8.50102710723877,8.506159782409668,8.475358963012695,8.48049259185791,8.48049259185791,1364
2009-05-08,8.48049259185791,8.48049259185791,8.48049259185791,8.48049259185791,8.48049259185791,0
2009-05-11,8.48049259185791,8.48049259185791,8.48049259185791,8.48049259185791,8.48049259185791,0
2009-05-12,8.234086036682129,8.239219665527344,8.234086036682129,8.239219665527344,8.239219665527344,390
2009-05-13,8.239219665527344,8.239219665527344,8.239219665527344,8.239219665527344,8.239219665527344,0
2009-05-14,7.864476203918457,7.864476203918457,7.612936019897461,7.618070125579834,7.618070125579834,584
2009-05-15,7.618070125579834,7.618070125579834,7.618070125579834,7.618070125579834,7.618070125579834,0
2009-05-18,7.618070125579834,7.618070125579834,7.618070125579834,7.618070125579834,7.618070125579834,0
2009-05-19,7.618070125579834,7.618070125579834,7.618070125579834,7.618070125579834,7.618070125579834,0
2009-05-20,7.618070125579834,7.618070125579834,7.618070125579834,7.618070125579834,7.618070125579834,0
2009-05-21,7.577002048492432,7.59240198135376,7.5,7.525667190551758,7.525667190551758,4286
2009-05-22,7.73613977432251,7.73613977432251,7.4897332191467285,7.546201229095459,7.546201229095459,4091
2009-05-26,7.546201229095459,7.546201229095459,7.546201229095459,7.546201229095459,7.546201229095459,0
2009-05-27,7.5102667808532715,7.5102667808532715,7.5102667808532715,7.5102667808532715,7.5102667808532715,390
2009-05-28,7.258727073669434,7.26386022567749,7.186858177185059,7.186858177185059,7.186858177185059,4870
2009-05-29,7.186858177185059,7.186858177185059,7.186858177185059,7.186858177185059,7.186858177185059,0
2009-06-01,7.356263160705566,7.392197132110596,7.356263160705566,7.387063980102539,7.387063980102539,1558
2009-06-02,7.381929874420166,7.4383978843688965,7.381929874420166,7.4383978843688965,7.4383978843688965,974
2009-06-03,7.032854080200195,7.037988185882568,7.032854080200195,7.032854080200195,7.032854080200195,3312
2009-06-04,7.032854080200195,7.032854080200195,7.032854080200195,7.032854080200195,7.032854080200195,0
2009-06-05,7.012320041656494,7.012320041656494,7.012320041656494,7.012320041656494,7.012320041656494,1169
2009-06-08,7.012320041656494,7.012320041656494,7.012320041656494,7.012320041656494,7.012320041656494,0
2009-06-09,6.899384021759033,7.161190986633301,6.894250869750977,7.161190986633301,7.161190986633301,1169
2009-06-10,7.161190986633301,7.161190986633301,7.161190986633301,7.161190986633301,7.161190986633301,0
2009-06-11,7.161190986633301,7.161190986633301,7.161190986633301,7.161190986633301,7.161190986633301,0
2009-06-12,7.161190986633301,7.161190986633301,7.161190986633301,7.161190986633301,7.161190986633301,0
2009-06-15,7.161190986633301,7.161190986633301,7.161190986633301,7.161190986633301,7.161190986633301,0
2009-06-16,7.161190986633301,7.161190986633301,7.161190986633301,7.161190986633301,7.161190986633301,0
2009-06-17,7.648870944976807,7.731006145477295,7.648870944976807,7.731006145477295,7.731006145477295,390
2009-06-18,7.731006145477295,7.731006145477295,7.731006145477295,7.731006145477295,7.731006145477295,0
2009-06-19,7.731006145477295,7.731006145477295,7.731006145477295,7.731006145477295,7.731006145477295,0
2009-06-22,7.731006145477295,7.731006145477295,7.731006145477295,7.731006145477295,7.731006145477295,0
2009-06-23,7.571868896484375,7.571868896484375,7.186858177185059,7.4435319900512695,7.4435319900512695,5649
2009-06-24,7.4435319900512695,7.4435319900512695,7.4435319900512695,7.4435319900512695,7.4435319900512695,0
2009-06-25,7.4435319900512695,7.4435319900512695,7.4435319900512695,7.4435319900512695,7.4435319900512695,0
2009-06-26,7.4435319900512695,7.4435319900512695,7.4435319900512695,7.4435319900512695,7.4435319900512695,0
2009-06-29,7.4435319900512695,7.4435319900512695,7.4435319900512695,7.4435319900512695,7.4435319900512695,0
2009-06-30,7.4435319900512695,7.4435319900512695,7.4435319900512695,7.4435319900512695,7.4435319900512695,0
2009-07-01,8.16221809387207,8.16221809387207,8.157084465026855,8.157084465026855,8.157084465026855,390
2009-07-02,8.110882759094238,8.110882759094238,7.695072174072266,7.695072174072266,7.695072174072266,1558
2009-07-06,7.9414777755737305,7.9414777755737305,7.9414777755737305,7.9414777755737305,7.9414777755737305,195
2009-07-07,7.849075794219971,7.864476203918457,7.705338954925537,7.761806964874268,7.761806964874268,1364
2009-07-08,7.761806964874268,7.761806964874268,7.761806964874268,7.761806964874268,7.761806964874268,0
2009-07-09,7.761806964874268,7.761806964874268,7.761806964874268,7.761806964874268,7.761806964874268,0
2009-07-10,7.761806964874268,7.761806964874268,7.761806964874268,7.761806964874268,7.761806964874268,0
2009-07-13,7.931210994720459,7.9414777755737305,7.813141822814941,7.879877090454102,7.879877090454102,4675
2009-07-14,8.039013862609863,8.039013862609863,8.039013862609863,8.039013862609863,8.039013862609863,195
2009-07-15,8.039013862609863,8.039013862609863,8.039013862609863,8.039013862609863,8.039013862609863,0
2009-07-16,8.039013862609863,8.039013862609863,8.039013862609863,8.039013862609863,8.039013862609863,0
2009-07-17,8.039013862609863,8.039013862609863,8.039013862609863,8.039013862609863,8.039013862609863,0
2009-07-20,9.527721405029297,9.563654899597168,9.527721405029297,9.563654899597168,9.563654899597168,2922
2009-07-21,9.563654899597168,9.563654899597168,9.563654899597168,9.563654899597168,9.563654899597168,0
2009-07-22,9.93326473236084,9.93326473236084,9.93326473236084,9.93326473236084,9.93326473236084,195
2009-07-23,9.93326473236084,9.93326473236084,9.93326473236084,9.93326473236084,9.93326473236084,0
2009-07-24,10.266940116882324,10.266940116882324,10.266940116882324,10.266940116882324,10.266940116882324,5065
2009-07-27,10.266940116882324,10.266940116882324,10.266940116882324,10.266940116882324,10.266940116882324,0
2009-07-28,10.266940116882324,10.266940116882324,10.266940116882324,10.266940116882324,10.266940116882324,0
2009-07-29,10.266940116882324,10.266940116882324,10.266940116882324,10.266940116882324,10.266940116882324,0
2009-07-30,10.266940116882324,10.266940116882324,10.266940116882324,10.266940116882324,10.266940116882324,0
2009-07-31,8.526694297790527,10.949691772460938,8.526694297790527,10.949691772460938,10.949691772460938,2532
2009-08-03,11.581109046936035,11.581109046936035,10.616016387939453,10.616016387939453,10.616016387939453,974
2009-08-04,10.657084465026855,11.026694297790527,10.657084465026855,11.026694297790527,11.026694297790527,1753
2009-08-05,11.03696060180664,11.03696060180664,11.03696060180664,11.03696060180664,11.03696060180664,195
2009-08-06,10.497946739196777,10.497946739196777,10.497946739196777,10.497946739196777,10.497946739196777,390
2009-08-07,10.959959030151367,11.206365585327148,10.959959030151367,11.206365585327148,11.206365585327148,974
2009-08-10,11.160163879394531,11.160163879394531,11.108830451965332,11.11396312713623,11.11396312713623,974
2009-08-11,10.985626220703125,11.042094230651855,10.431211471557617,10.995892524719238,10.995892524719238,12467
2009-08-12,11.119096755981445,11.334701538085938,11.119096755981445,11.334701538085938,11.334701538085938,779
2009-08-13,11.334701538085938,11.334701538085938,11.334701538085938,11.334701538085938,11.334701538085938,0
2009-08-14,11.0574951171875,11.0574951171875,11.0574951171875,11.0574951171875,11.0574951171875,584
2009-08-17,11.0574951171875,11.0574951171875,11.0574951171875,11.0574951171875,11.0574951171875,0
2009-08-18,10.616016387939453,10.616016387939453,10.616016387939453,10.616016387939453,10.616016387939453,390
2009-08-19,10.616016387939453,10.616016387939453,10.616016387939453,10.616016387939453,10.616016387939453,0
2009-08-20,10.744353294372559,10.744353294372559,10.744353294372559,10.744353294372559,10.744353294372559,974
2009-08-21,10.744353294372559,10.744353294372559,10.744353294372559,10.744353294372559,10.744353294372559,0
2009-08-24,11.483572959899902,11.514373779296875,11.483572959899902,11.514373779296875,11.514373779296875,779
2009-08-25,11.504107475280762,11.540040969848633,11.303900718688965,11.504107475280762,11.504107475280762,3701
2009-08-26,11.504107475280762,11.504107475280762,11.504107475280762,11.504107475280762,11.504107475280762,0
2009-08-27,11.3963041305542,11.3963041305542,11.3963041305542,11.3963041305542,11.3963041305542,584
2009-08-28,11.601642608642578,11.601642608642578,11.601642608642578,11.601642608642578,11.601642608642578,195
2009-08-31,11.70944595336914,11.70944595336914,11.70944595336914,11.70944595336914,11.70944595336914,195
2009-09-01,11.006159782409668,11.006159782409668,11.006159782409668,11.006159782409668,11.006159782409668,195
2009-09-02,11.303900718688965,11.309035301208496,11.303900718688965,11.309035301208496,11.309035301208496,390
2009-09-03,11.309035301208496,11.309035301208496,11.309035301208496,11.309035301208496,11.309035301208496,0
2009-09-04,11.668377876281738,11.8275146484375,11.632444381713867,11.8275146484375,11.8275146484375,3701
2009-09-08,11.909650802612305,12.114990234375,11.909650802612305,11.996919631958008,11.996919631958008,779
2009-09-09,12.325462341308594,12.325462341308594,12.325462341308594,12.325462341308594,12.325462341308594,2338
2009-09-10,12.530800819396973,12.628336906433105,12.530800819396973,12.571868896484375,12.571868896484375,1169
2009-09-11,12.571868896484375,12.571868896484375,12.571868896484375,12.571868896484375,12.571868896484375,0
2009-09-14,12.335728645324707,12.335728645324707,12.320328712463379,12.320328712463379,12.320328712463379,584
2009-09-15,12.8336763381958,12.8336763381958,12.8336763381958,12.8336763381958,12.8336763381958,195
2009-09-16,12.982545852661133,12.982545852661133,12.982545852661133,12.982545852661133,12.982545852661133,195
2009-09-17,12.577001571655273,12.577001571655273,12.577001571655273,12.577001571655273,12.577001571655273,584
2009-09-18,12.577001571655273,12.577001571655273,12.577001571655273,12.577001571655273,12.577001571655273,0
2009-09-21,12.577001571655273,12.577001571655273,12.577001571655273,12.577001571655273,12.577001571655273,0
2009-09-22,12.700204849243164,12.849076271057129,12.561601638793945,12.561601638793945,12.561601638793945,30389
2009-09-23,12.530800819396973,12.787473678588867,12.340862274169922,12.345995903015137,12.345995903015137,9935
2009-09-24,12.412731170654297,12.412731170654297,11.91478443145752,11.919918060302734,11.919918060302734,11493
2009-09-25,12.140657424926758,12.1663236618042,11.960986137390137,12.03798770904541,12.03798770904541,5065
2009-09-28,12.03798770904541,12.03798770904541,12.03798770904541,12.03798770904541,12.03798770904541,0
2009-09-29,12.320328712463379,12.320328712463379,12.320328712463379,12.320328712463379,12.320328712463379,390
2009-09-30,11.652976989746094,11.652976989746094,11.652976989746094,11.652976989746094,11.652976989746094,195
2009-10-01,11.216631889343262,11.237166404724121,11.216631889343262,11.237166404724121,11.237166404724121,390
2009-10-02,10.616016387939453,10.800821304321289,10.616016387939453,10.687885284423828,10.687885284423828,1364
2009-10-05,10.811087608337402,10.811087608337402,10.811087608337402,10.811087608337402,10.811087608337402,195
2009-10-06,11.11396312713623,11.11396312713623,11.11396312713623,11.11396312713623,11.11396312713623,195
2009-10-07,11.03696060180664,11.03696060180664,11.03696060180664,11.03696060180664,11.03696060180664,195
2009-10-08,11.391169548034668,11.545174598693848,11.391169548034668,11.545174598693848,11.545174598693848,584
2009-10-09,11.360369682312012,11.504107475280762,11.360369682312012,11.504107475280762,11.504107475280762,390
2009-10-12,11.504107475280762,11.504107475280762,11.504107475280762,11.504107475280762,11.504107475280762,0
2009-10-13,11.391169548034668,11.4887056350708,11.391169548034668,11.4887056350708,11.4887056350708,390
2009-10-14,11.4887056350708,11.4887056350708,11.4887056350708,11.4887056350708,11.4887056350708,0
2009-10-15,11.658110618591309,11.863450050354004,11.658110618591309,11.863450050354004,11.863450050354004,390
2009-10-16,11.611909866333008,11.678645133972168,11.611909866333008,11.678645133972168,11.678645133972168,1169
2009-10-19,11.611909866333008,11.760780334472656,11.611909866333008,11.760780334472656,11.760780334472656,779
2009-10-20,11.71971321105957,11.760780334472656,11.627309799194336,11.642709732055664,11.642709732055664,2143
2009-10-21,11.668377876281738,11.7813138961792,11.545174598693848,11.560574531555176,11.560574531555176,2338
2009-10-22,11.57597541809082,11.581109046936035,11.57597541809082,11.581109046936035,11.581109046936035,390
2009-10-23,11.257699966430664,11.257699966430664,11.257699966430664,11.257699966430664,11.257699966430664,195
2009-10-26,11.257699966430664,11.257699966430664,11.257699966430664,11.257699966430664,11.257699966430664,0
2009-10-27,11.052360534667969,11.052360534667969,11.052360534667969,11.052360534667969,11.052360534667969,195
2009-10-28,11.052360534667969,11.052360534667969,11.052360534667969,11.052360534667969,11.052360534667969,0
2009-10-29,10.929158210754395,11.11396312713623,10.882957458496094,11.11396312713623,11.11396312713623,584
2009-10-30,11.11396312713623,11.11396312713623,11.11396312713623,11.11396312713623,11.11396312713623,0
2009-11-02,10.554414749145508,10.554414749145508,10.513346672058105,10.513346672058105,10.513346672058105,390
2009-11-03,10.51848030090332,10.544148445129395,10.51848030090332,10.544148445129395,10.544148445129395,390
2009-11-04,10.544148445129395,10.544148445129395,10.544148445129395,10.544148445129395,10.544148445129395,0
2009-11-05,11.093428611755371,11.093428611755371,11.04722785949707,11.04722785949707,11.04722785949707,584
2009-11-06,11.175564765930176,11.206365585327148,11.160163879394531,11.206365585327148,11.206365585327148,584
2009-11-09,11.514373779296875,11.514373779296875,11.514373779296875,11.514373779296875,11.514373779296875,390
2009-11-10,11.514373779296875,11.514373779296875,11.514373779296875,11.514373779296875,11.514373779296875,0
2009-11-11,11.868582725524902,11.868582725524902,11.817248344421387,11.817248344421387,11.817248344421387,1169
2009-11-12,12.09445571899414,12.09445571899414,12.09445571899414,12.09445571899414,12.09445571899414,195
2009-11-13,11.062627792358398,11.062627792358398,11.062627792358398,11.062627792358398,11.062627792358398,195
2009-11-16,11.062627792358398,11.062627792358398,11.062627792358398,11.062627792358398,11.062627792358398,0
2009-11-17,11.062627792358398,11.062627792358398,11.062627792358398,11.062627792358398,11.062627792358398,0
2009-11-18,11.062627792358398,11.062627792358398,11.062627792358398,11.062627792358398,11.062627792358398,0
2009-11-19,11.062627792358398,11.062627792358398,11.062627792358398,11.062627792358398,11.062627792358398,0
2009-11-20,11.062627792358398,11.062627792358398,11.062627792358398,11.062627792358398,11.062627792358398,0
2009-11-23,11.062627792358398,11.062627792358398,11.062627792358398,11.062627792358398,11.062627792358398,0
2009-11-24,11.062627792358398,11.062627792358398,11.062627792358398,11.062627792358398,11.062627792358398,0
2009-11-25,11.062627792358398,11.062627792358398,11.062627792358398,11.062627792358398,11.062627792358398,0
2009-11-27,10.287473678588867,10.287473678588867,10.287473678588867,10.287473678588867,10.287473678588867,195
2009-11-30,10.287473678588867,10.287473678588867,10.287473678588867,10.287473678588867,10.287473678588867,0
2009-12-01,9.758727073669434,9.758727073669434,9.758727073669434,9.758727073669434,9.758727073669434,195
2009-12-02,9.928131103515625,9.928131103515625,9.917863845825195,9.917863845825195,9.917863845825195,779
2009-12-03,9.917863845825195,9.917863845825195,9.917863845825195,9.917863845825195,9.917863845825195,0
2009-12-04,10.410677909851074,10.410677909851074,10.410677909851074,10.410677909851074,10.410677909851074,195
2009-12-07,10.92402458190918,10.92402458190918,10.92402458190918,10.92402458190918,10.92402458190918,195
2009-12-08,10.487680435180664,10.487680435180664,10.487680435180664,10.487680435180664,10.487680435180664,195
2009-12-09,10.487680435180664,10.487680435180664,10.487680435180664,10.487680435180664,10.487680435180664,0
2009-12-10,10.831622123718262,10.831622123718262,10.831622123718262,10.831622123718262,10.831622123718262,390
2009-12-11,10.831622123718262,10.831622123718262,10.831622123718262,10.831622123718262,10.831622123718262,0
2009-12-14,10.831622123718262,10.831622123718262,10.831622123718262,10.831622123718262,10.831622123718262,0
2009-12-15,10.831622123718262,10.831622123718262,10.831622123718262,10.831622123718262,10.831622123718262,0
2009-12-16,10.93429183959961,10.93429183959961,10.616016387939453,10.616016387939453,10.616016387939453,390
2009-12-17,10.523613929748535,10.523613929748535,10.523613929748535,10.523613929748535,10.523613929748535,195
2009-12-18,10.220739364624023,10.220739364624023,10.220739364624023,10.220739364624023,10.220739364624023,195
2009-12-21,10.646817207336426,10.816222190856934,10.646817207336426,10.816222190856934,10.816222190856934,6039
2009-12-22,10.908623695373535,10.908623695373535,10.035934448242188,10.035934448242188,10.035934448242188,584
2009-12-23,10.944559097290039,10.944559097290039,10.944559097290039,10.944559097290039,10.944559097290039,390
2009-12-24,10.944559097290039,10.944559097290039,10.944559097290039,10.944559097290039,10.944559097290039,0
2009-12-28,11.042094230651855,11.042094230651855,11.03696060180664,11.03696060180664,11.03696060180664,584
2009-12-29,11.03696060180664,11.03696060180664,11.03696060180664,11.03696060180664,11.03696060180664,0
2009-12-30,10.882957458496094,11.267967224121094,10.882957458496094,11.267967224121094,11.267967224121094,6234
2009-12-31,11.267967224121094,11.267967224121094,11.267967224121094,11.267967224121094,11.267967224121094,0
2010-01-04,11.237166404724121,11.237166404724121,11.237166404724121,11.237166404724121,11.237166404724121,195
2010-01-05,11.237166404724121,11.237166404724121,11.237166404724121,11.237166404724121,11.237166404724121,0
2010-01-06,11.806982040405273,11.955851554870605,11.806982040405273,11.822381973266602,11.822381973266602,779
2010-01-07,11.925050735473633,11.955851554870605,11.925050735473633,11.955851554870605,11.955851554870605,584
2010-01-08,11.955851554870605,11.955851554870605,11.955851554870605,11.955851554870605,11.955851554870605,195
2010-01-11,12.022586822509766,12.5,12.022586822509766,12.5,12.5,1753
2010-01-12,11.878849983215332,11.996919631958008,11.84804916381836,11.84804916381836,11.84804916381836,390
2010-01-13,11.606776237487793,11.966118812561035,11.606776237487793,11.966118812561035,11.966118812561035,974
2010-01-14,11.622177124023438,11.878849983215332,11.622177124023438,11.806982040405273,11.806982040405273,1753
2010-01-15,11.817248344421387,11.817248344421387,11.663244247436523,11.750513076782227,11.750513076782227,974
2010-01-19,11.416837692260742,12.191991806030273,11.416837692260742,12.181724548339844,12.181724548339844,1169
2010-01-20,11.740245819091797,12.371663093566895,11.740245819091797,12.371663093566895,12.371663093566895,584
2010-01-21,12.356263160705566,12.356263160705566,12.356263160705566,12.356263160705566,12.356263160705566,390
2010-01-22,12.09445571899414,12.130390167236328,12.073922157287598,12.114990234375,12.114990234375,1948
2010-01-25,12.268994331359863,13.234086036682129,12.268994331359863,13.234086036682129,13.234086036682129,4870
2010-01-26,13.008213996887207,13.008213996887207,13.008213996887207,13.008213996887207,13.008213996887207,390
2010-01-27,13.08521556854248,13.08521556854248,12.946612358093262,13.023613929748535,13.023613929748535,974
2010-01-28,13.064682006835938,13.064682006835938,12.854208946228027,12.854208946228027,12.854208946228027,974
2010-01-29,13.198151588439941,13.198151588439941,13.064682006835938,13.064682006835938,13.064682006835938,584
2010-02-01,13.264886856079102,13.264886856079102,13.264886856079102,13.264886856079102,13.264886856079102,390
2010-02-02,13.264886856079102,13.264886856079102,13.264886856079102,13.264886856079102,13.264886856079102,0
2010-02-03,13.264886856079102,13.264886856079102,13.264886856079102,13.264886856079102,13.264886856079102,0
2010-02-04,13.044148445129395,13.069814682006836,12.96201229095459,12.96201229095459,12.96201229095459,4286
2010-02-05,12.428131103515625,12.428131103515625,12.37679672241211,12.37679672241211,12.37679672241211,584
2010-02-08,12.448664665222168,12.469199180603027,12.233059883117676,12.392196655273438,12.392196655273438,5649
2010-02-09,12.551335334777832,12.633469581604004,12.551335334777832,12.633469581604004,12.633469581604004,1169
2010-02-10,12.397331237792969,12.397331237792969,12.397331237792969,12.397331237792969,12.397331237792969,195
2010-02-11,12.474332809448242,12.474332809448242,12.474332809448242,12.474332809448242,12.474332809448242,195
2010-02-12,12.705339431762695,12.705339431762695,12.464065551757812,12.464065551757812,12.464065551757812,1753
2010-02-16,12.705339431762695,12.705339431762695,12.705339431762695,12.705339431762695,12.705339431762695,1753
2010-02-17,12.705339431762695,12.705339431762695,12.705339431762695,12.705339431762695,12.705339431762695,0
2010-02-18,12.705339431762695,12.705339431762695,12.705339431762695,12.705339431762695,12.705339431762695,0
2010-02-19,12.910677909851074,12.910677909851074,12.910677909851074,12.910677909851074,12.910677909851074,195
2010-02-22,13.157084465026855,13.696099281311035,13.157084465026855,13.696099281311035,13.696099281311035,2532
2010-02-23,13.578028678894043,13.578028678894043,13.372690200805664,13.377822875976562,13.377822875976562,584
2010-02-24,13.48049259185791,13.48049259185791,13.449691772460938,13.465091705322266,13.465091705322266,779
2010-02-25,13.049281120300293,13.352155685424805,13.049281120300293,13.352155685424805,13.352155685424805,974
2010-02-26,13.398357391357422,13.88603687286377,13.398357391357422,13.88603687286377,13.88603687286377,779
2010-03-01,13.88603687286377,13.88603687286377,13.88603687286377,13.88603687286377,13.88603687286377,195
2010-03-02,14.132444381713867,14.301848411560059,14.132444381713867,14.301848411560059,14.301848411560059,1558
2010-03-03,14.301848411560059,14.301848411560059,14.301848411560059,14.301848411560059,14.301848411560059,0
2010-03-04,14.152976989746094,14.152976989746094,14.152976989746094,14.152976989746094,14.152976989746094,195
2010-03-05,14.378849983215332,14.409650802612305,14.378849983215332,14.409650802612305,14.409650802612305,390
2010-03-08,14.532854080200195,14.532854080200195,14.486653327941895,14.486653327941895,14.486653327941895,390
2010-03-09,14.486653327941895,14.486653327941895,14.486653327941895,14.486653327941895,14.486653327941895,0
2010-03-10,14.553387641906738,14.553387641906738,14.553387641906738,14.553387641906738,14.553387641906738,195
2010-03-11,14.553387641906738,14.553387641906738,14.553387641906738,14.553387641906738,14.553387641906738,0
2010-03-12,14.553387641906738,14.553387641906738,14.553387641906738,14.553387641906738,14.553387641906738,0
2010-03-15,14.553387641906738,14.553387641906738,14.553387641906738,14.553387641906738,14.553387641906738,0
2010-03-16,14.553387641906738,14.553387641906738,14.466118812561035,14.471253395080566,14.471253395080566,8766
2010-03-17,14.301848411560059,14.681724548339844,14.301848411560059,14.681724548339844,14.681724548339844,974
2010-03-18,14.810062408447266,14.810062408447266,14.810062408447266,14.810062408447266,14.810062408447266,195
2010-03-19,14.27104663848877,14.614990234375,14.27104663848877,14.27104663848877,14.27104663848877,5649
2010-03-22,14.27104663848877,14.27104663848877,14.27104663848877,14.27104663848877,14.27104663848877,0
2010-03-23,14.656057357788086,14.830595016479492,14.656057357788086,14.830595016479492,14.830595016479492,4480
2010-03-24,14.851128578186035,14.851128578186035,14.851128578186035,14.851128578186035,14.851128578186035,195
2010-03-25,14.738192558288574,14.738192558288574,14.6663236618042,14.6663236618042,14.6663236618042,390
2010-03-26,14.656057357788086,14.656057357788086,14.645791053771973,14.645791053771973,14.645791053771973,2532
2010-03-29,14.645791053771973,14.645791053771973,14.645791053771973,14.645791053771973,14.645791053771973,0
2010-03-30,15.051335334777832,15.051335334777832,15.015399932861328,15.015399932861328,15.015399932861328,390
2010-03-31,14.892196655273438,15.12320327758789,14.866530418395996,14.958931922912598,14.958931922912598,1753
2010-04-01,15.195072174072266,15.195072174072266,15.195072174072266,15.195072174072266,15.195072174072266,390
2010-04-05,15.195072174072266,15.195072174072266,15.195072174072266,15.195072174072266,15.195072174072266,0
2010-04-06,15.195072174072266,15.195072174072266,15.195072174072266,15.195072174072266,15.195072174072266,0
2010-04-07,15.112936019897461,15.118069648742676,15.112936019897461,15.118069648742676,15.118069648742676,1169
2010-04-08,15.118069648742676,15.118069648742676,15.118069648742676,15.118069648742676,15.118069648742676,0
2010-04-09,14.994867324829102,15.005132675170898,14.994867324829102,15.005132675170898,15.005132675170898,1169
2010-04-12,14.825462341308594,15.215605735778809,14.825462341308594,15.215605735778809,15.215605735778809,1558
2010-04-13,15.12320327758789,15.12320327758789,15.12320327758789,15.12320327758789,15.12320327758789,195
2010-04-14,15.12320327758789,15.12320327758789,15.12320327758789,15.12320327758789,15.12320327758789,0
2010-04-15,15.12320327758789,15.12320327758789,15.12320327758789,15.12320327758789,15.12320327758789,0
2010-04-16,15.12320327758789,15.12320327758789,15.12320327758789,15.12320327758789,15.12320327758789,0
2010-04-19,15.12320327758789,15.12320327758789,15.12320327758789,15.12320327758789,15.12320327758789,0
2010-04-20,14.94353199005127,14.94353199005127,14.93326473236084,14.93326473236084,14.93326473236084,584
2010-04-21,14.93326473236084,14.93326473236084,14.93326473236084,14.93326473236084,14.93326473236084,0
2010-04-22,14.912731170654297,15.0462007522583,14.912731170654297,15.0462007522583,15.0462007522583,584
2010-04-23,15.0462007522583,15.0462007522583,15.0462007522583,15.0462007522583,15.0462007522583,0
2010-04-26,15.0462007522583,15.0462007522583,15.0462007522583,15.0462007522583,15.0462007522583,0
2010-04-27,14.168377876281738,14.168377876281738,13.870636940002441,13.901436805725098,13.901436805725098,20649
2010-04-28,13.96303939819336,13.96303939819336,13.911704063415527,13.911704063415527,13.911704063415527,15779
2010-04-29,13.911704063415527,13.911704063415527,13.911704063415527,13.911704063415527,13.911704063415527,0
2010-04-30,14.132444381713867,14.229978561401367,14.117042541503906,14.117042541503906,14.117042541503906,3701
2010-05-03,14.301848411560059,14.502053260803223,14.301848411560059,14.502053260803223,14.502053260803223,3117
2010-05-04,14.3275146484375,14.3275146484375,14.245380401611328,14.291581153869629,14.291581153869629,18311
2010-05-05,14.291581153869629,14.291581153869629,14.291581153869629,14.291581153869629,14.291581153869629,0
2010-05-06,12.82854175567627,13.264886856079102,12.818275451660156,13.264886856079102,13.264886856079102,2338
2010-05-07,13.2186861038208,13.2186861038208,12.448664665222168,12.448664665222168,12.448664665222168,18116
2010-05-10,13.116016387939453,13.126282691955566,13.090349197387695,13.126282691955566,13.126282691955566,2922
2010-05-11,13.126282691955566,13.126282691955566,13.126282691955566,13.126282691955566,13.126282691955566,0
2010-05-12,13.126282691955566,13.126282691955566,13.126282691955566,13.126282691955566,13.126282691955566,0
2010-05-13,13.470226287841797,13.470226287841797,13.408623695373535,13.408623695373535,13.408623695373535,1948
2010-05-14,13.08521556854248,13.08521556854248,13.064682006835938,13.064682006835938,13.064682006835938,1169
2010-05-17,13.064682006835938,13.064682006835938,13.064682006835938,13.064682006835938,13.064682006835938,0
2010-05-18,13.311087608337402,13.347023010253906,13.054414749145508,13.054414749145508,13.054414749145508,11298
2010-05-19,13.054414749145508,13.054414749145508,13.054414749145508,13.054414749145508,13.054414749145508,0
2010-05-20,12.320328712463379,12.320328712463379,12.320328712463379,12.320328712463379,12.320328712463379,779
2010-05-21,12.279260635375977,12.577001571655273,12.017454147338867,12.017454147338867,12.017454147338867,6623
2010-05-24,12.381930351257324,12.381930351257324,12.381930351257324,12.381930351257324,12.381930351257324,390
2010-05-25,12.135523796081543,12.44353199005127,12.135523796081543,12.412731170654297,12.412731170654297,1169
2010-05-26,12.90554428100586,13.49075984954834,12.792608261108398,13.49075984954834,13.49075984954834,584
2010-05-27,13.757699966430664,14.21971321105957,13.193017959594727,14.20944595336914,14.20944595336914,7208
2010-05-28,14.20944595336914,14.20944595336914,14.20944595336914,14.20944595336914,14.20944595336914,0
2010-06-01,13.947639465332031,13.96303939819336,13.747432708740234,13.747432708740234,13.747432708740234,974
2010-06-02,13.778233528137207,13.973305702209473,13.778233528137207,13.973305702209473,13.973305702209473,584
2010-06-03,14.435317993164062,14.435317993164062,13.96303939819336,14.045174598693848,14.045174598693848,779
2010-06-04,13.444559097290039,13.444559097290039,13.444559097290039,13.444559097290039,13.444559097290039,195
2010-06-07,12.936345100402832,13.418890953063965,12.936345100402832,13.08521556854248,13.08521556854248,779
2010-06-08,12.720739364624023,12.720739364624023,12.525667190551758,12.525667190551758,12.525667190551758,2532
2010-06-09,12.525667190551758,12.525667190551758,12.525667190551758,12.525667190551758,12.525667190551758,0
2010-06-10,12.525667190551758,12.525667190551758,12.525667190551758,12.525667190551758,12.525667190551758,0
2010-06-11,13.064682006835938,13.090349197387695,13.044148445129395,13.044148445129395,13.044148445129395,3117
2010-06-14,13.044148445129395,13.044148445129395,13.044148445129395,13.044148445129395,13.044148445129395,0
2010-06-15,13.044148445129395,13.044148445129395,13.044148445129395,13.044148445129395,13.044148445129395,0
2010-06-16,13.044148445129395,13.044148445129395,13.044148445129395,13.044148445129395,13.044148445129395,0
2010-06-17,13.044148445129395,13.044148445129395,13.044148445129395,13.044148445129395,13.044148445129395,0
2010-06-18,13.044148445129395,13.044148445129395,13.044148445129395,13.044148445129395,13.044148445129395,0
2010-06-21,13.044148445129395,13.044148445129395,13.044148445129395,13.044148445129395,13.044148445129395,0
2010-06-22,13.95277214050293,13.95277214050293,13.95277214050293,13.95277214050293,13.95277214050293,195
2010-06-23,13.542094230651855,13.542094230651855,13.542094230651855,13.542094230651855,13.542094230651855,390
2010-06-24,13.542094230651855,13.542094230651855,13.542094230651855,13.542094230651855,13.542094230651855,0
2010-06-25,13.542094230651855,13.542094230651855,13.542094230651855,13.542094230651855,13.542094230651855,0
2010-06-28,13.542094230651855,13.542094230651855,13.542094230651855,13.542094230651855,13.542094230651855,0
2010-06-29,13.634496688842773,13.634496688842773,13.634496688842773,13.634496688842773,13.634496688842773,195
2010-06-30,13.655031204223633,13.655031204223633,13.449691772460938,13.449691772460938,13.449691772460938,974
2010-07-01,13.449691772460938,13.449691772460938,13.449691772460938,13.449691772460938,13.449691772460938,0
2010-07-02,13.495892524719238,13.495892524719238,13.495892524719238,13.495892524719238,13.495892524719238,195
2010-07-06,13.773100852966309,13.911704063415527,13.773100852966309,13.911704063415527,13.911704063415527,974
2010-07-07,14.373717308044434,14.373717308044434,14.373717308044434,14.373717308044434,14.373717308044434,5260
2010-07-08,14.373717308044434,14.373717308044434,14.373717308044434,14.373717308044434,14.373717308044434,0
2010-07-09,14.373717308044434,14.373717308044434,14.373717308044434,14.373717308044434,14.373717308044434,0
2010-07-12,14.630390167236328,14.630390167236328,14.419918060302734,14.419918060302734,14.419918060302734,9350
2010-07-13,14.887063980102539,14.887063980102539,14.887063980102539,14.887063980102539,14.887063980102539,779
2010-07-14,14.887063980102539,14.887063980102539,14.887063980102539,14.887063980102539,14.887063980102539,0
2010-07-15,14.887063980102539,14.887063980102539,14.887063980102539,14.887063980102539,14.887063980102539,0
2010-07-16,14.502053260803223,14.502053260803223,14.502053260803223,14.502053260803223,14.502053260803223,1169
2010-07-19,14.502053260803223,14.502053260803223,14.502053260803223,14.502053260803223,14.502053260803223,0
2010-07-20,14.512319564819336,14.820328712463379,14.373717308044434,14.820328712463379,14.820328712463379,974
2010-07-21,14.820328712463379,14.820328712463379,14.820328712463379,14.820328712463379,14.820328712463379,0
2010-07-22,14.820328712463379,14.820328712463379,14.820328712463379,14.820328712463379,14.820328712463379,0
2010-07-23,14.820328712463379,14.820328712463379,14.820328712463379,14.820328712463379,14.820328712463379,0
2010-07-26,14.820328712463379,14.820328712463379,14.820328712463379,14.820328712463379,14.820328712463379,0
2010-07-27,14.820328712463379,14.820328712463379,14.820328712463379,14.820328712463379,14.820328712463379,0
2010-07-28,14.820328712463379,14.820328712463379,14.820328712463379,14.820328712463379,14.820328712463379,0
2010-07-29,15.143736839294434,15.143736839294434,15.143736839294434,15.143736839294434,15.143736839294434,195
2010-07-30,15.143736839294434,15.143736839294434,15.143736839294434,15.143736839294434,15.143736839294434,0
2010-08-02,15.708418846130371,15.708418846130371,15.708418846130371,15.708418846130371,15.708418846130371,195
2010-08-03,15.708418846130371,15.708418846130371,15.708418846130371,15.708418846130371,15.708418846130371,0
2010-08-04,15.708418846130371,15.708418846130371,15.708418846130371,15.708418846130371,15.708418846130371,0
2010-08-05,15.708418846130371,15.708418846130371,15.708418846130371,15.708418846130371,15.708418846130371,0
2010-08-06,15.708418846130371,15.708418846130371,15.708418846130371,15.708418846130371,15.708418846130371,0
2010-08-09,15.708418846130371,15.708418846130371,15.708418846130371,15.708418846130371,15.708418846130371,195
2010-08-10,15.708418846130371,15.708418846130371,15.708418846130371,15.708418846130371,15.708418846130371,0
2010-08-11,15.364476203918457,15.379877090454102,14.697125434875488,14.738192558288574,14.738192558288574,1753
2010-08-12,14.738192558288574,14.738192558288574,14.738192558288574,14.738192558288574,14.738192558288574,0
2010-08-13,14.738192558288574,14.738192558288574,14.738192558288574,14.738192558288574,14.738192558288574,0
2010-08-16,14.738192558288574,14.738192558288574,14.738192558288574,14.738192558288574,14.738192558288574,0
2010-08-17,14.738192558288574,14.738192558288574,14.738192558288574,14.738192558288574,14.738192558288574,0
2010-08-18,14.738192558288574,14.738192558288574,14.738192558288574,14.738192558288574,14.738192558288574,0
2010-08-19,14.738192558288574,14.738192558288574,14.738192558288574,14.738192558288574,14.738192558288574,0
2010-08-20,14.738192558288574,14.738192558288574,14.738192558288574,14.738192558288574,14.738192558288574,0
2010-08-23,14.738192558288574,14.738192558288574,14.738192558288574,14.738192558288574,14.738192558288574,0
2010-08-24,14.738192558288574,14.738192558288574,14.738192558288574,14.738192558288574,14.738192558288574,0
2010-08-25,14.738192558288574,14.738192558288574,14.738192558288574,14.738192558288574,14.738192558288574,0
2010-08-26,14.738192558288574,14.738192558288574,14.738192558288574,14.738192558288574,14.738192558288574,0
2010-08-27,14.887063980102539,14.887063980102539,14.33778190612793,14.33778190612793,14.33778190612793,974
2010-08-30,14.630390167236328,14.758727073669434,14.250513076782227,14.250513076782227,14.250513076782227,1558
2010-08-31,14.250513076782227,14.250513076782227,14.250513076782227,14.250513076782227,14.250513076782227,0
2010-09-01,14.881930351257324,14.887063980102539,14.881930351257324,14.887063980102539,14.887063980102539,1364
2010-09-02,14.887063980102539,14.887063980102539,14.887063980102539,14.887063980102539,14.887063980102539,0
2010-09-03,14.887063980102539,14.887063980102539,14.887063980102539,14.887063980102539,14.887063980102539,0
2010-09-07,15.06673526763916,15.06673526763916,14.907597541809082,14.907597541809082,14.907597541809082,2143
2010-09-08,14.907597541809082,14.907597541809082,14.907597541809082,14.907597541809082,14.907597541809082,0
2010-09-09,15.400410652160645,15.400410652160645,15.400410652160645,15.400410652160645,15.400410652160645,390
2010-09-10,15.400410652160645,15.400410652160645,15.400410652160645,15.400410652160645,15.400410652160645,1558
2010-09-13,15.400410652160645,15.400410652160645,15.400410652160645,15.400410652160645,15.400410652160645,0
2010-09-14,15.400410652160645,15.400410652160645,15.400410652160645,15.400410652160645,15.400410652160645,0
2010-09-15,15.400410652160645,15.400410652160645,15.400410652160645,15.400410652160645,15.400410652160645,0
2010-09-16,15.400410652160645,15.400410652160645,15.400410652160645,15.400410652160645,15.400410652160645,0
2010-09-17,15.400410652160645,15.400410652160645,15.400410652160645,15.400410652160645,15.400410652160645,0
2010-09-20,15.487680435180664,15.533881187438965,15.487680435180664,15.533881187438965,15.533881187438965,584
2010-09-21,15.913758277893066,15.913758277893066,15.913758277893066,15.913758277893066,15.913758277893066,195
2010-09-22,15.913758277893066,15.913758277893066,15.913758277893066,15.913758277893066,15.913758277893066,0
2010-09-23,16.221765518188477,16.29876708984375,16.221765518188477,16.29876708984375,16.29876708984375,2922
2010-09-24,16.29876708984375,16.29876708984375,16.29876708984375,16.29876708984375,16.29876708984375,0
2010-09-27,16.729978561401367,16.729978561401367,16.113962173461914,16.237165451049805,16.237165451049805,4870
2010-09-28,16.237165451049805,16.237165451049805,16.237165451049805,16.237165451049805,16.237165451049805,0
2010-09-29,16.237165451049805,16.237165451049805,16.237165451049805,16.237165451049805,16.237165451049805,0
2010-09-30,16.237165451049805,16.237165451049805,16.237165451049805,16.237165451049805,16.237165451049805,0
2010-10-01,16.0574951171875,16.427104949951172,16.0574951171875,16.427104949951172,16.427104949951172,779
2010-10-04,16.427104949951172,16.427104949951172,16.427104949951172,16.427104949951172,16.427104949951172,974
2010-10-05,16.427104949951172,16.427104949951172,16.427104949951172,16.427104949951172,16.427104949951172,0
2010-10-06,16.427104949951172,16.427104949951172,16.427104949951172,16.427104949951172,16.427104949951172,0
2010-10-07,16.427104949951172,16.427104949951172,16.427104949951172,16.427104949951172,16.427104949951172,0
2010-10-08,16.427104949951172,16.427104949951172,16.20123291015625,16.20123291015625,16.20123291015625,1948
2010-10-11,15.872690200805664,15.872690200805664,15.872690200805664,15.872690200805664,15.872690200805664,390
2010-10-12,15.872690200805664,15.872690200805664,15.872690200805664,15.872690200805664,15.872690200805664,0
2010-10-13,15.872690200805664,15.872690200805664,15.872690200805664,15.872690200805664,15.872690200805664,0
2010-10-14,15.872690200805664,15.872690200805664,15.872690200805664,15.872690200805664,15.872690200805664,0
2010-10-15,15.872690200805664,15.872690200805664,15.872690200805664,15.872690200805664,15.872690200805664,0
2010-10-18,17.38706398010254,17.89014434814453,17.38706398010254,17.89014434814453,17.89014434814453,779
2010-10-19,17.89014434814453,17.89014434814453,17.89014434814453,17.89014434814453,17.89014434814453,0
2010-10-20,17.89014434814453,17.89014434814453,17.89014434814453,17.89014434814453,17.89014434814453,0
2010-10-21,17.967145919799805,17.967145919799805,17.967145919799805,17.967145919799805,17.967145919799805,195
2010-10-22,18.02361488342285,19.419918060302734,18.02361488342285,19.419918060302734,19.419918060302734,974
2010-10-25,18.480493545532227,18.480493545532227,18.480493545532227,18.480493545532227,18.480493545532227,195
2010-10-26,18.480493545532227,18.480493545532227,18.480493545532227,18.480493545532227,18.480493545532227,0
2010-10-27,18.336755752563477,18.336755752563477,18.336755752563477,18.336755752563477,18.336755752563477,195
2010-10-28,18.336755752563477,18.336755752563477,18.336755752563477,18.336755752563477,18.336755752563477,0
2010-10-29,19.301847457885742,19.301847457885742,19.301847457885742,19.301847457885742,19.301847457885742,195
2010-11-01,19.6201229095459,19.6201229095459,19.614990234375,19.614990234375,19.614990234375,1364
2010-11-02,20.02053451538086,20.02053451538086,20.02053451538086,20.02053451538086,20.02053451538086,390
2010-11-03,20.02053451538086,20.02053451538086,20.02053451538086,20.02053451538086,20.02053451538086,0
2010-11-04,20.53388023376465,21.139629364013672,20.53388023376465,20.91889190673828,20.91889190673828,4091
2010-11-05,20.65708351135254,20.65708351135254,20.590349197387695,20.590349197387695,20.590349197387695,779
2010-11-08,20.590349197387695,20.590349197387695,20.590349197387695,20.590349197387695,20.590349197387695,0
2010-11-09,20.590349197387695,20.590349197387695,20.590349197387695,20.590349197387695,20.590349197387695,0
2010-11-10,20.420944213867188,20.420944213867188,20.420944213867188,20.420944213867188,20.420944213867188,195
2010-11-11,19.88706398010254,19.88706398010254,19.88706398010254,19.88706398010254,19.88706398010254,195
2010-11-12,20.343942642211914,20.343942642211914,20.343942642211914,20.343942642211914,20.343942642211914,584
2010-11-15,20.343942642211914,20.343942642211914,20.343942642211914,20.343942642211914,20.343942642211914,0
2010-11-16,20.343942642211914,20.343942642211914,20.343942642211914,20.343942642211914,20.343942642211914,0
2010-11-17,20.343942642211914,20.343942642211914,20.343942642211914,20.343942642211914,20.343942642211914,0
2010-11-18,20.343942642211914,20.343942642211914,20.343942642211914,20.343942642211914,20.343942642211914,0
2010-11-19,20.343942642211914,20.343942642211914,20.343942642211914,20.343942642211914,20.343942642211914,0
2010-11-22,20.343942642211914,20.343942642211914,20.343942642211914,20.343942642211914,20.343942642211914,0
2010-11-23,19.76386070251465,19.76386070251465,19.255647659301758,19.255647659301758,19.255647659301758,1169
2010-11-24,19.255647659301758,19.255647659301758,19.255647659301758,19.255647659301758,19.255647659301758,0
2010-11-26,19.255647659301758,19.255647659301758,19.255647659301758,19.255647659301758,19.255647659301758,0
2010-11-29,18.927104949951172,18.927104949951172,18.875770568847656,18.875770568847656,18.875770568847656,390
2010-11-30,18.875770568847656,18.875770568847656,18.875770568847656,18.875770568847656,18.875770568847656,0
2010-12-01,18.875770568847656,18.875770568847656,18.875770568847656,18.875770568847656,18.875770568847656,0
2010-12-02,18.875770568847656,18.875770568847656,18.875770568847656,18.875770568847656,18.875770568847656,0
2010-12-03,18.875770568847656,18.875770568847656,18.875770568847656,18.875770568847656,18.875770568847656,0
2010-12-06,18.875770568847656,18.875770568847656,18.875770568847656,18.875770568847656,18.875770568847656,0
2010-12-07,18.875770568847656,18.875770568847656,18.875770568847656,18.875770568847656,18.875770568847656,0
2010-12-08,18.875770568847656,18.875770568847656,18.875770568847656,18.875770568847656,18.875770568847656,0
2010-12-09,18.875770568847656,18.875770568847656,18.875770568847656,18.875770568847656,18.875770568847656,0
2010-12-10,18.875770568847656,18.875770568847656,18.875770568847656,18.875770568847656,18.875770568847656,0
2010-12-13,18.875770568847656,18.875770568847656,18.875770568847656,18.875770568847656,18.875770568847656,0
2010-12-14,18.875770568847656,18.875770568847656,18.875770568847656,18.875770568847656,18.875770568847656,0
2010-12-15,18.875770568847656,18.875770568847656,18.875770568847656,18.875770568847656,18.875770568847656,0
2010-12-16,18.480493545532227,18.480493545532227,18.480493545532227,18.480493545532227,18.480493545532227,390
2010-12-17,18.480493545532227,18.480493545532227,18.480493545532227,18.480493545532227,18.480493545532227,0
2010-12-20,18.480493545532227,18.480493545532227,18.480493545532227,18.480493545532227,18.480493545532227,0
2010-12-21,18.480493545532227,18.480493545532227,18.480493545532227,18.480493545532227,18.480493545532227,0
2010-12-22,18.480493545532227,18.480493545532227,18.480493545532227,18.480493545532227,18.480493545532227,0
2010-12-23,18.480493545532227,18.480493545532227,18.480493545532227,18.480493545532227,18.480493545532227,0
2010-12-27,18.480493545532227,18.480493545532227,18.480493545532227,18.480493545532227,18.480493545532227,0
2010-12-28,18.372690200805664,18.377822875976562,18.372690200805664,18.377822875976562,18.377822875976562,1364
2010-12-29,18.377822875976562,18.377822875976562,18.377822875976562,18.377822875976562,18.377822875976562,0
2010-12-30,18.377822875976562,18.377822875976562,18.377822875976562,18.377822875976562,18.377822875976562,0
2010-12-31,18.377822875976562,18.377822875976562,18.377822875976562,18.377822875976562,18.377822875976562,0
2011-01-03,18.377822875976562,18.377822875976562,18.377822875976562,18.377822875976562,18.377822875976562,0
2011-01-04,18.377822875976562,18.377822875976562,18.377822875976562,18.377822875976562,18.377822875976562,0
2011-01-05,18.377822875976562,18.377822875976562,18.377822875976562,18.377822875976562,18.377822875976562,0
2011-01-06,19.34804916381836,19.34804916381836,19.34804916381836,19.34804916381836,19.34804916381836,390
2011-01-07,19.34804916381836,19.34804916381836,19.34804916381836,19.34804916381836,19.34804916381836,0
2011-01-10,19.34804916381836,19.34804916381836,19.34804916381836,19.34804916381836,19.34804916381836,0
2011-01-11,19.34804916381836,19.34804916381836,19.34804916381836,19.34804916381836,19.34804916381836,0
2011-01-12,19.34804916381836,19.34804916381836,19.34804916381836,19.34804916381836,19.34804916381836,0
2011-01-13,19.34804916381836,19.34804916381836,19.34804916381836,19.34804916381836,19.34804916381836,0
2011-01-14,19.34804916381836,19.34804916381836,19.34804916381836,19.34804916381836,19.34804916381836,0
2011-01-18,19.34804916381836,19.34804916381836,19.34804916381836,19.34804916381836,19.34804916381836,0
2011-01-19,19.34804916381836,19.34804916381836,19.34804916381836,19.34804916381836,19.34804916381836,0
2011-01-20,19.34804916381836,19.34804916381836,19.34804916381836,19.34804916381836,19.34804916381836,0
2011-01-21,18.891170501708984,20.52361488342285,18.891170501708984,20.087268829345703,20.087268829345703,974
2011-01-24,20.087268829345703,20.087268829345703,20.087268829345703,20.087268829345703,20.087268829345703,0
2011-01-25,20.087268829345703,20.087268829345703,20.087268829345703,20.087268829345703,20.087268829345703,0
2011-01-26,20.087268829345703,20.087268829345703,20.087268829345703,20.087268829345703,20.087268829345703,0
2011-01-27,20.087268829345703,20.087268829345703,20.087268829345703,20.087268829345703,20.087268829345703,0
2011-01-28,20.087268829345703,20.087268829345703,20.087268829345703,20.087268829345703,20.087268829345703,0
2011-01-31,20.087268829345703,20.087268829345703,20.087268829345703,20.087268829345703,20.087268829345703,0
2011-02-01,21.237165451049805,21.237165451049805,21.237165451049805,21.237165451049805,21.237165451049805,195
2011-02-02,21.237165451049805,21.237165451049805,21.237165451049805,21.237165451049805,21.237165451049805,0
2011-02-03,21.85318374633789,21.86858367919922,21.84291648864746,21.86858367919922,21.86858367919922,2338
2011-02-04,21.86858367919922,21.86858367919922,21.86858367919922,21.86858367919922,21.86858367919922,0
2011-02-07,21.86858367919922,21.86858367919922,21.86858367919922,21.86858367919922,21.86858367919922,0
2011-02-08,21.86858367919922,21.86858367919922,21.86858367919922,21.86858367919922,21.86858367919922,0
2011-02-09,21.86858367919922,21.86858367919922,21.86858367919922,21.86858367919922,21.86858367919922,0
2011-02-10,21.391170501708984,21.391170501708984,21.391170501708984,21.391170501708984,21.391170501708984,195
2011-02-11,21.83264923095703,21.83264923095703,21.755647659301758,21.755647659301758,21.755647659301758,1169
2011-02-14,21.755647659301758,21.755647659301758,21.755647659301758,21.755647659301758,21.755647659301758,0
2011-02-15,21.755647659301758,21.755647659301758,21.755647659301758,21.755647659301758,21.755647659301758,0
2011-02-16,21.755647659301758,21.755647659301758,21.755647659301758,21.755647659301758,21.755647659301758,0
2011-02-17,21.755647659301758,21.755647659301758,21.755647659301758,21.755647659301758,21.755647659301758,0
2011-02-18,21.755647659301758,21.755647659301758,21.755647659301758,21.755647659301758,21.755647659301758,0
2011-02-22,21.755647659301758,21.755647659301758,21.755647659301758,21.755647659301758,21.755647659301758,0
2011-02-23,21.755647659301758,21.755647659301758,21.755647659301758,21.755647659301758,21.755647659301758,0
2011-02-24,21.755647659301758,21.755647659301758,21.755647659301758,21.755647659301758,21.755647659301758,0
2011-02-25,21.755647659301758,21.755647659301758,21.755647659301758,21.755647659301758,21.755647659301758,0
2011-02-28,21.755647659301758,21.755647659301758,21.755647659301758,21.755647659301758,21.755647659301758,0
2011-03-01,21.755647659301758,21.755647659301758,21.755647659301758,21.755647659301758,21.755647659301758,0
2011-03-02,21.755647659301758,21.755647659301758,21.755647659301758,21.755647659301758,21.755647659301758,0
2011-03-03,22.08932113647461,22.08932113647461,22.08932113647461,22.08932113647461,22.08932113647461,390
2011-03-04,22.08932113647461,22.08932113647461,22.08932113647461,22.08932113647461,22.08932113647461,0
2011-03-07,22.08932113647461,22.08932113647461,22.08932113647461,22.08932113647461,22.08932113647461,0
2011-03-08,22.08932113647461,22.08932113647461,22.08932113647461,22.08932113647461,22.08932113647461,0
2011-03-09,22.52053451538086,22.52053451538086,22.197124481201172,22.197124481201172,22.197124481201172,779
2011-03-10,22.197124481201172,22.197124481201172,22.197124481201172,22.197124481201172,22.197124481201172,0
2011-03-11,22.161191940307617,22.39733123779297,21.940452575683594,21.940452575683594,21.940452575683594,5260
2011-03-14,21.940452575683594,21.940452575683594,21.940452575683594,21.940452575683594,21.940452575683594,0
2011-03-15,21.940452575683594,21.940452575683594,21.940452575683594,21.940452575683594,21.940452575683594,0
2011-03-16,21.940452575683594,21.940452575683594,21.940452575683594,21.940452575683594,21.940452575683594,0
2011-03-17,21.940452575683594,21.940452575683594,21.940452575683594,21.940452575683594,21.940452575683594,0
2011-03-18,21.81724739074707,21.8223819732666,21.81724739074707,21.81724739074707,21.81724739074707,7208
2011-03-21,21.81724739074707,21.81724739074707,21.81724739074707,21.81724739074707,21.81724739074707,0
2011-03-22,21.81724739074707,21.81724739074707,21.81724739074707,21.81724739074707,21.81724739074707,0
2011-03-23,21.81724739074707,21.81724739074707,21.81724739074707,21.81724739074707,21.81724739074707,0
2011-03-24,21.81724739074707,21.81724739074707,21.81724739074707,21.81724739074707,21.81724739074707,0
2011-03-25,21.81724739074707,21.81724739074707,21.81724739074707,21.81724739074707,21.81724739074707,0
2011-03-28,21.81724739074707,21.81724739074707,21.81724739074707,21.81724739074707,21.81724739074707,0
2011-03-29,21.894250869750977,21.894250869750977,21.894250869750977,21.894250869750977,21.894250869750977,584
2011-03-30,21.894250869750977,21.894250869750977,21.894250869750977,21.894250869750977,21.894250869750977,0
2011-03-31,21.894250869750977,21.894250869750977,21.894250869750977,21.894250869750977,21.894250869750977,0
2011-04-01,21.894250869750977,21.894250869750977,21.894250869750977,21.894250869750977,21.894250869750977,0
2011-04-04,21.894250869750977,21.894250869750977,21.894250869750977,21.894250869750977,21.894250869750977,0
2011-04-05,21.894250869750977,21.894250869750977,21.894250869750977,21.894250869750977,21.894250869750977,0
2011-04-06,21.894250869750977,21.894250869750977,21.894250869750977,21.894250869750977,21.894250869750977,0
2011-04-07,22.4075984954834,22.4075984954834,22.4075984954834,22.4075984954834,22.4075984954834,390
2011-04-08,22.114990234375,22.7926082611084,22.114990234375,22.7926082611084,22.7926082611084,1558
2011-04-11,22.7926082611084,22.7926082611084,22.7926082611084,22.7926082611084,22.7926082611084,0
2011-04-12,22.7926082611084,22.7926082611084,22.7926082611084,22.7926082611084,22.7926082611084,0
2011-04-13,22.7926082611084,22.7926082611084,22.7926082611084,22.7926082611084,22.7926082611084,0
2011-04-14,22.7926082611084,22.7926082611084,22.7926082611084,22.7926082611084,22.7926082611084,0
2011-04-15,22.7926082611084,22.7926082611084,22.7926082611084,22.7926082611084,22.7926082611084,0
2011-04-18,22.7926082611084,22.7926082611084,22.7926082611084,22.7926082611084,22.7926082611084,0
2011-04-19,22.222793579101562,23.95790672302246,22.222793579101562,23.02874755859375,23.02874755859375,584
2011-04-20,23.1724853515625,24.163244247436523,23.1724853515625,23.449691772460938,23.449691772460938,1364
2011-04-21,23.357290267944336,23.357290267944336,23.357290267944336,23.357290267944336,23.357290267944336,195
2011-04-25,23.357290267944336,23.357290267944336,23.357290267944336,23.357290267944336,23.357290267944336,584
2011-04-26,23.357290267944336,23.357290267944336,23.357290267944336,23.357290267944336,23.357290267944336,0
2011-04-27,23.357290267944336,23.357290267944336,23.357290267944336,23.357290267944336,23.357290267944336,0
2011-04-28,23.732032775878906,23.732032775878906,23.69096565246582,23.69096565246582,23.69096565246582,2338
2011-04-29,23.69096565246582,23.69096565246582,23.69096565246582,23.69096565246582,23.69096565246582,0
2011-05-02,23.69096565246582,23.69096565246582,23.69096565246582,23.69096565246582,23.69096565246582,0
2011-05-03,23.69096565246582,23.69096565246582,23.69096565246582,23.69096565246582,23.69096565246582,0
2011-05-04,23.69096565246582,23.69096565246582,23.69096565246582,23.69096565246582,23.69096565246582,0
2011-05-05,23.69096565246582,23.69096565246582,23.69096565246582,23.69096565246582,23.69096565246582,0
2011-05-06,23.69096565246582,23.69096565246582,23.69096565246582,23.69096565246582,23.69096565246582,0
2011-05-09,23.69096565246582,23.69096565246582,23.69096565246582,23.69096565246582,23.69096565246582,0
2011-05-10,23.69096565246582,23.69096565246582,23.69096565246582,23.69096565246582,23.69096565246582,0
2011-05-11,23.69096565246582,23.69096565246582,23.69096565246582,23.69096565246582,23.69096565246582,0
2011-05-12,23.69096565246582,23.69096565246582,23.69096565246582,23.69096565246582,23.69096565246582,0
2011-05-13,23.69096565246582,23.69096565246582,23.69096565246582,23.69096565246582,23.69096565246582,0
2011-05-16,23.69096565246582,23.69096565246582,23.69096565246582,23.69096565246582,23.69096565246582,0
2011-05-17,23.69096565246582,23.69096565246582,23.69096565246582,23.69096565246582,23.69096565246582,0
2011-05-18,23.69096565246582,23.69096565246582,23.69096565246582,23.69096565246582,23.69096565246582,0
2011-05-19,22.474332809448242,22.474332809448242,22.474332809448242,22.474332809448242,22.474332809448242,1169
2011-05-20,22.474332809448242,22.474332809448242,22.474332809448242,22.474332809448242,22.474332809448242,0
2011-05-23,22.715606689453125,23.485626220703125,22.715606689453125,23.485626220703125,23.485626220703125,1364
2011-05-24,23.485626220703125,23.485626220703125,23.485626220703125,23.485626220703125,23.485626220703125,0
2011-05-25,23.485626220703125,23.485626220703125,23.485626220703125,23.485626220703125,23.485626220703125,0
2011-05-26,23.485626220703125,23.485626220703125,23.485626220703125,23.485626220703125,23.485626220703125,0
2011-05-27,23.485626220703125,23.485626220703125,23.485626220703125,23.485626220703125,23.485626220703125,0
2011-05-31,23.485626220703125,23.485626220703125,23.485626220703125,23.485626220703125,23.485626220703125,0
2011-06-01,23.485626220703125,23.485626220703125,23.485626220703125,23.485626220703125,23.485626220703125,0
2011-06-02,23.485626220703125,23.485626220703125,23.485626220703125,23.485626220703125,23.485626220703125,0
2011-06-03,23.485626220703125,23.485626220703125,23.485626220703125,23.485626220703125,23.485626220703125,0
2011-06-06,23.485626220703125,23.485626220703125,23.485626220703125,23.485626220703125,23.485626220703125,0
2011-06-07,23.485626220703125,23.485626220703125,23.485626220703125,23.485626220703125,23.485626220703125,0
2011-06-08,23.485626220703125,23.485626220703125,23.485626220703125,23.485626220703125,23.485626220703125,0
2011-06-09,23.485626220703125,23.485626220703125,23.485626220703125,23.485626220703125,23.485626220703125,0
2011-06-10,23.485626220703125,23.485626220703125,23.485626220703125,23.485626220703125,23.485626220703125,0
2011-06-13,23.485626220703125,23.485626220703125,23.485626220703125,23.485626220703125,23.485626220703125,0
2011-06-14,23.485626220703125,23.485626220703125,23.485626220703125,23.485626220703125,23.485626220703125,0
2011-06-15,23.485626220703125,23.485626220703125,23.485626220703125,23.485626220703125,23.485626220703125,0
2011-06-16,20.39527702331543,20.39527702331543,20.39527702331543,20.39527702331543,20.39527702331543,584
2011-06-17,22.22792625427246,22.62320327758789,19.563655853271484,20.759754180908203,20.759754180908203,20064
2011-06-20,21.001026153564453,21.001026153564453,20.882957458496094,20.882957458496094,20.882957458496094,390
2011-06-21,21.45790672302246,21.71457862854004,21.45790672302246,21.71457862854004,21.71457862854004,1948
2011-06-22,21.71457862854004,21.71457862854004,21.71457862854004,21.71457862854004,21.71457862854004,0
2011-06-23,21.71457862854004,21.71457862854004,21.71457862854004,21.71457862854004,21.71457862854004,0
2011-06-24,21.71457862854004,21.71457862854004,21.71457862854004,21.71457862854004,21.71457862854004,0
2011-06-27,21.71457862854004,21.71457862854004,21.71457862854004,21.71457862854004,21.71457862854004,0
2011-06-28,22.39733123779297,22.39733123779297,22.39733123779297,22.39733123779297,22.39733123779297,195
2011-06-29,22.39733123779297,22.39733123779297,22.39733123779297,22.39733123779297,22.39733123779297,0
2011-06-30,23.100616455078125,23.100616455078125,23.100616455078125,23.100616455078125,23.100616455078125,195
2011-07-01,23.598562240600586,23.598562240600586,23.598562240600586,23.598562240600586,23.598562240600586,390
2011-07-05,23.598562240600586,23.598562240600586,23.598562240600586,23.598562240600586,23.598562240600586,0
2011-07-06,23.9425048828125,23.9425048828125,23.927104949951172,23.927104949951172,23.927104949951172,1753
2011-07-07,23.927104949951172,23.927104949951172,23.927104949951172,23.927104949951172,23.927104949951172,0
2011-07-08,23.927104949951172,23.927104949951172,23.927104949951172,23.927104949951172,23.927104949951172,0
2011-07-11,23.927104949951172,23.927104949951172,23.927104949951172,23.927104949951172,23.927104949951172,0
2011-07-12,23.927104949951172,23.927104949951172,23.927104949951172,23.927104949951172,23.927104949951172,0
2011-07-13,23.927104949951172,23.927104949951172,23.927104949951172,23.927104949951172,23.927104949951172,0
2011-07-14,23.927104949951172,23.927104949951172,23.927104949951172,23.927104949951172,23.927104949951172,0
2011-07-15,23.927104949951172,23.927104949951172,23.927104949951172,23.927104949951172,23.927104949951172,0
2011-07-18,23.927104949951172,23.927104949951172,23.927104949951172,23.927104949951172,23.927104949951172,0
2011-07-19,23.927104949951172,23.927104949951172,23.927104949951172,23.927104949951172,23.927104949951172,0
2011-07-20,23.927104949951172,23.927104949951172,23.927104949951172,23.927104949951172,23.927104949951172,0
2011-07-21,23.927104949951172,23.927104949951172,23.927104949951172,23.927104949951172,23.927104949951172,0
2011-07-22,23.927104949951172,23.927104949951172,23.927104949951172,23.927104949951172,23.927104949951172,0
2011-07-25,23.927104949951172,23.927104949951172,23.927104949951172,23.927104949951172,23.927104949951172,0
2011-07-26,23.927104949951172,23.927104949951172,23.927104949951172,23.927104949951172,23.927104949951172,0
2011-07-27,23.927104949951172,23.927104949951172,23.927104949951172,23.927104949951172,23.927104949951172,0
2011-07-28,23.927104949951172,23.927104949951172,23.927104949951172,23.927104949951172,23.927104949951172,0
2011-07-29,21.945585250854492,22.043121337890625,21.945585250854492,22.043121337890625,22.043121337890625,390
2011-08-01,22.043121337890625,22.043121337890625,22.043121337890625,22.043121337890625,22.043121337890625,0
2011-08-02,22.043121337890625,22.043121337890625,22.043121337890625,22.043121337890625,22.043121337890625,0
2011-08-03,22.043121337890625,22.043121337890625,22.043121337890625,22.043121337890625,22.043121337890625,0
2011-08-04,21.072895050048828,21.08829689025879,21.06776237487793,21.06776237487793,21.06776237487793,4480
2011-08-05,21.252567291259766,21.30390167236328,21.01642608642578,21.175565719604492,21.175565719604492,7597
2011-08-08,17.86447525024414,20.046201705932617,17.64887046813965,18.51642608642578,18.51642608642578,4091
2011-08-09,19.640657424926758,19.640657424926758,19.640657424926758,19.640657424926758,19.640657424926758,390
2011-08-10,19.640657424926758,19.640657424926758,19.640657424926758,19.640657424926758,19.640657424926758,0
2011-08-11,19.640657424926758,19.640657424926758,19.640657424926758,19.640657424926758,19.640657424926758,0
2011-08-12,20.451744079589844,20.451744079589844,20.451744079589844,20.451744079589844,20.451744079589844,195
2011-08-15,20.451744079589844,20.451744079589844,20.451744079589844,20.451744079589844,20.451744079589844,0
2011-08-16,20.451744079589844,20.451744079589844,20.451744079589844,20.451744079589844,20.451744079589844,0
2011-08-17,21.072895050048828,22.330595016479492,21.072895050048828,22.330595016479492,22.330595016479492,974
2011-08-18,22.330595016479492,22.330595016479492,22.330595016479492,22.330595016479492,22.330595016479492,0
2011-08-19,20.728952407836914,20.728952407836914,20.728952407836914,20.728952407836914,20.728952407836914,195
2011-08-22,20.728952407836914,20.728952407836914,20.728952407836914,20.728952407836914,20.728952407836914,0
2011-08-23,18.326488494873047,19.37885093688965,18.326488494873047,19.36858367919922,19.36858367919922,779
2011-08-24,19.36858367919922,19.36858367919922,19.36858367919922,19.36858367919922,19.36858367919922,0
2011-08-25,19.36858367919922,19.36858367919922,19.36858367919922,19.36858367919922,19.36858367919922,0
2011-08-26,19.36858367919922,19.36858367919922,19.36858367919922,19.36858367919922,19.36858367919922,0
2011-08-29,19.36858367919922,19.36858367919922,19.36858367919922,19.36858367919922,19.36858367919922,0
2011-08-30,19.36858367919922,19.36858367919922,19.36858367919922,19.36858367919922,19.36858367919922,0
2011-08-31,21.396303176879883,22.91067886352539,21.396303176879883,22.91067886352539,22.91067886352539,1169
2011-09-01,22.91067886352539,22.91067886352539,22.91067886352539,22.91067886352539,22.91067886352539,0
2011-09-02,22.91067886352539,22.91067886352539,22.91067886352539,22.91067886352539,22.91067886352539,0
2011-09-06,20.061601638793945,20.061601638793945,20.061601638793945,20.061601638793945,20.061601638793945,584
2011-09-07,20.046201705932617,21.113962173461914,20.046201705932617,21.113962173461914,21.113962173461914,584
2011-09-08,21.113962173461914,21.113962173461914,21.113962173461914,21.113962173461914,21.113962173461914,0
2011-09-09,21.113962173461914,21.113962173461914,21.113962173461914,21.113962173461914,21.113962173461914,0
2011-09-12,21.113962173461914,21.113962173461914,21.113962173461914,21.113962173461914,21.113962173461914,0
2011-09-13,21.113962173461914,21.113962173461914,21.113962173461914,21.113962173461914,21.113962173461914,0
2011-09-14,21.113962173461914,21.113962173461914,21.113962173461914,21.113962173461914,21.113962173461914,0
2011-09-15,21.113962173461914,21.113962173461914,21.113962173461914,21.113962173461914,21.113962173461914,0
2011-09-16,19.57392120361328,19.57392120361328,19.33778190612793,19.404516220092773,19.404516220092773,1364
2011-09-19,20.359342575073242,20.37474250793457,20.343942642211914,20.37474250793457,20.37474250793457,974
2011-09-20,20.37474250793457,20.37474250793457,20.37474250793457,20.37474250793457,20.37474250793457,0
2011-09-21,20.37474250793457,20.37474250793457,20.37474250793457,20.37474250793457,20.37474250793457,0
2011-09-22,20.37474250793457,20.37474250793457,20.37474250793457,20.37474250793457,20.37474250793457,0
2011-09-23,20.37474250793457,20.37474250793457,20.37474250793457,20.37474250793457,20.37474250793457,0
2011-09-26,20.37474250793457,20.37474250793457,20.37474250793457,20.37474250793457,20.37474250793457,0
2011-09-27,20.37474250793457,20.37474250793457,20.37474250793457,20.37474250793457,20.37474250793457,0
2011-09-28,20.37474250793457,20.37474250793457,20.37474250793457,20.37474250793457,20.37474250793457,0
2011-09-29,20.37474250793457,20.37474250793457,20.37474250793457,20.37474250793457,20.37474250793457,0
2011-09-30,20.37474250793457,20.37474250793457,20.37474250793457,20.37474250793457,20.37474250793457,0
2011-10-03,20.37474250793457,20.37474250793457,20.37474250793457,20.37474250793457,20.37474250793457,0
2011-10-04,20.37474250793457,20.37474250793457,20.37474250793457,20.37474250793457,20.37474250793457,0
2011-10-05,20.37474250793457,20.37474250793457,20.37474250793457,20.37474250793457,20.37474250793457,0
2011-10-06,20.37474250793457,20.37474250793457,20.37474250793457,20.37474250793457,20.37474250793457,0
2011-10-07,20.37474250793457,20.37474250793457,20.37474250793457,20.37474250793457,20.37474250793457,0
2011-10-10,20.37474250793457,20.37474250793457,20.37474250793457,20.37474250793457,20.37474250793457,0
2011-10-11,20.37474250793457,20.37474250793457,20.37474250793457,20.37474250793457,20.37474250793457,0
2011-10-12,20.37474250793457,20.37474250793457,20.37474250793457,20.37474250793457,20.37474250793457,0
2011-10-13,20.37474250793457,20.37474250793457,20.37474250793457,20.37474250793457,20.37474250793457,0
2011-10-14,20.37474250793457,20.37474250793457,20.37474250793457,20.37474250793457,20.37474250793457,0
2011-10-17,20.37474250793457,20.37474250793457,20.37474250793457,20.37474250793457,20.37474250793457,0
2011-10-18,20.37474250793457,20.37474250793457,20.37474250793457,20.37474250793457,20.37474250793457,0
2011-10-19,20.37474250793457,20.37474250793457,20.37474250793457,20.37474250793457,20.37474250793457,0
2011-10-20,20.37474250793457,20.37474250793457,20.37474250793457,20.37474250793457,20.37474250793457,0
2011-10-21,20.37474250793457,20.37474250793457,20.37474250793457,20.37474250793457,20.37474250793457,0
2011-10-24,20.37474250793457,20.37474250793457,20.37474250793457,20.37474250793457,20.37474250793457,0
2011-10-25,20.37474250793457,20.37474250793457,20.37474250793457,20.37474250793457,20.37474250793457,0
2011-10-26,20.37474250793457,20.37474250793457,20.37474250793457,20.37474250793457,20.37474250793457,0
2011-10-27,20.37474250793457,20.37474250793457,20.37474250793457,20.37474250793457,20.37474250793457,0
2011-10-28,20.37474250793457,20.37474250793457,20.37474250793457,20.37474250793457,20.37474250793457,0
2011-10-31,20.37474250793457,20.37474250793457,20.37474250793457,20.37474250793457,20.37474250793457,0
2011-11-01,20.37474250793457,20.37474250793457,20.37474250793457,20.37474250793457,20.37474250793457,0
2011-11-02,20.37474250793457,20.37474250793457,20.37474250793457,20.37474250793457,20.37474250793457,0
2011-11-03,20.37474250793457,20.37474250793457,20.37474250793457,20.37474250793457,20.37474250793457,0
2011-11-04,20.37474250793457,20.37474250793457,20.37474250793457,20.37474250793457,20.37474250793457,0
2011-11-07,20.37474250793457,20.37474250793457,20.37474250793457,20.37474250793457,20.37474250793457,0
2011-11-08,20.37474250793457,20.37474250793457,20.37474250793457,20.37474250793457,20.37474250793457,0
2011-11-09,20.37474250793457,20.37474250793457,20.37474250793457,20.37474250793457,20.37474250793457,0
2011-11-10,20.37474250793457,20.37474250793457,20.37474250793457,20.37474250793457,20.37474250793457,0
2011-11-11,22.21765899658203,22.21765899658203,21.950719833374023,21.950719833374023,21.950719833374023,390
2011-11-14,21.950719833374023,21.950719833374023,21.950719833374023,21.950719833374023,21.950719833374023,0
2011-11-15,21.950719833374023,21.950719833374023,21.950719833374023,21.950719833374023,21.950719833374023,0
2011-11-16,22.079055786132812,22.079055786132812,20.28234100341797,21.344968795776367,21.344968795776367,6234
2011-11-17,21.750513076782227,21.796714782714844,21.32956886291504,21.796714782714844,21.796714782714844,2727
2011-11-18,21.796714782714844,21.796714782714844,21.796714782714844,21.796714782714844,21.796714782714844,0
2011-11-21,20.82135581970215,20.82135581970215,20.718685150146484,20.744352340698242,20.744352340698242,1169
2011-11-22,20.744352340698242,20.744352340698242,20.744352340698242,20.744352340698242,20.744352340698242,0
2011-11-23,20.687885284423828,21.175565719604492,20.687885284423828,21.175565719604492,21.175565719604492,584
2011-11-25,21.175565719604492,21.175565719604492,21.175565719604492,21.175565719604492,21.175565719604492,0
2011-11-28,21.175565719604492,21.175565719604492,21.175565719604492,21.175565719604492,21.175565719604492,0
2011-11-29,21.175565719604492,21.175565719604492,21.175565719604492,21.175565719604492,21.175565719604492,0
2011-11-30,20.210472106933594,20.210472106933594,20.210472106933594,20.210472106933594,20.210472106933594,390
2011-12-01,20.210472106933594,20.210472106933594,20.210472106933594,20.210472106933594,20.210472106933594,0
2011-12-02,20.210472106933594,20.210472106933594,20.210472106933594,20.210472106933594,20.210472106933594,0
2011-12-05,20.210472106933594,20.210472106933594,20.210472106933594,20.210472106933594,20.210472106933594,0
2011-12-06,20.210472106933594,20.210472106933594,20.210472106933594,20.210472106933594,20.210472106933594,0
2011-12-07,20.210472106933594,20.210472106933594,20.210472106933594,20.210472106933594,20.210472106933594,0
2011-12-08,20.210472106933594,20.210472106933594,20.210472106933594,20.210472106933594,20.210472106933594,0
2011-12-09,20.210472106933594,20.210472106933594,20.210472106933594,20.210472106933594,20.210472106933594,0
2011-12-12,20.210472106933594,20.210472106933594,20.210472106933594,20.210472106933594,20.210472106933594,0
2011-12-13,20.210472106933594,20.210472106933594,20.210472106933594,20.210472106933594,20.210472106933594,0
2011-12-14,20.210472106933594,20.210472106933594,20.210472106933594,20.210472106933594,20.210472106933594,0
2011-12-15,20.210472106933594,20.210472106933594,20.210472106933594,20.210472106933594,20.210472106933594,0
2011-12-16,20.210472106933594,20.210472106933594,20.210472106933594,20.210472106933594,20.210472106933594,0
2011-12-19,20.210472106933594,20.210472106933594,20.210472106933594,20.210472106933594,20.210472106933594,0
2011-12-20,20.65708351135254,20.65708351135254,20.65708351135254,20.65708351135254,20.65708351135254,195
2011-12-21,20.65708351135254,20.65708351135254,20.65708351135254,20.65708351135254,20.65708351135254,0
2011-12-22,20.65708351135254,20.65708351135254,20.65708351135254,20.65708351135254,20.65708351135254,0
2011-12-23,20.65708351135254,20.65708351135254,20.65708351135254,20.65708351135254,20.65708351135254,0
2011-12-27,20.65708351135254,20.65708351135254,20.65708351135254,20.65708351135254,20.65708351135254,0
2011-12-28,20.65708351135254,20.65708351135254,20.65708351135254,20.65708351135254,20.65708351135254,0
2011-12-29,21.098562240600586,21.098562240600586,21.098562240600586,21.098562240600586,21.098562240600586,195
2011-12-30,21.098562240600586,21.098562240600586,21.098562240600586,21.098562240600586,21.098562240600586,0
2012-01-03,21.098562240600586,21.098562240600586,21.098562240600586,21.098562240600586,21.098562240600586,0
2012-01-04,21.098562240600586,21.098562240600586,21.098562240600586,21.098562240600586,21.098562240600586,0
2012-01-05,21.098562240600586,21.098562240600586,21.098562240600586,21.098562240600586,21.098562240600586,0
2012-01-06,21.71457862854004,21.71457862854004,21.71457862854004,21.71457862854004,21.71457862854004,195
2012-01-09,23.773101806640625,23.773101806640625,23.773101806640625,23.773101806640625,23.773101806640625,974
2012-01-10,23.773101806640625,23.773101806640625,23.773101806640625,23.773101806640625,23.773101806640625,0
2012-01-11,22.176591873168945,22.176591873168945,22.176591873168945,22.176591873168945,22.176591873168945,584
2012-01-12,22.176591873168945,22.176591873168945,22.176591873168945,22.176591873168945,22.176591873168945,0
2012-01-13,22.176591873168945,22.176591873168945,22.176591873168945,22.176591873168945,22.176591873168945,0
2012-01-17,22.39733123779297,22.458932876586914,22.36652946472168,22.438398361206055,22.438398361206055,974
2012-01-18,22.438398361206055,22.438398361206055,22.438398361206055,22.438398361206055,22.438398361206055,0
2012-01-19,22.438398361206055,22.438398361206055,22.438398361206055,22.438398361206055,22.438398361206055,0
2012-01-20,22.956878662109375,22.997947692871094,22.956878662109375,22.997947692871094,22.997947692871094,1364
2012-01-23,22.997947692871094,22.997947692871094,22.997947692871094,22.997947692871094,22.997947692871094,0
2012-01-24,22.997947692871094,22.997947692871094,22.997947692871094,22.997947692871094,22.997947692871094,0
2012-01-25,23.213552474975586,23.213552474975586,23.203285217285156,23.213552474975586,23.213552474975586,12272
2012-01-26,23.55236053466797,23.55236053466797,23.55236053466797,23.55236053466797,23.55236053466797,8376
2012-01-27,23.55236053466797,23.55236053466797,23.55236053466797,23.55236053466797,23.55236053466797,0
2012-01-30,23.55236053466797,23.55236053466797,23.55236053466797,23.55236053466797,23.55236053466797,0
2012-01-31,23.55236053466797,23.55236053466797,23.55236053466797,23.55236053466797,23.55236053466797,0
2012-02-01,23.55236053466797,23.55236053466797,23.55236053466797,23.55236053466797,23.55236053466797,0
2012-02-02,23.55236053466797,23.55236053466797,23.55236053466797,23.55236053466797,23.55236053466797,0
2012-02-03,23.55236053466797,23.55236053466797,23.55236053466797,23.55236053466797,23.55236053466797,0
2012-02-06,23.55236053466797,23.55236053466797,23.55236053466797,23.55236053466797,23.55236053466797,0
2012-02-07,23.55236053466797,23.55236053466797,23.55236053466797,23.55236053466797,23.55236053466797,0
2012-02-08,24.312114715576172,24.938398361206055,24.312114715576172,24.938398361206055,24.938398361206055,3506
2012-02-09,25.046201705932617,25.051334381103516,25.046201705932617,25.051334381103516,25.051334381103516,4286
2012-02-10,25.051334381103516,25.051334381103516,25.051334381103516,25.051334381103516,25.051334381103516,0
2012-02-13,25.10266876220703,25.277206420898438,25.10266876220703,25.277206420898438,25.277206420898438,7792
2012-02-14,25.0924015045166,25.11293601989746,25.0924015045166,25.11293601989746,25.11293601989746,974
2012-02-15,25.53388023376465,25.53388023376465,25.53388023376465,25.53388023376465,25.53388023376465,4675
2012-02-16,25.53388023376465,25.53388023376465,25.53388023376465,25.53388023376465,25.53388023376465,0
2012-02-17,25.37474250793457,25.37474250793457,25.37474250793457,25.37474250793457,25.37474250793457,195
2012-02-21,25.37474250793457,25.37474250793457,25.37474250793457,25.37474250793457,25.37474250793457,0
2012-02-22,25.37474250793457,25.37474250793457,25.37474250793457,25.37474250793457,25.37474250793457,0
2012-02-23,25.37474250793457,25.37474250793457,25.37474250793457,25.37474250793457,25.37474250793457,0
2012-02-24,25.37474250793457,25.37474250793457,25.37474250793457,25.37474250793457,25.37474250793457,0
2012-02-27,25.37474250793457,25.37474250793457,25.37474250793457,25.37474250793457,25.37474250793457,0
2012-02-28,25.37474250793457,25.37474250793457,25.37474250793457,25.37474250793457,25.37474250793457,0
2012-02-29,25.37474250793457,25.37474250793457,25.37474250793457,25.37474250793457,25.37474250793457,0
2012-03-01,25.37474250793457,25.37474250793457,25.37474250793457,25.37474250793457,25.37474250793457,0
2012-03-02,25.939424514770508,25.939424514770508,25.939424514770508,25.939424514770508,25.939424514770508,195
2012-03-05,25.939424514770508,25.939424514770508,25.939424514770508,25.939424514770508,25.939424514770508,0
2012-03-06,25.554414749145508,25.554414749145508,23.655031204223633,25.087268829345703,25.087268829345703,2143
2012-03-07,25.087268829345703,25.087268829345703,25.087268829345703,25.087268829345703,25.087268829345703,0
2012-03-08,25.087268829345703,25.087268829345703,25.087268829345703,25.087268829345703,25.087268829345703,0
2012-03-09,25.087268829345703,25.087268829345703,25.087268829345703,25.087268829345703,25.087268829345703,0
2012-03-12,25.087268829345703,25.087268829345703,25.087268829345703,25.087268829345703,25.087268829345703,0
2012-03-13,25.92402458190918,26.416837692260742,25.92402458190918,26.3501033782959,26.3501033782959,5844
2012-03-14,26.3501033782959,26.3501033782959,26.3501033782959,26.3501033782959,26.3501033782959,0
2012-03-15,26.3501033782959,26.3501033782959,26.3501033782959,26.3501033782959,26.3501033782959,0
2012-03-16,25.888090133666992,25.888090133666992,25.847023010253906,25.857290267944336,25.857290267944336,1364
2012-03-19,25.857290267944336,25.857290267944336,25.857290267944336,25.857290267944336,25.857290267944336,0
2012-03-20,25.857290267944336,25.857290267944336,25.857290267944336,25.857290267944336,25.857290267944336,0
2012-03-21,25.857290267944336,25.857290267944336,25.857290267944336,25.857290267944336,25.857290267944336,0
2012-03-22,25.857290267944336,25.857290267944336,25.857290267944336,25.857290267944336,25.857290267944336,0
2012-03-23,25.857290267944336,25.857290267944336,25.857290267944336,25.857290267944336,25.857290267944336,0
2012-03-26,25.91375732421875,25.91375732421875,25.91375732421875,25.91375732421875,25.91375732421875,390
2012-03-27,25.91375732421875,25.91375732421875,25.91375732421875,25.91375732421875,25.91375732421875,0
2012-03-28,25.91375732421875,25.91375732421875,25.91375732421875,25.91375732421875,25.91375732421875,0
2012-03-29,25.487680435180664,25.487680435180664,25.472278594970703,25.472278594970703,25.472278594970703,390
2012-03-30,25.472278594970703,25.472278594970703,25.472278594970703,25.472278594970703,25.472278594970703,0
2012-04-02,25.472278594970703,25.472278594970703,25.472278594970703,25.472278594970703,25.472278594970703,0
2012-04-03,25.472278594970703,25.472278594970703,25.472278594970703,25.472278594970703,25.472278594970703,0
2012-04-04,25.472278594970703,25.472278594970703,25.472278594970703,25.472278594970703,25.472278594970703,0
2012-04-05,25.472278594970703,25.472278594970703,25.472278594970703,25.472278594970703,25.472278594970703,0
2012-04-09,25.472278594970703,25.472278594970703,25.472278594970703,25.472278594970703,25.472278594970703,0
2012-04-10,24.507186889648438,24.507186889648438,24.507186889648438,24.507186889648438,24.507186889648438,195
2012-04-11,24.507186889648438,24.507186889648438,24.507186889648438,24.507186889648438,24.507186889648438,0
2012-04-12,24.97946548461914,24.97946548461914,24.97946548461914,24.97946548461914,24.97946548461914,195
2012-04-13,24.97946548461914,24.97946548461914,24.97946548461914,24.97946548461914,24.97946548461914,0
2012-04-16,24.97946548461914,24.97946548461914,24.97946548461914,24.97946548461914,24.97946548461914,0
2012-04-17,24.97946548461914,24.97946548461914,24.97946548461914,24.97946548461914,24.97946548461914,0
2012-04-18,24.97946548461914,24.97946548461914,24.97946548461914,24.97946548461914,24.97946548461914,0
2012-04-19,24.97946548461914,24.97946548461914,24.97946548461914,24.97946548461914,24.97946548461914,0
2012-04-20,25.40554428100586,25.503080368041992,25.40554428100586,25.503080368041992,25.503080368041992,390
2012-04-23,25.503080368041992,25.503080368041992,25.503080368041992,25.503080368041992,25.503080368041992,0
2012-04-24,24.845996856689453,24.845996856689453,24.845996856689453,24.845996856689453,24.845996856689453,974
2012-04-25,24.845996856689453,24.845996856689453,24.845996856689453,24.845996856689453,24.845996856689453,0
2012-04-26,24.845996856689453,24.845996856689453,24.845996856689453,24.845996856689453,24.845996856689453,0
2012-04-27,25.554414749145508,25.554414749145508,25.554414749145508,25.554414749145508,25.554414749145508,195
2012-04-30,25.554414749145508,25.554414749145508,25.554414749145508,25.554414749145508,25.554414749145508,0
2012-05-01,25.554414749145508,25.554414749145508,25.554414749145508,25.554414749145508,25.554414749145508,0
2012-05-02,25.718685150146484,25.718685150146484,25.718685150146484,25.718685150146484,25.718685150146484,390
2012-05-03,25.734085083007812,25.734085083007812,25.734085083007812,25.734085083007812,25.734085083007812,195
2012-05-04,25.734085083007812,25.734085083007812,25.734085083007812,25.734085083007812,25.734085083007812,0
2012-05-07,25.734085083007812,25.734085083007812,25.734085083007812,25.734085083007812,25.734085083007812,0
2012-05-08,25.174537658691406,25.174537658691406,25.174537658691406,25.174537658691406,25.174537658691406,9740
2012-05-09,25.056467056274414,25.287473678588867,25.01026725769043,25.174537658691406,25.174537658691406,6428
2012-05-10,25.174537658691406,25.174537658691406,25.174537658691406,25.174537658691406,25.174537658691406,0
2012-05-11,25.91375732421875,26.19096565246582,25.867555618286133,26.19096565246582,26.19096565246582,18311
2012-05-14,25.893224716186523,25.893224716186523,25.893224716186523,25.893224716186523,25.893224716186523,390
2012-05-15,25.39527702331543,25.39527702331543,25.39527702331543,25.39527702331543,25.39527702331543,390
2012-05-16,25.338808059692383,25.338808059692383,25.338808059692383,25.338808059692383,25.338808059692383,390
2012-05-17,25.338808059692383,25.338808059692383,25.338808059692383,25.338808059692383,25.338808059692383,0
2012-05-18,24.291580200195312,24.291580200195312,24.09137535095215,24.09137535095215,24.09137535095215,1948
2012-05-21,23.834701538085938,23.834701538085938,23.834701538085938,23.834701538085938,23.834701538085938,974
2012-05-22,24.512319564819336,24.543121337890625,24.486652374267578,24.486652374267578,24.486652374267578,1169
2012-05-23,24.537988662719727,24.537988662719727,23.737165451049805,23.737165451049805,23.737165451049805,2338
2012-05-24,24.507186889648438,24.507186889648438,24.20431137084961,24.250513076782227,24.250513076782227,12272
2012-05-25,24.373716354370117,24.984600067138672,24.373716354370117,24.650924682617188,24.650924682617188,22792
2012-05-29,24.58418846130371,24.60472297668457,23.593429565429688,24.383983612060547,24.383983612060547,8182
2012-05-30,24.383983612060547,24.383983612060547,24.383983612060547,24.383983612060547,24.383983612060547,0
2012-05-31,24.383983612060547,24.383983612060547,24.383983612060547,24.383983612060547,24.383983612060547,0
2012-06-01,24.383983612060547,24.383983612060547,24.383983612060547,24.383983612060547,24.383983612060547,195
2012-06-04,24.383983612060547,24.383983612060547,24.383983612060547,24.383983612060547,24.383983612060547,0
2012-06-05,23.726898193359375,23.978439331054688,23.69609832763672,23.94763946533203,23.94763946533203,974
2012-06-06,24.168378829956055,24.168378829956055,24.163244247436523,24.168378829956055,24.168378829956055,584
2012-06-07,24.168378829956055,24.168378829956055,24.168378829956055,24.168378829956055,24.168378829956055,0
2012-06-08,24.168378829956055,24.168378829956055,24.168378829956055,24.168378829956055,24.168378829956055,0
2012-06-11,24.260780334472656,24.260780334472656,24.260780334472656,24.260780334472656,24.260780334472656,584
2012-06-12,24.260780334472656,24.260780334472656,24.260780334472656,24.260780334472656,24.260780334472656,0
2012-06-13,24.260780334472656,24.260780334472656,24.260780334472656,24.260780334472656,24.260780334472656,0
2012-06-14,24.260780334472656,24.260780334472656,24.260780334472656,24.260780334472656,24.260780334472656,0
2012-06-15,24.260780334472656,24.260780334472656,24.260780334472656,24.260780334472656,24.260780334472656,0
2012-06-18,24.260780334472656,24.383983612060547,24.260780334472656,24.383983612060547,24.383983612060547,1169
2012-06-19,24.383983612060547,24.383983612060547,24.383983612060547,24.383983612060547,24.383983612060547,0
2012-06-20,24.383983612060547,24.383983612060547,24.383983612060547,24.383983612060547,24.383983612060547,0
2012-06-21,24.902463912963867,24.902463912963867,24.902463912963867,24.902463912963867,24.902463912963867,195
2012-06-22,24.902463912963867,24.902463912963867,24.902463912963867,24.902463912963867,24.902463912963867,0
2012-06-25,24.712526321411133,24.712526321411133,24.47125244140625,24.60985565185547,24.60985565185547,8182
2012-06-26,24.60985565185547,24.60985565185547,24.60985565185547,24.60985565185547,24.60985565185547,0
2012-06-27,24.60985565185547,24.60985565185547,24.60985565185547,24.60985565185547,24.60985565185547,0
2012-06-28,24.784393310546875,24.784393310546875,24.784393310546875,24.784393310546875,24.784393310546875,195
2012-06-29,24.784393310546875,24.784393310546875,24.784393310546875,24.784393310546875,24.784393310546875,0
2012-07-02,24.784393310546875,24.784393310546875,24.784393310546875,24.784393310546875,24.784393310546875,0
2012-07-03,26.242300033569336,26.242300033569336,26.242300033569336,26.242300033569336,26.242300033569336,4286
2012-07-05,26.257699966430664,26.257699966430664,26.257699966430664,26.257699966430664,26.257699966430664,974
2012-07-06,26.257699966430664,26.257699966430664,26.257699966430664,26.257699966430664,26.257699966430664,0
2012-07-09,26.257699966430664,26.257699966430664,26.257699966430664,26.257699966430664,26.257699966430664,0
2012-07-10,26.257699966430664,26.257699966430664,26.257699966430664,26.257699966430664,26.257699966430664,0
2012-07-11,25.40554428100586,25.40554428100586,25.40554428100586,25.40554428100586,25.40554428100586,779
2012-07-12,25.14887046813965,25.14887046813965,25.14887046813965,25.14887046813965,25.14887046813965,390
2012-07-13,25.687885284423828,25.687885284423828,25.687885284423828,25.687885284423828,25.687885284423828,195
2012-07-16,25.687885284423828,25.687885284423828,25.687885284423828,25.687885284423828,25.687885284423828,0
2012-07-17,25.687885284423828,25.687885284423828,25.687885284423828,25.687885284423828,25.687885284423828,0
2012-07-18,25.687885284423828,25.687885284423828,25.687885284423828,25.687885284423828,25.687885284423828,0
2012-07-19,25.687885284423828,25.687885284423828,25.687885284423828,25.687885284423828,25.687885284423828,0
2012-07-20,27.181724548339844,27.181724548339844,26.786447525024414,27.07392120361328,27.07392120361328,584
2012-07-23,26.71457862854004,26.71457862854004,26.71457862854004,26.71457862854004,26.71457862854004,195
2012-07-24,26.71457862854004,26.71457862854004,26.71457862854004,26.71457862854004,26.71457862854004,0
2012-07-25,26.71457862854004,26.71457862854004,26.71457862854004,26.71457862854004,26.71457862854004,0
2012-07-26,26.71457862854004,26.71457862854004,26.71457862854004,26.71457862854004,26.71457862854004,0
2012-07-27,26.71457862854004,26.71457862854004,26.71457862854004,26.71457862854004,26.71457862854004,0
2012-07-30,26.71457862854004,26.71457862854004,26.71457862854004,26.71457862854004,26.71457862854004,0
2012-07-31,26.71457862854004,26.71457862854004,26.71457862854004,26.71457862854004,26.71457862854004,0
2012-08-01,27.433265686035156,27.433265686035156,27.433265686035156,27.433265686035156,27.433265686035156,584
2012-08-02,27.433265686035156,27.433265686035156,27.433265686035156,27.433265686035156,27.433265686035156,0
2012-08-03,27.433265686035156,27.433265686035156,27.433265686035156,27.433265686035156,27.433265686035156,0
2012-08-06,27.433265686035156,27.433265686035156,27.433265686035156,27.433265686035156,27.433265686035156,0
2012-08-07,27.433265686035156,27.433265686035156,27.433265686035156,27.433265686035156,27.433265686035156,0
2012-08-08,27.433265686035156,27.433265686035156,27.433265686035156,27.433265686035156,27.433265686035156,0
2012-08-09,27.433265686035156,27.433265686035156,27.433265686035156,27.433265686035156,27.433265686035156,0
2012-08-10,27.433265686035156,27.433265686035156,27.433265686035156,27.433265686035156,27.433265686035156,0
2012-08-13,27.433265686035156,27.433265686035156,27.433265686035156,27.433265686035156,27.433265686035156,0
2012-08-14,27.433265686035156,27.433265686035156,27.433265686035156,27.433265686035156,27.433265686035156,0
2012-08-15,27.433265686035156,27.433265686035156,27.433265686035156,27.433265686035156,27.433265686035156,0
2012-08-16,27.433265686035156,27.433265686035156,27.433265686035156,27.433265686035156,27.433265686035156,0
2012-08-17,27.433265686035156,27.433265686035156,27.433265686035156,27.433265686035156,27.433265686035156,0
2012-08-20,28.1776180267334,28.193017959594727,28.136550903320312,28.193017959594727,28.193017959594727,1169
2012-08-21,28.193017959594727,28.193017959594727,28.193017959594727,28.193017959594727,28.193017959594727,0
2012-08-22,28.193017959594727,28.193017959594727,28.193017959594727,28.193017959594727,28.193017959594727,0
2012-08-23,28.059547424316406,28.059547424316406,28.059547424316406,28.059547424316406,28.059547424316406,390
2012-08-24,28.059547424316406,28.059547424316406,28.059547424316406,28.059547424316406,28.059547424316406,0
2012-08-27,28.059547424316406,28.059547424316406,28.059547424316406,28.059547424316406,28.059547424316406,0
2012-08-28,28.059547424316406,28.059547424316406,28.059547424316406,28.059547424316406,28.059547424316406,0
2012-08-29,28.059547424316406,28.059547424316406,28.059547424316406,28.059547424316406,28.059547424316406,0
2012-08-30,28.059547424316406,28.059547424316406,28.059547424316406,28.059547424316406,28.059547424316406,0
2012-08-31,28.059547424316406,28.059547424316406,28.059547424316406,28.059547424316406,28.059547424316406,0
2012-09-04,28.059547424316406,28.059547424316406,28.059547424316406,28.059547424316406,28.059547424316406,0
2012-09-05,28.059547424316406,28.059547424316406,28.059547424316406,28.059547424316406,28.059547424316406,0
2012-09-06,28.059547424316406,28.059547424316406,28.059547424316406,28.059547424316406,28.059547424316406,0
2012-09-07,28.059547424316406,28.059547424316406,28.059547424316406,28.059547424316406,28.059547424316406,0
2012-09-10,29.363449096679688,29.363449096679688,29.363449096679688,29.363449096679688,29.363449096679688,584
2012-09-11,29.363449096679688,29.363449096679688,29.363449096679688,29.363449096679688,29.363449096679688,0
2012-09-12,29.363449096679688,29.363449096679688,29.363449096679688,29.363449096679688,29.363449096679688,0
2012-09-13,29.363449096679688,29.363449096679688,29.363449096679688,29.363449096679688,29.363449096679688,0
2012-09-14,29.96919822692871,29.96919822692871,29.60985565185547,29.88706398010254,29.88706398010254,3701
2012-09-17,29.440452575683594,29.440452575683594,29.440452575683594,29.440452575683594,29.440452575683594,390
2012-09-18,29.440452575683594,29.440452575683594,29.440452575683594,29.440452575683594,29.440452575683594,0
2012-09-19,29.440452575683594,29.440452575683594,29.440452575683594,29.440452575683594,29.440452575683594,0
2012-09-20,29.440452575683594,29.440452575683594,29.440452575683594,29.440452575683594,29.440452575683594,0
2012-09-21,30.36447525024414,30.51848030090332,30.318275451660156,30.41581153869629,30.41581153869629,3312
2012-09-24,30.41581153869629,30.41581153869629,30.41581153869629,30.41581153869629,30.41581153869629,0
2012-09-25,30.41581153869629,30.41581153869629,30.41581153869629,30.41581153869629,30.41581153869629,0
2012-09-26,30.41581153869629,30.41581153869629,30.41581153869629,30.41581153869629,30.41581153869629,0
2012-09-27,30.41581153869629,30.41581153869629,30.41581153869629,30.41581153869629,30.41581153869629,0
2012-09-28,30.41581153869629,30.41581153869629,30.41581153869629,30.41581153869629,30.41581153869629,0
2012-10-01,30.41581153869629,30.41581153869629,30.41581153869629,30.41581153869629,30.41581153869629,0
2012-10-02,31.43223762512207,31.43223762512207,31.43223762512207,31.43223762512207,31.43223762512207,584
2012-10-03,31.43223762512207,31.43223762512207,31.43223762512207,31.43223762512207,31.43223762512207,0
2012-10-04,31.43223762512207,31.43223762512207,31.43223762512207,31.43223762512207,31.43223762512207,0
2012-10-05,31.43223762512207,31.43223762512207,31.43223762512207,31.43223762512207,31.43223762512207,0
2012-10-08,31.43223762512207,31.43223762512207,31.43223762512207,31.43223762512207,31.43223762512207,0
2012-10-09,31.43223762512207,31.43223762512207,31.43223762512207,31.43223762512207,31.43223762512207,0
2012-10-10,31.43223762512207,31.43223762512207,31.43223762512207,31.43223762512207,31.43223762512207,0
2012-10-11,31.43223762512207,31.43223762512207,31.43223762512207,31.43223762512207,31.43223762512207,0
2012-10-12,31.08829689025879,31.08829689025879,31.08829689025879,31.08829689025879,31.08829689025879,195
2012-10-15,31.08829689025879,31.08829689025879,31.08829689025879,31.08829689025879,31.08829689025879,0
2012-10-16,31.08829689025879,31.08829689025879,31.08829689025879,31.08829689025879,31.08829689025879,0
2012-10-17,31.08829689025879,31.08829689025879,31.08829689025879,31.08829689025879,31.08829689025879,0
2012-10-18,31.658111572265625,31.69404411315918,31.658111572265625,31.69404411315918,31.69404411315918,1169
2012-10-19,31.8223819732666,31.98151969909668,31.8223819732666,31.98151969909668,31.98151969909668,974
2012-10-22,31.98151969909668,31.98151969909668,31.98151969909668,31.98151969909668,31.98151969909668,0
2012-10-23,31.98151969909668,31.98151969909668,31.98151969909668,31.98151969909668,31.98151969909668,0
2012-10-24,31.98151969909668,31.98151969909668,31.98151969909668,31.98151969909668,31.98151969909668,0
2012-10-25,31.278234481811523,31.278234481811523,31.278234481811523,31.278234481811523,31.278234481811523,195
2012-10-26,31.32956886291504,31.32956886291504,31.32956886291504,31.32956886291504,31.32956886291504,584
2012-10-31,31.32956886291504,31.32956886291504,31.32956886291504,31.32956886291504,31.32956886291504,0
2012-11-01,31.32956886291504,31.32956886291504,31.32956886291504,31.32956886291504,31.32956886291504,0
2012-11-02,31.32956886291504,31.32956886291504,31.32956886291504,31.32956886291504,31.32956886291504,0
2012-11-05,31.32956886291504,31.32956886291504,31.32956886291504,31.32956886291504,31.32956886291504,0
2012-11-06,31.32956886291504,31.32956886291504,31.32956886291504,31.32956886291504,31.32956886291504,0
2012-11-07,31.32956886291504,31.32956886291504,31.32956886291504,31.32956886291504,31.32956886291504,0
2012-11-08,31.32956886291504,31.32956886291504,31.32956886291504,31.32956886291504,31.32956886291504,0
2012-11-09,31.32956886291504,31.32956886291504,31.32956886291504,31.32956886291504,31.32956886291504,0
2012-11-12,31.32956886291504,31.32956886291504,31.32956886291504,31.32956886291504,31.32956886291504,0
2012-11-13,31.32956886291504,31.32956886291504,31.32956886291504,31.32956886291504,31.32956886291504,0
2012-11-14,31.32956886291504,31.32956886291504,31.32956886291504,31.32956886291504,31.32956886291504,0
2012-11-15,28.54722785949707,28.54722785949707,28.521560668945312,28.521560668945312,28.521560668945312,390
2012-11-16,28.8501033782959,28.8501033782959,28.82956886291504,28.8501033782959,28.8501033782959,3701
2012-11-19,28.8501033782959,28.8501033782959,28.8501033782959,28.8501033782959,28.8501033782959,0
2012-11-20,29.455852508544922,29.455852508544922,29.455852508544922,29.455852508544922,29.455852508544922,390
2012-11-21,29.455852508544922,29.455852508544922,29.455852508544922,29.455852508544922,29.455852508544922,0
2012-11-23,29.455852508544922,29.455852508544922,29.455852508544922,29.455852508544922,29.455852508544922,0
2012-11-26,29.455852508544922,29.455852508544922,29.455852508544922,29.455852508544922,29.455852508544922,0
2012-11-27,29.455852508544922,29.455852508544922,29.455852508544922,29.455852508544922,29.455852508544922,0
2012-11-28,29.281314849853516,29.3223819732666,29.265914916992188,29.265914916992188,29.265914916992188,584
2012-11-29,29.265914916992188,29.265914916992188,29.265914916992188,29.265914916992188,29.265914916992188,0
2012-11-30,29.265914916992188,29.265914916992188,29.265914916992188,29.265914916992188,29.265914916992188,0
2012-12-03,29.74332618713379,29.74332618713379,29.74332618713379,29.74332618713379,29.74332618713379,195
2012-12-04,29.74332618713379,29.74332618713379,29.74332618713379,29.74332618713379,29.74332618713379,0
2012-12-05,29.419918060302734,30.349075317382812,29.419918060302734,30.349075317382812,30.349075317382812,974
2012-12-06,30.349075317382812,30.349075317382812,30.349075317382812,30.349075317382812,30.349075317382812,0
2012-12-07,30.718685150146484,30.718685150146484,30.718685150146484,30.718685150146484,30.718685150146484,195
2012-12-10,30.718685150146484,30.718685150146484,30.718685150146484,30.718685150146484,30.718685150146484,0
2012-12-11,30.959959030151367,30.959959030151367,30.959959030151367,30.959959030151367,30.959959030151367,584
2012-12-12,30.959959030151367,30.959959030151367,30.959959030151367,30.959959030151367,30.959959030151367,0
2012-12-13,30.959959030151367,30.959959030151367,30.959959030151367,30.959959030151367,30.959959030151367,0
2012-12-14,30.959959030151367,30.959959030151367,30.959959030151367,30.959959030151367,30.959959030151367,0
2012-12-17,30.959959030151367,30.959959030151367,30.959959030151367,30.959959030151367,30.959959030151367,0
2012-12-18,31.560575485229492,31.560575485229492,31.560575485229492,31.560575485229492,31.560575485229492,390
2012-12-19,32.36653137207031,32.36653137207031,32.36653137207031,32.36653137207031,32.36653137207031,584
2012-12-20,32.36653137207031,32.36653137207031,32.36653137207031,32.36653137207031,32.36653137207031,0
2012-12-21,31.637577056884766,32.23819351196289,31.622177124023438,31.806982040405273,31.806982040405273,12078
2012-12-24,31.806982040405273,31.806982040405273,31.806982040405273,31.806982040405273,31.806982040405273,0
2012-12-26,31.617042541503906,31.617042541503906,31.617042541503906,31.617042541503906,31.617042541503906,390
2012-12-27,31.257699966430664,31.81724739074707,31.257699966430664,31.81724739074707,31.81724739074707,10714
2012-12-28,31.81724739074707,31.81724739074707,31.81724739074707,31.81724739074707,31.81724739074707,0
2012-12-31,31.98151969909668,32.25872802734375,31.98151969909668,32.23819351196289,32.23819351196289,24545
2013-01-02,33.18788528442383,33.203285217285156,33.00307846069336,33.177616119384766,33.177616119384766,3117
2013-01-03,33.177616119384766,33.177616119384766,33.177616119384766,33.177616119384766,33.177616119384766,0
2013-01-04,33.177616119384766,33.177616119384766,33.177616119384766,33.177616119384766,33.177616119384766,0
2013-01-07,33.177616119384766,33.177616119384766,33.177616119384766,33.177616119384766,33.177616119384766,0
2013-01-08,33.177616119384766,33.177616119384766,33.177616119384766,33.177616119384766,33.177616119384766,0
2013-01-09,33.177616119384766,33.177616119384766,33.177616119384766,33.177616119384766,33.177616119384766,0
2013-01-10,33.177616119384766,33.177616119384766,33.177616119384766,33.177616119384766,33.177616119384766,0
2013-01-11,33.177616119384766,33.177616119384766,33.177616119384766,33.177616119384766,33.177616119384766,0
2013-01-14,34.117042541503906,34.117042541503906,34.06570816040039,34.06570816040039,34.06570816040039,779
2013-01-15,34.06570816040039,34.06570816040039,34.06570816040039,34.06570816040039,34.06570816040039,0
2013-01-16,34.06570816040039,34.06570816040039,34.06570816040039,34.06570816040039,34.06570816040039,0
2013-01-17,34.743324279785156,34.743324279785156,34.743324279785156,34.743324279785156,34.743324279785156,1169
2013-01-18,35.2002067565918,35.2002067565918,35.2002067565918,35.2002067565918,35.2002067565918,195
2013-01-22,34.9024658203125,34.9024658203125,34.9024658203125,34.9024658203125,34.9024658203125,6818
2013-01-23,34.9024658203125,34.9024658203125,34.9024658203125,34.9024658203125,34.9024658203125,0
2013-01-24,34.9024658203125,34.9024658203125,34.9024658203125,34.9024658203125,34.9024658203125,0
2013-01-25,34.9024658203125,34.9024658203125,34.9024658203125,34.9024658203125,34.9024658203125,0
2013-01-28,35.2874755859375,35.456878662109375,35.2874755859375,35.456878662109375,35.456878662109375,584
2013-01-29,35.456878662109375,35.456878662109375,35.456878662109375,35.456878662109375,35.456878662109375,0
2013-01-30,35.456878662109375,35.456878662109375,35.456878662109375,35.456878662109375,35.456878662109375,0
2013-01-31,35.04106903076172,35.04106903076172,35.04106903076172,35.04106903076172,35.04106903076172,195
2013-02-01,36.00102615356445,36.0472297668457,36.00102615356445,36.0472297668457,36.0472297668457,1169
2013-02-04,36.011295318603516,36.06262969970703,35.93429183959961,35.93429183959961,35.93429183959961,1558
2013-02-05,34.73819351196289,34.85112762451172,34.640655517578125,34.85112762451172,34.85112762451172,1558
2013-02-06,33.29055404663086,33.93737030029297,32.90040969848633,33.93737030029297,33.93737030029297,14026
2013-02-07,34.46611785888672,35.11293411254883,34.46611785888672,34.83572769165039,34.83572769165039,2922
2013-02-08,34.49692153930664,34.63039016723633,34.49692153930664,34.63039016723633,34.63039016723633,584
2013-02-11,34.548255920410156,34.548255920410156,34.548255920410156,34.548255920410156,34.548255920410156,195
2013-02-12,34.548255920410156,34.548255920410156,34.548255920410156,34.548255920410156,34.548255920410156,0
2013-02-13,34.36858367919922,34.36858367919922,34.36858367919922,34.36858367919922,34.36858367919922,1948
2013-02-14,34.09137725830078,34.09137725830078,34.09137725830078,34.09137725830078,34.09137725830078,195
2013-02-15,34.09137725830078,34.09137725830078,34.09137725830078,34.09137725830078,34.09137725830078,0
2013-02-19,33.31108856201172,33.31108856201172,33.31108856201172,33.31108856201172,33.31108856201172,195
2013-02-20,33.300819396972656,33.300819396972656,33.300819396972656,33.300819396972656,33.300819396972656,195
2013-02-21,32.82854080200195,32.90040969848633,32.818275451660156,32.90040969848633,32.90040969848633,1558
2013-02-22,32.60780334472656,32.60780334472656,32.60780334472656,32.60780334472656,32.60780334472656,390
2013-02-25,33.19301986694336,33.485626220703125,32.859344482421875,33.459957122802734,33.459957122802734,1948
2013-02-26,33.459957122802734,33.459957122802734,33.459957122802734,33.459957122802734,33.459957122802734,0
2013-02-27,34.73305892944336,34.789527893066406,34.73305892944336,34.789527893066406,34.789527893066406,390
2013-02-28,35.22073745727539,35.28234100341797,35.05646896362305,35.28234100341797,35.28234100341797,584
2013-03-01,35.28234100341797,35.28234100341797,35.28234100341797,35.28234100341797,35.28234100341797,0
2013-03-04,35.28234100341797,35.28234100341797,35.28234100341797,35.28234100341797,35.28234100341797,0
2013-03-05,35.28234100341797,35.28234100341797,35.28234100341797,35.28234100341797,35.28234100341797,0
2013-03-06,35.28234100341797,35.28234100341797,35.28234100341797,35.28234100341797,35.28234100341797,0
2013-03-07,35.28234100341797,35.28234100341797,35.28234100341797,35.28234100341797,35.28234100341797,0
2013-03-08,36.60677719116211,36.60677719116211,36.60677719116211,36.60677719116211,36.60677719116211,584
2013-03-11,36.60677719116211,36.60677719116211,36.60677719116211,36.60677719116211,36.60677719116211,0
2013-03-12,36.60677719116211,36.60677719116211,36.60677719116211,36.60677719116211,36.60677719116211,0
2013-03-13,36.60677719116211,36.60677719116211,36.60677719116211,36.60677719116211,36.60677719116211,0
2013-03-14,36.60677719116211,36.60677719116211,36.60677719116211,36.60677719116211,36.60677719116211,0
2013-03-15,35.51334762573242,35.55441665649414,35.092403411865234,35.092403411865234,35.092403411865234,2143
2013-03-18,35.10780334472656,35.10780334472656,35.08213424682617,35.08213424682617,35.08213424682617,1364
2013-03-19,35.50307846069336,35.50307846069336,35.50307846069336,35.50307846069336,35.50307846069336,390
2013-03-20,34.85626220703125,35.718685150146484,34.789527893066406,35.56981658935547,35.56981658935547,2143
2013-03-21,35.56981658935547,35.56981658935547,35.56981658935547,35.56981658935547,35.56981658935547,0
2013-03-22,35.56981658935547,35.56981658935547,35.56981658935547,35.56981658935547,35.56981658935547,0
2013-03-25,35.56981658935547,35.56981658935547,35.56981658935547,35.56981658935547,35.56981658935547,0
2013-03-26,36.70431137084961,36.70431137084961,36.67351150512695,36.678646087646484,36.678646087646484,584
2013-03-27,36.678646087646484,36.678646087646484,36.678646087646484,36.678646087646484,36.678646087646484,0
2013-03-28,36.678646087646484,36.678646087646484,36.678646087646484,36.678646087646484,36.678646087646484,0
2013-04-01,36.678646087646484,36.678646087646484,36.678646087646484,36.678646087646484,36.678646087646484,0
2013-04-02,36.678646087646484,36.678646087646484,36.678646087646484,36.678646087646484,36.678646087646484,0
2013-04-03,38.56262969970703,38.56262969970703,38.56262969970703,38.56262969970703,38.56262969970703,779
2013-04-04,38.56262969970703,38.56262969970703,38.56262969970703,38.56262969970703,38.56262969970703,0
2013-04-05,38.56262969970703,38.56262969970703,38.56262969970703,38.56262969970703,38.56262969970703,0
2013-04-08,38.56262969970703,38.56262969970703,38.56262969970703,38.56262969970703,38.56262969970703,0
2013-04-09,38.56262969970703,38.56262969970703,38.56262969970703,38.56262969970703,38.56262969970703,0
2013-04-10,38.56262969970703,38.56262969970703,38.56262969970703,38.56262969970703,38.56262969970703,0
2013-04-11,38.56262969970703,38.56262969970703,38.56262969970703,38.56262969970703,38.56262969970703,0
2013-04-12,38.5574951171875,38.5574951171875,38.51642608642578,38.51642608642578,38.51642608642578,584
2013-04-15,38.51642608642578,38.51642608642578,38.51642608642578,38.51642608642578,38.51642608642578,0
2013-04-16,38.14681625366211,38.14681625366211,37.8952751159668,38.11601638793945,38.11601638793945,1948
2013-04-17,37.66427230834961,37.66427230834961,37.66427230834961,37.66427230834961,37.66427230834961,390
2013-04-18,37.66427230834961,37.66427230834961,37.66427230834961,37.66427230834961,37.66427230834961,0
2013-04-19,37.66427230834961,37.66427230834961,37.66427230834961,37.66427230834961,37.66427230834961,0
2013-04-22,37.66427230834961,37.66427230834961,37.66427230834961,37.66427230834961,37.66427230834961,0
2013-04-23,37.66427230834961,37.66427230834961,37.66427230834961,37.66427230834961,37.66427230834961,0
2013-04-24,37.66427230834961,37.66427230834961,37.66427230834961,37.66427230834961,37.66427230834961,0
2013-04-25,37.66427230834961,37.66427230834961,37.66427230834961,37.66427230834961,37.66427230834961,0
2013-04-26,37.66427230834961,37.66427230834961,37.66427230834961,37.66427230834961,37.66427230834961,0
2013-04-29,37.66427230834961,37.66427230834961,37.66427230834961,37.66427230834961,37.66427230834961,0
2013-04-30,37.66427230834961,37.66427230834961,37.66427230834961,37.66427230834961,37.66427230834961,0
2013-05-01,37.66427230834961,37.66427230834961,37.66427230834961,37.66427230834961,37.66427230834961,0
2013-05-02,37.982547760009766,38.06468200683594,37.982547760009766,38.06468200683594,38.06468200683594,2922
2013-05-03,38.06468200683594,38.06468200683594,38.06468200683594,38.06468200683594,38.06468200683594,0
2013-05-06,38.06468200683594,38.06468200683594,38.06468200683594,38.06468200683594,38.06468200683594,0
2013-05-07,38.06468200683594,38.06468200683594,38.06468200683594,38.06468200683594,38.06468200683594,0
2013-05-08,38.06468200683594,38.06468200683594,38.06468200683594,38.06468200683594,38.06468200683594,0
2013-05-09,38.916839599609375,39.55852127075195,38.916839599609375,39.55852127075195,39.55852127075195,1364
2013-05-10,39.55852127075195,39.55852127075195,39.55852127075195,39.55852127075195,39.55852127075195,0
2013-05-13,39.55852127075195,39.55852127075195,39.55852127075195,39.55852127075195,39.55852127075195,0
2013-05-14,39.55852127075195,39.55852127075195,39.55852127075195,39.55852127075195,39.55852127075195,0
2013-05-15,39.5277214050293,39.5277214050293,39.47125244140625,39.47125244140625,39.47125244140625,974
2013-05-16,39.47125244140625,39.47125244140625,39.47125244140625,39.47125244140625,39.47125244140625,0
2013-05-17,39.47125244140625,39.47125244140625,39.47125244140625,39.47125244140625,39.47125244140625,0
2013-05-20,39.47125244140625,39.47125244140625,39.47125244140625,39.47125244140625,39.47125244140625,0
2013-05-21,39.47125244140625,39.47125244140625,39.47125244140625,39.47125244140625,39.47125244140625,0
2013-05-22,39.09650802612305,39.09650802612305,39.09650802612305,39.09650802612305,39.09650802612305,584
2013-05-23,39.09650802612305,39.09650802612305,39.09650802612305,39.09650802612305,39.09650802612305,0
2013-05-24,39.09650802612305,39.09650802612305,39.09650802612305,39.09650802612305,39.09650802612305,0
2013-05-28,39.537986755371094,39.537986755371094,38.8552360534668,38.90143585205078,38.90143585205078,584
2013-05-29,38.239219665527344,38.239219665527344,38.23408508300781,38.23408508300781,38.23408508300781,390
2013-05-30,38.23408508300781,38.23408508300781,38.23408508300781,38.23408508300781,38.23408508300781,0
2013-05-31,38.23408508300781,38.23408508300781,38.23408508300781,38.23408508300781,38.23408508300781,0
2013-06-03,38.23408508300781,38.23408508300781,38.23408508300781,38.23408508300781,38.23408508300781,0
2013-06-04,38.23408508300781,38.23408508300781,38.23408508300781,38.23408508300781,38.23408508300781,0
2013-06-05,37.53593444824219,37.53593444824219,37.53593444824219,37.53593444824219,37.53593444824219,195
2013-06-06,37.35112762451172,37.35112762451172,37.35112762451172,37.35112762451172,37.35112762451172,779
2013-06-07,37.35112762451172,37.35112762451172,37.35112762451172,37.35112762451172,37.35112762451172,0
2013-06-10,37.92094421386719,37.977413177490234,37.838809967041016,37.838809967041016,37.838809967041016,6234
2013-06-11,37.710472106933594,38.03388214111328,37.63860321044922,37.8747444152832,37.8747444152832,4870
2013-06-12,37.8747444152832,37.8747444152832,37.8747444152832,37.8747444152832,37.8747444152832,0
2013-06-13,37.8747444152832,37.8747444152832,37.8747444152832,37.8747444152832,37.8747444152832,0
2013-06-14,37.8747444152832,37.8747444152832,37.8747444152832,37.8747444152832,37.8747444152832,0
2013-06-17,38.11601638793945,38.11601638793945,36.58624267578125,36.58624267578125,36.58624267578125,974
2013-06-18,36.58624267578125,36.58624267578125,36.58624267578125,36.58624267578125,36.58624267578125,0
2013-06-19,36.44763946533203,36.44763946533203,36.44763946533203,36.44763946533203,36.44763946533203,195
2013-06-20,37.043121337890625,37.043121337890625,37.043121337890625,37.043121337890625,37.043121337890625,195
2013-06-21,37.043121337890625,37.043121337890625,37.043121337890625,37.043121337890625,37.043121337890625,0
2013-06-24,37.043121337890625,37.043121337890625,37.043121337890625,37.043121337890625,37.043121337890625,0
2013-06-25,37.043121337890625,37.043121337890625,37.043121337890625,37.043121337890625,37.043121337890625,0
2013-06-26,37.043121337890625,37.043121337890625,37.043121337890625,37.043121337890625,37.043121337890625,0
2013-06-27,37.043121337890625,37.043121337890625,37.043121337890625,37.043121337890625,37.043121337890625,0
2013-06-28,37.043121337890625,37.043121337890625,37.043121337890625,37.043121337890625,37.043121337890625,0
2013-07-01,37.043121337890625,37.043121337890625,37.043121337890625,37.043121337890625,37.043121337890625,0
2013-07-02,37.043121337890625,37.043121337890625,37.043121337890625,37.043121337890625,37.043121337890625,0
2013-07-03,39.548255920410156,39.57392120361328,39.548255920410156,39.57392120361328,39.57392120361328,390
2013-07-05,39.57392120361328,39.57392120361328,39.57392120361328,39.57392120361328,39.57392120361328,0
2013-07-08,39.57392120361328,39.57392120361328,39.57392120361328,39.57392120361328,39.57392120361328,0
2013-07-09,39.57392120361328,39.57392120361328,39.57392120361328,39.57392120361328,39.57392120361328,0
2013-07-10,39.57392120361328,39.57392120361328,39.57392120361328,39.57392120361328,39.57392120361328,0
2013-07-11,40.48767852783203,40.48767852783203,40.48767852783203,40.48767852783203,40.48767852783203,195
2013-07-12,40.48767852783203,40.48767852783203,40.48767852783203,40.48767852783203,40.48767852783203,974
2013-07-15,40.48767852783203,40.48767852783203,40.48767852783203,40.48767852783203,40.48767852783203,0
2013-07-16,40.48767852783203,40.48767852783203,40.48767852783203,40.48767852783203,40.48767852783203,0
2013-07-17,41.33470153808594,41.33470153808594,41.33470153808594,41.33470153808594,41.33470153808594,390
2013-07-18,41.33470153808594,41.33470153808594,41.33470153808594,41.33470153808594,41.33470153808594,0
2013-07-19,41.33470153808594,41.33470153808594,41.33470153808594,41.33470153808594,41.33470153808594,0
2013-07-22,41.33470153808594,41.33470153808594,41.33470153808594,41.33470153808594,41.33470153808594,0
2013-07-23,41.95585250854492,41.95585250854492,41.95585250854492,41.95585250854492,41.95585250854492,584
2013-07-24,41.95585250854492,41.95585250854492,41.95585250854492,41.95585250854492,41.95585250854492,0
2013-07-25,41.95585250854492,41.95585250854492,41.95585250854492,41.95585250854492,41.95585250854492,0
2013-07-26,41.95585250854492,41.95585250854492,41.95585250854492,41.95585250854492,41.95585250854492,0
2013-07-29,41.95585250854492,41.95585250854492,41.95585250854492,41.95585250854492,41.95585250854492,0
2013-07-30,41.1447639465332,41.47843933105469,41.1447639465332,41.47843933105469,41.47843933105469,1753
2013-07-31,41.85318374633789,41.85318374633789,41.85318374633789,41.85318374633789,41.85318374633789,584
2013-08-01,41.66324234008789,41.66324234008789,41.66324234008789,41.66324234008789,41.66324234008789,779
2013-08-02,40.83675765991211,40.83675765991211,40.83675765991211,40.83675765991211,40.83675765991211,195
2013-08-05,40.83675765991211,40.83675765991211,40.83675765991211,40.83675765991211,40.83675765991211,0
2013-08-06,40.83675765991211,40.83675765991211,40.83675765991211,40.83675765991211,40.83675765991211,0
2013-08-07,40.83675765991211,40.83675765991211,40.83675765991211,40.83675765991211,40.83675765991211,0
2013-08-08,40.83675765991211,40.83675765991211,40.83675765991211,40.83675765991211,40.83675765991211,0
2013-08-09,41.03696060180664,41.03696060180664,40.63655090332031,40.63655090332031,40.63655090332031,1169
2013-08-12,40.63655090332031,40.63655090332031,40.63655090332031,40.63655090332031,40.63655090332031,0
2013-08-13,40.12833786010742,40.12833786010742,40.12833786010742,40.12833786010742,40.12833786010742,195
2013-08-14,40.12833786010742,40.12833786010742,40.12833786010742,40.12833786010742,40.12833786010742,0
2013-08-15,40.12833786010742,40.12833786010742,40.12833786010742,40.12833786010742,40.12833786010742,0
2013-08-16,40.12833786010742,40.12833786010742,40.12833786010742,40.12833786010742,40.12833786010742,0
2013-08-19,38.732032775878906,38.80903625488281,38.35215759277344,38.35215759277344,38.35215759277344,1948
2013-08-20,38.29055404663086,38.69609832763672,38.29055404663086,38.69609832763672,38.69609832763672,1169
2013-08-21,38.726898193359375,38.80390167236328,38.511295318603516,38.80390167236328,38.80390167236328,1364
2013-08-22,38.80390167236328,38.80390167236328,38.80390167236328,38.80390167236328,38.80390167236328,0
2013-08-23,39.3275146484375,39.3275146484375,39.22484588623047,39.22484588623047,39.22484588623047,390
2013-08-26,39.36858367919922,39.36858367919922,39.36858367919922,39.36858367919922,39.36858367919922,390
2013-08-27,38.79876708984375,38.79876708984375,38.79876708984375,38.79876708984375,38.79876708984375,195
2013-08-28,38.79876708984375,38.79876708984375,38.79876708984375,38.79876708984375,38.79876708984375,0
2013-08-29,40.385009765625,40.385009765625,40.385009765625,40.385009765625,40.385009765625,1753
2013-08-30,40.385009765625,40.385009765625,40.385009765625,40.385009765625,40.385009765625,0
2013-09-03,40.071868896484375,40.3747444152832,40.071868896484375,40.3747444152832,40.3747444152832,2338
2013-09-04,40.97536087036133,40.97536087036133,40.744354248046875,40.744354248046875,40.744354248046875,584
2013-09-05,40.27207565307617,40.27207565307617,40.26180648803711,40.26694107055664,40.26694107055664,584
2013-09-06,40.26694107055664,40.26694107055664,40.26694107055664,40.26694107055664,40.26694107055664,0
2013-09-09,40.26694107055664,40.26694107055664,40.26694107055664,40.26694107055664,40.26694107055664,0
2013-09-10,39.72279357910156,39.72279357910156,39.72279357910156,39.72279357910156,39.72279357910156,974
2013-09-11,39.72279357910156,39.72279357910156,39.72279357910156,39.72279357910156,39.72279357910156,0
2013-09-12,39.72279357910156,39.72279357910156,39.72279357910156,39.72279357910156,39.72279357910156,0
2013-09-13,39.72279357910156,39.72279357910156,39.72279357910156,39.72279357910156,39.72279357910156,0
2013-09-16,39.72279357910156,39.72279357910156,39.72279357910156,39.72279357910156,39.72279357910156,0
2013-09-17,39.72279357910156,39.72279357910156,39.72279357910156,39.72279357910156,39.72279357910156,0
2013-09-18,40.55441665649414,40.55441665649414,40.55441665649414,40.55441665649414,40.55441665649414,584
2013-09-19,40.55441665649414,40.55441665649414,40.55441665649414,40.55441665649414,40.55441665649414,0
2013-09-20,40.61601638793945,40.61601638793945,40.61601638793945,40.61601638793945,40.61601638793945,195
2013-09-23,40.61601638793945,40.61601638793945,40.61601638793945,40.61601638793945,40.61601638793945,0
2013-09-24,40.236141204833984,40.236141204833984,40.236141204833984,40.236141204833984,40.236141204833984,195
2013-09-25,40.236141204833984,40.236141204833984,40.236141204833984,40.236141204833984,40.236141204833984,0
2013-09-26,40.236141204833984,40.236141204833984,40.236141204833984,40.236141204833984,40.236141204833984,0
2013-09-27,40.236141204833984,40.236141204833984,40.236141204833984,40.236141204833984,40.236141204833984,0
2013-09-30,40.56468200683594,40.56468200683594,40.56468200683594,40.56468200683594,40.56468200683594,390
2013-10-01,40.56468200683594,40.56468200683594,40.56468200683594,40.56468200683594,40.56468200683594,0
2013-10-02,40.56468200683594,40.56468200683594,40.56468200683594,40.56468200683594,40.56468200683594,0
2013-10-03,40.56468200683594,40.56468200683594,40.56468200683594,40.56468200683594,40.56468200683594,0
2013-10-04,40.56468200683594,40.56468200683594,40.56468200683594,40.56468200683594,40.56468200683594,0
2013-10-07,40.56468200683594,40.56468200683594,40.56468200683594,40.56468200683594,40.56468200683594,0
2013-10-08,40.56468200683594,40.56468200683594,40.56468200683594,40.56468200683594,40.56468200683594,0
2013-10-09,40.56468200683594,40.56468200683594,40.56468200683594,40.56468200683594,40.56468200683594,0
2013-10-10,40.56468200683594,40.56468200683594,40.56468200683594,40.56468200683594,40.56468200683594,0
2013-10-11,40.56468200683594,40.56468200683594,40.56468200683594,40.56468200683594,40.56468200683594,0
2013-10-14,40.56468200683594,40.56468200683594,40.56468200683594,40.56468200683594,40.56468200683594,0
2013-10-15,40.56468200683594,40.56468200683594,40.56468200683594,40.56468200683594,40.56468200683594,0
2013-10-16,40.56468200683594,40.56468200683594,40.56468200683594,40.56468200683594,40.56468200683594,0
2013-10-17,40.56468200683594,40.56468200683594,40.56468200683594,40.56468200683594,40.56468200683594,0
2013-10-18,40.56468200683594,40.56468200683594,40.56468200683594,40.56468200683594,40.56468200683594,0
2013-10-21,40.56468200683594,40.56468200683594,40.56468200683594,40.56468200683594,40.56468200683594,0
2013-10-22,40.56468200683594,40.56468200683594,40.56468200683594,40.56468200683594,40.56468200683594,0
2013-10-23,40.56468200683594,40.56468200683594,40.56468200683594,40.56468200683594,40.56468200683594,0
2013-10-24,40.56468200683594,40.56468200683594,40.56468200683594,40.56468200683594,40.56468200683594,0
2013-10-25,40.56468200683594,40.56468200683594,40.56468200683594,40.56468200683594,40.56468200683594,0
2013-10-28,40.56468200683594,40.56468200683594,40.56468200683594,40.56468200683594,40.56468200683594,0
2013-10-29,40.56468200683594,40.56468200683594,40.56468200683594,40.56468200683594,40.56468200683594,0
2013-10-30,40.56468200683594,40.56468200683594,40.56468200683594,40.56468200683594,40.56468200683594,0
2013-10-31,40.30287551879883,40.30287551879883,40.2977409362793,40.2977409362793,40.2977409362793,779
2013-11-01,40.2977409362793,40.2977409362793,40.2977409362793,40.2977409362793,40.2977409362793,0
2013-11-04,39.67145919799805,39.67145919799805,39.67145919799805,39.67145919799805,39.67145919799805,195
2013-11-05,39.67145919799805,39.67145919799805,39.67145919799805,39.67145919799805,39.67145919799805,0
2013-11-06,40.462013244628906,41.81211471557617,40.462013244628906,41.46303939819336,41.46303939819336,13636
2013-11-07,41.02156066894531,41.0472297668457,41.02156066894531,41.0472297668457,41.0472297668457,779
2013-11-08,41.0472297668457,41.0472297668457,41.0472297668457,41.0472297668457,41.0472297668457,0
2013-11-11,41.0472297668457,41.0472297668457,41.0472297668457,41.0472297668457,41.0472297668457,0
2013-11-12,41.0472297668457,41.0472297668457,41.0472297668457,41.0472297668457,41.0472297668457,0
2013-11-13,41.0472297668457,41.0472297668457,41.0472297668457,41.0472297668457,41.0472297668457,0
2013-11-14,41.088294982910156,41.103694915771484,41.088294982910156,41.103694915771484,41.103694915771484,584
2013-11-15,41.32957077026367,41.32957077026367,41.32957077026367,41.32957077026367,41.32957077026367,195
2013-11-18,41.273101806640625,41.273101806640625,41.273101806640625,41.273101806640625,41.273101806640625,195
2013-11-19,40.862422943115234,40.862422943115234,40.862422943115234,40.862422943115234,40.862422943115234,195
2013-11-20,40.862422943115234,40.862422943115234,40.862422943115234,40.862422943115234,40.862422943115234,0
2013-11-21,40.862422943115234,40.862422943115234,40.862422943115234,40.862422943115234,40.862422943115234,0
2013-11-22,40.862422943115234,40.862422943115234,40.862422943115234,40.862422943115234,40.862422943115234,0
2013-11-25,42.792606353759766,42.792606353759766,42.66427230834961,42.66427230834961,42.66427230834961,2922
2013-11-26,42.78234100341797,42.78234100341797,42.78234100341797,42.78234100341797,42.78234100341797,195
2013-11-27,43.93737030029297,43.93737030029297,43.506160736083984,43.506160736083984,43.506160736083984,390
2013-11-29,44.132442474365234,44.132442474365234,43.82957077026367,43.82957077026367,43.82957077026367,9740
2013-12-02,43.80903625488281,43.80903625488281,43.80903625488281,43.80903625488281,43.80903625488281,1753
2013-12-03,43.90657043457031,43.90657043457031,43.13655090332031,43.13655090332031,43.13655090332031,4091
2013-12-04,43.33675765991211,43.33675765991211,42.833675384521484,42.833675384521484,42.833675384521484,7597
2013-12-05,42.62320327758789,43.09034729003906,42.62320327758789,43.09034729003906,43.09034729003906,8961
2013-12-06,43.588294982910156,43.6447639465332,41.514373779296875,43.6447639465332,43.6447639465332,23766
2013-12-09,43.973304748535156,44.235111236572266,43.93737030029297,43.93737030029297,43.93737030029297,1364
2013-12-10,43.97843933105469,43.97843933105469,43.875770568847656,43.875770568847656,43.875770568847656,584
2013-12-11,44.40965270996094,44.40965270996094,43.82443618774414,43.82443618774414,43.82443618774414,1558
2013-12-12,43.67556381225586,43.67556381225586,43.05441665649414,43.05441665649414,43.05441665649414,3701
2013-12-13,43.3572883605957,43.3572883605957,43.3572883605957,43.3572883605957,43.3572883605957,390
2013-12-16,43.3572883605957,43.3572883605957,43.3572883605957,43.3572883605957,43.3572883605957,0
2013-12-17,43.37782287597656,43.37782287597656,43.37782287597656,43.37782287597656,43.37782287597656,390
2013-12-18,43.44969177246094,43.44969177246094,43.44969177246094,43.44969177246094,43.44969177246094,390
2013-12-19,43.44969177246094,43.44969177246094,43.44969177246094,43.44969177246094,43.44969177246094,0
2013-12-20,43.44969177246094,43.44969177246094,43.44969177246094,43.44969177246094,43.44969177246094,0
2013-12-23,44.20431137084961,44.20431137084961,44.20431137084961,44.20431137084961,44.20431137084961,390
2013-12-24,44.20431137084961,44.20431137084961,44.20431137084961,44.20431137084961,44.20431137084961,0
2013-12-26,44.666324615478516,44.7125244140625,44.63039016723633,44.7125244140625,44.7125244140625,1558
2013-12-27,45.41067886352539,45.41067886352539,45.41067886352539,45.41067886352539,45.41067886352539,195
2013-12-30,45.53388214111328,45.53388214111328,45.53388214111328,45.53388214111328,45.53388214111328,390
2013-12-31,45.308006286621094,45.308006286621094,45.308006286621094,45.308006286621094,45.308006286621094,195
2014-01-02,45.32341003417969,45.32341003417969,45.318275451660156,45.318275451660156,45.318275451660156,3896
2014-01-03,45.318275451660156,45.318275451660156,45.318275451660156,45.318275451660156,45.318275451660156,0
2014-01-06,45.318275451660156,45.318275451660156,45.318275451660156,45.318275451660156,45.318275451660156,0
2014-01-07,45.318275451660156,45.318275451660156,45.318275451660156,45.318275451660156,45.318275451660156,0
2014-01-08,45.318275451660156,45.318275451660156,45.318275451660156,45.318275451660156,45.318275451660156,0
2014-01-09,45.318275451660156,45.318275451660156,45.318275451660156,45.318275451660156,45.318275451660156,0
2014-01-10,45.318275451660156,45.318275451660156,45.318275451660156,45.318275451660156,45.318275451660156,0
2014-01-13,46.18583297729492,46.18583297729492,46.18583297729492,46.18583297729492,46.18583297729492,779
2014-01-14,46.18583297729492,46.18583297729492,46.18583297729492,46.18583297729492,46.18583297729492,0
2014-01-15,46.18583297729492,46.18583297729492,46.18583297729492,46.18583297729492,46.18583297729492,0
2014-01-16,45.477413177490234,45.477413177490234,45.477413177490234,45.477413177490234,45.477413177490234,195
2014-01-17,45.477413177490234,45.477413177490234,45.477413177490234,45.477413177490234,45.477413177490234,0
2014-01-21,45.477413177490234,45.477413177490234,45.477413177490234,45.477413177490234,45.477413177490234,0
2014-01-22,44.763858795166016,44.763858795166016,44.763858795166016,44.763858795166016,44.763858795166016,390
2014-01-23,44.763858795166016,44.763858795166016,44.763858795166016,44.763858795166016,44.763858795166016,0
2014-01-24,44.763858795166016,44.763858795166016,44.763858795166016,44.763858795166016,44.763858795166016,0
2014-01-27,41.85318374633789,42.09445571899414,41.66837692260742,41.83778381347656,41.83778381347656,5649
2014-01-28,41.83778381347656,41.83778381347656,41.83778381347656,41.83778381347656,41.83778381347656,0
2014-01-29,41.27823257446289,41.27823257446289,41.27823257446289,41.27823257446289,41.27823257446289,390
2014-01-30,40.6724853515625,41.473304748535156,40.6724853515625,41.473304748535156,41.473304748535156,584
2014-01-31,40.77515411376953,40.81108856201172,40.77515411376953,40.81108856201172,40.81108856201172,4286
2014-02-03,40.99589157104492,40.99589157104492,40.354209899902344,40.595481872558594,40.595481872558594,2532
2014-02-04,40.70841979980469,40.70841979980469,40.70841979980469,40.70841979980469,40.70841979980469,390
2014-02-05,41.01642608642578,41.16529846191406,40.93429183959961,40.965091705322266,40.965091705322266,1948
2014-02-06,41.58110809326172,41.58110809326172,41.58110809326172,41.58110809326172,41.58110809326172,195
2014-02-07,41.919918060302734,41.919918060302734,41.919918060302734,41.919918060302734,41.919918060302734,195
2014-02-10,41.919918060302734,41.919918060302734,41.919918060302734,41.919918060302734,41.919918060302734,0
2014-02-11,41.919918060302734,41.919918060302734,41.919918060302734,41.919918060302734,41.919918060302734,0
2014-02-12,42.792606353759766,42.82854080200195,42.792606353759766,42.82854080200195,42.82854080200195,1169
2014-02-13,42.82854080200195,42.82854080200195,42.82854080200195,42.82854080200195,42.82854080200195,0
2014-02-14,43.080081939697266,43.080081939697266,43.080081939697266,43.080081939697266,43.080081939697266,195
2014-02-18,43.03388214111328,45.2002067565918,43.03388214111328,45.2002067565918,45.2002067565918,6818
2014-02-19,45.12320327758789,45.78541946411133,44.322383880615234,44.322383880615234,44.322383880615234,6039
2014-02-20,44.85112762451172,44.85112762451172,44.6252555847168,44.76899337768555,44.76899337768555,974
2014-02-21,45.23100662231445,45.23100662231445,45.0975341796875,45.0975341796875,45.0975341796875,390
2014-02-24,44.91786575317383,44.91786575317383,44.45585250854492,44.584190368652344,44.584190368652344,974
2014-02-25,44.35318374633789,44.35318374633789,44.35318374633789,44.35318374633789,44.35318374633789,390
2014-02-26,43.57802963256836,43.77823257446289,43.40862274169922,43.77823257446289,43.77823257446289,1753
2014-02-27,43.27001953125,43.83983612060547,43.27001953125,43.83983612060547,43.83983612060547,4091
2014-02-28,43.83983612060547,43.83983612060547,43.83983612060547,43.83983612060547,43.83983612060547,0
2014-03-03,43.81416702270508,43.81416702270508,43.81416702270508,43.81416702270508,43.81416702270508,390
2014-03-04,44.34000015258789,44.88999938964844,43.5,43.560001373291016,43.560001373291016,5900
2014-03-05,44.31999969482422,44.31999969482422,42.900001525878906,43.43000030517578,43.43000030517578,1000
2014-03-06,43.119998931884766,44.04999923706055,43.119998931884766,44.0,44.0,6500
2014-03-07,44.0,44.0,44.0,44.0,44.0,0
2014-03-10,43.16999816894531,44.040000915527344,43.16999816894531,44.040000915527344,44.040000915527344,1700
2014-03-11,44.810001373291016,44.810001373291016,44.75,44.75,44.75,700
2014-03-12,44.70000076293945,45.31999969482422,44.189998626708984,44.189998626708984,44.189998626708984,400
2014-03-13,43.849998474121094,43.849998474121094,43.849998474121094,43.849998474121094,43.849998474121094,100
2014-03-14,43.849998474121094,43.849998474121094,43.849998474121094,43.849998474121094,43.849998474121094,0
2014-03-17,42.65999984741211,42.65999984741211,42.52000045776367,42.529998779296875,42.529998779296875,11800
2014-03-18,42.970001220703125,42.970001220703125,42.970001220703125,42.970001220703125,42.970001220703125,500
2014-03-19,42.970001220703125,42.970001220703125,42.970001220703125,42.970001220703125,42.970001220703125,0
2014-03-20,41.83000183105469,42.5099983215332,41.83000183105469,42.36000061035156,42.36000061035156,5500
2014-03-21,41.7400016784668,44.150001525878906,41.7400016784668,44.150001525878906,44.150001525878906,3000
2014-03-24,43.13999938964844,43.13999938964844,41.90999984741211,41.93000030517578,41.93000030517578,2500
2014-03-25,42.2599983215332,42.279998779296875,41.540000915527344,41.77000045776367,41.77000045776367,4300
2014-03-26,41.75,42.119998931884766,41.58000183105469,42.119998931884766,42.119998931884766,2600
2014-03-27,41.130001068115234,41.130001068115234,41.130001068115234,41.130001068115234,41.130001068115234,100
2014-03-28,41.130001068115234,41.130001068115234,41.130001068115234,41.130001068115234,41.130001068115234,300
2014-03-31,41.130001068115234,41.130001068115234,41.130001068115234,41.130001068115234,41.130001068115234,0
2014-04-01,41.70000076293945,41.779998779296875,41.70000076293945,41.70000076293945,41.70000076293945,300
2014-04-02,42.939998626708984,42.970001220703125,42.029998779296875,42.650001525878906,42.650001525878906,1100
2014-04-03,42.650001525878906,42.650001525878906,42.650001525878906,42.650001525878906,42.650001525878906,0
2014-04-04,42.459999084472656,42.459999084472656,42.459999084472656,42.459999084472656,42.459999084472656,200
2014-04-07,41.369998931884766,41.369998931884766,39.86000061035156,39.86000061035156,39.86000061035156,400
2014-04-08,39.849998474121094,39.849998474121094,39.5,39.5,39.5,800
2014-04-09,39.72999954223633,40.5,39.72999954223633,40.5,40.5,500
2014-04-10,40.36000061035156,41.150001525878906,39.849998474121094,39.849998474121094,39.849998474121094,1400
2014-04-11,39.68000030517578,39.68000030517578,39.68000030517578,39.68000030517578,39.68000030517578,100
2014-04-14,39.47999954223633,39.47999954223633,39.47999954223633,39.47999954223633,39.47999954223633,200
2014-04-15,40.08000183105469,40.15999984741211,38.459999084472656,40.15999984741211,40.15999984741211,2600
2014-04-16,40.15999984741211,40.15999984741211,40.15999984741211,40.15999984741211,40.15999984741211,0
2014-04-17,40.15999984741211,40.15999984741211,40.15999984741211,40.15999984741211,40.15999984741211,0
2014-04-21,40.15999984741211,40.15999984741211,40.15999984741211,40.15999984741211,40.15999984741211,0
2014-04-22,40.15999984741211,40.15999984741211,40.15999984741211,40.15999984741211,40.15999984741211,0
2014-04-23,40.15999984741211,40.15999984741211,40.15999984741211,40.15999984741211,40.15999984741211,0
2014-04-24,40.15999984741211,40.15999984741211,40.15999984741211,40.15999984741211,40.15999984741211,0
2014-04-25,40.099998474121094,40.099998474121094,40.099998474121094,40.099998474121094,40.099998474121094,100
2014-04-28,40.099998474121094,40.099998474121094,40.099998474121094,40.099998474121094,40.099998474121094,0
2014-04-29,40.099998474121094,40.099998474121094,40.099998474121094,40.099998474121094,40.099998474121094,0
2014-04-30,39.849998474121094,39.849998474121094,39.849998474121094,39.849998474121094,39.849998474121094,200
2014-05-01,40.529998779296875,41.279998779296875,40.529998779296875,41.279998779296875,41.279998779296875,400
2014-05-02,43.349998474121094,43.349998474121094,43.349998474121094,43.349998474121094,43.349998474121094,100
2014-05-05,43.43000030517578,44.02000045776367,43.43000030517578,44.02000045776367,44.02000045776367,400
2014-05-06,42.279998779296875,42.279998779296875,42.279998779296875,42.279998779296875,42.279998779296875,1000
2014-05-07,43.75,43.75,43.75,43.75,43.75,100
2014-05-08,44.13999938964844,44.13999938964844,43.310001373291016,43.310001373291016,43.310001373291016,700
2014-05-09,43.310001373291016,43.310001373291016,43.310001373291016,43.310001373291016,43.310001373291016,0
2014-05-12,43.7599983215332,44.0,43.7599983215332,44.0,44.0,1200
2014-05-13,44.0,44.0,44.0,44.0,44.0,0
2014-05-14,45.349998474121094,45.349998474121094,43.650001525878906,44.0,44.0,1500
2014-05-15,43.13999938964844,43.13999938964844,43.13999938964844,43.13999938964844,43.13999938964844,200
2014-05-16,43.5,43.5,43.5,43.5,43.5,200
2014-05-19,43.33000183105469,44.34000015258789,43.33000183105469,43.90999984741211,43.90999984741211,1700
2014-05-20,43.68000030517578,43.68000030517578,43.68000030517578,43.68000030517578,43.68000030517578,200
2014-05-21,43.68000030517578,43.68000030517578,43.68000030517578,43.68000030517578,43.68000030517578,0
2014-05-22,43.68000030517578,43.68000030517578,43.68000030517578,43.68000030517578,43.68000030517578,0
2014-05-23,45.349998474121094,45.349998474121094,45.349998474121094,45.349998474121094,45.349998474121094,100
2014-05-27,43.68000030517578,43.68000030517578,43.68000030517578,43.68000030517578,43.68000030517578,0
2014-05-28,45.470001220703125,45.470001220703125,45.470001220703125,45.470001220703125,45.470001220703125,100
2014-05-29,46.06999969482422,46.06999969482422,46.06999969482422,46.06999969482422,46.06999969482422,200
2014-05-30,46.06999969482422,46.06999969482422,46.06999969482422,46.06999969482422,46.06999969482422,0
2014-06-02,46.06999969482422,46.06999969482422,46.06999969482422,46.06999969482422,46.06999969482422,0
2014-06-03,45.43000030517578,45.43000030517578,45.43000030517578,45.43000030517578,45.43000030517578,900
2014-06-04,45.43000030517578,45.43000030517578,45.43000030517578,45.43000030517578,45.43000030517578,100
2014-06-05,44.38999938964844,45.59000015258789,43.88999938964844,45.439998626708984,45.439998626708984,1200
2014-06-06,45.439998626708984,45.439998626708984,45.439998626708984,45.439998626708984,45.439998626708984,0
2014-06-09,45.439998626708984,45.439998626708984,45.439998626708984,45.439998626708984,45.439998626708984,0
2014-06-10,45.439998626708984,45.439998626708984,45.439998626708984,45.439998626708984,45.439998626708984,0
2014-06-11,44.900001525878906,44.97999954223633,44.900001525878906,44.97999954223633,44.97999954223633,200
2014-06-12,44.97999954223633,44.97999954223633,44.97999954223633,44.97999954223633,44.97999954223633,1500
2014-06-13,44.97999954223633,44.97999954223633,44.97999954223633,44.97999954223633,44.97999954223633,0
2014-06-16,43.279998779296875,43.279998779296875,43.279998779296875,43.279998779296875,43.279998779296875,100
2014-06-17,43.279998779296875,43.279998779296875,43.279998779296875,43.279998779296875,43.279998779296875,0
2014-06-18,43.279998779296875,43.279998779296875,43.279998779296875,43.279998779296875,43.279998779296875,0
2014-06-19,43.279998779296875,43.279998779296875,43.279998779296875,43.279998779296875,43.279998779296875,0
2014-06-20,44.4900016784668,44.4900016784668,44.4900016784668,44.4900016784668,44.4900016784668,200
2014-06-23,44.380001068115234,44.599998474121094,44.029998779296875,44.599998474121094,44.599998474121094,1600
2014-06-24,44.599998474121094,44.599998474121094,44.599998474121094,44.599998474121094,44.599998474121094,0
2014-06-25,43.619998931884766,44.63999938964844,42.63999938964844,44.63999938964844,44.63999938964844,700
2014-06-26,44.66999816894531,45.63999938964844,42.90999984741211,44.54999923706055,44.54999923706055,1900
2014-06-27,43.099998474121094,43.54999923706055,42.70000076293945,43.54999923706055,43.54999923706055,400
2014-06-30,44.65999984741211,45.61000061035156,44.65999984741211,45.61000061035156,45.61000061035156,1000
2014-07-01,44.29999923706055,45.13999938964844,44.29999923706055,45.13999938964844,45.13999938964844,300
2014-07-02,45.9900016784668,45.9900016784668,45.9900016784668,45.9900016784668,45.9900016784668,100
2014-07-03,46.7599983215332,46.7599983215332,46.2599983215332,46.2599983215332,46.2599983215332,1200
2014-07-07,46.29999923706055,46.29999923706055,45.849998474121094,46.0,46.0,500
2014-07-08,44.2599983215332,44.2599983215332,44.2599983215332,44.2599983215332,44.2599983215332,600
2014-07-09,44.2599983215332,44.2599983215332,44.2599983215332,44.2599983215332,44.2599983215332,0
2014-07-10,44.2599983215332,44.2599983215332,44.2599983215332,44.2599983215332,44.2599983215332,0
2014-07-11,45.90999984741211,45.91999816894531,45.63999938964844,45.91999816894531,45.91999816894531,1000
2014-07-14,46.90999984741211,46.90999984741211,46.90999984741211,46.90999984741211,46.90999984741211,400
2014-07-15,46.90999984741211,46.90999984741211,46.90999984741211,46.90999984741211,46.90999984741211,0
2014-07-16,46.90999984741211,46.90999984741211,46.90999984741211,46.90999984741211,46.90999984741211,0
2014-07-17,46.90999984741211,46.90999984741211,46.90999984741211,46.90999984741211,46.90999984741211,0
2014-07-18,46.90999984741211,46.90999984741211,46.90999984741211,46.90999984741211,46.90999984741211,0
2014-07-21,46.90999984741211,46.90999984741211,46.90999984741211,46.90999984741211,46.90999984741211,0
2014-07-22,46.90999984741211,46.90999984741211,46.90999984741211,46.90999984741211,46.90999984741211,0
2014-07-23,46.90999984741211,46.90999984741211,46.90999984741211,46.90999984741211,46.90999984741211,0
2014-07-24,46.90999984741211,46.90999984741211,46.90999984741211,46.90999984741211,46.90999984741211,0
2014-07-25,46.90999984741211,46.90999984741211,46.90999984741211,46.90999984741211,46.90999984741211,0
2014-07-28,44.70000076293945,44.70000076293945,44.70000076293945,44.70000076293945,44.70000076293945,400
2014-07-29,44.70000076293945,44.70000076293945,44.15999984741211,44.15999984741211,44.15999984741211,400
2014-07-30,44.59000015258789,44.59000015258789,44.560001373291016,44.560001373291016,44.560001373291016,600
2014-07-31,44.83000183105469,44.83000183105469,43.130001068115234,43.130001068115234,43.130001068115234,300
2014-08-01,44.150001525878906,44.150001525878906,43.97999954223633,44.0,44.0,900
2014-08-04,44.540000915527344,45.400001525878906,44.5,45.400001525878906,45.400001525878906,1400
2014-08-05,44.5,44.5,44.5,44.5,44.5,200
2014-08-06,44.27000045776367,44.27000045776367,43.400001525878906,43.400001525878906,43.400001525878906,1200
2014-08-07,45.619998931884766,45.619998931884766,45.619998931884766,45.619998931884766,45.619998931884766,300
2014-08-08,46.06999969482422,46.06999969482422,46.06999969482422,46.06999969482422,46.06999969482422,400
2014-08-11,43.0099983215332,44.5099983215332,43.0099983215332,44.5099983215332,44.5099983215332,400
2014-08-12,45.150001525878906,45.150001525878906,45.150001525878906,45.150001525878906,45.150001525878906,100
2014-08-13,45.150001525878906,45.150001525878906,45.150001525878906,45.150001525878906,45.150001525878906,0
2014-08-14,45.150001525878906,45.150001525878906,45.150001525878906,45.150001525878906,45.150001525878906,0
2014-08-15,46.0,46.0,46.0,46.0,46.0,100
2014-08-18,46.0,46.0,46.0,46.0,46.0,0
2014-08-19,46.0,46.0,46.0,46.0,46.0,0
2014-08-20,46.0,46.0,46.0,46.0,46.0,0
2014-08-21,46.0,46.0,46.0,46.0,46.0,0
2014-08-22,46.0,46.0,46.0,46.0,46.0,0
2014-08-25,46.0,46.0,46.0,46.0,46.0,0
2014-08-26,45.849998474121094,45.849998474121094,44.59000015258789,44.59000015258789,44.59000015258789,200
2014-08-27,44.59000015258789,44.59000015258789,44.59000015258789,44.59000015258789,44.59000015258789,0
2014-08-28,46.0,46.0,44.84000015258789,44.84000015258789,44.84000015258789,200
2014-08-29,44.84000015258789,44.84000015258789,44.84000015258789,44.84000015258789,44.84000015258789,0
2014-09-02,44.84000015258789,44.84000015258789,44.84000015258789,44.84000015258789,44.84000015258789,0
2014-09-03,44.84000015258789,44.84000015258789,44.84000015258789,44.84000015258789,44.84000015258789,0
2014-09-04,44.84000015258789,44.84000015258789,44.84000015258789,44.84000015258789,44.84000015258789,0
2014-09-05,43.220001220703125,43.220001220703125,43.220001220703125,43.220001220703125,43.220001220703125,300
2014-09-08,43.220001220703125,43.220001220703125,43.220001220703125,43.220001220703125,43.220001220703125,0
2014-09-09,43.220001220703125,43.220001220703125,43.220001220703125,43.220001220703125,43.220001220703125,0
2014-09-10,43.220001220703125,43.220001220703125,43.220001220703125,43.220001220703125,43.220001220703125,0
2014-09-11,43.400001525878906,43.970001220703125,43.400001525878906,43.7599983215332,43.7599983215332,1600
2014-09-12,43.7599983215332,43.7599983215332,43.7599983215332,43.7599983215332,43.7599983215332,0
2014-09-15,43.7599983215332,43.7599983215332,43.7599983215332,43.7599983215332,43.7599983215332,0
2014-09-16,43.7599983215332,43.7599983215332,43.7599983215332,43.7599983215332,43.7599983215332,0
2014-09-17,43.7599983215332,43.7599983215332,43.7599983215332,43.7599983215332,43.7599983215332,0
2014-09-18,43.7599983215332,43.7599983215332,43.7599983215332,43.7599983215332,43.7599983215332,0
2014-09-19,43.7599983215332,43.7599983215332,43.7599983215332,43.7599983215332,43.7599983215332,0
2014-09-22,43.7599983215332,43.7599983215332,43.7599983215332,43.7599983215332,43.7599983215332,0
2014-09-23,43.7599983215332,43.7599983215332,43.7599983215332,43.7599983215332,43.7599983215332,0
2014-09-24,43.47999954223633,43.47999954223633,43.400001525878906,43.400001525878906,43.400001525878906,3500
2014-09-25,42.95000076293945,42.95000076293945,42.91999816894531,42.91999816894531,42.91999816894531,200
2014-09-26,42.91999816894531,42.91999816894531,42.91999816894531,42.91999816894531,42.91999816894531,0
2014-09-29,42.91999816894531,42.91999816894531,42.91999816894531,42.91999816894531,42.91999816894531,0
2014-09-30,42.66999816894531,42.66999816894531,42.65999984741211,42.65999984741211,42.65999984741211,200
2014-10-01,42.65999984741211,42.65999984741211,42.65999984741211,42.65999984741211,42.65999984741211,0
2014-10-02,42.65999984741211,42.65999984741211,42.65999984741211,42.65999984741211,42.65999984741211,0
2014-10-03,42.65999984741211,42.65999984741211,42.65999984741211,42.65999984741211,42.65999984741211,0
2014-10-06,42.65999984741211,42.65999984741211,42.65999984741211,42.65999984741211,42.65999984741211,0
2014-10-07,42.75,42.7599983215332,42.65999984741211,42.65999984741211,42.65999984741211,300
2014-10-08,43.66999816894531,43.66999816894531,43.66999816894531,43.66999816894531,43.66999816894531,200
2014-10-09,43.66999816894531,43.66999816894531,43.66999816894531,43.66999816894531,43.66999816894531,0
2014-10-10,42.529998779296875,42.529998779296875,42.529998779296875,42.529998779296875,42.529998779296875,200
2014-10-13,42.529998779296875,42.529998779296875,42.529998779296875,42.529998779296875,42.529998779296875,0
2014-10-14,41.880001068115234,41.900001525878906,41.83000183105469,41.83000183105469,41.83000183105469,900
2014-10-15,40.349998474121094,40.349998474121094,40.119998931884766,40.130001068115234,40.130001068115234,2300
2014-10-16,40.130001068115234,40.130001068115234,40.130001068115234,40.130001068115234,40.130001068115234,0
2014-10-17,40.130001068115234,40.130001068115234,40.130001068115234,40.130001068115234,40.130001068115234,0
2014-10-20,40.130001068115234,40.130001068115234,40.130001068115234,40.130001068115234,40.130001068115234,0
2014-10-21,40.130001068115234,40.130001068115234,40.130001068115234,40.130001068115234,40.130001068115234,0
2014-10-22,40.130001068115234,40.130001068115234,40.130001068115234,40.130001068115234,40.130001068115234,0
2014-10-23,40.130001068115234,40.130001068115234,40.130001068115234,40.130001068115234,40.130001068115234,0
2014-10-24,40.130001068115234,40.130001068115234,40.130001068115234,40.130001068115234,40.130001068115234,0
2014-10-27,40.130001068115234,40.130001068115234,40.130001068115234,40.130001068115234,40.130001068115234,0
2014-10-28,40.130001068115234,40.130001068115234,40.130001068115234,40.130001068115234,40.130001068115234,0
2014-10-29,40.130001068115234,40.130001068115234,40.130001068115234,40.130001068115234,40.130001068115234,0
2014-10-30,40.130001068115234,40.130001068115234,40.130001068115234,40.130001068115234,40.130001068115234,0
2014-10-31,40.130001068115234,40.130001068115234,40.130001068115234,40.130001068115234,40.130001068115234,0
2014-11-03,40.130001068115234,40.130001068115234,40.130001068115234,40.130001068115234,40.130001068115234,0
2014-11-04,40.130001068115234,40.130001068115234,40.130001068115234,40.130001068115234,40.130001068115234,0
2014-11-05,40.130001068115234,40.130001068115234,40.130001068115234,40.130001068115234,40.130001068115234,0
2014-11-06,40.130001068115234,40.130001068115234,40.130001068115234,40.130001068115234,40.130001068115234,0
2014-11-07,40.130001068115234,40.130001068115234,40.130001068115234,40.130001068115234,40.130001068115234,0
2014-11-10,45.86000061035156,45.91999816894531,45.86000061035156,45.88999938964844,45.88999938964844,900
2014-11-11,46.45000076293945,46.58000183105469,45.97999954223633,46.58000183105469,46.58000183105469,700
2014-11-12,46.83000183105469,46.83000183105469,46.83000183105469,46.83000183105469,46.83000183105469,200
2014-11-13,46.83000183105469,46.83000183105469,46.83000183105469,46.83000183105469,46.83000183105469,0
2014-11-14,46.83000183105469,46.83000183105469,46.83000183105469,46.83000183105469,46.83000183105469,0
2014-11-17,46.83000183105469,46.83000183105469,46.83000183105469,46.83000183105469,46.83000183105469,0
2014-11-18,46.83000183105469,46.83000183105469,46.83000183105469,46.83000183105469,46.83000183105469,0
2014-11-19,46.18000030517578,47.02000045776367,46.18000030517578,47.0,47.0,1100
2014-11-20,47.0,47.0,47.0,47.0,47.0,0
2014-11-21,47.0,47.0,47.0,47.0,47.0,0
2014-11-24,47.0,47.0,47.0,47.0,47.0,0
2014-11-25,47.0,47.0,47.0,47.0,47.0,0
2014-11-26,49.27000045776367,49.619998931884766,49.27000045776367,49.619998931884766,49.619998931884766,200
2014-11-28,50.689998626708984,53.650001525878906,50.689998626708984,53.0,53.0,4600
2014-12-01,52.2599983215332,52.2599983215332,51.849998474121094,51.849998474121094,51.849998474121094,300
2014-12-02,51.849998474121094,51.849998474121094,51.849998474121094,51.849998474121094,51.849998474121094,0
2014-12-03,51.849998474121094,51.849998474121094,51.849998474121094,51.849998474121094,51.849998474121094,0
2014-12-04,51.849998474121094,51.849998474121094,51.849998474121094,51.849998474121094,51.849998474121094,0
2014-12-05,51.849998474121094,51.849998474121094,51.849998474121094,51.849998474121094,51.849998474121094,0
2014-12-08,51.849998474121094,51.849998474121094,51.849998474121094,51.849998474121094,51.849998474121094,0
2014-12-09,51.849998474121094,51.849998474121094,51.849998474121094,51.849998474121094,51.849998474121094,0
2014-12-10,51.849998474121094,51.849998474121094,51.849998474121094,51.849998474121094,51.849998474121094,0
2014-12-11,49.61000061035156,49.61000061035156,49.459999084472656,49.459999084472656,49.459999084472656,300
2014-12-12,49.459999084472656,49.459999084472656,49.459999084472656,49.459999084472656,49.459999084472656,0
2014-12-15,49.459999084472656,49.459999084472656,49.459999084472656,49.459999084472656,49.459999084472656,0
2014-12-16,49.459999084472656,49.459999084472656,49.459999084472656,49.459999084472656,49.459999084472656,0
2014-12-17,48.79999923706055,48.849998474121094,48.79999923706055,48.849998474121094,48.849998474121094,300
2014-12-18,49.099998474121094,49.099998474121094,49.099998474121094,49.099998474121094,49.099998474121094,100
2014-12-19,49.099998474121094,49.099998474121094,49.099998474121094,49.099998474121094,49.099998474121094,0
2014-12-22,50.70000076293945,50.70000076293945,50.650001525878906,50.650001525878906,50.650001525878906,300
2014-12-23,50.95000076293945,50.95000076293945,50.95000076293945,50.95000076293945,50.95000076293945,200
2014-12-24,50.54999923706055,50.54999923706055,50.54999923706055,50.54999923706055,50.54999923706055,0
2014-12-26,50.84000015258789,50.84000015258789,50.84000015258789,50.84000015258789,50.84000015258789,200
2014-12-29,50.84000015258789,50.84000015258789,50.84000015258789,50.84000015258789,50.84000015258789,0
2014-12-30,50.90999984741211,50.90999984741211,49.790000915527344,49.790000915527344,49.790000915527344,200
2014-12-31,50.75,50.75,50.72999954223633,50.72999954223633,50.72999954223633,700
2015-01-02,50.72999954223633,50.72999954223633,50.72999954223633,50.72999954223633,50.72999954223633,0
2015-01-05,50.72999954223633,50.72999954223633,50.72999954223633,50.72999954223633,50.72999954223633,0
2015-01-06,47.72999954223633,47.880001068115234,47.72999954223633,47.880001068115234,47.880001068115234,600
2015-01-07,48.13999938964844,48.13999938964844,48.09000015258789,48.09000015258789,48.09000015258789,200
2015-01-08,48.08000183105469,48.08000183105469,48.08000183105469,48.08000183105469,48.08000183105469,200
2015-01-09,47.66999816894531,47.66999816894531,47.619998931884766,47.619998931884766,47.619998931884766,200
2015-01-12,47.619998931884766,47.619998931884766,47.619998931884766,47.619998931884766,47.619998931884766,0
2015-01-13,47.619998931884766,47.619998931884766,47.619998931884766,47.619998931884766,47.619998931884766,0
2015-01-14,47.91999816894531,47.91999816894531,47.91999816894531,47.91999816894531,47.91999816894531,200
2015-01-15,47.45000076293945,47.83000183105469,47.29999923706055,47.29999923706055,47.29999923706055,400
2015-01-16,47.29999923706055,47.29999923706055,47.29999923706055,47.29999923706055,47.29999923706055,0
2015-01-20,47.29999923706055,47.29999923706055,47.29999923706055,47.29999923706055,47.29999923706055,0
2015-01-21,47.29999923706055,47.29999923706055,47.29999923706055,47.29999923706055,47.29999923706055,0
2015-01-22,45.41999816894531,45.41999816894531,45.41999816894531,45.41999816894531,45.41999816894531,300
2015-01-23,45.41999816894531,45.41999816894531,45.41999816894531,45.41999816894531,45.41999816894531,0
2015-01-26,46.97999954223633,46.97999954223633,46.97999954223633,46.97999954223633,46.97999954223633,200
2015-01-27,47.189998626708984,47.189998626708984,47.189998626708984,47.189998626708984,47.189998626708984,200
2015-01-28,47.029998779296875,47.029998779296875,47.029998779296875,47.029998779296875,47.029998779296875,200
2015-01-29,46.38999938964844,47.119998931884766,46.349998474121094,47.119998931884766,47.119998931884766,2600
2015-01-30,46.86000061035156,46.91999816894531,46.52000045776367,46.52000045776367,46.52000045776367,500
2015-02-02,47.68000030517578,47.68000030517578,47.5,47.5,47.5,300
2015-02-03,48.34000015258789,48.34000015258789,48.34000015258789,48.34000015258789,48.34000015258789,100
2015-02-04,48.43000030517578,49.29999923706055,48.43000030517578,49.29999923706055,49.29999923706055,600
2015-02-05,49.38999938964844,49.38999938964844,49.380001068115234,49.380001068115234,49.380001068115234,300
2015-02-06,49.380001068115234,49.380001068115234,49.380001068115234,49.380001068115234,49.380001068115234,0
2015-02-09,49.380001068115234,49.380001068115234,49.380001068115234,49.380001068115234,49.380001068115234,0
2015-02-10,48.810001373291016,48.810001373291016,48.79999923706055,48.79999923706055,48.79999923706055,300
2015-02-11,48.95000076293945,48.95000076293945,48.95000076293945,48.95000076293945,48.95000076293945,200
2015-02-12,49.709999084472656,49.7599983215332,49.709999084472656,49.7599983215332,49.7599983215332,300
2015-02-13,49.7599983215332,49.7599983215332,49.7599983215332,49.7599983215332,49.7599983215332,0
2015-02-17,49.7599983215332,49.7599983215332,49.7599983215332,49.7599983215332,49.7599983215332,0
2015-02-18,52.09000015258789,52.33000183105469,52.09000015258789,52.33000183105469,52.33000183105469,300
2015-02-19,52.599998474121094,52.599998474121094,50.849998474121094,50.849998474121094,50.849998474121094,300
2015-02-20,52.790000915527344,52.790000915527344,52.790000915527344,52.790000915527344,52.790000915527344,200
2015-02-23,52.790000915527344,52.790000915527344,52.790000915527344,52.790000915527344,52.790000915527344,0
2015-02-24,53.79999923706055,53.79999923706055,53.43000030517578,53.47999954223633,53.47999954223633,500
2015-02-25,53.47999954223633,53.47999954223633,53.47999954223633,53.47999954223633,53.47999954223633,0
2015-02-26,53.47999954223633,53.47999954223633,53.47999954223633,53.47999954223633,53.47999954223633,0
2015-02-27,53.47999954223633,53.47999954223633,53.47999954223633,53.47999954223633,53.47999954223633,0
2015-03-02,53.47999954223633,53.47999954223633,53.47999954223633,53.47999954223633,53.47999954223633,0
2015-03-03,53.47999954223633,53.47999954223633,53.47999954223633,53.47999954223633,53.47999954223633,0
2015-03-04,53.47999954223633,53.47999954223633,53.47999954223633,53.47999954223633,53.47999954223633,0
2015-03-05,54.31999969482422,54.849998474121094,54.31999969482422,54.849998474121094,54.849998474121094,200
2015-03-06,57.060001373291016,57.060001373291016,54.380001068115234,54.380001068115234,54.380001068115234,300
2015-03-09,54.380001068115234,54.380001068115234,54.380001068115234,54.380001068115234,54.380001068115234,0
2015-03-10,54.380001068115234,54.380001068115234,54.380001068115234,54.380001068115234,54.380001068115234,0
2015-03-11,54.380001068115234,54.380001068115234,54.380001068115234,54.380001068115234,54.380001068115234,0
2015-03-12,54.380001068115234,54.380001068115234,54.380001068115234,54.380001068115234,54.380001068115234,0
2015-03-13,54.380001068115234,54.380001068115234,54.380001068115234,54.380001068115234,54.380001068115234,0
2015-03-16,52.5,52.5,52.5,52.5,52.5,200
2015-03-17,52.529998779296875,52.529998779296875,52.529998779296875,52.529998779296875,52.529998779296875,300
2015-03-18,52.529998779296875,52.529998779296875,52.529998779296875,52.529998779296875,52.529998779296875,0
2015-03-19,52.790000915527344,53.619998931884766,52.790000915527344,53.619998931884766,53.619998931884766,200
2015-03-20,50.400001525878906,50.400001525878906,50.400001525878906,50.400001525878906,50.400001525878906,500
2015-03-23,52.779998779296875,52.779998779296875,52.779998779296875,52.779998779296875,52.779998779296875,400
2015-03-24,52.779998779296875,52.779998779296875,52.779998779296875,52.779998779296875,52.779998779296875,0
2015-03-25,52.779998779296875,52.779998779296875,52.779998779296875,52.779998779296875,52.779998779296875,0
2015-03-26,52.779998779296875,52.779998779296875,52.779998779296875,52.779998779296875,52.779998779296875,0
2015-03-27,52.779998779296875,52.779998779296875,52.779998779296875,52.779998779296875,52.779998779296875,0
2015-03-30,52.779998779296875,52.779998779296875,52.779998779296875,52.779998779296875,52.779998779296875,0
2015-03-31,52.779998779296875,52.779998779296875,52.779998779296875,52.779998779296875,52.779998779296875,0
2015-04-01,52.779998779296875,52.779998779296875,52.779998779296875,52.779998779296875,52.779998779296875,0
2015-04-02,52.779998779296875,52.779998779296875,52.779998779296875,52.779998779296875,52.779998779296875,0
2015-04-06,52.5,52.5,52.5,52.5,52.5,600
2015-04-07,52.5,52.5,52.5,52.5,52.5,0
2015-04-08,52.5,52.5,52.5,52.5,52.5,0
2015-04-09,52.5,52.5,52.5,52.5,52.5,0
2015-04-10,52.36000061035156,52.5,52.36000061035156,52.5,52.5,1600
2015-04-13,52.599998474121094,52.650001525878906,52.31999969482422,52.400001525878906,52.400001525878906,1900
2015-04-14,52.400001525878906,52.400001525878906,52.400001525878906,52.400001525878906,52.400001525878906,0
2015-04-15,52.400001525878906,52.400001525878906,52.400001525878906,52.400001525878906,52.400001525878906,0
2015-04-16,52.400001525878906,52.400001525878906,52.400001525878906,52.400001525878906,52.400001525878906,0
2015-04-17,50.33000183105469,50.709999084472656,50.33000183105469,50.65999984741211,50.65999984741211,900
2015-04-20,50.65999984741211,50.65999984741211,50.65999984741211,50.65999984741211,50.65999984741211,0
2015-04-21,50.65999984741211,50.65999984741211,50.65999984741211,50.65999984741211,50.65999984741211,0
2015-04-22,50.7599983215332,51.060001373291016,50.75,50.75,50.75,800
2015-04-23,50.720001220703125,50.720001220703125,50.720001220703125,50.720001220703125,50.720001220703125,100
2015-04-24,50.720001220703125,50.720001220703125,50.720001220703125,50.720001220703125,50.720001220703125,0
2015-04-27,50.720001220703125,50.720001220703125,50.720001220703125,50.720001220703125,50.720001220703125,0
2015-04-28,50.720001220703125,50.720001220703125,50.720001220703125,50.720001220703125,50.720001220703125,0
2015-04-29,50.720001220703125,50.720001220703125,50.720001220703125,50.720001220703125,50.720001220703125,0
2015-04-30,50.720001220703125,50.720001220703125,50.720001220703125,50.720001220703125,50.720001220703125,0
2015-05-01,50.720001220703125,50.720001220703125,50.720001220703125,50.720001220703125,50.720001220703125,0
2015-05-04,50.720001220703125,50.720001220703125,50.720001220703125,50.720001220703125,50.720001220703125,0
2015-05-05,50.720001220703125,50.720001220703125,50.720001220703125,50.720001220703125,50.720001220703125,0
2015-05-06,50.720001220703125,50.720001220703125,50.720001220703125,50.720001220703125,50.720001220703125,0
2015-05-07,50.720001220703125,50.720001220703125,50.720001220703125,50.720001220703125,50.720001220703125,0
2015-05-08,51.0,51.0,51.0,51.0,51.0,200
2015-05-11,51.0,51.0,51.0,51.0,51.0,0
2015-05-12,50.25,50.25,50.25,50.25,50.25,100
2015-05-13,50.25,50.25,50.25,50.25,50.25,0
2015-05-14,50.25,50.25,50.25,50.25,50.25,0
2015-05-15,50.25,50.25,50.25,50.25,50.25,0
2015-05-18,50.25,50.25,50.25,50.25,50.25,0
2015-05-19,50.25,50.25,50.25,50.25,50.25,0
2015-05-20,50.25,50.25,50.25,50.25,50.25,0
2015-05-21,56.0,56.0,56.0,56.0,56.0,200
2015-05-22,56.0,56.0,56.0,56.0,56.0,0
2015-05-26,56.0,56.0,56.0,56.0,56.0,0
2015-05-27,56.0,56.0,56.0,56.0,56.0,0
2015-05-28,56.0,56.0,56.0,56.0,56.0,0
2015-05-29,56.0,56.0,56.0,56.0,56.0,0
2015-06-01,56.0,56.0,56.0,56.0,56.0,0
2015-06-02,56.0,56.0,56.0,56.0,56.0,0
2015-06-03,56.20000076293945,56.20000076293945,56.0,56.0,56.0,300
2015-06-04,55.52000045776367,55.52000045776367,54.900001525878906,54.970001220703125,54.970001220703125,4300
2015-06-05,54.970001220703125,54.970001220703125,54.970001220703125,54.970001220703125,54.970001220703125,0
2015-06-08,55.560001373291016,55.900001525878906,55.560001373291016,55.900001525878906,55.900001525878906,1200
2015-06-09,54.369998931884766,54.380001068115234,54.369998931884766,54.380001068115234,54.380001068115234,1100
2015-06-10,54.380001068115234,54.380001068115234,54.380001068115234,54.380001068115234,54.380001068115234,0
2015-06-11,54.380001068115234,54.380001068115234,54.380001068115234,54.380001068115234,54.380001068115234,0
2015-06-12,54.380001068115234,54.380001068115234,54.380001068115234,54.380001068115234,54.380001068115234,0
2015-06-15,54.380001068115234,54.380001068115234,54.380001068115234,54.380001068115234,54.380001068115234,0
2015-06-16,54.380001068115234,54.380001068115234,54.380001068115234,54.380001068115234,54.380001068115234,0
2015-06-17,54.380001068115234,54.380001068115234,54.380001068115234,54.380001068115234,54.380001068115234,0
2015-06-18,54.380001068115234,54.380001068115234,54.380001068115234,54.380001068115234,54.380001068115234,0
2015-06-19,54.380001068115234,54.380001068115234,54.380001068115234,54.380001068115234,54.380001068115234,0
2015-06-22,54.380001068115234,54.380001068115234,54.380001068115234,54.380001068115234,54.380001068115234,0
2015-06-23,54.380001068115234,54.380001068115234,54.380001068115234,54.380001068115234,54.380001068115234,0
2015-06-24,57.459999084472656,57.790000915527344,56.79999923706055,56.79999923706055,56.79999923706055,2900
2015-06-25,56.790000915527344,56.790000915527344,56.790000915527344,56.790000915527344,56.790000915527344,100
2015-06-26,56.540000915527344,56.810001373291016,56.5,56.810001373291016,56.810001373291016,1100
2015-06-29,56.810001373291016,56.810001373291016,56.810001373291016,56.810001373291016,56.810001373291016,0
2015-06-30,56.810001373291016,56.810001373291016,56.810001373291016,56.810001373291016,56.810001373291016,0
2015-07-01,55.599998474121094,55.599998474121094,55.33000183105469,55.33000183105469,55.33000183105469,400
2015-07-02,55.33000183105469,55.33000183105469,55.33000183105469,55.33000183105469,55.33000183105469,0
2015-07-06,55.33000183105469,55.33000183105469,55.33000183105469,55.33000183105469,55.33000183105469,0
2015-07-07,55.33000183105469,55.33000183105469,55.33000183105469,55.33000183105469,55.33000183105469,0
2015-07-08,55.33000183105469,55.33000183105469,55.33000183105469,55.33000183105469,55.33000183105469,0
2015-07-09,55.33000183105469,55.33000183105469,55.33000183105469,55.33000183105469,55.33000183105469,0
2015-07-10,52.16999816894531,52.16999816894531,52.16999816894531,52.16999816894531,52.16999816894531,100
2015-07-13,52.220001220703125,52.220001220703125,52.220001220703125,52.220001220703125,52.220001220703125,100
2015-07-14,52.220001220703125,52.220001220703125,52.220001220703125,52.220001220703125,52.220001220703125,0
2015-07-15,52.220001220703125,52.220001220703125,52.220001220703125,52.220001220703125,52.220001220703125,0
2015-07-16,52.220001220703125,52.220001220703125,52.220001220703125,52.220001220703125,52.220001220703125,0
2015-07-17,53.22999954223633,53.22999954223633,53.22999954223633,53.22999954223633,53.22999954223633,100
2015-07-20,53.22999954223633,53.22999954223633,53.22999954223633,53.22999954223633,53.22999954223633,0
2015-07-21,53.22999954223633,53.22999954223633,53.22999954223633,53.22999954223633,53.22999954223633,0
2015-07-22,53.22999954223633,53.22999954223633,53.22999954223633,53.22999954223633,53.22999954223633,0
2015-07-23,53.22999954223633,53.22999954223633,53.22999954223633,53.22999954223633,53.22999954223633,0
2015-07-24,53.22999954223633,53.22999954223633,53.22999954223633,53.22999954223633,53.22999954223633,0
2015-07-27,53.22999954223633,53.22999954223633,53.22999954223633,53.22999954223633,53.22999954223633,0
2015-07-28,53.22999954223633,53.22999954223633,53.22999954223633,53.22999954223633,53.22999954223633,0
2015-07-29,53.22999954223633,53.22999954223633,53.22999954223633,53.22999954223633,53.22999954223633,0
2015-07-30,53.22999954223633,53.22999954223633,53.22999954223633,53.22999954223633,53.22999954223633,0
2015-07-31,53.22999954223633,53.22999954223633,53.22999954223633,53.22999954223633,53.22999954223633,0
2015-08-03,56.70000076293945,56.70000076293945,56.70000076293945,56.70000076293945,56.70000076293945,100
2015-08-04,53.310001373291016,53.310001373291016,53.15999984741211,53.15999984741211,53.15999984741211,200
2015-08-05,52.68000030517578,52.68000030517578,52.68000030517578,52.68000030517578,52.68000030517578,100
2015-08-06,52.68000030517578,52.68000030517578,52.68000030517578,52.68000030517578,52.68000030517578,0
2015-08-07,52.68000030517578,52.68000030517578,52.68000030517578,52.68000030517578,52.68000030517578,0
2015-08-10,52.68000030517578,52.68000030517578,52.68000030517578,52.68000030517578,52.68000030517578,0
2015-08-11,52.68000030517578,52.68000030517578,52.68000030517578,52.68000030517578,52.68000030517578,0
2015-08-12,51.11000061035156,51.11000061035156,51.060001373291016,51.060001373291016,51.060001373291016,500
2015-08-13,51.060001373291016,51.060001373291016,51.060001373291016,51.060001373291016,51.060001373291016,0
2015-08-14,51.060001373291016,51.060001373291016,51.060001373291016,51.060001373291016,51.060001373291016,0
2015-08-17,51.060001373291016,51.060001373291016,51.060001373291016,51.060001373291016,51.060001373291016,0
2015-08-18,51.060001373291016,51.060001373291016,51.060001373291016,51.060001373291016,51.060001373291016,0
2015-08-19,51.060001373291016,51.060001373291016,51.060001373291016,51.060001373291016,51.060001373291016,0
2015-08-20,51.060001373291016,51.060001373291016,51.060001373291016,51.060001373291016,51.060001373291016,0
2015-08-21,51.060001373291016,51.060001373291016,51.060001373291016,51.060001373291016,51.060001373291016,0
2015-08-24,49.0,49.0,48.33000183105469,48.33000183105469,48.33000183105469,500
2015-08-25,47.540000915527344,47.540000915527344,47.5,47.5,47.5,200
2015-08-26,47.5,47.5,47.5,47.5,47.5,0
2015-08-27,48.720001220703125,48.720001220703125,48.70000076293945,48.70000076293945,48.70000076293945,800
2015-08-28,48.70000076293945,48.70000076293945,48.70000076293945,48.70000076293945,48.70000076293945,0
2015-08-31,48.70000076293945,48.70000076293945,48.70000076293945,48.70000076293945,48.70000076293945,0
2015-09-01,48.70000076293945,48.70000076293945,48.70000076293945,48.70000076293945,48.70000076293945,0
2015-09-02,48.70000076293945,48.70000076293945,48.70000076293945,48.70000076293945,48.70000076293945,0
2015-09-03,48.70000076293945,48.70000076293945,48.70000076293945,48.70000076293945,48.70000076293945,0
2015-09-04,48.70000076293945,48.70000076293945,48.70000076293945,48.70000076293945,48.70000076293945,0
2015-09-08,48.70000076293945,48.70000076293945,48.70000076293945,48.70000076293945,48.70000076293945,0
2015-09-09,48.720001220703125,48.720001220703125,48.720001220703125,48.720001220703125,48.720001220703125,500
2015-09-10,48.720001220703125,48.720001220703125,48.720001220703125,48.720001220703125,48.720001220703125,0
2015-09-11,48.720001220703125,48.720001220703125,48.720001220703125,48.720001220703125,48.720001220703125,0
2015-09-14,48.720001220703125,48.720001220703125,48.720001220703125,48.720001220703125,48.720001220703125,0
2015-09-15,48.720001220703125,48.720001220703125,48.720001220703125,48.720001220703125,48.720001220703125,0
2015-09-16,48.720001220703125,48.720001220703125,48.720001220703125,48.720001220703125,48.720001220703125,0
2015-09-17,48.75,49.349998474121094,48.75,49.349998474121094,49.349998474121094,1000
2015-09-18,49.349998474121094,49.349998474121094,49.349998474121094,49.349998474121094,49.349998474121094,0
2015-09-21,49.349998474121094,49.349998474121094,49.349998474121094,49.349998474121094,49.349998474121094,0
2015-09-22,49.349998474121094,49.349998474121094,49.349998474121094,49.349998474121094,49.349998474121094,0
2015-09-23,48.31999969482422,48.720001220703125,48.31999969482422,48.720001220703125,48.720001220703125,2000
2015-09-24,48.720001220703125,48.720001220703125,48.720001220703125,48.720001220703125,48.720001220703125,0
2015-09-25,48.720001220703125,48.720001220703125,48.720001220703125,48.720001220703125,48.720001220703125,0
2015-09-28,48.720001220703125,48.720001220703125,48.720001220703125,48.720001220703125,48.720001220703125,0
2015-09-29,48.720001220703125,48.720001220703125,48.720001220703125,48.720001220703125,48.720001220703125,0
2015-09-30,48.720001220703125,48.720001220703125,48.720001220703125,48.720001220703125,48.720001220703125,0
2015-10-01,48.720001220703125,48.720001220703125,48.720001220703125,48.720001220703125,48.720001220703125,0
2015-10-02,43.400001525878906,44.33000183105469,43.400001525878906,44.290000915527344,44.290000915527344,6800
2015-10-05,45.16999816894531,46.630001068115234,45.16999816894531,46.630001068115234,46.630001068115234,1800
2015-10-06,45.099998474121094,45.290000915527344,45.099998474121094,45.290000915527344,45.290000915527344,300
2015-10-07,46.279998779296875,46.279998779296875,45.540000915527344,45.77000045776367,45.77000045776367,300
2015-10-08,45.04999923706055,45.54999923706055,45.04999923706055,45.380001068115234,45.380001068115234,300
2015-10-09,45.380001068115234,45.380001068115234,45.380001068115234,45.380001068115234,45.380001068115234,0
2015-10-12,46.560001373291016,46.560001373291016,44.79999923706055,44.79999923706055,44.79999923706055,500
2015-10-13,46.11000061035156,46.11000061035156,46.11000061035156,46.11000061035156,46.11000061035156,100
2015-10-14,46.06999969482422,46.06999969482422,46.06999969482422,46.06999969482422,46.06999969482422,100
2015-10-15,45.11000061035156,45.11000061035156,45.11000061035156,45.11000061035156,45.11000061035156,100
2015-10-16,45.11000061035156,45.11000061035156,45.11000061035156,45.11000061035156,45.11000061035156,0
2015-10-19,45.11000061035156,45.11000061035156,45.11000061035156,45.11000061035156,45.11000061035156,0
2015-10-20,45.11000061035156,45.11000061035156,45.11000061035156,45.11000061035156,45.11000061035156,0
2015-10-21,45.11000061035156,45.11000061035156,45.11000061035156,45.11000061035156,45.11000061035156,0
2015-10-22,45.11000061035156,45.11000061035156,45.11000061035156,45.11000061035156,45.11000061035156,0
2015-10-23,45.11000061035156,45.11000061035156,45.11000061035156,45.11000061035156,45.11000061035156,0
2015-10-26,45.0,45.0,45.0,45.0,45.0,200
2015-10-27,44.79999923706055,45.02000045776367,44.79999923706055,45.02000045776367,45.02000045776367,400
2015-10-28,45.56999969482422,45.7400016784668,44.189998626708984,44.189998626708984,44.189998626708984,700
2015-10-29,44.189998626708984,44.189998626708984,44.189998626708984,44.189998626708984,44.189998626708984,0
2015-10-30,44.189998626708984,44.189998626708984,44.189998626708984,44.189998626708984,44.189998626708984,0
2015-11-02,45.0,45.209999084472656,45.0,45.209999084472656,45.209999084472656,600
2015-11-03,46.279998779296875,47.09000015258789,46.279998779296875,47.09000015258789,47.09000015258789,200
2015-11-04,47.09000015258789,47.09000015258789,47.09000015258789,47.09000015258789,47.09000015258789,0
2015-11-05,46.150001525878906,46.150001525878906,46.150001525878906,46.150001525878906,46.150001525878906,100
2015-11-06,46.150001525878906,46.150001525878906,46.150001525878906,46.150001525878906,46.150001525878906,0
2015-11-09,45.95000076293945,45.95000076293945,45.95000076293945,45.95000076293945,45.95000076293945,100
2015-11-10,45.95000076293945,45.95000076293945,45.95000076293945,45.95000076293945,45.95000076293945,0
2015-11-11,46.209999084472656,46.209999084472656,46.209999084472656,46.209999084472656,46.209999084472656,200
2015-11-12,46.0099983215332,46.02000045776367,46.0099983215332,46.02000045776367,46.02000045776367,600
2015-11-13,46.02000045776367,46.02000045776367,46.02000045776367,46.02000045776367,46.02000045776367,0
2015-11-16,46.02000045776367,46.02000045776367,46.02000045776367,46.02000045776367,46.02000045776367,0
2015-11-17,43.63999938964844,43.63999938964844,43.63999938964844,43.63999938964844,43.63999938964844,100
2015-11-18,43.279998779296875,43.59000015258789,43.279998779296875,43.59000015258789,43.59000015258789,200
2015-11-19,43.59000015258789,43.59000015258789,43.59000015258789,43.59000015258789,43.59000015258789,0
2015-11-20,43.59000015258789,43.59000015258789,43.59000015258789,43.59000015258789,43.59000015258789,0
2015-11-23,43.59000015258789,43.59000015258789,43.59000015258789,43.59000015258789,43.59000015258789,0
2015-11-24,41.79999923706055,41.79999923706055,41.79999923706055,41.79999923706055,41.79999923706055,100
2015-11-25,41.79999923706055,41.79999923706055,41.79999923706055,41.79999923706055,41.79999923706055,0
2015-11-27,41.79999923706055,41.79999923706055,41.79999923706055,41.79999923706055,41.79999923706055,0
2015-11-30,41.79999923706055,41.79999923706055,41.79999923706055,41.79999923706055,41.79999923706055,0
2015-12-01,41.79999923706055,41.79999923706055,41.79999923706055,41.79999923706055,41.79999923706055,0
2015-12-02,41.79999923706055,41.79999923706055,41.79999923706055,41.79999923706055,41.79999923706055,0
2015-12-03,41.79999923706055,41.79999923706055,41.79999923706055,41.79999923706055,41.79999923706055,0
2015-12-04,42.5099983215332,42.5099983215332,42.5099983215332,42.5099983215332,42.5099983215332,200
2015-12-07,42.5099983215332,42.5099983215332,42.5099983215332,42.5099983215332,42.5099983215332,0
2015-12-08,41.79999923706055,42.099998474121094,41.79999923706055,42.099998474121094,42.099998474121094,200
2015-12-09,42.099998474121094,42.099998474121094,42.099998474121094,42.099998474121094,42.099998474121094,0
2015-12-10,42.099998474121094,42.099998474121094,42.099998474121094,42.099998474121094,42.099998474121094,0
2015-12-11,42.099998474121094,42.099998474121094,42.099998474121094,42.099998474121094,42.099998474121094,0
2015-12-14,42.099998474121094,42.099998474121094,42.099998474121094,42.099998474121094,42.099998474121094,0
2015-12-15,42.099998474121094,42.099998474121094,42.099998474121094,42.099998474121094,42.099998474121094,0
2015-12-16,40.650001525878906,40.650001525878906,40.650001525878906,40.650001525878906,40.650001525878906,200
2015-12-17,40.650001525878906,40.650001525878906,40.650001525878906,40.650001525878906,40.650001525878906,0
2015-12-18,40.650001525878906,40.650001525878906,40.650001525878906,40.650001525878906,40.650001525878906,0
2015-12-21,40.650001525878906,40.650001525878906,40.650001525878906,40.650001525878906,40.650001525878906,0
2015-12-22,40.650001525878906,40.650001525878906,40.650001525878906,40.650001525878906,40.650001525878906,0
2015-12-23,40.650001525878906,40.650001525878906,40.650001525878906,40.650001525878906,40.650001525878906,0
2015-12-24,40.650001525878906,40.650001525878906,40.650001525878906,40.650001525878906,40.650001525878906,0
2015-12-28,40.650001525878906,40.650001525878906,40.650001525878906,40.650001525878906,40.650001525878906,0
2015-12-29,40.650001525878906,40.650001525878906,40.650001525878906,40.650001525878906,40.650001525878906,0
2015-12-30,40.650001525878906,40.650001525878906,40.650001525878906,40.650001525878906,40.650001525878906,0
2015-12-31,40.650001525878906,40.650001525878906,40.650001525878906,40.650001525878906,40.650001525878906,0
2016-01-04,40.650001525878906,40.650001525878906,40.650001525878906,40.650001525878906,40.650001525878906,0
2016-01-05,42.209999084472656,42.209999084472656,41.13999938964844,41.13999938964844,41.13999938964844,400
2016-01-06,43.540000915527344,43.540000915527344,43.540000915527344,43.540000915527344,43.540000915527344,500
2016-01-07,41.0,41.0,39.470001220703125,39.90999984741211,39.90999984741211,1500
2016-01-08,38.849998474121094,38.900001525878906,38.810001373291016,38.810001373291016,38.810001373291016,600
2016-01-11,37.70000076293945,37.70000076293945,37.70000076293945,37.70000076293945,37.70000076293945,100
2016-01-12,36.20000076293945,36.20000076293945,36.20000076293945,36.20000076293945,36.20000076293945,300
2016-01-13,34.880001068115234,35.029998779296875,34.540000915527344,34.63999938964844,34.63999938964844,1100
2016-01-14,34.63999938964844,34.63999938964844,34.63999938964844,34.63999938964844,34.63999938964844,0
2016-01-15,34.11000061035156,34.11000061035156,33.720001220703125,33.720001220703125,33.720001220703125,200
2016-01-19,33.5099983215332,33.5099983215332,32.88999938964844,32.88999938964844,32.88999938964844,200
2016-01-20,32.11000061035156,32.22999954223633,32.11000061035156,32.22999954223633,32.22999954223633,200
2016-01-21,32.22999954223633,32.22999954223633,32.22999954223633,32.22999954223633,32.22999954223633,0
2016-01-22,32.22999954223633,32.22999954223633,32.22999954223633,32.22999954223633,32.22999954223633,0
2016-01-25,32.22999954223633,32.22999954223633,32.22999954223633,32.22999954223633,32.22999954223633,0
2016-01-26,32.22999954223633,32.22999954223633,32.22999954223633,32.22999954223633,32.22999954223633,0
2016-01-27,32.22999954223633,32.22999954223633,32.22999954223633,32.22999954223633,32.22999954223633,0
2016-01-28,32.22999954223633,32.22999954223633,32.22999954223633,32.22999954223633,32.22999954223633,0
2016-01-29,33.70000076293945,33.900001525878906,33.70000076293945,33.900001525878906,33.900001525878906,200
2016-02-01,33.900001525878906,33.900001525878906,33.900001525878906,33.900001525878906,33.900001525878906,0
2016-02-02,34.88999938964844,34.88999938964844,34.88999938964844,34.88999938964844,34.88999938964844,100
2016-02-03,35.09000015258789,35.09000015258789,35.09000015258789,35.09000015258789,35.09000015258789,100
2016-02-04,35.09000015258789,35.09000015258789,35.09000015258789,35.09000015258789,35.09000015258789,0
2016-02-05,35.09000015258789,35.09000015258789,35.09000015258789,35.09000015258789,35.09000015258789,0
2016-02-08,35.09000015258789,35.09000015258789,35.09000015258789,35.09000015258789,35.09000015258789,0
2016-02-09,31.8700008392334,32.189998626708984,31.34000015258789,31.34000015258789,31.34000015258789,400
2016-02-10,31.34000015258789,31.34000015258789,31.34000015258789,31.34000015258789,31.34000015258789,0
2016-02-11,31.34000015258789,31.34000015258789,31.34000015258789,31.34000015258789,31.34000015258789,0
2016-02-12,31.34000015258789,31.34000015258789,31.34000015258789,31.34000015258789,31.34000015258789,0
2016-02-16,31.34000015258789,31.34000015258789,31.34000015258789,31.34000015258789,31.34000015258789,0
2016-02-17,31.34000015258789,31.34000015258789,31.34000015258789,31.34000015258789,31.34000015258789,0
2016-02-18,31.34000015258789,31.34000015258789,31.34000015258789,31.34000015258789,31.34000015258789,0
2016-02-19,31.34000015258789,31.34000015258789,31.34000015258789,31.34000015258789,31.34000015258789,0
2016-02-22,31.34000015258789,31.34000015258789,31.34000015258789,31.34000015258789,31.34000015258789,0
2016-02-23,31.34000015258789,31.34000015258789,31.34000015258789,31.34000015258789,31.34000015258789,0
2016-02-24,31.34000015258789,31.34000015258789,31.34000015258789,31.34000015258789,31.34000015258789,0
2016-02-25,31.34000015258789,31.34000015258789,31.34000015258789,31.34000015258789,31.34000015258789,0
2016-02-26,31.34000015258789,31.34000015258789,31.34000015258789,31.34000015258789,31.34000015258789,0
2016-02-29,31.34000015258789,31.34000015258789,31.34000015258789,31.34000015258789,31.34000015258789,0
2016-03-01,31.34000015258789,31.34000015258789,31.34000015258789,31.34000015258789,31.34000015258789,0
2016-03-02,31.34000015258789,31.34000015258789,31.34000015258789,31.34000015258789,31.34000015258789,0
2016-03-03,31.34000015258789,31.34000015258789,31.34000015258789,31.34000015258789,31.34000015258789,0
2016-03-04,31.34000015258789,31.34000015258789,31.34000015258789,31.34000015258789,31.34000015258789,0
2016-03-07,31.34000015258789,31.34000015258789,31.34000015258789,31.34000015258789,31.34000015258789,0
2016-03-08,31.34000015258789,31.34000015258789,31.34000015258789,31.34000015258789,31.34000015258789,0
2016-03-09,31.34000015258789,31.34000015258789,31.34000015258789,31.34000015258789,31.34000015258789,0
2016-03-10,31.34000015258789,31.34000015258789,31.34000015258789,31.34000015258789,31.34000015258789,0
2016-03-11,31.34000015258789,31.34000015258789,31.34000015258789,31.34000015258789,31.34000015258789,0
2016-03-14,31.34000015258789,31.34000015258789,31.34000015258789,31.34000015258789,31.34000015258789,0
2016-03-15,31.34000015258789,31.34000015258789,31.34000015258789,31.34000015258789,31.34000015258789,0
2016-03-16,31.34000015258789,31.34000015258789,31.34000015258789,31.34000015258789,31.34000015258789,0
2016-03-17,31.34000015258789,31.34000015258789,31.34000015258789,31.34000015258789,31.34000015258789,0
2016-03-18,31.34000015258789,31.34000015258789,31.34000015258789,31.34000015258789,31.34000015258789,0
2016-03-21,31.34000015258789,31.34000015258789,31.34000015258789,31.34000015258789,31.34000015258789,0
2016-03-22,31.34000015258789,31.34000015258789,31.34000015258789,31.34000015258789,31.34000015258789,0
2016-03-23,31.34000015258789,31.34000015258789,31.34000015258789,31.34000015258789,31.34000015258789,0
2016-03-24,31.34000015258789,31.34000015258789,31.34000015258789,31.34000015258789,31.34000015258789,0
2016-03-28,31.34000015258789,31.34000015258789,31.34000015258789,31.34000015258789,31.34000015258789,0
2016-03-29,31.34000015258789,31.34000015258789,31.34000015258789,31.34000015258789,31.34000015258789,0
2016-03-30,31.34000015258789,31.34000015258789,31.34000015258789,31.34000015258789,31.34000015258789,0
2016-03-31,31.34000015258789,31.34000015258789,31.34000015258789,31.34000015258789,31.34000015258789,0
2016-04-01,31.34000015258789,31.34000015258789,31.34000015258789,31.34000015258789,31.34000015258789,0
2016-04-04,31.34000015258789,31.34000015258789,31.34000015258789,31.34000015258789,31.34000015258789,0
2016-04-05,31.34000015258789,31.34000015258789,31.34000015258789,31.34000015258789,31.34000015258789,0
2016-04-06,31.34000015258789,31.34000015258789,31.34000015258789,31.34000015258789,31.34000015258789,0
2016-04-07,31.34000015258789,31.34000015258789,31.34000015258789,31.34000015258789,31.34000015258789,0
2016-04-08,31.34000015258789,31.34000015258789,31.34000015258789,31.34000015258789,31.34000015258789,0
2016-04-11,31.34000015258789,31.34000015258789,31.34000015258789,31.34000015258789,31.34000015258789,0
2016-04-12,40.209999084472656,40.41999816894531,40.16999816894531,40.41999816894531,40.41999816894531,600
2016-04-13,40.08000183105469,40.08000183105469,40.08000183105469,40.08000183105469,40.08000183105469,200
2016-04-14,39.310001373291016,39.369998931884766,39.310001373291016,39.369998931884766,39.369998931884766,200
2016-04-15,39.189998626708984,39.189998626708984,39.189998626708984,39.189998626708984,39.189998626708984,200
2016-04-18,38.720001220703125,38.83000183105469,38.65999984741211,38.65999984741211,38.65999984741211,400
2016-04-19,39.310001373291016,39.310001373291016,39.310001373291016,39.310001373291016,39.310001373291016,100
2016-04-20,39.310001373291016,39.310001373291016,39.310001373291016,39.310001373291016,39.310001373291016,0
2016-04-21,39.310001373291016,39.310001373291016,39.310001373291016,39.310001373291016,39.310001373291016,0
2016-04-22,39.310001373291016,39.310001373291016,39.310001373291016,39.310001373291016,39.310001373291016,0
2016-04-25,39.310001373291016,39.310001373291016,39.310001373291016,39.310001373291016,39.310001373291016,0
2016-04-26,39.310001373291016,39.310001373291016,39.310001373291016,39.310001373291016,39.310001373291016,0
2016-04-27,39.310001373291016,39.310001373291016,39.310001373291016,39.310001373291016,39.310001373291016,0
2016-04-28,39.310001373291016,39.310001373291016,39.310001373291016,39.310001373291016,39.310001373291016,0
2016-04-29,39.310001373291016,39.310001373291016,39.310001373291016,39.310001373291016,39.310001373291016,0
2016-05-02,39.310001373291016,39.310001373291016,39.310001373291016,39.310001373291016,39.310001373291016,0
2016-05-03,39.310001373291016,39.310001373291016,39.310001373291016,39.310001373291016,39.310001373291016,0
2016-05-04,39.310001373291016,39.310001373291016,39.310001373291016,39.310001373291016,39.310001373291016,0
2016-05-05,39.310001373291016,39.310001373291016,39.310001373291016,39.310001373291016,39.310001373291016,0
2016-05-06,39.310001373291016,39.310001373291016,39.310001373291016,39.310001373291016,39.310001373291016,0
2016-05-09,39.310001373291016,39.310001373291016,39.310001373291016,39.310001373291016,39.310001373291016,0
2016-05-10,36.380001068115234,37.650001525878906,36.380001068115234,37.650001525878906,37.650001525878906,600
2016-05-11,36.970001220703125,36.970001220703125,36.970001220703125,36.970001220703125,36.970001220703125,300
2016-05-12,37.25,37.25,37.0,37.0,37.0,1100
2016-05-13,37.0,37.0,37.0,37.0,37.0,0
2016-05-16,37.0,37.0,37.0,37.0,37.0,0
2016-05-17,37.0,37.0,37.0,37.0,37.0,0
2016-05-18,37.0,37.0,37.0,37.0,37.0,0
2016-05-19,35.7599983215332,35.7599983215332,35.7599983215332,35.7599983215332,35.7599983215332,100
2016-05-20,35.7599983215332,35.7599983215332,35.7599983215332,35.7599983215332,35.7599983215332,0
2016-05-23,35.7599983215332,35.7599983215332,35.7599983215332,35.7599983215332,35.7599983215332,0
2016-05-24,35.7599983215332,35.7599983215332,35.7599983215332,35.7599983215332,35.7599983215332,0
2016-05-25,35.7599983215332,35.7599983215332,35.7599983215332,35.7599983215332,35.7599983215332,0
2016-05-26,35.7599983215332,35.7599983215332,35.7599983215332,35.7599983215332,35.7599983215332,0
2016-05-27,36.75,36.75,36.75,36.75,36.75,200
2016-05-31,36.75,36.75,36.75,36.75,36.75,0
2016-06-01,37.66999816894531,37.66999816894531,37.66999816894531,37.66999816894531,37.66999816894531,200
2016-06-02,37.66999816894531,37.66999816894531,37.66999816894531,37.66999816894531,37.66999816894531,200
2016-06-03,37.66999816894531,37.66999816894531,37.66999816894531,37.66999816894531,37.66999816894531,0
2016-06-06,37.66999816894531,37.66999816894531,37.66999816894531,37.66999816894531,37.66999816894531,0
2016-06-07,37.66999816894531,37.66999816894531,37.66999816894531,37.66999816894531,37.66999816894531,0
2016-06-08,37.66999816894531,37.66999816894531,37.66999816894531,37.66999816894531,37.66999816894531,0
2016-06-09,37.66999816894531,37.66999816894531,37.66999816894531,37.66999816894531,37.66999816894531,0
2016-06-10,37.66999816894531,37.66999816894531,37.66999816894531,37.66999816894531,37.66999816894531,0
2016-06-13,37.66999816894531,37.66999816894531,37.66999816894531,37.66999816894531,37.66999816894531,0
2016-06-14,35.0,35.0,35.0,35.0,35.0,200
2016-06-15,35.0,35.0,35.0,35.0,35.0,0
2016-06-16,35.0,35.0,35.0,35.0,35.0,0
2016-06-17,35.0,35.0,35.0,35.0,35.0,0
2016-06-20,35.0,35.0,35.0,35.0,35.0,100
2016-06-21,31.899999618530273,32.06999969482422,31.40999984741211,31.40999984741211,31.40999984741211,4900
2016-06-22,31.40999984741211,31.40999984741211,31.40999984741211,31.40999984741211,31.40999984741211,0
2016-06-23,33.56999969482422,34.02000045776367,33.04999923706055,33.56999969482422,33.56999969482422,16000
2016-06-24,32.02000045776367,32.02000045776367,29.0,29.0,29.0,21200
2016-06-27,29.479999542236328,29.479999542236328,27.6200008392334,27.6200008392334,27.6200008392334,1300
2016-06-28,27.34000015258789,29.110000610351562,27.34000015258789,29.110000610351562,29.110000610351562,3600
2016-06-29,30.700000762939453,30.950000762939453,30.489999771118164,30.489999771118164,30.489999771118164,5100
2016-06-30,29.100000381469727,29.399999618530273,28.81999969482422,28.8799991607666,28.8799991607666,3400
2016-07-01,28.8799991607666,28.8799991607666,28.8799991607666,28.8799991607666,28.8799991607666,0
2016-07-05,28.200000762939453,28.799999237060547,28.200000762939453,28.399999618530273,28.399999618530273,6900
2016-07-06,27.600000381469727,27.799999237060547,27.600000381469727,27.65999984741211,27.65999984741211,1200
2016-07-07,29.530000686645508,29.530000686645508,28.09000015258789,28.65999984741211,28.65999984741211,4300
2016-07-08,30.149999618530273,31.639999389648438,30.0,30.0,30.0,3800
2016-07-11,29.600000381469727,30.350000381469727,29.600000381469727,30.0,30.0,2400
2016-07-12,28.979999542236328,30.959999084472656,28.979999542236328,30.420000076293945,30.420000076293945,6800
2016-07-13,30.420000076293945,30.420000076293945,30.420000076293945,30.420000076293945,30.420000076293945,0
2016-07-14,31.90999984741211,31.90999984741211,31.559999465942383,31.559999465942383,31.559999465942383,300
2016-07-15,31.299999237060547,31.809999465942383,31.299999237060547,31.5,31.5,3200
2016-07-18,32.349998474121094,32.70000076293945,32.349998474121094,32.349998474121094,32.349998474121094,4500
2016-07-19,31.700000762939453,32.150001525878906,31.700000762939453,31.889999389648438,31.889999389648438,4500
2016-07-20,31.25,31.75,31.25,31.350000381469727,31.350000381469727,4800
2016-07-21,31.350000381469727,31.350000381469727,31.350000381469727,31.350000381469727,31.350000381469727,0
2016-07-22,32.9900016784668,32.9900016784668,31.649999618530273,31.700000762939453,31.700000762939453,7700
2016-07-25,31.540000915527344,32.13999938964844,31.440000534057617,31.940000534057617,31.940000534057617,4000
2016-07-26,31.260000228881836,32.099998474121094,31.260000228881836,31.399999618530273,31.399999618530273,1500
2016-07-27,31.170000076293945,31.610000610351562,31.170000076293945,31.610000610351562,31.610000610351562,900
2016-07-28,31.8700008392334,31.8700008392334,30.309999465942383,31.079999923706055,31.079999923706055,900
2016-07-29,31.079999923706055,31.079999923706055,31.079999923706055,31.079999923706055,31.079999923706055,0
2016-08-01,31.079999923706055,31.079999923706055,31.079999923706055,31.079999923706055,31.079999923706055,0
2016-08-02,31.079999923706055,31.079999923706055,31.079999923706055,31.079999923706055,31.079999923706055,0
2016-08-03,31.079999923706055,31.079999923706055,31.079999923706055,31.079999923706055,31.079999923706055,0
2016-08-04,31.079999923706055,31.079999923706055,31.079999923706055,31.079999923706055,31.079999923706055,0
2016-08-05,31.079999923706055,31.079999923706055,31.079999923706055,31.079999923706055,31.079999923706055,0
2016-08-08,31.079999923706055,31.079999923706055,31.079999923706055,31.079999923706055,31.079999923706055,0
2016-08-09,31.079999923706055,31.079999923706055,31.079999923706055,31.079999923706055,31.079999923706055,0
2016-08-10,31.079999923706055,31.079999923706055,31.079999923706055,31.079999923706055,31.079999923706055,0
2016-08-11,31.079999923706055,31.079999923706055,31.079999923706055,31.079999923706055,31.079999923706055,0
2016-08-12,31.6299991607666,31.6299991607666,31.6299991607666,31.6299991607666,31.6299991607666,500
2016-08-15,31.6299991607666,31.6299991607666,31.6299991607666,31.6299991607666,31.6299991607666,0
2016-08-16,31.6299991607666,31.6299991607666,31.6299991607666,31.6299991607666,31.6299991607666,0
2016-08-17,31.6299991607666,31.6299991607666,31.6299991607666,31.6299991607666,31.6299991607666,0
2016-08-18,32.22999954223633,32.22999954223633,32.22999954223633,32.22999954223633,32.22999954223633,100
2016-08-19,32.22999954223633,32.22999954223633,32.22999954223633,32.22999954223633,32.22999954223633,0
2016-08-22,32.22999954223633,32.22999954223633,32.22999954223633,32.22999954223633,32.22999954223633,0
2016-08-23,32.22999954223633,32.22999954223633,32.22999954223633,32.22999954223633,32.22999954223633,0
2016-08-24,32.22999954223633,32.22999954223633,32.22999954223633,32.22999954223633,32.22999954223633,0
2016-08-25,32.22999954223633,32.22999954223633,32.22999954223633,32.22999954223633,32.22999954223633,0
2016-08-26,32.04999923706055,32.04999923706055,32.04999923706055,32.04999923706055,32.04999923706055,1000
2016-08-29,32.04999923706055,32.04999923706055,32.04999923706055,32.04999923706055,32.04999923706055,0
2016-08-30,32.04999923706055,32.04999923706055,32.04999923706055,32.04999923706055,32.04999923706055,0
2016-08-31,32.04999923706055,32.04999923706055,32.04999923706055,32.04999923706055,32.04999923706055,0
2016-09-01,32.04999923706055,32.04999923706055,32.04999923706055,32.04999923706055,32.04999923706055,0
2016-09-02,32.04999923706055,32.04999923706055,32.04999923706055,32.04999923706055,32.04999923706055,0
2016-09-06,33.689998626708984,33.84000015258789,33.45000076293945,33.83000183105469,33.83000183105469,1700
2016-09-07,33.790000915527344,33.86000061035156,33.43000030517578,33.86000061035156,33.86000061035156,2100
2016-09-08,33.470001220703125,34.08000183105469,32.70000076293945,34.08000183105469,34.08000183105469,2600
2016-09-09,33.66999816894531,34.41999816894531,32.9900016784668,34.02000045776367,34.02000045776367,2500
2016-09-12,36.56999969482422,36.56999969482422,34.75,35.56999969482422,35.56999969482422,1200
2016-09-13,35.63999938964844,35.77000045776367,33.90999984741211,34.630001068115234,34.630001068115234,3700
2016-09-14,35.7599983215332,35.7599983215332,34.45000076293945,35.619998931884766,35.619998931884766,3500
2016-09-15,35.349998474121094,36.68000030517578,35.349998474121094,36.5099983215332,36.5099983215332,3600
2016-09-16,36.90999984741211,44.38999938964844,33.099998474121094,33.099998474121094,33.099998474121094,10900
2016-09-19,33.79999923706055,36.369998931884766,33.7599983215332,35.369998931884766,35.369998931884766,1200
2016-09-20,35.369998931884766,35.369998931884766,35.369998931884766,35.369998931884766,35.369998931884766,0
2016-09-21,35.369998931884766,35.369998931884766,35.369998931884766,35.369998931884766,35.369998931884766,0
2016-09-22,35.060001373291016,36.4900016784668,35.060001373291016,36.4900016784668,36.4900016784668,500
2016-09-23,36.29999923706055,36.29999923706055,36.29999923706055,36.29999923706055,36.29999923706055,100
2016-09-26,34.04999923706055,34.04999923706055,34.040000915527344,34.040000915527344,34.040000915527344,600
2016-09-27,34.040000915527344,34.040000915527344,34.040000915527344,34.040000915527344,34.040000915527344,0
2016-09-28,34.040000915527344,36.31999969482422,33.5,36.31999969482422,36.31999969482422,3700
2016-09-29,36.31999969482422,36.31999969482422,36.31999969482422,36.31999969482422,36.31999969482422,0
2016-09-30,34.70000076293945,35.9900016784668,34.70000076293945,34.70000076293945,34.70000076293945,900
2016-10-03,34.7400016784668,34.7400016784668,34.08000183105469,34.65999984741211,34.65999984741211,800
2016-10-04,34.65999984741211,34.65999984741211,34.630001068115234,34.630001068115234,34.630001068115234,1000
2016-10-05,34.540000915527344,37.52000045776367,34.5,37.52000045776367,37.52000045776367,900
2016-10-06,35.5,35.5,34.65999984741211,34.65999984741211,34.65999984741211,1000
2016-10-07,34.65999984741211,34.65999984741211,34.65999984741211,34.65999984741211,34.65999984741211,0
2016-10-10,34.65999984741211,34.65999984741211,34.65999984741211,34.65999984741211,34.65999984741211,0
2016-10-11,34.65999984741211,34.65999984741211,34.65999984741211,34.65999984741211,34.65999984741211,0
2016-10-12,34.65999984741211,34.65999984741211,34.65999984741211,34.65999984741211,34.65999984741211,0
2016-10-13,34.65999984741211,34.65999984741211,34.65999984741211,34.65999984741211,34.65999984741211,0
2016-10-14,34.65999984741211,34.65999984741211,34.65999984741211,34.65999984741211,34.65999984741211,0
2016-10-17,32.45000076293945,33.400001525878906,32.04999923706055,33.25,33.25,500
2016-10-18,33.25,33.25,33.25,33.25,33.25,0
2016-10-19,33.25,33.25,33.25,33.25,33.25,0
2016-10-20,33.25,33.25,33.25,33.25,33.25,0
2016-10-21,33.25,33.25,33.25,33.25,33.25,0
2016-10-24,33.25,33.25,33.25,33.25,33.25,0
2016-10-25,35.0,35.0,35.0,35.0,35.0,100
2016-10-26,32.0099983215332,32.029998779296875,32.0099983215332,32.029998779296875,32.029998779296875,1000
2016-10-27,32.029998779296875,32.029998779296875,32.029998779296875,32.029998779296875,32.029998779296875,0
2016-10-28,32.029998779296875,32.029998779296875,32.029998779296875,32.029998779296875,32.029998779296875,0
2016-10-31,32.029998779296875,32.029998779296875,32.029998779296875,32.029998779296875,32.029998779296875,0
2016-11-01,32.029998779296875,32.029998779296875,32.029998779296875,32.029998779296875,32.029998779296875,0
2016-11-02,32.029998779296875,32.029998779296875,32.029998779296875,32.029998779296875,32.029998779296875,0
2016-11-03,32.029998779296875,32.029998779296875,32.029998779296875,32.029998779296875,32.029998779296875,0
2016-11-04,32.029998779296875,32.029998779296875,32.029998779296875,32.029998779296875,32.029998779296875,0
2016-11-07,32.029998779296875,32.029998779296875,32.029998779296875,32.029998779296875,32.029998779296875,0
2016-11-08,32.029998779296875,32.029998779296875,32.029998779296875,32.029998779296875,32.029998779296875,0
2016-11-09,32.029998779296875,32.029998779296875,32.029998779296875,32.029998779296875,32.029998779296875,0
2016-11-10,32.029998779296875,32.029998779296875,32.029998779296875,32.029998779296875,32.029998779296875,0
2016-11-11,32.029998779296875,32.029998779296875,32.029998779296875,32.029998779296875,32.029998779296875,0
2016-11-14,32.029998779296875,32.029998779296875,32.029998779296875,32.029998779296875,32.029998779296875,0
2016-11-15,32.029998779296875,32.029998779296875,32.029998779296875,32.029998779296875,32.029998779296875,0
2016-11-16,32.029998779296875,32.029998779296875,32.029998779296875,32.029998779296875,32.029998779296875,0
2016-11-17,32.029998779296875,32.029998779296875,32.029998779296875,32.029998779296875,32.029998779296875,0
2016-11-18,32.029998779296875,32.029998779296875,32.029998779296875,32.029998779296875,32.029998779296875,0
2016-11-21,32.029998779296875,32.029998779296875,32.029998779296875,32.029998779296875,32.029998779296875,0
2016-11-22,32.029998779296875,32.029998779296875,32.029998779296875,32.029998779296875,32.029998779296875,0
2016-11-23,32.029998779296875,32.029998779296875,32.029998779296875,32.029998779296875,32.029998779296875,0
2016-11-25,32.029998779296875,32.029998779296875,32.029998779296875,32.029998779296875,32.029998779296875,0
2016-11-28,32.029998779296875,32.029998779296875,32.029998779296875,32.029998779296875,32.029998779296875,0
2016-11-29,32.029998779296875,32.029998779296875,32.029998779296875,32.029998779296875,32.029998779296875,0
2016-11-30,32.029998779296875,32.029998779296875,32.029998779296875,32.029998779296875,32.029998779296875,0
2016-12-01,32.029998779296875,32.029998779296875,32.029998779296875,32.029998779296875,32.029998779296875,0
2016-12-02,32.029998779296875,32.029998779296875,32.029998779296875,32.029998779296875,32.029998779296875,0
2016-12-05,30.0,30.0,30.0,30.0,30.0,100
2016-12-06,30.0,30.0,30.0,30.0,30.0,0
2016-12-07,30.049999237060547,30.049999237060547,29.950000762939453,29.950000762939453,29.950000762939453,500
2016-12-08,30.25,30.25,30.25,30.25,30.25,200
2016-12-09,30.25,30.25,30.25,30.25,30.25,0
2016-12-12,30.25,30.25,30.25,30.25,30.25,0
2016-12-13,30.149999618530273,31.5,30.149999618530273,31.5,31.5,400
2016-12-14,31.5,31.5,31.5,31.5,31.5,0
2016-12-15,31.5,31.5,31.5,31.5,31.5,0
2016-12-16,31.850000381469727,31.850000381469727,31.850000381469727,31.850000381469727,31.850000381469727,600
2016-12-19,31.850000381469727,31.850000381469727,31.850000381469727,31.850000381469727,31.850000381469727,0
2016-12-20,31.850000381469727,31.850000381469727,31.850000381469727,31.850000381469727,31.850000381469727,0
2016-12-21,31.850000381469727,31.850000381469727,31.850000381469727,31.850000381469727,31.850000381469727,0
2016-12-22,31.850000381469727,31.850000381469727,31.850000381469727,31.850000381469727,31.850000381469727,0
2016-12-23,31.850000381469727,31.850000381469727,31.850000381469727,31.850000381469727,31.850000381469727,0
2016-12-27,33.18000030517578,33.18000030517578,33.18000030517578,33.18000030517578,33.18000030517578,200
2016-12-28,33.18000030517578,33.18000030517578,33.18000030517578,33.18000030517578,33.18000030517578,0
2016-12-29,33.18000030517578,33.18000030517578,33.18000030517578,33.18000030517578,33.18000030517578,0
2016-12-30,31.0,31.450000762939453,30.75,31.450000762939453,31.450000762939453,1600
2017-01-03,31.450000762939453,31.450000762939453,31.450000762939453,31.450000762939453,31.450000762939453,0
2017-01-04,31.450000762939453,31.450000762939453,31.450000762939453,31.450000762939453,31.450000762939453,0
2017-01-05,32.31999969482422,32.31999969482422,32.31999969482422,32.31999969482422,32.31999969482422,300
2017-01-06,33.45000076293945,33.45000076293945,33.45000076293945,33.45000076293945,33.45000076293945,200
2017-01-09,33.45000076293945,33.45000076293945,33.45000076293945,33.45000076293945,33.45000076293945,0
2017-01-10,33.45000076293945,33.45000076293945,33.45000076293945,33.45000076293945,33.45000076293945,0
2017-01-11,33.45000076293945,33.45000076293945,33.45000076293945,33.45000076293945,33.45000076293945,0
2017-01-12,33.45000076293945,33.45000076293945,33.45000076293945,33.45000076293945,33.45000076293945,0
2017-01-13,33.45000076293945,33.45000076293945,33.45000076293945,33.45000076293945,33.45000076293945,0
2017-01-17,33.45000076293945,33.45000076293945,33.45000076293945,33.45000076293945,33.45000076293945,0
2017-01-18,33.45000076293945,33.45000076293945,33.45000076293945,33.45000076293945,33.45000076293945,0
2017-01-19,33.45000076293945,33.45000076293945,33.45000076293945,33.45000076293945,33.45000076293945,0
2017-01-20,33.45000076293945,33.45000076293945,33.45000076293945,33.45000076293945,33.45000076293945,0
2017-01-23,33.45000076293945,33.45000076293945,33.45000076293945,33.45000076293945,33.45000076293945,0
2017-01-24,33.45000076293945,33.45000076293945,33.45000076293945,33.45000076293945,33.45000076293945,0
2017-01-25,33.45000076293945,33.45000076293945,33.45000076293945,33.45000076293945,33.45000076293945,0
2017-01-26,33.45000076293945,33.45000076293945,33.45000076293945,33.45000076293945,33.45000076293945,0
2017-01-27,33.45000076293945,33.45000076293945,33.45000076293945,33.45000076293945,33.45000076293945,0
2017-01-30,36.650001525878906,39.849998474121094,36.650001525878906,39.79999923706055,39.79999923706055,2500
2017-01-31,39.40999984741211,39.40999984741211,39.40999984741211,39.40999984741211,39.40999984741211,100
2017-02-01,39.40999984741211,39.40999984741211,39.40999984741211,39.40999984741211,39.40999984741211,0
2017-02-02,39.40999984741211,39.40999984741211,39.40999984741211,39.40999984741211,39.40999984741211,0
2017-02-03,39.40999984741211,39.40999984741211,39.40999984741211,39.40999984741211,39.40999984741211,0
2017-02-06,39.40999984741211,39.40999984741211,39.40999984741211,39.40999984741211,39.40999984741211,0
2017-02-07,39.40999984741211,39.40999984741211,39.40999984741211,39.40999984741211,39.40999984741211,0
2017-02-08,39.40999984741211,39.40999984741211,39.40999984741211,39.40999984741211,39.40999984741211,0
2017-02-09,39.40999984741211,39.40999984741211,39.40999984741211,39.40999984741211,39.40999984741211,0
2017-02-10,38.0,38.0,35.25,35.25,35.25,7600
2017-02-13,35.25,35.25,35.25,35.25,35.25,0
2017-02-14,35.25,35.25,35.25,35.25,35.25,0
2017-02-15,35.25,35.25,35.25,35.25,35.25,0
2017-02-16,35.25,35.25,35.25,35.25,35.25,0
2017-02-17,35.25,35.25,35.25,35.25,35.25,0
2017-02-21,35.25,35.25,35.25,35.25,35.25,0
2017-02-22,35.25,35.25,35.25,35.25,35.25,0
2017-02-23,35.25,35.25,35.25,35.25,35.25,0
2017-02-24,35.25,35.25,35.25,35.25,35.25,0
2017-02-27,35.25,35.25,35.25,35.25,35.25,0
2017-02-28,36.79999923706055,38.0,35.95000076293945,36.70000076293945,36.70000076293945,700
2017-03-01,36.70000076293945,36.70000076293945,36.70000076293945,36.70000076293945,36.70000076293945,0
2017-03-02,36.70000076293945,36.70000076293945,36.70000076293945,36.70000076293945,36.70000076293945,0
2017-03-03,36.70000076293945,36.70000076293945,36.70000076293945,36.70000076293945,36.70000076293945,0
2017-03-06,36.70000076293945,36.70000076293945,36.70000076293945,36.70000076293945,36.70000076293945,0
2017-03-07,36.70000076293945,36.70000076293945,36.70000076293945,36.70000076293945,36.70000076293945,0
2017-03-08,36.70000076293945,36.70000076293945,36.70000076293945,36.70000076293945,36.70000076293945,0
2017-03-09,36.70000076293945,36.70000076293945,36.70000076293945,36.70000076293945,36.70000076293945,0
2017-03-10,36.70000076293945,36.70000076293945,36.70000076293945,36.70000076293945,36.70000076293945,0
2017-03-13,36.70000076293945,36.70000076293945,36.70000076293945,36.70000076293945,36.70000076293945,0
2017-03-14,36.70000076293945,36.70000076293945,36.70000076293945,36.70000076293945,36.70000076293945,0
2017-03-15,36.70000076293945,36.70000076293945,36.70000076293945,36.70000076293945,36.70000076293945,0
2017-03-16,36.70000076293945,36.70000076293945,36.70000076293945,36.70000076293945,36.70000076293945,0
2017-03-17,36.70000076293945,36.70000076293945,36.70000076293945,36.70000076293945,36.70000076293945,0
2017-03-20,37.400001525878906,37.400001525878906,37.400001525878906,37.400001525878906,37.400001525878906,300
2017-03-21,37.400001525878906,37.400001525878906,37.400001525878906,37.400001525878906,37.400001525878906,0
2017-03-22,37.400001525878906,37.400001525878906,37.400001525878906,37.400001525878906,37.400001525878906,0
2017-03-23,37.400001525878906,37.400001525878906,37.400001525878906,37.400001525878906,37.400001525878906,0
2017-03-24,37.400001525878906,37.400001525878906,37.400001525878906,37.400001525878906,37.400001525878906,0
2017-03-27,35.349998474121094,35.349998474121094,35.099998474121094,35.099998474121094,35.099998474121094,900
2017-03-28,35.099998474121094,35.099998474121094,35.099998474121094,35.099998474121094,35.099998474121094,0
2017-03-29,35.099998474121094,35.099998474121094,35.099998474121094,35.099998474121094,35.099998474121094,0
2017-03-30,35.099998474121094,35.099998474121094,35.099998474121094,35.099998474121094,35.099998474121094,0
2017-03-31,35.099998474121094,35.099998474121094,35.099998474121094,35.099998474121094,35.099998474121094,0
2017-04-03,35.099998474121094,35.099998474121094,35.099998474121094,35.099998474121094,35.099998474121094,0
2017-04-04,37.0,37.0,37.0,37.0,37.0,500
2017-04-05,37.0,37.0,37.0,37.0,37.0,0
2017-04-06,37.0,37.0,37.0,37.0,37.0,0
2017-04-07,37.0,37.0,37.0,37.0,37.0,0
2017-04-10,37.0,37.0,37.0,37.0,37.0,0
2017-04-11,37.0,37.0,37.0,37.0,37.0,0
2017-04-12,37.0,37.0,37.0,37.0,37.0,0
2017-04-13,35.5,35.5,35.5,35.5,35.5,200
2017-04-17,35.5,35.5,35.5,35.5,35.5,0
2017-04-18,35.5,35.5,35.5,35.5,35.5,0
2017-04-19,35.5,35.5,35.5,35.5,35.5,0
2017-04-20,35.5,35.5,35.5,35.5,35.5,0
2017-04-21,35.5,35.5,35.5,35.5,35.5,0
2017-04-24,35.5,35.5,35.5,35.5,35.5,0
2017-04-25,35.5,35.5,35.5,35.5,35.5,0
2017-04-26,35.5,35.5,35.5,35.5,35.5,0
2017-04-27,35.5,35.5,35.5,35.5,35.5,0
2017-04-28,35.5,35.5,35.5,35.5,35.5,0
2017-05-01,35.5,35.5,35.5,35.5,35.5,0
2017-05-02,37.29999923706055,37.29999923706055,37.29999923706055,37.29999923706055,37.29999923706055,500
2017-05-03,37.29999923706055,37.29999923706055,37.29999923706055,37.29999923706055,37.29999923706055,0
2017-05-04,37.29999923706055,37.29999923706055,37.29999923706055,37.29999923706055,37.29999923706055,0
2017-05-05,37.29999923706055,37.29999923706055,37.29999923706055,37.29999923706055,37.29999923706055,0
2017-05-08,37.29999923706055,37.29999923706055,37.29999923706055,37.29999923706055,37.29999923706055,0
2017-05-09,32.0,33.5,31.450000762939453,31.950000762939453,31.950000762939453,5500
2017-05-10,30.5,30.649999618530273,30.5,30.5,30.5,1000
2017-05-11,30.5,30.5,30.5,30.5,30.5,0
2017-05-12,30.5,30.5,30.5,30.5,30.5,0
2017-05-15,32.20000076293945,32.29999923706055,31.850000381469727,32.25,32.25,3700
2017-05-16,30.06999969482422,30.06999969482422,30.06999969482422,30.06999969482422,30.06999969482422,100
2017-05-17,29.360000610351562,29.360000610351562,29.360000610351562,29.360000610351562,29.360000610351562,600
2017-05-18,29.360000610351562,29.360000610351562,29.360000610351562,29.360000610351562,29.360000610351562,0
2017-05-19,32.099998474121094,32.150001525878906,31.399999618530273,31.399999618530273,31.399999618530273,500
2017-05-22,31.399999618530273,31.399999618530273,31.399999618530273,31.399999618530273,31.399999618530273,0
2017-05-23,31.399999618530273,31.399999618530273,31.399999618530273,31.399999618530273,31.399999618530273,0
2017-05-24,31.399999618530273,31.399999618530273,31.399999618530273,31.399999618530273,31.399999618530273,0
2017-05-25,32.29999923706055,32.29999923706055,31.649999618530273,31.649999618530273,31.649999618530273,400
2017-05-26,31.649999618530273,31.649999618530273,31.649999618530273,31.649999618530273,31.649999618530273,0
2017-05-30,31.649999618530273,31.649999618530273,31.649999618530273,31.649999618530273,31.649999618530273,0
2017-05-31,31.649999618530273,31.649999618530273,31.649999618530273,31.649999618530273,31.649999618530273,0
2017-06-01,31.649999618530273,31.649999618530273,31.649999618530273,31.649999618530273,31.649999618530273,0
2017-06-02,31.649999618530273,31.649999618530273,31.649999618530273,31.649999618530273,31.649999618530273,0
2017-06-05,31.649999618530273,31.649999618530273,31.649999618530273,31.649999618530273,31.649999618530273,0
2017-06-06,31.649999618530273,31.649999618530273,31.649999618530273,31.649999618530273,31.649999618530273,0
2017-06-07,31.649999618530273,31.649999618530273,31.649999618530273,31.649999618530273,31.649999618530273,0
2017-06-08,31.649999618530273,31.649999618530273,31.649999618530273,31.649999618530273,31.649999618530273,0
2017-06-09,31.649999618530273,31.649999618530273,31.649999618530273,31.649999618530273,31.649999618530273,0
2017-06-12,31.649999618530273,31.649999618530273,31.649999618530273,31.649999618530273,31.649999618530273,0
2017-06-13,31.649999618530273,31.649999618530273,31.649999618530273,31.649999618530273,31.649999618530273,0
2017-06-14,31.649999618530273,31.649999618530273,31.649999618530273,31.649999618530273,31.649999618530273,0
2017-06-15,29.899999618530273,30.700000762939453,29.899999618530273,30.700000762939453,30.700000762939453,1500
2017-06-16,30.700000762939453,30.700000762939453,30.700000762939453,30.700000762939453,30.700000762939453,0
2017-06-19,30.700000762939453,30.700000762939453,30.700000762939453,30.700000762939453,30.700000762939453,0
2017-06-20,30.700000762939453,30.700000762939453,30.700000762939453,30.700000762939453,30.700000762939453,0
2017-06-21,30.700000762939453,30.700000762939453,30.700000762939453,30.700000762939453,30.700000762939453,0
2017-06-22,29.049999237060547,31.049999237060547,29.049999237060547,31.049999237060547,31.049999237060547,1500
2017-06-23,31.049999237060547,31.049999237060547,31.049999237060547,31.049999237060547,31.049999237060547,0
2017-06-26,31.049999237060547,31.049999237060547,31.049999237060547,31.049999237060547,31.049999237060547,0
2017-06-27,31.049999237060547,31.049999237060547,31.049999237060547,31.049999237060547,31.049999237060547,0
2017-06-28,31.049999237060547,31.049999237060547,31.049999237060547,31.049999237060547,31.049999237060547,0
2017-06-29,31.049999237060547,31.049999237060547,31.049999237060547,31.049999237060547,31.049999237060547,0
2017-06-30,31.049999237060547,31.049999237060547,31.049999237060547,31.049999237060547,31.049999237060547,0
2017-07-03,31.049999237060547,31.049999237060547,31.049999237060547,31.049999237060547,31.049999237060547,0
2017-07-05,31.049999237060547,31.049999237060547,31.049999237060547,31.049999237060547,31.049999237060547,0
2017-07-06,31.049999237060547,31.049999237060547,31.049999237060547,31.049999237060547,31.049999237060547,0
2017-07-07,31.049999237060547,31.049999237060547,31.049999237060547,31.049999237060547,31.049999237060547,0
2017-07-10,31.299999237060547,31.299999237060547,31.299999237060547,31.299999237060547,31.299999237060547,100
2017-07-11,31.299999237060547,31.299999237060547,31.299999237060547,31.299999237060547,31.299999237060547,0
2017-07-12,31.299999237060547,31.299999237060547,31.299999237060547,31.299999237060547,31.299999237060547,0
2017-07-13,31.299999237060547,31.299999237060547,31.299999237060547,31.299999237060547,31.299999237060547,0
2017-07-14,31.299999237060547,31.299999237060547,31.299999237060547,31.299999237060547,31.299999237060547,0
2017-07-17,31.299999237060547,31.299999237060547,31.299999237060547,31.299999237060547,31.299999237060547,0
2017-07-18,31.299999237060547,31.299999237060547,31.299999237060547,31.299999237060547,31.299999237060547,0
2017-07-19,31.299999237060547,31.299999237060547,31.299999237060547,31.299999237060547,31.299999237060547,0
2017-07-20,35.0,35.0,35.0,35.0,35.0,300
2017-07-21,32.900001525878906,32.900001525878906,32.900001525878906,32.900001525878906,32.900001525878906,200
2017-07-24,32.900001525878906,32.900001525878906,32.900001525878906,32.900001525878906,32.900001525878906,0
2017-07-25,32.900001525878906,32.900001525878906,32.900001525878906,32.900001525878906,32.900001525878906,400
2017-07-26,32.900001525878906,32.900001525878906,32.900001525878906,32.900001525878906,32.900001525878906,0
2017-07-27,34.150001525878906,34.150001525878906,34.150001525878906,34.150001525878906,34.150001525878906,500
2017-07-28,34.150001525878906,34.150001525878906,34.150001525878906,34.150001525878906,34.150001525878906,0
2017-07-31,34.150001525878906,34.150001525878906,34.150001525878906,34.150001525878906,34.150001525878906,0
2017-08-01,34.150001525878906,34.150001525878906,34.150001525878906,34.150001525878906,34.150001525878906,0
2017-08-02,34.150001525878906,34.150001525878906,34.150001525878906,34.150001525878906,34.150001525878906,0
2017-08-03,34.150001525878906,34.150001525878906,34.150001525878906,34.150001525878906,34.150001525878906,0
2017-08-04,34.150001525878906,34.150001525878906,34.150001525878906,34.150001525878906,34.150001525878906,0
2017-08-07,34.150001525878906,34.150001525878906,34.150001525878906,34.150001525878906,34.150001525878906,0
2017-08-08,35.099998474121094,35.099998474121094,35.099998474121094,35.099998474121094,35.099998474121094,200
2017-08-09,35.75,35.75,34.099998474121094,34.349998474121094,34.349998474121094,600
2017-08-10,34.349998474121094,34.349998474121094,34.349998474121094,34.349998474121094,34.349998474121094,0
2017-08-11,35.650001525878906,35.650001525878906,35.650001525878906,35.650001525878906,35.650001525878906,100
2017-08-14,36.54999923706055,36.54999923706055,33.650001525878906,34.70000076293945,34.70000076293945,3200
2017-08-15,34.70000076293945,34.70000076293945,34.70000076293945,34.70000076293945,34.70000076293945,0
2017-08-16,34.70000076293945,34.70000076293945,34.70000076293945,34.70000076293945,34.70000076293945,0
2017-08-17,34.70000076293945,34.70000076293945,34.70000076293945,34.70000076293945,34.70000076293945,0
2017-08-18,34.70000076293945,34.70000076293945,34.70000076293945,34.70000076293945,34.70000076293945,0
2017-08-21,34.70000076293945,34.70000076293945,34.70000076293945,34.70000076293945,34.70000076293945,0
2017-08-22,34.70000076293945,34.70000076293945,34.70000076293945,34.70000076293945,34.70000076293945,0
2017-08-23,35.45000076293945,35.599998474121094,35.45000076293945,35.599998474121094,35.599998474121094,900
2017-08-24,33.400001525878906,33.400001525878906,33.400001525878906,33.400001525878906,33.400001525878906,700
2017-08-25,33.400001525878906,33.400001525878906,33.400001525878906,33.400001525878906,33.400001525878906,0
2017-08-28,33.849998474121094,33.849998474121094,33.849998474121094,33.849998474121094,33.849998474121094,100
2017-08-29,33.849998474121094,33.849998474121094,33.849998474121094,33.849998474121094,33.849998474121094,0
2017-08-30,33.849998474121094,33.849998474121094,33.849998474121094,33.849998474121094,33.849998474121094,0
2017-08-31,33.849998474121094,33.849998474121094,33.849998474121094,33.849998474121094,33.849998474121094,0
2017-09-01,33.849998474121094,33.849998474121094,33.849998474121094,33.849998474121094,33.849998474121094,0
2017-09-05,33.5,33.75,33.5,33.599998474121094,33.599998474121094,700
2017-09-06,33.900001525878906,34.25,33.900001525878906,34.25,34.25,600
2017-09-07,33.650001525878906,33.650001525878906,33.54999923706055,33.54999923706055,33.54999923706055,600
2017-09-08,32.5,32.5,32.29999923706055,32.5,32.5,600
2017-09-11,34.650001525878906,34.650001525878906,31.950000762939453,31.950000762939453,31.950000762939453,1200
2017-09-12,32.25,32.5,32.25,32.45000076293945,32.45000076293945,1500
2017-09-13,32.400001525878906,32.5,32.25,32.25,32.25,1700
2017-09-14,32.04999923706055,32.349998474121094,32.04999923706055,32.20000076293945,32.20000076293945,900
2017-09-15,32.25,34.400001525878906,32.25,34.400001525878906,34.400001525878906,4500
2017-09-18,33.650001525878906,33.650001525878906,33.650001525878906,33.650001525878906,33.650001525878906,200
2017-09-19,33.70000076293945,33.70000076293945,33.099998474121094,33.099998474121094,33.099998474121094,1700
2017-09-20,33.900001525878906,34.29999923706055,33.849998474121094,34.20000076293945,34.20000076293945,1300
2017-09-21,34.20000076293945,34.20000076293945,34.20000076293945,34.20000076293945,34.20000076293945,0
2017-09-22,34.20000076293945,34.20000076293945,34.20000076293945,34.20000076293945,34.20000076293945,0
2017-09-25,34.20000076293945,34.20000076293945,34.20000076293945,34.20000076293945,34.20000076293945,0
2017-09-26,35.25,35.25,35.25,35.25,35.25,100
2017-09-27,35.25,35.25,35.25,35.25,35.25,0
2017-09-28,35.25,35.25,35.25,35.25,35.25,0
2017-09-29,35.25,35.25,35.25,35.25,35.25,0
2017-10-02,34.0,34.099998474121094,34.0,34.099998474121094,34.099998474121094,500
2017-10-03,34.099998474121094,34.099998474121094,34.099998474121094,34.099998474121094,34.099998474121094,0
2017-10-04,33.29999923706055,34.349998474121094,33.29999923706055,33.29999923706055,33.29999923706055,1100
2017-10-05,33.79999923706055,33.79999923706055,33.79999923706055,33.79999923706055,33.79999923706055,600
2017-10-06,32.849998474121094,32.849998474121094,32.849998474121094,32.849998474121094,32.849998474121094,200
2017-10-09,32.849998474121094,32.849998474121094,32.849998474121094,32.849998474121094,32.849998474121094,0
2017-10-10,32.849998474121094,32.849998474121094,32.849998474121094,32.849998474121094,32.849998474121094,0
2017-10-11,32.849998474121094,32.849998474121094,32.849998474121094,32.849998474121094,32.849998474121094,0
2017-10-12,32.849998474121094,32.849998474121094,32.849998474121094,32.849998474121094,32.849998474121094,0
2017-10-13,32.849998474121094,32.849998474121094,32.849998474121094,32.849998474121094,32.849998474121094,0
2017-10-16,32.54999923706055,32.54999923706055,32.54999923706055,32.54999923706055,32.54999923706055,300
2017-10-17,32.54999923706055,32.54999923706055,32.54999923706055,32.54999923706055,32.54999923706055,0
2017-10-18,32.54999923706055,32.54999923706055,32.54999923706055,32.54999923706055,32.54999923706055,0
2017-10-19,32.54999923706055,32.54999923706055,32.54999923706055,32.54999923706055,32.54999923706055,0
2017-10-20,32.54999923706055,32.54999923706055,32.54999923706055,32.54999923706055,32.54999923706055,0
2017-10-23,32.54999923706055,32.54999923706055,32.54999923706055,32.54999923706055,32.54999923706055,0
2017-10-24,32.54999923706055,32.54999923706055,32.54999923706055,32.54999923706055,32.54999923706055,0
2017-10-25,32.54999923706055,32.54999923706055,32.54999923706055,32.54999923706055,32.54999923706055,0
2017-10-26,32.45000076293945,32.45000076293945,31.049999237060547,31.049999237060547,31.049999237060547,1300
2017-10-27,31.049999237060547,31.049999237060547,31.049999237060547,31.049999237060547,31.049999237060547,0
2017-10-30,30.799999237060547,30.799999237060547,30.5,30.649999618530273,30.649999618530273,2200
2017-10-31,30.649999618530273,30.649999618530273,30.649999618530273,30.649999618530273,30.649999618530273,0
2017-11-01,31.100000381469727,31.100000381469727,31.0,31.0,31.0,300
2017-11-02,31.0,31.0,31.0,31.0,31.0,0
2017-11-03,31.0,31.0,31.0,31.0,31.0,0
2017-11-06,31.0,31.0,31.0,31.0,31.0,0
2017-11-07,31.0,31.0,31.0,31.0,31.0,0
2017-11-08,31.0,31.0,31.0,31.0,31.0,0
2017-11-09,31.0,31.0,31.0,31.0,31.0,0
2017-11-10,31.0,31.0,31.0,31.0,31.0,0
2017-11-13,31.0,31.0,31.0,31.0,31.0,0
2017-11-14,31.0,31.0,31.0,31.0,31.0,0
2017-11-15,31.0,31.0,31.0,31.0,31.0,0
2017-11-16,31.0,31.0,31.0,31.0,31.0,0
2017-11-17,31.0,31.0,31.0,31.0,31.0,0
2017-11-20,31.0,31.0,31.0,31.0,31.0,0
2017-11-21,31.0,31.0,31.0,31.0,31.0,0
2017-11-22,31.0,31.0,31.0,31.0,31.0,0
2017-11-24,31.0,31.0,31.0,31.0,31.0,0
2017-11-27,31.0,31.0,31.0,31.0,31.0,0
2017-11-28,31.0,31.0,31.0,31.0,31.0,0
2017-11-29,31.0,31.0,31.0,31.0,31.0,0
2017-11-30,31.0,31.0,31.0,31.0,31.0,0
2017-12-01,31.0,31.0,31.0,31.0,31.0,0
2017-12-04,31.0,31.0,31.0,31.0,31.0,0
2017-12-05,32.0,32.0,32.0,32.0,32.0,200
2017-12-06,32.0,32.0,32.0,32.0,32.0,0
2017-12-07,32.0,32.0,32.0,32.0,32.0,0
2017-12-08,32.0,32.0,32.0,32.0,32.0,0
2017-12-11,32.0,32.0,32.0,32.0,32.0,0
2017-12-12,32.0,32.0,32.0,32.0,32.0,0
2017-12-13,32.0,32.0,32.0,32.0,32.0,0
2017-12-14,32.0,32.0,32.0,32.0,32.0,0
2017-12-15,33.400001525878906,33.400001525878906,33.400001525878906,33.400001525878906,33.400001525878906,100
2017-12-18,33.400001525878906,33.400001525878906,33.400001525878906,33.400001525878906,33.400001525878906,0
2017-12-19,33.400001525878906,33.400001525878906,33.400001525878906,33.400001525878906,33.400001525878906,0
2017-12-20,33.400001525878906,33.400001525878906,33.400001525878906,33.400001525878906,33.400001525878906,0
2017-12-21,34.70000076293945,34.70000076293945,34.70000076293945,34.70000076293945,34.70000076293945,200
2017-12-22,34.70000076293945,34.70000076293945,34.70000076293945,34.70000076293945,34.70000076293945,0
2017-12-26,35.20000076293945,35.54999923706055,35.20000076293945,35.54999923706055,35.54999923706055,300
2017-12-27,35.54999923706055,35.54999923706055,35.54999923706055,35.54999923706055,35.54999923706055,0
2017-12-28,35.54999923706055,35.54999923706055,35.54999923706055,35.54999923706055,35.54999923706055,0
2017-12-29,35.54999923706055,35.54999923706055,35.54999923706055,35.54999923706055,35.54999923706055,0
2018-01-02,36.150001525878906,36.150001525878906,36.150001525878906,36.150001525878906,36.150001525878906,200
2018-01-03,36.150001525878906,36.150001525878906,36.150001525878906,36.150001525878906,36.150001525878906,0
2018-01-04,36.150001525878906,36.150001525878906,36.150001525878906,36.150001525878906,36.150001525878906,0
2018-01-05,36.150001525878906,36.150001525878906,36.150001525878906,36.150001525878906,36.150001525878906,0
2018-01-08,36.150001525878906,36.150001525878906,36.150001525878906,36.150001525878906,36.150001525878906,0
2018-01-09,36.150001525878906,36.150001525878906,36.150001525878906,36.150001525878906,36.150001525878906,0
2018-01-10,36.150001525878906,36.150001525878906,36.150001525878906,36.150001525878906,36.150001525878906,0
2018-01-11,36.150001525878906,36.150001525878906,36.150001525878906,36.150001525878906,36.150001525878906,0
2018-01-12,36.150001525878906,36.150001525878906,36.150001525878906,36.150001525878906,36.150001525878906,0
2018-01-16,36.150001525878906,36.150001525878906,36.150001525878906,36.150001525878906,36.150001525878906,0
2018-01-17,36.150001525878906,36.150001525878906,36.150001525878906,36.150001525878906,36.150001525878906,0
2018-01-18,36.900001525878906,36.900001525878906,36.900001525878906,36.900001525878906,36.900001525878906,100
2018-01-19,37.150001525878906,37.150001525878906,37.150001525878906,37.150001525878906,37.150001525878906,200
2018-01-22,38.20000076293945,38.20000076293945,38.20000076293945,38.20000076293945,38.20000076293945,200
2018-01-23,38.20000076293945,38.20000076293945,38.20000076293945,38.20000076293945,38.20000076293945,0
2018-01-24,38.20000076293945,38.20000076293945,38.20000076293945,38.20000076293945,38.20000076293945,0
2018-01-25,38.20000076293945,38.20000076293945,38.20000076293945,38.20000076293945,38.20000076293945,0
2018-01-26,38.20000076293945,38.20000076293945,38.20000076293945,38.20000076293945,38.20000076293945,0
2018-01-29,38.20000076293945,38.20000076293945,38.20000076293945,38.20000076293945,38.20000076293945,0
2018-01-30,38.20000076293945,38.20000076293945,38.20000076293945,38.20000076293945,38.20000076293945,0
2018-01-31,38.20000076293945,38.20000076293945,38.20000076293945,38.20000076293945,38.20000076293945,0
2018-02-01,38.20000076293945,38.20000076293945,38.20000076293945,38.20000076293945,38.20000076293945,0
2018-02-02,39.0,39.0,39.0,39.0,39.0,1100
2018-02-05,37.900001525878906,37.900001525878906,37.900001525878906,37.900001525878906,37.900001525878906,200
2018-02-06,35.709999084472656,35.709999084472656,35.709999084472656,35.709999084472656,35.709999084472656,400
2018-02-07,35.709999084472656,35.709999084472656,35.709999084472656,35.709999084472656,35.709999084472656,0
2018-02-08,35.709999084472656,35.709999084472656,35.709999084472656,35.709999084472656,35.709999084472656,0
2018-02-09,35.709999084472656,35.709999084472656,35.709999084472656,35.709999084472656,35.709999084472656,0
2018-02-12,35.709999084472656,35.709999084472656,35.709999084472656,35.709999084472656,35.709999084472656,0
2018-02-13,35.709999084472656,35.709999084472656,35.709999084472656,35.709999084472656,35.709999084472656,0
2018-02-14,35.709999084472656,35.709999084472656,35.709999084472656,35.709999084472656,35.709999084472656,0
2018-02-15,35.709999084472656,35.709999084472656,35.709999084472656,35.709999084472656,35.709999084472656,0
2018-02-16,35.709999084472656,35.709999084472656,35.709999084472656,35.709999084472656,35.709999084472656,0
2018-02-20,35.709999084472656,35.709999084472656,35.709999084472656,35.709999084472656,35.709999084472656,0
2018-02-21,35.709999084472656,35.709999084472656,35.709999084472656,35.709999084472656,35.709999084472656,0
2018-02-22,35.709999084472656,35.709999084472656,35.709999084472656,35.709999084472656,35.709999084472656,0
2018-02-23,35.709999084472656,35.709999084472656,35.709999084472656,35.709999084472656,35.709999084472656,0
2018-02-26,35.709999084472656,35.709999084472656,35.709999084472656,35.709999084472656,35.709999084472656,0
2018-02-27,35.709999084472656,35.709999084472656,35.709999084472656,35.709999084472656,35.709999084472656,0
2018-02-28,35.709999084472656,35.709999084472656,35.709999084472656,35.709999084472656,35.709999084472656,0
2018-03-01,35.709999084472656,35.709999084472656,35.709999084472656,35.709999084472656,35.709999084472656,0
2018-03-02,35.709999084472656,35.709999084472656,35.709999084472656,35.709999084472656,35.709999084472656,0
2018-03-05,35.709999084472656,35.709999084472656,35.709999084472656,35.709999084472656,35.709999084472656,0
2018-03-06,35.709999084472656,35.709999084472656,35.709999084472656,35.709999084472656,35.709999084472656,0
2018-03-07,35.709999084472656,35.709999084472656,35.709999084472656,35.709999084472656,35.709999084472656,0
2018-03-08,33.400001525878906,33.400001525878906,33.400001525878906,33.400001525878906,33.400001525878906,200
2018-03-09,35.0,35.0,33.20000076293945,33.20000076293945,33.20000076293945,500
2018-03-12,33.20000076293945,33.20000076293945,33.20000076293945,33.20000076293945,33.20000076293945,0
2018-03-13,32.900001525878906,32.900001525878906,32.900001525878906,32.900001525878906,32.900001525878906,400
2018-03-14,32.79999923706055,32.79999923706055,32.79999923706055,32.79999923706055,32.79999923706055,100
2018-03-15,32.79999923706055,32.79999923706055,32.79999923706055,32.79999923706055,32.79999923706055,0
2018-03-16,32.79999923706055,32.79999923706055,32.79999923706055,32.79999923706055,32.79999923706055,0
2018-03-19,32.79999923706055,32.79999923706055,32.79999923706055,32.79999923706055,32.79999923706055,0
2018-03-20,31.649999618530273,31.649999618530273,31.649999618530273,31.649999618530273,31.649999618530273,100
2018-03-21,31.649999618530273,31.649999618530273,31.649999618530273,31.649999618530273,31.649999618530273,0
2018-03-22,31.649999618530273,31.649999618530273,31.649999618530273,31.649999618530273,31.649999618530273,0
2018-03-23,31.649999618530273,31.649999618530273,31.649999618530273,31.649999618530273,31.649999618530273,0
2018-03-26,31.649999618530273,31.649999618530273,31.649999618530273,31.649999618530273,31.649999618530273,0
2018-03-27,31.649999618530273,31.649999618530273,31.649999618530273,31.649999618530273,31.649999618530273,0
2018-03-28,31.649999618530273,31.649999618530273,31.649999618530273,31.649999618530273,31.649999618530273,0
2018-03-29,31.649999618530273,31.649999618530273,31.649999618530273,31.649999618530273,31.649999618530273,0
2018-04-02,31.649999618530273,31.649999618530273,31.649999618530273,31.649999618530273,31.649999618530273,0
2018-04-03,31.649999618530273,31.649999618530273,31.649999618530273,31.649999618530273,31.649999618530273,0
2018-04-04,31.649999618530273,31.649999618530273,31.649999618530273,31.649999618530273,31.649999618530273,0
2018-04-05,31.649999618530273,31.649999618530273,31.649999618530273,31.649999618530273,31.649999618530273,0
2018-04-06,31.649999618530273,31.649999618530273,31.649999618530273,31.649999618530273,31.649999618530273,0
2018-04-09,31.649999618530273,31.649999618530273,31.649999618530273,31.649999618530273,31.649999618530273,0
2018-04-10,31.649999618530273,31.649999618530273,31.649999618530273,31.649999618530273,31.649999618530273,0
2018-04-11,31.649999618530273,31.649999618530273,31.649999618530273,31.649999618530273,31.649999618530273,0
2018-04-12,31.649999618530273,31.649999618530273,31.649999618530273,31.649999618530273,31.649999618530273,0
2018-04-13,31.649999618530273,31.649999618530273,31.649999618530273,31.649999618530273,31.649999618530273,0
2018-04-16,31.649999618530273,31.649999618530273,31.649999618530273,31.649999618530273,31.649999618530273,0
2018-04-17,31.649999618530273,31.649999618530273,31.649999618530273,31.649999618530273,31.649999618530273,0
2018-04-18,31.649999618530273,31.649999618530273,31.649999618530273,31.649999618530273,31.649999618530273,0
2018-04-19,31.649999618530273,31.649999618530273,31.649999618530273,31.649999618530273,31.649999618530273,0
2018-04-20,31.649999618530273,31.649999618530273,31.649999618530273,31.649999618530273,31.649999618530273,0
2018-04-23,31.649999618530273,31.649999618530273,31.649999618530273,31.649999618530273,31.649999618530273,0
2018-04-24,31.649999618530273,31.649999618530273,31.649999618530273,31.649999618530273,31.649999618530273,0
2018-04-25,32.54999923706055,32.54999923706055,32.54999923706055,32.54999923706055,32.54999923706055,200
2018-04-26,32.54999923706055,32.54999923706055,32.54999923706055,32.54999923706055,32.54999923706055,0
2018-04-27,32.54999923706055,32.54999923706055,32.54999923706055,32.54999923706055,32.54999923706055,0
2018-04-30,32.54999923706055,32.54999923706055,32.54999923706055,32.54999923706055,32.54999923706055,0
2018-05-01,32.54999923706055,32.54999923706055,32.54999923706055,32.54999923706055,32.54999923706055,0
2018-05-02,29.450000762939453,29.450000762939453,29.299999237060547,29.299999237060547,29.299999237060547,5100
2018-05-03,29.299999237060547,29.299999237060547,29.299999237060547,29.299999237060547,29.299999237060547,0
2018-05-04,29.299999237060547,29.299999237060547,29.299999237060547,29.299999237060547,29.299999237060547,0
2018-05-07,32.54999923706055,32.54999923706055,31.969999313354492,31.969999313354492,31.969999313354492,900
2018-05-08,31.969999313354492,31.969999313354492,31.969999313354492,31.969999313354492,31.969999313354492,0
2018-05-09,30.200000762939453,30.600000381469727,30.200000762939453,30.549999237060547,30.549999237060547,700
2018-05-10,30.549999237060547,30.549999237060547,30.549999237060547,30.549999237060547,30.549999237060547,0
2018-05-11,30.549999237060547,30.549999237060547,30.549999237060547,30.549999237060547,30.549999237060547,0
2018-05-14,30.549999237060547,30.549999237060547,30.549999237060547,30.549999237060547,30.549999237060547,0
2018-05-15,30.549999237060547,30.549999237060547,30.549999237060547,30.549999237060547,30.549999237060547,0
2018-05-16,30.549999237060547,30.649999618530273,30.100000381469727,30.350000381469727,30.350000381469727,10600
2018-05-17,29.450000762939453,29.450000762939453,29.0,29.0,29.0,400
2018-05-18,29.700000762939453,29.799999237060547,29.100000381469727,29.5,29.5,12900
2018-05-21,30.149999618530273,30.299999237060547,29.049999237060547,29.100000381469727,29.100000381469727,57000
2018-05-22,29.200000762939453,29.600000381469727,29.149999618530273,29.200000762939453,29.200000762939453,4900
2018-05-23,29.100000381469727,29.5,28.700000762939453,28.799999237060547,28.799999237060547,14300
2018-05-24,28.899999618530273,29.049999237060547,28.649999618530273,28.75,28.75,8500
2018-05-25,28.700000762939453,28.700000762939453,28.700000762939453,28.700000762939453,28.700000762939453,100
2018-05-29,28.700000762939453,28.700000762939453,28.700000762939453,28.700000762939453,28.700000762939453,0
2018-05-30,28.0,28.0,28.0,28.0,28.0,300
2018-05-31,28.0,28.0,28.0,28.0,28.0,0
2018-06-01,29.299999237060547,29.3700008392334,29.0,29.0,29.0,3000
2018-06-04,29.0,29.0,29.0,29.0,29.0,0
2018-06-05,29.0,29.0,29.0,29.0,29.0,0
2018-06-06,28.850000381469727,28.850000381469727,28.850000381469727,28.850000381469727,28.850000381469727,300
2018-06-07,29.43000030517578,29.43000030517578,29.43000030517578,29.43000030517578,29.43000030517578,200
2018-06-08,29.520000457763672,29.520000457763672,29.520000457763672,29.520000457763672,29.520000457763672,300
2018-06-11,29.520000457763672,29.520000457763672,29.520000457763672,29.520000457763672,29.520000457763672,0
2018-06-12,29.520000457763672,29.520000457763672,29.520000457763672,29.520000457763672,29.520000457763672,0
2018-06-13,29.520000457763672,29.520000457763672,29.520000457763672,29.520000457763672,29.520000457763672,0
2018-06-14,29.520000457763672,29.520000457763672,29.520000457763672,29.520000457763672,29.520000457763672,0
2018-06-15,30.049999237060547,32.349998474121094,30.049999237060547,32.349998474121094,32.349998474121094,1500
2018-06-18,32.349998474121094,32.349998474121094,32.349998474121094,32.349998474121094,32.349998474121094,0
2018-06-19,32.349998474121094,32.349998474121094,32.349998474121094,32.349998474121094,32.349998474121094,0
2018-06-20,32.349998474121094,32.349998474121094,32.349998474121094,32.349998474121094,32.349998474121094,0
2018-06-21,32.349998474121094,32.349998474121094,32.349998474121094,32.349998474121094,32.349998474121094,0
2018-06-22,32.349998474121094,32.349998474121094,32.349998474121094,32.349998474121094,32.349998474121094,0
2018-06-25,29.950000762939453,29.950000762939453,29.549999237060547,29.549999237060547,29.549999237060547,2500
2018-06-26,29.549999237060547,29.549999237060547,29.549999237060547,29.549999237060547,29.549999237060547,0
2018-06-27,29.549999237060547,29.549999237060547,29.549999237060547,29.549999237060547,29.549999237060547,0
2018-06-28,28.0,28.0,28.0,28.0,28.0,200
2018-06-29,28.0,28.0,28.0,28.0,28.0,700
2018-07-02,28.0,28.0,28.0,28.0,28.0,0
2018-07-03,28.0,28.0,28.0,28.0,28.0,0
2018-07-05,28.0,28.0,28.0,28.0,28.0,0
2018-07-06,28.0,28.0,28.0,28.0,28.0,0
2018-07-09,28.0,28.0,28.0,28.0,28.0,0
2018-07-10,28.0,28.0,28.0,28.0,28.0,0
2018-07-11,28.0,28.0,28.0,28.0,28.0,0
2018-07-12,28.0,28.0,28.0,28.0,28.0,0
2018-07-13,28.950000762939453,28.950000762939453,28.899999618530273,28.899999618530273,28.899999618530273,1900
2018-07-16,28.899999618530273,28.899999618530273,28.899999618530273,28.899999618530273,28.899999618530273,0
2018-07-17,28.899999618530273,28.899999618530273,28.899999618530273,28.899999618530273,28.899999618530273,0
2018-07-18,28.549999237060547,28.610000610351562,28.100000381469727,28.5,28.5,2000
2018-07-19,28.5,28.5,28.5,28.5,28.5,0
2018-07-20,28.5,28.5,28.5,28.5,28.5,0
2018-07-23,28.049999237060547,28.049999237060547,28.049999237060547,28.049999237060547,28.049999237060547,200
2018-07-24,28.049999237060547,28.049999237060547,28.049999237060547,28.049999237060547,28.049999237060547,0
2018-07-25,28.049999237060547,28.049999237060547,28.049999237060547,28.049999237060547,28.049999237060547,0
2018-07-26,28.049999237060547,28.049999237060547,28.049999237060547,28.049999237060547,28.049999237060547,0
2018-07-27,28.049999237060547,28.049999237060547,28.049999237060547,28.049999237060547,28.049999237060547,0
2018-07-30,28.049999237060547,28.049999237060547,28.049999237060547,28.049999237060547,28.049999237060547,0
2018-07-31,28.049999237060547,28.049999237060547,28.049999237060547,28.049999237060547,28.049999237060547,0
2018-08-01,28.649999618530273,28.649999618530273,28.6200008392334,28.6200008392334,28.6200008392334,1300
2018-08-02,28.6200008392334,28.6200008392334,28.6200008392334,28.6200008392334,28.6200008392334,0
2018-08-03,28.6200008392334,28.6200008392334,28.6200008392334,28.6200008392334,28.6200008392334,0
2018-08-06,28.6200008392334,28.6200008392334,28.6200008392334,28.6200008392334,28.6200008392334,0
2018-08-07,28.6200008392334,28.6200008392334,28.6200008392334,28.6200008392334,28.6200008392334,0
2018-08-08,28.6200008392334,28.6200008392334,28.6200008392334,28.6200008392334,28.6200008392334,0
2018-08-09,28.6200008392334,28.6200008392334,28.6200008392334,28.6200008392334,28.6200008392334,0
2018-08-10,28.6200008392334,28.6200008392334,28.6200008392334,28.6200008392334,28.6200008392334,0
2018-08-13,28.6200008392334,28.6200008392334,28.6200008392334,28.6200008392334,28.6200008392334,0
2018-08-14,28.6200008392334,28.6200008392334,28.6200008392334,28.6200008392334,28.6200008392334,0
2018-08-15,28.6200008392334,28.6200008392334,28.6200008392334,28.6200008392334,28.6200008392334,0
2018-08-16,28.6200008392334,28.6200008392334,28.6200008392334,28.6200008392334,28.6200008392334,0
2018-08-17,28.6200008392334,28.6200008392334,28.6200008392334,28.6200008392334,28.6200008392334,0
2018-08-20,28.6200008392334,28.6200008392334,28.6200008392334,28.6200008392334,28.6200008392334,0
2018-08-21,28.6200008392334,28.6200008392334,28.6200008392334,28.6200008392334,28.6200008392334,0
2018-08-22,28.6200008392334,28.6200008392334,28.6200008392334,28.6200008392334,28.6200008392334,0
2018-08-23,28.6200008392334,28.6200008392334,28.6200008392334,28.6200008392334,28.6200008392334,0
2018-08-24,28.6200008392334,28.6200008392334,28.6200008392334,28.6200008392334,28.6200008392334,0
2018-08-27,27.700000762939453,27.700000762939453,27.700000762939453,27.700000762939453,27.700000762939453,200
2018-08-28,26.950000762939453,26.950000762939453,26.950000762939453,26.950000762939453,26.950000762939453,200
2018-08-29,27.600000381469727,27.600000381469727,27.600000381469727,27.600000381469727,27.600000381469727,200
2018-08-30,27.600000381469727,27.600000381469727,27.600000381469727,27.600000381469727,27.600000381469727,100
2018-08-31,27.549999237060547,27.549999237060547,27.549999237060547,27.549999237060547,27.549999237060547,100
2018-09-04,26.799999237060547,26.799999237060547,26.799999237060547,26.799999237060547,26.799999237060547,1000
2018-09-05,26.75,26.75,26.75,26.75,26.75,100
2018-09-06,26.899999618530273,26.899999618530273,26.899999618530273,26.899999618530273,26.899999618530273,300
2018-09-07,26.899999618530273,26.899999618530273,26.899999618530273,26.899999618530273,26.899999618530273,0
2018-09-10,26.899999618530273,26.899999618530273,26.899999618530273,26.899999618530273,26.899999618530273,0
2018-09-11,26.899999618530273,26.899999618530273,26.899999618530273,26.899999618530273,26.899999618530273,0
2018-09-12,26.899999618530273,26.899999618530273,26.899999618530273,26.899999618530273,26.899999618530273,0
2018-09-13,26.899999618530273,26.899999618530273,26.899999618530273,26.899999618530273,26.899999618530273,0
2018-09-14,28.049999237060547,28.049999237060547,28.049999237060547,28.049999237060547,28.049999237060547,100
2018-09-17,28.299999237060547,28.299999237060547,28.299999237060547,28.299999237060547,28.299999237060547,300
2018-09-18,28.299999237060547,28.299999237060547,28.299999237060547,28.299999237060547,28.299999237060547,0
2018-09-19,28.299999237060547,28.299999237060547,28.299999237060547,28.299999237060547,28.299999237060547,0
2018-09-20,28.299999237060547,28.299999237060547,28.299999237060547,28.299999237060547,28.299999237060547,0
2018-09-21,29.100000381469727,29.100000381469727,29.100000381469727,29.100000381469727,29.100000381469727,400
2018-09-24,29.100000381469727,29.100000381469727,29.100000381469727,29.100000381469727,29.100000381469727,0
2018-09-25,29.100000381469727,29.100000381469727,29.100000381469727,29.100000381469727,29.100000381469727,0
2018-09-26,29.100000381469727,29.100000381469727,29.100000381469727,29.100000381469727,29.100000381469727,0
2018-09-27,29.100000381469727,29.100000381469727,29.100000381469727,29.100000381469727,29.100000381469727,0
2018-09-28,29.100000381469727,29.100000381469727,29.100000381469727,29.100000381469727,29.100000381469727,0
2018-10-01,29.100000381469727,29.100000381469727,29.100000381469727,29.100000381469727,29.100000381469727,0
2018-10-02,29.100000381469727,29.100000381469727,29.100000381469727,29.100000381469727,29.100000381469727,0
2018-10-03,29.100000381469727,29.100000381469727,29.100000381469727,29.100000381469727,29.100000381469727,0
2018-10-04,29.100000381469727,29.100000381469727,29.100000381469727,29.100000381469727,29.100000381469727,0
2018-10-05,29.100000381469727,29.100000381469727,29.100000381469727,29.100000381469727,29.100000381469727,0
2018-10-08,27.100000381469727,27.100000381469727,27.100000381469727,27.100000381469727,27.100000381469727,300
2018-10-09,27.100000381469727,27.100000381469727,27.100000381469727,27.100000381469727,27.100000381469727,0
2018-10-10,26.459999084472656,26.459999084472656,25.75,25.75,25.75,1100
2018-10-11,25.75,25.75,25.75,25.75,25.75,0
2018-10-12,25.75,25.75,25.75,25.75,25.75,0
2018-10-15,25.75,25.75,25.75,25.75,25.75,0
2018-10-16,25.75,25.75,25.75,25.75,25.75,0
2018-10-17,26.5,27.18000030517578,26.5,27.18000030517578,27.18000030517578,1300
2018-10-18,27.18000030517578,27.18000030517578,27.18000030517578,27.18000030517578,27.18000030517578,0
2018-10-19,27.18000030517578,27.18000030517578,27.18000030517578,27.18000030517578,27.18000030517578,0
2018-10-22,26.850000381469727,26.850000381469727,26.850000381469727,26.850000381469727,26.850000381469727,300
2018-10-23,26.850000381469727,26.850000381469727,26.850000381469727,26.850000381469727,26.850000381469727,0
2018-10-24,26.850000381469727,26.850000381469727,26.850000381469727,26.850000381469727,26.850000381469727,100
2018-10-25,26.850000381469727,26.850000381469727,26.850000381469727,26.850000381469727,26.850000381469727,0
2018-10-26,26.850000381469727,26.850000381469727,26.850000381469727,26.850000381469727,26.850000381469727,0
2018-10-29,25.0,25.0,25.0,25.0,25.0,500
2018-10-30,25.0,25.0,25.0,25.0,25.0,100
2018-10-31,24.8799991607666,24.8799991607666,24.8799991607666,24.8799991607666,24.8799991607666,200
2018-11-01,24.8799991607666,24.8799991607666,24.8799991607666,24.8799991607666,24.8799991607666,100
2018-11-02,24.8799991607666,24.8799991607666,24.8799991607666,24.8799991607666,24.8799991607666,0
2018-11-05,24.8799991607666,24.8799991607666,24.8799991607666,24.8799991607666,24.8799991607666,200
2018-11-06,25.290000915527344,25.290000915527344,25.290000915527344,25.290000915527344,25.290000915527344,200
2018-11-07,25.290000915527344,25.290000915527344,25.290000915527344,25.290000915527344,25.290000915527344,0
2018-11-08,25.290000915527344,25.290000915527344,25.290000915527344,25.290000915527344,25.290000915527344,100
2018-11-09,25.290000915527344,25.290000915527344,25.290000915527344,25.290000915527344,25.290000915527344,0
2018-11-12,25.290000915527344,25.290000915527344,25.290000915527344,25.290000915527344,25.290000915527344,100
2018-11-13,25.290000915527344,25.290000915527344,25.290000915527344,25.290000915527344,25.290000915527344,0
2018-11-14,25.290000915527344,25.290000915527344,25.290000915527344,25.290000915527344,25.290000915527344,0
2018-11-15,25.290000915527344,25.290000915527344,25.290000915527344,25.290000915527344,25.290000915527344,0
2018-11-16,25.290000915527344,25.290000915527344,25.290000915527344,25.290000915527344,25.290000915527344,0
2018-11-19,25.290000915527344,25.290000915527344,25.290000915527344,25.290000915527344,25.290000915527344,0
2018-11-20,25.290000915527344,25.290000915527344,25.290000915527344,25.290000915527344,25.290000915527344,100
2018-11-21,25.290000915527344,25.290000915527344,25.290000915527344,25.290000915527344,25.290000915527344,0
2018-11-23,25.290000915527344,25.290000915527344,25.290000915527344,25.290000915527344,25.290000915527344,0
2018-11-26,25.010000228881836,25.010000228881836,25.010000228881836,25.010000228881836,25.010000228881836,300
2018-11-27,25.010000228881836,25.010000228881836,25.010000228881836,25.010000228881836,25.010000228881836,100
2018-11-28,25.010000228881836,25.010000228881836,25.010000228881836,25.010000228881836,25.010000228881836,0
2018-11-29,25.010000228881836,25.010000228881836,25.010000228881836,25.010000228881836,25.010000228881836,0
2018-11-30,26.540000915527344,26.540000915527344,25.829999923706055,25.829999923706055,25.829999923706055,300
2018-12-03,25.829999923706055,25.829999923706055,25.829999923706055,25.829999923706055,25.829999923706055,100
2018-12-04,25.829999923706055,25.829999923706055,25.829999923706055,25.829999923706055,25.829999923706055,0
2018-12-06,25.829999923706055,25.829999923706055,25.829999923706055,25.829999923706055,25.829999923706055,0
2018-12-07,25.829999923706055,25.829999923706055,25.829999923706055,25.829999923706055,25.829999923706055,0
2018-12-10,25.829999923706055,25.829999923706055,25.829999923706055,25.829999923706055,25.829999923706055,0
2018-12-11,25.829999923706055,25.829999923706055,25.829999923706055,25.829999923706055,25.829999923706055,0
2018-12-12,23.719999313354492,23.719999313354492,22.989999771118164,22.989999771118164,22.989999771118164,1300
2018-12-13,23.440000534057617,23.469999313354492,23.440000534057617,23.469999313354492,23.469999313354492,1400
2018-12-14,23.469999313354492,23.469999313354492,23.469999313354492,23.469999313354492,23.469999313354492,100
2018-12-17,23.469999313354492,23.469999313354492,23.469999313354492,23.469999313354492,23.469999313354492,0
2018-12-18,23.469999313354492,23.469999313354492,23.469999313354492,23.469999313354492,23.469999313354492,0
2018-12-19,23.469999313354492,23.469999313354492,23.469999313354492,23.469999313354492,23.469999313354492,100
2018-12-20,23.469999313354492,23.469999313354492,23.469999313354492,23.469999313354492,23.469999313354492,0
2018-12-21,23.469999313354492,23.469999313354492,23.469999313354492,23.469999313354492,23.469999313354492,0
2018-12-24,21.0,21.0,21.0,21.0,21.0,100
2018-12-26,20.700000762939453,21.0,20.700000762939453,21.0,21.0,500
2018-12-27,21.0,21.0,21.0,21.0,21.0,100
2018-12-28,21.0,21.0,21.0,21.0,21.0,0
2018-12-31,21.0,21.0,21.0,21.0,21.0,0
2019-01-02,21.0,21.0,21.0,21.0,21.0,0
2019-01-03,20.989999771118164,21.0,20.989999771118164,21.0,21.0,700
2019-01-04,22.799999237060547,22.799999237060547,22.799999237060547,22.799999237060547,22.799999237060547,600
2019-01-07,22.799999237060547,22.799999237060547,22.799999237060547,22.799999237060547,22.799999237060547,100
2019-01-08,22.799999237060547,22.799999237060547,22.799999237060547,22.799999237060547,22.799999237060547,100
2019-01-09,22.799999237060547,22.799999237060547,22.799999237060547,22.799999237060547,22.799999237060547,0
2019-01-10,22.799999237060547,22.799999237060547,22.799999237060547,22.799999237060547,22.799999237060547,0
2019-01-11,21.0,21.729999542236328,21.0,21.729999542236328,21.729999542236328,1200
2019-01-14,21.729999542236328,21.729999542236328,21.729999542236328,21.729999542236328,21.729999542236328,0
2019-01-15,21.729999542236328,21.729999542236328,21.729999542236328,21.729999542236328,21.729999542236328,0
2019-01-16,22.170000076293945,22.170000076293945,22.170000076293945,22.170000076293945,22.170000076293945,1100
2019-01-17,22.170000076293945,22.170000076293945,22.170000076293945,22.170000076293945,22.170000076293945,100
2019-01-18,22.170000076293945,22.170000076293945,22.170000076293945,22.170000076293945,22.170000076293945,100
2019-01-22,22.170000076293945,22.170000076293945,22.170000076293945,22.170000076293945,22.170000076293945,0
2019-01-23,22.170000076293945,22.170000076293945,22.170000076293945,22.170000076293945,22.170000076293945,0
2019-01-24,22.170000076293945,22.170000076293945,22.170000076293945,22.170000076293945,22.170000076293945,0
2019-01-25,22.170000076293945,22.170000076293945,22.170000076293945,22.170000076293945,22.170000076293945,0
2019-01-28,22.170000076293945,22.170000076293945,22.170000076293945,22.170000076293945,22.170000076293945,0
2019-01-29,22.170000076293945,22.170000076293945,22.170000076293945,22.170000076293945,22.170000076293945,0
2019-01-30,22.170000076293945,22.170000076293945,22.170000076293945,22.170000076293945,22.170000076293945,0
2019-01-31,22.170000076293945,22.170000076293945,22.170000076293945,22.170000076293945,22.170000076293945,0
2019-02-01,22.170000076293945,22.170000076293945,22.170000076293945,22.170000076293945,22.170000076293945,100
2019-02-04,22.170000076293945,22.170000076293945,22.170000076293945,22.170000076293945,22.170000076293945,0
2019-02-05,25.84000015258789,25.84000015258789,25.84000015258789,25.84000015258789,25.84000015258789,200
2019-02-06,25.84000015258789,25.84000015258789,25.84000015258789,25.84000015258789,25.84000015258789,100
2019-02-07,25.84000015258789,25.84000015258789,25.84000015258789,25.84000015258789,25.84000015258789,100
2019-02-08,25.84000015258789,25.84000015258789,25.84000015258789,25.84000015258789,25.84000015258789,100
2019-02-11,25.84000015258789,25.84000015258789,25.84000015258789,25.84000015258789,25.84000015258789,0
2019-02-12,24.459999084472656,24.75,24.459999084472656,24.75,24.75,600
2019-02-13,24.75,24.75,24.75,24.75,24.75,100
2019-02-14,24.75,24.75,24.75,24.75,24.75,200
2019-02-15,25.270000457763672,25.280000686645508,25.270000457763672,25.270000457763672,25.270000457763672,2200
2019-02-19,25.270000457763672,25.270000457763672,25.270000457763672,25.270000457763672,25.270000457763672,0
2019-02-20,25.270000457763672,25.270000457763672,25.270000457763672,25.270000457763672,25.270000457763672,100
2019-02-21,25.270000457763672,25.270000457763672,25.270000457763672,25.270000457763672,25.270000457763672,100
2019-02-22,25.270000457763672,25.270000457763672,25.270000457763672,25.270000457763672,25.270000457763672,0
2019-02-25,25.989999771118164,25.989999771118164,25.989999771118164,25.989999771118164,25.989999771118164,100
2019-02-26,25.989999771118164,25.989999771118164,25.989999771118164,25.989999771118164,25.989999771118164,100
2019-02-27,25.989999771118164,25.989999771118164,25.989999771118164,25.989999771118164,25.989999771118164,0
2019-02-28,25.989999771118164,25.989999771118164,25.989999771118164,25.989999771118164,25.989999771118164,100
2019-03-01,25.989999771118164,25.989999771118164,25.989999771118164,25.989999771118164,25.989999771118164,0
2019-03-04,26.209999084472656,26.209999084472656,26.209999084472656,26.209999084472656,26.209999084472656,700
2019-03-05,26.209999084472656,26.209999084472656,26.209999084472656,26.209999084472656,26.209999084472656,100
2019-03-06,26.209999084472656,26.209999084472656,26.209999084472656,26.209999084472656,26.209999084472656,100
2019-03-07,26.209999084472656,26.209999084472656,26.209999084472656,26.209999084472656,26.209999084472656,0
2019-03-08,26.209999084472656,26.209999084472656,26.209999084472656,26.209999084472656,26.209999084472656,0
2019-03-11,26.209999084472656,26.209999084472656,26.209999084472656,26.209999084472656,26.209999084472656,100
2019-03-12,26.209999084472656,26.209999084472656,26.209999084472656,26.209999084472656,26.209999084472656,0
2019-03-13,26.209999084472656,26.209999084472656,26.209999084472656,26.209999084472656,26.209999084472656,0
2019-03-14,26.209999084472656,26.209999084472656,26.209999084472656,26.209999084472656,26.209999084472656,0
2019-03-15,26.030000686645508,26.600000381469727,26.030000686645508,26.600000381469727,26.600000381469727,1500
2019-03-18,26.600000381469727,26.600000381469727,26.600000381469727,26.600000381469727,26.600000381469727,100
2019-03-19,26.600000381469727,26.600000381469727,26.600000381469727,26.600000381469727,26.600000381469727,0
2019-03-20,26.600000381469727,26.600000381469727,26.600000381469727,26.600000381469727,26.600000381469727,0
2019-03-21,26.600000381469727,26.600000381469727,26.600000381469727,26.600000381469727,26.600000381469727,100
2019-03-22,26.600000381469727,26.600000381469727,26.600000381469727,26.600000381469727,26.600000381469727,0
2019-03-25,26.600000381469727,26.600000381469727,26.600000381469727,26.600000381469727,26.600000381469727,0
2019-03-26,26.600000381469727,26.600000381469727,26.600000381469727,26.600000381469727,26.600000381469727,0
2019-03-27,26.600000381469727,26.600000381469727,26.600000381469727,26.600000381469727,26.600000381469727,0
2019-03-28,26.600000381469727,26.600000381469727,26.600000381469727,26.600000381469727,26.600000381469727,100
2019-03-29,26.600000381469727,26.600000381469727,26.600000381469727,26.600000381469727,26.600000381469727,0
2019-04-01,26.600000381469727,26.600000381469727,26.600000381469727,26.600000381469727,26.600000381469727,0
2019-04-02,26.600000381469727,26.600000381469727,26.600000381469727,26.600000381469727,26.600000381469727,100
2019-04-03,26.600000381469727,26.600000381469727,26.600000381469727,26.600000381469727,26.600000381469727,100
2019-04-04,26.600000381469727,26.600000381469727,26.600000381469727,26.600000381469727,26.600000381469727,0
2019-04-05,27.440000534057617,27.68000030517578,27.43000030517578,27.68000030517578,27.68000030517578,2600
2019-04-08,27.68000030517578,27.68000030517578,27.68000030517578,27.68000030517578,27.68000030517578,100
2019-04-09,27.68000030517578,27.68000030517578,27.68000030517578,27.68000030517578,27.68000030517578,0
2019-04-10,27.68000030517578,27.68000030517578,27.68000030517578,27.68000030517578,27.68000030517578,100
2019-04-11,27.190000534057617,27.190000534057617,27.190000534057617,27.190000534057617,27.190000534057617,300
2019-04-12,27.190000534057617,27.190000534057617,27.190000534057617,27.190000534057617,27.190000534057617,0
2019-04-15,27.190000534057617,27.190000534057617,27.190000534057617,27.190000534057617,27.190000534057617,100
2019-04-16,27.190000534057617,27.190000534057617,27.190000534057617,27.190000534057617,27.190000534057617,100
2019-04-17,28.68000030517578,30.049999237060547,27.709999084472656,27.709999084472656,27.709999084472656,1500
2019-04-18,27.639999389648438,27.639999389648438,27.40999984741211,27.450000762939453,27.450000762939453,1700
2019-04-22,27.450000762939453,27.450000762939453,27.450000762939453,27.450000762939453,27.450000762939453,0
2019-04-23,27.450000762939453,27.450000762939453,27.450000762939453,27.450000762939453,27.450000762939453,100
2019-04-24,27.450000762939453,27.450000762939453,27.450000762939453,27.450000762939453,27.450000762939453,100
2019-04-25,26.739999771118164,26.739999771118164,26.739999771118164,26.739999771118164,26.739999771118164,500
2019-04-26,26.739999771118164,26.739999771118164,26.739999771118164,26.739999771118164,26.739999771118164,100
2019-04-29,27.059999465942383,27.59000015258789,27.059999465942383,27.59000015258789,27.59000015258789,700
2019-04-30,26.93000030517578,26.93000030517578,26.93000030517578,26.93000030517578,26.93000030517578,100
2019-05-01,26.93000030517578,26.93000030517578,26.93000030517578,26.93000030517578,26.93000030517578,0
2019-05-02,26.93000030517578,26.93000030517578,26.93000030517578,26.93000030517578,26.93000030517578,0
2019-05-03,26.93000030517578,26.93000030517578,26.93000030517578,26.93000030517578,26.93000030517578,0
2019-05-06,26.93000030517578,26.93000030517578,26.93000030517578,26.93000030517578,26.93000030517578,0
2019-05-07,26.3799991607666,26.3799991607666,26.040000915527344,26.139999389648438,26.139999389648438,1400
2019-05-08,26.139999389648438,26.139999389648438,26.139999389648438,26.139999389648438,26.139999389648438,100
2019-05-09,26.139999389648438,26.139999389648438,26.139999389648438,26.139999389648438,26.139999389648438,0
2019-05-10,26.139999389648438,26.139999389648438,26.139999389648438,26.139999389648438,26.139999389648438,100
2019-05-13,26.139999389648438,26.139999389648438,26.139999389648438,26.139999389648438,26.139999389648438,200
2019-05-14,25.1299991607666,25.1299991607666,25.1299991607666,25.1299991607666,25.1299991607666,600
2019-05-15,25.1299991607666,25.1299991607666,25.1299991607666,25.1299991607666,25.1299991607666,100
2019-05-16,25.1299991607666,25.1299991607666,25.1299991607666,25.1299991607666,25.1299991607666,0
2019-05-17,25.1299991607666,25.1299991607666,25.1299991607666,25.1299991607666,25.1299991607666,0
2019-05-20,25.1299991607666,25.1299991607666,25.1299991607666,25.1299991607666,25.1299991607666,0
2019-05-21,25.1299991607666,25.1299991607666,25.1299991607666,25.1299991607666,25.1299991607666,100
2019-05-22,25.1299991607666,25.1299991607666,25.1299991607666,25.1299991607666,25.1299991607666,0
2019-05-23,25.1299991607666,25.1299991607666,25.1299991607666,25.1299991607666,25.1299991607666,0
2019-05-24,25.1299991607666,25.1299991607666,25.1299991607666,25.1299991607666,25.1299991607666,0
2019-05-28,25.1299991607666,25.1299991607666,25.1299991607666,25.1299991607666,25.1299991607666,100
2019-05-29,25.479999542236328,25.479999542236328,24.739999771118164,24.739999771118164,24.739999771118164,200
2019-05-30,24.739999771118164,24.739999771118164,24.739999771118164,24.739999771118164,24.739999771118164,0
2019-05-31,24.739999771118164,24.739999771118164,24.739999771118164,24.739999771118164,24.739999771118164,100
2019-06-03,24.799999237060547,24.799999237060547,24.799999237060547,24.799999237060547,24.799999237060547,500
2019-06-04,24.799999237060547,24.799999237060547,24.799999237060547,24.799999237060547,24.799999237060547,100
2019-06-05,24.799999237060547,24.799999237060547,24.799999237060547,24.799999237060547,24.799999237060547,0
2019-06-06,24.799999237060547,24.799999237060547,24.799999237060547,24.799999237060547,24.799999237060547,100
2019-06-07,24.799999237060547,24.799999237060547,24.799999237060547,24.799999237060547,24.799999237060547,100
2019-06-10,24.799999237060547,24.799999237060547,24.799999237060547,24.799999237060547,24.799999237060547,0
2019-06-11,24.799999237060547,24.799999237060547,24.799999237060547,24.799999237060547,24.799999237060547,100
2019-06-12,24.799999237060547,24.799999237060547,24.799999237060547,24.799999237060547,24.799999237060547,100
2019-06-13,24.799999237060547,24.799999237060547,24.799999237060547,24.799999237060547,24.799999237060547,100
2019-06-14,24.799999237060547,24.799999237060547,24.799999237060547,24.799999237060547,24.799999237060547,0
2019-06-17,24.799999237060547,24.799999237060547,24.799999237060547,24.799999237060547,24.799999237060547,100
2019-06-18,24.799999237060547,24.799999237060547,24.799999237060547,24.799999237060547,24.799999237060547,0
2019-06-19,24.799999237060547,24.799999237060547,24.799999237060547,24.799999237060547,24.799999237060547,0
2019-06-20,24.799999237060547,24.799999237060547,24.799999237060547,24.799999237060547,24.799999237060547,0
2019-06-21,24.799999237060547,24.799999237060547,24.799999237060547,24.799999237060547,24.799999237060547,100
2019-06-24,24.799999237060547,24.799999237060547,24.799999237060547,24.799999237060547,24.799999237060547,0
2019-06-25,24.799999237060547,24.799999237060547,24.799999237060547,24.799999237060547,24.799999237060547,0
2019-06-26,24.799999237060547,24.799999237060547,24.799999237060547,24.799999237060547,24.799999237060547,0
2019-06-27,24.799999237060547,24.799999237060547,24.799999237060547,24.799999237060547,24.799999237060547,0
2019-06-28,25.059999465942383,25.059999465942383,25.059999465942383,25.059999465942383,25.059999465942383,100
2019-07-01,25.059999465942383,25.059999465942383,25.059999465942383,25.059999465942383,25.059999465942383,0
2019-07-02,27.469999313354492,27.469999313354492,27.469999313354492,27.469999313354492,27.469999313354492,100
2019-07-03,27.469999313354492,27.469999313354492,27.469999313354492,27.469999313354492,27.469999313354492,0
2019-07-05,27.469999313354492,27.469999313354492,27.469999313354492,27.469999313354492,27.469999313354492,100
2019-07-08,27.469999313354492,27.469999313354492,27.469999313354492,27.469999313354492,27.469999313354492,100
2019-07-09,27.469999313354492,27.469999313354492,27.469999313354492,27.469999313354492,27.469999313354492,0
2019-07-10,27.469999313354492,27.469999313354492,27.469999313354492,27.469999313354492,27.469999313354492,0
2019-07-11,27.469999313354492,27.469999313354492,27.469999313354492,27.469999313354492,27.469999313354492,0
2019-07-12,27.469999313354492,27.469999313354492,27.469999313354492,27.469999313354492,27.469999313354492,0
2019-07-15,27.469999313354492,27.469999313354492,27.469999313354492,27.469999313354492,27.469999313354492,0
2019-07-16,27.469999313354492,27.469999313354492,27.469999313354492,27.469999313354492,27.469999313354492,0
2019-07-17,27.469999313354492,27.469999313354492,27.469999313354492,27.469999313354492,27.469999313354492,0
2019-07-18,27.469999313354492,27.469999313354492,27.469999313354492,27.469999313354492,27.469999313354492,0
2019-07-19,27.469999313354492,27.469999313354492,27.469999313354492,27.469999313354492,27.469999313354492,0
2019-07-22,27.469999313354492,27.469999313354492,27.469999313354492,27.469999313354492,27.469999313354492,0
2019-07-23,27.469999313354492,27.469999313354492,27.469999313354492,27.469999313354492,27.469999313354492,0
2019-07-24,27.469999313354492,27.469999313354492,27.469999313354492,27.469999313354492,27.469999313354492,0
2019-07-25,27.469999313354492,27.469999313354492,27.469999313354492,27.469999313354492,27.469999313354492,0
2019-07-26,27.469999313354492,27.469999313354492,27.469999313354492,27.469999313354492,27.469999313354492,0
2019-07-29,27.84000015258789,27.84000015258789,27.600000381469727,27.600000381469727,27.600000381469727,300
2019-07-30,27.940000534057617,27.940000534057617,27.940000534057617,27.940000534057617,27.940000534057617,100
2019-07-31,27.81999969482422,27.81999969482422,27.079999923706055,27.200000762939453,27.200000762939453,1100
2019-08-01,27.81999969482422,27.81999969482422,27.079999923706055,27.200000762939453,27.200000762939453,100
2019-08-02,27.81999969482422,27.81999969482422,27.079999923706055,27.200000762939453,27.200000762939453,100
2019-08-05,27.81999969482422,27.81999969482422,27.079999923706055,27.200000762939453,27.200000762939453,100
2019-08-06,27.81999969482422,27.81999969482422,27.079999923706055,27.200000762939453,27.200000762939453,100
2019-08-07,27.81999969482422,27.81999969482422,27.079999923706055,27.200000762939453,27.200000762939453,100
2019-08-08,27.81999969482422,27.81999969482422,27.079999923706055,27.200000762939453,27.200000762939453,100
2019-08-09,25.940000534057617,25.940000534057617,25.940000534057617,25.940000534057617,25.940000534057617,100
2019-08-12,25.940000534057617,25.940000534057617,25.940000534057617,25.940000534057617,25.940000534057617,100
2019-08-13,26.959999084472656,27.799999237060547,26.739999771118164,26.739999771118164,26.739999771118164,600
2019-08-14,26.040000915527344,26.040000915527344,26.040000915527344,26.040000915527344,26.040000915527344,500
2019-08-15,26.420000076293945,26.459999084472656,26.420000076293945,26.459999084472656,26.459999084472656,500
2019-08-16,26.459999084472656,26.459999084472656,26.459999084472656,26.459999084472656,26.459999084472656,0
2019-08-19,26.459999084472656,26.459999084472656,26.459999084472656,26.459999084472656,26.459999084472656,0
2019-08-20,26.459999084472656,26.459999084472656,26.459999084472656,26.459999084472656,26.459999084472656,0
2019-08-21,26.739999771118164,26.739999771118164,26.739999771118164,26.739999771118164,26.739999771118164,100
2019-08-22,26.270000457763672,26.399999618530273,26.260000228881836,26.360000610351562,26.360000610351562,700
2019-08-23,25.510000228881836,25.510000228881836,25.459999084472656,25.479999542236328,25.479999542236328,1500
2019-08-26,26.280000686645508,26.3799991607666,26.270000457763672,26.3799991607666,26.3799991607666,1400
2019-08-27,26.3799991607666,26.3799991607666,26.3799991607666,26.3799991607666,26.3799991607666,0
2019-08-28,25.93000030517578,25.93000030517578,25.93000030517578,25.93000030517578,25.93000030517578,100
2019-08-29,26.190000534057617,26.59000015258789,26.190000534057617,26.59000015258789,26.59000015258789,600
2019-08-30,26.59000015258789,26.59000015258789,26.59000015258789,26.59000015258789,26.59000015258789,0
2019-09-03,26.59000015258789,26.59000015258789,26.59000015258789,26.59000015258789,26.59000015258789,0
2019-09-04,26.59000015258789,26.59000015258789,26.59000015258789,26.59000015258789,26.59000015258789,0
2019-09-05,27.219999313354492,27.219999313354492,27.219999313354492,27.219999313354492,27.219999313354492,100
2019-09-06,27.540000915527344,27.540000915527344,27.540000915527344,27.540000915527344,27.540000915527344,100
2019-09-09,28.149999618530273,28.149999618530273,28.149999618530273,28.149999618530273,28.149999618530273,500
2019-09-10,27.440000534057617,28.5,27.440000534057617,28.5,28.5,4300
2019-09-11,27.719999313354492,27.719999313354492,27.030000686645508,27.030000686645508,27.030000686645508,5600
2019-09-12,28.040000915527344,28.040000915527344,28.040000915527344,28.040000915527344,28.040000915527344,500
2019-09-13,29.0,29.0,29.0,29.0,29.0,200
2019-09-16,29.110000610351562,29.110000610351562,28.790000915527344,28.93000030517578,28.93000030517578,800
2019-09-17,28.209999084472656,28.209999084472656,28.209999084472656,28.209999084472656,28.209999084472656,300
2019-09-18,27.139999389648438,28.850000381469727,27.139999389648438,28.850000381469727,28.850000381469727,1100
2019-09-19,27.5,28.25,27.209999084472656,28.25,28.25,1700
2019-09-20,27.0,27.0,25.649999618530273,25.649999618530273,25.649999618530273,1300
2019-09-23,25.649999618530273,25.649999618530273,25.649999618530273,25.649999618530273,25.649999618530273,100
2019-09-24,25.649999618530273,25.649999618530273,25.649999618530273,25.649999618530273,25.649999618530273,100
2019-09-25,25.209999084472656,25.229999542236328,25.0,25.0,25.0,1700
2019-09-26,25.049999237060547,25.049999237060547,24.65999984741211,24.65999984741211,24.65999984741211,800
2019-09-27,24.65999984741211,24.65999984741211,24.65999984741211,24.65999984741211,24.65999984741211,100
2019-09-30,24.65999984741211,24.65999984741211,24.65999984741211,24.65999984741211,24.65999984741211,100
2019-10-01,24.75,24.889999389648438,24.75,24.75,24.75,900
2019-10-02,24.75,24.75,24.75,24.75,24.75,100
2019-10-03,24.75,24.75,24.75,24.75,24.75,200
2019-10-04,24.75,24.75,24.75,24.75,24.75,0
2019-10-07,24.75,24.75,24.75,24.75,24.75,200
2019-10-08,24.75,24.75,24.75,24.75,24.75,200
2019-10-09,24.75,24.75,24.75,24.75,24.75,100
2019-10-10,24.75,24.75,24.75,24.75,24.75,200
2019-10-11,24.5,24.5,24.5,24.5,24.5,100
2019-10-14,24.5,24.5,24.5,24.5,24.5,0
2019-10-15,24.5,24.5,24.5,24.5,24.5,0
2019-10-16,24.5,24.5,24.5,24.5,24.5,0
2019-10-17,24.5,24.5,24.5,24.5,24.5,100
2019-10-18,24.5,24.5,24.5,24.5,24.5,0
2019-10-21,24.5,24.5,24.5,24.5,24.5,100
2019-10-22,24.5,24.5,24.5,24.5,24.5,100
2019-10-23,24.5,24.5,24.5,24.5,24.5,0
2019-10-24,24.5,24.5,24.5,24.5,24.5,0
2019-10-25,24.5,24.5,24.5,24.5,24.5,0
2019-10-28,24.5,24.5,24.5,24.5,24.5,100
2019-10-29,24.5,24.5,24.5,24.5,24.5,200
2019-10-30,25.049999237060547,25.049999237060547,25.049999237060547,25.049999237060547,25.049999237060547,1000
2019-10-31,25.049999237060547,25.049999237060547,25.049999237060547,25.049999237060547,25.049999237060547,100
2019-11-01,25.049999237060547,25.049999237060547,25.049999237060547,25.049999237060547,25.049999237060547,0
2019-11-04,25.049999237060547,25.049999237060547,25.049999237060547,25.049999237060547,25.049999237060547,100
2019-11-05,25.049999237060547,25.049999237060547,25.049999237060547,25.049999237060547,25.049999237060547,0
2019-11-06,25.049999237060547,25.049999237060547,25.049999237060547,25.049999237060547,25.049999237060547,0
2019-11-07,25.049999237060547,25.049999237060547,25.049999237060547,25.049999237060547,25.049999237060547,100
2019-11-08,25.049999237060547,25.049999237060547,25.049999237060547,25.049999237060547,25.049999237060547,0
2019-11-11,25.049999237060547,25.049999237060547,25.049999237060547,25.049999237060547,25.049999237060547,100
2019-11-12,25.049999237060547,25.049999237060547,25.049999237060547,25.049999237060547,25.049999237060547,100
2019-11-13,24.5,24.5,24.0,24.0,24.0,1100
2019-11-14,24.0,24.0,24.0,24.0,24.0,0
2019-11-15,23.5,23.5,23.5,23.5,23.5,500
2019-11-18,23.5,23.5,23.5,23.5,23.5,100
2019-11-19,23.5,23.5,23.5,23.5,23.5,100
2019-11-20,23.5,23.5,23.5,23.5,23.5,100
2019-11-21,23.5,23.5,23.5,23.5,23.5,0
2019-11-22,23.5,23.5,23.5,23.5,23.5,0
2019-11-25,23.5,23.5,23.5,23.5,23.5,100
2019-11-26,23.5,23.5,23.5,23.5,23.5,0
2019-11-27,23.5,23.5,23.5,23.5,23.5,0
2019-11-29,23.5,23.5,23.5,23.5,23.5,0
2019-12-02,23.5,23.5,23.5,23.5,23.5,0
2019-12-03,23.5,23.5,23.5,23.5,23.5,0
2019-12-04,23.5,23.5,23.5,23.5,23.5,0
2019-12-05,23.5,23.5,23.5,23.5,23.5,0
2019-12-06,23.5,23.5,23.5,23.5,23.5,0
2019-12-09,23.5,23.5,23.5,23.5,23.5,0
2019-12-10,23.5,23.5,23.5,23.5,23.5,0
2019-12-11,23.5,23.5,23.5,23.5,23.5,0
2019-12-12,23.5,23.5,23.5,23.5,23.5,0
2019-12-13,23.5,23.5,23.5,23.5,23.5,0
2019-12-16,23.5,23.5,23.5,23.5,23.5,0
2019-12-17,23.5,23.5,23.5,23.5,23.5,0
2019-12-18,23.5,23.5,23.5,23.5,23.5,0
2019-12-19,23.5,23.5,23.5,23.5,23.5,0
2019-12-20,23.5,23.5,23.5,23.5,23.5,0
2019-12-23,23.5,23.5,23.5,23.5,23.5,0
2019-12-24,23.5,23.5,23.5,23.5,23.5,0
2019-12-26,23.5,23.5,23.5,23.5,23.5,0
2019-12-27,22.610000610351562,22.739999771118164,22.610000610351562,22.739999771118164,22.739999771118164,600
2019-12-30,22.739999771118164,22.739999771118164,22.739999771118164,22.739999771118164,22.739999771118164,0
2019-12-31,22.739999771118164,22.739999771118164,22.739999771118164,22.739999771118164,22.739999771118164,0
2020-01-02,22.739999771118164,22.739999771118164,22.739999771118164,22.739999771118164,22.739999771118164,0
2020-01-03,22.739999771118164,22.739999771118164,22.739999771118164,22.739999771118164,22.739999771118164,0
2020-01-06,22.739999771118164,22.739999771118164,22.739999771118164,22.739999771118164,22.739999771118164,0
2020-01-07,22.739999771118164,22.739999771118164,22.739999771118164,22.739999771118164,22.739999771118164,0
2020-01-08,21.809999465942383,21.809999465942383,21.700000762939453,21.700000762939453,21.700000762939453,1800
2020-01-09,21.700000762939453,21.700000762939453,21.700000762939453,21.700000762939453,21.700000762939453,0
2020-01-10,21.700000762939453,21.700000762939453,21.700000762939453,21.700000762939453,21.700000762939453,0
2020-01-13,21.700000762939453,21.700000762939453,21.700000762939453,21.700000762939453,21.700000762939453,0
2020-01-14,21.700000762939453,21.700000762939453,21.700000762939453,21.700000762939453,21.700000762939453,0
2020-01-15,21.700000762939453,21.700000762939453,21.700000762939453,21.700000762939453,21.700000762939453,0
2020-01-16,21.700000762939453,21.700000762939453,21.700000762939453,21.700000762939453,21.700000762939453,0
2020-01-17,21.700000762939453,21.700000762939453,21.700000762939453,21.700000762939453,21.700000762939453,0
2020-01-21,20.469999313354492,20.469999313354492,20.469999313354492,20.469999313354492,20.469999313354492,100
2020-01-22,20.0,20.0,20.0,20.0,20.0,500
2020-01-23,20.0,20.0,20.0,20.0,20.0,0
2020-01-24,20.649999618530273,20.75,20.649999618530273,20.75,20.75,800
2020-01-27,20.75,20.75,20.75,20.75,20.75,0
2020-01-28,20.75,20.75,20.75,20.75,20.75,0
2020-01-29,20.899999618530273,21.670000076293945,20.84000015258789,21.559999465942383,21.559999465942383,1000
2020-01-30,21.510000228881836,21.520000457763672,21.3799991607666,21.3799991607666,21.3799991607666,500
2020-01-31,21.739999771118164,21.899999618530273,21.739999771118164,21.899999618530273,21.899999618530273,700
2020-02-03,21.899999618530273,21.899999618530273,21.899999618530273,21.899999618530273,21.899999618530273,0
2020-02-04,21.940000534057617,21.940000534057617,21.940000534057617,21.940000534057617,21.940000534057617,200
2020-02-05,21.940000534057617,21.940000534057617,21.940000534057617,21.940000534057617,21.940000534057617,0
2020-02-06,21.84000015258789,21.84000015258789,21.84000015258789,21.84000015258789,21.84000015258789,100
2020-02-07,21.84000015258789,21.84000015258789,21.84000015258789,21.84000015258789,21.84000015258789,0
2020-02-10,21.84000015258789,21.84000015258789,21.84000015258789,21.84000015258789,21.84000015258789,0
2020-02-11,21.84000015258789,21.84000015258789,21.84000015258789,21.84000015258789,21.84000015258789,0
2020-02-12,21.84000015258789,21.84000015258789,21.84000015258789,21.84000015258789,21.84000015258789,0
2020-02-13,21.84000015258789,21.84000015258789,21.84000015258789,21.84000015258789,21.84000015258789,0
2020-02-14,21.299999237060547,21.299999237060547,21.299999237060547,21.299999237060547,21.299999237060547,200
2020-02-18,21.299999237060547,21.299999237060547,21.299999237060547,21.299999237060547,21.299999237060547,0
2020-02-19,21.299999237060547,21.299999237060547,21.299999237060547,21.299999237060547,21.299999237060547,0
2020-02-20,21.299999237060547,21.299999237060547,21.299999237060547,21.299999237060547,21.299999237060547,0
2020-02-21,21.299999237060547,21.299999237060547,21.299999237060547,21.299999237060547,21.299999237060547,0
2020-02-24,21.299999237060547,21.299999237060547,21.299999237060547,21.299999237060547,21.299999237060547,0
2020-02-25,21.299999237060547,21.299999237060547,21.299999237060547,21.299999237060547,21.299999237060547,0
2020-02-26,21.299999237060547,21.299999237060547,21.299999237060547,21.299999237060547,21.299999237060547,0
2020-02-27,20.540000915527344,21.010000228881836,20.389999389648438,20.549999237060547,20.549999237060547,1400
2020-02-28,19.93000030517578,20.969999313354492,19.75,19.75,19.75,3100
2020-03-02,19.770000457763672,19.770000457763672,19.760000228881836,19.760000228881836,19.760000228881836,400
2020-03-03,19.760000228881836,19.760000228881836,19.760000228881836,19.760000228881836,19.760000228881836,0
2020-03-04,20.399999618530273,21.190000534057617,19.829999923706055,21.190000534057617,21.190000534057617,1400
2020-03-05,19.3799991607666,19.3799991607666,19.3799991607666,19.3799991607666,19.3799991607666,200
2020-03-06,19.3799991607666,19.3799991607666,19.3799991607666,19.3799991607666,19.3799991607666,0
2020-03-09,19.3799991607666,19.3799991607666,19.3799991607666,19.3799991607666,19.3799991607666,0
2020-03-10,19.3799991607666,19.3799991607666,19.3799991607666,19.3799991607666,19.3799991607666,0
2020-03-11,19.3799991607666,19.3799991607666,19.3799991607666,19.3799991607666,19.3799991607666,0
2020-03-12,16.18000030517578,16.18000030517578,16.18000030517578,16.18000030517578,16.18000030517578,400
2020-03-13,15.989999771118164,16.0,15.979999542236328,16.0,16.0,400
2020-03-16,16.0,16.0,16.0,16.0,16.0,0
2020-03-17,16.0,16.0,16.0,16.0,16.0,0
2020-03-18,16.0,16.0,16.0,16.0,16.0,0
2020-03-19,17.280000686645508,17.280000686645508,17.25,17.280000686645508,17.280000686645508,1000
2020-03-20,17.280000686645508,17.280000686645508,17.280000686645508,17.280000686645508,17.280000686645508,0
2020-03-23,17.280000686645508,17.280000686645508,17.280000686645508,17.280000686645508,17.280000686645508,0
2020-03-24,17.280000686645508,17.280000686645508,17.280000686645508,17.280000686645508,17.280000686645508,100
2020-03-25,17.68000030517578,17.68000030517578,17.510000228881836,17.510000228881836,17.510000228881836,300
2020-03-26,17.510000228881836,17.510000228881836,17.510000228881836,17.510000228881836,17.510000228881836,0
2020-03-27,17.510000228881836,17.510000228881836,17.510000228881836,17.510000228881836,17.510000228881836,0
2020-03-30,17.510000228881836,17.510000228881836,17.510000228881836,17.510000228881836,17.510000228881836,0
2020-03-31,17.510000228881836,17.510000228881836,17.510000228881836,17.510000228881836,17.510000228881836,0
2020-04-01,17.510000228881836,17.510000228881836,17.510000228881836,17.510000228881836,17.510000228881836,0
2020-04-02,17.510000228881836,17.510000228881836,17.510000228881836,17.510000228881836,17.510000228881836,0
2020-04-03,17.510000228881836,17.510000228881836,17.510000228881836,17.510000228881836,17.510000228881836,0
2020-04-06,17.0,17.110000610351562,16.520000457763672,16.520000457763672,16.520000457763672,2100
2020-04-07,17.56999969482422,17.56999969482422,17.450000762939453,17.5,17.5,700
2020-04-08,17.5,17.5,17.5,17.5,17.5,0
2020-04-09,19.010000228881836,19.010000228881836,18.43000030517578,18.43000030517578,18.43000030517578,2300
2020-04-13,18.1299991607666,19.459999084472656,18.1299991607666,18.489999771118164,18.489999771118164,1200
2020-04-14,18.489999771118164,18.489999771118164,18.489999771118164,18.489999771118164,18.489999771118164,0
2020-04-15,18.459999084472656,18.459999084472656,18.459999084472656,18.459999084472656,18.459999084472656,500
2020-04-16,18.459999084472656,18.459999084472656,18.459999084472656,18.459999084472656,18.459999084472656,0
2020-04-17,18.299999237060547,18.3700008392334,18.299999237060547,18.360000610351562,18.360000610351562,1600
2020-04-20,18.360000610351562,18.360000610351562,18.360000610351562,18.360000610351562,18.360000610351562,0
2020-04-21,18.360000610351562,18.360000610351562,18.360000610351562,18.360000610351562,18.360000610351562,0
2020-04-22,18.360000610351562,18.360000610351562,18.360000610351562,18.360000610351562,18.360000610351562,0
2020-04-23,18.360000610351562,18.360000610351562,18.360000610351562,18.360000610351562,18.360000610351562,0
2020-04-24,18.360000610351562,18.360000610351562,18.360000610351562,18.360000610351562,18.360000610351562,0
2020-04-27,18.360000610351562,18.360000610351562,18.360000610351562,18.360000610351562,18.360000610351562,0
2020-04-28,18.360000610351562,18.360000610351562,18.360000610351562,18.360000610351562,18.360000610351562,0
2020-04-29,18.360000610351562,18.360000610351562,18.360000610351562,18.360000610351562,18.360000610351562,0
2020-04-30,18.360000610351562,18.360000610351562,18.360000610351562,18.360000610351562,18.360000610351562,0
2020-05-01,21.110000610351562,58.310001373291016,20.850000381469727,32.0,32.0,88800
2020-05-04,35.4900016784668,53.619998931884766,35.0,41.099998474121094,41.099998474121094,201500
2020-05-05,43.13999938964844,43.790000915527344,35.349998474121094,38.66999816894531,38.66999816894531,50500
2020-05-06,37.060001373291016,37.779998779296875,31.540000915527344,33.81999969482422,33.81999969482422,18000
2020-05-07,38.0,38.0,32.0099983215332,33.0,33.0,11900
2020-05-08,34.650001525878906,35.0,32.970001220703125,33.029998779296875,33.029998779296875,5000
2020-05-11,33.81999969482422,34.81999969482422,30.110000610351562,32.20000076293945,32.20000076293945,8000
2020-05-12,32.0099983215332,32.79999923706055,30.100000381469727,31.100000381469727,31.100000381469727,4200
2020-05-13,32.79999923706055,32.79999923706055,27.059999465942383,27.540000915527344,27.540000915527344,6900
2020-05-14,27.0,27.0,24.0,24.0,24.0,4800
2020-05-15,21.649999618530273,23.65999984741211,21.649999618530273,22.729999542236328,22.729999542236328,5100
2020-05-18,22.809999465942383,22.809999465942383,22.809999465942383,22.809999465942383,22.809999465942383,1000
2020-05-19,22.440000534057617,23.559999465942383,22.440000534057617,23.559999465942383,23.559999465942383,1400
2020-05-20,25.5,25.5,22.950000762939453,22.950000762939453,22.950000762939453,1700
2020-05-21,23.6299991607666,24.809999465942383,22.799999237060547,24.799999237060547,24.799999237060547,2300
2020-05-22,22.6200008392334,24.799999237060547,21.31999969482422,24.389999389648438,24.389999389648438,4800
2020-05-26,25.280000686645508,25.280000686645508,21.329999923706055,23.010000228881836,23.010000228881836,8700
2020-05-27,23.0,23.0,22.40999984741211,22.40999984741211,22.40999984741211,800
2020-05-28,22.420000076293945,23.459999084472656,22.40999984741211,22.530000686645508,22.530000686645508,4800
2020-05-29,21.739999771118164,21.739999771118164,21.739999771118164,21.739999771118164,21.739999771118164,2100
2020-06-01,22.059999465942383,23.1299991607666,22.059999465942383,23.1299991607666,23.1299991607666,1500
2020-06-02,23.1299991607666,23.1299991607666,22.690000534057617,23.0,23.0,1800
2020-06-03,22.540000915527344,23.149999618530273,21.5,22.450000762939453,22.450000762939453,5900
2020-06-04,22.219999313354492,22.219999313354492,22.219999313354492,22.219999313354492,22.219999313354492,900
2020-06-05,21.90999984741211,23.850000381469727,21.90999984741211,23.350000381469727,23.350000381469727,4400
2020-06-08,24.0,24.0,23.739999771118164,23.739999771118164,23.739999771118164,2200
2020-06-09,24.579999923706055,26.139999389648438,23.670000076293945,23.899999618530273,23.899999618530273,6000
2020-06-10,25.639999389648438,25.639999389648438,24.25,24.25,24.25,1500
2020-06-11,25.040000915527344,25.040000915527344,23.989999771118164,23.989999771118164,23.989999771118164,2000
2020-06-12,24.010000228881836,24.040000915527344,23.100000381469727,23.149999618530273,23.149999618530273,2700
2020-06-15,23.149999618530273,23.149999618530273,23.149999618530273,23.149999618530273,23.149999618530273,300
2020-06-16,22.299999237060547,22.299999237060547,22.299999237060547,22.299999237060547,22.299999237060547,400
2020-06-17,22.5,23.010000228881836,22.5,23.010000228881836,23.010000228881836,600
2020-06-18,24.0,24.5,23.850000381469727,24.5,24.5,1700
2020-06-19,26.1200008392334,26.1200008392334,23.350000381469727,23.350000381469727,23.350000381469727,3600
2020-06-22,23.420000076293945,24.030000686645508,23.420000076293945,24.030000686645508,24.030000686645508,900
2020-06-23,23.309999465942383,23.309999465942383,23.309999465942383,23.309999465942383,23.309999465942383,300
2020-06-24,23.309999465942383,23.309999465942383,23.309999465942383,23.309999465942383,23.309999465942383,0
2020-06-25,23.229999542236328,23.229999542236328,23.229999542236328,23.229999542236328,23.229999542236328,200
2020-06-26,23.5,23.5,21.829999923706055,21.829999923706055,21.829999923706055,400
2020-06-29,21.829999923706055,21.829999923706055,21.829999923706055,21.829999923706055,21.829999923706055,0
2020-06-30,21.829999923706055,21.829999923706055,21.829999923706055,21.829999923706055,21.829999923706055,0
2020-07-01,22.040000915527344,22.040000915527344,22.040000915527344,22.040000915527344,22.040000915527344,500
2020-07-02,22.389999389648438,25.700000762939453,22.389999389648438,23.0,23.0,6700
2020-07-06,23.239999771118164,25.700000762939453,23.239999771118164,23.299999237060547,23.299999237060547,3700
2020-07-07,23.299999237060547,23.790000915527344,23.059999465942383,23.06999969482422,23.06999969482422,1100
2020-07-08,23.729999542236328,23.75,23.729999542236328,23.729999542236328,23.729999542236328,800
2020-07-09,23.729999542236328,23.729999542236328,23.729999542236328,23.729999542236328,23.729999542236328,0
2020-07-10,23.940000534057617,25.0,22.799999237060547,22.979999542236328,22.979999542236328,2400
2020-07-13,22.979999542236328,22.979999542236328,22.979999542236328,22.979999542236328,22.979999542236328,0
2020-07-14,23.049999237060547,23.06999969482422,22.84000015258789,23.06999969482422,23.06999969482422,700
2020-07-15,23.06999969482422,23.06999969482422,23.06999969482422,23.06999969482422,23.06999969482422,0
2020-07-16,25.0,25.0,25.0,25.0,25.0,700
2020-07-17,24.329999923706055,24.329999923706055,23.110000610351562,23.110000610351562,23.110000610351562,500
2020-07-20,23.649999618530273,23.649999618530273,23.649999618530273,23.649999618530273,23.649999618530273,400
2020-07-21,23.649999618530273,23.649999618530273,23.649999618530273,23.649999618530273,23.649999618530273,0
2020-07-22,23.649999618530273,23.649999618530273,23.649999618530273,23.649999618530273,23.649999618530273,0
2020-07-23,23.649999618530273,23.649999618530273,23.649999618530273,23.649999618530273,23.649999618530273,0
2020-07-24,23.649999618530273,23.649999618530273,23.649999618530273,23.649999618530273,23.649999618530273,0
2020-07-27,24.989999771118164,24.989999771118164,23.84000015258789,23.84000015258789,23.84000015258789,1300
2020-07-28,23.860000610351562,23.860000610351562,23.860000610351562,23.860000610351562,23.860000610351562,200
2020-07-29,24.260000228881836,24.389999389648438,24.260000228881836,24.389999389648438,24.389999389648438,600
2020-07-30,25.0,25.0,24.780000686645508,24.8799991607666,24.8799991607666,2800
2020-07-31,24.8799991607666,24.8799991607666,24.8799991607666,24.8799991607666,24.8799991607666,0
2020-08-03,23.56999969482422,23.56999969482422,23.290000915527344,23.389999389648438,23.389999389648438,1400
2020-08-04,23.389999389648438,23.389999389648438,23.389999389648438,23.389999389648438,23.389999389648438,300
2020-08-05,23.549999237060547,23.75,23.5,23.5,23.5,800
2020-08-06,23.5,23.5,23.5,23.5,23.5,0
2020-08-07,23.5,23.5,23.5,23.5,23.5,0
2020-08-10,23.5,23.5,23.5,23.5,23.5,0
2020-08-11,23.5,23.5,23.5,23.5,23.5,0
2020-08-12,24.5,24.5,22.770000457763672,23.479999542236328,23.479999542236328,1600
2020-08-13,23.479999542236328,23.479999542236328,23.479999542236328,23.479999542236328,23.479999542236328,0
2020-08-14,23.479999542236328,23.479999542236328,23.479999542236328,23.479999542236328,23.479999542236328,0
2020-08-17,23.479999542236328,23.479999542236328,23.479999542236328,23.479999542236328,23.479999542236328,0
2020-08-18,23.479999542236328,23.479999542236328,23.479999542236328,23.479999542236328,23.479999542236328,100
2020-08-19,23.479999542236328,23.479999542236328,23.479999542236328,23.479999542236328,23.479999542236328,0
2020-08-20,23.479999542236328,23.479999542236328,23.479999542236328,23.479999542236328,23.479999542236328,0
2020-08-21,23.479999542236328,23.479999542236328,23.479999542236328,23.479999542236328,23.479999542236328,0
2020-08-24,23.479999542236328,23.479999542236328,23.479999542236328,23.479999542236328,23.479999542236328,0
2020-08-25,23.479999542236328,23.479999542236328,23.479999542236328,23.479999542236328,23.479999542236328,0
2020-08-26,23.479999542236328,23.479999542236328,23.479999542236328,23.479999542236328,23.479999542236328,0
2020-08-27,24.059999465942383,25.0,24.059999465942383,25.0,25.0,1000
2020-08-28,25.0,25.0,25.0,25.0,25.0,0
2020-08-31,24.510000228881836,24.510000228881836,23.299999237060547,23.389999389648438,23.389999389648438,3400
2020-09-01,23.389999389648438,23.389999389648438,23.389999389648438,23.389999389648438,23.389999389648438,0
2020-09-02,23.389999389648438,23.389999389648438,23.389999389648438,23.389999389648438,23.389999389648438,0
2020-09-03,23.389999389648438,23.389999389648438,23.389999389648438,23.389999389648438,23.389999389648438,0
2020-09-04,23.389999389648438,23.389999389648438,23.389999389648438,23.389999389648438,23.389999389648438,0
2020-09-08,22.25,22.25,22.25,22.25,22.25,400
2020-09-09,22.25,22.25,22.25,22.25,22.25,0
2020-09-10,22.020000457763672,22.020000457763672,21.969999313354492,21.969999313354492,21.969999313354492,300
2020-09-11,23.280000686645508,24.25,23.280000686645508,23.75,23.75,2200
2020-09-14,23.75,23.75,23.75,23.75,23.75,300
2020-09-15,21.809999465942383,21.809999465942383,21.700000762939453,21.700000762939453,21.700000762939453,3200
2020-09-16,22.110000610351562,23.389999389648438,22.110000610351562,22.989999771118164,22.989999771118164,900
2020-09-17,21.809999465942383,21.809999465942383,21.809999465942383,21.809999465942383,21.809999465942383,200
2020-09-18,22.260000228881836,22.8799991607666,21.25,22.8799991607666,22.8799991607666,4200
2020-09-21,22.8799991607666,22.8799991607666,22.8799991607666,22.8799991607666,22.8799991607666,500
2020-09-22,22.8799991607666,22.8799991607666,22.8799991607666,22.8799991607666,22.8799991607666,0
2020-09-23,22.549999237060547,22.549999237060547,20.600000381469727,20.649999618530273,20.649999618530273,1400
2020-09-24,20.649999618530273,20.649999618530273,20.649999618530273,20.649999618530273,20.649999618530273,0
2020-09-25,20.709999084472656,20.709999084472656,20.649999618530273,20.68000030517578,20.68000030517578,1400
2020-09-28,22.700000762939453,22.700000762939453,21.3700008392334,21.3700008392334,21.3700008392334,1100
2020-09-29,21.3700008392334,21.3700008392334,21.3700008392334,21.3700008392334,21.3700008392334,0
2020-09-30,21.3700008392334,21.3700008392334,21.3700008392334,21.3700008392334,21.3700008392334,0
2020-10-01,21.3700008392334,21.3700008392334,21.3700008392334,21.3700008392334,21.3700008392334,0
2020-10-02,21.399999618530273,21.399999618530273,21.399999618530273,21.399999618530273,21.399999618530273,300
2020-10-05,21.399999618530273,21.399999618530273,21.399999618530273,21.399999618530273,21.399999618530273,0
2020-10-06,20.770000457763672,20.770000457763672,20.770000457763672,20.770000457763672,20.770000457763672,200
2020-10-07,20.93000030517578,20.93000030517578,20.93000030517578,20.93000030517578,20.93000030517578,400
2020-10-08,21.65999984741211,21.65999984741211,21.65999984741211,21.65999984741211,21.65999984741211,400
2020-10-09,21.65999984741211,21.65999984741211,21.65999984741211,21.65999984741211,21.65999984741211,0
2020-10-12,22.440000534057617,22.440000534057617,22.440000534057617,22.440000534057617,22.440000534057617,400
2020-10-13,22.440000534057617,22.440000534057617,22.440000534057617,22.440000534057617,22.440000534057617,0
2020-10-14,22.440000534057617,22.440000534057617,22.440000534057617,22.440000534057617,22.440000534057617,0
2020-10-15,22.440000534057617,22.440000534057617,22.440000534057617,22.440000534057617,22.440000534057617,0
2020-10-16,22.149999618530273,22.149999618530273,22.149999618530273,22.149999618530273,22.149999618530273,400
2020-10-19,22.149999618530273,22.149999618530273,22.149999618530273,22.149999618530273,22.149999618530273,100
2020-10-20,22.149999618530273,22.149999618530273,22.149999618530273,22.149999618530273,22.149999618530273,100
2020-10-21,21.969999313354492,21.969999313354492,21.969999313354492,21.969999313354492,21.969999313354492,200
2020-10-22,22.0,22.0,21.18000030517578,21.18000030517578,21.18000030517578,800
2020-10-23,21.18000030517578,21.18000030517578,21.18000030517578,21.18000030517578,21.18000030517578,100
2020-10-26,21.18000030517578,21.18000030517578,21.18000030517578,21.18000030517578,21.18000030517578,0
2020-10-27,21.18000030517578,21.18000030517578,21.18000030517578,21.18000030517578,21.18000030517578,0
2020-10-28,20.59000015258789,20.59000015258789,20.59000015258789,20.59000015258789,20.59000015258789,300
2020-10-29,20.59000015258789,20.59000015258789,20.59000015258789,20.59000015258789,20.59000015258789,0
2020-10-30,20.59000015258789,20.59000015258789,20.59000015258789,20.59000015258789,20.59000015258789,0
2020-11-02,20.59000015258789,20.59000015258789,20.59000015258789,20.59000015258789,20.59000015258789,0
2020-11-03,20.59000015258789,20.59000015258789,20.59000015258789,20.59000015258789,20.59000015258789,0
2020-11-04,20.59000015258789,20.59000015258789,20.59000015258789,20.59000015258789,20.59000015258789,0
2020-11-05,20.59000015258789,20.59000015258789,20.59000015258789,20.59000015258789,20.59000015258789,0
2020-11-06,19.510000228881836,19.510000228881836,19.510000228881836,19.510000228881836,19.510000228881836,300
2020-11-09,20.40999984741211,20.40999984741211,20.40999984741211,20.40999984741211,20.40999984741211,400
2020-11-10,20.549999237060547,20.549999237060547,20.549999237060547,20.549999237060547,20.549999237060547,400
2020-11-11,20.549999237060547,20.549999237060547,20.549999237060547,20.549999237060547,20.549999237060547,0
2020-11-12,20.549999237060547,20.549999237060547,20.549999237060547,20.549999237060547,20.549999237060547,0
2020-11-13,20.549999237060547,20.549999237060547,20.549999237060547,20.549999237060547,20.549999237060547,0
2020-11-16,20.549999237060547,20.549999237060547,20.549999237060547,20.549999237060547,20.549999237060547,0
2020-11-17,20.549999237060547,20.549999237060547,20.549999237060547,20.549999237060547,20.549999237060547,0
2020-11-18,23.389999389648438,24.440000534057617,23.389999389648438,24.440000534057617,24.440000534057617,2400
2020-11-19,24.440000534057617,24.440000534057617,24.440000534057617,24.440000534057617,24.440000534057617,400
2020-11-20,24.440000534057617,24.440000534057617,24.440000534057617,24.440000534057617,24.440000534057617,100
2020-11-23,23.760000228881836,23.760000228881836,23.760000228881836,23.760000228881836,23.760000228881836,400
2020-11-24,23.760000228881836,23.760000228881836,23.760000228881836,23.760000228881836,23.760000228881836,100
2020-11-25,22.59000015258789,22.59000015258789,22.549999237060547,22.549999237060547,22.549999237060547,2200
2020-11-27,22.549999237060547,22.549999237060547,22.549999237060547,22.549999237060547,22.549999237060547,100
2020-11-30,22.59000015258789,22.59000015258789,22.59000015258789,22.59000015258789,22.59000015258789,300
2020-12-01,22.709999084472656,22.709999084472656,22.709999084472656,22.709999084472656,22.709999084472656,200
2020-12-02,22.709999084472656,22.709999084472656,22.709999084472656,22.709999084472656,22.709999084472656,0
2020-12-03,22.709999084472656,22.709999084472656,22.709999084472656,22.709999084472656,22.709999084472656,0
2020-12-04,22.709999084472656,22.709999084472656,22.709999084472656,22.709999084472656,22.709999084472656,0
2020-12-07,22.709999084472656,22.709999084472656,22.709999084472656,22.709999084472656,22.709999084472656,0
2020-12-08,22.709999084472656,22.709999084472656,22.709999084472656,22.709999084472656,22.709999084472656,0
2020-12-09,24.34000015258789,24.34000015258789,24.34000015258789,24.34000015258789,24.34000015258789,200
2020-12-10,24.1200008392334,24.1200008392334,24.1200008392334,24.1200008392334,24.1200008392334,300
2020-12-11,24.1200008392334,24.1200008392334,24.1200008392334,24.1200008392334,24.1200008392334,0
2020-12-14,24.1200008392334,24.1200008392334,24.1200008392334,24.1200008392334,24.1200008392334,0
2020-12-15,25.530000686645508,25.530000686645508,25.25,25.25,25.25,600
2020-12-16,26.100000381469727,26.100000381469727,26.100000381469727,26.100000381469727,26.100000381469727,1200
2020-12-17,25.530000686645508,25.530000686645508,25.530000686645508,25.530000686645508,25.530000686645508,200
2020-12-18,26.100000381469727,26.100000381469727,24.850000381469727,24.850000381469727,24.850000381469727,1200
2020-12-21,25.100000381469727,25.149999618530273,25.100000381469727,25.149999618530273,25.149999618530273,500
2020-12-22,25.149999618530273,25.149999618530273,25.149999618530273,25.149999618530273,25.149999618530273,0
2020-12-23,25.149999618530273,25.149999618530273,25.149999618530273,25.149999618530273,25.149999618530273,0
2020-12-24,25.149999618530273,25.149999618530273,25.149999618530273,25.149999618530273,25.149999618530273,0
2020-12-28,24.270000457763672,24.270000457763672,24.270000457763672,24.270000457763672,24.270000457763672,300
2020-12-29,24.5,24.5,24.5,24.5,24.5,600
2020-12-30,24.649999618530273,24.649999618530273,24.649999618530273,24.649999618530273,24.649999618530273,200
2020-12-31,24.059999465942383,24.520000457763672,24.059999465942383,24.520000457763672,24.520000457763672,800
2021-01-04,24.25,24.25,24.100000381469727,24.100000381469727,24.100000381469727,400
2021-01-05,24.899999618530273,24.899999618530273,24.899999618530273,24.899999618530273,24.899999618530273,300
2021-01-06,25.649999618530273,26.5,25.270000457763672,25.270000457763672,25.270000457763672,8000
2021-01-07,27.0,27.0,27.0,27.0,27.0,1000
2021-01-08,25.93000030517578,25.93000030517578,25.75,25.75,25.75,600
2021-01-11,25.75,25.75,25.75,25.75,25.75,100
2021-01-12,25.75,25.75,25.75,25.75,25.75,0
2021-01-13,25.75,25.75,25.75,25.75,25.75,0
2021-01-14,25.75,25.75,25.75,25.75,25.75,0
2021-01-15,25.15999984741211,25.15999984741211,24.790000915527344,24.790000915527344,24.790000915527344,300
2021-01-19,24.709999084472656,24.709999084472656,24.709999084472656,24.709999084472656,24.709999084472656,400
2021-01-20,24.920000076293945,24.920000076293945,24.920000076293945,24.920000076293945,24.920000076293945,200
2021-01-21,24.920000076293945,24.920000076293945,24.920000076293945,24.920000076293945,24.920000076293945,0
2021-01-22,24.920000076293945,24.920000076293945,24.920000076293945,24.920000076293945,24.920000076293945,100
2021-01-25,26.5,26.5,26.5,26.5,26.5,200
2021-01-26,26.540000915527344,26.549999237060547,26.540000915527344,26.549999237060547,26.549999237060547,1200
2021-01-27,25.90999984741211,25.90999984741211,25.43000030517578,25.43000030517578,25.43000030517578,300
2021-01-28,25.43000030517578,25.43000030517578,25.43000030517578,25.43000030517578,25.43000030517578,0
2021-01-29,25.75,25.75,25.010000228881836,25.010000228881836,25.010000228881836,500
2021-02-01,24.010000228881836,24.010000228881836,24.010000228881836,24.010000228881836,24.010000228881836,400
2021-02-02,24.0,24.0,24.0,24.0,24.0,200
2021-02-03,24.0,24.0,24.0,24.0,24.0,0
2021-02-04,24.0,24.0,24.0,24.0,24.0,0
2021-02-05,24.0,24.0,24.0,24.0,24.0,0
2021-02-08,24.920000076293945,24.920000076293945,24.920000076293945,24.920000076293945,24.920000076293945,700
2021-02-09,24.850000381469727,24.850000381469727,24.850000381469727,24.850000381469727,24.850000381469727,300
2021-02-10,24.850000381469727,24.850000381469727,24.850000381469727,24.850000381469727,24.850000381469727,0
2021-02-11,24.850000381469727,24.850000381469727,24.850000381469727,24.850000381469727,24.850000381469727,0
2021-02-12,24.850000381469727,24.850000381469727,24.850000381469727,24.850000381469727,24.850000381469727,0
2021-02-16,26.0,26.06999969482422,26.0,26.06999969482422,26.06999969482422,3100
2021-02-17,26.1200008392334,26.25,26.1200008392334,26.25,26.25,800
2021-02-18,26.559999465942383,27.649999618530273,26.0,27.5,27.5,7100
2021-02-19,27.5,27.5,27.5,27.5,27.5,0
2021-02-22,25.690000534057617,25.690000534057617,25.690000534057617,25.690000534057617,25.690000534057617,100
2021-02-23,25.690000534057617,25.690000534057617,25.690000534057617,25.690000534057617,25.690000534057617,0
2021-02-24,26.479999542236328,27.549999237060547,26.479999542236328,27.43000030517578,27.43000030517578,400
2021-02-25,27.43000030517578,27.43000030517578,27.43000030517578,27.43000030517578,27.43000030517578,0
2021-02-26,26.700000762939453,26.700000762939453,26.700000762939453,26.700000762939453,26.700000762939453,300
2021-03-01,24.6299991607666,25.81999969482422,24.6299991607666,25.229999542236328,25.229999542236328,3200
2021-03-02,24.989999771118164,24.989999771118164,24.65999984741211,24.65999984741211,24.65999984741211,500
2021-03-03,24.489999771118164,24.719999313354492,22.579999923706055,22.579999923706055,22.579999923706055,1100
2021-03-04,22.579999923706055,22.579999923706055,22.579999923706055,22.579999923706055,22.579999923706055,0
2021-03-05,24.899999618530273,25.850000381469727,23.350000381469727,24.93000030517578,24.93000030517578,4700
2021-03-08,23.790000915527344,24.209999084472656,23.760000228881836,23.760000228881836,23.760000228881836,1500
2021-03-09,24.149999618530273,24.149999618530273,24.149999618530273,24.149999618530273,24.149999618530273,200
2021-03-10,24.149999618530273,24.149999618530273,24.149999618530273,24.149999618530273,24.149999618530273,0
2021-03-11,24.149999618530273,24.149999618530273,24.149999618530273,24.149999618530273,24.149999618530273,0
2021-03-12,26.15999984741211,26.5,25.6200008392334,25.6200008392334,25.6200008392334,2100
2021-03-15,25.190000534057617,25.190000534057617,25.190000534057617,25.190000534057617,25.190000534057617,400
2021-03-16,26.219999313354492,26.40999984741211,26.209999084472656,26.239999771118164,26.239999771118164,1600
2021-03-17,26.649999618530273,26.649999618530273,26.639999389648438,26.649999618530273,26.649999618530273,700
2021-03-18,26.649999618530273,26.649999618530273,26.649999618530273,26.649999618530273,26.649999618530273,0
2021-03-19,26.559999465942383,27.0,26.450000762939453,27.0,27.0,1300
2021-03-22,27.0,27.0,27.0,27.0,27.0,0
2021-03-23,27.0,27.0,27.0,27.0,27.0,0
2021-03-24,27.0,27.0,27.0,27.0,27.0,0
2021-03-25,27.0,27.0,27.0,27.0,27.0,0
2021-03-26,27.0,27.0,27.0,27.0,27.0,0
2021-03-29,25.559999465942383,25.559999465942383,25.559999465942383,25.559999465942383,25.559999465942383,300
2021-03-30,25.489999771118164,25.489999771118164,25.489999771118164,25.489999771118164,25.489999771118164,100
2021-03-31,26.860000610351562,36.11000061035156,26.100000381469727,28.700000762939453,28.700000762939453,34000
2021-04-01,28.809999465942383,38.88999938964844,28.809999465942383,32.0,32.0,46100
2021-04-05,32.400001525878906,32.400001525878906,27.770000457763672,28.010000228881836,28.010000228881836,7700
2021-04-06,28.010000228881836,28.010000228881836,26.100000381469727,26.100000381469727,26.100000381469727,7300
2021-04-07,26.200000762939453,26.5,26.100000381469727,26.100000381469727,26.100000381469727,6500
2021-04-08,26.989999771118164,26.989999771118164,26.989999771118164,26.989999771118164,26.989999771118164,300
2021-04-09,25.540000915527344,26.0,25.0,26.0,26.0,6900
2021-04-12,26.0,26.0,26.0,26.0,26.0,0
2021-04-13,26.0,26.459999084472656,25.860000610351562,25.899999618530273,25.899999618530273,2700
2021-04-14,26.010000228881836,28.209999084472656,26.0,26.270000457763672,26.270000457763672,4200
2021-04-15,26.280000686645508,26.489999771118164,25.75,26.489999771118164,26.489999771118164,13500
2021-04-16,26.489999771118164,26.489999771118164,26.489999771118164,26.489999771118164,26.489999771118164,500
2021-04-19,26.209999084472656,26.209999084472656,26.020000457763672,26.020000457763672,26.020000457763672,1000
2021-04-20,26.40999984741211,26.40999984741211,26.40999984741211,26.40999984741211,26.40999984741211,200
2021-04-21,27.270000457763672,27.270000457763672,27.239999771118164,27.239999771118164,27.239999771118164,500
2021-04-22,25.649999618530273,26.93000030517578,25.649999618530273,26.93000030517578,26.93000030517578,1100
2021-04-23,26.1200008392334,26.1200008392334,25.549999237060547,25.549999237060547,25.549999237060547,1000
2021-04-26,25.43000030517578,25.43000030517578,25.43000030517578,25.43000030517578,25.43000030517578,300
2021-04-27,25.950000762939453,25.950000762939453,25.950000762939453,25.950000762939453,25.950000762939453,100
2021-04-28,26.670000076293945,26.670000076293945,26.670000076293945,26.670000076293945,26.670000076293945,200
2021-04-29,26.670000076293945,26.670000076293945,26.670000076293945,26.670000076293945,26.670000076293945,0
2021-04-30,26.670000076293945,26.670000076293945,26.670000076293945,26.670000076293945,26.670000076293945,1000
2021-05-03,26.670000076293945,26.670000076293945,26.670000076293945,26.670000076293945,26.670000076293945,0
2021-05-04,26.670000076293945,26.670000076293945,26.670000076293945,26.670000076293945,26.670000076293945,0
2021-05-05,27.0,27.290000915527344,26.860000610351562,27.290000915527344,27.290000915527344,1800
2021-05-06,27.299999237060547,28.299999237060547,27.299999237060547,28.299999237060547,28.299999237060547,1100
2021-05-07,28.299999237060547,28.299999237060547,28.299999237060547,28.299999237060547,28.299999237060547,0
2021-05-10,28.469999313354492,28.56999969482422,28.469999313354492,28.56999969482422,28.56999969482422,500
2021-05-11,28.56999969482422,28.56999969482422,28.56999969482422,28.56999969482422,28.56999969482422,0
2021-05-12,28.56999969482422,28.56999969482422,28.56999969482422,28.56999969482422,28.56999969482422,0
2021-05-13,28.25,28.5,28.020000457763672,28.020000457763672,28.020000457763672,600
2021-05-14,28.350000381469727,28.350000381469727,28.260000228881836,28.260000228881836,28.260000228881836,300
2021-05-17,28.260000228881836,28.260000228881836,28.260000228881836,28.260000228881836,28.260000228881836,0
2021-05-18,28.260000228881836,28.260000228881836,28.260000228881836,28.260000228881836,28.260000228881836,0
2021-05-19,28.010000228881836,28.010000228881836,28.010000228881836,28.010000228881836,28.010000228881836,100
2021-05-20,28.010000228881836,28.010000228881836,28.010000228881836,28.010000228881836,28.010000228881836,0
2021-05-21,28.010000228881836,28.010000228881836,28.010000228881836,28.010000228881836,28.010000228881836,0
2021-05-24,28.010000228881836,28.010000228881836,28.010000228881836,28.010000228881836,28.010000228881836,0
2021-05-25,28.010000228881836,28.010000228881836,28.010000228881836,28.010000228881836,28.010000228881836,0
2021-05-26,28.459999084472656,28.5,27.899999618530273,27.899999618530273,27.899999618530273,1600
2021-05-27,26.920000076293945,26.920000076293945,26.920000076293945,26.920000076293945,26.920000076293945,500
2021-05-28,26.920000076293945,26.920000076293945,26.920000076293945,26.920000076293945,26.920000076293945,0
2021-06-01,27.219999313354492,27.219999313354492,26.8799991607666,26.8799991607666,26.8799991607666,400
2021-06-02,26.149999618530273,26.520000457763672,26.149999618530273,26.520000457763672,26.520000457763672,800
2021-06-03,27.0,27.0,27.0,27.0,27.0,300
2021-06-04,27.0,27.0,27.0,27.0,27.0,0
2021-06-07,28.889999389648438,28.889999389648438,28.889999389648438,28.889999389648438,28.889999389648438,800
2021-06-08,28.889999389648438,28.889999389648438,28.889999389648438,28.889999389648438,28.889999389648438,0
2021-06-09,28.889999389648438,28.889999389648438,28.889999389648438,28.889999389648438,28.889999389648438,0
2021-06-10,28.889999389648438,28.889999389648438,28.889999389648438,28.889999389648438,28.889999389648438,0
2021-06-11,28.889999389648438,28.889999389648438,28.889999389648438,28.889999389648438,28.889999389648438,0
2021-06-14,28.6299991607666,28.6299991607666,28.6299991607666,28.6299991607666,28.6299991607666,400
2021-06-15,27.93000030517578,27.93000030517578,27.93000030517578,27.93000030517578,27.93000030517578,100
2021-06-16,29.989999771118164,30.0,27.5,27.5,27.5,1400
2021-06-17,27.5,27.5,27.5,27.5,27.5,0
2021-06-18,29.0,29.0,29.0,29.0,29.0,300
2021-06-21,29.0,29.0,29.0,29.0,29.0,0
2021-06-22,29.0,29.0,29.0,29.0,29.0,0
2021-06-23,27.770000457763672,27.770000457763672,27.760000228881836,27.760000228881836,27.760000228881836,700
2021-06-24,27.760000228881836,27.760000228881836,27.760000228881836,27.760000228881836,27.760000228881836,0
2021-06-25,27.760000228881836,27.760000228881836,27.760000228881836,27.760000228881836,27.760000228881836,0
2021-06-28,27.760000228881836,27.760000228881836,27.760000228881836,27.760000228881836,27.760000228881836,0
2021-06-29,28.489999771118164,28.93000030517578,28.489999771118164,28.93000030517578,28.93000030517578,200
2021-06-30,28.93000030517578,28.93000030517578,28.93000030517578,28.93000030517578,28.93000030517578,0
2021-07-01,28.93000030517578,28.93000030517578,28.93000030517578,28.93000030517578,28.93000030517578,0
2021-07-02,28.93000030517578,28.93000030517578,28.93000030517578,28.93000030517578,28.93000030517578,0
2021-07-06,28.93000030517578,28.93000030517578,28.93000030517578,28.93000030517578,28.93000030517578,0
2021-07-07,27.25,27.25,27.25,27.25,27.25,500
2021-07-08,27.25,27.25,27.25,27.25,27.25,0
2021-07-09,27.25,27.25,27.25,27.25,27.25,0
2021-07-12,27.149999618530273,27.219999313354492,27.149999618530273,27.219999313354492,27.219999313354492,400
2021-07-13,27.219999313354492,27.219999313354492,27.219999313354492,27.219999313354492,27.219999313354492,0
2021-07-14,26.149999618530273,26.610000610351562,26.149999618530273,26.610000610351562,26.610000610351562,400
2021-07-15,26.610000610351562,26.610000610351562,26.610000610351562,26.610000610351562,26.610000610351562,100
2021-07-16,26.610000610351562,26.610000610351562,26.610000610351562,26.610000610351562,26.610000610351562,100
2021-07-19,26.610000610351562,26.610000610351562,26.610000610351562,26.610000610351562,26.610000610351562,300
2021-07-20,27.479999542236328,27.489999771118164,26.5,26.5,26.5,1200
2021-07-21,26.5,26.5,26.5,26.5,26.5,200
2021-07-22,27.5,27.5,27.5,27.5,27.5,100
2021-07-23,27.5,27.5,27.5,27.5,27.5,100
2021-07-26,27.5,27.5,27.5,27.5,27.5,0
2021-07-27,27.5,27.5,27.5,27.5,27.5,0
2021-07-28,27.5,27.5,27.5,27.5,27.5,0
2021-07-29,27.5,27.5,27.5,27.5,27.5,0
2021-07-30,26.860000610351562,26.860000610351562,26.860000610351562,26.860000610351562,26.860000610351562,200
2021-08-02,26.860000610351562,26.860000610351562,26.860000610351562,26.860000610351562,26.860000610351562,0
2021-08-03,26.860000610351562,26.860000610351562,26.860000610351562,26.860000610351562,26.860000610351562,0
2021-08-04,26.860000610351562,26.860000610351562,26.860000610351562,26.860000610351562,26.860000610351562,0
2021-08-05,26.860000610351562,26.860000610351562,26.860000610351562,26.860000610351562,26.860000610351562,0
2021-08-06,26.860000610351562,26.860000610351562,26.860000610351562,26.860000610351562,26.860000610351562,0
2021-08-09,26.860000610351562,26.860000610351562,26.860000610351562,26.860000610351562,26.860000610351562,0
2021-08-10,26.860000610351562,26.860000610351562,26.860000610351562,26.860000610351562,26.860000610351562,0
2021-08-11,26.860000610351562,26.860000610351562,26.860000610351562,26.860000610351562,26.860000610351562,0
2021-08-12,30.18000030517578,30.18000030517578,30.18000030517578,30.18000030517578,30.18000030517578,1000
2021-08-13,29.18000030517578,29.18000030517578,29.18000030517578,29.18000030517578,29.18000030517578,800
2021-08-16,29.290000915527344,29.290000915527344,29.290000915527344,29.290000915527344,29.290000915527344,200
2021-08-17,29.290000915527344,29.290000915527344,29.290000915527344,29.290000915527344,29.290000915527344,0
2021-08-18,29.790000915527344,29.790000915527344,29.790000915527344,29.790000915527344,29.790000915527344,200
2021-08-19,29.790000915527344,29.790000915527344,29.790000915527344,29.790000915527344,29.790000915527344,0
2021-08-20,29.790000915527344,29.790000915527344,29.790000915527344,29.790000915527344,29.790000915527344,0
2021-08-23,29.790000915527344,29.790000915527344,29.790000915527344,29.790000915527344,29.790000915527344,500
2021-08-24,31.0,31.0,27.799999237060547,29.399999618530273,29.399999618530273,1900
2021-08-25,29.399999618530273,29.399999618530273,29.399999618530273,29.399999618530273,29.399999618530273,0
2021-08-26,29.399999618530273,29.399999618530273,29.399999618530273,29.399999618530273,29.399999618530273,0
2021-08-27,28.760000228881836,28.760000228881836,28.760000228881836,28.760000228881836,28.760000228881836,400
2021-08-30,28.760000228881836,28.760000228881836,28.760000228881836,28.760000228881836,28.760000228881836,0
2021-08-31,28.280000686645508,28.329999923706055,28.280000686645508,28.329999923706055,28.329999923706055,400
2021-09-01,28.329999923706055,28.329999923706055,28.329999923706055,28.329999923706055,28.329999923706055,0
2021-09-02,28.329999923706055,28.329999923706055,28.329999923706055,28.329999923706055,28.329999923706055,0
2021-09-03,28.329999923706055,28.329999923706055,28.329999923706055,28.329999923706055,28.329999923706055,100
2021-09-07,29.540000915527344,29.540000915527344,29.540000915527344,29.540000915527344,29.540000915527344,500
2021-09-08,29.540000915527344,29.540000915527344,29.540000915527344,29.540000915527344,29.540000915527344,0
2021-09-09,29.540000915527344,29.540000915527344,29.540000915527344,29.540000915527344,29.540000915527344,300
2021-09-10,29.540000915527344,29.540000915527344,29.540000915527344,29.540000915527344,29.540000915527344,0
2021-09-13,29.540000915527344,29.540000915527344,29.540000915527344,29.540000915527344,29.540000915527344,0
2021-09-14,29.540000915527344,29.540000915527344,29.540000915527344,29.540000915527344,29.540000915527344,0
2021-09-15,29.540000915527344,29.540000915527344,29.540000915527344,29.540000915527344,29.540000915527344,0
2021-09-16,29.540000915527344,29.540000915527344,29.540000915527344,29.540000915527344,29.540000915527344,0
2021-09-17,29.239999771118164,29.239999771118164,28.6200008392334,28.6200008392334,28.6200008392334,300
2021-09-20,28.6200008392334,28.6200008392334,28.6200008392334,28.6200008392334,28.6200008392334,0
2021-09-21,28.559999465942383,28.559999465942383,28.559999465942383,28.559999465942383,28.559999465942383,200
2021-09-22,28.559999465942383,28.559999465942383,28.559999465942383,28.559999465942383,28.559999465942383,0
2021-09-23,28.559999465942383,28.559999465942383,28.559999465942383,28.559999465942383,28.559999465942383,0
2021-09-24,29.700000762939453,30.0,29.700000762939453,30.0,30.0,1000
2021-09-27,30.329999923706055,30.479999542236328,30.329999923706055,30.479999542236328,30.479999542236328,400
2021-09-28,30.479999542236328,30.479999542236328,30.479999542236328,30.479999542236328,30.479999542236328,0
2021-09-29,29.760000228881836,29.760000228881836,29.760000228881836,29.760000228881836,29.760000228881836,400
2021-09-30,29.760000228881836,29.760000228881836,29.760000228881836,29.760000228881836,29.760000228881836,100
2021-10-01,29.760000228881836,29.760000228881836,29.760000228881836,29.760000228881836,29.760000228881836,0
2021-10-04,29.799999237060547,29.799999237060547,29.799999237060547,29.799999237060547,29.799999237060547,200
2021-10-05,29.799999237060547,29.799999237060547,29.799999237060547,29.799999237060547,29.799999237060547,0
2021-10-06,29.799999237060547,29.799999237060547,29.799999237060547,29.799999237060547,29.799999237060547,200
2021-10-07,29.799999237060547,29.799999237060547,29.799999237060547,29.799999237060547,29.799999237060547,0
2021-10-08,29.799999237060547,29.799999237060547,29.799999237060547,29.799999237060547,29.799999237060547,0
2021-10-11,29.700000762939453,29.700000762939453,29.700000762939453,29.700000762939453,29.700000762939453,200
2021-10-12,30.280000686645508,30.290000915527344,30.020000457763672,30.020000457763672,30.020000457763672,600
2021-10-13,30.020000457763672,30.020000457763672,30.020000457763672,30.020000457763672,30.020000457763672,100
2021-10-14,30.020000457763672,30.020000457763672,30.020000457763672,30.020000457763672,30.020000457763672,0
2021-10-15,30.020000457763672,30.020000457763672,30.020000457763672,30.020000457763672,30.020000457763672,0
2021-10-18,30.020000457763672,30.020000457763672,30.020000457763672,30.020000457763672,30.020000457763672,0
2021-10-19,30.020000457763672,30.020000457763672,30.020000457763672,30.020000457763672,30.020000457763672,0
2021-10-20,30.020000457763672,30.020000457763672,30.020000457763672,30.020000457763672,30.020000457763672,0
2021-10-21,30.299999237060547,30.299999237060547,30.299999237060547,30.299999237060547,30.299999237060547,200
2021-10-22,30.299999237060547,30.299999237060547,30.299999237060547,30.299999237060547,30.299999237060547,0
2021-10-25,29.68000030517578,29.68000030517578,29.68000030517578,29.68000030517578,29.68000030517578,100
2021-10-26,29.68000030517578,29.68000030517578,29.68000030517578,29.68000030517578,29.68000030517578,0
2021-10-27,30.479999542236328,30.520000457763672,30.479999542236328,30.479999542236328,30.479999542236328,1900
2021-10-28,29.280000686645508,29.280000686645508,28.540000915527344,28.540000915527344,28.540000915527344,800
2021-10-29,28.540000915527344,28.540000915527344,28.540000915527344,28.540000915527344,28.540000915527344,0
2021-11-01,28.540000915527344,28.540000915527344,28.540000915527344,28.540000915527344,28.540000915527344,0
2021-11-02,28.540000915527344,28.540000915527344,28.540000915527344,28.540000915527344,28.540000915527344,0
2021-11-03,28.540000915527344,28.540000915527344,28.540000915527344,28.540000915527344,28.540000915527344,0
2021-11-04,28.540000915527344,28.540000915527344,28.540000915527344,28.540000915527344,28.540000915527344,500
2021-11-05,29.1299991607666,29.1299991607666,28.09000015258789,28.09000015258789,28.09000015258789,500
2021-11-08,28.09000015258789,28.09000015258789,28.09000015258789,28.09000015258789,28.09000015258789,0
2021-11-09,29.139999389648438,29.139999389648438,28.950000762939453,28.950000762939453,28.950000762939453,1900
2021-11-10,28.520000457763672,28.700000762939453,28.5,28.5,28.5,700
2021-11-11,28.559999465942383,28.559999465942383,28.559999465942383,28.559999465942383,28.559999465942383,100
2021-11-12,28.559999465942383,28.559999465942383,28.559999465942383,28.559999465942383,28.559999465942383,0
2021-11-15,28.559999465942383,28.559999465942383,28.559999465942383,28.559999465942383,28.559999465942383,0
2021-11-16,29.420000076293945,29.420000076293945,29.420000076293945,29.420000076293945,29.420000076293945,100
2021-11-17,29.420000076293945,29.420000076293945,29.420000076293945,29.420000076293945,29.420000076293945,0
2021-11-18,29.209999084472656,30.850000381469727,29.139999389648438,29.600000381469727,29.600000381469727,6500
2021-11-19,29.600000381469727,29.600000381469727,29.600000381469727,29.600000381469727,29.600000381469727,0
2021-11-22,29.709999084472656,29.709999084472656,28.790000915527344,28.850000381469727,28.850000381469727,1400
2021-11-23,28.850000381469727,28.850000381469727,28.850000381469727,28.850000381469727,28.850000381469727,0
2021-11-24,28.270000457763672,28.450000762939453,28.260000228881836,28.450000762939453,28.450000762939453,2000
2021-11-26,27.93000030517578,27.93000030517578,27.93000030517578,27.93000030517578,27.93000030517578,200
2021-11-29,27.989999771118164,27.989999771118164,27.43000030517578,27.43000030517578,27.43000030517578,3800
2021-11-30,26.959999084472656,26.959999084472656,26.959999084472656,26.959999084472656,26.959999084472656,800
2021-12-01,26.959999084472656,26.959999084472656,26.959999084472656,26.959999084472656,26.959999084472656,0
2021-12-02,27.0,27.0,27.0,27.0,27.0,400
2021-12-03,27.0,27.0,27.0,27.0,27.0,0
2021-12-06,27.510000228881836,28.0,27.510000228881836,28.0,28.0,900
2021-12-07,28.0,28.0,28.0,28.0,28.0,0
2021-12-08,28.0,28.0,28.0,28.0,28.0,0
2021-12-09,28.0,28.0,28.0,28.0,28.0,0
2021-12-10,28.0,28.0,28.0,28.0,28.0,0
2021-12-13,28.0,28.0,28.0,28.0,28.0,0
2021-12-14,28.0,28.0,28.0,28.0,28.0,0
2021-12-15,28.469999313354492,28.469999313354492,28.469999313354492,28.469999313354492,28.469999313354492,100
2021-12-16,28.469999313354492,28.469999313354492,28.469999313354492,28.469999313354492,28.469999313354492,0
2021-12-17,28.25,28.25,28.25,28.25,28.25,100
2021-12-20,27.149999618530273,27.299999237060547,26.760000228881836,27.299999237060547,27.299999237060547,2000
2021-12-21,27.299999237060547,27.299999237060547,27.299999237060547,27.299999237060547,27.299999237060547,0
2021-12-22,27.299999237060547,27.299999237060547,27.299999237060547,27.299999237060547,27.299999237060547,300
2021-12-23,27.299999237060547,27.299999237060547,27.299999237060547,27.299999237060547,27.299999237060547,0
2021-12-27,28.149999618530273,28.15999984741211,28.149999618530273,28.15999984741211,28.15999984741211,700
2021-12-28,28.15999984741211,28.15999984741211,28.15999984741211,28.15999984741211,28.15999984741211,0
2021-12-29,28.15999984741211,28.15999984741211,28.15999984741211,28.15999984741211,28.15999984741211,0
2021-12-30,28.15999984741211,28.15999984741211,28.15999984741211,28.15999984741211,28.15999984741211,0
2021-12-31,28.15999984741211,28.15999984741211,28.15999984741211,28.15999984741211,28.15999984741211,0
2022-01-03,27.799999237060547,27.799999237060547,27.799999237060547,27.799999237060547,27.799999237060547,100
2022-01-04,28.309999465942383,28.309999465942383,28.25,28.25,28.25,2700
2022-01-05,28.25,28.25,28.25,28.25,28.25,0
2022-01-06,28.25,28.25,28.25,28.25,28.25,600
2022-01-07,28.25,28.25,28.25,28.25,28.25,0
2022-01-10,28.25,28.25,28.25,28.25,28.25,0
2022-01-11,28.25,28.25,28.25,28.25,28.25,0
2022-01-12,28.25,28.25,28.25,28.25,28.25,0
2022-01-13,28.25,28.25,28.25,28.25,28.25,0
2022-01-14,28.25,28.25,28.25,28.25,28.25,0
2022-01-18,28.25,28.25,28.25,28.25,28.25,0
2022-01-19,28.25,28.25,28.25,28.25,28.25,0
2022-01-20,28.25,28.25,28.25,28.25,28.25,0
2022-01-21,26.700000762939453,26.700000762939453,26.700000762939453,26.700000762939453,26.700000762939453,400
2022-01-24,26.75,26.75,26.5,26.5,26.5,400
2022-01-25,26.5,26.5,26.5,26.5,26.5,400
2022-01-26,26.06999969482422,26.06999969482422,25.670000076293945,25.729999542236328,25.729999542236328,900
2022-01-27,25.399999618530273,25.399999618530273,25.399999618530273,25.399999618530273,25.399999618530273,1200
2022-01-28,25.75,25.75,25.75,25.75,25.75,300
2022-01-31,27.040000915527344,27.049999237060547,27.040000915527344,27.049999237060547,27.049999237060547,600
2022-02-01,27.610000610351562,27.610000610351562,27.610000610351562,27.610000610351562,27.610000610351562,100
2022-02-02,27.850000381469727,27.940000534057617,27.850000381469727,27.940000534057617,27.940000534057617,300
2022-02-03,28.489999771118164,28.5,27.75,27.75,27.75,1200
2022-02-04,27.860000610351562,27.860000610351562,27.65999984741211,27.670000076293945,27.670000076293945,700
2022-02-07,28.690000534057617,28.690000534057617,28.690000534057617,28.690000534057617,28.690000534057617,200
2022-02-08,28.690000534057617,28.690000534057617,28.690000534057617,28.690000534057617,28.690000534057617,0
2022-02-09,28.700000762939453,28.700000762939453,28.700000762939453,28.700000762939453,28.700000762939453,100
2022-02-10,28.899999618530273,30.299999237060547,28.899999618530273,29.760000228881836,29.760000228881836,600
2022-02-11,28.059999465942383,28.059999465942383,27.860000610351562,28.020000457763672,28.020000457763672,600
2022-02-14,28.020000457763672,28.020000457763672,28.020000457763672,28.020000457763672,28.020000457763672,0
2022-02-15,28.020000457763672,28.020000457763672,28.020000457763672,28.020000457763672,28.020000457763672,0
2022-02-16,28.739999771118164,28.770000457763672,28.739999771118164,28.770000457763672,28.770000457763672,200
2022-02-17,28.770000457763672,28.770000457763672,28.770000457763672,28.770000457763672,28.770000457763672,0
2022-02-18,28.770000457763672,28.770000457763672,28.770000457763672,28.770000457763672,28.770000457763672,0
2022-02-22,26.729999542236328,26.729999542236328,26.729999542236328,26.729999542236328,26.729999542236328,400
2022-02-23,26.399999618530273,26.399999618530273,26.399999618530273,26.399999618530273,26.399999618530273,500
2022-02-24,25.75,25.770000457763672,25.75,25.770000457763672,25.770000457763672,500
2022-02-25,25.700000762939453,26.950000762939453,25.700000762939453,26.950000762939453,26.950000762939453,400
2022-02-28,26.950000762939453,26.950000762939453,26.950000762939453,26.950000762939453,26.950000762939453,500
2022-03-01,25.510000228881836,25.860000610351562,25.510000228881836,25.860000610351562,25.860000610351562,900
2022-03-02,26.09000015258789,26.899999618530273,26.09000015258789,26.899999618530273,26.899999618530273,500
2022-03-03,26.8799991607666,26.8799991607666,25.950000762939453,25.950000762939453,25.950000762939453,200
2022-03-04,24.5,24.989999771118164,24.5,24.709999084472656,24.709999084472656,1300
2022-03-07,25.0,25.0,23.549999237060547,24.219999313354492,24.219999313354492,900
2022-03-08,24.219999313354492,24.219999313354492,24.219999313354492,24.219999313354492,24.219999313354492,0
2022-03-09,24.530000686645508,24.549999237060547,24.530000686645508,24.549999237060547,24.549999237060547,300
2022-03-10,24.549999237060547,24.549999237060547,24.549999237060547,24.549999237060547,24.549999237060547,0
2022-03-11,25.239999771118164,25.239999771118164,25.239999771118164,25.239999771118164,25.239999771118164,200
2022-03-14,25.239999771118164,25.239999771118164,25.239999771118164,25.239999771118164,25.239999771118164,0
2022-03-15,25.239999771118164,25.239999771118164,25.239999771118164,25.239999771118164,25.239999771118164,0
2022-03-16,25.239999771118164,25.31999969482422,25.219999313354492,25.31999969482422,25.31999969482422,1100
2022-03-17,25.31999969482422,25.31999969482422,25.31999969482422,25.31999969482422,25.31999969482422,0
2022-03-18,25.889999389648438,25.93000030517578,25.889999389648438,25.93000030517578,25.93000030517578,1800
2022-03-21,25.93000030517578,25.93000030517578,25.93000030517578,25.93000030517578,25.93000030517578,0
2022-03-22,25.93000030517578,25.93000030517578,25.93000030517578,25.93000030517578,25.93000030517578,200
2022-03-23,25.93000030517578,25.93000030517578,25.93000030517578,25.93000030517578,25.93000030517578,0
2022-03-24,25.93000030517578,25.93000030517578,25.93000030517578,25.93000030517578,25.93000030517578,0
2022-03-25,25.93000030517578,25.93000030517578,25.93000030517578,25.93000030517578,25.93000030517578,100
2022-03-28,25.93000030517578,25.93000030517578,25.93000030517578,25.93000030517578,25.93000030517578,0
2022-03-29,26.260000228881836,26.260000228881836,26.260000228881836,26.260000228881836,26.260000228881836,200
2022-03-30,26.260000228881836,26.260000228881836,26.260000228881836,26.260000228881836,26.260000228881836,100
2022-03-31,26.260000228881836,26.260000228881836,26.260000228881836,26.260000228881836,26.260000228881836,0
2022-04-01,25.989999771118164,25.989999771118164,25.989999771118164,25.989999771118164,25.989999771118164,100
2022-04-04,25.989999771118164,25.989999771118164,25.989999771118164,25.989999771118164,25.989999771118164,0
2022-04-05,26.200000762939453,26.200000762939453,26.200000762939453,26.200000762939453,26.200000762939453,100
2022-04-06,26.200000762939453,26.200000762939453,26.200000762939453,26.200000762939453,26.200000762939453,0
2022-04-07,26.200000762939453,26.200000762939453,26.200000762939453,26.200000762939453,26.200000762939453,0
2022-04-08,26.200000762939453,26.200000762939453,26.200000762939453,26.200000762939453,26.200000762939453,0
2022-04-11,26.200000762939453,26.200000762939453,26.200000762939453,26.200000762939453,26.200000762939453,100
2022-04-12,25.520000457763672,25.520000457763672,25.520000457763672,25.520000457763672,25.520000457763672,100
2022-04-13,25.520000457763672,25.520000457763672,25.520000457763672,25.520000457763672,25.520000457763672,0
2022-04-14,25.520000457763672,25.520000457763672,25.520000457763672,25.520000457763672,25.520000457763672,0
2022-04-18,25.059999465942383,25.059999465942383,25.010000228881836,25.010000228881836,25.010000228881836,500
2022-04-19,25.649999618530273,25.649999618530273,25.56999969482422,25.56999969482422,25.56999969482422,500
2022-04-20,25.260000228881836,25.260000228881836,25.170000076293945,25.170000076293945,25.170000076293945,400
2022-04-21,25.170000076293945,25.170000076293945,25.170000076293945,25.170000076293945,25.170000076293945,0
2022-04-22,25.170000076293945,25.170000076293945,25.170000076293945,25.170000076293945,25.170000076293945,0
2022-04-25,25.170000076293945,25.170000076293945,25.170000076293945,25.170000076293945,25.170000076293945,0
2022-04-26,24.18000030517578,24.18000030517578,23.540000915527344,23.540000915527344,23.540000915527344,600
2022-04-27,23.540000915527344,23.540000915527344,23.540000915527344,23.540000915527344,23.540000915527344,100
2022-04-28,23.540000915527344,23.540000915527344,23.540000915527344,23.540000915527344,23.540000915527344,0
2022-04-29,23.540000915527344,23.540000915527344,23.540000915527344,23.540000915527344,23.540000915527344,0
2022-05-02,23.280000686645508,23.280000686645508,22.540000915527344,22.540000915527344,22.540000915527344,400
2022-05-03,22.540000915527344,22.540000915527344,22.540000915527344,22.540000915527344,22.540000915527344,0
2022-05-04,22.540000915527344,22.540000915527344,22.540000915527344,22.540000915527344,22.540000915527344,0
2022-05-05,22.540000915527344,22.540000915527344,22.540000915527344,22.540000915527344,22.540000915527344,100
2022-05-06,22.540000915527344,22.540000915527344,22.540000915527344,22.540000915527344,22.540000915527344,0
2022-05-09,22.540000915527344,22.540000915527344,22.540000915527344,22.540000915527344,22.540000915527344,0
2022-05-10,22.540000915527344,22.540000915527344,22.540000915527344,22.540000915527344,22.540000915527344,0
2022-05-11,22.540000915527344,22.540000915527344,22.540000915527344,22.540000915527344,22.540000915527344,0
2022-05-12,22.540000915527344,22.540000915527344,22.540000915527344,22.540000915527344,22.540000915527344,0
2022-05-13,22.540000915527344,22.540000915527344,22.540000915527344,22.540000915527344,22.540000915527344,0
2022-05-16,22.540000915527344,22.540000915527344,22.540000915527344,22.540000915527344,22.540000915527344,0
2022-05-17,22.540000915527344,22.540000915527344,22.540000915527344,22.540000915527344,22.540000915527344,0
2022-05-18,22.540000915527344,22.540000915527344,22.540000915527344,22.540000915527344,22.540000915527344,0
2022-05-19,22.540000915527344,22.540000915527344,22.540000915527344,22.540000915527344,22.540000915527344,0
2022-05-20,22.540000915527344,22.540000915527344,22.540000915527344,22.540000915527344,22.540000915527344,0
2022-05-23,22.540000915527344,22.540000915527344,22.540000915527344,22.540000915527344,22.540000915527344,0
2022-05-24,22.540000915527344,22.540000915527344,22.540000915527344,22.540000915527344,22.540000915527344,0
2022-05-25,23.309999465942383,23.889999389648438,23.309999465942383,23.889999389648438,23.889999389648438,400
2022-05-26,23.889999389648438,23.889999389648438,23.889999389648438,23.889999389648438,23.889999389648438,0
2022-05-27,23.889999389648438,23.889999389648438,23.889999389648438,23.889999389648438,23.889999389648438,0
2022-05-31,23.889999389648438,23.889999389648438,23.889999389648438,23.889999389648438,23.889999389648438,0
2022-06-01,23.889999389648438,23.889999389648438,23.889999389648438,23.889999389648438,23.889999389648438,0
2022-06-02,23.889999389648438,23.889999389648438,23.889999389648438,23.889999389648438,23.889999389648438,0
2022-06-03,23.889999389648438,23.889999389648438,23.889999389648438,23.889999389648438,23.889999389648438,0
2022-06-06,23.889999389648438,23.889999389648438,23.889999389648438,23.889999389648438,23.889999389648438,100
2022-06-07,23.809999465942383,23.809999465942383,23.809999465942383,23.809999465942383,23.809999465942383,200
2022-06-08,23.809999465942383,23.809999465942383,23.809999465942383,23.809999465942383,23.809999465942383,0
2022-06-09,23.809999465942383,23.809999465942383,23.809999465942383,23.809999465942383,23.809999465942383,0
2022-06-10,23.809999465942383,23.809999465942383,23.809999465942383,23.809999465942383,23.809999465942383,0
2022-06-13,22.450000762939453,22.450000762939453,22.450000762939453,22.450000762939453,22.450000762939453,300
2022-06-14,21.43000030517578,21.809999465942383,21.389999389648438,21.389999389648438,21.389999389648438,2600
2022-06-15,21.389999389648438,21.389999389648438,21.389999389648438,21.389999389648438,21.389999389648438,0
2022-06-16,22.469999313354492,22.469999313354492,22.469999313354492,22.469999313354492,22.469999313354492,200
2022-06-17,21.940000534057617,21.940000534057617,21.459999084472656,21.940000534057617,21.940000534057617,400
2022-06-21,21.940000534057617,21.940000534057617,21.940000534057617,21.940000534057617,21.940000534057617,0
2022-06-22,21.940000534057617,21.940000534057617,21.940000534057617,21.940000534057617,21.940000534057617,0
2022-06-23,21.940000534057617,21.940000534057617,21.940000534057617,21.940000534057617,21.940000534057617,0
2022-06-24,21.940000534057617,21.940000534057617,21.940000534057617,21.940000534057617,21.940000534057617,0
2022-06-27,22.399999618530273,22.399999618530273,22.399999618530273,22.399999618530273,22.399999618530273,200
2022-06-28,22.399999618530273,22.399999618530273,22.399999618530273,22.399999618530273,22.399999618530273,0
2022-06-29,22.399999618530273,22.399999618530273,22.399999618530273,22.399999618530273,22.399999618530273,0
2022-06-30,22.399999618530273,22.399999618530273,22.399999618530273,22.399999618530273,22.399999618530273,0
2022-07-01,22.399999618530273,22.399999618530273,22.399999618530273,22.399999618530273,22.399999618530273,0
2022-07-05,21.950000762939453,21.950000762939453,21.950000762939453,21.950000762939453,21.950000762939453,100
2022-07-06,21.950000762939453,21.950000762939453,21.950000762939453,21.950000762939453,21.950000762939453,0
2022-07-07,21.950000762939453,21.950000762939453,21.950000762939453,21.950000762939453,21.950000762939453,0
2022-07-08,21.950000762939453,21.950000762939453,21.950000762939453,21.950000762939453,21.950000762939453,0
2022-07-11,21.950000762939453,21.950000762939453,21.950000762939453,21.950000762939453,21.950000762939453,0
2022-07-12,20.899999618530273,21.329999923706055,20.799999237060547,20.84000015258789,20.84000015258789,2800
2022-07-13,20.84000015258789,20.84000015258789,20.84000015258789,20.84000015258789,20.84000015258789,0
2022-07-14,20.84000015258789,20.84000015258789,20.84000015258789,20.84000015258789,20.84000015258789,0
2022-07-15,20.84000015258789,20.84000015258789,20.84000015258789,20.84000015258789,20.84000015258789,0
2022-07-18,21.100000381469727,21.100000381469727,21.049999237060547,21.049999237060547,21.049999237060547,1200
2022-07-19,21.049999237060547,21.049999237060547,21.049999237060547,21.049999237060547,21.049999237060547,0
2022-07-20,21.049999237060547,21.049999237060547,21.049999237060547,21.049999237060547,21.049999237060547,0
2022-07-21,21.049999237060547,21.049999237060547,21.049999237060547,21.049999237060547,21.049999237060547,0
2022-07-22,21.049999237060547,21.049999237060547,21.049999237060547,21.049999237060547,21.049999237060547,0
2022-07-25,21.049999237060547,21.049999237060547,21.049999237060547,21.049999237060547,21.049999237060547,0
2022-07-26,21.049999237060547,21.049999237060547,21.049999237060547,21.049999237060547,21.049999237060547,0
2022-07-27,21.40999984741211,21.40999984741211,21.40999984741211,21.40999984741211,21.40999984741211,100
2022-07-28,21.40999984741211,21.40999984741211,21.40999984741211,21.40999984741211,21.40999984741211,0
2022-07-29,21.75,21.75,21.75,21.75,21.75,200
2022-08-01,22.700000762939453,23.450000762939453,22.700000762939453,23.389999389648438,23.389999389648438,4000
2022-08-02,22.559999465942383,23.59000015258789,22.559999465942383,23.559999465942383,23.559999465942383,2400
2022-08-03,21.770000457763672,21.770000457763672,21.670000076293945,21.670000076293945,21.670000076293945,1000
2022-08-04,21.670000076293945,21.670000076293945,21.670000076293945,21.670000076293945,21.670000076293945,0
2022-08-05,21.670000076293945,21.670000076293945,21.670000076293945,21.670000076293945,21.670000076293945,0
2022-08-08,21.770000457763672,21.770000457763672,21.770000457763672,21.770000457763672,21.770000457763672,100
2022-08-09,21.770000457763672,21.770000457763672,21.770000457763672,21.770000457763672,21.770000457763672,0
2022-08-10,21.770000457763672,21.770000457763672,21.770000457763672,21.770000457763672,21.770000457763672,0
2022-08-11,21.770000457763672,21.770000457763672,21.770000457763672,21.770000457763672,21.770000457763672,100
2022-08-12,21.770000457763672,21.770000457763672,21.770000457763672,21.770000457763672,21.770000457763672,100
2022-08-15,21.770000457763672,21.770000457763672,21.770000457763672,21.770000457763672,21.770000457763672,0
2022-08-16,21.770000457763672,21.770000457763672,21.770000457763672,21.770000457763672,21.770000457763672,0
2022-08-17,21.770000457763672,21.770000457763672,21.770000457763672,21.770000457763672,21.770000457763672,0
2022-08-18,21.770000457763672,21.770000457763672,21.770000457763672,21.770000457763672,21.770000457763672,0
2022-08-19,21.770000457763672,21.770000457763672,21.770000457763672,21.770000457763672,21.770000457763672,0
2022-08-22,21.770000457763672,21.770000457763672,21.770000457763672,21.770000457763672,21.770000457763672,600
2022-08-23,21.770000457763672,21.770000457763672,21.770000457763672,21.770000457763672,21.770000457763672,0
2022-08-24,21.770000457763672,21.770000457763672,21.770000457763672,21.770000457763672,21.770000457763672,0
2022-08-25,21.770000457763672,21.770000457763672,21.770000457763672,21.770000457763672,21.770000457763672,0
2022-08-26,21.770000457763672,21.770000457763672,21.770000457763672,21.770000457763672,21.770000457763672,0
2022-08-29,21.0,21.0,21.0,21.0,21.0,400
2022-08-30,21.0,21.0,21.0,21.0,21.0,300
2022-08-31,21.0,21.0,21.0,21.0,21.0,0
2022-09-01,21.0,21.0,21.0,21.0,21.0,0
2022-09-02,21.0,21.0,21.0,21.0,21.0,100
2022-09-06,20.15999984741211,20.15999984741211,20.15999984741211,20.15999984741211,20.15999984741211,300
2022-09-07,20.15999984741211,20.15999984741211,20.15999984741211,20.15999984741211,20.15999984741211,0
2022-09-08,20.15999984741211,20.15999984741211,20.15999984741211,20.15999984741211,20.15999984741211,0
2022-09-09,19.0,19.5,19.0,19.3799991607666,19.3799991607666,1100
2022-09-12,19.3799991607666,19.3799991607666,19.3799991607666,19.3799991607666,19.3799991607666,0
2022-09-13,19.3799991607666,19.3799991607666,19.3799991607666,19.3799991607666,19.3799991607666,0
2022-09-14,19.3799991607666,19.3799991607666,19.3799991607666,19.3799991607666,19.3799991607666,0
2022-09-15,19.3799991607666,19.3799991607666,19.3799991607666,19.3799991607666,19.3799991607666,0
2022-09-16,19.510000228881836,19.579999923706055,18.25,18.25,18.25,4000
2022-09-19,18.25,18.25,18.25,18.25,18.25,0
2022-09-20,18.25,18.25,18.25,18.25,18.25,0
2022-09-21,18.25,18.25,18.25,18.25,18.25,0
2022-09-22,18.25,18.25,18.25,18.25,18.25,0
2022-09-23,18.25,18.25,18.25,18.25,18.25,0
2022-09-26,18.25,18.25,18.25,18.25,18.25,0
2022-09-27,18.25,18.25,18.25,18.25,18.25,300
2022-09-28,18.25,18.25,18.25,18.25,18.25,0
2022-09-29,18.25,18.25,18.25,18.25,18.25,0
2022-09-30,17.049999237060547,17.25,16.6200008392334,17.25,17.25,3600
2022-10-03,17.25,17.25,17.25,17.25,17.25,0
2022-10-04,17.290000915527344,17.290000915527344,17.290000915527344,17.290000915527344,17.290000915527344,600
2022-10-05,16.90999984741211,17.280000686645508,16.90999984741211,17.280000686645508,17.280000686645508,600
2022-10-06,17.280000686645508,17.280000686645508,17.280000686645508,17.280000686645508,17.280000686645508,0
2022-10-07,17.280000686645508,17.280000686645508,17.280000686645508,17.280000686645508,17.280000686645508,0
2022-10-10,17.030000686645508,17.030000686645508,16.75,16.75,16.75,500
2022-10-11,16.299999237060547,16.299999237060547,16.299999237060547,16.299999237060547,16.299999237060547,200
2022-10-12,16.299999237060547,16.299999237060547,16.299999237060547,16.299999237060547,16.299999237060547,100
2022-10-13,16.299999237060547,16.299999237060547,16.299999237060547,16.299999237060547,16.299999237060547,100
2022-10-14,16.299999237060547,16.299999237060547,16.299999237060547,16.299999237060547,16.299999237060547,100
2022-10-17,17.079999923706055,17.079999923706055,16.59000015258789,16.59000015258789,16.59000015258789,400
2022-10-18,16.59000015258789,16.59000015258789,16.59000015258789,16.59000015258789,16.59000015258789,0
2022-10-19,16.59000015258789,16.59000015258789,16.59000015258789,16.59000015258789,16.59000015258789,0
2022-10-20,16.75,16.760000228881836,16.75,16.760000228881836,16.760000228881836,300
2022-10-21,16.760000228881836,16.760000228881836,16.760000228881836,16.760000228881836,16.760000228881836,0
2022-10-24,16.760000228881836,16.760000228881836,16.760000228881836,16.760000228881836,16.760000228881836,0
2022-10-25,16.760000228881836,16.760000228881836,16.760000228881836,16.760000228881836,16.760000228881836,0
2022-10-26,16.760000228881836,16.760000228881836,16.760000228881836,16.760000228881836,16.760000228881836,0
2022-10-27,16.760000228881836,16.760000228881836,16.760000228881836,16.760000228881836,16.760000228881836,0
2022-10-28,16.760000228881836,16.760000228881836,16.760000228881836,16.760000228881836,16.760000228881836,0
2022-10-31,16.780000686645508,16.780000686645508,16.780000686645508,16.780000686645508,16.780000686645508,100
2022-11-01,16.780000686645508,16.780000686645508,16.780000686645508,16.780000686645508,16.780000686645508,0
2022-11-02,16.780000686645508,16.780000686645508,16.780000686645508,16.780000686645508,16.780000686645508,100
2022-11-03,16.780000686645508,16.780000686645508,16.780000686645508,16.780000686645508,16.780000686645508,0
2022-11-04,17.65999984741211,19.139999389648438,17.440000534057617,19.139999389648438,19.139999389648438,5200
2022-11-07,18.389999389648438,18.389999389648438,18.389999389648438,18.389999389648438,18.389999389648438,100
2022-11-08,18.389999389648438,18.389999389648438,18.389999389648438,18.389999389648438,18.389999389648438,0
2022-11-09,18.399999618530273,18.399999618530273,18.399999618530273,18.399999618530273,18.399999618530273,200
2022-11-10,18.399999618530273,18.399999618530273,18.399999618530273,18.399999618530273,18.399999618530273,0
2022-11-11,18.399999618530273,18.399999618530273,18.399999618530273,18.399999618530273,18.399999618530273,0
2022-11-14,18.399999618530273,18.399999618530273,18.399999618530273,18.399999618530273,18.399999618530273,100
2022-11-15,18.399999618530273,18.399999618530273,18.399999618530273,18.399999618530273,18.399999618530273,300
2022-11-16,20.989999771118164,20.989999771118164,19.829999923706055,19.829999923706055,19.829999923706055,400
2022-11-17,19.829999923706055,19.829999923706055,19.829999923706055,19.829999923706055,19.829999923706055,0
2022-11-18,19.829999923706055,19.829999923706055,19.829999923706055,19.829999923706055,19.829999923706055,100
2022-11-21,19.950000762939453,19.950000762939453,19.56999969482422,19.56999969482422,19.56999969482422,500
2022-11-22,19.600000381469727,19.600000381469727,19.600000381469727,19.600000381469727,19.600000381469727,300
2022-11-23,19.600000381469727,19.600000381469727,19.600000381469727,19.600000381469727,19.600000381469727,100
2022-11-25,19.600000381469727,19.600000381469727,19.600000381469727,19.600000381469727,19.600000381469727,0
2022-11-28,19.600000381469727,19.600000381469727,19.600000381469727,19.600000381469727,19.600000381469727,0
2022-11-29,19.600000381469727,19.600000381469727,19.600000381469727,19.600000381469727,19.600000381469727,0
2022-11-30,19.600000381469727,19.600000381469727,19.600000381469727,19.600000381469727,19.600000381469727,0
2022-12-01,19.600000381469727,19.600000381469727,19.600000381469727,19.600000381469727,19.600000381469727,0
2022-12-02,19.600000381469727,19.600000381469727,19.600000381469727,19.600000381469727,19.600000381469727,0
2022-12-05,19.600000381469727,19.600000381469727,19.600000381469727,19.600000381469727,19.600000381469727,0
2022-12-06,19.030000686645508,19.030000686645508,19.010000228881836,19.010000228881836,19.010000228881836,1200
2022-12-07,19.649999618530273,19.649999618530273,19.649999618530273,19.649999618530273,19.649999618530273,100
2022-12-08,19.649999618530273,19.649999618530273,19.649999618530273,19.649999618530273,19.649999618530273,0
2022-12-09,19.649999618530273,19.649999618530273,19.649999618530273,19.649999618530273,19.649999618530273,0
2022-12-12,19.649999618530273,19.649999618530273,19.649999618530273,19.649999618530273,19.649999618530273,0
2022-12-13,19.649999618530273,19.649999618530273,19.649999618530273,19.649999618530273,19.649999618530273,0
2022-12-14,19.649999618530273,19.649999618530273,19.649999618530273,19.649999618530273,19.649999618530273,100
2022-12-15,19.0,19.0,19.0,19.0,19.0,400
2022-12-16,19.0,19.0,19.0,19.0,19.0,0
2022-12-19,19.0,19.0,19.0,19.0,19.0,0
2022-12-20,19.0,19.0,19.0,19.0,19.0,0
2022-12-21,19.0,19.0,19.0,19.0,19.0,0
2022-12-22,19.0,19.0,19.0,19.0,19.0,100
2022-12-23,19.0,19.0,19.0,19.0,19.0,0
2022-12-27,19.0,19.0,19.0,19.0,19.0,0
2022-12-28,19.0,19.0,19.0,19.0,19.0,0
2022-12-29,19.0,19.0,19.0,19.0,19.0,0
2022-12-30,19.0,19.0,19.0,19.0,19.0,100
2023-01-03,19.0,19.0,19.0,19.0,19.0,0
2023-01-04,21.0,21.0,20.780000686645508,20.780000686645508,20.780000686645508,500
2023-01-05,20.780000686645508,20.780000686645508,20.780000686645508,20.780000686645508,20.780000686645508,0
2023-01-06,20.780000686645508,20.780000686645508,20.780000686645508,20.780000686645508,20.780000686645508,0
2023-01-09,20.780000686645508,20.780000686645508,20.780000686645508,20.780000686645508,20.780000686645508,0
2023-01-10,20.780000686645508,20.780000686645508,20.780000686645508,20.780000686645508,20.780000686645508,0
2023-01-11,20.780000686645508,20.780000686645508,20.780000686645508,20.780000686645508,20.780000686645508,0
2023-01-12,22.200000762939453,22.200000762939453,22.200000762939453,22.200000762939453,22.200000762939453,100
2023-01-13,22.200000762939453,22.200000762939453,22.200000762939453,22.200000762939453,22.200000762939453,0
2023-01-17,22.200000762939453,22.200000762939453,22.200000762939453,22.200000762939453,22.200000762939453,0
2023-01-18,21.209999084472656,21.209999084472656,21.209999084472656,21.209999084472656,21.209999084472656,300
2023-01-19,21.209999084472656,21.209999084472656,21.209999084472656,21.209999084472656,21.209999084472656,0
2023-01-20,21.209999084472656,21.209999084472656,21.209999084472656,21.209999084472656,21.209999084472656,0
2023-01-23,21.209999084472656,21.209999084472656,21.209999084472656,21.209999084472656,21.209999084472656,100
2023-01-24,21.209999084472656,21.209999084472656,21.209999084472656,21.209999084472656,21.209999084472656,0
2023-01-25,21.209999084472656,21.209999084472656,21.209999084472656,21.209999084472656,21.209999084472656,0
2023-01-26,21.43000030517578,21.43000030517578,21.43000030517578,21.43000030517578,21.43000030517578,200
2023-01-27,21.43000030517578,21.43000030517578,21.43000030517578,21.43000030517578,21.43000030517578,0
2023-01-30,21.43000030517578,21.43000030517578,21.43000030517578,21.43000030517578,21.43000030517578,100
2023-01-31,21.43000030517578,21.43000030517578,21.43000030517578,21.43000030517578,21.43000030517578,0
2023-02-01,21.43000030517578,21.43000030517578,21.43000030517578,21.43000030517578,21.43000030517578,0
2023-02-02,21.799999237060547,21.899999618530273,21.799999237060547,21.899999618530273,21.899999618530273,600
2023-02-03,21.899999618530273,21.899999618530273,21.899999618530273,21.899999618530273,21.899999618530273,0
2023-02-06,21.899999618530273,21.899999618530273,21.899999618530273,21.899999618530273,21.899999618530273,0
2023-02-07,21.899999618530273,21.899999618530273,21.899999618530273,21.899999618530273,21.899999618530273,0
2023-02-08,21.899999618530273,21.899999618530273,21.899999618530273,21.899999618530273,21.899999618530273,0
2023-02-09,21.899999618530273,21.899999618530273,21.899999618530273,21.899999618530273,21.899999618530273,0
2023-02-10,21.899999618530273,21.899999618530273,21.899999618530273,21.899999618530273,21.899999618530273,0
2023-02-13,21.899999618530273,21.899999618530273,21.899999618530273,21.899999618530273,21.899999618530273,0
2023-02-14,21.899999618530273,21.899999618530273,21.899999618530273,21.899999618530273,21.899999618530273,0
2023-02-15,21.899999618530273,21.899999618530273,21.899999618530273,21.899999618530273,21.899999618530273,0
2023-02-16,21.899999618530273,21.899999618530273,21.899999618530273,21.899999618530273,21.899999618530273,0
2023-02-17,21.899999618530273,21.899999618530273,21.899999618530273,21.899999618530273,21.899999618530273,0
2023-02-21,21.899999618530273,21.899999618530273,21.899999618530273,21.899999618530273,21.899999618530273,0
2023-02-22,21.899999618530273,21.899999618530273,21.899999618530273,21.899999618530273,21.899999618530273,0
2023-02-23,21.899999618530273,21.899999618530273,21.899999618530273,21.899999618530273,21.899999618530273,0
2023-02-24,21.139999389648438,21.459999084472656,21.1299991607666,21.459999084472656,21.459999084472656,600
2023-02-27,21.459999084472656,21.459999084472656,21.459999084472656,21.459999084472656,21.459999084472656,0
2023-02-28,21.459999084472656,21.459999084472656,21.459999084472656,21.459999084472656,21.459999084472656,0
2023-03-01,21.459999084472656,21.459999084472656,21.459999084472656,21.459999084472656,21.459999084472656,0
2023-03-02,21.459999084472656,21.459999084472656,21.459999084472656,21.459999084472656,21.459999084472656,0
2023-03-03,21.459999084472656,21.459999084472656,21.459999084472656,21.459999084472656,21.459999084472656,0
2023-03-06,21.459999084472656,21.459999084472656,21.459999084472656,21.459999084472656,21.459999084472656,100
2023-03-07,21.459999084472656,21.459999084472656,21.459999084472656,21.459999084472656,21.459999084472656,100
2023-03-08,21.459999084472656,21.459999084472656,21.459999084472656,21.459999084472656,21.459999084472656,100
2023-03-09,21.459999084472656,21.459999084472656,21.459999084472656,21.459999084472656,21.459999084472656,100
2023-03-10,21.459999084472656,21.459999084472656,21.459999084472656,21.459999084472656,21.459999084472656,0
2023-03-13,21.459999084472656,21.459999084472656,21.459999084472656,21.459999084472656,21.459999084472656,0
2023-03-14,18.610000610351562,19.399999618530273,18.200000762939453,18.5,18.5,5500
2023-03-15,18.389999389648438,18.450000762939453,18.34000015258789,18.389999389648438,18.389999389648438,14000
2023-03-16,18.389999389648438,18.389999389648438,18.389999389648438,18.389999389648438,18.389999389648438,200
2023-03-17,18.389999389648438,18.389999389648438,18.389999389648438,18.389999389648438,18.389999389648438,0
2023-03-20,18.389999389648438,18.389999389648438,18.389999389648438,18.389999389648438,18.389999389648438,0
2023-03-21,19.950000762939453,19.950000762939453,19.75,19.760000228881836,19.760000228881836,10100
2023-03-22,19.760000228881836,19.760000228881836,19.760000228881836,19.760000228881836,19.760000228881836,100
2023-03-23,19.760000228881836,19.760000228881836,19.760000228881836,19.760000228881836,19.760000228881836,0
2023-03-24,19.760000228881836,19.760000228881836,19.760000228881836,19.760000228881836,19.760000228881836,0
2023-03-27,18.75,18.75,18.75,18.75,18.75,200
2023-03-28,19.8700008392334,19.8700008392334,19.8700008392334,19.8700008392334,19.8700008392334,1500
2023-03-29,19.8700008392334,19.8700008392334,19.8700008392334,19.8700008392334,19.8700008392334,0
2023-03-30,19.18000030517578,19.219999313354492,19.18000030517578,19.219999313354492,19.219999313354492,200
2023-03-31,19.34000015258789,19.34000015258789,19.34000015258789,19.34000015258789,19.34000015258789,400
2023-04-03,19.84000015258789,19.84000015258789,19.84000015258789,19.84000015258789,19.84000015258789,200
2023-04-04,19.84000015258789,19.84000015258789,19.84000015258789,19.84000015258789,19.84000015258789,0
2023-04-05,19.84000015258789,19.84000015258789,19.84000015258789,19.84000015258789,19.84000015258789,0
2023-04-06,19.84000015258789,19.84000015258789,19.84000015258789,19.84000015258789,19.84000015258789,0
2023-04-10,19.84000015258789,19.84000015258789,19.84000015258789,19.84000015258789,19.84000015258789,0
2023-04-11,19.84000015258789,19.84000015258789,19.84000015258789,19.84000015258789,19.84000015258789,0
2023-04-12,19.84000015258789,19.84000015258789,19.84000015258789,19.84000015258789,19.84000015258789,0
2023-04-13,19.84000015258789,19.84000015258789,19.84000015258789,19.84000015258789,19.84000015258789,0
2023-04-14,19.84000015258789,19.84000015258789,19.84000015258789,19.84000015258789,19.84000015258789,0
2023-04-17,19.84000015258789,19.84000015258789,19.84000015258789,19.84000015258789,19.84000015258789,0
2023-04-18,19.84000015258789,19.84000015258789,19.84000015258789,19.84000015258789,19.84000015258789,0
2023-04-19,19.84000015258789,19.84000015258789,19.84000015258789,19.84000015258789,19.84000015258789,0
2023-04-20,19.84000015258789,19.84000015258789,19.84000015258789,19.84000015258789,19.84000015258789,0
2023-04-21,19.25,19.25,19.25,19.25,19.25,100
2023-04-24,19.25,19.25,19.25,19.25,19.25,0
2023-04-25,19.25,19.25,19.25,19.25,19.25,0
2023-04-26,19.25,19.25,19.25,19.25,19.25,0
2023-04-27,19.25,19.25,19.25,19.25,19.25,1000
2023-04-28,19.25,19.25,19.25,19.25,19.25,0
2023-05-01,19.25,19.25,19.25,19.25,19.25,0
2023-05-02,19.25,19.25,19.25,19.25,19.25,0
2023-05-03,19.25,19.25,19.25,19.25,19.25,0
2023-05-04,19.25,19.25,19.25,19.25,19.25,0
2023-05-05,19.25,19.25,19.25,19.25,19.25,0
2023-05-08,19.25,19.25,19.25,19.25,19.25,0
2023-05-09,19.25,19.25,19.25,19.25,19.25,0
2023-05-10,19.25,19.25,19.25,19.25,19.25,0
2023-05-11,19.25,19.25,19.25,19.25,19.25,0
2023-05-12,19.25,19.25,19.25,19.25,19.25,0
2023-05-15,19.25,19.25,19.25,19.25,19.25,0
2023-05-16,19.25,19.25,19.25,19.25,19.25,0
2023-05-17,19.25,19.25,19.25,19.25,19.25,0
2023-05-18,19.25,19.25,19.25,19.25,19.25,0
2023-05-19,19.25,19.25,19.25,19.25,19.25,100
2023-05-22,19.25,19.25,19.25,19.25,19.25,0
2023-05-23,17.200000762939453,17.200000762939453,17.1299991607666,17.1299991607666,17.1299991607666,3400
2023-05-24,17.489999771118164,17.899999618530273,17.0,17.0,17.0,1000
2023-05-25,17.0,17.0,17.0,17.0,17.0,0
2023-05-26,17.0,17.0,17.0,17.0,17.0,0
2023-05-30,17.0,17.0,17.0,17.0,17.0,100
2023-05-31,17.0,17.0,17.0,17.0,17.0,400
2023-06-01,17.0,17.0,17.0,17.0,17.0,0
2023-06-02,17.0,17.0,17.0,17.0,17.0,0
2023-06-05,16.299999237060547,16.299999237060547,16.299999237060547,16.299999237060547,16.299999237060547,400
2023-06-06,16.299999237060547,16.299999237060547,16.299999237060547,16.299999237060547,16.299999237060547,0
2023-06-07,16.299999237060547,16.299999237060547,16.299999237060547,16.299999237060547,16.299999237060547,0
2023-06-08,16.299999237060547,16.299999237060547,16.299999237060547,16.299999237060547,16.299999237060547,100
2023-06-09,16.299999237060547,16.299999237060547,16.299999237060547,16.299999237060547,16.299999237060547,0
2023-06-12,16.299999237060547,16.299999237060547,16.299999237060547,16.299999237060547,16.299999237060547,0
2023-06-13,16.299999237060547,16.299999237060547,16.299999237060547,16.299999237060547,16.299999237060547,0
2023-06-14,16.299999237060547,16.299999237060547,16.299999237060547,16.299999237060547,16.299999237060547,0
2023-06-15,17.809999465942383,17.809999465942383,17.40999984741211,17.40999984741211,17.40999984741211,200
2023-06-16,18.25,18.25,16.6200008392334,16.6200008392334,16.6200008392334,1400
2023-06-20,16.6200008392334,16.6200008392334,16.6200008392334,16.6200008392334,16.6200008392334,0
2023-06-21,16.6200008392334,16.6200008392334,16.6200008392334,16.6200008392334,16.6200008392334,100
2023-06-22,16.6200008392334,16.6200008392334,16.6200008392334,16.6200008392334,16.6200008392334,100
2023-06-23,16.6200008392334,16.6200008392334,16.6200008392334,16.6200008392334,16.6200008392334,0
2023-06-26,16.6200008392334,16.6200008392334,16.6200008392334,16.6200008392334,16.6200008392334,0
2023-06-27,16.6200008392334,16.6200008392334,16.6200008392334,16.6200008392334,16.6200008392334,100
2023-06-28,16.6200008392334,16.6200008392334,16.6200008392334,16.6200008392334,16.6200008392334,0
2023-06-29,16.6200008392334,16.6200008392334,16.6200008392334,16.6200008392334,16.6200008392334,0
2023-06-30,16.6200008392334,16.6200008392334,16.6200008392334,16.6200008392334,16.6200008392334,0
2023-07-03,16.6200008392334,16.6200008392334,16.6200008392334,16.6200008392334,16.6200008392334,0
2023-07-05,16.6200008392334,16.6200008392334,16.6200008392334,16.6200008392334,16.6200008392334,0
2023-07-06,16.6200008392334,16.6200008392334,16.6200008392334,16.6200008392334,16.6200008392334,0
2023-07-07,17.790000915527344,17.790000915527344,17.790000915527344,17.790000915527344,17.790000915527344,100
2023-07-10,17.790000915527344,17.790000915527344,17.790000915527344,17.790000915527344,17.790000915527344,200
2023-07-11,18.420000076293945,18.43000030517578,17.799999237060547,17.829999923706055,17.829999923706055,3400
2023-07-12,17.93000030517578,17.93000030517578,17.93000030517578,17.93000030517578,17.93000030517578,200
2023-07-13,17.93000030517578,17.93000030517578,17.93000030517578,17.93000030517578,17.93000030517578,0
2023-07-14,17.93000030517578,17.93000030517578,17.93000030517578,17.93000030517578,17.93000030517578,100
2023-07-17,17.93000030517578,17.93000030517578,17.93000030517578,17.93000030517578,17.93000030517578,0
2023-07-18,18.540000915527344,18.540000915527344,18.540000915527344,18.540000915527344,18.540000915527344,100
2023-07-19,18.540000915527344,18.540000915527344,18.540000915527344,18.540000915527344,18.540000915527344,100
2023-07-20,18.540000915527344,18.540000915527344,18.540000915527344,18.540000915527344,18.540000915527344,0
2023-07-21,18.540000915527344,18.540000915527344,18.540000915527344,18.540000915527344,18.540000915527344,200
2023-07-24,19.739999771118164,19.75,19.739999771118164,19.75,19.75,1800
2023-07-25,18.700000762939453,18.700000762939453,18.700000762939453,18.700000762939453,18.700000762939453,1100
2023-07-26,17.989999771118164,18.0,17.979999542236328,18.0,18.0,400
2023-07-27,18.0,18.0,18.0,18.0,18.0,0
2023-07-28,18.0,18.0,18.0,18.0,18.0,100
2023-07-31,19.479999542236328,19.479999542236328,19.079999923706055,19.079999923706055,19.079999923706055,1000
2023-08-01,18.68000030517578,18.68000030517578,18.479999542236328,18.479999542236328,18.479999542236328,300
2023-08-02,18.479999542236328,18.479999542236328,18.479999542236328,18.479999542236328,18.479999542236328,100
2023-08-03,18.829999923706055,18.850000381469727,18.829999923706055,18.850000381469727,18.850000381469727,600
2023-08-04,18.850000381469727,18.850000381469727,18.850000381469727,18.850000381469727,18.850000381469727,0
2023-08-07,18.850000381469727,18.850000381469727,18.850000381469727,18.850000381469727,18.850000381469727,100
2023-08-08,18.850000381469727,18.850000381469727,18.850000381469727,18.850000381469727,18.850000381469727,0
2023-08-09,18.850000381469727,18.850000381469727,18.850000381469727,18.850000381469727,18.850000381469727,0
2023-08-10,18.850000381469727,18.850000381469727,18.850000381469727,18.850000381469727,18.850000381469727,100
2023-08-11,18.540000915527344,18.540000915527344,18.540000915527344,18.540000915527344,18.540000915527344,100
2023-08-14,18.6200008392334,18.6200008392334,18.420000076293945,18.479999542236328,18.479999542236328,1200
2023-08-15,18.479999542236328,18.479999542236328,18.479999542236328,18.479999542236328,18.479999542236328,0
2023-08-16,18.479999542236328,18.479999542236328,18.479999542236328,18.479999542236328,18.479999542236328,100
2023-08-17,18.479999542236328,18.479999542236328,18.479999542236328,18.479999542236328,18.479999542236328,0
2023-08-18,18.479999542236328,18.479999542236328,18.479999542236328,18.479999542236328,18.479999542236328,0
2023-08-21,18.479999542236328,18.479999542236328,18.479999542236328,18.479999542236328,18.479999542236328,100
2023-08-22,18.479999542236328,18.479999542236328,18.479999542236328,18.479999542236328,18.479999542236328,0
2023-08-23,17.84000015258789,17.84000015258789,17.84000015258789,17.84000015258789,17.84000015258789,100
2023-08-24,17.56999969482422,17.56999969482422,17.56999969482422,17.56999969482422,17.56999969482422,200
2023-08-25,17.420000076293945,17.420000076293945,17.420000076293945,17.420000076293945,17.420000076293945,100
2023-08-28,17.979999542236328,17.979999542236328,17.979999542236328,17.979999542236328,17.979999542236328,100
2023-08-29,17.979999542236328,17.979999542236328,17.979999542236328,17.979999542236328,17.979999542236328,100
2023-08-30,17.979999542236328,17.979999542236328,17.979999542236328,17.979999542236328,17.979999542236328,100
2023-08-31,17.979999542236328,17.979999542236328,17.979999542236328,17.979999542236328,17.979999542236328,0
2023-09-01,17.979999542236328,17.979999542236328,17.979999542236328,17.979999542236328,17.979999542236328,300
2023-09-05,17.979999542236328,17.979999542236328,17.979999542236328,17.979999542236328,17.979999542236328,0
2023-09-06,17.979999542236328,17.979999542236328,17.979999542236328,17.979999542236328,17.979999542236328,0
2023-09-07,17.979999542236328,17.979999542236328,17.979999542236328,17.979999542236328,17.979999542236328,0
2023-09-08,17.979999542236328,17.979999542236328,17.979999542236328,17.979999542236328,17.979999542236328,0
2023-09-11,17.799999237060547,17.799999237060547,17.799999237060547,17.799999237060547,17.799999237060547,200
2023-09-12,18.100000381469727,18.100000381469727,18.100000381469727,18.100000381469727,18.100000381469727,200
2023-09-13,18.200000762939453,18.25,18.200000762939453,18.25,18.25,300
2023-09-14,18.299999237060547,18.299999237060547,18.299999237060547,18.299999237060547,18.299999237060547,100
2023-09-15,18.270000457763672,18.270000457763672,18.270000457763672,18.270000457763672,18.270000457763672,300
2023-09-18,18.799999237060547,18.799999237060547,18.799999237060547,18.799999237060547,18.799999237060547,400
2023-09-19,18.799999237060547,18.799999237060547,18.799999237060547,18.799999237060547,18.799999237060547,100
2023-09-20,18.799999237060547,18.799999237060547,18.799999237060547,18.799999237060547,18.799999237060547,1300
2023-09-21,18.790000915527344,18.790000915527344,18.700000762939453,18.739999771118164,18.739999771118164,900
2023-09-22,18.739999771118164,18.739999771118164,18.739999771118164,18.739999771118164,18.739999771118164,100
2023-09-25,17.559999465942383,17.600000381469727,17.5,17.5,17.5,1500
2023-09-26,18.079999923706055,18.079999923706055,16.860000610351562,16.860000610351562,16.860000610351562,500
2023-09-27,17.81999969482422,17.81999969482422,17.81999969482422,17.81999969482422,17.81999969482422,1100
2023-09-28,17.920000076293945,18.0,17.270000457763672,17.899999618530273,17.899999618530273,1800
2023-09-29,17.75,17.75,17.15999984741211,17.15999984741211,17.15999984741211,1100
2023-10-02,16.6299991607666,16.6299991607666,16.6299991607666,16.6299991607666,16.6299991607666,300
2023-10-03,16.6299991607666,16.6299991607666,16.6299991607666,16.6299991607666,16.6299991607666,0
2023-10-04,16.6299991607666,16.6299991607666,16.6299991607666,16.6299991607666,16.6299991607666,200
2023-10-05,16.239999771118164,16.239999771118164,16.239999771118164,16.239999771118164,16.239999771118164,400
2023-10-06,16.239999771118164,16.239999771118164,16.239999771118164,16.239999771118164,16.239999771118164,0
2023-10-09,16.239999771118164,16.239999771118164,16.239999771118164,16.239999771118164,16.239999771118164,100
2023-10-10,16.239999771118164,16.239999771118164,16.239999771118164,16.239999771118164,16.239999771118164,0
2023-10-11,17.229999542236328,17.229999542236328,16.600000381469727,16.600000381469727,16.600000381469727,500
2023-10-12,17.450000762939453,17.450000762939453,17.149999618530273,17.149999618530273,17.149999618530273,900
2023-10-13,16.350000381469727,16.3700008392334,16.299999237060547,16.3700008392334,16.3700008392334,2200
2023-10-16,16.809999465942383,18.440000534057617,16.809999465942383,16.84000015258789,16.84000015258789,2300
2023-10-17,16.979999542236328,16.979999542236328,16.979999542236328,16.979999542236328,16.979999542236328,1000
2023-10-18,17.309999465942383,17.309999465942383,16.65999984741211,16.68000030517578,16.68000030517578,1500
2023-10-19,16.5,17.0,16.5,17.0,17.0,1300
2023-10-20,17.200000762939453,17.489999771118164,17.200000762939453,17.489999771118164,17.489999771118164,700
2023-10-23,17.489999771118164,17.489999771118164,17.489999771118164,17.489999771118164,17.489999771118164,0
2023-10-24,16.899999618530273,17.56999969482422,15.869999885559082,16.350000381469727,16.350000381469727,2800
2023-10-25,16.110000610351562,16.110000610351562,16.049999237060547,16.049999237060547,16.049999237060547,500
2023-10-26,16.049999237060547,16.979999542236328,15.899999618530273,16.350000381469727,16.350000381469727,1600
2023-10-27,16.81999969482422,16.81999969482422,16.0,16.0,16.0,400
2023-10-30,15.470000267028809,16.229999542236328,15.470000267028809,16.0,16.0,800
2023-10-31,16.0,16.0,16.0,16.0,16.0,0
2023-11-01,15.649999618530273,15.649999618530273,15.609999656677246,15.609999656677246,15.609999656677246,200
2023-11-02,15.609999656677246,15.609999656677246,15.609999656677246,15.609999656677246,15.609999656677246,0
2023-11-03,17.520000457763672,17.760000228881836,16.049999237060547,17.549999237060547,17.549999237060547,3400
2023-11-06,17.549999237060547,17.549999237060547,17.549999237060547,17.549999237060547,17.549999237060547,200
2023-11-07,17.549999237060547,17.549999237060547,17.549999237060547,17.549999237060547,17.549999237060547,0
2023-11-08,17.549999237060547,17.549999237060547,17.549999237060547,17.549999237060547,17.549999237060547,400
2023-11-09,16.780000686645508,17.760000228881836,16.780000686645508,16.780000686645508,16.780000686645508,1000
2023-11-10,16.780000686645508,16.780000686645508,16.780000686645508,16.780000686645508,16.780000686645508,0
2023-11-13,16.399999618530273,16.399999618530273,16.399999618530273,16.399999618530273,16.399999618530273,300
2023-11-14,16.399999618530273,16.399999618530273,16.399999618530273,16.399999618530273,16.399999618530273,0
2023-11-15,16.399999618530273,16.399999618530273,16.399999618530273,16.399999618530273,16.399999618530273,0
2023-11-16,16.3700008392334,16.3700008392334,16.1200008392334,16.1200008392334,16.1200008392334,600
2023-11-17,16.25,16.25,16.25,16.25,16.25,300
2023-11-20,16.459999084472656,16.75,16.459999084472656,16.75,16.75,700
2023-11-21,16.75,16.75,16.75,16.75,16.75,300
2023-11-22,15.850000381469727,15.850000381469727,15.850000381469727,15.850000381469727,15.850000381469727,300
2023-11-24,15.850000381469727,15.850000381469727,15.850000381469727,15.850000381469727,15.850000381469727,0
2023-11-27,15.720000267028809,15.720000267028809,15.720000267028809,15.720000267028809,15.720000267028809,300
2023-11-28,15.720000267028809,15.720000267028809,15.720000267028809,15.720000267028809,15.720000267028809,0
2023-11-29,16.729999542236328,16.940000534057617,16.700000762939453,16.790000915527344,16.790000915527344,3900
2023-11-30,16.790000915527344,16.790000915527344,16.790000915527344,16.790000915527344,16.790000915527344,100
2023-12-01,17.479999542236328,17.479999542236328,17.43000030517578,17.43000030517578,17.43000030517578,300
2023-12-04,16.559999465942383,16.559999465942383,16.559999465942383,16.559999465942383,16.559999465942383,700
2023-12-05,16.559999465942383,16.559999465942383,16.559999465942383,16.559999465942383,16.559999465942383,0
2023-12-06,16.299999237060547,16.799999237060547,16.290000915527344,16.290000915527344,16.290000915527344,1700
2023-12-07,16.229999542236328,16.270000457763672,16.200000762939453,16.200000762939453,16.200000762939453,800
2023-12-08,16.200000762939453,16.200000762939453,16.200000762939453,16.200000762939453,16.200000762939453,0
2023-12-11,16.049999237060547,16.049999237060547,16.049999237060547,16.049999237060547,16.049999237060547,600
2023-12-12,16.049999237060547,16.049999237060547,16.049999237060547,16.049999237060547,16.049999237060547,0
2023-12-13,15.800000190734863,16.809999465942383,15.800000190734863,16.200000762939453,16.200000762939453,1100
2023-12-14,16.40999984741211,16.40999984741211,16.40999984741211,16.40999984741211,16.40999984741211,200
2023-12-15,16.0,16.5,15.949999809265137,15.949999809265137,15.949999809265137,500
2023-12-18,15.739999771118164,15.770000457763672,15.699999809265137,15.720000267028809,15.720000267028809,800
2023-12-19,16.15999984741211,16.15999984741211,16.15999984741211,16.15999984741211,16.15999984741211,300
2023-12-20,16.600000381469727,16.600000381469727,16.450000762939453,16.450000762939453,16.450000762939453,500
2023-12-21,17.309999465942383,17.309999465942383,17.309999465942383,17.309999465942383,17.309999465942383,400
2023-12-22,17.309999465942383,17.309999465942383,17.309999465942383,17.309999465942383,17.309999465942383,300
2023-12-26,17.309999465942383,17.309999465942383,17.309999465942383,17.309999465942383,17.309999465942383,0
2023-12-27,17.309999465942383,17.309999465942383,17.309999465942383,17.309999465942383,17.309999465942383,0
2023-12-28,17.56999969482422,17.56999969482422,17.56999969482422,17.56999969482422,17.56999969482422,200
2023-12-29,17.799999237060547,17.809999465942383,17.799999237060547,17.809999465942383,17.809999465942383,900
2024-01-02,17.809999465942383,17.809999465942383,17.809999465942383,17.809999465942383,17.809999465942383,0
2024-01-03,17.809999465942383,17.809999465942383,17.809999465942383,17.809999465942383,17.809999465942383,0
2024-01-04,17.809999465942383,17.809999465942383,17.809999465942383,17.809999465942383,17.809999465942383,0
2024-01-05,17.809999465942383,17.809999465942383,17.809999465942383,17.809999465942383,17.809999465942383,0
2024-01-08,17.8700008392334,17.899999618530273,17.8700008392334,17.899999618530273,17.899999618530273,900
2024-01-09,17.899999618530273,17.899999618530273,17.899999618530273,17.899999618530273,17.899999618530273,0
2024-01-10,17.899999618530273,17.899999618530273,17.899999618530273,17.899999618530273,17.899999618530273,0
2024-01-11,17.899999618530273,17.899999618530273,17.899999618530273,17.899999618530273,17.899999618530273,0
2024-01-12,17.899999618530273,17.899999618530273,17.899999618530273,17.899999618530273,17.899999618530273,0
2024-01-16,17.899999618530273,17.899999618530273,17.899999618530273,17.899999618530273,17.899999618530273,0
2024-01-17,18.68000030517578,18.81999969482422,18.68000030517578,18.81999969482422,18.81999969482422,1400
2024-01-18,18.81999969482422,18.81999969482422,18.81999969482422,18.81999969482422,18.81999969482422,0
2024-01-19,18.81999969482422,18.81999969482422,18.81999969482422,18.81999969482422,18.81999969482422,0
2024-01-22,18.81999969482422,18.81999969482422,18.81999969482422,18.81999969482422,18.81999969482422,900
2024-01-23,20.940000534057617,20.940000534057617,20.940000534057617,20.940000534057617,20.940000534057617,400
2024-01-24,20.940000534057617,20.940000534057617,20.940000534057617,20.940000534057617,20.940000534057617,0
2024-01-25,20.940000534057617,20.940000534057617,20.940000534057617,20.940000534057617,20.940000534057617,0
2024-01-26,20.75,21.0,20.75,21.0,21.0,300
2024-01-29,20.729999542236328,21.770000457763672,20.270000457763672,20.270000457763672,20.270000457763672,700
2024-01-30,20.270000457763672,20.270000457763672,20.270000457763672,20.270000457763672,20.270000457763672,0
2024-01-31,20.270000457763672,20.270000457763672,20.270000457763672,20.270000457763672,20.270000457763672,0
2024-02-01,20.270000457763672,20.270000457763672,20.270000457763672,20.270000457763672,20.270000457763672,0
2024-02-02,20.270000457763672,20.270000457763672,20.270000457763672,20.270000457763672,20.270000457763672,0
2024-02-05,20.059999465942383,20.09000015258789,20.059999465942383,20.079999923706055,20.079999923706055,2100
2024-02-06,19.989999771118164,20.0,19.989999771118164,20.0,20.0,4000
2024-02-07,20.0,20.0,20.0,20.0,20.0,5500
2024-02-08,19.25,20.100000381469727,19.25,20.100000381469727,20.100000381469727,1100
2024-02-09,20.200000762939453,20.200000762939453,20.200000762939453,20.200000762939453,20.200000762939453,200
2024-02-12,19.81999969482422,19.81999969482422,19.81999969482422,19.81999969482422,19.81999969482422,600
2024-02-13,19.81999969482422,19.81999969482422,19.81999969482422,19.81999969482422,19.81999969482422,0
2024-02-14,19.850000381469727,19.850000381469727,19.850000381469727,19.850000381469727,19.850000381469727,100
2024-02-15,19.3700008392334,19.3700008392334,19.3700008392334,19.3700008392334,19.3700008392334,600
2024-02-16,18.65999984741211,18.65999984741211,18.65999984741211,18.65999984741211,18.65999984741211,200
2024-02-20,18.600000381469727,18.8700008392334,18.600000381469727,18.8700008392334,18.8700008392334,800
2024-02-21,18.8700008392334,18.8700008392334,18.8700008392334,18.8700008392334,18.8700008392334,0
2024-02-22,17.6299991607666,17.65999984741211,17.6299991607666,17.649999618530273,17.649999618530273,900
2024-02-23,17.649999618530273,17.649999618530273,17.649999618530273,17.649999618530273,17.649999618530273,100
2024-02-26,17.649999618530273,17.649999618530273,17.649999618530273,17.649999618530273,17.649999618530273,100
2024-02-27,18.100000381469727,18.100000381469727,18.100000381469727,18.100000381469727,18.100000381469727,100
2024-02-28,17.700000762939453,17.700000762939453,17.700000762939453,17.700000762939453,17.700000762939453,300
2024-02-29,17.700000762939453,17.700000762939453,17.700000762939453,17.700000762939453,17.700000762939453,0
2024-03-01,17.700000762939453,17.700000762939453,17.700000762939453,17.700000762939453,17.700000762939453,0
2024-03-04,17.510000228881836,17.510000228881836,17.510000228881836,17.510000228881836,17.510000228881836,500
2024-03-05,17.510000228881836,17.510000228881836,17.510000228881836,17.510000228881836,17.510000228881836,0
2024-03-06,17.510000228881836,17.510000228881836,17.510000228881836,17.510000228881836,17.510000228881836,0
2024-03-07,17.06999969482422,17.149999618530273,17.06999969482422,17.149999618530273,17.149999618530273,500
2024-03-08,17.450000762939453,17.450000762939453,17.450000762939453,17.450000762939453,17.450000762939453,200
2024-03-11,17.65999984741211,17.75,17.65999984741211,17.739999771118164,17.739999771118164,1300
2024-03-12,17.739999771118164,17.739999771118164,17.739999771118164,17.739999771118164,17.739999771118164,10000
2024-03-13,17.389999389648438,17.549999237060547,17.209999084472656,17.209999084472656,17.209999084472656,14300
2024-03-14,17.079999923706055,18.0,17.079999923706055,18.0,18.0,2400
2024-03-15,18.0,18.0,18.0,18.0,18.0,0
2024-03-18,18.0,18.0,18.0,18.0,18.0,300
2024-03-19,17.690000534057617,17.690000534057617,16.989999771118164,16.989999771118164,16.989999771118164,400
2024-03-20,16.989999771118164,16.989999771118164,16.989999771118164,16.989999771118164,16.989999771118164,0
2024-03-21,16.989999771118164,16.989999771118164,16.989999771118164,16.989999771118164,16.989999771118164,0
2024-03-22,16.989999771118164,16.989999771118164,16.989999771118164,16.989999771118164,16.989999771118164,0
2024-03-25,16.989999771118164,16.989999771118164,16.989999771118164,16.989999771118164,16.989999771118164,0
2024-03-26,16.760000228881836,16.760000228881836,16.760000228881836,16.760000228881836,16.760000228881836,100
2024-03-27,17.049999237060547,17.049999237060547,17.049999237060547,17.049999237060547,17.049999237060547,200
2024-03-28,16.969999313354492,16.969999313354492,16.8700008392334,16.950000762939453,16.950000762939453,4000
2024-04-01,17.520000457763672,17.520000457763672,17.520000457763672,17.520000457763672,17.520000457763672,300
2024-04-02,16.5,17.15999984741211,16.5,17.15999984741211,17.15999984741211,500
2024-04-03,17.15999984741211,17.15999984741211,17.15999984741211,17.15999984741211,17.15999984741211,0
2024-04-04,17.15999984741211,17.15999984741211,17.15999984741211,17.15999984741211,17.15999984741211,0
2024-04-05,17.15999984741211,17.15999984741211,17.15999984741211,17.15999984741211,17.15999984741211,0
2024-04-08,17.1299991607666,17.1299991607666,17.1299991607666,17.1299991607666,17.1299991607666,200
2024-04-09,17.31999969482422,17.31999969482422,17.25,17.25,17.25,400
2024-04-10,17.1299991607666,17.1299991607666,17.1299991607666,17.1299991607666,17.1299991607666,100
2024-04-11,17.1299991607666,17.1299991607666,17.1299991607666,17.1299991607666,17.1299991607666,200
2024-04-12,17.1299991607666,17.1299991607666,17.1299991607666,17.1299991607666,17.1299991607666,0
2024-04-15,17.1299991607666,17.1299991607666,17.1299991607666,17.1299991607666,17.1299991607666,0
2024-04-16,16.940000534057617,16.940000534057617,16.940000534057617,16.940000534057617,16.940000534057617,400
2024-04-17,16.399999618530273,16.510000228881836,16.09000015258789,16.18000030517578,16.18000030517578,4700
2024-04-18,16.479999542236328,16.479999542236328,16.479999542236328,16.479999542236328,16.479999542236328,400
2024-04-19,16.329999923706055,16.329999923706055,16.329999923706055,16.329999923706055,16.329999923706055,400
2024-04-22,16.329999923706055,16.329999923706055,16.329999923706055,16.329999923706055,16.329999923706055,0
2024-04-23,16.329999923706055,16.329999923706055,16.329999923706055,16.329999923706055,16.329999923706055,0
2024-04-24,16.329999923706055,16.329999923706055,16.329999923706055,16.329999923706055,16.329999923706055,0
2024-04-25,16.329999923706055,16.329999923706055,16.329999923706055,16.329999923706055,16.329999923706055,0
2024-04-26,16.329999923706055,16.329999923706055,16.329999923706055,16.329999923706055,16.329999923706055,0
2024-04-29,16.25,16.25,16.25,16.25,16.25,36500
2024-04-30,16.399999618530273,16.479999542236328,16.010000228881836,16.030000686645508,16.030000686645508,2000
2024-05-01,16.290000915527344,16.290000915527344,16.290000915527344,16.290000915527344,16.290000915527344,8700
2024-05-02,16.290000915527344,16.290000915527344,16.290000915527344,16.290000915527344,16.290000915527344,0
2024-05-03,16.290000915527344,16.290000915527344,16.290000915527344,16.290000915527344,16.290000915527344,0
2024-05-06,17.489999771118164,17.5,17.360000610351562,17.5,17.5,1300
2024-05-07,17.399999618530273,17.65999984741211,17.389999389648438,17.65999984741211,17.65999984741211,18400
2024-05-08,18.010000228881836,18.010000228881836,16.8799991607666,16.8799991607666,16.8799991607666,19800
2024-05-09,17.229999542236328,17.229999542236328,16.5,17.200000762939453,17.200000762939453,2500
2024-05-10,18.190000534057617,18.190000534057617,16.670000076293945,16.700000762939453,16.700000762939453,8500
2024-05-13,16.700000762939453,16.700000762939453,16.700000762939453,16.700000762939453,16.700000762939453,0
2024-05-14,16.700000762939453,16.700000762939453,16.700000762939453,16.700000762939453,16.700000762939453,300
2024-05-15,16.700000762939453,16.700000762939453,16.700000762939453,16.700000762939453,16.700000762939453,100
2024-05-16,17.170000076293945,17.170000076293945,17.170000076293945,17.170000076293945,17.170000076293945,400
2024-05-17,17.31999969482422,17.8700008392334,17.31999969482422,17.8700008392334,17.8700008392334,700
2024-05-20,17.8700008392334,17.8700008392334,17.8700008392334,17.8700008392334,17.8700008392334,0
2024-05-21,17.8700008392334,17.8700008392334,17.8700008392334,17.8700008392334,17.8700008392334,0
2024-05-22,17.8700008392334,17.8700008392334,17.8700008392334,17.8700008392334,17.8700008392334,0
2024-05-23,16.639999389648438,16.8799991607666,16.639999389648438,16.8799991607666,16.8799991607666,1000
2024-05-24,16.850000381469727,16.899999618530273,16.850000381469727,16.899999618530273,16.899999618530273,500
2024-05-28,18.1200008392334,18.1200008392334,18.1200008392334,18.1200008392334,18.1200008392334,200
2024-05-29,16.34000015258789,16.84000015258789,16.34000015258789,16.84000015258789,16.84000015258789,1400
2024-05-30,16.850000381469727,16.850000381469727,16.1200008392334,16.139999389648438,16.139999389648438,2800
2024-05-31,16.610000610351562,16.610000610351562,16.610000610351562,16.610000610351562,16.610000610351562,200
2024-06-03,16.5,16.5,16.360000610351562,16.5,16.5,1400
2024-06-04,16.700000762939453,17.75,16.700000762939453,17.75,17.75,1800
2024-06-05,18.06999969482422,18.06999969482422,17.770000457763672,18.0,18.0,1100
2024-06-06,18.559999465942383,18.559999465942383,18.559999465942383,18.559999465942383,18.559999465942383,100
2024-06-07,18.600000381469727,18.600000381469727,18.600000381469727,18.600000381469727,18.600000381469727,100
2024-06-10,18.600000381469727,18.600000381469727,18.600000381469727,18.600000381469727,18.600000381469727,0
2024-06-11,18.100000381469727,18.100000381469727,18.100000381469727,18.100000381469727,18.100000381469727,200
2024-06-12,18.100000381469727,18.100000381469727,18.100000381469727,18.100000381469727,18.100000381469727,100
2024-06-13,18.100000381469727,18.100000381469727,18.100000381469727,18.100000381469727,18.100000381469727,0
2024-06-14,18.100000381469727,18.100000381469727,18.100000381469727,18.100000381469727,18.100000381469727,0
2024-06-17,17.5,17.5,17.5,17.5,17.5,300
2024-06-18,17.18000030517578,17.18000030517578,17.18000030517578,17.18000030517578,17.18000030517578,200
2024-06-20,17.18000030517578,17.18000030517578,17.18000030517578,17.18000030517578,17.18000030517578,300
2024-06-21,17.68000030517578,18.09000015258789,17.200000762939453,17.200000762939453,17.200000762939453,1200
2024-06-24,17.200000762939453,17.200000762939453,17.200000762939453,17.200000762939453,17.200000762939453,300
2024-06-25,17.200000762939453,17.200000762939453,17.200000762939453,17.200000762939453,17.200000762939453,0
2024-06-26,17.200000762939453,17.200000762939453,17.200000762939453,17.200000762939453,17.200000762939453,0
2024-06-27,17.200000762939453,17.200000762939453,17.200000762939453,17.200000762939453,17.200000762939453,0
2024-06-28,17.200000762939453,17.200000762939453,17.200000762939453,17.200000762939453,17.200000762939453,0
2024-07-01,17.579999923706055,17.579999923706055,17.579999923706055,17.579999923706055,17.579999923706055,200
2024-07-02,17.770000457763672,17.770000457763672,17.770000457763672,17.770000457763672,17.770000457763672,200
2024-07-03,17.770000457763672,17.770000457763672,17.770000457763672,17.770000457763672,17.770000457763672,0
2024-07-05,17.6299991607666,17.6299991607666,17.6299991607666,17.6299991607666,17.6299991607666,400
2024-07-08,17.6299991607666,17.6299991607666,17.6299991607666,17.6299991607666,17.6299991607666,300
2024-07-09,18.149999618530273,18.149999618530273,18.149999618530273,18.149999618530273,18.149999618530273,200
2024-07-10,18.18000030517578,18.219999313354492,18.170000076293945,18.219999313354492,18.219999313354492,1300
2024-07-11,18.219999313354492,18.219999313354492,18.219999313354492,18.219999313354492,18.219999313354492,100
2024-07-12,18.219999313354492,18.219999313354492,18.219999313354492,18.219999313354492,18.219999313354492,0
2024-07-15,18.989999771118164,18.989999771118164,18.989999771118164,18.989999771118164,18.989999771118164,600
2024-07-16,18.989999771118164,18.989999771118164,18.989999771118164,18.989999771118164,18.989999771118164,0
2024-07-17,18.989999771118164,18.989999771118164,18.989999771118164,18.989999771118164,18.989999771118164,0
2024-07-18,19.399999618530273,19.399999618530273,18.8700008392334,18.8700008392334,18.8700008392334,1300
2024-07-19,19.5,19.5,19.5,19.5,19.5,100
2024-07-22,19.5,19.5,19.5,19.5,19.5,0
2024-07-23,19.5,19.5,19.5,19.5,19.5,0
2024-07-24,18.829999923706055,18.829999923706055,18.829999923706055,18.829999923706055,18.829999923706055,1000
2024-07-25,18.829999923706055,18.829999923706055,18.829999923706055,18.829999923706055,18.829999923706055,0
2024-07-26,18.829999923706055,18.829999923706055,18.829999923706055,18.829999923706055,18.829999923706055,0
2024-07-29,19.209999084472656,19.209999084472656,19.209999084472656,19.209999084472656,19.209999084472656,200
2024-07-30,19.760000228881836,19.760000228881836,19.760000228881836,19.760000228881836,19.760000228881836,200
2024-07-31,20.020000457763672,20.020000457763672,20.020000457763672,20.020000457763672,20.020000457763672,100
2024-08-01,20.020000457763672,20.020000457763672,20.020000457763672,20.020000457763672,20.020000457763672,0
2024-08-02,20.020000457763672,20.020000457763672,20.020000457763672,20.020000457763672,20.020000457763672,0
2024-08-05,20.020000457763672,20.020000457763672,20.020000457763672,20.020000457763672,20.020000457763672,0
2024-08-06,20.020000457763672,20.020000457763672,20.020000457763672,20.020000457763672,20.020000457763672,0
2024-08-07,20.020000457763672,20.020000457763672,20.020000457763672,20.020000457763672,20.020000457763672,0
2024-08-08,20.020000457763672,20.020000457763672,20.020000457763672,20.020000457763672,20.020000457763672,0
2024-08-09,18.920000076293945,18.920000076293945,18.920000076293945,18.920000076293945,18.920000076293945,100
2024-08-12,18.920000076293945,18.920000076293945,18.920000076293945,18.920000076293945,18.920000076293945,0
2024-08-13,18.940000534057617,18.940000534057617,18.940000534057617,18.940000534057617,18.940000534057617,100
2024-08-14,19.0,19.0,19.0,19.0,19.0,300
2024-08-15,19.0,19.0,19.0,19.0,19.0,0
2024-08-16,19.0,19.0,19.0,19.0,19.0,100
2024-08-19,19.0,19.0,19.0,19.0,19.0,200
2024-08-20,18.760000228881836,18.760000228881836,18.68000030517578,18.68000030517578,18.68000030517578,2700
2024-08-21,18.68000030517578,18.68000030517578,18.68000030517578,18.68000030517578,18.68000030517578,0
2024-08-22,18.68000030517578,18.68000030517578,18.68000030517578,18.68000030517578,18.68000030517578,0
2024-08-23,19.790000915527344,19.790000915527344,19.790000915527344,19.790000915527344,19.790000915527344,300
