Date,Open,High,Low,Close,Adj Close,Volume
2018-06-27,25.0,25.010000228881836,19.329999923706055,23.989999771118164,23.989999771118164,2082100
2018-06-28,24.0,24.0,21.054000854492188,21.329999923706055,21.329999923706055,201600
2018-06-29,20.979999542236328,21.679000854492188,20.3799991607666,20.75,20.75,104200
2018-07-02,20.790000915527344,21.200000762939453,20.350000381469727,20.440000534057617,20.440000534057617,39700
2018-07-03,20.59000015258789,20.795000076293945,20.40999984741211,20.59000015258789,20.59000015258789,12400
2018-07-05,20.829999923706055,22.389999389648438,20.200000762939453,21.940000534057617,21.940000534057617,55400
2018-07-06,21.780000686645508,22.0,20.18000030517578,21.079999923706055,21.079999923706055,25100
2018-07-09,20.010000228881836,21.899999618530273,20.010000228881836,21.5,21.5,34400
2018-07-10,21.309999465942383,21.309999465942383,20.874000549316406,21.25,21.25,10700
2018-07-11,21.010000228881836,21.75,20.827999114990234,21.75,21.75,33500
2018-07-12,21.75,21.75,20.799999237060547,21.1200008392334,21.1200008392334,19300
2018-07-13,21.0,21.450000762939453,20.850000381469727,21.190000534057617,21.190000534057617,12800
2018-07-16,21.040000915527344,21.75,21.0,21.31999969482422,21.31999969482422,22300
2018-07-17,21.030000686645508,21.399999618530273,20.799999237060547,20.920000076293945,20.920000076293945,14800
2018-07-18,20.700000762939453,21.43000030517578,20.5,20.764999389648438,20.764999389648438,34900
2018-07-19,20.799999237060547,21.176000595092773,20.75,20.850000381469727,20.850000381469727,58100
2018-07-20,20.850000381469727,20.850000381469727,20.75,20.84000015258789,20.84000015258789,28300
2018-07-23,21.43000030517578,21.65999984741211,20.790000915527344,21.0,21.0,10000
2018-07-24,20.780000686645508,20.884000778198242,20.75,20.75,20.75,67300
2018-07-25,20.729999542236328,20.81399917602539,20.1200008392334,20.5,20.5,18500
2018-07-26,20.799999237060547,20.799999237060547,19.68000030517578,20.0,20.0,49800
2018-07-27,20.100000381469727,20.5,20.0,20.479999542236328,20.479999542236328,10400
2018-07-30,20.43000030517578,20.43000030517578,20.0,20.0,20.0,8700
2018-07-31,20.0,20.399999618530273,20.0,20.0,20.0,9200
2018-08-01,20.235000610351562,20.649999618530273,20.200000762939453,20.200000762939453,20.200000762939453,1600
2018-08-02,20.75,20.75,20.0,20.049999237060547,20.049999237060547,17600
2018-08-03,20.040000915527344,20.260000228881836,20.0,20.0,20.0,5300
2018-08-06,20.55900001525879,20.55900001525879,20.0,20.059999465942383,20.059999465942383,15300
2018-08-07,20.124000549316406,22.06999969482422,20.0,20.34000015258789,20.34000015258789,14400
2018-08-08,20.290000915527344,20.860000610351562,20.010000228881836,20.75,20.75,10700
2018-08-09,20.020000457763672,21.871000289916992,20.0,20.0,20.0,5200
2018-08-10,20.34000015258789,21.0,19.950000762939453,20.75,20.75,18000
2018-08-13,20.0,20.479999542236328,20.0,20.110000610351562,20.110000610351562,3300
2018-08-14,20.75,20.75,20.0,20.0,20.0,32100
2018-08-15,20.239999771118164,20.93000030517578,20.0,20.25,20.25,8400
2018-08-16,20.350000381469727,20.549999237060547,20.0,20.520000457763672,20.520000457763672,23200
2018-08-17,21.47800064086914,21.47800064086914,20.149999618530273,20.149999618530273,20.149999618530273,3100
2018-08-20,20.5,20.695999145507812,19.799999237060547,20.1200008392334,20.1200008392334,45500
2018-08-21,20.0,20.489999771118164,20.0,20.229999542236328,20.229999542236328,14100
2018-08-22,20.5,20.5,20.23900032043457,20.389999389648438,20.389999389648438,15800
2018-08-23,20.489999771118164,20.604999542236328,20.200000762939453,20.479999542236328,20.479999542236328,44900
2018-08-24,20.299999237060547,20.530000686645508,20.200000762939453,20.420000076293945,20.420000076293945,6400
2018-08-27,20.479999542236328,20.5,20.111000061035156,20.420000076293945,20.420000076293945,5900
2018-08-28,20.540000915527344,20.70800018310547,20.010000228881836,20.260000228881836,20.260000228881836,11300
2018-08-29,20.110000610351562,20.25,20.104999542236328,20.25,20.25,1800
2018-08-30,20.229999542236328,20.229999542236328,19.735000610351562,19.790000915527344,19.790000915527344,62900
2018-08-31,20.020000457763672,20.839000701904297,19.760000228881836,20.639999389648438,20.639999389648438,68900
2018-09-04,20.709999084472656,21.75,20.250999450683594,20.549999237060547,20.549999237060547,55000
2018-09-05,21.200000762939453,21.200000762939453,20.5,21.0,21.0,24200
2018-09-06,21.0,21.389999389648438,20.663999557495117,20.940000534057617,20.940000534057617,46100
2018-09-07,20.700000762939453,21.5,20.5,21.149999618530273,21.149999618530273,42100
2018-09-10,20.8700008392334,21.3700008392334,20.5,20.799999237060547,20.799999237060547,46900
2018-09-11,21.0,21.190000534057617,20.610000610351562,20.850000381469727,20.850000381469727,49700
2018-09-12,21.75,21.75,20.700000762939453,21.020000457763672,21.020000457763672,51600
2018-09-13,21.549999237060547,21.75,19.860000610351562,20.0,20.0,217400
2018-09-14,19.8700008392334,20.25,19.6200008392334,20.110000610351562,20.110000610351562,148900
2018-09-17,20.110000610351562,20.260000228881836,19.649999618530273,19.920000076293945,19.920000076293945,101200
2018-09-18,20.049999237060547,20.049999237060547,19.809999465942383,20.0,20.0,106900
2018-09-19,20.0,21.299999237060547,19.934999465942383,20.549999237060547,20.549999237060547,112400
2018-09-20,20.670000076293945,23.59000015258789,20.40999984741211,21.989999771118164,21.989999771118164,114500
2018-09-21,22.229999542236328,25.5,22.229999542236328,24.350000381469727,24.350000381469727,514100
2018-09-24,24.5,25.149999618530273,23.75,24.469999313354492,24.469999313354492,135300
2018-09-25,24.920000076293945,28.878999710083008,24.399999618530273,26.600000381469727,26.600000381469727,158400
2018-09-26,26.899999618530273,28.149999618530273,26.764999389648438,27.399999618530273,27.399999618530273,312800
2018-09-27,27.31999969482422,27.31999969482422,26.290000915527344,26.5,26.5,102500
2018-09-28,26.290000915527344,26.290000915527344,24.75,24.979999542236328,24.979999542236328,61900
2018-10-01,24.799999237060547,24.799999237060547,23.635000228881836,24.239999771118164,24.239999771118164,113800
2018-10-02,23.829999923706055,24.360000610351562,23.829999923706055,24.239999771118164,24.239999771118164,65500
2018-10-03,24.104000091552734,25.149999618530273,24.040000915527344,24.459999084472656,24.459999084472656,38200
2018-10-04,24.309999465942383,24.6200008392334,23.3799991607666,23.600000381469727,23.600000381469727,31200
2018-10-05,23.780000686645508,26.684999465942383,23.559999465942383,24.040000915527344,24.040000915527344,39100
2018-10-08,23.950000762939453,23.950000762939453,22.139999389648438,22.8700008392334,22.8700008392334,35900
2018-10-09,22.8799991607666,23.6299991607666,22.8799991607666,23.25,23.25,32900
2018-10-10,23.239999771118164,23.239999771118164,22.139999389648438,22.3700008392334,22.3700008392334,13100
2018-10-11,22.0,22.0,21.0,21.209999084472656,21.209999084472656,28800
2018-10-12,21.489999771118164,22.0,21.260000228881836,21.6299991607666,21.6299991607666,76000
2018-10-15,21.579999923706055,21.906999588012695,20.75,20.989999771118164,20.989999771118164,40500
2018-10-16,21.190000534057617,21.190000534057617,20.09000015258789,20.760000228881836,20.760000228881836,59500
2018-10-17,20.760000228881836,22.399999618530273,20.760000228881836,21.8700008392334,21.8700008392334,29400
2018-10-18,22.0,22.0,20.825000762939453,21.610000610351562,21.610000610351562,24200
2018-10-19,21.6299991607666,22.0,21.25,21.420000076293945,21.420000076293945,38400
2018-10-22,21.549999237060547,21.559999465942383,20.916000366210938,21.100000381469727,21.100000381469727,83100
2018-10-23,20.829999923706055,21.149999618530273,20.6200008392334,20.799999237060547,20.799999237060547,34600
2018-10-24,19.5,19.684999465942383,16.459999084472656,17.229999542236328,17.229999542236328,320700
2018-10-25,17.25,18.110000610351562,16.8700008392334,17.860000610351562,17.860000610351562,127100
2018-10-26,18.170000076293945,19.239999771118164,17.652999877929688,19.0,19.0,132100
2018-10-29,19.0,19.850000381469727,19.0,19.0,19.0,495600
2018-10-30,19.0,20.110000610351562,19.0,19.110000610351562,19.110000610351562,92300
2018-10-31,19.6200008392334,19.6200008392334,18.90999984741211,19.040000915527344,19.040000915527344,123300
2018-11-01,19.059999465942383,19.229999542236328,19.0,19.049999237060547,19.049999237060547,94800
2018-11-02,19.110000610351562,19.600000381469727,19.0,19.600000381469727,19.600000381469727,53600
2018-11-05,19.5,19.969999313354492,19.049999237060547,19.3700008392334,19.3700008392334,85700
2018-11-06,19.329999923706055,19.75,18.959999084472656,19.049999237060547,19.049999237060547,108500
2018-11-07,19.110000610351562,19.5,19.100000381469727,19.219999313354492,19.219999313354492,38400
2018-11-08,19.15999984741211,19.545000076293945,19.049999237060547,19.31999969482422,19.31999969482422,76700
2018-11-09,19.209999084472656,19.450000762939453,19.139999389648438,19.25,19.25,108500
2018-11-12,19.170000076293945,19.440000534057617,19.149999618530273,19.25,19.25,37200
2018-11-13,19.299999237060547,20.5,19.219999313354492,20.450000762939453,20.450000762939453,95500
2018-11-14,20.399999618530273,20.399999618530273,19.760000228881836,20.0,20.0,123900
2018-11-15,19.950000762939453,20.40999984741211,19.559999465942383,19.969999313354492,19.969999313354492,48400
2018-11-16,19.93000030517578,20.350000381469727,19.392000198364258,20.190000534057617,20.190000534057617,36800
2018-11-19,20.100000381469727,20.329999923706055,19.899999618530273,19.989999771118164,19.989999771118164,22400
2018-11-20,19.81999969482422,20.0,19.25,19.3799991607666,19.3799991607666,48800
2018-11-21,19.30699920654297,19.833999633789062,19.25,19.309999465942383,19.309999465942383,27100
2018-11-23,19.209999084472656,19.43000030517578,19.0,19.190000534057617,19.190000534057617,43100
2018-11-26,19.81999969482422,19.924999237060547,17.93000030517578,18.15999984741211,18.15999984741211,88800
2018-11-27,18.049999237060547,18.100000381469727,17.4950008392334,17.950000762939453,17.950000762939453,68100
2018-11-28,18.040000915527344,18.100000381469727,17.469999313354492,17.829999923706055,17.829999923706055,118200
2018-11-29,17.709999084472656,18.1200008392334,16.690000534057617,17.1200008392334,17.1200008392334,60300
2018-11-30,16.979999542236328,17.709999084472656,16.899999618530273,17.530000686645508,17.530000686645508,85000
2018-12-03,17.709999084472656,19.170000076293945,17.40999984741211,18.93000030517578,18.93000030517578,67300
2018-12-04,19.100000381469727,19.809999465942383,18.049999237060547,18.510000228881836,18.510000228881836,66900
2018-12-06,18.260000228881836,19.549999237060547,17.90999984741211,19.450000762939453,19.450000762939453,63600
2018-12-07,19.639999389648438,20.100000381469727,19.040000915527344,20.040000915527344,20.040000915527344,79100
2018-12-10,19.899999618530273,20.889999389648438,19.6200008392334,20.639999389648438,20.639999389648438,83100
2018-12-11,20.889999389648438,21.475000381469727,20.68000030517578,20.889999389648438,20.889999389648438,46000
2018-12-12,21.0,21.25,20.639999389648438,20.8700008392334,20.8700008392334,46000
2018-12-13,20.829999923706055,21.389999389648438,20.315000534057617,21.200000762939453,21.200000762939453,41200
2018-12-14,21.34000015258789,21.639999389648438,18.986000061035156,21.489999771118164,21.489999771118164,42100
2018-12-17,21.5,22.43000030517578,21.013999938964844,21.90999984741211,21.90999984741211,114700
2018-12-18,23.950000762939453,26.440000534057617,22.479999542236328,23.799999237060547,23.799999237060547,500500
2018-12-19,24.239999771118164,26.1299991607666,23.450000762939453,23.860000610351562,23.860000610351562,133500
2018-12-20,23.850000381469727,23.850000381469727,22.579999923706055,22.989999771118164,22.989999771118164,94700
2018-12-21,22.889999389648438,22.94499969482422,21.200000762939453,21.6299991607666,21.6299991607666,339700
2018-12-24,21.770000457763672,23.350000381469727,21.770000457763672,22.709999084472656,22.709999084472656,48200
2018-12-26,22.950000762939453,23.621000289916992,20.969999313354492,23.059999465942383,23.059999465942383,258700
2018-12-27,23.25,24.139999389648438,22.5,23.59000015258789,23.59000015258789,180800
2018-12-28,23.549999237060547,24.30699920654297,23.3799991607666,23.84000015258789,23.84000015258789,113400
2018-12-31,23.8799991607666,23.958999633789062,22.729999542236328,22.940000534057617,22.940000534057617,140300
2019-01-02,22.59000015258789,23.15999984741211,22.59000015258789,23.0,23.0,87800
2019-01-03,22.719999313354492,23.270000457763672,22.399999618530273,22.56999969482422,22.56999969482422,68700
2019-01-04,22.809999465942383,22.809999465942383,22.40999984741211,22.709999084472656,22.709999084472656,163400
2019-01-07,22.700000762939453,23.84000015258789,22.700000762939453,23.790000915527344,23.790000915527344,205300
2019-01-08,24.030000686645508,24.809999465942383,23.670000076293945,24.170000076293945,24.170000076293945,95100
2019-01-09,24.329999923706055,24.780000686645508,23.90999984741211,24.100000381469727,24.100000381469727,71200
2019-01-10,23.940000534057617,24.086999893188477,23.639999389648438,23.899999618530273,23.899999618530273,60000
2019-01-11,23.790000915527344,24.979999542236328,23.790000915527344,24.719999313354492,24.719999313354492,79100
2019-01-14,25.100000381469727,25.530000686645508,23.0,23.200000762939453,23.200000762939453,184400
2019-01-15,23.190000534057617,23.649999618530273,22.510000228881836,22.809999465942383,22.809999465942383,63000
2019-01-16,22.739999771118164,23.469999313354492,22.663000106811523,23.40999984741211,23.40999984741211,47800
2019-01-17,23.520000457763672,23.540000915527344,22.5,22.860000610351562,22.860000610351562,44200
2019-01-18,22.920000076293945,23.649999618530273,22.920000076293945,23.610000610351562,23.610000610351562,26100
2019-01-22,23.399999618530273,23.65999984741211,23.100000381469727,23.440000534057617,23.440000534057617,81200
2019-01-23,23.610000610351562,23.797000885009766,23.270000457763672,23.440000534057617,23.440000534057617,41500
2019-01-24,23.420000076293945,23.420000076293945,22.700000762939453,22.850000381469727,22.850000381469727,25200
2019-01-25,22.850000381469727,23.450000762939453,22.850000381469727,22.899999618530273,22.899999618530273,22100
2019-01-28,22.729999542236328,23.899999618530273,22.729999542236328,23.709999084472656,23.709999084472656,24300
2019-01-29,23.690000534057617,23.989999771118164,23.385000228881836,23.6200008392334,23.6200008392334,7400
2019-01-30,23.6200008392334,23.6200008392334,23.014999389648438,23.31999969482422,23.31999969482422,43500
2019-01-31,23.170000076293945,23.979999542236328,23.170000076293945,23.8799991607666,23.8799991607666,59400
2019-02-01,23.8700008392334,24.190000534057617,23.639999389648438,23.739999771118164,23.739999771118164,45300
2019-02-04,23.780000686645508,24.149999618530273,23.579999923706055,24.059999465942383,24.059999465942383,36400
2019-02-05,24.170000076293945,25.889999389648438,24.170000076293945,25.760000228881836,25.760000228881836,70300
2019-02-06,25.75,26.360000610351562,25.510000228881836,26.329999923706055,26.329999923706055,55900
2019-02-07,26.31999969482422,27.489999771118164,26.06999969482422,26.93000030517578,26.93000030517578,114700
2019-02-08,26.920000076293945,27.399999618530273,26.920000076293945,27.399999618530273,27.399999618530273,64300
2019-02-11,28.299999237060547,30.360000610351562,27.149999618530273,28.950000762939453,28.950000762939453,432500
2019-02-12,28.65999984741211,29.0,27.450000762939453,27.709999084472656,27.709999084472656,100500
2019-02-13,27.719999313354492,28.649999618530273,27.719999313354492,27.950000762939453,27.950000762939453,60700
2019-02-14,27.84000015258789,28.9060001373291,27.84000015258789,28.420000076293945,28.420000076293945,31200
2019-02-15,28.920000076293945,28.920000076293945,28.010000228881836,28.3700008392334,28.3700008392334,74700
2019-02-19,28.3700008392334,30.190000534057617,28.3700008392334,29.739999771118164,29.739999771118164,82000
2019-02-20,29.860000610351562,30.3799991607666,29.860000610351562,30.260000228881836,30.260000228881836,59100
2019-02-21,30.520000457763672,30.94499969482422,29.90999984741211,30.440000534057617,30.440000534057617,33600
2019-02-22,30.6299991607666,32.36000061035156,30.6299991607666,32.25,32.25,66600
2019-02-25,32.54999923706055,34.220001220703125,32.349998474121094,33.63999938964844,33.63999938964844,180000
2019-02-26,33.630001068115234,33.630001068115234,31.329999923706055,31.559999465942383,31.559999465942383,75900
2019-02-27,31.690000534057617,32.66699981689453,31.0049991607666,31.200000762939453,31.200000762939453,29900
2019-02-28,31.399999618530273,31.989999771118164,30.0,30.270000457763672,30.270000457763672,93700
2019-03-01,30.489999771118164,31.8799991607666,30.010000228881836,31.690000534057617,31.690000534057617,18500
2019-03-04,31.75,33.15700149536133,30.295000076293945,30.709999084472656,30.709999084472656,48500
2019-03-05,29.799999237060547,31.28499984741211,29.649999618530273,30.299999237060547,30.299999237060547,84800
2019-03-06,30.489999771118164,30.805999755859375,28.6200008392334,29.1200008392334,29.1200008392334,89100
2019-03-07,29.1299991607666,30.360000610351562,29.030000686645508,30.06999969482422,30.06999969482422,53300
2019-03-08,29.829999923706055,30.219999313354492,28.961000442504883,29.899999618530273,29.899999618530273,44500
2019-03-11,29.899999618530273,31.530000686645508,29.899999618530273,30.489999771118164,30.489999771118164,18700
2019-03-12,30.59000015258789,31.420000076293945,30.389999389648438,30.979999542236328,30.979999542236328,68200
2019-03-13,31.329999923706055,31.83099937438965,30.57200050354004,31.239999771118164,31.239999771118164,43500
2019-03-14,31.538999557495117,31.55500030517578,30.0,30.18000030517578,30.18000030517578,47000
2019-03-15,30.34000015258789,30.770000457763672,29.46500015258789,30.049999237060547,30.049999237060547,104400
2019-03-18,30.040000915527344,30.040000915527344,29.010000228881836,29.549999237060547,29.549999237060547,73900
2019-03-19,29.649999618530273,29.93000030517578,28.540000915527344,28.75,28.75,53600
2019-03-20,28.780000686645508,31.389999389648438,28.079999923706055,28.639999389648438,28.639999389648438,46000
2019-03-21,28.649999618530273,29.479999542236328,28.200000762939453,28.34000015258789,28.34000015258789,70700
2019-03-22,28.31999969482422,28.510000228881836,25.940000534057617,26.149999618530273,26.149999618530273,94100
2019-03-25,26.219999313354492,27.190000534057617,26.15999984741211,27.100000381469727,27.100000381469727,30500
2019-03-26,27.309999465942383,27.700000762939453,26.270000457763672,27.670000076293945,27.670000076293945,46300
2019-03-27,27.780000686645508,29.190000534057617,27.690000534057617,28.829999923706055,28.829999923706055,39100
2019-03-28,29.059999465942383,29.209999084472656,27.8700008392334,28.239999771118164,28.239999771118164,39900
2019-03-29,28.25,28.709999084472656,27.260000228881836,27.809999465942383,27.809999465942383,32300
2019-04-01,27.850000381469727,28.799999237060547,27.0,28.40999984741211,28.40999984741211,50200
2019-04-02,28.760000228881836,30.975000381469727,28.760000228881836,30.110000610351562,30.110000610351562,145100
2019-04-03,30.469999313354492,31.065000534057617,30.1299991607666,30.25,30.25,42500
2019-04-04,30.389999389648438,31.639999389648438,30.350000381469727,31.15999984741211,31.15999984741211,85500
2019-04-05,31.0,31.645000457763672,29.219999313354492,30.469999313354492,30.469999313354492,77200
2019-04-08,30.469999313354492,31.0,30.09000015258789,30.729999542236328,30.729999542236328,77700
2019-04-09,30.690000534057617,31.3700008392334,30.361000061035156,30.469999313354492,30.469999313354492,46400
2019-04-10,30.434999465942383,30.940000534057617,29.5,30.190000534057617,30.190000534057617,68300
2019-04-11,30.25,30.325000762939453,29.809999465942383,29.969999313354492,29.969999313354492,15300
2019-04-12,30.209999084472656,30.7189998626709,29.75,30.149999618530273,30.149999618530273,40800
2019-04-15,30.290000915527344,30.739999771118164,29.540000915527344,29.579999923706055,29.579999923706055,78200
2019-04-16,29.920000076293945,30.46500015258789,29.600000381469727,30.25,30.25,33900
2019-04-17,30.280000686645508,30.773000717163086,29.81999969482422,30.209999084472656,30.209999084472656,14400
2019-04-18,30.25,30.423999786376953,29.399999618530273,29.5,29.5,44400
2019-04-22,29.389999389648438,29.489999771118164,27.649999618530273,28.18000030517578,28.18000030517578,124400
2019-04-23,28.34000015258789,29.270000457763672,28.190000534057617,28.90999984741211,28.90999984741211,65200
2019-04-24,29.600000381469727,30.93000030517578,29.200000762939453,30.40999984741211,30.40999984741211,21700
2019-04-25,30.3799991607666,30.3799991607666,29.155000686645508,29.31999969482422,29.31999969482422,30000
2019-04-26,29.81999969482422,30.382999420166016,29.329999923706055,29.6200008392334,29.6200008392334,7900
2019-04-29,29.719999313354492,30.950000762939453,27.219999313354492,30.93000030517578,30.93000030517578,42900
2019-04-30,34.25,40.73899841308594,31.350000381469727,39.39500045776367,39.39500045776367,489600
2019-05-01,39.72999954223633,41.494998931884766,38.560001373291016,41.209999084472656,41.209999084472656,217700
2019-05-02,40.380001068115234,44.849998474121094,40.380001068115234,42.95000076293945,42.95000076293945,347200
2019-05-03,43.34000015258789,46.189998626708984,43.34000015258789,44.349998474121094,44.349998474121094,180900
2019-05-06,43.959999084472656,45.290000915527344,42.599998474121094,43.83000183105469,43.83000183105469,211100
2019-05-07,43.560001373291016,46.790000915527344,43.560001373291016,44.34000015258789,44.34000015258789,222800
2019-05-08,44.880001068115234,46.29999923706055,44.573001861572266,44.959999084472656,44.959999084472656,177300
2019-05-09,45.11000061035156,46.040000915527344,42.599998474121094,42.869998931884766,42.869998931884766,136400
2019-05-10,42.650001525878906,44.14500045776367,42.37699890136719,43.5,43.5,97900
2019-05-13,42.83000183105469,43.0,40.63999938964844,41.4900016784668,41.4900016784668,130200
2019-05-14,41.27000045776367,41.5,39.130001068115234,39.529998779296875,39.529998779296875,225200
2019-05-15,39.25,39.5,38.380001068115234,38.540000915527344,38.540000915527344,200100
2019-05-16,38.66999816894531,39.064998626708984,36.720001220703125,37.40999984741211,37.40999984741211,231700
2019-05-17,37.31999969482422,41.13999938964844,37.31999969482422,40.7400016784668,40.7400016784668,170300
2019-05-20,37.4900016784668,39.279998779296875,35.2400016784668,38.72999954223633,38.72999954223633,380700
2019-05-21,38.2400016784668,38.47999954223633,35.779998779296875,36.06999969482422,36.06999969482422,405600
2019-05-22,36.0,37.65999984741211,36.0,36.15999984741211,36.15999984741211,1481600
2019-05-23,36.0099983215332,36.52000045776367,35.0,36.310001373291016,36.310001373291016,365900
2019-05-24,36.40999984741211,37.150001525878906,35.22999954223633,36.25,36.25,216900
2019-05-28,36.5099983215332,37.45000076293945,36.220001220703125,36.470001220703125,36.470001220703125,84700
2019-05-29,35.90999984741211,36.45000076293945,35.150001525878906,35.709999084472656,35.709999084472656,233100
2019-05-30,35.720001220703125,36.16999816894531,35.630001068115234,35.88999938964844,35.88999938964844,111500
2019-05-31,35.61000061035156,36.099998474121094,34.22999954223633,36.04999923706055,36.04999923706055,103000
2019-06-03,35.970001220703125,36.88999938964844,35.369998931884766,36.439998626708984,36.439998626708984,172600
2019-06-04,36.83000183105469,37.09000015258789,36.38999938964844,36.9900016784668,36.9900016784668,114500
2019-06-05,37.27000045776367,38.11000061035156,36.90999984741211,38.099998474121094,38.099998474121094,149600
2019-06-06,38.099998474121094,39.66999816894531,35.779998779296875,36.220001220703125,36.220001220703125,212200
2019-06-07,36.209999084472656,39.11000061035156,36.0,38.15999984741211,38.15999984741211,324800
2019-06-10,38.119998931884766,40.5,38.119998931884766,39.22999954223633,39.22999954223633,344800
2019-06-11,34.49700164794922,35.34000015258789,29.899999618530273,30.149999618530273,30.149999618530273,1465300
2019-06-12,29.969999313354492,29.969999313354492,27.200000762939453,28.559999465942383,28.559999465942383,617900
2019-06-13,28.530000686645508,30.700000762939453,27.825000762939453,30.510000228881836,30.510000228881836,334000
2019-06-14,30.399999618530273,31.81999969482422,29.940000534057617,30.260000228881836,30.260000228881836,157600
2019-06-17,31.010000228881836,32.459999084472656,30.0,31.950000762939453,31.950000762939453,139000
2019-06-18,32.06999969482422,34.237998962402344,32.060001373291016,33.290000915527344,33.290000915527344,263300
2019-06-19,33.5099983215332,33.5099983215332,30.420000076293945,31.299999237060547,31.299999237060547,322000
2019-06-20,31.260000228881836,31.479999542236328,30.09000015258789,30.600000381469727,30.600000381469727,148500
2019-06-21,30.850000381469727,31.940000534057617,30.117000579833984,31.350000381469727,31.350000381469727,172300
2019-06-24,31.43000030517578,32.52000045776367,30.78499984741211,32.02000045776367,32.02000045776367,188700
2019-06-25,31.93000030517578,32.0,29.700000762939453,29.850000381469727,29.850000381469727,148800
2019-06-26,29.969999313354492,30.040000915527344,28.790000915527344,28.989999771118164,28.989999771118164,142800
2019-06-27,29.079999923706055,29.7549991607666,28.510000228881836,28.940000534057617,28.940000534057617,116700
2019-06-28,29.5,31.260000228881836,29.5,31.06999969482422,31.06999969482422,293700
2019-07-01,31.350000381469727,31.719999313354492,30.420000076293945,31.309999465942383,31.309999465942383,127500
2019-07-02,31.8799991607666,31.8799991607666,29.520000457763672,30.010000228881836,30.010000228881836,160700
2019-07-03,30.079999923706055,30.469999313354492,29.510000228881836,30.360000610351562,30.360000610351562,105800
2019-07-05,30.25,30.25,28.90999984741211,29.1299991607666,29.1299991607666,103000
2019-07-08,29.149999618530273,29.56399917602539,27.889999389648438,28.770000457763672,28.770000457763672,144100
2019-07-09,28.700000762939453,29.190000534057617,27.270000457763672,27.350000381469727,27.350000381469727,285700
2019-07-10,27.600000381469727,28.6200008392334,26.6200008392334,27.09000015258789,27.09000015258789,390900
2019-07-11,26.940000534057617,27.62700080871582,25.920000076293945,26.899999618530273,26.899999618530273,235400
2019-07-12,26.899999618530273,27.402000427246094,26.239999771118164,26.540000915527344,26.540000915527344,95000
2019-07-15,26.270000457763672,27.155000686645508,25.520000457763672,26.020000457763672,26.020000457763672,230000
2019-07-16,26.010000228881836,26.895000457763672,25.280000686645508,25.799999237060547,25.799999237060547,205500
2019-07-17,25.68000030517578,26.364999771118164,25.1299991607666,25.489999771118164,25.489999771118164,333000
2019-07-18,25.479999542236328,25.479999542236328,23.764999389648438,24.170000076293945,24.170000076293945,621500
2019-07-19,24.15999984741211,25.110000610351562,23.790000915527344,23.790000915527344,23.790000915527344,192600
2019-07-22,23.959999084472656,23.959999084472656,22.520000457763672,22.579999923706055,22.579999923706055,299300
2019-07-23,22.520000457763672,23.315000534057617,22.190000534057617,22.739999771118164,22.739999771118164,308100
2019-07-24,22.56999969482422,23.850000381469727,22.2450008392334,23.489999771118164,23.489999771118164,198700
2019-07-25,23.510000228881836,24.329999923706055,21.81999969482422,21.989999771118164,21.989999771118164,150700
2019-07-26,22.059999465942383,22.329999923706055,21.593000411987305,22.110000610351562,22.110000610351562,77900
2019-07-29,22.06999969482422,22.100000381469727,21.020000457763672,21.790000915527344,21.790000915527344,121300
2019-07-30,21.719999313354492,21.760000228881836,20.770000457763672,20.950000762939453,20.950000762939453,91800
2019-07-31,21.040000915527344,21.923999786376953,20.899999618530273,21.440000534057617,21.440000534057617,123300
2019-08-01,21.389999389648438,22.469999313354492,20.349000930786133,20.709999084472656,20.709999084472656,242900
2019-08-02,20.709999084472656,20.71500015258789,19.299999237060547,19.8799991607666,19.8799991607666,220300
2019-08-05,19.579999923706055,20.06999969482422,18.899999618530273,19.940000534057617,19.940000534057617,201900
2019-08-06,20.0,20.149999618530273,19.170000076293945,19.329999923706055,19.329999923706055,283000
2019-08-07,18.899999618530273,19.350000381469727,18.50200080871582,19.030000686645508,19.030000686645508,275400
2019-08-08,18.8700008392334,19.309999465942383,18.25,18.600000381469727,18.600000381469727,268400
2019-08-09,19.0,19.0,17.5,18.510000228881836,18.510000228881836,265000
2019-08-12,18.40999984741211,19.8799991607666,18.309999465942383,19.100000381469727,19.100000381469727,248200
2019-08-13,19.0,20.690000534057617,18.739999771118164,19.979999542236328,19.979999542236328,171000
2019-08-14,19.459999084472656,19.81999969482422,18.56999969482422,18.760000228881836,18.760000228881836,213000
2019-08-15,18.829999923706055,19.540000915527344,18.0,18.020000457763672,18.020000457763672,230200
2019-08-16,18.06999969482422,18.8799991607666,17.559999465942383,18.09000015258789,18.09000015258789,200400
2019-08-19,18.309999465942383,18.450000762939453,17.360000610351562,17.780000686645508,17.780000686645508,232200
2019-08-20,17.799999237060547,19.15999984741211,17.610000610351562,18.760000228881836,18.760000228881836,216100
2019-08-21,18.940000534057617,20.079999923706055,18.43000030517578,18.549999237060547,18.549999237060547,231300
2019-08-22,18.579999923706055,18.950000762939453,18.325000762939453,18.760000228881836,18.760000228881836,166200
2019-08-23,18.639999389648438,18.670000076293945,16.729000091552734,17.06999969482422,17.06999969482422,241600
2019-08-26,17.40999984741211,17.40999984741211,16.639999389648438,16.8700008392334,16.8700008392334,190300
2019-08-27,16.93000030517578,17.190000534057617,16.100000381469727,16.229999542236328,16.229999542236328,116600
2019-08-28,16.030000686645508,16.280000686645508,15.5600004196167,16.25,16.25,105600
2019-08-29,16.34000015258789,16.559999465942383,15.649999618530273,16.059999465942383,16.059999465942383,181600
2019-08-30,16.06999969482422,17.549999237060547,16.06999969482422,17.200000762939453,17.200000762939453,187900
2019-09-03,17.1200008392334,17.229999542236328,16.33099937438965,16.489999771118164,16.489999771118164,221500
2019-09-04,16.280000686645508,16.69499969482422,15.071999549865723,16.34000015258789,16.34000015258789,208300
2019-09-05,16.540000915527344,17.540000915527344,16.280000686645508,17.350000381469727,17.350000381469727,182500
2019-09-06,17.3799991607666,17.979999542236328,17.0,17.270000457763672,17.270000457763672,139000
2019-09-09,17.459999084472656,17.68000030517578,17.020000457763672,17.43000030517578,17.43000030517578,233200
2019-09-10,17.489999771118164,18.8799991607666,17.114999771118164,18.40999984741211,18.40999984741211,297500
2019-09-11,21.850000381469727,23.65999984741211,20.440000534057617,21.309999465942383,21.309999465942383,1915700
2019-09-12,21.969999313354492,22.09000015258789,18.868999481201172,18.969999313354492,18.969999313354492,727700
2019-09-13,18.969999313354492,20.579999923706055,17.760000228881836,20.5,20.5,537500
2019-09-16,20.469999313354492,20.899999618530273,19.850000381469727,20.440000534057617,20.440000534057617,355100
2019-09-17,20.75,20.899999618530273,19.940000534057617,20.440000534057617,20.440000534057617,431100
2019-09-18,20.40999984741211,20.860000610351562,20.030000686645508,20.68000030517578,20.68000030517578,299300
2019-09-19,20.639999389648438,22.100000381469727,20.510000228881836,21.799999237060547,21.799999237060547,576500
2019-09-20,22.110000610351562,22.40999984741211,20.420000076293945,20.65999984741211,20.65999984741211,754300
2019-09-23,20.579999923706055,20.739999771118164,20.0,20.610000610351562,20.610000610351562,241100
2019-09-24,20.610000610351562,20.8700008392334,18.559999465942383,18.780000686645508,18.780000686645508,361600
2019-09-25,18.809999465942383,19.209999084472656,17.920000076293945,18.100000381469727,18.100000381469727,272700
2019-09-26,18.0,18.299999237060547,16.8700008392334,18.1299991607666,18.1299991607666,404300
2019-09-27,18.1200008392334,18.780000686645508,17.260000228881836,18.420000076293945,18.420000076293945,212300
2019-09-30,18.440000534057617,19.100000381469727,18.049999237060547,18.670000076293945,18.670000076293945,285600
2019-10-01,18.709999084472656,19.010000228881836,17.719999313354492,18.0,18.0,257900
2019-10-02,17.889999389648438,18.690000534057617,16.040000915527344,16.809999465942383,16.809999465942383,343000
2019-10-03,16.719999313354492,16.719999313354492,15.550000190734863,16.200000762939453,16.200000762939453,406100
2019-10-04,16.18000030517578,17.049999237060547,15.350000381469727,16.834999084472656,16.834999084472656,326600
2019-10-07,16.760000228881836,17.899999618530273,16.229999542236328,17.479999542236328,17.479999542236328,291500
2019-10-08,17.219999313354492,17.7189998626709,16.665000915527344,16.81999969482422,16.81999969482422,312500
2019-10-09,17.010000228881836,17.1299991607666,16.040000915527344,16.350000381469727,16.350000381469727,163800
2019-10-10,16.420000076293945,16.809999465942383,16.110000610351562,16.40999984741211,16.40999984741211,260300
2019-10-11,16.579999923706055,17.889999389648438,16.579999923706055,17.520000457763672,17.520000457763672,427800
2019-10-14,17.450000762939453,17.549999237060547,17.100000381469727,17.530000686645508,17.530000686645508,128100
2019-10-15,17.510000228881836,18.16900062561035,17.399999618530273,17.84000015258789,17.84000015258789,132600
2019-10-16,17.780000686645508,18.8799991607666,17.110000610351562,18.459999084472656,18.459999084472656,157500
2019-10-17,18.649999618530273,19.139999389648438,18.325000762939453,19.1200008392334,19.1200008392334,185300
2019-10-18,19.030000686645508,20.110000610351562,18.8700008392334,19.329999923706055,19.329999923706055,213700
2019-10-21,19.399999618530273,19.969999313354492,19.018999099731445,19.399999618530273,19.399999618530273,195700
2019-10-22,19.43000030517578,20.17099952697754,19.09000015258789,19.8799991607666,19.8799991607666,402900
2019-10-23,19.84000015258789,20.030000686645508,18.920000076293945,19.899999618530273,19.899999618530273,185000
2019-10-24,19.889999389648438,20.110000610351562,19.260000228881836,20.0049991607666,20.0049991607666,390000
2019-10-25,19.950000762939453,20.1200008392334,18.510000228881836,18.81999969482422,18.81999969482422,332500
2019-10-28,18.93000030517578,19.690000534057617,18.600000381469727,18.68000030517578,18.68000030517578,213500
2019-10-29,18.68000030517578,18.80500030517578,17.860000610351562,18.579999923706055,18.579999923706055,172100
2019-10-30,18.610000610351562,18.610000610351562,16.780000686645508,17.68000030517578,17.68000030517578,258700
2019-10-31,17.6200008392334,17.649999618530273,15.789999961853027,16.329999923706055,16.329999923706055,414500
2019-11-01,16.43000030517578,16.559999465942383,15.710000038146973,16.1299991607666,16.1299991607666,320800
2019-11-04,16.3799991607666,16.850000381469727,16.229999542236328,16.3799991607666,16.3799991607666,195100
2019-11-05,16.540000915527344,17.170000076293945,16.34000015258789,16.920000076293945,16.920000076293945,266700
2019-11-06,16.920000076293945,16.920000076293945,13.699999809265137,13.859999656677246,13.859999656677246,742300
2019-11-07,13.970000267028809,15.100000381469727,13.970000267028809,14.239999771118164,14.239999771118164,296000
2019-11-08,14.15999984741211,15.0,14.0,14.979999542236328,14.979999542236328,392800
2019-11-11,14.850000381469727,15.220000267028809,13.960000038146973,14.270000457763672,14.270000457763672,302600
2019-11-12,14.180000305175781,14.354999542236328,13.90999984741211,14.039999961853027,14.039999961853027,205700
2019-11-13,14.010000228881836,14.130000114440918,13.65999984741211,13.720000267028809,13.720000267028809,218400
2019-11-14,13.680000305175781,14.008000373840332,13.180000305175781,13.25,13.25,286900
2019-11-15,13.40999984741211,13.989999771118164,13.109999656677246,13.829999923706055,13.829999923706055,219500
2019-11-18,13.970000267028809,14.3100004196167,13.760000228881836,14.199999809265137,14.199999809265137,266600
2019-11-19,14.300000190734863,14.819999694824219,13.295000076293945,13.609999656677246,13.609999656677246,388600
2019-11-20,13.5,14.24899959564209,13.319999694824219,13.914999961853027,13.914999961853027,370800
2019-11-21,13.920000076293945,14.0600004196167,13.289999961853027,13.90999984741211,13.90999984741211,237100
2019-11-22,14.0,14.100000381469727,13.586000442504883,14.010000228881836,14.010000228881836,315000
2019-11-25,14.0600004196167,14.75,13.845000267028809,14.59000015258789,14.59000015258789,318600
2019-11-26,14.699999809265137,15.399999618530273,14.630000114440918,15.0600004196167,15.0600004196167,296300
2019-11-27,15.25,15.5,14.319999694824219,14.880000114440918,14.880000114440918,231500
2019-11-29,14.829999923706055,15.390000343322754,14.609999656677246,15.260000228881836,15.260000228881836,93800
2019-12-02,15.300000190734863,15.5600004196167,14.15999984741211,14.75,14.75,271800
2019-12-03,14.489999771118164,14.876999855041504,14.244999885559082,14.680000305175781,14.680000305175781,219500
2019-12-04,14.949999809265137,15.0600004196167,14.220000267028809,14.585000038146973,14.585000038146973,336000
2019-12-05,14.729999542236328,15.260000228881836,14.529999732971191,15.079999923706055,15.079999923706055,211900
2019-12-06,15.079999923706055,15.34000015258789,14.699999809265137,14.960000038146973,14.960000038146973,243100
2019-12-09,14.979999542236328,15.135000228881836,14.430000305175781,14.630000114440918,14.630000114440918,314100
2019-12-10,14.850000381469727,14.979999542236328,14.239999771118164,14.399999618530273,14.399999618530273,340200
2019-12-11,14.59000015258789,14.89900016784668,14.010000228881836,14.5,14.5,390700
2019-12-12,12.729999542236328,13.460000038146973,11.380000114440918,11.8100004196167,11.8100004196167,2190500
2019-12-13,11.720000267028809,11.739999771118164,10.329999923706055,10.739999771118164,10.739999771118164,1693500
2019-12-16,11.020000457763672,11.600000381469727,10.854999542236328,11.050000190734863,11.050000190734863,803000
2019-12-17,11.100000381469727,12.619999885559082,10.90999984741211,12.539999961853027,12.539999961853027,797300
2019-12-18,12.6899995803833,13.84000015258789,12.630000114440918,13.819999694824219,13.819999694824219,713300
2019-12-19,13.989999771118164,14.399999618530273,13.503000259399414,13.829999923706055,13.829999923706055,980200
2019-12-20,13.920000076293945,13.944999694824219,13.095000267028809,13.369999885559082,13.369999885559082,617000
2019-12-23,13.4399995803833,14.25,13.130000114440918,14.079999923706055,14.079999923706055,996700
2019-12-24,14.5,14.788000106811523,14.220000267028809,14.619999885559082,14.619999885559082,342700
2019-12-26,14.720000267028809,14.770000457763672,13.949999809265137,14.390000343322754,14.390000343322754,333800
2019-12-27,14.9399995803833,15.029999732971191,14.520000457763672,14.829999923706055,14.829999923706055,379900
2019-12-30,14.8100004196167,15.289999961853027,14.449999809265137,14.729999542236328,14.729999542236328,375000
2019-12-31,15.149999618530273,16.200000762939453,14.850000381469727,16.049999237060547,16.049999237060547,752600
2020-01-02,16.25,16.479999542236328,15.0,15.164999961853027,15.164999961853027,533600
2020-01-03,15.010000228881836,15.484999656677246,14.75,15.34000015258789,15.34000015258789,375000
2020-01-06,15.229999542236328,15.989999771118164,14.930000305175781,15.569999694824219,15.569999694824219,427400
2020-01-07,15.5600004196167,15.664999961853027,14.069999694824219,14.220000267028809,14.220000267028809,376500
2020-01-08,14.210000038146973,14.84000015258789,13.800000190734863,14.600000381469727,14.600000381469727,404300
2020-01-09,14.640000343322754,14.960000038146973,14.119999885559082,14.649999618530273,14.649999618530273,262200
2020-01-10,14.640000343322754,14.979999542236328,14.229999542236328,14.40999984741211,14.40999984741211,236800
2020-01-13,13.829999923706055,14.597000122070312,12.5,12.930000305175781,12.930000305175781,782900
2020-01-14,12.829999923706055,12.930000305175781,12.1899995803833,12.729999542236328,12.729999542236328,476600
2020-01-15,12.619999885559082,13.0,12.609999656677246,12.739999771118164,12.739999771118164,235400
2020-01-16,13.119999885559082,13.949999809265137,13.0,13.770000457763672,13.770000457763672,411000
2020-01-17,13.859999656677246,13.947999954223633,12.720000267028809,12.75,12.75,308600
2020-01-21,12.699999809265137,13.600000381469727,12.5,13.550000190734863,13.550000190734863,302400
2020-01-22,13.539999961853027,13.710000038146973,12.850000381469727,13.510000228881836,13.510000228881836,197400
2020-01-23,13.359999656677246,14.0,13.359999656677246,13.670000076293945,13.670000076293945,218200
2020-01-24,13.970000267028809,13.989999771118164,12.949999809265137,13.0600004196167,13.0600004196167,162700
2020-01-27,12.75,13.050000190734863,12.5,12.609999656677246,12.609999656677246,242800
2020-01-28,12.729999542236328,13.220000267028809,12.529999732971191,12.90999984741211,12.90999984741211,141000
2020-01-29,12.9399995803833,13.09000015258789,12.210000038146973,12.430000305175781,12.430000305175781,165000
2020-01-30,12.279999732971191,12.34000015258789,11.640000343322754,11.949999809265137,11.949999809265137,239900
2020-01-31,11.90999984741211,11.90999984741211,11.0600004196167,11.350000381469727,11.350000381469727,309600
2020-02-03,11.520000457763672,11.71500015258789,11.050000190734863,11.119999885559082,11.119999885559082,189900
2020-02-04,11.34000015258789,11.640000343322754,10.859999656677246,11.199999809265137,11.199999809265137,257900
2020-02-05,11.229999542236328,11.33899974822998,10.529999732971191,11.220000267028809,11.220000267028809,256000
2020-02-06,11.260000228881836,11.38599967956543,10.899999618530273,10.949999809265137,10.949999809265137,204400
2020-02-07,10.880000114440918,11.260000228881836,10.600000381469727,10.770000457763672,10.770000457763672,177500
2020-02-10,10.739999771118164,10.90999984741211,10.300000190734863,10.359999656677246,10.359999656677246,316800
2020-02-11,10.5,11.100000381469727,10.25,10.649999618530273,10.649999618530273,249600
2020-02-12,10.75,10.84000015258789,10.449999809265137,10.539999961853027,10.539999961853027,196600
2020-02-13,10.5,10.770000457763672,10.380000114440918,10.75,10.75,185200
2020-02-14,10.699999809265137,11.08899974822998,10.5,10.9399995803833,10.9399995803833,210800
2020-02-18,10.9399995803833,11.569999694824219,10.899999618530273,11.300000190734863,11.300000190734863,260700
2020-02-19,11.34000015258789,11.529999732971191,10.890000343322754,10.930000305175781,10.930000305175781,251500
2020-02-20,10.930000305175781,11.479999542236328,10.8100004196167,11.40999984741211,11.40999984741211,170900
2020-02-21,11.319999694824219,11.423999786376953,10.829999923706055,10.949999809265137,10.949999809265137,190200
2020-02-24,10.3100004196167,10.579999923706055,10.100000381469727,10.15999984741211,10.15999984741211,176500
2020-02-25,10.229999542236328,10.300999641418457,8.819999694824219,8.859999656677246,8.859999656677246,458600
2020-02-26,9.0,9.244999885559082,7.784999847412109,7.860000133514404,7.860000133514404,624800
2020-02-27,7.869999885559082,8.279999732971191,7.5,7.900000095367432,7.900000095367432,448500
2020-02-28,7.510000228881836,9.529999732971191,7.377999782562256,8.6899995803833,8.6899995803833,408000
2020-03-02,8.930000305175781,8.930000305175781,8.064000129699707,8.869999885559082,8.869999885559082,281900
2020-03-03,8.949999809265137,9.194999694824219,8.34000015258789,8.619999885559082,8.619999885559082,205800
2020-03-04,8.779999732971191,9.6899995803833,8.569999694824219,9.640000343322754,9.640000343322754,142400
2020-03-05,9.350000381469727,9.579999923706055,8.470000267028809,8.699999809265137,8.699999809265137,244500
2020-03-06,8.329999923706055,10.170000076293945,8.3100004196167,9.010000228881836,9.010000228881836,281400
2020-03-09,8.390000343322754,8.600000381469727,7.869999885559082,8.170000076293945,8.170000076293945,201600
2020-03-10,8.609999656677246,8.609999656677246,7.460000038146973,8.359999656677246,8.359999656677246,213200
2020-03-11,8.15999984741211,8.15999984741211,7.269999980926514,7.329999923706055,7.329999923706055,203200
2020-03-12,6.590000152587891,6.75,5.75,5.769999980926514,5.769999980926514,295300
2020-03-13,6.199999809265137,6.349999904632568,5.550000190734863,6.190000057220459,6.190000057220459,222700
2020-03-16,5.739999771118164,6.099999904632568,4.199999809265137,4.480000019073486,4.480000019073486,374000
2020-03-17,4.630000114440918,5.269999980926514,4.184999942779541,4.5,4.5,638200
2020-03-18,4.550000190734863,4.775000095367432,4.039999961853027,4.550000190734863,4.550000190734863,191400
2020-03-19,4.650000095367432,7.03000020980835,4.409999847412109,6.550000190734863,6.550000190734863,515100
2020-03-20,6.619999885559082,6.869999885559082,5.829999923706055,6.110000133514404,6.110000133514404,297400
2020-03-23,6.269999980926514,6.630000114440918,5.860000133514404,6.130000114440918,6.130000114440918,316700
2020-03-24,6.460000038146973,7.019999980926514,6.150000095367432,6.989999771118164,6.989999771118164,260600
2020-03-25,7.130000114440918,7.449999809265137,6.53000020980835,7.099999904632568,7.099999904632568,227600
2020-03-26,7.179999828338623,7.829999923706055,6.550000190734863,6.800000190734863,6.800000190734863,256300
2020-03-27,6.599999904632568,6.876999855041504,6.010000228881836,6.699999809265137,6.699999809265137,213500
2020-03-30,6.800000190734863,7.190000057220459,6.010000228881836,6.380000114440918,6.380000114440918,209000
2020-03-31,6.369999885559082,6.690000057220459,5.820000171661377,5.829999923706055,5.829999923706055,175100
2020-04-01,5.619999885559082,5.820000171661377,4.559999942779541,4.570000171661377,4.570000171661377,176200
2020-04-02,4.610000133514404,4.71999979019165,3.994999885559082,4.289999961853027,4.289999961853027,330100
2020-04-03,4.320000171661377,4.579999923706055,4.079999923706055,4.210000038146973,4.210000038146973,237600
2020-04-06,4.380000114440918,4.550000190734863,4.099999904632568,4.170000076293945,4.170000076293945,254900
2020-04-07,4.420000076293945,4.550000190734863,4.110000133514404,4.139999866485596,4.139999866485596,397200
2020-04-08,4.179999828338623,4.590000152587891,4.119999885559082,4.570000171661377,4.570000171661377,399200
2020-04-09,4.739999771118164,6.349999904632568,4.670000076293945,5.760000228881836,5.760000228881836,698700
2020-04-13,5.789999961853027,5.929999828338623,5.400000095367432,5.670000076293945,5.670000076293945,347300
2020-04-14,5.860000133514404,6.730000019073486,5.804999828338623,6.46999979019165,6.46999979019165,404900
2020-04-15,6.389999866485596,6.389999866485596,5.75,5.900000095367432,5.900000095367432,217700
2020-04-16,8.5,8.5,6.75,7.510000228881836,7.510000228881836,1525500
2020-04-17,8.829999923706055,10.869999885559082,8.336999893188477,10.149999618530273,10.149999618530273,3348800
2020-04-20,9.789999961853027,11.187000274658203,9.609999656677246,10.949999809265137,10.949999809265137,1198700
2020-04-21,10.640000343322754,11.100000381469727,10.260000228881836,11.039999961853027,11.039999961853027,584300
2020-04-22,11.430000305175781,12.300999641418457,11.0600004196167,11.40999984741211,11.40999984741211,805300
2020-04-23,11.449999809265137,11.449999809265137,10.0,10.210000038146973,10.210000038146973,436700
2020-04-24,10.199999809265137,11.649999618530273,10.170000076293945,11.25,11.25,364300
2020-04-27,11.630000114440918,11.899999618530273,11.109999656677246,11.1899995803833,11.1899995803833,299500
2020-04-28,11.539999961853027,11.649999618530273,10.600000381469727,11.3100004196167,11.3100004196167,554800
2020-04-29,11.960000038146973,14.4399995803833,11.899999618530273,13.529999732971191,13.529999732971191,1068700
2020-04-30,13.109999656677246,13.520000457763672,11.770000457763672,11.930000305175781,11.930000305175781,556100
2020-05-01,11.59000015258789,12.109999656677246,11.170000076293945,12.029999732971191,12.029999732971191,388400
2020-05-04,12.15999984741211,12.6899995803833,11.649999618530273,12.609999656677246,12.609999656677246,405000
2020-05-05,12.869999885559082,13.800000190734863,12.84000015258789,13.1899995803833,13.1899995803833,267800
2020-05-06,13.15999984741211,13.416999816894531,12.140000343322754,12.300000190734863,12.300000190734863,242800
2020-05-07,12.710000038146973,12.949999809265137,12.25,12.640000343322754,12.640000343322754,209000
2020-05-08,12.850000381469727,13.960000038146973,12.5,13.6899995803833,13.6899995803833,335000
2020-05-11,13.600000381469727,16.739999771118164,13.010000228881836,16.440000534057617,16.440000534057617,747200
2020-05-12,16.549999237060547,18.0,15.119999885559082,15.279999732971191,15.279999732971191,558500
2020-05-13,15.0,15.149999618530273,13.069999694824219,14.109999656677246,14.109999656677246,468200
2020-05-14,13.670000076293945,14.699999809265137,12.609999656677246,14.210000038146973,14.210000038146973,423700
2020-05-15,14.079999923706055,14.5,13.510000228881836,13.779999732971191,13.779999732971191,349300
2020-05-18,14.5,14.970000267028809,13.779999732971191,14.529999732971191,14.529999732971191,500300
2020-05-19,14.329999923706055,15.0,13.550000190734863,13.65999984741211,13.65999984741211,295500
2020-05-20,14.0600004196167,14.270000457763672,13.149999618530273,13.680000305175781,13.680000305175781,207200
2020-05-21,13.699999809265137,14.1899995803833,13.399999618530273,13.720000267028809,13.720000267028809,285400
2020-05-22,13.75,13.850000381469727,12.520000457763672,13.8100004196167,13.8100004196167,419400
2020-05-26,14.399999618530273,16.25,14.270000457763672,15.579999923706055,15.579999923706055,527400
2020-05-27,15.949999809265137,16.18000030517578,14.491000175476074,15.899999618530273,15.899999618530273,219500
2020-05-28,15.960000038146973,17.75,15.15999984741211,17.190000534057617,17.190000534057617,420000
2020-05-29,17.190000534057617,18.75,17.030000686645508,18.309999465942383,18.309999465942383,582100
2020-06-01,18.34000015258789,21.0,18.149999618530273,20.709999084472656,20.709999084472656,615500
2020-06-02,21.6299991607666,22.729999542236328,16.850000381469727,17.280000686645508,17.280000686645508,1715000
2020-06-03,18.0,18.94499969482422,17.450000762939453,17.649999618530273,17.649999618530273,420800
2020-06-04,18.0,18.139999389648438,16.030000686645508,16.959999084472656,16.959999084472656,850800
2020-06-05,17.440000534057617,18.549999237060547,17.1299991607666,17.84000015258789,17.84000015258789,497300
2020-06-08,18.360000610351562,20.469999313354492,17.246999740600586,19.75,19.75,631000
2020-06-09,20.8799991607666,29.739999771118164,20.049999237060547,22.420000076293945,22.420000076293945,5342800
2020-06-10,22.8700008392334,23.459999084472656,21.079999923706055,21.31999969482422,21.31999969482422,1035300
2020-06-11,19.93000030517578,22.75,19.299999237060547,20.790000915527344,20.790000915527344,904400
2020-06-12,21.860000610351562,22.079999923706055,18.8799991607666,20.700000762939453,20.700000762939453,496600
2020-06-15,19.6200008392334,23.8799991607666,19.239999771118164,23.25,23.25,718800
2020-06-16,24.6200008392334,26.0,23.350000381469727,23.8799991607666,23.8799991607666,751200
2020-06-17,23.170000076293945,24.43000030517578,22.479999542236328,22.84000015258789,22.84000015258789,603900
2020-06-18,22.639999389648438,25.329999923706055,22.639999389648438,25.020000457763672,25.020000457763672,581100
2020-06-19,25.3700008392334,25.530000686645508,23.90999984741211,24.59000015258789,24.59000015258789,442600
2020-06-22,24.43000030517578,27.010000228881836,24.371000289916992,26.0,26.0,463100
2020-06-23,26.260000228881836,26.8700008392334,25.3700008392334,26.8700008392334,26.8700008392334,389400
2020-06-24,26.719999313354492,27.40999984741211,24.5,26.0049991607666,26.0049991607666,482300
2020-06-25,25.84000015258789,28.09000015258789,25.270000457763672,27.100000381469727,27.100000381469727,520500
2020-06-26,27.299999237060547,27.649999618530273,26.170000076293945,26.579999923706055,26.579999923706055,494000
2020-06-29,26.790000915527344,28.25,26.184999465942383,27.530000686645508,27.530000686645508,383600
2020-06-30,27.280000686645508,27.920000076293945,25.889999389648438,26.229999542236328,26.229999542236328,400700
2020-07-01,26.100000381469727,27.100000381469727,24.209999084472656,26.520000457763672,26.520000457763672,684700
2020-07-02,27.100000381469727,28.0,26.1200008392334,26.649999618530273,26.649999618530273,310500
2020-07-06,27.049999237060547,28.899999618530273,27.049999237060547,28.799999237060547,28.799999237060547,287900
2020-07-07,28.479999542236328,28.899999618530273,27.6299991607666,27.739999771118164,27.739999771118164,302000
2020-07-08,27.5,28.68000030517578,27.100000381469727,27.969999313354492,27.969999313354492,226200
2020-07-09,28.020000457763672,28.503000259399414,26.350000381469727,26.84000015258789,26.84000015258789,567100
2020-07-10,26.809999465942383,27.719999313354492,25.760000228881836,27.309999465942383,27.309999465942383,238600
2020-07-13,27.6299991607666,27.6299991607666,24.020000457763672,24.190000534057617,24.190000534057617,413700
2020-07-14,24.020000457763672,25.90999984741211,23.639999389648438,25.719999313354492,25.719999313354492,249100
2020-07-15,26.510000228881836,26.899999618530273,25.1200008392334,26.079999923706055,26.079999923706055,324100
2020-07-16,25.709999084472656,26.709999084472656,25.420000076293945,26.3799991607666,26.3799991607666,251900
2020-07-17,26.719999313354492,26.950000762939453,25.899999618530273,26.40999984741211,26.40999984741211,246500
2020-07-20,26.280000686645508,26.709999084472656,25.709999084472656,26.549999237060547,26.549999237060547,318000
2020-07-21,26.719999313354492,29.187999725341797,26.524999618530273,28.760000228881836,28.760000228881836,424600
2020-07-22,28.93000030517578,32.0,28.760000228881836,30.40999984741211,30.40999984741211,1138000
2020-07-23,31.0,31.298999786376953,28.729999542236328,29.40999984741211,29.40999984741211,554700
2020-07-24,28.969999313354492,29.31999969482422,27.6299991607666,28.719999313354492,28.719999313354492,221400
2020-07-27,29.06999969482422,31.0,28.920000076293945,31.0,31.0,279900
2020-07-28,30.889999389648438,31.420000076293945,29.200000762939453,29.440000534057617,29.440000534057617,319100
2020-07-29,29.5,30.93000030517578,29.5,30.649999618530273,30.649999618530273,267500
2020-07-30,30.040000915527344,32.349998474121094,30.040000915527344,31.959999084472656,31.959999084472656,326100
2020-07-31,32.29999923706055,32.650001525878906,30.329999923706055,31.780000686645508,31.780000686645508,248700
2020-08-03,31.860000610351562,32.97999954223633,31.520000457763672,32.970001220703125,32.970001220703125,262000
2020-08-04,32.93000030517578,34.599998474121094,32.93000030517578,34.34000015258789,34.34000015258789,453500
2020-08-05,34.56999969482422,36.86000061035156,34.470001220703125,36.47999954223633,36.47999954223633,465900
2020-08-06,36.380001068115234,36.5,33.369998931884766,33.83000183105469,33.83000183105469,396900
2020-08-07,33.90999984741211,34.81999969482422,33.54999923706055,33.779998779296875,33.779998779296875,198100
2020-08-10,33.86000061035156,34.439998626708984,31.209999084472656,32.40999984741211,32.40999984741211,355500
2020-08-11,32.45000076293945,32.91400146484375,30.56999969482422,30.84000015258789,30.84000015258789,480600
2020-08-12,31.100000381469727,31.399999618530273,29.600000381469727,30.6200008392334,30.6200008392334,290200
2020-08-13,30.700000762939453,32.31700134277344,30.260000228881836,31.729999542236328,31.729999542236328,263300
2020-08-14,31.540000915527344,31.729999542236328,28.809999465942383,28.989999771118164,28.989999771118164,252200
2020-08-17,29.360000610351562,30.440000534057617,28.70400047302246,30.239999771118164,30.239999771118164,251800
2020-08-18,30.31999969482422,30.610000610351562,29.59000015258789,30.0,30.0,128700
2020-08-19,30.049999237060547,30.530000686645508,28.885000228881836,29.059999465942383,29.059999465942383,137000
2020-08-20,28.649999618530273,29.969999313354492,28.649999618530273,29.709999084472656,29.709999084472656,189800
2020-08-21,29.59000015258789,30.790000915527344,29.06999969482422,30.530000686645508,30.530000686645508,202900
2020-08-24,30.729999542236328,31.249000549316406,29.6299991607666,30.1200008392334,30.1200008392334,351600
2020-08-25,29.940000534057617,29.94499969482422,27.8700008392334,28.079999923706055,28.079999923706055,357900
2020-08-26,28.079999923706055,29.309999465942383,26.7549991607666,27.229999542236328,27.229999542236328,415200
2020-08-27,27.25,27.34000015258789,25.530000686645508,26.229999542236328,26.229999542236328,473600
2020-08-28,26.309999465942383,27.190000534057617,25.729999542236328,25.959999084472656,25.959999084472656,296300
2020-08-31,26.149999618530273,26.84000015258789,25.229999542236328,26.469999313354492,26.469999313354492,390400
2020-09-01,26.549999237060547,28.0,26.474000930786133,27.8799991607666,27.8799991607666,219100
2020-09-02,28.940000534057617,30.809999465942383,27.09000015258789,30.360000610351562,30.360000610351562,705300
2020-09-03,30.09000015258789,32.34000015258789,29.049999237060547,29.950000762939453,29.950000762939453,644900
2020-09-04,29.940000534057617,30.239999771118164,27.739999771118164,29.440000534057617,29.440000534057617,361500
2020-09-08,29.18000030517578,32.20000076293945,28.520000457763672,30.920000076293945,30.920000076293945,624500
2020-09-09,30.010000228881836,30.28499984741211,26.0,26.110000610351562,26.110000610351562,1119400
2020-09-10,27.0,28.6200008392334,26.795000076293945,28.0,28.0,662700
2020-09-11,29.209999084472656,29.639999389648438,25.979999542236328,26.43000030517578,26.43000030517578,523700
2020-09-14,27.239999771118164,27.81999969482422,26.530000686645508,27.3700008392334,27.3700008392334,352000
2020-09-15,27.6299991607666,28.700000762939453,27.219999313354492,27.56999969482422,27.56999969482422,250700
2020-09-16,27.790000915527344,28.149999618530273,26.700000762939453,26.729999542236328,26.729999542236328,179200
2020-09-17,26.5,26.5,24.5,24.600000381469727,24.600000381469727,426300
2020-09-18,25.0,25.290000915527344,23.040000915527344,23.610000610351562,23.610000610351562,408100
2020-09-21,22.739999771118164,24.049999237060547,22.639999389648438,23.84000015258789,23.84000015258789,482800
2020-09-22,24.059999465942383,24.40999984741211,22.809999465942383,23.90999984741211,23.90999984741211,273100
2020-09-23,23.850000381469727,25.15999984741211,23.600000381469727,23.850000381469727,23.850000381469727,271900
2020-09-24,23.690000534057617,24.690000534057617,22.639999389648438,24.68000030517578,24.68000030517578,449300
2020-09-25,24.670000076293945,25.600000381469727,24.3700008392334,25.299999237060547,25.299999237060547,345600
2020-09-28,25.739999771118164,27.06999969482422,25.440000534057617,25.979999542236328,25.979999542236328,232200
2020-09-29,26.170000076293945,27.139999389648438,26.170000076293945,26.549999237060547,26.549999237060547,184300
2020-09-30,26.649999618530273,27.80900001525879,26.591999053955078,27.709999084472656,27.709999084472656,378700
2020-10-01,28.25,30.469999313354492,28.114999771118164,29.739999771118164,29.739999771118164,452400
2020-10-02,28.81999969482422,29.739999771118164,28.65999984741211,29.170000076293945,29.170000076293945,233500
2020-10-05,29.329999923706055,29.940000534057617,28.239999771118164,29.790000915527344,29.790000915527344,149600
2020-10-06,30.1200008392334,31.273000717163086,29.219999313354492,29.889999389648438,29.889999389648438,211200
2020-10-07,30.389999389648438,32.43000030517578,30.090999603271484,32.2599983215332,32.2599983215332,238700
2020-10-08,33.0,33.5,31.35700035095215,32.709999084472656,32.709999084472656,180100
2020-10-09,33.0,34.65999984741211,32.965999603271484,34.0,34.0,194300
2020-10-12,34.5,35.380001068115234,33.810001373291016,34.36000061035156,34.36000061035156,189200
2020-10-13,34.369998931884766,36.18000030517578,33.970001220703125,35.869998931884766,35.869998931884766,229600
2020-10-14,36.34000015258789,37.93000030517578,34.91999816894531,35.0,35.0,231800
2020-10-15,34.310001373291016,35.4900016784668,33.75,35.38999938964844,35.38999938964844,226600
2020-10-16,35.900001525878906,37.5,34.439998626708984,34.599998474121094,34.599998474121094,369500
2020-10-19,34.70000076293945,35.944000244140625,33.650001525878906,33.88999938964844,33.88999938964844,153600
2020-10-20,33.810001373291016,33.83000183105469,32.82899856567383,33.05500030517578,33.05500030517578,183600
2020-10-21,32.93000030517578,33.68000030517578,32.11000061035156,32.189998626708984,32.189998626708984,203500
2020-10-22,32.20000076293945,32.9900016784668,31.989999771118164,32.41999816894531,32.41999816894531,180700
2020-10-23,32.70000076293945,33.119998931884766,31.290000915527344,32.0,32.0,201000
2020-10-26,31.559999465942383,32.7400016784668,29.989999771118164,30.079999923706055,30.079999923706055,238700
2020-10-27,30.290000915527344,32.012001037597656,29.149999618530273,29.510000228881836,29.510000228881836,194100
2020-10-28,29.030000686645508,30.1299991607666,28.40999984741211,29.030000686645508,29.030000686645508,121000
2020-10-29,29.139999389648438,29.899999618530273,27.690000534057617,27.809999465942383,27.809999465942383,142000
2020-10-30,27.649999618530273,28.094999313354492,25.299999237060547,25.739999771118164,25.739999771118164,248500
2020-11-02,26.040000915527344,26.125999450683594,23.719999313354492,24.360000610351562,24.360000610351562,259600
2020-11-03,24.6299991607666,25.59000015258789,23.850000381469727,24.969999313354492,24.969999313354492,306400
2020-11-04,24.979999542236328,25.5,23.950000762939453,24.31999969482422,24.31999969482422,234200
2020-11-05,24.690000534057617,26.75,24.625,26.530000686645508,26.530000686645508,266600
2020-11-06,26.530000686645508,26.799999237060547,25.0,25.299999237060547,25.299999237060547,299900
2020-11-09,26.520000457763672,26.520000457763672,23.649999618530273,23.75,23.75,306400
2020-11-10,24.1299991607666,24.8799991607666,22.889999389648438,24.809999465942383,24.809999465942383,258000
2020-11-11,25.260000228881836,25.760000228881836,24.309999465942383,24.989999771118164,24.989999771118164,308200
2020-11-12,25.690000534057617,27.121000289916992,25.0,27.100000381469727,27.100000381469727,524400
2020-11-13,27.25,28.420000076293945,25.360000610351562,26.649999618530273,26.649999618530273,380100
2020-11-16,26.790000915527344,27.40999984741211,25.43000030517578,25.770000457763672,25.770000457763672,215700
2020-11-17,25.93000030517578,27.350000381469727,24.65999984741211,27.010000228881836,27.010000228881836,270200
2020-11-18,27.049999237060547,28.1200008392334,27.049999237060547,27.510000228881836,27.510000228881836,184300
2020-11-19,27.75,30.65999984741211,27.68899917602539,29.059999465942383,29.059999465942383,337700
2020-11-20,29.270000457763672,30.979999542236328,29.049999237060547,29.440000534057617,29.440000534057617,187900
2020-11-23,29.579999923706055,30.389999389648438,28.81999969482422,29.559999465942383,29.559999465942383,211800
2020-11-24,29.510000228881836,30.43000030517578,29.18000030517578,30.229999542236328,30.229999542236328,157400
2020-11-25,30.329999923706055,31.8700008392334,29.892000198364258,31.200000762939453,31.200000762939453,233500
2020-11-27,31.170000076293945,32.290000915527344,31.145000457763672,32.11000061035156,32.11000061035156,100200
2020-11-30,32.560001373291016,33.47999954223633,30.420000076293945,31.8799991607666,31.8799991607666,607000
2020-12-01,32.2599983215332,32.2599983215332,28.520000457763672,31.729999542236328,31.729999542236328,383000
2020-12-02,31.739999771118164,32.79499816894531,31.049999237060547,31.239999771118164,31.239999771118164,230500
2020-12-03,31.59000015258789,32.849998474121094,31.459999084472656,32.0099983215332,32.0099983215332,217600
2020-12-04,32.0099983215332,34.06999969482422,32.0099983215332,33.9900016784668,33.9900016784668,222500
2020-12-07,34.040000915527344,34.470001220703125,31.90999984741211,32.79999923706055,32.79999923706055,258200
2020-12-08,32.79999923706055,33.882999420166016,32.09000015258789,33.810001373291016,33.810001373291016,400900
2020-12-09,37.970001220703125,40.5,36.72999954223633,40.40999984741211,40.40999984741211,2306700
2020-12-10,39.70000076293945,41.290000915527344,39.0099983215332,40.7400016784668,40.7400016784668,1073000
2020-12-11,40.7400016784668,42.2599983215332,38.11000061035156,38.689998626708984,38.689998626708984,500200
2020-12-14,38.7599983215332,39.617000579833984,36.54499816894531,36.869998931884766,36.869998931884766,369400
2020-12-15,37.099998474121094,41.34000015258789,36.119998931884766,39.599998474121094,39.599998474121094,745700
2020-12-16,39.970001220703125,40.7400016784668,37.77299880981445,40.56999969482422,40.56999969482422,382900
2020-12-17,40.58000183105469,43.91999816894531,39.459999084472656,40.400001525878906,40.400001525878906,497300
2020-12-18,40.0,41.45000076293945,39.52000045776367,40.75,40.75,376500
2020-12-21,40.66999816894531,44.900001525878906,40.08000183105469,42.290000915527344,42.290000915527344,574700
2020-12-22,43.40999984741211,45.849998474121094,42.349998474121094,45.08000183105469,45.08000183105469,395900
2020-12-23,45.380001068115234,45.63999938964844,43.130001068115234,44.970001220703125,44.970001220703125,257200
2020-12-24,45.20000076293945,45.529998779296875,43.779998779296875,44.33000183105469,44.33000183105469,113400
2020-12-28,45.22999954223633,45.400001525878906,42.880001068115234,43.4900016784668,43.4900016784668,225500
2020-12-29,43.0099983215332,44.08000183105469,41.45000076293945,43.709999084472656,43.709999084472656,305200
2020-12-30,44.060001373291016,45.32500076293945,44.060001373291016,44.93000030517578,44.93000030517578,271500
2020-12-31,44.939998626708984,46.2599983215332,42.97999954223633,43.09000015258789,43.09000015258789,266900
2021-01-04,43.7599983215332,43.849998474121094,38.90999984741211,40.349998474121094,40.349998474121094,418400
2021-01-05,40.2400016784668,42.709999084472656,40.099998474121094,42.02000045776367,42.02000045776367,282600
2021-01-06,42.630001068115234,46.2599983215332,42.452999114990234,44.58000183105469,44.58000183105469,285500
2021-01-07,44.95000076293945,47.790000915527344,44.22999954223633,47.22999954223633,47.22999954223633,327700
2021-01-08,48.93000030517578,49.540000915527344,45.869998931884766,47.5,47.5,289000
2021-01-11,46.970001220703125,52.0,46.5099983215332,47.13999938964844,47.13999938964844,1390300
2021-01-12,47.0,47.76499938964844,44.279998779296875,45.939998626708984,45.939998626708984,333400
2021-01-13,45.970001220703125,47.58000183105469,43.709999084472656,46.63999938964844,46.63999938964844,256500
2021-01-14,47.220001220703125,50.869998931884766,47.220001220703125,50.68000030517578,50.68000030517578,438300
2021-01-15,50.529998779296875,50.529998779296875,48.099998474121094,48.880001068115234,48.880001068115234,322200
2021-01-19,49.790000915527344,52.36000061035156,47.71500015258789,51.810001373291016,51.810001373291016,366200
2021-01-20,51.79999923706055,53.75,50.349998474121094,52.97999954223633,52.97999954223633,267800
2021-01-21,53.599998474121094,55.0,50.75,54.099998474121094,54.099998474121094,237500
2021-01-22,53.310001373291016,56.38999938964844,52.439998626708984,56.20000076293945,56.20000076293945,296400
2021-01-25,56.5,61.459999084472656,54.665000915527344,57.0099983215332,57.0099983215332,670600
2021-01-26,57.52000045776367,58.47999954223633,55.58000183105469,57.5,57.5,282000
2021-01-27,55.5,60.59000015258789,54.34000015258789,57.0,57.0,430200
2021-01-28,58.029998779296875,59.0,51.65999984741211,55.290000915527344,55.290000915527344,461100
2021-01-29,55.290000915527344,58.06999969482422,54.25,56.540000915527344,56.540000915527344,456700
2021-02-01,57.040000915527344,57.5,53.88199996948242,57.02000045776367,57.02000045776367,277000
2021-02-02,57.0,57.349998474121094,51.77000045776367,54.290000915527344,54.290000915527344,342700
2021-02-03,54.970001220703125,56.310001373291016,52.801998138427734,55.83000183105469,55.83000183105469,269400
2021-02-04,56.43000030517578,57.89699935913086,55.040000915527344,57.43000030517578,57.43000030517578,192700
2021-02-05,57.540000915527344,60.7400016784668,55.75,57.56999969482422,57.56999969482422,391700
2021-02-08,58.25,59.290000915527344,55.150001525878906,55.189998626708984,55.189998626708984,287800
2021-02-09,55.54999923706055,55.650001525878906,52.189998626708984,53.2599983215332,53.2599983215332,389100
2021-02-10,52.529998779296875,54.369998931884766,50.40999984741211,53.70000076293945,53.70000076293945,282000
2021-02-11,54.0,56.54999923706055,52.30400085449219,54.119998931884766,54.119998931884766,252700
2021-02-12,54.400001525878906,56.56999969482422,53.400001525878906,55.97999954223633,55.97999954223633,208300
2021-02-16,56.45000076293945,61.720001220703125,56.345001220703125,59.11000061035156,59.11000061035156,663100
2021-02-17,58.150001525878906,60.869998931884766,56.000999450683594,56.61000061035156,56.61000061035156,431900
2021-02-18,56.29999923706055,56.31999969482422,52.220001220703125,54.5099983215332,54.5099983215332,508300
2021-02-19,55.599998474121094,58.33000183105469,55.209999084472656,56.31999969482422,56.31999969482422,180500
2021-02-22,55.13999938964844,58.0,55.13999938964844,56.4900016784668,56.4900016784668,296800
2021-02-23,56.349998474121094,61.31999969482422,51.47999954223633,60.09000015258789,60.09000015258789,435300
2021-02-24,60.91999816894531,64.21499633789062,58.27000045776367,62.540000915527344,62.540000915527344,449000
2021-02-25,61.689998626708984,65.61000061035156,55.88999938964844,56.650001525878906,56.650001525878906,372800
2021-02-26,56.369998931884766,59.599998474121094,55.54999923706055,57.689998626708984,57.689998626708984,275200
2021-03-01,60.130001068115234,65.5199966430664,59.869998931884766,64.69000244140625,64.69000244140625,393700
2021-03-02,65.5,66.0,61.04499816894531,61.75,61.75,225500
2021-03-03,61.41999816894531,63.599998474121094,58.39699935913086,59.16999816894531,59.16999816894531,255500
2021-03-04,58.130001068115234,59.66999816894531,52.290000915527344,53.81999969482422,53.81999969482422,584100
2021-03-05,52.7400016784668,55.88999938964844,49.209999084472656,55.130001068115234,55.130001068115234,457200
2021-03-08,56.540000915527344,57.68000030517578,52.189998626708984,53.900001525878906,53.900001525878906,337500
2021-03-09,55.599998474121094,58.93299865722656,55.005001068115234,58.869998931884766,58.869998931884766,335300
2021-03-10,58.20000076293945,61.029998779296875,57.599998474121094,58.810001373291016,58.810001373291016,226400
2021-03-11,59.59000015258789,61.709999084472656,58.5,61.63999938964844,61.63999938964844,232300
2021-03-12,60.970001220703125,63.42300033569336,58.16999816894531,62.5,62.5,298300
2021-03-15,63.099998474121094,63.970001220703125,61.310001373291016,62.06999969482422,62.06999969482422,295900
2021-03-16,61.400001525878906,62.720001220703125,60.25,61.369998931884766,61.369998931884766,209800
2021-03-17,60.41999816894531,62.15999984741211,59.25,62.04999923706055,62.04999923706055,270400
2021-03-18,61.5,64.4000015258789,56.099998474121094,57.45000076293945,57.45000076293945,405300
2021-03-19,57.45000076293945,62.720001220703125,56.5,62.209999084472656,62.209999084472656,655400
2021-03-22,63.060001373291016,63.86000061035156,59.310001373291016,59.630001068115234,59.630001068115234,292200
2021-03-23,59.439998626708984,60.79999923706055,55.560001373291016,56.81999969482422,56.81999969482422,331700
2021-03-24,57.459999084472656,58.52199935913086,51.599998474121094,51.9900016784668,51.9900016784668,334000
2021-03-25,51.0099983215332,54.755001068115234,50.0,54.20000076293945,54.20000076293945,326300
2021-03-26,54.560001373291016,55.55500030517578,52.029998779296875,55.29999923706055,55.29999923706055,439300
2021-03-29,55.0,56.7400016784668,53.0099983215332,53.45000076293945,53.45000076293945,253400
2021-03-30,53.09000015258789,55.93000030517578,52.220001220703125,55.29999923706055,55.29999923706055,163800
2021-03-31,56.0,57.7400016784668,56.0,56.599998474121094,56.599998474121094,200500
2021-04-01,57.189998626708984,59.16999816894531,57.189998626708984,58.279998779296875,58.279998779296875,199600
2021-04-05,60.0,61.86000061035156,58.75,59.68000030517578,59.68000030517578,343900
2021-04-06,59.68000030517578,63.59000015258789,59.209999084472656,61.959999084472656,61.959999084472656,330700
2021-04-07,61.369998931884766,61.7599983215332,57.46699905395508,59.29999923706055,59.29999923706055,276700
2021-04-08,59.790000915527344,63.36000061035156,59.31999969482422,62.470001220703125,62.470001220703125,247300
2021-04-09,64.0,72.33000183105469,63.810001373291016,71.75,71.75,1508600
2021-04-12,71.4000015258789,71.4800033569336,67.5,69.16999816894531,69.16999816894531,524700
2021-04-13,69.94000244140625,70.93000030517578,63.5,65.73999786376953,65.73999786376953,804500
2021-04-14,67.79000091552734,69.5,58.16999816894531,62.279998779296875,62.279998779296875,1485400
2021-04-15,63.26499938964844,66.11000061035156,58.650001525878906,63.900001525878906,63.900001525878906,718100
2021-04-16,63.869998931884766,70.41999816894531,62.75,70.0,70.0,602300
2021-04-19,68.94999694824219,70.47000122070312,65.72000122070312,66.5999984741211,66.5999984741211,506900
2021-04-20,66.55000305175781,67.51000213623047,61.119998931884766,62.63999938964844,62.63999938964844,758300
2021-04-21,62.70000076293945,73.44999694824219,61.130001068115234,71.9800033569336,71.9800033569336,934500
2021-04-22,71.33000183105469,74.2750015258789,68.5,68.58000183105469,68.58000183105469,652300
2021-04-23,70.0,71.69999694824219,68.5199966430664,70.47000122070312,70.47000122070312,375400
2021-04-26,70.63999938964844,76.5,70.19999694824219,75.04000091552734,75.04000091552734,457200
2021-04-27,75.97000122070312,78.44000244140625,73.29000091552734,78.16000366210938,78.16000366210938,443200
2021-04-28,78.51000213623047,79.7699966430664,76.01000213623047,79.61000061035156,79.61000061035156,428900
2021-04-29,80.98999786376953,80.98999786376953,75.25,76.9000015258789,76.9000015258789,291200
2021-04-30,75.73999786376953,76.66000366210938,72.8010025024414,73.2699966430664,73.2699966430664,352100
2021-05-03,74.58100128173828,75.0,71.81999969482422,72.4800033569336,72.4800033569336,340800
2021-05-04,71.0,72.08000183105469,67.66999816894531,70.91999816894531,70.91999816894531,413600
2021-05-05,71.95999908447266,73.73300170898438,68.37000274658203,68.83000183105469,68.83000183105469,358600
2021-05-06,68.0,68.83999633789062,65.125,68.5999984741211,68.5999984741211,422000
2021-05-07,69.94999694824219,72.93000030517578,69.05000305175781,72.43000030517578,72.43000030517578,509900
2021-05-10,72.33000183105469,72.43000030517578,68.2300033569336,70.1500015258789,70.1500015258789,399900
2021-05-11,67.91000366210938,76.62999725341797,67.19999694824219,75.33999633789062,75.33999633789062,553300
2021-05-12,73.95999908447266,74.83999633789062,71.3499984741211,72.12000274658203,72.12000274658203,300900
2021-05-13,72.6500015258789,76.0,71.27999877929688,73.56999969482422,73.56999969482422,309700
2021-05-14,74.98999786376953,77.81999969482422,73.26000213623047,75.91000366210938,75.91000366210938,328800
2021-05-17,75.41000366210938,78.23999786376953,74.30000305175781,76.72000122070312,76.72000122070312,271700
2021-05-18,77.33000183105469,79.86000061035156,75.97000122070312,76.61000061035156,76.61000061035156,358100
2021-05-19,75.55000305175781,76.94999694824219,73.01000213623047,76.77999877929688,76.77999877929688,191000
2021-05-20,77.30000305175781,78.87000274658203,76.38500213623047,78.12000274658203,78.12000274658203,202300
2021-05-21,78.93000030517578,79.41000366210938,75.0,76.0999984741211,76.0999984741211,222600
2021-05-24,76.11000061035156,78.29000091552734,75.5,76.63999938964844,76.63999938964844,252100
2021-05-25,76.9800033569336,79.02999877929688,76.05999755859375,77.29000091552734,77.29000091552734,167100
2021-05-26,77.52999877929688,83.81999969482422,77.52999877929688,83.26000213623047,83.26000213623047,463200
2021-05-27,83.94999694824219,86.36000061035156,81.54000091552734,86.08999633789062,86.08999633789062,377600
2021-05-28,86.58000183105469,86.80000305175781,82.62999725341797,83.0199966430664,83.0199966430664,296700
2021-06-01,84.41999816894531,86.52999877929688,83.25,85.75,85.75,218900
2021-06-02,85.5,86.75,82.08999633789062,86.18000030517578,86.18000030517578,357500
2021-06-03,85.19999694824219,95.51000213623047,82.75,84.97000122070312,84.97000122070312,618100
2021-06-04,85.91000366210938,86.27999877929688,82.94999694824219,83.16000366210938,83.16000366210938,250700
2021-06-07,83.86000061035156,86.19000244140625,83.11000061035156,83.79000091552734,83.79000091552734,404800
2021-06-08,85.5199966430664,86.73999786376953,81.2300033569336,81.76000213623047,81.76000213623047,682700
2021-06-09,81.76000213623047,88.0,80.85900115966797,83.41999816894531,83.41999816894531,773500
2021-06-10,85.77999877929688,89.23999786376953,84.70999908447266,87.4000015258789,87.4000015258789,397900
2021-06-11,88.55999755859375,91.45999908447266,87.12000274658203,91.38999938964844,91.38999938964844,353700
2021-06-14,92.22000122070312,92.51000213623047,86.18000030517578,87.08999633789062,87.08999633789062,429400
2021-06-15,86.87999725341797,86.87999725341797,82.80999755859375,83.5999984741211,83.5999984741211,350000
2021-06-16,83.70999908447266,84.41999816894531,75.95999908447266,76.62999725341797,76.62999725341797,629200
2021-06-17,75.0,76.94000244140625,71.25,71.91999816894531,71.91999816894531,618800
2021-06-18,71.0,74.20999908447266,69.69000244140625,69.94000244140625,69.94000244140625,684700
2021-06-21,70.01000213623047,74.68000030517578,68.83000183105469,74.29000091552734,74.29000091552734,492700
2021-06-22,73.98999786376953,74.23999786376953,68.0199966430664,69.62999725341797,69.62999725341797,609200
2021-06-23,70.05999755859375,71.2699966430664,68.7699966430664,69.5,69.5,422100
2021-06-24,70.0,73.88999938964844,69.69999694824219,72.38999938964844,72.38999938964844,345200
2021-06-25,72.5199966430664,76.26000213623047,72.5199966430664,74.0199966430664,74.0199966430664,769500
2021-06-28,74.19999694824219,76.3949966430664,72.7300033569336,76.19999694824219,76.19999694824219,314400
2021-06-29,76.5,82.18000030517578,76.5,79.97000122070312,79.97000122070312,591600
2021-06-30,80.19999694824219,81.25,79.41000366210938,79.79000091552734,79.79000091552734,321700
2021-07-01,80.5,80.5,74.59500122070312,76.5999984741211,76.5999984741211,372000
2021-07-02,76.43000030517578,77.36000061035156,72.20999908447266,74.0,74.0,401900
2021-07-06,73.94999694824219,74.94999694824219,71.37999725341797,73.26000213623047,73.26000213623047,256300
2021-07-07,73.52999877929688,74.25,66.9000015258789,67.94999694824219,67.94999694824219,452000
2021-07-08,65.25,69.75,64.61000061035156,68.6500015258789,68.6500015258789,327500
2021-07-09,69.56999969482422,69.83300018310547,68.37999725341797,69.0199966430664,69.0199966430664,307800
2021-07-12,69.05999755859375,69.68000030517578,67.16000366210938,68.98999786376953,68.98999786376953,195200
2021-07-13,68.05000305175781,68.4800033569336,65.15699768066406,65.68000030517578,65.68000030517578,299900
2021-07-14,66.05999755859375,66.69999694824219,62.79999923706055,63.310001373291016,63.310001373291016,405000
2021-07-15,62.689998626708984,64.79000091552734,60.92900085449219,63.40999984741211,63.40999984741211,284400
2021-07-16,63.84000015258789,63.9900016784668,59.58000183105469,60.41999816894531,60.41999816894531,362600
2021-07-19,57.209999084472656,60.790000915527344,56.130001068115234,58.970001220703125,58.970001220703125,410200
2021-07-20,59.220001220703125,62.45000076293945,57.79999923706055,61.47999954223633,61.47999954223633,303400
2021-07-21,61.95000076293945,63.38999938964844,60.928001403808594,62.2599983215332,62.2599983215332,196000
2021-07-22,62.599998474121094,62.599998474121094,60.060001373291016,60.36000061035156,60.36000061035156,229600
2021-07-23,60.619998931884766,62.86000061035156,59.63999938964844,61.630001068115234,61.630001068115234,294900
2021-07-26,61.83000183105469,62.900001525878906,60.95000076293945,61.790000915527344,61.790000915527344,302600
2021-07-27,61.529998779296875,61.95000076293945,57.38999938964844,59.709999084472656,59.709999084472656,269500
2021-07-28,59.959999084472656,61.529998779296875,59.349998474121094,61.0099983215332,61.0099983215332,201500
2021-07-29,61.34000015258789,63.31999969482422,60.52000045776367,62.529998779296875,62.529998779296875,168500
2021-07-30,61.400001525878906,63.099998474121094,59.83000183105469,60.70000076293945,60.70000076293945,252400
2021-08-02,61.11000061035156,61.60499954223633,59.22999954223633,59.630001068115234,59.630001068115234,227100
2021-08-03,60.18000030517578,60.45500183105469,58.099998474121094,59.31999969482422,59.31999969482422,171700
2021-08-04,58.47999954223633,59.18000030517578,56.92499923706055,57.02000045776367,57.02000045776367,215400
2021-08-05,56.90999984741211,58.79999923706055,56.5,58.5099983215332,58.5099983215332,177500
2021-08-06,58.7400016784668,59.0,57.52000045776367,57.86000061035156,57.86000061035156,142800
2021-08-09,58.06999969482422,60.79999923706055,56.75,59.63999938964844,59.63999938964844,170300
2021-08-10,60.119998931884766,60.119998931884766,58.279998779296875,59.34000015258789,59.34000015258789,113500
2021-08-11,60.06999969482422,60.209999084472656,58.2400016784668,59.72999954223633,59.72999954223633,248000
2021-08-12,59.7599983215332,63.29999923706055,58.20000076293945,63.02000045776367,63.02000045776367,279700
2021-08-13,63.52000045776367,64.19999694824219,62.2599983215332,63.459999084472656,63.459999084472656,450200
2021-08-16,62.61000061035156,64.58999633789062,60.79999923706055,63.970001220703125,63.970001220703125,366700
2021-08-17,62.97999954223633,63.5,57.2400016784668,58.83000183105469,58.83000183105469,418600
2021-08-18,58.70000076293945,61.439998626708984,57.2599983215332,59.31999969482422,59.31999969482422,244300
2021-08-19,57.75,58.7400016784668,52.66999816894531,53.59000015258789,53.59000015258789,437700
2021-08-20,53.08000183105469,54.59400177001953,50.93000030517578,51.29999923706055,51.29999923706055,501100
2021-08-23,52.2400016784668,54.58000183105469,51.150001525878906,54.0099983215332,54.0099983215332,436900
2021-08-24,54.18000030517578,59.02000045776367,53.529998779296875,57.79999923706055,57.79999923706055,292700
2021-08-25,57.75,58.23500061035156,55.470001220703125,56.25,56.25,382000
2021-08-26,56.63999938964844,59.5,55.959999084472656,56.689998626708984,56.689998626708984,321900
2021-08-27,56.54999923706055,58.720001220703125,55.61000061035156,57.2400016784668,57.2400016784668,191600
2021-08-30,57.81999969482422,59.0,56.470001220703125,56.9900016784668,56.9900016784668,192300
2021-08-31,57.33000183105469,57.61000061035156,55.61000061035156,56.560001373291016,56.560001373291016,143900
2021-09-01,56.59000015258789,57.68000030517578,55.880001068115234,56.11000061035156,56.11000061035156,308500
2021-09-02,56.45000076293945,56.755001068115234,52.04999923706055,52.29999923706055,52.29999923706055,487000
2021-09-03,52.52000045776367,53.439998626708984,51.31999969482422,53.189998626708984,53.189998626708984,239300
2021-09-07,54.262001037597656,56.529998779296875,53.18000030517578,54.13999938964844,54.13999938964844,443700
2021-09-08,54.220001220703125,54.220001220703125,50.11000061035156,50.459999084472656,50.459999084472656,556900
2021-09-09,56.58000183105469,63.36000061035156,53.029998779296875,62.619998931884766,62.619998931884766,2325100
2021-09-10,63.84000015258789,70.43800354003906,63.84000015258789,67.44000244140625,67.44000244140625,1936700
2021-09-13,67.70700073242188,67.70700073242188,60.970001220703125,64.0,64.0,689100
2021-09-14,63.02000045776367,67.30999755859375,61.80099868774414,65.19999694824219,65.19999694824219,634600
2021-09-15,65.01000213623047,68.29000091552734,64.24099731445312,66.33000183105469,66.33000183105469,398200
2021-09-16,65.88999938964844,68.12999725341797,64.80000305175781,67.44000244140625,67.44000244140625,307700
2021-09-17,67.58000183105469,69.69000244140625,66.27999877929688,66.93000030517578,66.93000030517578,493100
2021-09-20,62.24300003051758,68.41000366210938,62.130001068115234,68.0999984741211,68.0999984741211,522100
2021-09-21,68.7699966430664,71.0,67.5,70.37000274658203,70.37000274658203,491200
2021-09-22,71.11000061035156,74.94999694824219,69.5,74.80000305175781,74.80000305175781,559400
2021-09-23,75.33999633789062,76.22000122070312,73.01000213623047,75.06999969482422,75.06999969482422,436800
2021-09-24,74.29000091552734,75.66000366210938,72.08999633789062,75.20999908447266,75.20999908447266,341900
2021-09-27,75.19999694824219,76.83000183105469,73.33000183105469,74.91000366210938,74.91000366210938,320800
2021-09-28,73.68000030517578,74.7300033569336,69.77999877929688,70.11000061035156,70.11000061035156,309400
2021-09-29,71.52999877929688,71.52999877929688,68.0199966430664,68.3499984741211,68.3499984741211,310500
2021-09-30,68.3499984741211,68.95899963378906,65.06800079345703,66.08999633789062,66.08999633789062,344700
2021-10-01,66.36000061035156,68.69000244140625,64.80000305175781,68.16999816894531,68.16999816894531,364300
2021-10-04,67.86000061035156,67.86000061035156,63.70000076293945,65.80000305175781,65.80000305175781,281100
2021-10-05,65.41999816894531,72.36000061035156,65.41999816894531,70.80999755859375,70.80999755859375,501000
2021-10-06,69.18000030517578,72.3499984741211,69.05999755859375,72.1500015258789,72.1500015258789,338500
2021-10-07,73.0,74.30000305175781,71.12999725341797,71.31999969482422,71.31999969482422,310500
2021-10-08,71.41999816894531,72.9000015258789,70.73999786376953,71.83000183105469,71.83000183105469,243400
2021-10-11,71.69999694824219,73.62000274658203,70.83000183105469,70.87999725341797,70.87999725341797,245500
2021-10-12,70.33999633789062,71.30000305175781,67.5,68.33999633789062,68.33999633789062,366700
2021-10-13,68.45999908447266,69.55999755859375,67.37999725341797,68.06999969482422,68.06999969482422,301600
2021-10-14,68.70999908447266,70.45999908447266,67.9000015258789,70.37999725341797,70.37999725341797,279400
2021-10-15,71.55999755859375,74.69999694824219,71.20999908447266,71.37000274658203,71.37000274658203,633000
2021-10-18,70.66999816894531,72.18000030517578,65.41400146484375,71.95999908447266,71.95999908447266,496100
2021-10-19,72.5,77.22000122070312,71.2699966430664,76.0199966430664,76.0199966430664,511900
2021-10-20,76.0199966430664,79.12000274658203,75.26899719238281,78.43000030517578,78.43000030517578,360900
2021-10-21,78.44999694824219,80.5199966430664,78.0,80.04000091552734,80.04000091552734,341800
2021-10-22,79.58000183105469,79.69999694824219,76.29000091552734,77.19999694824219,77.19999694824219,298700
2021-10-25,78.0,80.25,77.91000366210938,78.75,78.75,178500
2021-10-26,78.5,78.75599670410156,73.08499908447266,74.37999725341797,74.37999725341797,403300
2021-10-27,73.55999755859375,76.0199966430664,73.29499816894531,73.41000366210938,73.41000366210938,270500
2021-10-28,73.56999969482422,77.94000244140625,73.56999969482422,77.94000244140625,77.94000244140625,204200
2021-10-29,77.44000244140625,79.33499908447266,77.12000274658203,78.01000213623047,78.01000213623047,173300
2021-11-01,79.16999816894531,80.8499984741211,78.70999908447266,80.5999984741211,80.5999984741211,427300
2021-11-02,81.20999908447266,81.66999816894531,76.37999725341797,78.4000015258789,78.4000015258789,266600
2021-11-03,78.47000122070312,81.20999908447266,77.0,80.27999877929688,80.27999877929688,264500
2021-11-04,80.01000213623047,85.08499908447266,79.70999908447266,84.20999908447266,84.20999908447266,502600
2021-11-05,85.08000183105469,85.08000183105469,80.08999633789062,81.4000015258789,81.4000015258789,285200
2021-11-08,82.27999877929688,84.38999938964844,81.87000274658203,82.5199966430664,82.5199966430664,153800
2021-11-09,82.1500015258789,83.69999694824219,80.04000091552734,82.76000213623047,82.76000213623047,186800
2021-11-10,81.19999694824219,81.5,77.91000366210938,79.02999877929688,79.02999877929688,357100
2021-11-11,79.25,84.91000366210938,79.02999877929688,84.02999877929688,84.02999877929688,203000
2021-11-12,84.98999786376953,85.36000061035156,83.16999816894531,83.98999786376953,83.98999786376953,155700
2021-11-15,84.25,84.69200134277344,81.55999755859375,83.62000274658203,83.62000274658203,162100
2021-11-16,83.83999633789062,85.47000122070312,82.4000015258789,85.0999984741211,85.0999984741211,426100
2021-11-17,85.43000030517578,86.0,81.25,83.8499984741211,83.8499984741211,233500
2021-11-18,84.63999938964844,85.3499984741211,82.63999938964844,84.88999938964844,84.88999938964844,202000
2021-11-19,85.5999984741211,87.12000274658203,82.12999725341797,82.93000030517578,82.93000030517578,407400
2021-11-22,82.08599853515625,85.69999694824219,78.29000091552734,80.95999908447266,80.95999908447266,482600
2021-11-23,79.91999816894531,79.91999816894531,70.76000213623047,72.33999633789062,72.33999633789062,842400
2021-11-24,71.36000061035156,73.0,69.11100006103516,72.44999694824219,72.44999694824219,309900
2021-11-26,69.83000183105469,70.44999694824219,67.16999816894531,67.5199966430664,67.5199966430664,366100
2021-11-29,68.88999938964844,69.2699966430664,63.9900016784668,65.80999755859375,65.80999755859375,396300
2021-11-30,64.94000244140625,64.94000244140625,61.43000030517578,63.279998779296875,63.279998779296875,342900
2021-12-01,64.25,64.81500244140625,58.029998779296875,58.77000045776367,58.77000045776367,579300
2021-12-02,59.58000183105469,63.65999984741211,58.5,63.130001068115234,63.130001068115234,512900
2021-12-03,62.880001068115234,63.334999084472656,59.75,61.7599983215332,61.7599983215332,360700
2021-12-06,62.24700164794922,65.25,60.16999816894531,63.290000915527344,63.290000915527344,543100
2021-12-07,64.58000183105469,68.08999633789062,64.0999984741211,64.55000305175781,64.55000305175781,735000
2021-12-08,66.54000091552734,79.27300262451172,65.38999938964844,77.94999694824219,77.94999694824219,2032000
2021-12-09,76.86000061035156,85.0,75.94999694824219,82.16999816894531,82.16999816894531,959100
2021-12-10,83.12999725341797,85.125,80.62000274658203,81.30999755859375,81.30999755859375,671400
2021-12-13,81.5199966430664,81.5199966430664,73.2300033569336,75.61000061035156,75.61000061035156,419300
2021-12-14,73.0,75.72000122070312,69.83499908447266,71.3499984741211,71.3499984741211,402400
2021-12-15,70.43000030517578,72.95999908447266,67.0199966430664,72.75,72.75,349000
2021-12-16,73.47000122070312,73.69000244140625,65.72899627685547,66.16999816894531,66.16999816894531,400200
2021-12-17,65.08000183105469,66.56500244140625,63.52000045776367,64.3499984741211,64.3499984741211,436900
2021-12-20,61.869998931884766,62.790000915527344,58.56999969482422,60.130001068115234,60.130001068115234,479800
2021-12-21,61.599998474121094,63.70000076293945,61.599998474121094,63.290000915527344,63.290000915527344,210400
2021-12-22,63.439998626708984,65.62000274658203,63.02000045776367,64.94999694824219,64.94999694824219,375100
2021-12-23,65.4000015258789,67.4800033569336,63.5099983215332,67.08000183105469,67.08000183105469,196100
2021-12-27,67.37000274658203,69.36000061035156,67.08000183105469,67.95999908447266,67.95999908447266,171500
2021-12-28,67.95999908447266,68.7300033569336,65.73999786376953,67.29000091552734,67.29000091552734,139200
2021-12-29,67.30000305175781,68.04000091552734,65.12000274658203,65.9000015258789,65.9000015258789,138300
2021-12-30,65.62999725341797,67.9000015258789,65.26000213623047,66.37999725341797,66.37999725341797,163500
2021-12-31,66.02999877929688,67.3499984741211,65.11499786376953,66.26000213623047,66.26000213623047,206500
2022-01-03,66.38999938964844,69.61499786376953,65.77999877929688,67.0,67.0,238400
2022-01-04,66.77999877929688,67.48999786376953,60.92399978637695,63.0,63.0,357800
2022-01-05,62.41999816894531,62.459999084472656,56.09000015258789,56.27000045776367,56.27000045776367,393300
2022-01-06,56.52000045776367,58.310001373291016,54.43299865722656,57.5,57.5,353300
2022-01-07,57.5,59.189998626708984,55.869998931884766,55.959999084472656,55.959999084472656,242200
2022-01-10,54.84000015258789,56.0,52.880001068115234,55.75,55.75,318800
2022-01-11,55.65999984741211,57.41999816894531,54.09000015258789,56.709999084472656,56.709999084472656,388700
2022-01-12,57.95000076293945,58.55500030517578,55.154998779296875,56.150001525878906,56.150001525878906,220300
2022-01-13,58.25,58.779998779296875,55.52000045776367,55.97999954223633,55.97999954223633,309200
2022-01-14,54.90999984741211,56.63999938964844,52.0,52.61000061035156,52.61000061035156,460000
2022-01-18,51.79499816894531,54.02000045776367,51.63999938964844,52.45000076293945,52.45000076293945,464800
2022-01-19,52.400001525878906,53.36000061035156,49.61000061035156,50.040000915527344,50.040000915527344,383400
2022-01-20,50.983001708984375,52.619998931884766,48.630001068115234,48.90999984741211,48.90999984741211,314200
2022-01-21,47.93000030517578,49.34000015258789,46.47800064086914,48.279998779296875,48.279998779296875,451800
2022-01-24,46.29999923706055,53.04999923706055,45.0,52.91999816894531,52.91999816894531,599900
2022-01-25,51.689998626708984,52.91999816894531,50.290000915527344,50.810001373291016,50.810001373291016,314900
2022-01-26,52.540000915527344,53.525001525878906,47.900001525878906,48.220001220703125,48.220001220703125,294200
2022-01-27,49.0,49.625,46.56999969482422,47.18000030517578,47.18000030517578,237200
2022-01-28,47.2400016784668,50.65999984741211,45.459999084472656,50.540000915527344,50.540000915527344,287800
2022-01-31,50.599998474121094,54.040000915527344,50.275001525878906,53.849998474121094,53.849998474121094,304700
2022-02-01,54.470001220703125,55.95000076293945,52.869998931884766,55.18000030517578,55.18000030517578,222700
2022-02-02,55.29999923706055,55.64500045776367,51.099998474121094,51.130001068115234,51.130001068115234,318500
2022-02-03,49.9900016784668,51.0,47.869998931884766,49.029998779296875,49.029998779296875,366800
2022-02-04,48.83000183105469,50.130001068115234,47.5099983215332,49.36000061035156,49.36000061035156,302400
2022-02-07,49.13999938964844,51.0,47.630001068115234,48.09000015258789,48.09000015258789,288900
2022-02-08,48.130001068115234,50.20000076293945,47.51499938964844,49.959999084472656,49.959999084472656,237700
2022-02-09,50.86000061035156,52.41999816894531,49.54999923706055,52.189998626708984,52.189998626708984,262800
2022-02-10,50.77000045776367,54.0,50.0099983215332,50.4900016784668,50.4900016784668,223600
2022-02-11,50.709999084472656,51.849998474121094,46.41999816894531,47.0,47.0,339300
2022-02-14,46.939998626708984,48.095001220703125,45.470001220703125,45.97999954223633,45.97999954223633,351800
2022-02-15,47.5099983215332,48.75,47.029998779296875,47.779998779296875,47.779998779296875,292900
2022-02-16,47.06999969482422,47.16899871826172,42.73500061035156,43.869998931884766,43.869998931884766,694800
2022-02-17,42.86800003051758,43.97999954223633,39.779998779296875,40.060001373291016,40.060001373291016,670900
2022-02-18,40.060001373291016,41.08000183105469,39.02000045776367,39.97999954223633,39.97999954223633,706900
2022-02-22,39.45000076293945,41.3650016784668,38.380001068115234,40.16999816894531,40.16999816894531,610900
2022-02-23,40.54999923706055,41.02000045776367,38.209999084472656,38.22999954223633,38.22999954223633,288300
2022-02-24,35.4900016784668,42.27000045776367,35.06999969482422,42.25,42.25,402100
2022-02-25,42.25,42.9900016784668,40.779998779296875,41.83000183105469,41.83000183105469,336300
2022-02-28,41.290000915527344,43.709999084472656,41.119998931884766,42.4900016784668,42.4900016784668,324300
2022-03-01,42.72999954223633,43.400001525878906,41.01900100708008,41.099998474121094,41.099998474121094,243600
2022-03-02,41.81999969482422,43.119998931884766,41.119998931884766,42.560001373291016,42.560001373291016,286100
2022-03-03,43.130001068115234,43.130001068115234,41.09000015258789,41.900001525878906,41.900001525878906,162600
2022-03-04,41.689998626708984,42.05500030517578,39.439998626708984,40.619998931884766,40.619998931884766,218700
2022-03-07,40.61000061035156,41.58000183105469,37.2400016784668,37.31999969482422,37.31999969482422,272800
2022-03-08,37.279998779296875,40.29999923706055,36.369998931884766,38.189998626708984,38.189998626708984,319800
2022-03-09,39.849998474121094,40.630001068115234,39.29499816894531,39.900001525878906,39.900001525878906,309200
2022-03-10,38.59000015258789,40.91999816894531,38.40999984741211,40.75,40.75,215100
2022-03-11,40.81999969482422,41.56999969482422,39.0,39.04999923706055,39.04999923706055,177600
2022-03-14,39.65999984741211,40.73500061035156,37.720001220703125,38.150001525878906,38.150001525878906,228500
2022-03-15,38.58000183105469,40.47999954223633,38.2599983215332,40.11000061035156,40.11000061035156,227100
2022-03-16,40.81999969482422,43.220001220703125,40.81999969482422,42.38999938964844,42.38999938964844,480900
2022-03-17,41.970001220703125,44.65999984741211,41.43000030517578,44.630001068115234,44.630001068115234,359400
2022-03-18,44.209999084472656,48.619998931884766,44.209999084472656,48.27000045776367,48.27000045776367,827700
2022-03-21,48.27000045776367,48.27000045776367,45.16299819946289,45.869998931884766,45.869998931884766,299800
2022-03-22,45.970001220703125,47.9900016784668,45.970001220703125,46.68000030517578,46.68000030517578,211600
2022-03-23,45.84000015258789,47.07500076293945,44.5099983215332,46.11000061035156,46.11000061035156,311400
2022-03-24,46.209999084472656,46.56999969482422,43.650001525878906,46.529998779296875,46.529998779296875,306100
2022-03-25,45.46500015258789,46.970001220703125,43.380001068115234,44.25,44.25,321800
2022-03-28,44.849998474121094,47.34000015258789,43.81999969482422,47.16999816894531,47.16999816894531,631800
2022-03-29,56.79999923706055,63.40999984741211,52.439998626708984,56.9900016784668,56.9900016784668,4656700
2022-03-30,58.09000015258789,58.529998779296875,53.650001525878906,54.650001525878906,54.650001525878906,927700
2022-03-31,54.84000015258789,56.97999954223633,53.84000015258789,54.060001373291016,54.060001373291016,625000
2022-04-01,54.279998779296875,54.9900016784668,50.5099983215332,51.439998626708984,51.439998626708984,624100
2022-04-04,52.04999923706055,55.16999816894531,51.79999923706055,52.560001373291016,52.560001373291016,456100
2022-04-05,52.29999923706055,53.16999816894531,48.310001373291016,49.380001068115234,49.380001068115234,416300
2022-04-06,48.099998474121094,48.86000061035156,46.68000030517578,48.459999084472656,48.459999084472656,512800
2022-04-07,48.06999969482422,48.9900016784668,45.81999969482422,47.7599983215332,47.7599983215332,361800
2022-04-08,48.61000061035156,50.37799835205078,47.22999954223633,47.25,47.25,445900
2022-04-11,45.88999938964844,48.4900016784668,44.61000061035156,47.540000915527344,47.540000915527344,354800
2022-04-12,48.54999923706055,50.5,46.97999954223633,47.369998931884766,47.369998931884766,203400
2022-04-13,47.93000030517578,50.0,47.48500061035156,49.52000045776367,49.52000045776367,312400
2022-04-14,49.18000030517578,49.45000076293945,46.935001373291016,47.119998931884766,47.119998931884766,242000
2022-04-18,47.310001373291016,48.5,45.810001373291016,48.04999923706055,48.04999923706055,179400
2022-04-19,48.2400016784668,50.70000076293945,47.779998779296875,50.540000915527344,50.540000915527344,215600
2022-04-20,50.77000045776367,50.959999084472656,49.54999923706055,49.7599983215332,49.7599983215332,212600
2022-04-21,50.88999938964844,51.4900016784668,47.220001220703125,48.25,48.25,266300
2022-04-22,47.91999816894531,49.36000061035156,46.689998626708984,47.720001220703125,47.720001220703125,245000
2022-04-25,47.13999938964844,50.4900016784668,46.91999816894531,49.540000915527344,49.540000915527344,287700
2022-04-26,49.11000061035156,49.22999954223633,44.88999938964844,44.91999816894531,44.91999816894531,271400
2022-04-27,45.41999816894531,46.494998931884766,44.481998443603516,45.560001373291016,45.560001373291016,241500
2022-04-28,46.66999816894531,48.03900146484375,43.83000183105469,44.689998626708984,44.689998626708984,481900
2022-04-29,44.20000076293945,46.72999954223633,43.529998779296875,43.84000015258789,43.84000015258789,348700
2022-05-02,44.029998779296875,46.58000183105469,43.439998626708984,46.5099983215332,46.5099983215332,396400
2022-05-03,46.060001373291016,47.189998626708984,44.46500015258789,45.290000915527344,45.290000915527344,224500
2022-05-04,45.349998474121094,46.7400016784668,42.90999984741211,46.619998931884766,46.619998931884766,226500
2022-05-05,45.279998779296875,45.279998779296875,41.84000015258789,44.29999923706055,44.29999923706055,673300
2022-05-06,44.130001068115234,44.130001068115234,40.900001525878906,41.689998626708984,41.689998626708984,270500
2022-05-09,40.36000061035156,42.0,39.369998931884766,39.95000076293945,39.95000076293945,217400
2022-05-10,40.900001525878906,41.599998474121094,38.5099983215332,40.56999969482422,40.56999969482422,384700
2022-05-11,40.09000015258789,41.209999084472656,36.560001373291016,36.66999816894531,36.66999816894531,285000
2022-05-12,36.150001525878906,39.130001068115234,35.250999450683594,37.4900016784668,37.4900016784668,402700
2022-05-13,38.41999816894531,40.79999923706055,38.2400016784668,38.91999816894531,38.91999816894531,310600
2022-05-16,38.459999084472656,38.86000061035156,35.58000183105469,36.11000061035156,36.11000061035156,415700
2022-05-17,37.4900016784668,38.400001525878906,35.369998931884766,37.599998474121094,37.599998474121094,345300
2022-05-18,36.27000045776367,36.356998443603516,32.470001220703125,33.369998931884766,33.369998931884766,613800
2022-05-19,33.029998779296875,33.11000061035156,31.3700008392334,31.610000610351562,31.610000610351562,746100
2022-05-20,32.599998474121094,32.75,29.270000457763672,30.209999084472656,30.209999084472656,615800
2022-05-23,31.079999923706055,31.610000610351562,29.899999618530273,30.270000457763672,30.270000457763672,516200
2022-05-24,29.270000457763672,29.3799991607666,26.049999237060547,26.440000534057617,26.440000534057617,656900
2022-05-25,26.079999923706055,30.479999542236328,26.049999237060547,29.299999237060547,29.299999237060547,750200
2022-05-26,29.920000076293945,33.95000076293945,29.75,33.34000015258789,33.34000015258789,791200
2022-05-27,33.27000045776367,35.06999969482422,32.52399826049805,34.41999816894531,34.41999816894531,495700
2022-05-31,34.41999816894531,35.59000015258789,33.04999923706055,34.83000183105469,34.83000183105469,428200
2022-06-01,35.09000015258789,36.63999938964844,33.380001068115234,33.880001068115234,33.880001068115234,808400
2022-06-02,33.77000045776367,38.029998779296875,33.58000183105469,36.63999938964844,36.63999938964844,513500
2022-06-03,35.77000045776367,36.70000076293945,35.21099853515625,36.349998474121094,36.349998474121094,436600
2022-06-06,37.56999969482422,38.7400016784668,36.5,38.20000076293945,38.20000076293945,438200
2022-06-07,36.93000030517578,38.85900115966797,36.59199905395508,38.0,38.0,960500
2022-06-08,31.829999923706055,36.689998626708984,28.0,35.619998931884766,35.619998931884766,4085900
2022-06-09,34.9900016784668,34.9900016784668,30.530000686645508,31.719999313354492,31.719999313354492,1089700
2022-06-10,30.5,32.29999923706055,30.209999084472656,31.81999969482422,31.81999969482422,587500
2022-06-13,30.0,31.364999771118164,29.25,29.459999084472656,29.459999084472656,602200
2022-06-14,29.670000076293945,30.329999923706055,29.020000457763672,30.100000381469727,30.100000381469727,400300
2022-06-15,30.81999969482422,31.389999389648438,29.540000915527344,30.399999618530273,30.399999618530273,350100
2022-06-16,29.540000915527344,29.764999389648438,28.209999084472656,29.729999542236328,29.729999542236328,372600
2022-06-17,29.780000686645508,30.549999237060547,29.6299991607666,29.68000030517578,29.68000030517578,272600
2022-06-21,30.229999542236328,30.5,28.3799991607666,28.43000030517578,28.43000030517578,416000
2022-06-22,28.1200008392334,29.729999542236328,27.780000686645508,28.850000381469727,28.850000381469727,381000
2022-06-23,29.200000762939453,31.700000762939453,29.010000228881836,31.06999969482422,31.06999969482422,329700
2022-06-24,31.31999969482422,33.47999954223633,30.975000381469727,33.36000061035156,33.36000061035156,397500
2022-06-27,33.810001373291016,34.38999938964844,31.649999618530273,31.860000610351562,31.860000610351562,310700
2022-06-28,32.02000045776367,32.209999084472656,29.950000762939453,30.1200008392334,30.1200008392334,292900
2022-06-29,30.200000762939453,30.6200008392334,29.0,30.600000381469727,30.600000381469727,292800
2022-06-30,29.700000762939453,30.030000686645508,27.399999618530273,27.5,27.5,554100
2022-07-01,27.809999465942383,28.829999923706055,27.479999542236328,28.450000762939453,28.450000762939453,263000
2022-07-05,27.889999389648438,30.670000076293945,27.381999969482422,30.389999389648438,30.389999389648438,319600
2022-07-06,30.209999084472656,30.860000610351562,29.1200008392334,29.579999923706055,29.579999923706055,367700
2022-07-07,29.989999771118164,31.450000762939453,29.559999465942383,31.059999465942383,31.059999465942383,325900
2022-07-08,30.68000030517578,33.369998931884766,30.510000228881836,32.70000076293945,32.70000076293945,397200
2022-07-11,32.68000030517578,33.150001525878906,31.924999237060547,32.88999938964844,32.88999938964844,233100
2022-07-12,32.84000015258789,34.14500045776367,32.57500076293945,33.5,33.5,318700
2022-07-13,32.40999984741211,35.2599983215332,32.25,34.310001373291016,34.310001373291016,267600
2022-07-14,33.79999923706055,33.849998474121094,32.529998779296875,33.31999969482422,33.31999969482422,226800
2022-07-15,34.0099983215332,34.70000076293945,32.86000061035156,34.220001220703125,34.220001220703125,191300
2022-07-18,34.900001525878906,35.79999923706055,34.650001525878906,34.84000015258789,34.84000015258789,174000
2022-07-19,35.29999923706055,36.2599983215332,34.630001068115234,35.2599983215332,35.2599983215332,276100
2022-07-20,34.900001525878906,35.869998931884766,33.529998779296875,34.31999969482422,34.31999969482422,248400
2022-07-21,34.33000183105469,35.189998626708984,33.27000045776367,35.029998779296875,35.029998779296875,208600
2022-07-22,35.119998931884766,35.349998474121094,31.899999618530273,32.36000061035156,32.36000061035156,330300
2022-07-25,32.369998931884766,32.369998931884766,31.06999969482422,31.479999542236328,31.479999542236328,277700
2022-07-26,30.479999542236328,30.479999542236328,28.559999465942383,28.959999084472656,28.959999084472656,432300
2022-07-27,29.350000381469727,30.31999969482422,28.15999984741211,29.690000534057617,29.690000534057617,472600
2022-07-28,29.770000457763672,29.770000457763672,28.809999465942383,29.450000762939453,29.450000762939453,339600
2022-07-29,29.530000686645508,31.309999465942383,28.790000915527344,31.15999984741211,31.15999984741211,309900
2022-08-01,31.1200008392334,33.38999938964844,30.56999969482422,32.65999984741211,32.65999984741211,311700
2022-08-02,32.02000045776367,33.0099983215332,31.889999389648438,32.13999938964844,32.13999938964844,215000
2022-08-03,32.790000915527344,34.34000015258789,32.220001220703125,34.09000015258789,34.09000015258789,236100
2022-08-04,34.25,35.36000061035156,34.25,34.779998779296875,34.779998779296875,277200
2022-08-05,34.130001068115234,35.4900016784668,33.61000061035156,34.619998931884766,34.619998931884766,161800
2022-08-08,34.5,37.2599983215332,34.40999984741211,37.18000030517578,37.18000030517578,357400
2022-08-09,36.939998626708984,36.939998626708984,33.39500045776367,34.209999084472656,34.209999084472656,246900
2022-08-10,35.689998626708984,37.70500183105469,35.689998626708984,36.459999084472656,36.459999084472656,416600
2022-08-11,37.0,38.48500061035156,37.0,37.54999923706055,37.54999923706055,297200
2022-08-12,37.77000045776367,38.7599983215332,36.90999984741211,38.630001068115234,38.630001068115234,166900
2022-08-15,38.52000045776367,38.79999923706055,37.5,38.70000076293945,38.70000076293945,287700
2022-08-16,38.27000045776367,39.810001373291016,37.722999572753906,38.66999816894531,38.66999816894531,365200
2022-08-17,37.810001373291016,37.97999954223633,36.07500076293945,36.369998931884766,36.369998931884766,336900
2022-08-18,35.91999816894531,36.63999938964844,34.66999816894531,36.380001068115234,36.380001068115234,218500
2022-08-19,35.439998626708984,35.439998626708984,33.40999984741211,33.68000030517578,33.68000030517578,268200
2022-08-22,33.0,33.400001525878906,32.34000015258789,32.61000061035156,32.61000061035156,221500
2022-08-23,32.66999816894531,34.189998626708984,32.66999816894531,33.459999084472656,33.459999084472656,192900
2022-08-24,33.36000061035156,34.90999984741211,33.02799987792969,34.31999969482422,34.31999969482422,191700
2022-08-25,34.560001373291016,35.56999969482422,34.279998779296875,34.849998474121094,34.849998474121094,150400
2022-08-26,34.939998626708984,34.939998626708984,32.16999816894531,32.900001525878906,32.900001525878906,185100
2022-08-29,32.279998779296875,33.2599983215332,31.940000534057617,32.529998779296875,32.529998779296875,219800
2022-08-30,33.09000015258789,33.939998626708984,32.15999984741211,32.52000045776367,32.52000045776367,204400
2022-08-31,32.709999084472656,33.06999969482422,30.59000015258789,30.850000381469727,30.850000381469727,209700
2022-09-01,30.530000686645508,30.781999588012695,29.350000381469727,29.729999542236328,29.729999542236328,328200
2022-09-02,30.309999465942383,30.825000762939453,29.458999633789062,29.6200008392334,29.6200008392334,289600
2022-09-06,29.75,30.233999252319336,28.010000228881836,29.1200008392334,29.1200008392334,377900
2022-09-07,28.68000030517578,30.0,27.780000686645508,29.8799991607666,29.8799991607666,631000
2022-09-08,30.34000015258789,30.899999618530273,25.889999389648438,26.18000030517578,26.18000030517578,1799800
2022-09-09,26.209999084472656,29.209999084472656,25.549999237060547,28.43000030517578,28.43000030517578,1010500
2022-09-12,28.440000534057617,29.440000534057617,27.850000381469727,29.149999618530273,29.149999618530273,650300
2022-09-13,27.540000915527344,28.219999313354492,26.0,26.110000610351562,26.110000610351562,634600
2022-09-14,25.8700008392334,26.190000534057617,23.770000457763672,24.309999465942383,24.309999465942383,859700
2022-09-15,24.350000381469727,25.440000534057617,24.219999313354492,25.200000762939453,25.200000762939453,557300
2022-09-16,24.34000015258789,25.450000762939453,24.25,25.110000610351562,25.110000610351562,645000
2022-09-19,24.760000228881836,25.799999237060547,24.520000457763672,25.600000381469727,25.600000381469727,300900
2022-09-20,25.100000381469727,25.604999542236328,23.559999465942383,23.59000015258789,23.59000015258789,524300
2022-09-21,23.969999313354492,24.639999389648438,22.889999389648438,22.93000030517578,22.93000030517578,441500
2022-09-22,22.780000686645508,22.780000686645508,21.260000228881836,21.280000686645508,21.280000686645508,398000
2022-09-23,20.959999084472656,21.30500030517578,20.375,20.579999923706055,20.579999923706055,486000
2022-09-26,20.280000686645508,21.159000396728516,20.229999542236328,20.309999465942383,20.309999465942383,373500
2022-09-27,20.770000457763672,21.40999984741211,20.229999542236328,20.920000076293945,20.920000076293945,440400
2022-09-28,21.1200008392334,22.920000076293945,21.04599952697754,22.219999313354492,22.219999313354492,469300
2022-09-29,21.59000015258789,21.780000686645508,20.229999542236328,20.549999237060547,20.549999237060547,284700
2022-09-30,20.290000915527344,21.274999618530273,20.010000228881836,20.3799991607666,20.3799991607666,332800
2022-10-03,20.700000762939453,21.424999237060547,20.3799991607666,20.989999771118164,20.989999771118164,302500
2022-10-04,21.829999923706055,22.545000076293945,21.510000228881836,21.6200008392334,21.6200008392334,455800
2022-10-05,21.0,21.40999984741211,19.81999969482422,21.15999984741211,21.15999984741211,523100
2022-10-06,21.0,21.649999618530273,20.450000762939453,20.520000457763672,20.520000457763672,306500
2022-10-07,20.100000381469727,20.440000534057617,19.420000076293945,20.309999465942383,20.309999465942383,456300
2022-10-10,20.510000228881836,20.510000228881836,19.459999084472656,20.059999465942383,20.059999465942383,429400
2022-10-11,20.079999923706055,20.899999618530273,19.5,20.549999237060547,20.549999237060547,377100
2022-10-12,20.549999237060547,20.815000534057617,20.0,20.719999313354492,20.719999313354492,286300
2022-10-13,19.829999923706055,21.329999923706055,19.43000030517578,20.739999771118164,20.739999771118164,381700
2022-10-14,20.959999084472656,21.270000457763672,20.110000610351562,20.579999923706055,20.579999923706055,313400
2022-10-17,21.65999984741211,22.760000228881836,21.5,22.6200008392334,22.6200008392334,438500
2022-10-18,23.329999923706055,23.90999984741211,22.090999603271484,22.18000030517578,22.18000030517578,384200
2022-10-19,21.68000030517578,22.073999404907227,20.94499969482422,21.229999542236328,21.229999542236328,264800
2022-10-20,21.25,22.1200008392334,20.64900016784668,20.799999237060547,20.799999237060547,190600
2022-10-21,20.799999237060547,21.235000610351562,20.299999237060547,21.110000610351562,21.110000610351562,193300
2022-10-24,21.399999618530273,21.829999923706055,20.649999618530273,21.709999084472656,21.709999084472656,265100
2022-10-25,21.829999923706055,23.450000762939453,21.829999923706055,22.950000762939453,22.950000762939453,280800
2022-10-26,22.950000762939453,24.69499969482422,22.709999084472656,23.549999237060547,23.549999237060547,426600
2022-10-27,23.760000228881836,24.09000015258789,23.020000457763672,23.25,23.25,242700
2022-10-28,23.170000076293945,24.315000534057617,22.649999618530273,24.030000686645508,24.030000686645508,286200
2022-10-31,23.979999542236328,24.709999084472656,23.559999465942383,24.34000015258789,24.34000015258789,229000
2022-11-01,24.8799991607666,25.267000198364258,24.559999465942383,25.059999465942383,25.059999465942383,232200
2022-11-02,24.790000915527344,24.798999786376953,22.760000228881836,23.020000457763672,23.020000457763672,296600
2022-11-03,22.780000686645508,23.108999252319336,22.290000915527344,22.799999237060547,22.799999237060547,265100
2022-11-04,23.389999389648438,23.61199951171875,22.350000381469727,23.3799991607666,23.3799991607666,220000
2022-11-07,24.0,24.440000534057617,23.28499984741211,24.209999084472656,24.209999084472656,285900
2022-11-08,24.479999542236328,24.954999923706055,23.8799991607666,24.610000610351562,24.610000610351562,216700
2022-11-09,24.5,24.514999389648438,22.969999313354492,23.309999465942383,23.309999465942383,233400
2022-11-10,24.989999771118164,27.579999923706055,24.81999969482422,26.139999389648438,26.139999389648438,491200
2022-11-11,26.209999084472656,27.299999237060547,26.030000686645508,26.56999969482422,26.56999969482422,263100
2022-11-14,26.639999389648438,27.739999771118164,25.959999084472656,26.600000381469727,26.600000381469727,262700
2022-11-15,27.719999313354492,28.40999984741211,26.799999237060547,27.170000076293945,27.170000076293945,274700
2022-11-16,27.110000610351562,27.350000381469727,26.0,26.389999389648438,26.389999389648438,362200
2022-11-17,26.100000381469727,26.329999923706055,25.510000228881836,25.829999923706055,25.829999923706055,280000
2022-11-18,26.549999237060547,26.565000534057617,24.889999389648438,25.040000915527344,25.040000915527344,203500
2022-11-21,24.760000228881836,25.290000915527344,24.15999984741211,24.5,24.5,298700
2022-11-22,24.6299991607666,25.454999923706055,23.825000762939453,25.290000915527344,25.290000915527344,231700
2022-11-23,25.290000915527344,25.825000762939453,24.940000534057617,25.719999313354492,25.719999313354492,148300
2022-11-25,25.610000610351562,25.985000610351562,25.283000946044922,25.93000030517578,25.93000030517578,55500
2022-11-28,25.8799991607666,26.0,23.975000381469727,24.209999084472656,24.209999084472656,208600
2022-11-29,24.40999984741211,25.235000610351562,24.209999084472656,25.09000015258789,25.09000015258789,259300
2022-11-30,25.09000015258789,26.09000015258789,24.68000030517578,26.049999237060547,26.049999237060547,265500
2022-12-01,26.3700008392334,26.6299991607666,24.700000762939453,24.790000915527344,24.790000915527344,265900
2022-12-02,24.440000534057617,25.079999923706055,23.989999771118164,24.829999923706055,24.829999923706055,282500
2022-12-05,24.709999084472656,24.88800048828125,22.815000534057617,22.93000030517578,22.93000030517578,406900
2022-12-06,22.93000030517578,23.165000915527344,22.1299991607666,22.489999771118164,22.489999771118164,606000
2022-12-07,19.5,20.5,17.600000381469727,17.709999084472656,17.709999084472656,2229900
2022-12-08,17.709999084472656,19.760000228881836,17.670000076293945,19.030000686645508,19.030000686645508,679500
2022-12-09,18.649999618530273,20.0,18.31399917602539,19.610000610351562,19.610000610351562,472900
2022-12-12,19.469999313354492,19.860000610351562,18.849000930786133,19.809999465942383,19.809999465942383,345000
2022-12-13,20.860000610351562,21.459999084472656,19.530000686645508,19.709999084472656,19.709999084472656,343600
2022-12-14,19.530000686645508,19.812999725341797,19.030000686645508,19.239999771118164,19.239999771118164,343700
2022-12-15,18.979999542236328,19.06999969482422,18.28499984741211,18.790000915527344,18.790000915527344,315200
2022-12-16,18.510000228881836,18.84000015258789,18.184999465942383,18.729999542236328,18.729999542236328,350200
2022-12-19,18.59000015258789,18.812000274658203,18.05500030517578,18.170000076293945,18.170000076293945,356500
2022-12-20,18.0,18.600000381469727,17.84000015258789,18.489999771118164,18.489999771118164,252500
2022-12-21,18.770000457763672,19.389999389648438,18.700000762939453,19.079999923706055,19.079999923706055,339900
2022-12-22,18.920000076293945,19.329999923706055,18.350000381469727,19.010000228881836,19.010000228881836,587000
2022-12-23,19.34000015258789,20.059999465942383,19.190000534057617,20.020000457763672,20.020000457763672,585500
2022-12-27,19.8799991607666,21.329999923706055,19.3799991607666,20.989999771118164,20.989999771118164,728900
2022-12-28,20.969999313354492,21.389999389648438,20.239999771118164,20.959999084472656,20.959999084472656,344100
2022-12-29,21.299999237060547,21.790000915527344,21.100000381469727,21.3700008392334,21.3700008392334,412200
2022-12-30,20.90999984741211,22.09000015258789,20.700000762939453,22.010000228881836,22.010000228881836,343900
2023-01-03,22.520000457763672,23.25,21.510000228881836,22.045000076293945,22.045000076293945,401600
2023-01-04,22.209999084472656,23.600000381469727,22.139999389648438,22.700000762939453,22.700000762939453,513500
2023-01-05,23.010000228881836,25.309999465942383,22.90999984741211,24.809999465942383,24.809999465942383,1033400
2023-01-06,25.110000610351562,26.559999465942383,24.899999618530273,26.469999313354492,26.469999313354492,757500
2023-01-09,26.899999618530273,27.270000457763672,26.190000534057617,26.40999984741211,26.40999984741211,580600
2023-01-10,26.25,27.149999618530273,26.25,26.850000381469727,26.850000381469727,487200
2023-01-11,27.030000686645508,27.839000701904297,26.709999084472656,26.799999237060547,26.799999237060547,459900
2023-01-12,27.315000534057617,27.600000381469727,26.3700008392334,26.729999542236328,26.729999542236328,507700
2023-01-13,26.280000686645508,27.700000762939453,26.100000381469727,26.59000015258789,26.59000015258789,389500
2023-01-17,26.280000686645508,27.097999572753906,25.829999923706055,26.290000915527344,26.290000915527344,448500
2023-01-18,26.489999771118164,26.68000030517578,24.889999389648438,25.1299991607666,25.1299991607666,562800
2023-01-19,24.709999084472656,25.43000030517578,24.114999771118164,25.190000534057617,25.190000534057617,573500
2023-01-20,25.43000030517578,26.389999389648438,25.010000228881836,26.1200008392334,26.1200008392334,616000
2023-01-23,26.25,26.739999771118164,25.93000030517578,26.309999465942383,26.309999465942383,671700
2023-01-24,26.09000015258789,26.805999755859375,25.520000457763672,25.56999969482422,25.56999969482422,407000
2023-01-25,25.239999771118164,25.860000610351562,24.84000015258789,25.65999984741211,25.65999984741211,388400
2023-01-26,25.90999984741211,26.200000762939453,25.31999969482422,25.770000457763672,25.770000457763672,245600
2023-01-27,25.579999923706055,26.31399917602539,25.559999465942383,25.969999313354492,25.969999313354492,312300
2023-01-30,25.469999313354492,25.94499969482422,24.799999237060547,24.84000015258789,24.84000015258789,317100
2023-01-31,24.8799991607666,25.790000915527344,24.8799991607666,25.739999771118164,25.739999771118164,239200
2023-02-01,26.229999542236328,26.860000610351562,25.364999771118164,26.670000076293945,26.670000076293945,494600
2023-02-02,27.079999923706055,29.239999771118164,26.905000686645508,28.5,28.5,990600
2023-02-03,27.739999771118164,30.34000015258789,27.450000762939453,28.6200008392334,28.6200008392334,708800
2023-02-06,28.020000457763672,29.389999389648438,27.290000915527344,27.3700008392334,27.3700008392334,750900
2023-02-07,27.110000610351562,28.549999237060547,26.459999084472656,28.440000534057617,28.440000534057617,689300
2023-02-08,28.309999465942383,29.424999237060547,27.90399932861328,28.170000076293945,28.170000076293945,413200
2023-02-09,28.399999618530273,29.059999465942383,27.65999984741211,27.90999984741211,27.90999984741211,368900
2023-02-10,27.760000228881836,28.059999465942383,27.059999465942383,27.860000610351562,27.860000610351562,272800
2023-02-13,27.75,28.68000030517578,27.454999923706055,28.34000015258789,28.34000015258789,579100
2023-02-14,27.920000076293945,29.850000381469727,27.399999618530273,29.764999389648438,29.764999389648438,427100
2023-02-15,29.479999542236328,30.229999542236328,28.850000381469727,29.770000457763672,29.770000457763672,592900
2023-02-16,29.229999542236328,29.96500015258789,28.520000457763672,28.969999313354492,28.969999313354492,231500
2023-02-17,28.90999984741211,29.139999389648438,28.350000381469727,29.020000457763672,29.020000457763672,399500
2023-02-21,28.40999984741211,29.15999984741211,27.110000610351562,27.709999084472656,27.709999084472656,482200
2023-02-22,27.709999084472656,28.59000015258789,27.690000534057617,27.799999237060547,27.799999237060547,376800
2023-02-23,28.0,28.329999923706055,27.520000457763672,28.309999465942383,28.309999465942383,293400
2023-02-24,27.520000457763672,27.950000762939453,27.079999923706055,27.809999465942383,27.809999465942383,271700
2023-02-27,28.1299991607666,28.600000381469727,27.66699981689453,27.829999923706055,27.829999923706055,203200
2023-02-28,27.899999618530273,29.375,27.899999618530273,28.790000915527344,28.790000915527344,423200
2023-03-01,28.5,28.809999465942383,27.989999771118164,28.760000228881836,28.760000228881836,401500
2023-03-02,28.40999984741211,28.700000762939453,27.610000610351562,28.290000915527344,28.290000915527344,319700
2023-03-03,28.719999313354492,29.81999969482422,28.469999313354492,29.420000076293945,29.420000076293945,317400
2023-03-06,29.68000030517578,29.68000030517578,27.799999237060547,27.8700008392334,27.8700008392334,293100
2023-03-07,27.84000015258789,28.700000762939453,27.75,28.239999771118164,28.239999771118164,212000
2023-03-08,28.270000457763672,28.440000534057617,27.155000686645508,27.360000610351562,27.360000610351562,319400
2023-03-09,27.280000686645508,27.739999771118164,26.350000381469727,26.729999542236328,26.729999542236328,379500
2023-03-10,26.459999084472656,26.760000228881836,25.010000228881836,25.139999389648438,25.139999389648438,652300
2023-03-13,24.719999313354492,24.8799991607666,23.6299991607666,23.81999969482422,23.81999969482422,761400
2023-03-14,24.100000381469727,24.229999542236328,21.739999771118164,22.079999923706055,22.079999923706055,1127200
2023-03-15,21.469999313354492,21.989999771118164,21.040000915527344,21.415000915527344,21.415000915527344,654300
2023-03-16,21.25,22.540000915527344,20.799999237060547,22.299999237060547,22.299999237060547,460200
2023-03-17,22.06999969482422,22.17300033569336,21.239999771118164,21.299999237060547,21.299999237060547,346700
2023-03-20,21.530000686645508,22.549999237060547,21.094999313354492,22.459999084472656,22.459999084472656,482700
2023-03-21,22.690000534057617,23.385000228881836,22.690000534057617,23.229999542236328,23.229999542236328,453900
2023-03-22,23.149999618530273,24.280000686645508,22.799999237060547,23.559999465942383,23.559999465942383,634900
2023-03-23,23.979999542236328,24.8700008392334,23.790000915527344,24.06999969482422,24.06999969482422,526000
2023-03-24,24.0,25.44499969482422,23.5,25.260000228881836,25.260000228881836,572400
2023-03-27,25.579999923706055,25.6200008392334,23.860000610351562,24.0,24.0,1117300
2023-03-28,26.0,28.75,25.75,27.0,27.0,2154700
2023-03-29,27.75,28.549999237060547,27.190000534057617,28.40999984741211,28.40999984741211,837600
2023-03-30,28.600000381469727,29.100000381469727,26.780000686645508,27.59000015258789,27.59000015258789,1197900
2023-03-31,28.139999389648438,29.100000381469727,27.94499969482422,28.899999618530273,28.899999618530273,920800
2023-04-03,28.899999618530273,30.260000228881836,28.40999984741211,30.15999984741211,30.15999984741211,649600
2023-04-04,30.469999313354492,30.700000762939453,29.56999969482422,29.670000076293945,29.670000076293945,565000
2023-04-05,29.1299991607666,29.309999465942383,28.309999465942383,28.920000076293945,28.920000076293945,559500
2023-04-06,28.8799991607666,29.43000030517578,28.299999237060547,28.709999084472656,28.709999084472656,429000
2023-04-10,28.459999084472656,28.81999969482422,27.770000457763672,28.239999771118164,28.239999771118164,426100
2023-04-11,28.690000534057617,28.8700008392334,27.450000762939453,28.31999969482422,28.31999969482422,452700
2023-04-12,28.829999923706055,28.860000610351562,27.5,27.639999389648438,27.639999389648438,374800
2023-04-13,28.0,29.09000015258789,27.82900047302246,28.670000076293945,28.670000076293945,381700
2023-04-14,28.8700008392334,29.190000534057617,28.31999969482422,28.489999771118164,28.489999771118164,277700
2023-04-17,28.399999618530273,28.829999923706055,28.08099937438965,28.719999313354492,28.719999313354492,399500
2023-04-18,29.5,30.934999465942383,29.31999969482422,29.8700008392334,29.8700008392334,565500
2023-04-19,29.600000381469727,29.729999542236328,28.844999313354492,28.950000762939453,28.950000762939453,379900
2023-04-20,28.3799991607666,29.235000610351562,27.479999542236328,27.809999465942383,27.809999465942383,393600
2023-04-21,27.729999542236328,29.3700008392334,27.538999557495117,29.18000030517578,29.18000030517578,586000
2023-04-24,29.0,29.33799934387207,28.040000915527344,28.239999771118164,28.239999771118164,297800
2023-04-25,27.889999389648438,28.079999923706055,26.700000762939453,26.739999771118164,26.739999771118164,315600
2023-04-26,26.920000076293945,27.1200008392334,26.309999465942383,26.559999465942383,26.559999465942383,228900
2023-04-27,26.889999389648438,27.450000762939453,26.709999084472656,27.0,27.0,198900
2023-04-28,26.780000686645508,27.010000228881836,26.260000228881836,26.290000915527344,26.290000915527344,317700
2023-05-01,26.290000915527344,26.895000457763672,26.079999923706055,26.770000457763672,26.770000457763672,247600
2023-05-02,26.739999771118164,27.489999771118164,26.229999542236328,27.3799991607666,27.3799991607666,340200
2023-05-03,27.3799991607666,27.649999618530273,26.489999771118164,26.520000457763672,26.520000457763672,332400
2023-05-04,26.229999542236328,26.5,25.270000457763672,25.489999771118164,25.489999771118164,293800
2023-05-05,25.68000030517578,26.735000610351562,25.68000030517578,26.299999237060547,26.299999237060547,213900
2023-05-08,26.40999984741211,26.489999771118164,25.760000228881836,26.079999923706055,26.079999923706055,136500
2023-05-09,25.84000015258789,26.200000762939453,25.540000915527344,25.940000534057617,25.940000534057617,223000
2023-05-10,26.489999771118164,26.56999969482422,25.8799991607666,26.049999237060547,26.049999237060547,191400
2023-05-11,25.81999969482422,26.364999771118164,25.450000762939453,25.65999984741211,25.65999984741211,189700
2023-05-12,25.639999389648438,25.670000076293945,24.96500015258789,25.170000076293945,25.170000076293945,233800
2023-05-15,25.149999618530273,25.75,25.049999237060547,25.360000610351562,25.360000610351562,235900
2023-05-16,25.200000762939453,25.350000381469727,23.43899917602539,23.850000381469727,23.850000381469727,429400
2023-05-17,24.170000076293945,24.170000076293945,23.5,23.59000015258789,23.59000015258789,328900
2023-05-18,23.600000381469727,23.895000457763672,23.31999969482422,23.639999389648438,23.639999389648438,391100
2023-05-19,23.760000228881836,23.760000228881836,22.280000686645508,22.510000228881836,22.510000228881836,437500
2023-05-22,22.6200008392334,23.229999542236328,22.260000228881836,22.559999465942383,22.559999465942383,466100
2023-05-23,22.5,23.059999465942383,21.84000015258789,21.940000534057617,21.940000534057617,302600
2023-05-24,21.8700008392334,21.905000686645508,20.829999923706055,21.329999923706055,21.329999923706055,456700
2023-05-25,21.440000534057617,21.59000015258789,19.979999542236328,20.030000686645508,20.030000686645508,490000
2023-05-26,20.049999237060547,21.40999984741211,19.979999542236328,21.329999923706055,21.329999923706055,463600
2023-05-30,21.75,21.75,20.3799991607666,21.190000534057617,21.190000534057617,361500
2023-05-31,21.200000762939453,21.260000228881836,20.674999237060547,21.079999923706055,21.079999923706055,364500
2023-06-01,21.030000686645508,21.770000457763672,20.729999542236328,21.489999771118164,21.489999771118164,296400
2023-06-02,21.899999618530273,23.25,21.770000457763672,23.15999984741211,23.15999984741211,412400
2023-06-05,23.270000457763672,23.6299991607666,22.583999633789062,22.860000610351562,22.860000610351562,489100
2023-06-06,22.90999984741211,25.299999237060547,22.829999923706055,24.489999771118164,24.489999771118164,1079900
2023-06-07,25.0,25.375,22.33799934387207,23.1200008392334,23.1200008392334,1301300
2023-06-08,23.350000381469727,23.860000610351562,22.049999237060547,22.690000534057617,22.690000534057617,765200
2023-06-09,22.690000534057617,23.889999389648438,22.40999984741211,22.610000610351562,22.610000610351562,435000
2023-06-12,22.579999923706055,23.100000381469727,22.350000381469727,22.440000534057617,22.440000534057617,446700
2023-06-13,22.649999618530273,23.450000762939453,22.33300018310547,23.200000762939453,23.200000762939453,440500
2023-06-14,23.3700008392334,24.350000381469727,23.06999969482422,23.969999313354492,23.969999313354492,386000
2023-06-15,23.729999542236328,24.454999923706055,23.729999542236328,24.059999465942383,24.059999465942383,405800
2023-06-16,24.43000030517578,24.43000030517578,23.34000015258789,23.799999237060547,23.799999237060547,387500
2023-06-20,23.729999542236328,25.350000381469727,23.600000381469727,25.299999237060547,25.299999237060547,639100
2023-06-21,24.850000381469727,25.979999542236328,24.3799991607666,25.850000381469727,25.850000381469727,458300
2023-06-22,25.959999084472656,26.850000381469727,24.950000762939453,26.709999084472656,26.709999084472656,402600
2023-06-23,26.549999237060547,26.604999542236328,25.56999969482422,25.90999984741211,25.90999984741211,557700
2023-06-26,25.829999923706055,26.440000534057617,25.489999771118164,25.799999237060547,25.799999237060547,301700
2023-06-27,25.889999389648438,26.709999084472656,25.889999389648438,26.389999389648438,26.389999389648438,302600
2023-06-28,26.170000076293945,26.389999389648438,25.68000030517578,25.8799991607666,25.8799991607666,270700
2023-06-29,25.68000030517578,26.799999237060547,25.636999130249023,26.709999084472656,26.709999084472656,313400
2023-06-30,26.969999313354492,27.170000076293945,26.530000686645508,26.950000762939453,26.950000762939453,327600
2023-07-03,26.90999984741211,27.149999618530273,25.860000610351562,26.170000076293945,26.170000076293945,232500
2023-07-05,26.049999237060547,26.25,25.399999618530273,25.799999237060547,25.799999237060547,390900
2023-07-06,25.6299991607666,25.885000228881836,24.790000915527344,25.329999923706055,25.329999923706055,378200
2023-07-07,25.399999618530273,26.18000030517578,25.329999923706055,25.3700008392334,25.3700008392334,307800
2023-07-10,25.34000015258789,27.889999389648438,25.34000015258789,27.8700008392334,27.8700008392334,322500
2023-07-11,28.0,29.75,28.0,29.059999465942383,29.059999465942383,836800
2023-07-12,29.479999542236328,29.530000686645508,27.809999465942383,28.389999389648438,28.389999389648438,302800
2023-07-13,28.790000915527344,29.309999465942383,28.389999389648438,28.760000228881836,28.760000228881836,174600
2023-07-14,28.700000762939453,29.059999465942383,28.124000549316406,28.360000610351562,28.360000610351562,184000
2023-07-17,28.329999923706055,28.979999542236328,28.15999984741211,28.43000030517578,28.43000030517578,214300
2023-07-18,28.5,29.459999084472656,28.5,29.18000030517578,29.18000030517578,343900
2023-07-19,29.350000381469727,29.440000534057617,28.639999389648438,29.420000076293945,29.420000076293945,202900
2023-07-20,29.43000030517578,29.75,29.040000915527344,29.18000030517578,29.18000030517578,199700
2023-07-21,29.389999389648438,29.47599983215332,27.59000015258789,27.739999771118164,27.739999771118164,284300
2023-07-24,27.43000030517578,28.59000015258789,27.3799991607666,28.280000686645508,28.280000686645508,270400
2023-07-25,28.06999969482422,28.395000457763672,27.674999237060547,28.219999313354492,28.219999313354492,194400
2023-07-26,28.219999313354492,29.309999465942383,27.610000610351562,29.229999542236328,29.229999542236328,267300
2023-07-27,29.229999542236328,29.639999389648438,27.8799991607666,28.010000228881836,28.010000228881836,203000
2023-07-28,28.440000534057617,28.959999084472656,28.225000381469727,28.790000915527344,28.790000915527344,160100
2023-07-31,28.959999084472656,29.315000534057617,28.5,29.280000686645508,29.280000686645508,164000
2023-08-01,29.139999389648438,29.600000381469727,28.719999313354492,28.829999923706055,28.829999923706055,192100
2023-08-02,28.31999969482422,28.440000534057617,27.440000534057617,28.09000015258789,28.09000015258789,166300
2023-08-03,27.8700008392334,28.459999084472656,27.809999465942383,27.8700008392334,27.8700008392334,157400
2023-08-04,28.149999618530273,29.260000228881836,28.010000228881836,28.809999465942383,28.809999465942383,250900
2023-08-07,29.010000228881836,29.18000030517578,27.59000015258789,27.690000534057617,27.690000534057617,242900
2023-08-08,27.3799991607666,27.5,26.40999984741211,26.639999389648438,26.639999389648438,250600
2023-08-09,26.75,26.80500030517578,25.30500030517578,25.719999313354492,25.719999313354492,196300
2023-08-10,25.8799991607666,26.389999389648438,24.969999313354492,25.079999923706055,25.079999923706055,364400
2023-08-11,24.93000030517578,24.979999542236328,23.559999465942383,23.719999313354492,23.719999313354492,241500
2023-08-14,23.959999084472656,24.709999084472656,23.3700008392334,24.59000015258789,24.59000015258789,311100
2023-08-15,24.25,24.709999084472656,23.857999801635742,24.260000228881836,24.260000228881836,213100
2023-08-16,24.09000015258789,24.309999465942383,23.25,23.760000228881836,23.760000228881836,265400
2023-08-17,22.399999618530273,23.440000534057617,20.299999237060547,23.059999465942383,23.059999465942383,1038800
2023-08-18,22.6200008392334,24.079999923706055,22.6200008392334,23.84000015258789,23.84000015258789,344000
2023-08-21,23.81999969482422,23.924999237060547,22.94499969482422,23.329999923706055,23.329999923706055,389000
2023-08-22,23.459999084472656,23.584999084472656,22.78499984741211,23.1200008392334,23.1200008392334,224700
2023-08-23,23.020000457763672,23.510000228881836,22.871999740600586,23.020000457763672,23.020000457763672,214600
2023-08-24,23.0,23.170000076293945,22.280000686645508,22.360000610351562,22.360000610351562,220900
2023-08-25,22.450000762939453,22.540000915527344,21.8799991607666,22.34000015258789,22.34000015258789,203200
2023-08-28,22.579999923706055,22.860000610351562,21.940000534057617,22.200000762939453,22.200000762939453,196900
2023-08-29,22.149999618530273,22.729999542236328,22.030000686645508,22.399999618530273,22.399999618530273,276300
2023-08-30,22.420000076293945,22.584999084472656,22.239999771118164,22.299999237060547,22.299999237060547,168800
2023-08-31,22.350000381469727,23.079999923706055,22.350000381469727,22.920000076293945,22.920000076293945,299500
2023-09-01,23.989999771118164,26.020000457763672,23.559999465942383,25.440000534057617,25.440000534057617,517600
2023-09-05,25.40999984741211,25.690000534057617,24.700000762939453,24.719999313354492,24.719999313354492,319500
2023-09-06,24.649999618530273,25.19499969482422,24.190000534057617,24.209999084472656,24.209999084472656,241200
2023-09-07,24.049999237060547,24.420000076293945,22.850000381469727,23.010000228881836,23.010000228881836,416300
2023-09-08,23.079999923706055,23.079999923706055,21.549999237060547,22.270000457763672,22.270000457763672,555100
2023-09-11,21.729999542236328,22.559999465942383,21.450000762939453,21.610000610351562,21.610000610351562,353900
2023-09-12,21.350000381469727,22.139999389648438,21.18000030517578,21.399999618530273,21.399999618530273,383100
2023-09-13,21.459999084472656,22.049999237060547,21.149999618530273,21.780000686645508,21.780000686645508,362700
2023-09-14,21.899999618530273,22.5,21.75,22.149999618530273,22.149999618530273,658600
2023-09-15,22.18000030517578,22.43000030517578,21.1200008392334,21.200000762939453,21.200000762939453,391000
2023-09-18,21.299999237060547,21.299999237060547,20.1200008392334,20.610000610351562,20.610000610351562,361200
2023-09-19,20.540000915527344,20.8700008392334,20.225000381469727,20.559999465942383,20.559999465942383,225800
2023-09-20,21.040000915527344,21.579999923706055,20.924999237060547,20.979999542236328,20.979999542236328,365400
2023-09-21,20.479999542236328,20.639999389648438,19.448999404907227,19.809999465942383,19.809999465942383,511600
2023-09-22,19.81999969482422,20.219999313354492,19.579999923706055,19.809999465942383,19.809999465942383,271300
2023-09-25,19.610000610351562,19.709999084472656,18.729999542236328,19.139999389648438,19.139999389648438,396200
2023-09-26,18.959999084472656,19.190000534057617,18.709999084472656,18.8799991607666,18.8799991607666,296000
2023-09-27,18.84000015258789,19.325000762939453,18.709999084472656,19.18000030517578,19.18000030517578,244800
2023-09-28,19.200000762939453,19.860000610351562,18.9950008392334,19.780000686645508,19.780000686645508,295800
2023-09-29,20.0,20.200000762939453,19.59000015258789,19.920000076293945,19.920000076293945,177800
2023-10-02,19.989999771118164,20.190000534057617,19.045000076293945,19.100000381469727,19.100000381469727,267800
2023-10-03,19.010000228881836,19.209999084472656,18.239999771118164,18.450000762939453,18.450000762939453,368900
2023-10-04,18.450000762939453,18.809999465942383,17.739999771118164,17.889999389648438,17.889999389648438,333600
2023-10-05,17.969999313354492,18.09000015258789,17.329999923706055,17.709999084472656,17.709999084472656,321300
2023-10-06,17.59000015258789,17.839000701904297,17.290000915527344,17.3700008392334,17.3700008392334,281400
2023-10-09,17.1299991607666,17.399999618530273,16.81999969482422,17.239999771118164,17.239999771118164,329000
2023-10-10,17.239999771118164,18.239999771118164,17.239999771118164,18.15999984741211,18.15999984741211,381900
2023-10-11,18.270000457763672,18.530000686645508,17.975000381469727,18.280000686645508,18.280000686645508,246900
2023-10-12,18.209999084472656,18.309999465942383,17.0,17.149999618530273,17.149999618530273,261500
2023-10-13,17.110000610351562,17.190000534057617,16.75,16.760000228881836,16.760000228881836,217900
2023-10-16,17.030000686645508,17.540000915527344,16.959999084472656,17.149999618530273,17.149999618530273,262100
2023-10-17,16.989999771118164,17.950000762939453,16.989999771118164,17.540000915527344,17.540000915527344,330100
2023-10-18,17.229999542236328,17.261999130249023,16.190000534057617,16.5,16.5,381500
2023-10-19,16.5,16.65999984741211,15.800000190734863,15.829999923706055,15.829999923706055,282000
2023-10-20,15.819999694824219,15.989999771118164,15.5600004196167,15.760000228881836,15.760000228881836,331100
2023-10-23,15.699999809265137,15.75,14.734999656677246,14.84000015258789,14.84000015258789,507100
2023-10-24,15.039999961853027,15.279999732971191,14.83899974822998,14.930000305175781,14.930000305175781,387300
2023-10-25,14.770000457763672,14.800000190734863,14.1899995803833,14.449999809265137,14.449999809265137,426900
2023-10-26,14.550000190734863,15.079999923706055,14.180000305175781,14.4399995803833,14.4399995803833,296600
2023-10-27,14.470000267028809,15.300000190734863,14.279999732971191,15.09000015258789,15.09000015258789,564300
2023-10-30,14.829999923706055,16.8799991607666,14.829999923706055,16.719999313354492,16.719999313354492,588700
2023-10-31,16.639999389648438,16.84000015258789,15.954999923706055,16.459999084472656,16.459999084472656,379700
2023-11-01,16.420000076293945,17.190000534057617,16.25,17.1200008392334,17.1200008392334,453000
2023-11-02,17.5,17.809999465942383,17.34000015258789,17.75,17.75,480700
2023-11-03,17.770000457763672,19.979999542236328,17.440000534057617,17.559999465942383,17.559999465942383,786600
2023-11-06,17.559999465942383,17.709999084472656,16.59000015258789,16.959999084472656,16.959999084472656,426600
2023-11-07,17.010000228881836,17.899999618530273,16.979999542236328,17.5,17.5,498400
2023-11-08,17.6299991607666,18.200000762939453,17.31999969482422,18.049999237060547,18.049999237060547,336200
2023-11-09,18.06999969482422,18.1200008392334,16.889999389648438,16.969999313354492,16.969999313354492,330600
2023-11-10,16.989999771118164,17.006000518798828,16.200000762939453,16.709999084472656,16.709999084472656,374800
2023-11-13,16.40999984741211,16.729999542236328,16.264999389648438,16.299999237060547,16.299999237060547,284100
2023-11-14,17.030000686645508,18.1200008392334,17.030000686645508,18.049999237060547,18.049999237060547,440300
2023-11-15,18.260000228881836,19.530000686645508,18.260000228881836,19.049999237060547,19.049999237060547,584000
2023-11-16,18.84000015258789,19.0,18.1299991607666,18.170000076293945,18.170000076293945,267100
2023-11-17,18.549999237060547,18.729999542236328,18.0049991607666,18.440000534057617,18.440000534057617,335200
2023-11-20,18.6299991607666,19.6299991607666,18.399999618530273,19.549999237060547,19.549999237060547,241200
2023-11-21,19.350000381469727,19.389999389648438,18.459999084472656,18.530000686645508,18.530000686645508,281900
2023-11-22,18.8799991607666,19.639999389648438,18.8799991607666,19.06999969482422,19.06999969482422,219600
2023-11-24,19.040000915527344,19.649999618530273,18.90999984741211,19.579999923706055,19.579999923706055,137400
2023-11-27,19.329999923706055,19.670000076293945,19.219999313354492,19.459999084472656,19.459999084472656,203800
2023-11-28,19.399999618530273,19.84000015258789,19.05500030517578,19.780000686645508,19.780000686645508,174000
2023-11-29,20.0,20.84000015258789,20.0,20.489999771118164,20.489999771118164,268300
2023-11-30,20.649999618530273,21.34000015258789,20.5,20.760000228881836,20.760000228881836,793400
2023-12-01,20.299999237060547,21.6299991607666,20.260000228881836,21.610000610351562,21.610000610351562,347000
2023-12-04,21.6299991607666,22.049999237060547,21.371999740600586,21.920000076293945,21.920000076293945,347800
2023-12-05,21.6200008392334,21.9060001373291,20.68000030517578,21.020000457763672,21.020000457763672,507200
2023-12-06,21.729999542236328,24.15999984741211,21.049999237060547,23.610000610351562,23.610000610351562,1125900
2023-12-07,23.6299991607666,24.94499969482422,23.510000228881836,24.8799991607666,24.8799991607666,541500
2023-12-08,24.799999237060547,25.34000015258789,24.37700080871582,25.299999237060547,25.299999237060547,326800
2023-12-11,25.3799991607666,25.829999923706055,24.829999923706055,25.399999618530273,25.399999618530273,434700
2023-12-12,25.399999618530273,25.81999969482422,24.899999618530273,25.329999923706055,25.329999923706055,368500
2023-12-13,25.170000076293945,26.780000686645508,24.43000030517578,26.489999771118164,26.489999771118164,419200
2023-12-14,27.610000610351562,29.809999465942383,27.5,29.34000015258789,29.34000015258789,969100
2023-12-15,29.309999465942383,29.31999969482422,27.579999923706055,27.690000534057617,27.690000534057617,669800
2023-12-18,27.690000534057617,27.690000534057617,26.25,26.479999542236328,26.479999542236328,454500
2023-12-19,27.0,27.420000076293945,26.760000228881836,27.0,27.0,392100
2023-12-20,26.940000534057617,27.239999771118164,26.059999465942383,26.059999465942383,26.059999465942383,402100
2023-12-21,26.5,26.920000076293945,26.229999542236328,26.5,26.5,285700
2023-12-22,26.6200008392334,26.920000076293945,26.299999237060547,26.399999618530273,26.399999618530273,273400
2023-12-26,26.3700008392334,26.709999084472656,26.3700008392334,26.549999237060547,26.549999237060547,206100
2023-12-27,26.549999237060547,26.799999237060547,25.81999969482422,26.040000915527344,26.040000915527344,277700
2023-12-28,25.75,26.285999298095703,25.360000610351562,26.030000686645508,26.030000686645508,529300
2023-12-29,25.950000762939453,26.559999465942383,25.040000915527344,25.549999237060547,25.549999237060547,360900
2024-01-02,25.799999237060547,27.06999969482422,25.549999237060547,26.329999923706055,26.329999923706055,288200
2024-01-03,25.75,26.149999618530273,25.0,25.25,25.25,341100
2024-01-04,25.200000762939453,25.450000762939453,24.760000228881836,25.15999984741211,25.15999984741211,192400
2024-01-05,25.040000915527344,25.674999237060547,24.68000030517578,25.15999984741211,25.15999984741211,172500
2024-01-08,25.329999923706055,25.770000457763672,25.020000457763672,25.09000015258789,25.09000015258789,152600
2024-01-09,24.579999923706055,25.5,24.010000228881836,25.15999984741211,25.15999984741211,217000
2024-01-10,24.979999542236328,25.280000686645508,24.649999618530273,24.899999618530273,24.899999618530273,162500
2024-01-11,24.719999313354492,24.905000686645508,23.969999313354492,24.049999237060547,24.049999237060547,193200
2024-01-12,24.40999984741211,24.6200008392334,23.309999465942383,23.530000686645508,23.530000686645508,204400
2024-01-16,23.350000381469727,23.350000381469727,21.950000762939453,22.290000915527344,22.290000915527344,425500
2024-01-17,22.0,22.579999923706055,21.65999984741211,22.549999237060547,22.549999237060547,203900
2024-01-18,22.6200008392334,22.757999420166016,22.09000015258789,22.3700008392334,22.3700008392334,193500
2024-01-19,22.450000762939453,22.850000381469727,21.969999313354492,22.770000457763672,22.770000457763672,179400
2024-01-22,23.079999923706055,23.739999771118164,23.0,23.639999389648438,23.639999389648438,216400
2024-01-23,23.950000762939453,24.15999984741211,23.225000381469727,23.34000015258789,23.34000015258789,145100
2024-01-24,23.989999771118164,24.229999542236328,23.479999542236328,23.610000610351562,23.610000610351562,288700
2024-01-25,23.959999084472656,24.1299991607666,23.149999618530273,23.850000381469727,23.850000381469727,358800
2024-01-26,24.200000762939453,24.336000442504883,23.610000610351562,23.81999969482422,23.81999969482422,257900
2024-01-29,23.950000762939453,24.270000457763672,23.485000610351562,24.229999542236328,24.229999542236328,160500
2024-01-30,24.229999542236328,24.229999542236328,23.579999923706055,23.75,23.75,111100
2024-01-31,23.690000534057617,24.219999313354492,23.139999389648438,23.15999984741211,23.15999984741211,155600
2024-02-01,23.3799991607666,23.90999984741211,22.920000076293945,23.18000030517578,23.18000030517578,144900
2024-02-02,22.8700008392334,23.190000534057617,22.260000228881836,23.020000457763672,23.020000457763672,146900
2024-02-05,22.489999771118164,22.860000610351562,22.0,22.84000015258789,22.84000015258789,143900
2024-02-06,22.75,23.989999771118164,22.75,23.920000076293945,23.920000076293945,116500
2024-02-07,23.889999389648438,23.889999389648438,22.90999984741211,22.989999771118164,22.989999771118164,153400
2024-02-08,22.959999084472656,23.920000076293945,22.854999542236328,23.780000686645508,23.780000686645508,138300
2024-02-09,24.0,24.8799991607666,23.547000885009766,24.739999771118164,24.739999771118164,355100
2024-02-12,25.0,26.18000030517578,25.0,25.790000915527344,25.790000915527344,328900
2024-02-13,24.540000915527344,26.399999618530273,24.1299991607666,25.510000228881836,25.510000228881836,477100
2024-02-14,25.850000381469727,25.989999771118164,25.0049991607666,25.25,25.25,220500
2024-02-15,25.700000762939453,25.881000518798828,24.440000534057617,24.610000610351562,24.610000610351562,301200
2024-02-16,24.219999313354492,24.520000457763672,23.56999969482422,24.110000610351562,24.110000610351562,280600
2024-02-20,23.43000030517578,23.90999984741211,23.25,23.489999771118164,23.489999771118164,294700
2024-02-21,23.3700008392334,23.6299991607666,22.100000381469727,22.15999984741211,22.15999984741211,325300
2024-02-22,22.540000915527344,23.209999084472656,22.5,22.75,22.75,250700
2024-02-23,22.579999923706055,22.899999618530273,22.34000015258789,22.520000457763672,22.520000457763672,173200
2024-02-26,22.450000762939453,22.84000015258789,22.073999404907227,22.530000686645508,22.530000686645508,141000
2024-02-27,22.700000762939453,23.899999618530273,22.6299991607666,23.709999084472656,23.709999084472656,143100
2024-02-28,23.5,23.666000366210938,22.84000015258789,22.920000076293945,22.920000076293945,113500
2024-02-29,23.270000457763672,23.6200008392334,23.0,23.040000915527344,23.040000915527344,131400
2024-03-01,23.3700008392334,23.889999389648438,23.0049991607666,23.15999984741211,23.15999984741211,142100
2024-03-04,23.100000381469727,23.114999771118164,22.459999084472656,22.520000457763672,22.520000457763672,173600
2024-03-05,22.200000762939453,22.385000228881836,21.729999542236328,22.15999984741211,22.15999984741211,205300
2024-03-06,22.299999237060547,22.420000076293945,21.200000762939453,21.40999984741211,21.40999984741211,372600
2024-03-07,21.75,21.90999984741211,21.20199966430664,21.690000534057617,21.690000534057617,311900
2024-03-08,22.100000381469727,22.6200008392334,21.969999313354492,22.219999313354492,22.219999313354492,226400
2024-03-11,22.18000030517578,22.6200008392334,21.844999313354492,22.030000686645508,22.030000686645508,226600
2024-03-12,22.09000015258789,22.584999084472656,21.8799991607666,22.079999923706055,22.079999923706055,350100
2024-03-13,22.110000610351562,23.3700008392334,22.110000610351562,23.020000457763672,23.020000457763672,249300
2024-03-14,23.040000915527344,23.19300079345703,22.06999969482422,22.520000457763672,22.520000457763672,182400
2024-03-15,22.31999969482422,22.735000610351562,22.270000457763672,22.6200008392334,22.6200008392334,197600
2024-03-18,22.6299991607666,22.940000534057617,22.079999923706055,22.170000076293945,22.170000076293945,267300
2024-03-19,21.90999984741211,22.308000564575195,20.84000015258789,21.360000610351562,21.360000610351562,323100
2024-03-20,21.420000076293945,22.850000381469727,21.420000076293945,22.790000915527344,22.790000915527344,346700
2024-03-21,22.950000762939453,23.190000534057617,22.5,22.829999923706055,22.829999923706055,318100
2024-03-22,22.610000610351562,22.69499969482422,21.5,21.5,21.5,170700
2024-03-25,21.700000762939453,22.18000030517578,21.530000686645508,22.0,22.0,267300
2024-03-26,22.18000030517578,22.18000030517578,21.43000030517578,21.639999389648438,21.639999389648438,173600
2024-03-27,21.75,22.389999389648438,21.670000076293945,22.389999389648438,22.389999389648438,191300
2024-03-28,22.34000015258789,22.760000228881836,22.34000015258789,22.600000381469727,22.600000381469727,159800
2024-04-01,22.690000534057617,22.690000534057617,22.059999465942383,22.600000381469727,22.600000381469727,175300
2024-04-02,22.09000015258789,22.260000228881836,21.670000076293945,22.049999237060547,22.049999237060547,241200
2024-04-03,21.93000030517578,22.540000915527344,21.850000381469727,22.530000686645508,22.530000686645508,154000
2024-04-04,22.81999969482422,23.975000381469727,22.729999542236328,23.030000686645508,23.030000686645508,438400
2024-04-05,22.790000915527344,23.989999771118164,22.770000457763672,23.84000015258789,23.84000015258789,326200
2024-04-08,24.049999237060547,24.700000762939453,24.040000915527344,24.299999237060547,24.299999237060547,287000
2024-04-09,24.219999313354492,25.09000015258789,24.0,24.389999389648438,24.389999389648438,388000
2024-04-10,23.540000915527344,23.790000915527344,22.549999237060547,23.34000015258789,23.34000015258789,565400
2024-04-11,19.239999771118164,21.1200008392334,18.920000076293945,20.729999542236328,20.729999542236328,2752000
2024-04-12,20.100000381469727,20.3799991607666,18.719999313354492,19.510000228881836,19.510000228881836,854600
2024-04-15,19.3700008392334,19.719999313354492,18.6200008392334,18.799999237060547,18.799999237060547,511000
2024-04-16,18.5,19.40999984741211,18.209999084472656,19.350000381469727,19.350000381469727,432200
2024-04-17,20.079999923706055,20.510000228881836,19.799999237060547,20.18000030517578,20.18000030517578,423800
2024-04-18,20.09000015258789,20.40999984741211,19.760000228881836,20.350000381469727,20.350000381469727,379600
2024-04-19,20.829999923706055,21.290000915527344,20.6200008392334,20.799999237060547,20.799999237060547,467300
2024-04-22,20.8700008392334,22.15999984741211,20.8700008392334,21.920000076293945,21.920000076293945,386800
2024-04-23,21.649999618530273,22.5,21.649999618530273,22.040000915527344,22.040000915527344,339500
2024-04-24,22.31999969482422,22.7450008392334,22.21500015258789,22.43000030517578,22.43000030517578,272800
2024-04-25,21.8799991607666,21.989999771118164,21.549999237060547,21.850000381469727,21.850000381469727,274700
2024-04-26,21.979999542236328,22.204999923706055,21.649999618530273,21.84000015258789,21.84000015258789,223400
2024-04-29,21.989999771118164,22.405000686645508,21.93000030517578,22.200000762939453,22.200000762939453,277800
2024-04-30,22.100000381469727,22.59000015258789,21.940000534057617,22.18000030517578,22.18000030517578,265000
2024-05-01,22.0,22.670000076293945,20.969999313354492,22.030000686645508,22.030000686645508,429200
2024-05-02,22.459999084472656,22.459999084472656,22.030000686645508,22.290000915527344,22.290000915527344,180300
2024-05-03,22.760000228881836,23.55500030517578,22.530000686645508,23.3799991607666,23.3799991607666,375200
2024-05-06,23.59000015258789,24.18000030517578,23.209999084472656,23.979999542236328,23.979999542236328,275500
2024-05-07,24.040000915527344,24.43000030517578,23.655000686645508,23.950000762939453,23.950000762939453,399100
2024-05-08,23.729999542236328,23.950000762939453,23.420000076293945,23.920000076293945,23.920000076293945,206000
2024-05-09,23.8799991607666,25.770000457763672,23.639999389648438,25.729999542236328,25.729999542236328,340400
2024-05-10,25.809999465942383,26.040000915527344,25.1200008392334,25.309999465942383,25.309999465942383,362400
2024-05-13,25.549999237060547,27.260000228881836,25.549999237060547,26.530000686645508,26.530000686645508,546400
2024-05-14,27.229999542236328,27.790000915527344,26.514999389648438,26.860000610351562,26.860000610351562,437000
2024-05-15,27.350000381469727,27.434999465942383,26.829999923706055,27.049999237060547,27.049999237060547,183700
2024-05-16,26.959999084472656,27.565000534057617,26.81999969482422,27.270000457763672,27.270000457763672,285600
2024-05-17,27.260000228881836,27.6200008392334,26.920000076293945,27.559999465942383,27.559999465942383,196900
2024-05-20,27.690000534057617,27.905000686645508,26.80299949645996,27.229999542236328,27.229999542236328,341300
2024-05-21,27.34000015258789,27.360000610351562,26.489999771118164,27.239999771118164,27.239999771118164,202300
2024-05-22,27.079999923706055,27.290000915527344,26.05500030517578,26.739999771118164,26.739999771118164,297500
2024-05-23,26.93000030517578,26.93000030517578,26.09000015258789,26.290000915527344,26.290000915527344,417400
2024-05-24,26.559999465942383,26.559999465942383,26.05500030517578,26.450000762939453,26.450000762939453,172200
2024-05-28,26.489999771118164,28.3799991607666,26.440000534057617,28.15999984741211,28.15999984741211,321400
2024-05-29,27.860000610351562,28.3700008392334,27.35099983215332,27.40999984741211,27.40999984741211,240100
2024-05-30,27.8799991607666,28.834999084472656,27.5,27.989999771118164,27.989999771118164,243200
2024-05-31,28.190000534057617,28.59000015258789,27.790000915527344,28.110000610351562,28.110000610351562,247400
2024-06-03,28.329999923706055,28.799999237060547,27.93000030517578,28.219999313354492,28.219999313354492,288000
2024-06-04,27.799999237060547,28.15999984741211,27.290000915527344,27.719999313354492,27.719999313354492,250400
2024-06-05,27.75,28.770000457763672,27.6299991607666,28.709999084472656,28.709999084472656,232100
2024-06-06,28.729999542236328,28.729999542236328,26.280000686645508,27.0,27.0,353100
2024-06-07,26.850000381469727,27.06999969482422,26.31999969482422,26.360000610351562,26.360000610351562,171700
2024-06-10,26.1299991607666,26.81999969482422,25.899999618530273,26.139999389648438,26.139999389648438,179500
2024-06-11,25.059999465942383,25.950000762939453,24.559999465942383,24.729999542236328,24.729999542236328,482700
2024-06-12,25.5,26.434999465942383,25.010000228881836,25.979999542236328,25.979999542236328,712400
2024-06-13,25.719999313354492,27.489999771118164,25.719999313354492,26.260000228881836,26.260000228881836,662600
2024-06-14,26.239999771118164,26.239999771118164,23.649999618530273,24.25,24.25,459900
2024-06-17,24.290000915527344,24.8700008392334,24.030000686645508,24.264999389648438,24.264999389648438,364900
2024-06-18,24.1299991607666,24.424999237060547,22.959999084472656,23.270000457763672,23.270000457763672,497600
2024-06-20,23.15999984741211,23.6299991607666,23.049999237060547,23.270000457763672,23.270000457763672,260900
2024-06-21,23.100000381469727,23.329999923706055,22.950000762939453,23.260000228881836,23.260000228881836,283400
2024-06-24,23.110000610351562,23.260000228881836,21.729999542236328,21.850000381469727,21.850000381469727,363900
2024-06-25,21.829999923706055,21.829999923706055,21.079999923706055,21.5,21.5,296800
2024-06-26,21.450000762939453,21.969999313354492,21.364999771118164,21.649999618530273,21.649999618530273,230200
2024-06-27,21.760000228881836,21.979999542236328,21.389999389648438,21.739999771118164,21.739999771118164,168500
2024-06-28,21.93000030517578,22.739999771118164,21.729999542236328,22.579999923706055,22.579999923706055,641200
2024-07-01,22.649999618530273,22.709999084472656,21.520000457763672,21.940000534057617,21.940000534057617,304200
2024-07-02,21.899999618530273,22.020000457763672,21.665000915527344,21.989999771118164,21.989999771118164,174100
2024-07-03,22.18000030517578,22.489999771118164,22.031999588012695,22.270000457763672,22.270000457763672,68700
2024-07-05,22.15999984741211,22.290000915527344,21.350000381469727,21.459999084472656,21.459999084472656,199700
2024-07-08,21.6200008392334,23.1200008392334,21.6200008392334,23.0,23.0,237100
2024-07-09,23.0,23.0,22.260000228881836,22.610000610351562,22.610000610351562,157100
2024-07-10,22.809999465942383,23.530000686645508,22.350000381469727,23.440000534057617,23.440000534057617,224100
2024-07-11,24.18000030517578,27.0,23.850000381469727,26.81999969482422,26.81999969482422,456400
2024-07-12,27.06999969482422,27.829999923706055,26.6299991607666,26.979999542236328,26.979999542236328,279500
2024-07-15,27.260000228881836,28.270000457763672,26.790000915527344,27.889999389648438,27.889999389648438,287900
2024-07-16,28.219999313354492,30.389999389648438,28.190000534057617,30.139999389648438,30.139999389648438,308400
2024-07-17,29.3700008392334,30.27899932861328,28.639999389648438,29.510000228881836,29.510000228881836,371000
2024-07-18,29.520000457763672,30.145000457763672,28.079999923706055,28.079999923706055,28.079999923706055,247700
2024-07-19,28.139999389648438,28.31999969482422,27.56999969482422,28.1299991607666,28.1299991607666,180400
2024-07-22,28.239999771118164,28.489999771118164,27.149999618530273,28.459999084472656,28.459999084472656,228300
2024-07-23,28.420000076293945,29.065000534057617,28.06999969482422,28.299999237060547,28.299999237060547,152200
2024-07-24,28.1200008392334,28.389999389648438,26.6299991607666,26.760000228881836,26.760000228881836,163500
2024-07-25,26.770000457763672,28.610000610351562,26.649999618530273,27.56999969482422,27.56999969482422,238600
2024-07-26,27.270000457763672,28.299999237060547,26.6299991607666,27.719999313354492,27.719999313354492,238700
2024-07-29,27.969999313354492,28.360000610351562,27.469999313354492,27.670000076293945,27.670000076293945,103300
2024-07-30,27.760000228881836,27.93000030517578,26.59000015258789,26.59000015258789,26.59000015258789,206500
2024-07-31,27.780000686645508,29.5,27.270000457763672,27.360000610351562,27.360000610351562,497800
2024-08-01,27.399999618530273,27.809999465942383,24.889999389648438,25.479999542236328,25.479999542236328,252500
2024-08-02,24.5,24.979999542236328,24.170000076293945,24.5,24.5,191600
2024-08-05,23.0,24.90999984741211,22.510000228881836,24.6299991607666,24.6299991607666,350700
2024-08-06,25.219999313354492,25.219999313354492,23.90999984741211,24.65999984741211,24.65999984741211,173500
2024-08-07,25.200000762939453,25.200000762939453,23.510000228881836,23.6200008392334,23.6200008392334,194000
2024-08-08,23.889999389648438,24.091999053955078,23.520000457763672,23.75,23.75,193500
2024-08-09,23.719999313354492,23.75,22.209999084472656,22.479999542236328,22.479999542236328,294200
2024-08-12,22.479999542236328,22.670000076293945,21.43000030517578,22.6200008392334,22.6200008392334,198100
2024-08-13,22.700000762939453,23.239999771118164,22.559999465942383,22.75,22.75,129700
2024-08-14,22.770000457763672,22.770000457763672,21.905000686645508,22.469999313354492,22.469999313354492,149900
2024-08-15,22.959999084472656,23.68000030517578,22.850000381469727,23.31999969482422,23.31999969482422,178200
2024-08-16,23.200000762939453,23.670000076293945,22.760000228881836,23.270000457763672,23.270000457763672,187300
2024-08-19,23.270000457763672,24.170000076293945,23.270000457763672,24.079999923706055,24.079999923706055,216100
2024-08-20,23.90999984741211,24.190000534057617,23.25,23.489999771118164,23.489999771118164,154400
2024-08-21,23.6299991607666,23.989999771118164,23.266000747680664,23.940000534057617,23.940000534057617,120000
2024-08-22,23.920000076293945,24.114999771118164,23.31999969482422,23.34000015258789,23.34000015258789,108100
2024-08-23,23.520000457763672,24.760000228881836,23.450000762939453,24.030000686645508,24.030000686645508,228300
2024-08-26,24.469999313354492,24.729999542236328,23.809999465942383,24.6299991607666,24.6299991607666,146900
2024-08-27,24.489999771118164,24.850000381469727,23.65999984741211,23.739999771118164,23.739999771118164,182000
2024-08-28,23.739999771118164,24.100000381469727,23.270000457763672,23.579999923706055,23.579999923706055,154800
2024-08-29,23.670000076293945,24.200000762939453,23.010000228881836,23.06999969482422,23.06999969482422,117500
2024-08-30,23.389999389648438,23.510000228881836,23.020000457763672,23.239999771118164,23.239999771118164,153400
2024-09-03,23.049999237060547,23.1200008392334,22.200000762939453,22.56999969482422,22.56999969482422,147400
2024-09-04,22.639999389648438,22.950000762939453,22.110000610351562,22.520000457763672,22.520000457763672,139300
2024-09-05,22.6200008392334,22.850000381469727,22.30500030517578,22.360000610351562,22.360000610351562,134100
2024-09-06,22.299999237060547,22.674999237060547,21.690000534057617,22.1200008392334,22.1200008392334,184600
2024-09-09,21.950000762939453,22.139999389648438,20.600000381469727,20.93000030517578,20.93000030517578,419200
2024-09-10,21.0,21.149999618530273,20.260000228881836,20.90999984741211,20.90999984741211,281600
2024-09-11,20.989999771118164,21.1200008392334,19.790000915527344,21.020000457763672,21.020000457763672,410300
2024-09-12,22.899999618530273,26.799999237060547,22.899999618530273,25.5,25.5,1439700
2024-09-13,26.1299991607666,26.649999618530273,25.1200008392334,26.25,26.25,595500
2024-09-16,26.40999984741211,26.639999389648438,25.299999237060547,26.350000381469727,26.350000381469727,523800
2024-09-17,26.43000030517578,27.420000076293945,26.290000915527344,26.649999618530273,26.649999618530273,388700
2024-09-18,26.68000030517578,27.389999389648438,25.760000228881836,26.139999389648438,26.139999389648438,323300
2024-09-19,27.09000015258789,27.670000076293945,25.95800018310547,27.6200008392334,27.6200008392334,402800
2024-09-20,27.329999923706055,27.469999313354492,26.100000381469727,26.1200008392334,26.1200008392334,464600
2024-09-23,26.219999313354492,27.281999588012695,25.969999313354492,27.139999389648438,27.139999389648438,458500
2024-09-24,27.1200008392334,27.8700008392334,27.1200008392334,27.59000015258789,27.59000015258789,197000
2024-09-25,27.600000381469727,27.6299991607666,26.739999771118164,26.90999984741211,26.90999984741211,166400
2024-09-26,27.559999465942383,28.799999237060547,27.420000076293945,28.15999984741211,28.15999984741211,486300
2024-09-27,28.450000762939453,28.450000762939453,27.770000457763672,28.030000686645508,28.030000686645508,215700
2024-09-30,27.790000915527344,28.94499969482422,27.790000915527344,28.649999618530273,28.649999618530273,354700
2024-10-01,28.350000381469727,28.350000381469727,26.888999938964844,27.549999237060547,27.549999237060547,239600
2024-10-02,27.239999771118164,27.559999465942383,26.260000228881836,26.260000228881836,26.260000228881836,175700
2024-10-03,26.079999923706055,26.440000534057617,25.1299991607666,25.469999313354492,25.469999313354492,266600
2024-10-04,25.719999313354492,25.959999084472656,25.44499969482422,25.6299991607666,25.6299991607666,148900
2024-10-07,25.760000228881836,25.760000228881836,24.459999084472656,24.510000228881836,24.510000228881836,218400
2024-10-08,24.399999618530273,24.959999084472656,24.100000381469727,24.899999618530273,24.899999618530273,203300
2024-10-09,24.969999313354492,25.34600067138672,24.639999389648438,24.84000015258789,24.84000015258789,152900
