Date,Open,High,Low,Close,Adj Close,Volume
2020-05-20,3.0,3.0,1.149999976158142,1.2899999618530273,1.2899999618530273,111800
2020-05-21,1.4500000476837158,1.7999999523162842,1.25,1.340000033378601,1.340000033378601,310600
2020-05-22,1.5,1.6699999570846558,1.25,1.409999966621399,1.409999966621399,638300
2020-05-26,1.4500000476837158,1.4600000381469727,1.3799999952316284,1.4500000476837158,1.4500000476837158,360500
2020-05-27,1.4500000476837158,1.6699999570846558,1.409999966621399,1.6699999570846558,1.6699999570846558,417500
2020-05-28,1.649999976158142,1.690000057220459,1.5049999952316284,1.6699999570846558,1.6699999570846558,320000
2020-05-29,1.6799999475479126,1.7100000381469727,1.6799999475479126,1.7100000381469727,1.7100000381469727,77500
2020-06-01,1.7200000286102295,1.7999999523162842,1.7100000381469727,1.7799999713897705,1.7799999713897705,157500
2020-06-02,1.7999999523162842,1.8799999952316284,1.7999999523162842,1.8600000143051147,1.8600000143051147,221800
2020-06-03,1.8799999952316284,1.940000057220459,1.8700000047683716,1.940000057220459,1.940000057220459,143800
2020-06-04,1.9500000476837158,1.9900000095367432,1.940000057220459,1.9700000286102295,1.9700000286102295,117800
2020-06-05,1.9900000095367432,2.0199999809265137,1.9800000190734863,2.0199999809265137,2.0199999809265137,111700
2020-06-08,2.0250000953674316,2.0299999713897705,2.0,2.0299999713897705,2.0299999713897705,32200
2020-06-09,2.0399999618530273,2.0399999618530273,2.0,2.0199999809265137,2.0199999809265137,36000
2020-06-10,2.0299999713897705,2.0299999713897705,2.0,2.009999990463257,2.009999990463257,24700
2020-06-11,2.0199999809265137,2.0399999618530273,1.8650000095367432,1.9700000286102295,1.9700000286102295,19700
2020-06-12,2.0399999618530273,2.0399999618530273,1.8200000524520874,2.0,2.0,76000
2020-06-15,2.190000057220459,2.190000057220459,1.899999976158142,2.0399999618530273,2.0399999618530273,24400
2020-06-16,2.0199999809265137,2.069999933242798,2.0199999809265137,2.059999942779541,2.059999942779541,15600
2020-06-17,2.065000057220459,2.109999895095825,2.059999942779541,2.0899999141693115,2.0899999141693115,34700
2020-06-18,2.0999999046325684,2.1500000953674316,2.0999999046325684,2.119999885559082,2.119999885559082,54500
2020-06-19,2.140000104904175,2.1500000953674316,2.119999885559082,2.1449999809265137,2.1449999809265137,62100
2020-06-22,2.1600000858306885,2.1649999618530273,2.1449999809265137,2.1649999618530273,2.1649999618530273,44200
2020-06-23,2.180000066757202,2.190000057220459,2.1600000858306885,2.180000066757202,2.180000066757202,66900
2020-06-24,2.190000057220459,2.200000047683716,2.1500000953674316,2.200000047683716,2.200000047683716,57800
2020-06-25,2.2100000381469727,2.2200000286102295,2.200000047683716,2.200000047683716,2.200000047683716,28800
2020-06-26,2.2200000286102295,2.2300000190734863,2.2100000381469727,2.2300000190734863,2.2300000190734863,34600
2020-06-29,2.25,2.2699999809265137,2.240000009536743,2.259999990463257,2.259999990463257,44000
2020-06-30,2.2799999713897705,2.2799999713897705,2.259999990463257,2.2699999809265137,2.2699999809265137,28000
2020-07-01,2.2899999618530273,2.299999952316284,2.2750000953674316,2.2850000858306885,2.2850000858306885,36200
2020-07-02,2.2899999618530273,2.3299999237060547,2.2799999713897705,2.3299999237060547,2.3299999237060547,40300
2020-07-06,2.309999942779541,2.369999885559082,2.309999942779541,2.3499999046325684,2.3499999046325684,66100
2020-07-07,2.390000104904175,2.390000104904175,2.3550000190734863,2.380000114440918,2.380000114440918,76400
2020-07-08,2.390000104904175,2.4000000953674316,2.380000114440918,2.3949999809265137,2.3949999809265137,53900
2020-07-09,2.390000104904175,2.450000047683716,2.390000104904175,2.434999942779541,2.434999942779541,85400
2020-07-10,2.447000026702881,2.4549999237060547,2.440000057220459,2.450000047683716,2.450000047683716,31000
2020-07-13,2.4600000381469727,2.4600000381469727,2.3499999046325684,2.440000057220459,2.440000057220459,48200
2020-07-14,2.440000057220459,2.490000009536743,2.369999885559082,2.4600000381469727,2.4600000381469727,89200
2020-07-15,2.4700000286102295,2.490000009536743,2.446000099182129,2.484999895095825,2.484999895095825,93000
2020-07-16,2.4800000190734863,2.5199999809265137,2.4700000286102295,2.5199999809265137,2.5199999809265137,53700
2020-07-17,2.5199999809265137,2.549999952316284,2.5199999809265137,2.549999952316284,2.549999952316284,81200
2020-07-20,2.559999942779541,2.5799999237060547,2.555000066757202,2.569999933242798,2.569999933242798,49100
2020-07-21,2.5799999237060547,2.609999895095825,2.5799999237060547,2.5999999046325684,2.5999999046325684,97400
2020-07-22,2.5999999046325684,2.619999885559082,2.5999999046325684,2.619999885559082,2.619999885559082,54400
2020-07-23,1.9500000476837158,2.630000114440918,1.9500000476837158,2.619999885559082,2.619999885559082,70200
2020-07-24,2.630000114440918,2.6600000858306885,2.619999885559082,2.6600000858306885,2.6600000858306885,29800
2020-07-27,2.6700000762939453,2.700000047683716,2.6500000953674316,2.700000047683716,2.700000047683716,29500
2020-07-28,2.700000047683716,2.740000009536743,2.700000047683716,2.7300000190734863,2.7300000190734863,92100
2020-07-29,2.7300000190734863,2.7699999809265137,2.3399999141693115,2.765000104904175,2.765000104904175,113600
2020-07-30,2.759999990463257,2.799999952316284,2.0799999237060547,2.7799999713897705,2.7799999713897705,48800
2020-07-31,2.799999952316284,2.809999942779541,2.7899999618530273,2.799999952316284,2.799999952316284,36800
2020-08-03,2.799999952316284,2.819999933242798,2.799999952316284,2.819999933242798,2.819999933242798,35000
2020-08-04,2.8299999237060547,2.8499999046325684,2.8299999237060547,2.8499999046325684,2.8499999046325684,49200
2020-08-05,2.8499999046325684,2.869999885559082,2.8399999141693115,2.859999895095825,2.859999895095825,23400
2020-08-06,2.890000104904175,2.890000104904175,2.859999895095825,2.880000114440918,2.880000114440918,16900
2020-08-07,2.890000104904175,2.9000000953674316,2.875,2.890000104904175,2.890000104904175,14700
2020-08-10,2.9000000953674316,2.9200000762939453,2.880000114440918,2.9200000762939453,2.9200000762939453,16100
2020-08-11,2.9200000762939453,2.940000057220459,2.9149999618530273,2.940000057220459,2.940000057220459,31600
2020-08-12,2.950000047683716,3.059999942779541,2.940000057220459,3.059999942779541,3.059999942779541,230200
2020-08-13,3.069999933242798,3.180000066757202,3.055000066757202,3.180000066757202,3.180000066757202,385300
2020-08-14,3.180000066757202,3.2300000190734863,3.180000066757202,3.2300000190734863,3.2300000190734863,154800
2020-08-17,3.240000009536743,3.25,3.2200000286102295,3.25,3.25,61800
2020-08-18,3.259999990463257,3.2850000858306885,3.25,3.2799999713897705,3.2799999713897705,91200
2020-08-19,3.299999952316284,3.299999952316284,3.2200000286102295,3.2950000762939453,3.2950000762939453,85800
2020-08-20,3.3399999141693115,3.3399999141693115,3.2899999618530273,3.309999942779541,3.309999942779541,54300
2020-08-21,3.309999942779541,3.75,3.309999942779541,3.359999895095825,3.359999895095825,109100
2020-08-24,3.4000000953674316,3.4000000953674316,3.359999895095825,3.4000000953674316,3.4000000953674316,86900
2020-08-25,3.440000057220459,3.440000057220459,3.4000000953674316,3.440000057220459,3.440000057220459,91300
2020-08-26,3.450000047683716,3.6700000762939453,3.2300000190734863,3.4800000190734863,3.4800000190734863,115800
2020-08-27,3.4700000286102295,3.5,3.4100000858306885,3.490000009536743,3.490000009536743,97600
2020-08-28,3.4700000286102295,3.490000009536743,3.390000104904175,3.4749999046325684,3.4749999046325684,89900
2020-08-31,3.4700000286102295,3.490000009536743,3.180000066757202,3.490000009536743,3.490000009536743,141200
2020-09-01,3.490000009536743,3.609999895095825,3.490000009536743,3.6050000190734863,3.6050000190734863,110500
2020-09-02,3.609999895095825,3.680000066757202,3.5999999046325684,3.6500000953674316,3.6500000953674316,108800
2020-09-03,3.6700000762939453,3.7200000286102295,3.6500000953674316,3.7200000286102295,3.7200000286102295,140900
2020-09-04,3.7200000286102295,3.890000104904175,3.7200000286102295,3.7709999084472656,3.7709999084472656,264300
2020-09-08,3.7699999809265137,3.809999942779541,3.75,3.7799999713897705,3.7799999713897705,177700
2020-09-09,3.890000104904175,3.890000104904175,3.700000047683716,3.8299999237060547,3.8299999237060547,87300
2020-09-10,3.8399999141693115,3.859999895095825,3.75,3.8499999046325684,3.8499999046325684,71300
2020-09-11,3.859999895095825,3.880000114440918,3.859999895095825,3.865000009536743,3.865000009536743,49100
2020-09-14,3.880000114440918,3.880000114440918,3.5,3.819999933242798,3.819999933242798,126400
2020-09-15,3.8399999141693115,3.859999895095825,3.8299999237060547,3.859999895095825,3.859999895095825,82100
2020-09-16,3.8499999046325684,3.9000000953674316,3.759999990463257,3.9000000953674316,3.9000000953674316,89200
2020-09-17,3.700000047683716,3.8949999809265137,3.609999895095825,3.8499999046325684,3.8499999046325684,111400
2020-09-18,3.859999895095825,4.059999942779541,3.799999952316284,3.990000009536743,3.990000009536743,93100
2020-09-21,4.079999923706055,4.079999923706055,3.940000057220459,3.950000047683716,3.950000047683716,22000
2020-09-22,3.990000009536743,4.0,3.859999895095825,4.0,4.0,28200
2020-09-23,4.010000228881836,4.050000190734863,3.799999952316284,4.039999961853027,4.039999961853027,53700
2020-09-24,4.039999961853027,4.039999961853027,3.6500000953674316,3.890000104904175,3.890000104904175,94800
2020-09-25,4.0,4.0,3.549999952316284,3.9000000953674316,3.9000000953674316,84600
2020-09-28,3.9100000858306885,3.9649999141693115,3.5899999141693115,3.75,3.75,71100
2020-09-29,3.799999952316284,4.099999904632568,3.7750000953674316,3.890000104904175,3.890000104904175,135900
2020-09-30,3.930000066757202,4.039999961853027,3.880000114440918,4.019999980926514,4.019999980926514,55300
2020-10-01,4.014999866485596,4.059999942779541,4.0,4.039999961853027,4.039999961853027,56400
2020-10-02,4.039999961853027,4.039999961853027,3.640000104904175,3.859999895095825,3.859999895095825,95000
2020-10-05,3.880000114440918,3.890000104904175,3.6700000762939453,3.740000009536743,3.740000009536743,54100
2020-10-06,3.690000057220459,3.819999933242798,3.5999999046325684,3.744999885559082,3.744999885559082,50000
2020-10-07,3.75,3.8399999141693115,3.6500000953674316,3.7799999713897705,3.7799999713897705,48600
2020-10-08,3.8299999237060547,3.8299999237060547,3.5999999046325684,3.7750000953674316,3.7750000953674316,56200
2020-10-09,3.7699999809265137,3.9000000953674316,3.7699999809265137,3.880000114440918,3.880000114440918,103100
2020-10-12,3.859999895095825,3.9000000953674316,3.7100000381469727,3.7799999713897705,3.7799999713897705,43500
2020-10-13,3.7899999618530273,3.9000000953674316,3.75,3.8299999237060547,3.8299999237060547,37300
2020-10-14,3.8499999046325684,3.869999885559082,3.7200000286102295,3.799999952316284,3.799999952316284,42300
2020-10-15,3.7899999618530273,3.8399999141693115,3.5799999237060547,3.6700000762939453,3.6700000762939453,84100
2020-10-16,3.6700000762939453,3.9000000953674316,3.6500000953674316,3.8499999046325684,3.8499999046325684,71700
2020-10-19,3.8499999046325684,3.950000047683716,3.8499999046325684,3.930000066757202,3.930000066757202,48100
2020-10-20,3.950000047683716,3.9649999141693115,3.869999885559082,3.9600000381469727,3.9600000381469727,37900
2020-10-21,3.9600000381469727,4.010000228881836,3.9200000762939453,4.0,4.0,38100
2020-10-22,4.0,4.050000190734863,3.9600000381469727,4.039999961853027,4.039999961853027,37000
2020-10-23,4.039999961853027,4.039999961853027,3.9549999237060547,4.039999961853027,4.039999961853027,24700
2020-10-26,4.039999961853027,4.039999961853027,3.9000000953674316,4.019999980926514,4.019999980926514,35600
2020-10-27,4.0,4.050000190734863,3.9000000953674316,4.03000020980835,4.03000020980835,47800
2020-10-28,4.050000190734863,4.050000190734863,3.990000009536743,4.03000020980835,4.03000020980835,69400
2020-10-29,4.03000020980835,4.03000020980835,3.809999942779541,4.010000228881836,4.010000228881836,31000
2020-10-30,4.0,4.010000228881836,3.6600000858306885,3.8450000286102295,3.8450000286102295,44300
2020-11-02,3.9800000190734863,3.9800000190734863,3.700000047683716,3.700000047683716,3.700000047683716,59300
2020-11-03,3.700000047683716,3.7799999713897705,3.4700000286102295,3.684999942779541,3.684999942779541,105800
2020-11-04,3.700000047683716,3.8499999046325684,3.700000047683716,3.7899999618530273,3.7899999618530273,44400
2020-11-05,3.799999952316284,3.809999942779541,3.5899999141693115,3.700000047683716,3.700000047683716,24500
2020-11-06,3.7100000381469727,3.8499999046325684,3.7049999237060547,3.7899999618530273,3.7899999618530273,14800
2020-11-09,3.7699999809265137,3.890000104904175,3.690000057220459,3.859999895095825,3.859999895095825,37400
2020-11-10,3.819999933242798,3.9100000858306885,3.700000047683716,3.7899999618530273,3.7899999618530273,57200
2020-11-11,3.809999942779541,3.9100000858306885,3.809999942779541,3.880000114440918,3.880000114440918,38200
2020-11-12,3.890000104904175,3.9100000858306885,3.7200000286102295,3.869999885559082,3.869999885559082,26200
2020-11-13,3.880000114440918,3.890000104904175,3.759999990463257,3.890000104904175,3.890000104904175,14400
2020-11-16,3.759999990463257,3.8550000190734863,3.7200000286102295,3.799999952316284,3.799999952316284,8200
2020-11-17,3.809999942779541,3.880000114440918,3.5999999046325684,3.700000047683716,3.700000047683716,19800
2020-11-18,3.7300000190734863,3.7799999713897705,3.6500000953674316,3.7049999237060547,3.7049999237060547,28900
2020-11-19,3.6700000762939453,3.7799999713897705,3.5299999713897705,3.5799999237060547,3.5799999237060547,43300
2020-11-20,3.6449999809265137,3.740000009536743,3.4800000190734863,3.630000114440918,3.630000114440918,42700
2020-11-23,3.640000104904175,3.7149999141693115,3.4700000286102295,3.680000066757202,3.680000066757202,16800
2020-11-24,3.680000066757202,3.700000047683716,3.549999952316284,3.619999885559082,3.619999885559082,21900
2020-11-25,3.700000047683716,3.700000047683716,3.200000047683716,3.4100000858306885,3.4100000858306885,61000
2020-11-27,3.4000000953674316,3.4200000762939453,3.0,3.1700000762939453,3.1700000762939453,68600
2020-11-30,3.1700000762939453,3.5999999046325684,3.1700000762939453,3.5999999046325684,3.5999999046325684,53600
2020-12-01,3.5999999046325684,3.5999999046325684,3.240000009536743,3.4100000858306885,3.4100000858306885,23100
2020-12-02,3.4100000858306885,3.635999917984009,3.4000000953674316,3.509999990463257,3.509999990463257,36400
2020-12-03,3.5350000858306885,3.5999999046325684,3.440000057220459,3.5999999046325684,3.5999999046325684,19800
2020-12-04,3.630000114440918,3.630000114440918,3.559999942779541,3.630000114440918,3.630000114440918,22900
2020-12-07,3.6500000953674316,3.6500000953674316,3.5199999809265137,3.559999942779541,3.559999942779541,58300
2020-12-08,3.4200000762939453,3.619999885559082,3.4200000762939453,3.615000009536743,3.615000009536743,38900
2020-12-09,3.619999885559082,3.690000057220459,3.4800000190734863,3.549999952316284,3.549999952316284,42800
2020-12-10,3.559999942779541,3.680000066757202,3.4200000762939453,3.6500000953674316,3.6500000953674316,34900
2020-12-11,3.680000066757202,3.680000066757202,3.5899999141693115,3.680000066757202,3.680000066757202,20900
2020-12-14,3.680000066757202,3.680000066757202,3.430000066757202,3.5899999141693115,3.5899999141693115,29700
2020-12-15,3.5799999237060547,3.700000047683716,3.259999990463257,3.6700000762939453,3.6700000762939453,38700
2020-12-16,3.7149999141693115,3.7149999141693115,3.390000104904175,3.680000066757202,3.680000066757202,42800
2020-12-17,3.690000057220459,3.9000000953674316,3.6500000953674316,3.880000114440918,3.880000114440918,81100
2020-12-18,3.880000114440918,4.099999904632568,3.7249999046325684,4.010000228881836,4.010000228881836,155500
2020-12-21,4.090000152587891,4.199999809265137,3.930000066757202,4.045000076293945,4.045000076293945,97600
2020-12-22,4.159999847412109,4.210000038146973,4.059999942779541,4.199999809265137,4.199999809265137,65900
2020-12-23,4.164999961853027,4.239999771118164,4.164999961853027,4.239999771118164,4.239999771118164,56600
2020-12-24,4.260000228881836,4.260000228881836,4.199999809265137,4.25,4.25,11400
2020-12-28,4.289999961853027,4.289999961853027,4.230000019073486,4.269999980926514,4.269999980926514,34600
2020-12-29,4.269999980926514,4.309999942779541,4.059999942779541,4.309999942779541,4.309999942779541,23500
2020-12-30,4.239999771118164,4.340000152587891,4.230000019073486,4.320000171661377,4.320000171661377,61100
2020-12-31,4.329999923706055,4.369999885559082,4.300000190734863,4.360000133514404,4.360000133514404,37900
2021-01-04,4.369999885559082,4.380000114440918,4.079999923706055,4.139999866485596,4.139999866485596,39000
2021-01-05,4.230000019073486,4.360000133514404,4.164999961853027,4.329999923706055,4.329999923706055,62100
2021-01-06,4.340000152587891,4.389999866485596,4.199999809265137,4.320000171661377,4.320000171661377,63700
2021-01-07,4.309999942779541,4.420000076293945,4.139999866485596,4.360000133514404,4.360000133514404,71500
2021-01-08,4.369999885559082,4.425000190734863,4.230000019073486,4.420000076293945,4.420000076293945,48200
2021-01-11,4.429999828338623,4.510000228881836,4.429999828338623,4.489999771118164,4.489999771118164,76100
2021-01-12,4.5,4.570000171661377,4.5,4.570000171661377,4.570000171661377,89200
2021-01-13,4.699999809265137,4.760000228881836,4.579999923706055,4.71999979019165,4.71999979019165,172400
2021-01-14,4.71999979019165,4.829999923706055,4.71999979019165,4.800000190734863,4.800000190734863,97100
2021-01-15,4.820000171661377,4.920000076293945,4.809999942779541,4.900000095367432,4.900000095367432,138300
2021-01-19,5.0,5.03000020980835,4.900000095367432,5.005000114440918,5.005000114440918,149600
2021-01-20,5.019999980926514,5.090000152587891,5.014999866485596,5.079999923706055,5.079999923706055,96800
2021-01-21,5.099999904632568,5.190000057220459,5.09499979019165,5.175000190734863,5.175000190734863,145600
2021-01-22,5.199999809265137,5.320000171661377,5.190000057220459,5.300000190734863,5.300000190734863,177200
2021-01-25,5.329999923706055,5.550000190734863,5.300000190734863,5.440000057220459,5.440000057220459,212700
2021-01-26,5.480000019073486,5.570000171661377,5.46999979019165,5.550000190734863,5.550000190734863,145200
2021-01-27,5.570000171661377,5.619999885559082,5.550000190734863,5.599999904632568,5.599999904632568,87700
2021-01-28,5.619999885559082,5.630000114440918,3.7100000381469727,5.610000133514404,5.610000133514404,332500
2021-01-29,5.605000019073486,5.605000019073486,5.0,5.590000152587891,5.590000152587891,90100
2021-02-01,5.590000152587891,5.619999885559082,5.260000228881836,5.510000228881836,5.510000228881836,69700
2021-02-02,5.480000019073486,5.650000095367432,5.320000171661377,5.650000095367432,5.650000095367432,94800
2021-02-03,5.650000095367432,5.650000095367432,5.5,5.619999885559082,5.619999885559082,60000
2021-02-04,5.639999866485596,5.650000095367432,5.449999809265137,5.650000095367432,5.650000095367432,70000
2021-02-05,5.639999866485596,5.760000228881836,5.449999809265137,5.71999979019165,5.71999979019165,59700
2021-02-08,5.71999979019165,5.800000190734863,5.71999979019165,5.789999961853027,5.789999961853027,39800
2021-02-09,5.789999961853027,5.889999866485596,5.789999961853027,5.860000133514404,5.860000133514404,114500
2021-02-10,5.889999866485596,5.929999828338623,5.800000190734863,5.920000076293945,5.920000076293945,62200
2021-02-11,5.929999828338623,5.96999979019165,5.909999847412109,5.960000038146973,5.960000038146973,68900
2021-02-12,5.96999979019165,6.070000171661377,5.96999979019165,6.050000190734863,6.050000190734863,84100
2021-02-16,6.070000171661377,6.190000057220459,6.070000171661377,6.170000076293945,6.170000076293945,123400
2021-02-17,6.190000057220459,6.199999809265137,6.099999904632568,6.150000095367432,6.150000095367432,66400
2021-02-18,6.489999771118164,6.489999771118164,5.25,6.089000225067139,6.089000225067139,81900
2021-02-19,6.085000038146973,6.150000095367432,6.079999923706055,6.150000095367432,6.150000095367432,45900
2021-02-22,6.25,6.25,5.829999923706055,6.059999942779541,6.059999942779541,39500
2021-02-23,5.900000095367432,5.980000019073486,5.0,5.980000019073486,5.980000019073486,127600
2021-02-24,5.769999980926514,6.21999979019165,5.769999980926514,6.139999866485596,6.139999866485596,46700
2021-02-25,6.139999866485596,6.210000038146973,6.0,6.0,6.0,32200
2021-02-26,6.03000020980835,6.150000095367432,5.309999942779541,6.079999923706055,6.079999923706055,35800
2021-03-01,6.139999866485596,6.139999866485596,5.849999904632568,6.034999847412109,6.034999847412109,18700
2021-03-02,6.050000190734863,6.099999904632568,5.949999809265137,6.085000038146973,6.085000038146973,32700
2021-03-03,6.090000152587891,6.090000152587891,5.070000171661377,5.769999980926514,5.769999980926514,55100
2021-03-04,5.760000228881836,5.769999980926514,5.199999809265137,5.480000019073486,5.480000019073486,59100
2021-03-05,5.545000076293945,5.590000152587891,4.90500020980835,5.5,5.5,81500
2021-03-08,5.599999904632568,6.039999961853027,4.769999980926514,5.429999828338623,5.429999828338623,54900
2021-03-09,5.429999828338623,5.599999904632568,5.039999961853027,5.5,5.5,27000
2021-03-10,5.510000228881836,5.550000190734863,5.409999847412109,5.550000190734863,5.550000190734863,12000
2021-03-11,5.550000190734863,5.599999904632568,5.25,5.565000057220459,5.565000057220459,38100
2021-03-12,5.570000171661377,5.590000152587891,5.300000190734863,5.570000171661377,5.570000171661377,13300
2021-03-15,5.579999923706055,5.769999980926514,5.28000020980835,5.710000038146973,5.710000038146973,33800
2021-03-16,5.800000190734863,5.840000152587891,5.710000038146973,5.809999942779541,5.809999942779541,30100
2021-03-17,5.840000152587891,6.0,5.5,5.940000057220459,5.940000057220459,33400
2021-03-18,5.920000076293945,6.039999961853027,5.539999961853027,6.01800012588501,6.01800012588501,34900
2021-03-19,6.03000020980835,6.190000057220459,5.909999847412109,6.179999828338623,6.179999828338623,36300
2021-03-22,6.199999809265137,6.210000038146973,6.090000152587891,6.190000057220459,6.190000057220459,17100
2021-03-23,6.190000057220459,6.210000038146973,6.099999904632568,6.099999904632568,6.099999904632568,14800
2021-03-24,6.199999809265137,6.199999809265137,5.75,5.940000057220459,5.940000057220459,10300
2021-03-25,5.929999828338623,5.960000038146973,5.400000095367432,5.960000038146973,5.960000038146973,36100
2021-03-26,5.949999809265137,6.070000171661377,5.610000133514404,5.940000057220459,5.940000057220459,18900
2021-03-29,5.940000057220459,5.940000057220459,5.659999847412109,5.840000152587891,5.840000152587891,8500
2021-03-30,5.829999923706055,5.980000019073486,5.429999828338623,5.960000038146973,5.960000038146973,25300
2021-03-31,5.989999771118164,5.989999771118164,5.519999980926514,5.71999979019165,5.71999979019165,26000
2021-04-01,5.800000190734863,5.800000190734863,5.59499979019165,5.800000190734863,5.800000190734863,26200
2021-04-05,5.789999961853027,5.849999904632568,5.539999961853027,5.849999904632568,5.849999904632568,32700
2021-04-06,5.880000114440918,5.909999847412109,5.71999979019165,5.909999847412109,5.909999847412109,16900
2021-04-07,5.929999828338623,5.974999904632568,5.699999809265137,5.974999904632568,5.974999904632568,19600
2021-04-08,5.96999979019165,5.980000019073486,5.679999828338623,5.71999979019165,5.71999979019165,4100
2021-04-09,5.96999979019165,5.989999771118164,5.599999904632568,5.940000057220459,5.940000057220459,37000
2021-04-12,5.989999771118164,5.989999771118164,5.519999980926514,5.885000228881836,5.885000228881836,5300
2021-04-13,5.889999866485596,5.900000095367432,5.570000171661377,5.739999771118164,5.739999771118164,27500
2021-04-14,5.75,5.880000114440918,5.559999942779541,5.710000038146973,5.710000038146973,13800
2021-04-15,5.75,5.949999809265137,4.449999809265137,5.71999979019165,5.71999979019165,97700
2021-04-16,5.090000152587891,5.695000171661377,5.090000152587891,5.570000171661377,5.570000171661377,19000
2021-04-19,5.46999979019165,5.599999904632568,5.130000114440918,5.489999771118164,5.489999771118164,13500
2021-04-20,5.5,5.889999866485596,5.099999904632568,5.599999904632568,5.599999904632568,39700
2021-04-21,5.650000095367432,5.840000152587891,5.590000152587891,5.820000171661377,5.820000171661377,20800
2021-04-22,5.699999809265137,6.064000129699707,5.699999809265137,5.869999885559082,5.869999885559082,140700
2021-04-23,5.940000057220459,5.985000133514404,5.25,5.949999809265137,5.949999809265137,32400
2021-04-26,5.96999979019165,6.179999828338623,5.320000171661377,6.150000095367432,6.150000095367432,52300
2021-04-27,6.150000095367432,6.179999828338623,6.010000228881836,6.179999828338623,6.179999828338623,30500
2021-04-28,6.179999828338623,6.300000190734863,6.079999923706055,6.289999961853027,6.289999961853027,35200
2021-04-29,6.300000190734863,6.389999866485596,6.289999961853027,6.369999885559082,6.369999885559082,28000
2021-04-30,6.380000114440918,6.400000095367432,6.25,6.385000228881836,6.385000228881836,28200
2021-05-03,6.389999866485596,6.429999828338623,6.300000190734863,6.400000095367432,6.400000095367432,26600
2021-05-04,6.409999847412109,6.440000057220459,5.900000095367432,6.420000076293945,6.420000076293945,27200
2021-05-05,6.420000076293945,6.440000057220459,6.295000076293945,6.389999866485596,6.389999866485596,15200
2021-05-06,6.389999866485596,6.409999847412109,6.260000228881836,6.409999847412109,6.409999847412109,28000
2021-05-07,6.320000171661377,6.440000057220459,6.199999809265137,6.380000114440918,6.380000114440918,16200
2021-05-10,6.420000076293945,6.550000190734863,6.369999885559082,6.46999979019165,6.46999979019165,33300
2021-05-11,6.440000057220459,6.510000228881836,6.199999809265137,6.5,6.5,29100
2021-05-12,6.489999771118164,6.519999980926514,6.489999771118164,6.519999980926514,6.519999980926514,24300
2021-05-13,6.519999980926514,6.570000171661377,6.099999904632568,6.5,6.5,16700
2021-05-14,6.5,6.53000020980835,6.5,6.514999866485596,6.514999866485596,20600
2021-05-17,6.610000133514404,6.610000133514404,6.119999885559082,6.550000190734863,6.550000190734863,38100
2021-05-18,6.550000190734863,6.570000171661377,6.489999771118164,6.5,6.5,15300
2021-05-19,6.5,6.559999942779541,6.170000076293945,6.46999979019165,6.46999979019165,13900
2021-05-20,6.550000190734863,6.559999942779541,6.309999942779541,6.550000190734863,6.550000190734863,13900
2021-05-21,6.550000190734863,6.619999885559082,6.46999979019165,6.619999885559082,6.619999885559082,37000
2021-05-24,6.619999885559082,6.639999866485596,6.389999866485596,6.630000114440918,6.630000114440918,14800
2021-05-25,6.630000114440918,6.670000076293945,6.53000020980835,6.650000095367432,6.650000095367432,16600
2021-05-26,6.849999904632568,6.849999904632568,6.519999980926514,6.679999828338623,6.679999828338623,15500
2021-05-27,6.699999809265137,6.710000038146973,6.650000095367432,6.699999809265137,6.699999809265137,4800
2021-05-28,6.71999979019165,6.75,6.690000057220459,6.710000038146973,6.710000038146973,11100
2021-06-01,6.710000038146973,6.730000019073486,6.590000152587891,6.71999979019165,6.71999979019165,13100
2021-06-02,6.71999979019165,6.75,6.699999809265137,6.744999885559082,6.744999885559082,12600
2021-06-03,6.739999771118164,6.820000171661377,6.739999771118164,6.800000190734863,6.800000190734863,17400
2021-06-04,6.820000171661377,6.829999923706055,6.789999961853027,6.820000171661377,6.820000171661377,14100
2021-06-07,6.980000019073486,6.980000019073486,6.824999809265137,6.860000133514404,6.860000133514404,26100
2021-06-08,6.869999885559082,6.889999866485596,6.71999979019165,6.885000228881836,6.885000228881836,22000
2021-06-09,6.889999866485596,6.96999979019165,6.869999885559082,6.900000095367432,6.900000095367432,15300
2021-06-10,6.909999847412109,6.909999847412109,6.900000095367432,6.909999847412109,6.909999847412109,14300
2021-06-11,6.949999809265137,6.96999979019165,6.900000095367432,6.960000038146973,6.960000038146973,16800
2021-06-14,7.0,7.050000190734863,6.965000152587891,7.019999980926514,7.019999980926514,35900
2021-06-15,7.050000190734863,7.099999904632568,7.050000190734863,7.050000190734863,7.050000190734863,30300
2021-06-16,7.050000190734863,7.090000152587891,6.76800012588501,7.070000171661377,7.070000171661377,65400
2021-06-17,7.050000190734863,7.099999904632568,6.554999828338623,7.050000190734863,7.050000190734863,44800
2021-06-18,7.050000190734863,7.050000190734863,6.809999942779541,7.050000190734863,7.050000190734863,14600
2021-06-21,7.099999904632568,7.099999904632568,7.019999980926514,7.050000190734863,7.050000190734863,9500
2021-06-22,7.050000190734863,7.050000190734863,6.909999847412109,7.019999980926514,7.019999980926514,9800
2021-06-23,7.019999980926514,7.050000190734863,6.840000152587891,7.0,7.0,12500
2021-06-24,7.010000228881836,7.010000228881836,6.800000190734863,7.0,7.0,14400
2021-06-25,7.0,7.0,6.900000095367432,6.949999809265137,6.949999809265137,4200
2021-06-28,6.900000095367432,6.980000019073486,6.300000190734863,6.840000152587891,6.840000152587891,34200
2021-06-29,6.800000190734863,6.900000095367432,6.760000228881836,6.869999885559082,6.869999885559082,12300
2021-06-30,6.889999866485596,6.889999866485596,6.5,6.559999942779541,6.559999942779541,13800
2021-07-01,6.670000076293945,6.670000076293945,6.21999979019165,6.309999942779541,6.309999942779541,82800
2021-07-02,6.440000057220459,6.699999809265137,6.269999980926514,6.440000057220459,6.440000057220459,37900
2021-07-06,6.599999904632568,6.599999904632568,6.0,6.349999904632568,6.349999904632568,21600
2021-07-07,6.369999885559082,6.369999885559082,6.050000190734863,6.050000190734863,6.050000190734863,12600
2021-07-08,6.119999885559082,6.289999961853027,5.980000019073486,6.065000057220459,6.065000057220459,47800
2021-07-09,6.059999942779541,6.099999904632568,6.0,6.019999980926514,6.019999980926514,25900
2021-07-12,6.079999923706055,6.320000171661377,6.050000190734863,6.28000020980835,6.28000020980835,22500
2021-07-13,6.269999980926514,6.309999942779541,6.199999809265137,6.28000020980835,6.28000020980835,4300
2021-07-14,6.340000152587891,6.340000152587891,6.050000190734863,6.300000190734863,6.300000190734863,4800
2021-07-15,6.320000171661377,6.320000171661377,6.050000190734863,6.190000057220459,6.190000057220459,14800
2021-07-16,6.199999809265137,6.300000190734863,6.119999885559082,6.289999961853027,6.289999961853027,17300
2021-07-19,6.289999961853027,6.320000171661377,6.110000133514404,6.190000057220459,6.190000057220459,10300
2021-07-20,6.289999961853027,6.699999809265137,6.190000057220459,6.21999979019165,6.21999979019165,8400
2021-07-21,6.28000020980835,6.360000133514404,6.119999885559082,6.349999904632568,6.349999904632568,6700
2021-07-22,6.360000133514404,6.360000133514404,5.989999771118164,6.349999904632568,6.349999904632568,22400
2021-07-23,6.389999866485596,6.389999866485596,6.150000095367432,6.239999771118164,6.239999771118164,11000
2021-07-26,6.239999771118164,6.375,6.019999980926514,6.28000020980835,6.28000020980835,5700
2021-07-27,6.289999961853027,6.289999961853027,6.099999904632568,6.179999828338623,6.179999828338623,9600
2021-07-28,6.199999809265137,6.25,6.190000057220459,6.25,6.25,5600
2021-07-29,6.340000152587891,6.340000152587891,6.210000038146973,6.340000152587891,6.340000152587891,7800
2021-07-30,6.380000114440918,6.380000114440918,6.260000228881836,6.349999904632568,6.349999904632568,5400
2021-08-02,6.349999904632568,6.409999847412109,6.260000228881836,6.409999847412109,6.409999847412109,22300
2021-08-03,6.400000095367432,6.420000076293945,6.400000095367432,6.400000095367432,6.400000095367432,5200
2021-08-04,6.400000095367432,6.429999828338623,6.099999904632568,6.400000095367432,6.400000095367432,14500
2021-08-05,6.400000095367432,6.599999904632568,6.199999809265137,6.599999904632568,6.599999904632568,23900
2021-08-06,6.630000114440918,6.769999980926514,6.5,6.639999866485596,6.639999866485596,21400
2021-08-09,6.690000057220459,6.710000038146973,6.630000114440918,6.688000202178955,6.688000202178955,5500
2021-08-10,6.690000057220459,6.690000057220459,6.599999904632568,6.650000095367432,6.650000095367432,5700
2021-08-11,6.650000095367432,6.769999980926514,6.599999904632568,6.690000057220459,6.690000057220459,6900
2021-08-12,6.699999809265137,6.769999980926514,6.670000076293945,6.760000228881836,6.760000228881836,22100
2021-08-13,6.764999866485596,6.800000190734863,6.639999866485596,6.78000020980835,6.78000020980835,9000
2021-08-16,6.78000020980835,6.78000020980835,6.650000095367432,6.670000076293945,6.670000076293945,1900
2021-08-17,6.679999828338623,6.75,6.150000095367432,6.5,6.5,11400
2021-08-18,6.199999809265137,6.739999771118164,6.199999809265137,6.699999809265137,6.699999809265137,10700
2021-08-19,6.699999809265137,6.869999885559082,6.599999904632568,6.699999809265137,6.699999809265137,11500
2021-08-20,6.650000095367432,6.829999923706055,6.03000020980835,6.739999771118164,6.739999771118164,18600
2021-08-23,6.699999809265137,6.920000076293945,6.630000114440918,6.820000171661377,6.820000171661377,6900
2021-08-24,6.940000057220459,6.940000057220459,6.650000095367432,6.800000190734863,6.800000190734863,20300
2021-08-25,6.800000190734863,6.840000152587891,6.559999942779541,6.809999942779541,6.809999942779541,19800
2021-08-26,6.809999942779541,6.849999904632568,6.199999809265137,6.5,6.5,29800
2021-08-27,6.5,6.5,6.199999809265137,6.5,6.5,23500
2021-08-30,6.5,6.5,6.239999771118164,6.5,6.5,18200
2021-08-31,6.300000190734863,6.5,6.199999809265137,6.5,6.5,45900
2021-09-01,6.5,6.769999980926514,6.400000095367432,6.715000152587891,6.715000152587891,36900
2021-09-02,6.699999809265137,6.864999771118164,6.699999809265137,6.864999771118164,6.864999771118164,34000
2021-09-03,6.860000133514404,6.880000114440918,6.699999809265137,6.869999885559082,6.869999885559082,11400
2021-09-07,6.869999885559082,6.920000076293945,6.690000057220459,6.889999866485596,6.889999866485596,33900
2021-09-08,6.900000095367432,6.940000057220459,6.800000190734863,6.914999961853027,6.914999961853027,18700
2021-09-09,6.96999979019165,6.96999979019165,6.710000038146973,6.949999809265137,6.949999809265137,55300
2021-09-10,6.960000038146973,7.010000228881836,6.650000095367432,6.96999979019165,6.96999979019165,27500
2021-09-13,6.96999979019165,7.019999980926514,6.900000095367432,6.900000095367432,6.900000095367432,6100
2021-09-14,6.960000038146973,6.960000038146973,6.849999904632568,6.925000190734863,6.925000190734863,6300
2021-09-15,6.940000057220459,6.954999923706055,6.510000228881836,6.889999866485596,6.889999866485596,13900
2021-09-16,6.849999904632568,6.849999904632568,6.550000190734863,6.650000095367432,6.650000095367432,10000
2021-09-17,6.809999942779541,6.809999942779541,6.550000190734863,6.800000190734863,6.800000190734863,8100
2021-09-20,6.800000190734863,6.829999923706055,6.420000076293945,6.800000190734863,6.800000190734863,25300
2021-09-21,6.800000190734863,6.849999904632568,6.699999809265137,6.769999980926514,6.769999980926514,11800
2021-09-22,6.800000190734863,6.800000190734863,6.679999828338623,6.730000019073486,6.730000019073486,2400
2021-09-23,6.699999809265137,6.800000190734863,6.619999885559082,6.764999866485596,6.764999866485596,12400
2021-09-24,6.800000190734863,6.869999885559082,6.699999809265137,6.869999885559082,6.869999885559082,27400
2021-09-27,6.900000095367432,6.940000057220459,6.710000038146973,6.940000057220459,6.940000057220459,17100
2021-09-28,6.940000057220459,6.949999809265137,6.724999904632568,6.920000076293945,6.920000076293945,24000
2021-09-29,6.909999847412109,6.929999828338623,6.849999904632568,6.889999866485596,6.889999866485596,8900
2021-09-30,6.929999828338623,7.019999980926514,6.480000019073486,6.980000019073486,6.980000019073486,66500
2021-10-01,7.0,7.0,6.630000114440918,6.920000076293945,6.920000076293945,18900
2021-10-04,6.909999847412109,7.0,6.619999885559082,6.800000190734863,6.800000190734863,22200
2021-10-05,6.869999885559082,6.949999809265137,6.574999809265137,6.809999942779541,6.809999942779541,8400
2021-10-06,6.690000057220459,6.840000152587891,6.630000114440918,6.820000171661377,6.820000171661377,18600
2021-10-07,6.829999923706055,6.880000114440918,6.820000171661377,6.869999885559082,6.869999885559082,14000
2021-10-08,6.880000114440918,6.989999771118164,6.550000190734863,6.869999885559082,6.869999885559082,16000
2021-10-11,6.849999904632568,6.849999904632568,6.5,6.690000057220459,6.690000057220459,3200
2021-10-12,6.679999828338623,6.849999904632568,6.554999828338623,6.829999923706055,6.829999923706055,7800
2021-10-13,6.840000152587891,6.849999904632568,6.800000190734863,6.849999904632568,6.849999904632568,5200
2021-10-14,6.860000133514404,6.96999979019165,6.820000171661377,6.900000095367432,6.900000095367432,11500
2021-10-15,6.920000076293945,6.989999771118164,6.829999923706055,6.940000057220459,6.940000057220459,15400
2021-10-18,6.940000057220459,6.989999771118164,6.800000190734863,6.820000171661377,6.820000171661377,7500
2021-10-19,6.809999942779541,6.809999942779541,6.559999942779541,6.730000019073486,6.730000019073486,13000
2021-10-20,6.699999809265137,6.989999771118164,6.260000228881836,6.980000019073486,6.980000019073486,52700
2021-10-21,6.980000019073486,7.0,6.849999904632568,7.0,7.0,24000
2021-10-22,6.659999847412109,7.019999980926514,6.659999847412109,7.0,7.0,15400
2021-10-25,6.989999771118164,7.050000190734863,6.434999942779541,7.0,7.0,68300
2021-10-26,6.980000019073486,6.980000019073486,6.829999923706055,6.900000095367432,6.900000095367432,13800
2021-10-27,6.949999809265137,6.949999809265137,6.699999809265137,6.909999847412109,6.909999847412109,6900
2021-10-28,6.900000095367432,6.929999828338623,6.53000020980835,6.920000076293945,6.920000076293945,10400
2021-10-29,6.824999809265137,6.945000171661377,6.619999885559082,6.940000057220459,6.940000057220459,58000
2021-11-01,6.940000057220459,7.0,6.710000038146973,7.0,7.0,14500
2021-11-02,6.989999771118164,7.0,6.590000152587891,6.909999847412109,6.909999847412109,14900
2021-11-03,6.909999847412109,6.989999771118164,6.75,6.900000095367432,6.900000095367432,12500
2021-11-04,6.900000095367432,6.949999809265137,6.769999980926514,6.949999809265137,6.949999809265137,5300
2021-11-05,6.789999961853027,6.940000057220459,6.760000228881836,6.900000095367432,6.900000095367432,22100
2021-11-08,6.900000095367432,7.0,6.860000133514404,6.989999771118164,6.989999771118164,17300
2021-11-09,6.989999771118164,7.0,6.710000038146973,6.949999809265137,6.949999809265137,41000
2021-11-10,6.949999809265137,7.0,6.75,6.989999771118164,6.989999771118164,16900
2021-11-11,6.989999771118164,7.0,6.900000095367432,6.960000038146973,6.960000038146973,3800
2021-11-12,6.960000038146973,6.960000038146973,6.900000095367432,6.940000057220459,6.940000057220459,2200
2021-11-15,6.920000076293945,6.960000038146973,6.639999866485596,6.760000228881836,6.760000228881836,18800
2021-11-16,6.849999904632568,6.920000076293945,6.769999980926514,6.909999847412109,6.909999847412109,19800
2021-11-17,6.909999847412109,6.940000057220459,6.800000190734863,6.920000076293945,6.920000076293945,9800
2021-11-18,6.920000076293945,6.929999828338623,6.829999923706055,6.900000095367432,6.900000095367432,5600
2021-11-19,6.869999885559082,6.869999885559082,6.579999923706055,6.670000076293945,6.670000076293945,27900
2021-11-22,6.699999809265137,6.840000152587891,6.599999904632568,6.679999828338623,6.679999828338623,26100
2021-11-23,6.679999828338623,6.880000114440918,6.510000228881836,6.78000020980835,6.78000020980835,14900
2021-11-24,6.800000190734863,6.860000133514404,6.769999980926514,6.849999904632568,6.849999904632568,11100
2021-11-26,6.889999866485596,6.889999866485596,6.820000171661377,6.880000114440918,6.880000114440918,4100
2021-11-29,6.849999904632568,6.894999980926514,6.5,6.800000190734863,6.800000190734863,12200
2021-11-30,6.809999942779541,6.840000152587891,6.510000228881836,6.760000228881836,6.760000228881836,9000
2021-12-01,6.769999980926514,6.769999980926514,6.340000152587891,6.679999828338623,6.679999828338623,11700
2021-12-02,6.539999961853027,6.630000114440918,6.460000038146973,6.539999961853027,6.539999961853027,10700
2021-12-03,6.539999961853027,6.619999885559082,6.340000152587891,6.494999885559082,6.494999885559082,18200
2021-12-06,6.579999923706055,6.739999771118164,6.340000152587891,6.695000171661377,6.695000171661377,34800
2021-12-07,6.699999809265137,6.739999771118164,6.460000038146973,6.690000057220459,6.690000057220459,14300
2021-12-08,6.679999828338623,6.739999771118164,6.550000190734863,6.610000133514404,6.610000133514404,6800
2021-12-09,6.619999885559082,6.619999885559082,6.099999904632568,6.400000095367432,6.400000095367432,10000
2021-12-10,6.449999809265137,6.699999809265137,6.210000038146973,6.679999828338623,6.679999828338623,6000
2021-12-13,6.670000076293945,6.675000190734863,6.599999904632568,6.599999904632568,6.599999904632568,2900
2021-12-14,6.349999904632568,6.599999904632568,6.010000228881836,6.389999866485596,6.389999866485596,10800
2021-12-15,6.409999847412109,6.409999847412109,5.110000133514404,5.949999809265137,5.949999809265137,60900
2021-12-16,5.949999809265137,6.489999771118164,5.349999904632568,6.324999809265137,6.324999809265137,28400
2021-12-17,6.0,6.059999942779541,5.980000019073486,5.980000019073486,5.980000019073486,6100
2021-12-20,6.300000190734863,6.300000190734863,5.989999771118164,6.199999809265137,6.199999809265137,12300
2021-12-21,6.300000190734863,6.380000114440918,6.019999980926514,6.349999904632568,6.349999904632568,16500
2021-12-22,6.349999904632568,6.349999904632568,6.230000019073486,6.340000152587891,6.340000152587891,12700
2021-12-23,6.340000152587891,6.480000019073486,6.300000190734863,6.449999809265137,6.449999809265137,12600
2021-12-27,6.480000019073486,6.650000095367432,6.480000019073486,6.599999904632568,6.599999904632568,20200
2021-12-28,6.599999904632568,6.78000020980835,6.599999904632568,6.764999866485596,6.764999866485596,17200
2021-12-29,6.78000020980835,6.78000020980835,6.739999771118164,6.78000020980835,6.78000020980835,40200
2021-12-30,6.78000020980835,6.949999809265137,6.769999980926514,6.869999885559082,6.869999885559082,16600
2021-12-31,6.869999885559082,7.019999980926514,6.869999885559082,7.010000228881836,7.010000228881836,30200
2022-01-03,7.0,7.449999809265137,6.929999828338623,7.039999961853027,7.039999961853027,17300
2022-01-04,7.050000190734863,7.159999847412109,7.050000190734863,7.139999866485596,7.139999866485596,44600
2022-01-05,7.159999847412109,7.170000076293945,7.03000020980835,7.150000095367432,7.150000095367432,15300
2022-01-06,7.179999828338623,7.179999828338623,6.929999828338623,7.170000076293945,7.170000076293945,24800
2022-01-07,7.170000076293945,7.190000057220459,6.929999828338623,7.150000095367432,7.150000095367432,37300
2022-01-10,7.150000095367432,7.190000057220459,7.010000228881836,7.079999923706055,7.079999923706055,14500
2022-01-11,7.079999923706055,7.079999923706055,6.929999828338623,6.989999771118164,6.989999771118164,23500
2022-01-12,7.039999961853027,7.159999847412109,6.920000076293945,6.920000076293945,6.920000076293945,12200
2022-01-13,6.699999809265137,6.940000057220459,6.28000020980835,6.940000057220459,6.940000057220459,38900
2022-01-14,6.949999809265137,7.0,6.690000057220459,7.0,7.0,15600
2022-01-18,6.980000019073486,6.989999771118164,6.539999961853027,6.78000020980835,6.78000020980835,9200
2022-01-19,6.744999885559082,6.849999904632568,6.699999809265137,6.849999904632568,6.849999904632568,6000
2022-01-20,6.829999923706055,6.849999904632568,6.809999942779541,6.829999923706055,6.829999923706055,20600
2022-01-21,6.840000152587891,6.989999771118164,6.639999866485596,6.78000020980835,6.78000020980835,14200
2022-01-24,6.800000190734863,6.800000190734863,6.039999961853027,6.579999923706055,6.579999923706055,26000
2022-01-25,6.489999771118164,6.809999942779541,6.400000095367432,6.625,6.625,7100
2022-01-26,6.630000114440918,6.699999809265137,6.039999961853027,6.349999904632568,6.349999904632568,3900
2022-01-27,6.349999904632568,6.449999809265137,6.099999904632568,6.445000171661377,6.445000171661377,4700
2022-01-28,6.449999809265137,6.449999809265137,6.0,6.0,6.0,11400
2022-01-31,6.0,6.300000190734863,6.0,6.139999866485596,6.139999866485596,9500
2022-02-01,6.139999866485596,6.46999979019165,6.119999885559082,6.400000095367432,6.400000095367432,11900
2022-02-02,6.420000076293945,6.489999771118164,6.309999942779541,6.409999847412109,6.409999847412109,1500
2022-02-03,6.409999847412109,6.489999771118164,6.230000019073486,6.320000171661377,6.320000171661377,2900
2022-02-04,6.28000020980835,6.289999961853027,5.070000171661377,5.949999809265137,5.949999809265137,85800
2022-02-07,5.949999809265137,6.449999809265137,5.949999809265137,6.449999809265137,6.449999809265137,14000
2022-02-08,6.460000038146973,6.699999809265137,6.150000095367432,6.699999809265137,6.699999809265137,20600
2022-02-09,6.650000095367432,6.699999809265137,6.449999809265137,6.650000095367432,6.650000095367432,10300
2022-02-10,6.300000190734863,6.550000190734863,5.849999904632568,6.550000190734863,6.550000190734863,5400
2022-02-11,6.449999809265137,6.46999979019165,5.400000095367432,6.21999979019165,6.21999979019165,62400
2022-02-14,6.099999904632568,6.690000057220459,6.099999904632568,6.53000020980835,6.53000020980835,17700
2022-02-15,6.53000020980835,6.690000057220459,6.5,6.550000190734863,6.550000190734863,4100
2022-02-16,6.539999961853027,6.699999809265137,6.449999809265137,6.699999809265137,6.699999809265137,15900
2022-02-17,6.619999885559082,6.710000038146973,6.360000133514404,6.400000095367432,6.400000095367432,6100
2022-02-18,6.349999904632568,6.650000095367432,6.0,6.650000095367432,6.650000095367432,17000
2022-02-22,6.539999961853027,6.650000095367432,6.389999866485596,6.460000038146973,6.460000038146973,5900
2022-02-23,6.320000171661377,6.53000020980835,5.849999904632568,5.989999771118164,5.989999771118164,11700
2022-02-24,5.849999904632568,6.179999828338623,5.849999904632568,6.03000020980835,6.03000020980835,22000
2022-02-25,6.050000190734863,6.289999961853027,5.949999809265137,6.190000057220459,6.190000057220459,5700
2022-02-28,6.190000057220459,6.190000057220459,5.860000133514404,6.039999961853027,6.039999961853027,6700
2022-03-01,6.0,6.150000095367432,5.409999847412109,6.090000152587891,6.090000152587891,18300
2022-03-02,6.090000152587891,6.300000190734863,6.050000190734863,6.150000095367432,6.150000095367432,9700
2022-03-03,6.25,6.25,6.063000202178955,6.150000095367432,6.150000095367432,5200
2022-03-04,6.070000171661377,6.150000095367432,5.75,6.150000095367432,6.150000095367432,10700
2022-03-07,6.150000095367432,6.150000095367432,6.150000095367432,6.150000095367432,6.150000095367432,0
2022-03-08,6.099999904632568,6.25,6.0,6.25,6.25,13500
2022-03-09,6.260000228881836,6.289999961853027,6.244999885559082,6.28000020980835,6.28000020980835,2100
2022-03-10,6.260000228881836,6.28000020980835,6.059999942779541,6.28000020980835,6.28000020980835,3600
2022-03-11,6.059999942779541,6.28000020980835,6.019999980926514,6.21999979019165,6.21999979019165,5700
2022-03-14,6.019999980926514,6.21999979019165,5.679999828338623,6.050000190734863,6.050000190734863,6800
2022-03-15,6.050000190734863,6.050000190734863,5.949999809265137,5.949999809265137,5.949999809265137,1500
2022-03-16,6.0,6.239999771118164,5.309999942779541,6.0,6.0,14000
2022-03-17,5.78000020980835,5.849999904632568,5.710000038146973,5.739999771118164,5.739999771118164,4400
2022-03-18,5.739999771118164,5.800000190734863,5.699999809265137,5.699999809265137,5.699999809265137,4000
2022-03-21,5.75,5.900000095367432,5.75,5.900000095367432,5.900000095367432,1400
2022-03-22,5.980000019073486,6.0,5.849999904632568,6.0,6.0,1600
2022-03-23,5.860000133514404,5.989999771118164,5.559999942779541,5.809999942779541,5.809999942779541,5900
2022-03-24,5.809999942779541,5.980000019073486,5.760000228881836,5.789999961853027,5.789999961853027,6300
2022-03-25,5.760000228881836,5.909999847412109,5.71999979019165,5.869999885559082,5.869999885559082,6400
2022-03-28,5.71999979019165,5.894999980926514,5.71999979019165,5.894999980926514,5.894999980926514,2400
2022-03-29,5.900000095367432,5.980000019073486,5.599999904632568,5.599999904632568,5.599999904632568,13100
2022-03-30,5.559999942779541,5.96999979019165,5.5,5.789999961853027,5.789999961853027,13300
2022-03-31,5.75,5.949999809265137,5.659999847412109,5.789999961853027,5.789999961853027,42600
2022-04-01,5.699999809265137,5.789999961853027,5.510000228881836,5.789999961853027,5.789999961853027,1900
2022-04-04,5.619999885559082,5.789999961853027,5.559999942779541,5.739999771118164,5.739999771118164,6700
2022-04-05,5.650000095367432,5.800000190734863,5.300000190734863,5.739999771118164,5.739999771118164,45800
2022-04-06,5.75,5.929999828338623,5.409999847412109,5.639999866485596,5.639999866485596,15200
2022-04-07,5.639999866485596,5.699999809265137,5.409999847412109,5.670000076293945,5.670000076293945,24100
2022-04-08,5.650000095367432,5.989999771118164,5.534999847412109,5.630000114440918,5.630000114440918,17900
2022-04-11,5.550000190734863,5.699999809265137,4.894999980926514,5.699999809265137,5.699999809265137,21400
2022-04-12,5.699999809265137,5.900000095367432,5.449999809265137,5.800000190734863,5.800000190734863,40200
2022-04-13,5.804999828338623,5.949999809265137,5.789999961853027,5.849999904632568,5.849999904632568,45200
2022-04-14,5.849999904632568,5.849999904632568,5.769999980926514,5.849999904632568,5.849999904632568,12900
2022-04-18,5.849999904632568,5.849999904632568,5.699999809265137,5.849999904632568,5.849999904632568,11600
2022-04-19,5.840000152587891,6.0,5.559999942779541,6.0,6.0,32500
2022-04-20,5.880000114440918,6.0,4.75,5.599999904632568,5.599999904632568,36700
2022-04-21,5.630000114440918,5.96999979019165,5.630000114440918,5.869999885559082,5.869999885559082,14200
2022-04-22,5.869999885559082,6.0,5.670000076293945,5.940000057220459,5.940000057220459,11300
2022-04-25,5.809999942779541,5.909999847412109,5.230000019073486,5.800000190734863,5.800000190734863,24900
2022-04-26,5.800000190734863,5.900000095367432,5.599999904632568,5.78000020980835,5.78000020980835,8400
2022-04-27,5.769999980926514,5.980000019073486,5.699999809265137,5.949999809265137,5.949999809265137,15800
2022-04-28,5.900000095367432,6.019999980926514,5.900000095367432,6.010000228881836,6.010000228881836,20000
2022-04-29,6.0,6.739999771118164,5.949999809265137,6.739999771118164,6.739999771118164,46900
2022-05-02,6.5,6.835000038146973,6.5,6.78000020980835,6.78000020980835,21700
2022-05-03,6.739999771118164,6.829999923706055,6.400000095367432,6.800000190734863,6.800000190734863,13400
2022-05-04,6.800000190734863,6.949999809265137,6.75,6.880000114440918,6.880000114440918,17100
2022-05-05,6.840000152587891,6.889999866485596,6.510000228881836,6.650000095367432,6.650000095367432,16800
2022-05-06,6.550000190734863,6.599999904632568,6.179999828338623,6.590000152587891,6.590000152587891,19900
2022-05-09,6.590000152587891,6.590000152587891,5.449999809265137,6.079999923706055,6.079999923706055,18600
2022-05-10,6.079999923706055,6.099999904632568,5.730000019073486,5.880000114440918,5.880000114440918,14700
2022-05-11,5.809999942779541,5.989999771118164,5.75,5.900000095367432,5.900000095367432,15100
2022-05-12,5.949999809265137,5.960000038146973,5.199999809265137,5.960000038146973,5.960000038146973,27000
2022-05-13,5.960000038146973,5.960000038146973,5.510000228881836,5.559999942779541,5.559999942779541,10400
2022-05-16,5.590000152587891,5.789999961853027,5.199999809265137,5.389999866485596,5.389999866485596,16100
2022-05-17,5.369999885559082,5.400000095367432,5.099999904632568,5.159999847412109,5.159999847412109,11400
2022-05-18,5.199999809265137,5.650000095367432,5.130000114440918,5.199999809265137,5.199999809265137,5400
2022-05-19,5.199999809265137,5.5,5.110000133514404,5.260000228881836,5.260000228881836,17000
2022-05-20,5.269999980926514,5.329999923706055,5.010000228881836,5.150000095367432,5.150000095367432,11700
2022-05-23,5.199999809265137,5.199999809265137,5.0,5.199999809265137,5.199999809265137,6900
2022-05-24,5.46999979019165,5.46999979019165,4.699999809265137,5.25,5.25,19300
2022-05-25,5.210000038146973,5.210000038146973,4.849999904632568,5.070000171661377,5.070000171661377,13300
2022-05-26,5.019999980926514,5.150000095367432,4.860000133514404,5.150000095367432,5.150000095367432,27200
2022-05-27,5.150000095367432,5.199999809265137,5.050000190734863,5.150000095367432,5.150000095367432,8900
2022-05-31,5.150000095367432,5.199999809265137,4.949999809265137,5.0,5.0,14600
2022-06-01,4.980000019073486,5.0,4.150000095367432,4.829999923706055,4.829999923706055,13600
2022-06-02,4.699999809265137,5.050000190734863,4.510000228881836,5.0,5.0,17800
2022-06-03,5.0,5.349999904632568,4.849999904632568,5.0,5.0,3000
2022-06-06,5.0,5.599999904632568,5.0,5.159999847412109,5.159999847412109,10600
2022-06-07,5.230000019073486,5.230000019073486,4.929999828338623,5.059999942779541,5.059999942779541,14200
2022-06-08,5.050000190734863,5.050000190734863,4.599999904632568,4.849999904632568,4.849999904632568,107800
2022-06-09,4.650000095367432,4.650000095367432,4.050000190734863,4.269999980926514,4.269999980926514,65900
2022-06-10,4.349999904632568,4.769999980926514,4.199999809265137,4.599999904632568,4.599999904632568,70400
2022-06-13,4.599999904632568,4.699999809265137,4.309999942779541,4.639999866485596,4.639999866485596,49700
2022-06-14,4.650000095367432,4.800000190734863,4.519999980926514,4.650000095367432,4.650000095367432,15800
2022-06-15,4.639999866485596,5.340000152587891,4.460000038146973,4.760000228881836,4.760000228881836,75100
2022-06-16,4.849999904632568,4.849999904632568,4.099999904632568,4.389999866485596,4.389999866485596,30200
2022-06-17,4.199999809265137,4.440000057220459,4.0,4.239999771118164,4.239999771118164,11500
2022-06-21,4.400000095367432,4.409999847412109,3.359999895095825,4.0,4.0,94100
2022-06-22,3.8499999046325684,4.25,3.8499999046325684,4.25,4.25,8300
2022-06-23,4.389999866485596,4.389999866485596,4.0,4.199999809265137,4.199999809265137,2500
2022-06-24,4.159999847412109,4.190000057220459,3.5,3.5,3.5,36200
2022-06-27,3.700000047683716,3.700000047683716,3.3499999046325684,3.549999952316284,3.549999952316284,25700
2022-06-28,3.5,3.5,3.4100000858306885,3.5,3.5,1900
2022-06-29,3.5,4.0,3.5,4.0,4.0,46600
2022-06-30,4.0,4.0,3.700000047683716,3.8399999141693115,3.8399999141693115,6400
2022-07-01,3.8399999141693115,3.8399999141693115,3.559999942779541,3.75,3.75,8200
2022-07-05,3.75,3.890000104904175,3.690000057220459,3.890000104904175,3.890000104904175,5200
2022-07-06,3.700000047683716,3.7899999618530273,3.490000009536743,3.6500000953674316,3.6500000953674316,29000
2022-07-07,3.5199999809265137,3.5999999046325684,3.309999942779541,3.4800000190734863,3.4800000190734863,40400
2022-07-08,3.4059998989105225,3.5399999618530273,3.3499999046325684,3.490000009536743,3.490000009536743,5600
2022-07-11,3.5399999618530273,3.819999933242798,3.3499999046325684,3.5899999141693115,3.5899999141693115,21000
2022-07-12,3.5299999713897705,3.5899999141693115,3.299999952316284,3.5,3.5,8200
2022-07-13,3.4100000858306885,3.569999933242798,3.259999990463257,3.299999952316284,3.299999952316284,6700
2022-07-14,3.3299999237060547,3.5299999713897705,3.265000104904175,3.380000114440918,3.380000114440918,11200
2022-07-15,3.4000000953674316,3.4000000953674316,3.25,3.369999885559082,3.369999885559082,6900
2022-07-18,3.2699999809265137,3.359999895095825,3.119999885559082,3.259999990463257,3.259999990463257,4200
2022-07-19,3.2899999618530273,3.4000000953674316,3.2899999618530273,3.384999990463257,3.384999990463257,10300
2022-07-20,3.3980000019073486,3.5,3.3980000019073486,3.5,3.5,13000
2022-07-21,3.4000000953674316,4.400000095367432,3.4000000953674316,3.9800000190734863,3.9800000190734863,27400
2022-07-22,4.400000095367432,4.400000095367432,3.940000057220459,4.03000020980835,4.03000020980835,18300
2022-07-25,3.890000104904175,4.199999809265137,3.700000047683716,3.9800000190734863,3.9800000190734863,31700
2022-07-26,3.950000047683716,3.950000047683716,3.6500000953674316,3.700000047683716,3.700000047683716,21700
2022-07-27,3.799999952316284,3.990000009536743,3.700000047683716,3.9100000858306885,3.9100000858306885,93400
2022-07-28,3.5,4.21999979019165,3.450000047683716,3.9600000381469727,3.9600000381469727,411400
2022-07-29,4.199999809265137,4.21999979019165,3.630000114440918,3.930000066757202,3.930000066757202,89300
2022-08-01,4.150000095367432,4.380000114440918,3.8499999046325684,4.099999904632568,4.099999904632568,145400
2022-08-02,4.150000095367432,4.300000190734863,3.9100000858306885,4.25,4.25,149600
2022-08-03,4.380000114440918,4.389999866485596,3.9200000762939453,4.0,4.0,84700
2022-08-04,4.065000057220459,4.179999828338623,3.799999952316284,3.9159998893737793,3.9159998893737793,55800
2022-08-05,3.950000047683716,4.050000190734863,3.809999942779541,3.8299999237060547,3.8299999237060547,55300
2022-08-08,4.0,4.099999904632568,3.9000000953674316,4.050000190734863,4.050000190734863,37900
2022-08-09,4.130000114440918,4.130000114440918,3.9000000953674316,4.039999961853027,4.039999961853027,40000
2022-08-10,4.239999771118164,4.239999771118164,3.9100000858306885,4.0,4.0,21400
2022-08-11,4.050000190734863,4.190000057220459,3.9100000858306885,4.059999942779541,4.059999942779541,42600
2022-08-12,4.090000152587891,4.199999809265137,4.079999923706055,4.150000095367432,4.150000095367432,65000
2022-08-15,4.159999847412109,4.210000038146973,3.950000047683716,4.150000095367432,4.150000095367432,62200
2022-08-16,3.950000047683716,4.150000095367432,3.950000047683716,4.050000190734863,4.050000190734863,35500
2022-08-17,4.190000057220459,4.199999809265137,4.0,4.190000057220459,4.190000057220459,49000
2022-08-18,4.099999904632568,4.25,4.0,4.119999885559082,4.119999885559082,66900
2022-08-19,4.25,4.409999847412109,3.869999885559082,4.010000228881836,4.010000228881836,124600
2022-08-22,4.03000020980835,4.239999771118164,3.549999952316284,3.6600000858306885,3.6600000858306885,132200
2022-08-23,3.75,4.119999885559082,3.694999933242798,4.010000228881836,4.010000228881836,104700
2022-08-24,4.150000095367432,4.199999809265137,3.8499999046325684,3.940000057220459,3.940000057220459,39300
2022-08-25,4.019999980926514,4.019999980926514,3.9000000953674316,3.9100000858306885,3.9100000858306885,42100
2022-08-26,4.0,4.050000190734863,3.609999895095825,3.759999990463257,3.759999990463257,47700
2022-08-29,3.759999990463257,4.0,3.5999999046325684,3.819999933242798,3.819999933242798,30600
2022-08-30,4.0,4.0,3.9000000953674316,3.990000009536743,3.990000009536743,36700
2022-08-31,3.990000009536743,4.0,3.8299999237060547,3.890000104904175,3.890000104904175,11900
2022-09-01,3.9000000953674316,3.9200000762939453,3.640000104904175,3.9200000762939453,3.9200000762939453,24700
2022-09-02,3.75,3.9100000858306885,3.5399999618530273,3.700000047683716,3.700000047683716,27100
2022-09-06,3.799999952316284,4.25,3.7200000286102295,4.25,4.25,239900
2022-09-07,4.300000190734863,4.440000057220459,4.199999809265137,4.369999885559082,4.369999885559082,114300
2022-09-08,4.349999904632568,4.71999979019165,4.199999809265137,4.420000076293945,4.420000076293945,147500
2022-09-09,4.804999828338623,5.010000228881836,4.5,4.639999866485596,4.639999866485596,131100
2022-09-12,4.75,4.840000152587891,4.570000171661377,4.650000095367432,4.650000095367432,64900
2022-09-13,4.800000190734863,5.289999961853027,4.460000038146973,5.039999961853027,5.039999961853027,210300
2022-09-14,4.579999923706055,5.289999961853027,4.579999923706055,5.179999828338623,5.179999828338623,134500
2022-09-15,5.150000095367432,5.420000076293945,5.090000152587891,5.400000095367432,5.400000095367432,156000
2022-09-16,5.070000171661377,5.489999771118164,5.0,5.239999771118164,5.239999771118164,1019800
2022-09-19,5.0,5.239999771118164,4.75,4.920000076293945,4.920000076293945,53600
2022-09-20,4.78000020980835,5.130000114440918,4.78000020980835,4.980000019073486,4.980000019073486,23500
2022-09-21,4.980000019073486,5.150000095367432,4.840000152587891,4.960000038146973,4.960000038146973,94900
2022-09-22,4.849999904632568,4.96999979019165,4.599999904632568,4.75,4.75,26900
2022-09-23,4.59499979019165,4.929999828338623,4.510000228881836,4.71999979019165,4.71999979019165,37600
2022-09-26,4.920000076293945,4.920000076293945,4.610000133514404,4.78000020980835,4.78000020980835,33800
2022-09-27,4.78000020980835,4.849999904632568,4.650000095367432,4.829999923706055,4.829999923706055,44200
2022-09-28,4.789999961853027,4.789999961853027,4.519999980926514,4.519999980926514,4.519999980926514,25600
2022-09-29,4.639999866485596,4.800000190734863,4.579999923706055,4.800000190734863,4.800000190734863,28800
2022-09-30,4.800000190734863,5.159999847412109,4.800000190734863,5.03000020980835,5.03000020980835,45300
2022-10-03,5.0,5.360000133514404,4.78000020980835,4.860000133514404,4.860000133514404,97600
2022-10-04,4.800000190734863,5.199999809265137,4.800000190734863,5.079999923706055,5.079999923706055,54900
2022-10-05,5.199999809265137,5.28000020980835,5.119999885559082,5.119999885559082,5.119999885559082,67000
2022-10-06,5.25,5.260000228881836,5.010000228881836,5.079999923706055,5.079999923706055,32300
2022-10-07,5.170000076293945,5.239999771118164,4.489999771118164,4.489999771118164,4.489999771118164,44300
2022-10-10,4.769999980926514,5.050000190734863,4.679999828338623,4.800000190734863,4.800000190734863,39700
2022-10-11,4.800000190734863,4.934000015258789,4.610000133514404,4.610000133514404,4.610000133514404,29800
2022-10-12,4.329999923706055,4.730000019073486,4.329999923706055,4.449999809265137,4.449999809265137,32300
2022-10-13,4.940000057220459,5.0,4.550000190734863,4.730000019073486,4.730000019073486,15100
2022-10-14,4.989999771118164,4.989999771118164,4.559999942779541,4.559999942779541,4.559999942779541,33500
2022-10-17,4.599999904632568,4.71999979019165,4.579999923706055,4.630000114440918,4.630000114440918,23300
2022-10-18,4.849999904632568,4.960000038146973,4.7230000495910645,4.809999942779541,4.809999942779541,15900
2022-10-19,4.900000095367432,4.900000095367432,4.579999923706055,4.579999923706055,4.579999923706055,19000
2022-10-20,4.699999809265137,4.775000095367432,4.590000152587891,4.599999904632568,4.599999904632568,14700
2022-10-21,4.599999904632568,4.691999912261963,4.599999904632568,4.650000095367432,4.650000095367432,7100
2022-10-24,4.739999771118164,4.739999771118164,4.552999973297119,4.619999885559082,4.619999885559082,7600
2022-10-25,4.650000095367432,4.650000095367432,4.28000020980835,4.409999847412109,4.409999847412109,43900
2022-10-26,4.480000019073486,4.480000019073486,4.251999855041504,4.28000020980835,4.28000020980835,19100
2022-10-27,4.300000190734863,4.300000190734863,3.859999895095825,4.03000020980835,4.03000020980835,74600
2022-10-28,3.9000000953674316,4.03000020980835,3.9000000953674316,3.930000066757202,3.930000066757202,17700
2022-10-31,3.950000047683716,4.039999961853027,3.7699999809265137,3.7699999809265137,3.7699999809265137,33500
2022-11-01,3.799999952316284,3.990000009536743,3.799999952316284,3.9000000953674316,3.9000000953674316,14900
2022-11-02,4.039999961853027,4.039999961853027,3.809999942779541,3.9000000953674316,3.9000000953674316,14300
2022-11-03,3.809999942779541,4.300000190734863,3.809999942779541,4.269999980926514,4.269999980926514,73400
2022-11-04,4.269999980926514,4.300000190734863,4.099999904632568,4.25,4.25,27000
2022-11-07,4.150000095367432,4.300000190734863,4.110000133514404,4.179999828338623,4.179999828338623,2600
2022-11-08,4.199999809265137,4.199999809265137,3.859999895095825,3.990000009536743,3.990000009536743,5400
2022-11-09,4.0,4.0,3.5999999046325684,3.7200000286102295,3.7200000286102295,24200
2022-11-10,3.7200000286102295,3.944000005722046,3.7200000286102295,3.7799999713897705,3.7799999713897705,16900
2022-11-11,3.8499999046325684,4.199999809265137,3.6500000953674316,4.119999885559082,4.119999885559082,26800
2022-11-14,4.199999809265137,4.199999809265137,3.9549999237060547,4.150000095367432,4.150000095367432,9000
2022-11-15,4.139999866485596,4.139999866485596,3.9000000953674316,3.9000000953674316,3.9000000953674316,22600
2022-11-16,3.9000000953674316,4.019999980926514,3.9000000953674316,3.9000000953674316,3.9000000953674316,11700
2022-11-17,3.9000000953674316,4.019999980926514,3.9000000953674316,3.944999933242798,3.944999933242798,17300
2022-11-18,4.019999980926514,4.019999980926514,3.9200000762939453,3.9200000762939453,3.9200000762939453,13500
2022-11-21,4.019999980926514,4.190000057220459,3.799999952316284,3.799999952316284,3.799999952316284,17400
2022-11-22,3.859999895095825,3.875,3.75,3.75,3.75,8300
2022-11-23,3.869999885559082,3.931999921798706,3.7899999618530273,3.819999933242798,3.819999933242798,13000
2022-11-25,3.8499999046325684,3.8499999046325684,3.6600000858306885,3.765000104904175,3.765000104904175,3500
2022-11-28,3.5799999237060547,3.7100000381469727,3.569999933242798,3.6500000953674316,3.6500000953674316,15100
2022-11-29,3.640000104904175,3.933000087738037,3.5,3.5399999618530273,3.5399999618530273,14400
2022-11-30,3.609999895095825,3.7260000705718994,3.5199999809265137,3.555000066757202,3.555000066757202,13000
2022-12-01,3.5999999046325684,3.5999999046325684,3.5,3.5,3.5,36200
2022-12-02,3.5299999713897705,3.937000036239624,3.5,3.6500000953674316,3.6500000953674316,44700
2022-12-05,3.640000104904175,3.6440000534057617,3.5199999809265137,3.559999942779541,3.559999942779541,6300
2022-12-06,3.619999885559082,3.619999885559082,3.5,3.549999952316284,3.549999952316284,5200
2022-12-07,3.549999952316284,3.549999952316284,3.259999990463257,3.259999990463257,3.259999990463257,5400
2022-12-08,3.2699999809265137,3.2799999713897705,2.799999952316284,2.9200000762939453,2.9200000762939453,47500
2022-12-09,2.940000057220459,3.450000047683716,2.490000009536743,3.200000047683716,3.200000047683716,97100
2022-12-12,3.5,3.5,3.049999952316284,3.444999933242798,3.444999933242798,43000
2022-12-13,3.5,3.5,3.309999942779541,3.380000114440918,3.380000114440918,11800
2022-12-14,3.25,3.4600000381469727,3.0399999618530273,3.0399999618530273,3.0399999618530273,4900
2022-12-15,3.0989999771118164,3.380000114440918,2.9100000858306885,3.0,3.0,19400
2022-12-16,2.9800000190734863,3.5,2.700000047683716,3.5,3.5,155100
2022-12-19,3.5,3.5,3.1500000953674316,3.2899999618530273,3.2899999618530273,15300
2022-12-20,3.500999927520752,3.6500000953674316,3.140000104904175,3.390000104904175,3.390000104904175,20200
2022-12-21,3.2699999809265137,3.380000114440918,2.630000114440918,2.859999895095825,2.859999895095825,57600
2022-12-22,2.940000057220459,3.4800000190734863,2.9000000953674316,3.1700000762939453,3.1700000762939453,23200
2022-12-23,3.2799999713897705,3.299999952316284,3.059999942779541,3.2200000286102295,3.2200000286102295,12500
2022-12-27,3.240000009536743,3.240000009536743,2.6600000858306885,2.9700000286102295,2.9700000286102295,15100
2022-12-28,2.8299999237060547,3.130000114440918,2.700000047683716,2.9700000286102295,2.9700000286102295,11900
2022-12-29,2.9200000762939453,2.950000047683716,2.700000047683716,2.9049999713897705,2.9049999713897705,9300
2022-12-30,2.6500000953674316,2.9700000286102295,2.6500000953674316,2.7899999618530273,2.7899999618530273,7700
2023-01-03,2.8299999237060547,2.9100000858306885,2.630000114440918,2.6760001182556152,2.6760001182556152,24100
2023-01-04,2.7699999809265137,2.7699999809265137,2.6500000953674316,2.740000009536743,2.740000009536743,16300
2023-01-05,2.700000047683716,2.700000047683716,2.609999895095825,2.6500000953674316,2.6500000953674316,17300
2023-01-06,2.640000104904175,2.700000047683716,2.4000000953674316,2.4000000953674316,2.4000000953674316,45800
2023-01-09,2.4800000190734863,2.6500000953674316,2.4600000381469727,2.5799999237060547,2.5799999237060547,26200
2023-01-10,2.5999999046325684,2.6500000953674316,2.4100000858306885,2.6500000953674316,2.6500000953674316,47200
2023-01-11,2.5269999504089355,2.5999999046325684,2.450000047683716,2.5899999141693115,2.5899999141693115,5200
2023-01-12,2.5999999046325684,2.75,2.505000114440918,2.6600000858306885,2.6600000858306885,33300
2023-01-13,2.75,2.75,2.5,2.6500000953674316,2.6500000953674316,30000
2023-01-17,2.6500000953674316,2.700000047683716,2.5,2.700000047683716,2.700000047683716,10700
2023-01-18,2.700000047683716,2.930000066757202,2.683000087738037,2.7200000286102295,2.7200000286102295,19000
2023-01-19,2.740000009536743,2.740000009536743,2.549999952316284,2.625,2.625,5600
2023-01-20,2.680000066757202,2.700000047683716,2.509999990463257,2.5999999046325684,2.5999999046325684,9400
2023-01-23,2.559999942779541,2.5799999237060547,2.434999942779541,2.5,2.5,33800
2023-01-24,2.569999933242798,2.700000047683716,2.5399999618530273,2.690000057220459,2.690000057220459,11500
2023-01-25,2.690000057220459,2.799999952316284,2.5510001182556152,2.700000047683716,2.700000047683716,2858400
2023-01-26,2.359999895095825,2.359999895095825,2.119999885559082,2.2750000953674316,2.2750000953674316,553300
2023-01-27,2.109999895095825,2.200000047683716,2.0,2.059999942779541,2.059999942779541,200900
2023-01-30,2.059999942779541,2.1500000953674316,2.059999942779541,2.069999933242798,2.069999933242798,71900
2023-01-31,2.0999999046325684,2.3299999237060547,2.059999942779541,2.2100000381469727,2.2100000381469727,137600
2023-02-01,2.1500000953674316,2.240000009536743,2.069999933242798,2.119999885559082,2.119999885559082,42800
2023-02-02,2.190000057220459,2.200000047683716,2.0999999046325684,2.180000066757202,2.180000066757202,147500
2023-02-03,2.2100000381469727,2.240000009536743,2.0899999141693115,2.180000066757202,2.180000066757202,61900
2023-02-06,2.1500000953674316,2.2100000381469727,2.0899999141693115,2.1600000858306885,2.1600000858306885,79100
2023-02-07,2.1500000953674316,2.2200000286102295,2.0820000171661377,2.200000047683716,2.200000047683716,28900
2023-02-08,2.2300000190734863,2.2300000190734863,2.109999895095825,2.130000114440918,2.130000114440918,37700
2023-02-09,2.190000057220459,2.190000057220459,2.059999942779541,2.109999895095825,2.109999895095825,44700
2023-02-10,2.109999895095825,2.2200000286102295,1.9600000381469727,2.2200000286102295,2.2200000286102295,92000
2023-02-13,2.240000009536743,2.299999952316284,2.1700000762939453,2.299999952316284,2.299999952316284,100000
2023-02-14,2.299999952316284,2.5290000438690186,2.2269999980926514,2.4800000190734863,2.4800000190734863,120300
2023-02-15,2.4800000190734863,2.5399999618530273,2.4000000953674316,2.5299999713897705,2.5299999713897705,87800
2023-02-16,2.4800000190734863,2.569999933242798,2.4800000190734863,2.5,2.5,39200
2023-02-17,2.5,2.5399999618530273,2.4579999446868896,2.5399999618530273,2.5399999618530273,56100
2023-02-21,2.5,2.569999933242798,2.4600000381469727,2.5199999809265137,2.5199999809265137,29600
2023-02-22,2.5199999809265137,2.5899999141693115,2.490000009536743,2.5299999713897705,2.5299999713897705,53000
2023-02-23,2.5199999809265137,2.568000078201294,2.3399999141693115,2.5399999618530273,2.5399999618530273,12200
2023-02-24,2.4539999961853027,2.5,2.450000047683716,2.4600000381469727,2.4600000381469727,16700
2023-02-27,2.5,2.559999942779541,2.450000047683716,2.4800000190734863,2.4800000190734863,52100
2023-02-28,2.4790000915527344,2.569000005722046,2.4790000915527344,2.5,2.5,27500
2023-03-01,2.5999999046325684,2.75,2.569999933242798,2.690000057220459,2.690000057220459,46200
2023-03-02,2.799999952316284,2.890000104904175,2.6600000858306885,2.8459999561309814,2.8459999561309814,85200
2023-03-03,2.8970000743865967,2.8970000743865967,2.819999933242798,2.8450000286102295,2.8450000286102295,24600
2023-03-06,2.759999990463257,2.9000000953674316,2.759999990463257,2.8299999237060547,2.8299999237060547,51600
2023-03-07,2.869999885559082,3.063999891281128,2.859999895095825,3.0,3.0,68800
2023-03-08,3.009999990463257,3.0999999046325684,2.9110000133514404,2.990000009536743,2.990000009536743,60000
2023-03-09,3.069999933242798,3.069999933242798,2.6500000953674316,2.7200000286102295,2.7200000286102295,33300
2023-03-10,2.9600000381469727,2.9600000381469727,2.740000009536743,2.740000009536743,2.740000009536743,7800
2023-03-13,2.5999999046325684,2.609999895095825,2.309999942779541,2.390000104904175,2.390000104904175,54400
2023-03-14,2.369999885559082,2.625,2.369999885559082,2.450000047683716,2.450000047683716,22500
2023-03-15,2.424999952316284,2.450000047683716,2.2899999618530273,2.2899999618530273,2.2899999618530273,24900
2023-03-16,2.253999948501587,2.6700000762939453,2.25,2.3499999046325684,2.3499999046325684,9300
2023-03-17,2.3399999141693115,2.450000047683716,2.2799999713897705,2.2899999618530273,2.2899999618530273,25500
2023-03-20,2.25,2.630000114440918,2.1600000858306885,2.1600000858306885,2.1600000858306885,38100
2023-03-21,2.1600000858306885,2.430000066757202,2.1600000858306885,2.299999952316284,2.299999952316284,54600
2023-03-22,2.3399999141693115,2.390000104904175,2.200000047683716,2.3399999141693115,2.3399999141693115,42100
2023-03-23,2.3499999046325684,2.5399999618530273,2.3499999046325684,2.450000047683716,2.450000047683716,41300
2023-03-24,2.5,2.549999952316284,2.4000000953674316,2.5,2.5,20700
2023-03-27,2.496999979019165,2.496999979019165,2.4000000953674316,2.4000000953674316,2.4000000953674316,17800
2023-03-28,2.5399999618530273,2.9000000953674316,2.5,2.609999895095825,2.609999895095825,98100
2023-03-29,2.5799999237060547,2.809999942779541,2.5799999237060547,2.640000104904175,2.640000104904175,40700
2023-03-30,2.740000009536743,2.7899999618530273,2.549999952316284,2.615000009536743,2.615000009536743,13000
2023-03-31,2.549999952316284,2.7200000286102295,2.5350000858306885,2.559999942779541,2.559999942779541,14300
2023-04-03,2.615000009536743,2.615000009536743,2.4200000762939453,2.450000047683716,2.450000047683716,23500
2023-04-04,2.5,2.5,2.2300000190734863,2.309999942779541,2.309999942779541,18200
2023-04-05,2.4200000762939453,2.4200000762939453,2.0899999141693115,2.1600000858306885,2.1600000858306885,31400
2023-04-06,2.180000066757202,2.200000047683716,2.1649999618530273,2.190000057220459,2.190000057220459,7400
2023-04-10,2.2799999713897705,2.4000000953674316,2.2200000286102295,2.2200000286102295,2.2200000286102295,8000
2023-04-11,2.2799999713897705,2.2899999618530273,2.1700000762939453,2.2100000381469727,2.2100000381469727,4000
2023-04-12,2.2699999809265137,2.299999952316284,2.2100000381469727,2.2899999618530273,2.2899999618530273,17600
2023-04-13,2.299999952316284,2.3350000381469727,2.190000057220459,2.194999933242798,2.194999933242798,37400
2023-04-14,2.2200000286102295,2.259999990463257,2.200000047683716,2.259999990463257,2.259999990463257,7800
2023-04-17,2.2899999618530273,2.315999984741211,2.2699999809265137,2.2799999713897705,2.2799999713897705,15300
2023-04-18,2.2799999713897705,2.3429999351501465,2.180000066757202,2.180000066757202,2.180000066757202,16800
2023-04-19,2.180000066757202,2.197000026702881,2.1500000953674316,2.1600000858306885,2.1600000858306885,25700
2023-04-20,2.1500000953674316,2.184999942779541,2.059999942779541,2.0799999237060547,2.0799999237060547,11100
2023-04-21,2.180000066757202,2.180000066757202,2.119999885559082,2.119999885559082,2.119999885559082,12500
2023-04-24,2.049999952316284,2.390000104904175,2.0250000953674316,2.0999999046325684,2.0999999046325684,21100
2023-04-25,2.190000057220459,2.190000057220459,2.0,2.0,2.0,36800
2023-04-26,2.009999990463257,2.1500000953674316,1.74399995803833,1.7599999904632568,1.7599999904632568,68100
2023-04-27,1.850000023841858,1.899999976158142,1.7599999904632568,1.805999994277954,1.805999994277954,14300
2023-04-28,1.7300000190734863,1.8899999856948853,1.649999976158142,1.649999976158142,1.649999976158142,21500
2023-05-01,1.649999976158142,1.75,1.25,1.440000057220459,1.440000057220459,69700
2023-05-02,1.4199999570846558,1.4900000095367432,1.1100000143051147,1.309999942779541,1.309999942779541,124700
2023-05-03,1.4299999475479126,1.440000057220459,1.309999942779541,1.350000023841858,1.350000023841858,82400
2023-05-04,1.350000023841858,1.350000023841858,1.284000039100647,1.340000033378601,1.340000033378601,38500
2023-05-05,1.399999976158142,1.4900000095367432,1.3700000047683716,1.4500000476837158,1.4500000476837158,32200
2023-05-08,1.4600000381469727,1.7300000190734863,1.4600000381469727,1.7300000190734863,1.7300000190734863,26500
2023-05-09,1.8300000429153442,1.850000023841858,1.75,1.7920000553131104,1.7920000553131104,27100
2023-05-10,1.850000023841858,1.899999976158142,1.7899999618530273,1.8899999856948853,1.8899999856948853,56500
2023-05-11,1.8700000047683716,1.9500000476837158,1.812000036239624,1.8700000047683716,1.8700000047683716,22700
2023-05-12,1.8890000581741333,1.940000057220459,1.850000023841858,1.8600000143051147,1.8600000143051147,11700
2023-05-15,1.940000057220459,1.9700000286102295,1.7999999523162842,1.9500000476837158,1.9500000476837158,8900
2023-05-16,1.9700000286102295,2.0,1.8300000429153442,1.9199999570846558,1.9199999570846558,54600
2023-05-17,2.0,2.197999954223633,1.899999976158142,2.140000104904175,2.140000104904175,113100
2023-05-18,2.2300000190734863,2.25,1.9900000095367432,2.0799999237060547,2.0799999237060547,42000
2023-05-19,2.180000066757202,2.299999952316284,2.1500000953674316,2.240000009536743,2.240000009536743,62600
2023-05-22,2.2899999618530273,2.490000009536743,2.200000047683716,2.369999885559082,2.369999885559082,56600
2023-05-23,2.450000047683716,2.4600000381469727,2.200000047683716,2.25,2.25,28300
2023-05-24,2.319999933242798,2.7200000286102295,2.1410000324249268,2.690000057220459,2.690000057220459,70000
2023-05-25,2.7200000286102295,2.809999942779541,2.5899999141693115,2.805000066757202,2.805000066757202,112500
2023-05-26,2.819999933242798,2.8499999046325684,2.7300000190734863,2.7899999618530273,2.7899999618530273,47900
2023-05-30,2.8499999046325684,2.8499999046325684,2.759999990463257,2.799999952316284,2.799999952316284,17100
2023-05-31,2.8399999141693115,3.0,2.6700000762939453,2.9700000286102295,2.9700000286102295,175800
2023-06-01,3.0,3.0,2.8499999046325684,2.890000104904175,2.890000104904175,23800
2023-06-02,2.880000114440918,2.880000114440918,2.690000057220459,2.819999933242798,2.819999933242798,80500
2023-06-05,2.7699999809265137,2.9000000953674316,2.7699999809265137,2.8499999046325684,2.8499999046325684,28700
2023-06-06,2.890000104904175,3.0799999237060547,2.809999942779541,3.075000047683716,3.075000047683716,65900
2023-06-07,3.1700000762939453,3.1700000762939453,3.0399999618530273,3.0799999237060547,3.0799999237060547,58400
2023-06-08,3.049999952316284,3.1500000953674316,2.9600000381469727,3.009999990463257,3.009999990463257,45300
2023-06-09,3.069999933242798,3.0899999141693115,2.869999885559082,3.0199999809265137,3.0199999809265137,36000
2023-06-12,3.0899999141693115,3.319999933242798,3.0899999141693115,3.119999885559082,3.119999885559082,99800
2023-06-13,3.1700000762939453,3.2790000438690186,3.059999942779541,3.069999933242798,3.069999933242798,65800
2023-06-14,3.049999952316284,3.140000104904175,2.997999906539917,3.069999933242798,3.069999933242798,131600
2023-06-15,2.9800000190734863,3.25,2.9800000190734863,3.0999999046325684,3.0999999046325684,42400
2023-06-16,3.0999999046325684,4.400000095367432,3.0999999046325684,4.400000095367432,4.400000095367432,352200
2023-06-20,3.950000047683716,4.070000171661377,3.569999933242798,3.619999885559082,3.619999885559082,232500
2023-06-21,3.569999933242798,3.7799999713897705,3.4749999046325684,3.509999990463257,3.509999990463257,143600
2023-06-22,3.549999952316284,3.681999921798706,3.309999942779541,3.450000047683716,3.450000047683716,108000
2023-06-23,3.4200000762939453,3.740000009536743,3.4100000858306885,3.7200000286102295,3.7200000286102295,98900
2023-06-26,3.700000047683716,3.9000000953674316,3.640000104904175,3.75,3.75,75000
2023-06-27,3.7699999809265137,3.8399999141693115,3.490000009536743,3.5399999618530273,3.5399999618530273,47600
2023-06-28,3.5,3.5999999046325684,3.309999942779541,3.3399999141693115,3.3399999141693115,82100
2023-06-29,3.319999933242798,3.549999952316284,3.319999933242798,3.3299999237060547,3.3299999237060547,26500
2023-06-30,3.3499999046325684,3.437999963760376,3.2119998931884766,3.2750000953674316,3.2750000953674316,18300
2023-07-03,3.2699999809265137,3.549999952316284,3.200000047683716,3.240000009536743,3.240000009536743,74000
2023-07-05,3.119999885559082,3.1600000858306885,2.9100000858306885,3.0999999046325684,3.0999999046325684,59900
2023-07-06,3.2200000286102295,3.305000066757202,3.0399999618530273,3.0969998836517334,3.0969998836517334,18100
2023-07-07,3.0899999141693115,3.309999942779541,2.809999942779541,3.119999885559082,3.119999885559082,58400
2023-07-10,3.1500000953674316,3.200000047683716,2.990000009536743,3.009999990463257,3.009999990463257,17800
2023-07-11,3.069999933242798,3.2309999465942383,3.069999933242798,3.200000047683716,3.200000047683716,28400
2023-07-12,3.200000047683716,3.380000114440918,3.119999885559082,3.119999885559082,3.119999885559082,63600
2023-07-13,3.0999999046325684,3.180000066757202,3.0199999809265137,3.069999933242798,3.069999933242798,19700
2023-07-14,3.069999933242798,3.1700000762939453,3.0199999809265137,3.069999933242798,3.069999933242798,28000
2023-07-17,3.0,3.069999933242798,2.930000066757202,3.0,3.0,52200
2023-07-18,3.009999990463257,3.049999952316284,2.940000057220459,2.990000009536743,2.990000009536743,37000
2023-07-19,3.049999952316284,3.049999952316284,2.9100000858306885,2.9700000286102295,2.9700000286102295,37700
2023-07-20,2.869999885559082,3.1600000858306885,2.869999885559082,2.9000000953674316,2.9000000953674316,92600
2023-07-21,2.9000000953674316,3.0199999809265137,2.799999952316284,2.799999952316284,2.799999952316284,22100
2023-07-24,2.819999933242798,3.0399999618530273,2.819999933242798,2.990000009536743,2.990000009536743,27000
2023-07-25,2.9100000858306885,3.0,2.759999990463257,2.7699999809265137,2.7699999809265137,29000
2023-07-26,2.799999952316284,2.8889999389648438,2.615000009536743,2.640000104904175,2.640000104904175,53800
2023-07-27,2.559999942779541,3.2249999046325684,2.559999942779541,2.9100000858306885,2.9100000858306885,287300
2023-07-28,2.869999885559082,3.1549999713897705,2.869999885559082,3.0899999141693115,3.0899999141693115,50200
2023-07-31,3.0999999046325684,3.3499999046325684,3.0999999046325684,3.200000047683716,3.200000047683716,20600
2023-08-01,3.299999952316284,3.3499999046325684,3.130000114440918,3.190000057220459,3.190000057220459,59400
2023-08-02,3.240000009536743,3.240000009536743,3.056999921798706,3.1050000190734863,3.1050000190734863,40500
2023-08-03,3.0999999046325684,3.240000009536743,3.056999921798706,3.0799999237060547,3.0799999237060547,39700
2023-08-04,3.059999942779541,3.25,3.049999952316284,3.1700000762939453,3.1700000762939453,59800
2023-08-07,3.1700000762939453,3.2799999713897705,3.0399999618530273,3.0399999618530273,3.0399999618530273,20000
2023-08-08,3.0880000591278076,3.0880000591278076,3.0199999809265137,3.0199999809265137,3.0199999809265137,34200
2023-08-09,3.0,3.0799999237060547,2.8910000324249268,2.950000047683716,2.950000047683716,12800
2023-08-10,3.009999990463257,3.009999990463257,2.890000104904175,2.950000047683716,2.950000047683716,10200
2023-08-11,2.9600000381469727,3.190000057220459,2.9110000133514404,2.9709999561309814,2.9709999561309814,75200
2023-08-14,2.8949999809265137,2.944000005722046,2.7100000381469727,2.8399999141693115,2.8399999141693115,66900
2023-08-15,2.75,2.990000009536743,2.700000047683716,2.700000047683716,2.700000047683716,18800
2023-08-16,2.880000114440918,2.930000066757202,2.7799999713897705,2.859999895095825,2.859999895095825,44900
2023-08-17,2.9100000858306885,2.990000009536743,2.6700000762939453,2.859999895095825,2.859999895095825,28900
2023-08-18,2.9100000858306885,2.9509999752044678,2.700000047683716,2.700000047683716,2.700000047683716,20400
2023-08-21,2.7200000286102295,2.7799999713897705,2.559999942779541,2.559999942779541,2.559999942779541,18900
2023-08-22,2.5399999618530273,2.7699999809265137,2.434999942779541,2.440000057220459,2.440000057220459,30200
2023-08-23,2.4100000858306885,2.7699999809265137,2.4000000953674316,2.640000104904175,2.640000104904175,41200
2023-08-24,2.569999933242798,2.7179999351501465,2.440000057220459,2.5999999046325684,2.5999999046325684,35800
2023-08-25,2.5299999713897705,2.7899999618530273,2.5199999809265137,2.7049999237060547,2.7049999237060547,38200
2023-08-28,2.6500000953674316,2.9000000953674316,2.619999885559082,2.740000009536743,2.740000009536743,49800
2023-08-29,2.7820000648498535,2.890000104904175,2.7100000381469727,2.7799999713897705,2.7799999713897705,32800
2023-08-30,2.890000104904175,2.990000009536743,2.7899999618530273,2.8299999237060547,2.8299999237060547,52300
2023-08-31,2.799999952316284,2.9800000190734863,2.743000030517578,2.799999952316284,2.799999952316284,31100
2023-09-01,2.9000000953674316,2.9800000190734863,2.799999952316284,2.930000066757202,2.930000066757202,49900
2023-09-05,2.8259999752044678,3.0999999046325684,2.7300000190734863,3.009999990463257,3.009999990463257,148100
2023-09-06,3.2100000381469727,3.549999952316284,3.0,3.3499999046325684,3.3499999046325684,215600
2023-09-07,3.4600000381469727,3.4600000381469727,3.0199999809265137,3.0999999046325684,3.0999999046325684,62100
2023-09-08,3.180000066757202,3.180000066757202,3.0199999809265137,3.0199999809265137,3.0199999809265137,77000
2023-09-11,3.180000066757202,3.2699999809265137,3.0199999809265137,3.255000114440918,3.255000114440918,283200
2023-09-12,3.2899999618530273,3.299999952316284,2.950000047683716,3.1600000858306885,3.1600000858306885,227800
2023-09-13,3.0999999046325684,3.190000057220459,3.0409998893737793,3.109999895095825,3.109999895095825,59300
2023-09-14,3.0799999237060547,3.4000000953674316,3.0799999237060547,3.200000047683716,3.200000047683716,99700
2023-09-15,3.1500000953674316,3.299999952316284,2.8499999046325684,3.049999952316284,3.049999952316284,57900
2023-09-18,2.990000009536743,3.0399999618530273,2.859999895095825,2.869999885559082,2.869999885559082,40900
2023-09-19,2.809999942779541,2.9600000381469727,2.690000057220459,2.7799999713897705,2.7799999713897705,25000
2023-09-20,2.759999990463257,2.940000057220459,2.5380001068115234,2.6500000953674316,2.6500000953674316,68800
2023-09-21,2.609999895095825,2.700000047683716,2.5899999141693115,2.619999885559082,2.619999885559082,30400
2023-09-22,2.690000057220459,2.880000114440918,2.6600000858306885,2.7799999713897705,2.7799999713897705,54100
2023-09-25,2.7899999618530273,2.799999952316284,2.5299999713897705,2.549999952316284,2.549999952316284,41000
2023-09-26,2.5799999237060547,2.619999885559082,2.4800000190734863,2.5199999809265137,2.5199999809265137,26300
2023-09-27,2.5199999809265137,2.5999999046325684,2.3399999141693115,2.3399999141693115,2.3399999141693115,81200
2023-09-28,2.299999952316284,2.609999895095825,2.299999952316284,2.4600000381469727,2.4600000381469727,38400
2023-09-29,2.4100000858306885,2.5799999237060547,2.4100000858306885,2.490000009536743,2.490000009536743,27600
2023-10-02,2.430000066757202,2.5299999713897705,2.259999990463257,2.359999895095825,2.359999895095825,48100
2023-10-03,2.319999933242798,2.5,2.2100000381469727,2.299999952316284,2.299999952316284,64700
2023-10-04,2.3499999046325684,2.3499999046325684,2.2699999809265137,2.2799999713897705,2.2799999713897705,21900
2023-10-05,2.3399999141693115,2.5,2.305000066757202,2.3499999046325684,2.3499999046325684,27800
2023-10-06,2.3499999046325684,2.390000104904175,2.2799999713897705,2.3399999141693115,2.3399999141693115,15300
2023-10-09,2.2899999618530273,2.3499999046325684,2.2899999618530273,2.2899999618530273,2.2899999618530273,4500
2023-10-10,2.180000066757202,2.3499999046325684,2.180000066757202,2.259999990463257,2.259999990463257,41000
2023-10-11,2.3499999046325684,2.3499999046325684,2.2100000381469727,2.2100000381469727,2.2100000381469727,13500
2023-10-12,2.3299999237060547,2.3499999046325684,2.0999999046325684,2.200000047683716,2.200000047683716,46900
2023-10-13,2.3399999141693115,2.3399999141693115,2.0999999046325684,2.130000114440918,2.130000114440918,23600
2023-10-16,2.2200000286102295,2.430000066757202,2.1700000762939453,2.25,2.25,85100
2023-10-17,2.4000000953674316,2.4000000953674316,2.190000057220459,2.2100000381469727,2.2100000381469727,25600
2023-10-18,2.4000000953674316,2.4000000953674316,2.119999885559082,2.1500000953674316,2.1500000953674316,31900
2023-10-19,2.25,2.25,2.0299999713897705,2.0299999713897705,2.0299999713897705,38300
2023-10-20,2.180000066757202,2.180000066757202,2.009999990463257,2.0950000286102295,2.0950000286102295,40500
2023-10-23,2.069999933242798,2.2699999809265137,2.059999942779541,2.059999942779541,2.059999942779541,26400
2023-10-24,2.1600000858306885,2.1600000858306885,1.9199999570846558,2.059999942779541,2.059999942779541,83500
2023-10-25,2.200000047683716,2.200000047683716,2.0199999809265137,2.0299999713897705,2.0299999713897705,33800
2023-10-26,2.0199999809265137,2.0799999237060547,2.0199999809265137,2.0199999809265137,2.0199999809265137,24000
2023-10-27,2.0199999809265137,2.059999942779541,1.9800000190734863,2.0299999713897705,2.0299999713897705,33600
2023-10-30,2.009999990463257,2.140000104904175,2.009999990463257,2.109999895095825,2.109999895095825,18000
2023-10-31,2.1700000762939453,2.1700000762939453,2.0399999618530273,2.119999885559082,2.119999885559082,10200
2023-11-01,2.059999942779541,2.125999927520752,2.0,2.0799999237060547,2.0799999237060547,6000
2023-11-02,2.0999999046325684,2.140000104904175,2.0799999237060547,2.140000104904175,2.140000104904175,9600
2023-11-03,2.180000066757202,2.200000047683716,2.109999895095825,2.1700000762939453,2.1700000762939453,14800
2023-11-06,2.200000047683716,2.200000047683716,2.0999999046325684,2.109999895095825,2.109999895095825,13800
2023-11-07,2.124000072479248,2.134999990463257,1.7200000286102295,2.0,2.0,74100
2023-11-08,2.130000114440918,2.130000114440918,1.9600000381469727,1.9900000095367432,1.9900000095367432,11700
2023-11-09,2.1500000953674316,2.1500000953674316,2.0450000762939453,2.069999933242798,2.069999933242798,22700
2023-11-10,2.1700000762939453,2.1700000762939453,2.069999933242798,2.0999999046325684,2.0999999046325684,16100
2023-11-13,2.119999885559082,2.180000066757202,2.0899999141693115,2.119999885559082,2.119999885559082,32200
2023-11-14,2.119999885559082,2.130000114440918,2.049999952316284,2.049999952316284,2.049999952316284,18000
2023-11-15,2.0899999141693115,2.0899999141693115,1.9989999532699585,2.009999990463257,2.009999990463257,14200
2023-11-16,1.9700000286102295,2.0899999141693115,1.940000057220459,2.0199999809265137,2.0199999809265137,17800
2023-11-17,2.0199999809265137,2.0199999809265137,1.9199999570846558,1.9199999570846558,1.9199999570846558,38800
2023-11-20,2.0799999237060547,2.0799999237060547,1.9140000343322754,1.9700000286102295,1.9700000286102295,30800
2023-11-21,1.8600000143051147,1.9850000143051147,1.840000033378601,1.8799999952316284,1.8799999952316284,5000
2023-11-22,1.8300000429153442,2.009999990463257,1.7799999713897705,1.7999999523162842,1.7999999523162842,13000
2023-11-24,1.840000033378601,1.8700000047683716,1.7699999809265137,1.7799999713897705,1.7799999713897705,21100
2023-11-27,1.8899999856948853,1.9429999589920044,1.7710000276565552,1.850000023841858,1.850000023841858,43800
2023-11-28,2.059999942779541,2.0999999046325684,1.7999999523162842,1.7999999523162842,1.7999999523162842,20000
2023-11-29,1.850000023841858,1.899999976158142,1.7599999904632568,1.8200000524520874,1.8200000524520874,7800
2023-11-30,1.7599999904632568,1.8899999856948853,1.7599999904632568,1.784999966621399,1.784999966621399,13200
2023-12-01,1.75,1.8200000524520874,1.75,1.7899999618530273,1.7899999618530273,27700
2023-12-04,1.7200000286102295,1.809999942779541,1.7200000286102295,1.7599999904632568,1.7599999904632568,21000
2023-12-05,1.7860000133514404,1.8459999561309814,1.7549999952316284,1.8020000457763672,1.8020000457763672,11500
2023-12-06,1.809999942779541,1.8350000381469727,1.7699999809265137,1.7699999809265137,1.7699999809265137,33200
2023-12-07,1.75,1.909999966621399,1.718999981880188,1.8899999856948853,1.8899999856948853,31000
2023-12-08,1.878000020980835,1.878000020980835,1.7799999713897705,1.850000023841858,1.850000023841858,10700
2023-12-11,1.940000057220459,2.0,1.8270000219345093,1.909999966621399,1.909999966621399,15100
2023-12-12,1.909999966621399,1.909999966621399,1.75,1.7799999713897705,1.7799999713897705,38200
2023-12-13,1.899999976158142,1.899999976158142,1.7100000381469727,1.75,1.75,23000
2023-12-14,1.7599999904632568,1.850000023841858,1.7599999904632568,1.7999999523162842,1.7999999523162842,15700
2023-12-15,1.7899999618530273,2.0,1.715000033378601,1.840000033378601,1.840000033378601,92400
2023-12-18,1.8200000524520874,1.878999948501587,1.7699999809265137,1.840000033378601,1.840000033378601,33300
2023-12-19,1.899999976158142,1.899999976158142,1.7890000343322754,1.8569999933242798,1.8569999933242798,7700
2023-12-20,1.7799999713897705,1.8650000095367432,1.7109999656677246,1.8200000524520874,1.8200000524520874,30700
2023-12-21,1.8200000524520874,1.8220000267028809,1.7699999809265137,1.7699999809265137,1.7699999809265137,20700
2023-12-22,1.774999976158142,1.809999942779541,1.7300000190734863,1.7999999523162842,1.7999999523162842,40300
2023-12-26,1.649999976158142,1.8300000429153442,1.4199999570846558,1.6399999856948853,1.6399999856948853,294300
2023-12-27,1.7200000286102295,1.7200000286102295,1.5700000524520874,1.61899995803833,1.61899995803833,24100
2023-12-28,1.6419999599456787,1.649999976158142,1.4700000286102295,1.5800000429153442,1.5800000429153442,16300
2023-12-29,1.559999942779541,1.6200000047683716,1.5099999904632568,1.600000023841858,1.600000023841858,29300
2024-01-02,1.6200000047683716,1.6200000047683716,1.5089999437332153,1.5950000286102295,1.5950000286102295,20000
2024-01-03,1.5499999523162842,1.690000057220459,1.5399999618530273,1.600000023841858,1.600000023841858,42800
2024-01-04,1.6200000047683716,1.7200000286102295,1.5399999618530273,1.5800000429153442,1.5800000429153442,42300
2024-01-05,1.600000023841858,1.600000023841858,1.5099999904632568,1.5199999809265137,1.5199999809265137,32400
2024-01-08,1.5,1.5549999475479126,1.4500000476837158,1.5299999713897705,1.5299999713897705,42300
2024-01-09,1.5299999713897705,1.5299999713897705,1.4800000190734863,1.5,1.5,25700
2024-01-10,1.5199999809265137,1.5499999523162842,1.4900000095367432,1.5499999523162842,1.5499999523162842,30400
2024-01-11,1.534999966621399,1.559999942779541,1.5199999809265137,1.5299999713897705,1.5299999713897705,29200
2024-01-12,1.6399999856948853,1.659999966621399,1.5099999904632568,1.600000023841858,1.600000023841858,34600
2024-01-16,1.4900000095367432,1.6200000047683716,1.4900000095367432,1.5499999523162842,1.5499999523162842,23400
2024-01-17,1.555999994277954,1.5720000267028809,1.5299999713897705,1.5299999713897705,1.5299999713897705,14500
2024-01-18,1.534999966621399,1.559999942779541,1.5,1.559999942779541,1.559999942779541,25400
2024-01-19,1.5199999809265137,1.559999942779541,1.5099999904632568,1.5299999713897705,1.5299999713897705,8300
2024-01-22,1.5299999713897705,1.7599999904632568,1.5099999904632568,1.6799999475479126,1.6799999475479126,32500
2024-01-23,1.649999976158142,1.7400000095367432,1.6130000352859497,1.6699999570846558,1.6699999570846558,31400
2024-01-24,1.6299999952316284,1.8700000047683716,1.600000023841858,1.6299999952316284,1.6299999952316284,119800
2024-01-25,1.7400000095367432,1.75,1.600000023841858,1.6399999856948853,1.6399999856948853,45400
2024-01-26,1.6100000143051147,1.690000057220459,1.4700000286102295,1.5549999475479126,1.5549999475479126,30600
2024-01-29,1.600000023841858,1.600000023841858,1.475000023841858,1.5099999904632568,1.5099999904632568,58400
2024-01-30,1.4700000286102295,1.5499999523162842,1.4199999570846558,1.4500000476837158,1.4500000476837158,38800
2024-01-31,1.4800000190734863,1.5800000429153442,1.4199999570846558,1.5199999809265137,1.5199999809265137,50100
2024-02-01,1.5509999990463257,1.590000033378601,1.534999966621399,1.559999942779541,1.559999942779541,7400
2024-02-02,1.5800000429153442,1.649999976158142,1.5099999904632568,1.6100000143051147,1.6100000143051147,71600
2024-02-05,1.6200000047683716,1.6200000047683716,1.5099999904632568,1.5499999523162842,1.5499999523162842,61100
2024-02-06,1.5099999904632568,1.5700000524520874,1.2300000190734863,1.4900000095367432,1.4900000095367432,42400
2024-02-07,1.4600000381469727,1.5,1.4600000381469727,1.4850000143051147,1.4850000143051147,5100
2024-02-08,1.4900000095367432,1.6200000047683716,1.4900000095367432,1.6089999675750732,1.6089999675750732,68900
2024-02-09,1.7400000095367432,1.7400000095367432,1.5509999990463257,1.6200000047683716,1.6200000047683716,65300
2024-02-12,1.6100000143051147,1.690000057220459,1.5499999523162842,1.559999942779541,1.559999942779541,69600
2024-02-13,1.649999976158142,1.649999976158142,1.5800000429153442,1.6100000143051147,1.6100000143051147,6800
2024-02-14,1.649999976158142,1.7000000476837158,1.600000023841858,1.6490000486373901,1.6490000486373901,13300
2024-02-15,1.6299999952316284,1.6399999856948853,1.590000033378601,1.6200000047683716,1.6200000047683716,20500
2024-02-16,1.6200000047683716,1.6579999923706055,1.5499999523162842,1.6299999952316284,1.6299999952316284,50200
2024-02-20,1.5199999809265137,1.6699999570846558,1.4700000286102295,1.5,1.5,58800
2024-02-21,1.475000023841858,1.4900000095367432,1.409999966621399,1.465000033378601,1.465000033378601,39100
2024-02-22,1.4800000190734863,1.5299999713897705,1.4700000286102295,1.4800000190734863,1.4800000190734863,28900
2024-02-23,1.4900000095367432,1.4900000095367432,1.399999976158142,1.440000057220459,1.440000057220459,10500
2024-02-26,1.4199999570846558,1.4299999475479126,1.3200000524520874,1.4299999475479126,1.4299999475479126,32400
2024-02-27,1.399999976158142,1.399999976158142,1.25,1.2699999809265137,1.2699999809265137,158900
2024-02-28,1.3700000047683716,1.3799999952316284,1.25,1.284999966621399,1.284999966621399,26400
2024-02-29,1.3899999856948853,1.3899999856948853,1.25,1.2599999904632568,1.2599999904632568,38200
2024-03-01,1.2799999713897705,1.2979999780654907,1.2599999904632568,1.2649999856948853,1.2649999856948853,19600
2024-03-04,1.25,1.2599999904632568,1.1100000143051147,1.149999976158142,1.149999976158142,58200
2024-03-05,1.190000057220459,1.2000000476837158,1.1050000190734863,1.1150000095367432,1.1150000095367432,47100
2024-03-06,1.1369999647140503,1.1449999809265137,0.8500000238418579,1.0299999713897705,1.0299999713897705,98000
2024-03-07,0.9990000128746033,1.0479999780654907,0.8740000128746033,0.9300000071525574,0.9300000071525574,89300
2024-03-08,0.8999999761581421,0.9300000071525574,0.8619999885559082,0.9300000071525574,0.9300000071525574,95500
2024-03-11,0.9300000071525574,0.9300000071525574,0.8740000128746033,0.8799999952316284,0.8799999952316284,37200
2024-03-12,1.0,1.0,0.8500000238418579,0.8500000238418579,0.8500000238418579,22200
2024-03-13,0.8500000238418579,0.8600000143051147,0.8100000023841858,0.8100000023841858,0.8100000023841858,53000
2024-03-14,0.7799999713897705,0.8100000023841858,0.6269999742507935,0.6899999976158142,0.6899999976158142,172500
2024-03-15,0.6899999976158142,0.75,0.6809999942779541,0.7400000095367432,0.7400000095367432,70900
2024-03-18,0.75,0.8700000047683716,0.75,0.7620000243186951,0.7620000243186951,41600
2024-03-19,0.7699999809265137,0.8389999866485596,0.7699999809265137,0.8199999928474426,0.8199999928474426,85000
2024-03-20,0.8399999737739563,0.8999999761581421,0.8299999833106995,0.8949999809265137,0.8949999809265137,40900
2024-03-21,0.949999988079071,0.9900000095367432,0.9200000166893005,0.9200000166893005,0.9200000166893005,29700
2024-03-22,0.9399999976158142,0.9900000095367432,0.8450000286102295,0.9800000190734863,0.9800000190734863,104700
2024-03-25,0.9800000190734863,1.0800000429153442,0.9160000085830688,1.0379999876022339,1.0379999876022339,151500
2024-03-26,1.0199999809265137,1.0399999618530273,1.0,1.0099999904632568,1.0099999904632568,74400
2024-03-27,1.0299999713897705,1.0399999618530273,0.984000027179718,1.0099999904632568,1.0099999904632568,44800
2024-03-28,1.0299999713897705,1.2999999523162842,1.0110000371932983,1.1799999475479126,1.1799999475479126,378800
2024-04-01,1.190000057220459,1.2799999713897705,1.190000057220459,1.2699999809265137,1.2699999809265137,149800
2024-04-02,1.2799999713897705,1.399999976158142,1.0800000429153442,1.399999976158142,1.399999976158142,545000
2024-04-03,1.399999976158142,1.9600000381469727,1.3700000047683716,1.9299999475479126,1.9299999475479126,386500
2024-04-04,2.069999933242798,2.4700000286102295,1.7799999713897705,1.899999976158142,1.899999976158142,414300
2024-04-05,1.899999976158142,2.109999895095825,1.7999999523162842,2.0899999141693115,2.0899999141693115,147300
2024-04-08,2.0799999237060547,2.130000114440918,1.9299999475479126,1.9700000286102295,1.9700000286102295,72900
2024-04-09,1.9299999475479126,1.9500000476837158,1.75,1.7599999904632568,1.7599999904632568,59700
2024-04-10,1.840000033378601,2.3499999046325684,1.7599999904632568,1.8799999952316284,1.8799999952316284,626200
2024-04-11,1.7699999809265137,2.2799999713897705,1.7000000476837158,2.200000047683716,2.200000047683716,395700
2024-04-12,2.200000047683716,2.369999885559082,2.119999885559082,2.359999895095825,2.359999895095825,273200
2024-04-15,2.299999952316284,2.3499999046325684,1.7100000381469727,1.9500000476837158,1.9500000476837158,114500
2024-04-16,2.0,2.0999999046325684,1.7400000095367432,2.0899999141693115,2.0899999141693115,175000
2024-04-17,2.0999999046325684,2.0999999046325684,1.7699999809265137,1.7999999523162842,1.7999999523162842,80900
2024-04-18,1.7799999713897705,1.9119999408721924,1.7300000190734863,1.8600000143051147,1.8600000143051147,38700
2024-04-19,1.8600000143051147,1.9700000286102295,1.8300000429153442,1.8300000429153442,1.8300000429153442,38100
2024-04-22,1.909999966621399,2.059999942779541,1.8799999952316284,1.8899999856948853,1.8899999856948853,306800
2024-04-23,1.9600000381469727,2.0299999713897705,1.8700000047683716,1.9900000095367432,1.9900000095367432,116400
2024-04-24,2.069999933242798,2.1600000858306885,1.9700000286102295,2.1600000858306885,2.1600000858306885,262300
2024-04-25,2.1700000762939453,2.1700000762939453,1.937999963760376,1.9900000095367432,1.9900000095367432,55100
2024-04-26,1.9900000095367432,2.109999895095825,1.9500000476837158,2.075000047683716,2.075000047683716,77100
2024-04-29,2.0899999141693115,2.299999952316284,1.965000033378601,2.2300000190734863,2.2300000190734863,501600
2024-04-30,2.180000066757202,2.450000047683716,2.180000066757202,2.309999942779541,2.309999942779541,163500
2024-05-01,2.3299999237060547,2.440000057220459,2.25,2.2899999618530273,2.2899999618530273,93700
2024-05-02,2.3299999237060547,2.3399999141693115,2.2300000190734863,2.240000009536743,2.240000009536743,46800
2024-05-03,2.240000009536743,2.440000057220459,2.2300000190734863,2.4000000953674316,2.4000000953674316,65100
2024-05-06,2.438999891281128,2.5299999713897705,2.4100000858306885,2.509999990463257,2.509999990463257,123200
2024-05-07,2.5,2.6600000858306885,2.4600000381469727,2.609999895095825,2.609999895095825,293300
2024-05-08,2.549999952316284,2.740000009536743,2.549999952316284,2.7100000381469727,2.7100000381469727,69600
2024-05-09,2.700000047683716,2.7899999618530273,2.6500000953674316,2.6500000953674316,2.6500000953674316,139400
2024-05-10,2.700000047683716,2.7699999809265137,2.4000000953674316,2.7100000381469727,2.7100000381469727,173800
2024-05-13,2.7200000286102295,2.940000057220459,2.6500000953674316,2.9100000858306885,2.9100000858306885,316300
2024-05-14,2.890000104904175,2.930000066757202,2.5799999237060547,2.8299999237060547,2.8299999237060547,127400
2024-05-15,2.869999885559082,2.880000114440918,2.759999990463257,2.809999942779541,2.809999942779541,44500
2024-05-16,2.7699999809265137,2.7899999618530273,2.559999942779541,2.5799999237060547,2.5799999237060547,46800
2024-05-17,2.5799999237060547,2.5799999237060547,2.450000047683716,2.5199999809265137,2.5199999809265137,112100
2024-05-20,2.5399999618530273,2.5399999618530273,2.200000047683716,2.25,2.25,118800
2024-05-21,2.25,2.859999895095825,2.2100000381469727,2.819999933242798,2.819999933242798,502700
2024-05-22,2.8499999046325684,2.990000009536743,2.8269999027252197,2.950000047683716,2.950000047683716,147800
2024-05-23,2.9000000953674316,3.059999942779541,2.859999895095825,3.0199999809265137,3.0199999809265137,160200
2024-05-24,3.049999952316284,3.140000104904175,3.0,3.0399999618530273,3.0399999618530273,90100
2024-05-28,3.049999952316284,3.0999999046325684,2.25,2.4749999046325684,2.4749999046325684,210800
2024-05-29,2.450000047683716,2.609999895095825,2.450000047683716,2.559999942779541,2.559999942779541,38200
2024-05-30,2.5999999046325684,2.7799999713897705,2.5899999141693115,2.5899999141693115,2.5899999141693115,83600
2024-05-31,2.5899999141693115,2.6500000953674316,2.440000057220459,2.5199999809265137,2.5199999809265137,34800
2024-06-03,2.5199999809265137,2.619999885559082,2.4100000858306885,2.5299999713897705,2.5299999713897705,50900
2024-06-04,2.509999990463257,2.5399999618530273,2.4100000858306885,2.4700000286102295,2.4700000286102295,17700
2024-06-05,2.5899999141693115,2.630000114440918,2.559999942779541,2.559999942779541,2.559999942779541,20500
2024-06-06,2.5950000286102295,2.6570000648498535,2.569999933242798,2.630000114440918,2.630000114440918,20200
2024-06-07,2.680000066757202,2.7699999809265137,2.359999895095825,2.4000000953674316,2.4000000953674316,135600
2024-06-10,2.380000114440918,2.509999990463257,2.380000114440918,2.450000047683716,2.450000047683716,28700
2024-06-11,2.4700000286102295,2.5399999618530273,2.4600000381469727,2.5399999618530273,2.5399999618530273,11600
2024-06-12,2.5199999809265137,3.109999895095825,2.5199999809265137,3.0199999809265137,3.0199999809265137,296300
2024-06-13,3.0,3.119999885559082,2.759999990463257,2.9100000858306885,2.9100000858306885,112000
2024-06-14,2.930000066757202,3.2799999713897705,2.740000009536743,3.0899999141693115,3.0899999141693115,311000
2024-06-17,3.119999885559082,3.5799999237060547,3.0399999618530273,3.4000000953674316,3.4000000953674316,573700
2024-06-18,3.369999885559082,3.440000057220459,2.819999933242798,3.0,3.0,108400
2024-06-20,3.1500000953674316,3.3299999237060547,2.880000114440918,2.9749999046325684,2.9749999046325684,301800
2024-06-21,2.950000047683716,3.25,2.809999942779541,2.880000114440918,2.880000114440918,214000
2024-06-24,2.9200000762939453,3.2300000190734863,2.5999999046325684,2.6700000762939453,2.6700000762939453,110600
2024-06-25,2.700000047683716,2.799999952316284,2.549999952316284,2.609999895095825,2.609999895095825,162400
2024-06-26,2.6500000953674316,2.7200000286102295,2.3399999141693115,2.390000104904175,2.390000104904175,194800
2024-06-27,2.359999895095825,2.640000104904175,2.3499999046325684,2.4700000286102295,2.4700000286102295,98500
2024-06-28,2.490000009536743,2.8299999237060547,2.490000009536743,2.640000104904175,2.640000104904175,123100
2024-07-01,2.5999999046325684,2.740000009536743,2.4600000381469727,2.490000009536743,2.490000009536743,79500
2024-07-02,2.4700000286102295,2.5899999141693115,2.2300000190734863,2.299999952316284,2.299999952316284,239900
2024-07-03,2.319999933242798,2.490000009536743,2.2699999809265137,2.2799999713897705,2.2799999713897705,117500
2024-07-05,2.2699999809265137,2.5199999809265137,2.119999885559082,2.359999895095825,2.359999895095825,351200
2024-07-08,2.369999885559082,2.5,2.25,2.369999885559082,2.369999885559082,135700
2024-07-09,2.359999895095825,2.680000066757202,2.299999952316284,2.4800000190734863,2.4800000190734863,238700
2024-07-10,2.4700000286102295,2.9600000381469727,2.4100000858306885,2.630000114440918,2.630000114440918,429800
2024-07-11,2.640000104904175,2.8499999046325684,2.555000066757202,2.5799999237060547,2.5799999237060547,116900
2024-07-12,2.5899999141693115,2.7799999713897705,2.430000066757202,2.490000009536743,2.490000009536743,57700
2024-07-15,2.4800000190734863,2.700000047683716,2.430000066757202,2.5199999809265137,2.5199999809265137,43700
2024-07-16,2.549999952316284,2.549999952316284,2.309999942779541,2.5199999809265137,2.5199999809265137,113100
2024-07-17,2.4800000190734863,2.609999895095825,2.390000104904175,2.440000057220459,2.440000057220459,100700
2024-07-18,2.5399999618530273,2.5399999618530273,2.319999933242798,2.390000104904175,2.390000104904175,67500
2024-07-19,2.450000047683716,2.5,2.4200000762939453,2.4600000381469727,2.4600000381469727,28200
2024-07-22,2.4700000286102295,2.549999952316284,2.4619998931884766,2.549999952316284,2.549999952316284,38900
2024-07-23,2.569999933242798,2.740000009536743,2.559999942779541,2.700000047683716,2.700000047683716,163400
2024-07-24,2.6600000858306885,2.759999990463257,2.5199999809265137,2.569999933242798,2.569999933242798,37900
2024-07-25,2.5999999046325684,2.5999999046325684,2.440000057220459,2.4700000286102295,2.4700000286102295,31500
2024-07-26,2.5299999713897705,2.7300000190734863,2.4700000286102295,2.7200000286102295,2.7200000286102295,263500
2024-07-29,2.7699999809265137,2.8399999141693115,2.740000009536743,2.8299999237060547,2.8299999237060547,47600
2024-07-30,2.8399999141693115,2.880000114440918,2.5799999237060547,2.5799999237060547,2.5799999237060547,64000
2024-07-31,2.619999885559082,2.8399999141693115,2.569999933242798,2.690000057220459,2.690000057220459,182900
2024-08-01,2.6700000762939453,2.7899999618530273,2.6600000858306885,2.690000057220459,2.690000057220459,42700
2024-08-02,2.700000047683716,2.7699999809265137,2.490000009536743,2.700000047683716,2.700000047683716,99300
2024-08-05,2.509999990463257,2.6700000762939453,2.369999885559082,2.490000009536743,2.490000009536743,178500
2024-08-06,2.619999885559082,2.6600000858306885,2.5,2.5399999618530273,2.5399999618530273,20200
2024-08-07,2.5999999046325684,2.630000114440918,2.390000104904175,2.4800000190734863,2.4800000190734863,49100
2024-08-08,2.609999895095825,2.75,2.4700000286102295,2.630000114440918,2.630000114440918,166700
2024-08-09,2.630000114440918,2.75,2.4800000190734863,2.630000114440918,2.630000114440918,63500
2024-08-12,2.7300000190734863,2.7300000190734863,2.549999952316284,2.5799999237060547,2.5799999237060547,33100
2024-08-13,2.6449999809265137,2.7200000286102295,2.549999952316284,2.6549999713897705,2.6549999713897705,155100
2024-08-14,2.6600000858306885,2.940000057220459,2.6500000953674316,2.940000057220459,2.940000057220459,209100
2024-08-15,2.940000057220459,3.0999999046325684,2.8959999084472656,2.950000047683716,2.950000047683716,107900
2024-08-16,2.9600000381469727,3.069999933242798,2.7960000038146973,3.0299999713897705,3.0299999713897705,157900
2024-08-19,3.069999933242798,3.130000114440918,3.0250000953674316,3.069999933242798,3.069999933242798,104500
2024-08-20,3.0399999618530273,3.0899999141693115,2.7850000858306885,2.9100000858306885,2.9100000858306885,73000
2024-08-21,2.880000114440918,2.9800000190734863,2.740000009536743,2.740000009536743,2.740000009536743,47400
2024-08-22,2.7300000190734863,2.859999895095825,2.680000066757202,2.7100000381469727,2.7100000381469727,18300
2024-08-23,2.700000047683716,2.799999952316284,2.5999999046325684,2.6600000858306885,2.6600000858306885,53700
