Date,Open,High,Low,Close,Adj Close,Volume
2012-02-14,33.0,33.0,30.0,33.0,33.0,715
2012-02-15,33.0,33.0,27.799999237060547,33.0,33.0,995
2012-02-16,33.0,33.0,29.0,29.0,29.0,455
2012-02-17,31.0,31.0,31.0,31.0,31.0,65
2012-02-21,31.0,31.0,29.0,30.0,30.0,450
2012-02-22,31.0,31.0,30.0,30.0,30.0,195
2012-02-23,30.0,31.0,30.0,30.0,30.0,200
2012-02-24,30.0,30.200000762939453,24.799999237060547,24.799999237060547,24.799999237060547,26395
2012-02-27,28.799999237060547,33.0,28.799999237060547,33.0,33.0,6315
2012-02-28,33.0,34.0,33.0,33.599998474121094,33.599998474121094,1940
2012-02-29,34.0,35.0,34.0,35.0,35.0,3195
2012-03-01,35.0,35.0,35.0,35.0,35.0,5585
2012-03-02,35.0,36.0,35.0,36.0,36.0,2055
2012-03-05,36.0,36.0,35.400001525878906,35.400001525878906,35.400001525878906,680
2012-03-06,36.0,36.0,35.400001525878906,35.79999923706055,35.79999923706055,985
2012-03-07,35.79999923706055,36.0,35.79999923706055,36.0,36.0,1655
2012-03-08,36.0,36.0,36.0,36.0,36.0,895
2012-03-09,36.0,38.0,36.0,38.0,38.0,13255
2012-03-12,38.0,41.0,38.0,41.0,41.0,12785
2012-03-13,41.0,45.0,41.0,44.599998474121094,44.599998474121094,24025
2012-03-14,45.0,47.0,44.599998474121094,47.0,47.0,15280
2012-03-15,47.400001525878906,51.0,47.0,51.0,51.0,17050
2012-03-16,52.0,53.0,51.0,52.599998474121094,52.599998474121094,8225
2012-03-19,53.0,53.0,48.0,48.0,48.0,5075
2012-03-20,48.400001525878906,49.0,39.0,46.20000076293945,46.20000076293945,11015
2012-03-21,47.0,49.0,44.0,45.0,45.0,3225
2012-03-22,48.0,49.0,46.0,46.20000076293945,46.20000076293945,9480
2012-03-23,48.20000076293945,48.20000076293945,45.0,47.20000076293945,47.20000076293945,6490
2012-03-26,48.20000076293945,50.0,48.20000076293945,50.0,50.0,7150
2012-03-27,50.0,50.400001525878906,49.0,49.400001525878906,49.400001525878906,7620
2012-03-28,49.400001525878906,50.400001525878906,49.0,49.0,49.0,1775
2012-03-29,48.0,50.400001525878906,48.0,50.0,50.0,3180
2012-03-30,50.400001525878906,50.400001525878906,49.0,49.400001525878906,49.400001525878906,5105
2012-04-02,50.400001525878906,54.79999923706055,50.0,54.79999923706055,54.79999923706055,13530
2012-04-03,54.79999923706055,55.0,54.0,54.0,54.0,5355
2012-04-04,55.400001525878906,55.400001525878906,54.0,54.599998474121094,54.599998474121094,5675
2012-04-05,55.400001525878906,55.400001525878906,54.79999923706055,55.0,55.0,3685
2012-04-09,55.400001525878906,55.400001525878906,48.0,50.0,50.0,10945
2012-04-10,50.0,55.400001525878906,48.0,48.400001525878906,48.400001525878906,1970
2012-04-11,50.0,52.79999923706055,48.0,51.599998474121094,51.599998474121094,1385
2012-04-12,51.599998474121094,51.599998474121094,48.0,49.79999923706055,49.79999923706055,1785
2012-04-13,50.599998474121094,50.599998474121094,48.0,48.0,48.0,1135
2012-04-16,48.79999923706055,50.599998474121094,47.0,47.0,47.0,13820
2012-04-17,47.79999923706055,47.79999923706055,41.599998474121094,42.0,42.0,6465
2012-04-18,42.0,45.0,41.79999923706055,45.0,45.0,2090
2012-04-19,45.0,45.0,40.0,41.0,41.0,3945
2012-04-20,41.599998474121094,45.0,41.599998474121094,44.79999923706055,44.79999923706055,1745
2012-04-23,44.0,44.79999923706055,43.0,44.0,44.0,950
2012-04-24,44.0,45.0,43.0,45.0,45.0,1330
2012-04-25,45.0,45.599998474121094,44.20000076293945,44.20000076293945,44.20000076293945,940
2012-04-26,45.0,45.79999923706055,44.400001525878906,45.79999923706055,45.79999923706055,1000
2012-04-27,46.0,46.400001525878906,44.400001525878906,44.400001525878906,44.400001525878906,1550
2012-04-30,44.400001525878906,47.400001525878906,44.400001525878906,46.20000076293945,46.20000076293945,3480
2012-05-01,47.20000076293945,51.79999923706055,47.0,51.599998474121094,51.599998474121094,7300
2012-05-02,54.0,64.0,53.20000076293945,57.0,57.0,10950
2012-05-03,57.400001525878906,61.599998474121094,57.20000076293945,57.20000076293945,57.20000076293945,5495
2012-05-04,60.0,60.0,58.20000076293945,59.0,59.0,1160
2012-05-07,59.79999923706055,59.79999923706055,57.0,59.599998474121094,59.599998474121094,2070
2012-05-08,59.79999923706055,60.0,55.20000076293945,60.0,60.0,1795
2012-05-09,59.599998474121094,59.79999923706055,56.20000076293945,56.400001525878906,56.400001525878906,1880
2012-05-10,59.0,59.0,53.20000076293945,55.79999923706055,55.79999923706055,1450
2012-05-11,60.0,61.0,53.400001525878906,60.0,60.0,1560
2012-05-14,62.0,62.0,54.400001525878906,59.0,59.0,1900
2012-05-15,59.0,59.599998474121094,55.0,57.0,57.0,2025
2012-05-16,55.0,60.0,55.0,59.599998474121094,59.599998474121094,1750
2012-05-17,60.0,63.0,55.0,60.20000076293945,60.20000076293945,3595
2012-05-18,63.400001525878906,68.0,61.0,68.0,68.0,3750
2012-05-21,70.0,85.0,70.0,76.0,76.0,8715
2012-05-22,79.0,79.0,70.0,71.0,71.0,3840
2012-05-23,78.5999984741211,78.5999984741211,66.0,69.0,69.0,3015
2012-05-24,68.0,73.0,67.0,70.0,70.0,2660
2012-05-25,66.0,70.5999984741211,66.0,66.0,66.0,1880
2012-05-29,70.0,74.0,66.0,74.0,74.0,4930
2012-05-30,79.0,82.0,76.0,78.0,78.0,6045
2012-05-31,78.0,96.4000015258789,78.0,90.19999694824219,90.19999694824219,5770
2012-06-01,87.0,130.0,84.4000015258789,104.4000015258789,104.4000015258789,8565
2012-06-04,130.0,134.0,94.4000015258789,109.0,109.0,21570
2012-06-05,116.0,119.80000305175781,100.0,111.0,111.0,12390
2012-06-06,114.4000015258789,114.4000015258789,95.0,98.0,98.0,13110
2012-06-07,97.5999984741211,103.0,94.4000015258789,94.4000015258789,94.4000015258789,3540
2012-06-08,96.0,104.0,95.19999694824219,99.0,99.0,3040
2012-06-11,99.0,110.0,99.0,109.5999984741211,109.5999984741211,4170
2012-06-12,112.0,123.0,104.0,119.4000015258789,119.4000015258789,11885
2012-06-13,115.80000305175781,123.0,112.0,120.80000305175781,120.80000305175781,5570
2012-06-14,118.0,128.0,111.19999694824219,128.0,128.0,7560
2012-06-15,122.4000015258789,144.0,122.0,143.0,143.0,10815
2012-06-18,145.0,218.0,144.0,193.0,193.0,16580
2012-06-19,199.8000030517578,200.0,175.0,175.0,175.0,10185
2012-06-20,182.0,185.0,175.0,185.0,185.0,8310
2012-06-21,185.0,187.0,182.1999969482422,184.1999969482422,184.1999969482422,6795
2012-06-22,184.39999389648438,187.0,184.39999389648438,187.0,187.0,3070
2012-06-25,187.0,187.0,180.0,187.0,187.0,4435
2012-06-26,186.8000030517578,187.0,178.0,182.0,182.0,3180
2012-06-27,181.60000610351562,181.60000610351562,70.0,75.4000015258789,75.4000015258789,80580
2012-06-28,72.19999694824219,90.0,61.400001525878906,86.0,86.0,50105
2012-06-29,89.80000305175781,90.0,75.0,79.80000305175781,79.80000305175781,9720
2012-07-02,76.0,76.0,58.0,64.0,64.0,14650
2012-07-03,60.79999923706055,74.0,60.79999923706055,72.0,72.0,4240
2012-07-05,74.0,84.80000305175781,72.0,84.80000305175781,84.80000305175781,10535
2012-07-06,85.0,88.5999984741211,73.4000015258789,83.0,83.0,6980
2012-07-09,80.0,81.0,38.599998474121094,48.0,48.0,141195
2012-07-10,48.400001525878906,49.599998474121094,45.0,49.400001525878906,49.400001525878906,10135
2012-07-11,52.79999923706055,57.0,52.0,54.0,54.0,12230
2012-07-12,55.0,55.0,45.400001525878906,49.79999923706055,49.79999923706055,15300
2012-07-13,51.0,52.0,48.400001525878906,49.599998474121094,49.599998474121094,9540
2012-07-16,49.0,49.599998474121094,44.0,44.20000076293945,44.20000076293945,16265
2012-07-17,45.20000076293945,45.20000076293945,39.400001525878906,44.400001525878906,44.400001525878906,22500
2012-07-18,45.0,45.0,40.0,40.599998474121094,40.599998474121094,7930
2012-07-19,44.0,44.0,36.20000076293945,36.79999923706055,36.79999923706055,17795
2012-07-20,37.400001525878906,38.599998474121094,29.799999237060547,31.200000762939453,31.200000762939453,33435
2012-07-23,31.200000762939453,35.0,31.200000762939453,33.0,33.0,28295
2012-07-24,33.0,33.599998474121094,30.399999618530273,32.0,32.0,10290
2012-07-25,31.799999237060547,40.0,31.799999237060547,37.20000076293945,37.20000076293945,28685
2012-07-26,38.20000076293945,42.79999923706055,37.400001525878906,40.20000076293945,40.20000076293945,30215
2012-07-27,41.20000076293945,41.20000076293945,37.599998474121094,40.599998474121094,40.599998474121094,14700
2012-07-30,44.0,44.0,39.20000076293945,41.0,41.0,12805
2012-07-31,42.0,43.0,39.20000076293945,40.599998474121094,40.599998474121094,7620
2012-08-01,40.79999923706055,41.400001525878906,39.400001525878906,39.400001525878906,39.400001525878906,7070
2012-08-02,39.79999923706055,40.0,36.20000076293945,37.20000076293945,37.20000076293945,6235
2012-08-03,37.599998474121094,38.599998474121094,36.20000076293945,37.0,37.0,4060
2012-08-06,36.79999923706055,37.79999923706055,34.0,34.0,34.0,6870
2012-08-07,34.400001525878906,34.400001525878906,31.0,32.20000076293945,32.20000076293945,11510
2012-08-08,32.0,38.0,32.0,35.20000076293945,35.20000076293945,5175
2012-08-09,36.599998474121094,39.0,36.0,38.599998474121094,38.599998474121094,4335
2012-08-10,39.0,43.20000076293945,35.599998474121094,42.0,42.0,11265
2012-08-13,44.0,44.0,40.20000076293945,41.0,41.0,12110
2012-08-14,41.20000076293945,43.0,41.20000076293945,41.20000076293945,41.20000076293945,6410
2012-08-15,41.79999923706055,41.79999923706055,40.20000076293945,41.79999923706055,41.79999923706055,4640
2012-08-16,42.400001525878906,44.599998474121094,40.599998474121094,44.400001525878906,44.400001525878906,32485
2012-08-17,43.79999923706055,44.599998474121094,42.0,43.400001525878906,43.400001525878906,13450
2012-08-20,43.20000076293945,44.79999923706055,42.599998474121094,44.400001525878906,44.400001525878906,15430
2012-08-21,44.599998474121094,44.599998474121094,42.20000076293945,43.20000076293945,43.20000076293945,15220
2012-08-22,43.400001525878906,44.0,42.599998474121094,43.599998474121094,43.599998474121094,12910
2012-08-23,44.20000076293945,44.400001525878906,40.599998474121094,42.0,42.0,14800
2012-08-24,42.0,43.400001525878906,41.400001525878906,43.20000076293945,43.20000076293945,6130
2012-08-27,43.400001525878906,44.599998474121094,43.20000076293945,44.599998474121094,44.599998474121094,11555
2012-08-28,44.79999923706055,54.79999923706055,43.20000076293945,43.599998474121094,43.599998474121094,54335
2012-08-29,44.0,45.20000076293945,39.0,40.79999923706055,40.79999923706055,27820
2012-08-30,41.599998474121094,43.400001525878906,41.0,41.599998474121094,41.599998474121094,5550
2012-08-31,42.400001525878906,43.599998474121094,41.599998474121094,43.20000076293945,43.20000076293945,3525
2012-09-04,43.20000076293945,45.0,42.79999923706055,44.599998474121094,44.599998474121094,7195
2012-09-05,44.599998474121094,44.79999923706055,43.20000076293945,44.599998474121094,44.599998474121094,1660
2012-09-06,44.20000076293945,44.599998474121094,43.0,43.599998474121094,43.599998474121094,2375
2012-09-07,43.599998474121094,44.599998474121094,42.599998474121094,42.79999923706055,42.79999923706055,4015
2012-09-10,43.0,43.599998474121094,42.0,42.0,42.0,4900
2012-09-11,41.599998474121094,42.0,38.599998474121094,39.0,39.0,14010
2012-09-12,39.0,40.599998474121094,38.79999923706055,39.20000076293945,39.20000076293945,5285
2012-09-13,39.20000076293945,40.599998474121094,37.0,37.599998474121094,37.599998474121094,4415
2012-09-14,37.599998474121094,40.20000076293945,37.400001525878906,40.20000076293945,40.20000076293945,4925
2012-09-17,40.400001525878906,40.400001525878906,38.79999923706055,39.0,39.0,6565
2012-09-18,39.0,41.400001525878906,39.0,40.599998474121094,40.599998474121094,7090
2012-09-19,41.0,42.20000076293945,41.0,42.0,42.0,17065
2012-09-20,42.20000076293945,42.79999923706055,40.599998474121094,41.79999923706055,41.79999923706055,3755
2012-09-21,41.79999923706055,41.79999923706055,40.79999923706055,41.599998474121094,41.599998474121094,7530
2012-09-24,41.599998474121094,41.79999923706055,41.0,41.400001525878906,41.400001525878906,8455
2012-09-25,41.599998474121094,42.0,40.20000076293945,41.79999923706055,41.79999923706055,6005
2012-09-26,42.0,42.0,39.400001525878906,39.599998474121094,39.599998474121094,5440
2012-09-27,41.599998474121094,42.0,40.599998474121094,41.599998474121094,41.599998474121094,11810
2012-09-28,41.79999923706055,41.79999923706055,40.79999923706055,41.0,41.0,6660
2012-10-01,41.20000076293945,42.79999923706055,40.20000076293945,40.20000076293945,40.20000076293945,21740
2012-10-02,41.400001525878906,41.599998474121094,40.400001525878906,41.0,41.0,8975
2012-10-03,41.0,41.0,39.400001525878906,40.0,40.0,17925
2012-10-04,40.20000076293945,40.400001525878906,39.400001525878906,40.20000076293945,40.20000076293945,9020
2012-10-05,40.400001525878906,41.0,39.599998474121094,39.599998474121094,39.599998474121094,5735
2012-10-08,40.599998474121094,41.79999923706055,40.400001525878906,41.400001525878906,41.400001525878906,2830
2012-10-09,41.599998474121094,42.79999923706055,41.0,41.0,41.0,17160
2012-10-10,42.400001525878906,42.400001525878906,39.599998474121094,40.0,40.0,13320
2012-10-11,41.0,43.20000076293945,40.400001525878906,42.79999923706055,42.79999923706055,32815
2012-10-12,43.599998474121094,50.79999923706055,43.0,46.79999923706055,46.79999923706055,66630
2012-10-15,50.0,55.0,47.400001525878906,54.0,54.0,56125
2012-10-16,55.0,64.80000305175781,55.0,64.80000305175781,64.80000305175781,61850
2012-10-17,66.0,67.80000305175781,52.20000076293945,54.599998474121094,54.599998474121094,68125
2012-10-18,55.0,56.79999923706055,48.400001525878906,50.79999923706055,50.79999923706055,22360
2012-10-19,50.0,50.599998474121094,48.79999923706055,48.79999923706055,48.79999923706055,20165
2012-10-22,49.79999923706055,53.79999923706055,49.20000076293945,50.599998474121094,50.599998474121094,25320
2012-10-23,50.400001525878906,51.599998474121094,45.20000076293945,47.599998474121094,47.599998474121094,24765
2012-10-24,48.0,50.0,47.599998474121094,48.79999923706055,48.79999923706055,7625
2012-10-25,49.400001525878906,51.20000076293945,49.20000076293945,50.0,50.0,14710
2012-10-26,50.0,50.79999923706055,49.400001525878906,49.79999923706055,49.79999923706055,12935
2012-10-31,50.79999923706055,51.0,49.0,49.79999923706055,49.79999923706055,13025
2012-11-01,49.400001525878906,50.0,49.0,50.0,50.0,7870
2012-11-02,51.0,51.79999923706055,49.400001525878906,49.79999923706055,49.79999923706055,12735
2012-11-05,50.20000076293945,50.400001525878906,45.0,45.20000076293945,45.20000076293945,14505
2012-11-06,44.599998474121094,45.20000076293945,42.79999923706055,44.79999923706055,44.79999923706055,10130
2012-11-07,44.599998474121094,44.79999923706055,42.79999923706055,44.400001525878906,44.400001525878906,6050
2012-11-08,44.599998474121094,49.20000076293945,44.400001525878906,48.0,48.0,11455
2012-11-09,48.20000076293945,48.20000076293945,45.20000076293945,48.0,48.0,6450
2012-11-12,48.0,48.400001525878906,45.400001525878906,46.20000076293945,46.20000076293945,5785
2012-11-13,46.400001525878906,47.79999923706055,45.79999923706055,47.79999923706055,47.79999923706055,3055
2012-11-14,47.79999923706055,47.79999923706055,44.20000076293945,45.599998474121094,45.599998474121094,7790
2012-11-15,45.599998474121094,46.599998474121094,41.0,41.20000076293945,41.20000076293945,13825
2012-11-16,41.400001525878906,42.79999923706055,41.20000076293945,42.599998474121094,42.599998474121094,8465
2012-11-19,43.0,46.0,43.0,44.20000076293945,44.20000076293945,6425
2012-11-20,46.0,46.0,42.79999923706055,42.79999923706055,42.79999923706055,4705
2012-11-21,42.400001525878906,43.0,36.0,41.400001525878906,41.400001525878906,48015
2012-11-23,41.20000076293945,42.20000076293945,41.0,41.0,41.0,10875
2012-11-26,41.0,42.599998474121094,41.0,42.0,42.0,8755
2012-11-27,42.400001525878906,44.0,39.599998474121094,40.599998474121094,40.599998474121094,16170
2012-11-28,40.79999923706055,42.0,39.599998474121094,40.400001525878906,40.400001525878906,11590
2012-11-29,41.79999923706055,42.0,41.0,41.599998474121094,41.599998474121094,8260
2012-11-30,42.0,42.400001525878906,41.599998474121094,42.400001525878906,42.400001525878906,4045
2012-12-03,42.20000076293945,44.0,42.20000076293945,42.599998474121094,42.599998474121094,7220
2012-12-04,43.0,43.79999923706055,42.400001525878906,42.599998474121094,42.599998474121094,4930
2012-12-05,43.0,43.20000076293945,40.599998474121094,41.79999923706055,41.79999923706055,8925
2012-12-06,43.0,43.79999923706055,41.400001525878906,43.0,43.0,3660
2012-12-07,42.79999923706055,43.400001525878906,42.599998474121094,42.599998474121094,42.599998474121094,2995
2012-12-10,43.0,43.599998474121094,42.599998474121094,43.0,43.0,4640
2012-12-11,43.79999923706055,43.79999923706055,40.0,41.0,41.0,17720
2012-12-12,41.20000076293945,42.79999923706055,41.0,42.0,42.0,5570
2012-12-13,42.400001525878906,43.400001525878906,42.20000076293945,43.20000076293945,43.20000076293945,10965
2012-12-14,43.0,43.400001525878906,42.20000076293945,42.79999923706055,42.79999923706055,5200
2012-12-17,42.79999923706055,43.400001525878906,41.79999923706055,42.0,42.0,7980
2012-12-18,42.400001525878906,46.599998474121094,42.400001525878906,42.599998474121094,42.599998474121094,71040
2012-12-19,43.0,44.599998474121094,42.599998474121094,43.400001525878906,43.400001525878906,23770
2012-12-20,43.400001525878906,44.20000076293945,42.79999923706055,43.0,43.0,15235
2012-12-21,43.79999923706055,43.79999923706055,42.20000076293945,43.0,43.0,11685
2012-12-24,42.79999923706055,44.400001525878906,42.599998474121094,44.0,44.0,16850
2012-12-26,44.0,46.599998474121094,43.400001525878906,45.400001525878906,45.400001525878906,15775
2012-12-27,46.20000076293945,53.79999923706055,46.0,51.79999923706055,51.79999923706055,45860
2012-12-28,53.400001525878906,57.599998474121094,51.599998474121094,53.20000076293945,53.20000076293945,53575
2012-12-31,54.20000076293945,55.0,51.20000076293945,52.0,52.0,26130
2013-01-02,53.599998474121094,55.0,47.20000076293945,47.20000076293945,47.20000076293945,35285
2013-01-03,49.400001525878906,54.79999923706055,47.0,52.79999923706055,52.79999923706055,36285
2013-01-04,54.400001525878906,54.79999923706055,49.0,49.79999923706055,49.79999923706055,45075
2013-01-07,50.599998474121094,60.599998474121094,50.20000076293945,56.79999923706055,56.79999923706055,66510
2013-01-08,59.20000076293945,64.80000305175781,58.400001525878906,63.400001525878906,63.400001525878906,70110
2013-01-09,64.19999694824219,79.80000305175781,64.0,76.80000305175781,76.80000305175781,112615
2013-01-10,77.80000305175781,78.0,62.400001525878906,68.5999984741211,68.5999984741211,94710
2013-01-11,68.5999984741211,69.4000015258789,62.599998474121094,65.0,65.0,63970
2013-01-14,70.0,75.0,69.0,71.4000015258789,71.4000015258789,43915
2013-01-15,71.80000305175781,77.0,71.5999984741211,76.19999694824219,76.19999694824219,53705
2013-01-16,78.4000015258789,78.4000015258789,74.19999694824219,76.0,76.0,43590
2013-01-17,77.4000015258789,86.0,77.4000015258789,85.5999984741211,85.5999984741211,134675
2013-01-18,87.4000015258789,99.80000305175781,83.4000015258789,94.0,94.0,164065
2013-01-22,98.0,120.80000305175781,96.0,118.19999694824219,118.19999694824219,260515
2013-01-23,122.4000015258789,127.0,81.4000015258789,91.0,91.0,334635
2013-01-24,90.19999694824219,90.19999694824219,76.0,87.0,87.0,166000
2013-01-25,87.5999984741211,102.0,87.4000015258789,93.80000305175781,93.80000305175781,102190
2013-01-28,98.19999694824219,100.0,84.19999694824219,93.80000305175781,93.80000305175781,78975
2013-01-29,94.5999984741211,95.0,87.0,88.5999984741211,88.5999984741211,37735
2013-01-30,89.4000015258789,93.0,84.5999984741211,85.4000015258789,85.4000015258789,34550
2013-01-31,84.0,84.0,76.0,80.5999984741211,80.5999984741211,84060
2013-02-01,81.4000015258789,91.0,81.19999694824219,85.4000015258789,85.4000015258789,45645
2013-02-04,88.19999694824219,89.0,81.0,83.4000015258789,83.4000015258789,23685
2013-02-05,85.0,90.0,84.5999984741211,90.0,90.0,44930
2013-02-06,89.0,92.4000015258789,83.0,87.5999984741211,87.5999984741211,49105
2013-02-07,88.4000015258789,91.0,87.0,88.5999984741211,88.5999984741211,29335
2013-02-08,88.0,95.19999694824219,87.5999984741211,94.0,94.0,46755
2013-02-11,97.0,107.5999984741211,96.80000305175781,107.19999694824219,107.19999694824219,86290
2013-02-12,108.80000305175781,108.80000305175781,97.5999984741211,99.0,99.0,74110
2013-02-13,97.4000015258789,97.4000015258789,89.80000305175781,91.80000305175781,91.80000305175781,88365
2013-02-14,92.4000015258789,96.5999984741211,84.4000015258789,94.80000305175781,94.80000305175781,63260
2013-02-15,96.80000305175781,98.19999694824219,92.19999694824219,93.4000015258789,93.4000015258789,21670
2013-02-19,95.4000015258789,99.80000305175781,88.19999694824219,95.0,95.0,45555
2013-02-20,98.0,98.0,90.0,90.0,90.0,30465
2013-02-21,90.19999694824219,90.19999694824219,85.0,86.0,86.0,43530
2013-02-22,87.0,87.0,81.0,81.19999694824219,81.19999694824219,35180
2013-02-25,80.5999984741211,85.4000015258789,79.80000305175781,84.0,84.0,26400
2013-02-26,84.0,84.5999984741211,81.80000305175781,84.19999694824219,84.19999694824219,13820
2013-02-27,85.0,86.80000305175781,82.19999694824219,86.0,86.0,31185
2013-02-28,86.19999694824219,86.80000305175781,84.0,84.5999984741211,84.5999984741211,8235
2013-03-01,84.80000305175781,84.80000305175781,81.19999694824219,82.0,82.0,13110
2013-03-04,84.5999984741211,86.0,82.80000305175781,86.0,86.0,17110
2013-03-05,85.5999984741211,89.19999694824219,80.5999984741211,85.4000015258789,85.4000015258789,20535
2013-03-06,84.4000015258789,85.5999984741211,81.19999694824219,82.4000015258789,82.4000015258789,15940
2013-03-07,82.80000305175781,84.0,82.19999694824219,83.4000015258789,83.4000015258789,18585
2013-03-08,84.0,85.0,81.5999984741211,83.80000305175781,83.80000305175781,10615
2013-03-11,83.80000305175781,85.19999694824219,82.0,82.0,82.0,14180
2013-03-12,82.80000305175781,83.0,72.5999984741211,78.5999984741211,78.5999984741211,76910
2013-03-13,78.19999694824219,78.19999694824219,72.80000305175781,73.4000015258789,73.4000015258789,38310
2013-03-14,73.5999984741211,73.5999984741211,65.4000015258789,69.0,69.0,85190
2013-03-15,68.19999694824219,79.0,65.5999984741211,78.0,78.0,56160
2013-03-18,78.80000305175781,81.5999984741211,73.19999694824219,80.0,80.0,31850
2013-03-19,80.0,81.5999984741211,78.80000305175781,79.19999694824219,79.19999694824219,12165
2013-03-20,79.0,79.0,74.80000305175781,77.19999694824219,77.19999694824219,28160
2013-03-21,77.19999694824219,78.19999694824219,75.80000305175781,76.4000015258789,76.4000015258789,12815
2013-03-22,76.19999694824219,78.4000015258789,76.0,77.19999694824219,77.19999694824219,12070
2013-03-25,78.0,79.0,75.0,75.0,75.0,13995
2013-03-26,75.0,77.80000305175781,74.19999694824219,75.4000015258789,75.4000015258789,8245
2013-03-27,75.19999694824219,76.4000015258789,70.5999984741211,75.19999694824219,75.19999694824219,14580
2013-03-28,75.4000015258789,76.4000015258789,73.19999694824219,73.5999984741211,73.5999984741211,13040
2013-04-01,73.4000015258789,76.0,72.5999984741211,73.5999984741211,73.5999984741211,9820
2013-04-02,74.0,75.0,72.0,72.4000015258789,72.4000015258789,10600
2013-04-03,72.4000015258789,75.80000305175781,71.0,72.0,72.0,13460
2013-04-04,72.19999694824219,74.0,68.19999694824219,69.0,69.0,19320
2013-04-05,68.0,68.4000015258789,65.4000015258789,65.80000305175781,65.80000305175781,21510
2013-04-08,65.80000305175781,67.0,65.4000015258789,66.80000305175781,66.80000305175781,10105
2013-04-09,66.5999984741211,75.19999694824219,66.19999694824219,75.0,75.0,28305
2013-04-10,76.0,78.80000305175781,73.19999694824219,76.80000305175781,76.80000305175781,22015
2013-04-11,76.80000305175781,77.80000305175781,73.0,74.5999984741211,74.5999984741211,14565
2013-04-12,75.0,76.80000305175781,72.0,76.4000015258789,76.4000015258789,12715
2013-04-15,77.0,78.19999694824219,73.19999694824219,73.80000305175781,73.80000305175781,12625
2013-04-16,74.0,76.0,74.0,75.4000015258789,75.4000015258789,8210
2013-04-17,75.4000015258789,77.0,71.0,73.5999984741211,73.5999984741211,12360
2013-04-18,71.4000015258789,73.80000305175781,68.19999694824219,71.0,71.0,12025
2013-04-19,71.0,71.0,69.0,69.0,69.0,6795
2013-04-22,70.0,70.19999694824219,69.0,69.80000305175781,69.80000305175781,11330
2013-04-23,70.0,75.0,68.19999694824219,68.19999694824219,68.19999694824219,20840
2013-04-24,69.0,69.80000305175781,66.80000305175781,67.19999694824219,67.19999694824219,16200
2013-04-25,69.80000305175781,73.19999694824219,68.0,70.5999984741211,70.5999984741211,22405
2013-04-26,70.80000305175781,75.4000015258789,69.4000015258789,73.5999984741211,73.5999984741211,16445
2013-04-29,79.0,82.0,77.19999694824219,81.4000015258789,81.4000015258789,77430
2013-04-30,82.0,90.5999984741211,80.5999984741211,88.0,88.0,66895
2013-05-01,88.0,89.0,82.0,87.0,87.0,25025
2013-05-02,89.19999694824219,91.19999694824219,87.5999984741211,91.0,91.0,46870
2013-05-03,90.5999984741211,94.5999984741211,85.19999694824219,86.0,86.0,37220
2013-05-06,86.0,91.5999984741211,85.19999694824219,89.80000305175781,89.80000305175781,22050
2013-05-07,90.5999984741211,90.80000305175781,87.5999984741211,90.0,90.0,20195
2013-05-08,90.0,94.80000305175781,90.0,93.80000305175781,93.80000305175781,28760
2013-05-09,94.0,95.80000305175781,85.5999984741211,87.19999694824219,87.19999694824219,34105
2013-05-10,89.0,92.0,87.80000305175781,90.4000015258789,90.4000015258789,14860
2013-05-13,90.80000305175781,95.0,90.4000015258789,95.0,95.0,29685
2013-05-14,95.5999984741211,102.0,95.19999694824219,100.4000015258789,100.4000015258789,71110
2013-05-15,100.80000305175781,100.80000305175781,85.19999694824219,86.4000015258789,86.4000015258789,82380
2013-05-16,84.0,84.5999984741211,77.4000015258789,80.5999984741211,80.5999984741211,46475
2013-05-17,80.19999694824219,89.0,80.0,85.4000015258789,85.4000015258789,22485
2013-05-20,87.5999984741211,90.0,83.0,84.0,84.0,18840
2013-05-21,83.5999984741211,87.80000305175781,83.4000015258789,86.80000305175781,86.80000305175781,10695
2013-05-22,87.4000015258789,89.5999984741211,83.0,83.4000015258789,83.4000015258789,19870
2013-05-23,83.4000015258789,86.80000305175781,80.4000015258789,83.5999984741211,83.5999984741211,17295
2013-05-24,85.80000305175781,86.80000305175781,84.0,85.0,85.0,11285
2013-05-28,85.0,89.4000015258789,85.0,88.19999694824219,88.19999694824219,19355
2013-05-29,88.0,88.0,84.0,86.4000015258789,86.4000015258789,15205
2013-05-30,85.5999984741211,89.0,84.5999984741211,86.19999694824219,86.19999694824219,9575
2013-05-31,87.19999694824219,87.19999694824219,85.0,85.80000305175781,85.80000305175781,7160
2013-06-03,85.5999984741211,87.19999694824219,83.5999984741211,85.80000305175781,85.80000305175781,16400
2013-06-04,85.5999984741211,85.80000305175781,83.4000015258789,83.80000305175781,83.80000305175781,9495
2013-06-05,81.19999694824219,84.0,79.0,79.5999984741211,79.5999984741211,23800
2013-06-06,79.80000305175781,82.4000015258789,78.0,80.19999694824219,80.19999694824219,17530
2013-06-07,80.5999984741211,83.0,80.0,80.0,80.0,7540
2013-06-10,78.0,83.5999984741211,78.0,81.80000305175781,81.80000305175781,14495
2013-06-11,82.0,83.5999984741211,81.0,82.80000305175781,82.80000305175781,8755
2013-06-12,83.0,85.0,81.19999694824219,82.4000015258789,82.4000015258789,10890
2013-06-13,82.5999984741211,82.5999984741211,80.19999694824219,80.4000015258789,80.4000015258789,8420
2013-06-14,80.19999694824219,84.0,80.19999694824219,81.19999694824219,81.19999694824219,10180
2013-06-17,81.0,82.0,79.5999984741211,81.0,81.0,12200
2013-06-18,80.5999984741211,80.80000305175781,77.5999984741211,80.0,80.0,13880
2013-06-19,79.80000305175781,81.0,79.5999984741211,80.5999984741211,80.5999984741211,7405
2013-06-20,80.4000015258789,81.0,79.0,79.80000305175781,79.80000305175781,13355
2013-06-21,79.19999694824219,81.0,79.19999694824219,81.0,81.0,7720
2013-06-24,81.19999694824219,81.4000015258789,72.80000305175781,77.19999694824219,77.19999694824219,29700
2013-06-25,76.80000305175781,78.0,73.80000305175781,75.0,75.0,11160
2013-06-26,77.4000015258789,79.4000015258789,75.4000015258789,75.5999984741211,75.5999984741211,8985
2013-06-27,75.4000015258789,78.0,75.4000015258789,77.0,77.0,12855
2013-06-28,77.0,78.0,74.4000015258789,75.5999984741211,75.5999984741211,7860
2013-07-01,76.4000015258789,80.4000015258789,74.4000015258789,79.0,79.0,19775
2013-07-02,77.0,79.5999984741211,73.80000305175781,76.0,76.0,16015
2013-07-03,76.80000305175781,78.0,75.19999694824219,78.0,78.0,5970
2013-07-05,77.80000305175781,78.0,76.5999984741211,77.4000015258789,77.4000015258789,5855
2013-07-08,79.0,79.0,76.5999984741211,78.0,78.0,7365
2013-07-09,79.4000015258789,101.5999984741211,79.19999694824219,98.4000015258789,98.4000015258789,253720
2013-07-10,101.19999694824219,108.5999984741211,94.5999984741211,108.0,108.0,190535
2013-07-11,109.80000305175781,118.0,98.5999984741211,105.0,105.0,131220
2013-07-12,105.0,121.80000305175781,103.5999984741211,120.19999694824219,120.19999694824219,160590
2013-07-15,128.8000030517578,144.39999389648438,128.8000030517578,136.1999969482422,136.1999969482422,397760
2013-07-16,138.39999389648438,142.0,124.19999694824219,135.0,135.0,277115
2013-07-17,141.39999389648438,161.0,135.0,157.1999969482422,157.1999969482422,408645
2013-07-18,159.0,170.0,142.39999389648438,146.0,146.0,400930
2013-07-19,150.0,150.0,130.8000030517578,134.39999389648438,134.39999389648438,228660
2013-07-22,136.0,138.60000610351562,125.80000305175781,126.5999984741211,126.5999984741211,187330
2013-07-23,128.0,146.0,128.0,145.0,145.0,222600
2013-07-24,147.0,150.0,128.39999389648438,130.0,130.0,254600
2013-07-25,125.0,127.0,117.19999694824219,126.0,126.0,194095
2013-07-26,126.0,133.0,122.0,125.4000015258789,125.4000015258789,96160
2013-07-29,128.8000030517578,130.0,122.19999694824219,123.19999694824219,123.19999694824219,65215
2013-07-30,124.0,125.0,111.0,111.0,111.0,156335
2013-07-31,110.0,111.0,100.4000015258789,101.4000015258789,101.4000015258789,217635
2013-08-01,101.5999984741211,112.80000305175781,101.5999984741211,107.0,107.0,176840
2013-08-02,92.5999984741211,97.0,88.5999984741211,92.0,92.0,557220
2013-08-05,92.5999984741211,98.5999984741211,92.19999694824219,97.0,97.0,174285
2013-08-06,99.19999694824219,100.0,95.0,97.5999984741211,97.5999984741211,119235
2013-08-07,100.0,101.0,94.0,96.0,96.0,80450
2013-08-08,99.19999694824219,104.5999984741211,94.5999984741211,104.19999694824219,104.19999694824219,144030
2013-08-09,105.0,111.0,103.19999694824219,110.0,110.0,169915
2013-08-12,111.19999694824219,116.5999984741211,104.19999694824219,112.0,112.0,174595
2013-08-13,113.19999694824219,119.80000305175781,105.19999694824219,118.80000305175781,118.80000305175781,178165
2013-08-14,119.80000305175781,124.0,113.0,114.0,114.0,192470
2013-08-15,114.80000305175781,119.80000305175781,110.4000015258789,115.4000015258789,115.4000015258789,110035
2013-08-16,120.0,123.0,117.4000015258789,117.4000015258789,117.4000015258789,128625
2013-08-19,122.0,124.4000015258789,118.4000015258789,122.0,122.0,127575
2013-08-20,124.0,127.80000305175781,121.4000015258789,122.0,122.0,142520
2013-08-21,125.0,125.5999984741211,116.0,117.19999694824219,117.19999694824219,226875
2013-08-22,119.80000305175781,120.0,110.4000015258789,110.4000015258789,110.4000015258789,126030
2013-08-23,110.19999694824219,114.80000305175781,106.19999694824219,110.0,110.0,92225
2013-08-26,113.0,123.5999984741211,112.5999984741211,118.19999694824219,118.19999694824219,199505
2013-08-27,116.5999984741211,119.0,116.0,117.0,117.0,95120
2013-08-28,118.4000015258789,119.0,110.0,112.0,112.0,89510
2013-08-29,113.5999984741211,116.0,112.4000015258789,113.80000305175781,113.80000305175781,50205
2013-08-30,115.19999694824219,116.80000305175781,110.0,114.19999694824219,114.19999694824219,56540
2013-09-03,116.0,119.0,114.19999694824219,118.0,118.0,99450
2013-09-04,120.0,121.0,117.19999694824219,119.80000305175781,119.80000305175781,98085
2013-09-05,120.0,122.80000305175781,118.19999694824219,119.0,119.0,88285
2013-09-06,121.5999984741211,121.80000305175781,111.4000015258789,112.5999984741211,112.5999984741211,139045
2013-09-09,114.0,116.0,111.19999694824219,111.5999984741211,111.5999984741211,55220
2013-09-10,112.80000305175781,114.5999984741211,110.19999694824219,111.0,111.0,74935
2013-09-11,110.5999984741211,112.0,104.5999984741211,106.5999984741211,106.5999984741211,111775
2013-09-12,106.5999984741211,106.80000305175781,99.19999694824219,99.19999694824219,99.19999694824219,158200
2013-09-13,101.0,103.5999984741211,99.4000015258789,103.19999694824219,103.19999694824219,80855
2013-09-16,105.0,106.0,100.5999984741211,101.4000015258789,101.4000015258789,62380
2013-09-17,102.19999694824219,105.0,99.19999694824219,104.80000305175781,104.80000305175781,86485
2013-09-18,108.4000015258789,111.4000015258789,107.19999694824219,111.4000015258789,111.4000015258789,92935
2013-09-19,119.19999694824219,124.0,116.0,120.5999984741211,120.5999984741211,268300
2013-09-20,122.19999694824219,122.5999984741211,113.0,116.0,116.0,184935
2013-09-23,117.80000305175781,117.80000305175781,112.80000305175781,116.5999984741211,116.5999984741211,57205
2013-09-24,117.19999694824219,121.4000015258789,114.0,119.5999984741211,119.5999984741211,101975
2013-09-25,122.5999984741211,124.80000305175781,119.5999984741211,121.4000015258789,121.4000015258789,151205
2013-09-26,123.5999984741211,126.5999984741211,121.0,122.4000015258789,122.4000015258789,107055
2013-09-27,124.0,124.80000305175781,120.19999694824219,121.80000305175781,121.80000305175781,79650
2013-09-30,119.19999694824219,119.19999694824219,112.80000305175781,115.4000015258789,115.4000015258789,119455
2013-10-01,116.19999694824219,117.0,113.19999694824219,116.5999984741211,116.5999984741211,60420
2013-10-02,116.0,116.5999984741211,110.4000015258789,113.5999984741211,113.5999984741211,76640
2013-10-03,112.5999984741211,114.4000015258789,106.80000305175781,110.5999984741211,110.5999984741211,88555
2013-10-04,111.0,113.19999694824219,110.19999694824219,111.0,111.0,44130
2013-10-07,118.0,121.80000305175781,114.4000015258789,120.4000015258789,120.4000015258789,159730
2013-10-08,120.0,121.0,111.19999694824219,113.19999694824219,113.19999694824219,109260
2013-10-09,113.4000015258789,114.0,106.5999984741211,113.19999694824219,113.19999694824219,87255
2013-10-10,114.5999984741211,117.0,112.4000015258789,114.19999694824219,114.19999694824219,62335
2013-10-11,113.80000305175781,119.4000015258789,112.5999984741211,118.0,118.0,70750
2013-10-14,115.0,116.5999984741211,113.5999984741211,114.80000305175781,114.80000305175781,38510
2013-10-15,117.0,119.80000305175781,112.19999694824219,113.5999984741211,113.5999984741211,66540
2013-10-16,116.19999694824219,116.4000015258789,113.80000305175781,115.0,115.0,38020
2013-10-17,117.0,121.5999984741211,115.0,121.4000015258789,121.4000015258789,137155
2013-10-18,127.19999694824219,138.1999969482422,122.0,122.5999984741211,122.5999984741211,539605
2013-10-21,123.4000015258789,128.8000030517578,122.19999694824219,124.4000015258789,124.4000015258789,114865
2013-10-22,138.39999389648438,142.0,130.8000030517578,137.0,137.0,384520
2013-10-23,135.60000610351562,144.1999969482422,132.8000030517578,144.1999969482422,144.1999969482422,250310
2013-10-24,146.39999389648438,154.0,142.1999969482422,147.1999969482422,147.1999969482422,303290
2013-10-25,149.60000610351562,151.0,135.1999969482422,135.1999969482422,135.1999969482422,256475
2013-10-28,135.60000610351562,142.60000610351562,132.0,140.0,140.0,116490
2013-10-29,142.0,144.8000030517578,137.60000610351562,142.39999389648438,142.39999389648438,94390
2013-10-30,145.39999389648438,147.8000030517578,142.39999389648438,146.60000610351562,146.60000610351562,142675
2013-10-31,147.8000030517578,150.0,142.60000610351562,145.39999389648438,145.39999389648438,108470
2013-11-01,150.0,150.0,145.60000610351562,149.0,149.0,72055
2013-11-04,149.1999969482422,150.0,142.39999389648438,144.8000030517578,144.8000030517578,112620
2013-11-05,145.0,151.60000610351562,132.1999969482422,147.1999969482422,147.1999969482422,211435
2013-11-06,152.0,164.0,149.0,164.0,164.0,422770
2013-11-07,167.1999969482422,168.8000030517578,149.39999389648438,156.60000610351562,156.60000610351562,259745
2013-11-08,157.8000030517578,166.39999389648438,156.0,164.0,164.0,154045
2013-11-11,160.1999969482422,188.0,156.1999969482422,180.60000610351562,180.60000610351562,480360
2013-11-12,180.0,210.8000030517578,176.0,187.1999969482422,187.1999969482422,691335
2013-11-13,190.0,210.39999389648438,190.0,204.0,204.0,477535
2013-11-14,210.60000610351562,238.60000610351562,210.60000610351562,238.0,238.0,801145
2013-11-15,260.0,268.6000061035156,221.0,250.0,250.0,1304125
2013-11-18,260.79998779296875,273.0,243.1999969482422,255.0,255.0,874940
2013-11-19,245.60000610351562,248.0,176.0,192.0,192.0,1551445
2013-11-20,183.60000610351562,185.60000610351562,158.60000610351562,159.0,159.0,854530
2013-11-21,162.60000610351562,194.39999389648438,162.60000610351562,177.1999969482422,177.1999969482422,762690
2013-11-22,189.0,196.1999969482422,177.60000610351562,183.0,183.0,477655
2013-11-25,190.0,195.0,186.0,191.8000030517578,191.8000030517578,256335
2013-11-26,199.0,201.0,185.39999389648438,191.0,191.0,222700
2013-11-27,190.60000610351562,190.8000030517578,179.60000610351562,183.60000610351562,183.60000610351562,161015
2013-11-29,174.1999969482422,181.0,168.0,177.60000610351562,177.60000610351562,179020
2013-12-02,175.0,178.39999389648438,168.1999969482422,176.1999969482422,176.1999969482422,154390
2013-12-03,172.0,186.8000030517578,172.0,185.39999389648438,185.39999389648438,171475
2013-12-04,184.8000030517578,192.0,181.1999969482422,184.39999389648438,184.39999389648438,140345
2013-12-05,186.0,199.8000030517578,180.8000030517578,192.60000610351562,192.60000610351562,267585
2013-12-06,197.39999389648438,199.39999389648438,191.0,191.8000030517578,191.8000030517578,109235
2013-12-09,192.0,205.0,187.1999969482422,202.0,202.0,208500
2013-12-10,200.0,204.8000030517578,196.60000610351562,201.0,201.0,166180
2013-12-11,199.1999969482422,201.39999389648438,176.39999389648438,179.60000610351562,179.60000610351562,230730
2013-12-12,180.1999969482422,191.0,178.0,189.39999389648438,189.39999389648438,119815
2013-12-13,187.39999389648438,196.0,186.8000030517578,186.8000030517578,186.8000030517578,99960
2013-12-16,188.60000610351562,189.0,177.39999389648438,180.39999389648438,180.39999389648438,116560
2013-12-17,177.60000610351562,179.0,171.8000030517578,175.39999389648438,175.39999389648438,130045
2013-12-18,175.39999389648438,179.8000030517578,165.0,169.39999389648438,169.39999389648438,137530
2013-12-19,167.8000030517578,171.60000610351562,162.0,167.1999969482422,167.1999969482422,114600
2013-12-20,168.39999389648438,182.0,168.0,180.1999969482422,180.1999969482422,236995
2013-12-23,182.39999389648438,184.60000610351562,173.1999969482422,175.0,175.0,109715
2013-12-24,175.0,178.0,171.1999969482422,172.0,172.0,43560
2013-12-26,172.8000030517578,186.0,172.39999389648438,181.0,181.0,144115
2013-12-27,188.0,193.8000030517578,181.60000610351562,185.60000610351562,185.60000610351562,165625
2013-12-30,187.60000610351562,197.0,186.39999389648438,196.1999969482422,196.1999969482422,169170
2013-12-31,209.39999389648438,230.8000030517578,202.60000610351562,221.39999389648438,221.39999389648438,583800
2014-01-02,226.0,241.0,206.1999969482422,225.8000030517578,225.8000030517578,488730
2014-01-03,235.39999389648438,235.39999389648438,216.0,218.0,218.0,288020
2014-01-06,216.0,218.0,197.1999969482422,203.60000610351562,203.60000610351562,219650
2014-01-07,209.1999969482422,214.0,201.8000030517578,207.39999389648438,207.39999389648438,145685
2014-01-08,210.0,225.0,208.0,221.0,221.0,240115
2014-01-09,225.60000610351562,233.0,216.8000030517578,222.0,222.0,259635
2014-01-10,228.60000610351562,230.0,215.1999969482422,225.8000030517578,225.8000030517578,155815
2014-01-13,224.1999969482422,247.60000610351562,207.0,221.0,221.0,513620
2014-01-14,229.39999389648438,229.39999389648438,216.1999969482422,228.0,228.0,193010
2014-01-15,229.0,234.0,221.39999389648438,232.1999969482422,232.1999969482422,158140
2014-01-16,232.60000610351562,239.0,226.0,231.60000610351562,231.60000610351562,133985
2014-01-17,232.60000610351562,233.0,222.0,223.0,223.0,117695
2014-01-21,224.0,225.8000030517578,195.0,202.0,202.0,552795
2014-01-22,203.1999969482422,206.0,195.0,200.0,200.0,185170
2014-01-23,199.39999389648438,201.39999389648438,191.8000030517578,197.1999969482422,197.1999969482422,140675
2014-01-24,192.8000030517578,192.8000030517578,179.1999969482422,182.39999389648438,182.39999389648438,250055
2014-01-27,179.1999969482422,179.60000610351562,163.39999389648438,167.8000030517578,167.8000030517578,256130
2014-01-28,172.1999969482422,179.60000610351562,168.0,174.1999969482422,174.1999969482422,143750
2014-01-29,200.1999969482422,209.39999389648438,191.39999389648438,192.0,192.0,604960
2014-01-30,199.8000030517578,205.0,195.1999969482422,195.60000610351562,195.60000610351562,174880
2014-01-31,191.1999969482422,192.8000030517578,182.1999969482422,189.0,189.0,107885
2014-02-03,188.0,189.0,175.39999389648438,180.60000610351562,180.60000610351562,136625
2014-02-04,187.1999969482422,187.60000610351562,180.39999389648438,185.8000030517578,185.8000030517578,70225
2014-02-05,180.0,185.1999969482422,170.0,182.0,182.0,188775
2014-02-06,178.0,183.8000030517578,175.0,178.60000610351562,178.60000610351562,68380
2014-02-07,179.60000610351562,190.0,179.60000610351562,187.0,187.0,104565
2014-02-10,189.60000610351562,200.0,188.1999969482422,194.1999969482422,194.1999969482422,140545
2014-02-11,198.8000030517578,209.39999389648438,196.39999389648438,199.8000030517578,199.8000030517578,196430
2014-02-12,201.1999969482422,202.60000610351562,192.0,198.1999969482422,198.1999969482422,87280
2014-02-13,196.0,202.1999969482422,192.0,198.39999389648438,198.39999389648438,68540
2014-02-14,198.39999389648438,204.60000610351562,194.0,194.0,194.0,107020
2014-02-18,196.0,202.8000030517578,189.60000610351562,198.0,198.0,68995
2014-02-19,199.60000610351562,200.8000030517578,196.0,197.1999969482422,197.1999969482422,52765
2014-02-20,199.1999969482422,209.1999969482422,196.1999969482422,205.60000610351562,205.60000610351562,137325
2014-02-21,207.60000610351562,216.8000030517578,204.0,210.0,210.0,217985
2014-02-24,210.0,216.0,200.60000610351562,206.39999389648438,206.39999389648438,125115
2014-02-25,206.0,208.1999969482422,200.1999969482422,204.0,204.0,69015
2014-02-26,203.39999389648438,213.0,202.1999969482422,208.0,208.0,85825
2014-02-27,208.60000610351562,216.1999969482422,207.0,208.0,208.0,86500
2014-02-28,208.39999389648438,214.60000610351562,200.1999969482422,205.60000610351562,205.60000610351562,93575
2014-03-03,200.39999389648438,204.8000030517578,190.0,204.60000610351562,204.60000610351562,106560
2014-03-04,207.39999389648438,209.0,203.39999389648438,205.60000610351562,205.60000610351562,62505
2014-03-05,201.0,205.1999969482422,201.0,203.60000610351562,203.60000610351562,45585
2014-03-06,205.0,207.8000030517578,196.0,198.0,198.0,72865
2014-03-07,198.0,200.0,192.0,194.0,194.0,89835
2014-03-10,190.60000610351562,192.0,182.60000610351562,185.0,185.0,119860
2014-03-11,178.8000030517578,182.1999969482422,171.0,172.1999969482422,172.1999969482422,226320
2014-03-12,171.0,179.39999389648438,165.1999969482422,175.1999969482422,175.1999969482422,135750
2014-03-13,176.0,178.8000030517578,167.60000610351562,169.1999969482422,169.1999969482422,107125
2014-03-14,168.8000030517578,175.39999389648438,166.39999389648438,175.0,175.0,60715
2014-03-17,175.1999969482422,179.1999969482422,173.0,174.8000030517578,174.8000030517578,60755
2014-03-18,176.60000610351562,184.39999389648438,174.8000030517578,181.0,181.0,71415
2014-03-19,182.0,186.0,177.0,179.39999389648438,179.39999389648438,54950
2014-03-20,178.0,181.0,170.39999389648438,174.60000610351562,174.60000610351562,93610
2014-03-21,175.39999389648438,176.60000610351562,161.60000610351562,169.0,169.0,154875
2014-03-24,165.1999969482422,167.60000610351562,160.1999969482422,167.60000610351562,167.60000610351562,92295
2014-03-25,168.0,171.8000030517578,161.60000610351562,167.60000610351562,167.60000610351562,59910
2014-03-26,168.0,169.0,160.39999389648438,162.39999389648438,162.39999389648438,55645
2014-03-27,160.0,160.1999969482422,143.1999969482422,144.8000030517578,144.8000030517578,211665
2014-03-28,142.39999389648438,153.8000030517578,142.39999389648438,148.1999969482422,148.1999969482422,84385
2014-03-31,148.39999389648438,155.0,146.39999389648438,152.8000030517578,152.8000030517578,50765
2014-04-01,155.8000030517578,160.0,149.0,156.1999969482422,156.1999969482422,89180
2014-04-02,157.0,167.0,156.1999969482422,161.0,161.0,88030
2014-04-03,163.39999389648438,167.0,161.0,162.39999389648438,162.39999389648438,61240
2014-04-04,163.60000610351562,165.39999389648438,153.0,158.39999389648438,158.39999389648438,69430
2014-04-07,154.0,163.60000610351562,152.1999969482422,162.8000030517578,162.8000030517578,57260
2014-04-08,162.8000030517578,165.0,155.0,160.0,160.0,46585
2014-04-09,160.39999389648438,172.39999389648438,160.0,168.39999389648438,168.39999389648438,67855
2014-04-10,173.60000610351562,173.60000610351562,152.39999389648438,154.8000030517578,154.8000030517578,116870
2014-04-11,152.0,157.39999389648438,145.1999969482422,145.1999969482422,145.1999969482422,98540
2014-04-14,145.39999389648438,150.39999389648438,121.19999694824219,125.0,125.0,221225
2014-04-15,133.39999389648438,137.60000610351562,120.0,132.8000030517578,132.8000030517578,178540
2014-04-16,137.1999969482422,142.0,130.0,140.60000610351562,140.60000610351562,73035
2014-04-17,140.60000610351562,144.0,136.0,140.0,140.0,46485
2014-04-21,138.0,138.60000610351562,129.0,131.8000030517578,131.8000030517578,94255
2014-04-22,132.39999389648438,136.8000030517578,129.0,133.1999969482422,133.1999969482422,84995
2014-04-23,134.60000610351562,135.0,125.19999694824219,126.4000015258789,126.4000015258789,67790
2014-04-24,127.5999984741211,129.8000030517578,117.0,122.19999694824219,122.19999694824219,101665
2014-04-25,120.0,120.19999694824219,111.0,111.0,111.0,120125
2014-04-28,119.0,123.4000015258789,110.4000015258789,111.5999984741211,111.5999984741211,176605
2014-04-29,112.0,113.0,103.4000015258789,107.0,107.0,125090
2014-04-30,107.4000015258789,118.80000305175781,102.4000015258789,116.80000305175781,116.80000305175781,113985
2014-05-01,118.4000015258789,124.0,117.80000305175781,121.4000015258789,121.4000015258789,117105
2014-05-02,119.4000015258789,125.0,117.19999694824219,119.0,119.0,54785
2014-05-05,118.5999984741211,123.0,115.0,120.80000305175781,120.80000305175781,48715
2014-05-06,120.0,125.0,116.80000305175781,122.4000015258789,122.4000015258789,51590
2014-05-07,124.0,125.0,117.5999984741211,121.80000305175781,121.80000305175781,53685
2014-05-08,125.0,127.19999694824219,122.0,125.5999984741211,125.5999984741211,60995
2014-05-09,122.19999694824219,125.4000015258789,118.0,124.0,124.0,36620
2014-05-12,125.0,129.60000610351562,124.0,128.0,128.0,48075
2014-05-13,130.0,131.0,125.0,128.39999389648438,128.39999389648438,44680
2014-05-14,128.8000030517578,134.8000030517578,128.0,134.0,134.0,43980
2014-05-15,135.0,135.8000030517578,126.0,129.60000610351562,129.60000610351562,59095
2014-05-16,128.60000610351562,134.0,126.0,127.0,127.0,38785
2014-05-19,127.0,134.0,125.0,134.0,134.0,38665
2014-05-20,132.39999389648438,135.39999389648438,130.1999969482422,132.8000030517578,132.8000030517578,44715
2014-05-21,131.0,134.39999389648438,130.0,132.0,132.0,32230
2014-05-22,133.0,138.0,130.0,136.1999969482422,136.1999969482422,41340
2014-05-23,135.0,143.39999389648438,135.0,136.39999389648438,136.39999389648438,55895
2014-05-27,140.60000610351562,148.0,138.0,146.0,146.0,56210
2014-05-28,145.60000610351562,148.39999389648438,138.1999969482422,139.39999389648438,139.39999389648438,53090
2014-05-29,142.60000610351562,144.0,140.0,143.0,143.0,29540
2014-05-30,147.0,147.0,140.0,142.39999389648438,142.39999389648438,34700
2014-06-02,143.0,145.60000610351562,137.1999969482422,144.0,144.0,40875
2014-06-03,144.0,145.0,141.39999389648438,142.39999389648438,142.39999389648438,25470
2014-06-04,141.1999969482422,149.8000030517578,137.39999389648438,147.39999389648438,147.39999389648438,43290
2014-06-05,149.39999389648438,154.0,145.1999969482422,152.60000610351562,152.60000610351562,54635
2014-06-06,152.1999969482422,157.0,150.0,154.39999389648438,154.39999389648438,38000
2014-06-09,153.0,158.8000030517578,150.1999969482422,152.60000610351562,152.60000610351562,37900
2014-06-10,157.60000610351562,157.60000610351562,151.1999969482422,153.8000030517578,153.8000030517578,26950
2014-06-11,151.0,153.60000610351562,144.1999969482422,145.60000610351562,145.60000610351562,55585
2014-06-12,138.1999969482422,146.0,125.19999694824219,135.60000610351562,135.60000610351562,143820
2014-06-13,134.0,137.60000610351562,128.1999969482422,137.39999389648438,137.39999389648438,48200
2014-06-16,131.8000030517578,138.60000610351562,131.8000030517578,136.39999389648438,136.39999389648438,38110
2014-06-17,133.39999389648438,144.60000610351562,133.39999389648438,143.60000610351562,143.60000610351562,78075
2014-06-18,143.60000610351562,147.39999389648438,141.8000030517578,146.39999389648438,146.39999389648438,32950
2014-06-19,147.0,147.39999389648438,142.0,143.60000610351562,143.60000610351562,43915
2014-06-20,143.39999389648438,147.1999969482422,142.0,145.1999969482422,145.1999969482422,56900
2014-06-23,144.8000030517578,153.1999969482422,143.0,151.0,151.0,65480
2014-06-24,153.1999969482422,153.39999389648438,143.1999969482422,145.1999969482422,145.1999969482422,65085
2014-06-25,143.60000610351562,148.1999969482422,143.60000610351562,146.8000030517578,146.8000030517578,24590
2014-06-26,160.0,165.0,153.1999969482422,164.0,164.0,219585
2014-06-27,160.60000610351562,182.0,160.39999389648438,172.0,172.0,528370
2014-06-30,177.60000610351562,181.60000610351562,164.39999389648438,167.0,167.0,138235
2014-07-01,168.8000030517578,179.0,162.1999969482422,174.39999389648438,174.39999389648438,173820
2014-07-02,173.0,179.0,171.0,175.1999969482422,175.1999969482422,62945
2014-07-03,176.1999969482422,178.0,171.0,174.39999389648438,174.39999389648438,30975
2014-07-07,173.1999969482422,185.0,171.8000030517578,182.8000030517578,182.8000030517578,142950
2014-07-08,181.39999389648438,184.0,161.8000030517578,166.1999969482422,166.1999969482422,127890
2014-07-09,168.0,171.0,162.39999389648438,163.0,163.0,39860
2014-07-10,154.0,160.0,148.1999969482422,153.8000030517578,153.8000030517578,79620
2014-07-11,155.0,161.1999969482422,154.1999969482422,158.60000610351562,158.60000610351562,32475
2014-07-14,160.39999389648438,163.60000610351562,157.8000030517578,159.1999969482422,159.1999969482422,34015
2014-07-15,160.0,161.8000030517578,147.1999969482422,148.0,148.0,79130
2014-07-16,150.0,150.60000610351562,144.0,144.60000610351562,144.60000610351562,49550
2014-07-17,142.8000030517578,149.0,138.0,138.1999969482422,138.1999969482422,60465
2014-07-18,138.0,148.60000610351562,137.0,144.60000610351562,144.60000610351562,65975
2014-07-21,142.8000030517578,150.39999389648438,140.0,149.60000610351562,149.60000610351562,52225
2014-07-22,151.1999969482422,156.60000610351562,148.0,153.0,153.0,65475
2014-07-23,155.60000610351562,157.39999389648438,151.0,153.0,153.0,29695
2014-07-24,176.8000030517578,176.8000030517578,160.0,161.1999969482422,161.1999969482422,306680
2014-07-25,163.0,163.1999969482422,154.8000030517578,157.60000610351562,157.60000610351562,57330
2014-07-28,157.0,157.8000030517578,150.1999969482422,152.8000030517578,152.8000030517578,42450
2014-07-29,152.0,156.60000610351562,150.0,152.60000610351562,152.60000610351562,36640
2014-07-30,154.39999389648438,158.0,153.0,156.8000030517578,156.8000030517578,28740
2014-07-31,152.8000030517578,160.0,150.60000610351562,151.39999389648438,151.39999389648438,46055
2014-08-01,150.1999969482422,153.0,142.0,144.0,144.0,55780
2014-08-04,145.8000030517578,149.1999969482422,142.60000610351562,144.1999969482422,144.1999969482422,36470
2014-08-05,142.39999389648438,155.60000610351562,142.39999389648438,155.39999389648438,155.39999389648438,68520
2014-08-06,155.39999389648438,162.60000610351562,152.39999389648438,162.0,162.0,71925
2014-08-07,162.60000610351562,167.0,154.39999389648438,155.39999389648438,155.39999389648438,76890
2014-08-08,156.1999969482422,158.1999969482422,151.1999969482422,152.39999389648438,152.39999389648438,50150
2014-08-11,154.0,158.1999969482422,152.60000610351562,157.0,157.0,33805
2014-08-12,157.39999389648438,162.8000030517578,157.0,160.0,160.0,42170
2014-08-13,162.0,163.0,157.1999969482422,161.0,161.0,38590
2014-08-14,160.60000610351562,161.60000610351562,157.1999969482422,159.0,159.0,40785
2014-08-15,160.0,161.39999389648438,154.0,155.60000610351562,155.60000610351562,32165
2014-08-18,157.39999389648438,158.60000610351562,151.8000030517578,152.8000030517578,152.8000030517578,48585
2014-08-19,154.0,156.39999389648438,153.0,155.39999389648438,155.39999389648438,26715
2014-08-20,154.8000030517578,154.8000030517578,152.0,152.39999389648438,152.39999389648438,24125
2014-08-21,153.0,155.0,150.39999389648438,155.0,155.0,27565
2014-08-22,153.8000030517578,159.39999389648438,152.0,155.60000610351562,155.60000610351562,38070
2014-08-25,158.39999389648438,163.0,154.1999969482422,158.8000030517578,158.8000030517578,48000
2014-08-26,160.0,160.8000030517578,157.0,158.39999389648438,158.39999389648438,31225
2014-08-27,157.0,165.1999969482422,157.0,159.1999969482422,159.1999969482422,84335
2014-08-28,158.39999389648438,159.8000030517578,152.0,153.1999969482422,153.1999969482422,63755
2014-08-29,153.39999389648438,156.8000030517578,150.8000030517578,155.60000610351562,155.60000610351562,33440
2014-09-02,157.0,157.0,151.39999389648438,155.1999969482422,155.1999969482422,25295
2014-09-03,155.39999389648438,155.8000030517578,152.1999969482422,153.8000030517578,153.8000030517578,27340
2014-09-04,154.8000030517578,154.8000030517578,146.1999969482422,148.39999389648438,148.39999389648438,53860
2014-09-05,147.0,148.60000610351562,144.1999969482422,145.1999969482422,145.1999969482422,35355
2014-09-08,144.39999389648438,147.8000030517578,142.60000610351562,143.60000610351562,143.60000610351562,36230
2014-09-09,142.39999389648438,144.0,139.1999969482422,139.8000030517578,139.8000030517578,64450
2014-09-10,141.39999389648438,152.60000610351562,139.8000030517578,152.1999969482422,152.1999969482422,68145
2014-09-11,154.60000610351562,155.60000610351562,146.0,148.0,148.0,61880
2014-09-12,147.0,147.60000610351562,144.60000610351562,146.60000610351562,146.60000610351562,78545
2014-09-15,144.1999969482422,146.0,141.1999969482422,143.1999969482422,143.1999969482422,60135
2014-09-16,142.0,144.0,140.1999969482422,141.60000610351562,141.60000610351562,32880
2014-09-17,141.60000610351562,143.60000610351562,140.0,140.39999389648438,140.39999389648438,30835
2014-09-18,140.60000610351562,142.60000610351562,139.1999969482422,139.8000030517578,139.8000030517578,34600
2014-09-19,140.1999969482422,141.39999389648438,131.39999389648438,131.39999389648438,131.39999389648438,86985
2014-09-22,130.60000610351562,132.1999969482422,123.4000015258789,131.60000610351562,131.60000610351562,63060
2014-09-23,132.0,137.1999969482422,128.8000030517578,130.39999389648438,130.39999389648438,31560
2014-09-24,130.0,134.8000030517578,129.0,132.60000610351562,132.60000610351562,17255
2014-09-25,129.0,132.0,127.80000305175781,127.80000305175781,127.80000305175781,41100
2014-09-26,127.5999984741211,129.0,126.4000015258789,128.8000030517578,128.8000030517578,26600
2014-09-29,126.0,128.39999389648438,124.19999694824219,126.5999984741211,126.5999984741211,34935
2014-09-30,128.0,131.1999969482422,126.80000305175781,127.4000015258789,127.4000015258789,30030
2014-10-01,127.4000015258789,127.80000305175781,119.80000305175781,120.4000015258789,120.4000015258789,78585
2014-10-02,120.0,121.0,110.0,117.4000015258789,117.4000015258789,112695
2014-10-03,118.80000305175781,127.0,118.4000015258789,125.19999694824219,125.19999694824219,44995
2014-10-06,127.0,127.5999984741211,120.19999694824219,122.4000015258789,122.4000015258789,43785
2014-10-07,120.4000015258789,124.80000305175781,117.19999694824219,121.80000305175781,121.80000305175781,41025
2014-10-08,121.19999694824219,126.0,117.19999694824219,124.80000305175781,124.80000305175781,80860
2014-10-09,124.4000015258789,126.0,116.0,120.0,120.0,53720
2014-10-10,117.19999694824219,119.5999984741211,110.5999984741211,111.19999694824219,111.19999694824219,48095
2014-10-13,109.0,116.19999694824219,107.80000305175781,111.0,111.0,46410
2014-10-14,113.19999694824219,119.19999694824219,111.0,116.80000305175781,116.80000305175781,37295
2014-10-15,110.80000305175781,124.4000015258789,110.80000305175781,123.4000015258789,123.4000015258789,52165
2014-10-16,117.0,127.0,117.0,124.19999694824219,124.19999694824219,74150
2014-10-17,125.80000305175781,128.0,124.19999694824219,124.19999694824219,124.19999694824219,33555
2014-10-20,124.19999694824219,126.19999694824219,120.4000015258789,122.80000305175781,122.80000305175781,24585
2014-10-21,123.80000305175781,125.5999984741211,119.0,122.80000305175781,122.80000305175781,49575
2014-10-22,122.4000015258789,123.5999984741211,116.0,116.5999984741211,116.5999984741211,34285
2014-10-23,119.19999694824219,123.0,116.19999694824219,117.19999694824219,117.19999694824219,37745
2014-10-24,118.4000015258789,120.19999694824219,116.5999984741211,118.19999694824219,118.19999694824219,24385
2014-10-27,116.5999984741211,121.5999984741211,114.0,120.19999694824219,120.19999694824219,30995
2014-10-28,121.5999984741211,129.8000030517578,119.80000305175781,129.60000610351562,129.60000610351562,56205
2014-10-29,130.39999389648438,133.60000610351562,123.5999984741211,124.4000015258789,124.4000015258789,33855
2014-10-30,123.5999984741211,129.8000030517578,123.4000015258789,128.60000610351562,128.60000610351562,20115
2014-10-31,131.0,133.60000610351562,128.60000610351562,130.8000030517578,130.8000030517578,39475
2014-11-03,130.1999969482422,137.1999969482422,130.1999969482422,134.0,134.0,37950
2014-11-04,133.8000030517578,148.0,132.0,142.60000610351562,142.60000610351562,82370
2014-11-05,142.0,142.0,135.1999969482422,137.8000030517578,137.8000030517578,55835
2014-11-06,135.0,140.60000610351562,134.0,136.8000030517578,136.8000030517578,37610
2014-11-07,136.1999969482422,139.8000030517578,134.60000610351562,139.39999389648438,139.39999389648438,21580
2014-11-10,137.8000030517578,139.39999389648438,130.39999389648438,135.0,135.0,35535
2014-11-11,135.39999389648438,137.0,132.0,136.0,136.0,21060
2014-11-12,135.0,138.1999969482422,133.0,137.60000610351562,137.60000610351562,20370
2014-11-13,135.0,140.0,131.60000610351562,131.8000030517578,131.8000030517578,25605
2014-11-14,132.0,132.8000030517578,124.19999694824219,129.0,129.0,38255
2014-11-17,126.80000305175781,128.60000610351562,122.80000305175781,122.80000305175781,122.80000305175781,26575
2014-11-18,134.0,140.1999969482422,132.0,134.8000030517578,134.8000030517578,211420
2014-11-19,138.60000610351562,139.0,130.0,130.8000030517578,130.8000030517578,56795
2014-11-20,131.0,133.39999389648438,129.0,131.39999389648438,131.39999389648438,29885
2014-11-21,133.8000030517578,134.39999389648438,125.80000305175781,126.19999694824219,126.19999694824219,42645
2014-11-24,127.5999984741211,133.0,126.0,132.0,132.0,45915
2014-11-25,132.0,132.39999389648438,128.0,130.0,130.0,30230
2014-11-26,128.8000030517578,130.60000610351562,128.1999969482422,128.8000030517578,128.8000030517578,13930
2014-11-28,128.1999969482422,130.39999389648438,126.0,126.19999694824219,126.19999694824219,21225
2014-12-01,127.19999694824219,129.1999969482422,123.5999984741211,125.0,125.0,27125
2014-12-02,125.0,128.39999389648438,124.0,125.19999694824219,125.19999694824219,26835
2014-12-03,129.0,130.0,126.0,126.4000015258789,126.4000015258789,29360
2014-12-04,125.19999694824219,128.39999389648438,121.19999694824219,124.0,124.0,36420
2014-12-05,124.0,125.80000305175781,119.0,121.4000015258789,121.4000015258789,32350
2014-12-08,120.0,123.80000305175781,116.0,118.19999694824219,118.19999694824219,46715
2014-12-09,115.19999694824219,118.80000305175781,111.19999694824219,116.80000305175781,116.80000305175781,69235
2014-12-10,118.0,118.0,107.5999984741211,107.80000305175781,107.80000305175781,64975
2014-12-11,107.80000305175781,113.80000305175781,107.0,110.0,110.0,69370
2014-12-12,119.4000015258789,130.0,116.4000015258789,127.0,127.0,203010
2014-12-15,136.0,141.0,128.1999969482422,130.60000610351562,130.60000610351562,218440
2014-12-16,128.39999389648438,132.0,122.80000305175781,125.80000305175781,125.80000305175781,92550
2014-12-17,128.39999389648438,138.1999969482422,127.0,138.1999969482422,138.1999969482422,91635
2014-12-18,142.39999389648438,142.39999389648438,131.1999969482422,134.8000030517578,134.8000030517578,104585
2014-12-19,136.0,144.8000030517578,135.0,144.8000030517578,144.8000030517578,156345
2014-12-22,144.8000030517578,144.8000030517578,138.0,141.60000610351562,141.60000610351562,53565
2014-12-23,142.0,143.0,135.8000030517578,136.1999969482422,136.1999969482422,41380
2014-12-24,135.39999389648438,141.0,134.60000610351562,136.8000030517578,136.8000030517578,27705
2014-12-26,136.60000610351562,144.0,136.0,143.1999969482422,143.1999969482422,39170
2014-12-29,142.39999389648438,150.60000610351562,140.0,148.8000030517578,148.8000030517578,72860
2014-12-30,147.0,153.60000610351562,145.60000610351562,153.1999969482422,153.1999969482422,56835
2014-12-31,151.60000610351562,153.39999389648438,142.8000030517578,145.0,145.0,75400
2015-01-02,143.1999969482422,148.39999389648438,140.0,145.8000030517578,145.8000030517578,41240
2015-01-05,145.8000030517578,146.0,140.1999969482422,141.39999389648438,141.39999389648438,41205
2015-01-06,144.1999969482422,144.1999969482422,127.4000015258789,132.60000610351562,132.60000610351562,78270
2015-01-07,134.8000030517578,137.60000610351562,132.8000030517578,137.60000610351562,137.60000610351562,30665
2015-01-08,137.8000030517578,142.0,136.0,138.1999969482422,138.1999969482422,40045
2015-01-09,138.60000610351562,141.39999389648438,134.39999389648438,140.39999389648438,140.39999389648438,25635
2015-01-12,141.8000030517578,142.0,132.0,133.8000030517578,133.8000030517578,35995
2015-01-13,133.0,136.0,126.4000015258789,130.60000610351562,130.60000610351562,39850
2015-01-14,127.0,132.0,126.0,129.1999969482422,129.1999969482422,23530
2015-01-15,130.1999969482422,131.0,121.19999694824219,122.80000305175781,122.80000305175781,40220
2015-01-16,122.0,129.1999969482422,121.80000305175781,123.19999694824219,123.19999694824219,39320
2015-01-20,123.5999984741211,127.80000305175781,120.19999694824219,124.5999984741211,124.5999984741211,44670
2015-01-21,124.80000305175781,127.19999694824219,122.0,122.80000305175781,122.80000305175781,26870
2015-01-22,121.5999984741211,127.4000015258789,120.4000015258789,127.4000015258789,127.4000015258789,35710
2015-01-23,128.1999969482422,128.8000030517578,124.19999694824219,126.4000015258789,126.4000015258789,21315
2015-01-26,126.80000305175781,136.0,126.0,135.0,135.0,37255
2015-01-27,131.1999969482422,137.0,131.0,131.8000030517578,131.8000030517578,30405
2015-01-28,132.1999969482422,134.0,127.0,129.8000030517578,129.8000030517578,24380
2015-01-29,132.0,134.0,126.5999984741211,133.8000030517578,133.8000030517578,29455
2015-01-30,133.8000030517578,134.60000610351562,127.0,128.60000610351562,128.60000610351562,29720
2015-02-02,127.0,130.8000030517578,123.0,127.5999984741211,127.5999984741211,35170
2015-02-03,125.0,127.5999984741211,121.0,125.19999694824219,125.19999694824219,59965
2015-02-04,124.5999984741211,124.5999984741211,121.0,123.0,123.0,37310
2015-02-05,122.0,123.80000305175781,120.4000015258789,123.4000015258789,123.4000015258789,37330
2015-02-06,123.4000015258789,125.5999984741211,121.0,121.80000305175781,121.80000305175781,31830
2015-02-09,121.5999984741211,125.4000015258789,120.0,121.4000015258789,121.4000015258789,39570
2015-02-10,121.0,122.5999984741211,116.4000015258789,120.0,120.0,67245
2015-02-11,119.0,122.0,116.19999694824219,121.5999984741211,121.5999984741211,42835
2015-02-12,121.0,127.0,120.4000015258789,125.4000015258789,125.4000015258789,49925
2015-02-13,126.5999984741211,127.4000015258789,124.19999694824219,126.80000305175781,126.80000305175781,31105
2015-02-17,126.5999984741211,131.39999389648438,126.19999694824219,128.60000610351562,128.60000610351562,61395
2015-02-18,126.19999694824219,130.8000030517578,126.0,130.1999969482422,130.1999969482422,34510
2015-02-19,130.0,130.0,126.0,126.5999984741211,126.5999984741211,35540
2015-02-20,127.4000015258789,129.0,125.5999984741211,127.80000305175781,127.80000305175781,25660
2015-02-23,126.5999984741211,127.80000305175781,121.19999694824219,124.0,124.0,40610
2015-02-24,123.0,123.0,118.0,121.0,121.0,49655
2015-02-25,119.80000305175781,124.0,119.0,123.5999984741211,123.5999984741211,26340
2015-02-26,124.0,124.0,118.0,121.19999694824219,121.19999694824219,57890
2015-02-27,120.19999694824219,122.19999694824219,118.0,118.4000015258789,118.4000015258789,50055
2015-03-02,118.80000305175781,118.80000305175781,112.0,115.0,115.0,56025
2015-03-03,113.19999694824219,117.4000015258789,112.4000015258789,116.0,116.0,29465
2015-03-04,115.4000015258789,118.4000015258789,113.0,117.4000015258789,117.4000015258789,30355
2015-03-05,118.80000305175781,122.4000015258789,114.0,114.4000015258789,114.4000015258789,62645
2015-03-06,114.0,115.4000015258789,111.0,111.80000305175781,111.80000305175781,43265
2015-03-09,112.4000015258789,112.80000305175781,103.19999694824219,107.0,107.0,77010
2015-03-10,104.80000305175781,105.5999984741211,95.5999984741211,95.80000305175781,95.80000305175781,93325
2015-03-11,97.19999694824219,99.4000015258789,89.4000015258789,92.0,92.0,92010
2015-03-12,92.0,92.0,79.80000305175781,88.4000015258789,88.4000015258789,202865
2015-03-13,92.4000015258789,95.80000305175781,89.19999694824219,94.0,94.0,115030
2015-03-16,93.80000305175781,93.80000305175781,87.4000015258789,91.80000305175781,91.80000305175781,89810
2015-03-17,91.0,91.0,83.5999984741211,89.0,89.0,98250
2015-03-18,88.4000015258789,88.80000305175781,83.4000015258789,83.80000305175781,83.80000305175781,77095
2015-03-19,84.0,89.5999984741211,81.80000305175781,89.4000015258789,89.4000015258789,80850
2015-03-20,90.4000015258789,90.80000305175781,84.0,84.0,84.0,191840
2015-03-23,84.19999694824219,90.19999694824219,82.4000015258789,84.5999984741211,84.5999984741211,73870
2015-03-24,85.19999694824219,86.19999694824219,82.0,82.0,82.0,62230
2015-03-25,82.19999694824219,84.5999984741211,80.4000015258789,80.5999984741211,80.5999984741211,49445
2015-03-26,80.5999984741211,82.19999694824219,77.0,78.5999984741211,78.5999984741211,88005
2015-03-27,78.0,80.19999694824219,72.5999984741211,73.19999694824219,73.19999694824219,95175
2015-03-30,70.19999694824219,72.5999984741211,65.80000305175781,67.4000015258789,67.4000015258789,128740
2015-03-31,68.0,73.0,66.0,70.80000305175781,70.80000305175781,81320
2015-04-01,79.80000305175781,82.5999984741211,70.80000305175781,71.80000305175781,71.80000305175781,339320
2015-04-02,73.4000015258789,76.0,70.0,74.4000015258789,74.4000015258789,139720
2015-04-06,74.4000015258789,75.5999984741211,71.0,72.80000305175781,72.80000305175781,97410
2015-04-07,80.4000015258789,82.4000015258789,77.19999694824219,78.4000015258789,78.4000015258789,294960
2015-04-08,81.4000015258789,87.80000305175781,79.4000015258789,86.5999984741211,86.5999984741211,268585
2015-04-09,87.80000305175781,88.0,82.5999984741211,84.19999694824219,84.19999694824219,157775
2015-04-10,84.0,84.0,81.80000305175781,83.19999694824219,83.19999694824219,47330
2015-04-13,82.0,105.80000305175781,80.0,94.19999694824219,94.19999694824219,236205
2015-04-14,97.0,103.5999984741211,92.4000015258789,96.80000305175781,96.80000305175781,178710
2015-04-15,97.80000305175781,104.0,96.4000015258789,98.4000015258789,98.4000015258789,91965
2015-04-16,98.4000015258789,99.4000015258789,93.0,94.4000015258789,94.4000015258789,89100
2015-04-17,93.0,94.19999694824219,89.5999984741211,91.19999694824219,91.19999694824219,100895
2015-04-20,92.19999694824219,98.80000305175781,90.19999694824219,93.5999984741211,93.5999984741211,82135
2015-04-21,94.80000305175781,96.4000015258789,88.4000015258789,89.4000015258789,89.4000015258789,90840
2015-04-22,107.19999694824219,109.0,100.19999694824219,102.80000305175781,102.80000305175781,362900
2015-04-23,103.0,104.5999984741211,99.0,101.4000015258789,101.4000015258789,97090
2015-04-24,100.4000015258789,107.0,100.0,103.80000305175781,103.80000305175781,72860
2015-04-27,103.19999694824219,106.0,93.4000015258789,97.4000015258789,97.4000015258789,140390
2015-04-28,99.0,100.5999984741211,93.0,100.0,100.0,59285
2015-04-29,99.5999984741211,100.80000305175781,95.19999694824219,95.5999984741211,95.5999984741211,65990
2015-04-30,96.0,96.0,89.19999694824219,90.80000305175781,90.80000305175781,69955
2015-05-01,90.19999694824219,96.0,90.0,95.4000015258789,95.4000015258789,50040
2015-05-04,96.0,99.19999694824219,95.0,96.0,96.0,41700
2015-05-05,96.19999694824219,103.4000015258789,94.19999694824219,97.19999694824219,97.19999694824219,104505
2015-05-06,98.19999694824219,98.80000305175781,91.4000015258789,95.0,95.0,60375
2015-05-07,94.5999984741211,96.5999984741211,92.0,92.80000305175781,92.80000305175781,41725
2015-05-08,94.0,95.4000015258789,91.4000015258789,92.80000305175781,92.80000305175781,34420
2015-05-11,93.19999694824219,94.0,91.5999984741211,93.0,93.0,18080
2015-05-12,93.5999984741211,93.5999984741211,89.19999694824219,90.80000305175781,90.80000305175781,43075
2015-05-13,90.19999694824219,92.4000015258789,88.4000015258789,90.19999694824219,90.19999694824219,36650
2015-05-14,89.5999984741211,92.4000015258789,89.0,91.4000015258789,91.4000015258789,46600
2015-05-15,91.19999694824219,91.5999984741211,88.80000305175781,90.80000305175781,90.80000305175781,23675
2015-05-18,90.0,91.0,88.80000305175781,89.5999984741211,89.5999984741211,27860
2015-05-19,89.0,93.5999984741211,88.80000305175781,91.0,91.0,37215
2015-05-20,91.5999984741211,95.0,91.19999694824219,93.5999984741211,93.5999984741211,34990
2015-05-21,94.0,96.5999984741211,92.19999694824219,93.5999984741211,93.5999984741211,45815
2015-05-22,94.4000015258789,95.5999984741211,92.5999984741211,93.0,93.0,32795
2015-05-26,94.80000305175781,96.5999984741211,90.0,93.4000015258789,93.4000015258789,51130
2015-05-27,93.4000015258789,96.19999694824219,93.19999694824219,95.80000305175781,95.80000305175781,30355
2015-05-28,94.80000305175781,100.0,94.0,99.19999694824219,99.19999694824219,44155
2015-05-29,99.5999984741211,102.0,98.0,100.19999694824219,100.19999694824219,42500
2015-06-01,100.19999694824219,101.0,93.0,97.4000015258789,97.4000015258789,53570
2015-06-02,97.5999984741211,100.4000015258789,95.5999984741211,99.5999984741211,99.5999984741211,41955
2015-06-03,100.0,101.0,97.80000305175781,98.4000015258789,98.4000015258789,31290
2015-06-04,98.5999984741211,101.19999694824219,97.0,98.4000015258789,98.4000015258789,33345
2015-06-05,98.0,101.0,97.19999694824219,100.80000305175781,100.80000305175781,27435
2015-06-08,100.19999694824219,103.19999694824219,99.4000015258789,100.19999694824219,100.19999694824219,31575
2015-06-09,100.19999694824219,104.19999694824219,100.0,101.80000305175781,101.80000305175781,47315
2015-06-10,104.4000015258789,109.0,103.0,106.0,106.0,121290
2015-06-11,106.5999984741211,116.0,106.5999984741211,114.0,114.0,91750
2015-06-12,114.4000015258789,116.4000015258789,108.0,110.0,110.0,66765
2015-06-15,108.80000305175781,113.0,105.5999984741211,110.5999984741211,110.5999984741211,42540
2015-06-16,111.0,111.19999694824219,106.4000015258789,106.4000015258789,106.4000015258789,36745
2015-06-17,107.5999984741211,109.5999984741211,104.0,104.0,104.0,46960
2015-06-18,88.19999694824219,91.5999984741211,85.5999984741211,87.5999984741211,87.5999984741211,624525
2015-06-19,87.5999984741211,93.80000305175781,87.19999694824219,93.80000305175781,93.80000305175781,186870
2015-06-22,94.4000015258789,94.5999984741211,88.4000015258789,88.80000305175781,88.80000305175781,75475
2015-06-23,89.4000015258789,91.80000305175781,87.0,87.19999694824219,87.19999694824219,63375
2015-06-24,88.19999694824219,88.19999694824219,83.0,83.0,83.0,146840
2015-06-25,83.80000305175781,86.19999694824219,81.80000305175781,82.19999694824219,82.19999694824219,59900
2015-06-26,82.19999694824219,83.4000015258789,77.0,78.5999984741211,78.5999984741211,175945
2015-06-29,81.0,81.0,72.80000305175781,73.0,73.0,136000
2015-06-30,78.0,78.0,73.19999694824219,75.4000015258789,75.4000015258789,117640
2015-07-01,76.5999984741211,79.0,73.80000305175781,74.19999694824219,74.19999694824219,89800
2015-07-02,73.5999984741211,75.19999694824219,72.0,74.80000305175781,74.80000305175781,63200
2015-07-06,74.4000015258789,76.19999694824219,72.0,74.5999984741211,74.5999984741211,56265
2015-07-07,75.0,76.0,70.19999694824219,76.0,76.0,86215
2015-07-08,75.0,77.80000305175781,70.0,70.5999984741211,70.5999984741211,120820
2015-07-09,72.0,73.5999984741211,70.0,71.19999694824219,71.19999694824219,51785
2015-07-10,73.80000305175781,77.0,72.19999694824219,76.4000015258789,76.4000015258789,81615
2015-07-13,77.0,79.19999694824219,75.80000305175781,77.19999694824219,77.19999694824219,53205
2015-07-14,77.5999984741211,82.5999984741211,76.19999694824219,82.4000015258789,82.4000015258789,71770
2015-07-15,81.0,82.19999694824219,76.0,77.80000305175781,77.80000305175781,84275
2015-07-16,78.5999984741211,80.80000305175781,75.5999984741211,78.5999984741211,78.5999984741211,60625
2015-07-17,78.4000015258789,78.5999984741211,75.0,77.5999984741211,77.5999984741211,75170
2015-07-20,78.4000015258789,78.4000015258789,74.0,77.0,77.0,65815
2015-07-21,75.19999694824219,76.4000015258789,72.4000015258789,75.0,75.0,56390
2015-07-22,73.80000305175781,75.80000305175781,72.5999984741211,72.80000305175781,72.80000305175781,39265
2015-07-23,72.5999984741211,75.5999984741211,72.0,73.0,73.0,45365
2015-07-24,72.19999694824219,73.4000015258789,69.0,69.4000015258789,69.4000015258789,74855
2015-07-27,69.0,70.80000305175781,67.4000015258789,67.5999984741211,67.5999984741211,54855
2015-07-28,69.5999984741211,70.19999694824219,65.19999694824219,67.4000015258789,67.4000015258789,82230
2015-07-29,68.0,73.4000015258789,66.4000015258789,70.80000305175781,70.80000305175781,90670
2015-07-30,70.4000015258789,71.5999984741211,67.0,67.4000015258789,67.4000015258789,73240
2015-07-31,68.19999694824219,70.0,66.4000015258789,67.5999984741211,67.5999984741211,79590
2015-08-03,67.0,73.0,66.0,67.0,67.0,80265
2015-08-04,67.0,67.5999984741211,62.79999923706055,63.79999923706055,63.79999923706055,93505
2015-08-05,63.20000076293945,64.19999694824219,61.400001525878906,62.400001525878906,62.400001525878906,66665
2015-08-06,61.0,62.79999923706055,58.0,60.400001525878906,60.400001525878906,91960
2015-08-07,60.20000076293945,60.599998474121094,55.599998474121094,58.20000076293945,58.20000076293945,98215
2015-08-10,58.400001525878906,68.5999984741211,57.400001525878906,68.0,68.0,84730
2015-08-11,56.20000076293945,59.79999923706055,49.79999923706055,52.599998474121094,52.599998474121094,232040
2015-08-12,52.599998474121094,54.79999923706055,50.20000076293945,54.599998474121094,54.599998474121094,104700
2015-08-13,56.20000076293945,59.599998474121094,54.0,54.400001525878906,54.400001525878906,71490
2015-08-14,56.0,57.0,52.0,52.400001525878906,52.400001525878906,53245
2015-08-17,52.0,54.400001525878906,50.20000076293945,54.0,54.0,50090
2015-08-18,54.599998474121094,54.599998474121094,50.599998474121094,50.79999923706055,50.79999923706055,43720
2015-08-19,50.599998474121094,51.20000076293945,47.20000076293945,47.400001525878906,47.400001525878906,75045
2015-08-20,47.599998474121094,48.0,41.599998474121094,41.79999923706055,41.79999923706055,99235
2015-08-21,40.20000076293945,45.0,40.0,42.79999923706055,42.79999923706055,114430
2015-08-24,39.79999923706055,46.599998474121094,38.0,46.400001525878906,46.400001525878906,107470
2015-08-25,49.0,49.0,44.0,44.400001525878906,44.400001525878906,68850
2015-08-26,44.79999923706055,46.400001525878906,42.599998474121094,46.20000076293945,46.20000076293945,70530
2015-08-27,46.599998474121094,51.599998474121094,45.599998474121094,50.0,50.0,87220
2015-08-28,50.400001525878906,51.599998474121094,49.20000076293945,50.79999923706055,50.79999923706055,38735
2015-08-31,49.599998474121094,56.400001525878906,49.20000076293945,54.599998474121094,54.599998474121094,71490
2015-09-01,53.0,54.0,48.400001525878906,49.0,49.0,51935
2015-09-02,51.20000076293945,52.79999923706055,49.79999923706055,52.79999923706055,52.79999923706055,33625
2015-09-03,52.79999923706055,55.79999923706055,50.0,50.0,50.0,50400
2015-09-04,48.79999923706055,51.0,48.400001525878906,50.599998474121094,50.599998474121094,25695
2015-09-08,52.400001525878906,56.0,51.0,55.599998474121094,55.599998474121094,55555
2015-09-09,55.79999923706055,56.79999923706055,53.400001525878906,54.599998474121094,54.599998474121094,35125
2015-09-10,54.0,55.400001525878906,53.0,54.0,54.0,37310
2015-09-11,53.0,54.79999923706055,52.79999923706055,54.400001525878906,54.400001525878906,21595
2015-09-14,54.79999923706055,61.20000076293945,53.400001525878906,61.0,61.0,73800
2015-09-15,61.599998474121094,72.4000015258789,60.20000076293945,70.4000015258789,70.4000015258789,124860
2015-09-16,68.0,71.19999694824219,63.20000076293945,71.0,71.0,71550
2015-09-17,72.19999694824219,74.80000305175781,67.5999984741211,74.5999984741211,74.5999984741211,72375
2015-09-18,71.0,79.80000305175781,71.0,79.5999984741211,79.5999984741211,384085
2015-09-21,80.0,81.5999984741211,70.4000015258789,72.5999984741211,72.5999984741211,151090
2015-09-22,77.5999984741211,78.4000015258789,72.5999984741211,75.19999694824219,75.19999694824219,88490
2015-09-23,74.19999694824219,76.80000305175781,71.80000305175781,73.80000305175781,73.80000305175781,42765
2015-09-24,74.0,75.80000305175781,72.19999694824219,73.80000305175781,73.80000305175781,39020
2015-09-25,75.4000015258789,76.19999694824219,65.5999984741211,66.5999984741211,66.5999984741211,62185
2015-09-28,67.4000015258789,68.80000305175781,58.20000076293945,60.79999923706055,60.79999923706055,63070
2015-09-29,59.400001525878906,62.0,51.0,54.20000076293945,54.20000076293945,76230
2015-09-30,56.0,60.0,52.0,53.599998474121094,53.599998474121094,63805
2015-10-01,53.79999923706055,54.20000076293945,48.20000076293945,49.400001525878906,49.400001525878906,85720
2015-10-02,48.20000076293945,55.599998474121094,47.400001525878906,55.0,55.0,76455
2015-10-05,57.0,59.400001525878906,56.0,57.599998474121094,57.599998474121094,55395
2015-10-06,58.400001525878906,60.0,55.79999923706055,56.20000076293945,56.20000076293945,57055
2015-10-07,56.20000076293945,59.79999923706055,54.599998474121094,56.20000076293945,56.20000076293945,52060
2015-10-08,56.0,63.79999923706055,55.20000076293945,63.20000076293945,63.20000076293945,81690
2015-10-09,63.20000076293945,66.5999984741211,61.0,64.4000015258789,64.4000015258789,75865
2015-10-12,64.80000305175781,65.19999694824219,60.0,61.0,61.0,55815
2015-10-13,62.0,69.0,62.0,63.400001525878906,63.400001525878906,79000
2015-10-14,63.79999923706055,65.4000015258789,62.0,62.79999923706055,62.79999923706055,32265
2015-10-15,63.400001525878906,65.5999984741211,62.0,65.5999984741211,65.5999984741211,38005
2015-10-16,65.4000015258789,67.4000015258789,63.0,65.0,65.0,35770
2015-10-19,63.599998474121094,65.5999984741211,60.599998474121094,64.80000305175781,64.80000305175781,63980
2015-10-20,64.4000015258789,66.5999984741211,63.0,65.5999984741211,65.5999984741211,45150
2015-10-21,66.4000015258789,66.80000305175781,60.599998474121094,62.400001525878906,62.400001525878906,74590
2015-10-22,62.599998474121094,64.4000015258789,59.20000076293945,61.400001525878906,61.400001525878906,42700
2015-10-23,61.599998474121094,65.19999694824219,60.20000076293945,64.4000015258789,64.4000015258789,38860
2015-10-26,64.0,65.0,60.79999923706055,61.400001525878906,61.400001525878906,33440
2015-10-27,61.20000076293945,63.0,58.0,58.79999923706055,58.79999923706055,43925
2015-10-28,58.20000076293945,61.79999923706055,58.0,61.599998474121094,61.599998474121094,32350
2015-10-29,61.20000076293945,63.599998474121094,60.400001525878906,61.0,61.0,29915
2015-10-30,61.0,62.400001525878906,59.20000076293945,60.20000076293945,60.20000076293945,29265
2015-11-02,60.0,63.79999923706055,60.0,63.0,63.0,37995
2015-11-03,63.400001525878906,66.5999984741211,63.0,65.5999984741211,65.5999984741211,46495
2015-11-04,65.4000015258789,68.4000015258789,64.5999984741211,67.5999984741211,67.5999984741211,37285
2015-11-05,67.5999984741211,69.4000015258789,63.20000076293945,64.0,64.0,33895
2015-11-06,63.20000076293945,66.0,61.0,65.80000305175781,65.80000305175781,27940
2015-11-09,65.5999984741211,67.0,63.400001525878906,64.5999984741211,64.5999984741211,28940
2015-11-10,59.0,64.19999694824219,57.79999923706055,63.599998474121094,63.599998474121094,49740
2015-11-11,63.20000076293945,63.599998474121094,61.0,62.0,62.0,22060
2015-11-12,61.20000076293945,63.599998474121094,60.599998474121094,61.20000076293945,61.20000076293945,24315
2015-11-13,59.400001525878906,61.400001525878906,58.79999923706055,59.0,59.0,32930
2015-11-16,59.0,62.400001525878906,58.20000076293945,61.79999923706055,61.79999923706055,32855
2015-11-17,62.0,63.400001525878906,60.0,60.599998474121094,60.599998474121094,31960
2015-11-18,58.400001525878906,61.20000076293945,57.400001525878906,59.79999923706055,59.79999923706055,47630
2015-11-19,59.20000076293945,60.20000076293945,58.20000076293945,58.79999923706055,58.79999923706055,31595
2015-11-20,58.400001525878906,59.79999923706055,58.20000076293945,59.599998474121094,59.599998474121094,16975
2015-11-23,59.599998474121094,63.400001525878906,59.20000076293945,63.20000076293945,63.20000076293945,55785
2015-11-24,62.0,64.19999694824219,61.0,64.0,64.0,35845
2015-11-25,64.0,68.80000305175781,64.0,68.80000305175781,68.80000305175781,61170
2015-11-27,68.0,68.80000305175781,67.0,67.80000305175781,67.80000305175781,17635
2015-11-30,66.0,67.80000305175781,64.4000015258789,67.80000305175781,67.80000305175781,36945
2015-12-01,68.0,68.0,65.4000015258789,68.0,68.0,36135
2015-12-02,67.80000305175781,68.80000305175781,66.4000015258789,68.4000015258789,68.4000015258789,34735
2015-12-03,68.19999694824219,69.5999984741211,64.4000015258789,65.0,65.0,33905
2015-12-04,64.4000015258789,64.80000305175781,62.400001525878906,63.0,63.0,28170
2015-12-07,60.0,62.0,56.400001525878906,58.400001525878906,58.400001525878906,57770
2015-12-08,58.0,60.599998474121094,57.0,58.599998474121094,58.599998474121094,23110
2015-12-09,57.599998474121094,60.20000076293945,57.400001525878906,57.599998474121094,57.599998474121094,25050
2015-12-10,58.0,59.400001525878906,57.20000076293945,57.20000076293945,57.20000076293945,29640
2015-12-11,56.20000076293945,57.400001525878906,54.599998474121094,56.0,56.0,44975
2015-12-14,55.20000076293945,56.400001525878906,53.0,53.20000076293945,53.20000076293945,35380
2015-12-15,54.20000076293945,55.599998474121094,53.400001525878906,53.79999923706055,53.79999923706055,28260
2015-12-16,53.400001525878906,56.400001525878906,53.400001525878906,55.400001525878906,55.400001525878906,35440
2015-12-17,55.0,57.400001525878906,55.0,56.0,56.0,30900
2015-12-18,56.0,60.0,54.400001525878906,57.400001525878906,57.400001525878906,72550
2015-12-21,58.20000076293945,59.400001525878906,55.599998474121094,57.20000076293945,57.20000076293945,21640
2015-12-22,56.79999923706055,58.400001525878906,54.0,55.0,55.0,41550
2015-12-23,55.0,56.20000076293945,54.0,55.0,55.0,34915
2015-12-24,54.0,55.400001525878906,54.0,54.79999923706055,54.79999923706055,8365
2015-12-28,54.0,54.599998474121094,51.20000076293945,53.400001525878906,53.400001525878906,38240
2015-12-29,52.79999923706055,55.0,51.400001525878906,52.599998474121094,52.599998474121094,39175
2015-12-30,51.599998474121094,53.400001525878906,50.599998474121094,51.20000076293945,51.20000076293945,46570
2015-12-31,50.400001525878906,53.20000076293945,49.79999923706055,49.79999923706055,49.79999923706055,61145
2016-01-04,48.79999923706055,50.0,45.599998474121094,48.400001525878906,48.400001525878906,55075
2016-01-05,48.79999923706055,51.20000076293945,47.79999923706055,49.599998474121094,49.599998474121094,26520
2016-01-06,48.400001525878906,49.20000076293945,45.599998474121094,46.400001525878906,46.400001525878906,45915
2016-01-07,45.0,45.79999923706055,41.20000076293945,42.400001525878906,42.400001525878906,61620
2016-01-08,44.0,45.0,42.0,43.20000076293945,43.20000076293945,36270
2016-01-11,44.0,44.20000076293945,39.0,41.0,41.0,68115
2016-01-12,41.0,43.400001525878906,39.0,40.20000076293945,40.20000076293945,45475
2016-01-13,40.20000076293945,41.20000076293945,38.400001525878906,38.599998474121094,38.599998474121094,52270
2016-01-14,39.0,39.400001525878906,36.0,39.0,39.0,62000
2016-01-15,37.599998474121094,38.0,36.400001525878906,37.599998474121094,37.599998474121094,44120
2016-01-19,38.0,38.400001525878906,33.400001525878906,34.599998474121094,34.599998474121094,84890
2016-01-20,34.0,37.599998474121094,32.0,37.599998474121094,37.599998474121094,53555
2016-01-21,38.0,40.599998474121094,36.0,40.0,40.0,45110
2016-01-22,40.400001525878906,41.599998474121094,39.599998474121094,40.400001525878906,40.400001525878906,40490
2016-01-25,40.20000076293945,41.599998474121094,38.599998474121094,39.20000076293945,39.20000076293945,37565
2016-01-26,39.599998474121094,40.79999923706055,37.79999923706055,40.20000076293945,40.20000076293945,20425
2016-01-27,40.0,40.79999923706055,39.0,39.0,39.0,22310
2016-01-28,40.20000076293945,40.599998474121094,35.0,36.400001525878906,36.400001525878906,43910
2016-01-29,36.400001525878906,39.400001525878906,36.400001525878906,39.20000076293945,39.20000076293945,32565
2016-02-01,39.400001525878906,41.0,38.0,39.79999923706055,39.79999923706055,26270
2016-02-02,39.400001525878906,41.599998474121094,38.20000076293945,38.400001525878906,38.400001525878906,38625
2016-02-03,39.400001525878906,41.0,38.0,40.599998474121094,40.599998474121094,25570
2016-02-04,41.20000076293945,47.599998474121094,41.0,46.0,46.0,74865
2016-02-05,46.400001525878906,47.20000076293945,41.79999923706055,41.79999923706055,41.79999923706055,46360
2016-02-08,41.0,41.79999923706055,37.599998474121094,39.79999923706055,39.79999923706055,63585
2016-02-09,35.20000076293945,39.599998474121094,34.79999923706055,38.20000076293945,38.20000076293945,47940
2016-02-10,38.20000076293945,40.20000076293945,36.599998474121094,38.400001525878906,38.400001525878906,22075
2016-02-11,35.79999923706055,40.20000076293945,35.79999923706055,38.599998474121094,38.599998474121094,30770
2016-02-12,38.400001525878906,39.400001525878906,36.0,37.79999923706055,37.79999923706055,28850
2016-02-16,38.0,41.599998474121094,38.0,40.79999923706055,40.79999923706055,36810
2016-02-17,42.0,44.0,40.79999923706055,43.20000076293945,43.20000076293945,35905
2016-02-18,44.0,44.0,40.20000076293945,43.20000076293945,43.20000076293945,22760
2016-02-19,42.79999923706055,43.599998474121094,41.79999923706055,41.79999923706055,41.79999923706055,20435
2016-02-22,41.599998474121094,48.79999923706055,41.599998474121094,45.599998474121094,45.599998474121094,54770
2016-02-23,46.0,47.20000076293945,42.400001525878906,42.599998474121094,42.599998474121094,23205
2016-02-24,41.400001525878906,43.400001525878906,40.599998474121094,43.400001525878906,43.400001525878906,26610
2016-02-25,43.400001525878906,44.599998474121094,41.599998474121094,42.400001525878906,42.400001525878906,18395
2016-02-26,43.599998474121094,44.400001525878906,41.0,43.79999923706055,43.79999923706055,26635
2016-02-29,42.79999923706055,46.0,42.20000076293945,45.0,45.0,35105
2016-03-01,46.0,46.400001525878906,43.20000076293945,44.20000076293945,44.20000076293945,38750
2016-03-02,43.400001525878906,45.599998474121094,43.400001525878906,44.79999923706055,44.79999923706055,23245
2016-03-03,45.0,48.20000076293945,45.0,46.0,46.0,46035
2016-03-04,46.0,52.79999923706055,45.0,48.0,48.0,87135
2016-03-07,48.400001525878906,51.0,46.20000076293945,48.79999923706055,48.79999923706055,47270
2016-03-08,50.0,51.0,44.400001525878906,45.400001525878906,45.400001525878906,45090
2016-03-09,46.79999923706055,48.400001525878906,43.20000076293945,46.599998474121094,46.599998474121094,47080
2016-03-10,47.0,49.0,45.400001525878906,46.20000076293945,46.20000076293945,21445
2016-03-11,47.400001525878906,47.599998474121094,45.599998474121094,46.79999923706055,46.79999923706055,21320
2016-03-14,47.79999923706055,48.599998474121094,46.0,46.79999923706055,46.79999923706055,28745
2016-03-15,46.400001525878906,46.400001525878906,44.0,44.0,44.0,29275
2016-03-16,44.0,45.20000076293945,43.20000076293945,44.20000076293945,44.20000076293945,17715
2016-03-17,44.0,46.0,43.599998474121094,45.400001525878906,45.400001525878906,17865
2016-03-18,46.0,46.79999923706055,43.400001525878906,43.79999923706055,43.79999923706055,40920
2016-03-21,43.79999923706055,45.599998474121094,40.0,41.0,41.0,68580
2016-03-22,41.20000076293945,44.20000076293945,40.400001525878906,43.20000076293945,43.20000076293945,37095
2016-03-23,43.20000076293945,43.20000076293945,40.400001525878906,40.599998474121094,40.599998474121094,32920
2016-03-24,40.400001525878906,42.20000076293945,40.20000076293945,41.599998474121094,41.599998474121094,18270
2016-03-28,42.0,42.400001525878906,40.599998474121094,41.0,41.0,22355
2016-03-29,41.0,45.0,40.20000076293945,43.400001525878906,43.400001525878906,33865
2016-03-30,43.599998474121094,45.0,42.20000076293945,44.20000076293945,44.20000076293945,26945
2016-03-31,44.20000076293945,45.20000076293945,43.20000076293945,43.400001525878906,43.400001525878906,25105
2016-04-01,43.400001525878906,44.79999923706055,42.20000076293945,44.0,44.0,17265
2016-04-04,44.599998474121094,47.20000076293945,43.79999923706055,44.0,44.0,33840
2016-04-05,43.599998474121094,45.0,43.0,43.79999923706055,43.79999923706055,13600
2016-04-06,43.79999923706055,46.0,43.79999923706055,46.0,46.0,18790
2016-04-07,45.0,46.400001525878906,44.599998474121094,46.20000076293945,46.20000076293945,19915
2016-04-08,46.20000076293945,47.0,45.20000076293945,45.79999923706055,45.79999923706055,28560
2016-04-11,46.20000076293945,47.0,45.20000076293945,46.0,46.0,9390
2016-04-12,45.599998474121094,47.0,45.20000076293945,46.599998474121094,46.599998474121094,18865
2016-04-13,47.0,50.0,46.0,50.0,50.0,55610
2016-04-14,50.400001525878906,59.599998474121094,49.20000076293945,58.20000076293945,58.20000076293945,195095
2016-04-15,57.0,57.599998474121094,53.599998474121094,54.599998474121094,54.599998474121094,51690
2016-04-18,54.0,56.400001525878906,51.79999923706055,55.599998474121094,55.599998474121094,25340
2016-04-19,56.0,56.79999923706055,52.400001525878906,54.400001525878906,54.400001525878906,32445
2016-04-20,54.400001525878906,55.599998474121094,53.0,53.79999923706055,53.79999923706055,13165
2016-04-21,54.0,57.400001525878906,54.0,56.0,56.0,27270
2016-04-22,56.599998474121094,57.400001525878906,55.400001525878906,55.599998474121094,55.599998474121094,21130
2016-04-25,56.0,57.0,54.400001525878906,55.400001525878906,55.400001525878906,17970
2016-04-26,55.20000076293945,56.599998474121094,54.20000076293945,56.20000076293945,56.20000076293945,14375
2016-04-27,56.0,56.79999923706055,55.0,55.79999923706055,55.79999923706055,26150
2016-04-28,54.79999923706055,57.79999923706055,54.20000076293945,55.0,55.0,38235
2016-04-29,55.0,56.400001525878906,52.400001525878906,54.400001525878906,54.400001525878906,25530
2016-05-02,54.400001525878906,56.79999923706055,52.79999923706055,56.599998474121094,56.599998474121094,20325
2016-05-03,56.0,56.599998474121094,53.400001525878906,54.20000076293945,54.20000076293945,19670
2016-05-04,54.20000076293945,55.20000076293945,50.79999923706055,52.20000076293945,52.20000076293945,26705
2016-05-05,52.0,53.599998474121094,51.20000076293945,52.400001525878906,52.400001525878906,13430
2016-05-06,52.0,53.20000076293945,51.20000076293945,52.400001525878906,52.400001525878906,12080
2016-05-09,51.599998474121094,53.599998474121094,51.599998474121094,52.599998474121094,52.599998474121094,14200
2016-05-10,52.599998474121094,55.0,52.400001525878906,55.0,55.0,16515
2016-05-11,55.0,55.20000076293945,52.79999923706055,52.79999923706055,52.79999923706055,15440
2016-05-12,54.0,54.0,49.400001525878906,49.599998474121094,49.599998474121094,29685
2016-05-13,49.599998474121094,52.20000076293945,49.400001525878906,49.599998474121094,49.599998474121094,20440
2016-05-16,50.0,52.79999923706055,50.0,52.0,52.0,16480
2016-05-17,52.0,55.0,50.79999923706055,51.20000076293945,51.20000076293945,23355
2016-05-18,51.0,53.400001525878906,51.0,52.20000076293945,52.20000076293945,12545
2016-05-19,52.0,53.0,48.20000076293945,49.599998474121094,49.599998474121094,25020
2016-05-20,49.599998474121094,52.0,49.599998474121094,51.0,51.0,15795
2016-05-23,51.0,52.79999923706055,50.599998474121094,51.79999923706055,51.79999923706055,15340
2016-05-24,51.400001525878906,55.0,51.400001525878906,55.0,55.0,23440
2016-05-25,55.0,56.20000076293945,54.599998474121094,55.599998474121094,55.599998474121094,17565
2016-05-26,54.599998474121094,55.79999923706055,53.79999923706055,54.20000076293945,54.20000076293945,13925
2016-05-27,53.599998474121094,56.599998474121094,53.0,56.20000076293945,56.20000076293945,21070
2016-05-31,56.20000076293945,61.0,56.20000076293945,58.400001525878906,58.400001525878906,54805
2016-06-01,58.0,59.79999923706055,55.400001525878906,58.599998474121094,58.599998474121094,35715
2016-06-02,58.0,59.79999923706055,55.599998474121094,58.0,58.0,31620
2016-06-03,58.0,58.599998474121094,55.599998474121094,56.400001525878906,56.400001525878906,25605
2016-06-06,56.400001525878906,59.79999923706055,56.0,59.0,59.0,26925
2016-06-07,59.400001525878906,62.400001525878906,58.0,60.20000076293945,60.20000076293945,43745
2016-06-08,61.20000076293945,61.400001525878906,58.79999923706055,60.0,60.0,20650
2016-06-09,60.0,60.599998474121094,57.20000076293945,57.20000076293945,57.20000076293945,25695
2016-06-10,62.0,65.0,60.400001525878906,62.0,62.0,91680
2016-06-13,63.0,63.79999923706055,57.79999923706055,57.79999923706055,57.79999923706055,48530
2016-06-14,58.79999923706055,61.400001525878906,58.0,60.599998474121094,60.599998474121094,28865
2016-06-15,61.400001525878906,63.599998474121094,60.0,62.79999923706055,62.79999923706055,42145
2016-06-16,62.0,64.5999984741211,61.400001525878906,63.599998474121094,63.599998474121094,37665
2016-06-17,64.0,65.0,62.20000076293945,62.400001525878906,62.400001525878906,36145
2016-06-20,63.79999923706055,65.0,62.599998474121094,64.80000305175781,64.80000305175781,27265
2016-06-21,64.80000305175781,65.19999694824219,62.599998474121094,65.19999694824219,65.19999694824219,32035
2016-06-22,65.19999694824219,67.0,63.599998474121094,64.19999694824219,64.19999694824219,35825
2016-06-23,66.0,69.0,65.0,69.0,69.0,53080
2016-06-24,65.0,69.0,64.19999694824219,67.0,67.0,66640
2016-06-27,67.19999694824219,68.19999694824219,61.20000076293945,62.0,62.0,47600
2016-06-28,65.0,68.80000305175781,63.400001525878906,67.19999694824219,67.19999694824219,60650
2016-06-29,68.5999984741211,74.5999984741211,66.5999984741211,72.80000305175781,72.80000305175781,106535
2016-06-30,72.0,74.80000305175781,71.19999694824219,74.4000015258789,74.4000015258789,55075
2016-07-01,74.80000305175781,78.0,73.5999984741211,76.19999694824219,76.19999694824219,80700
2016-07-05,77.80000305175781,81.80000305175781,75.19999694824219,81.0,81.0,95055
2016-07-06,81.0,87.0,78.80000305175781,79.4000015258789,79.4000015258789,152410
2016-07-07,79.4000015258789,83.0,76.0,78.80000305175781,78.80000305175781,79110
2016-07-08,79.19999694824219,80.0,75.0,77.5999984741211,77.5999984741211,77485
2016-07-11,83.0,84.0,79.19999694824219,79.80000305175781,79.80000305175781,86795
2016-07-12,81.0,81.19999694824219,76.19999694824219,77.0,77.0,79665
2016-07-13,78.5999984741211,79.0,75.0,76.0,76.0,58830
2016-07-14,77.5999984741211,78.0,75.0,76.0,76.0,34205
2016-07-15,76.4000015258789,78.0,76.0,77.5999984741211,77.5999984741211,26705
2016-07-18,78.0,79.0,76.4000015258789,78.4000015258789,78.4000015258789,20795
2016-07-19,77.5999984741211,79.5999984741211,76.5999984741211,77.19999694824219,77.19999694824219,36065
2016-07-20,78.0,84.80000305175781,78.0,84.0,84.0,117980
2016-07-21,84.4000015258789,86.80000305175781,80.19999694824219,80.4000015258789,80.4000015258789,80010
2016-07-22,81.0,82.80000305175781,80.19999694824219,81.19999694824219,81.19999694824219,22520
2016-07-25,81.4000015258789,82.80000305175781,80.0,81.4000015258789,81.4000015258789,33160
2016-07-26,81.0,85.5999984741211,81.0,84.0,84.0,43045
2016-07-27,83.80000305175781,87.0,83.19999694824219,86.5999984741211,86.5999984741211,70050
2016-07-28,86.80000305175781,88.0,84.19999694824219,85.80000305175781,85.80000305175781,78565
2016-07-29,86.0,87.19999694824219,84.80000305175781,85.5999984741211,85.5999984741211,37370
2016-08-01,88.0,90.0,86.19999694824219,87.4000015258789,87.4000015258789,64655
2016-08-02,88.80000305175781,88.80000305175781,82.4000015258789,85.0,85.0,86170
2016-08-03,85.0,88.0,85.0,88.0,88.0,58180
2016-08-04,89.19999694824219,89.5999984741211,84.80000305175781,86.5999984741211,86.5999984741211,55955
2016-08-05,92.0,94.19999694824219,89.0,91.0,91.0,115105
2016-08-08,96.0,99.80000305175781,93.4000015258789,96.19999694824219,96.19999694824219,93285
2016-08-09,97.4000015258789,98.5999984741211,90.4000015258789,92.19999694824219,92.19999694824219,88255
2016-08-10,94.4000015258789,95.19999694824219,90.5999984741211,91.80000305175781,91.80000305175781,61775
2016-08-11,92.4000015258789,93.4000015258789,90.5999984741211,90.80000305175781,90.80000305175781,38530
2016-08-12,91.5999984741211,92.0,90.19999694824219,91.4000015258789,91.4000015258789,30510
2016-08-15,93.19999694824219,93.19999694824219,90.5999984741211,91.80000305175781,91.80000305175781,31730
2016-08-16,91.5999984741211,92.5999984741211,90.5999984741211,91.0,91.0,37950
2016-08-17,90.4000015258789,91.0,83.4000015258789,87.0,87.0,91800
2016-08-18,87.0,87.80000305175781,83.0,83.5999984741211,83.5999984741211,51140
2016-08-19,83.80000305175781,84.80000305175781,78.80000305175781,80.0,80.0,79870
2016-08-22,80.0,81.5999984741211,79.5999984741211,81.0,81.0,52585
2016-08-23,81.0,82.0,79.5999984741211,80.19999694824219,80.19999694824219,39750
2016-08-24,79.5999984741211,80.80000305175781,74.80000305175781,76.0,76.0,80350
2016-08-25,75.0,80.0,74.5999984741211,78.0,78.0,53740
2016-08-26,80.0,80.0,76.0,77.5999984741211,77.5999984741211,31170
2016-08-29,78.5999984741211,79.5999984741211,76.0,78.19999694824219,78.19999694824219,28200
2016-08-30,79.19999694824219,79.5999984741211,77.19999694824219,78.19999694824219,78.19999694824219,20760
2016-08-31,77.4000015258789,78.19999694824219,75.5999984741211,77.19999694824219,77.19999694824219,38875
2016-09-01,76.80000305175781,77.4000015258789,75.0,75.80000305175781,75.80000305175781,24025
2016-09-02,75.80000305175781,78.19999694824219,75.0,77.4000015258789,77.4000015258789,21045
2016-09-06,77.80000305175781,80.19999694824219,77.0,78.80000305175781,78.80000305175781,38965
2016-09-07,84.19999694824219,85.0,82.19999694824219,82.4000015258789,82.4000015258789,82935
2016-09-08,83.0,85.5999984741211,82.0,84.0,84.0,42410
2016-09-09,84.0,84.19999694824219,78.19999694824219,78.19999694824219,78.19999694824219,47520
2016-09-12,76.5999984741211,81.0,76.0,81.0,81.0,30795
2016-09-13,81.19999694824219,81.19999694824219,76.80000305175781,77.80000305175781,77.80000305175781,37330
2016-09-14,77.5999984741211,81.80000305175781,77.5999984741211,80.4000015258789,80.4000015258789,33875
2016-09-15,80.80000305175781,81.0,78.4000015258789,80.0,80.0,22435
2016-09-16,80.0,83.5999984741211,79.0,81.0,81.0,67985
2016-09-19,81.19999694824219,82.4000015258789,79.80000305175781,80.4000015258789,80.4000015258789,57355
2016-09-20,81.19999694824219,82.0,77.19999694824219,77.4000015258789,77.4000015258789,56060
2016-09-21,78.19999694824219,79.5999984741211,76.19999694824219,79.0,79.0,33600
2016-09-22,79.5999984741211,80.4000015258789,78.4000015258789,80.0,80.0,21765
2016-09-23,79.4000015258789,80.80000305175781,78.5999984741211,79.4000015258789,79.4000015258789,17995
2016-09-26,78.80000305175781,79.4000015258789,77.4000015258789,78.19999694824219,78.19999694824219,19720
2016-09-27,77.80000305175781,79.0,77.0,77.80000305175781,77.80000305175781,16515
2016-09-28,78.4000015258789,78.80000305175781,75.5999984741211,77.19999694824219,77.19999694824219,31060
2016-09-29,77.19999694824219,77.4000015258789,75.19999694824219,75.4000015258789,75.4000015258789,25150
2016-09-30,75.4000015258789,77.19999694824219,73.80000305175781,75.80000305175781,75.80000305175781,29360
2016-10-03,76.0,77.4000015258789,75.19999694824219,76.0,76.0,20485
2016-10-04,76.5999984741211,77.5999984741211,75.0,75.5999984741211,75.5999984741211,18570
2016-10-05,80.0,82.80000305175781,78.4000015258789,79.4000015258789,79.4000015258789,76760
2016-10-06,82.19999694824219,82.19999694824219,77.80000305175781,78.19999694824219,78.19999694824219,44060
2016-10-07,78.4000015258789,79.19999694824219,74.0,74.19999694824219,74.19999694824219,55090
2016-10-10,75.19999694824219,77.5999984741211,75.19999694824219,76.19999694824219,76.19999694824219,29320
2016-10-11,79.5999984741211,80.0,76.80000305175781,78.5999984741211,78.5999984741211,65715
2016-10-12,78.4000015258789,79.5999984741211,75.80000305175781,76.5999984741211,76.5999984741211,20720
2016-10-13,76.19999694824219,77.4000015258789,75.0,75.5999984741211,75.5999984741211,21915
2016-10-14,76.19999694824219,77.4000015258789,74.80000305175781,75.19999694824219,75.19999694824219,28855
2016-10-17,74.80000305175781,75.19999694824219,72.4000015258789,72.80000305175781,72.80000305175781,47605
2016-10-18,73.19999694824219,74.0,70.0,70.5999984741211,70.5999984741211,49470
2016-10-19,70.0,71.0,69.19999694824219,69.80000305175781,69.80000305175781,42230
2016-10-20,55.599998474121094,59.20000076293945,55.20000076293945,59.20000076293945,59.20000076293945,493500
2016-10-21,60.0,60.20000076293945,57.400001525878906,59.599998474121094,59.599998474121094,77465
2016-10-24,59.79999923706055,59.79999923706055,57.400001525878906,57.599998474121094,57.599998474121094,76540
2016-10-25,57.599998474121094,59.0,57.400001525878906,57.599998474121094,57.599998474121094,45160
2016-10-26,57.599998474121094,57.79999923706055,55.0,56.20000076293945,56.20000076293945,46885
2016-10-27,56.400001525878906,57.0,54.400001525878906,54.599998474121094,54.599998474121094,41035
2016-10-28,54.79999923706055,55.20000076293945,52.0,52.0,52.0,72410
2016-10-31,52.0,52.599998474121094,49.599998474121094,49.79999923706055,49.79999923706055,80185
2016-11-01,52.599998474121094,56.79999923706055,50.20000076293945,54.400001525878906,54.400001525878906,121355
2016-11-02,55.20000076293945,55.400001525878906,51.400001525878906,51.599998474121094,51.599998474121094,60380
2016-11-03,52.0,52.400001525878906,50.400001525878906,50.79999923706055,50.79999923706055,47735
2016-11-04,50.0,59.79999923706055,50.0,55.79999923706055,55.79999923706055,93035
2016-11-07,59.0,59.599998474121094,55.0,56.400001525878906,56.400001525878906,55775
2016-11-08,55.79999923706055,57.599998474121094,55.0,56.599998474121094,56.599998474121094,35945
2016-11-09,55.20000076293945,62.20000076293945,54.599998474121094,61.0,61.0,91045
2016-11-10,63.0,65.5999984741211,60.79999923706055,64.19999694824219,64.19999694824219,81405
2016-11-11,63.20000076293945,66.80000305175781,61.79999923706055,66.4000015258789,66.4000015258789,66150
2016-11-14,67.5999984741211,68.0,64.5999984741211,65.5999984741211,65.5999984741211,53300
2016-11-15,65.4000015258789,66.4000015258789,63.79999923706055,66.0,66.0,35885
2016-11-16,66.0,66.5999984741211,64.19999694824219,64.5999984741211,64.5999984741211,30725
2016-11-17,64.0,64.80000305175781,62.400001525878906,63.599998474121094,63.599998474121094,39945
2016-11-18,63.400001525878906,64.0,61.0,63.400001525878906,63.400001525878906,44775
2016-11-21,63.0,64.5999984741211,61.20000076293945,63.79999923706055,63.79999923706055,47740
2016-11-22,64.19999694824219,64.5999984741211,62.400001525878906,63.79999923706055,63.79999923706055,29785
2016-11-23,62.79999923706055,66.0,61.599998474121094,65.19999694824219,65.19999694824219,33680
2016-11-25,64.80000305175781,66.4000015258789,63.599998474121094,65.80000305175781,65.80000305175781,12745
2016-11-28,65.0,65.4000015258789,62.400001525878906,62.599998474121094,62.599998474121094,44765
2016-11-29,63.79999923706055,65.19999694824219,61.20000076293945,61.20000076293945,61.20000076293945,49965
2016-11-30,64.5999984741211,64.5999984741211,60.0,60.400001525878906,60.400001525878906,57090
2016-12-01,60.20000076293945,60.599998474121094,57.20000076293945,57.79999923706055,57.79999923706055,61130
2016-12-02,57.79999923706055,61.20000076293945,57.400001525878906,58.79999923706055,58.79999923706055,49950
2016-12-05,59.20000076293945,63.0,59.20000076293945,62.0,62.0,40465
2016-12-06,61.79999923706055,64.0,60.20000076293945,63.20000076293945,63.20000076293945,40430
2016-12-07,62.400001525878906,62.599998474121094,60.400001525878906,61.79999923706055,61.79999923706055,37090
2016-12-08,61.20000076293945,66.80000305175781,60.599998474121094,66.0,66.0,83250
2016-12-09,66.5999984741211,69.0,65.5999984741211,66.19999694824219,66.19999694824219,55675
2016-12-12,67.0,69.5999984741211,66.0,67.80000305175781,67.80000305175781,90650
2016-12-13,70.0,79.19999694824219,68.4000015258789,75.80000305175781,75.80000305175781,278390
2016-12-14,78.0,78.5999984741211,72.80000305175781,73.80000305175781,73.80000305175781,120570
2016-12-15,76.5999984741211,81.5999984741211,75.4000015258789,79.0,79.0,180850
2016-12-16,80.0,81.0,74.5999984741211,74.80000305175781,74.80000305175781,327920
2016-12-19,77.5999984741211,77.5999984741211,74.19999694824219,75.0,75.0,64655
2016-12-20,75.19999694824219,76.80000305175781,72.80000305175781,73.5999984741211,73.5999984741211,49845
2016-12-21,73.80000305175781,74.0,71.0,71.19999694824219,71.19999694824219,43295
2016-12-22,73.0,73.80000305175781,70.19999694824219,71.5999984741211,71.5999984741211,40175
2016-12-23,72.19999694824219,74.80000305175781,72.19999694824219,74.5999984741211,74.5999984741211,43765
2016-12-27,76.80000305175781,79.0,74.80000305175781,75.80000305175781,75.80000305175781,84690
2016-12-28,76.5999984741211,77.19999694824219,71.0,71.80000305175781,71.80000305175781,74885
2016-12-29,71.80000305175781,73.0,69.0,70.0,70.0,68750
2016-12-30,70.0,72.0,67.0,67.80000305175781,67.80000305175781,95650
2017-01-03,70.80000305175781,73.4000015258789,70.0,73.19999694824219,73.19999694824219,88660
2017-01-04,74.19999694824219,78.4000015258789,72.80000305175781,77.5999984741211,77.5999984741211,103630
2017-01-05,78.19999694824219,78.4000015258789,73.5999984741211,75.19999694824219,75.19999694824219,58095
2017-01-06,75.19999694824219,76.0,73.80000305175781,74.4000015258789,74.4000015258789,56045
2017-01-09,75.19999694824219,77.0,73.80000305175781,75.4000015258789,75.4000015258789,63075
2017-01-10,76.80000305175781,78.19999694824219,75.4000015258789,76.5999984741211,76.5999984741211,65985
2017-01-11,76.5999984741211,77.4000015258789,72.4000015258789,74.19999694824219,74.19999694824219,100340
2017-01-12,74.5999984741211,75.4000015258789,72.0,73.4000015258789,73.4000015258789,62485
2017-01-13,73.80000305175781,75.4000015258789,73.19999694824219,74.0,74.0,48525
2017-01-17,74.5999984741211,75.19999694824219,70.19999694824219,71.0,71.0,80175
2017-01-18,71.0,72.19999694824219,69.5999984741211,71.0,71.0,47995
2017-01-19,71.4000015258789,71.5999984741211,69.0,69.5999984741211,69.5999984741211,39585
2017-01-20,69.80000305175781,71.80000305175781,69.4000015258789,70.19999694824219,70.19999694824219,39665
2017-01-23,70.0,71.0,68.19999694824219,69.0,69.0,50380
2017-01-24,67.19999694824219,70.4000015258789,67.0,69.80000305175781,69.80000305175781,52975
2017-01-25,72.5999984741211,75.4000015258789,71.80000305175781,74.5999984741211,74.5999984741211,111950
2017-01-26,74.5999984741211,74.80000305175781,72.0,72.0,72.0,50095
2017-01-27,72.0,73.0,71.19999694824219,72.80000305175781,72.80000305175781,35930
2017-01-30,72.5999984741211,73.0,70.0,70.19999694824219,70.19999694824219,50425
2017-01-31,69.19999694824219,74.19999694824219,69.19999694824219,73.80000305175781,73.80000305175781,60615
2017-02-01,74.5999984741211,75.0,72.80000305175781,74.0,74.0,47880
2017-02-02,74.0,74.0,72.4000015258789,73.19999694824219,73.19999694824219,36665
2017-02-03,73.4000015258789,74.0,71.4000015258789,74.0,74.0,53920
2017-02-06,74.4000015258789,77.0,73.4000015258789,76.5999984741211,76.5999984741211,74655
2017-02-07,76.80000305175781,77.0,72.4000015258789,73.4000015258789,73.4000015258789,80265
2017-02-08,73.80000305175781,73.80000305175781,72.0,73.5999984741211,73.5999984741211,44355
2017-02-09,74.0,75.4000015258789,72.5999984741211,75.4000015258789,75.4000015258789,86225
2017-02-10,65.0,66.0,62.79999923706055,63.79999923706055,63.79999923706055,280490
2017-02-13,64.4000015258789,64.5999984741211,60.0,61.0,61.0,173775
2017-02-14,60.20000076293945,60.599998474121094,57.599998474121094,59.599998474121094,59.599998474121094,164575
2017-02-15,59.79999923706055,60.599998474121094,57.599998474121094,59.400001525878906,59.400001525878906,96135
2017-02-16,59.400001525878906,60.0,57.20000076293945,57.79999923706055,57.79999923706055,79720
2017-02-17,58.0,59.599998474121094,56.79999923706055,59.400001525878906,59.400001525878906,62300
2017-02-21,60.79999923706055,61.0,59.0,60.0,60.0,64440
2017-02-22,60.0,60.20000076293945,58.0,59.400001525878906,59.400001525878906,77155
2017-02-23,59.0,60.400001525878906,58.0,59.400001525878906,59.400001525878906,50190
2017-02-24,59.0,60.20000076293945,58.400001525878906,59.400001525878906,59.400001525878906,48045
2017-02-27,59.400001525878906,64.0,59.400001525878906,64.0,64.0,78585
2017-02-28,64.5999984741211,64.80000305175781,62.20000076293945,62.400001525878906,62.400001525878906,55850
2017-03-01,63.0,64.5999984741211,62.20000076293945,63.400001525878906,63.400001525878906,48360
2017-03-02,62.599998474121094,63.400001525878906,59.599998474121094,59.79999923706055,59.79999923706055,59370
2017-03-03,59.79999923706055,61.79999923706055,59.599998474121094,60.20000076293945,60.20000076293945,46540
2017-03-06,59.79999923706055,60.20000076293945,58.400001525878906,58.400001525878906,58.400001525878906,69540
2017-03-07,58.0,59.400001525878906,57.0,57.400001525878906,57.400001525878906,52255
2017-03-08,57.79999923706055,58.599998474121094,57.0,57.20000076293945,57.20000076293945,44360
2017-03-09,57.20000076293945,57.599998474121094,55.20000076293945,56.400001525878906,56.400001525878906,63390
2017-03-10,56.0,59.0,55.400001525878906,58.20000076293945,58.20000076293945,40670
2017-03-13,58.20000076293945,59.79999923706055,57.599998474121094,58.20000076293945,58.20000076293945,41215
2017-03-14,58.0,59.20000076293945,57.0,58.20000076293945,58.20000076293945,27425
2017-03-15,58.400001525878906,61.20000076293945,57.400001525878906,61.0,61.0,60085
2017-03-16,60.599998474121094,61.79999923706055,60.400001525878906,61.20000076293945,61.20000076293945,38600
2017-03-17,60.599998474121094,65.0,60.20000076293945,65.0,65.0,109755
2017-03-20,65.0,65.19999694824219,61.79999923706055,63.79999923706055,63.79999923706055,52775
2017-03-21,63.79999923706055,64.19999694824219,59.79999923706055,60.20000076293945,60.20000076293945,54690
2017-03-22,60.0,61.400001525878906,58.79999923706055,60.20000076293945,60.20000076293945,52070
2017-03-23,60.0,61.400001525878906,59.79999923706055,60.20000076293945,60.20000076293945,28460
2017-03-24,60.20000076293945,62.599998474121094,60.0,60.599998474121094,60.599998474121094,34940
2017-03-27,60.0,63.0,58.79999923706055,62.0,62.0,48960
2017-03-28,61.599998474121094,62.400001525878906,60.599998474121094,60.599998474121094,60.599998474121094,36510
2017-03-29,60.599998474121094,63.400001525878906,60.599998474121094,61.599998474121094,61.599998474121094,42500
2017-03-30,63.0,63.400001525878906,61.400001525878906,61.599998474121094,61.599998474121094,34730
2017-03-31,61.599998474121094,64.0,61.400001525878906,63.599998474121094,63.599998474121094,51040
2017-04-03,63.400001525878906,63.79999923706055,61.20000076293945,61.20000076293945,61.20000076293945,31480
2017-04-04,61.20000076293945,62.20000076293945,60.0,60.599998474121094,60.599998474121094,42725
2017-04-05,60.79999923706055,61.400001525878906,59.20000076293945,59.400001525878906,59.400001525878906,35595
2017-04-06,59.400001525878906,61.20000076293945,58.599998474121094,61.20000076293945,61.20000076293945,37005
2017-04-07,60.20000076293945,61.400001525878906,60.20000076293945,61.400001525878906,61.400001525878906,29855
2017-04-10,61.400001525878906,62.400001525878906,60.20000076293945,60.400001525878906,60.400001525878906,29080
2017-04-11,60.20000076293945,61.400001525878906,59.599998474121094,60.79999923706055,60.79999923706055,43420
2017-04-12,58.0,58.400001525878906,56.400001525878906,56.79999923706055,56.79999923706055,102230
2017-04-13,56.79999923706055,58.0,56.0,56.599998474121094,56.599998474121094,64615
2017-04-17,56.599998474121094,57.20000076293945,54.79999923706055,55.400001525878906,55.400001525878906,49275
2017-04-18,55.0,55.20000076293945,51.599998474121094,53.79999923706055,53.79999923706055,95800
2017-04-19,54.0,54.79999923706055,51.79999923706055,52.400001525878906,52.400001525878906,49635
2017-04-20,52.599998474121094,54.0,52.400001525878906,53.599998474121094,53.599998474121094,35570
2017-04-21,53.400001525878906,54.20000076293945,52.79999923706055,54.20000076293945,54.20000076293945,35365
2017-04-24,55.0,55.400001525878906,53.599998474121094,54.599998474121094,54.599998474121094,34455
2017-04-25,56.0,56.20000076293945,54.79999923706055,55.599998474121094,55.599998474121094,30405
2017-04-26,55.400001525878906,57.0,55.0,57.0,57.0,36010
2017-04-27,57.0,58.0,56.79999923706055,57.79999923706055,57.79999923706055,28680
2017-04-28,57.79999923706055,58.20000076293945,57.0,58.0,58.0,37515
2017-05-01,58.599998474121094,62.599998474121094,58.599998474121094,59.400001525878906,59.400001525878906,88485
2017-05-02,59.0,59.20000076293945,56.0,56.0,56.0,47145
2017-05-03,56.0,56.20000076293945,54.599998474121094,55.20000076293945,55.20000076293945,31775
2017-05-04,55.20000076293945,55.599998474121094,53.79999923706055,54.0,54.0,35670
2017-05-05,54.0,54.400001525878906,53.20000076293945,54.20000076293945,54.20000076293945,36840
2017-05-08,54.20000076293945,55.0,53.599998474121094,54.400001525878906,54.400001525878906,27470
2017-05-09,54.400001525878906,54.79999923706055,53.599998474121094,54.20000076293945,54.20000076293945,22115
2017-05-10,53.79999923706055,54.599998474121094,52.79999923706055,54.400001525878906,54.400001525878906,39260
2017-05-11,54.400001525878906,55.20000076293945,53.20000076293945,54.20000076293945,54.20000076293945,30440
2017-05-12,54.20000076293945,58.0,54.0,56.400001525878906,56.400001525878906,65855
2017-05-15,56.599998474121094,56.599998474121094,55.0,55.79999923706055,55.79999923706055,34080
2017-05-16,55.79999923706055,58.79999923706055,54.400001525878906,58.599998474121094,58.599998474121094,66935
2017-05-17,58.0,58.0,55.20000076293945,56.0,56.0,59720
2017-05-18,55.599998474121094,58.20000076293945,55.400001525878906,57.599998474121094,57.599998474121094,40910
2017-05-19,57.599998474121094,58.400001525878906,55.400001525878906,55.79999923706055,55.79999923706055,27715
2017-05-22,56.400001525878906,57.0,54.599998474121094,56.20000076293945,56.20000076293945,37390
2017-05-23,56.400001525878906,57.0,55.20000076293945,56.599998474121094,56.599998474121094,27715
2017-05-24,56.599998474121094,58.20000076293945,56.20000076293945,57.0,57.0,32090
2017-05-25,57.20000076293945,57.79999923706055,55.79999923706055,57.0,57.0,25615
2017-05-26,56.79999923706055,59.0,56.20000076293945,58.79999923706055,58.79999923706055,53135
2017-05-30,58.79999923706055,63.79999923706055,58.400001525878906,59.599998474121094,59.599998474121094,109920
2017-05-31,59.79999923706055,60.0,56.599998474121094,56.599998474121094,56.599998474121094,68165
2017-06-01,56.599998474121094,60.0,56.599998474121094,58.79999923706055,58.79999923706055,38760
2017-06-02,58.599998474121094,60.599998474121094,58.599998474121094,59.400001525878906,59.400001525878906,35015
2017-06-05,59.79999923706055,60.400001525878906,57.599998474121094,59.20000076293945,59.20000076293945,27235
2017-06-06,59.0,59.0,57.20000076293945,57.400001525878906,57.400001525878906,54295
2017-06-07,57.400001525878906,58.599998474121094,55.599998474121094,56.599998474121094,56.599998474121094,60110
2017-06-08,57.599998474121094,58.400001525878906,54.20000076293945,54.400001525878906,54.400001525878906,79260
2017-06-09,54.599998474121094,54.599998474121094,51.0,53.79999923706055,53.79999923706055,89545
2017-06-12,53.599998474121094,54.79999923706055,52.599998474121094,53.79999923706055,53.79999923706055,47695
2017-06-13,54.0,54.20000076293945,53.20000076293945,53.400001525878906,53.400001525878906,25975
2017-06-14,53.400001525878906,54.0,51.599998474121094,53.0,53.0,35340
2017-06-15,52.599998474121094,53.400001525878906,52.0,52.599998474121094,52.599998474121094,29505
2017-06-16,51.599998474121094,52.400001525878906,51.400001525878906,52.20000076293945,52.20000076293945,45985
2017-06-19,52.599998474121094,53.599998474121094,52.20000076293945,53.20000076293945,53.20000076293945,35715
2017-06-20,53.599998474121094,54.79999923706055,52.400001525878906,53.20000076293945,53.20000076293945,44170
2017-06-21,53.400001525878906,54.79999923706055,53.0,53.400001525878906,53.400001525878906,43625
2017-06-22,54.79999923706055,55.400001525878906,53.599998474121094,54.20000076293945,54.20000076293945,29140
2017-06-23,54.20000076293945,55.400001525878906,53.599998474121094,55.20000076293945,55.20000076293945,65350
2017-06-26,55.20000076293945,55.599998474121094,54.0,54.79999923706055,54.79999923706055,28610
2017-06-27,54.599998474121094,55.20000076293945,52.79999923706055,53.20000076293945,53.20000076293945,34900
2017-06-28,53.20000076293945,54.400001525878906,53.0,53.79999923706055,53.79999923706055,38155
2017-06-29,53.599998474121094,53.79999923706055,52.0,52.79999923706055,52.79999923706055,34475
2017-06-30,53.0,53.599998474121094,52.20000076293945,52.599998474121094,52.599998474121094,20500
2017-07-03,52.599998474121094,53.599998474121094,52.599998474121094,53.400001525878906,53.400001525878906,13625
2017-07-05,53.400001525878906,54.400001525878906,53.20000076293945,54.20000076293945,54.20000076293945,42585
2017-07-06,53.400001525878906,54.20000076293945,52.400001525878906,52.79999923706055,52.79999923706055,26645
2017-07-07,53.0,54.400001525878906,52.599998474121094,54.400001525878906,54.400001525878906,32905
2017-07-10,54.20000076293945,54.400001525878906,52.599998474121094,52.599998474121094,52.599998474121094,23925
2017-07-11,52.20000076293945,54.0,52.20000076293945,53.0,53.0,21410
2017-07-12,53.0,54.0,53.0,53.400001525878906,53.400001525878906,17320
2017-07-13,53.20000076293945,53.599998474121094,52.0,53.400001525878906,53.400001525878906,32665
2017-07-14,52.79999923706055,53.79999923706055,52.400001525878906,52.599998474121094,52.599998474121094,17680
2017-07-17,52.400001525878906,53.20000076293945,50.79999923706055,51.0,51.0,52645
2017-07-18,51.400001525878906,51.400001525878906,49.400001525878906,49.599998474121094,49.599998474121094,44865
2017-07-19,48.400001525878906,49.599998474121094,46.0,47.400001525878906,47.400001525878906,67585
2017-07-20,47.599998474121094,47.599998474121094,46.0,46.400001525878906,46.400001525878906,50910
2017-07-21,46.400001525878906,48.599998474121094,46.0,47.400001525878906,47.400001525878906,45925
2017-07-24,47.20000076293945,48.400001525878906,46.599998474121094,48.0,48.0,27580
2017-07-25,48.400001525878906,48.400001525878906,47.599998474121094,47.79999923706055,47.79999923706055,23825
2017-07-26,47.599998474121094,48.400001525878906,46.599998474121094,47.599998474121094,47.599998474121094,19700
2017-07-27,47.79999923706055,48.400001525878906,46.400001525878906,47.0,47.0,31455
2017-07-28,46.599998474121094,47.79999923706055,46.20000076293945,46.79999923706055,46.79999923706055,26350
2017-07-31,46.599998474121094,47.0,45.79999923706055,46.79999923706055,46.79999923706055,21620
2017-08-01,47.20000076293945,47.20000076293945,43.20000076293945,43.20000076293945,43.20000076293945,53865
2017-08-02,43.400001525878906,45.20000076293945,42.0,42.599998474121094,42.599998474121094,87660
2017-08-03,42.20000076293945,43.599998474121094,40.79999923706055,42.79999923706055,42.79999923706055,55325
2017-08-04,42.599998474121094,44.79999923706055,42.599998474121094,44.20000076293945,44.20000076293945,33820
2017-08-07,44.20000076293945,45.0,44.0,44.0,44.0,28070
2017-08-08,43.79999923706055,44.599998474121094,41.79999923706055,42.0,42.0,32730
2017-08-09,41.79999923706055,42.599998474121094,41.400001525878906,41.599998474121094,41.599998474121094,35335
2017-08-10,44.400001525878906,45.599998474121094,41.0,41.400001525878906,41.400001525878906,75660
2017-08-11,42.0,42.20000076293945,40.0,42.0,42.0,57130
2017-08-14,42.0,44.400001525878906,42.0,43.599998474121094,43.599998474121094,37655
2017-08-15,43.20000076293945,44.599998474121094,42.79999923706055,42.79999923706055,42.79999923706055,26300
2017-08-16,43.0,43.599998474121094,41.0,41.599998474121094,41.599998474121094,38445
2017-08-17,41.20000076293945,42.0,40.0,40.20000076293945,40.20000076293945,30370
2017-08-18,40.0,40.20000076293945,36.400001525878906,37.0,37.0,114065
2017-08-21,37.0,38.0,35.0,36.20000076293945,36.20000076293945,42185
2017-08-22,36.20000076293945,39.79999923706055,36.20000076293945,39.0,39.0,46280
2017-08-23,39.20000076293945,39.599998474121094,37.400001525878906,37.599998474121094,37.599998474121094,32385
2017-08-24,37.599998474121094,39.599998474121094,37.599998474121094,39.400001525878906,39.400001525878906,26255
2017-08-25,39.20000076293945,39.79999923706055,38.599998474121094,39.400001525878906,39.400001525878906,23140
2017-08-28,39.79999923706055,39.79999923706055,38.400001525878906,38.599998474121094,38.599998474121094,21135
2017-08-29,38.0,39.400001525878906,37.0,38.599998474121094,38.599998474121094,38780
2017-08-30,38.599998474121094,39.20000076293945,38.20000076293945,39.0,39.0,17230
2017-08-31,39.0,42.0,39.0,41.599998474121094,41.599998474121094,51765
2017-09-01,41.599998474121094,43.0,40.599998474121094,41.0,41.0,35380
2017-09-05,40.79999923706055,42.20000076293945,40.20000076293945,41.400001525878906,41.400001525878906,37900
2017-09-06,41.599998474121094,44.400001525878906,41.599998474121094,43.20000076293945,43.20000076293945,60770
2017-09-07,43.400001525878906,44.79999923706055,42.400001525878906,43.400001525878906,43.400001525878906,43065
2017-09-08,43.599998474121094,44.79999923706055,42.400001525878906,43.400001525878906,43.400001525878906,30310
2017-09-11,43.79999923706055,46.599998474121094,43.79999923706055,45.400001525878906,45.400001525878906,53785
2017-09-12,46.20000076293945,46.400001525878906,44.400001525878906,45.0,45.0,45050
2017-09-13,45.20000076293945,47.20000076293945,44.599998474121094,46.79999923706055,46.79999923706055,46820
2017-09-14,47.20000076293945,47.599998474121094,44.400001525878906,45.20000076293945,45.20000076293945,39440
2017-09-15,45.599998474121094,46.0,42.20000076293945,42.400001525878906,42.400001525878906,67585
2017-09-18,43.0,43.79999923706055,39.79999923706055,39.79999923706055,39.79999923706055,90950
2017-09-19,40.20000076293945,41.0,40.0,40.599998474121094,40.599998474121094,47650
2017-09-20,40.79999923706055,42.599998474121094,40.400001525878906,41.20000076293945,41.20000076293945,34385
2017-09-21,41.599998474121094,41.599998474121094,40.20000076293945,40.20000076293945,40.20000076293945,21195
2017-09-22,40.20000076293945,40.599998474121094,39.20000076293945,39.400001525878906,39.400001525878906,28980
2017-09-25,39.20000076293945,41.20000076293945,39.0,39.79999923706055,39.79999923706055,38935
2017-09-26,39.79999923706055,41.400001525878906,39.79999923706055,40.0,40.0,50875
2017-09-27,40.20000076293945,44.0,40.0,43.0,43.0,63865
2017-09-28,43.599998474121094,44.79999923706055,43.0,43.599998474121094,43.599998474121094,46475
2017-09-29,43.0,45.400001525878906,42.400001525878906,44.400001525878906,44.400001525878906,40360
2017-10-02,44.400001525878906,45.599998474121094,43.79999923706055,44.400001525878906,44.400001525878906,35505
2017-10-03,44.0,44.79999923706055,43.20000076293945,44.20000076293945,44.20000076293945,24810
2017-10-04,43.79999923706055,44.400001525878906,40.599998474121094,40.79999923706055,40.79999923706055,61840
2017-10-05,40.79999923706055,41.599998474121094,40.0,41.400001525878906,41.400001525878906,46390
2017-10-06,41.599998474121094,41.599998474121094,40.20000076293945,40.79999923706055,40.79999923706055,27385
2017-10-09,40.79999923706055,40.79999923706055,39.0,39.0,39.0,46230
2017-10-10,39.0,39.599998474121094,33.79999923706055,34.0,34.0,267905
2017-10-11,35.400001525878906,37.0,33.20000076293945,33.599998474121094,33.599998474121094,203060
2017-10-12,33.20000076293945,33.599998474121094,29.200000762939453,30.0,30.0,184760
2017-10-13,29.799999237060547,34.0,29.600000381469727,31.200000762939453,31.200000762939453,132285
2017-10-16,32.79999923706055,33.599998474121094,29.200000762939453,29.600000381469727,29.600000381469727,116555
2017-10-17,29.200000762939453,30.600000381469727,26.399999618530273,30.399999618530273,30.399999618530273,80610
2017-10-18,29.600000381469727,30.399999618530273,29.399999618530273,29.600000381469727,29.600000381469727,35305
2017-10-19,29.200000762939453,29.200000762939453,27.399999618530273,28.0,28.0,81645
2017-10-20,30.600000381469727,36.0,29.0,32.20000076293945,32.20000076293945,278860
2017-10-23,32.400001525878906,34.599998474121094,32.0,33.20000076293945,33.20000076293945,110765
2017-10-24,33.79999923706055,33.79999923706055,30.799999237060547,30.799999237060547,30.799999237060547,66940
2017-10-25,31.0,31.399999618530273,30.0,30.399999618530273,30.399999618530273,49590
2017-10-26,30.399999618530273,32.0,30.0,30.0,30.0,45770
2017-10-27,30.200000762939453,31.0,30.0,30.799999237060547,30.799999237060547,35900
2017-10-30,30.600000381469727,31.600000381469727,29.399999618530273,29.799999237060547,29.799999237060547,39530
2017-10-31,30.200000762939453,32.400001525878906,30.200000762939453,31.799999237060547,31.799999237060547,44535
2017-11-01,32.79999923706055,32.79999923706055,31.0,31.200000762939453,31.200000762939453,33715
2017-11-02,31.0,32.599998474121094,30.399999618530273,31.399999618530273,31.399999618530273,33095
2017-11-03,31.200000762939453,32.400001525878906,30.799999237060547,31.200000762939453,31.200000762939453,28240
2017-11-06,31.600000381469727,31.799999237060547,30.0,30.600000381469727,30.600000381469727,37455
2017-11-07,31.200000762939453,31.200000762939453,29.600000381469727,29.600000381469727,29.600000381469727,27255
2017-11-08,29.600000381469727,30.600000381469727,29.0,29.399999618530273,29.399999618530273,26510
2017-11-09,29.600000381469727,30.0,29.0,29.799999237060547,29.799999237060547,36155
2017-11-10,28.0,31.799999237060547,28.0,30.799999237060547,30.799999237060547,57130
2017-11-13,30.799999237060547,30.799999237060547,28.399999618530273,28.399999618530273,28.399999618530273,46400
2017-11-14,28.600000381469727,29.0,27.0,27.399999618530273,27.399999618530273,73510
2017-11-15,27.399999618530273,28.600000381469727,26.600000381469727,27.799999237060547,27.799999237060547,34115
2017-11-16,27.799999237060547,29.799999237060547,27.799999237060547,29.0,29.0,34190
2017-11-17,28.600000381469727,29.600000381469727,28.200000762939453,29.399999618530273,29.399999618530273,27335
2017-11-20,29.200000762939453,31.0,29.0,30.799999237060547,30.799999237060547,58490
2017-11-21,30.600000381469727,31.200000762939453,29.399999618530273,29.600000381469727,29.600000381469727,42405
2017-11-22,29.200000762939453,30.799999237060547,29.0,30.200000762939453,30.200000762939453,32785
2017-11-24,30.0,30.399999618530273,29.200000762939453,30.399999618530273,30.399999618530273,26785
2017-11-27,30.0,30.200000762939453,28.600000381469727,30.200000762939453,30.200000762939453,29630
2017-11-28,30.0,31.0,29.399999618530273,30.799999237060547,30.799999237060547,54770
2017-11-29,30.600000381469727,32.79999923706055,30.600000381469727,32.400001525878906,32.400001525878906,66055
2017-11-30,32.79999923706055,34.599998474121094,29.799999237060547,30.200000762939453,30.200000762939453,150125
2017-12-01,30.0,34.0,29.399999618530273,33.0,33.0,122420
2017-12-04,33.0,34.0,30.799999237060547,31.0,31.0,94195
2017-12-05,30.600000381469727,30.799999237060547,29.600000381469727,29.799999237060547,29.799999237060547,53435
2017-12-06,30.0,30.200000762939453,28.399999618530273,28.600000381469727,28.600000381469727,43890
2017-12-07,28.600000381469727,29.200000762939453,28.0,28.600000381469727,28.600000381469727,44930
2017-12-08,28.399999618530273,28.799999237060547,27.399999618530273,27.799999237060547,27.799999237060547,50355
2017-12-11,27.799999237060547,28.399999618530273,27.0,27.799999237060547,27.799999237060547,64325
2017-12-12,27.600000381469727,28.200000762939453,26.600000381469727,27.600000381469727,27.600000381469727,63840
2017-12-13,27.600000381469727,28.399999618530273,26.799999237060547,28.399999618530273,28.399999618530273,67115
2017-12-14,27.600000381469727,28.399999618530273,26.799999237060547,27.600000381469727,27.600000381469727,83235
2017-12-15,27.399999618530273,28.399999618530273,27.200000762939453,28.200000762939453,28.200000762939453,217665
2017-12-18,28.200000762939453,29.0,27.799999237060547,29.0,29.0,105935
2017-12-19,28.799999237060547,29.600000381469727,28.399999618530273,29.200000762939453,29.200000762939453,74330
2017-12-20,28.799999237060547,29.600000381469727,28.799999237060547,29.600000381469727,29.600000381469727,33015
2017-12-21,29.600000381469727,30.0,29.0,29.799999237060547,29.799999237060547,41770
2017-12-22,29.200000762939453,29.799999237060547,26.600000381469727,29.0,29.0,185625
2017-12-26,30.399999618530273,31.0,28.0,29.0,29.0,104135
2017-12-27,28.600000381469727,29.0,27.0,27.200000762939453,27.200000762939453,102320
2017-12-28,27.200000762939453,28.0,26.600000381469727,27.0,27.0,73080
2017-12-29,26.600000381469727,27.200000762939453,26.399999618530273,26.799999237060547,26.799999237060547,147480
2018-01-02,27.0,28.200000762939453,26.799999237060547,27.799999237060547,27.799999237060547,90365
2018-01-03,28.0,28.200000762939453,27.0,27.399999618530273,27.399999618530273,53175
2018-01-04,27.799999237060547,28.399999618530273,26.799999237060547,27.799999237060547,27.799999237060547,73820
2018-01-05,27.600000381469727,28.200000762939453,27.200000762939453,27.600000381469727,27.600000381469727,56125
2018-01-08,27.200000762939453,27.600000381469727,26.799999237060547,27.200000762939453,27.200000762939453,38445
2018-01-09,26.799999237060547,28.200000762939453,26.799999237060547,27.799999237060547,27.799999237060547,55540
2018-01-10,27.600000381469727,28.200000762939453,27.0,28.200000762939453,28.200000762939453,51550
2018-01-11,27.799999237060547,28.399999618530273,27.799999237060547,28.0,28.0,41310
2018-01-12,28.0,28.200000762939453,27.200000762939453,27.799999237060547,27.799999237060547,33780
2018-01-16,27.600000381469727,28.200000762939453,26.399999618530273,27.200000762939453,27.200000762939453,80570
2018-01-17,27.600000381469727,27.600000381469727,26.600000381469727,27.399999618530273,27.399999618530273,32500
2018-01-18,27.0,27.600000381469727,26.799999237060547,27.399999618530273,27.399999618530273,31255
2018-01-19,27.0,28.200000762939453,26.799999237060547,28.200000762939453,28.200000762939453,71490
2018-01-22,28.0,28.200000762939453,26.799999237060547,27.600000381469727,27.600000381469727,63570
2018-01-23,27.600000381469727,28.200000762939453,27.399999618530273,28.0,28.0,44385
2018-01-24,28.200000762939453,28.200000762939453,27.200000762939453,27.200000762939453,27.200000762939453,30170
2018-01-25,27.399999618530273,28.0,27.200000762939453,27.399999618530273,27.399999618530273,45810
2018-01-26,27.399999618530273,28.200000762939453,27.200000762939453,27.600000381469727,27.600000381469727,45630
2018-01-29,27.799999237060547,30.0,27.799999237060547,29.600000381469727,29.600000381469727,118010
2018-01-30,29.600000381469727,29.799999237060547,27.799999237060547,28.0,28.0,51175
2018-01-31,28.0,28.799999237060547,27.399999618530273,28.0,28.0,47255
2018-02-01,27.799999237060547,30.200000762939453,27.600000381469727,29.0,29.0,98140
2018-02-02,28.799999237060547,28.799999237060547,27.799999237060547,28.200000762939453,28.200000762939453,52695
2018-02-05,28.0,30.799999237060547,27.799999237060547,27.799999237060547,27.799999237060547,67270
2018-02-06,27.600000381469727,28.799999237060547,27.399999618530273,27.799999237060547,27.799999237060547,36570
2018-02-07,27.799999237060547,28.399999618530273,27.200000762939453,27.399999618530273,27.399999618530273,28135
2018-02-08,27.799999237060547,28.0,26.399999618530273,26.399999618530273,26.399999618530273,49320
2018-02-09,26.0,26.200000762939453,18.600000381469727,24.600000381469727,24.600000381469727,293345
2018-02-12,24.200000762939453,25.200000762939453,22.0,23.0,23.0,68490
2018-02-13,23.0,23.0,21.600000381469727,21.799999237060547,21.799999237060547,37000
2018-02-14,21.600000381469727,22.600000381469727,21.200000762939453,22.600000381469727,22.600000381469727,37670
2018-02-15,22.799999237060547,23.0,21.399999618530273,22.0,22.0,52545
2018-02-16,22.0,22.600000381469727,21.399999618530273,21.799999237060547,21.799999237060547,40405
2018-02-20,21.799999237060547,22.200000762939453,21.0,21.399999618530273,21.399999618530273,45505
2018-02-21,21.0,21.600000381469727,20.799999237060547,21.0,21.0,39445
2018-02-22,20.799999237060547,21.200000762939453,20.200000762939453,20.600000381469727,20.600000381469727,59070
2018-02-23,20.600000381469727,20.600000381469727,20.0,20.200000762939453,20.200000762939453,36630
2018-02-26,20.0,21.200000762939453,20.0,21.0,21.0,39640
2018-02-27,20.799999237060547,21.799999237060547,20.200000762939453,20.399999618530273,20.399999618530273,48385
2018-02-28,20.399999618530273,20.799999237060547,20.200000762939453,20.200000762939453,20.200000762939453,21650
2018-03-01,20.200000762939453,20.399999618530273,19.399999618530273,19.799999237060547,19.799999237060547,45655
2018-03-02,19.600000381469727,22.399999618530273,19.600000381469727,22.399999618530273,22.399999618530273,69530
2018-03-05,22.200000762939453,22.399999618530273,21.600000381469727,22.200000762939453,22.200000762939453,28065
2018-03-06,22.399999618530273,22.799999237060547,21.600000381469727,22.600000381469727,22.600000381469727,34980
2018-03-07,22.200000762939453,22.799999237060547,21.399999618530273,21.600000381469727,21.600000381469727,35480
2018-03-08,21.799999237060547,22.799999237060547,21.200000762939453,22.200000762939453,22.200000762939453,32400
2018-03-09,22.600000381469727,23.799999237060547,22.0,23.600000381469727,23.600000381469727,62900
2018-03-12,23.399999618530273,24.799999237060547,22.799999237060547,23.399999618530273,23.399999618530273,49750
2018-03-13,23.600000381469727,23.799999237060547,22.799999237060547,23.399999618530273,23.399999618530273,28755
2018-03-14,23.200000762939453,23.799999237060547,21.0,21.399999618530273,21.399999618530273,32820
2018-03-15,21.399999618530273,21.799999237060547,21.200000762939453,21.600000381469727,21.600000381469727,16115
2018-03-16,21.399999618530273,22.600000381469727,21.399999618530273,22.0,22.0,46000
2018-03-19,22.0,22.200000762939453,21.600000381469727,22.0,22.0,21950
2018-03-20,22.0,22.200000762939453,20.600000381469727,20.799999237060547,20.799999237060547,28950
2018-03-21,20.399999618530273,21.399999618530273,20.399999618530273,20.600000381469727,20.600000381469727,24225
2018-03-22,20.600000381469727,21.0,20.200000762939453,20.600000381469727,20.600000381469727,22140
2018-03-23,20.799999237060547,21.0,20.399999618530273,20.399999618530273,20.399999618530273,27595
2018-03-26,21.0,21.200000762939453,20.399999618530273,20.600000381469727,20.600000381469727,34195
2018-03-27,20.600000381469727,21.0,20.200000762939453,20.200000762939453,20.200000762939453,24230
2018-03-28,20.200000762939453,20.600000381469727,19.399999618530273,20.200000762939453,20.200000762939453,43725
2018-03-29,20.0,20.600000381469727,20.0,20.600000381469727,20.600000381469727,13875
2018-04-02,20.600000381469727,20.600000381469727,18.399999618530273,19.0,19.0,59895
2018-04-03,19.399999618530273,20.200000762939453,19.200000762939453,20.200000762939453,20.200000762939453,33335
2018-04-04,18.200000762939453,20.0,18.200000762939453,19.799999237060547,19.799999237060547,105340
2018-04-05,19.799999237060547,20.200000762939453,18.399999618530273,19.0,19.0,67215
2018-04-06,18.799999237060547,19.799999237060547,18.799999237060547,19.200000762939453,19.200000762939453,42725
2018-04-09,19.399999618530273,20.200000762939453,19.0,19.799999237060547,19.799999237060547,52690
2018-04-10,19.799999237060547,20.799999237060547,19.399999618530273,20.399999618530273,20.399999618530273,54080
2018-04-11,20.399999618530273,21.600000381469727,20.0,20.200000762939453,20.200000762939453,42830
2018-04-12,20.200000762939453,21.200000762939453,19.799999237060547,21.0,21.0,45520
2018-04-13,20.799999237060547,21.0,20.0,20.200000762939453,20.200000762939453,23915
2018-04-16,20.799999237060547,21.0,20.399999618530273,20.600000381469727,20.600000381469727,30020
2018-04-17,20.799999237060547,23.799999237060547,20.399999618530273,22.600000381469727,22.600000381469727,94790
2018-04-18,22.600000381469727,25.0,22.200000762939453,23.799999237060547,23.799999237060547,85615
2018-04-19,24.0,25.600000381469727,22.0,22.399999618530273,22.399999618530273,53310
2018-04-20,22.0,24.200000762939453,22.0,23.600000381469727,23.600000381469727,40050
2018-04-23,23.799999237060547,24.0,22.0,22.600000381469727,22.600000381469727,39460
2018-04-24,22.600000381469727,23.799999237060547,22.399999618530273,22.600000381469727,22.600000381469727,24955
2018-04-25,22.799999237060547,23.399999618530273,22.600000381469727,23.200000762939453,23.200000762939453,12620
2018-04-26,23.200000762939453,24.200000762939453,22.799999237060547,23.600000381469727,23.600000381469727,23100
2018-04-27,23.600000381469727,26.200000762939453,23.600000381469727,25.0,25.0,61515
2018-04-30,25.399999618530273,26.399999618530273,24.399999618530273,24.799999237060547,24.799999237060547,38190
2018-05-01,25.0,25.200000762939453,24.200000762939453,24.799999237060547,24.799999237060547,31620
2018-05-02,25.0,25.200000762939453,24.399999618530273,24.799999237060547,24.799999237060547,18335
2018-05-03,24.799999237060547,25.200000762939453,23.200000762939453,24.0,24.0,38690
2018-05-04,24.0,24.600000381469727,23.399999618530273,24.0,24.0,21005
2018-05-07,24.0,24.799999237060547,23.600000381469727,24.399999618530273,24.399999618530273,20915
2018-05-08,24.600000381469727,24.799999237060547,23.0,23.200000762939453,23.200000762939453,42645
2018-05-09,23.399999618530273,24.200000762939453,23.200000762939453,24.200000762939453,24.200000762939453,26865
2018-05-10,24.399999618530273,27.799999237060547,24.0,26.600000381469727,26.600000381469727,107375
2018-05-11,27.200000762939453,29.799999237060547,26.399999618530273,29.399999618530273,29.399999618530273,91515
2018-05-14,29.799999237060547,34.400001525878906,29.399999618530273,31.0,31.0,173630
2018-05-15,32.0,35.0,31.399999618530273,34.79999923706055,34.79999923706055,137365
2018-05-16,35.79999923706055,36.400001525878906,32.599998474121094,34.0,34.0,124230
2018-05-17,33.20000076293945,35.79999923706055,33.20000076293945,34.79999923706055,34.79999923706055,65015
2018-05-18,35.400001525878906,35.400001525878906,34.0,34.20000076293945,34.20000076293945,41880
2018-05-21,33.79999923706055,35.400001525878906,33.0,35.20000076293945,35.20000076293945,47630
2018-05-22,35.0,40.0,34.79999923706055,39.0,39.0,153360
2018-05-23,39.400001525878906,41.79999923706055,36.400001525878906,39.79999923706055,39.79999923706055,133920
2018-05-24,39.400001525878906,41.599998474121094,35.599998474121094,36.79999923706055,36.79999923706055,102410
2018-05-25,36.20000076293945,38.0,35.599998474121094,37.79999923706055,37.79999923706055,39415
2018-05-29,38.0,38.79999923706055,35.0,36.599998474121094,36.599998474121094,51055
2018-05-30,36.599998474121094,39.0,36.400001525878906,38.599998474121094,38.599998474121094,51425
2018-05-31,38.599998474121094,39.400001525878906,37.20000076293945,39.400001525878906,39.400001525878906,69420
2018-06-01,36.599998474121094,38.400001525878906,26.799999237060547,29.0,29.0,279340
2018-06-04,28.0,28.600000381469727,25.200000762939453,28.0,28.0,135635
2018-06-05,27.399999618530273,29.399999618530273,27.0,28.200000762939453,28.200000762939453,57105
2018-06-06,28.200000762939453,29.399999618530273,27.399999618530273,28.0,28.0,59805
2018-06-07,27.799999237060547,28.200000762939453,25.799999237060547,27.200000762939453,27.200000762939453,64515
2018-06-08,27.200000762939453,28.200000762939453,27.0,27.600000381469727,27.600000381469727,36670
2018-06-11,27.799999237060547,31.200000762939453,27.799999237060547,29.799999237060547,29.799999237060547,112795
2018-06-12,29.799999237060547,30.0,28.799999237060547,29.0,29.0,39795
2018-06-13,29.200000762939453,30.0,28.799999237060547,29.200000762939453,29.200000762939453,46725
2018-06-14,29.399999618530273,30.399999618530273,29.0,30.200000762939453,30.200000762939453,51765
2018-06-15,30.200000762939453,30.600000381469727,29.600000381469727,30.200000762939453,30.200000762939453,56215
2018-06-18,30.399999618530273,30.399999618530273,29.399999618530273,29.799999237060547,29.799999237060547,32520
2018-06-19,29.600000381469727,29.799999237060547,28.0,29.399999618530273,29.399999618530273,33360
2018-06-20,29.399999618530273,31.0,29.200000762939453,30.799999237060547,30.799999237060547,44755
2018-06-21,30.799999237060547,31.0,28.799999237060547,28.799999237060547,28.799999237060547,43980
2018-06-22,28.799999237060547,31.0,28.200000762939453,29.799999237060547,29.799999237060547,84180
2018-06-25,29.600000381469727,29.600000381469727,28.200000762939453,28.399999618530273,28.399999618530273,32340
2018-06-26,28.399999618530273,30.0,28.0,28.200000762939453,28.200000762939453,42700
2018-06-27,28.200000762939453,29.0,27.200000762939453,27.399999618530273,27.399999618530273,25455
2018-06-28,27.200000762939453,27.799999237060547,26.200000762939453,27.799999237060547,27.799999237060547,23500
2018-06-29,27.799999237060547,28.399999618530273,27.200000762939453,28.0,28.0,28135
2018-07-02,27.399999618530273,28.200000762939453,26.200000762939453,27.200000762939453,27.200000762939453,30585
2018-07-03,27.0,28.0,26.799999237060547,27.799999237060547,27.799999237060547,10220
2018-07-05,28.0,28.0,26.399999618530273,26.600000381469727,26.600000381469727,30430
2018-07-06,26.600000381469727,28.399999618530273,26.600000381469727,27.799999237060547,27.799999237060547,40295
2018-07-09,28.0,28.600000381469727,27.200000762939453,27.799999237060547,27.799999237060547,30825
2018-07-10,27.600000381469727,28.799999237060547,27.200000762939453,28.200000762939453,28.200000762939453,28120
2018-07-11,27.799999237060547,28.399999618530273,27.399999618530273,27.600000381469727,27.600000381469727,22490
2018-07-12,27.799999237060547,27.799999237060547,26.399999618530273,27.0,27.0,33440
2018-07-13,27.0,28.0,26.600000381469727,26.799999237060547,26.799999237060547,27325
2018-07-16,26.399999618530273,27.200000762939453,26.200000762939453,27.0,27.0,21365
2018-07-17,27.200000762939453,27.600000381469727,26.399999618530273,26.799999237060547,26.799999237060547,22690
2018-07-18,26.600000381469727,27.600000381469727,26.200000762939453,27.399999618530273,27.399999618530273,16820
2018-07-19,27.399999618530273,28.0,26.399999618530273,26.399999618530273,26.399999618530273,37140
2018-07-20,26.200000762939453,27.0,25.200000762939453,25.600000381469727,25.600000381469727,51810
2018-07-23,25.200000762939453,26.600000381469727,25.200000762939453,26.399999618530273,26.399999618530273,26740
2018-07-24,26.200000762939453,27.0,26.0,26.0,26.0,28895
2018-07-25,25.799999237060547,26.200000762939453,25.399999618530273,26.0,26.0,24025
2018-07-26,25.799999237060547,27.0,25.600000381469727,25.799999237060547,25.799999237060547,30000
2018-07-27,25.600000381469727,26.399999618530273,24.200000762939453,24.200000762939453,24.200000762939453,37510
2018-07-30,24.0,25.399999618530273,21.600000381469727,23.399999618530273,23.399999618530273,69245
2018-07-31,22.600000381469727,24.399999618530273,21.799999237060547,23.799999237060547,23.799999237060547,36975
2018-08-01,23.799999237060547,25.200000762939453,23.399999618530273,24.600000381469727,24.600000381469727,21035
2018-08-02,24.200000762939453,25.200000762939453,23.399999618530273,25.0,25.0,16525
2018-08-03,25.0,25.799999237060547,23.600000381469727,24.600000381469727,24.600000381469727,32940
2018-08-06,24.600000381469727,25.0,24.399999618530273,24.799999237060547,24.799999237060547,16585
2018-08-07,24.600000381469727,25.200000762939453,24.399999618530273,24.799999237060547,24.799999237060547,31270
2018-08-08,24.600000381469727,26.399999618530273,24.399999618530273,26.0,26.0,28720
2018-08-09,26.0,27.600000381469727,26.0,27.399999618530273,27.399999618530273,39575
2018-08-10,26.600000381469727,26.799999237060547,22.0,22.600000381469727,22.600000381469727,83650
2018-08-13,22.399999618530273,22.799999237060547,21.600000381469727,21.799999237060547,21.799999237060547,33555
2018-08-14,22.0,22.600000381469727,21.0,22.399999618530273,22.399999618530273,38615
2018-08-15,22.200000762939453,22.799999237060547,21.799999237060547,22.799999237060547,22.799999237060547,18220
2018-08-16,22.600000381469727,23.799999237060547,22.0,23.200000762939453,23.200000762939453,24140
2018-08-17,23.200000762939453,25.399999618530273,22.600000381469727,25.200000762939453,25.200000762939453,31020
2018-08-20,25.600000381469727,25.600000381469727,23.0,25.200000762939453,25.200000762939453,37100
2018-08-21,24.799999237060547,25.399999618530273,24.200000762939453,24.399999618530273,24.399999618530273,20750
2018-08-22,24.200000762939453,25.200000762939453,24.200000762939453,24.600000381469727,24.600000381469727,24650
2018-08-23,24.399999618530273,25.0,24.200000762939453,24.600000381469727,24.600000381469727,15380
2018-08-24,24.399999618530273,25.600000381469727,24.200000762939453,25.200000762939453,25.200000762939453,32205
2018-08-27,24.799999237060547,25.600000381469727,24.799999237060547,25.200000762939453,25.200000762939453,31835
2018-08-28,25.200000762939453,26.200000762939453,25.200000762939453,25.799999237060547,25.799999237060547,37705
2018-08-29,25.399999618530273,26.799999237060547,25.399999618530273,26.399999618530273,26.399999618530273,33315
2018-08-30,26.200000762939453,26.399999618530273,25.600000381469727,25.799999237060547,25.799999237060547,28180
2018-08-31,26.0,26.600000381469727,25.600000381469727,25.799999237060547,25.799999237060547,40695
2018-09-04,26.0,26.200000762939453,25.600000381469727,26.0,26.0,26310
2018-09-05,26.0,26.200000762939453,25.399999618530273,25.399999618530273,25.399999618530273,15710
2018-09-06,25.600000381469727,25.799999237060547,24.600000381469727,24.799999237060547,24.799999237060547,21355
2018-09-07,24.600000381469727,25.0,24.399999618530273,24.799999237060547,24.799999237060547,27410
2018-09-10,24.799999237060547,24.799999237060547,23.600000381469727,24.399999618530273,24.399999618530273,19635
2018-09-11,24.0,24.600000381469727,23.799999237060547,24.0,24.0,21875
2018-09-12,24.0,24.600000381469727,23.399999618530273,23.600000381469727,23.600000381469727,26080
2018-09-13,23.600000381469727,25.0,23.399999618530273,24.200000762939453,24.200000762939453,25575
2018-09-14,24.200000762939453,24.799999237060547,23.600000381469727,24.0,24.0,17845
2018-09-17,24.0,24.399999618530273,23.399999618530273,23.799999237060547,23.799999237060547,31895
2018-09-18,23.600000381469727,24.200000762939453,22.799999237060547,24.0,24.0,22555
2018-09-19,23.799999237060547,24.600000381469727,23.0,23.200000762939453,23.200000762939453,28125
2018-09-20,23.399999618530273,24.0,23.200000762939453,23.799999237060547,23.799999237060547,17200
2018-09-21,23.600000381469727,24.399999618530273,22.799999237060547,22.799999237060547,22.799999237060547,80945
2018-09-24,22.399999618530273,24.200000762939453,22.399999618530273,23.799999237060547,23.799999237060547,36590
2018-09-25,24.0,24.200000762939453,22.799999237060547,22.799999237060547,22.799999237060547,26465
2018-09-26,22.799999237060547,23.799999237060547,22.600000381469727,23.399999618530273,23.399999618530273,23585
2018-09-27,23.399999618530273,23.399999618530273,22.799999237060547,23.200000762939453,23.200000762939453,13800
2018-09-28,23.200000762939453,23.600000381469727,22.600000381469727,23.0,23.0,21560
2018-10-01,22.799999237060547,23.799999237060547,22.799999237060547,23.200000762939453,23.200000762939453,20555
2018-10-02,23.0,23.399999618530273,22.799999237060547,22.799999237060547,22.799999237060547,14230
2018-10-03,22.799999237060547,23.399999618530273,22.600000381469727,23.200000762939453,23.200000762939453,31720
2018-10-04,23.0,23.200000762939453,22.200000762939453,22.600000381469727,22.600000381469727,27435
2018-10-05,23.200000762939453,23.200000762939453,22.0,22.399999618530273,22.399999618530273,18135
2018-10-08,22.0,22.799999237060547,22.0,22.200000762939453,22.200000762939453,15070
2018-10-09,22.0,23.600000381469727,22.0,23.0,23.0,30535
2018-10-10,22.799999237060547,23.799999237060547,22.0,22.0,22.0,23310
2018-10-11,21.799999237060547,22.200000762939453,21.0,21.0,21.0,31655
2018-10-12,21.200000762939453,22.0,21.0,21.600000381469727,21.600000381469727,27670
2018-10-15,21.600000381469727,22.799999237060547,21.200000762939453,22.0,22.0,24060
2018-10-16,22.0,22.799999237060547,21.799999237060547,22.0,22.0,28820
2018-10-17,22.0,22.399999618530273,21.200000762939453,21.799999237060547,21.799999237060547,23980
2018-10-18,21.399999618530273,22.399999618530273,21.200000762939453,21.600000381469727,21.600000381469727,13330
2018-10-19,21.399999618530273,22.399999618530273,21.200000762939453,21.799999237060547,21.799999237060547,26570
2018-10-22,21.799999237060547,22.399999618530273,21.600000381469727,21.600000381469727,21.600000381469727,8895
2018-10-23,21.799999237060547,22.200000762939453,21.0,21.200000762939453,21.200000762939453,38230
2018-10-24,21.0,21.600000381469727,20.200000762939453,20.399999618530273,20.399999618530273,24960
2018-10-25,20.200000762939453,21.200000762939453,20.0,20.799999237060547,20.799999237060547,21290
2018-10-26,20.399999618530273,21.200000762939453,20.0,21.0,21.0,17965
2018-10-29,20.799999237060547,20.799999237060547,20.0,20.399999618530273,20.399999618530273,17425
2018-10-30,20.200000762939453,20.600000381469727,20.0,20.200000762939453,20.200000762939453,29580
2018-10-31,20.399999618530273,20.600000381469727,19.799999237060547,20.200000762939453,20.200000762939453,32960
2018-11-01,20.399999618530273,21.600000381469727,20.200000762939453,21.600000381469727,21.600000381469727,31910
2018-11-02,21.600000381469727,21.799999237060547,21.200000762939453,21.600000381469727,21.600000381469727,18330
2018-11-05,21.799999237060547,22.399999618530273,20.799999237060547,21.0,21.0,19445
2018-11-06,20.799999237060547,22.0,20.799999237060547,21.799999237060547,21.799999237060547,17900
2018-11-07,21.799999237060547,23.399999618530273,21.600000381469727,22.600000381469727,22.600000381469727,34220
2018-11-08,25.399999618530273,25.399999618530273,22.600000381469727,23.200000762939453,23.200000762939453,50250
2018-11-09,23.600000381469727,23.600000381469727,22.600000381469727,22.799999237060547,22.799999237060547,25310
2018-11-12,23.200000762939453,23.799999237060547,22.0,22.200000762939453,22.200000762939453,18235
2018-11-13,22.200000762939453,22.799999237060547,22.200000762939453,22.399999618530273,22.399999618530273,9365
2018-11-14,22.399999618530273,23.0,21.799999237060547,22.0,22.0,19285
2018-11-15,22.0,22.399999618530273,20.200000762939453,21.799999237060547,21.799999237060547,20640
2018-11-16,21.399999618530273,22.200000762939453,20.600000381469727,21.200000762939453,21.200000762939453,20100
2018-11-19,21.0,21.600000381469727,19.799999237060547,20.0,20.0,30860
2018-11-20,20.0,20.399999618530273,18.0,19.0,19.0,45510
2018-11-21,19.399999618530273,21.0,19.200000762939453,20.600000381469727,20.600000381469727,27310
2018-11-23,20.200000762939453,21.0,20.0,20.399999618530273,20.399999618530273,6960
2018-11-26,20.600000381469727,21.0,20.200000762939453,20.200000762939453,20.200000762939453,13135
2018-11-27,20.0,20.600000381469727,19.399999618530273,20.200000762939453,20.200000762939453,14830
2018-11-28,19.600000381469727,20.600000381469727,19.200000762939453,20.0,20.0,32320
2018-11-29,20.0,20.600000381469727,19.799999237060547,20.200000762939453,20.200000762939453,11690
2018-11-30,20.0,20.600000381469727,19.399999618530273,19.399999618530273,19.399999618530273,45480
2018-12-03,19.799999237060547,20.799999237060547,19.600000381469727,20.600000381469727,20.600000381469727,24495
2018-12-04,20.0,20.799999237060547,20.0,20.200000762939453,20.200000762939453,29845
2018-12-06,19.799999237060547,20.600000381469727,19.399999618530273,20.200000762939453,20.200000762939453,17925
2018-12-07,20.0,20.799999237060547,20.0,20.600000381469727,20.600000381469727,19935
2018-12-10,20.399999618530273,20.799999237060547,19.799999237060547,20.600000381469727,20.600000381469727,13375
2018-12-11,20.799999237060547,20.799999237060547,20.200000762939453,20.600000381469727,20.600000381469727,14360
2018-12-12,20.600000381469727,21.0,20.399999618530273,20.799999237060547,20.799999237060547,19865
2018-12-13,20.799999237060547,21.200000762939453,20.399999618530273,20.600000381469727,20.600000381469727,19410
2018-12-14,20.200000762939453,20.399999618530273,19.600000381469727,20.0,20.0,22410
2018-12-17,20.0,20.399999618530273,20.0,20.0,20.0,23790
2018-12-18,20.200000762939453,20.399999618530273,19.600000381469727,19.600000381469727,19.600000381469727,24665
2018-12-19,19.399999618530273,20.200000762939453,19.399999618530273,19.799999237060547,19.799999237060547,22150
2018-12-20,20.0,20.200000762939453,18.600000381469727,19.799999237060547,19.799999237060547,40345
2018-12-21,19.0,20.200000762939453,19.0,19.200000762939453,19.200000762939453,55350
2018-12-24,19.0,19.600000381469727,18.0,18.600000381469727,18.600000381469727,25895
2018-12-26,19.0,19.600000381469727,18.399999618530273,19.399999618530273,19.399999618530273,42715
2018-12-27,18.799999237060547,20.200000762939453,18.399999618530273,19.399999618530273,19.399999618530273,36500
2018-12-28,19.399999618530273,20.200000762939453,19.200000762939453,19.799999237060547,19.799999237060547,32550
2018-12-31,19.600000381469727,20.200000762939453,18.200000762939453,19.200000762939453,19.200000762939453,50190
2019-01-02,18.600000381469727,20.200000762939453,18.200000762939453,20.0,20.0,35930
2019-01-03,20.0,20.600000381469727,19.200000762939453,19.799999237060547,19.799999237060547,19845
2019-01-04,20.0,20.399999618530273,19.799999237060547,20.200000762939453,20.200000762939453,18330
2019-01-07,20.200000762939453,21.0,20.0,20.799999237060547,20.799999237060547,23610
2019-01-08,21.0,21.399999618530273,20.799999237060547,21.200000762939453,21.200000762939453,27330
2019-01-09,21.399999618530273,22.0,21.399999618530273,22.0,22.0,32125
2019-01-10,22.200000762939453,23.200000762939453,21.399999618530273,21.600000381469727,21.600000381469727,44230
2019-01-11,21.799999237060547,22.399999618530273,20.0,21.399999618530273,21.399999618530273,38185
2019-01-14,20.799999237060547,21.399999618530273,20.399999618530273,20.799999237060547,20.799999237060547,29685
2019-01-15,20.799999237060547,22.0,20.600000381469727,21.600000381469727,21.600000381469727,24910
2019-01-16,21.600000381469727,23.0,21.600000381469727,22.399999618530273,22.399999618530273,61600
2019-01-17,22.200000762939453,23.0,22.0,22.399999618530273,22.399999618530273,19710
2019-01-18,22.399999618530273,22.799999237060547,20.600000381469727,20.600000381469727,20.600000381469727,43795
2019-01-22,21.0,21.0,19.600000381469727,19.600000381469727,19.600000381469727,32285
2019-01-23,19.799999237060547,20.200000762939453,19.200000762939453,19.600000381469727,19.600000381469727,30515
2019-01-24,19.600000381469727,20.399999618530273,19.600000381469727,20.200000762939453,20.200000762939453,12895
2019-01-25,20.399999618530273,20.399999618530273,20.0,20.200000762939453,20.200000762939453,16435
2019-01-28,20.0,20.200000762939453,19.600000381469727,19.799999237060547,19.799999237060547,16840
2019-01-29,19.799999237060547,20.200000762939453,19.799999237060547,20.200000762939453,20.200000762939453,17650
2019-01-30,20.0,20.600000381469727,20.0,20.399999618530273,20.399999618530273,22520
2019-01-31,20.200000762939453,20.600000381469727,20.200000762939453,20.200000762939453,20.200000762939453,17545
2019-02-01,20.200000762939453,20.399999618530273,19.799999237060547,20.200000762939453,20.200000762939453,23035
2019-02-04,20.0,20.399999618530273,20.0,20.200000762939453,20.200000762939453,10975
2019-02-05,20.399999618530273,20.600000381469727,20.200000762939453,20.200000762939453,20.200000762939453,12795
2019-02-06,20.399999618530273,20.600000381469727,19.0,19.600000381469727,19.600000381469727,64665
2019-02-07,19.799999237060547,20.0,19.399999618530273,19.799999237060547,19.799999237060547,43035
2019-02-08,20.0,20.200000762939453,19.0,20.0,20.0,31740
2019-02-11,20.0,20.200000762939453,19.600000381469727,20.0,20.0,12710
2019-02-12,20.200000762939453,20.399999618530273,20.200000762939453,20.399999618530273,20.399999618530273,20545
2019-02-13,20.200000762939453,22.200000762939453,20.200000762939453,21.600000381469727,21.600000381469727,51885
2019-02-14,21.399999618530273,21.799999237060547,20.799999237060547,21.200000762939453,21.200000762939453,24235
2019-02-15,21.600000381469727,21.799999237060547,21.200000762939453,21.399999618530273,21.399999618530273,23445
2019-02-19,21.200000762939453,22.0,21.0,21.399999618530273,21.399999618530273,27895
2019-02-20,21.600000381469727,21.799999237060547,20.600000381469727,21.399999618530273,21.399999618530273,23590
2019-02-21,21.600000381469727,21.799999237060547,21.0,21.399999618530273,21.399999618530273,16205
2019-02-22,21.600000381469727,22.799999237060547,21.200000762939453,22.600000381469727,22.600000381469727,66555
2019-02-25,22.600000381469727,23.600000381469727,22.0,22.799999237060547,22.799999237060547,43630
2019-02-26,22.799999237060547,23.399999618530273,21.399999618530273,21.399999618530273,21.399999618530273,36215
2019-02-27,21.399999618530273,22.399999618530273,20.399999618530273,21.200000762939453,21.200000762939453,42090
2019-02-28,21.200000762939453,22.200000762939453,21.200000762939453,21.200000762939453,21.200000762939453,18125
2019-03-01,21.200000762939453,22.600000381469727,20.799999237060547,22.200000762939453,22.200000762939453,23825
2019-03-04,22.0,23.200000762939453,21.399999618530273,22.200000762939453,22.200000762939453,23085
2019-03-05,22.200000762939453,22.600000381469727,22.0,22.399999618530273,22.399999618530273,31770
2019-03-06,22.200000762939453,22.399999618530273,20.799999237060547,21.0,21.0,35245
2019-03-07,21.200000762939453,21.600000381469727,21.0,21.200000762939453,21.200000762939453,13380
2019-03-08,21.0,21.399999618530273,20.600000381469727,20.600000381469727,20.600000381469727,23135
2019-03-11,20.600000381469727,21.200000762939453,20.600000381469727,21.200000762939453,21.200000762939453,19220
2019-03-12,21.0,22.399999618530273,21.0,21.399999618530273,21.399999618530273,29315
2019-03-13,21.399999618530273,22.0,21.399999618530273,22.0,22.0,20285
2019-03-14,21.399999618530273,22.0,21.399999618530273,21.600000381469727,21.600000381469727,27600
2019-03-15,21.399999618530273,22.0,21.0,21.0,21.0,71250
2019-03-18,21.0,21.799999237060547,21.0,21.600000381469727,21.600000381469727,29695
2019-03-19,21.399999618530273,22.399999618530273,21.399999618530273,22.0,22.0,48170
2019-03-20,21.600000381469727,22.399999618530273,21.399999618530273,21.600000381469727,21.600000381469727,50715
2019-03-21,21.600000381469727,22.399999618530273,21.600000381469727,22.200000762939453,22.200000762939453,47775
2019-03-22,22.0,22.799999237060547,21.399999618530273,21.600000381469727,21.600000381469727,57840
2019-03-25,21.399999618530273,21.799999237060547,21.200000762939453,21.399999618530273,21.399999618530273,26470
2019-03-26,21.399999618530273,22.0,19.799999237060547,20.0,20.0,179715
2019-03-27,20.399999618530273,20.799999237060547,19.200000762939453,19.600000381469727,19.600000381469727,69955
2019-03-28,19.600000381469727,20.0,19.600000381469727,20.0,20.0,18005
2019-03-29,20.399999618530273,20.399999618530273,19.399999618530273,19.799999237060547,19.799999237060547,28820
2019-04-01,20.600000381469727,20.600000381469727,19.200000762939453,19.399999618530273,19.399999618530273,51425
2019-04-02,19.399999618530273,19.600000381469727,19.200000762939453,19.600000381469727,19.600000381469727,33515
2019-04-03,19.600000381469727,19.799999237060547,19.200000762939453,19.600000381469727,19.600000381469727,19040
2019-04-04,19.600000381469727,20.200000762939453,19.399999618530273,20.200000762939453,20.200000762939453,30605
2019-04-05,20.200000762939453,20.200000762939453,20.0,20.200000762939453,20.200000762939453,13895
2019-04-08,20.399999618530273,20.399999618530273,19.600000381469727,20.0,20.0,32995
2019-04-09,19.799999237060547,20.399999618530273,19.600000381469727,20.0,20.0,26335
2019-04-10,20.0,21.0,19.799999237060547,20.799999237060547,20.799999237060547,21645
2019-04-11,21.0,21.0,19.600000381469727,19.799999237060547,19.799999237060547,31335
2019-04-12,19.799999237060547,20.399999618530273,19.799999237060547,20.200000762939453,20.200000762939453,13980
2019-04-15,20.200000762939453,20.799999237060547,19.600000381469727,20.0,20.0,21420
2019-04-16,19.799999237060547,20.399999618530273,19.799999237060547,20.0,20.0,34800
2019-04-17,19.799999237060547,20.600000381469727,19.799999237060547,20.399999618530273,20.399999618530273,26200
2019-04-18,20.0,20.799999237060547,19.600000381469727,20.200000762939453,20.200000762939453,49780
2019-04-22,20.399999618530273,20.600000381469727,19.799999237060547,20.200000762939453,20.200000762939453,25270
2019-04-23,20.399999618530273,20.399999618530273,19.600000381469727,20.200000762939453,20.200000762939453,34940
2019-04-24,20.0,20.200000762939453,19.600000381469727,20.0,20.0,13140
2019-04-25,20.0,20.0,19.600000381469727,19.799999237060547,19.799999237060547,16425
2019-04-26,20.0,20.200000762939453,19.600000381469727,20.200000762939453,20.200000762939453,21575
2019-04-29,20.200000762939453,20.200000762939453,19.799999237060547,20.200000762939453,20.200000762939453,14915
2019-04-30,20.0,20.200000762939453,19.399999618530273,20.0,20.0,36330
2019-05-01,19.799999237060547,20.200000762939453,19.600000381469727,20.200000762939453,20.200000762939453,14330
2019-05-02,20.0,20.0,19.399999618530273,19.799999237060547,19.799999237060547,37270
2019-05-03,19.799999237060547,20.399999618530273,19.600000381469727,20.0,20.0,23510
2019-05-06,19.600000381469727,20.200000762939453,19.600000381469727,20.0,20.0,13600
2019-05-07,19.600000381469727,20.399999618530273,19.600000381469727,20.200000762939453,20.200000762939453,33050
2019-05-08,20.0,20.600000381469727,20.0,20.399999618530273,20.399999618530273,26955
2019-05-09,20.399999618530273,20.600000381469727,19.799999237060547,19.799999237060547,19.799999237060547,21085
2019-05-10,19.799999237060547,20.200000762939453,19.799999237060547,20.200000762939453,20.200000762939453,25690
2019-05-13,20.0,20.0,19.600000381469727,19.600000381469727,19.600000381469727,18750
2019-05-14,19.600000381469727,20.0,19.399999618530273,19.399999618530273,19.399999618530273,26185
2019-05-15,19.600000381469727,19.799999237060547,19.399999618530273,19.399999618530273,19.399999618530273,18520
2019-05-16,19.799999237060547,19.799999237060547,19.200000762939453,19.399999618530273,19.399999618530273,24900
2019-05-17,19.399999618530273,20.0,19.399999618530273,19.799999237060547,19.799999237060547,20635
2019-05-20,20.0,20.0,19.399999618530273,19.399999618530273,19.399999618530273,25080
2019-05-21,19.399999618530273,19.799999237060547,18.399999618530273,19.0,19.0,34385
2019-05-22,18.600000381469727,19.0,17.200000762939453,18.0,18.0,65955
2019-05-23,15.0,15.399999618530273,10.399999618530273,10.800000190734863,10.800000190734863,187285
2019-05-24,9.0,9.399999618530273,7.400000095367432,9.399999618530273,9.399999618530273,435770
2019-05-28,11.399999618530273,11.600000381469727,9.0,9.199999809265137,9.199999809265137,164855
2019-05-29,9.600000381469727,9.600000381469727,7.599999904632568,8.0,8.0,226260
2019-05-30,17.600000381469727,21.0,14.399999618530273,16.200000762939453,16.200000762939453,2373025
2019-05-31,13.800000190734863,14.199999809265137,10.199999809265137,11.0,11.0,399760
2019-06-03,12.199999809265137,12.199999809265137,9.399999618530273,11.199999809265137,11.199999809265137,174420
2019-06-04,10.399999618530273,11.0,10.0,10.800000190734863,10.800000190734863,104955
2019-06-05,10.600000381469727,10.800000190734863,9.600000381469727,9.600000381469727,9.600000381469727,137400
2019-06-06,9.600000381469727,10.0,8.800000190734863,8.800000190734863,8.800000190734863,88445
2019-06-07,9.0,9.800000190734863,8.600000381469727,9.199999809265137,9.199999809265137,84365
2019-06-10,9.199999809265137,12.199999809265137,8.800000190734863,11.399999618530273,11.399999618530273,222840
2019-06-11,11.600000381469727,12.0,10.0,10.199999809265137,10.199999809265137,125595
2019-06-12,10.0,10.399999618530273,9.800000190734863,10.199999809265137,10.199999809265137,56705
2019-06-13,10.199999809265137,10.600000381469727,9.800000190734863,10.199999809265137,10.199999809265137,50475
2019-06-14,10.199999809265137,10.399999618530273,9.600000381469727,9.800000190734863,9.800000190734863,71935
2019-06-17,10.0,10.0,9.199999809265137,9.199999809265137,9.199999809265137,71890
2019-06-18,9.399999618530273,9.800000190734863,9.0,9.199999809265137,9.199999809265137,52610
2019-06-19,9.399999618530273,10.0,9.199999809265137,9.199999809265137,9.199999809265137,105655
2019-06-20,9.399999618530273,9.399999618530273,9.0,9.0,9.0,68910
2019-06-21,9.0,9.199999809265137,8.600000381469727,8.800000190734863,8.800000190734863,66190
2019-06-24,8.800000190734863,9.0,8.0,9.0,9.0,71195
2019-06-25,9.0,9.0,8.399999618530273,8.399999618530273,8.399999618530273,37995
2019-06-26,8.600000381469727,9.0,8.399999618530273,8.399999618530273,8.399999618530273,49665
2019-06-27,8.399999618530273,9.399999618530273,8.399999618530273,8.800000190734863,8.800000190734863,68110
2019-06-28,8.800000190734863,11.0,8.600000381469727,10.399999618530273,10.399999618530273,1092345
2019-07-01,10.600000381469727,10.800000190734863,9.600000381469727,9.800000190734863,9.800000190734863,63430
2019-07-02,10.0,10.0,9.199999809265137,9.800000190734863,9.800000190734863,64005
2019-07-03,9.800000190734863,9.800000190734863,9.199999809265137,9.399999618530273,9.399999618530273,14085
2019-07-05,9.399999618530273,9.800000190734863,9.199999809265137,9.600000381469727,9.600000381469727,56060
2019-07-08,9.199999809265137,9.800000190734863,9.199999809265137,9.800000190734863,9.800000190734863,29205
2019-07-09,9.600000381469727,10.399999618530273,9.399999618530273,10.199999809265137,10.199999809265137,33255
2019-07-10,10.199999809265137,10.600000381469727,9.600000381469727,9.600000381469727,9.600000381469727,44855
2019-07-11,9.399999618530273,11.0,9.399999618530273,10.800000190734863,10.800000190734863,43950
2019-07-12,10.800000190734863,10.800000190734863,10.0,10.199999809265137,10.199999809265137,32125
2019-07-15,10.199999809265137,10.600000381469727,9.800000190734863,10.0,10.0,15905
2019-07-16,10.0,10.600000381469727,10.0,10.399999618530273,10.399999618530273,32220
2019-07-17,10.199999809265137,10.399999618530273,9.800000190734863,9.800000190734863,9.800000190734863,21515
2019-07-18,9.800000190734863,10.199999809265137,9.600000381469727,9.600000381469727,9.600000381469727,50825
2019-07-19,9.800000190734863,10.199999809265137,9.199999809265137,9.199999809265137,9.199999809265137,35040
2019-07-22,9.600000381469727,9.800000190734863,9.199999809265137,9.199999809265137,9.199999809265137,21580
2019-07-23,9.199999809265137,9.399999618530273,9.0,9.0,9.0,15900
2019-07-24,9.199999809265137,9.199999809265137,8.800000190734863,9.0,9.0,25335
2019-07-25,9.0,9.199999809265137,8.800000190734863,8.800000190734863,8.800000190734863,14315
2019-07-26,9.0,9.0,8.800000190734863,8.800000190734863,8.800000190734863,25865
2019-07-29,8.800000190734863,8.800000190734863,8.399999618530273,8.399999618530273,8.399999618530273,70135
2019-07-30,8.399999618530273,8.800000190734863,8.399999618530273,8.399999618530273,8.399999618530273,18900
2019-07-31,8.600000381469727,8.800000190734863,8.199999809265137,8.199999809265137,8.199999809265137,35320
2019-08-01,8.199999809265137,8.800000190734863,8.199999809265137,8.600000381469727,8.600000381469727,42810
2019-08-02,8.600000381469727,8.600000381469727,7.599999904632568,8.0,8.0,34145
2019-08-05,8.199999809265137,8.199999809265137,7.800000190734863,8.0,8.0,23670
2019-08-06,8.0,8.199999809265137,7.599999904632568,7.800000190734863,7.800000190734863,20125
2019-08-07,7.599999904632568,8.600000381469727,4.400000095367432,5.599999904632568,5.599999904632568,384255
2019-08-08,5.0,5.400000095367432,4.800000190734863,5.199999809265137,5.199999809265137,129870
2019-08-09,5.0,5.599999904632568,5.0,5.400000095367432,5.400000095367432,82140
2019-08-12,5.0,5.599999904632568,5.0,5.400000095367432,5.400000095367432,40040
2019-08-13,5.199999809265137,6.199999809265137,5.199999809265137,5.400000095367432,5.400000095367432,63855
2019-08-14,5.400000095367432,5.800000190734863,5.400000095367432,5.400000095367432,5.400000095367432,26035
2019-08-15,5.400000095367432,5.800000190734863,5.400000095367432,5.599999904632568,5.599999904632568,20205
2019-08-16,5.800000190734863,5.800000190734863,5.599999904632568,5.800000190734863,5.800000190734863,16795
2019-08-19,6.199999809265137,6.199999809265137,6.0,6.0,6.0,15185
2019-08-20,6.0,6.0,5.599999904632568,5.800000190734863,5.800000190734863,21725
2019-08-21,6.0,6.0,5.599999904632568,5.800000190734863,5.800000190734863,19900
2019-08-22,5.599999904632568,5.800000190734863,5.599999904632568,5.800000190734863,5.800000190734863,17835
2019-08-23,6.0,6.0,5.400000095367432,5.599999904632568,5.599999904632568,25595
2019-08-26,5.599999904632568,5.800000190734863,5.400000095367432,5.400000095367432,5.400000095367432,17165
2019-08-27,5.400000095367432,5.800000190734863,5.0,5.0,5.0,18055
2019-08-28,5.199999809265137,5.599999904632568,5.199999809265137,5.199999809265137,5.199999809265137,19930
2019-08-29,5.400000095367432,5.599999904632568,5.199999809265137,5.199999809265137,5.199999809265137,17585
2019-08-30,5.400000095367432,5.400000095367432,5.0,5.199999809265137,5.199999809265137,20475
2019-09-03,5.0,5.599999904632568,5.0,5.199999809265137,5.199999809265137,49300
2019-09-04,5.199999809265137,5.199999809265137,5.0,5.0,5.0,26955
2019-09-05,5.0,5.400000095367432,4.800000190734863,5.400000095367432,5.400000095367432,19715
2019-09-06,5.400000095367432,5.800000190734863,5.0,5.199999809265137,5.199999809265137,31505
2019-09-09,5.400000095367432,5.800000190734863,5.400000095367432,5.800000190734863,5.800000190734863,16460
2019-09-10,5.800000190734863,6.0,5.400000095367432,5.800000190734863,5.800000190734863,15805
2019-09-11,6.0,6.199999809265137,5.599999904632568,5.800000190734863,5.800000190734863,27310
2019-09-12,6.0,6.400000095367432,6.0,6.0,6.0,20170
2019-09-13,6.0,6.199999809265137,5.599999904632568,5.800000190734863,5.800000190734863,15500
2019-09-16,5.800000190734863,5.800000190734863,5.599999904632568,5.800000190734863,5.800000190734863,9425
2019-09-17,5.599999904632568,5.800000190734863,5.599999904632568,5.599999904632568,5.599999904632568,19210
2019-09-18,5.599999904632568,5.599999904632568,5.400000095367432,5.400000095367432,5.400000095367432,5805
2019-09-19,5.400000095367432,6.0,5.400000095367432,5.800000190734863,5.800000190734863,13410
2019-09-20,6.0,6.0,5.400000095367432,5.599999904632568,5.599999904632568,13015
2019-09-23,5.599999904632568,5.599999904632568,5.0,5.199999809265137,5.199999809265137,22160
2019-09-24,5.199999809265137,5.599999904632568,5.199999809265137,5.199999809265137,5.199999809265137,22790
2019-09-25,5.199999809265137,5.599999904632568,5.199999809265137,5.199999809265137,5.199999809265137,14785
2019-09-26,5.400000095367432,5.400000095367432,5.199999809265137,5.400000095367432,5.400000095367432,15775
2019-09-27,5.400000095367432,5.599999904632568,5.199999809265137,5.400000095367432,5.400000095367432,17140
2019-09-30,5.400000095367432,5.599999904632568,5.199999809265137,5.199999809265137,5.199999809265137,12155
2019-10-01,5.199999809265137,5.400000095367432,5.0,5.199999809265137,5.199999809265137,27385
2019-10-02,5.400000095367432,6.800000190734863,5.400000095367432,5.599999904632568,5.599999904632568,184825
2019-10-03,6.0,6.199999809265137,5.599999904632568,6.0,6.0,36200
2019-10-04,6.0,6.400000095367432,5.400000095367432,5.599999904632568,5.599999904632568,30125
2019-10-07,5.599999904632568,6.0,5.599999904632568,6.0,6.0,19110
2019-10-08,6.0,6.0,5.599999904632568,5.800000190734863,5.800000190734863,12160
2019-10-09,5.800000190734863,6.0,5.400000095367432,5.400000095367432,5.400000095367432,23455
2019-10-10,5.800000190734863,5.800000190734863,5.400000095367432,5.400000095367432,5.400000095367432,10030
2019-10-11,5.400000095367432,5.599999904632568,5.400000095367432,5.599999904632568,5.599999904632568,8925
2019-10-14,5.599999904632568,6.0,5.400000095367432,6.0,6.0,22315
2019-10-15,5.599999904632568,6.199999809265137,5.599999904632568,6.0,6.0,24045
2019-10-16,5.800000190734863,6.0,5.599999904632568,5.599999904632568,5.599999904632568,23380
2019-10-17,5.599999904632568,5.800000190734863,5.599999904632568,5.599999904632568,5.599999904632568,9745
2019-10-18,5.599999904632568,5.800000190734863,5.599999904632568,5.599999904632568,5.599999904632568,8010
2019-10-21,5.599999904632568,5.800000190734863,5.599999904632568,5.599999904632568,5.599999904632568,7305
2019-10-22,5.599999904632568,5.800000190734863,5.199999809265137,5.400000095367432,5.400000095367432,27530
2019-10-23,5.400000095367432,5.400000095367432,5.199999809265137,5.199999809265137,5.199999809265137,21245
2019-10-24,5.400000095367432,5.400000095367432,5.199999809265137,5.400000095367432,5.400000095367432,10015
2019-10-25,5.400000095367432,5.400000095367432,5.199999809265137,5.199999809265137,5.199999809265137,18680
2019-10-28,5.199999809265137,5.599999904632568,5.199999809265137,5.400000095367432,5.400000095367432,30320
2019-10-29,5.400000095367432,5.800000190734863,5.400000095367432,5.800000190734863,5.800000190734863,28350
2019-10-30,5.400000095367432,6.0,5.400000095367432,5.800000190734863,5.800000190734863,23160
2019-10-31,5.800000190734863,6.199999809265137,5.800000190734863,6.0,6.0,22040
2019-11-01,6.199999809265137,8.0,6.199999809265137,7.800000190734863,7.800000190734863,129415
2019-11-04,8.199999809265137,8.399999618530273,7.400000095367432,8.0,8.0,62940
2019-11-05,8.399999618530273,8.399999618530273,7.400000095367432,8.0,8.0,34255
2019-11-06,8.0,8.399999618530273,7.400000095367432,7.599999904632568,7.599999904632568,31990
2019-11-07,8.0,8.0,7.599999904632568,7.800000190734863,7.800000190734863,13655
2019-11-08,7.400000095367432,8.0,7.199999809265137,7.800000190734863,7.800000190734863,22720
2019-11-11,7.400000095367432,7.800000190734863,7.199999809265137,7.599999904632568,7.599999904632568,12450
2019-11-12,7.599999904632568,8.199999809265137,7.599999904632568,7.800000190734863,7.800000190734863,17945
2019-11-13,7.800000190734863,8.0,7.400000095367432,7.400000095367432,7.400000095367432,16310
2019-11-14,7.400000095367432,7.800000190734863,7.400000095367432,7.599999904632568,7.599999904632568,16125
2019-11-15,7.400000095367432,9.0,7.400000095367432,8.800000190734863,8.800000190734863,74750
2019-11-18,9.0,9.800000190734863,8.800000190734863,9.199999809265137,9.199999809265137,79180
2019-11-19,9.199999809265137,10.0,9.199999809265137,9.800000190734863,9.800000190734863,72770
2019-11-20,10.0,10.399999618530273,9.399999618530273,9.600000381469727,9.600000381469727,46765
2019-11-21,9.800000190734863,10.0,8.399999618530273,8.600000381469727,8.600000381469727,37295
2019-11-22,9.0,9.199999809265137,8.600000381469727,9.199999809265137,9.199999809265137,29495
2019-11-25,9.0,9.800000190734863,9.0,9.399999618530273,9.399999618530273,24415
2019-11-26,9.199999809265137,9.800000190734863,9.0,9.600000381469727,9.600000381469727,29180
2019-11-27,9.399999618530273,9.800000190734863,9.199999809265137,9.399999618530273,9.399999618530273,27600
2019-11-29,9.600000381469727,10.199999809265137,9.399999618530273,10.0,10.0,43700
2019-12-02,10.399999618530273,10.399999618530273,9.800000190734863,10.199999809265137,10.199999809265137,25465
2019-12-03,10.0,10.199999809265137,9.600000381469727,9.800000190734863,9.800000190734863,13205
2019-12-04,10.0,10.199999809265137,9.800000190734863,10.199999809265137,10.199999809265137,11635
2019-12-05,10.199999809265137,10.199999809265137,9.800000190734863,9.800000190734863,9.800000190734863,14985
2019-12-06,9.800000190734863,10.0,9.800000190734863,9.800000190734863,9.800000190734863,10240
2019-12-09,9.800000190734863,10.199999809265137,9.199999809265137,9.600000381469727,9.600000381469727,14110
2019-12-10,9.399999618530273,9.600000381469727,9.399999618530273,9.399999618530273,9.399999618530273,24335
2019-12-11,9.199999809265137,10.199999809265137,9.199999809265137,10.0,10.0,20955
2019-12-12,10.0,10.199999809265137,9.600000381469727,10.199999809265137,10.199999809265137,17790
2019-12-13,9.600000381469727,10.199999809265137,9.600000381469727,10.0,10.0,15945
2019-12-16,11.800000190734863,13.0,10.399999618530273,12.399999618530273,12.399999618530273,200395
2019-12-17,12.399999618530273,12.600000381469727,10.600000381469727,10.600000381469727,10.600000381469727,64130
2019-12-18,10.600000381469727,11.199999809265137,10.0,10.399999618530273,10.399999618530273,32675
2019-12-19,10.199999809265137,10.399999618530273,10.0,10.0,10.0,24915
2019-12-20,10.0,10.0,8.399999618530273,9.0,9.0,54780
2019-12-23,8.800000190734863,9.399999618530273,7.800000190734863,8.600000381469727,8.600000381469727,58455
2019-12-24,8.0,8.399999618530273,7.800000190734863,8.399999618530273,8.399999618530273,15985
2019-12-26,8.399999618530273,8.399999618530273,7.800000190734863,8.199999809265137,8.199999809265137,22545
2019-12-27,7.800000190734863,8.399999618530273,7.800000190734863,8.0,8.0,24550
2019-12-30,8.0,8.199999809265137,7.0,7.199999809265137,7.199999809265137,59715
2019-12-31,7.199999809265137,7.599999904632568,7.0,7.199999809265137,7.199999809265137,49525
2020-01-02,7.400000095367432,7.800000190734863,7.199999809265137,7.599999904632568,7.599999904632568,34680
2020-01-03,7.599999904632568,8.199999809265137,7.400000095367432,7.800000190734863,7.800000190734863,31225
2020-01-06,8.199999809265137,8.800000190734863,8.0,8.399999618530273,8.399999618530273,42270
2020-01-07,8.600000381469727,9.600000381469727,8.600000381469727,9.199999809265137,9.199999809265137,59685
2020-01-08,9.199999809265137,10.0,9.199999809265137,9.800000190734863,9.800000190734863,43580
2020-01-09,10.199999809265137,10.199999809265137,8.800000190734863,9.199999809265137,9.199999809265137,38065
2020-01-10,9.399999618530273,9.600000381469727,8.800000190734863,9.0,9.0,16575
2020-01-13,9.399999618530273,9.600000381469727,9.0,9.0,9.0,20500
2020-01-14,9.199999809265137,9.600000381469727,9.0,9.0,9.0,35685
2020-01-15,9.199999809265137,9.600000381469727,9.0,9.399999618530273,9.399999618530273,15000
2020-01-16,9.199999809265137,9.399999618530273,9.0,9.199999809265137,9.199999809265137,21425
2020-01-17,9.199999809265137,9.199999809265137,8.800000190734863,9.199999809265137,9.199999809265137,23740
2020-01-21,8.800000190734863,8.800000190734863,7.400000095367432,8.0,8.0,59265
2020-01-22,7.800000190734863,8.0,7.199999809265137,7.199999809265137,7.199999809265137,57775
2020-01-23,7.599999904632568,7.800000190734863,6.800000190734863,7.0,7.0,45645
2020-01-24,7.599999904632568,7.599999904632568,7.0,7.400000095367432,7.400000095367432,29275
2020-01-27,7.199999809265137,7.199999809265137,7.0,7.0,7.0,23770
2020-01-28,7.599999904632568,7.599999904632568,7.0,7.199999809265137,7.199999809265137,19540
2020-01-29,7.199999809265137,7.400000095367432,7.199999809265137,7.400000095367432,7.400000095367432,32765
2020-01-30,7.400000095367432,7.400000095367432,7.0,7.199999809265137,7.199999809265137,20250
2020-01-31,7.0,7.0,6.199999809265137,6.400000095367432,6.400000095367432,42635
2020-02-03,6.400000095367432,6.400000095367432,5.599999904632568,5.800000190734863,5.800000190734863,36220
2020-02-04,6.199999809265137,6.400000095367432,5.599999904632568,5.800000190734863,5.800000190734863,38325
2020-02-05,6.599999904632568,6.800000190734863,6.199999809265137,6.400000095367432,6.400000095367432,25925
2020-02-06,6.599999904632568,6.599999904632568,6.400000095367432,6.599999904632568,6.599999904632568,18350
2020-02-07,6.599999904632568,6.599999904632568,6.400000095367432,6.400000095367432,6.400000095367432,9985
2020-02-10,6.400000095367432,7.0,6.199999809265137,6.800000190734863,6.800000190734863,23280
2020-02-11,6.599999904632568,7.0,6.400000095367432,7.0,7.0,19280
2020-02-12,7.0,7.199999809265137,6.199999809265137,6.599999904632568,6.599999904632568,19040
2020-02-13,6.599999904632568,7.0,6.599999904632568,6.599999904632568,6.599999904632568,20320
2020-02-14,6.599999904632568,6.800000190734863,6.400000095367432,6.599999904632568,6.599999904632568,12315
2020-02-18,6.599999904632568,6.800000190734863,6.400000095367432,6.400000095367432,6.400000095367432,12810
2020-02-19,6.400000095367432,6.800000190734863,6.400000095367432,6.599999904632568,6.599999904632568,18460
2020-02-20,6.599999904632568,7.199999809265137,6.599999904632568,7.0,7.0,26270
2020-02-21,7.0,7.0,6.599999904632568,7.0,7.0,12560
2020-02-24,6.599999904632568,7.0,6.599999904632568,6.599999904632568,6.599999904632568,15775
2020-02-25,6.599999904632568,6.800000190734863,6.199999809265137,6.199999809265137,6.199999809265137,12645
2020-02-26,6.0,6.199999809265137,5.599999904632568,5.599999904632568,5.599999904632568,21190
2020-02-27,5.599999904632568,6.400000095367432,5.199999809265137,6.199999809265137,6.199999809265137,45865
2020-02-28,6.400000095367432,6.800000190734863,6.199999809265137,6.400000095367432,6.400000095367432,23730
2020-03-02,6.199999809265137,7.400000095367432,6.199999809265137,7.199999809265137,7.199999809265137,31095
2020-03-03,7.199999809265137,7.199999809265137,6.199999809265137,6.800000190734863,6.800000190734863,21595
2020-03-04,6.599999904632568,6.800000190734863,6.400000095367432,6.800000190734863,6.800000190734863,17345
2020-03-05,6.400000095367432,6.800000190734863,6.199999809265137,6.599999904632568,6.599999904632568,14875
2020-03-06,6.199999809265137,6.599999904632568,6.0,6.199999809265137,6.199999809265137,18085
2020-03-09,5.199999809265137,6.0,5.199999809265137,5.400000095367432,5.400000095367432,33715
2020-03-10,6.199999809265137,6.400000095367432,5.400000095367432,5.599999904632568,5.599999904632568,16490
2020-03-11,5.800000190734863,6.0,5.199999809265137,5.199999809265137,5.199999809265137,14370
2020-03-12,5.0,5.0,4.599999904632568,4.599999904632568,4.599999904632568,34730
2020-03-13,6.0,6.0,4.599999904632568,4.800000190734863,4.800000190734863,37630
2020-03-16,4.599999904632568,4.599999904632568,4.400000095367432,4.400000095367432,4.400000095367432,27600
2020-03-17,3.799999952316284,4.599999904632568,3.799999952316284,4.400000095367432,4.400000095367432,27170
2020-03-18,4.599999904632568,4.800000190734863,4.199999809265137,4.199999809265137,4.199999809265137,16740
2020-03-19,4.199999809265137,5.199999809265137,4.199999809265137,5.0,5.0,75305
2020-03-20,5.0,5.199999809265137,4.800000190734863,5.0,5.0,25120
2020-03-23,5.199999809265137,5.199999809265137,4.400000095367432,4.400000095367432,4.400000095367432,18995
2020-03-24,4.400000095367432,5.0,4.400000095367432,5.0,5.0,27850
2020-03-25,5.0,5.599999904632568,5.0,5.400000095367432,5.400000095367432,41985
2020-03-26,5.599999904632568,6.199999809265137,5.400000095367432,5.800000190734863,5.800000190734863,32335
2020-03-27,6.0,6.0,5.400000095367432,5.800000190734863,5.800000190734863,19225
2020-03-30,6.0,6.0,5.599999904632568,5.800000190734863,5.800000190734863,19820
2020-03-31,5.599999904632568,9.0,5.599999904632568,8.199999809265137,8.199999809265137,297900
2020-04-01,7.400000095367432,7.599999904632568,5.400000095367432,5.800000190734863,5.800000190734863,140020
2020-04-02,6.0,6.0,4.800000190734863,5.199999809265137,5.199999809265137,47035
2020-04-03,5.400000095367432,5.400000095367432,5.199999809265137,5.199999809265137,5.199999809265137,16365
2020-04-06,5.800000190734863,6.400000095367432,5.400000095367432,6.0,6.0,37690
2020-04-07,6.0,6.0,5.400000095367432,5.800000190734863,5.800000190734863,33625
2020-04-08,5.599999904632568,6.599999904632568,5.199999809265137,6.599999904632568,6.599999904632568,53965
2020-04-09,6.599999904632568,6.599999904632568,5.800000190734863,6.400000095367432,6.400000095367432,34810
2020-04-13,6.0,6.599999904632568,6.0,6.400000095367432,6.400000095367432,14975
2020-04-14,6.400000095367432,6.800000190734863,6.0,6.400000095367432,6.400000095367432,37940
2020-04-15,6.199999809265137,6.400000095367432,6.0,6.199999809265137,6.199999809265137,24695
2020-04-16,6.199999809265137,6.599999904632568,6.199999809265137,6.400000095367432,6.400000095367432,18495
2020-04-17,6.400000095367432,6.800000190734863,5.800000190734863,6.599999904632568,6.599999904632568,38225
2020-04-20,6.800000190734863,6.800000190734863,6.199999809265137,6.800000190734863,6.800000190734863,19500
2020-04-21,6.800000190734863,6.800000190734863,6.400000095367432,6.800000190734863,6.800000190734863,11880
2020-04-22,6.0,6.800000190734863,6.0,6.800000190734863,6.800000190734863,19080
2020-04-23,6.599999904632568,6.800000190734863,6.400000095367432,6.800000190734863,6.800000190734863,14850
2020-04-24,6.599999904632568,7.400000095367432,6.599999904632568,7.400000095367432,7.400000095367432,26850
2020-04-27,7.400000095367432,9.0,7.199999809265137,8.600000381469727,8.600000381469727,109385
2020-04-28,8.600000381469727,9.0,8.199999809265137,8.399999618530273,8.399999618530273,33100
2020-04-29,8.399999618530273,9.0,8.199999809265137,8.199999809265137,8.199999809265137,66150
2020-04-30,8.0,8.600000381469727,8.0,8.399999618530273,8.399999618530273,24215
2020-05-01,8.399999618530273,8.600000381469727,7.800000190734863,8.0,8.0,23340
2020-05-04,8.800000190734863,9.199999809265137,8.199999809265137,8.600000381469727,8.600000381469727,48390
2020-05-05,9.199999809265137,9.199999809265137,8.600000381469727,8.600000381469727,8.600000381469727,26445
2020-05-06,9.0,11.399999618530273,9.0,9.399999618530273,9.399999618530273,174240
2020-05-07,10.0,11.0,9.800000190734863,10.399999618530273,10.399999618530273,70615
2020-05-08,10.399999618530273,12.199999809265137,10.399999618530273,11.199999809265137,11.199999809265137,83350
2020-05-11,11.600000381469727,13.600000381469727,11.399999618530273,12.0,12.0,120690
2020-05-12,13.600000381469727,16.399999618530273,12.800000190734863,14.800000190734863,14.800000190734863,176025
2020-05-13,15.399999618530273,18.600000381469727,15.199999809265137,17.799999237060547,17.799999237060547,229450
2020-05-14,18.0,18.0,11.0,11.800000190734863,11.800000190734863,274890
2020-05-15,11.800000190734863,13.0,11.399999618530273,11.399999618530273,11.399999618530273,78115
2020-05-18,11.0,11.399999618530273,10.0,11.0,11.0,97560
2020-05-19,11.199999809265137,13.399999618530273,10.399999618530273,12.800000190734863,12.800000190734863,127325
2020-05-20,12.800000190734863,13.600000381469727,12.0,12.0,12.0,102240
2020-05-21,12.800000190734863,17.200000762939453,12.399999618530273,14.399999618530273,14.399999618530273,679200
2020-05-22,14.600000381469727,15.600000381469727,14.600000381469727,14.800000190734863,14.800000190734863,109070
2020-05-26,15.399999618530273,15.800000190734863,14.0,14.0,14.0,108745
2020-05-27,14.399999618530273,14.399999618530273,12.0,12.199999809265137,12.199999809265137,108040
2020-05-28,13.0,14.199999809265137,12.800000190734863,13.399999618530273,13.399999618530273,55315
2020-05-29,13.199999809265137,14.0,12.600000381469727,12.600000381469727,12.600000381469727,49360
2020-06-01,13.199999809265137,14.800000190734863,12.800000190734863,13.800000190734863,13.800000190734863,69135
2020-06-02,13.399999618530273,14.800000190734863,12.800000190734863,14.0,14.0,54760
2020-06-03,14.399999618530273,15.600000381469727,14.199999809265137,14.199999809265137,14.199999809265137,81685
2020-06-04,14.600000381469727,15.0,13.199999809265137,13.399999618530273,13.399999618530273,63740
2020-06-05,13.600000381469727,14.0,12.600000381469727,13.399999618530273,13.399999618530273,63635
2020-06-08,13.199999809265137,13.800000190734863,12.600000381469727,12.600000381469727,12.600000381469727,70255
2020-06-09,12.600000381469727,13.800000190734863,12.600000381469727,13.0,13.0,45015
2020-06-10,13.399999618530273,13.800000190734863,12.0,12.0,12.0,49740
2020-06-11,12.0,12.600000381469727,10.199999809265137,10.399999618530273,10.399999618530273,82775
2020-06-12,12.199999809265137,12.199999809265137,10.800000190734863,11.399999618530273,11.399999618530273,29975
2020-06-15,11.199999809265137,12.199999809265137,11.199999809265137,11.199999809265137,11.199999809265137,31480
2020-06-16,11.800000190734863,12.800000190734863,11.399999618530273,12.0,12.0,51770
2020-06-17,12.0,12.800000190734863,11.800000190734863,11.800000190734863,11.800000190734863,32170
2020-06-18,12.199999809265137,12.399999618530273,10.800000190734863,10.800000190734863,10.800000190734863,49335
2020-06-19,11.199999809265137,11.600000381469727,11.0,11.199999809265137,11.199999809265137,30965
2020-06-22,11.199999809265137,11.600000381469727,10.600000381469727,10.800000190734863,10.800000190734863,56485
2020-06-23,11.399999618530273,11.399999618530273,10.399999618530273,10.399999618530273,10.399999618530273,59350
2020-06-24,10.800000190734863,11.0,10.199999809265137,10.399999618530273,10.399999618530273,39690
2020-06-25,10.399999618530273,11.0,10.0,10.0,10.0,35515
2020-06-26,10.399999618530273,10.800000190734863,9.600000381469727,9.600000381469727,9.600000381469727,57455
2020-06-29,9.800000190734863,11.0,9.399999618530273,10.399999618530273,10.399999618530273,51075
2020-06-30,10.199999809265137,11.800000190734863,10.199999809265137,11.0,11.0,57680
2020-07-01,11.199999809265137,12.199999809265137,11.199999809265137,11.199999809265137,11.199999809265137,49360
2020-07-02,12.600000381469727,13.0,12.0,12.399999618530273,12.399999618530273,76525
2020-07-06,12.199999809265137,13.800000190734863,12.0,13.199999809265137,13.199999809265137,82010
2020-07-07,13.600000381469727,14.800000190734863,12.399999618530273,12.800000190734863,12.800000190734863,112320
2020-07-08,12.800000190734863,14.0,12.800000190734863,12.800000190734863,12.800000190734863,43705
2020-07-09,13.199999809265137,14.0,12.199999809265137,12.399999618530273,12.399999618530273,53335
2020-07-10,12.800000190734863,13.0,12.0,12.0,12.0,25545
2020-07-13,12.0,12.600000381469727,11.600000381469727,11.600000381469727,11.600000381469727,48495
2020-07-14,12.199999809265137,12.199999809265137,11.600000381469727,11.800000190734863,11.800000190734863,18660
2020-07-15,11.800000190734863,13.600000381469727,11.800000190734863,12.800000190734863,12.800000190734863,68570
2020-07-16,13.0,13.399999618530273,12.399999618530273,12.600000381469727,12.600000381469727,33180
2020-07-17,12.600000381469727,14.0,12.600000381469727,13.600000381469727,13.600000381469727,72085
2020-07-20,14.399999618530273,15.199999809265137,14.0,14.399999618530273,14.399999618530273,113910
2020-07-21,15.0,17.0,14.600000381469727,15.800000190734863,15.800000190734863,126465
2020-07-22,16.600000381469727,17.399999618530273,14.199999809265137,15.0,15.0,110540
2020-07-23,14.800000190734863,15.800000190734863,14.199999809265137,14.199999809265137,14.199999809265137,57795
2020-07-24,14.199999809265137,14.399999618530273,12.600000381469727,13.399999618530273,13.399999618530273,53900
2020-07-27,13.0,17.399999618530273,12.800000190734863,15.800000190734863,15.800000190734863,273450
2020-07-28,15.199999809265137,15.600000381469727,13.800000190734863,14.199999809265137,14.199999809265137,64055
2020-07-29,14.600000381469727,15.0,13.600000381469727,13.800000190734863,13.800000190734863,44465
2020-07-30,14.0,14.199999809265137,13.0,13.399999618530273,13.399999618530273,43145
2020-07-31,13.399999618530273,14.399999618530273,13.199999809265137,13.199999809265137,13.199999809265137,31490
2020-08-03,13.0,15.0,13.0,14.199999809265137,14.199999809265137,83300
2020-08-04,14.399999618530273,15.0,14.199999809265137,14.399999618530273,14.399999618530273,48625
2020-08-05,14.600000381469727,15.600000381469727,14.600000381469727,15.399999618530273,15.399999618530273,59490
2020-08-06,15.399999618530273,15.600000381469727,13.800000190734863,14.0,14.0,48370
2020-08-07,14.199999809265137,15.0,14.0,14.199999809265137,14.199999809265137,21040
2020-08-10,14.600000381469727,14.800000190734863,13.399999618530273,13.600000381469727,13.600000381469727,50455
2020-08-11,13.800000190734863,15.399999618530273,13.800000190734863,15.0,15.0,70505
2020-08-12,14.399999618530273,15.0,13.800000190734863,13.800000190734863,13.800000190734863,65025
2020-08-13,14.0,14.800000190734863,13.800000190734863,14.199999809265137,14.199999809265137,43255
2020-08-14,14.399999618530273,14.399999618530273,14.0,14.199999809265137,14.199999809265137,23695
2020-08-17,13.399999618530273,13.600000381469727,11.800000190734863,12.199999809265137,12.199999809265137,122515
2020-08-18,12.600000381469727,12.600000381469727,11.199999809265137,11.199999809265137,11.199999809265137,124775
2020-08-19,11.8100004196167,12.470000267028809,9.09000015258789,9.279999732971191,9.279999732971191,243500
2020-08-20,9.5,9.739999771118164,8.5,8.569999694824219,8.569999694824219,180100
2020-08-21,8.149999618530273,8.489999771118164,7.5,7.710000038146973,7.710000038146973,163400
2020-08-24,7.75,7.880000114440918,7.190000057220459,7.349999904632568,7.349999904632568,136800
2020-08-25,7.28000020980835,8.979999542236328,7.25,8.619999885559082,8.619999885559082,210500
2020-08-26,8.699999809265137,9.140000343322754,8.229999542236328,9.010000228881836,9.010000228881836,123300
2020-08-27,8.989999771118164,9.039999961853027,8.210000038146973,8.270000457763672,8.270000457763672,82900
2020-08-28,8.270000457763672,8.819999694824219,8.199999809265137,8.720000267028809,8.720000267028809,46200
2020-08-31,8.720000267028809,9.4399995803833,8.569999694824219,9.119999885559082,9.119999885559082,105600
2020-09-01,9.180000305175781,9.890000343322754,9.0,9.149999618530273,9.149999618530273,153700
2020-09-02,9.149999618530273,9.329999923706055,8.050000190734863,8.180000305175781,8.180000305175781,124400
2020-09-03,7.980000019073486,8.399999618530273,7.5,7.710000038146973,7.710000038146973,91600
2020-09-04,7.730000019073486,7.730000019073486,6.53000020980835,6.820000171661377,6.820000171661377,153100
2020-09-08,6.760000228881836,7.079999923706055,6.599999904632568,6.659999847412109,6.659999847412109,55300
2020-09-09,6.710000038146973,7.489999771118164,6.710000038146973,7.099999904632568,7.099999904632568,62800
2020-09-10,7.170000076293945,7.550000190734863,7.110000133514404,7.110000133514404,7.110000133514404,48300
2020-09-11,7.590000152587891,7.590000152587891,6.599999904632568,6.710000038146973,6.710000038146973,47300
2020-09-14,6.78000020980835,7.989999771118164,6.78000020980835,7.389999866485596,7.389999866485596,100900
2020-09-15,7.460000038146973,7.989999771118164,7.460000038146973,7.639999866485596,7.639999866485596,49400
2020-09-16,7.670000076293945,7.989999771118164,7.650000095367432,7.75,7.75,29500
2020-09-17,7.820000171661377,7.849999904632568,7.110000133514404,7.110000133514404,7.110000133514404,51500
2020-09-18,7.199999809265137,7.46999979019165,7.130000114440918,7.199999809265137,7.199999809265137,37000
2020-09-21,7.059999942779541,7.289999961853027,6.860000133514404,6.920000076293945,6.920000076293945,50900
2020-09-22,6.949999809265137,7.159999847412109,6.800000190734863,6.889999866485596,6.889999866485596,58100
2020-09-23,6.889999866485596,7.0,6.199999809265137,6.269999980926514,6.269999980926514,87600
2020-09-24,6.070000171661377,6.800000190734863,6.019999980926514,6.369999885559082,6.369999885559082,58300
2020-09-25,6.409999847412109,6.71999979019165,6.389999866485596,6.389999866485596,6.389999866485596,64900
2020-09-28,6.599999904632568,7.320000171661377,6.599999904632568,6.849999904632568,6.849999904632568,126400
2020-09-29,6.920000076293945,7.489999771118164,6.900000095367432,7.320000171661377,7.320000171661377,126400
2020-09-30,7.449999809265137,8.65999984741211,7.449999809265137,7.909999847412109,7.909999847412109,665300
2020-10-01,7.900000095367432,8.470000267028809,7.099999904632568,7.260000228881836,7.260000228881836,200000
2020-10-02,6.900000095367432,7.329999923706055,6.860000133514404,7.190000057220459,7.190000057220459,67700
2020-10-05,7.239999771118164,7.650000095367432,7.239999771118164,7.440000057220459,7.440000057220459,75500
2020-10-06,7.449999809265137,7.769999980926514,7.239999771118164,7.510000228881836,7.510000228881836,89200
2020-10-07,7.670000076293945,8.600000381469727,7.599999904632568,8.300000190734863,8.300000190734863,105100
2020-10-08,8.510000228881836,9.420000076293945,8.510000228881836,8.729999542236328,8.729999542236328,158800
2020-10-09,8.890000343322754,9.279999732971191,8.850000381469727,9.050000190734863,9.050000190734863,101300
2020-10-12,9.25,11.65999984741211,9.109999656677246,10.109999656677246,10.109999656677246,318500
2020-10-13,10.100000381469727,10.600000381469727,9.420000076293945,9.6899995803833,9.6899995803833,203700
2020-10-14,9.800000190734863,10.399999618530273,9.569999694824219,9.579999923706055,9.579999923706055,124400
2020-10-15,9.600000381469727,9.9399995803833,9.010000228881836,9.0600004196167,9.0600004196167,98200
2020-10-16,9.09000015258789,9.989999771118164,9.09000015258789,9.65999984741211,9.65999984741211,99600
2020-10-19,9.680000305175781,10.050000190734863,8.829999923706055,8.979999542236328,8.979999542236328,125500
2020-10-20,9.0,9.119999885559082,8.3100004196167,8.319999694824219,8.319999694824219,104800
2020-10-21,8.25,11.390000343322754,8.25,10.8100004196167,10.8100004196167,1326300
2020-10-22,10.8100004196167,11.130000114440918,10.220000267028809,10.390000343322754,10.390000343322754,191800
2020-10-23,10.399999618530273,10.529999732971191,10.010000228881836,10.359999656677246,10.359999656677246,77000
2020-10-26,10.199999809265137,10.40999984741211,9.649999618530273,9.75,9.75,110400
2020-10-27,9.819999694824219,9.899999618530273,9.25,9.369999885559082,9.369999885559082,80800
2020-10-28,9.25,9.800000190734863,8.899999618530273,9.460000038146973,9.460000038146973,102100
2020-10-29,9.430000305175781,9.729999542236328,9.40999984741211,9.40999984741211,9.40999984741211,33000
2020-10-30,9.350000381469727,9.819999694824219,8.569999694824219,8.579999923706055,8.579999923706055,96000
2020-11-02,8.979999542236328,9.210000038146973,8.5600004196167,8.8100004196167,8.8100004196167,62500
2020-11-03,8.979999542236328,9.029999732971191,8.649999618530273,8.869999885559082,8.869999885559082,54400
2020-11-04,8.819999694824219,9.710000038146973,8.819999694824219,9.5,9.5,78300
2020-11-05,9.5,10.680000305175781,9.5,10.359999656677246,10.359999656677246,120700
2020-11-06,10.359999656677246,10.420000076293945,9.449999809265137,9.449999809265137,9.449999809265137,83300
2020-11-09,9.960000038146973,9.989999771118164,9.270000457763672,9.270000457763672,9.270000457763672,96100
2020-11-10,9.270000457763672,9.489999771118164,8.880000114440918,9.109999656677246,9.109999656677246,77700
2020-11-11,9.25,9.609999656677246,9.0600004196167,9.369999885559082,9.369999885559082,58000
2020-11-12,9.390000343322754,9.550000190734863,9.0,9.149999618530273,9.149999618530273,61500
2020-11-13,9.289999961853027,9.430000305175781,9.170000076293945,9.1899995803833,9.1899995803833,69000
2020-11-16,9.4399995803833,9.4399995803833,9.010000228881836,9.039999961853027,9.039999961853027,77200
2020-11-17,9.020000457763672,9.25,8.8100004196167,8.960000038146973,8.960000038146973,128600
2020-11-18,9.109999656677246,9.15999984741211,8.90999984741211,8.9399995803833,8.9399995803833,90500
2020-11-19,8.9399995803833,9.0600004196167,8.8100004196167,8.899999618530273,8.899999618530273,91300
2020-11-20,9.0,9.25,8.899999618530273,8.970000267028809,8.970000267028809,72100
2020-11-23,9.09000015258789,9.119999885559082,8.550000190734863,8.699999809265137,8.699999809265137,168500
2020-11-24,8.770000457763672,8.90999984741211,8.430000305175781,8.430000305175781,8.430000305175781,147400
2020-11-25,8.40999984741211,8.800000190734863,8.40999984741211,8.569999694824219,8.569999694824219,86600
2020-11-27,8.850000381469727,9.229999542236328,8.670000076293945,9.0,9.0,95900
2020-11-30,9.0600004196167,9.140000343322754,8.5,8.550000190734863,8.550000190734863,170100
2020-12-01,8.550000190734863,8.84000015258789,8.550000190734863,8.550000190734863,8.550000190734863,108500
2020-12-02,8.510000228881836,8.550000190734863,8.050000190734863,8.300000190734863,8.300000190734863,117300
2020-12-03,8.449999809265137,8.489999771118164,8.130000114440918,8.130000114440918,8.130000114440918,95500
2020-12-04,8.15999984741211,8.369999885559082,8.039999961853027,8.0600004196167,8.0600004196167,122000
2020-12-07,8.149999618530273,8.359999656677246,8.0,8.069999694824219,8.069999694824219,208600
2020-12-08,8.069999694824219,8.300000190734863,8.029999732971191,8.029999732971191,8.029999732971191,177600
2020-12-09,8.15999984741211,8.359999656677246,7.699999809265137,7.75,7.75,159600
2020-12-10,7.659999847412109,8.020000457763672,7.559999942779541,7.639999866485596,7.639999866485596,124200
2020-12-11,7.659999847412109,7.929999828338623,7.550000190734863,7.690000057220459,7.690000057220459,127500
2020-12-14,7.75,8.079999923706055,7.420000076293945,7.429999828338623,7.429999828338623,170200
2020-12-15,7.550000190734863,7.710000038146973,7.03000020980835,7.239999771118164,7.239999771118164,108100
2020-12-16,7.28000020980835,7.579999923706055,7.170000076293945,7.269999980926514,7.269999980926514,105700
2020-12-17,7.300000190734863,8.149999618530273,7.289999961853027,7.949999809265137,7.949999809265137,268500
2020-12-18,8.260000228881836,11.359999656677246,8.260000228881836,10.279999732971191,10.279999732971191,821200
2020-12-21,9.779999732971191,14.279999732971191,9.75,13.5,13.5,1244500
2020-12-22,13.319999694824219,17.5,13.319999694824219,17.049999237060547,17.049999237060547,965000
2020-12-23,18.350000381469727,20.489999771118164,15.220000267028809,15.579999923706055,15.579999923706055,1062900
2020-12-24,16.190000534057617,17.489999771118164,15.800000190734863,15.960000038146973,15.960000038146973,162300
2020-12-28,16.5,16.6200008392334,11.739999771118164,13.989999771118164,13.989999771118164,918200
2020-12-29,13.6899995803833,13.779999732971191,11.430000305175781,13.279999732971191,13.279999732971191,336500
2020-12-30,13.399999618530273,14.899999618530273,13.220000267028809,13.260000228881836,13.260000228881836,282700
2020-12-31,13.399999618530273,13.399999618530273,11.859999656677246,12.300000190734863,12.300000190734863,262800
2021-01-04,12.460000038146973,13.170000076293945,12.100000381469727,12.140000343322754,12.140000343322754,188200
2021-01-05,12.460000038146973,12.65999984741211,10.630000114440918,11.40999984741211,11.40999984741211,385300
2021-01-06,11.5,14.5600004196167,11.4399995803833,13.329999923706055,13.329999923706055,470900
2021-01-07,13.760000228881836,14.260000228881836,12.369999885559082,12.449999809265137,12.449999809265137,524000
2021-01-08,12.65999984741211,14.470000267028809,12.65999984741211,12.779999732971191,12.779999732971191,461100
2021-01-11,12.859999656677246,13.25,12.020000457763672,12.260000228881836,12.260000228881836,350500
2021-01-12,12.100000381469727,12.5600004196167,11.420000076293945,12.420000076293945,12.420000076293945,306400
2021-01-13,12.369999885559082,13.5600004196167,12.15999984741211,13.0600004196167,13.0600004196167,327300
2021-01-14,13.479999542236328,15.460000038146973,13.479999542236328,14.720000267028809,14.720000267028809,589100
2021-01-15,15.300000190734863,15.300000190734863,12.979999542236328,13.970000267028809,13.970000267028809,418100
2021-01-19,14.119999885559082,15.390000343322754,14.020000457763672,14.369999885559082,14.369999885559082,347600
2021-01-20,14.180000305175781,15.699999809265137,13.609999656677246,15.300000190734863,15.300000190734863,403100
2021-01-21,15.609999656677246,17.399999618530273,15.069999694824219,15.180000305175781,15.180000305175781,504100
2021-01-22,15.050000190734863,15.5,14.050000190734863,14.270000457763672,14.270000457763672,326800
2021-01-25,14.350000381469727,15.25,13.619999885559082,14.430000305175781,14.430000305175781,295800
2021-01-26,14.520000457763672,14.680000305175781,13.100000381469727,13.25,13.25,214700
2021-01-27,12.819999694824219,15.180000305175781,12.550000190734863,13.59000015258789,13.59000015258789,378100
2021-01-28,13.640000343322754,14.670000076293945,12.949999809265137,13.130000114440918,13.130000114440918,145500
2021-01-29,13.40999984741211,13.600000381469727,12.390000343322754,12.789999961853027,12.789999961853027,191800
2021-02-01,12.75,13.760000228881836,12.0,13.329999923706055,13.329999923706055,185100
2021-02-02,13.600000381469727,14.079999923706055,13.149999618530273,13.40999984741211,13.40999984741211,178600
2021-02-03,13.680000305175781,15.380000114440918,13.680000305175781,14.270000457763672,14.270000457763672,315200
2021-02-04,14.989999771118164,14.989999771118164,14.100000381469727,14.15999984741211,14.15999984741211,148600
2021-02-05,14.520000457763672,15.350000381469727,14.260000228881836,14.930000305175781,14.930000305175781,212300
2021-02-08,15.739999771118164,19.0,15.600000381469727,18.440000534057617,18.440000534057617,921600
2021-02-09,20.219999313354492,20.479999542236328,16.450000762939453,16.969999313354492,16.969999313354492,682300
2021-02-10,17.979999542236328,19.0,17.209999084472656,18.329999923706055,18.329999923706055,388300
2021-02-11,18.3799991607666,23.920000076293945,18.3799991607666,21.700000762939453,21.700000762939453,811700
2021-02-12,21.020000457763672,21.5,19.15999984741211,19.389999389648438,19.389999389648438,401800
2021-02-16,20.31999969482422,20.440000534057617,16.979999542236328,17.170000076293945,17.170000076293945,593300
2021-02-17,18.149999618530273,18.290000915527344,16.520000457763672,17.059999465942383,17.059999465942383,824500
2021-02-18,17.0,17.100000381469727,14.100000381469727,14.470000267028809,14.470000267028809,708900
2021-02-19,14.649999618530273,15.699999809265137,14.0600004196167,14.220000267028809,14.220000267028809,589500
2021-02-22,14.0,14.1899995803833,12.850000381469727,12.90999984741211,12.90999984741211,587600
2021-02-23,12.399999618530273,12.430000305175781,11.029999732971191,11.300000190734863,11.300000190734863,710800
2021-02-24,12.220000267028809,14.199999809265137,11.6899995803833,13.850000381469727,13.850000381469727,1156100
2021-02-25,15.5,15.5,12.699999809265137,12.779999732971191,12.779999732971191,909800
2021-02-26,13.479999542236328,13.760000228881836,12.300000190734863,12.75,12.75,484700
2021-03-01,13.329999923706055,13.989999771118164,12.90999984741211,13.319999694824219,13.319999694824219,489800
2021-03-02,14.09000015258789,14.09000015258789,12.760000228881836,12.800000190734863,12.800000190734863,314000
2021-03-03,12.800000190734863,13.1899995803833,11.449999809265137,11.6899995803833,11.6899995803833,388200
2021-03-04,11.34000015258789,11.829999923706055,10.199999809265137,11.390000343322754,11.390000343322754,385800
2021-03-05,11.84000015258789,11.84000015258789,9.34000015258789,10.680000305175781,10.680000305175781,351600
2021-03-08,10.770000457763672,11.020000457763672,10.0,10.270000457763672,10.270000457763672,228500
2021-03-09,10.75,11.529999732971191,10.380000114440918,11.399999618530273,11.399999618530273,342900
2021-03-10,11.619999885559082,12.140000343322754,11.350000381469727,11.350000381469727,11.350000381469727,360700
2021-03-11,11.979999542236328,12.0,11.359999656677246,11.890000343322754,11.890000343322754,279800
2021-03-12,11.59000015258789,11.960000038146973,11.25,11.739999771118164,11.739999771118164,159800
2021-03-15,11.739999771118164,11.90999984741211,11.109999656677246,11.300000190734863,11.300000190734863,252700
2021-03-16,11.579999923706055,11.6899995803833,10.8100004196167,10.989999771118164,10.989999771118164,206400
2021-03-17,10.529999732971191,11.239999771118164,10.5,11.229999542236328,11.229999542236328,217700
2021-03-18,10.90999984741211,11.25,10.5600004196167,10.6899995803833,10.6899995803833,138800
2021-03-19,10.699999809265137,10.989999771118164,10.5,10.770000457763672,10.770000457763672,149600
2021-03-22,10.90999984741211,11.109999656677246,10.649999618530273,10.729999542236328,10.729999542236328,97000
2021-03-23,10.65999984741211,10.779999732971191,9.649999618530273,9.789999961853027,9.789999961853027,190700
2021-03-24,9.729999542236328,9.989999771118164,9.199999809265137,9.270000457763672,9.270000457763672,131900
2021-03-25,9.0600004196167,9.869999885559082,8.930000305175781,9.789999961853027,9.789999961853027,147800
2021-03-26,9.760000228881836,9.989999771118164,8.880000114440918,9.40999984741211,9.40999984741211,148500
2021-03-29,9.279999732971191,9.40999984741211,8.640000343322754,8.670000076293945,8.670000076293945,126700
2021-03-30,8.510000228881836,9.369999885559082,8.239999771118164,9.130000114440918,9.130000114440918,160500
2021-03-31,9.279999732971191,9.779999732971191,9.279999732971191,9.640000343322754,9.640000343322754,97100
2021-04-01,10.029999732971191,10.149999618530273,9.640000343322754,9.6899995803833,9.6899995803833,99800
2021-04-05,9.859999656677246,9.9399995803833,9.5,9.529999732971191,9.529999732971191,66400
2021-04-06,9.779999732971191,10.420000076293945,9.579999923706055,9.949999809265137,9.949999809265137,241000
2021-04-07,9.84000015258789,9.899999618530273,9.029999732971191,9.170000076293945,9.170000076293945,129000
2021-04-08,9.270000457763672,9.920000076293945,9.199999809265137,9.760000228881836,9.760000228881836,144000
2021-04-09,9.640000343322754,9.859999656677246,9.25,9.350000381469727,9.350000381469727,78300
2021-04-12,9.329999923706055,9.489999771118164,8.65999984741211,9.140000343322754,9.140000343322754,204300
2021-04-13,9.199999809265137,9.369999885559082,8.8100004196167,9.109999656677246,9.109999656677246,96800
2021-04-14,9.239999771118164,9.59000015258789,9.119999885559082,9.239999771118164,9.239999771118164,94700
2021-04-15,9.279999732971191,9.479999542236328,8.699999809265137,8.720000267028809,8.720000267028809,107700
2021-04-16,8.899999618530273,8.899999618530273,8.3100004196167,8.40999984741211,8.40999984741211,135800
2021-04-19,8.34000015258789,8.539999961853027,8.0,8.069999694824219,8.069999694824219,169400
2021-04-20,8.0,8.100000381469727,7.53000020980835,7.639999866485596,7.639999866485596,183100
2021-04-21,7.690000057220459,9.399999618530273,7.690000057220459,9.260000228881836,9.260000228881836,330100
2021-04-22,9.300000190734863,9.359999656677246,8.760000228881836,9.149999618530273,9.149999618530273,198900
2021-04-23,9.25,9.600000381469727,9.149999618530273,9.390000343322754,9.390000343322754,96500
2021-04-26,9.399999618530273,9.529999732971191,9.279999732971191,9.359999656677246,9.359999656677246,94600
2021-04-27,9.279999732971191,9.399999618530273,8.949999809265137,9.0,9.0,73900
2021-04-28,8.84000015258789,9.739999771118164,8.5600004196167,9.649999618530273,9.649999618530273,120300
2021-04-29,9.600000381469727,9.600000381469727,8.779999732971191,8.850000381469727,8.850000381469727,112200
2021-04-30,8.680000305175781,9.119999885559082,8.460000038146973,8.539999961853027,8.539999961853027,116400
2021-05-03,8.5600004196167,8.869999885559082,7.949999809265137,8.140000343322754,8.140000343322754,147200
2021-05-04,7.929999828338623,8.0,7.599999904632568,7.820000171661377,7.820000171661377,165200
2021-05-05,7.909999847412109,8.239999771118164,7.5,7.559999942779541,7.559999942779541,94900
2021-05-06,7.650000095367432,7.650000095367432,7.019999980926514,7.300000190734863,7.300000190734863,144300
2021-05-07,7.309999942779541,7.889999866485596,7.269999980926514,7.440000057220459,7.440000057220459,114400
2021-05-10,7.380000114440918,7.380000114440918,6.840000152587891,6.840000152587891,6.840000152587891,224500
2021-05-11,6.510000228881836,7.440000057220459,6.5,7.349999904632568,7.349999904632568,139400
2021-05-12,7.159999847412109,7.239999771118164,6.800000190734863,6.849999904632568,6.849999904632568,121400
2021-05-13,6.880000114440918,7.099999904632568,6.570000171661377,6.650000095367432,6.650000095367432,114900
2021-05-14,6.840000152587891,7.309999942779541,6.78000020980835,6.840000152587891,6.840000152587891,115900
2021-05-17,7.099999904632568,7.5,6.96999979019165,7.150000095367432,7.150000095367432,107400
2021-05-18,7.300000190734863,7.650000095367432,7.179999828338623,7.400000095367432,7.400000095367432,101600
2021-05-19,7.269999980926514,7.380000114440918,6.960000038146973,7.300000190734863,7.300000190734863,83600
2021-05-20,7.489999771118164,7.619999885559082,7.199999809265137,7.400000095367432,7.400000095367432,86900
2021-05-21,7.53000020980835,7.53000020980835,7.289999961853027,7.360000133514404,7.360000133514404,43200
2021-05-24,7.369999885559082,7.440000057220459,7.25,7.300000190734863,7.300000190734863,55700
2021-05-25,7.230000019073486,7.46999979019165,7.0,7.0,7.0,157000
2021-05-26,7.050000190734863,7.190000057220459,7.0,7.090000152587891,7.090000152587891,128300
2021-05-27,7.130000114440918,7.869999885559082,7.099999904632568,7.78000020980835,7.78000020980835,115600
2021-05-28,7.900000095367432,11.25,7.900000095367432,9.399999618530273,9.399999618530273,7575500
2021-06-01,9.369999885559082,9.489999771118164,8.449999809265137,8.59000015258789,8.59000015258789,1087400
2021-06-02,8.5600004196167,9.050000190734863,8.0,8.0,8.0,298100
2021-06-03,8.0,8.140000343322754,7.710000038146973,7.849999904632568,7.849999904632568,270500
2021-06-04,7.949999809265137,8.75,7.889999866485596,8.510000228881836,8.510000228881836,331100
2021-06-07,8.550000190734863,8.890000343322754,8.350000381469727,8.5,8.5,172600
2021-06-08,8.699999809265137,8.84000015258789,8.0,8.149999618530273,8.149999618530273,271400
2021-06-09,8.239999771118164,8.449999809265137,8.09000015258789,8.270000457763672,8.270000457763672,160300
2021-06-10,8.260000228881836,8.789999961853027,8.199999809265137,8.649999618530273,8.649999618530273,180300
2021-06-11,8.630000114440918,8.979999542236328,8.460000038146973,8.59000015258789,8.59000015258789,109700
2021-06-14,8.729999542236328,8.739999771118164,8.350000381469727,8.5,8.5,106600
2021-06-15,8.359999656677246,8.520000457763672,8.119999885559082,8.279999732971191,8.279999732971191,82300
2021-06-16,8.300000190734863,8.5600004196167,8.170000076293945,8.5600004196167,8.5600004196167,116700
2021-06-17,8.40999984741211,8.819999694824219,8.25,8.800000190734863,8.800000190734863,127500
2021-06-18,8.670000076293945,8.729999542236328,8.239999771118164,8.569999694824219,8.569999694824219,135500
2021-06-21,8.550000190734863,8.779999732971191,8.010000228881836,8.170000076293945,8.170000076293945,124900
2021-06-22,8.020000457763672,8.600000381469727,7.929999828338623,8.579999923706055,8.579999923706055,210500
2021-06-23,8.550000190734863,8.630000114440918,8.210000038146973,8.489999771118164,8.489999771118164,104900
2021-06-24,8.5600004196167,8.8100004196167,8.260000228881836,8.760000228881836,8.760000228881836,118500
2021-06-25,8.779999732971191,9.210000038146973,8.619999885559082,9.210000038146973,9.210000038146973,159300
2021-06-28,9.199999809265137,9.890000343322754,9.039999961853027,9.329999923706055,9.329999923706055,189200
2021-06-29,9.350000381469727,9.619999885559082,8.920000076293945,8.920000076293945,8.920000076293945,113400
2021-06-30,9.050000190734863,9.550000190734863,8.869999885559082,9.399999618530273,9.399999618530273,132500
2021-07-01,9.470000267028809,9.5600004196167,8.819999694824219,8.920000076293945,8.920000076293945,88700
2021-07-02,9.050000190734863,9.239999771118164,8.479999542236328,8.600000381469727,8.600000381469727,64200
2021-07-06,8.75,8.75,8.329999923706055,8.5600004196167,8.5600004196167,82200
2021-07-07,8.670000076293945,8.670000076293945,8.09000015258789,8.270000457763672,8.270000457763672,89400
2021-07-08,8.0,8.270000457763672,7.829999923706055,8.239999771118164,8.239999771118164,65600
2021-07-09,8.3100004196167,8.489999771118164,8.119999885559082,8.470000267028809,8.470000267028809,55600
2021-07-12,8.520000457763672,8.529999732971191,8.199999809265137,8.3100004196167,8.3100004196167,35200
2021-07-13,8.3100004196167,8.319999694824219,8.039999961853027,8.170000076293945,8.170000076293945,52200
2021-07-14,8.149999618530273,8.180000305175781,7.599999904632568,7.630000114440918,7.630000114440918,103200
2021-07-15,7.690000057220459,7.860000133514404,7.260000228881836,7.53000020980835,7.53000020980835,76700
2021-07-16,7.579999923706055,8.149999618530273,7.579999923706055,7.659999847412109,7.659999847412109,56300
2021-07-19,7.329999923706055,7.550000190734863,7.300000190734863,7.400000095367432,7.400000095367432,81200
2021-07-20,7.489999771118164,7.940000057220459,7.489999771118164,7.699999809265137,7.699999809265137,42100
2021-07-21,7.869999885559082,8.09000015258789,7.71999979019165,7.980000019073486,7.980000019073486,33100
2021-07-22,7.989999771118164,8.010000228881836,7.690000057220459,7.78000020980835,7.78000020980835,42000
2021-07-23,7.860000133514404,7.929999828338623,7.670000076293945,7.75,7.75,30500
2021-07-26,7.760000228881836,7.960000038146973,7.619999885559082,7.739999771118164,7.739999771118164,34200
2021-07-27,7.650000095367432,7.789999961853027,7.380000114440918,7.599999904632568,7.599999904632568,42900
2021-07-28,7.630000114440918,8.180000305175781,7.619999885559082,8.15999984741211,8.15999984741211,50200
2021-07-29,8.180000305175781,8.180000305175781,7.659999847412109,7.659999847412109,7.659999847412109,43900
2021-07-30,7.659999847412109,7.800000190734863,7.599999904632568,7.670000076293945,7.670000076293945,17500
2021-08-02,7.579999923706055,7.989999771118164,7.579999923706055,7.949999809265137,7.949999809265137,48300
2021-08-03,7.909999847412109,7.909999847412109,7.539999961853027,7.619999885559082,7.619999885559082,38100
2021-08-04,7.539999961853027,7.730000019073486,7.409999847412109,7.510000228881836,7.510000228881836,33900
2021-08-05,7.550000190734863,7.900000095367432,7.5,7.889999866485596,7.889999866485596,32000
2021-08-06,7.800000190734863,7.829999923706055,7.599999904632568,7.699999809265137,7.699999809265137,34100
2021-08-09,7.789999961853027,8.050000190734863,7.46999979019165,7.769999980926514,7.769999980926514,69300
2021-08-10,7.800000190734863,7.849999904632568,7.610000133514404,7.800000190734863,7.800000190734863,34600
2021-08-11,7.769999980926514,7.880000114440918,7.75,7.820000171661377,7.820000171661377,26300
2021-08-12,7.75,8.300000190734863,7.739999771118164,8.180000305175781,8.180000305175781,102100
2021-08-13,8.180000305175781,8.300000190734863,7.769999980926514,7.800000190734863,7.800000190734863,58600
2021-08-16,7.789999961853027,7.789999961853027,7.0,7.070000171661377,7.070000171661377,123900
2021-08-17,7.010000228881836,7.130000114440918,6.670000076293945,6.679999828338623,6.679999828338623,101300
2021-08-18,6.699999809265137,6.929999828338623,6.539999961853027,6.610000133514404,6.610000133514404,63300
2021-08-19,6.539999961853027,6.550000190734863,6.050000190734863,6.079999923706055,6.079999923706055,92900
2021-08-20,6.170000076293945,7.5,6.050000190734863,7.150000095367432,7.150000095367432,366700
2021-08-23,7.139999866485596,7.570000171661377,7.079999923706055,7.550000190734863,7.550000190734863,94500
2021-08-24,7.610000133514404,7.78000020980835,7.400000095367432,7.53000020980835,7.53000020980835,83700
2021-08-25,7.489999771118164,7.650000095367432,6.989999771118164,7.559999942779541,7.559999942779541,88900
2021-08-26,7.519999980926514,7.639999866485596,7.110000133514404,7.28000020980835,7.28000020980835,83900
2021-08-27,7.260000228881836,7.760000228881836,7.260000228881836,7.579999923706055,7.579999923706055,62500
2021-08-30,7.599999904632568,7.670000076293945,7.429999828338623,7.429999828338623,7.429999828338623,55700
2021-08-31,7.380000114440918,7.840000152587891,7.380000114440918,7.659999847412109,7.659999847412109,62400
2021-09-01,7.710000038146973,7.849999904632568,7.599999904632568,7.800000190734863,7.800000190734863,23200
2021-09-02,7.800000190734863,8.130000114440918,7.699999809265137,8.029999732971191,8.029999732971191,54600
2021-09-03,8.09000015258789,8.09000015258789,7.760000228881836,7.840000152587891,7.840000152587891,33900
2021-09-07,7.849999904632568,7.960000038146973,7.610000133514404,7.789999961853027,7.789999961853027,32400
2021-09-08,7.800000190734863,7.800000190734863,7.559999942779541,7.670000076293945,7.670000076293945,36200
2021-09-09,7.489999771118164,7.900000095367432,7.489999771118164,7.699999809265137,7.699999809265137,46300
2021-09-10,7.679999828338623,7.829999923706055,7.539999961853027,7.739999771118164,7.739999771118164,34900
2021-09-13,7.78000020980835,7.800000190734863,7.440000057220459,7.630000114440918,7.630000114440918,54900
2021-09-14,7.639999866485596,7.71999979019165,7.329999923706055,7.420000076293945,7.420000076293945,38100
2021-09-15,7.429999828338623,7.570000171661377,7.329999923706055,7.440000057220459,7.440000057220459,32300
2021-09-16,7.449999809265137,7.650000095367432,7.260000228881836,7.320000171661377,7.320000171661377,24600
2021-09-17,7.260000228881836,7.900000095367432,7.260000228881836,7.53000020980835,7.53000020980835,69100
2021-09-20,7.179999828338623,7.400000095367432,6.920000076293945,6.960000038146973,6.960000038146973,78400
2021-09-21,6.989999771118164,7.389999866485596,6.860000133514404,6.860000133514404,6.860000133514404,47300
2021-09-22,6.909999847412109,7.409999847412109,6.909999847412109,7.320000171661377,7.320000171661377,82200
2021-09-23,7.329999923706055,7.360000133514404,6.929999828338623,7.190000057220459,7.190000057220459,42000
2021-09-24,7.050000190734863,7.139999866485596,6.980000019073486,7.03000020980835,7.03000020980835,25300
2021-09-27,7.119999885559082,7.239999771118164,6.929999828338623,7.130000114440918,7.130000114440918,29500
2021-09-28,7.059999942779541,7.059999942779541,6.5,6.730000019073486,6.730000019073486,92700
2021-09-29,6.75,6.989999771118164,6.579999923706055,6.710000038146973,6.710000038146973,35700
2021-09-30,6.71999979019165,6.949999809265137,6.71999979019165,6.800000190734863,6.800000190734863,36600
2021-10-01,6.78000020980835,6.920000076293945,6.5,6.860000133514404,6.860000133514404,55000
2021-10-04,6.730000019073486,6.78000020980835,6.5,6.639999866485596,6.639999866485596,46600
2021-10-05,6.96999979019165,6.96999979019165,6.510000228881836,6.579999923706055,6.579999923706055,34700
2021-10-06,6.46999979019165,6.809999942779541,6.46999979019165,6.659999847412109,6.659999847412109,44600
2021-10-07,6.650000095367432,6.929999828338623,6.510000228881836,6.699999809265137,6.699999809265137,44200
2021-10-08,6.699999809265137,6.71999979019165,6.400000095367432,6.480000019073486,6.480000019073486,34000
2021-10-11,6.460000038146973,6.610000133514404,6.429999828338623,6.480000019073486,6.480000019073486,22600
2021-10-12,6.599999904632568,6.71999979019165,6.420000076293945,6.570000171661377,6.570000171661377,26200
2021-10-13,6.650000095367432,6.739999771118164,6.570000171661377,6.599999904632568,6.599999904632568,53200
2021-10-14,6.900000095367432,6.900000095367432,6.579999923706055,6.71999979019165,6.71999979019165,33000
2021-10-15,6.710000038146973,6.71999979019165,6.460000038146973,6.460000038146973,6.460000038146973,66500
2021-10-18,6.5,6.5,6.25,6.389999866485596,6.389999866485596,78300
2021-10-19,6.400000095367432,6.550000190734863,6.309999942779541,6.340000152587891,6.340000152587891,72900
2021-10-20,6.369999885559082,6.590000152587891,6.289999961853027,6.349999904632568,6.349999904632568,75400
2021-10-21,6.340000152587891,6.449999809265137,6.130000114440918,6.190000057220459,6.190000057220459,52900
2021-10-22,6.139999866485596,6.239999771118164,6.090000152587891,6.130000114440918,6.130000114440918,34100
2021-10-25,6.099999904632568,6.199999809265137,6.059999942779541,6.150000095367432,6.150000095367432,41200
2021-10-26,6.210000038146973,6.260000228881836,5.880000114440918,6.050000190734863,6.050000190734863,64300
2021-10-27,6.03000020980835,6.159999847412109,5.900000095367432,5.96999979019165,5.96999979019165,59900
2021-10-28,5.989999771118164,6.239999771118164,5.989999771118164,6.139999866485596,6.139999866485596,49700
2021-10-29,6.110000133514404,6.329999923706055,6.090000152587891,6.210000038146973,6.210000038146973,41800
2021-11-01,6.179999828338623,6.5,6.179999828338623,6.360000133514404,6.360000133514404,67600
2021-11-02,6.369999885559082,6.400000095367432,6.130000114440918,6.260000228881836,6.260000228881836,30400
2021-11-03,6.269999980926514,6.409999847412109,6.210000038146973,6.28000020980835,6.28000020980835,29200
2021-11-04,6.289999961853027,6.590000152587891,6.289999961853027,6.449999809265137,6.449999809265137,47300
2021-11-05,6.489999771118164,6.489999771118164,6.039999961853027,6.039999961853027,6.039999961853027,93300
2021-11-08,6.079999923706055,6.090000152587891,5.960000038146973,6.039999961853027,6.039999961853027,60900
2021-11-09,6.039999961853027,6.199999809265137,6.010000228881836,6.139999866485596,6.139999866485596,25900
2021-11-10,6.039999961853027,6.110000133514404,5.900000095367432,6.0,6.0,51200
2021-11-11,5.949999809265137,5.96999979019165,5.71999979019165,5.71999979019165,5.71999979019165,88100
2021-11-12,5.699999809265137,5.809999942779541,5.679999828338623,5.690000057220459,5.690000057220459,55200
2021-11-15,5.730000019073486,5.739999771118164,5.400000095367432,5.460000038146973,5.460000038146973,127400
2021-11-16,5.400000095367432,5.599999904632568,5.179999828338623,5.440000057220459,5.440000057220459,124900
2021-11-17,5.440000057220459,5.519999980926514,5.150000095367432,5.269999980926514,5.269999980926514,60300
2021-11-18,5.239999771118164,5.329999923706055,5.0,5.050000190734863,5.050000190734863,62900
2021-11-19,5.010000228881836,5.260000228881836,4.869999885559082,5.03000020980835,5.03000020980835,73600
2021-11-22,5.119999885559082,5.119999885559082,4.650000095367432,4.75,4.75,88300
2021-11-23,4.789999961853027,4.840000152587891,4.409999847412109,4.739999771118164,4.739999771118164,96100
2021-11-24,4.659999847412109,4.900000095367432,4.590000152587891,4.789999961853027,4.789999961853027,38300
2021-11-26,4.769999980926514,4.769999980926514,4.539999961853027,4.710000038146973,4.710000038146973,44700
2021-11-29,4.800000190734863,5.440000057220459,4.739999771118164,4.989999771118164,4.989999771118164,132800
2021-11-30,4.989999771118164,5.099999904632568,4.699999809265137,4.789999961853027,4.789999961853027,79900
2021-12-01,4.860000133514404,4.980000019073486,4.599999904632568,4.599999904632568,4.599999904632568,53600
2021-12-02,4.590000152587891,4.730000019073486,4.46999979019165,4.519999980926514,4.519999980926514,53800
2021-12-03,4.539999961853027,4.699999809265137,4.25,4.400000095367432,4.400000095367432,67800
2021-12-06,4.400000095367432,4.550000190734863,4.300000190734863,4.380000114440918,4.380000114440918,58400
2021-12-07,4.5,4.880000114440918,4.409999847412109,4.730000019073486,4.730000019073486,68800
2021-12-08,4.699999809265137,5.199999809265137,4.679999828338623,4.949999809265137,4.949999809265137,67100
2021-12-09,5.0,5.0,4.550000190734863,4.570000171661377,4.570000171661377,49600
2021-12-10,4.559999942779541,4.619999885559082,4.5,4.5,4.5,23700
2021-12-13,4.5,4.559999942779541,4.28000020980835,4.340000152587891,4.340000152587891,66500
2021-12-14,4.260000228881836,4.389999866485596,4.079999923706055,4.099999904632568,4.099999904632568,53300
2021-12-15,4.099999904632568,4.190000057220459,3.809999942779541,4.150000095367432,4.150000095367432,64200
2021-12-16,4.179999828338623,4.21999979019165,4.010000228881836,4.010000228881836,4.010000228881836,35000
2021-12-17,3.950000047683716,4.300000190734863,3.890000104904175,4.130000114440918,4.130000114440918,40700
2021-12-20,4.010000228881836,4.03000020980835,3.9100000858306885,3.9700000286102295,3.9700000286102295,39100
2021-12-21,3.9700000286102295,4.050000190734863,3.869999885559082,3.950000047683716,3.950000047683716,64400
2021-12-22,3.9100000858306885,4.150000095367432,3.8499999046325684,4.010000228881836,4.010000228881836,75100
2021-12-23,4.010000228881836,4.099999904632568,3.9800000190734863,4.019999980926514,4.019999980926514,38500
2021-12-27,4.0,4.0,3.819999933242798,3.869999885559082,3.869999885559082,140000
2021-12-28,3.819999933242798,3.9200000762939453,3.799999952316284,3.869999885559082,3.869999885559082,160300
2021-12-29,3.8399999141693115,3.940000057220459,3.759999990463257,3.7699999809265137,3.7699999809265137,83500
2021-12-30,3.740000009536743,3.9600000381469727,3.7100000381469727,3.799999952316284,3.799999952316284,94800
2021-12-31,3.809999942779541,3.9000000953674316,3.630000114440918,3.630000114440918,3.630000114440918,82000
2022-01-03,3.7300000190734863,4.409999847412109,3.7300000190734863,4.300000190734863,4.300000190734863,201500
2022-01-04,4.389999866485596,4.480000019073486,3.8499999046325684,3.9000000953674316,3.9000000953674316,74900
2022-01-05,3.9100000858306885,4.019999980926514,3.5999999046325684,3.609999895095825,3.609999895095825,57200
2022-01-06,3.630000114440918,3.9200000762939453,3.559999942779541,3.7699999809265137,3.7699999809265137,47600
2022-01-07,3.809999942779541,3.950000047683716,3.7300000190734863,3.799999952316284,3.799999952316284,33400
2022-01-10,3.7100000381469727,3.890000104904175,3.5999999046325684,3.759999990463257,3.759999990463257,92200
2022-01-11,3.75,3.880000114440918,3.6600000858306885,3.819999933242798,3.819999933242798,39900
2022-01-12,4.110000133514404,4.110000133514404,3.880000114440918,3.950000047683716,3.950000047683716,55100
2022-01-13,3.9700000286102295,3.9800000190734863,3.7100000381469727,3.7100000381469727,3.7100000381469727,54800
2022-01-14,3.700000047683716,3.9000000953674316,3.700000047683716,3.740000009536743,3.740000009536743,24900
2022-01-18,3.7300000190734863,3.7699999809265137,3.309999942779541,3.3499999046325684,3.3499999046325684,91200
2022-01-19,3.319999933242798,3.430000066757202,3.069999933242798,3.069999933242798,3.069999933242798,75900
2022-01-20,3.0999999046325684,3.25,2.880000114440918,2.9000000953674316,2.9000000953674316,72900
2022-01-21,2.9100000858306885,3.009999990463257,2.7100000381469727,2.7899999618530273,2.7899999618530273,86300
2022-01-24,2.75,2.9600000381469727,2.559999942779541,2.9100000858306885,2.9100000858306885,114000
2022-01-25,2.799999952316284,3.200000047683716,2.799999952316284,3.1700000762939453,3.1700000762939453,36000
2022-01-26,3.180000066757202,3.200000047683716,2.890000104904175,2.950000047683716,2.950000047683716,56600
2022-01-27,3.009999990463257,3.0299999713897705,2.680000066757202,2.740000009536743,2.740000009536743,27900
2022-01-28,2.690000057220459,3.0,2.6700000762939453,2.9200000762939453,2.9200000762939453,21500
2022-01-31,2.940000057220459,3.200000047683716,2.940000057220459,3.119999885559082,3.119999885559082,24200
2022-02-01,3.1600000858306885,3.3299999237060547,3.1600000858306885,3.259999990463257,3.259999990463257,54900
2022-02-02,3.259999990463257,3.259999990463257,3.009999990463257,3.0999999046325684,3.0999999046325684,48100
2022-02-03,3.069999933242798,3.190000057220459,3.0399999618530273,3.119999885559082,3.119999885559082,30500
2022-02-04,3.109999895095825,3.3499999046325684,3.109999895095825,3.200000047683716,3.200000047683716,24700
2022-02-07,3.200000047683716,3.4000000953674316,3.140000104904175,3.2300000190734863,3.2300000190734863,108000
2022-02-08,3.240000009536743,3.240000009536743,3.049999952316284,3.0999999046325684,3.0999999046325684,28900
2022-02-09,3.130000114440918,3.25,2.9100000858306885,2.9800000190734863,2.9800000190734863,66400
2022-02-10,3.0799999237060547,3.0799999237060547,2.8299999237060547,2.859999895095825,2.859999895095825,46700
2022-02-11,2.859999895095825,3.0899999141693115,2.7300000190734863,2.75,2.75,66000
2022-02-14,2.740000009536743,2.799999952316284,2.700000047683716,2.75,2.75,43900
2022-02-15,2.799999952316284,3.0999999046325684,2.799999952316284,3.0399999618530273,3.0399999618530273,40000
2022-02-16,3.0,3.0399999618530273,2.9200000762939453,2.9800000190734863,2.9800000190734863,20500
2022-02-17,2.940000057220459,3.0299999713897705,2.8499999046325684,2.880000114440918,2.880000114440918,28800
2022-02-18,2.9200000762939453,3.0399999618530273,2.809999942779541,2.880000114440918,2.880000114440918,12300
2022-02-22,2.7699999809265137,2.869999885559082,2.6700000762939453,2.740000009536743,2.740000009536743,48100
2022-02-23,2.740000009536743,2.9800000190734863,2.740000009536743,2.890000104904175,2.890000104904175,33600
2022-02-24,2.7200000286102295,2.950000047683716,2.6500000953674316,2.880000114440918,2.880000114440918,36700
2022-02-25,2.9000000953674316,3.1700000762939453,2.9000000953674316,3.119999885559082,3.119999885559082,39300
2022-02-28,3.0999999046325684,3.640000104904175,3.069999933242798,3.559999942779541,3.559999942779541,57200
2022-03-01,3.7300000190734863,3.7699999809265137,3.5399999618530273,3.7699999809265137,3.7699999809265137,87200
2022-03-02,3.990000009536743,4.25,3.799999952316284,4.239999771118164,4.239999771118164,82100
2022-03-03,4.670000076293945,4.670000076293945,4.300000190734863,4.409999847412109,4.409999847412109,149600
2022-03-04,4.199999809265137,4.199999809265137,3.880000114440918,3.9100000858306885,3.9100000858306885,64100
2022-03-07,3.7799999713897705,4.25,3.7799999713897705,3.859999895095825,3.859999895095825,68300
2022-03-08,3.930000066757202,4.059999942779541,3.3399999141693115,3.4700000286102295,3.4700000286102295,68600
2022-03-09,3.4600000381469727,4.369999885559082,3.4000000953674316,4.070000171661377,4.070000171661377,157700
2022-03-10,4.0,4.099999904632568,3.7899999618530273,3.9000000953674316,3.9000000953674316,26600
2022-03-11,3.869999885559082,4.059999942779541,3.75,3.7699999809265137,3.7699999809265137,41100
2022-03-14,3.880000114440918,3.9200000762939453,3.700000047683716,3.7200000286102295,3.7200000286102295,20300
2022-03-15,3.7699999809265137,3.930000066757202,3.690000057220459,3.8299999237060547,3.8299999237060547,20200
2022-03-16,3.940000057220459,3.940000057220459,3.7200000286102295,3.859999895095825,3.859999895095825,17100
2022-03-17,3.880000114440918,3.930000066757202,3.8399999141693115,3.9000000953674316,3.9000000953674316,13300
2022-03-18,3.8499999046325684,4.0,3.799999952316284,3.950000047683716,3.950000047683716,26100
2022-03-21,4.0,4.0,3.8399999141693115,3.930000066757202,3.930000066757202,8200
2022-03-22,4.0,4.110000133514404,4.0,4.079999923706055,4.079999923706055,22000
2022-03-23,3.990000009536743,4.050000190734863,3.799999952316284,3.809999942779541,3.809999942779541,48400
2022-03-24,3.890000104904175,4.010000228881836,3.759999990463257,4.010000228881836,4.010000228881836,17500
2022-03-25,3.9000000953674316,3.9800000190734863,3.799999952316284,3.8299999237060547,3.8299999237060547,29700
2022-03-28,3.7699999809265137,3.9100000858306885,3.5199999809265137,3.6600000858306885,3.6600000858306885,46100
2022-03-29,3.7100000381469727,3.940000057220459,3.5899999141693115,3.7899999618530273,3.7899999618530273,21500
2022-03-30,3.7799999713897705,3.9200000762939453,3.700000047683716,3.809999942779541,3.809999942779541,17700
2022-03-31,3.8299999237060547,3.8299999237060547,3.700000047683716,3.759999990463257,3.759999990463257,8000
2022-04-01,3.7200000286102295,3.7899999618530273,3.609999895095825,3.7100000381469727,3.7100000381469727,10600
2022-04-04,3.609999895095825,3.75,3.5899999141693115,3.5999999046325684,3.5999999046325684,25800
2022-04-05,3.549999952316284,3.5899999141693115,3.450000047683716,3.5399999618530273,3.5399999618530273,18000
2022-04-06,3.4800000190734863,3.5299999713897705,3.4800000190734863,3.490000009536743,3.490000009536743,11300
2022-04-07,3.509999990463257,3.569999933242798,3.450000047683716,3.490000009536743,3.490000009536743,9800
2022-04-08,3.5399999618530273,3.5399999618530273,3.309999942779541,3.390000104904175,3.390000104904175,13000
2022-04-11,3.380000114440918,3.380000114440918,3.1500000953674316,3.2200000286102295,3.2200000286102295,28100
2022-04-12,3.25,3.390000104904175,3.1600000858306885,3.190000057220459,3.190000057220459,5600
2022-04-13,3.1500000953674316,3.4200000762939453,3.1500000953674316,3.2799999713897705,3.2799999713897705,15500
2022-04-14,3.309999942779541,3.359999895095825,3.2200000286102295,3.299999952316284,3.299999952316284,14700
2022-04-18,3.390000104904175,3.390000104904175,3.0399999618530273,3.069999933242798,3.069999933242798,19200
2022-04-19,3.2699999809265137,3.4100000858306885,3.049999952316284,3.140000104904175,3.140000104904175,9000
2022-04-20,3.1700000762939453,3.240000009536743,3.1500000953674316,3.2200000286102295,3.2200000286102295,14500
2022-04-21,3.259999990463257,3.299999952316284,3.0199999809265137,3.0299999713897705,3.0299999713897705,25400
2022-04-22,3.0399999618530273,3.1700000762939453,2.9800000190734863,3.0999999046325684,3.0999999046325684,17500
2022-04-25,3.0999999046325684,3.2200000286102295,3.0,3.049999952316284,3.049999952316284,19400
2022-04-26,2.9600000381469727,3.2100000381469727,2.9100000858306885,3.0399999618530273,3.0399999618530273,19300
2022-04-27,2.990000009536743,3.450000047683716,2.9100000858306885,2.9800000190734863,2.9800000190734863,125400
2022-04-28,2.9700000286102295,3.0799999237060547,2.869999885559082,2.990000009536743,2.990000009536743,21300
2022-04-29,2.9200000762939453,3.0,2.8399999141693115,2.869999885559082,2.869999885559082,27400
2022-05-02,2.9200000762939453,2.940000057220459,2.759999990463257,2.8299999237060547,2.8299999237060547,10500
2022-05-03,2.9100000858306885,2.9100000858306885,2.75,2.809999942779541,2.809999942779541,13700
2022-05-04,2.8399999141693115,2.8399999141693115,2.6500000953674316,2.809999942779541,2.809999942779541,21100
2022-05-05,2.7899999618530273,2.799999952316284,2.6500000953674316,2.740000009536743,2.740000009536743,21200
2022-05-06,2.6500000953674316,2.809999942779541,2.5999999046325684,2.6500000953674316,2.6500000953674316,17700
2022-05-09,2.5399999618530273,2.630000114440918,2.4000000953674316,2.450000047683716,2.450000047683716,56500
2022-05-10,2.4700000286102295,2.4700000286102295,2.25,2.390000104904175,2.390000104904175,19900
2022-05-11,2.390000104904175,2.549999952316284,2.2899999618530273,2.319999933242798,2.319999933242798,25900
2022-05-12,2.25,2.4700000286102295,2.240000009536743,2.4200000762939453,2.4200000762939453,39100
2022-05-13,2.430000066757202,2.5799999237060547,2.4200000762939453,2.549999952316284,2.549999952316284,35400
2022-05-16,2.5799999237060547,2.5899999141693115,2.509999990463257,2.559999942779541,2.559999942779541,12300
2022-05-17,2.740000009536743,2.819999933242798,2.630000114440918,2.7100000381469727,2.7100000381469727,19000
2022-05-18,2.7100000381469727,2.7300000190734863,2.6600000858306885,2.6700000762939453,2.6700000762939453,14500
2022-05-19,2.690000057220459,2.7899999618530273,2.690000057220459,2.7899999618530273,2.7899999618530273,12800
2022-05-20,2.7100000381469727,2.7899999618530273,2.359999895095825,2.4700000286102295,2.4700000286102295,31400
2022-05-23,2.4700000286102295,2.5799999237060547,2.4700000286102295,2.509999990463257,2.509999990463257,11000
2022-05-24,2.440000057220459,2.5299999713897705,2.390000104904175,2.4200000762939453,2.4200000762939453,7400
2022-05-25,2.390000104904175,2.4100000858306885,2.299999952316284,2.359999895095825,2.359999895095825,9300
2022-05-26,2.3499999046325684,2.4000000953674316,2.299999952316284,2.3299999237060547,2.3299999237060547,14800
2022-05-27,2.3299999237060547,2.490000009536743,2.3299999237060547,2.4000000953674316,2.4000000953674316,26100
2022-05-31,2.4000000953674316,2.5399999618530273,2.4000000953674316,2.4100000858306885,2.4100000858306885,20300
2022-06-01,2.390000104904175,2.5399999618530273,2.390000104904175,2.430000066757202,2.430000066757202,6800
2022-06-02,2.390000104904175,2.4000000953674316,2.3299999237060547,2.369999885559082,2.369999885559082,11500
2022-06-03,2.3299999237060547,2.3499999046325684,2.2899999618530273,2.3399999141693115,2.3399999141693115,26500
2022-06-06,2.3299999237060547,2.3399999141693115,2.299999952316284,2.309999942779541,2.309999942779541,11500
2022-06-07,2.4000000953674316,2.4200000762939453,2.2200000286102295,2.2200000286102295,2.2200000286102295,21300
2022-06-08,2.259999990463257,2.259999990463257,2.180000066757202,2.259999990463257,2.259999990463257,43300
2022-06-09,2.240000009536743,2.240000009536743,2.0199999809265137,2.0899999141693115,2.0899999141693115,54600
2022-06-10,2.0299999713897705,2.2699999809265137,2.0299999713897705,2.0899999141693115,2.0899999141693115,43600
2022-06-13,2.069999933242798,2.069999933242798,1.9800000190734863,1.9800000190734863,1.9800000190734863,60500
2022-06-14,2.0199999809265137,2.0199999809265137,1.9299999475479126,1.9600000381469727,1.9600000381469727,16700
2022-06-15,2.049999952316284,2.059999942779541,1.9900000095367432,2.0199999809265137,2.0199999809265137,18400
2022-06-16,1.9199999570846558,2.0,1.7699999809265137,1.8899999856948853,1.8899999856948853,65400
2022-06-17,1.8700000047683716,1.909999966621399,1.840000033378601,1.8799999952316284,1.8799999952316284,21900
2022-06-21,1.909999966621399,2.009999990463257,1.909999966621399,2.0,2.0,20300
2022-06-22,2.0,2.0,1.7300000190734863,1.8899999856948853,1.8899999856948853,92100
2022-06-23,1.7999999523162842,1.899999976158142,1.7999999523162842,1.8799999952316284,1.8799999952316284,30400
2022-06-24,1.8899999856948853,1.899999976158142,1.7699999809265137,1.7699999809265137,1.7699999809265137,37200
2022-06-27,1.7899999618530273,1.8700000047683716,1.7699999809265137,1.8300000429153442,1.8300000429153442,12100
2022-06-28,1.7599999904632568,1.9299999475479126,1.7100000381469727,1.7100000381469727,1.7100000381469727,31900
2022-06-29,1.7300000190734863,1.7899999618530273,1.7300000190734863,1.7799999713897705,1.7799999713897705,10500
2022-06-30,1.7300000190734863,1.7999999523162842,1.7100000381469727,1.7699999809265137,1.7699999809265137,16000
2022-07-01,1.8799999952316284,1.8799999952316284,1.75,1.7599999904632568,1.7599999904632568,11800
2022-07-05,1.7599999904632568,1.8600000143051147,1.7599999904632568,1.809999942779541,1.809999942779541,18200
2022-07-06,1.8200000524520874,2.1600000858306885,1.809999942779541,2.130000114440918,2.130000114440918,68000
2022-07-07,2.130000114440918,2.440000057220459,2.130000114440918,2.4000000953674316,2.4000000953674316,53600
2022-07-08,2.490000009536743,3.630000114440918,2.4600000381469727,3.0999999046325684,3.0999999046325684,3558200
2022-07-11,2.9800000190734863,3.180000066757202,2.9200000762939453,3.1500000953674316,3.1500000953674316,256200
2022-07-12,2.9000000953674316,3.4200000762939453,2.869999885559082,3.4000000953674316,3.4000000953674316,194300
2022-07-13,3.4200000762939453,3.630000114440918,3.2699999809265137,3.4000000953674316,3.4000000953674316,265300
2022-07-14,3.299999952316284,3.490000009536743,3.0799999237060547,3.130000114440918,3.130000114440918,79100
2022-07-15,3.009999990463257,3.049999952316284,2.6500000953674316,2.7100000381469727,2.7100000381469727,73700
2022-07-18,2.759999990463257,2.9600000381469727,2.759999990463257,2.7799999713897705,2.7799999713897705,28100
2022-07-19,2.799999952316284,3.140000104904175,2.799999952316284,2.9100000858306885,2.9100000858306885,30300
2022-07-20,2.869999885559082,3.059999942779541,2.869999885559082,3.0199999809265137,3.0199999809265137,29500
2022-07-21,3.0,3.0799999237060547,2.9000000953674316,2.9800000190734863,2.9800000190734863,18500
2022-07-22,2.9800000190734863,3.0899999141693115,2.8299999237060547,2.869999885559082,2.869999885559082,21400
2022-07-25,2.9200000762939453,3.069999933242798,2.9000000953674316,3.0199999809265137,3.0199999809265137,17600
2022-07-26,2.9700000286102295,3.0199999809265137,2.799999952316284,2.890000104904175,2.890000104904175,18500
2022-07-27,2.880000114440918,3.049999952316284,2.869999885559082,3.0399999618530273,3.0399999618530273,13700
2022-07-28,3.0299999713897705,3.0399999618530273,2.9200000762939453,2.940000057220459,2.940000057220459,11900
2022-07-29,2.940000057220459,2.9800000190734863,2.8299999237060547,2.940000057220459,2.940000057220459,11600
2022-08-01,2.9000000953674316,3.0299999713897705,2.9000000953674316,2.9100000858306885,2.9100000858306885,17300
2022-08-02,2.8499999046325684,2.930000066757202,2.8499999046325684,2.9000000953674316,2.9000000953674316,14900
2022-08-03,2.9100000858306885,2.9700000286102295,2.869999885559082,2.9000000953674316,2.9000000953674316,14100
2022-08-04,2.880000114440918,3.0,2.880000114440918,2.9800000190734863,2.9800000190734863,22500
2022-08-05,3.009999990463257,3.2699999809265137,2.9600000381469727,3.2100000381469727,3.2100000381469727,102000
2022-08-08,3.1700000762939453,3.7200000286102295,3.1700000762939453,3.549999952316284,3.549999952316284,207400
2022-08-09,3.5,3.5399999618530273,3.0399999618530273,3.180000066757202,3.180000066757202,105500
2022-08-10,3.2100000381469727,3.4100000858306885,3.2100000381469727,3.3499999046325684,3.3499999046325684,88000
2022-08-11,3.440000057220459,3.5899999141693115,3.2699999809265137,3.299999952316284,3.299999952316284,77800
2022-08-12,3.3399999141693115,3.3399999141693115,3.0999999046325684,3.2799999713897705,3.2799999713897705,39400
2022-08-15,3.190000057220459,3.200000047683716,2.9200000762939453,3.0399999618530273,3.0399999618530273,47300
2022-08-16,3.1500000953674316,3.25,3.009999990463257,3.0299999713897705,3.0299999713897705,42300
2022-08-17,2.9600000381469727,3.0299999713897705,2.869999885559082,2.9800000190734863,2.9800000190734863,24700
2022-08-18,2.9800000190734863,3.0299999713897705,2.799999952316284,3.0,3.0,42500
2022-08-19,3.0,3.0,2.809999942779541,2.869999885559082,2.869999885559082,39800
2022-08-22,2.8299999237060547,3.009999990463257,2.7200000286102295,2.7699999809265137,2.7699999809265137,29800
2022-08-23,2.890000104904175,2.890000104904175,2.5999999046325684,2.5999999046325684,2.5999999046325684,31400
2022-08-24,2.7300000190734863,2.7300000190734863,2.5299999713897705,2.549999952316284,2.549999952316284,7800
2022-08-25,2.6700000762939453,2.8399999141693115,2.5,2.559999942779541,2.559999942779541,12900
2022-08-26,2.5799999237060547,2.609999895095825,2.5,2.569999933242798,2.569999933242798,50600
2022-08-29,2.5799999237060547,2.5899999141693115,2.4200000762939453,2.5,2.5,21100
2022-08-30,2.440000057220459,2.5399999618530273,2.2799999713897705,2.309999942779541,2.309999942779541,31500
2022-08-31,2.3499999046325684,2.5,2.319999933242798,2.359999895095825,2.359999895095825,34000
2022-09-01,2.619999885559082,2.619999885559082,2.2799999713897705,2.2799999713897705,2.2799999713897705,20500
2022-09-02,2.259999990463257,2.4700000286102295,2.259999990463257,2.309999942779541,2.309999942779541,33600
2022-09-06,2.630000114440918,2.859999895095825,2.450000047683716,2.619999885559082,2.619999885559082,2714200
2022-09-07,2.2899999618530273,2.430000066757202,2.2200000286102295,2.359999895095825,2.359999895095825,161000
2022-09-08,2.359999895095825,2.4100000858306885,2.2899999618530273,2.4000000953674316,2.4000000953674316,51100
2022-09-09,2.430000066757202,2.5999999046325684,2.380000114440918,2.5199999809265137,2.5199999809265137,75200
2022-09-12,2.440000057220459,2.549999952316284,2.440000057220459,2.490000009536743,2.490000009536743,30800
2022-09-13,2.4100000858306885,2.4800000190734863,2.3399999141693115,2.440000057220459,2.440000057220459,31200
2022-09-14,2.369999885559082,2.509999990463257,2.2799999713897705,2.2799999713897705,2.2799999713897705,50200
2022-09-15,2.2799999713897705,2.4000000953674316,2.2799999713897705,2.309999942779541,2.309999942779541,42700
2022-09-16,2.2799999713897705,2.369999885559082,2.2799999713897705,2.369999885559082,2.369999885559082,135100
2022-09-19,2.359999895095825,2.359999895095825,2.180000066757202,2.2300000190734863,2.2300000190734863,20700
2022-09-20,2.2300000190734863,2.2699999809265137,2.119999885559082,2.180000066757202,2.180000066757202,18600
2022-09-21,2.130000114440918,2.1700000762939453,2.0999999046325684,2.130000114440918,2.130000114440918,10700
2022-09-22,2.190000057220459,2.25,2.009999990463257,2.059999942779541,2.059999942779541,27500
2022-09-23,2.0,2.0199999809265137,1.899999976158142,1.9500000476837158,1.9500000476837158,49700
2022-09-26,1.909999966621399,2.049999952316284,1.8700000047683716,2.0299999713897705,2.0299999713897705,34300
2022-09-27,2.0999999046325684,2.140000104904175,2.009999990463257,2.049999952316284,2.049999952316284,9600
2022-09-28,1.9800000190734863,2.119999885559082,1.9800000190734863,2.0799999237060547,2.0799999237060547,15100
2022-09-29,2.049999952316284,2.190000057220459,2.0199999809265137,2.140000104904175,2.140000104904175,19100
2022-09-30,2.190000057220459,2.2100000381469727,2.049999952316284,2.049999952316284,2.049999952316284,11300
2022-10-03,2.0999999046325684,2.1500000953674316,2.059999942779541,2.0899999141693115,2.0899999141693115,13300
2022-10-04,2.109999895095825,2.2100000381469727,2.109999895095825,2.1700000762939453,2.1700000762939453,18700
2022-10-05,2.2300000190734863,2.2300000190734863,2.0799999237060547,2.119999885559082,2.119999885559082,9700
2022-10-06,2.0999999046325684,2.140000104904175,2.049999952316284,2.119999885559082,2.119999885559082,23700
2022-10-07,2.0799999237060547,2.140000104904175,1.9500000476837158,2.0199999809265137,2.0199999809265137,19200
2022-10-10,2.0,2.069999933242798,1.909999966621399,1.9500000476837158,1.9500000476837158,52800
2022-10-11,1.9500000476837158,2.140000104904175,1.909999966621399,1.909999966621399,1.909999966621399,23700
2022-10-12,1.8899999856948853,1.8899999856948853,1.8300000429153442,1.8799999952316284,1.8799999952316284,15800
2022-10-13,1.9500000476837158,1.9500000476837158,1.75,1.7599999904632568,1.7599999904632568,47200
2022-10-14,1.840000033378601,1.840000033378601,1.6299999952316284,1.7100000381469727,1.7100000381469727,42800
2022-10-17,1.690000057220459,1.7899999618530273,1.690000057220459,1.7300000190734863,1.7300000190734863,24700
2022-10-18,1.690000057220459,1.7699999809265137,1.6799999475479126,1.7400000095367432,1.7400000095367432,24700
2022-10-19,1.7899999618530273,1.809999942779541,1.7100000381469727,1.7200000286102295,1.7200000286102295,63300
2022-10-20,1.7200000286102295,1.7599999904632568,1.6799999475479126,1.7400000095367432,1.7400000095367432,18200
2022-10-21,1.7699999809265137,1.7899999618530273,1.690000057220459,1.7100000381469727,1.7100000381469727,11800
2022-10-24,1.690000057220459,1.7400000095367432,1.600000023841858,1.7000000476837158,1.7000000476837158,21200
2022-10-25,1.7000000476837158,1.75,1.6299999952316284,1.7300000190734863,1.7300000190734863,11800
2022-10-26,1.75,1.840000033378601,1.7100000381469727,1.7899999618530273,1.7899999618530273,24600
2022-10-27,1.75,1.7799999713897705,1.7300000190734863,1.7599999904632568,1.7599999904632568,6800
2022-10-28,1.7300000190734863,1.7999999523162842,1.7300000190734863,1.7699999809265137,1.7699999809265137,29300
2022-10-31,1.7899999618530273,1.7899999618530273,1.6299999952316284,1.6399999856948853,1.6399999856948853,20100
2022-11-01,1.7000000476837158,1.7100000381469727,1.600000023841858,1.659999966621399,1.659999966621399,30000
2022-11-02,1.649999976158142,1.6699999570846558,1.5499999523162842,1.5700000524520874,1.5700000524520874,22800
2022-11-03,1.5499999523162842,1.6100000143051147,1.5099999904632568,1.559999942779541,1.559999942779541,12200
2022-11-04,1.600000023841858,1.659999966621399,1.5199999809265137,1.5199999809265137,1.5199999809265137,23500
2022-11-07,1.5499999523162842,1.600000023841858,1.5099999904632568,1.5499999523162842,1.5499999523162842,15100
2022-11-08,1.659999966621399,1.659999966621399,1.5499999523162842,1.600000023841858,1.600000023841858,16600
2022-11-09,1.5700000524520874,1.600000023841858,1.5,1.5099999904632568,1.5099999904632568,25400
2022-11-10,1.5800000429153442,1.590000033378601,1.5299999713897705,1.5299999713897705,1.5299999713897705,10900
2022-11-11,1.5499999523162842,1.6399999856948853,1.5499999523162842,1.6200000047683716,1.6200000047683716,21300
2022-11-14,1.5800000429153442,1.649999976158142,1.5800000429153442,1.5800000429153442,1.5800000429153442,16800
2022-11-15,1.690000057220459,1.690000057220459,1.6299999952316284,1.6399999856948853,1.6399999856948853,33000
2022-11-16,1.690000057220459,1.7000000476837158,1.6200000047683716,1.6200000047683716,1.6200000047683716,9800
2022-11-17,1.590000033378601,1.6799999475479126,1.5800000429153442,1.6299999952316284,1.6299999952316284,16500
2022-11-18,1.6299999952316284,1.6299999952316284,1.5499999523162842,1.5499999523162842,1.5499999523162842,10900
2022-11-21,1.5099999904632568,1.600000023841858,1.5099999904632568,1.559999942779541,1.559999942779541,14700
2022-11-22,1.5,1.5499999523162842,1.4800000190734863,1.4800000190734863,1.4800000190734863,33400
2022-11-23,1.5399999618530273,1.5499999523162842,1.5,1.5199999809265137,1.5199999809265137,18800
2022-11-25,1.5199999809265137,1.5399999618530273,1.5099999904632568,1.5099999904632568,1.5099999904632568,7700
2022-11-28,1.5,1.5299999713897705,1.4800000190734863,1.5,1.5,12100
2022-11-29,1.5,1.5,1.4500000476837158,1.4700000286102295,1.4700000286102295,26600
2022-11-30,1.4800000190734863,1.5499999523162842,1.4700000286102295,1.5099999904632568,1.5099999904632568,14000
2022-12-01,1.5199999809265137,1.559999942779541,1.5199999809265137,1.559999942779541,1.559999942779541,11000
2022-12-02,1.5099999904632568,1.5800000429153442,1.5099999904632568,1.5199999809265137,1.5199999809265137,10400
2022-12-05,1.5199999809265137,1.5499999523162842,1.4800000190734863,1.5099999904632568,1.5099999904632568,12500
2022-12-06,1.5,1.559999942779541,1.5,1.5199999809265137,1.5199999809265137,11000
2022-12-07,1.5199999809265137,1.5700000524520874,1.5199999809265137,1.5399999618530273,1.5399999618530273,11100
2022-12-08,1.5299999713897705,1.6399999856948853,1.5299999713897705,1.6399999856948853,1.6399999856948853,21200
2022-12-09,1.6699999570846558,1.7100000381469727,1.649999976158142,1.7000000476837158,1.7000000476837158,30900
2022-12-12,1.7599999904632568,1.7799999713897705,1.7100000381469727,1.7799999713897705,1.7799999713897705,19100
2022-12-13,1.8899999856948853,1.899999976158142,1.7799999713897705,1.8200000524520874,1.8200000524520874,26800
2022-12-14,1.7899999618530273,1.7999999523162842,1.7300000190734863,1.7400000095367432,1.7400000095367432,19300
2022-12-15,1.7300000190734863,1.7899999618530273,1.6799999475479126,1.7799999713897705,1.7799999713897705,24200
2022-12-16,1.75,1.850000023841858,1.7000000476837158,1.7200000286102295,1.7200000286102295,35100
2022-12-19,1.7100000381469727,1.75,1.590000033378601,1.600000023841858,1.600000023841858,25300
2022-12-20,1.600000023841858,1.6299999952316284,1.5499999523162842,1.5499999523162842,1.5499999523162842,22000
2022-12-21,1.590000033378601,1.7200000286102295,1.5800000429153442,1.6399999856948853,1.6399999856948853,25900
2022-12-22,1.6399999856948853,1.6399999856948853,1.5299999713897705,1.6399999856948853,1.6399999856948853,22500
2022-12-23,1.6200000047683716,1.6399999856948853,1.559999942779541,1.590000033378601,1.590000033378601,8700
2022-12-27,1.5099999904632568,1.5299999713897705,1.4900000095367432,1.4900000095367432,1.4900000095367432,70100
2022-12-28,1.4600000381469727,1.5,1.4500000476837158,1.4500000476837158,1.4500000476837158,18900
2022-12-29,1.409999966621399,1.4600000381469727,1.409999966621399,1.409999966621399,1.409999966621399,18300
2022-12-30,1.4299999475479126,1.440000057220459,1.3700000047683716,1.409999966621399,1.409999966621399,26400
2023-01-03,1.4700000286102295,1.5199999809265137,1.4700000286102295,1.5,1.5,8000
2023-01-04,1.5,1.5299999713897705,1.399999976158142,1.440000057220459,1.440000057220459,25200
2023-01-05,1.409999966621399,1.5499999523162842,1.399999976158142,1.5,1.5,34100
2023-01-06,1.5099999904632568,1.5099999904632568,1.4500000476837158,1.4500000476837158,1.4500000476837158,12300
2023-01-09,1.4600000381469727,1.5199999809265137,1.4600000381469727,1.4800000190734863,1.4800000190734863,7500
2023-01-10,1.4800000190734863,1.590000033378601,1.4800000190734863,1.5800000429153442,1.5800000429153442,15100
2023-01-11,1.649999976158142,1.7699999809265137,1.590000033378601,1.6299999952316284,1.6299999952316284,75100
2023-01-12,1.7100000381469727,1.850000023841858,1.7100000381469727,1.809999942779541,1.809999942779541,32800
2023-01-13,1.8700000047683716,1.8700000047683716,1.7899999618530273,1.840000033378601,1.840000033378601,33800
2023-01-17,1.840000033378601,1.8899999856948853,1.6299999952316284,1.6299999952316284,1.6299999952316284,61100
2023-01-18,1.690000057220459,1.7200000286102295,1.4800000190734863,1.4800000190734863,1.4800000190734863,33600
2023-01-19,1.5,1.6299999952316284,1.4800000190734863,1.6100000143051147,1.6100000143051147,23000
2023-01-20,1.7400000095367432,1.7400000095367432,1.5800000429153442,1.6299999952316284,1.6299999952316284,54600
2023-01-23,1.600000023841858,1.7000000476837158,1.600000023841858,1.6699999570846558,1.6699999570846558,30600
2023-01-24,1.690000057220459,1.690000057220459,1.5800000429153442,1.649999976158142,1.649999976158142,63600
2023-01-25,1.649999976158142,1.690000057220459,1.5700000524520874,1.5800000429153442,1.5800000429153442,44200
2023-01-26,1.5800000429153442,1.600000023841858,1.5299999713897705,1.590000033378601,1.590000033378601,20100
2023-01-27,1.559999942779541,1.6299999952316284,1.5499999523162842,1.590000033378601,1.590000033378601,21800
2023-01-30,1.600000023841858,1.6699999570846558,1.559999942779541,1.590000033378601,1.590000033378601,26000
2023-01-31,1.6699999570846558,1.6699999570846558,1.5700000524520874,1.6299999952316284,1.6299999952316284,16200
2023-02-01,1.600000023841858,1.7100000381469727,1.600000023841858,1.690000057220459,1.690000057220459,40400
2023-02-02,1.7200000286102295,1.840000033378601,1.7100000381469727,1.7400000095367432,1.7400000095367432,72400
2023-02-03,1.7200000286102295,1.840000033378601,1.6699999570846558,1.6799999475479126,1.6799999475479126,53100
2023-02-06,1.75,1.809999942779541,1.6299999952316284,1.649999976158142,1.649999976158142,17000
2023-02-07,1.649999976158142,1.7400000095367432,1.649999976158142,1.7400000095367432,1.7400000095367432,15000
2023-02-08,1.7799999713897705,1.940000057220459,1.7400000095367432,1.940000057220459,1.940000057220459,251600
2023-02-09,2.240000009536743,2.6500000953674316,2.2100000381469727,2.5199999809265137,2.5199999809265137,1444200
2023-02-10,2.75,2.799999952316284,2.0,2.069999933242798,2.069999933242798,589900
2023-02-13,2.069999933242798,2.25,2.0,2.130000114440918,2.130000114440918,149000
2023-02-14,2.140000104904175,2.2899999618530273,2.119999885559082,2.180000066757202,2.180000066757202,115900
2023-02-15,2.3299999237060547,2.930000066757202,2.319999933242798,2.640000104904175,2.640000104904175,931400
2023-02-16,2.7300000190734863,3.4000000953674316,2.509999990463257,3.200000047683716,3.200000047683716,884100
2023-02-17,3.2799999713897705,3.4000000953674316,2.799999952316284,2.880000114440918,2.880000114440918,447100
2023-02-21,2.880000114440918,3.2100000381469727,2.799999952316284,3.0,3.0,255900
2023-02-22,3.1600000858306885,3.240000009536743,2.8299999237060547,2.9200000762939453,2.9200000762939453,102800
2023-02-23,2.950000047683716,3.0,2.7699999809265137,2.799999952316284,2.799999952316284,129300
2023-02-24,2.859999895095825,2.859999895095825,2.619999885559082,2.7100000381469727,2.7100000381469727,72800
2023-02-27,2.690000057220459,2.7200000286102295,2.359999895095825,2.369999885559082,2.369999885559082,147200
2023-02-28,2.450000047683716,2.450000047683716,2.299999952316284,2.369999885559082,2.369999885559082,57600
2023-03-01,2.319999933242798,2.369999885559082,2.130000114440918,2.1600000858306885,2.1600000858306885,81200
2023-03-02,2.140000104904175,2.259999990463257,2.0999999046325684,2.2300000190734863,2.2300000190734863,41500
2023-03-03,2.200000047683716,2.2799999713897705,2.0999999046325684,2.190000057220459,2.190000057220459,156600
2023-03-06,2.200000047683716,2.2699999809265137,2.200000047683716,2.2300000190734863,2.2300000190734863,48100
2023-03-07,2.2300000190734863,2.2300000190734863,2.059999942779541,2.119999885559082,2.119999885559082,36700
2023-03-08,2.1600000858306885,2.200000047683716,2.069999933242798,2.0899999141693115,2.0899999141693115,19800
2023-03-09,2.049999952316284,2.0999999046325684,1.850000023841858,1.8700000047683716,1.8700000047683716,117200
2023-03-10,1.9299999475479126,1.9299999475479126,1.7599999904632568,1.8300000429153442,1.8300000429153442,44500
2023-03-13,1.7599999904632568,1.9700000286102295,1.7400000095367432,1.909999966621399,1.909999966621399,81600
2023-03-14,1.909999966621399,2.049999952316284,1.8899999856948853,1.940000057220459,1.940000057220459,43800
2023-03-15,1.9299999475479126,1.9700000286102295,1.899999976158142,1.909999966621399,1.909999966621399,46300
2023-03-16,1.909999966621399,2.0399999618530273,1.909999966621399,1.9800000190734863,1.9800000190734863,39200
2023-03-17,1.9299999475479126,2.0,1.9299999475479126,1.9800000190734863,1.9800000190734863,31000
2023-03-20,1.9600000381469727,2.009999990463257,1.8899999856948853,1.899999976158142,1.899999976158142,72000
2023-03-21,1.899999976158142,2.0399999618530273,1.899999976158142,1.9299999475479126,1.9299999475479126,17600
2023-03-22,2.0,2.059999942779541,1.9700000286102295,2.0299999713897705,2.0299999713897705,30600
2023-03-23,2.0899999141693115,2.0899999141693115,1.940000057220459,1.9600000381469727,1.9600000381469727,55200
2023-03-24,1.940000057220459,2.0299999713897705,1.9299999475479126,2.0299999713897705,2.0299999713897705,10200
2023-03-27,2.059999942779541,2.299999952316284,2.059999942779541,2.2699999809265137,2.2699999809265137,36900
2023-03-28,2.2799999713897705,2.3299999237060547,2.190000057220459,2.190000057220459,2.190000057220459,30600
2023-03-29,2.1600000858306885,2.2799999713897705,2.049999952316284,2.259999990463257,2.259999990463257,33700
2023-03-30,2.259999990463257,2.309999942779541,2.0399999618530273,2.1500000953674316,2.1500000953674316,26300
2023-03-31,2.180000066757202,2.25,2.1500000953674316,2.190000057220459,2.190000057220459,32000
2023-04-03,2.200000047683716,2.2300000190734863,2.119999885559082,2.140000104904175,2.140000104904175,10000
2023-04-04,2.180000066757202,2.180000066757202,2.059999942779541,2.109999895095825,2.109999895095825,25200
2023-04-05,2.059999942779541,2.119999885559082,2.049999952316284,2.069999933242798,2.069999933242798,11600
2023-04-06,2.059999942779541,2.2200000286102295,2.059999942779541,2.1700000762939453,2.1700000762939453,9500
2023-04-10,2.180000066757202,2.240000009536743,2.180000066757202,2.240000009536743,2.240000009536743,27000
2023-04-11,2.2100000381469727,2.25,2.2100000381469727,2.2300000190734863,2.2300000190734863,17300
2023-04-12,2.25,2.25,2.0999999046325684,2.109999895095825,2.109999895095825,27600
2023-04-13,2.109999895095825,2.25,2.109999895095825,2.2200000286102295,2.2200000286102295,11100
2023-04-14,2.1700000762939453,2.2200000286102295,2.0999999046325684,2.130000114440918,2.130000114440918,18500
2023-04-17,2.140000104904175,2.240000009536743,2.059999942779541,2.2200000286102295,2.2200000286102295,33800
2023-04-18,2.190000057220459,2.200000047683716,2.119999885559082,2.1600000858306885,2.1600000858306885,11800
2023-04-19,2.1600000858306885,2.2300000190734863,2.130000114440918,2.190000057220459,2.190000057220459,12100
2023-04-20,2.0999999046325684,2.1700000762939453,2.0799999237060547,2.0899999141693115,2.0899999141693115,55700
2023-04-21,2.0799999237060547,2.0899999141693115,2.0,2.049999952316284,2.049999952316284,51700
2023-04-24,2.0,2.049999952316284,1.8799999952316284,1.8799999952316284,1.8799999952316284,45700
2023-04-25,1.9700000286102295,1.9700000286102295,1.7899999618530273,1.7899999618530273,1.7899999618530273,21300
2023-04-26,1.7999999523162842,1.8600000143051147,1.7699999809265137,1.7699999809265137,1.7699999809265137,32700
2023-04-27,1.7599999904632568,1.8600000143051147,1.75,1.8300000429153442,1.8300000429153442,30200
2023-04-28,1.7899999618530273,1.9700000286102295,1.7899999618530273,1.9500000476837158,1.9500000476837158,23800
2023-05-01,1.9500000476837158,2.0299999713897705,1.9500000476837158,2.0,2.0,10100
2023-05-02,2.009999990463257,2.0199999809265137,1.909999966621399,1.9600000381469727,1.9600000381469727,12500
2023-05-03,1.9500000476837158,1.9600000381469727,1.8600000143051147,1.8600000143051147,1.8600000143051147,9000
2023-05-04,1.8799999952316284,1.9600000381469727,1.809999942779541,1.9600000381469727,1.9600000381469727,18600
2023-05-05,1.9700000286102295,1.9800000190734863,1.8700000047683716,1.899999976158142,1.899999976158142,16000
2023-05-08,1.909999966621399,1.9500000476837158,1.909999966621399,1.940000057220459,1.940000057220459,15200
2023-05-09,1.9500000476837158,1.9500000476837158,1.8899999856948853,1.9199999570846558,1.9199999570846558,9800
2023-05-10,1.9700000286102295,1.9700000286102295,1.899999976158142,1.899999976158142,1.899999976158142,12600
2023-05-11,1.9600000381469727,1.9600000381469727,1.809999942779541,1.809999942779541,1.809999942779541,17000
2023-05-12,1.8300000429153442,1.840000033378601,1.7699999809265137,1.840000033378601,1.840000033378601,9700
2023-05-15,1.8300000429153442,1.899999976158142,1.8300000429153442,1.850000023841858,1.850000023841858,12000
2023-05-16,1.7999999523162842,1.840000033378601,1.75,1.75,1.75,19600
2023-05-17,1.7699999809265137,1.7699999809265137,1.7200000286102295,1.7599999904632568,1.7599999904632568,11500
2023-05-18,1.7300000190734863,1.7999999523162842,1.7300000190734863,1.7999999523162842,1.7999999523162842,16800
2023-05-19,1.7999999523162842,1.8899999856948853,1.7999999523162842,1.7999999523162842,1.7999999523162842,15300
2023-05-22,1.850000023841858,1.8600000143051147,1.809999942779541,1.8200000524520874,1.8200000524520874,7800
2023-05-23,1.850000023841858,1.8600000143051147,1.7999999523162842,1.7999999523162842,1.7999999523162842,21600
2023-05-24,1.7999999523162842,1.850000023841858,1.7799999713897705,1.7799999713897705,1.7799999713897705,6300
2023-05-25,1.809999942779541,1.840000033378601,1.7999999523162842,1.7999999523162842,1.7999999523162842,36700
2023-05-26,1.8300000429153442,1.940000057220459,1.7999999523162842,1.9199999570846558,1.9199999570846558,75700
2023-05-30,1.850000023841858,1.9299999475479126,1.7200000286102295,1.7200000286102295,1.7200000286102295,57300
2023-05-31,1.7599999904632568,1.7599999904632568,1.7000000476837158,1.7000000476837158,1.7000000476837158,29600
2023-06-01,1.7100000381469727,1.7400000095367432,1.6299999952316284,1.6399999856948853,1.6399999856948853,34400
2023-06-02,1.6399999856948853,1.7699999809265137,1.6399999856948853,1.7200000286102295,1.7200000286102295,28000
2023-06-05,1.6799999475479126,1.7200000286102295,1.6299999952316284,1.690000057220459,1.690000057220459,19300
2023-06-06,1.649999976158142,1.7000000476837158,1.6399999856948853,1.6799999475479126,1.6799999475479126,19700
2023-06-07,1.6299999952316284,1.7300000190734863,1.6299999952316284,1.7100000381469727,1.7100000381469727,18000
2023-06-08,1.7100000381469727,1.75,1.659999966621399,1.7400000095367432,1.7400000095367432,43800
2023-06-09,1.690000057220459,1.8200000524520874,1.690000057220459,1.7400000095367432,1.7400000095367432,28600
2023-06-12,1.8200000524520874,1.8200000524520874,1.7599999904632568,1.7699999809265137,1.7699999809265137,19200
2023-06-13,1.7899999618530273,1.8200000524520874,1.7799999713897705,1.7999999523162842,1.7999999523162842,15700
2023-06-14,1.899999976158142,1.9500000476837158,1.8700000047683716,1.940000057220459,1.940000057220459,36200
2023-06-15,1.9299999475479126,1.9299999475479126,1.809999942779541,1.809999942779541,1.809999942779541,26500
2023-06-16,1.809999942779541,1.850000023841858,1.7899999618530273,1.7999999523162842,1.7999999523162842,17300
2023-06-20,1.809999942779541,1.850000023841858,1.7799999713897705,1.809999942779541,1.809999942779541,38400
2023-06-21,1.840000033378601,1.840000033378601,1.7899999618530273,1.809999942779541,1.809999942779541,13000
2023-06-22,1.809999942779541,1.809999942779541,1.7300000190734863,1.7300000190734863,1.7300000190734863,15800
2023-06-23,1.7300000190734863,1.7899999618530273,1.7200000286102295,1.75,1.75,9300
2023-06-26,1.7699999809265137,1.7699999809265137,1.7000000476837158,1.7100000381469727,1.7100000381469727,16300
2023-06-27,1.7100000381469727,1.7200000286102295,1.6699999570846558,1.6699999570846558,1.6699999570846558,18500
2023-06-28,1.6100000143051147,1.7000000476837158,1.6100000143051147,1.659999966621399,1.659999966621399,16300
2023-06-29,1.6699999570846558,1.7799999713897705,1.6699999570846558,1.7200000286102295,1.7200000286102295,19100
2023-06-30,1.690000057220459,1.75,1.6399999856948853,1.690000057220459,1.690000057220459,24900
2023-07-03,1.6200000047683716,1.7200000286102295,1.6200000047683716,1.7200000286102295,1.7200000286102295,19100
2023-07-05,1.6699999570846558,1.7400000095367432,1.6699999570846558,1.7300000190734863,1.7300000190734863,18800
2023-07-06,1.7300000190734863,1.7400000095367432,1.7000000476837158,1.7100000381469727,1.7100000381469727,10600
2023-07-07,1.7300000190734863,1.7300000190734863,1.690000057220459,1.7200000286102295,1.7200000286102295,18000
2023-07-10,1.7300000190734863,1.7899999618530273,1.7200000286102295,1.7300000190734863,1.7300000190734863,19900
2023-07-11,1.7699999809265137,1.7899999618530273,1.7300000190734863,1.7599999904632568,1.7599999904632568,21500
2023-07-12,1.8200000524520874,1.8200000524520874,1.7400000095367432,1.809999942779541,1.809999942779541,22200
2023-07-13,1.7799999713897705,1.840000033378601,1.7799999713897705,1.7799999713897705,1.7799999713897705,25100
2023-07-14,1.7999999523162842,1.8300000429153442,1.7300000190734863,1.7300000190734863,1.7300000190734863,13700
2023-07-17,1.7899999618530273,1.7899999618530273,1.7000000476837158,1.7000000476837158,1.7000000476837158,19400
2023-07-18,1.7100000381469727,1.7400000095367432,1.7000000476837158,1.7300000190734863,1.7300000190734863,19100
2023-07-19,1.7300000190734863,1.7699999809265137,1.7300000190734863,1.7699999809265137,1.7699999809265137,15100
2023-07-20,1.7599999904632568,1.9600000381469727,1.7599999904632568,1.899999976158142,1.899999976158142,108000
2023-07-21,1.9600000381469727,1.9600000381469727,1.8899999856948853,1.8899999856948853,1.8899999856948853,18000
2023-07-24,1.8700000047683716,1.8899999856948853,1.7400000095367432,1.75,1.75,49400
2023-07-25,1.7400000095367432,1.7799999713897705,1.7400000095367432,1.75,1.75,26100
2023-07-26,1.75,1.7599999904632568,1.6299999952316284,1.6699999570846558,1.6699999570846558,48900
2023-07-27,1.75,1.75,1.649999976158142,1.6799999475479126,1.6799999475479126,18400
2023-07-28,1.690000057220459,1.7400000095367432,1.690000057220459,1.7200000286102295,1.7200000286102295,10300
2023-07-31,1.659999966621399,1.7100000381469727,1.659999966621399,1.6699999570846558,1.6699999570846558,33800
2023-08-01,1.649999976158142,1.6699999570846558,1.6100000143051147,1.6100000143051147,1.6100000143051147,26800
2023-08-02,1.6200000047683716,1.649999976158142,1.6100000143051147,1.649999976158142,1.649999976158142,15600
2023-08-03,1.6200000047683716,1.6399999856948853,1.5700000524520874,1.5700000524520874,1.5700000524520874,31700
2023-08-04,1.5700000524520874,1.659999966621399,1.5700000524520874,1.6399999856948853,1.6399999856948853,15900
2023-08-07,1.6100000143051147,1.6100000143051147,1.5299999713897705,1.5299999713897705,1.5299999713897705,19600
2023-08-08,1.5299999713897705,1.5499999523162842,1.5099999904632568,1.5399999618530273,1.5399999618530273,21500
2023-08-09,1.5499999523162842,1.659999966621399,1.5499999523162842,1.590000033378601,1.590000033378601,17600
2023-08-10,1.559999942779541,1.6299999952316284,1.5499999523162842,1.590000033378601,1.590000033378601,19000
2023-08-11,1.5499999523162842,1.600000023841858,1.5499999523162842,1.5800000429153442,1.5800000429153442,10800
2023-08-14,1.5499999523162842,1.5800000429153442,1.5499999523162842,1.5499999523162842,1.5499999523162842,8200
2023-08-15,1.5499999523162842,1.5499999523162842,1.5199999809265137,1.5199999809265137,1.5199999809265137,15900
2023-08-16,1.5199999809265137,1.5299999713897705,1.4700000286102295,1.4700000286102295,1.4700000286102295,35800
2023-08-17,1.4600000381469727,1.4800000190734863,1.4500000476837158,1.4500000476837158,1.4500000476837158,17100
2023-08-18,1.409999966621399,1.409999966621399,1.3600000143051147,1.3600000143051147,1.3600000143051147,51200
2023-08-21,1.350000023841858,1.3799999952316284,1.2799999713897705,1.2799999713897705,1.2799999713897705,50100
2023-08-22,1.350000023841858,1.3700000047683716,1.2799999713897705,1.2899999618530273,1.2899999618530273,19200
2023-08-23,1.3799999952316284,1.3799999952316284,1.3200000524520874,1.3600000143051147,1.3600000143051147,38600
2023-08-24,1.3600000143051147,1.3600000143051147,1.3200000524520874,1.3300000429153442,1.3300000429153442,7300
2023-08-25,1.3300000429153442,1.3700000047683716,1.149999976158142,1.159999966621399,1.159999966621399,145300
2023-08-28,1.2000000476837158,1.2000000476837158,1.1399999856948853,1.149999976158142,1.149999976158142,51800
2023-08-29,1.159999966621399,1.25,1.149999976158142,1.2000000476837158,1.2000000476837158,26200
2023-08-30,1.190000057220459,1.25,1.190000057220459,1.2300000190734863,1.2300000190734863,28900
2023-08-31,1.2300000190734863,1.2300000190734863,1.1799999475479126,1.2000000476837158,1.2000000476837158,11700
2023-09-01,1.2000000476837158,1.2100000381469727,1.1200000047683716,1.1200000047683716,1.1200000047683716,27100
2023-09-05,1.1100000143051147,1.1399999856948853,1.059999942779541,1.1299999952316284,1.1299999952316284,71100
2023-09-06,1.1299999952316284,1.1299999952316284,1.0700000524520874,1.0700000524520874,1.0700000524520874,10900
2023-09-07,1.1100000143051147,1.149999976158142,1.0800000429153442,1.0800000429153442,1.0800000429153442,47300
2023-09-08,1.090000033378601,1.1100000143051147,1.0800000429153442,1.1100000143051147,1.1100000143051147,10500
2023-09-11,1.100000023841858,1.1200000047683716,1.0,1.059999942779541,1.059999942779541,85000
2023-09-12,1.0499999523162842,1.0800000429153442,1.0499999523162842,1.0700000524520874,1.0700000524520874,12300
2023-09-13,1.090000033378601,1.1100000143051147,1.0800000429153442,1.1100000143051147,1.1100000143051147,10200
2023-09-14,1.1200000047683716,1.2899999618530273,1.1200000047683716,1.2599999904632568,1.2599999904632568,170300
2023-09-15,1.2400000095367432,1.3799999952316284,1.2400000095367432,1.3300000429153442,1.3300000429153442,102000
2023-09-18,1.340000033378601,1.3600000143051147,1.2699999809265137,1.3200000524520874,1.3200000524520874,46300
2023-09-19,1.3200000524520874,1.6299999952316284,1.2599999904632568,1.4800000190734863,1.4800000190734863,292600
2023-09-20,1.4900000095367432,1.6399999856948853,1.4299999475479126,1.5,1.5,142000
2023-09-21,1.4600000381469727,1.4700000286102295,1.399999976158142,1.4199999570846558,1.4199999570846558,45800
2023-09-22,1.4800000190734863,1.4800000190734863,1.2899999618530273,1.3300000429153442,1.3300000429153442,47200
2023-09-25,1.3300000429153442,1.399999976158142,1.3300000429153442,1.3799999952316284,1.3799999952316284,58100
2023-09-26,1.3700000047683716,1.3799999952316284,1.2999999523162842,1.340000033378601,1.340000033378601,12500
2023-09-27,1.350000023841858,1.350000023841858,1.2899999618530273,1.2899999618530273,1.2899999618530273,19500
2023-09-28,1.309999942779541,1.309999942779541,1.2300000190734863,1.2699999809265137,1.2699999809265137,14200
2023-09-29,1.2699999809265137,1.2699999809265137,1.190000057220459,1.25,1.25,20200
2023-10-02,1.2100000381469727,1.2300000190734863,1.1799999475479126,1.190000057220459,1.190000057220459,18100
2023-10-03,1.159999966621399,1.2000000476837158,1.1399999856948853,1.1799999475479126,1.1799999475479126,7700
2023-10-04,1.149999976158142,1.2599999904632568,1.149999976158142,1.2599999904632568,1.2599999904632568,15200
2023-10-05,1.25,1.25,1.2000000476837158,1.2100000381469727,1.2100000381469727,11200
2023-10-06,1.2100000381469727,1.2300000190734863,1.1699999570846558,1.190000057220459,1.190000057220459,4700
2023-10-09,1.1699999570846558,1.2200000286102295,1.1699999570846558,1.2100000381469727,1.2100000381469727,11200
2023-10-10,1.2000000476837158,1.3899999856948853,1.1699999570846558,1.2200000286102295,1.2200000286102295,70700
2023-10-11,1.2200000286102295,1.3200000524520874,1.2200000286102295,1.25,1.25,7800
2023-10-12,1.2699999809265137,1.2799999713897705,1.2599999904632568,1.2699999809265137,1.2699999809265137,13100
2023-10-13,1.25,1.2699999809265137,1.2300000190734863,1.2300000190734863,1.2300000190734863,23000
2023-10-16,1.2300000190734863,1.2799999713897705,1.2200000286102295,1.25,1.25,22300
2023-10-17,1.25,1.4299999475479126,1.25,1.2799999713897705,1.2799999713897705,98100
2023-10-18,1.25,1.2799999713897705,1.25,1.25,1.25,11300
2023-10-19,1.2599999904632568,1.2599999904632568,1.2200000286102295,1.2200000286102295,1.2200000286102295,21400
2023-10-20,1.2300000190734863,1.2300000190734863,1.1799999475479126,1.1799999475479126,1.1799999475479126,14500
2023-10-23,1.1799999475479126,1.2100000381469727,1.159999966621399,1.1799999475479126,1.1799999475479126,20700
2023-10-24,1.1799999475479126,1.190000057220459,1.1299999952316284,1.149999976158142,1.149999976158142,19000
2023-10-25,1.159999966621399,1.190000057220459,1.1100000143051147,1.1100000143051147,1.1100000143051147,30100
2023-10-26,1.1299999952316284,1.1399999856948853,1.0700000524520874,1.1200000047683716,1.1200000047683716,21400
2023-10-27,1.1100000143051147,1.1399999856948853,1.0700000524520874,1.090000033378601,1.090000033378601,10800
2023-10-30,1.100000023841858,1.100000023841858,1.0499999523162842,1.0499999523162842,1.0499999523162842,11400
2023-10-31,1.0499999523162842,1.0800000429153442,1.0499999523162842,1.059999942779541,1.059999942779541,15800
2023-11-01,1.100000023841858,1.2999999523162842,1.100000023841858,1.25,1.25,149000
2023-11-02,1.2799999713897705,1.3899999856948853,1.2699999809265137,1.3700000047683716,1.3700000047683716,163600
2023-11-03,1.4199999570846558,1.7100000381469727,1.399999976158142,1.7000000476837158,1.7000000476837158,237100
2023-11-06,1.7100000381469727,1.75,1.3700000047683716,1.4199999570846558,1.4199999570846558,205900
2023-11-07,1.3899999856948853,2.049999952316284,1.3899999856948853,1.840000033378601,1.840000033378601,1576900
2023-11-08,1.8799999952316284,1.899999976158142,1.5,1.7400000095367432,1.7400000095367432,275200
2023-11-09,1.75,1.7699999809265137,1.4299999475479126,1.4600000381469727,1.4600000381469727,86400
2023-11-10,1.4299999475479126,1.5299999713897705,1.309999942779541,1.350000023841858,1.350000023841858,77500
2023-11-13,1.350000023841858,1.440000057220459,1.2599999904632568,1.4299999475479126,1.4299999475479126,107500
2023-11-14,1.5099999904632568,1.6200000047683716,1.399999976158142,1.4800000190734863,1.4800000190734863,365000
2023-11-15,1.5099999904632568,1.6799999475479126,1.4800000190734863,1.5199999809265137,1.5199999809265137,592300
2023-11-16,1.5099999904632568,1.5099999904632568,1.3300000429153442,1.3700000047683716,1.3700000047683716,127100
2023-11-17,1.4500000476837158,1.649999976158142,1.3600000143051147,1.3899999856948853,1.3899999856948853,1057100
2023-11-20,1.350000023841858,1.3600000143051147,1.25,1.2799999713897705,1.2799999713897705,188000
2023-11-21,1.2899999618530273,1.2899999618530273,1.25,1.2599999904632568,1.2599999904632568,57800
2023-11-22,1.2699999809265137,1.2899999618530273,1.2000000476837158,1.2200000286102295,1.2200000286102295,119800
2023-11-24,1.2200000286102295,1.2300000190734863,1.159999966621399,1.1799999475479126,1.1799999475479126,35900
2023-11-27,1.1799999475479126,1.25,1.149999976158142,1.1799999475479126,1.1799999475479126,58100
2023-11-28,1.1799999475479126,1.2000000476837158,1.159999966621399,1.1799999475479126,1.1799999475479126,28000
2023-11-29,1.1699999570846558,1.190000057220459,1.159999966621399,1.1699999570846558,1.1699999570846558,30000
2023-11-30,1.190000057220459,1.2599999904632568,1.1699999570846558,1.1699999570846558,1.1699999570846558,64900
2023-12-01,1.149999976158142,1.3899999856948853,1.1299999952316284,1.25,1.25,756800
2023-12-04,1.25,1.2599999904632568,1.1399999856948853,1.2000000476837158,1.2000000476837158,205800
2023-12-05,1.2100000381469727,1.2599999904632568,1.159999966621399,1.2000000476837158,1.2000000476837158,245500
2023-12-06,1.190000057220459,1.2000000476837158,1.100000023841858,1.1299999952316284,1.1299999952316284,253500
2023-12-07,1.190000057220459,1.340000033378601,1.149999976158142,1.2100000381469727,1.2100000381469727,1255400
2023-12-08,1.1699999570846558,1.2200000286102295,1.100000023841858,1.1100000143051147,1.1100000143051147,296300
2023-12-11,1.1100000143051147,1.1299999952316284,1.059999942779541,1.0800000429153442,1.0800000429153442,140700
2023-12-12,1.0800000429153442,1.1299999952316284,1.0700000524520874,1.1100000143051147,1.1100000143051147,99500
2023-12-13,1.2000000476837158,1.2300000190734863,1.090000033378601,1.1699999570846558,1.1699999570846558,528600
2023-12-14,1.1699999570846558,1.190000057220459,1.100000023841858,1.1299999952316284,1.1299999952316284,157500
2023-12-15,1.1299999952316284,1.1699999570846558,1.100000023841858,1.1100000143051147,1.1100000143051147,100200
2023-12-18,1.25,1.3899999856948853,1.1699999570846558,1.190000057220459,1.190000057220459,1454100
2023-12-19,1.1399999856948853,1.190000057220459,1.1200000047683716,1.1399999856948853,1.1399999856948853,257800
2023-12-20,1.149999976158142,1.149999976158142,1.0499999523162842,1.090000033378601,1.090000033378601,228400
2023-12-21,1.149999976158142,1.149999976158142,1.0499999523162842,1.1100000143051147,1.1100000143051147,122300
2023-12-22,1.1100000143051147,1.1200000047683716,1.0700000524520874,1.100000023841858,1.100000023841858,79900
2023-12-26,1.100000023841858,1.159999966621399,1.090000033378601,1.1399999856948853,1.1399999856948853,148500
2023-12-27,1.149999976158142,1.159999966621399,1.1200000047683716,1.149999976158142,1.149999976158142,104700
2023-12-28,1.1299999952316284,1.159999966621399,1.1299999952316284,1.1299999952316284,1.1299999952316284,96300
2023-12-29,1.1200000047683716,1.1299999952316284,1.0800000429153442,1.1100000143051147,1.1100000143051147,102600
2024-01-02,1.100000023841858,1.149999976158142,1.090000033378601,1.1200000047683716,1.1200000047683716,68900
2024-01-03,1.1200000047683716,1.2699999809265137,1.1100000143051147,1.1699999570846558,1.1699999570846558,569500
2024-01-04,1.2000000476837158,1.2000000476837158,1.100000023841858,1.1299999952316284,1.1299999952316284,175100
2024-01-05,1.1200000047683716,1.149999976158142,1.100000023841858,1.1299999952316284,1.1299999952316284,63000
2024-01-08,1.100000023841858,1.1399999856948853,1.100000023841858,1.1200000047683716,1.1200000047683716,53700
2024-01-09,1.100000023841858,1.2100000381469727,1.100000023841858,1.1399999856948853,1.1399999856948853,399400
2024-01-10,1.1299999952316284,1.149999976158142,1.100000023841858,1.1100000143051147,1.1100000143051147,100500
2024-01-11,1.1100000143051147,1.1200000047683716,1.059999942779541,1.090000033378601,1.090000033378601,105400
2024-01-12,1.0700000524520874,1.090000033378601,1.0499999523162842,1.059999942779541,1.059999942779541,38000
2024-01-16,1.0700000524520874,1.0800000429153442,1.0499999523162842,1.0700000524520874,1.0700000524520874,52200
2024-01-17,1.0700000524520874,1.0800000429153442,1.059999942779541,1.0800000429153442,1.0800000429153442,35900
2024-01-18,1.0700000524520874,1.0700000524520874,1.0099999904632568,1.0399999618530273,1.0399999618530273,106500
2024-01-19,1.0299999713897705,1.0399999618530273,1.0,1.0,1.0,84600
2024-01-22,1.0199999809265137,1.0499999523162842,1.0,1.0199999809265137,1.0199999809265137,61600
2024-01-23,1.0399999618530273,1.059999942779541,1.0099999904632568,1.0199999809265137,1.0199999809265137,39300
2024-01-24,1.0399999618530273,1.0399999618530273,1.0099999904632568,1.0299999713897705,1.0299999713897705,36600
2024-01-25,1.0199999809265137,1.0299999713897705,1.0099999904632568,1.0099999904632568,1.0099999904632568,143200
2024-01-26,1.0199999809265137,1.0399999618530273,1.0099999904632568,1.0199999809265137,1.0199999809265137,34400
2024-01-29,1.0099999904632568,1.0700000524520874,1.0099999904632568,1.0700000524520874,1.0700000524520874,47500
2024-01-30,1.0399999618530273,1.0800000429153442,1.0199999809265137,1.0299999713897705,1.0299999713897705,26800
2024-01-31,1.0399999618530273,1.0499999523162842,1.0199999809265137,1.0199999809265137,1.0199999809265137,21100
2024-02-01,1.0399999618530273,1.0399999618530273,1.0,1.0399999618530273,1.0399999618530273,38800
2024-02-02,1.0199999809265137,1.0499999523162842,1.0099999904632568,1.0299999713897705,1.0299999713897705,45100
2024-02-05,1.0,1.0299999713897705,1.0,1.0199999809265137,1.0199999809265137,44600
2024-02-06,1.0099999904632568,1.0399999618530273,1.0099999904632568,1.0299999713897705,1.0299999713897705,25500
2024-02-07,1.0399999618530273,1.0399999618530273,0.949999988079071,0.9700000286102295,0.9700000286102295,104500
2024-02-08,0.9399999976158142,1.0099999904632568,0.9399999976158142,1.0,1.0,40600
2024-02-09,1.0399999618530273,1.0399999618530273,0.8899999856948853,0.8999999761581421,0.8999999761581421,83300
2024-02-12,0.9100000262260437,1.1699999570846558,0.9100000262260437,1.1200000047683716,1.1200000047683716,1094600
2024-02-13,1.0299999713897705,1.090000033378601,0.9599999785423279,1.0099999904632568,1.0099999904632568,242900
2024-02-14,1.0099999904632568,1.059999942779541,1.0099999904632568,1.059999942779541,1.059999942779541,61800
2024-02-15,1.0,1.0399999618530273,1.0,1.0199999809265137,1.0199999809265137,62200
2024-02-16,1.0099999904632568,1.0399999618530273,1.0,1.0199999809265137,1.0199999809265137,34100
2024-02-20,1.0099999904632568,1.0299999713897705,1.0099999904632568,1.0299999713897705,1.0299999713897705,37600
2024-02-21,1.0099999904632568,1.0299999713897705,1.0,1.0,1.0,40900
2024-02-22,1.0099999904632568,1.0800000429153442,1.0,1.0099999904632568,1.0099999904632568,266100
2024-02-23,1.0199999809265137,1.0299999713897705,1.0,1.0,1.0,45600
2024-02-26,1.0,1.0199999809265137,0.9800000190734863,0.9900000095367432,0.9900000095367432,57400
2024-02-27,0.9800000190734863,1.0199999809265137,0.9599999785423279,0.9800000190734863,0.9800000190734863,61000
2024-02-28,0.9800000190734863,1.0099999904632568,0.9800000190734863,1.0099999904632568,1.0099999904632568,30200
2024-02-29,1.0,1.0299999713897705,0.9900000095367432,1.0199999809265137,1.0199999809265137,52000
2024-03-01,1.0199999809265137,1.0399999618530273,1.0099999904632568,1.0199999809265137,1.0199999809265137,33900
2024-03-04,1.0399999618530273,1.0399999618530273,1.0,1.0299999713897705,1.0299999713897705,31100
2024-03-05,1.0099999904632568,1.0299999713897705,0.9800000190734863,1.0299999713897705,1.0299999713897705,47400
2024-03-06,1.0099999904632568,1.0399999618530273,0.9900000095367432,1.0199999809265137,1.0199999809265137,60600
2024-03-07,1.0099999904632568,1.0199999809265137,0.9900000095367432,1.0099999904632568,1.0099999904632568,32400
2024-03-08,1.0,1.0499999523162842,0.9900000095367432,1.0199999809265137,1.0199999809265137,69300
2024-03-11,1.0299999713897705,1.0399999618530273,1.0,1.0099999904632568,1.0099999904632568,20300
2024-03-12,0.9900000095367432,1.0299999713897705,0.9900000095367432,1.0099999904632568,1.0099999904632568,20100
2024-03-13,1.0,1.0299999713897705,1.0,1.0099999904632568,1.0099999904632568,13000
2024-03-14,1.0099999904632568,1.0299999713897705,0.9900000095367432,0.9900000095367432,0.9900000095367432,51500
2024-03-15,1.0399999618530273,1.090000033378601,1.0,1.0499999523162842,1.0499999523162842,235900
2024-03-18,1.0800000429153442,1.2400000095367432,1.0499999523162842,1.1100000143051147,1.1100000143051147,854600
2024-03-19,1.1100000143051147,1.1200000047683716,1.0499999523162842,1.0499999523162842,1.0499999523162842,97600
2024-03-20,1.0700000524520874,1.100000023841858,1.0,1.0299999713897705,1.0299999713897705,95800
2024-03-21,1.0399999618530273,1.0399999618530273,1.0199999809265137,1.0299999713897705,1.0299999713897705,44800
2024-03-22,0.9900000095367432,1.0199999809265137,0.9900000095367432,1.0199999809265137,1.0199999809265137,65600
2024-03-25,1.0,1.2000000476837158,1.0,1.0299999713897705,1.0299999713897705,858400
2024-03-26,1.0099999904632568,1.090000033378601,0.9900000095367432,1.0499999523162842,1.0499999523162842,160400
2024-03-27,1.0499999523162842,1.059999942779541,1.0099999904632568,1.0099999904632568,1.0099999904632568,66000
2024-03-28,1.0099999904632568,1.0499999523162842,1.0099999904632568,1.0299999713897705,1.0299999713897705,43800
2024-04-01,1.0299999713897705,1.0299999713897705,1.0099999904632568,1.0299999713897705,1.0299999713897705,26300
2024-04-02,1.0099999904632568,1.0299999713897705,1.0099999904632568,1.0299999713897705,1.0299999713897705,27200
2024-04-03,1.0299999713897705,1.0499999523162842,1.0,1.0299999713897705,1.0299999713897705,25800
2024-04-04,1.0099999904632568,1.059999942779541,1.0099999904632568,1.0499999523162842,1.0499999523162842,29900
2024-04-05,1.0399999618530273,1.0399999618530273,1.0099999904632568,1.0199999809265137,1.0199999809265137,36900
2024-04-08,1.0199999809265137,1.0499999523162842,1.0199999809265137,1.0399999618530273,1.0399999618530273,24800
2024-04-09,1.0399999618530273,1.0499999523162842,1.0299999713897705,1.0499999523162842,1.0499999523162842,23200
2024-04-10,1.0,1.0399999618530273,1.0,1.0299999713897705,1.0299999713897705,13500
2024-04-11,1.0199999809265137,1.0399999618530273,1.0099999904632568,1.0299999713897705,1.0299999713897705,11100
2024-04-12,1.0199999809265137,1.0399999618530273,1.0,1.0099999904632568,1.0099999904632568,52700
2024-04-15,1.659999966621399,1.7400000095367432,1.2000000476837158,1.350000023841858,1.350000023841858,53785500
2024-04-16,1.2799999713897705,1.2999999523162842,1.100000023841858,1.149999976158142,1.149999976158142,1941500
2024-04-17,1.1100000143051147,1.2100000381469727,1.0499999523162842,1.1200000047683716,1.1200000047683716,550900
2024-04-18,1.100000023841858,1.2899999618530273,1.090000033378601,1.149999976158142,1.149999976158142,579000
2024-04-19,1.149999976158142,1.190000057220459,1.100000023841858,1.100000023841858,1.100000023841858,275200
2024-04-22,1.0700000524520874,1.1200000047683716,1.0099999904632568,1.0299999713897705,1.0299999713897705,297900
2024-04-23,1.0,1.059999942779541,1.0,1.0,1.0,127100
2024-04-24,0.9900000095367432,1.0299999713897705,0.9900000095367432,1.0,1.0,117000
2024-04-25,0.9800000190734863,1.0199999809265137,0.9800000190734863,0.9900000095367432,0.9900000095367432,72900
2024-04-26,0.9900000095367432,1.0299999713897705,0.9800000190734863,1.0,1.0,139300
2024-04-29,0.9900000095367432,1.059999942779541,0.9900000095367432,1.0399999618530273,1.0399999618530273,111800
2024-04-30,1.0499999523162842,1.090000033378601,1.0299999713897705,1.0700000524520874,1.0700000524520874,74700
2024-05-01,0.9800000190734863,1.0199999809265137,0.9300000071525574,0.9300000071525574,0.9300000071525574,385700
2024-05-02,0.9300000071525574,0.9599999785423279,0.9300000071525574,0.949999988079071,0.949999988079071,88100
2024-05-03,0.949999988079071,1.1699999570846558,0.949999988079071,1.0299999713897705,1.0299999713897705,1110500
2024-05-06,0.9800000190734863,1.0099999904632568,0.949999988079071,0.949999988079071,0.949999988079071,217400
2024-05-07,0.949999988079071,0.9599999785423279,0.8999999761581421,0.9100000262260437,0.9100000262260437,193600
2024-05-08,0.949999988079071,0.9900000095367432,0.8899999856948853,0.9599999785423279,0.9599999785423279,306400
2024-05-09,0.8799999952316284,0.9900000095367432,0.8500000238418579,0.9900000095367432,0.9900000095367432,511500
2024-05-10,0.9800000190734863,0.9800000190734863,0.8999999761581421,0.9200000166893005,0.9200000166893005,149300
2024-05-13,0.9399999976158142,0.949999988079071,0.8999999761581421,0.949999988079071,0.949999988079071,85500
2024-05-14,0.9599999785423279,1.0,0.9200000166893005,0.9900000095367432,0.9900000095367432,248300
2024-05-15,1.0,1.100000023841858,1.0,1.0299999713897705,1.0299999713897705,362500
2024-05-16,1.0199999809265137,1.059999942779541,1.0,1.0399999618530273,1.0399999618530273,104100
2024-05-17,1.0199999809265137,1.0499999523162842,1.0199999809265137,1.0299999713897705,1.0299999713897705,48200
2024-05-20,1.0499999523162842,1.100000023841858,1.0299999713897705,1.0800000429153442,1.0800000429153442,153300
2024-05-21,1.0800000429153442,1.0800000429153442,1.0199999809265137,1.0299999713897705,1.0299999713897705,50000
2024-05-22,1.0499999523162842,1.059999942779541,1.0099999904632568,1.0399999618530273,1.0399999618530273,51000
2024-05-23,1.0299999713897705,1.0399999618530273,0.9900000095367432,0.9900000095367432,0.9900000095367432,68500
2024-05-24,1.0,1.0299999713897705,0.9900000095367432,1.0,1.0,77500
2024-05-28,1.0099999904632568,1.0199999809265137,0.9599999785423279,1.0,1.0,204100
2024-05-29,1.0,1.0199999809265137,0.9599999785423279,0.9700000286102295,0.9700000286102295,117300
2024-05-30,0.9599999785423279,0.9900000095367432,0.9599999785423279,0.9800000190734863,0.9800000190734863,29800
2024-05-31,0.9800000190734863,1.0,0.9700000286102295,0.9800000190734863,0.9800000190734863,43700
2024-06-03,1.0,1.100000023841858,0.9800000190734863,1.0399999618530273,1.0399999618530273,425800
2024-06-04,0.9800000190734863,1.0099999904632568,0.9800000190734863,1.0,1.0,57200
2024-06-05,0.9900000095367432,1.0299999713897705,0.9700000286102295,1.0,1.0,79700
2024-06-06,0.9900000095367432,0.9900000095367432,0.9399999976158142,0.949999988079071,0.949999988079071,117500
2024-06-07,0.9599999785423279,0.9800000190734863,0.9200000166893005,0.9599999785423279,0.9599999785423279,67600
2024-06-10,0.9700000286102295,1.090000033378601,0.9300000071525574,0.9599999785423279,0.9599999785423279,481900
2024-06-11,0.9700000286102295,0.9900000095367432,0.9300000071525574,0.949999988079071,0.949999988079071,118000
2024-06-12,0.9399999976158142,0.9399999976158142,0.8999999761581421,0.9200000166893005,0.9200000166893005,150700
2024-06-13,0.9100000262260437,0.9599999785423279,0.8899999856948853,0.949999988079071,0.949999988079071,60800
2024-06-14,0.949999988079071,0.9700000286102295,0.8899999856948853,0.9100000262260437,0.9100000262260437,85000
2024-06-17,0.8999999761581421,0.9300000071525574,0.8999999761581421,0.9100000262260437,0.9100000262260437,103900
2024-06-18,0.8899999856948853,0.9100000262260437,0.8600000143051147,0.8700000047683716,0.8700000047683716,107300
2024-06-20,0.8700000047683716,0.8799999952316284,0.8399999737739563,0.8399999737739563,0.8399999737739563,57600
2024-06-21,0.8600000143051147,0.8700000047683716,0.7799999713897705,0.8100000023841858,0.8100000023841858,127900
2024-06-24,0.800000011920929,0.8199999928474426,0.7900000214576721,0.7900000214576721,0.7900000214576721,91600
2024-06-25,0.7900000214576721,0.7900000214576721,0.7300000190734863,0.75,0.75,95200
2024-06-26,0.75,0.7799999713897705,0.75,0.7599999904632568,0.7599999904632568,38800
2024-06-27,0.7599999904632568,0.7799999713897705,0.75,0.7699999809265137,0.7699999809265137,32400
2024-06-28,0.7799999713897705,0.7799999713897705,0.75,0.7599999904632568,0.7599999904632568,25600
2024-07-01,0.7599999904632568,0.7799999713897705,0.7599999904632568,0.7599999904632568,0.7599999904632568,17100
2024-07-02,0.75,0.7799999713897705,0.75,0.75,0.75,21700
2024-07-03,0.75,0.7799999713897705,0.75,0.7599999904632568,0.7599999904632568,19200
2024-07-05,0.7599999904632568,0.7699999809265137,0.7300000190734863,0.75,0.75,62500
2024-07-08,0.7400000095367432,0.7599999904632568,0.7200000286102295,0.7200000286102295,0.7200000286102295,69800
2024-07-09,0.75,0.75,0.7200000286102295,0.7200000286102295,0.7200000286102295,37800
2024-07-10,0.7300000190734863,0.7400000095367432,0.7099999785423279,0.7200000286102295,0.7200000286102295,74600
2024-07-11,0.7200000286102295,0.7300000190734863,0.6499999761581421,0.6700000166893005,0.6700000166893005,252500
2024-07-12,0.699999988079071,0.7099999785423279,0.6499999761581421,0.6800000071525574,0.6800000071525574,175200
2024-07-15,0.699999988079071,0.699999988079071,0.6399999856948853,0.6800000071525574,0.6800000071525574,105500
2024-07-16,0.6399999856948853,0.6700000166893005,0.550000011920929,0.6200000047683716,0.6200000047683716,1475300
2024-07-17,0.6200000047683716,0.6200000047683716,0.5799999833106995,0.5899999737739563,0.5899999737739563,116800
2024-07-18,0.6100000143051147,0.6499999761581421,0.6000000238418579,0.6200000047683716,0.6200000047683716,211500
2024-07-19,0.6299999952316284,0.6299999952316284,0.5699999928474426,0.5899999737739563,0.5899999737739563,101500
2024-07-22,0.6299999952316284,0.6299999952316284,0.5600000023841858,0.5899999737739563,0.5899999737739563,104700
2024-07-23,0.5899999737739563,0.6100000143051147,0.5600000023841858,0.5899999737739563,0.5899999737739563,214100
2024-07-24,0.6000000238418579,0.6000000238418579,0.5600000023841858,0.5600000023841858,0.5600000023841858,137600
2024-07-25,0.5899999737739563,0.5899999737739563,0.550000011920929,0.5699999928474426,0.5699999928474426,67700
2024-07-26,0.5699999928474426,0.6000000238418579,0.5600000023841858,0.5899999737739563,0.5899999737739563,65200
2024-07-29,0.6000000238418579,0.6000000238418579,0.5600000023841858,0.5699999928474426,0.5699999928474426,72800
2024-07-30,0.5799999833106995,0.5799999833106995,0.5600000023841858,0.5600000023841858,0.5600000023841858,31500
2024-07-31,0.5600000023841858,0.5699999928474426,0.5600000023841858,0.5600000023841858,0.5600000023841858,31900
2024-08-01,0.550000011920929,0.5799999833106995,0.5099999904632568,0.5799999833106995,0.5799999833106995,163400
2024-08-02,0.5600000023841858,0.5799999833106995,0.5299999713897705,0.550000011920929,0.550000011920929,118300
2024-08-05,0.5,0.5400000214576721,0.5,0.5400000214576721,0.5400000214576721,60600
2024-08-06,0.5400000214576721,0.550000011920929,0.5199999809265137,0.5400000214576721,0.5400000214576721,28900
2024-08-07,0.5400000214576721,0.5799999833106995,0.5299999713897705,0.550000011920929,0.550000011920929,59300
2024-08-08,0.5299999713897705,0.5799999833106995,0.5299999713897705,0.5400000214576721,0.5400000214576721,22000
2024-08-09,0.5400000214576721,0.5699999928474426,0.5199999809265137,0.550000011920929,0.550000011920929,38100
2024-08-12,0.550000011920929,0.6000000238418579,0.5299999713897705,0.6000000238418579,0.6000000238418579,126300
2024-08-13,0.5799999833106995,0.5899999737739563,0.5299999713897705,0.550000011920929,0.550000011920929,37800
2024-08-14,0.5699999928474426,0.6000000238418579,0.550000011920929,0.5600000023841858,0.5600000023841858,38800
2024-08-15,0.5600000023841858,0.6000000238418579,0.550000011920929,0.5600000023841858,0.5600000023841858,23300
2024-08-16,0.6000000238418579,0.6000000238418579,0.550000011920929,0.5699999928474426,0.5699999928474426,44900
2024-08-19,0.5699999928474426,0.6100000143051147,0.5699999928474426,0.5799999833106995,0.5799999833106995,129100
2024-08-20,0.6000000238418579,0.6000000238418579,0.5699999928474426,0.5699999928474426,0.5699999928474426,39700
2024-08-21,0.6000000238418579,0.6000000238418579,0.5699999928474426,0.5699999928474426,0.5699999928474426,68200
2024-08-22,0.5799999833106995,0.6000000238418579,0.5699999928474426,0.5699999928474426,0.5699999928474426,31300
2024-08-23,0.6000000238418579,0.6200000047683716,0.5799999833106995,0.6200000047683716,0.6200000047683716,53800
2024-08-26,0.6200000047683716,0.6299999952316284,0.6000000238418579,0.6299999952316284,0.6299999952316284,51700
2024-08-27,0.6299999952316284,0.6299999952316284,0.5899999737739563,0.6200000047683716,0.6200000047683716,19300
2024-08-28,0.6200000047683716,0.6200000047683716,0.5799999833106995,0.6000000238418579,0.6000000238418579,45900
2024-08-29,0.6100000143051147,0.6100000143051147,0.5799999833106995,0.6000000238418579,0.6000000238418579,45800
2024-08-30,0.6000000238418579,0.6000000238418579,0.5699999928474426,0.5799999833106995,0.5799999833106995,20900
2024-09-03,0.6100000143051147,0.6100000143051147,0.5600000023841858,0.5600000023841858,0.5600000023841858,61200
2024-09-04,0.6000000238418579,0.6000000238418579,0.5299999713897705,0.550000011920929,0.550000011920929,29800
2024-09-05,0.550000011920929,0.5699999928474426,0.5299999713897705,0.5600000023841858,0.5600000023841858,40200
2024-09-06,0.5400000214576721,0.550000011920929,0.5199999809265137,0.5400000214576721,0.5400000214576721,34700
2024-09-09,0.5600000023841858,0.5699999928474426,0.5199999809265137,0.550000011920929,0.550000011920929,42600
2024-09-10,0.5199999809265137,0.5699999928474426,0.5199999809265137,0.5199999809265137,0.5199999809265137,34600
2024-09-11,0.5299999713897705,0.5600000023841858,0.5199999809265137,0.550000011920929,0.550000011920929,37500
2024-09-12,0.5400000214576721,0.550000011920929,0.5299999713897705,0.5299999713897705,0.5299999713897705,30600
2024-09-13,0.5400000214576721,0.5400000214576721,0.5199999809265137,0.5400000214576721,0.5400000214576721,51300
2024-09-16,0.5199999809265137,0.5699999928474426,0.5199999809265137,0.5199999809265137,0.5199999809265137,36200
2024-09-17,0.5400000214576721,0.5400000214576721,0.5199999809265137,0.5199999809265137,0.5199999809265137,47600
2024-09-18,0.5299999713897705,0.5400000214576721,0.5,0.5199999809265137,0.5199999809265137,112900
2024-09-19,0.5299999713897705,0.5400000214576721,0.49000000953674316,0.5099999904632568,0.5099999904632568,92800
2024-09-20,0.5099999904632568,0.5099999904632568,0.4699999988079071,0.5,0.5,90400
2024-09-23,0.47999998927116394,0.47999998927116394,0.4399999976158142,0.4699999988079071,0.4699999988079071,156200
2024-09-24,0.46000000834465027,0.49000000953674316,0.44999998807907104,0.47999998927116394,0.47999998927116394,48600
2024-09-25,0.46000000834465027,0.4699999988079071,0.4399999976158142,0.4399999976158142,0.4399999976158142,80700
2024-09-26,0.46000000834465027,0.46000000834465027,0.4300000071525574,0.4399999976158142,0.4399999976158142,56400
2024-09-27,0.4399999976158142,0.47999998927116394,0.4399999976158142,0.4699999988079071,0.4699999988079071,68800
2024-09-30,0.4699999988079071,0.5199999809265137,0.4699999988079071,0.5099999904632568,0.5099999904632568,50400
2024-10-01,0.5199999809265137,0.5400000214576721,0.4699999988079071,0.4699999988079071,0.4699999988079071,196600
2024-10-02,0.5,0.5,0.47999998927116394,0.47999998927116394,0.47999998927116394,40900
2024-10-03,0.49000000953674316,0.5,0.4399999976158142,0.46000000834465027,0.46000000834465027,68100
2024-10-04,0.47999998927116394,0.47999998927116394,0.44999998807907104,0.4699999988079071,0.4699999988079071,32300
