Date,Open,High,Low,Close,Adj Close,Volume
2020-02-06,24.799999237060547,24.829999923706055,24.600000381469727,24.700000762939453,17.853906631469727,1247500
2020-02-07,24.829999923706055,25.0,24.700000762939453,24.809999465942383,17.933422088623047,327600
2020-02-10,24.850000381469727,24.940000534057617,24.65999984741211,24.719999313354492,17.86836051940918,188200
2020-02-11,24.899999618530273,24.899999618530273,24.700000762939453,24.700000762939453,17.853906631469727,62000
2020-02-12,24.799999237060547,24.799999237060547,24.600000381469727,24.610000610351562,17.788854598999023,157200
2020-02-13,24.75,24.75,24.610000610351562,24.700000762939453,17.853906631469727,61800
2020-02-14,24.75,24.84000015258789,24.649999618530273,24.84000015258789,17.95510482788086,118600
2020-02-18,24.90999984741211,24.989999771118164,24.739999771118164,24.739999771118164,17.88282012939453,33700
2020-02-19,24.989999771118164,24.989999771118164,24.75,24.760000228881836,17.89728355407715,17300
2020-02-20,24.790000915527344,24.799999237060547,24.670000076293945,24.799999237060547,17.926191329956055,99700
2020-02-21,24.799999237060547,24.8799991607666,24.799999237060547,24.860000610351562,17.969558715820312,65100
2020-02-24,24.75,24.799999237060547,24.507999420166016,24.613000869750977,17.79102325439453,96600
2020-02-25,24.850000381469727,24.850000381469727,24.469999313354492,24.520000457763672,17.723793029785156,115300
2020-02-26,24.59000015258789,24.639999389648438,24.520000457763672,24.639999389648438,17.810535430908203,95500
2020-02-27,24.549999237060547,24.549999237060547,24.309999465942383,24.440000534057617,17.665966033935547,156600
2020-02-28,24.350000381469727,24.51099967956543,24.149999618530273,24.381000518798828,17.62333106994629,130500
2020-03-02,24.40999984741211,24.489999771118164,24.299999237060547,24.350000381469727,17.600921630859375,44400
2020-03-03,24.503000259399414,24.739999771118164,24.399999618530273,24.549999237060547,17.745481491088867,92300
2020-03-04,24.534000396728516,24.899999618530273,24.5,24.889999389648438,17.991243362426758,67400
2020-03-05,24.850000381469727,24.850000381469727,24.656999588012695,24.773000717163086,17.906675338745117,54700
2020-03-06,24.649999618530273,24.969999313354492,24.420000076293945,24.950000762939453,18.034618377685547,40300
2020-03-09,24.1200008392334,24.5,24.1200008392334,24.1200008392334,17.434663772583008,34500
2020-03-10,24.399999618530273,24.520000457763672,24.149999618530273,24.209999084472656,17.499719619750977,9300
2020-03-11,24.299999237060547,24.299999237060547,23.75,23.950000762939453,17.311779022216797,20100
2020-03-12,23.760000228881836,23.763999938964844,22.0,22.25,16.08297348022461,24200
2020-03-13,22.722999572753906,22.989999771118164,21.950000762939453,22.5,16.26368522644043,11300
2020-03-16,21.5,22.1200008392334,16.700000762939453,21.0,15.32451057434082,50100
2020-03-17,18.010000228881836,20.170000076293945,18.010000228881836,18.6299991607666,13.595027923583984,64000
2020-03-18,18.25,18.801000595092773,11.010000228881836,12.40999984741211,9.056050300598145,78900
2020-03-19,12.699999809265137,18.479999542236328,12.699999809265137,17.100000381469727,12.478527069091797,25400
2020-03-20,18.729999542236328,18.729999542236328,17.399999618530273,18.5,13.500160217285156,59000
2020-03-23,18.5,18.5,15.0,15.600000381469727,11.383918762207031,39300
2020-03-24,15.779999732971191,16.65999984741211,14.800000190734863,15.336999893188477,11.191994667053223,45300
2020-03-25,15.399999618530273,17.257999420166016,15.199999809265137,17.195999145507812,12.548579216003418,5800
2020-03-26,17.5,18.424999237060547,16.5,17.7549991607666,12.956501960754395,28500
2020-03-27,17.75,17.75,16.474000930786133,17.190000534057617,12.544205665588379,14500
2020-03-30,16.719999313354492,17.68000030517578,16.719999313354492,17.155000686645508,12.51866340637207,11900
2020-03-31,17.360000610351562,18.75,17.149999618530273,17.979999542236328,13.120696067810059,11700
2020-04-01,17.600000381469727,18.54400062561035,17.06999969482422,17.1200008392334,12.493124961853027,8900
2020-04-02,17.260000228881836,17.56599998474121,16.559999465942383,16.579999923706055,12.099066734313965,9800
2020-04-03,16.579999923706055,16.785999298095703,16.5,16.510000228881836,12.04798412322998,57600
2020-04-06,17.219999313354492,17.219999313354492,16.666000366210938,16.75,12.223118782043457,28700
2020-04-07,17.0,17.56999969482422,16.799999237060547,16.809999465942383,12.266900062561035,19700
2020-04-08,17.100000381469727,18.25,17.100000381469727,17.770000457763672,12.967455863952637,11700
2020-04-09,19.0,19.670000076293945,18.249000549316406,18.7450008392334,13.67894458770752,25500
2020-04-13,19.149999618530273,19.5,17.510000228881836,18.25,13.317726135253906,28500
2020-04-14,17.040000915527344,18.520000457763672,17.040000915527344,18.104000091552734,13.402120590209961,22200
2020-04-15,18.847000122070312,18.847000122070312,17.655000686645508,18.100000381469727,13.399153709411621,3600
2020-04-16,17.389999389648438,18.235000610351562,17.389999389648438,17.950000762939453,13.288115501403809,13000
2020-04-17,18.499000549316406,18.499000549316406,17.850000381469727,17.90999984741211,13.258501052856445,11000
2020-04-20,17.899999618530273,18.239999771118164,17.5,17.549999237060547,12.991999626159668,9000
2020-04-21,17.100000381469727,17.860000610351562,17.0,17.790000915527344,13.169672012329102,12700
2020-04-22,17.790000915527344,18.083999633789062,17.25,18.083999633789062,13.387312889099121,6600
2020-04-23,18.040000915527344,18.489999771118164,18.0,18.489999771118164,13.687864303588867,38800
2020-04-24,18.25,18.649999618530273,18.25,18.649999618530273,13.806310653686523,19200
2020-04-27,18.75,18.920000076293945,18.5,18.899999618530273,13.991385459899902,9900
2020-04-28,18.5,19.059999465942383,18.5,18.8799991607666,13.976579666137695,10300
2020-04-29,18.850000381469727,19.045000076293945,18.700000762939453,18.70400047302246,13.84628963470459,9800
2020-04-30,18.600000381469727,19.361000061035156,18.600000381469727,19.25,14.25048542022705,16000
2020-05-01,19.065000534057617,19.065000534057617,18.5,18.520000457763672,13.71007251739502,2100
2020-05-04,18.611000061035156,18.739999771118164,18.09000015258789,18.25,13.510200500488281,36900
2020-05-05,17.959999084472656,18.329999923706055,17.75,18.225000381469727,13.491693496704102,6300
2020-05-06,18.110000610351562,18.110000610351562,17.774999618530273,17.950000762939453,13.288115501403809,7400
2020-05-07,17.950000762939453,18.614999771118164,17.91699981689453,18.264999389648438,13.521306037902832,5900
2020-05-08,18.950000762939453,18.950000762939453,18.0,18.333999633789062,13.572383880615234,12500
2020-05-11,18.34000015258789,19.170000076293945,18.34000015258789,19.0,14.065409660339355,14500
2020-05-12,18.66200065612793,19.0,18.5049991607666,18.75,13.880341529846191,3300
2020-05-13,18.049999237060547,18.510000228881836,18.049999237060547,18.510000228881836,13.895359992980957,7500
2020-05-14,17.950000762939453,19.450000762939453,17.950000762939453,19.365999221801758,14.537949562072754,20800
2020-05-15,19.0,19.408000946044922,18.910999298095703,19.360000610351562,14.533449172973633,34000
2020-05-18,19.218000411987305,19.799999237060547,18.950000762939453,19.799999237060547,14.863749504089355,15000
2020-05-19,18.91200065612793,19.700000762939453,18.899999618530273,19.700000762939453,14.78868579864502,10800
2020-05-20,19.195999145507812,19.68899917602539,18.850000381469727,19.469999313354492,14.616021156311035,10500
2020-05-21,20.190000534057617,20.5,19.96500015258789,20.450000762939453,15.351704597473145,22300
2020-05-22,20.5,20.979999542236328,20.5,20.979999542236328,15.749570846557617,12800
2020-05-26,21.399999618530273,21.415000915527344,21.170000076293945,21.350000381469727,16.02733039855957,53800
2020-05-27,21.5,21.8799991607666,21.3799991607666,21.3799991607666,16.049850463867188,6700
2020-05-28,21.399999618530273,21.639999389648438,21.399999618530273,21.621000289916992,16.23076820373535,18900
2020-05-29,21.655000686645508,21.899999618530273,21.610000610351562,21.899999618530273,16.440210342407227,21000
2020-06-01,21.899999618530273,22.100000381469727,21.868999481201172,22.0,16.515281677246094,22300
2020-06-02,22.09000015258789,22.530000686645508,22.09000015258789,22.384000778198242,16.803544998168945,55800
2020-06-03,22.579999923706055,22.579999923706055,22.270000457763672,22.440000534057617,16.845592498779297,39900
2020-06-04,22.450000762939453,22.450000762939453,22.0,22.239999771118164,16.69544792175293,12300
2020-06-05,22.489999771118164,22.5,22.100000381469727,22.392000198364258,16.809553146362305,37000
2020-06-08,22.399999618530273,22.714000701904297,22.399999618530273,22.645000457763672,16.99947738647461,46200
2020-06-09,22.65999984741211,23.0,22.65999984741211,22.65999984741211,17.0107421875,4300
2020-06-10,22.65999984741211,22.799999237060547,22.5,22.700000762939453,17.040775299072266,12000
2020-06-11,22.399999618530273,22.489999771118164,22.299999237060547,22.299999237060547,16.740480422973633,14800
2020-06-12,22.420000076293945,22.68000030517578,22.420000076293945,22.68000030517578,17.125591278076172,8900
2020-06-15,22.5,22.649999618530273,22.450000762939453,22.479999542236328,16.974573135375977,6300
2020-06-16,22.700000762939453,22.700000762939453,22.479999542236328,22.5,16.98967170715332,8800
2020-06-17,22.631999969482422,22.631999969482422,22.399999618530273,22.450000762939453,16.95191192626953,9500
2020-06-18,22.299999237060547,22.601999282836914,22.299999237060547,22.389999389648438,16.90660858154297,4000
2020-06-19,22.489999771118164,22.489999771118164,22.399999618530273,22.450000762939453,16.95191192626953,5400
2020-06-22,22.43000030517578,22.44099998474121,21.850000381469727,21.850000381469727,16.498857498168945,17700
2020-06-23,22.0,22.0,21.0,21.709999084472656,16.393142700195312,25100
2020-06-24,21.979999542236328,22.094999313354492,21.690000534057617,21.75,16.423343658447266,5400
2020-06-25,21.825000762939453,21.8799991607666,21.719999313354492,21.860000610351562,16.506410598754883,6400
2020-06-26,21.795000076293945,21.795000076293945,21.25,21.610000610351562,16.317630767822266,10700
2020-06-29,21.739999771118164,22.308000564575195,21.450000762939453,21.469999313354492,16.211915969848633,4000
2020-06-30,21.489999771118164,21.70599937438965,21.469999313354492,21.68199920654297,16.372005462646484,6900
2020-07-01,22.0,22.299999237060547,21.6299991607666,21.9950008392334,16.608348846435547,10900
2020-07-02,22.08300018310547,22.08300018310547,21.66900062561035,21.75,16.423343658447266,13400
2020-07-06,21.959999084472656,21.975000381469727,21.280000686645508,21.280000686645508,16.068452835083008,34400
2020-07-07,21.229999542236328,21.479999542236328,21.110000610351562,21.184999465942383,15.996721267700195,28500
2020-07-08,21.309999465942383,21.600000381469727,20.485000610351562,21.100000381469727,15.932539939880371,26400
2020-07-09,21.378000259399414,21.378000259399414,21.100000381469727,21.100000381469727,15.932539939880371,32200
2020-07-10,21.579999923706055,21.690000534057617,21.100000381469727,21.229999542236328,16.030696868896484,23800
2020-07-13,21.229999542236328,21.309999465942383,21.229999542236328,21.299999237060547,16.08354949951172,39400
2020-07-14,21.489999771118164,21.489999771118164,21.209999084472656,21.219999313354492,16.023147583007812,11500
2020-07-15,21.280000686645508,21.84000015258789,21.209999084472656,21.5,16.23457908630371,7100
2020-07-16,21.3700008392334,21.549999237060547,21.229999542236328,21.25,16.143415451049805,21800
2020-07-17,21.209999084472656,21.405000686645508,21.1200008392334,21.350000381469727,16.219377517700195,6100
2020-07-20,21.399999618530273,21.790000915527344,21.350000381469727,21.790000915527344,16.55364227294922,11600
2020-07-21,21.670000076293945,21.809999465942383,21.350000381469727,21.610000610351562,16.41689682006836,2300
2020-07-22,21.520000457763672,21.799999237060547,21.440000534057617,21.770000457763672,16.538454055786133,2700
2020-07-23,21.739999771118164,21.80500030517578,21.510000228881836,21.540000915527344,16.363727569580078,3000
2020-07-24,21.540000915527344,21.610000610351562,21.469999313354492,21.55699920654297,16.376632690429688,1900
2020-07-27,21.649999618530273,21.649999618530273,21.290000915527344,21.299999237060547,16.181394577026367,7200
2020-07-28,21.309999465942383,21.360000610351562,21.270000457763672,21.360000610351562,16.226972579956055,3900
2020-07-29,21.350000381469727,21.399999618530273,20.979999542236328,21.36199951171875,16.228498458862305,41400
2020-07-30,21.149999618530273,21.656999588012695,21.149999618530273,21.299999237060547,16.181394577026367,4700
2020-07-31,21.39699935913086,21.540000915527344,21.299999237060547,21.540000915527344,16.363727569580078,4600
2020-08-03,21.5,21.700000762939453,21.399999618530273,21.670000076293945,16.462480545043945,23300
2020-08-04,21.5,21.510000228881836,21.399999618530273,21.399999618530273,16.25736427307129,33700
2020-08-05,21.450000762939453,21.459999084472656,21.440000534057617,21.440000534057617,16.28775978088379,2000
2020-08-06,21.450000762939453,21.53499984741211,21.309999465942383,21.5,16.33333396911621,18600
2020-08-07,21.700000762939453,21.700000762939453,21.350000381469727,21.6200008392334,16.42449378967285,20900
2020-08-10,21.81999969482422,21.93000030517578,21.474000930786133,21.92300033569336,16.654682159423828,35600
2020-08-11,21.989999771118164,22.174999237060547,21.770000457763672,22.149999618530273,16.827133178710938,18800
2020-08-12,22.033000946044922,22.3700008392334,21.950000762939453,22.219999313354492,16.880308151245117,3700
2020-08-13,21.989999771118164,22.475000381469727,21.989999771118164,22.260000228881836,16.91069793701172,6200
2020-08-14,22.260000228881836,22.260000228881836,22.260000228881836,22.260000228881836,17.01003646850586,0
2020-08-17,21.968000411987305,22.25,21.799999237060547,22.09000015258789,16.880130767822266,4200
2020-08-18,22.049999237060547,22.049999237060547,21.829999923706055,21.93000030517578,16.757871627807617,3500
2020-08-19,22.08300018310547,22.29400062561035,21.809999465942383,22.05500030517578,16.853384017944336,4000
2020-08-20,22.086999893188477,22.086999893188477,21.860000610351562,21.860000610351562,16.704374313354492,600
2020-08-21,21.860000610351562,22.017000198364258,21.860000610351562,22.017000198364258,16.8243465423584,600
2020-08-24,22.0,22.270000457763672,22.0,22.200000762939453,16.96419334411621,8500
2020-08-25,22.334999084472656,22.3439998626709,22.219999313354492,22.25,17.002397537231445,1600
2020-08-26,22.225000381469727,22.25,21.93000030517578,22.208999633789062,16.971067428588867,4800
2020-08-27,22.03499984741211,22.03499984741211,22.03499984741211,22.03499984741211,16.838104248046875,300
2020-08-28,22.040000915527344,22.15999984741211,22.0,22.149999618530273,16.925981521606445,7900
2020-08-31,22.469999313354492,22.475000381469727,22.209999084472656,22.399999618530273,17.117019653320312,8000
2020-09-01,22.399999618530273,22.520000457763672,22.25,22.399999618530273,17.117019653320312,5900
2020-09-02,22.5,22.652000427246094,22.399999618530273,22.652000427246094,17.30958366394043,5200
2020-09-03,22.6200008392334,22.698999404907227,22.549999237060547,22.625,17.28895378112793,5100
2020-09-04,22.719999313354492,22.959999084472656,22.719999313354492,22.75,17.38447380065918,49200
2020-09-08,22.75,22.75,22.489999771118164,22.5,17.193437576293945,2000
2020-09-09,22.631999969482422,23.0,22.631999969482422,22.940000534057617,17.529664993286133,6400
2020-09-10,22.899999618530273,23.0,22.899999618530273,22.94700050354004,17.535005569458008,3600
2020-09-11,22.950000762939453,23.219999313354492,22.899999618530273,23.132999420166016,17.677143096923828,3400
2020-09-14,22.950000762939453,23.0,22.899999618530273,23.0,17.575510025024414,3900
2020-09-15,22.979999542236328,23.110000610351562,22.895000457763672,23.049999237060547,17.713836669921875,6000
2020-09-16,22.950000762939453,22.95199966430664,22.950000762939453,22.95199966430664,17.638526916503906,1200
2020-09-17,22.940000534057617,23.1200008392334,22.940000534057617,23.1200008392334,17.76763343811035,3000
2020-09-18,23.11199951171875,23.11199951171875,23.04400062561035,23.11199951171875,17.7614803314209,2000
2020-09-21,23.079999923706055,23.079999923706055,22.94499969482422,22.947999954223633,17.63545799255371,4500
2020-09-22,22.959999084472656,23.1560001373291,22.950000762939453,23.1560001373291,17.79529571533203,7000
2020-09-23,22.899999618530273,23.100000381469727,22.899999618530273,23.100000381469727,17.75226402282715,2200
2020-09-24,23.100000381469727,23.15999984741211,23.100000381469727,23.100000381469727,17.75226402282715,4000
2020-09-25,23.0,23.219999313354492,23.0,23.219999313354492,17.844478607177734,3100
2020-09-28,23.075000762939453,23.219999313354492,23.075000762939453,23.219999313354492,17.844478607177734,1700
2020-09-29,23.23699951171875,23.385000228881836,23.100000381469727,23.200000762939453,17.82911491394043,3500
2020-09-30,23.385000228881836,23.39299964904785,23.093000411987305,23.093000411987305,17.74688720703125,2400
2020-10-01,23.139999389648438,23.363000869750977,22.809999465942383,22.899999618530273,17.59856605529785,19300
2020-10-02,23.43000030517578,23.43000030517578,23.200000762939453,23.200000762939453,17.82911491394043,300
2020-10-05,22.850000381469727,23.218000411987305,22.850000381469727,23.010000228881836,17.683101654052734,2600
2020-10-06,23.010000228881836,23.40999984741211,23.0,23.19499969482422,17.82526397705078,5500
2020-10-07,23.020000457763672,23.440000534057617,23.020000457763672,23.3700008392334,17.959754943847656,2500
2020-10-08,22.90999984741211,23.187999725341797,22.90999984741211,23.187999725341797,17.81989097595215,1600
2020-10-09,23.225000381469727,23.225000381469727,23.0,23.0,17.6754207611084,1800
2020-10-12,23.010000228881836,23.010000228881836,22.969999313354492,22.989999771118164,17.667726516723633,1400
2020-10-13,23.030000686645508,23.030000686645508,23.030000686645508,23.030000686645508,17.69847297668457,200
2020-10-14,23.23200035095215,23.26099967956543,23.149999618530273,23.149999618530273,17.790685653686523,1200
2020-10-15,23.149999618530273,23.149999618530273,23.149999618530273,23.149999618530273,17.891155242919922,0
2020-10-16,23.049999237060547,23.106000900268555,23.0,23.049999237060547,17.813873291015625,3400
2020-10-19,23.128000259399414,23.128000259399414,22.920000076293945,23.049999237060547,17.813873291015625,3100
2020-10-20,23.030000686645508,23.033000946044922,23.0,23.033000946044922,17.800737380981445,2300
2020-10-21,23.049999237060547,23.165000915527344,22.91900062561035,23.0,17.775236129760742,28100
2020-10-22,23.11199951171875,23.256999969482422,22.920000076293945,22.920000076293945,17.713411331176758,1100
2020-10-23,22.920000076293945,23.270000457763672,22.920000076293945,22.920000076293945,17.713411331176758,4700
2020-10-26,23.202999114990234,23.202999114990234,22.90999984741211,22.9950008392334,17.7713680267334,2900
2020-10-27,22.90999984741211,23.010000228881836,22.90999984741211,23.010000228881836,17.782958984375,1300
2020-10-28,23.06999969482422,23.06999969482422,22.920000076293945,23.020000457763672,17.790687561035156,2100
2020-10-29,22.920000076293945,23.05500030517578,22.920000076293945,22.920000076293945,17.713411331176758,2900
2020-10-30,23.045000076293945,23.045000076293945,22.440000534057617,22.440000534057617,17.34244155883789,12900
2020-11-02,22.899999618530273,22.899999618530273,22.600000381469727,22.600000381469727,17.466094970703125,6500
2020-11-03,22.600000381469727,22.850000381469727,22.549999237060547,22.56999969482422,17.442913055419922,1500
2020-11-04,22.934999465942383,23.18000030517578,22.56999969482422,22.579999923706055,17.450647354125977,1100
2020-11-05,22.649999618530273,22.889999389648438,22.549999237060547,22.75,17.58203125,17300
2020-11-06,22.75,22.75,22.75,22.75,17.58203125,1900
2020-11-09,23.040000915527344,23.040000915527344,22.799999237060547,22.979000091552734,17.75900650024414,5100
2020-11-10,22.900999069213867,23.138999938964844,22.8700008392334,23.079999923706055,17.83706283569336,2600
2020-11-11,22.899999618530273,23.149999618530273,22.899999618530273,23.149999618530273,17.891155242919922,8000
2020-11-12,23.100000381469727,23.100000381469727,22.899999618530273,22.899999618530273,17.797889709472656,6300
2020-11-13,22.90999984741211,23.01300048828125,22.90999984741211,23.01300048828125,17.885717391967773,3700
2020-11-16,23.0,23.399999618530273,23.0,23.399999618530273,18.186500549316406,4200
2020-11-17,22.80500030517578,23.489999771118164,22.80500030517578,23.479999542236328,18.24867057800293,6200
2020-11-18,23.299999237060547,23.549999237060547,23.200000762939453,23.549999237060547,18.30307388305664,4900
2020-11-19,23.264999389648438,23.600000381469727,23.260000228881836,23.600000381469727,18.341936111450195,7200
2020-11-20,23.4689998626709,23.4689998626709,23.34000015258789,23.454999923706055,18.22923469543457,1600
2020-11-23,23.350000381469727,23.450000762939453,23.350000381469727,23.399999618530273,18.186500549316406,3400
2020-11-24,23.399999618530273,23.639999389648438,23.399999618530273,23.58300018310547,18.328725814819336,2500
2020-11-25,23.670000076293945,23.670000076293945,23.450000762939453,23.450000762939453,18.22535514831543,4200
2020-11-27,23.450000762939453,23.450000762939453,23.450000762939453,23.450000762939453,18.22535514831543,200
2020-11-30,23.700000762939453,23.700000762939453,23.31999969482422,23.31999969482422,18.124319076538086,12700
2020-12-01,23.475000381469727,23.5,23.299999237060547,23.450000762939453,18.22535514831543,13600
2020-12-02,23.600000381469727,23.610000610351562,23.40999984741211,23.600000381469727,18.341936111450195,26600
2020-12-03,23.434999465942383,23.56399917602539,23.209999084472656,23.350000381469727,18.14763641357422,8800
2020-12-04,23.350000381469727,23.538000106811523,23.350000381469727,23.399999618530273,18.186500549316406,16500
2020-12-07,23.5,23.59000015258789,23.299999237060547,23.489999771118164,18.25644302368164,13900
2020-12-08,23.350000381469727,23.639999389648438,23.350000381469727,23.639999389648438,18.373018264770508,3500
2020-12-09,23.5,23.600000381469727,23.479999542236328,23.540000915527344,18.295305252075195,9600
2020-12-10,22.950000762939453,23.479999542236328,22.950000762939453,23.469999313354492,18.24090003967285,21600
2020-12-11,23.579999923706055,23.600000381469727,23.079999923706055,23.520000457763672,18.279766082763672,5800
2020-12-14,23.469999313354492,23.600000381469727,23.450000762939453,23.549999237060547,18.30307388305664,35500
2020-12-15,23.424999237060547,23.520000457763672,23.139999389648438,23.270000457763672,18.185848236083984,7400
2020-12-16,23.25,23.700000762939453,23.249000549316406,23.31999969482422,18.224925994873047,14700
2020-12-17,23.299999237060547,23.309999465942383,23.1200008392334,23.239999771118164,18.162397384643555,4600
2020-12-18,23.354999542236328,23.354999542236328,23.020000457763672,23.100000381469727,18.052989959716797,12600
2020-12-21,23.242000579833984,23.25,23.049999237060547,23.104999542236328,18.05689811706543,7200
2020-12-22,23.100000381469727,23.209999084472656,23.049999237060547,23.200000762939453,18.131145477294922,4400
2020-12-23,23.114999771118164,23.184999465942383,22.655000686645508,22.899999618530273,17.896682739257812,47700
2020-12-24,22.829999923706055,23.100000381469727,22.829999923706055,23.049999237060547,18.013916015625,4600
2020-12-28,23.100000381469727,23.100000381469727,22.989999771118164,23.010000228881836,17.982648849487305,7300
2020-12-29,23.0,23.100000381469727,22.90999984741211,22.950000762939453,17.93577003479004,9900
2020-12-30,22.899999618530273,23.0,22.899999618530273,22.959999084472656,17.943574905395508,10500
2020-12-31,22.909000396728516,23.089000701904297,22.899999618530273,23.0,17.974842071533203,4200
2021-01-04,23.191999435424805,23.200000762939453,23.0,23.09000015258789,18.04517364501953,3900
2021-01-05,23.100000381469727,23.125,22.9950008392334,23.100000381469727,18.052989959716797,8000
2021-01-06,22.950000762939453,23.15999984741211,22.950000762939453,23.15999984741211,18.099868774414062,3300
2021-01-07,23.149999618530273,23.18000030517578,23.100000381469727,23.152999877929688,18.09441566467285,2200
2021-01-08,23.239999771118164,23.299999237060547,23.020000457763672,23.299999237060547,18.20929718017578,6200
2021-01-11,23.420000076293945,23.420000076293945,23.040000915527344,23.25,18.17021369934082,6800
2021-01-12,23.239999771118164,23.25,23.229999542236328,23.229999542236328,18.154584884643555,1700
2021-01-13,23.34000015258789,23.34000015258789,23.200000762939453,23.23200035095215,18.156145095825195,5600
2021-01-14,23.239999771118164,23.479999542236328,23.062000274658203,23.110000610351562,18.162437438964844,5700
2021-01-15,23.100000381469727,23.149999618530273,23.100000381469727,23.1299991607666,18.17815589904785,5600
2021-01-19,23.299999237060547,23.690000534057617,23.299999237060547,23.600000381469727,18.547536849975586,24400
2021-01-20,23.649999618530273,23.71500015258789,23.5,23.570999145507812,18.52474594116211,11400
2021-01-21,23.579999923706055,23.738000869750977,23.56999969482422,23.62299919128418,18.565608978271484,6700
2021-01-22,23.600000381469727,23.731000900268555,23.600000381469727,23.677000045776367,18.608051300048828,4000
2021-01-25,23.709999084472656,23.75,23.540000915527344,23.739999771118164,18.657562255859375,8300
2021-01-26,23.649999618530273,23.649999618530273,23.559999465942383,23.559999465942383,18.516096115112305,2400
2021-01-27,23.5,23.649999618530273,23.5,23.639999389648438,18.57897186279297,2000
2021-01-28,23.729999542236328,23.75,23.625,23.700000762939453,18.62612533569336,2700
2021-01-29,23.799999237060547,23.799999237060547,23.5,23.5,18.46893882751465,2400
2021-02-01,23.5,23.75,23.5,23.540000915527344,18.500377655029297,11100
2021-02-02,23.700000762939453,23.75,23.549999237060547,23.549999237060547,18.508235931396484,7900
2021-02-03,23.549999237060547,23.75,23.5,23.75,18.665420532226562,12100
2021-02-04,23.799999237060547,23.850000381469727,23.687999725341797,23.790000915527344,18.696855545043945,23300
2021-02-05,23.920000076293945,24.0,23.850000381469727,23.850000381469727,18.744014739990234,4700
2021-02-08,23.860000610351562,24.0,23.84000015258789,23.84000015258789,18.736148834228516,39400
2021-02-09,23.959999084472656,24.040000915527344,23.780000686645508,23.8700008392334,18.759729385375977,6900
2021-02-10,23.799999237060547,23.979999542236328,23.788999557495117,23.799999237060547,18.7047176361084,9400
2021-02-11,23.59000015258789,23.898000717163086,23.59000015258789,23.73699951171875,18.757658004760742,19000
2021-02-12,23.799999237060547,24.100000381469727,23.799999237060547,24.0,18.965496063232422,16900
2021-02-16,24.239999771118164,24.239999771118164,23.875,23.889999389648438,18.878564834594727,42200
2021-02-17,24.0,24.030000686645508,23.68000030517578,23.899999618530273,18.8864688873291,26700
2021-02-18,24.049999237060547,24.049999237060547,23.871000289916992,23.871000289916992,18.86355209350586,3200
2021-02-19,23.959999084472656,23.989999771118164,23.809999465942383,23.950000762939453,18.925983428955078,14100
2021-02-22,23.75,23.989999771118164,23.75,23.8700008392334,18.862762451171875,18800
2021-02-23,23.979999542236328,24.0,23.756999969482422,23.8700008392334,18.862762451171875,5200
2021-02-24,23.96500015258789,24.0,23.915000915527344,23.940000534057617,18.91807746887207,35700
2021-02-25,24.06999969482422,24.06999969482422,23.81999969482422,23.875,18.86671257019043,5300
2021-02-26,24.049999237060547,24.07699966430664,23.920000076293945,23.989999771118164,18.957590103149414,23300
2021-03-01,24.045000076293945,24.075000762939453,23.82900047302246,23.950000762939453,18.925983428955078,5600
2021-03-02,23.9950008392334,23.9950008392334,23.75,23.799999237060547,18.80744743347168,8000
2021-03-03,23.889999389648438,23.950000762939453,23.75,23.799999237060547,18.80744743347168,7900
2021-03-04,24.00200080871582,24.00200080871582,23.89699935913086,23.902000427246094,18.8880558013916,15700
2021-03-05,23.899999618530273,23.979999542236328,23.850000381469727,23.96500015258789,18.937837600708008,3800
2021-03-08,23.959999084472656,23.989999771118164,23.889999389648438,23.920000076293945,18.902273178100586,9900
2021-03-09,23.90999984741211,24.079999923706055,23.90999984741211,23.950000762939453,18.925983428955078,20500
2021-03-10,24.170000076293945,24.200000762939453,24.020000457763672,24.200000762939453,19.1235408782959,20900
2021-03-11,24.094999313354492,24.239999771118164,24.09000015258789,24.239999771118164,19.155147552490234,5800
2021-03-12,24.25,24.280000686645508,24.100000381469727,24.100000381469727,19.044511795043945,20700
2021-03-15,24.270000457763672,24.350000381469727,24.25,24.299999237060547,19.202558517456055,8600
2021-03-16,24.290000915527344,24.399999618530273,24.25,24.25,19.26612091064453,16700
2021-03-17,24.440000534057617,24.450000762939453,24.299999237060547,24.350000381469727,19.345569610595703,12900
2021-03-18,24.450000762939453,24.450000762939453,24.100000381469727,24.1560001373291,19.19144058227539,9300
2021-03-19,24.22100067138672,24.31999969482422,24.035999298095703,24.299999237060547,19.305843353271484,11400
2021-03-22,24.299999237060547,24.399999618530273,24.25,24.31999969482422,19.321733474731445,34500
2021-03-23,24.399999618530273,24.399999618530273,24.299999237060547,24.299999237060547,19.305843353271484,18000
2021-03-24,24.325000762939453,24.399999618530273,24.290000915527344,24.304000854492188,19.30902671813965,18200
2021-03-25,24.309999465942383,24.399999618530273,24.309999465942383,24.350000381469727,19.345569610595703,8800
2021-03-26,24.43000030517578,24.43000030517578,24.309999465942383,24.309999465942383,19.31378746032715,20000
2021-03-29,24.450000762939453,24.450000762939453,24.309999465942383,24.39299964904785,19.379724502563477,6800
2021-03-30,24.350000381469727,24.420000076293945,24.334999084472656,24.389999389648438,19.377347946166992,15400
2021-03-31,24.450000762939453,24.450000762939453,24.309999465942383,24.399999618530273,19.385290145874023,6900
2021-04-01,24.450000762939453,24.450000762939453,24.309999465942383,24.440000534057617,19.417072296142578,17600
2021-04-05,24.450000762939453,24.5,24.360000610351562,24.461999893188477,19.434551239013672,17100
2021-04-06,24.40999984741211,24.510000228881836,24.40999984741211,24.40999984741211,19.393239974975586,59200
2021-04-07,24.520000457763672,24.579999923706055,24.44499969482422,24.520000457763672,19.480628967285156,19800
2021-04-08,24.549999237060547,24.549999237060547,24.5,24.5,19.46474266052246,10900
2021-04-09,24.549999237060547,24.549999237060547,24.40999984741211,24.43000030517578,19.409128189086914,14600
2021-04-12,24.43000030517578,24.547000885009766,24.40999984741211,24.540000915527344,19.49651527404785,18100
2021-04-13,24.549999237060547,24.600000381469727,24.549999237060547,24.594999313354492,19.54020881652832,5900
2021-04-14,24.6299991607666,24.81599998474121,24.549999237060547,24.604999542236328,19.548160552978516,6100
2021-04-15,24.649999618530273,24.649999618530273,24.47100067138672,24.600000381469727,19.648000717163086,7700
2021-04-16,24.649999618530273,24.80900001525879,24.579999923706055,24.774999618530273,19.78777313232422,5800
2021-04-19,24.6299991607666,24.700000762939453,24.549999237060547,24.600000381469727,19.648000717163086,10100
2021-04-20,24.56999969482422,24.700000762939453,24.549999237060547,24.549999237060547,19.608062744140625,10800
2021-04-21,24.579999923706055,24.68000030517578,24.579999923706055,24.670000076293945,19.703903198242188,4000
2021-04-22,24.639999389648438,24.799999237060547,24.635000228881836,24.729999542236328,19.751829147338867,7600
2021-04-23,24.757999420166016,24.891000747680664,24.757999420166016,24.850000381469727,19.847665786743164,5800
2021-04-26,24.799999237060547,25.0,24.799999237060547,24.8700008392334,19.863643646240234,9300
2021-04-27,24.989999771118164,25.0,24.8700008392334,24.8700008392334,19.863643646240234,6300
2021-04-28,24.989999771118164,25.149999618530273,24.954999923706055,25.139999389648438,20.079296112060547,11300
2021-04-29,25.049999237060547,25.208999633789062,25.049999237060547,25.149999618530273,20.087278366088867,4000
2021-04-30,25.100000381469727,25.200000762939453,25.100000381469727,25.149999618530273,20.087278366088867,5700
2021-05-03,25.100000381469727,25.174999237060547,25.06399917602539,25.1200008392334,20.06332778930664,12400
2021-05-04,25.090999603271484,25.118000030517578,25.0,25.100000381469727,20.047344207763672,5200
2021-05-05,25.010000228881836,25.049999237060547,25.010000228881836,25.049999237060547,20.007408142089844,7600
2021-05-06,25.03499984741211,25.049999237060547,25.020000457763672,25.049999237060547,20.007408142089844,4700
2021-05-07,25.049999237060547,25.110000610351562,24.913999557495117,24.934999465942383,19.915555953979492,26400
2021-05-10,24.979999542236328,25.18199920654297,24.950000762939453,24.989999771118164,19.959491729736328,10000
2021-05-11,24.989999771118164,25.091999053955078,24.959999084472656,24.959999084472656,19.93553352355957,8500
2021-05-12,25.0,25.020000457763672,24.950000762939453,24.961000442504883,19.936328887939453,4600
2021-05-13,25.062999725341797,25.062999725341797,24.850000381469727,24.850000381469727,19.95157814025879,2100
2021-05-14,25.139999389648438,25.139999389648438,24.895000457763672,24.959999084472656,20.039901733398438,8200
2021-05-17,25.079999923706055,25.09000015258789,25.0,25.0,20.072011947631836,4600
2021-05-18,25.0,25.09000015258789,25.0,25.010000228881836,20.080047607421875,3500
2021-05-19,25.079999923706055,25.09000015258789,25.049999237060547,25.09000015258789,20.144271850585938,1600
2021-05-20,25.065000534057617,25.1200008392334,25.065000534057617,25.1200008392334,20.168363571166992,2400
2021-05-21,25.1200008392334,25.149999618530273,25.100000381469727,25.121000289916992,20.169164657592773,8600
2021-05-24,25.149999618530273,25.149999618530273,25.100000381469727,25.110000610351562,20.16033363342285,2400
2021-05-25,25.149999618530273,25.149999618530273,25.0,25.049999237060547,20.112157821655273,7900
2021-05-26,25.0,25.0,24.992000579833984,25.0,20.072011947631836,12600
2021-05-27,25.0,25.0,24.979999542236328,24.979999542236328,20.05595588684082,12100
2021-05-28,25.0,25.0,24.958999633789062,24.969999313354492,20.047927856445312,12500
2021-06-01,24.969999313354492,25.0,24.969999313354492,25.0,20.072011947631836,7200
2021-06-02,24.989999771118164,25.0,24.979999542236328,24.989999771118164,20.063983917236328,22700
2021-06-03,24.989999771118164,25.229999542236328,24.989999771118164,25.190000534057617,20.224563598632812,5100
2021-06-04,25.239999771118164,25.25,25.0,25.0,20.072011947631836,6400
2021-06-07,25.139999389648438,25.139999389648438,25.0,25.010000228881836,20.080047607421875,8900
2021-06-08,25.010000228881836,25.200000762939453,25.010000228881836,25.121999740600586,20.169965744018555,7500
2021-06-09,25.018999099731445,25.18000030517578,25.018999099731445,25.149999618530273,20.19244956970215,6900
2021-06-10,25.149999618530273,25.235000610351562,25.030000686645508,25.070999145507812,20.129018783569336,11200
2021-06-11,25.170000076293945,25.20599937438965,25.170000076293945,25.20599937438965,20.23740577697754,600
2021-06-14,25.059999465942383,25.25,25.059999465942383,25.200000762939453,20.232587814331055,5900
2021-06-15,25.149999618530273,25.149999618530273,25.049999237060547,25.059999465942383,20.224515914916992,5000
2021-06-16,25.020000457763672,25.134000778198242,24.8700008392334,24.93899917602539,20.12687110900879,35000
2021-06-17,24.989999771118164,25.084999084472656,24.940000534057617,25.0,20.17609405517578,16600
2021-06-18,25.1200008392334,25.149999618530273,24.899999618530273,25.079999923706055,20.24066162109375,3500
2021-06-21,25.1200008392334,25.1200008392334,24.952999114990234,25.020000457763672,20.192235946655273,6300
2021-06-22,25.0,25.065000534057617,24.937999725341797,25.020000457763672,20.192235946655273,12800
2021-06-23,25.0,25.11199951171875,24.989999771118164,25.100000381469727,20.256799697875977,7300
2021-06-24,25.020000457763672,25.059999465942383,24.959999084472656,24.989999771118164,20.16802978515625,58000
2021-06-25,25.049999237060547,25.049999237060547,24.983999252319336,25.0,20.17609405517578,17400
2021-06-28,25.0,25.0,24.8700008392334,24.8700008392334,20.071182250976562,33600
2021-06-29,24.979999542236328,25.0,24.8700008392334,24.90999984741211,20.103458404541016,15900
2021-06-30,24.889999389648438,24.989999771118164,24.889999389648438,24.979999542236328,20.159957885742188,4100
2021-07-01,24.969999313354492,25.049999237060547,24.950000762939453,25.049999237060547,20.216447830200195,8000
2021-07-02,25.04800033569336,25.06999969482422,25.040000915527344,25.06999969482422,20.23259162902832,38400
2021-07-06,25.100000381469727,25.100000381469727,25.079999923706055,25.100000381469727,20.256799697875977,9000
2021-07-07,25.100000381469727,25.110000610351562,25.059999465942383,25.0939998626709,20.251956939697266,8100
2021-07-08,25.1200008392334,25.149999618530273,24.959999084472656,25.045000076293945,20.21241569519043,19400
2021-07-09,25.09000015258789,25.09000015258789,25.06800079345703,25.079999923706055,20.24066162109375,10500
2021-07-12,25.09000015258789,25.1200008392334,25.079999923706055,25.09000015258789,20.248733520507812,3500
2021-07-13,25.040000915527344,25.16200065612793,25.030000686645508,25.049999237060547,20.216447830200195,5400
2021-07-14,25.1299991607666,25.170000076293945,25.049999237060547,25.108999252319336,20.264066696166992,3100
2021-07-15,25.020000457763672,25.049999237060547,24.989999771118164,25.049999237060547,20.3216609954834,28800
2021-07-16,25.0,25.049999237060547,24.964000701904297,25.003000259399414,20.283536911010742,5400
2021-07-19,25.0,25.049999237060547,24.969999313354492,25.020000457763672,20.297325134277344,6100
2021-07-20,25.014999389648438,25.049999237060547,24.959999084472656,25.03499984741211,20.30948829650879,7400
2021-07-21,25.020999908447266,25.049999237060547,24.965999603271484,25.0,20.281095504760742,15300
2021-07-22,25.049999237060547,25.049999237060547,25.0310001373291,25.049999237060547,20.3216609954834,8100
2021-07-23,25.049999237060547,25.06999969482422,25.0,25.040000915527344,20.313552856445312,12900
2021-07-26,25.049999237060547,25.049999237060547,25.010000228881836,25.040000915527344,20.313552856445312,7700
2021-07-27,25.040000915527344,25.040000915527344,25.0,25.0310001373291,20.306251525878906,2600
2021-07-28,25.059999465942383,25.100000381469727,25.059999465942383,25.100000381469727,20.362224578857422,3700
2021-07-29,25.100000381469727,25.149999618530273,25.06999969482422,25.100000381469727,20.362224578857422,7300
2021-07-30,25.100000381469727,25.170000076293945,25.100000381469727,25.15999984741211,20.410903930664062,4900
2021-08-02,25.149999618530273,25.149999618530273,25.018999099731445,25.100000381469727,20.362224578857422,4600
2021-08-03,25.149999618530273,25.190000534057617,25.084999084472656,25.174999237060547,20.423067092895508,5300
2021-08-04,25.15999984741211,25.190000534057617,25.110000610351562,25.190000534057617,20.435239791870117,10800
2021-08-05,25.190000534057617,25.190000534057617,25.13599967956543,25.15999984741211,20.410903930664062,6200
2021-08-06,25.190000534057617,25.190000534057617,25.145000457763672,25.190000534057617,20.435239791870117,7300
2021-08-09,25.200000762939453,25.200000762939453,25.170000076293945,25.200000762939453,20.443347930908203,6000
2021-08-10,25.200000762939453,25.209999084472656,25.19099998474121,25.200000762939453,20.443347930908203,7600
2021-08-11,25.209999084472656,25.21500015258789,25.086999893188477,25.190000534057617,20.435239791870117,9600
2021-08-12,25.190000534057617,25.200000762939453,25.110000610351562,25.200000762939453,20.443347930908203,12900
2021-08-13,25.200000762939453,25.290000915527344,25.198999404907227,25.290000915527344,20.516359329223633,10500
2021-08-16,25.139999389648438,25.200000762939453,25.06999969482422,25.145000457763672,20.504131317138672,18900
2021-08-17,25.100000381469727,25.139999389648438,25.079999923706055,25.100000381469727,20.467435836791992,17600
2021-08-18,25.100000381469727,25.270000457763672,25.010000228881836,25.100000381469727,20.467435836791992,13000
2021-08-19,25.049999237060547,25.200000762939453,25.049999237060547,25.149999618530273,20.508209228515625,13100
2021-08-20,25.059999465942383,25.600000381469727,25.059999465942383,25.350000381469727,20.671295166015625,7800
2021-08-23,25.200000762939453,25.280000686645508,25.100000381469727,25.15999984741211,20.516359329223633,12500
2021-08-24,25.15999984741211,25.170000076293945,25.06999969482422,25.079999923706055,20.451128005981445,12600
2021-08-25,25.100000381469727,25.174999237060547,25.079999923706055,25.100000381469727,20.467435836791992,6300
2021-08-26,25.079999923706055,25.18600082397461,25.079999923706055,25.149999618530273,20.508209228515625,10400
2021-08-27,25.125,25.15999984741211,25.079999923706055,25.14900016784668,20.50739288330078,9700
2021-08-30,25.110000610351562,25.200000762939453,25.049999237060547,25.150999069213867,20.509023666381836,4500
2021-08-31,25.051000595092773,25.18000030517578,25.049999237060547,25.100000381469727,20.467435836791992,9100
2021-09-01,25.132999420166016,25.219999313354492,25.132999420166016,25.155000686645508,20.512287139892578,7600
2021-09-02,25.149999618530273,25.25,25.149999618530273,25.25,20.589746475219727,2800
2021-09-03,25.200000762939453,25.275999069213867,25.200000762939453,25.25,20.589746475219727,3900
2021-09-07,25.1299991607666,25.549999237060547,25.1299991607666,25.285999298095703,20.619108200073242,11800
2021-09-08,25.5,25.5,25.209999084472656,25.36199951171875,20.681079864501953,3700
2021-09-09,25.360000610351562,25.5,25.360000610351562,25.409000396728516,20.719409942626953,11700
2021-09-10,25.420000076293945,25.5,25.420000076293945,25.440000534057617,20.744686126708984,8200
2021-09-13,25.4950008392334,25.549999237060547,25.479999542236328,25.549999237060547,20.834381103515625,1200
2021-09-14,25.549999237060547,25.549999237060547,25.459999084472656,25.513999938964844,20.805023193359375,7200
2021-09-15,25.440000534057617,25.450000762939453,25.3700008392334,25.3700008392334,20.79355239868164,5000
2021-09-16,25.280000686645508,25.450000762939453,25.280000686645508,25.340999603271484,20.769786834716797,2700
2021-09-17,25.43000030517578,25.549999237060547,25.43000030517578,25.43000030517578,20.84272575378418,8900
2021-09-20,25.479999542236328,25.479999542236328,25.299999237060547,25.350000381469727,20.77715492248535,2700
2021-09-21,25.325000762939453,25.399999618530273,25.309999465942383,25.399999618530273,20.818143844604492,4000
2021-09-22,25.350000381469727,25.399999618530273,25.290000915527344,25.375,20.797643661499023,3500
2021-09-23,25.399999618530273,25.399999618530273,25.3799991607666,25.3799991607666,20.80175018310547,4000
2021-09-24,25.360000610351562,25.399999618530273,25.25,25.399999618530273,20.818143844604492,5900
2021-09-27,25.38800048828125,25.38800048828125,25.25,25.360000610351562,20.78536033630371,7300
2021-09-28,25.299999237060547,25.399999618530273,25.260000228881836,25.260000228881836,20.703393936157227,4500
2021-09-29,25.28499984741211,25.399999618530273,25.28499984741211,25.350000381469727,20.77715492248535,4800
2021-09-30,25.43000030517578,25.43000030517578,25.309999465942383,25.350000381469727,20.77715492248535,10800
2021-10-01,25.290000915527344,25.350000381469727,25.280000686645508,25.350000381469727,20.77715492248535,10100
2021-10-04,25.350000381469727,25.350000381469727,25.25,25.299999237060547,20.736177444458008,4100
2021-10-05,25.350000381469727,25.350000381469727,25.28700065612793,25.325000762939453,20.756669998168945,3600
2021-10-06,25.308000564575195,25.450000762939453,25.295000076293945,25.450000762939453,20.859121322631836,1900
2021-10-07,25.31999969482422,25.329999923706055,25.31999969482422,25.329999923706055,20.760766983032227,1800
2021-10-08,25.34000015258789,25.34000015258789,25.329999923706055,25.329999923706055,20.760766983032227,1200
2021-10-11,25.329999923706055,25.329999923706055,25.329999923706055,25.329999923706055,20.760766983032227,1800
2021-10-12,25.350000381469727,25.350000381469727,25.27400016784668,25.299999237060547,20.736177444458008,3900
2021-10-13,25.270000457763672,25.440000534057617,25.270000457763672,25.382999420166016,20.804208755493164,1900
2021-10-14,25.291000366210938,25.329999923706055,25.235000610351562,25.280000686645508,20.826454162597656,7900
2021-10-15,25.299999237060547,25.329999923706055,25.201000213623047,25.329999923706055,20.867639541625977,2400
2021-10-18,25.299999237060547,25.299999237060547,25.104999542236328,25.270000457763672,20.818204879760742,4100
2021-10-19,25.25,25.329999923706055,25.25,25.26099967956543,20.810800552368164,53900
2021-10-20,25.149999618530273,25.270000457763672,25.149999618530273,25.270000457763672,20.818204879760742,5700
2021-10-21,25.239999771118164,25.280000686645508,25.149999618530273,25.18000030517578,20.74406623840332,7300
2021-10-22,25.239999771118164,25.239999771118164,25.18000030517578,25.18000030517578,20.74406623840332,4200
2021-10-25,25.25,25.264999389648438,25.25,25.264999389648438,20.814090728759766,1700
2021-10-26,25.216999053955078,25.25,25.18000030517578,25.190000534057617,20.75229835510254,2700
2021-10-27,25.350000381469727,25.350000381469727,25.190000534057617,25.299999237060547,20.842927932739258,6400
2021-10-28,25.309999465942383,25.350000381469727,25.260000228881836,25.260000228881836,20.809972763061523,4700
2021-10-29,25.280000686645508,25.301000595092773,25.280000686645508,25.299999237060547,20.842927932739258,2700
2021-11-01,25.325000762939453,25.34000015258789,25.200000762939453,25.239999771118164,20.793495178222656,5900
2021-11-02,25.31999969482422,25.350000381469727,25.299999237060547,25.350000381469727,20.884113311767578,2400
2021-11-03,25.25,25.5,25.25,25.5,21.0076961517334,9600
2021-11-04,25.5,25.600000381469727,25.385000228881836,25.56399917602539,21.06041717529297,3800
2021-11-05,25.690000534057617,25.700000762939453,25.280000686645508,25.5,21.0076961517334,9100
2021-11-08,25.489999771118164,25.652999877929688,25.489999771118164,25.558000564575195,21.055477142333984,4000
2021-11-09,25.483999252319336,25.600000381469727,25.290000915527344,25.399999618530273,20.925310134887695,6000
2021-11-10,25.350000381469727,25.6200008392334,25.290000915527344,25.6200008392334,21.106555938720703,1100
2021-11-11,25.559999465942383,25.698999404907227,25.559999465942383,25.610000610351562,21.098308563232422,2500
2021-11-12,25.31599998474121,25.575000762939453,25.31599998474121,25.549999237060547,21.048885345458984,3000
2021-11-15,25.28499984741211,25.461000442504883,25.104000091552734,25.440000534057617,21.065448760986328,4600
2021-11-16,25.389999389648438,25.389999389648438,25.1200008392334,25.270000457763672,20.924671173095703,8100
2021-11-17,25.200000762939453,25.395000457763672,25.200000762939453,25.273000717163086,20.92716407775879,3100
2021-11-18,25.299999237060547,25.299999237060547,25.200000762939453,25.280000686645508,20.932964324951172,2700
2021-11-19,25.299999237060547,25.3700008392334,25.253000259399414,25.360000610351562,20.999204635620117,1900
2021-11-22,25.299999237060547,25.399999618530273,25.299999237060547,25.332000732421875,20.976015090942383,1000
2021-11-23,25.326000213623047,25.399999618530273,24.709999084472656,24.93000030517578,20.643138885498047,14900
2021-11-24,25.09000015258789,25.21500015258789,25.06999969482422,25.08799934387207,20.773975372314453,1000
2021-11-26,25.149999618530273,25.249000549316406,25.0,25.209999084472656,20.874996185302734,3100
2021-11-29,25.149999618530273,25.170000076293945,25.100000381469727,25.12299919128418,20.802953720092773,3600
2021-11-30,25.12299919128418,25.12299919128418,25.12299919128418,25.12299919128418,20.802953720092773,1600
2021-12-01,25.15999984741211,25.170000076293945,24.864999771118164,24.899999618530273,20.618301391601562,13700
2021-12-02,24.959999084472656,25.229999542236328,24.950000762939453,24.950000762939453,20.659706115722656,2900
2021-12-03,24.968000411987305,25.059999465942383,24.968000411987305,25.059999465942383,20.75078773498535,4600
2021-12-06,25.062000274658203,25.5,25.0,25.479999542236328,21.098567962646484,9300
2021-12-07,25.347999572753906,25.450000762939453,25.010000228881836,25.1200008392334,20.800474166870117,9600
2021-12-08,25.280000686645508,25.444000244140625,25.149999618530273,25.149999618530273,20.825315475463867,5400
2021-12-09,25.229999542236328,25.229999542236328,25.110000610351562,25.229999542236328,20.89155387878418,3700
2021-12-10,25.1200008392334,25.270000457763672,22.6299991607666,25.0,20.70110321044922,38000
2021-12-13,24.989999771118164,25.079999923706055,24.889999389648438,25.079999923706055,20.767351150512695,14000
2021-12-14,25.010000228881836,25.049999237060547,24.950000762939453,25.049999237060547,20.742507934570312,8900
2021-12-15,25.06999969482422,25.410999298095703,25.069000244140625,25.200000762939453,20.866716384887695,6800
2021-12-16,25.121000289916992,25.155000686645508,25.0,25.030000686645508,20.833423614501953,7600
2021-12-17,25.006999969482422,25.010000228881836,24.950000762939453,25.010000228881836,20.8167781829834,2800
2021-12-20,25.010000228881836,25.065000534057617,25.0,25.049999237060547,20.850067138671875,4800
2021-12-21,25.094999313354492,25.155000686645508,25.09000015258789,25.149999618530273,20.933305740356445,3900
2021-12-22,25.18000030517578,25.18000030517578,25.100000381469727,25.100000381469727,20.891685485839844,4900
2021-12-23,25.176000595092773,25.351999282836914,25.176000595092773,25.270000457763672,21.033178329467773,4600
2021-12-27,25.25,25.3799991607666,25.149999618530273,25.149999618530273,20.933305740356445,4600
2021-12-28,25.26099967956543,25.26099967956543,25.200000762939453,25.200000762939453,20.97492027282715,3000
2021-12-29,25.329999923706055,25.329999923706055,25.100000381469727,25.200000762939453,20.97492027282715,4000
2021-12-30,25.149999618530273,25.31999969482422,25.1299991607666,25.200000762939453,20.97492027282715,5500
2021-12-31,25.27899932861328,25.299999237060547,25.27899932861328,25.299999237060547,21.058149337768555,1700
2022-01-03,25.219999313354492,25.299999237060547,25.2189998626709,25.25,21.01653480529785,2700
2022-01-04,25.299999237060547,25.34000015258789,25.22100067138672,25.34000015258789,21.091445922851562,1500
2022-01-05,25.3799991607666,25.399999618530273,25.299999237060547,25.329999923706055,21.08312225341797,3300
2022-01-06,25.299999237060547,25.399999618530273,25.299999237060547,25.375,21.120574951171875,2900
2022-01-07,25.299999237060547,25.409000396728516,25.299999237060547,25.363000869750977,21.110591888427734,2200
2022-01-10,25.33099937438965,25.450000762939453,25.309999465942383,25.398000717163086,21.139724731445312,3800
2022-01-11,25.399999618530273,25.450000762939453,25.270000457763672,25.3799991607666,21.124740600585938,9100
2022-01-12,25.260000228881836,25.341999053955078,25.260000228881836,25.341999053955078,21.093109130859375,2300
2022-01-13,25.309999465942383,25.399999618530273,25.113000869750977,25.280000686645508,21.150007247924805,5300
2022-01-14,25.19499969482422,25.280000686645508,25.19499969482422,25.280000686645508,21.150007247924805,7500
2022-01-18,25.350000381469727,25.350000381469727,25.110000610351562,25.18000030517578,21.06633758544922,7200
2022-01-19,25.18000030517578,25.18000030517578,25.149999618530273,25.18000030517578,21.06633758544922,4600
2022-01-20,25.200000762939453,25.25,25.149999618530273,25.149999618530273,21.041242599487305,6000
2022-01-21,25.149999618530273,25.290000915527344,25.110000610351562,25.139999389648438,21.032875061035156,4100
2022-01-24,25.1200008392334,25.299999237060547,25.0,25.200000762939453,21.083072662353516,21200
2022-01-25,25.010000228881836,25.173999786376953,25.010000228881836,25.06999969482422,20.974315643310547,2700
2022-01-26,25.340999603271484,25.340999603271484,25.020000457763672,25.25,21.124902725219727,1300
2022-01-27,25.09000015258789,25.100000381469727,25.049999237060547,25.049999237060547,20.957576751708984,5900
2022-01-28,25.020000457763672,25.246000289916992,25.020000457763672,25.06999969482422,20.974315643310547,6700
2022-01-31,25.204999923706055,25.204999923706055,25.020000457763672,25.030000686645508,20.940847396850586,5500
2022-02-01,25.09000015258789,25.143999099731445,25.079999923706055,25.139999389648438,21.032875061035156,3000
2022-02-02,25.1299991607666,25.329999923706055,25.1299991607666,25.31999969482422,21.1834659576416,2200
2022-02-03,25.290000915527344,25.329999923706055,25.139999389648438,25.299999237060547,21.166730880737305,3200
2022-02-04,25.299999237060547,25.312999725341797,25.100000381469727,25.1200008392334,21.016141891479492,6000
2022-02-07,25.204999923706055,25.25,25.204999923706055,25.25,21.124902725219727,4900
2022-02-08,25.17300033569336,25.174999237060547,25.1200008392334,25.149999618530273,21.041242599487305,3800
2022-02-09,25.149999618530273,25.149999618530273,25.1200008392334,25.135000228881836,21.0286865234375,6700
2022-02-10,25.139999389648438,25.25,25.1200008392334,25.239999771118164,21.11653709411621,3200
2022-02-11,25.25,25.25,25.0,25.059999465942383,21.07448387145996,12800
2022-02-14,25.020000457763672,25.059999465942383,24.940000534057617,25.059999465942383,21.07448387145996,14900
2022-02-15,25.011999130249023,25.100000381469727,25.010000228881836,25.079999923706055,21.0913143157959,4100
2022-02-16,25.049999237060547,25.079999923706055,25.049999237060547,25.065000534057617,21.07869529724121,3700
2022-02-17,25.100000381469727,25.100000381469727,25.0,25.049999237060547,21.066078186035156,14200
2022-02-18,25.0,25.1200008392334,25.0,25.1200008392334,21.12494659423828,2400
2022-02-22,25.0,25.139999389648438,25.0,25.139999389648438,21.141765594482422,4800
2022-02-23,25.239999771118164,25.239999771118164,25.0,25.0,21.02402687072754,2400
2022-02-24,25.0,25.02199935913086,24.950000762939453,25.02199935913086,21.042526245117188,12900
2022-02-25,25.100000381469727,25.158000946044922,25.100000381469727,25.100000381469727,21.10812759399414,1900
2022-02-28,25.049999237060547,25.25,25.049999237060547,25.25,21.234270095825195,4000
2022-03-01,25.2189998626709,25.31999969482422,25.058000564575195,25.058000564575195,21.072805404663086,4600
2022-03-02,25.190000534057617,25.34000015258789,25.190000534057617,25.329999923706055,21.301546096801758,4100
2022-03-03,25.155000686645508,25.200000762939453,25.079999923706055,25.079999923706055,21.0913143157959,1500
2022-03-04,25.079999923706055,25.25,25.049999237060547,25.25,21.234270095825195,4400
2022-03-07,25.229999542236328,25.229999542236328,25.0,25.0,21.02402687072754,4400
2022-03-08,25.0,25.100000381469727,24.950000762939453,25.06999969482422,21.082902908325195,3500
2022-03-09,25.149999618530273,25.149999618530273,24.920000076293945,24.920000076293945,20.95675277709961,7500
2022-03-10,24.899999618530273,24.899999618530273,24.759000778198242,24.774999618530273,20.83481788635254,10300
2022-03-11,24.808000564575195,24.808000564575195,24.700000762939453,24.719999313354492,20.788558959960938,25400
2022-03-14,24.799999237060547,24.799999237060547,24.690000534057617,24.690000534057617,20.763336181640625,4900
2022-03-15,24.7450008392334,24.790000915527344,24.649999618530273,24.680999755859375,20.755765914916992,3400
2022-03-16,24.790000915527344,24.790000915527344,24.790000915527344,24.790000915527344,20.95781707763672,500
2022-03-17,24.950000762939453,25.042999267578125,24.934999465942383,24.950000762939453,21.09308433532715,9700
2022-03-18,24.95800018310547,24.95800018310547,24.75200080871582,24.75200080871582,20.925695419311523,3900
2022-03-21,24.93000030517578,24.9689998626709,24.75,24.9689998626709,21.109146118164062,3000
2022-03-22,24.969999313354492,24.969999313354492,24.799999237060547,24.934999465942383,21.080402374267578,30600
2022-03-23,24.649999618530273,24.899999618530273,24.6200008392334,24.700000762939453,20.881732940673828,13100
2022-03-24,24.760000228881836,24.780000686645508,24.700000762939453,24.700000762939453,20.881732940673828,7300
2022-03-25,24.6299991607666,24.75,24.208999633789062,24.54599952697754,20.75153923034668,9100
2022-03-28,24.690000534057617,24.75,24.600000381469727,24.63599967956543,20.827625274658203,6500
2022-03-29,24.700000762939453,24.809999465942383,24.700000762939453,24.700000762939453,20.881732940673828,6400
2022-03-30,24.75,24.75,24.610000610351562,24.735000610351562,20.911319732666016,5200
2022-03-31,24.774999618530273,24.84000015258789,24.559999465942383,24.84000015258789,21.00008773803711,3300
2022-04-01,24.93600082397461,24.93600082397461,24.709999084472656,24.709999084472656,20.89019012451172,2600
2022-04-04,24.739999771118164,24.760000228881836,24.5,24.739999771118164,20.915542602539062,14400
2022-04-05,24.843000411987305,24.959999084472656,24.75,24.75,20.92400360107422,6300
2022-04-06,24.809999465942383,24.909000396728516,24.809999465942383,24.84000015258789,21.00008773803711,1000
2022-04-07,24.850000381469727,24.850000381469727,24.75,24.75,20.92400360107422,3700
2022-04-08,24.812000274658203,24.871000289916992,24.812000274658203,24.871000289916992,21.026294708251953,2300
2022-04-11,24.836999893188477,24.836999893188477,24.81999969482422,24.81999969482422,20.983184814453125,4000
2022-04-12,24.875,25.0,24.850000381469727,25.0,21.135353088378906,8200
2022-04-13,24.850000381469727,24.940000534057617,24.850000381469727,24.940000534057617,21.19484519958496,10500
2022-04-14,24.940000534057617,24.969999313354492,24.680999755859375,24.774999618530273,21.054622650146484,2900
2022-04-18,24.649999618530273,24.809999465942383,24.649999618530273,24.799999237060547,21.075864791870117,7400
2022-04-19,24.799999237060547,24.989999771118164,24.799999237060547,24.900999069213867,21.161699295043945,7900
2022-04-20,24.968000411987305,24.968000411987305,24.899999618530273,24.899999618530273,21.160850524902344,900
2022-04-21,24.854999542236328,24.860000610351562,24.844999313354492,24.850000381469727,21.118358612060547,2100
2022-04-22,24.965999603271484,24.965999603271484,24.829999923706055,24.829999923706055,21.101367950439453,3000
2022-04-25,24.850000381469727,24.933000564575195,24.799999237060547,24.799999237060547,21.075864791870117,2500
2022-04-26,24.799999237060547,24.871000289916992,24.524999618530273,24.565000534057617,20.876163482666016,8600
2022-04-27,24.700000762939453,24.999000549316406,24.700000762939453,24.829999923706055,21.101367950439453,3800
2022-04-28,24.850000381469727,24.850000381469727,24.5,24.649999618530273,20.94839096069336,5000
2022-04-29,24.825000762939453,24.8799991607666,24.600000381469727,24.75,21.033374786376953,5500
2022-05-02,24.89699935913086,24.89699935913086,24.3700008392334,24.3700008392334,20.710439682006836,9400
2022-05-03,24.399999618530273,24.75,24.399999618530273,24.700000762939453,20.990880966186523,5500
2022-05-04,24.65999984741211,24.65999984741211,24.360000610351562,24.639999389648438,20.939891815185547,9900
2022-05-05,24.56999969482422,24.59000015258789,24.549999237060547,24.59000015258789,20.897401809692383,1600
2022-05-06,24.600000381469727,24.600000381469727,24.399999618530273,24.399999618530273,20.735937118530273,3700
2022-05-09,24.350000381469727,24.6200008392334,24.350000381469727,24.540000915527344,20.85491180419922,12200
2022-05-10,24.600000381469727,24.600000381469727,24.549999237060547,24.549999237060547,20.8634090423584,1700
2022-05-11,24.579999923706055,24.579999923706055,24.579999923706055,24.579999923706055,20.888906478881836,500
2022-05-12,24.549999237060547,24.610000610351562,24.25,24.25,20.608463287353516,8400
2022-05-13,24.260000228881836,24.420000076293945,24.25,24.290000915527344,20.6424560546875,4500
2022-05-16,24.200000762939453,24.468000411987305,24.200000762939453,24.468000411987305,20.90561294555664,600
2022-05-17,24.42300033569336,24.5,24.229999542236328,24.229999542236328,20.702259063720703,2500
2022-05-18,24.22599983215332,24.350000381469727,24.219999313354492,24.219999313354492,20.69371795654297,2100
2022-05-19,24.219999313354492,24.219999313354492,24.059999465942383,24.149999618530273,20.633913040161133,6600
2022-05-20,24.149999618530273,24.219999313354492,24.149999618530273,24.190000534057617,20.668087005615234,1900
2022-05-23,24.09000015258789,24.25,24.09000015258789,24.200000762939453,20.67662811279297,4600
2022-05-24,24.15999984741211,24.360000610351562,24.15999984741211,24.360000610351562,20.813337326049805,2200
2022-05-25,24.360000610351562,24.56999969482422,24.35300064086914,24.415000915527344,20.86032485961914,3200
2022-05-26,24.280000686645508,24.420000076293945,24.079999923706055,24.399999618530273,20.847515106201172,2900
2022-05-27,24.450000762939453,24.450000762939453,24.264999389648438,24.450000762939453,20.890233993530273,1400
2022-05-31,24.5,24.5,24.399999618530273,24.399999618530273,20.847515106201172,4600
2022-06-01,24.399999618530273,24.68000030517578,24.25,24.674999237060547,21.08247184753418,6000
2022-06-02,24.600000381469727,24.68000030517578,24.496999740600586,24.68000030517578,21.08674430847168,11000
2022-06-03,24.575000762939453,24.700000762939453,24.55500030517578,24.625,21.039752960205078,1700
2022-06-06,24.549999237060547,24.700000762939453,24.549999237060547,24.68000030517578,21.08674430847168,1700
2022-06-07,24.68000030517578,24.790000915527344,24.670000076293945,24.75,21.14655303955078,7000
2022-06-08,24.399999618530273,24.549999237060547,24.399999618530273,24.485000610351562,20.920135498046875,2600
2022-06-09,24.399999618530273,24.450000762939453,24.049999237060547,24.049999237060547,20.5484676361084,5600
2022-06-10,24.030000686645508,24.25,24.020000457763672,24.239999771118164,20.710803985595703,3500
2022-06-13,24.385000228881836,24.385000228881836,23.8700008392334,24.0,20.50574493408203,9300
2022-06-14,24.03499984741211,24.065000534057617,23.809999465942383,23.850000381469727,20.377588272094727,4900
2022-06-15,23.780000686645508,24.0,23.770000457763672,23.770000457763672,20.42054557800293,8900
2022-06-16,23.670000076293945,23.889999389648438,23.3700008392334,23.399999618530273,20.102684020996094,9200
2022-06-17,23.389999389648438,23.719999313354492,23.25,23.56999969482422,20.24872398376465,6100
2022-06-21,23.719999313354492,23.75,23.209999084472656,23.520000457763672,20.205772399902344,6600
2022-06-22,23.391000747680664,23.56999969482422,23.22800064086914,23.280000686645508,19.999589920043945,2600
2022-06-23,23.299999237060547,23.40999984741211,23.299999237060547,23.40999984741211,20.111268997192383,2700
2022-06-24,23.280000686645508,23.520000457763672,23.280000686645508,23.520000457763672,20.205772399902344,800
2022-06-27,23.799999237060547,23.979999542236328,23.799999237060547,23.940000534057617,20.56658935546875,17300
2022-06-28,23.940000534057617,23.950000762939453,23.850000381469727,23.87299919128418,20.50902557373047,4400
2022-06-29,23.889999389648438,23.989999771118164,23.829999923706055,23.8799991607666,20.515039443969727,9700
2022-06-30,23.915000915527344,23.989999771118164,23.850000381469727,23.93000030517578,20.55799102783203,3000
2022-07-01,23.93000030517578,23.93000030517578,23.850000381469727,23.889999389648438,20.523630142211914,2700
2022-07-05,23.868999481201172,23.895000457763672,23.65999984741211,23.69499969482422,20.35611343383789,5300
2022-07-06,23.93000030517578,23.93000030517578,23.670000076293945,23.799999237060547,20.446313858032227,2500
2022-07-07,23.799999237060547,23.822999954223633,23.700000762939453,23.700000762939453,20.360401153564453,2600
2022-07-08,23.729999542236328,23.89900016784668,23.729999542236328,23.89900016784668,20.5313663482666,700
2022-07-11,23.809999465942383,23.93000030517578,23.809999465942383,23.850000381469727,20.489269256591797,3900
2022-07-12,23.920000076293945,23.93000030517578,23.90999984741211,23.917999267578125,20.547687530517578,2300
2022-07-13,23.899999618530273,23.899999618530273,23.73200035095215,23.850000381469727,20.489269256591797,800
2022-07-14,23.719999313354492,24.0,23.719999313354492,24.0,20.731130599975586,3700
2022-07-15,23.989999771118164,24.0,23.454999923706055,23.700000762939453,20.471994400024414,14900
2022-07-18,23.600000381469727,23.600000381469727,23.42300033569336,23.59600067138672,20.382156372070312,7100
2022-07-19,23.530000686645508,23.600000381469727,23.40999984741211,23.43000030517578,20.238771438598633,3900
2022-07-20,23.43000030517578,23.600000381469727,23.399999618530273,23.600000381469727,20.385604858398438,5400
2022-07-21,23.5,23.600000381469727,23.3799991607666,23.5,20.299232482910156,5700
2022-07-22,23.3799991607666,23.600000381469727,23.3799991607666,23.599000930786133,20.384748458862305,1700
2022-07-25,23.402000427246094,23.75,23.402000427246094,23.75,20.515180587768555,3400
2022-07-26,23.479999542236328,23.72800064086914,23.479999542236328,23.68000030517578,20.454715728759766,3900
2022-07-27,23.6299991607666,23.739999771118164,23.520000457763672,23.739999771118164,20.506542205810547,35100
2022-07-28,23.739999771118164,23.90999984741211,23.649999618530273,23.90999984741211,20.65339469909668,13200
2022-07-29,23.90999984741211,23.90999984741211,23.90999984741211,23.90999984741211,20.65339469909668,300
2022-08-01,23.815000534057617,23.950000762939453,23.815000534057617,23.899999618530273,20.644750595092773,5800
2022-08-02,23.899999618530273,23.950000762939453,23.899999618530273,23.950000762939453,20.68794059753418,400
2022-08-03,23.829999923706055,24.0,23.75,23.979999542236328,20.71385383605957,4800
2022-08-04,24.0,24.0,23.8700008392334,24.0,20.731130599975586,800
2022-08-05,24.0,24.170000076293945,23.75,24.020000457763672,20.74839973449707,4600
2022-08-08,24.0,24.17799949645996,23.700000762939453,24.17799949645996,20.884885787963867,1900
2022-08-09,24.1299991607666,24.290000915527344,24.09000015258789,24.290000915527344,20.98163414001465,3600
2022-08-10,24.290000915527344,24.290000915527344,24.110000610351562,24.15999984741211,20.869338989257812,1400
2022-08-11,24.239999771118164,24.280000686645508,24.18199920654297,24.18199920654297,20.88834571838379,1200
2022-08-12,24.350000381469727,24.540000915527344,24.299999237060547,24.299999237060547,20.990264892578125,1100
2022-08-15,24.309999465942383,24.493999481201172,24.299999237060547,24.405000686645508,21.080965042114258,2800
2022-08-16,24.399999618530273,24.399999618530273,24.354999542236328,24.399999618530273,21.189516067504883,2000
2022-08-17,24.375,24.399999618530273,24.350000381469727,24.375,21.167810440063477,1600
2022-08-18,24.386999130249023,24.5,24.292999267578125,24.292999267578125,21.096601486206055,6000
2022-08-19,24.34000015258789,24.34000015258789,24.250999450683594,24.250999450683594,21.060129165649414,1000
2022-08-22,24.170000076293945,24.329999923706055,23.850000381469727,24.020000457763672,20.85951805114746,2600
2022-08-23,24.25,24.25,24.200000762939453,24.200000762939453,21.015836715698242,2200
2022-08-24,24.200000762939453,24.200000762939453,23.950000762939453,24.018999099731445,20.858652114868164,7600
2022-08-25,24.135000228881836,24.135000228881836,23.93000030517578,24.0,20.84214973449707,4000
2022-08-26,24.200000762939453,24.200000762939453,24.010000228881836,24.010000228881836,20.850839614868164,1000
2022-08-29,24.25,24.25,24.0,24.0,20.84214973449707,1000
2022-08-30,24.135000228881836,24.18000030517578,24.135000228881836,24.139999389648438,20.96373176574707,1200
2022-08-31,24.15999984741211,24.211999893188477,24.15999984741211,24.200000762939453,21.015836715698242,4100
2022-09-01,24.170000076293945,24.170000076293945,23.950000762939453,23.959999084472656,20.807415008544922,2700
2022-09-02,24.174999237060547,24.174999237060547,24.174999237060547,24.174999237060547,20.99412727355957,100
2022-09-06,24.25,24.25,24.0,24.0,20.84214973449707,2100
2022-09-07,24.100000381469727,24.229999542236328,24.100000381469727,24.229999542236328,21.04189109802246,1300
2022-09-08,24.100000381469727,24.139999389648438,24.100000381469727,24.139999389648438,20.96373176574707,800
2022-09-09,24.132999420166016,24.132999420166016,24.0,24.0,20.84214973449707,1500
2022-09-12,24.149999618530273,24.149999618530273,24.0,24.0,20.84214973449707,1600
2022-09-13,24.0,24.049999237060547,23.979999542236328,24.049999237060547,20.885574340820312,1500
2022-09-14,24.25,24.25,23.75,24.0,20.84214973449707,1400
2022-09-15,24.0,24.239999771118164,23.9950008392334,24.149999618530273,21.086637496948242,5700
2022-09-16,23.92300033569336,24.0,23.760000228881836,23.850000381469727,20.824689865112305,5300
2022-09-19,23.780000686645508,23.780000686645508,23.75,23.75,20.737375259399414,1500
2022-09-20,23.719999313354492,23.739999771118164,23.719999313354492,23.739999771118164,20.72864532470703,1100
2022-09-21,23.610000610351562,23.934999465942383,23.610000610351562,23.84000015258789,20.815956115722656,2000
2022-09-22,23.309999465942383,23.527000427246094,23.309999465942383,23.350000381469727,20.388113021850586,5800
2022-09-23,23.200000762939453,23.290000915527344,23.100000381469727,23.174999237060547,20.23531150817871,6600
2022-09-26,23.274999618530273,23.31999969482422,23.121999740600586,23.155000686645508,20.21784782409668,5000
2022-09-27,23.200000762939453,23.450000762939453,23.200000762939453,23.450000762939453,20.47542953491211,4700
2022-09-28,23.323999404907227,23.75,23.323999404907227,23.739999771118164,20.72864532470703,4600
2022-09-29,23.5049991607666,23.5049991607666,23.402000427246094,23.5,20.519084930419922,1000
2022-09-30,23.433000564575195,23.450000762939453,23.010000228881836,23.010000228881836,20.09124183654785,3400
2022-10-03,23.1560001373291,23.1560001373291,23.0,23.076000213623047,20.148868560791016,2000
2022-10-04,23.200000762939453,23.25,23.020000457763672,23.020000457763672,20.099973678588867,2000
2022-10-05,22.850000381469727,23.489999771118164,22.850000381469727,22.989999771118164,20.073774337768555,1600
2022-10-06,22.75,23.239999771118164,22.222000122070312,22.514999389648438,19.659029006958008,5900
2022-10-07,22.399999618530273,22.399999618530273,22.280000686645508,22.280000686645508,19.453838348388672,1900
2022-10-10,22.149999618530273,22.25,22.149999618530273,22.18000030517578,19.366525650024414,5500
2022-10-11,22.30299949645996,22.969999313354492,22.30299949645996,22.489999771118164,19.6372013092041,4000
2022-10-12,22.5,22.59600067138672,22.450000762939453,22.450000762939453,19.602277755737305,1300
2022-10-13,22.5,22.5,22.25,22.25,19.427644729614258,800
2022-10-14,22.059999465942383,22.149999618530273,22.059999465942383,22.149999618530273,19.453996658325195,1200
2022-10-17,22.219999313354492,22.433000564575195,22.110000610351562,22.285999298095703,19.57343864440918,3100
2022-10-18,22.554000854492188,22.554000854492188,22.06999969482422,22.299999237060547,19.585735321044922,7600
2022-10-19,22.469999313354492,22.469999313354492,22.0,22.0,19.32225227355957,6800
2022-10-20,21.899999618530273,21.91900062561035,21.739999771118164,21.739999771118164,19.093896865844727,9500
2022-10-21,21.950000762939453,21.950000762939453,21.566999435424805,21.760000228881836,19.111461639404297,9900
2022-10-24,21.790000915527344,21.790000915527344,21.739999771118164,21.790000915527344,19.137813568115234,8600
2022-10-25,21.600000381469727,21.799999237060547,21.600000381469727,21.700000762939453,19.058765411376953,3000
2022-10-26,21.700000762939453,22.0,21.700000762939453,21.82900047302246,19.172067642211914,3900
2022-10-27,21.700000762939453,21.75,21.389999389648438,21.40999984741211,18.80406379699707,15800
2022-10-28,21.510000228881836,22.420000076293945,21.299999237060547,22.200000762939453,19.497909545898438,13100
2022-10-31,21.7549991607666,22.735000610351562,21.7549991607666,22.549999237060547,19.8053035736084,46600
2022-11-01,22.711000442504883,22.711000442504883,21.760000228881836,22.25,19.541824340820312,6800
2022-11-02,21.549999237060547,22.625,21.549999237060547,22.31999969482422,19.60330581665039,9900
2022-11-03,22.34000015258789,22.7450008392334,22.25,22.270000457763672,19.55939292907715,1500
2022-11-04,22.53499984741211,22.53499984741211,22.25,22.39299964904785,19.667421340942383,2300
2022-11-07,22.389999389648438,22.93000030517578,22.25,22.93000030517578,20.139053344726562,7000
2022-11-08,22.299999237060547,22.790000915527344,22.299999237060547,22.60700035095215,19.85536766052246,7800
2022-11-09,22.329999923706055,22.639999389648438,22.299999237060547,22.6299991607666,19.87557029724121,1600
2022-11-10,22.582000732421875,22.989999771118164,22.54599952697754,22.959999084472656,20.165403366088867,8200
2022-11-11,22.90999984741211,23.459999084472656,22.395000457763672,23.100000381469727,20.288362503051758,17700
2022-11-14,22.25,22.719999313354492,22.25,22.719999313354492,19.954612731933594,1300
2022-11-15,23.059999465942383,23.739999771118164,22.5,22.5,19.875112533569336,7900
2022-11-16,22.600000381469727,22.799999237060547,22.600000381469727,22.774999618530273,20.118038177490234,2700
2022-11-17,22.5,22.950000762939453,22.174999237060547,22.875,20.20636558532715,21400
2022-11-18,22.600000381469727,22.90999984741211,22.600000381469727,22.90999984741211,20.23728370666504,1100
2022-11-21,22.899999618530273,22.899999618530273,22.5,22.575000762939453,19.94135856628418,4100
2022-11-22,22.649999618530273,22.899999618530273,22.649999618530273,22.899999618530273,20.228452682495117,1500
2022-11-23,22.950000762939453,22.950000762939453,22.75,22.760000228881836,20.104778289794922,1800
2022-11-25,22.780000686645508,23.100000381469727,22.75,22.950000762939453,20.272613525390625,900
2022-11-28,22.75,22.76799964904785,22.75,22.76799964904785,20.111848831176758,900
2022-11-29,22.829999923706055,22.829999923706055,22.75,22.75,20.095949172973633,2500
2022-11-30,22.75,23.34000015258789,22.75,22.780000686645508,20.122451782226562,10300
2022-12-01,23.049999237060547,23.049999237060547,22.75,22.86400032043457,20.1966495513916,2800
2022-12-02,22.729999542236328,22.79199981689453,22.437000274658203,22.6200008392334,19.981117248535156,2600
2022-12-05,22.299999237060547,22.34000015258789,22.25,22.309999465942383,19.7072811126709,3300
2022-12-06,23.0,23.0,22.399999618530273,22.780000686645508,20.122451782226562,1900
2022-12-07,22.399999618530273,22.399999618530273,22.329999923706055,22.329999923706055,19.724945068359375,200
2022-12-08,22.71500015258789,22.71500015258789,22.299999237060547,22.299999237060547,19.698448181152344,3300
2022-12-09,22.3700008392334,22.3700008392334,22.3700008392334,22.3700008392334,19.76028060913086,100
2022-12-12,22.3700008392334,22.3700008392334,22.3700008392334,22.3700008392334,19.76028060913086,1100
2022-12-13,22.530000686645508,22.530000686645508,22.327999114990234,22.530000686645508,19.901615142822266,900
2022-12-14,22.530000686645508,22.530000686645508,22.530000686645508,22.530000686645508,19.901615142822266,200
2022-12-15,22.299999237060547,23.07200050354004,22.200000762939453,23.07200050354004,20.49866485595703,3200
2022-12-16,22.600000381469727,22.600000381469727,22.482999801635742,22.56999969482422,20.05265235900879,1700
2022-12-19,22.575000762939453,22.770999908447266,22.329999923706055,22.450000762939453,19.94603729248047,17800
2022-12-20,22.200000762939453,22.790000915527344,22.200000762939453,22.34000015258789,19.84830665588379,27200
2022-12-21,22.639999389648438,22.639999389648438,22.299999237060547,22.408000946044922,19.908721923828125,7300
2022-12-22,22.110000610351562,22.42799949645996,22.100000381469727,22.100000381469727,19.63507652282715,17700
2022-12-23,22.0,22.4950008392334,21.809999465942383,22.200000762939453,19.72392463684082,29500
2022-12-27,22.219999313354492,22.344999313354492,22.0,22.329999923706055,19.83942413330078,6500
2022-12-28,22.610000610351562,22.610000610351562,22.0,22.141000747680664,19.6715030670166,5500
2022-12-29,22.363000869750977,22.363000869750977,22.363000869750977,22.363000869750977,19.86874008178711,800
2022-12-30,22.100000381469727,22.68000030517578,22.020000457763672,22.68000030517578,20.150386810302734,15600
2023-01-03,22.670000076293945,22.959999084472656,22.489999771118164,22.489999771118164,19.981576919555664,3800
2023-01-04,22.5,22.979000091552734,22.5,22.510000228881836,19.99934959411621,3400
2023-01-05,22.5,22.510000228881836,22.325000762939453,22.389999389648438,19.892728805541992,3000
2023-01-06,22.389999389648438,22.420000076293945,22.299999237060547,22.360000610351562,19.866077423095703,2300
2023-01-09,22.309999465942383,22.549999237060547,22.309999465942383,22.524999618530273,20.012670516967773,6400
2023-01-10,22.75,22.75,22.510000228881836,22.530000686645508,20.01711654663086,1500
2023-01-11,22.540000915527344,22.770000457763672,22.540000915527344,22.649999618530273,20.123735427856445,2300
2023-01-12,22.700000762939453,22.790000915527344,22.510000228881836,22.700000762939453,20.168153762817383,5700
2023-01-13,22.799999237060547,22.799999237060547,22.530000686645508,22.584999084472656,20.18155288696289,1200
2023-01-17,22.510000228881836,22.780000686645508,22.510000228881836,22.676000595092773,20.262876510620117,3200
2023-01-18,22.860000610351562,23.219999313354492,22.65999984741211,23.200000762939453,20.731111526489258,2000
2023-01-19,22.6200008392334,23.139999389648438,22.559999465942383,22.850000381469727,20.418357849121094,3500
2023-01-20,22.780000686645508,22.985000610351562,22.75,22.84600067138672,20.414785385131836,4900
2023-01-23,23.040000915527344,23.149999618530273,22.898000717163086,23.0,20.552396774291992,2700
2023-01-24,23.030000686645508,23.1299991607666,22.739999771118164,22.739999771118164,20.320064544677734,5200
2023-01-25,22.863000869750977,23.149999618530273,22.863000869750977,23.149999618530273,20.686429977416992,3900
2023-01-26,23.149999618530273,23.149999618530273,22.899999618530273,22.899999618530273,20.463037490844727,2600
2023-01-27,22.889999389648438,23.118000030517578,22.889999389648438,23.024999618530273,20.57473373413086,2600
2023-01-30,23.05699920654297,23.100000381469727,22.950000762939453,23.100000381469727,20.64175033569336,2300
2023-01-31,23.0310001373291,23.1200008392334,22.899999618530273,22.899999618530273,20.463037490844727,2600
2023-02-01,23.100000381469727,23.100000381469727,22.94300079345703,23.100000381469727,20.64175033569336,5000
2023-02-02,23.05500030517578,23.05500030517578,23.05500030517578,23.05500030517578,20.601539611816406,400
2023-02-03,23.100000381469727,23.100000381469727,23.06999969482422,23.100000381469727,20.64175033569336,1700
2023-02-06,23.100000381469727,23.100000381469727,22.974000930786133,23.020999908447266,20.57115936279297,8100
2023-02-07,23.009000778198242,23.100000381469727,22.899999618530273,23.079999923706055,20.623882293701172,5200
2023-02-08,23.049999237060547,23.079999923706055,22.959999084472656,23.0,20.552396774291992,2100
2023-02-09,23.0,23.0,23.0,23.0,20.552396774291992,800
2023-02-10,22.97800064086914,22.979999542236328,22.81599998474121,22.95199966430664,20.509498596191406,5500
2023-02-13,22.75,22.968000411987305,22.459999084472656,22.899999618530273,20.579599380493164,9400
2023-02-14,22.711000442504883,22.889999389648438,22.520000457763672,22.847000122070312,20.531970977783203,2500
2023-02-15,22.6200008392334,22.760000228881836,22.6200008392334,22.729999542236328,20.426830291748047,2500
2023-02-16,22.700000762939453,22.739999771118164,22.540000915527344,22.719999313354492,20.417837142944336,4300
2023-02-17,22.600000381469727,22.68000030517578,22.5,22.68000030517578,20.38189125061035,1500
2023-02-21,22.520000457763672,22.729999542236328,22.450000762939453,22.729999542236328,20.426830291748047,3100
2023-02-22,22.639999389648438,22.639999389648438,22.420000076293945,22.510000228881836,20.229116439819336,2300
2023-02-23,22.600000381469727,22.676000595092773,22.469999313354492,22.676000595092773,20.3783016204834,2600
2023-02-24,22.649999618530273,22.84000015258789,22.5,22.84000015258789,20.525684356689453,2300
2023-02-27,22.829999923706055,22.90999984741211,22.743999481201172,22.889999389648438,20.570613861083984,13500
2023-02-28,22.780000686645508,22.780000686645508,22.559999465942383,22.639999389648438,20.345945358276367,11300
2023-03-01,22.739999771118164,22.82200050354004,22.5,22.649999618530273,20.35493278503418,4000
2023-03-02,22.690000534057617,22.993000030517578,22.67099952697754,22.700000762939453,20.399866104125977,2500
2023-03-03,22.729999542236328,22.985000610351562,22.700000762939453,22.985000610351562,20.655988693237305,3300
2023-03-06,22.8799991607666,22.959999084472656,22.674999237060547,22.959999084472656,20.63351821899414,5100
2023-03-07,22.780000686645508,22.920000076293945,22.690000534057617,22.690000534057617,20.390878677368164,3500
2023-03-08,22.690000534057617,22.84000015258789,22.670000076293945,22.690000534057617,20.390878677368164,4100
2023-03-09,22.950000762939453,22.950000762939453,22.84000015258789,22.899999618530273,20.579599380493164,700
2023-03-10,22.719999313354492,22.719999313354492,22.399999618530273,22.549999237060547,20.26506233215332,2700
2023-03-13,22.25,22.46500015258789,22.149999618530273,22.299999237060547,20.040393829345703,4300
2023-03-14,22.399999618530273,22.59000015258789,22.020000457763672,22.540000915527344,20.25607681274414,5500
2023-03-15,22.059999465942383,22.5,22.059999465942383,22.5,20.22012710571289,2800
2023-03-16,22.81999969482422,22.81999969482422,22.231000900268555,22.420000076293945,20.265321731567383,1500
2023-03-17,22.18000030517578,22.809999465942383,22.020000457763672,22.37299919128418,20.22284507751465,4100
2023-03-20,22.739999771118164,22.739999771118164,22.469999313354492,22.489999771118164,20.328598022460938,3800
2023-03-21,22.295000076293945,22.424999237060547,21.899999618530273,21.979999542236328,19.867610931396484,13300
2023-03-22,22.100000381469727,22.219999313354492,21.719999313354492,21.989999771118164,19.87665367126465,5900
2023-03-23,22.0,22.1299991607666,21.937000274658203,22.1299991607666,20.00319480895996,4800
2023-03-24,22.170000076293945,22.54400062561035,22.139999389648438,22.274999618530273,20.134260177612305,9400
2023-03-27,22.190000534057617,22.600000381469727,22.170000076293945,22.200000762939453,20.06646728515625,6800
2023-03-28,22.25,22.49799919128418,22.25,22.49799919128418,20.33582878112793,6400
2023-03-29,22.200000762939453,22.579999923706055,22.200000762939453,22.25200080871582,20.11347198486328,3800
2023-03-30,22.719999313354492,22.739999771118164,22.399999618530273,22.690000534057617,20.50937843322754,6700
2023-03-31,22.639999389648438,23.0,22.25,22.8700008392334,20.672077178955078,10700
2023-04-03,22.915000915527344,22.915000915527344,22.841999053955078,22.90999984741211,20.708234786987305,1800
2023-04-04,22.84000015258789,22.84000015258789,22.698999404907227,22.75,20.56361198425293,9200
2023-04-05,22.569000244140625,22.799999237060547,22.459999084472656,22.649999618530273,20.473222732543945,5800
2023-04-06,22.81999969482422,22.979999542236328,22.81999969482422,22.979999542236328,20.771509170532227,2500
2023-04-10,22.856000900268555,22.856000900268555,22.856000900268555,22.856000900268555,20.659421920776367,400
2023-04-11,23.0,23.0,22.729999542236328,22.729999542236328,20.5455379486084,4800
2023-04-12,22.829999923706055,23.0,22.469999313354492,23.0,20.789587020874023,8000
2023-04-13,22.649999618530273,22.989999771118164,22.469999313354492,22.959999084472656,20.87139892578125,2900
2023-04-14,22.959999084472656,22.959999084472656,22.959999084472656,22.959999084472656,20.87139892578125,0
2023-04-17,22.610000610351562,22.75,22.59000015258789,22.75,20.680503845214844,5500
2023-04-18,22.62299919128418,22.815000534057617,22.565000534057617,22.725000381469727,20.657772064208984,5000
2023-04-19,22.558000564575195,22.729999542236328,22.558000564575195,22.690000534057617,20.625961303710938,3500
2023-04-20,22.645000457763672,22.795000076293945,22.600000381469727,22.70400047302246,20.63868522644043,1500
2023-04-21,22.989999771118164,22.989999771118164,22.610000610351562,22.799999237060547,20.725955963134766,1700
2023-04-24,22.610000610351562,22.783000946044922,22.59000015258789,22.709999084472656,20.644136428833008,8600
2023-04-25,22.628999710083008,22.726999282836914,22.530000686645508,22.600000381469727,20.544151306152344,4000
2023-04-26,22.5310001373291,22.969999313354492,22.31999969482422,22.360000610351562,20.32597541809082,13000
2023-04-27,22.635000228881836,22.950000762939453,22.635000228881836,22.950000762939453,20.862306594848633,600
2023-04-28,22.65999984741211,22.93000030517578,22.360000610351562,22.93000030517578,20.844131469726562,9000
2023-05-01,22.898000717163086,22.899999618530273,22.43000030517578,22.43000030517578,20.389610290527344,1800
2023-05-02,22.700000762939453,22.700000762939453,22.549999237060547,22.69700050354004,20.632328033447266,4000
2023-05-03,22.6200008392334,22.777000427246094,22.600000381469727,22.770000457763672,20.698678970336914,4900
2023-05-04,22.639999389648438,22.639999389648438,22.332000732421875,22.610000610351562,20.553234100341797,3300
2023-05-05,22.610000610351562,22.729999542236328,22.34000015258789,22.729999542236328,20.662322998046875,2600
2023-05-08,22.40999984741211,22.700000762939453,22.329999923706055,22.5,20.453237533569336,3300
2023-05-09,22.450000762939453,22.649999618530273,22.450000762939453,22.649999618530273,20.589599609375,1500
2023-05-10,22.472000122070312,22.639999389648438,22.360000610351562,22.639999389648438,20.580507278442383,2800
2023-05-11,22.639999389648438,22.639999389648438,22.639999389648438,22.639999389648438,20.580507278442383,0
2023-05-12,22.510000228881836,22.6200008392334,22.459999084472656,22.6200008392334,20.562326431274414,1700
2023-05-15,22.540000915527344,22.969999313354492,22.5,22.969999313354492,20.880489349365234,19400
2023-05-16,22.780000686645508,22.850000381469727,22.56999969482422,22.593000411987305,20.654678344726562,2400
2023-05-17,22.6200008392334,22.724000930786133,22.6200008392334,22.724000930786133,20.774442672729492,2200
2023-05-18,22.724000930786133,22.724000930786133,22.724000930786133,22.724000930786133,20.774442672729492,0
2023-05-19,22.510000228881836,22.69499969482422,22.25,22.489999771118164,20.560516357421875,111000
2023-05-22,22.649999618530273,22.649999618530273,22.4060001373291,22.4060001373291,20.48372459411621,1400
2023-05-23,22.950000762939453,22.950000762939453,22.950000762939453,22.950000762939453,20.981050491333008,700
2023-05-24,22.549999237060547,22.899999618530273,22.520000457763672,22.899999618530273,20.935340881347656,1000
2023-05-25,22.40999984741211,22.8700008392334,22.3700008392334,22.75,20.798208236694336,5800
2023-05-26,22.670000076293945,22.670000076293945,22.389999389648438,22.510000228881836,20.57880210876465,2600
2023-05-30,22.440000534057617,22.799999237060547,22.440000534057617,22.56999969482422,20.633655548095703,3000
2023-05-31,22.799999237060547,22.799999237060547,22.350000381469727,22.799999237060547,20.843923568725586,4700
2023-06-01,22.684999465942383,22.71500015258789,22.469999313354492,22.71500015258789,20.766212463378906,1700
2023-06-02,22.600000381469727,22.600000381469727,22.600000381469727,22.600000381469727,20.661081314086914,500
2023-06-05,22.959999084472656,22.959999084472656,22.639999389648438,22.639999389648438,20.697650909423828,400
2023-06-06,22.639999389648438,22.905000686645508,22.6200008392334,22.799999237060547,20.843923568725586,2500
2023-06-07,22.850000381469727,22.850000381469727,22.610000610351562,22.6200008392334,20.67936134338379,4000
2023-06-08,22.81999969482422,22.850000381469727,22.6200008392334,22.6200008392334,20.67936134338379,3000
2023-06-09,22.731000900268555,22.731000900268555,22.601999282836914,22.636999130249023,20.69490623474121,700
2023-06-12,22.639999389648438,22.829999923706055,22.610000610351562,22.829999923706055,20.871347427368164,4200
2023-06-13,22.649999618530273,22.84000015258789,22.61199951171875,22.84000015258789,20.8804931640625,4400
2023-06-14,22.649999618530273,22.700000762939453,22.6299991607666,22.700000762939453,20.752500534057617,500
2023-06-15,22.469999313354492,22.614999771118164,22.469999313354492,22.614999771118164,20.79387855529785,2000
2023-06-16,22.600000381469727,22.719999313354492,22.600000381469727,22.6200008392334,20.798471450805664,1900
2023-06-20,22.690000534057617,22.690000534057617,22.690000534057617,22.690000534057617,20.862834930419922,600
2023-06-21,22.81999969482422,22.81999969482422,22.725000381469727,22.790000915527344,20.95478630065918,2700
2023-06-22,22.784000396728516,22.950000762939453,22.700000762939453,22.913000106811523,21.0678768157959,8200
2023-06-23,22.81999969482422,22.825000762939453,22.709999084472656,22.719999313354492,20.89042091369629,7700
2023-06-26,22.850000381469727,22.950000762939453,22.760000228881836,22.899999618530273,21.05592155456543,20800
2023-06-27,22.819000244140625,22.948999404907227,22.799999237060547,22.899999618530273,21.05592155456543,9400
2023-06-28,22.950000762939453,22.950000762939453,22.799999237060547,22.850000381469727,21.00995445251465,1300
2023-06-29,22.780000686645508,22.864999771118164,22.719999313354492,22.76099967956543,20.928119659423828,2400
2023-06-30,22.760000228881836,22.770000457763672,22.75,22.75,20.918004989624023,1300
2023-07-03,22.729999542236328,22.948999404907227,22.729999542236328,22.809999465942383,20.97317123413086,2100
2023-07-05,22.809999465942383,22.84000015258789,22.809999465942383,22.809999465942383,20.97317123413086,1500
2023-07-06,22.719999313354492,22.799999237060547,22.719999313354492,22.774999618530273,20.94099235534668,3800
2023-07-07,22.84000015258789,22.899999618530273,22.84000015258789,22.84000015258789,21.00075912475586,3000
2023-07-10,22.729999542236328,22.799999237060547,22.729999542236328,22.760000228881836,20.92719841003418,4300
2023-07-11,22.81800079345703,22.940000534057617,22.81800079345703,22.905000686645508,21.06052017211914,2400
2023-07-12,22.940000534057617,22.940000534057617,22.829999923706055,22.829999923706055,20.991561889648438,800
2023-07-13,22.84000015258789,22.920000076293945,22.770000457763672,22.770000457763672,20.9363956451416,3400
2023-07-14,22.8799991607666,22.8799991607666,22.718000411987305,22.84000015258789,21.12134552001953,3700
2023-07-17,22.75,22.75,22.639999389648438,22.639999389648438,20.936391830444336,1100
2023-07-18,22.639999389648438,22.65999984741211,22.545000076293945,22.607999801635742,20.906803131103516,3700
2023-07-19,22.579999923706055,22.799999237060547,22.56999969482422,22.610000610351562,20.908653259277344,3300
2023-07-20,22.684999465942383,22.684999465942383,22.684999465942383,22.684999465942383,20.978008270263672,1100
2023-07-21,22.700000762939453,22.75,22.649999618530273,22.68000030517578,20.973386764526367,6400
2023-07-24,22.75,22.950000762939453,22.75,22.83099937438965,21.113019943237305,3900
2023-07-25,22.760000228881836,22.788000106811523,22.719999313354492,22.719999313354492,21.0103759765625,1800
2023-07-26,22.829999923706055,22.829999923706055,22.700000762939453,22.81100082397461,21.094526290893555,7800
2023-07-27,22.809999465942383,22.809999465942383,22.809999465942383,22.809999465942383,21.09360122680664,600
2023-07-28,22.799999237060547,22.799999237060547,22.709999084472656,22.753000259399414,21.040891647338867,3500
2023-07-31,22.68600082397461,22.770000457763672,22.68600082397461,22.756999969482422,21.044591903686523,3000
2023-08-01,22.909000396728516,22.950000762939453,22.829999923706055,22.829999923706055,21.112096786499023,700
2023-08-02,22.711000442504883,22.790000915527344,22.700000762939453,22.790000915527344,21.075111389160156,3900
2023-08-03,22.799999237060547,22.959999084472656,22.729999542236328,22.850000381469727,21.13059425354004,5300
2023-08-04,22.93199920654297,22.93199920654297,22.81999969482422,22.834999084472656,21.11672019958496,3400
2023-08-07,22.899999618530273,22.940000534057617,22.860000610351562,22.860000610351562,21.139841079711914,3800
2023-08-08,22.860000610351562,22.860000610351562,22.719999313354492,22.770000457763672,21.056612014770508,8100
2023-08-09,22.760000228881836,22.899999618530273,22.760000228881836,22.77199935913086,21.058460235595703,2100
2023-08-10,22.899999618530273,22.959999084472656,22.899999618530273,22.940000534057617,21.21381950378418,6900
2023-08-11,22.926000595092773,22.951000213623047,22.899999618530273,22.937000274658203,21.211042404174805,1800
2023-08-14,22.920000076293945,22.959999084472656,22.850000381469727,22.899999618530273,21.176830291748047,3300
2023-08-15,22.899999618530273,22.93000030517578,22.899999618530273,22.93000030517578,21.204572677612305,800
2023-08-16,22.8799991607666,22.93000030517578,22.84000015258789,22.899999618530273,21.29757308959961,5500
2023-08-17,22.899999618530273,22.959999084472656,22.885000228881836,22.885000228881836,21.28362274169922,2100
2023-08-18,22.899999618530273,22.950000762939453,22.8799991607666,22.940000534057617,21.334774017333984,1300
2023-08-21,22.940000534057617,22.940000534057617,22.709999084472656,22.743000030517578,21.151559829711914,3500
2023-08-22,22.6200008392334,22.780000686645508,22.6200008392334,22.780000686645508,21.18597412109375,3600
2023-08-23,22.780000686645508,22.93000030517578,22.6299991607666,22.889999389648438,21.288272857666016,2400
2023-08-24,22.663999557495117,22.90999984741211,22.663999557495117,22.90999984741211,21.30687713623047,1100
2023-08-25,22.6299991607666,22.850000381469727,22.6299991607666,22.850000381469727,21.251073837280273,700
2023-08-28,22.829999923706055,22.829999923706055,22.6200008392334,22.780000686645508,21.18597412109375,7900
2023-08-29,22.81999969482422,22.81999969482422,22.60099983215332,22.780000686645508,21.18597412109375,2700
2023-08-30,22.700000762939453,22.829999923706055,22.65399932861328,22.72800064086914,21.137609481811523,4500
2023-08-31,22.649999618530273,22.829999923706055,22.643999099731445,22.709999084472656,21.120868682861328,8000
2023-09-01,22.6200008392334,22.81999969482422,22.6200008392334,22.7450008392334,21.153419494628906,4800
2023-09-05,22.719999313354492,22.72599983215332,22.6299991607666,22.72599983215332,21.13574981689453,700
2023-09-06,22.709999084472656,22.780000686645508,22.639999389648438,22.639999389648438,21.05576515197754,1000
2023-09-07,22.780000686645508,23.0,22.7549991607666,22.989999771118164,21.38127899169922,12100
2023-09-08,22.969999313354492,22.969999313354492,22.799999237060547,22.920000076293945,21.316177368164062,8300
2023-09-11,22.950000762939453,22.950000762939453,22.81100082397461,22.899999618530273,21.29757308959961,2300
2023-09-12,22.920000076293945,22.920000076293945,22.899999618530273,22.899999618530273,21.29757308959961,900
2023-09-13,22.969999313354492,22.969999313354492,22.820999145507812,22.950000762939453,21.344079971313477,2000
2023-09-14,22.770000457763672,22.940000534057617,22.770000457763672,22.809999465942383,21.334720611572266,3700
2023-09-15,22.920000076293945,22.920000076293945,22.809999465942383,22.899999618530273,21.418899536132812,1300
2023-09-18,22.8799991607666,22.899999618530273,22.610000610351562,22.889999389648438,21.4095458984375,8900
2023-09-19,22.75,22.899999618530273,22.75,22.799999237060547,21.32537078857422,3500
2023-09-20,22.86400032043457,22.90999984741211,22.799999237060547,22.799999237060547,21.32537078857422,2300
2023-09-21,22.81999969482422,22.81999969482422,22.6200008392334,22.6200008392334,21.157012939453125,3100
2023-09-22,22.700000762939453,22.899999618530273,22.579999923706055,22.6200008392334,21.157012939453125,13000
2023-09-25,22.6299991607666,22.899999618530273,22.6299991607666,22.79599952697754,21.32162857055664,1500
2023-09-26,22.739999771118164,22.78499984741211,22.610000610351562,22.6299991607666,21.166366577148438,4300
2023-09-27,22.700000762939453,22.700000762939453,22.6200008392334,22.700000762939453,21.231836318969727,9900
2023-09-28,22.73200035095215,22.74799919128418,22.700000762939453,22.74799919128418,21.2767333984375,1100
2023-09-29,22.639999389648438,22.799999237060547,22.639999389648438,22.760000228881836,21.287954330444336,8700
2023-10-02,22.799999237060547,22.84000015258789,22.770000457763672,22.829999923706055,21.35342788696289,15600
2023-10-03,22.829999923706055,22.8799991607666,22.760000228881836,22.8700008392334,21.39084243774414,8300
2023-10-04,22.84000015258789,22.899999618530273,22.760000228881836,22.889999389648438,21.4095458984375,5500
2023-10-05,22.850000381469727,22.899999618530273,22.799999237060547,22.850000381469727,21.37213897705078,1800
2023-10-06,22.799999237060547,22.799999237060547,22.760000228881836,22.760000228881836,21.287954330444336,300
2023-10-09,22.75,22.80900001525879,22.75,22.80900001525879,21.333784103393555,1200
2023-10-10,22.775999069213867,22.775999069213867,22.75,22.75,21.278600692749023,1700
2023-10-11,22.790000915527344,22.84000015258789,22.790000915527344,22.84000015258789,21.36278533935547,1300
2023-10-12,22.851999282836914,22.860000610351562,22.799999237060547,22.799999237060547,21.32537078857422,3600
2023-10-13,22.850000381469727,22.850000381469727,22.826000213623047,22.840999603271484,21.363719940185547,2400
2023-10-16,22.760000228881836,22.850000381469727,22.719999313354492,22.780000686645508,21.428625106811523,5700
2023-10-17,22.850000381469727,22.850000381469727,22.757999420166016,22.760000228881836,21.409809112548828,3000
2023-10-18,22.729999542236328,22.850000381469727,22.709999084472656,22.719999313354492,21.372182846069336,3700
2023-10-19,22.700000762939453,22.739999771118164,22.700000762939453,22.739999771118164,21.39099884033203,2400
2023-10-20,22.729999542236328,22.850000381469727,22.729999542236328,22.829999923706055,21.475658416748047,1200
2023-10-23,22.709999084472656,22.850000381469727,22.709999084472656,22.760000228881836,21.409809112548828,7000
2023-10-24,22.829999923706055,22.84000015258789,22.649999618530273,22.832000732421875,21.4775390625,8900
2023-10-25,22.83799934387207,22.899999618530273,22.719999313354492,22.889999389648438,21.53209686279297,8100
2023-10-26,22.799999237060547,22.799999237060547,22.799999237060547,22.799999237060547,21.447439193725586,700
2023-10-27,22.760000228881836,22.799999237060547,22.760000228881836,22.760000228881836,21.409809112548828,1100
2023-10-30,22.719999313354492,22.889999389648438,22.628999710083008,22.795000076293945,21.442731857299805,9700
2023-10-31,22.68000030517578,22.8700008392334,22.65999984741211,22.850000381469727,21.494474411010742,6400
2023-11-01,22.770000457763672,22.899999618530273,22.760000228881836,22.899999618530273,21.54150390625,3400
2023-11-02,22.850000381469727,22.90999984741211,22.770000457763672,22.90999984741211,21.55091094970703,10100
2023-11-03,22.799999237060547,22.940000534057617,22.780000686645508,22.940000534057617,21.579132080078125,3600
2023-11-06,22.940000534057617,22.979999542236328,22.90999984741211,22.979999542236328,21.61676025390625,4400
2023-11-07,22.979999542236328,22.979999542236328,22.899999618530273,22.979999542236328,21.61676025390625,1600
2023-11-08,22.93000030517578,23.0,22.799999237060547,23.0,21.635574340820312,4300
2023-11-09,22.809999465942383,22.950000762939453,22.809999465942383,22.940000534057617,21.579132080078125,1200
2023-11-10,23.079999923706055,23.09000015258789,22.899999618530273,23.09000015258789,21.72023582458496,1600
2023-11-13,23.09000015258789,23.100000381469727,23.079999923706055,23.100000381469727,21.729642868041992,3000
2023-11-14,23.139999389648438,23.229999542236328,22.889999389648438,23.139999389648438,21.767263412475586,8600
2023-11-15,22.829999923706055,23.309999465942383,22.719999313354492,23.309999465942383,22.05106544494629,9000
2023-11-16,23.190000534057617,23.239999771118164,22.75,23.09000015258789,21.842945098876953,2700
2023-11-17,23.149999618530273,23.25,23.09000015258789,23.190000534057617,21.93754768371582,10200
2023-11-20,22.979999542236328,22.979999542236328,22.780000686645508,22.899999618530273,21.663209915161133,5500
2023-11-21,22.940000534057617,22.979999542236328,22.75,22.979999542236328,21.7388858795166,5100
2023-11-22,22.75,22.889999389648438,22.739999771118164,22.8799991607666,21.644289016723633,3400
2023-11-24,22.867000579833984,22.867000579833984,22.867000579833984,22.867000579833984,21.631990432739258,100
2023-11-27,22.799999237060547,22.8700008392334,22.799999237060547,22.8700008392334,21.634830474853516,12500
2023-11-28,22.799999237060547,23.079999923706055,22.799999237060547,23.079999923706055,21.83348846435547,4200
2023-11-29,22.96500015258789,23.077999114990234,22.950000762939453,22.950000762939453,21.710514068603516,1200
2023-11-30,22.860000610351562,23.25,22.850000381469727,23.25,21.994308471679688,9200
2023-12-01,23.25,23.25,23.25,23.25,21.994308471679688,300
2023-12-04,23.239999771118164,23.25,22.950000762939453,23.25,21.994308471679688,6000
2023-12-05,23.299999237060547,23.299999237060547,22.969999313354492,23.25,21.994308471679688,2700
2023-12-06,22.993000030517578,23.270999908447266,22.993000030517578,23.15999984741211,21.909170150756836,7100
2023-12-07,23.110000610351562,23.149999618530273,23.049999237060547,23.100000381469727,21.85240936279297,16600
2023-12-08,23.049999237060547,23.086000442504883,23.0,23.049999237060547,21.805110931396484,2100
2023-12-11,23.100000381469727,23.100000381469727,23.011999130249023,23.059999465942383,21.8145694732666,4800
2023-12-12,22.979999542236328,23.06999969482422,22.950000762939453,23.06999969482422,21.824024200439453,5300
2023-12-13,22.950000762939453,23.06999969482422,22.829999923706055,22.959999084472656,21.7199649810791,5100
2023-12-14,22.934999465942383,22.9950008392334,22.860000610351562,22.90999984741211,21.796079635620117,3300
2023-12-15,22.993999481201172,22.993999481201172,22.81999969482422,22.899999618530273,21.78656578063965,13300
2023-12-18,22.90999984741211,22.985000610351562,22.899999618530273,22.985000610351562,21.867433547973633,1600
2023-12-19,22.969999313354492,23.06999969482422,22.90999984741211,23.06999969482422,21.94829559326172,9400
2023-12-20,22.950000762939453,23.110000610351562,22.850000381469727,22.972999572753906,21.856016159057617,10000
2023-12-21,23.084999084472656,23.100000381469727,22.920000076293945,22.920000076293945,21.80559730529785,2100
2023-12-22,22.920000076293945,23.0310001373291,22.81999969482422,23.0,21.881704330444336,3400
2023-12-26,22.965999603271484,23.09000015258789,22.829999923706055,22.969999313354492,21.853160858154297,1800
2023-12-27,22.951000213623047,23.100000381469727,22.951000213623047,23.06999969482422,21.94829559326172,3100
2023-12-28,23.100000381469727,23.100000381469727,22.860000610351562,22.920000076293945,21.80559730529785,7900
2023-12-29,22.8799991607666,23.0,22.867000579833984,22.899999618530273,21.78656578063965,4500
2024-01-02,22.899999618530273,23.149999618530273,22.899999618530273,23.149999618530273,22.0244083404541,16100
2024-01-03,23.149999618530273,23.149999618530273,23.0,23.1200008392334,21.995868682861328,3400
2024-01-04,23.0,23.1299991607666,23.0,23.03499984741211,21.91499900817871,3000
2024-01-05,23.18000030517578,23.18000030517578,23.100000381469727,23.100000381469727,21.976842880249023,500
2024-01-08,23.18000030517578,23.200000762939453,23.145000457763672,23.177000045776367,22.050098419189453,2100
2024-01-09,23.18199920654297,23.350000381469727,23.15999984741211,23.25,22.119550704956055,10700
2024-01-10,23.260000228881836,23.260000228881836,23.15999984741211,23.209999084472656,22.081491470336914,1100
2024-01-11,23.170000076293945,23.25,23.170000076293945,23.239999771118164,22.110034942626953,2300
2024-01-12,23.170000076293945,23.299999237060547,23.170000076293945,23.25,22.119550704956055,3700
2024-01-16,23.219999313354492,23.299999237060547,23.219999313354492,23.229999542236328,22.22478675842285,1800
2024-01-17,23.229999542236328,23.389999389648438,23.200000762939453,23.270000457763672,22.263057708740234,1800
2024-01-18,23.389999389648438,23.389999389648438,23.315000534057617,23.315000534057617,22.306110382080078,4500
2024-01-19,23.34000015258789,23.3799991607666,23.31999969482422,23.3799991607666,22.36829948425293,4800
2024-01-22,23.32200050354004,23.3700008392334,23.309999465942383,23.309999465942383,22.30132484436035,5500
2024-01-23,23.329999923706055,23.399999618530273,23.329999923706055,23.399999618530273,22.38743019104004,1600
2024-01-24,23.42300033569336,23.42300033569336,23.399999618530273,23.399999618530273,22.38743019104004,800
2024-01-25,23.43899917602539,23.450000762939453,23.31999969482422,23.34000015258789,22.33003044128418,3900
2024-01-26,23.459999084472656,23.459999084472656,23.3799991607666,23.3799991607666,22.36829948425293,1900
2024-01-29,23.3799991607666,23.479999542236328,23.3799991607666,23.47100067138672,22.455358505249023,2100
2024-01-30,23.450000762939453,23.46500015258789,23.450000762939453,23.46500015258789,22.449615478515625,400
2024-01-31,23.422000885009766,23.422000885009766,23.422000885009766,23.422000885009766,22.408479690551758,700
2024-02-01,23.454999923706055,23.479999542236328,23.350000381469727,23.420000076293945,22.406566619873047,5800
2024-02-02,23.40999984741211,23.540000915527344,23.350000381469727,23.540000915527344,22.521377563476562,7200
2024-02-05,23.364999771118164,23.549999237060547,23.360000610351562,23.360000610351562,22.349164962768555,1700
2024-02-06,23.375999450683594,23.375999450683594,23.350000381469727,23.360000610351562,22.349164962768555,1100
2024-02-07,23.209999084472656,23.59000015258789,23.209999084472656,23.59000015258789,22.569211959838867,6300
2024-02-08,23.200000762939453,23.360000610351562,23.200000762939453,23.360000610351562,22.349164962768555,1100
2024-02-09,23.420000076293945,23.5,23.420000076293945,23.5,22.483108520507812,1600
2024-02-12,23.56999969482422,23.56999969482422,23.239999771118164,23.274999618530273,22.267839431762695,7800
2024-02-13,23.280000686645508,23.510000228881836,23.229999542236328,23.309999465942383,22.30132484436035,6500
2024-02-14,23.399999618530273,23.600000381469727,23.280000686645508,23.285999298095703,22.403310775756836,8000
2024-02-15,23.270000457763672,23.416000366210938,23.270000457763672,23.350000381469727,22.464879989624023,1400
2024-02-16,23.284000396728516,23.354999542236328,23.25,23.260000228881836,22.378292083740234,2300
2024-02-20,23.270000457763672,23.309999465942383,23.25,23.309999465942383,22.42639923095703,2800
2024-02-21,23.309999465942383,23.350000381469727,23.270000457763672,23.350000381469727,22.464879989624023,4100
2024-02-22,23.350000381469727,23.53700065612793,23.34000015258789,23.450000762939453,22.561092376708984,2100
2024-02-23,23.350000381469727,23.405000686645508,23.224000930786133,23.309999465942383,22.42639923095703,3800
2024-02-26,23.25,23.389999389648438,23.229999542236328,23.389999389648438,22.503366470336914,5900
2024-02-27,23.329999923706055,23.389999389648438,23.260000228881836,23.389999389648438,22.503366470336914,5800
2024-02-28,23.260000228881836,23.389999389648438,23.239999771118164,23.389999389648438,22.503366470336914,2300
2024-02-29,23.489999771118164,23.489999771118164,23.384000778198242,23.489999771118164,22.599573135375977,2500
2024-03-01,23.489999771118164,23.56999969482422,23.479999542236328,23.489999771118164,22.599573135375977,5000
2024-03-04,23.54400062561035,23.54400062561035,23.420000076293945,23.489999771118164,22.599573135375977,3800
2024-03-05,23.479999542236328,23.5,23.450000762939453,23.5,22.60919761657715,2000
2024-03-06,23.5,23.770999908447266,23.459999084472656,23.582000732421875,22.688087463378906,22100
2024-03-07,23.530000686645508,23.530000686645508,23.149999618530273,23.40999984741211,22.522607803344727,118200
2024-03-08,23.530000686645508,23.55900001525879,23.270000457763672,23.3700008392334,22.484128952026367,56100
2024-03-11,23.40999984741211,23.479000091552734,23.399999618530273,23.40999984741211,22.522607803344727,7300
2024-03-12,23.538999557495117,23.549999237060547,23.3700008392334,23.3700008392334,22.484128952026367,5300
2024-03-13,23.399999618530273,23.450000762939453,23.375,23.3799991607666,22.493745803833008,3900
2024-03-14,23.34000015258789,23.399999618530273,23.25,23.25,22.493745803833008,5000
2024-03-15,23.360000610351562,23.360000610351562,23.277000427246094,23.277000427246094,22.519868850708008,4400
2024-03-18,23.299999237060547,23.309999465942383,23.25,23.260000228881836,22.50341796875,8800
2024-03-19,23.344999313354492,23.434999465942383,23.295000076293945,23.295000076293945,22.537281036376953,1400
2024-03-20,23.354999542236328,23.354999542236328,23.260000228881836,23.290000915527344,22.532442092895508,9500
2024-03-21,23.280000686645508,23.41900062561035,23.280000686645508,23.34000015258789,22.5808162689209,6600
2024-03-22,23.450000762939453,23.450000762939453,23.388999938964844,23.389999389648438,22.62919044494629,2900
2024-03-25,23.399999618530273,23.5,23.360000610351562,23.3700008392334,22.609846115112305,13100
2024-03-26,23.461000442504883,23.5,23.360000610351562,23.459999084472656,22.696910858154297,6600
2024-03-27,23.5,23.5,23.31999969482422,23.31999969482422,22.56146812438965,16500
2024-03-28,23.479999542236328,23.479999542236328,23.450000762939453,23.450000762939453,22.687240600585938,800
2024-04-01,23.413000106811523,23.430999755859375,23.389999389648438,23.430999755859375,22.668859481811523,3100
2024-04-02,23.43000030517578,23.483999252319336,23.360000610351562,23.360000610351562,22.60016632080078,4000
2024-04-03,23.360000610351562,23.5,23.350000381469727,23.350000381469727,22.590490341186523,14000
2024-04-04,23.360000610351562,23.486000061035156,23.360000610351562,23.486000061035156,22.722070693969727,700
2024-04-05,23.40999984741211,23.5,23.40999984741211,23.474000930786133,22.710460662841797,2100
2024-04-08,23.5,23.579999923706055,23.458999633789062,23.510000228881836,22.74528694152832,6300
2024-04-09,23.56999969482422,23.56999969482422,23.5,23.524999618530273,22.759798049926758,2500
2024-04-10,23.549999237060547,23.549999237060547,23.309999465942383,23.422000885009766,22.6601505279541,3300
2024-04-11,23.520000457763672,23.520000457763672,23.399999618530273,23.399999618530273,22.638866424560547,1700
2024-04-12,23.59000015258789,23.59000015258789,23.5,23.5,22.735614776611328,2600
2024-04-15,23.405000686645508,23.420000076293945,23.405000686645508,23.420000076293945,22.784257888793945,2900
2024-04-16,23.469999313354492,23.479999542236328,23.309999465942383,23.309999465942383,22.6772403717041,7000
2024-04-17,23.31999969482422,23.489999771118164,23.31999969482422,23.489999771118164,22.852354049682617,700
2024-04-18,23.464000701904297,23.464000701904297,23.322999954223633,23.389999389648438,22.755069732666016,2000
2024-04-19,23.479999542236328,23.479999542236328,23.479999542236328,23.479999542236328,22.842626571655273,700
2024-04-22,23.469999313354492,23.469999313354492,23.31999969482422,23.3700008392334,22.73561668395996,2900
2024-04-23,23.3799991607666,23.479999542236328,23.3700008392334,23.40999984741211,22.774526596069336,2700
2024-04-24,23.420000076293945,23.469999313354492,23.40999984741211,23.40999984741211,22.774526596069336,1700
2024-04-25,23.479999542236328,23.479999542236328,23.479999542236328,23.479999542236328,22.842626571655273,1100
2024-04-26,23.479999542236328,23.479999542236328,23.31999969482422,23.350000381469727,22.716156005859375,12100
2024-04-29,23.399999618530273,23.5,23.399999618530273,23.481000900268555,22.84360122680664,9500
2024-04-30,23.482999801635742,23.5,23.450000762939453,23.450000762939453,22.81344223022461,6400
2024-05-01,23.440000534057617,23.559999465942383,23.440000534057617,23.559999465942383,22.920454025268555,2200
2024-05-02,23.40999984741211,23.514999389648438,23.40999984741211,23.514999389648438,22.876678466796875,2100
2024-05-03,23.549999237060547,23.6299991607666,23.510000228881836,23.6299991607666,22.988554000854492,10000
2024-05-06,23.58300018310547,23.59000015258789,23.545000076293945,23.59000015258789,22.949642181396484,3200
2024-05-07,23.5,23.68000030517578,23.5,23.649999618530273,23.008012771606445,1400
2024-05-08,23.610000610351562,23.614999771118164,23.5,23.59000015258789,22.949642181396484,6400
2024-05-09,23.639999389648438,23.68000030517578,23.5,23.549999237060547,22.910728454589844,2500
2024-05-10,23.510000228881836,23.68000030517578,23.510000228881836,23.540000915527344,22.900999069213867,3400
2024-05-13,23.665000915527344,23.665000915527344,23.540000915527344,23.540000915527344,22.900999069213867,6200
2024-05-14,23.600000381469727,23.739999771118164,23.600000381469727,23.64299964904785,23.001201629638672,6600
2024-05-15,23.68000030517578,23.753000259399414,23.674999237060547,23.700000762939453,23.05665397644043,4100
2024-05-16,23.649999618530273,23.722999572753906,23.50200080871582,23.722999572753906,23.206323623657227,2600
2024-05-17,23.549999237060547,23.639999389648438,23.549999237060547,23.601999282836914,23.08795738220215,4300
2024-05-20,23.520000457763672,23.6200008392334,23.520000457763672,23.600000381469727,23.086000442504883,8600
2024-05-21,23.562999725341797,23.6299991607666,23.549999237060547,23.579999923706055,23.066436767578125,6200
2024-05-22,23.56999969482422,23.638999938964844,23.540000915527344,23.540000915527344,23.02730941772461,4600
2024-05-23,23.540000915527344,23.540000915527344,23.540000915527344,23.540000915527344,23.02730941772461,0
2024-05-24,23.58799934387207,23.600000381469727,23.579999923706055,23.600000381469727,23.086000442504883,2700
2024-05-28,23.594999313354492,23.594999313354492,23.59000015258789,23.594999313354492,23.08110809326172,6700
2024-05-29,23.552000045776367,23.56999969482422,23.520000457763672,23.540000915527344,23.02730941772461,7900
2024-05-30,23.520000457763672,23.58300018310547,23.5,23.5,22.98818016052246,5600
2024-05-31,23.520000457763672,23.520000457763672,23.399999618530273,23.479999542236328,22.968612670898438,4800
2024-06-03,23.677000045776367,23.677000045776367,23.549999237060547,23.549999237060547,23.037090301513672,2600
2024-06-04,23.600000381469727,23.600000381469727,23.520000457763672,23.549999237060547,23.037090301513672,4100
2024-06-05,23.600000381469727,23.600000381469727,23.510000228881836,23.520000457763672,23.00774383544922,4400
2024-06-06,23.549999237060547,23.549999237060547,23.4950008392334,23.549999237060547,23.037090301513672,3500
2024-06-07,23.40999984741211,23.697999954223633,23.40999984741211,23.459999084472656,22.94904899597168,7800
2024-06-10,23.5,23.510000228881836,23.43000030517578,23.475000381469727,22.963726043701172,16600
2024-06-11,23.510000228881836,23.549999237060547,23.450000762939453,23.475000381469727,22.963726043701172,2500
2024-06-12,23.674999237060547,23.674999237060547,23.479000091552734,23.549999237060547,23.037090301513672,12000
2024-06-13,23.549999237060547,23.579999923706055,23.549999237060547,23.549999237060547,23.037090301513672,1800
2024-06-14,23.5,23.5,23.392000198364258,23.399999618530273,23.01741600036621,5900
2024-06-17,23.399999618530273,23.729999542236328,23.299999237060547,23.469999313354492,23.086271286010742,5500
2024-06-18,23.399999618530273,23.479999542236328,23.399999618530273,23.479999542236328,23.09610939025879,1300
2024-06-20,23.479999542236328,23.479999542236328,23.399999618530273,23.450000762939453,23.066600799560547,1600
2024-06-21,23.469999313354492,23.469999313354492,23.34000015258789,23.420000076293945,23.037090301513672,2900
2024-06-24,23.440000534057617,23.5,23.420000076293945,23.5,23.115781784057617,9700
2024-06-25,23.43000030517578,23.5,23.43000030517578,23.5,23.115781784057617,1200
2024-06-26,23.489999771118164,23.559999465942383,23.489999771118164,23.540000915527344,23.155128479003906,7800
2024-06-27,23.549999237060547,23.628999710083008,23.48699951171875,23.5,23.115781784057617,8400
2024-06-28,23.5,23.576000213623047,23.408000946044922,23.489999771118164,23.105945587158203,23500
2024-07-01,23.510000228881836,23.639999389648438,23.450000762939453,23.450000762939453,23.066600799560547,11300
2024-07-02,23.450000762939453,23.540000915527344,23.450000762939453,23.520000457763672,23.135456085205078,4400
2024-07-03,23.579999923706055,23.611000061035156,23.579999923706055,23.600000381469727,23.214147567749023,8100
2024-07-05,23.600000381469727,23.6200008392334,23.540000915527344,23.575000762939453,23.189556121826172,4100
2024-07-08,23.549999237060547,23.579999923706055,23.459999084472656,23.510000228881836,23.12561798095703,17100
2024-07-09,23.450000762939453,23.58099937438965,23.450000762939453,23.559999465942383,23.1747989654541,13400
2024-07-10,23.469999313354492,23.63599967956543,23.469999313354492,23.63599967956543,23.249557495117188,5600
2024-07-11,23.6299991607666,23.739999771118164,23.625999450683594,23.649999618530273,23.263330459594727,17100
2024-07-12,23.75,23.760000228881836,23.679000854492188,23.679000854492188,23.29185676574707,8300
2024-07-15,23.68000030517578,23.760000228881836,23.68000030517578,23.75,23.361696243286133,4700
2024-07-16,23.75200080871582,23.780000686645508,23.649999618530273,23.649999618530273,23.263330459594727,4700
2024-07-17,23.56999969482422,23.729999542236328,23.5,23.6200008392334,23.36223793029785,6100
2024-07-18,23.510000228881836,23.639999389648438,23.510000228881836,23.639999389648438,23.38201904296875,2900
2024-07-19,23.739999771118164,23.739999771118164,23.65999984741211,23.65999984741211,23.40180015563965,1700
2024-07-22,23.56999969482422,23.739999771118164,23.549999237060547,23.600000381469727,23.342456817626953,7900
2024-07-23,23.59000015258789,23.645000457763672,23.530000686645508,23.569000244140625,23.31179428100586,10000
2024-07-24,23.565000534057617,23.57900047302246,23.5,23.5,23.243547439575195,4700
2024-07-25,23.645000457763672,23.645000457763672,23.510000228881836,23.579999923706055,23.322673797607422,3800
2024-07-26,23.649999618530273,23.700000762939453,23.649999618530273,23.670000076293945,23.411693572998047,2700
2024-07-29,23.719999313354492,23.719999313354492,23.670000076293945,23.677000045776367,23.418617248535156,4400
2024-07-30,23.670000076293945,23.700000762939453,23.6299991607666,23.639999389648438,23.38201904296875,5200
2024-07-31,23.649999618530273,23.69099998474121,23.6200008392334,23.6200008392334,23.36223793029785,1100
2024-08-01,23.649999618530273,23.700000762939453,23.649999618530273,23.65999984741211,23.40180015563965,2800
2024-08-02,23.719999313354492,23.719999313354492,23.709999084472656,23.719999313354492,23.461145401000977,3000
2024-08-05,23.709999084472656,23.780000686645508,23.65999984741211,23.770000457763672,23.510601043701172,3500
2024-08-06,23.834999084472656,23.83799934387207,23.834999084472656,23.83799934387207,23.577857971191406,700
2024-08-07,23.81999969482422,23.840999603271484,23.770000457763672,23.770000457763672,23.510601043701172,2600
2024-08-08,23.815000534057617,23.850000381469727,23.799999237060547,23.81999969482422,23.560054779052734,6500
2024-08-09,23.799999237060547,23.836999893188477,23.799999237060547,23.81999969482422,23.560054779052734,1400
2024-08-12,23.700000762939453,23.81999969482422,23.700000762939453,23.700000762939453,23.441364288330078,1600
2024-08-13,23.834999084472656,23.860000610351562,23.75,23.850000381469727,23.5897274017334,5100
2024-08-14,23.854999542236328,23.920000076293945,23.825000762939453,23.850000381469727,23.5897274017334,4400
2024-08-15,23.799999237060547,23.799999237060547,23.709999084472656,23.709999084472656,23.451255798339844,900
2024-08-16,23.700000762939453,23.739999771118164,23.68400001525879,23.68400001525879,23.5546875,1800
2024-08-19,23.738000869750977,23.860000610351562,23.6299991607666,23.81999969482422,23.689945220947266,2200
2024-08-20,23.827999114990234,23.827999114990234,23.809999465942383,23.809999465942383,23.67999839782715,5200
2024-08-21,23.725000381469727,23.725000381469727,23.649999618530273,23.700000762939453,23.570600509643555,12100
2024-08-22,23.68000030517578,23.700000762939453,23.614999771118164,23.670000076293945,23.54076385498047,12200
2024-08-23,23.68000030517578,23.770999908447266,23.68000030517578,23.770000457763672,23.64021873474121,5500
2024-08-26,23.770000457763672,23.790000915527344,23.68000030517578,23.68000030517578,23.550710678100586,6900
2024-08-27,23.70800018310547,23.729999542236328,23.70800018310547,23.729999542236328,23.600435256958008,1200
2024-08-28,23.729999542236328,23.75,23.729999542236328,23.75,23.62032699584961,1600
2024-08-29,23.780000686645508,23.780000686645508,23.72100067138672,23.768999099731445,23.639223098754883,2600
2024-08-30,23.760000228881836,23.760000228881836,23.71500015258789,23.719999313354492,23.590490341186523,5100
2024-09-03,23.700000762939453,23.760000228881836,23.700000762939453,23.72599983215332,23.596458435058594,700
2024-09-04,23.75,23.780000686645508,23.75,23.75,23.62032699584961,5800
2024-09-05,23.75,23.790000915527344,23.75,23.790000915527344,23.660110473632812,3100
2024-09-06,23.790000915527344,23.799999237060547,23.760000228881836,23.77899932861328,23.649168014526367,8200
2024-09-09,23.788999557495117,23.799999237060547,23.770000457763672,23.799999237060547,23.670053482055664,8000
2024-09-10,23.809999465942383,23.809999465942383,23.75,23.809999465942383,23.67999839782715,16900
2024-09-11,23.799999237060547,23.950000762939453,23.799999237060547,23.90999984741211,23.77945327758789,16300
2024-09-12,23.799999237060547,23.97800064086914,23.770000457763672,23.81999969482422,23.689945220947266,5600
2024-09-13,23.899999618530273,23.93000030517578,23.79199981689453,23.809999465942383,23.67999839782715,4000
2024-09-16,23.760000228881836,23.850000381469727,23.729999542236328,23.850000381469727,23.850000381469727,5100
2024-09-17,23.889999389648438,23.889999389648438,23.850000381469727,23.875,23.875,2600
2024-09-18,23.780000686645508,23.899999618530273,23.760000228881836,23.829999923706055,23.829999923706055,7100
2024-09-19,23.9060001373291,23.969999313354492,23.809999465942383,23.905000686645508,23.905000686645508,2000
2024-09-20,23.91200065612793,23.91200065612793,23.825000762939453,23.8799991607666,23.8799991607666,3300
2024-09-23,23.860000610351562,23.889999389648438,23.84000015258789,23.8799991607666,23.8799991607666,8200
2024-09-24,23.829999923706055,23.899999618530273,23.829999923706055,23.889999389648438,23.889999389648438,5200
2024-09-25,23.889999389648438,23.889999389648438,23.850000381469727,23.882999420166016,23.882999420166016,6000
2024-09-26,23.889999389648438,23.90999984741211,23.850000381469727,23.899999618530273,23.899999618530273,9600
2024-09-27,23.93000030517578,24.020000457763672,23.922000885009766,23.996999740600586,23.996999740600586,13700
2024-09-30,24.100000381469727,24.100000381469727,24.0,24.014999389648438,24.014999389648438,4200
2024-10-01,24.040000915527344,24.059999465942383,23.979999542236328,23.979999542236328,23.979999542236328,4500
2024-10-02,24.049999237060547,24.049999237060547,23.979999542236328,24.040000915527344,24.040000915527344,1900
