Date,Open,High,Low,Close,Adj Close,Volume
1999-04-19,1822500.0,2160000.0,1822500.0,2160000.0,2160000.0,0
1999-04-20,2160000.0,2160000.0,2160000.0,2160000.0,2160000.0,0
1999-04-21,2160000.0,2160000.0,1890000.0,1890000.0,1890000.0,0
1999-04-22,2160000.0,2160000.0,1890000.0,2160000.0,2160000.0,0
1999-04-23,2160000.0,2160000.0,2160000.0,2160000.0,2160000.0,0
1999-04-26,1890000.0,2160000.0,1890000.0,2160000.0,2160000.0,0
1999-04-27,2160000.0,2160000.0,1755000.0,1755000.0,1755000.0,0
1999-04-28,1755000.0,2160000.0,1755000.0,1755000.0,1755000.0,0
1999-04-29,1755000.0,1755000.0,1755000.0,1755000.0,1755000.0,0
1999-04-30,2160000.0,2160000.0,1822500.0,1822500.0,1822500.0,0
1999-05-03,1822500.0,1940625.0,1822500.0,1822500.0,1822500.0,0
1999-05-04,1822500.0,1822500.0,1822500.0,1822500.0,1822500.0,0
1999-05-05,1755000.0,1755000.0,1755000.0,1755000.0,1755000.0,0
1999-05-06,2025000.0,2160000.0,2025000.0,2160000.0,2160000.0,0
1999-05-07,2160000.0,2160000.0,2160000.0,2160000.0,2160000.0,0
1999-05-10,2025000.0,2160000.0,2025000.0,2092500.0,2092500.0,0
1999-05-11,2092500.0,2092500.0,2025000.0,2025000.0,2025000.0,0
1999-05-12,2025000.0,2092500.0,1957500.0,2092500.0,2092500.0,0
1999-05-13,1957500.0,2160000.0,1957500.0,2160000.0,2160000.0,0
1999-05-14,2160000.0,2160000.0,1890000.0,2058750.0,2058750.0,0
1999-05-17,2058750.0,2058750.0,2058750.0,2058750.0,2058750.0,0
1999-05-18,2025000.0,2058750.0,2025000.0,2058750.0,2058750.0,0
1999-05-19,1957500.0,1957500.0,1957500.0,1957500.0,1957500.0,0
1999-05-20,1957500.0,1957500.0,1957500.0,1957500.0,1957500.0,0
1999-05-21,1890000.0,1923750.0,1890000.0,1923750.0,1923750.0,0
1999-05-24,1890000.0,1890000.0,1653750.0,1653750.0,1653750.0,0
1999-05-25,1653750.0,1653750.0,1653750.0,1653750.0,1653750.0,0
1999-05-26,1755000.0,1755000.0,1485000.0,1518750.0,1518750.0,0
1999-05-27,1518750.0,1518750.0,1518750.0,1518750.0,1518750.0,0
1999-05-28,1518750.0,1518750.0,1518750.0,1518750.0,1518750.0,0
1999-06-01,1518750.0,1518750.0,1518750.0,1518750.0,1518750.0,0
1999-06-02,1518750.0,1552500.0,1485000.0,1552500.0,1552500.0,0
1999-06-03,1451250.0,1451250.0,1451250.0,1451250.0,1451250.0,0
1999-06-04,1451250.0,1451250.0,1451250.0,1451250.0,1451250.0,0
1999-06-07,1451250.0,1451250.0,1451250.0,1451250.0,1451250.0,0
1999-06-08,1552500.0,1620000.0,1552500.0,1620000.0,1620000.0,0
1999-06-09,1485000.0,1518750.0,1485000.0,1485000.0,1485000.0,0
1999-06-10,1485000.0,1485000.0,1485000.0,1485000.0,1485000.0,0
1999-06-11,1485000.0,1485000.0,1485000.0,1485000.0,1485000.0,0
1999-06-14,1485000.0,1552500.0,1485000.0,1552500.0,1552500.0,0
1999-06-15,1417500.0,1451250.0,1417500.0,1451250.0,1451250.0,0
1999-06-16,1451250.0,1451250.0,1451250.0,1451250.0,1451250.0,0
1999-06-17,1451250.0,1451250.0,1451250.0,1451250.0,1451250.0,0
1999-06-18,1417500.0,1417500.0,1417500.0,1417500.0,1417500.0,0
1999-06-21,1417500.0,1417500.0,1417500.0,1417500.0,1417500.0,0
1999-06-22,1417500.0,1417500.0,1417500.0,1417500.0,1417500.0,0
1999-06-23,1485000.0,1485000.0,945000.0,1080000.0,1080000.0,0
1999-06-24,1113750.0,1113750.0,1080000.0,1080000.0,1080000.0,0
1999-06-25,1012500.0,1113750.0,1012500.0,1080000.0,1080000.0,0
1999-06-28,1012500.0,1012500.0,1012500.0,1012500.0,1012500.0,0
1999-06-29,1012500.0,1012500.0,1012500.0,1012500.0,1012500.0,0
1999-06-30,1012500.0,1080000.0,1012500.0,1080000.0,1080000.0,0
1999-07-01,1080000.0,1147500.0,1012500.0,1080000.0,1080000.0,0
1999-07-02,1080000.0,1080000.0,1080000.0,1080000.0,1080000.0,0
1999-07-06,1096875.0,1096875.0,1096875.0,1096875.0,1096875.0,0
1999-07-07,1012500.0,1147500.0,1012500.0,1080000.0,1080000.0,0
1999-07-08,1147500.0,1147500.0,1147500.0,1147500.0,1147500.0,0
1999-07-09,1147500.0,1147500.0,1046250.0,1046250.0,1046250.0,0
1999-07-12,1147500.0,1147500.0,1080000.0,1096875.0,1096875.0,0
1999-07-13,1147500.0,1350000.0,1147500.0,1282500.0,1282500.0,0
1999-07-14,1417500.0,1755000.0,1417500.0,1755000.0,1755000.0,0
1999-07-15,1957500.0,2025000.0,1755000.0,1755000.0,1755000.0,0
1999-07-16,2025000.0,2227500.0,1957500.0,1957500.0,1957500.0,0
1999-07-19,1957500.0,1957500.0,1957500.0,1957500.0,1957500.0,0
1999-07-20,1957500.0,2160000.0,1822500.0,1890000.0,1890000.0,0
1999-07-21,2160000.0,2160000.0,2160000.0,2160000.0,2160000.0,0
1999-07-22,2227500.0,2227500.0,1890000.0,1890000.0,1890000.0,0
1999-07-23,1890000.0,1890000.0,1890000.0,1890000.0,1890000.0,0
1999-07-26,1890000.0,1890000.0,1890000.0,1890000.0,1890000.0,0
1999-07-27,1822500.0,1923750.0,1653750.0,1890000.0,1890000.0,0
1999-07-28,1653750.0,1653750.0,1653750.0,1653750.0,1653750.0,0
1999-07-29,1890000.0,1890000.0,1620000.0,1620000.0,1620000.0,0
1999-07-30,1620000.0,1620000.0,1620000.0,1620000.0,1620000.0,0
1999-08-02,1620000.0,1620000.0,1485000.0,1620000.0,1620000.0,0
1999-08-03,1451250.0,1451250.0,1451250.0,1451250.0,1451250.0,0
1999-08-04,1552500.0,1552500.0,1552500.0,1552500.0,1552500.0,0
1999-08-05,1620000.0,1620000.0,1451250.0,1451250.0,1451250.0,0
1999-08-06,1687500.0,1822500.0,1485000.0,1822500.0,1822500.0,0
1999-08-09,1957500.0,1957500.0,1620000.0,1890000.0,1890000.0,0
1999-08-10,1890000.0,1890000.0,1620000.0,1620000.0,1620000.0,0
1999-08-11,1687500.0,1755000.0,1485000.0,1687500.0,1687500.0,0
1999-08-12,1755000.0,2025000.0,1687500.0,1755000.0,1755000.0,0
1999-08-13,1755000.0,1890000.0,1721250.0,1755000.0,1755000.0,0
1999-08-16,1788750.0,1788750.0,1620000.0,1620000.0,1620000.0,0
1999-08-17,1788750.0,1788750.0,1620000.0,1620000.0,1620000.0,0
1999-08-18,1788750.0,1788750.0,1788750.0,1788750.0,1788750.0,0
1999-08-19,1788750.0,1788750.0,1552500.0,1788750.0,1788750.0,0
1999-08-20,1788750.0,1788750.0,1620000.0,1721250.0,1721250.0,0
1999-08-23,1721250.0,1755000.0,1586250.0,1620000.0,1620000.0,0
1999-08-24,1636875.0,1721250.0,1586250.0,1721250.0,1721250.0,0
1999-08-25,1721250.0,1755000.0,1586250.0,1620000.0,1620000.0,0
1999-08-26,1620000.0,1687500.0,1620000.0,1620000.0,1620000.0,0
1999-08-27,1653750.0,1653750.0,1552500.0,1620000.0,1620000.0,0
1999-08-30,1653750.0,1653750.0,1620000.0,1620000.0,1620000.0,0
1999-08-31,1653750.0,1721250.0,1620000.0,1620000.0,1620000.0,0
1999-09-01,1586250.0,1586250.0,1586250.0,1586250.0,1586250.0,0
1999-09-02,1620000.0,1620000.0,1586250.0,1586250.0,1586250.0,0
1999-09-03,1586250.0,1653750.0,1586250.0,1620000.0,1620000.0,0
1999-09-07,1653750.0,1653750.0,1485000.0,1653750.0,1653750.0,0
1999-09-08,1687500.0,1890000.0,1552500.0,1890000.0,1890000.0,0
1999-09-09,1957500.0,2632500.0,1940625.0,2565000.0,2565000.0,0
1999-09-10,2700000.0,3105000.0,2632500.0,3037500.0,3037500.0,0
1999-09-13,3442500.0,3780000.0,2362500.0,2362500.0,2362500.0,0
1999-09-14,2497500.0,2497500.0,2227500.0,2227500.0,2227500.0,0
1999-09-15,2160000.0,2295000.0,1822500.0,2160000.0,2160000.0,0
1999-09-16,2025000.0,2227500.0,2025000.0,2227500.0,2227500.0,0
1999-09-17,2295000.0,2531250.0,2227500.0,2430000.0,2430000.0,0
1999-09-20,2531250.0,2632500.0,2430000.0,2598750.0,2598750.0,0
1999-09-21,2632500.0,2733750.0,2565000.0,2733750.0,2733750.0,0
1999-09-22,2733750.0,2733750.0,2565000.0,2700000.0,2700000.0,0
1999-09-23,2700000.0,2835000.0,2700000.0,2835000.0,2835000.0,0
1999-09-24,2767500.0,2767500.0,2632500.0,2632500.0,2632500.0,0
1999-09-27,2835000.0,2970000.0,2767500.0,2970000.0,2970000.0,0
1999-09-28,3071250.0,3172500.0,2970000.0,2970000.0,2970000.0,0
1999-09-29,3105000.0,3307500.0,3037500.0,3307500.0,3307500.0,0
1999-09-30,3307500.0,3375000.0,3172500.0,3240000.0,3240000.0,0
1999-10-01,3307500.0,3307500.0,3105000.0,3240000.0,3240000.0,0
1999-10-04,3273750.0,3307500.0,3172500.0,3307500.0,3307500.0,0
1999-10-05,3375000.0,3645000.0,3307500.0,3645000.0,3645000.0,0
1999-10-06,3645000.0,3712500.0,3577500.0,3712500.0,3712500.0,0
1999-10-07,3780000.0,3780000.0,3442500.0,3712500.0,3712500.0,0
1999-10-08,3780000.0,3780000.0,3577500.0,3645000.0,3645000.0,0
1999-10-11,3510000.0,3813750.0,3510000.0,3780000.0,3780000.0,0
1999-10-12,3746250.0,3813750.0,3645000.0,3746250.0,3746250.0,0
1999-10-13,3645000.0,3780000.0,3577500.0,3780000.0,3780000.0,0
1999-10-14,3780000.0,3780000.0,3577500.0,3577500.0,3577500.0,0
1999-10-15,3712500.0,3712500.0,3577500.0,3645000.0,3645000.0,0
1999-10-18,3712500.0,3712500.0,3577500.0,3678750.0,3678750.0,0
1999-10-19,3678750.0,3678750.0,3577500.0,3577500.0,3577500.0,0
1999-10-20,3577500.0,4792500.0,3577500.0,4725000.0,4725000.0,0
1999-10-21,4590000.0,4860000.0,4117500.0,4725000.0,4725000.0,0
1999-10-22,4657500.0,4657500.0,4185000.0,4387500.0,4387500.0,0
1999-10-25,4387500.0,4387500.0,4117500.0,4387500.0,4387500.0,0
1999-10-26,4387500.0,4387500.0,4185000.0,4320000.0,4320000.0,0
1999-10-27,4252500.0,4387500.0,4252500.0,4286250.0,4286250.0,0
1999-10-28,4286250.0,4320000.0,3982500.0,3982500.0,3982500.0,0
1999-10-29,3915000.0,4252500.0,3915000.0,4050000.0,4050000.0,0
1999-11-01,4185000.0,4320000.0,4117500.0,4185000.0,4185000.0,0
1999-11-02,4117500.0,4218750.0,3915000.0,4218750.0,4218750.0,0
1999-11-03,4218750.0,4218750.0,3915000.0,3915000.0,3915000.0,0
1999-11-04,3847500.0,4050000.0,3577500.0,3763125.0,3763125.0,0
1999-11-05,3847500.0,3847500.0,3645000.0,3712500.0,3712500.0,0
1999-11-08,3712500.0,3915000.0,3712500.0,3847500.0,3847500.0,0
1999-11-09,3780000.0,3982500.0,3780000.0,3915000.0,3915000.0,0
1999-11-10,3847500.0,3915000.0,3780000.0,3780000.0,3780000.0,0
1999-11-11,3915000.0,4050000.0,3780000.0,4050000.0,4050000.0,0
1999-11-12,4050000.0,4320000.0,3915000.0,4185000.0,4185000.0,0
1999-11-15,4185000.0,4455000.0,3915000.0,3915000.0,3915000.0,0
1999-11-16,4050000.0,4320000.0,4050000.0,4050000.0,4050000.0,0
1999-11-17,4252500.0,4387500.0,4050000.0,4050000.0,4050000.0,0
1999-11-18,3982500.0,4252500.0,3780000.0,3915000.0,3915000.0,0
1999-11-19,4185000.0,4320000.0,3982500.0,4286250.0,4286250.0,0
1999-11-22,4185000.0,4657500.0,4117500.0,4657500.0,4657500.0,0
1999-11-23,4758750.0,5130000.0,4590000.0,4860000.0,4860000.0,0
1999-11-24,4725000.0,4860000.0,4590000.0,4725000.0,4725000.0,0
1999-11-26,4860000.0,4860000.0,4860000.0,4860000.0,4860000.0,0
1999-11-29,4725000.0,4725000.0,4488750.0,4556250.0,4556250.0,0
1999-11-30,4455000.0,4590000.0,4320000.0,4387500.0,4387500.0,0
1999-12-01,4590000.0,4860000.0,4522500.0,4691250.0,4691250.0,0
1999-12-02,4691250.0,4691250.0,4590000.0,4691250.0,4691250.0,0
1999-12-03,4691250.0,4691250.0,4387500.0,4657500.0,4657500.0,0
1999-12-06,4387500.0,4691250.0,4252500.0,4421250.0,4421250.0,0
1999-12-07,4421250.0,4455000.0,4286250.0,4421250.0,4421250.0,0
1999-12-08,4421250.0,4421250.0,4286250.0,4387500.0,4387500.0,0
1999-12-09,4320000.0,4488750.0,4286250.0,4488750.0,4488750.0,0
1999-12-10,4455000.0,4556250.0,4286250.0,4387500.0,4387500.0,0
1999-12-13,4286250.0,4826250.0,4286250.0,4522500.0,4522500.0,0
1999-12-14,4792500.0,4995000.0,4455000.0,4860000.0,4860000.0,0
1999-12-15,4995000.0,4995000.0,4657500.0,4725000.0,4725000.0,0
1999-12-16,4725000.0,4860000.0,4522500.0,4522500.0,4522500.0,0
1999-12-17,4657500.0,4860000.0,4657500.0,4792500.0,4792500.0,0
1999-12-20,4792500.0,4792500.0,4320000.0,4387500.0,4387500.0,0
1999-12-21,4387500.0,4556250.0,4387500.0,4387500.0,4387500.0,0
1999-12-22,4556250.0,4725000.0,4387500.0,4387500.0,4387500.0,0
1999-12-23,4387500.0,4455000.0,4320000.0,4320000.0,4320000.0,0
1999-12-27,4725000.0,4725000.0,4320000.0,4320000.0,4320000.0,0
1999-12-28,4320000.0,4488750.0,4286250.0,4286250.0,4286250.0,0
1999-12-29,4286250.0,4522500.0,4286250.0,4522500.0,4522500.0,0
1999-12-30,4252500.0,4522500.0,4252500.0,4320000.0,4320000.0,0
1999-12-31,4252500.0,4455000.0,4252500.0,4455000.0,4455000.0,0
2000-01-03,4455000.0,4522500.0,4320000.0,4320000.0,4320000.0,0
2000-01-04,4320000.0,4455000.0,4252500.0,4252500.0,4252500.0,0
2000-01-05,4252500.0,4387500.0,4252500.0,4320000.0,4320000.0,0
2000-01-06,4252500.0,4387500.0,4252500.0,4252500.0,4252500.0,0
2000-01-07,4320000.0,4320000.0,4252500.0,4320000.0,4320000.0,0
2000-01-10,4320000.0,4387500.0,4252500.0,4320000.0,4320000.0,0
2000-01-11,4387500.0,4387500.0,3780000.0,3982500.0,3982500.0,0
2000-01-12,4050000.0,4185000.0,3712500.0,4185000.0,4185000.0,0
2000-01-13,4117500.0,4927500.0,4050000.0,4860000.0,4860000.0,0
2000-01-14,4826250.0,4860000.0,4252500.0,4455000.0,4455000.0,0
2000-01-18,4455000.0,4725000.0,4320000.0,4320000.0,4320000.0,0
2000-01-19,4590000.0,4860000.0,4522500.0,4792500.0,4792500.0,0
2000-01-20,4792500.0,4860000.0,4657500.0,4657500.0,4657500.0,0
2000-01-21,4860000.0,5400000.0,4826250.0,5400000.0,5400000.0,0
2000-01-24,5670000.0,6615000.0,5467500.0,6210000.0,6210000.0,0
2000-01-25,6277500.0,6547500.0,6142500.0,6345000.0,6345000.0,0
2000-01-26,6480000.0,6480000.0,6142500.0,6277500.0,6277500.0,0
2000-01-27,6345000.0,6345000.0,6041250.0,6142500.0,6142500.0,0
2000-01-28,6210000.0,6311250.0,6075000.0,6142500.0,6142500.0,0
2000-01-31,5940000.0,6480000.0,5940000.0,6446250.0,6446250.0,0
2000-02-01,6480000.0,6480000.0,6210000.0,6480000.0,6480000.0,0
2000-02-02,6412500.0,6480000.0,5670000.0,5872500.0,5872500.0,0
2000-02-03,5940000.0,6075000.0,5805000.0,5940000.0,5940000.0,0
2000-02-04,5940000.0,5940000.0,5872500.0,5940000.0,5940000.0,0
2000-02-07,5940000.0,6345000.0,5872500.0,6345000.0,6345000.0,0
2000-02-08,6480000.0,6885000.0,6345000.0,6750000.0,6750000.0,0
2000-02-09,6885000.0,8640000.0,6885000.0,8235000.0,8235000.0,0
2000-02-10,8167500.0,8775000.0,7830000.0,8707500.0,8707500.0,0
2000-02-11,8673750.0,10260000.0,8437500.0,9787500.0,9787500.0,0
2000-02-14,10462500.0,10462500.0,8640000.0,8640000.0,8640000.0,0
2000-02-15,8910000.0,9720000.0,8100000.0,9720000.0,9720000.0,1
2000-02-16,10395000.0,10462500.0,9720000.0,10260000.0,10260000.0,0
2000-02-17,10462500.0,14107500.0,10395000.0,13770000.0,13770000.0,1
2000-02-18,14647500.0,16470000.0,14512500.0,16200000.0,16200000.0,1
2000-02-22,16470000.0,17280000.0,12420000.0,13027500.0,13027500.0,0
2000-02-23,12993750.0,12993750.0,9450000.0,11745000.0,11745000.0,0
2000-02-24,11812500.0,14985000.0,11812500.0,14985000.0,14985000.0,0
2000-02-25,15457500.0,15525000.0,13500000.0,14715000.0,14715000.0,0
2000-02-28,15120000.0,15255000.0,14040000.0,14040000.0,14040000.0,0
2000-02-29,14107500.0,14850000.0,13500000.0,14850000.0,14850000.0,0
2000-03-01,15120000.0,16098750.0,15120000.0,16098750.0,16098750.0,0
2000-03-02,16200000.0,20520000.0,16166250.0,19710000.0,19710000.0,1
2000-03-03,21600000.0,24165000.0,21465000.0,24030000.0,24030000.0,1
2000-03-06,25380000.0,25380000.0,22747500.0,22815000.0,22815000.0,0
2000-03-07,24165000.0,24435000.0,20385000.0,20520000.0,20520000.0,0
2000-03-08,20925000.0,21060000.0,16267500.0,19170000.0,19170000.0,1
2000-03-09,19170000.0,19305000.0,17820000.0,18360000.0,18360000.0,0
2000-03-10,17955000.0,19980000.0,17685000.0,19642500.0,19642500.0,0
2000-03-13,19845000.0,19980000.0,18360000.0,18360000.0,18360000.0,0
2000-03-14,18630000.0,19102500.0,16200000.0,16740000.0,16740000.0,0
2000-03-15,17550000.0,17820000.0,15120000.0,15120000.0,15120000.0,0
2000-03-16,15187500.0,16200000.0,14850000.0,15052500.0,15052500.0,0
2000-03-17,14985000.0,16200000.0,14985000.0,15997500.0,15997500.0,0
2000-03-20,16200000.0,16402500.0,15795000.0,16200000.0,16200000.0,0
2000-03-21,16233750.0,16740000.0,15660000.0,16200000.0,16200000.0,0
2000-03-22,16132500.0,16740000.0,15525000.0,16470000.0,16470000.0,0
2000-03-23,16200000.0,17010000.0,15120000.0,15120000.0,15120000.0,0
2000-03-24,16200000.0,16942500.0,15120000.0,16402500.0,16402500.0,0
2000-03-27,17010000.0,17010000.0,16402500.0,16605000.0,16605000.0,0
2000-03-28,16335000.0,16537500.0,15930000.0,16200000.0,16200000.0,0
2000-03-29,16065000.0,16200000.0,15120000.0,15120000.0,15120000.0,0
2000-03-30,15120000.0,15592500.0,14985000.0,15255000.0,15255000.0,0
2000-03-31,15592500.0,17145000.0,15592500.0,17145000.0,17145000.0,0
2000-04-03,17145000.0,17415000.0,16065000.0,16065000.0,16065000.0,0
2000-04-04,15930000.0,16065000.0,12960000.0,14310000.0,14310000.0,0
2000-04-05,14175000.0,14175000.0,12960000.0,14040000.0,14040000.0,0
2000-04-06,14040000.0,14580000.0,13500000.0,14040000.0,14040000.0,0
2000-04-07,14040000.0,14985000.0,13770000.0,14310000.0,14310000.0,0
2000-04-10,14715000.0,14715000.0,13972500.0,14175000.0,14175000.0,0
2000-04-11,14310000.0,14445000.0,13905000.0,13905000.0,13905000.0,0
2000-04-12,14040000.0,14175000.0,11340000.0,11745000.0,11745000.0,0
2000-04-13,11610000.0,11610000.0,9720000.0,10260000.0,10260000.0,0
2000-04-14,10260000.0,10260000.0,8505000.0,8572500.0,8572500.0,0
2000-04-17,8505000.0,9720000.0,7695000.0,9720000.0,9720000.0,0
2000-04-18,9990000.0,13230000.0,9990000.0,11340000.0,11340000.0,0
2000-04-19,11610000.0,12150000.0,10800000.0,11407500.0,11407500.0,0
2000-04-20,11475000.0,11475000.0,10530000.0,10800000.0,10800000.0,0
2000-04-24,10867500.0,13770000.0,10395000.0,12960000.0,12960000.0,0
2000-04-25,12690000.0,13500000.0,12690000.0,13027500.0,13027500.0,0
2000-04-26,13230000.0,13500000.0,12285000.0,12757500.0,12757500.0,0
2000-04-27,12757500.0,12757500.0,11812500.0,12082500.0,12082500.0,0
2000-04-28,11880000.0,14107500.0,11880000.0,14040000.0,14040000.0,0
2000-05-01,14445000.0,16605000.0,14310000.0,16200000.0,16200000.0,0
2000-05-02,17347500.0,17752500.0,14985000.0,15592500.0,15592500.0,0
2000-05-03,15660000.0,15660000.0,13365000.0,15255000.0,15255000.0,0
2000-05-04,15525000.0,15795000.0,14445000.0,14985000.0,14985000.0,0
2000-05-05,15120000.0,15390000.0,14782500.0,14850000.0,14850000.0,0
2000-05-08,15255000.0,15322500.0,13567500.0,14310000.0,14310000.0,0
2000-05-09,14040000.0,14040000.0,12892500.0,13162500.0,13162500.0,0
2000-05-10,12690000.0,12960000.0,10260000.0,12285000.0,12285000.0,0
2000-05-11,12420000.0,12555000.0,11880000.0,12555000.0,12555000.0,0
2000-05-12,12420000.0,12825000.0,11610000.0,12082500.0,12082500.0,0
2000-05-15,12048750.0,12420000.0,10665000.0,11880000.0,11880000.0,0
2000-05-16,11610000.0,12420000.0,11070000.0,11745000.0,11745000.0,0
2000-05-17,11610000.0,11610000.0,10260000.0,10935000.0,10935000.0,0
2000-05-18,10800000.0,11070000.0,10665000.0,10732500.0,10732500.0,0
2000-05-19,10665000.0,10800000.0,9990000.0,10057500.0,10057500.0,0
2000-05-22,10125000.0,10125000.0,8235000.0,8707500.0,8707500.0,0
2000-05-23,9112500.0,9112500.0,8235000.0,8505000.0,8505000.0,0
2000-05-24,8775000.0,8775000.0,6480000.0,7020000.0,7020000.0,0
2000-05-25,7796250.0,8100000.0,6952500.0,7155000.0,7155000.0,0
2000-05-26,7560000.0,8235000.0,7425000.0,7897500.0,7897500.0,0
2000-05-30,8235000.0,9315000.0,8235000.0,9247500.0,9247500.0,0
2000-05-31,9112500.0,9720000.0,8640000.0,8977500.0,8977500.0,0
2000-06-01,9180000.0,9315000.0,8640000.0,8707500.0,8707500.0,0
2000-06-02,8707500.0,9652500.0,8235000.0,9180000.0,9180000.0,0
2000-06-05,9720000.0,10260000.0,8640000.0,9180000.0,9180000.0,0
2000-06-06,10462500.0,10800000.0,9585000.0,10597500.0,10597500.0,0
2000-06-07,10732500.0,11002500.0,10192500.0,10462500.0,10462500.0,0
2000-06-08,10631250.0,10935000.0,10260000.0,10260000.0,10260000.0,0
2000-06-09,10192500.0,10462500.0,9450000.0,10192500.0,10192500.0,0
2000-06-12,9990000.0,10260000.0,9180000.0,9382500.0,9382500.0,0
2000-06-13,9045000.0,10125000.0,8910000.0,10125000.0,10125000.0,0
2000-06-14,9956250.0,10260000.0,9787500.0,9990000.0,9990000.0,0
2000-06-15,9720000.0,9990000.0,8842500.0,9112500.0,9112500.0,0
2000-06-16,9315000.0,10057500.0,8775000.0,10057500.0,10057500.0,1
2000-06-19,10158750.0,10530000.0,8910000.0,9652500.0,9652500.0,0
2000-06-20,9720000.0,9720000.0,8707500.0,9045000.0,9045000.0,0
2000-06-21,8741250.0,8910000.0,8370000.0,8775000.0,8775000.0,0
2000-06-22,8910000.0,8910000.0,8167500.0,8505000.0,8505000.0,0
2000-06-23,8167500.0,8572500.0,7965000.0,8235000.0,8235000.0,0
2000-06-26,8437500.0,9180000.0,7965000.0,9180000.0,9180000.0,0
2000-06-27,8977500.0,9855000.0,8707500.0,9720000.0,9720000.0,0
2000-06-28,9922500.0,9990000.0,9517500.0,9720000.0,9720000.0,0
2000-06-29,10091250.0,10108125.0,9180000.0,9720000.0,9720000.0,0
2000-06-30,9382500.0,10260000.0,9382500.0,10260000.0,10260000.0,0
2000-07-03,10260000.0,10260000.0,9990000.0,10260000.0,10260000.0,0
2000-07-05,10125000.0,10260000.0,9180000.0,9922500.0,9922500.0,0
2000-07-06,9922500.0,9990000.0,9382500.0,9922500.0,9922500.0,0
2000-07-07,10057500.0,10260000.0,9753750.0,10260000.0,10260000.0,0
2000-07-10,10260000.0,10732500.0,9720000.0,10665000.0,10665000.0,0
2000-07-11,9450000.0,10597500.0,9450000.0,10192500.0,10192500.0,0
2000-07-12,10462500.0,11880000.0,9922500.0,11070000.0,11070000.0,0
2000-07-13,11475000.0,11880000.0,10935000.0,11070000.0,11070000.0,0
2000-07-14,11070000.0,11745000.0,10935000.0,11475000.0,11475000.0,0
2000-07-17,11340000.0,11880000.0,11205000.0,11272500.0,11272500.0,0
2000-07-18,10935000.0,11340000.0,10732500.0,11340000.0,11340000.0,0
2000-07-19,11340000.0,11610000.0,11070000.0,11205000.0,11205000.0,0
2000-07-20,11070000.0,11475000.0,10800000.0,11407500.0,11407500.0,0
2000-07-21,11407500.0,11407500.0,10395000.0,10867500.0,10867500.0,0
2000-07-24,10800000.0,10800000.0,10260000.0,10260000.0,10260000.0,0
2000-07-25,10260000.0,10665000.0,10260000.0,10260000.0,10260000.0,0
2000-07-26,10530000.0,10732500.0,9450000.0,10327500.0,10327500.0,0
2000-07-27,10530000.0,10800000.0,9990000.0,10260000.0,10260000.0,0
2000-07-28,9888750.0,10260000.0,9585000.0,9922500.0,9922500.0,0
2000-07-31,9990000.0,10192500.0,9180000.0,10141875.0,10141875.0,0
2000-08-01,10192500.0,10462500.0,9585000.0,10395000.0,10395000.0,0
2000-08-02,10361250.0,11812500.0,10361250.0,11610000.0,11610000.0,0
2000-08-03,11070000.0,11812500.0,10867500.0,11610000.0,11610000.0,0
2000-08-04,11542500.0,11677500.0,11070000.0,11407500.0,11407500.0,0
2000-08-07,11610000.0,11812500.0,11340000.0,11812500.0,11812500.0,0
2000-08-08,11745000.0,12352500.0,11745000.0,12015000.0,12015000.0,0
2000-08-09,12420000.0,12420000.0,11880000.0,12285000.0,12285000.0,0
2000-08-10,12082500.0,12420000.0,11880000.0,12420000.0,12420000.0,0
2000-08-11,12352500.0,12825000.0,12352500.0,12825000.0,12825000.0,0
2000-08-14,12791250.0,13432500.0,12757500.0,13432500.0,13432500.0,0
2000-08-15,13331250.0,14040000.0,13230000.0,13972500.0,13972500.0,0
2000-08-16,14006250.0,15795000.0,13905000.0,15660000.0,15660000.0,0
2000-08-17,15626250.0,16065000.0,14715000.0,15390000.0,15390000.0,0
2000-08-18,15120000.0,15390000.0,14715000.0,15120000.0,15120000.0,0
2000-08-21,14985000.0,15120000.0,14850000.0,15120000.0,15120000.0,0
2000-08-22,14951250.0,14985000.0,14715000.0,14917500.0,14917500.0,0
2000-08-23,14985000.0,14985000.0,14040000.0,14310000.0,14310000.0,0
2000-08-24,14580000.0,15660000.0,14175000.0,15120000.0,15120000.0,0
2000-08-25,15120000.0,15660000.0,15120000.0,15592500.0,15592500.0,0
2000-08-28,15828750.0,15862500.0,14445000.0,14445000.0,14445000.0,0
2000-08-29,14023125.0,14175000.0,12285000.0,12892500.0,12892500.0,0
2000-08-30,13061250.0,14040000.0,12487500.0,14040000.0,14040000.0,0
2000-08-31,13972500.0,16335000.0,13972500.0,15997500.0,15997500.0,1
2000-09-01,15963750.0,15997500.0,14580000.0,15457500.0,15457500.0,0
2000-09-05,15525000.0,15525000.0,14850000.0,15187500.0,15187500.0,0
2000-09-06,14985000.0,15390000.0,14715000.0,14850000.0,14850000.0,0
2000-09-07,14985000.0,15660000.0,14850000.0,15255000.0,15255000.0,0
2000-09-08,15255000.0,16065000.0,15120000.0,15930000.0,15930000.0,0
2000-09-11,15930000.0,16740000.0,15862500.0,16605000.0,16605000.0,0
2000-09-12,16537500.0,18225000.0,16335000.0,17280000.0,17280000.0,1
2000-09-13,17448750.0,17482500.0,16875000.0,17010000.0,17010000.0,0
2000-09-14,17347500.0,17415000.0,16537500.0,17145000.0,17145000.0,0
2000-09-15,17060624.0,17145000.0,15862500.0,17077500.0,17077500.0,0
2000-09-18,16875000.0,17010000.0,15390000.0,15525000.0,15525000.0,0
2000-09-19,15997500.0,16605000.0,15660000.0,16605000.0,16605000.0,0
2000-09-20,16706250.0,17820000.0,16132500.0,17685000.0,17685000.0,0
2000-09-21,17583750.0,17685000.0,16740000.0,17415000.0,17415000.0,0
2000-09-22,16875000.0,20385000.0,16807500.0,20250000.0,20250000.0,1
2000-09-25,20452500.0,21397500.0,20385000.0,20790000.0,20790000.0,1
2000-09-26,20553750.0,21600000.0,19710000.0,20857500.0,20857500.0,0
2000-09-27,20182500.0,20587500.0,19912500.0,20115000.0,20115000.0,0
2000-09-28,19845000.0,21060000.0,19170000.0,20925000.0,20925000.0,0
2000-09-29,20891250.0,21600000.0,19980000.0,21195000.0,21195000.0,0
2000-10-02,21363750.0,21397500.0,19440000.0,19440000.0,19440000.0,0
2000-10-03,19406250.0,20452500.0,19170000.0,19440000.0,19440000.0,0
2000-10-04,19440000.0,20452500.0,18765000.0,20115000.0,20115000.0,0
2000-10-05,19963124.0,22275000.0,19710000.0,21195000.0,21195000.0,1
2000-10-06,21195000.0,21330000.0,20385000.0,20587500.0,20587500.0,0
2000-10-09,20452500.0,20790000.0,19440000.0,19980000.0,19980000.0,0
2000-10-10,19794376.0,20520000.0,19710000.0,19777500.0,19777500.0,0
2000-10-11,19440000.0,19676250.0,17685000.0,18090000.0,18090000.0,0
2000-10-12,18697500.0,18697500.0,16200000.0,16335000.0,16335000.0,0
2000-10-13,16200000.0,17685000.0,14850000.0,17550000.0,17550000.0,0
2000-10-16,17668124.0,18900000.0,17415000.0,18900000.0,18900000.0,0
2000-10-17,17955000.0,18900000.0,16470000.0,17685000.0,17685000.0,0
2000-10-18,17212500.0,17955000.0,16740000.0,17685000.0,17685000.0,0
2000-10-19,17938124.0,18360000.0,17617500.0,18292500.0,18292500.0,0
2000-10-20,18343124.0,18495000.0,17685000.0,18360000.0,18360000.0,0
2000-10-23,17820000.0,18900000.0,17820000.0,18630000.0,18630000.0,0
2000-10-24,18427500.0,18630000.0,17887500.0,18292500.0,18292500.0,0
2000-10-25,18090000.0,18292500.0,16470000.0,16537500.0,16537500.0,0
2000-10-26,16233750.0,18900000.0,15930000.0,18765000.0,18765000.0,0
2000-10-27,18562500.0,18765000.0,17280000.0,18360000.0,18360000.0,0
2000-10-30,18360000.0,18360000.0,16740000.0,17280000.0,17280000.0,0
2000-10-31,17280000.0,17955000.0,16875000.0,17955000.0,17955000.0,0
2000-11-01,17094376.0,17820000.0,17010000.0,17820000.0,17820000.0,0
2000-11-02,17938124.0,18630000.0,17212500.0,18630000.0,18630000.0,0
2000-11-03,18663750.0,18697500.0,18090000.0,18630000.0,18630000.0,0
2000-11-06,18427500.0,18630000.0,16470000.0,17550000.0,17550000.0,0
2000-11-07,17296876.0,17550000.0,17145000.0,17347500.0,17347500.0,0
2000-11-08,17094376.0,17550000.0,16672500.0,17280000.0,17280000.0,0
2000-11-09,17280000.0,17280000.0,15660000.0,16402500.0,16402500.0,0
2000-11-10,16537500.0,16537500.0,15660000.0,15727500.0,15727500.0,0
2000-11-13,15592500.0,15592500.0,14040000.0,14512500.0,14512500.0,0
2000-11-14,14731875.0,15525000.0,14310000.0,15525000.0,15525000.0,0
2000-11-15,15255000.0,15592500.0,15120000.0,15525000.0,15525000.0,0
2000-11-16,15390000.0,15660000.0,15255000.0,15390000.0,15390000.0,0
2000-11-17,15423750.0,15457500.0,14580000.0,14850000.0,14850000.0,0
2000-11-20,14596875.0,14647500.0,12757500.0,13297500.0,13297500.0,0
2000-11-21,13432500.0,13500000.0,9045000.0,9450000.0,9450000.0,0
2000-11-22,8640000.0,10732500.0,8640000.0,9720000.0,9720000.0,1
2000-11-24,9888750.0,10496250.0,9652500.0,10462500.0,10462500.0,0
2000-11-27,10935000.0,11542500.0,10428750.0,10496250.0,10496250.0,0
2000-11-28,10614375.0,10800000.0,9652500.0,9855000.0,9855000.0,0
2000-11-29,10243125.0,11205000.0,10192500.0,10935000.0,10935000.0,0
2000-11-30,10800000.0,10867500.0,10057500.0,10192500.0,10192500.0,0
2000-12-01,10310625.0,10327500.0,9180000.0,9686250.0,9686250.0,0
2000-12-04,9838125.0,9990000.0,9450000.0,9450000.0,9450000.0,0
2000-12-05,9652500.0,10800000.0,9450000.0,10800000.0,10800000.0,0
2000-12-06,10783125.0,11205000.0,10260000.0,10530000.0,10530000.0,0
2000-12-07,10445625.0,10530000.0,9990000.0,10125000.0,10125000.0,0
2000-12-08,10243125.0,10327500.0,9855000.0,10125000.0,10125000.0,0
2000-12-11,10074375.0,10395000.0,9855000.0,10057500.0,10057500.0,0
2000-12-12,9871875.0,10057500.0,9855000.0,10057500.0,10057500.0,0
2000-12-13,10108125.0,10260000.0,9720000.0,9990000.0,9990000.0,0
2000-12-14,10074375.0,10091250.0,9180000.0,9348750.0,9348750.0,0
2000-12-15,9112500.0,9112500.0,8640000.0,8707500.0,8707500.0,0
2000-12-18,9045000.0,9315000.0,8370000.0,8370000.0,8370000.0,0
2000-12-19,8842500.0,9045000.0,8100000.0,8505000.0,8505000.0,0
2000-12-20,8505000.0,8505000.0,7020000.0,7290000.0,7290000.0,0
2000-12-21,7560000.0,7695000.0,5906250.0,6547500.0,6547500.0,0
2000-12-22,6480000.0,7020000.0,6480000.0,6547500.0,6547500.0,0
2000-12-26,6682500.0,6750000.0,5400000.0,5433750.0,5433750.0,0
2000-12-27,5737500.0,5872500.0,4050000.0,5332500.0,5332500.0,1
2000-12-28,5805000.0,9180000.0,5467500.0,9180000.0,9180000.0,0
2000-12-29,9180000.0,10260000.0,7762500.0,8640000.0,8640000.0,0
2001-01-02,9450000.0,9855000.0,8538750.0,8538750.0,8538750.0,0
2001-01-03,8471250.0,8505000.0,7222500.0,8505000.0,8505000.0,0
2001-01-04,8471250.0,8471250.0,8100000.0,8302500.0,8302500.0,0
2001-01-05,8116875.0,8268750.0,7155000.0,7830000.0,7830000.0,0
2001-01-08,7830000.0,8167500.0,7155000.0,7357500.0,7357500.0,0
2001-01-09,7222500.0,7830000.0,6885000.0,7627500.0,7627500.0,0
2001-01-10,7357500.0,7762500.0,7357500.0,7695000.0,7695000.0,0
2001-01-11,7627500.0,7762500.0,7492500.0,7695000.0,7695000.0,0
2001-01-12,7695000.0,7796250.0,7425000.0,7695000.0,7695000.0,0
2001-01-16,7560000.0,8370000.0,7290000.0,8370000.0,8370000.0,0
2001-01-17,8707500.0,9787500.0,8707500.0,9247500.0,9247500.0,0
2001-01-18,9382500.0,10125000.0,9180000.0,9450000.0,9450000.0,0
2001-01-19,9855000.0,9855000.0,8910000.0,9585000.0,9585000.0,0
2001-01-22,9247500.0,9720000.0,9045000.0,9652500.0,9652500.0,0
2001-01-23,9686250.0,9686250.0,9112500.0,9112500.0,9112500.0,0
2001-01-24,9990000.0,10530000.0,8910000.0,9517500.0,9517500.0,0
2001-01-25,9652500.0,10530000.0,9652500.0,10327500.0,10327500.0,0
2001-01-26,10260000.0,10260000.0,9247500.0,9720000.0,9720000.0,0
2001-01-29,9990000.0,9990000.0,9281250.0,9990000.0,9990000.0,0
2001-01-30,9669375.0,11340000.0,9669375.0,11205000.0,11205000.0,0
2001-01-31,11205000.0,11475000.0,10800000.0,11137500.0,11137500.0,0
2001-02-01,10918125.0,11070000.0,10698750.0,10698750.0,10698750.0,0
2001-02-02,11272500.0,11407500.0,10260000.0,10327500.0,10327500.0,0
2001-02-05,10597500.0,10783125.0,9787500.0,9990000.0,9990000.0,0
2001-02-06,9770625.0,9990000.0,8977500.0,9315000.0,9315000.0,0
2001-02-07,9180000.0,9180000.0,8640000.0,9112500.0,9112500.0,0
2001-02-08,8910000.0,9180000.0,8910000.0,8910000.0,8910000.0,0
2001-02-09,8994375.0,9045000.0,8032500.0,8370000.0,8370000.0,0
2001-02-12,7914375.0,9045000.0,7914375.0,9011250.0,9011250.0,0
2001-02-13,9028125.0,9990000.0,9028125.0,9450000.0,9450000.0,0
2001-02-14,9450000.0,9450000.0,8910000.0,9382500.0,9382500.0,0
2001-02-15,9146250.0,9247500.0,8640000.0,8707500.0,8707500.0,0
2001-02-16,9045000.0,9045000.0,8370000.0,8640000.0,8640000.0,0
2001-02-20,8623125.0,8640000.0,8100000.0,8437500.0,8437500.0,0
2001-02-21,8370000.0,8505000.0,8370000.0,8437500.0,8437500.0,0
2001-02-22,8505000.0,8505000.0,7830000.0,7965000.0,7965000.0,0
2001-02-23,7965000.0,8100000.0,6446250.0,6480000.0,6480000.0,0
2001-02-26,7306875.0,8235000.0,6885000.0,8235000.0,8235000.0,0
2001-02-27,8268750.0,8370000.0,7830000.0,8066250.0,8066250.0,0
2001-02-28,7728750.0,7762500.0,6750000.0,7087500.0,7087500.0,0
2001-03-01,6598125.0,7290000.0,5940000.0,7290000.0,7290000.0,0
2001-03-02,6952500.0,7357500.0,6480000.0,7290000.0,7290000.0,0
2001-03-05,7087500.0,7425000.0,6480000.0,7425000.0,7425000.0,0
2001-03-06,7695000.0,7762500.0,7290000.0,7762500.0,7762500.0,0
2001-03-07,7560000.0,7560000.0,7357500.0,7425000.0,7425000.0,0
2001-03-08,7560000.0,7695000.0,6750000.0,6918750.0,6918750.0,0
2001-03-09,6783750.0,6783750.0,6210000.0,6412500.0,6412500.0,0
2001-03-12,6395625.0,6547500.0,5872500.0,5940000.0,5940000.0,0
2001-03-13,5940000.0,6210000.0,5265000.0,5940000.0,5940000.0,0
2001-03-14,5805000.0,5940000.0,5265000.0,5467500.0,5467500.0,0
2001-03-15,5872500.0,5872500.0,5332500.0,5501250.0,5501250.0,0
2001-03-16,5636250.0,5805000.0,5467500.0,5467500.0,5467500.0,0
2001-03-19,5535000.0,5535000.0,5130000.0,5332500.0,5332500.0,0
2001-03-20,5298750.0,5298750.0,4725000.0,4758750.0,4758750.0,0
2001-03-21,4978125.0,4995000.0,4320000.0,4320000.0,4320000.0,0
2001-03-22,4387500.0,4522500.0,4050000.0,4050000.0,4050000.0,0
2001-03-23,4218750.0,5231250.0,3780000.0,4590000.0,4590000.0,0
2001-03-26,4860000.0,4961250.0,4488750.0,4860000.0,4860000.0,0
2001-03-27,4860000.0,5805000.0,4657500.0,5535000.0,5535000.0,0
2001-03-28,4944375.0,5332500.0,4893750.0,4927500.0,4927500.0,0
2001-03-29,4893750.0,5467500.0,4758750.0,4927500.0,4927500.0,0
2001-03-30,4995000.0,5180625.0,4522500.0,4725000.0,4725000.0,0
2001-04-02,4725000.0,4860000.0,4522500.0,4590000.0,4590000.0,0
2001-04-03,4792500.0,4792500.0,4117500.0,4286250.0,4286250.0,0
2001-04-04,4370625.0,4590000.0,4286250.0,4488750.0,4488750.0,0
2001-04-05,4893750.0,4893750.0,4353750.0,4353750.0,4353750.0,0
2001-04-06,4556250.0,4590000.0,4455000.0,4455000.0,4455000.0,0
2001-04-09,4546800.0,4590000.0,4320000.0,4417200.0,4417200.0,0
2001-04-10,4525200.0,4536000.0,4363200.0,4438800.0,4438800.0,0
2001-04-11,4460400.0,4471200.0,4104000.0,4320000.0,4320000.0,0
2001-04-12,4233600.0,4438800.0,4222800.0,4438800.0,4438800.0,0
2001-04-16,4374000.0,4406400.0,4060800.0,4266000.0,4266000.0,0
2001-04-17,4212000.0,4438800.0,3996000.0,4374000.0,4374000.0,0
2001-04-18,4438800.0,4438800.0,4201200.0,4374000.0,4374000.0,0
2001-04-19,4104000.0,4374000.0,4071600.0,4320000.0,4320000.0,0
2001-04-20,4363200.0,4363200.0,4190400.0,4190400.0,4190400.0,0
2001-04-23,4309200.0,4320000.0,4093200.0,4233600.0,4233600.0,0
2001-04-24,4276800.0,4341600.0,4136400.0,4320000.0,4320000.0,0
2001-04-25,4298400.0,4320000.0,4050000.0,4158000.0,4158000.0,0
2001-04-26,4179600.0,4320000.0,4179600.0,4212000.0,4212000.0,0
2001-04-27,4266000.0,4320000.0,4266000.0,4266000.0,4266000.0,0
2001-04-30,4384800.0,4698000.0,4320000.0,4546800.0,4546800.0,0
2001-05-01,4687200.0,5616000.0,4546800.0,5454000.0,5454000.0,0
2001-05-02,5594400.0,5616000.0,5400000.0,5454000.0,5454000.0,0
2001-05-03,5778000.0,5983200.0,5605200.0,5972400.0,5972400.0,0
2001-05-04,6048000.0,7430400.0,5907600.0,6523200.0,6523200.0,0
2001-05-07,6534000.0,6814800.0,6480000.0,6501600.0,6501600.0,0
2001-05-08,6739200.0,6739200.0,6048000.0,6123600.0,6123600.0,0
2001-05-09,6069600.0,6123600.0,5508000.0,5832000.0,5832000.0,0
2001-05-10,5886000.0,5886000.0,5529600.0,5648400.0,5648400.0,0
2001-05-11,5529600.0,5940000.0,5400000.0,5940000.0,5940000.0,0
2001-05-14,5929200.0,6058800.0,5670000.0,6026400.0,6026400.0,0
2001-05-15,5983200.0,6102000.0,5778000.0,6069600.0,6069600.0,0
2001-05-16,5832000.0,6480000.0,5778000.0,6102000.0,6102000.0,0
2001-05-17,6372000.0,6523200.0,5961600.0,6490800.0,6490800.0,0
2001-05-18,6480000.0,6534000.0,6210000.0,6318000.0,6318000.0,0
2001-05-21,6188400.0,6458400.0,6102000.0,6264000.0,6264000.0,0
2001-05-22,6350400.0,6469200.0,6177600.0,6231600.0,6231600.0,0
2001-05-23,6220800.0,6220800.0,5940000.0,5994000.0,5994000.0,0
2001-05-24,5972400.0,6037200.0,5788800.0,5961600.0,5961600.0,0
2001-05-25,5788800.0,6048000.0,5788800.0,6048000.0,6048000.0,0
2001-05-29,6123600.0,6145200.0,5864400.0,5929200.0,5929200.0,0
2001-05-30,5929200.0,5940000.0,5594400.0,5724000.0,5724000.0,0
2001-05-31,5443200.0,5670000.0,5400000.0,5486400.0,5486400.0,0
2001-06-01,5551200.0,5734800.0,5335200.0,5616000.0,5616000.0,0
2001-06-04,6026400.0,6696000.0,5778000.0,6534000.0,6534000.0,0
2001-06-05,6750000.0,6804000.0,6264000.0,6480000.0,6480000.0,0
2001-06-06,6674400.0,6696000.0,6490800.0,6685200.0,6685200.0,0
2001-06-07,6750000.0,6750000.0,6534000.0,6588000.0,6588000.0,0
2001-06-08,6674400.0,6674400.0,6534000.0,6588000.0,6588000.0,0
2001-06-11,6728400.0,6728400.0,6555600.0,6674400.0,6674400.0,0
2001-06-12,6652800.0,6750000.0,6534000.0,6642000.0,6642000.0,0
2001-06-13,6696000.0,6696000.0,6555600.0,6566400.0,6566400.0,0
2001-06-14,6577200.0,6631200.0,6372000.0,6372000.0,6372000.0,0
2001-06-15,6415200.0,6642000.0,5940000.0,6577200.0,6577200.0,0
2001-06-18,6166800.0,6534000.0,6166800.0,6404400.0,6404400.0,0
2001-06-19,6393600.0,6393600.0,5896800.0,5961600.0,5961600.0,0
2001-06-20,5940000.0,5950800.0,5400000.0,5421600.0,5421600.0,0
2001-06-21,5562000.0,5562000.0,4536000.0,4935600.0,4935600.0,0
2001-06-22,4773600.0,4968000.0,4654800.0,4860000.0,4860000.0,0
2001-06-25,4946400.0,5173200.0,4719600.0,5140800.0,5140800.0,0
2001-06-26,5140800.0,5518800.0,5022000.0,5475600.0,5475600.0,0
2001-06-27,5475600.0,5475600.0,5292000.0,5400000.0,5400000.0,0
2001-06-28,5551200.0,5670000.0,4590000.0,4752000.0,4752000.0,0
2001-06-29,4860000.0,5032800.0,4654800.0,4665600.0,4665600.0,0
2001-07-02,4806000.0,5184000.0,4806000.0,5076000.0,5076000.0,0
2001-07-03,5043600.0,5475600.0,4989600.0,5421600.0,5421600.0,0
2001-07-05,5475600.0,5853600.0,5400000.0,5853600.0,5853600.0,0
2001-07-06,5929200.0,5929200.0,5151600.0,5616000.0,5616000.0,0
2001-07-09,5594400.0,5594400.0,5335200.0,5508000.0,5508000.0,0
2001-07-10,5551200.0,5551200.0,4644000.0,4762800.0,4762800.0,0
2001-07-11,4708800.0,4881600.0,4698000.0,4698000.0,4698000.0,0
2001-07-12,4968000.0,5130000.0,4752000.0,4806000.0,4806000.0,0
2001-07-13,4762800.0,5184000.0,4752000.0,5130000.0,5130000.0,0
2001-07-16,5173200.0,5313600.0,4654800.0,4806000.0,4806000.0,0
2001-07-17,4698000.0,5043600.0,4644000.0,4849200.0,4849200.0,0
2001-07-18,4860000.0,5119200.0,4482000.0,4482000.0,4482000.0,0
2001-07-19,4514400.0,5086800.0,4514400.0,4957200.0,4957200.0,0
2001-07-20,4708800.0,4795200.0,4590000.0,4752000.0,4752000.0,0
2001-07-23,4600800.0,4838400.0,4438800.0,4438800.0,4438800.0,0
2001-07-24,4438800.0,4514400.0,4438800.0,4449600.0,4449600.0,0
2001-07-25,4654800.0,4654800.0,4482000.0,4644000.0,4644000.0,0
2001-07-26,4514400.0,4557600.0,4514400.0,4557600.0,4557600.0,0
2001-07-27,4557600.0,4968000.0,4557600.0,4914000.0,4914000.0,0
2001-07-30,5076000.0,5130000.0,4514400.0,4752000.0,4752000.0,0
2001-07-31,4622400.0,4752000.0,4557600.0,4752000.0,4752000.0,0
2001-08-01,4741200.0,4773600.0,4536000.0,4536000.0,4536000.0,0
2001-08-02,4514400.0,4579200.0,4374000.0,4568400.0,4568400.0,0
2001-08-03,4406400.0,4838400.0,4406400.0,4438800.0,4438800.0,0
2001-08-06,4795200.0,4795200.0,4546800.0,4708800.0,4708800.0,0
2001-08-07,4849200.0,4892400.0,4600800.0,4860000.0,4860000.0,0
2001-08-08,4870800.0,5216400.0,4719600.0,4752000.0,4752000.0,0
2001-08-09,4611600.0,4611600.0,4438800.0,4590000.0,4590000.0,0
2001-08-10,4471200.0,4536000.0,4298400.0,4482000.0,4482000.0,0
2001-08-13,4320000.0,4374000.0,3499200.0,3499200.0,3499200.0,0
2001-08-14,3456000.0,3510000.0,2700000.0,3456000.0,3456000.0,0
2001-08-15,3639600.0,3715200.0,3045600.0,3056400.0,3056400.0,0
2001-08-16,3348000.0,3585600.0,3024000.0,3564000.0,3564000.0,0
2001-08-17,3564000.0,3888000.0,3510000.0,3834000.0,3834000.0,0
2001-08-20,3888000.0,3996000.0,3520800.0,3661200.0,3661200.0,0
2001-08-21,3823200.0,3823200.0,3412800.0,3456000.0,3456000.0,0
2001-08-22,4104000.0,4104000.0,3650400.0,3834000.0,3834000.0,0
2001-08-23,3596400.0,3726000.0,3542400.0,3726000.0,3726000.0,0
2001-08-24,3466800.0,3747600.0,3466800.0,3553200.0,3553200.0,0
2001-08-27,3736800.0,3736800.0,3510000.0,3607200.0,3607200.0,0
2001-08-28,3985200.0,4093200.0,3758400.0,3758400.0,3758400.0,0
2001-08-29,3985200.0,3985200.0,3564000.0,3564000.0,3564000.0,0
2001-08-30,3704400.0,3704400.0,3402000.0,3628800.0,3628800.0,0
2001-08-31,3618000.0,3639600.0,3434400.0,3607200.0,3607200.0,0
2001-09-04,3898800.0,4082400.0,3780000.0,3834000.0,3834000.0,0
2001-09-05,3888000.0,3888000.0,3510000.0,3726000.0,3726000.0,0
2001-09-06,3585600.0,4050000.0,3510000.0,3780000.0,3780000.0,0
2001-09-07,3672000.0,3672000.0,3402000.0,3456000.0,3456000.0,0
2001-09-10,3456000.0,3877200.0,3456000.0,3564000.0,3564000.0,0
2001-09-17,3294000.0,3585600.0,3240000.0,3434400.0,3434400.0,0
2001-09-18,3456000.0,3780000.0,1674000.0,2700000.0,2700000.0,0
2001-09-19,2754000.0,3412800.0,2754000.0,3261600.0,3261600.0,1
2001-09-20,3175200.0,3240000.0,2689200.0,3024000.0,3024000.0,0
2001-09-21,3002400.0,3002400.0,2440800.0,2667600.0,2667600.0,0
2001-09-24,2786400.0,2948400.0,2451600.0,2592000.0,2592000.0,0
2001-09-25,2494800.0,2700000.0,2160000.0,2430000.0,2430000.0,0
2001-09-26,2430000.0,2635200.0,2246400.0,2376000.0,2376000.0,0
2001-09-27,2635200.0,2635200.0,2376000.0,2430000.0,2430000.0,0
2001-09-28,2548800.0,2667600.0,2451600.0,2667600.0,2667600.0,0
2001-10-01,2570400.0,2700000.0,2322000.0,2484000.0,2484000.0,0
2001-10-02,2592000.0,2894400.0,2592000.0,2808000.0,2808000.0,0
2001-10-03,2775600.0,3013200.0,2646000.0,2948400.0,2948400.0,0
2001-10-04,3067200.0,3132000.0,2754000.0,3056400.0,3056400.0,0
2001-10-05,3056400.0,3240000.0,2732400.0,3218400.0,3218400.0,0
2001-10-08,2970000.0,3240000.0,2862000.0,3045600.0,3045600.0,0
2001-10-09,3229200.0,3391200.0,2991600.0,3358800.0,3358800.0,0
2001-10-10,3229200.0,3402000.0,3132000.0,3348000.0,3348000.0,0
2001-10-11,3358800.0,3510000.0,3348000.0,3510000.0,3510000.0,0
2001-10-12,3402000.0,3412800.0,3132000.0,3412800.0,3412800.0,0
2001-10-15,3250800.0,3380400.0,3078000.0,3186000.0,3186000.0,0
2001-10-16,3229200.0,3240000.0,3078000.0,3229200.0,3229200.0,0
2001-10-17,3240000.0,3564000.0,3229200.0,3229200.0,3229200.0,0
2001-10-18,3196800.0,3402000.0,3196800.0,3294000.0,3294000.0,0
2001-10-19,3283200.0,3564000.0,3207600.0,3510000.0,3510000.0,0
2001-10-22,3499200.0,3780000.0,3380400.0,3780000.0,3780000.0,0
2001-10-23,3780000.0,3780000.0,3574800.0,3726000.0,3726000.0,0
2001-10-24,3715200.0,3996000.0,3650400.0,3877200.0,3877200.0,0
2001-10-25,3834000.0,3877200.0,3736800.0,3790800.0,3790800.0,0
2001-10-26,3780000.0,3812400.0,3726000.0,3780000.0,3780000.0,0
2001-10-29,3834000.0,3834000.0,3618000.0,3812400.0,3812400.0,0
2001-10-30,3769200.0,3812400.0,3607200.0,3812400.0,3812400.0,0
2001-10-31,3823200.0,3823200.0,3564000.0,3769200.0,3769200.0,0
2001-11-01,3618000.0,3780000.0,3618000.0,3780000.0,3780000.0,0
2001-11-02,3812400.0,3812400.0,3726000.0,3758400.0,3758400.0,0
2001-11-05,3769200.0,3931200.0,3672000.0,3812400.0,3812400.0,0
2001-11-06,3823200.0,3823200.0,3564000.0,3682800.0,3682800.0,0
2001-11-07,3618000.0,3812400.0,3553200.0,3726000.0,3726000.0,0
2001-11-08,3715200.0,3780000.0,3510000.0,3564000.0,3564000.0,0
2001-11-09,3510000.0,3618000.0,3369600.0,3618000.0,3618000.0,0
2001-11-12,3564000.0,3618000.0,3423600.0,3618000.0,3618000.0,0
2001-11-13,3639600.0,3888000.0,3639600.0,3769200.0,3769200.0,0
2001-11-14,3823200.0,3834000.0,3618000.0,3758400.0,3758400.0,0
2001-11-15,3780000.0,3780000.0,3456000.0,3585600.0,3585600.0,0
2001-11-16,3607200.0,3780000.0,3466800.0,3574800.0,3574800.0,0
2001-11-19,3726000.0,3726000.0,3423600.0,3564000.0,3564000.0,0
2001-11-20,3294000.0,3769200.0,3294000.0,3456000.0,3456000.0,0
2001-11-21,3607200.0,3618000.0,3369600.0,3553200.0,3553200.0,0
2001-11-23,3596400.0,3607200.0,3510000.0,3564000.0,3564000.0,0
2001-11-26,3466800.0,3596400.0,3423600.0,3564000.0,3564000.0,0
2001-11-27,3574800.0,3585600.0,3456000.0,3585600.0,3585600.0,0
2001-11-28,3607200.0,3618000.0,3510000.0,3510000.0,3510000.0,0
2001-11-29,3607200.0,3618000.0,3456000.0,3564000.0,3564000.0,0
2001-11-30,3564000.0,3672000.0,3412800.0,3510000.0,3510000.0,0
2001-12-03,3456000.0,3564000.0,3358800.0,3445200.0,3445200.0,0
2001-12-04,3456000.0,3456000.0,3283200.0,3294000.0,3294000.0,0
2001-12-05,3261600.0,3391200.0,3196800.0,3240000.0,3240000.0,0
2001-12-06,3240000.0,3564000.0,3240000.0,3477600.0,3477600.0,0
2001-12-07,3596400.0,3596400.0,3337200.0,3499200.0,3499200.0,0
2001-12-10,3499200.0,3510000.0,3402000.0,3412800.0,3412800.0,0
2001-12-11,3358800.0,3456000.0,3304800.0,3456000.0,3456000.0,0
2001-12-12,3304800.0,3499200.0,3240000.0,3250800.0,3250800.0,0
2001-12-13,3348000.0,3348000.0,3132000.0,3175200.0,3175200.0,0
2001-12-14,3175200.0,3445200.0,3078000.0,3078000.0,3078000.0,0
2001-12-17,3088800.0,3294000.0,3056400.0,3132000.0,3132000.0,0
2001-12-18,3110400.0,3261600.0,2872800.0,2980800.0,2980800.0,0
2001-12-19,3013200.0,3132000.0,2970000.0,3088800.0,3088800.0,0
2001-12-20,2991600.0,3240000.0,2991600.0,3024000.0,3024000.0,0
2001-12-21,3121200.0,3240000.0,2872800.0,2959200.0,2959200.0,0
2001-12-24,2959200.0,3078000.0,2700000.0,2775600.0,2775600.0,0
2001-12-26,2883600.0,3067200.0,2700000.0,2710800.0,2710800.0,0
2001-12-27,2689200.0,2754000.0,2592000.0,2646000.0,2646000.0,0
2001-12-28,2656800.0,3067200.0,2646000.0,3067200.0,3067200.0,0
2001-12-31,2937600.0,3780000.0,2937600.0,3672000.0,3672000.0,0
2002-01-02,3726000.0,3726000.0,3520800.0,3704400.0,3704400.0,0
2002-01-03,3574800.0,3715200.0,3510000.0,3672000.0,3672000.0,0
2002-01-04,3769200.0,3769200.0,3326400.0,3412800.0,3412800.0,0
2002-01-07,3510000.0,3510000.0,3348000.0,3510000.0,3510000.0,0
2002-01-08,3348000.0,3618000.0,3348000.0,3564000.0,3564000.0,0
2002-01-09,3542400.0,3542400.0,3294000.0,3510000.0,3510000.0,0
2002-01-10,3402000.0,3499200.0,3132000.0,3337200.0,3337200.0,0
2002-01-11,3078000.0,3456000.0,3078000.0,3456000.0,3456000.0,0
2002-01-14,3391200.0,3510000.0,3132000.0,3207600.0,3207600.0,0
2002-01-15,3445200.0,3445200.0,3024000.0,3024000.0,3024000.0,0
2002-01-16,2991600.0,3024000.0,2916000.0,2916000.0,2916000.0,0
2002-01-17,2916000.0,2916000.0,2710800.0,2851200.0,2851200.0,0
2002-01-18,3002400.0,3013200.0,2808000.0,2883600.0,2883600.0,0
2002-01-22,2970000.0,3013200.0,2754000.0,2808000.0,2808000.0,0
2002-01-23,2754000.0,2808000.0,2268000.0,2635200.0,2635200.0,0
2002-01-24,2656800.0,2710800.0,2592000.0,2646000.0,2646000.0,0
2002-01-25,2786400.0,2786400.0,2700000.0,2700000.0,2700000.0,0
2002-01-28,2700000.0,2948400.0,2678400.0,2754000.0,2754000.0,0
2002-01-29,2754000.0,2862000.0,2646000.0,2818800.0,2818800.0,0
2002-01-30,2883600.0,2980800.0,2700000.0,2980800.0,2980800.0,0
2002-01-31,3121200.0,3132000.0,2851200.0,3078000.0,3078000.0,0
2002-02-01,3045600.0,3067200.0,2862000.0,3013200.0,3013200.0,0
2002-02-04,3121200.0,3132000.0,2754000.0,2829600.0,2829600.0,0
2002-02-05,3013200.0,3013200.0,2700000.0,2775600.0,2775600.0,0
2002-02-06,2700000.0,2764800.0,2430000.0,2764800.0,2764800.0,0
2002-02-07,2473200.0,2786400.0,2473200.0,2721600.0,2721600.0,0
2002-02-08,2538000.0,2754000.0,2538000.0,2754000.0,2754000.0,0
2002-02-11,2700000.0,2862000.0,2700000.0,2862000.0,2862000.0,0
2002-02-12,2721600.0,2970000.0,2710800.0,2905200.0,2905200.0,0
2002-02-13,2905200.0,2970000.0,2905200.0,2916000.0,2916000.0,0
2002-02-14,3110400.0,3110400.0,2970000.0,3110400.0,3110400.0,0
2002-02-15,3110400.0,3218400.0,3034800.0,3067200.0,3067200.0,0
2002-02-19,3229200.0,3488400.0,3164400.0,3369600.0,3369600.0,0
2002-02-20,3369600.0,3477600.0,3261600.0,3380400.0,3380400.0,0
2002-02-21,3434400.0,3456000.0,3294000.0,3348000.0,3348000.0,0
2002-02-22,3315600.0,3412800.0,3186000.0,3326400.0,3326400.0,0
2002-02-25,3412800.0,3412800.0,2970000.0,3142800.0,3142800.0,0
2002-02-26,3369600.0,3380400.0,3142800.0,3250800.0,3250800.0,0
2002-02-27,3358800.0,3477600.0,3186000.0,3477600.0,3477600.0,0
2002-02-28,3477600.0,3520800.0,3369600.0,3402000.0,3402000.0,0
2002-03-01,3304800.0,3434400.0,2937600.0,3164400.0,3164400.0,0
2002-03-04,3088800.0,3423600.0,3088800.0,3348000.0,3348000.0,0
2002-03-05,3207600.0,3402000.0,3110400.0,3391200.0,3391200.0,0
2002-03-06,3402000.0,3402000.0,3283200.0,3391200.0,3391200.0,0
2002-03-07,3229200.0,3391200.0,3013200.0,3283200.0,3283200.0,0
2002-03-08,3186000.0,3434400.0,3186000.0,3391200.0,3391200.0,0
2002-03-11,3499200.0,3510000.0,3380400.0,3510000.0,3510000.0,0
2002-03-12,3542400.0,3931200.0,3510000.0,3920400.0,3920400.0,0
2002-03-13,3888000.0,3942000.0,3769200.0,3834000.0,3834000.0,0
2002-03-14,3780000.0,3855600.0,3672000.0,3823200.0,3823200.0,0
2002-03-15,3888000.0,4050000.0,3866400.0,4050000.0,4050000.0,0
2002-03-18,4287600.0,4978800.0,4039200.0,4644000.0,4644000.0,0
2002-03-19,4914000.0,5400000.0,4752000.0,5011200.0,5011200.0,0
2002-03-20,5216400.0,5562000.0,5216400.0,5248800.0,5248800.0,0
2002-03-21,5508000.0,5508000.0,4449600.0,4698000.0,4698000.0,0
2002-03-22,4957200.0,4968000.0,4212000.0,4309200.0,4309200.0,0
2002-03-25,4222800.0,4417200.0,3790800.0,4071600.0,4071600.0,0
2002-03-26,4158000.0,4320000.0,3931200.0,4320000.0,4320000.0,0
2002-03-27,4374000.0,4860000.0,4352400.0,4838400.0,4838400.0,0
2002-03-28,4806000.0,5130000.0,4676400.0,5130000.0,5130000.0,0
2002-04-01,3790800.0,4212000.0,3283200.0,3585600.0,3585600.0,0
2002-04-02,3240000.0,3726000.0,3240000.0,3596400.0,3596400.0,0
2002-04-03,3564000.0,3780000.0,3412800.0,3650400.0,3650400.0,0
2002-04-04,3574800.0,3747600.0,3466800.0,3596400.0,3596400.0,0
2002-04-05,4374000.0,4384800.0,3942000.0,4125600.0,4125600.0,0
2002-04-08,4006800.0,4428000.0,3888000.0,4168800.0,4168800.0,0
2002-04-09,4179600.0,4276800.0,3996000.0,4222800.0,4222800.0,0
2002-04-10,4212000.0,4266000.0,4006800.0,4158000.0,4158000.0,0
2002-04-11,4136400.0,4201200.0,4060800.0,4158000.0,4158000.0,0
2002-04-12,4060800.0,4212000.0,4060800.0,4147200.0,4147200.0,0
2002-04-15,4104000.0,4320000.0,4093200.0,4320000.0,4320000.0,0
2002-04-16,4309200.0,4320000.0,4104000.0,4255200.0,4255200.0,0
2002-04-17,4298400.0,4309200.0,4158000.0,4255200.0,4255200.0,0
2002-04-18,4309200.0,4309200.0,4114800.0,4233600.0,4233600.0,0
2002-04-19,4114800.0,4428000.0,4114800.0,4352400.0,4352400.0,0
2002-04-22,4428000.0,4590000.0,4352400.0,4374000.0,4374000.0,0
2002-04-23,4579200.0,5281200.0,4492800.0,5238000.0,5238000.0,0
2002-04-24,5389200.0,5670000.0,5184000.0,5443200.0,5443200.0,0
2002-04-25,5454000.0,5562000.0,4492800.0,4590000.0,4590000.0,0
2002-04-26,4590000.0,4644000.0,4320000.0,4428000.0,4428000.0,0
2002-04-29,4482000.0,4482000.0,3952800.0,4006800.0,4006800.0,0
2002-04-30,3996000.0,4093200.0,3834000.0,4060800.0,4060800.0,0
2002-05-01,4050000.0,4093200.0,3898800.0,3931200.0,3931200.0,0
2002-05-02,3931200.0,4093200.0,3888000.0,3985200.0,3985200.0,0
2002-05-03,4006800.0,4006800.0,3672000.0,3758400.0,3758400.0,0
2002-05-06,3877200.0,3888000.0,3585600.0,3585600.0,3585600.0,0
2002-05-07,3585600.0,3650400.0,3348000.0,3348000.0,3348000.0,0
2002-05-08,3402000.0,3877200.0,3358800.0,3834000.0,3834000.0,0
2002-05-09,3661200.0,3888000.0,3564000.0,3812400.0,3812400.0,0
2002-05-10,3909600.0,3974400.0,3769200.0,3909600.0,3909600.0,0
2002-05-13,4212000.0,4287600.0,3931200.0,3996000.0,3996000.0,0
2002-05-14,4158000.0,4428000.0,4104000.0,4125600.0,4125600.0,0
2002-05-15,4136400.0,4374000.0,3844800.0,3985200.0,3985200.0,0
2002-05-16,3952800.0,3952800.0,3564000.0,3780000.0,3780000.0,0
2002-05-17,3834000.0,4017600.0,3510000.0,3607200.0,3607200.0,0
2002-05-20,3380400.0,3650400.0,3380400.0,3564000.0,3564000.0,0
2002-05-21,3423600.0,3488400.0,3369600.0,3369600.0,3369600.0,0
2002-05-22,3369600.0,3412800.0,3024000.0,3240000.0,3240000.0,0
2002-05-23,3250800.0,3510000.0,3186000.0,3250800.0,3250800.0,0
2002-05-24,3250800.0,3283200.0,3142800.0,3240000.0,3240000.0,0
2002-05-28,3196800.0,3240000.0,3034800.0,3175200.0,3175200.0,0
2002-05-29,3240000.0,3240000.0,3175200.0,3229200.0,3229200.0,0
2002-05-30,3218400.0,3218400.0,3078000.0,3186000.0,3186000.0,0
2002-05-31,3088800.0,3283200.0,3078000.0,3132000.0,3132000.0,0
2002-06-03,3294000.0,3294000.0,3024000.0,3110400.0,3110400.0,0
2002-06-04,3024000.0,3499200.0,3024000.0,3250800.0,3250800.0,0
2002-06-05,3250800.0,3412800.0,3196800.0,3326400.0,3326400.0,0
2002-06-06,3445200.0,3445200.0,3110400.0,3186000.0,3186000.0,0
2002-06-07,3218400.0,3218400.0,3024000.0,3132000.0,3132000.0,0
2002-06-10,3218400.0,3272400.0,3024000.0,3164400.0,3164400.0,0
2002-06-11,3164400.0,3348000.0,3132000.0,3240000.0,3240000.0,0
2002-06-12,3250800.0,3348000.0,3024000.0,3034800.0,3034800.0,0
2002-06-13,3250800.0,3250800.0,2689200.0,2743200.0,2743200.0,0
2002-06-14,2754000.0,3229200.0,2667600.0,2775600.0,2775600.0,0
2002-06-17,2916000.0,2991600.0,2624400.0,2700000.0,2700000.0,0
2002-06-18,2786400.0,2862000.0,2613600.0,2754000.0,2754000.0,0
2002-06-19,2700000.0,2743200.0,2656800.0,2667600.0,2667600.0,0
2002-06-20,2689200.0,2710800.0,2646000.0,2656800.0,2656800.0,0
2002-06-21,2797200.0,2797200.0,2646000.0,2689200.0,2689200.0,0
2002-06-24,2710800.0,2840400.0,2613600.0,2613600.0,2613600.0,0
2002-06-25,2775600.0,2775600.0,2602800.0,2678400.0,2678400.0,0
2002-06-26,2592000.0,2646000.0,2592000.0,2592000.0,2592000.0,0
2002-06-27,2570400.0,2689200.0,2484000.0,2570400.0,2570400.0,0
2002-06-28,2689200.0,2883600.0,2667600.0,2700000.0,2700000.0,0
2002-07-01,2710800.0,2894400.0,2700000.0,2808000.0,2808000.0,0
2002-07-02,2894400.0,2948400.0,2592000.0,2689200.0,2689200.0,0
2002-07-03,2646000.0,2700000.0,2592000.0,2700000.0,2700000.0,0
2002-07-05,2851200.0,2862000.0,2700000.0,2808000.0,2808000.0,0
2002-07-08,2764800.0,2808000.0,2624400.0,2721600.0,2721600.0,0
2002-07-09,2700000.0,2808000.0,2440800.0,2505600.0,2505600.0,0
2002-07-10,2592000.0,2689200.0,2376000.0,2430000.0,2430000.0,0
2002-07-11,2376000.0,2419200.0,2160000.0,2376000.0,2376000.0,0
2002-07-12,2440800.0,2516400.0,2224800.0,2365200.0,2365200.0,0
2002-07-15,2484000.0,2484000.0,2268000.0,2397600.0,2397600.0,0
2002-07-16,2278800.0,2322000.0,2268000.0,2322000.0,2322000.0,0
2002-07-17,2376000.0,2386800.0,2181600.0,2300400.0,2300400.0,0
2002-07-18,2257200.0,2300400.0,2160000.0,2160000.0,2160000.0,0
2002-07-19,2278800.0,2278800.0,1944000.0,1998000.0,1998000.0,0
2002-07-22,2030400.0,2106000.0,1803600.0,2073600.0,2073600.0,0
2002-07-23,2084400.0,2376000.0,1944000.0,2149200.0,2149200.0,0
2002-07-24,2224800.0,2300400.0,1674000.0,1944000.0,1944000.0,0
2002-07-25,1836000.0,2084400.0,1836000.0,2052000.0,2052000.0,0
2002-07-26,1944000.0,2084400.0,1944000.0,2008800.0,2008800.0,0
2002-07-29,2041200.0,2062800.0,1954800.0,1954800.0,1954800.0,0
2002-07-30,2052000.0,2084400.0,1944000.0,1944000.0,1944000.0,0
2002-07-31,1944000.0,2160000.0,1944000.0,2019600.0,2019600.0,0
2002-08-01,2019600.0,2160000.0,1890000.0,1890000.0,1890000.0,0
2002-08-02,2041200.0,2052000.0,1890000.0,1933200.0,1933200.0,0
2002-08-05,2084400.0,2160000.0,1890000.0,2160000.0,2160000.0,0
2002-08-06,2160000.0,2160000.0,1944000.0,2052000.0,2052000.0,0
2002-08-07,2127600.0,2214000.0,1998000.0,1998000.0,1998000.0,0
2002-08-08,2008800.0,2322000.0,2008800.0,2160000.0,2160000.0,0
2002-08-09,2160000.0,2322000.0,2008800.0,2160000.0,2160000.0,0
2002-08-12,2257200.0,2322000.0,2149200.0,2160000.0,2160000.0,0
2002-08-13,2149200.0,2289600.0,2149200.0,2160000.0,2160000.0,0
2002-08-14,2214000.0,2214000.0,2214000.0,2214000.0,2214000.0,0
2002-08-15,2160000.0,2160000.0,1998000.0,2149200.0,2149200.0,0
2002-08-16,2149200.0,2268000.0,2062800.0,2062800.0,2062800.0,0
2002-08-19,2052000.0,2062800.0,1836000.0,1836000.0,1836000.0,0
2002-08-20,1836000.0,2160000.0,1836000.0,2052000.0,2052000.0,0
2002-08-21,1965600.0,2052000.0,1944000.0,2052000.0,2052000.0,0
2002-08-22,2030400.0,2052000.0,1944000.0,2030400.0,2030400.0,0
2002-08-23,2030400.0,2160000.0,2008800.0,2149200.0,2149200.0,0
2002-08-26,2008800.0,2149200.0,1836000.0,1944000.0,1944000.0,0
2002-08-27,2095200.0,2095200.0,1944000.0,1954800.0,1954800.0,0
2002-08-28,2030400.0,2116800.0,1998000.0,2030400.0,2030400.0,0
2002-08-29,1965600.0,2008800.0,1954800.0,2008800.0,2008800.0,0
2002-08-30,1998000.0,2160000.0,1998000.0,2052000.0,2052000.0,0
2002-09-03,2052000.0,2106000.0,1944000.0,1998000.0,1998000.0,0
2002-09-04,1782000.0,2052000.0,1663200.0,1846800.0,1846800.0,0
2002-09-05,1857600.0,1998000.0,1836000.0,1944000.0,1944000.0,0
2002-09-06,1911600.0,2052000.0,1890000.0,1900800.0,1900800.0,0
2002-09-09,1998000.0,1998000.0,1792800.0,1900800.0,1900800.0,0
2002-09-10,1900800.0,2008800.0,1836000.0,2008800.0,2008800.0,0
2002-09-11,2019600.0,2030400.0,1890000.0,1890000.0,1890000.0,0
2002-09-12,1900800.0,1987200.0,1900800.0,1944000.0,1944000.0,0
2002-09-13,1890000.0,1987200.0,1890000.0,1944000.0,1944000.0,0
2002-09-16,1879200.0,1890000.0,1663200.0,1846800.0,1846800.0,0
2002-09-17,1868400.0,1890000.0,1803600.0,1825200.0,1825200.0,0
2002-09-18,1836000.0,1998000.0,1836000.0,1900800.0,1900800.0,0
2002-09-19,1944000.0,2106000.0,1944000.0,2052000.0,2052000.0,0
2002-09-20,2127600.0,2160000.0,2052000.0,2127600.0,2127600.0,0
2002-09-23,2160000.0,2160000.0,1782000.0,2030400.0,2030400.0,0
2002-09-24,2052000.0,2052000.0,1857600.0,1857600.0,1857600.0,0
2002-09-25,1976400.0,2214000.0,1944000.0,2214000.0,2214000.0,0
2002-09-26,2149200.0,2160000.0,2052000.0,2073600.0,2073600.0,0
2002-09-27,2127600.0,2160000.0,1944000.0,2062800.0,2062800.0,0
2002-09-30,2095200.0,2149200.0,1954800.0,1987200.0,1987200.0,0
2002-10-01,1998000.0,2127600.0,1944000.0,1944000.0,1944000.0,0
2002-10-02,1965600.0,1998000.0,1965600.0,1976400.0,1976400.0,0
2002-10-03,1998000.0,1998000.0,1836000.0,1944000.0,1944000.0,0
2002-10-04,1998000.0,2030400.0,1836000.0,1836000.0,1836000.0,0
2002-10-07,1836000.0,2149200.0,1836000.0,1890000.0,1890000.0,0
2002-10-08,1890000.0,1933200.0,1836000.0,1846800.0,1846800.0,0
2002-10-09,1857600.0,1890000.0,1836000.0,1836000.0,1836000.0,0
2002-10-10,1836000.0,1922400.0,1684800.0,1728000.0,1728000.0,0
2002-10-11,1846800.0,1857600.0,1728000.0,1825200.0,1825200.0,0
2002-10-14,1728000.0,1868400.0,1717200.0,1846800.0,1846800.0,0
2002-10-15,1695600.0,1879200.0,1641600.0,1728000.0,1728000.0,0
2002-10-16,1728000.0,1728000.0,1620000.0,1728000.0,1728000.0,0
2002-10-17,1728000.0,1760400.0,1684800.0,1749600.0,1749600.0,0
2002-10-18,1674000.0,1728000.0,1630800.0,1674000.0,1674000.0,0
2002-10-21,1674000.0,1782000.0,1641600.0,1782000.0,1782000.0,0
2002-10-22,1717200.0,1728000.0,1674000.0,1695600.0,1695600.0,0
2002-10-23,1695600.0,1738800.0,1684800.0,1738800.0,1738800.0,0
2002-10-24,1717200.0,1825200.0,1717200.0,1728000.0,1728000.0,0
2002-10-25,1738800.0,1738800.0,1630800.0,1728000.0,1728000.0,0
2002-10-28,1717200.0,1717200.0,1674000.0,1674000.0,1674000.0,0
2002-10-29,1674000.0,1728000.0,1674000.0,1717200.0,1717200.0,0
2002-10-30,1674000.0,1771200.0,1674000.0,1728000.0,1728000.0,0
2002-10-31,1728000.0,1728000.0,1663200.0,1728000.0,1728000.0,0
2002-11-01,1728000.0,1728000.0,1684800.0,1695600.0,1695600.0,0
2002-11-04,1728000.0,1771200.0,1695600.0,1706400.0,1706400.0,0
2002-11-05,1706400.0,1760400.0,1674000.0,1684800.0,1684800.0,0
2002-11-06,1684800.0,1717200.0,1630800.0,1674000.0,1674000.0,0
2002-11-07,1684800.0,1728000.0,1663200.0,1684800.0,1684800.0,0
2002-11-08,1749600.0,1749600.0,1663200.0,1663200.0,1663200.0,0
2002-11-11,1641600.0,1728000.0,1350000.0,1598400.0,1598400.0,0
2002-11-12,1328400.0,1674000.0,1306800.0,1674000.0,1674000.0,0
2002-11-13,1468800.0,1620000.0,1468800.0,1479600.0,1479600.0,0
2002-11-14,939600.0,961200.0,486000.0,615600.0,615600.0,1
2002-11-15,669600.0,680400.0,550800.0,572400.0,572400.0,0
2002-11-18,550800.0,626400.0,518400.0,561600.0,561600.0,0
2002-11-19,540000.0,561600.0,486000.0,518400.0,518400.0,0
2002-11-20,496800.0,518400.0,378000.0,453600.0,453600.0,0
2002-11-21,421200.0,475200.0,399600.0,432000.0,432000.0,1
2002-11-22,432000.0,453600.0,421200.0,442800.0,442800.0,0
2002-11-25,475200.0,648000.0,442800.0,648000.0,648000.0,0
2002-11-26,637200.0,648000.0,561600.0,648000.0,648000.0,0
2002-11-27,615600.0,658800.0,540000.0,594000.0,594000.0,0
2002-11-29,594000.0,637200.0,594000.0,615600.0,615600.0,0
2002-12-02,594000.0,648000.0,583200.0,615600.0,615600.0,0
2002-12-03,626400.0,626400.0,550800.0,583200.0,583200.0,0
2002-12-04,637200.0,637200.0,561600.0,594000.0,594000.0,0
2002-12-05,604800.0,648000.0,540000.0,626400.0,626400.0,0
2002-12-06,561600.0,658800.0,561600.0,604800.0,604800.0,0
2002-12-09,626400.0,658800.0,572400.0,604800.0,604800.0,0
2002-12-10,604800.0,680400.0,594000.0,658800.0,658800.0,0
2002-12-11,658800.0,896400.0,648000.0,810000.0,810000.0,0
2002-12-12,777600.0,864000.0,766800.0,864000.0,864000.0,0
2002-12-13,810000.0,864000.0,756000.0,799200.0,799200.0,0
2002-12-16,799200.0,799200.0,712800.0,756000.0,756000.0,0
2002-12-17,756000.0,756000.0,702000.0,756000.0,756000.0,0
2002-12-18,756000.0,756000.0,680400.0,691200.0,691200.0,0
2002-12-19,734400.0,756000.0,691200.0,723600.0,723600.0,0
2002-12-20,723600.0,723600.0,680400.0,702000.0,702000.0,0
2002-12-23,691200.0,702000.0,615600.0,626400.0,626400.0,0
2002-12-24,626400.0,648000.0,604800.0,626400.0,626400.0,0
2002-12-26,594000.0,745200.0,594000.0,658800.0,658800.0,0
2002-12-27,669600.0,712800.0,626400.0,637200.0,637200.0,0
2002-12-30,648000.0,1360800.0,648000.0,1188000.0,1188000.0,0
2002-12-31,1198800.0,1242000.0,745200.0,766800.0,766800.0,0
2003-01-02,1058400.0,1069200.0,810000.0,918000.0,918000.0,0
2003-01-03,928800.0,972000.0,874800.0,939600.0,939600.0,0
2003-01-06,950400.0,1090800.0,896400.0,1026000.0,1026000.0,0
2003-01-07,1090800.0,1090800.0,993600.0,1047600.0,1047600.0,0
2003-01-08,1080000.0,1134000.0,1026000.0,1036800.0,1036800.0,0
2003-01-09,1080000.0,1166400.0,1036800.0,1090800.0,1090800.0,0
2003-01-10,1080000.0,1166400.0,1058400.0,1090800.0,1090800.0,0
2003-01-13,1090800.0,1134000.0,1058400.0,1069200.0,1069200.0,0
2003-01-14,1047600.0,1080000.0,972000.0,972000.0,972000.0,0
2003-01-15,950400.0,993600.0,950400.0,950400.0,950400.0,0
2003-01-16,950400.0,1058400.0,918000.0,928800.0,928800.0,0
2003-01-17,972000.0,972000.0,885600.0,885600.0,885600.0,0
2003-01-21,918000.0,1004400.0,907200.0,972000.0,972000.0,0
2003-01-22,1047600.0,1069200.0,928800.0,950400.0,950400.0,0
2003-01-23,950400.0,1036800.0,939600.0,1004400.0,1004400.0,0
2003-01-24,982800.0,1058400.0,950400.0,993600.0,993600.0,0
2003-01-27,1036800.0,1112400.0,993600.0,1069200.0,1069200.0,0
2003-01-28,1112400.0,1274400.0,1080000.0,1252800.0,1252800.0,0
2003-01-29,1274400.0,1728000.0,1263600.0,1674000.0,1674000.0,0
2003-01-30,1782000.0,1782000.0,1350000.0,1414800.0,1414800.0,0
2003-01-31,1306800.0,1414800.0,1209600.0,1360800.0,1360800.0,0
2003-02-03,1436400.0,1717200.0,1436400.0,1512000.0,1512000.0,0
2003-02-04,1576800.0,1620000.0,1512000.0,1555200.0,1555200.0,0
2003-02-05,1587600.0,1620000.0,1371600.0,1620000.0,1620000.0,0
2003-02-06,1728000.0,1728000.0,1522800.0,1652400.0,1652400.0,0
2003-02-07,1728000.0,1782000.0,1630800.0,1738800.0,1738800.0,0
2003-02-10,1749600.0,1890000.0,1738800.0,1890000.0,1890000.0,0
2003-02-11,1857600.0,2160000.0,1846800.0,2160000.0,2160000.0,0
2003-02-12,2203200.0,2376000.0,1954800.0,2149200.0,2149200.0,0
2003-02-13,2106000.0,2116800.0,1695600.0,1760400.0,1760400.0,0
2003-02-14,1760400.0,1900800.0,1760400.0,1814400.0,1814400.0,0
2003-02-18,1900800.0,2106000.0,1814400.0,2041200.0,2041200.0,0
2003-02-19,1900800.0,2019600.0,1900800.0,1911600.0,1911600.0,0
2003-02-20,1922400.0,1954800.0,1749600.0,1814400.0,1814400.0,0
2003-02-21,1814400.0,2127600.0,1814400.0,1954800.0,1954800.0,0
2003-02-24,2106000.0,2127600.0,1922400.0,1944000.0,1944000.0,0
2003-02-25,1890000.0,2030400.0,1684800.0,1890000.0,1890000.0,0
2003-02-26,1900800.0,2052000.0,1782000.0,1954800.0,1954800.0,0
2003-02-27,1944000.0,2376000.0,1944000.0,2062800.0,2062800.0,0
2003-02-28,2127600.0,2138400.0,1900800.0,1954800.0,1954800.0,0
2003-03-03,2106000.0,2160000.0,1857600.0,1911600.0,1911600.0,0
2003-03-04,1922400.0,1922400.0,1803600.0,1825200.0,1825200.0,0
2003-03-05,1944000.0,1944000.0,1803600.0,1846800.0,1846800.0,0
2003-03-06,1890000.0,1890000.0,1782000.0,1836000.0,1836000.0,0
2003-03-07,1782000.0,1782000.0,1620000.0,1706400.0,1706400.0,0
2003-03-10,1620000.0,1674000.0,1371600.0,1512000.0,1512000.0,0
2003-03-11,1404000.0,1652400.0,1404000.0,1468800.0,1468800.0,0
2003-03-12,1490400.0,1490400.0,1350000.0,1414800.0,1414800.0,0
2003-03-13,1382400.0,1512000.0,1382400.0,1512000.0,1512000.0,0
2003-03-14,1501200.0,1512000.0,1404000.0,1458000.0,1458000.0,0
2003-03-17,1404000.0,1576800.0,1404000.0,1544400.0,1544400.0,0
2003-03-18,1566000.0,1566000.0,1458000.0,1501200.0,1501200.0,0
2003-03-19,1458000.0,1479600.0,1458000.0,1458000.0,1458000.0,0
2003-03-20,1468800.0,1512000.0,1458000.0,1479600.0,1479600.0,0
2003-03-21,1555200.0,1555200.0,1458000.0,1468800.0,1468800.0,0
2003-03-24,1458000.0,1468800.0,1404000.0,1468800.0,1468800.0,0
2003-03-25,1404000.0,1447200.0,1296000.0,1382400.0,1382400.0,0
2003-03-26,1393200.0,1458000.0,1393200.0,1458000.0,1458000.0,0
2003-03-27,1512000.0,1706400.0,1501200.0,1652400.0,1652400.0,0
2003-03-28,1695600.0,1695600.0,1360800.0,1414800.0,1414800.0,0
2003-03-31,1360800.0,1404000.0,1188000.0,1317600.0,1317600.0,0
2003-04-01,1436400.0,1436400.0,1198800.0,1242000.0,1242000.0,0
2003-04-02,1220400.0,1404000.0,1220400.0,1317600.0,1317600.0,0
2003-04-03,1274400.0,1306800.0,1242000.0,1274400.0,1274400.0,0
2003-04-04,1382400.0,1425600.0,1306800.0,1425600.0,1425600.0,0
2003-04-07,1425600.0,1900800.0,1425600.0,1771200.0,1771200.0,0
2003-04-08,1620000.0,1965600.0,1620000.0,1749600.0,1749600.0,0
2003-04-09,1652400.0,1728000.0,1404000.0,1512000.0,1512000.0,0
2003-04-10,1468800.0,1695600.0,1404000.0,1458000.0,1458000.0,0
2003-04-11,1231200.0,1512000.0,1177200.0,1404000.0,1404000.0,0
2003-04-14,1350000.0,1533600.0,1350000.0,1436400.0,1436400.0,0
2003-04-15,1490400.0,1490400.0,1382400.0,1436400.0,1436400.0,0
2003-04-16,1512000.0,1512000.0,1458000.0,1512000.0,1512000.0,0
2003-04-17,1555200.0,1598400.0,1458000.0,1587600.0,1587600.0,0
2003-04-21,1587600.0,1674000.0,1479600.0,1674000.0,1674000.0,0
2003-04-22,1630800.0,1728000.0,1566000.0,1674000.0,1674000.0,0
2003-04-23,1695600.0,1728000.0,1620000.0,1620000.0,1620000.0,0
2003-04-24,1620000.0,1695600.0,1490400.0,1620000.0,1620000.0,0
2003-04-25,1533600.0,1674000.0,1533600.0,1598400.0,1598400.0,0
2003-04-28,1674000.0,1674000.0,1576800.0,1620000.0,1620000.0,0
2003-04-29,1663200.0,1684800.0,1609200.0,1620000.0,1620000.0,0
2003-04-30,1695600.0,1728000.0,1620000.0,1663200.0,1663200.0,0
2003-05-01,1695600.0,1695600.0,1566000.0,1566000.0,1566000.0,0
2003-05-02,1566000.0,1620000.0,1566000.0,1609200.0,1609200.0,0
2003-05-05,1652400.0,1652400.0,1512000.0,1555200.0,1555200.0,0
2003-05-06,1566000.0,1674000.0,1566000.0,1609200.0,1609200.0,0
2003-05-07,1620000.0,1630800.0,1512000.0,1533600.0,1533600.0,0
2003-05-08,1620000.0,1620000.0,1414800.0,1533600.0,1533600.0,0
2003-05-09,1576800.0,1620000.0,1512000.0,1512000.0,1512000.0,0
2003-05-12,1566000.0,1566000.0,1512000.0,1512000.0,1512000.0,0
2003-05-13,1512000.0,1674000.0,1512000.0,1652400.0,1652400.0,0
2003-05-14,2041200.0,2095200.0,1587600.0,1598400.0,1598400.0,0
2003-05-15,1684800.0,1738800.0,1555200.0,1555200.0,1555200.0,0
2003-05-16,1566000.0,1630800.0,1566000.0,1609200.0,1609200.0,0
2003-05-19,1544400.0,1609200.0,1490400.0,1598400.0,1598400.0,0
2003-05-20,1609200.0,1641600.0,1544400.0,1587600.0,1587600.0,0
2003-05-21,1598400.0,1663200.0,1512000.0,1620000.0,1620000.0,0
2003-05-22,1641600.0,1706400.0,1576800.0,1684800.0,1684800.0,0
2003-05-23,1620000.0,1706400.0,1522800.0,1555200.0,1555200.0,0
2003-05-27,1533600.0,1598400.0,1404000.0,1544400.0,1544400.0,0
2003-05-28,1436400.0,1620000.0,1425600.0,1620000.0,1620000.0,0
2003-05-29,1825200.0,1954800.0,1706400.0,1890000.0,1890000.0,1
2003-05-30,1836000.0,1933200.0,1630800.0,1706400.0,1706400.0,0
2003-06-02,1674000.0,1922400.0,1522800.0,1792800.0,1792800.0,0
2003-06-03,1782000.0,1911600.0,1728000.0,1792800.0,1792800.0,0
2003-06-04,1922400.0,1944000.0,1728000.0,1933200.0,1933200.0,0
2003-06-05,1933200.0,2160000.0,1836000.0,2160000.0,2160000.0,0
2003-06-06,2289600.0,2484000.0,2160000.0,2440800.0,2440800.0,0
2003-06-09,2548800.0,2862000.0,2538000.0,2818800.0,2818800.0,0
2003-06-10,2926800.0,3250800.0,2862000.0,3229200.0,3229200.0,0
2003-06-11,3294000.0,3391200.0,2700000.0,2808000.0,2808000.0,0
2003-06-12,2991600.0,4914000.0,2808000.0,4806000.0,4806000.0,5
2003-06-13,5076000.0,5130000.0,4212000.0,4492800.0,4492800.0,2
2003-06-16,4741200.0,5400000.0,4320000.0,5335200.0,5335200.0,1
2003-06-17,5486400.0,5670000.0,4860000.0,4978800.0,4978800.0,1
2003-06-18,4978800.0,4978800.0,4363200.0,4752000.0,4752000.0,0
2003-06-19,4525200.0,4719600.0,4104000.0,4125600.0,4125600.0,1
2003-06-20,4244400.0,4330800.0,3780000.0,3963600.0,3963600.0,1
2003-06-23,3834000.0,4050000.0,3780000.0,3855600.0,3855600.0,0
2003-06-24,3801600.0,4838400.0,3801600.0,4536000.0,4536000.0,1
2003-06-25,4687200.0,4849200.0,4417200.0,4438800.0,4438800.0,0
2003-06-26,4482000.0,4644000.0,4266000.0,4546800.0,4546800.0,0
2003-06-27,4536000.0,5097600.0,4471200.0,4687200.0,4687200.0,1
2003-06-30,4752000.0,5022000.0,4438800.0,4503600.0,4503600.0,0
2003-07-01,4546800.0,4579200.0,4060800.0,4417200.0,4417200.0,0
2003-07-02,4417200.0,4590000.0,4320000.0,4525200.0,4525200.0,0
2003-07-03,4374000.0,4428000.0,4276800.0,4320000.0,4320000.0,0
2003-07-07,4212000.0,4428000.0,4168800.0,4320000.0,4320000.0,0
2003-07-08,4298400.0,4320000.0,4179600.0,4266000.0,4266000.0,0
2003-07-09,4320000.0,4428000.0,4212000.0,4395600.0,4395600.0,0
2003-07-10,4330800.0,5216400.0,4330800.0,4752000.0,4752000.0,1
2003-07-11,4784400.0,4816800.0,4546800.0,4579200.0,4579200.0,0
2003-07-14,4870800.0,4957200.0,4374000.0,4536000.0,4536000.0,0
2003-07-15,4676400.0,4860000.0,4482000.0,4676400.0,4676400.0,0
2003-07-16,4687200.0,4687200.0,4482000.0,4482000.0,4482000.0,0
2003-07-17,4514400.0,4536000.0,4374000.0,4514400.0,4514400.0,0
2003-07-18,4482000.0,4665600.0,4179600.0,4352400.0,4352400.0,0
2003-07-21,4266000.0,4417200.0,4125600.0,4147200.0,4147200.0,0
2003-07-22,4114800.0,4395600.0,4114800.0,4233600.0,4233600.0,0
2003-07-23,4212000.0,4374000.0,4212000.0,4309200.0,4309200.0,0
2003-07-24,4276800.0,4374000.0,3942000.0,4028400.0,4028400.0,0
2003-07-25,4060800.0,4266000.0,4060800.0,4201200.0,4201200.0,0
2003-07-28,4201200.0,4320000.0,4114800.0,4212000.0,4212000.0,0
2003-07-29,4158000.0,4298400.0,3888000.0,4255200.0,4255200.0,0
2003-07-30,4471200.0,4687200.0,4168800.0,4212000.0,4212000.0,0
2003-07-31,4266000.0,4482000.0,4158000.0,4482000.0,4482000.0,0
2003-08-01,4244400.0,4406400.0,4244400.0,4309200.0,4309200.0,0
2003-08-04,4320000.0,4406400.0,4309200.0,4341600.0,4341600.0,0
2003-08-05,4330800.0,4330800.0,4071600.0,4147200.0,4147200.0,0
2003-08-06,4125600.0,4201200.0,4017600.0,4017600.0,4017600.0,0
2003-08-07,4060800.0,4482000.0,4060800.0,4179600.0,4179600.0,0
2003-08-08,4168800.0,4266000.0,4114800.0,4233600.0,4233600.0,0
2003-08-11,4125600.0,4298400.0,4104000.0,4190400.0,4190400.0,0
2003-08-12,4201200.0,4201200.0,4071600.0,4082400.0,4082400.0,0
2003-08-13,3996000.0,4082400.0,3996000.0,4071600.0,4071600.0,0
2003-08-14,3952800.0,3996000.0,3564000.0,3650400.0,3650400.0,0
2003-08-15,3726000.0,3726000.0,3639600.0,3704400.0,3704400.0,0
2003-08-18,3747600.0,3747600.0,3218400.0,3261600.0,3261600.0,0
2003-08-19,3272400.0,3272400.0,2764800.0,2970000.0,2970000.0,0
2003-08-20,2894400.0,3229200.0,2883600.0,3164400.0,3164400.0,0
2003-08-21,3348000.0,3574800.0,3164400.0,3477600.0,3477600.0,0
2003-08-22,3553200.0,3780000.0,3456000.0,3607200.0,3607200.0,0
2003-08-25,3520800.0,3682800.0,3510000.0,3564000.0,3564000.0,0
2003-08-26,3585600.0,3585600.0,3315600.0,3358800.0,3358800.0,0
2003-08-27,3348000.0,3445200.0,3240000.0,3315600.0,3315600.0,0
2003-08-28,3456000.0,3758400.0,3240000.0,3758400.0,3758400.0,0
2003-08-29,3758400.0,4158000.0,3423600.0,4158000.0,4158000.0,0
2003-09-02,4104000.0,4212000.0,3888000.0,3952800.0,3952800.0,0
2003-09-03,4050000.0,4050000.0,3888000.0,3942000.0,3942000.0,0
2003-09-04,3985200.0,4050000.0,3920400.0,3996000.0,3996000.0,0
2003-09-05,3920400.0,4050000.0,3823200.0,3985200.0,3985200.0,0
2003-09-08,3963600.0,4050000.0,3801600.0,4017600.0,4017600.0,0
2003-09-09,4028400.0,4028400.0,3801600.0,3823200.0,3823200.0,0
2003-09-10,3812400.0,3974400.0,3672000.0,3823200.0,3823200.0,0
2003-09-11,3628800.0,3985200.0,3628800.0,3780000.0,3780000.0,0
2003-09-12,3672000.0,3888000.0,3618000.0,3823200.0,3823200.0,0
2003-09-15,3888000.0,3888000.0,3693600.0,3790800.0,3790800.0,0
2003-09-16,3888000.0,3888000.0,3693600.0,3823200.0,3823200.0,0
2003-09-17,3888000.0,3942000.0,3801600.0,3834000.0,3834000.0,0
2003-09-18,3780000.0,4784400.0,3780000.0,4752000.0,4752000.0,1
2003-09-19,4752000.0,5000400.0,4449600.0,4741200.0,4741200.0,1
2003-09-22,4730400.0,4903200.0,4363200.0,4784400.0,4784400.0,0
2003-09-23,4752000.0,4773600.0,4482000.0,4536000.0,4536000.0,0
2003-09-24,4600800.0,4849200.0,4428000.0,4503600.0,4503600.0,0
2003-09-25,4503600.0,4536000.0,4017600.0,4039200.0,4039200.0,0
2003-09-26,4060800.0,4255200.0,4017600.0,4179600.0,4179600.0,0
2003-09-29,4050000.0,4471200.0,4050000.0,4374000.0,4374000.0,0
2003-09-30,4352400.0,4374000.0,4050000.0,4330800.0,4330800.0,0
2003-10-01,4320000.0,4546800.0,4212000.0,4460400.0,4460400.0,0
2003-10-02,4514400.0,4514400.0,4330800.0,4417200.0,4417200.0,0
2003-10-03,4320000.0,4428000.0,4320000.0,4395600.0,4395600.0,0
2003-10-06,4503600.0,5011200.0,4428000.0,4816800.0,4816800.0,0
2003-10-07,4978800.0,5324400.0,4838400.0,5022000.0,5022000.0,1
2003-10-08,5076000.0,5259600.0,5011200.0,5216400.0,5216400.0,0
2003-10-09,5238000.0,5270400.0,4762800.0,4989600.0,4989600.0,0
2003-10-10,5076000.0,5108400.0,4849200.0,4870800.0,4870800.0,0
2003-10-13,4914000.0,5130000.0,4806000.0,5043600.0,5043600.0,0
2003-10-14,5011200.0,5173200.0,4892400.0,5043600.0,5043600.0,0
2003-10-15,5119200.0,5140800.0,4892400.0,4892400.0,4892400.0,0
2003-10-16,4892400.0,5378400.0,4860000.0,5302800.0,5302800.0,0
2003-10-17,5324400.0,5335200.0,5130000.0,5270400.0,5270400.0,0
2003-10-20,5227200.0,5940000.0,5184000.0,5864400.0,5864400.0,1
2003-10-21,5778000.0,5907600.0,5432400.0,5572800.0,5572800.0,1
2003-10-22,5572800.0,5616000.0,5184000.0,5389200.0,5389200.0,0
2003-10-23,5302800.0,5346000.0,5184000.0,5270400.0,5270400.0,0
2003-10-24,5184000.0,5292000.0,5130000.0,5292000.0,5292000.0,0
2003-10-27,5454000.0,5767200.0,5432400.0,5508000.0,5508000.0,1
2003-10-28,5518800.0,5616000.0,5356800.0,5356800.0,5356800.0,0
2003-10-29,5346000.0,5464800.0,5281200.0,5389200.0,5389200.0,1
2003-10-30,5432400.0,5529600.0,5313600.0,5378400.0,5378400.0,0
2003-10-31,5400000.0,6102000.0,5378400.0,5832000.0,5832000.0,1
2003-11-03,5961600.0,6048000.0,5540400.0,5659200.0,5659200.0,0
2003-11-04,5594400.0,5605200.0,5421600.0,5464800.0,5464800.0,0
2003-11-05,5562000.0,5670000.0,5227200.0,5313600.0,5313600.0,0
2003-11-06,5313600.0,5529600.0,5216400.0,5378400.0,5378400.0,0
2003-11-07,5529600.0,5529600.0,5238000.0,5302800.0,5302800.0,0
2003-11-10,5356800.0,5508000.0,5097600.0,5119200.0,5119200.0,0
2003-11-11,5108400.0,5216400.0,4590000.0,4762800.0,4762800.0,0
2003-11-12,4806000.0,4978800.0,4708800.0,4773600.0,4773600.0,0
2003-11-13,4881600.0,4892400.0,4644000.0,4730400.0,4730400.0,0
2003-11-14,4644000.0,4752000.0,4352400.0,4460400.0,4460400.0,0
2003-11-17,4460400.0,4546800.0,3618000.0,4125600.0,4125600.0,1
2003-11-18,4114800.0,4341600.0,4114800.0,4212000.0,4212000.0,0
2003-11-19,4212000.0,4233600.0,3855600.0,4114800.0,4114800.0,0
2003-11-20,3996000.0,4168800.0,3780000.0,3834000.0,3834000.0,0
2003-11-21,3888000.0,4050000.0,3790800.0,3952800.0,3952800.0,0
2003-11-24,4082400.0,4093200.0,3942000.0,4006800.0,4006800.0,0
2003-11-25,4050000.0,4363200.0,4050000.0,4212000.0,4212000.0,0
2003-11-26,4330800.0,4438800.0,4190400.0,4438800.0,4438800.0,0
2003-11-28,4471200.0,4838400.0,4352400.0,4838400.0,4838400.0,0
2003-12-01,5130000.0,5216400.0,4644000.0,4654800.0,4654800.0,0
2003-12-02,4644000.0,4719600.0,4363200.0,4428000.0,4428000.0,0
2003-12-03,4428000.0,4536000.0,4320000.0,4514400.0,4514400.0,0
2003-12-04,4374000.0,4482000.0,4212000.0,4298400.0,4298400.0,0
2003-12-05,4320000.0,4363200.0,4104000.0,4158000.0,4158000.0,0
2003-12-08,4104000.0,4320000.0,4060800.0,4104000.0,4104000.0,0
2003-12-09,4060800.0,4276800.0,4060800.0,4158000.0,4158000.0,0
2003-12-10,4179600.0,4309200.0,3996000.0,4071600.0,4071600.0,0
2003-12-11,4201200.0,4201200.0,4017600.0,4104000.0,4104000.0,0
2003-12-12,4212000.0,4212000.0,4082400.0,4125600.0,4125600.0,0
2003-12-15,4158000.0,4212000.0,4017600.0,4017600.0,4017600.0,0
2003-12-16,4017600.0,4147200.0,4006800.0,4136400.0,4136400.0,0
2003-12-17,4093200.0,4125600.0,3952800.0,4060800.0,4060800.0,0
2003-12-18,4039200.0,4190400.0,3985200.0,4136400.0,4136400.0,0
2003-12-19,4060800.0,4190400.0,3844800.0,3942000.0,3942000.0,0
2003-12-22,3920400.0,4039200.0,3823200.0,3823200.0,3823200.0,0
2003-12-23,3823200.0,4050000.0,3823200.0,3888000.0,3888000.0,0
2003-12-24,3898800.0,3963600.0,3888000.0,3888000.0,3888000.0,0
2003-12-26,3888000.0,3963600.0,3888000.0,3888000.0,3888000.0,0
2003-12-29,3963600.0,4039200.0,3834000.0,3920400.0,3920400.0,0
2003-12-30,3888000.0,4050000.0,3812400.0,3909600.0,3909600.0,0
2003-12-31,3898800.0,4320000.0,3898800.0,4309200.0,4309200.0,0
2004-01-02,3942000.0,4309200.0,3780000.0,4309200.0,4309200.0,0
2004-01-05,4320000.0,4438800.0,4104000.0,4352400.0,4352400.0,0
2004-01-06,4428000.0,4438800.0,4212000.0,4438800.0,4438800.0,0
2004-01-07,4438800.0,4438800.0,4320000.0,4320000.0,4320000.0,0
2004-01-08,4330800.0,4525200.0,4320000.0,4514400.0,4514400.0,0
2004-01-09,4428000.0,4590000.0,4330800.0,4406400.0,4406400.0,0
2004-01-12,4374000.0,4536000.0,4320000.0,4406400.0,4406400.0,0
2004-01-13,4352400.0,4428000.0,4168800.0,4212000.0,4212000.0,0
2004-01-14,4158000.0,4568400.0,4158000.0,4536000.0,4536000.0,0
2004-01-15,4320000.0,4590000.0,4320000.0,4482000.0,4482000.0,0
2004-01-16,4471200.0,4590000.0,4417200.0,4471200.0,4471200.0,0
2004-01-20,4449600.0,4622400.0,4449600.0,4525200.0,4525200.0,0
2004-01-21,4536000.0,4860000.0,4536000.0,4795200.0,4795200.0,0
2004-01-22,4752000.0,4816800.0,4546800.0,4698000.0,4698000.0,0
2004-01-23,4827600.0,4827600.0,4590000.0,4654800.0,4654800.0,0
2004-01-26,4611600.0,4806000.0,4600800.0,4730400.0,4730400.0,0
2004-01-27,4698000.0,5076000.0,4622400.0,5011200.0,5011200.0,1
2004-01-28,4968000.0,5076000.0,4708800.0,4752000.0,4752000.0,0
2004-01-29,4708800.0,4935600.0,4460400.0,4492800.0,4492800.0,0
2004-01-30,4492800.0,4492800.0,4395600.0,4428000.0,4428000.0,0
2004-02-02,4482000.0,4568400.0,4384800.0,4568400.0,4568400.0,0
2004-02-03,4568400.0,4568400.0,4006800.0,4244400.0,4244400.0,0
2004-02-04,4266000.0,4287600.0,4050000.0,4104000.0,4104000.0,0
2004-02-05,4222800.0,4222800.0,4017600.0,4060800.0,4060800.0,0
2004-02-06,4158000.0,4287600.0,4050000.0,4244400.0,4244400.0,0
2004-02-09,4438800.0,4568400.0,4417200.0,4471200.0,4471200.0,0
2004-02-10,4460400.0,4514400.0,4244400.0,4320000.0,4320000.0,0
2004-02-11,4374000.0,4374000.0,4093200.0,4158000.0,4158000.0,0
2004-02-12,4190400.0,4330800.0,4168800.0,4190400.0,4190400.0,0
2004-02-13,4212000.0,4212000.0,3985200.0,4050000.0,4050000.0,0
2004-02-17,4082400.0,4125600.0,3974400.0,4028400.0,4028400.0,0
2004-02-18,4060800.0,4104000.0,3942000.0,4017600.0,4017600.0,0
2004-02-19,4071600.0,4298400.0,4050000.0,4125600.0,4125600.0,0
2004-02-20,4158000.0,4287600.0,4071600.0,4114800.0,4114800.0,0
2004-02-23,4255200.0,4266000.0,3844800.0,3888000.0,3888000.0,0
2004-02-24,3942000.0,3942000.0,3628800.0,3650400.0,3650400.0,0
2004-02-25,3412800.0,3693600.0,3412800.0,3520800.0,3520800.0,0
2004-02-26,3510000.0,3844800.0,3510000.0,3726000.0,3726000.0,0
2004-02-27,3790800.0,3877200.0,3747600.0,3758400.0,3758400.0,0
2004-03-01,3639600.0,3812400.0,3618000.0,3650400.0,3650400.0,0
2004-03-02,3715200.0,3877200.0,3510000.0,3628800.0,3628800.0,0
2004-03-03,3564000.0,3736800.0,3531600.0,3607200.0,3607200.0,0
2004-03-04,3672000.0,3834000.0,3618000.0,3769200.0,3769200.0,0
2004-03-05,3780000.0,3834000.0,3628800.0,3693600.0,3693600.0,0
2004-03-08,3715200.0,3812400.0,3596400.0,3628800.0,3628800.0,0
2004-03-09,3736800.0,3736800.0,3456000.0,3477600.0,3477600.0,0
2004-03-10,3466800.0,3466800.0,3024000.0,3207600.0,3207600.0,1
2004-03-11,3002400.0,3240000.0,2689200.0,2786400.0,2786400.0,1
2004-03-12,2905200.0,3240000.0,2818800.0,2991600.0,2991600.0,0
2004-03-15,2970000.0,3013200.0,2808000.0,2948400.0,2948400.0,0
2004-03-16,2872800.0,2959200.0,2430000.0,2559600.0,2559600.0,0
2004-03-17,2419200.0,3045600.0,2397600.0,2991600.0,2991600.0,0
2004-03-18,2980800.0,3186000.0,2916000.0,3056400.0,3056400.0,0
2004-03-19,3088800.0,3088800.0,2808000.0,2883600.0,2883600.0,0
2004-03-22,2808000.0,3013200.0,2732400.0,2775600.0,2775600.0,0
2004-03-23,2764800.0,2862000.0,2710800.0,2764800.0,2764800.0,0
2004-03-24,2862000.0,2862000.0,2743200.0,2797200.0,2797200.0,0
2004-03-25,2386800.0,2894400.0,2376000.0,2851200.0,2851200.0,0
2004-03-26,2818800.0,2894400.0,2754000.0,2829600.0,2829600.0,0
2004-03-29,2829600.0,2916000.0,2700000.0,2862000.0,2862000.0,0
2004-03-30,2840400.0,2872800.0,2700000.0,2829600.0,2829600.0,0
2004-03-31,2754000.0,3088800.0,2754000.0,3024000.0,3024000.0,0
2004-04-01,3024000.0,3250800.0,2991600.0,3142800.0,3142800.0,1
2004-04-02,3196800.0,3488400.0,3164400.0,3456000.0,3456000.0,0
2004-04-05,3585600.0,3682800.0,3434400.0,3672000.0,3672000.0,0
2004-04-06,3510000.0,3693600.0,3250800.0,3250800.0,3250800.0,0
2004-04-07,3153600.0,3283200.0,3034800.0,3175200.0,3175200.0,0
2004-04-08,3088800.0,3358800.0,3013200.0,3132000.0,3132000.0,0
2004-04-12,3250800.0,3380400.0,3121200.0,3229200.0,3229200.0,0
2004-04-13,3283200.0,3726000.0,3056400.0,3175200.0,3175200.0,1
2004-04-14,3229200.0,3294000.0,3175200.0,3229200.0,3229200.0,0
2004-04-15,3283200.0,3283200.0,2970000.0,3110400.0,3110400.0,0
2004-04-16,2980800.0,3175200.0,2970000.0,3024000.0,3024000.0,0
2004-04-19,3142800.0,3142800.0,2808000.0,2851200.0,2851200.0,0
2004-04-20,2797200.0,3078000.0,2754000.0,2948400.0,2948400.0,0
2004-04-21,3078000.0,3240000.0,2959200.0,3078000.0,3078000.0,0
2004-04-22,2948400.0,3164400.0,2948400.0,3153600.0,3153600.0,0
2004-04-23,3132000.0,3175200.0,3045600.0,3067200.0,3067200.0,0
2004-04-26,3132000.0,3132000.0,2937600.0,2959200.0,2959200.0,0
2004-04-27,3067200.0,3067200.0,2937600.0,2937600.0,2937600.0,0
2004-04-28,2916000.0,2916000.0,2602800.0,2646000.0,2646000.0,0
2004-04-29,2689200.0,2689200.0,2473200.0,2484000.0,2484000.0,0
2004-04-30,2473200.0,2494800.0,2268000.0,2430000.0,2430000.0,0
2004-05-03,2451600.0,2732400.0,2376000.0,2559600.0,2559600.0,0
2004-05-04,2689200.0,2689200.0,2505600.0,2548800.0,2548800.0,0
2004-05-05,2548800.0,2667600.0,2376000.0,2397600.0,2397600.0,0
2004-05-06,2386800.0,2527200.0,2268000.0,2408400.0,2408400.0,0
2004-05-07,2440800.0,2440800.0,2062800.0,2224800.0,2224800.0,0
2004-05-10,2214000.0,2214000.0,2160000.0,2170800.0,2170800.0,0
2004-05-11,2170800.0,2268000.0,2127600.0,2235600.0,2235600.0,0
2004-05-12,2192400.0,2224800.0,2160000.0,2170800.0,2170800.0,0
2004-05-13,2214000.0,2268000.0,2106000.0,2224800.0,2224800.0,0
2004-05-14,2127600.0,2224800.0,2073600.0,2106000.0,2106000.0,0
2004-05-17,2019600.0,2106000.0,1900800.0,2084400.0,2084400.0,0
2004-05-18,2106000.0,2106000.0,1944000.0,2052000.0,2052000.0,0
2004-05-19,1965600.0,2062800.0,1749600.0,1803600.0,1803600.0,0
2004-05-20,1782000.0,1911600.0,1782000.0,1836000.0,1836000.0,0
2004-05-21,1922400.0,1922400.0,1771200.0,1836000.0,1836000.0,0
2004-05-24,1922400.0,1954800.0,1782000.0,1814400.0,1814400.0,0
2004-05-25,1868400.0,1868400.0,1630800.0,1738800.0,1738800.0,0
2004-05-26,1706400.0,1782000.0,1620000.0,1684800.0,1684800.0,0
2004-05-27,1674000.0,1998000.0,1630800.0,1976400.0,1976400.0,0
2004-05-28,2289600.0,2289600.0,1857600.0,1911600.0,1911600.0,0
2004-06-01,2041200.0,2041200.0,1933200.0,1954800.0,1954800.0,0
2004-06-02,1998000.0,2030400.0,1944000.0,1987200.0,1987200.0,0
2004-06-03,2052000.0,2052000.0,1954800.0,2019600.0,2019600.0,0
2004-06-04,2052000.0,2052000.0,1954800.0,1954800.0,1954800.0,0
2004-06-07,2041200.0,2138400.0,1911600.0,1944000.0,1944000.0,0
2004-06-08,2073600.0,2073600.0,1900800.0,1933200.0,1933200.0,0
2004-06-09,1890000.0,1933200.0,1890000.0,1900800.0,1900800.0,0
2004-06-10,1890000.0,1890000.0,1717200.0,1728000.0,1728000.0,0
2004-06-14,1825200.0,1825200.0,1706400.0,1706400.0,1706400.0,0
2004-06-15,1825200.0,1825200.0,1663200.0,1771200.0,1771200.0,0
2004-06-16,1652400.0,1782000.0,1576800.0,1738800.0,1738800.0,0
2004-06-17,1728000.0,1782000.0,1620000.0,1782000.0,1782000.0,0
2004-06-18,1803600.0,2116800.0,1782000.0,2095200.0,2095200.0,0
2004-06-21,1998000.0,2116800.0,1965600.0,2041200.0,2041200.0,0
2004-06-22,2127600.0,2203200.0,2019600.0,2149200.0,2149200.0,0
2004-06-23,2149200.0,2149200.0,1782000.0,1944000.0,1944000.0,0
2004-06-24,1944000.0,1998000.0,1911600.0,1944000.0,1944000.0,0
2004-06-25,1933200.0,1944000.0,1868400.0,1890000.0,1890000.0,0
2004-06-28,1868400.0,1954800.0,1814400.0,1825200.0,1825200.0,0
2004-06-29,1879200.0,1976400.0,1825200.0,1944000.0,1944000.0,0
2004-06-30,1987200.0,2160000.0,1944000.0,2160000.0,2160000.0,0
2004-07-01,2106000.0,2257200.0,2106000.0,2214000.0,2214000.0,0
2004-07-02,2246400.0,2332800.0,2235600.0,2322000.0,2322000.0,0
2004-07-06,2494800.0,2635200.0,2268000.0,2354400.0,2354400.0,1
2004-07-07,2386800.0,2386800.0,1922400.0,1944000.0,1944000.0,1
2004-07-08,2019600.0,2073600.0,1944000.0,1965600.0,1965600.0,0
2004-07-09,1976400.0,1998000.0,1825200.0,1900800.0,1900800.0,0
2004-07-12,1998000.0,1998000.0,1836000.0,1846800.0,1846800.0,0
2004-07-13,1911600.0,1911600.0,1771200.0,1803600.0,1803600.0,0
2004-07-14,1760400.0,1890000.0,1760400.0,1760400.0,1760400.0,0
2004-07-15,1890000.0,1890000.0,1717200.0,1749600.0,1749600.0,0
2004-07-16,1782000.0,1803600.0,1728000.0,1738800.0,1738800.0,0
2004-07-19,1728000.0,1771200.0,1620000.0,1663200.0,1663200.0,0
2004-07-20,1609200.0,1782000.0,1609200.0,1717200.0,1717200.0,0
2004-07-21,1814400.0,1814400.0,1641600.0,1641600.0,1641600.0,0
2004-07-22,1641600.0,1695600.0,1555200.0,1566000.0,1566000.0,0
2004-07-23,1663200.0,1663200.0,1490400.0,1501200.0,1501200.0,0
2004-07-26,1598400.0,1663200.0,1490400.0,1641600.0,1641600.0,0
2004-07-27,1674000.0,1674000.0,1598400.0,1652400.0,1652400.0,0
2004-07-28,1674000.0,1674000.0,1598400.0,1630800.0,1630800.0,0
2004-07-29,1728000.0,1728000.0,1641600.0,1728000.0,1728000.0,0
2004-07-30,1782000.0,2278800.0,1760400.0,2019600.0,2019600.0,0
2004-08-02,2106000.0,2106000.0,1868400.0,1900800.0,1900800.0,0
2004-08-03,1890000.0,1954800.0,1857600.0,1944000.0,1944000.0,0
2004-08-04,2073600.0,2073600.0,1857600.0,1900800.0,1900800.0,0
2004-08-05,1944000.0,1944000.0,1900800.0,1944000.0,1944000.0,0
2004-08-06,1900800.0,1998000.0,1749600.0,1868400.0,1868400.0,0
2004-08-09,1933200.0,1933200.0,1782000.0,1814400.0,1814400.0,0
2004-08-10,1803600.0,1825200.0,1641600.0,1641600.0,1641600.0,0
2004-08-11,1620000.0,1717200.0,1620000.0,1663200.0,1663200.0,0
2004-08-12,1620000.0,1728000.0,1620000.0,1674000.0,1674000.0,0
2004-08-13,1630800.0,1782000.0,1630800.0,1684800.0,1684800.0,0
2004-08-16,1728000.0,1803600.0,1695600.0,1728000.0,1728000.0,0
2004-08-17,1684800.0,1803600.0,1684800.0,1728000.0,1728000.0,0
2004-08-18,1717200.0,1760400.0,1706400.0,1760400.0,1760400.0,0
2004-08-19,1782000.0,1792800.0,1738800.0,1760400.0,1760400.0,0
2004-08-20,1760400.0,1782000.0,1717200.0,1728000.0,1728000.0,0
2004-08-23,1630800.0,1771200.0,1630800.0,1695600.0,1695600.0,0
2004-08-24,1782000.0,1782000.0,1587600.0,1620000.0,1620000.0,0
2004-08-25,1695600.0,1749600.0,1350000.0,1458000.0,1458000.0,0
2004-08-26,1522800.0,1566000.0,1479600.0,1522800.0,1522800.0,0
2004-08-27,1544400.0,1544400.0,1490400.0,1533600.0,1533600.0,0
2004-08-30,1522800.0,1620000.0,1490400.0,1576800.0,1576800.0,0
2004-08-31,1598400.0,1663200.0,1587600.0,1663200.0,1663200.0,0
2004-09-01,1674000.0,1717200.0,1663200.0,1684800.0,1684800.0,0
2004-09-02,1620000.0,1749600.0,1533600.0,1684800.0,1684800.0,0
2004-09-03,1684800.0,1695600.0,1587600.0,1609200.0,1609200.0,0
2004-09-07,1771200.0,1771200.0,1587600.0,1598400.0,1598400.0,0
2004-09-08,1695600.0,1695600.0,1576800.0,1620000.0,1620000.0,0
2004-09-09,1684800.0,1684800.0,1587600.0,1641600.0,1641600.0,0
2004-09-10,1652400.0,1652400.0,1587600.0,1609200.0,1609200.0,0
2004-09-13,1566000.0,1674000.0,1566000.0,1598400.0,1598400.0,0
2004-09-14,1663200.0,1663200.0,1587600.0,1609200.0,1609200.0,0
2004-09-15,1609200.0,1674000.0,1544400.0,1555200.0,1555200.0,0
2004-09-16,1598400.0,1598400.0,1544400.0,1555200.0,1555200.0,0
2004-09-17,1544400.0,1609200.0,1512000.0,1512000.0,1512000.0,0
2004-09-20,1458000.0,1512000.0,1404000.0,1414800.0,1414800.0,0
2004-09-21,1522800.0,1522800.0,1350000.0,1404000.0,1404000.0,0
2004-09-22,1393200.0,1587600.0,1393200.0,1576800.0,1576800.0,0
2004-09-23,1587600.0,1641600.0,1533600.0,1620000.0,1620000.0,0
2004-09-24,1512000.0,1620000.0,1512000.0,1598400.0,1598400.0,0
2004-09-27,1609200.0,1641600.0,1544400.0,1576800.0,1576800.0,0
2004-09-28,1609200.0,1630800.0,1512000.0,1620000.0,1620000.0,0
2004-09-29,1533600.0,1620000.0,1436400.0,1620000.0,1620000.0,0
2004-09-30,1717200.0,1717200.0,1479600.0,1609200.0,1609200.0,0
2004-10-01,1620000.0,1641600.0,1566000.0,1576800.0,1576800.0,0
2004-10-04,1620000.0,1630800.0,1501200.0,1620000.0,1620000.0,0
2004-10-05,1598400.0,1620000.0,1544400.0,1598400.0,1598400.0,0
2004-10-06,1620000.0,1620000.0,1501200.0,1566000.0,1566000.0,0
2004-10-07,1566000.0,1620000.0,1490400.0,1544400.0,1544400.0,0
2004-10-08,1458000.0,1544400.0,1458000.0,1533600.0,1533600.0,0
2004-10-11,1522800.0,1544400.0,1490400.0,1490400.0,1490400.0,0
2004-10-12,1458000.0,1533600.0,1458000.0,1490400.0,1490400.0,0
2004-10-13,1566000.0,1566000.0,1468800.0,1533600.0,1533600.0,0
2004-10-14,1576800.0,1620000.0,1533600.0,1609200.0,1609200.0,0
2004-10-15,1620000.0,1684800.0,1512000.0,1512000.0,1512000.0,0
2004-10-18,1533600.0,1544400.0,1468800.0,1468800.0,1468800.0,0
2004-10-19,1414800.0,1598400.0,1414800.0,1512000.0,1512000.0,0
2004-10-20,1652400.0,1954800.0,1468800.0,1468800.0,1468800.0,0
2004-10-21,1566000.0,1566000.0,1447200.0,1512000.0,1512000.0,0
2004-10-22,1468800.0,1533600.0,1447200.0,1490400.0,1490400.0,0
2004-10-25,1458000.0,1512000.0,1458000.0,1490400.0,1490400.0,0
2004-10-26,1522800.0,1555200.0,1447200.0,1512000.0,1512000.0,0
2004-10-27,1447200.0,1566000.0,1447200.0,1522800.0,1522800.0,0
2004-10-28,1544400.0,1609200.0,1479600.0,1479600.0,1479600.0,0
2004-10-29,1490400.0,1512000.0,1468800.0,1468800.0,1468800.0,0
2004-11-01,1468800.0,1512000.0,1458000.0,1490400.0,1490400.0,0
2004-11-02,1512000.0,1512000.0,1458000.0,1501200.0,1501200.0,0
2004-11-03,1458000.0,1620000.0,1458000.0,1576800.0,1576800.0,0
2004-11-04,1620000.0,1620000.0,1522800.0,1566000.0,1566000.0,0
2004-11-05,1620000.0,1620000.0,1522800.0,1566000.0,1566000.0,0
2004-11-08,1522800.0,1576800.0,1512000.0,1533600.0,1533600.0,0
2004-11-09,1468800.0,1512000.0,1458000.0,1458000.0,1458000.0,0
2004-11-10,1566000.0,1587600.0,1447200.0,1468800.0,1468800.0,0
2004-11-11,1360800.0,1479600.0,1360800.0,1425600.0,1425600.0,0
2004-11-12,1425600.0,1458000.0,1296000.0,1458000.0,1458000.0,0
2004-11-15,1512000.0,1512000.0,1296000.0,1404000.0,1404000.0,0
2004-11-16,1350000.0,1490400.0,1350000.0,1425600.0,1425600.0,0
2004-11-17,1458000.0,1533600.0,1458000.0,1458000.0,1458000.0,0
2004-11-18,1501200.0,1512000.0,1458000.0,1501200.0,1501200.0,0
2004-11-19,1501200.0,1609200.0,1458000.0,1468800.0,1468800.0,0
2004-11-22,1468800.0,1512000.0,1458000.0,1512000.0,1512000.0,0
2004-11-23,1533600.0,1533600.0,1458000.0,1479600.0,1479600.0,0
2004-11-24,1468800.0,1479600.0,1371600.0,1414800.0,1414800.0,0
2004-11-26,1479600.0,1479600.0,1382400.0,1458000.0,1458000.0,0
2004-11-29,1382400.0,1490400.0,1382400.0,1436400.0,1436400.0,0
2004-11-30,1393200.0,1512000.0,1393200.0,1479600.0,1479600.0,0
2004-12-01,1533600.0,1533600.0,1414800.0,1468800.0,1468800.0,0
2004-12-02,1393200.0,1490400.0,1382400.0,1458000.0,1458000.0,0
2004-12-03,1404000.0,1468800.0,1360800.0,1393200.0,1393200.0,0
2004-12-06,1404000.0,1447200.0,1317600.0,1371600.0,1371600.0,0
2004-12-07,1393200.0,1425600.0,1296000.0,1296000.0,1296000.0,0
2004-12-08,1306800.0,1447200.0,1306800.0,1393200.0,1393200.0,0
2004-12-09,1296000.0,1414800.0,1296000.0,1371600.0,1371600.0,0
2004-12-10,1436400.0,1436400.0,1382400.0,1382400.0,1382400.0,0
2004-12-13,1436400.0,1436400.0,1339200.0,1350000.0,1350000.0,0
2004-12-14,1328400.0,1404000.0,1328400.0,1371600.0,1371600.0,0
2004-12-15,1350000.0,1404000.0,1339200.0,1382400.0,1382400.0,0
2004-12-16,1414800.0,1414800.0,1350000.0,1350000.0,1350000.0,0
2004-12-17,1350000.0,1501200.0,1328400.0,1447200.0,1447200.0,1
2004-12-20,1447200.0,1512000.0,1350000.0,1360800.0,1360800.0,0
2004-12-21,1382400.0,1393200.0,1317600.0,1339200.0,1339200.0,0
2004-12-22,1404000.0,1555200.0,1382400.0,1458000.0,1458000.0,1
2004-12-23,1447200.0,1522800.0,1447200.0,1501200.0,1501200.0,0
2004-12-27,1468800.0,1566000.0,1468800.0,1533600.0,1533600.0,0
2004-12-28,1490400.0,1566000.0,1436400.0,1479600.0,1479600.0,0
2004-12-29,1458000.0,1609200.0,1458000.0,1598400.0,1598400.0,0
2004-12-30,1609200.0,1803600.0,1544400.0,1684800.0,1684800.0,0
2004-12-31,1738800.0,1825200.0,1598400.0,1620000.0,1620000.0,0
2005-01-03,1695600.0,1695600.0,1512000.0,1555200.0,1555200.0,0
2005-01-04,1566000.0,1674000.0,1533600.0,1576800.0,1576800.0,0
2005-01-05,1609200.0,1641600.0,1544400.0,1641600.0,1641600.0,0
2005-01-06,1630800.0,1641600.0,1544400.0,1555200.0,1555200.0,0
2005-01-07,1555200.0,1609200.0,1522800.0,1609200.0,1609200.0,0
2005-01-10,1587600.0,1609200.0,1544400.0,1555200.0,1555200.0,0
2005-01-11,1566000.0,1566000.0,1404000.0,1522800.0,1522800.0,0
2005-01-12,1490400.0,1512000.0,1425600.0,1447200.0,1447200.0,0
2005-01-13,1447200.0,1512000.0,1393200.0,1425600.0,1425600.0,0
2005-01-14,1436400.0,1490400.0,1393200.0,1447200.0,1447200.0,0
2005-01-18,1404000.0,1501200.0,1350000.0,1425600.0,1425600.0,0
2005-01-19,1414800.0,1490400.0,1393200.0,1447200.0,1447200.0,0
2005-01-20,1479600.0,1479600.0,1404000.0,1436400.0,1436400.0,0
2005-01-21,1414800.0,1522800.0,1414800.0,1447200.0,1447200.0,0
2005-01-24,1522800.0,1522800.0,1447200.0,1447200.0,1447200.0,0
2005-01-25,1501200.0,1501200.0,1436400.0,1490400.0,1490400.0,0
2005-01-26,1501200.0,1501200.0,1447200.0,1479600.0,1479600.0,0
2005-01-27,1501200.0,1512000.0,1468800.0,1512000.0,1512000.0,0
2005-01-28,1512000.0,1512000.0,1479600.0,1490400.0,1490400.0,0
2005-01-31,1468800.0,1533600.0,1458000.0,1512000.0,1512000.0,0
2005-02-01,1479600.0,1522800.0,1468800.0,1512000.0,1512000.0,0
2005-02-02,1512000.0,1555200.0,1447200.0,1555200.0,1555200.0,0
2005-02-03,1555200.0,1555200.0,1468800.0,1479600.0,1479600.0,0
2005-02-04,1512000.0,1533600.0,1490400.0,1522800.0,1522800.0,0
2005-02-07,1555200.0,1609200.0,1479600.0,1479600.0,1479600.0,0
2005-02-08,1501200.0,1522800.0,1479600.0,1490400.0,1490400.0,0
2005-02-09,1522800.0,1533600.0,1458000.0,1501200.0,1501200.0,0
2005-02-10,1468800.0,1501200.0,1425600.0,1458000.0,1458000.0,0
2005-02-11,1447200.0,1468800.0,1425600.0,1447200.0,1447200.0,0
2005-02-14,1436400.0,1468800.0,1425600.0,1436400.0,1436400.0,0
2005-02-15,1425600.0,1447200.0,1404000.0,1414800.0,1414800.0,0
2005-02-16,1458000.0,1479600.0,1414800.0,1414800.0,1414800.0,0
2005-02-17,1512000.0,1512000.0,1447200.0,1447200.0,1447200.0,0
2005-02-18,1447200.0,1512000.0,1447200.0,1501200.0,1501200.0,0
2005-02-22,1512000.0,1512000.0,1468800.0,1490400.0,1490400.0,0
2005-02-23,1512000.0,1512000.0,1458000.0,1490400.0,1490400.0,0
2005-02-24,1458000.0,1479600.0,1436400.0,1458000.0,1458000.0,0
2005-02-25,1425600.0,1490400.0,1425600.0,1479600.0,1479600.0,0
2005-02-28,1414800.0,1458000.0,1393200.0,1425600.0,1425600.0,0
2005-03-01,1414800.0,1447200.0,1328400.0,1382400.0,1382400.0,0
2005-03-02,1436400.0,1436400.0,1350000.0,1393200.0,1393200.0,0
2005-03-03,1404000.0,1404000.0,1371600.0,1382400.0,1382400.0,0
2005-03-04,1371600.0,1393200.0,1371600.0,1382400.0,1382400.0,0
2005-03-07,1371600.0,1393200.0,1350000.0,1360800.0,1360800.0,0
2005-03-08,1350000.0,1404000.0,1328400.0,1360800.0,1360800.0,0
2005-03-09,1360800.0,1404000.0,1350000.0,1382400.0,1382400.0,0
2005-03-10,1404000.0,1414800.0,1360800.0,1382400.0,1382400.0,0
2005-03-11,1393200.0,1404000.0,1360800.0,1371600.0,1371600.0,0
2005-03-14,1382400.0,1404000.0,1360800.0,1382400.0,1382400.0,0
2005-03-15,1404000.0,1404000.0,1371600.0,1382400.0,1382400.0,0
2005-03-16,1382400.0,1404000.0,1360800.0,1371600.0,1371600.0,0
2005-03-17,1371600.0,1393200.0,1360800.0,1360800.0,1360800.0,0
2005-03-18,1371600.0,1382400.0,1360800.0,1371600.0,1371600.0,0
2005-03-21,1360800.0,1382400.0,1350000.0,1371600.0,1371600.0,0
2005-03-22,1371600.0,1382400.0,1296000.0,1296000.0,1296000.0,0
2005-03-23,1328400.0,1350000.0,1155600.0,1274400.0,1274400.0,0
2005-03-24,1231200.0,1404000.0,1198800.0,1252800.0,1252800.0,0
2005-03-28,1296000.0,1296000.0,1242000.0,1274400.0,1274400.0,0
2005-03-29,1296000.0,1296000.0,1134000.0,1134000.0,1134000.0,0
2005-03-30,1101600.0,1220400.0,1101600.0,1177200.0,1177200.0,0
2005-03-31,1231200.0,1231200.0,1166400.0,1220400.0,1220400.0,0
2005-04-01,1242000.0,1263600.0,1155600.0,1177200.0,1177200.0,0
2005-04-04,1144800.0,1209600.0,1144800.0,1209600.0,1209600.0,0
2005-04-05,1231200.0,1231200.0,1198800.0,1209600.0,1209600.0,0
2005-04-06,1220400.0,1263600.0,1198800.0,1231200.0,1231200.0,0
2005-04-07,1209600.0,1350000.0,1209600.0,1339200.0,1339200.0,0
2005-04-08,1306800.0,1339200.0,1274400.0,1274400.0,1274400.0,0
2005-04-11,1285200.0,1350000.0,1285200.0,1339200.0,1339200.0,0
2005-04-12,1306800.0,1404000.0,1296000.0,1371600.0,1371600.0,0
2005-04-13,1339200.0,1360800.0,1285200.0,1339200.0,1339200.0,0
2005-04-14,1263600.0,1350000.0,1252800.0,1328400.0,1328400.0,0
2005-04-15,1339200.0,1393200.0,1328400.0,1350000.0,1350000.0,0
2005-04-18,1317600.0,1371600.0,1306800.0,1339200.0,1339200.0,0
2005-04-19,1317600.0,1360800.0,1317600.0,1360800.0,1360800.0,0
2005-04-20,1350000.0,1382400.0,1317600.0,1350000.0,1350000.0,0
2005-04-21,1350000.0,1404000.0,1350000.0,1393200.0,1393200.0,0
2005-04-22,1393200.0,1566000.0,1328400.0,1566000.0,1566000.0,0
2005-04-25,1533600.0,1533600.0,1425600.0,1512000.0,1512000.0,0
2005-04-26,1479600.0,1512000.0,1458000.0,1468800.0,1468800.0,0
2005-04-27,1479600.0,1512000.0,1468800.0,1479600.0,1479600.0,0
2005-04-28,1468800.0,1512000.0,1458000.0,1479600.0,1479600.0,0
2005-04-29,1501200.0,1512000.0,1447200.0,1479600.0,1479600.0,0
2005-05-02,1479600.0,1512000.0,1447200.0,1479600.0,1479600.0,0
2005-05-03,1458000.0,1512000.0,1458000.0,1490400.0,1490400.0,0
2005-05-04,1490400.0,1490400.0,1447200.0,1447200.0,1447200.0,0
2005-05-05,1447200.0,1501200.0,1447200.0,1458000.0,1458000.0,0
2005-05-06,1458000.0,1479600.0,1436400.0,1458000.0,1458000.0,0
2005-05-09,1468800.0,1468800.0,1436400.0,1468800.0,1468800.0,0
2005-05-10,1501200.0,1501200.0,1436400.0,1490400.0,1490400.0,0
2005-05-11,1458000.0,1490400.0,1458000.0,1458000.0,1458000.0,0
2005-05-12,1458000.0,1479600.0,1414800.0,1414800.0,1414800.0,0
2005-05-13,1468800.0,1468800.0,1404000.0,1425600.0,1425600.0,0
2005-05-16,1436400.0,1447200.0,1414800.0,1436400.0,1436400.0,0
2005-05-17,1404000.0,1458000.0,1242000.0,1306800.0,1306800.0,0
2005-05-18,1274400.0,1404000.0,1220400.0,1317600.0,1317600.0,0
2005-05-19,1328400.0,1328400.0,1242000.0,1285200.0,1285200.0,0
2005-05-20,1285200.0,1393200.0,1285200.0,1350000.0,1350000.0,0
2005-05-23,1350000.0,1350000.0,1285200.0,1285200.0,1285200.0,0
2005-05-24,1350000.0,1382400.0,1263600.0,1296000.0,1296000.0,0
2005-05-25,1339200.0,1404000.0,1306800.0,1404000.0,1404000.0,0
2005-05-26,1404000.0,1436400.0,1317600.0,1425600.0,1425600.0,0
2005-05-27,1393200.0,1425600.0,1350000.0,1404000.0,1404000.0,0
2005-05-31,1414800.0,1414800.0,1360800.0,1404000.0,1404000.0,0
2005-06-01,1447200.0,1501200.0,1360800.0,1404000.0,1404000.0,0
2005-06-02,1339200.0,1414800.0,1339200.0,1404000.0,1404000.0,0
2005-06-03,1404000.0,1414800.0,1382400.0,1393200.0,1393200.0,0
2005-06-06,1414800.0,1425600.0,1371600.0,1404000.0,1404000.0,0
2005-06-07,1393200.0,1425600.0,1393200.0,1414800.0,1414800.0,0
2005-06-08,1414800.0,1436400.0,1382400.0,1414800.0,1414800.0,0
2005-06-09,1414800.0,1479600.0,1393200.0,1479600.0,1479600.0,0
2005-06-10,1512000.0,1512000.0,1404000.0,1436400.0,1436400.0,0
2005-06-13,1468800.0,1479600.0,1436400.0,1458000.0,1458000.0,0
2005-06-14,1458000.0,1458000.0,1393200.0,1393200.0,1393200.0,0
2005-06-15,1404000.0,1404000.0,1382400.0,1382400.0,1382400.0,0
2005-06-16,1350000.0,1479600.0,1350000.0,1414800.0,1414800.0,0
2005-06-17,1458000.0,1458000.0,1382400.0,1414800.0,1414800.0,0
2005-06-20,1414800.0,1425600.0,1350000.0,1404000.0,1404000.0,0
2005-06-21,1425600.0,1458000.0,1404000.0,1447200.0,1447200.0,0
2005-06-22,1447200.0,1447200.0,1382400.0,1404000.0,1404000.0,0
2005-06-23,1425600.0,1425600.0,1220400.0,1393200.0,1393200.0,0
2005-06-24,1404000.0,1414800.0,1360800.0,1382400.0,1382400.0,0
2005-06-27,1404000.0,1414800.0,1360800.0,1371600.0,1371600.0,0
2005-06-28,1404000.0,1404000.0,1360800.0,1404000.0,1404000.0,0
2005-06-29,1393200.0,1404000.0,1382400.0,1382400.0,1382400.0,0
2005-06-30,1404000.0,1404000.0,1382400.0,1404000.0,1404000.0,0
2005-07-01,1393200.0,1404000.0,1382400.0,1404000.0,1404000.0,0
2005-07-05,1404000.0,1425600.0,1382400.0,1393200.0,1393200.0,0
2005-07-06,1393200.0,1425600.0,1371600.0,1382400.0,1382400.0,0
2005-07-07,1382400.0,1404000.0,1360800.0,1360800.0,1360800.0,0
2005-07-08,1360800.0,1382400.0,1350000.0,1360800.0,1360800.0,0
2005-07-11,1360800.0,1414800.0,1350000.0,1393200.0,1393200.0,0
2005-07-12,1393200.0,1425600.0,1371600.0,1393200.0,1393200.0,0
2005-07-13,1393200.0,1458000.0,1393200.0,1447200.0,1447200.0,0
2005-07-14,1447200.0,1479600.0,1425600.0,1468800.0,1468800.0,0
2005-07-15,1512000.0,1512000.0,1468800.0,1512000.0,1512000.0,0
2005-07-18,1490400.0,1555200.0,1458000.0,1544400.0,1544400.0,0
2005-07-19,1566000.0,1771200.0,1533600.0,1695600.0,1695600.0,1
2005-07-20,1706400.0,1771200.0,1652400.0,1684800.0,1684800.0,0
2005-07-21,1717200.0,1717200.0,1652400.0,1663200.0,1663200.0,0
2005-07-22,1663200.0,1846800.0,1576800.0,1728000.0,1728000.0,0
2005-07-25,1933200.0,1987200.0,1738800.0,1933200.0,1933200.0,0
2005-07-26,2052000.0,2106000.0,1944000.0,1998000.0,1998000.0,1
2005-07-27,2030400.0,2052000.0,1998000.0,2008800.0,2008800.0,0
2005-07-28,2041200.0,2041200.0,1803600.0,1825200.0,1825200.0,0
2005-07-29,1803600.0,1944000.0,1803600.0,1825200.0,1825200.0,0
2005-08-01,1836000.0,1933200.0,1825200.0,1911600.0,1911600.0,0
2005-08-02,1911600.0,1911600.0,1782000.0,1857600.0,1857600.0,0
2005-08-03,1846800.0,1857600.0,1792800.0,1792800.0,1792800.0,0
2005-08-04,1792800.0,1803600.0,1738800.0,1749600.0,1749600.0,0
2005-08-05,1890000.0,2052000.0,1857600.0,1965600.0,1965600.0,1
2005-08-08,2008800.0,2160000.0,1782000.0,1836000.0,1836000.0,1
2005-08-09,1965600.0,1965600.0,1695600.0,1695600.0,1695600.0,0
2005-08-10,1728000.0,1857600.0,1674000.0,1782000.0,1782000.0,0
2005-08-11,1803600.0,1890000.0,1738800.0,1890000.0,1890000.0,0
2005-08-12,1933200.0,1954800.0,1782000.0,1900800.0,1900800.0,0
2005-08-15,1879200.0,1922400.0,1782000.0,1782000.0,1782000.0,0
2005-08-16,1814400.0,1857600.0,1728000.0,1814400.0,1814400.0,0
2005-08-17,1857600.0,1857600.0,1749600.0,1760400.0,1760400.0,0
2005-08-18,1728000.0,1760400.0,1695600.0,1706400.0,1706400.0,0
2005-08-19,1695600.0,1771200.0,1630800.0,1652400.0,1652400.0,0
2005-08-22,1814400.0,1836000.0,1717200.0,1836000.0,1836000.0,0
2005-08-23,1879200.0,1879200.0,1749600.0,1836000.0,1836000.0,0
2005-08-24,1890000.0,1890000.0,1782000.0,1814400.0,1814400.0,0
2005-08-25,1900800.0,1911600.0,1814400.0,1857600.0,1857600.0,1
2005-08-26,1922400.0,1922400.0,1868400.0,1868400.0,1868400.0,0
2005-08-29,1911600.0,1911600.0,1836000.0,1890000.0,1890000.0,1
2005-08-30,1911600.0,1933200.0,1868400.0,1879200.0,1879200.0,0
2005-08-31,1890000.0,1933200.0,1879200.0,1911600.0,1911600.0,0
2005-09-01,1911600.0,1976400.0,1911600.0,1922400.0,1922400.0,1
2005-09-02,1954800.0,1954800.0,1911600.0,1944000.0,1944000.0,0
2005-09-06,1965600.0,2008800.0,1933200.0,1965600.0,1965600.0,0
2005-09-07,2008800.0,2008800.0,1900800.0,1922400.0,1922400.0,0
2005-09-08,1933200.0,1954800.0,1890000.0,1933200.0,1933200.0,0
2005-09-09,1965600.0,2041200.0,1933200.0,1987200.0,1987200.0,1
2005-09-12,1987200.0,2289600.0,1965600.0,2192400.0,2192400.0,1
2005-09-13,2235600.0,2386800.0,2192400.0,2386800.0,2386800.0,2
2005-09-14,2451600.0,2548800.0,2354400.0,2419200.0,2419200.0,2
2005-09-15,2743200.0,2764800.0,2062800.0,2192400.0,2192400.0,7
2005-09-16,2138400.0,2160000.0,1944000.0,1954800.0,1954800.0,2
2005-09-19,2084400.0,2084400.0,1900800.0,1965600.0,1965600.0,1
2005-09-20,1922400.0,1998000.0,1663200.0,1760400.0,1760400.0,2
2005-09-21,1792800.0,1857600.0,1749600.0,1749600.0,1749600.0,1
2005-09-22,1814400.0,1814400.0,1706400.0,1717200.0,1717200.0,0
2005-09-23,1749600.0,1814400.0,1749600.0,1771200.0,1771200.0,0
2005-09-26,1749600.0,1846800.0,1695600.0,1706400.0,1706400.0,0
2005-09-27,1717200.0,1749600.0,1674000.0,1684800.0,1684800.0,1
2005-09-28,1674000.0,1728000.0,1674000.0,1684800.0,1684800.0,0
2005-09-29,1706400.0,1706400.0,1641600.0,1663200.0,1663200.0,0
2005-09-30,1684800.0,1728000.0,1684800.0,1717200.0,1717200.0,0
2005-10-03,1760400.0,1760400.0,1609200.0,1663200.0,1663200.0,1
2005-10-04,1652400.0,1717200.0,1620000.0,1674000.0,1674000.0,0
2005-10-05,1695600.0,1706400.0,1674000.0,1695600.0,1695600.0,0
2005-10-06,1695600.0,1706400.0,1663200.0,1706400.0,1706400.0,0
2005-10-07,1717200.0,1717200.0,1652400.0,1652400.0,1652400.0,0
2005-10-10,1630800.0,1663200.0,1598400.0,1620000.0,1620000.0,0
2005-10-11,1609200.0,1674000.0,1522800.0,1544400.0,1544400.0,0
2005-10-12,1522800.0,1630800.0,1522800.0,1630800.0,1630800.0,0
2005-10-13,1652400.0,1652400.0,1544400.0,1555200.0,1555200.0,0
2005-10-14,1598400.0,1630800.0,1533600.0,1555200.0,1555200.0,0
2005-10-17,1620000.0,1641600.0,1566000.0,1587600.0,1587600.0,0
2005-10-18,1598400.0,1598400.0,1522800.0,1576800.0,1576800.0,0
2005-10-19,1566000.0,1598400.0,1522800.0,1533600.0,1533600.0,0
2005-10-20,1566000.0,1566000.0,1490400.0,1490400.0,1490400.0,0
2005-10-21,1490400.0,1501200.0,1404000.0,1414800.0,1414800.0,0
2005-10-24,1350000.0,1414800.0,1328400.0,1382400.0,1382400.0,1
2005-10-25,1458000.0,1458000.0,1350000.0,1414800.0,1414800.0,0
2005-10-26,1414800.0,1414800.0,1371600.0,1371600.0,1371600.0,0
2005-10-27,1490400.0,1490400.0,1339200.0,1350000.0,1350000.0,0
2005-10-28,1350000.0,1404000.0,1317600.0,1339200.0,1339200.0,0
2005-10-31,1350000.0,1404000.0,1339200.0,1360800.0,1360800.0,0
2005-11-01,1371600.0,1371600.0,1328400.0,1339200.0,1339200.0,0
2005-11-02,1328400.0,1350000.0,1274400.0,1296000.0,1296000.0,0
2005-11-03,1296000.0,1425600.0,1296000.0,1328400.0,1328400.0,0
2005-11-04,1317600.0,1339200.0,1317600.0,1339200.0,1339200.0,0
2005-11-07,1339200.0,1393200.0,1328400.0,1350000.0,1350000.0,0
2005-11-08,1339200.0,1393200.0,1328400.0,1360800.0,1360800.0,0
2005-11-09,1350000.0,1404000.0,1328400.0,1350000.0,1350000.0,0
2005-11-10,1404000.0,1404000.0,1296000.0,1328400.0,1328400.0,0
2005-11-11,1306800.0,1328400.0,1285200.0,1306800.0,1306800.0,0
2005-11-14,1296000.0,1360800.0,1285200.0,1285200.0,1285200.0,0
2005-11-15,1296000.0,1296000.0,1263600.0,1285200.0,1285200.0,0
2005-11-16,1263600.0,1274400.0,1220400.0,1263600.0,1263600.0,0
2005-11-17,1242000.0,1263600.0,1188000.0,1188000.0,1188000.0,0
2005-11-18,1188000.0,1252800.0,1134000.0,1231200.0,1231200.0,0
2005-11-21,1231200.0,1242000.0,1188000.0,1198800.0,1198800.0,0
2005-11-22,1188000.0,1231200.0,1134000.0,1134000.0,1134000.0,2
2005-11-23,1112400.0,1188000.0,1090800.0,1166400.0,1166400.0,1
2005-11-25,1188000.0,1242000.0,1144800.0,1209600.0,1209600.0,0
2005-11-28,1231200.0,1231200.0,1177200.0,1198800.0,1198800.0,0
2005-11-29,1209600.0,1231200.0,1144800.0,1198800.0,1198800.0,0
2005-11-30,1188000.0,1231200.0,1166400.0,1188000.0,1188000.0,0
2005-12-01,1177200.0,1231200.0,1166400.0,1209600.0,1209600.0,0
2005-12-02,1188000.0,1231200.0,1155600.0,1188000.0,1188000.0,0
2005-12-05,1166400.0,1252800.0,1134000.0,1177200.0,1177200.0,0
2005-12-06,1155600.0,1198800.0,1144800.0,1155600.0,1155600.0,0
2005-12-07,1155600.0,1155600.0,1101600.0,1112400.0,1112400.0,0
2005-12-08,1112400.0,1144800.0,1101600.0,1112400.0,1112400.0,0
2005-12-09,1112400.0,1155600.0,1112400.0,1123200.0,1123200.0,0
2005-12-12,1112400.0,1134000.0,972000.0,993600.0,993600.0,1
2005-12-13,993600.0,1015200.0,907200.0,972000.0,972000.0,1
2005-12-14,1015200.0,1015200.0,961200.0,993600.0,993600.0,0
2005-12-15,864000.0,1015200.0,864000.0,874800.0,874800.0,1
2005-12-16,885600.0,972000.0,842400.0,896400.0,896400.0,1
2005-12-19,972000.0,972000.0,864000.0,864000.0,864000.0,1
2005-12-20,842400.0,885600.0,820800.0,820800.0,820800.0,1
2005-12-21,842400.0,864000.0,810000.0,810000.0,810000.0,0
2005-12-22,810000.0,864000.0,766800.0,810000.0,810000.0,1
2005-12-23,788400.0,907200.0,788400.0,820800.0,820800.0,0
2005-12-27,810000.0,820800.0,788400.0,788400.0,788400.0,1
2005-12-28,788400.0,810000.0,788400.0,799200.0,799200.0,1
2005-12-29,788400.0,864000.0,788400.0,864000.0,864000.0,1
2005-12-30,864000.0,874800.0,820800.0,831600.0,831600.0,0
2006-01-03,864000.0,896400.0,820800.0,885600.0,885600.0,0
2006-01-04,885600.0,972000.0,885600.0,918000.0,918000.0,0
2006-01-05,918000.0,939600.0,864000.0,928800.0,928800.0,1
2006-01-06,918000.0,961200.0,756000.0,810000.0,810000.0,1
2006-01-09,820800.0,842400.0,799200.0,810000.0,810000.0,0
2006-01-10,810000.0,820800.0,788400.0,788400.0,788400.0,0
2006-01-11,788400.0,810000.0,756000.0,777600.0,777600.0,0
2006-01-12,766800.0,820800.0,766800.0,799200.0,799200.0,1
2006-01-13,799200.0,799200.0,702000.0,777600.0,777600.0,0
2006-01-17,799200.0,864000.0,756000.0,864000.0,864000.0,1
2006-01-18,864000.0,950400.0,853200.0,928800.0,928800.0,1
2006-01-19,982800.0,1026000.0,939600.0,972000.0,972000.0,2
2006-01-20,1015200.0,1015200.0,939600.0,961200.0,961200.0,0
2006-01-23,961200.0,1026000.0,961200.0,993600.0,993600.0,0
2006-01-24,1004400.0,1004400.0,950400.0,972000.0,972000.0,0
2006-01-25,993600.0,1134000.0,961200.0,1080000.0,1080000.0,1
2006-01-26,1123200.0,1144800.0,1015200.0,1036800.0,1036800.0,1
2006-01-27,1080000.0,1080000.0,993600.0,1036800.0,1036800.0,0
2006-01-30,1069200.0,1069200.0,1004400.0,1036800.0,1036800.0,0
2006-01-31,1069200.0,1155600.0,1058400.0,1134000.0,1134000.0,1
2006-02-01,1209600.0,1242000.0,1134000.0,1188000.0,1188000.0,1
2006-02-02,1242000.0,1242000.0,1123200.0,1198800.0,1198800.0,1
2006-02-03,1188000.0,1220400.0,1144800.0,1188000.0,1188000.0,0
2006-02-06,1220400.0,1220400.0,1144800.0,1209600.0,1209600.0,0
2006-02-07,1242000.0,1242000.0,1155600.0,1220400.0,1220400.0,0
2006-02-08,1209600.0,1220400.0,1144800.0,1144800.0,1144800.0,0
2006-02-09,1144800.0,1188000.0,1134000.0,1144800.0,1144800.0,0
2006-02-10,1123200.0,1144800.0,1123200.0,1123200.0,1123200.0,0
2006-02-13,1144800.0,1144800.0,1090800.0,1090800.0,1090800.0,0
2006-02-14,1080000.0,1144800.0,1047600.0,1080000.0,1080000.0,0
2006-02-15,1101600.0,1101600.0,1069200.0,1080000.0,1080000.0,0
2006-02-16,1080000.0,1177200.0,1080000.0,1144800.0,1144800.0,0
2006-02-17,1134000.0,1198800.0,1134000.0,1177200.0,1177200.0,0
2006-02-21,1155600.0,1198800.0,1101600.0,1112400.0,1112400.0,1
2006-02-22,1112400.0,1144800.0,1101600.0,1123200.0,1123200.0,0
2006-02-23,1123200.0,1155600.0,1101600.0,1112400.0,1112400.0,0
2006-02-24,1112400.0,1144800.0,1112400.0,1144800.0,1144800.0,0
2006-02-27,1134000.0,1144800.0,1090800.0,1112400.0,1112400.0,0
2006-02-28,1090800.0,1123200.0,1080000.0,1112400.0,1112400.0,0
2006-03-01,1123200.0,1188000.0,1080000.0,1177200.0,1177200.0,0
2006-03-02,1166400.0,1177200.0,1134000.0,1166400.0,1166400.0,0
2006-03-03,1166400.0,1177200.0,1101600.0,1101600.0,1101600.0,0
2006-03-06,1123200.0,1134000.0,1090800.0,1112400.0,1112400.0,0
2006-03-07,1112400.0,1144800.0,1090800.0,1134000.0,1134000.0,0
2006-03-08,1134000.0,1134000.0,1090800.0,1134000.0,1134000.0,0
2006-03-09,1155600.0,1166400.0,1134000.0,1144800.0,1144800.0,0
2006-03-10,1123200.0,1166400.0,1112400.0,1134000.0,1134000.0,0
2006-03-13,1123200.0,1166400.0,1101600.0,1123200.0,1123200.0,0
2006-03-14,1112400.0,1134000.0,1080000.0,1080000.0,1080000.0,0
2006-03-15,1080000.0,1123200.0,1080000.0,1090800.0,1090800.0,0
2006-03-16,1112400.0,1144800.0,1090800.0,1134000.0,1134000.0,0
2006-03-17,1112400.0,1123200.0,1047600.0,1080000.0,1080000.0,0
2006-03-20,1101600.0,1112400.0,1080000.0,1101600.0,1101600.0,0
2006-03-21,1123200.0,1123200.0,1058400.0,1058400.0,1058400.0,0
2006-03-22,1058400.0,1090800.0,1026000.0,1047600.0,1047600.0,0
2006-03-23,1069200.0,1080000.0,1015200.0,1026000.0,1026000.0,0
2006-03-24,1026000.0,1036800.0,1015200.0,1015200.0,1015200.0,0
2006-03-27,993600.0,1015200.0,972000.0,972000.0,972000.0,0
2006-03-28,972000.0,982800.0,907200.0,928800.0,928800.0,0
2006-03-29,918000.0,950400.0,864000.0,939600.0,939600.0,0
2006-03-30,928800.0,939600.0,918000.0,928800.0,928800.0,0
2006-03-31,918000.0,961200.0,918000.0,939600.0,939600.0,0
2006-04-03,928800.0,950400.0,918000.0,928800.0,928800.0,0
2006-04-04,972000.0,972000.0,896400.0,896400.0,896400.0,0
2006-04-05,939600.0,961200.0,885600.0,918000.0,918000.0,0
2006-04-06,896400.0,907200.0,864000.0,885600.0,885600.0,0
2006-04-07,874800.0,918000.0,864000.0,896400.0,896400.0,0
2006-04-10,864000.0,972000.0,864000.0,918000.0,918000.0,0
2006-04-11,874800.0,918000.0,874800.0,896400.0,896400.0,0
2006-04-12,896400.0,950400.0,885600.0,939600.0,939600.0,0
2006-04-13,907200.0,928800.0,885600.0,896400.0,896400.0,0
2006-04-17,907200.0,918000.0,885600.0,918000.0,918000.0,0
2006-04-18,907200.0,907200.0,874800.0,874800.0,874800.0,0
2006-04-19,874800.0,874800.0,864000.0,864000.0,864000.0,0
2006-04-20,864000.0,885600.0,864000.0,885600.0,885600.0,0
2006-04-21,885600.0,907200.0,885600.0,896400.0,896400.0,0
2006-04-24,896400.0,928800.0,885600.0,928800.0,928800.0,0
2006-04-25,907200.0,928800.0,874800.0,896400.0,896400.0,0
2006-04-26,864000.0,918000.0,864000.0,874800.0,874800.0,0
2006-04-27,864000.0,896400.0,864000.0,864000.0,864000.0,0
2006-04-28,864000.0,896400.0,864000.0,864000.0,864000.0,0
2006-05-01,864000.0,885600.0,864000.0,864000.0,864000.0,0
2006-05-02,864000.0,864000.0,842400.0,842400.0,842400.0,0
2006-05-03,842400.0,864000.0,831600.0,842400.0,842400.0,0
2006-05-04,831600.0,864000.0,831600.0,853200.0,853200.0,0
2006-05-05,831600.0,918000.0,831600.0,907200.0,907200.0,0
2006-05-08,918000.0,950400.0,896400.0,896400.0,896400.0,0
2006-05-09,885600.0,885600.0,820800.0,831600.0,831600.0,0
2006-05-10,810000.0,885600.0,799200.0,810000.0,810000.0,0
2006-05-11,810000.0,820800.0,799200.0,810000.0,810000.0,0
2006-05-12,820800.0,820800.0,777600.0,777600.0,777600.0,0
2006-05-15,777600.0,777600.0,723600.0,745200.0,745200.0,0
2006-05-16,712800.0,788400.0,702000.0,756000.0,756000.0,0
2006-05-17,777600.0,820800.0,712800.0,723600.0,723600.0,0
2006-05-18,734400.0,799200.0,734400.0,745200.0,745200.0,0
2006-05-19,734400.0,756000.0,626400.0,702000.0,702000.0,0
2006-05-22,648000.0,723600.0,648000.0,658800.0,658800.0,0
2006-05-23,648000.0,680400.0,583200.0,615600.0,615600.0,0
2006-05-24,604800.0,648000.0,561600.0,604800.0,604800.0,0
2006-05-25,604800.0,702000.0,507600.0,702000.0,702000.0,0
2006-05-26,745200.0,745200.0,691200.0,734400.0,734400.0,0
2006-05-30,702000.0,788400.0,702000.0,777600.0,777600.0,0
2006-05-31,745200.0,777600.0,745200.0,745200.0,745200.0,0
2006-06-01,723600.0,734400.0,702000.0,723600.0,723600.0,0
2006-06-02,702000.0,734400.0,626400.0,723600.0,723600.0,0
2006-06-05,680400.0,723600.0,680400.0,723600.0,723600.0,0
2006-06-06,680400.0,777600.0,680400.0,745200.0,745200.0,0
2006-06-07,702000.0,756000.0,702000.0,745200.0,745200.0,0
2006-06-08,745200.0,777600.0,691200.0,712800.0,712800.0,0
2006-06-09,745200.0,788400.0,691200.0,756000.0,756000.0,0
2006-06-12,918000.0,918000.0,691200.0,885600.0,885600.0,0
2006-06-13,874800.0,874800.0,723600.0,723600.0,723600.0,0
2006-06-14,766800.0,842400.0,745200.0,777600.0,777600.0,0
2006-06-15,842400.0,842400.0,756000.0,766800.0,766800.0,0
2006-06-16,810000.0,820800.0,756000.0,820800.0,820800.0,0
2006-06-19,820800.0,842400.0,756000.0,820800.0,820800.0,0
2006-06-20,799200.0,820800.0,756000.0,756000.0,756000.0,0
2006-06-21,766800.0,810000.0,756000.0,799200.0,799200.0,0
2006-06-22,810000.0,810000.0,766800.0,777600.0,777600.0,0
2006-06-23,810000.0,810000.0,766800.0,788400.0,788400.0,0
2006-06-26,766800.0,788400.0,745200.0,777600.0,777600.0,0
2006-06-27,745200.0,777600.0,723600.0,723600.0,723600.0,0
2006-06-28,723600.0,788400.0,702000.0,766800.0,766800.0,0
2006-06-29,766800.0,777600.0,723600.0,777600.0,777600.0,0
2006-06-30,777600.0,788400.0,658800.0,658800.0,658800.0,0
2006-07-03,820800.0,820800.0,712800.0,777600.0,777600.0,0
2006-07-05,702000.0,756000.0,702000.0,756000.0,756000.0,0
2006-07-06,734400.0,777600.0,702000.0,745200.0,745200.0,0
2006-07-07,788400.0,820800.0,712800.0,777600.0,777600.0,0
2006-07-10,723600.0,799200.0,723600.0,756000.0,756000.0,0
2006-07-11,799200.0,799200.0,723600.0,788400.0,788400.0,0
2006-07-12,756000.0,842400.0,723600.0,810000.0,810000.0,0
2006-07-13,756000.0,810000.0,756000.0,788400.0,788400.0,0
2006-07-14,756000.0,853200.0,756000.0,820800.0,820800.0,0
2006-07-17,799200.0,820800.0,766800.0,788400.0,788400.0,0
2006-07-18,853200.0,853200.0,734400.0,853200.0,853200.0,0
2006-07-19,864000.0,864000.0,810000.0,842400.0,842400.0,0
2006-07-20,777600.0,853200.0,777600.0,831600.0,831600.0,0
2006-07-21,820800.0,853200.0,810000.0,831600.0,831600.0,0
2006-07-24,810000.0,874800.0,810000.0,874800.0,874800.0,0
2006-07-25,896400.0,896400.0,820800.0,874800.0,874800.0,0
2006-07-26,896400.0,896400.0,788400.0,864000.0,864000.0,0
2006-07-27,831600.0,885600.0,810000.0,831600.0,831600.0,0
2006-07-28,810000.0,874800.0,810000.0,831600.0,831600.0,0
2006-07-31,820800.0,864000.0,820800.0,842400.0,842400.0,0
2006-08-01,842400.0,842400.0,810000.0,820800.0,820800.0,0
2006-08-02,820800.0,842400.0,788400.0,831600.0,831600.0,0
2006-08-03,810000.0,874800.0,810000.0,874800.0,874800.0,0
2006-08-04,853200.0,885600.0,842400.0,874800.0,874800.0,0
2006-08-07,874800.0,982800.0,842400.0,928800.0,928800.0,0
2006-08-08,982800.0,982800.0,853200.0,950400.0,950400.0,0
2006-08-09,961200.0,972000.0,864000.0,918000.0,918000.0,0
2006-08-10,820800.0,950400.0,820800.0,918000.0,918000.0,0
2006-08-11,874800.0,885600.0,853200.0,885600.0,885600.0,0
2006-08-14,842400.0,918000.0,831600.0,864000.0,864000.0,0
2006-08-15,928800.0,928800.0,820800.0,820800.0,820800.0,0
2006-08-16,820800.0,874800.0,820800.0,874800.0,874800.0,0
2006-08-17,831600.0,864000.0,831600.0,842400.0,842400.0,0
2006-08-18,831600.0,864000.0,831600.0,853200.0,853200.0,0
2006-08-21,831600.0,874800.0,831600.0,874800.0,874800.0,0
2006-08-22,874800.0,874800.0,853200.0,874800.0,874800.0,0
2006-08-23,907200.0,907200.0,853200.0,874800.0,874800.0,0
2006-08-24,907200.0,907200.0,853200.0,864000.0,864000.0,0
2006-08-25,853200.0,874800.0,853200.0,874800.0,874800.0,0
2006-08-28,864000.0,885600.0,853200.0,853200.0,853200.0,0
2006-08-29,853200.0,885600.0,853200.0,885600.0,885600.0,0
2006-08-30,885600.0,885600.0,853200.0,874800.0,874800.0,0
2006-08-31,885600.0,918000.0,853200.0,853200.0,853200.0,0
2006-09-01,853200.0,885600.0,842400.0,853200.0,853200.0,0
2006-09-05,842400.0,864000.0,842400.0,853200.0,853200.0,0
2006-09-06,864000.0,874800.0,842400.0,864000.0,864000.0,0
2006-09-07,842400.0,853200.0,842400.0,842400.0,842400.0,0
2006-09-08,864000.0,896400.0,864000.0,864000.0,864000.0,0
2006-09-11,864000.0,874800.0,853200.0,864000.0,864000.0,0
2006-09-12,853200.0,885600.0,842400.0,885600.0,885600.0,0
2006-09-13,864000.0,864000.0,853200.0,853200.0,853200.0,0
2006-09-14,853200.0,864000.0,842400.0,842400.0,842400.0,0
2006-09-15,842400.0,853200.0,820800.0,820800.0,820800.0,0
2006-09-18,842400.0,842400.0,756000.0,777600.0,777600.0,0
2006-09-19,766800.0,799200.0,766800.0,788400.0,788400.0,0
2006-09-20,788400.0,799200.0,788400.0,788400.0,788400.0,0
2006-09-21,788400.0,799200.0,756000.0,766800.0,766800.0,0
2006-09-22,777600.0,777600.0,745200.0,756000.0,756000.0,0
2006-09-25,745200.0,745200.0,702000.0,712800.0,712800.0,0
2006-09-26,702000.0,723600.0,648000.0,669600.0,669600.0,0
2006-09-27,669600.0,734400.0,669600.0,680400.0,680400.0,0
2006-09-28,691200.0,691200.0,669600.0,680400.0,680400.0,0
2006-09-29,669600.0,680400.0,669600.0,680400.0,680400.0,0
2006-10-02,669600.0,680400.0,658800.0,669600.0,669600.0,0
2006-10-03,669600.0,680400.0,648000.0,669600.0,669600.0,0
2006-10-04,680400.0,680400.0,648000.0,680400.0,680400.0,0
2006-10-05,680400.0,680400.0,648000.0,680400.0,680400.0,0
2006-10-06,658800.0,680400.0,658800.0,680400.0,680400.0,0
2006-10-09,648000.0,658800.0,626400.0,637200.0,637200.0,0
2006-10-10,594000.0,626400.0,561600.0,604800.0,604800.0,0
2006-10-11,561600.0,594000.0,561600.0,561600.0,561600.0,0
2006-10-12,572400.0,637200.0,540000.0,626400.0,626400.0,0
2006-10-13,604800.0,658800.0,561600.0,658800.0,658800.0,0
2006-10-16,594000.0,658800.0,594000.0,648000.0,648000.0,0
2006-10-17,626400.0,669600.0,626400.0,658800.0,658800.0,0
2006-10-18,648000.0,691200.0,615600.0,615600.0,615600.0,1
2006-10-19,594000.0,637200.0,594000.0,626400.0,626400.0,0
2006-10-20,615600.0,615600.0,583200.0,583200.0,583200.0,0
2006-10-23,540000.0,572400.0,518400.0,540000.0,540000.0,0
2006-10-24,540000.0,572400.0,518400.0,550800.0,550800.0,0
2006-10-25,518400.0,572400.0,518400.0,561600.0,561600.0,0
2006-10-26,540000.0,594000.0,529200.0,550800.0,550800.0,0
2006-10-27,540000.0,561600.0,518400.0,550800.0,550800.0,0
2006-10-30,518400.0,561600.0,518400.0,529200.0,529200.0,0
2006-10-31,518400.0,540000.0,518400.0,529200.0,529200.0,0
2006-11-01,540000.0,540000.0,529200.0,529200.0,529200.0,0
2006-11-02,529200.0,583200.0,518400.0,583200.0,583200.0,0
2006-11-03,561600.0,594000.0,540000.0,594000.0,594000.0,0
2006-11-06,561600.0,615600.0,561600.0,615600.0,615600.0,0
2006-11-07,594000.0,615600.0,572400.0,583200.0,583200.0,0
2006-11-08,583200.0,594000.0,561600.0,583200.0,583200.0,0
2006-11-09,583200.0,583200.0,561600.0,572400.0,572400.0,0
2006-11-10,540000.0,550800.0,529200.0,540000.0,540000.0,0
2006-11-13,550800.0,583200.0,529200.0,550800.0,550800.0,0
2006-11-14,561600.0,583200.0,540000.0,550800.0,550800.0,0
2006-11-15,540000.0,583200.0,529200.0,540000.0,540000.0,0
2006-11-16,529200.0,648000.0,529200.0,540000.0,540000.0,0
2006-11-17,550800.0,561600.0,540000.0,540000.0,540000.0,0
2006-11-20,550800.0,561600.0,529200.0,529200.0,529200.0,0
2006-11-21,529200.0,540000.0,518400.0,529200.0,529200.0,0
2006-11-22,518400.0,550800.0,518400.0,540000.0,540000.0,0
2006-11-24,529200.0,550800.0,518400.0,529200.0,529200.0,0
2006-11-27,529200.0,583200.0,529200.0,550800.0,550800.0,0
2006-11-28,550800.0,583200.0,529200.0,529200.0,529200.0,0
2006-11-29,518400.0,540000.0,518400.0,518400.0,518400.0,0
2006-11-30,529200.0,561600.0,529200.0,540000.0,540000.0,0
2006-12-01,540000.0,561600.0,529200.0,540000.0,540000.0,0
2006-12-04,529200.0,550800.0,518400.0,540000.0,540000.0,0
2006-12-05,540000.0,594000.0,529200.0,550800.0,550800.0,0
2006-12-06,540000.0,572400.0,529200.0,540000.0,540000.0,0
2006-12-07,529200.0,561600.0,529200.0,540000.0,540000.0,0
2006-12-08,540000.0,583200.0,540000.0,540000.0,540000.0,0
2006-12-11,540000.0,669600.0,540000.0,604800.0,604800.0,1
2006-12-12,604800.0,669600.0,594000.0,648000.0,648000.0,0
2006-12-13,691200.0,691200.0,626400.0,637200.0,637200.0,0
2006-12-14,702000.0,907200.0,680400.0,820800.0,820800.0,2
2006-12-15,831600.0,842400.0,756000.0,756000.0,756000.0,0
2006-12-18,799200.0,810000.0,680400.0,691200.0,691200.0,0
2006-12-19,756000.0,756000.0,648000.0,723600.0,723600.0,0
2006-12-20,723600.0,723600.0,669600.0,680400.0,680400.0,0
2006-12-21,691200.0,745200.0,691200.0,723600.0,723600.0,0
2006-12-22,723600.0,734400.0,658800.0,712800.0,712800.0,0
2006-12-26,702000.0,723600.0,658800.0,658800.0,658800.0,0
2006-12-27,680400.0,712800.0,669600.0,712800.0,712800.0,0
2006-12-28,712800.0,723600.0,669600.0,723600.0,723600.0,0
2006-12-29,691200.0,745200.0,691200.0,723600.0,723600.0,0
2007-01-03,756000.0,777600.0,712800.0,777600.0,777600.0,0
2007-01-04,810000.0,907200.0,799200.0,885600.0,885600.0,0
2007-01-05,885600.0,907200.0,853200.0,907200.0,907200.0,0
2007-01-08,928800.0,1036800.0,885600.0,1026000.0,1026000.0,1
2007-01-09,1036800.0,1198800.0,1015200.0,1155600.0,1155600.0,1
2007-01-10,1134000.0,1155600.0,1058400.0,1134000.0,1134000.0,0
2007-01-11,1144800.0,1166400.0,1101600.0,1166400.0,1166400.0,0
2007-01-12,1177200.0,1188000.0,1112400.0,1112400.0,1112400.0,0
2007-01-16,1112400.0,1155600.0,1069200.0,1080000.0,1080000.0,0
2007-01-17,1080000.0,1080000.0,961200.0,1004400.0,1004400.0,0
2007-01-18,1015200.0,1026000.0,1004400.0,1026000.0,1026000.0,0
2007-01-19,1026000.0,1058400.0,972000.0,1058400.0,1058400.0,0
2007-01-22,1080000.0,1101600.0,1058400.0,1080000.0,1080000.0,0
2007-01-23,1080000.0,1123200.0,1080000.0,1123200.0,1123200.0,0
2007-01-24,1134000.0,1144800.0,1036800.0,1080000.0,1080000.0,0
2007-01-25,1047600.0,1069200.0,972000.0,1026000.0,1026000.0,0
2007-01-26,1026000.0,1058400.0,993600.0,1047600.0,1047600.0,0
2007-01-29,972000.0,1069200.0,961200.0,1058400.0,1058400.0,0
2007-01-30,1080000.0,1080000.0,993600.0,1004400.0,1004400.0,0
2007-01-31,1047600.0,1134000.0,1036800.0,1090800.0,1090800.0,0
2007-02-01,1123200.0,1620000.0,1123200.0,1555200.0,1555200.0,3
2007-02-02,1512000.0,1576800.0,1425600.0,1512000.0,1512000.0,2
2007-02-05,1544400.0,1771200.0,1490400.0,1609200.0,1609200.0,2
2007-02-06,1587600.0,1609200.0,1512000.0,1598400.0,1598400.0,1
2007-02-07,1598400.0,1620000.0,1566000.0,1566000.0,1566000.0,1
2007-02-08,1490400.0,1544400.0,1468800.0,1512000.0,1512000.0,0
2007-02-09,1522800.0,1533600.0,1425600.0,1479600.0,1479600.0,1
2007-02-12,1490400.0,1555200.0,1425600.0,1522800.0,1522800.0,1
2007-02-13,1533600.0,1533600.0,1458000.0,1512000.0,1512000.0,0
2007-02-14,1501200.0,1555200.0,1479600.0,1512000.0,1512000.0,0
2007-02-15,1501200.0,1587600.0,1458000.0,1522800.0,1522800.0,1
2007-02-16,1533600.0,1706400.0,1522800.0,1630800.0,1630800.0,1
2007-02-20,1652400.0,1684800.0,1533600.0,1663200.0,1663200.0,1
2007-02-21,1652400.0,1652400.0,1587600.0,1609200.0,1609200.0,1
2007-02-22,1587600.0,1620000.0,1576800.0,1598400.0,1598400.0,0
2007-02-23,1620000.0,1620000.0,1544400.0,1544400.0,1544400.0,0
2007-02-26,1522800.0,1555200.0,1479600.0,1501200.0,1501200.0,0
2007-02-27,1458000.0,1490400.0,1317600.0,1414800.0,1414800.0,1
2007-02-28,1382400.0,1436400.0,1317600.0,1404000.0,1404000.0,0
2007-03-01,1360800.0,1501200.0,1360800.0,1479600.0,1479600.0,0
2007-03-02,1371600.0,1479600.0,1242000.0,1393200.0,1393200.0,0
2007-03-05,1296000.0,1393200.0,1252800.0,1339200.0,1339200.0,0
2007-03-06,1371600.0,1479600.0,1360800.0,1468800.0,1468800.0,0
2007-03-07,1468800.0,1609200.0,1468800.0,1555200.0,1555200.0,0
2007-03-08,1598400.0,1630800.0,1566000.0,1630800.0,1630800.0,1
2007-03-09,1630800.0,1641600.0,1566000.0,1609200.0,1609200.0,0
2007-03-12,1630800.0,1630800.0,1576800.0,1609200.0,1609200.0,0
2007-03-13,1566000.0,1609200.0,1512000.0,1566000.0,1566000.0,0
2007-03-14,1544400.0,1555200.0,1371600.0,1501200.0,1501200.0,0
2007-03-15,1479600.0,1587600.0,1479600.0,1533600.0,1533600.0,0
2007-03-16,1522800.0,1544400.0,1458000.0,1501200.0,1501200.0,0
2007-03-19,1490400.0,1598400.0,1479600.0,1479600.0,1479600.0,0
2007-03-20,1458000.0,1544400.0,1425600.0,1468800.0,1468800.0,0
2007-03-21,1512000.0,1555200.0,1479600.0,1512000.0,1512000.0,0
2007-03-22,1522800.0,1566000.0,1436400.0,1447200.0,1447200.0,0
2007-03-23,1458000.0,1468800.0,1382400.0,1393200.0,1393200.0,0
2007-03-26,1404000.0,1404000.0,1371600.0,1382400.0,1382400.0,0
2007-03-27,1371600.0,1371600.0,1317600.0,1317600.0,1317600.0,0
2007-03-28,1306800.0,1306800.0,1220400.0,1252800.0,1252800.0,0
2007-03-29,1242000.0,1263600.0,1188000.0,1209600.0,1209600.0,0
2007-03-30,1220400.0,1404000.0,1220400.0,1339200.0,1339200.0,0
2007-04-02,1328400.0,1468800.0,1328400.0,1447200.0,1447200.0,0
2007-04-03,1468800.0,1544400.0,1458000.0,1512000.0,1512000.0,1
2007-04-04,1533600.0,1555200.0,1479600.0,1512000.0,1512000.0,0
2007-04-05,1501200.0,1512000.0,1468800.0,1490400.0,1490400.0,0
2007-04-09,1512000.0,1533600.0,1479600.0,1533600.0,1533600.0,1
2007-04-10,1501200.0,1522800.0,1404000.0,1436400.0,1436400.0,0
2007-04-11,1425600.0,1512000.0,1425600.0,1479600.0,1479600.0,0
2007-04-12,1490400.0,1522800.0,1447200.0,1512000.0,1512000.0,0
2007-04-13,1501200.0,1512000.0,1436400.0,1436400.0,1436400.0,0
2007-04-16,1447200.0,1512000.0,1404000.0,1447200.0,1447200.0,0
2007-04-17,1436400.0,1458000.0,1425600.0,1436400.0,1436400.0,0
2007-04-18,1458000.0,1458000.0,1404000.0,1404000.0,1404000.0,0
2007-04-19,1404000.0,1404000.0,1371600.0,1371600.0,1371600.0,0
2007-04-20,1393200.0,1436400.0,1371600.0,1382400.0,1382400.0,0
2007-04-23,1371600.0,1479600.0,1371600.0,1468800.0,1468800.0,0
2007-04-24,1458000.0,1533600.0,1458000.0,1501200.0,1501200.0,0
2007-04-25,1522800.0,1522800.0,1458000.0,1458000.0,1458000.0,0
2007-04-26,1468800.0,1468800.0,1404000.0,1404000.0,1404000.0,0
2007-04-27,1458000.0,1501200.0,1404000.0,1468800.0,1468800.0,0
2007-04-30,1468800.0,1468800.0,1425600.0,1468800.0,1468800.0,0
2007-05-01,1468800.0,1490400.0,1404000.0,1458000.0,1458000.0,0
2007-05-02,1436400.0,1512000.0,1414800.0,1501200.0,1501200.0,0
2007-05-03,1501200.0,1512000.0,1458000.0,1479600.0,1479600.0,0
2007-05-04,1501200.0,1533600.0,1468800.0,1522800.0,1522800.0,0
2007-05-07,1533600.0,1566000.0,1490400.0,1544400.0,1544400.0,0
2007-05-08,1566000.0,1576800.0,1533600.0,1576800.0,1576800.0,0
2007-05-09,1587600.0,1598400.0,1468800.0,1533600.0,1533600.0,0
2007-05-10,1512000.0,1533600.0,1404000.0,1458000.0,1458000.0,0
2007-05-11,1436400.0,1533600.0,1425600.0,1501200.0,1501200.0,0
2007-05-14,1501200.0,1609200.0,1468800.0,1555200.0,1555200.0,0
2007-05-15,1533600.0,1566000.0,1522800.0,1522800.0,1522800.0,0
2007-05-16,1479600.0,1717200.0,1414800.0,1717200.0,1717200.0,0
2007-05-17,1684800.0,2041200.0,1684800.0,2041200.0,2041200.0,1
2007-05-18,1998000.0,2030400.0,1857600.0,1954800.0,1954800.0,1
2007-05-21,1965600.0,2106000.0,1879200.0,2062800.0,2062800.0,1
2007-05-22,1944000.0,2052000.0,1900800.0,1944000.0,1944000.0,1
2007-05-23,1954800.0,2041200.0,1933200.0,2008800.0,2008800.0,0
2007-05-24,1965600.0,2019600.0,1965600.0,1976400.0,1976400.0,0
2007-05-25,1954800.0,1965600.0,1879200.0,1879200.0,1879200.0,0
2007-05-29,1890000.0,1890000.0,1803600.0,1857600.0,1857600.0,0
2007-05-30,1868400.0,1879200.0,1760400.0,1825200.0,1825200.0,0
2007-05-31,1803600.0,1857600.0,1738800.0,1836000.0,1836000.0,0
2007-06-01,1792800.0,1836000.0,1782000.0,1814400.0,1814400.0,0
2007-06-04,1771200.0,1868400.0,1771200.0,1857600.0,1857600.0,0
2007-06-05,1836000.0,2008800.0,1836000.0,2008800.0,2008800.0,0
2007-06-06,1965600.0,2030400.0,1890000.0,1922400.0,1922400.0,0
2007-06-07,1890000.0,1965600.0,1836000.0,1890000.0,1890000.0,0
2007-06-08,1890000.0,1890000.0,1836000.0,1836000.0,1836000.0,0
2007-06-11,1846800.0,2030400.0,1814400.0,2008800.0,2008800.0,0
2007-06-12,2008800.0,2149200.0,1976400.0,2116800.0,2116800.0,1
2007-06-13,2095200.0,2268000.0,2084400.0,2214000.0,2214000.0,1
2007-06-14,2214000.0,2257200.0,2127600.0,2160000.0,2160000.0,1
2007-06-15,2127600.0,2149200.0,2052000.0,2052000.0,2052000.0,1
2007-06-18,2008800.0,2084400.0,1944000.0,2019600.0,2019600.0,1
2007-06-19,2019600.0,2041200.0,1900800.0,1976400.0,1976400.0,0
2007-06-20,2052000.0,2052000.0,1954800.0,1965600.0,1965600.0,0
2007-06-21,2030400.0,2030400.0,1868400.0,1911600.0,1911600.0,0
2007-06-22,1911600.0,1911600.0,1803600.0,1868400.0,1868400.0,0
2007-06-25,1890000.0,1922400.0,1782000.0,1868400.0,1868400.0,0
2007-06-26,1890000.0,1911600.0,1792800.0,1879200.0,1879200.0,0
2007-06-27,1846800.0,1879200.0,1814400.0,1825200.0,1825200.0,0
2007-06-28,1868400.0,1965600.0,1868400.0,1954800.0,1954800.0,0
2007-06-29,1987200.0,1987200.0,1922400.0,1965600.0,1965600.0,0
2007-07-02,1965600.0,1976400.0,1846800.0,1933200.0,1933200.0,0
2007-07-03,1933200.0,1944000.0,1922400.0,1922400.0,1922400.0,0
2007-07-05,1900800.0,1944000.0,1846800.0,1879200.0,1879200.0,0
2007-07-06,1879200.0,1890000.0,1825200.0,1836000.0,1836000.0,0
2007-07-09,1987200.0,1987200.0,1836000.0,1836000.0,1836000.0,0
2007-07-10,1890000.0,1944000.0,1857600.0,1911600.0,1911600.0,0
2007-07-11,1954800.0,1987200.0,1868400.0,1890000.0,1890000.0,0
2007-07-12,1911600.0,2052000.0,1900800.0,2052000.0,2052000.0,0
2007-07-13,2008800.0,2084400.0,1998000.0,2052000.0,2052000.0,0
2007-07-16,1922400.0,1976400.0,1890000.0,1944000.0,1944000.0,0
2007-07-17,1922400.0,2030400.0,1890000.0,1987200.0,1987200.0,0
2007-07-18,1954800.0,2041200.0,1944000.0,1976400.0,1976400.0,0
2007-07-19,1998000.0,2052000.0,1987200.0,2008800.0,2008800.0,0
2007-07-20,1998000.0,2019600.0,1922400.0,2008800.0,2008800.0,0
2007-07-23,1987200.0,2030400.0,1965600.0,2019600.0,2019600.0,0
2007-07-24,1998000.0,2019600.0,1954800.0,1965600.0,1965600.0,0
2007-07-25,1944000.0,1965600.0,1890000.0,1911600.0,1911600.0,0
2007-07-26,1911600.0,1933200.0,1836000.0,1836000.0,1836000.0,0
2007-07-27,1857600.0,1879200.0,1825200.0,1868400.0,1868400.0,0
2007-07-30,1846800.0,1868400.0,1782000.0,1782000.0,1782000.0,0
2007-07-31,1782000.0,1825200.0,1749600.0,1792800.0,1792800.0,0
2007-08-01,1771200.0,1836000.0,1760400.0,1782000.0,1782000.0,0
2007-08-02,1803600.0,1803600.0,1760400.0,1782000.0,1782000.0,0
2007-08-03,1782000.0,1879200.0,1771200.0,1836000.0,1836000.0,0
2007-08-06,1879200.0,1890000.0,1760400.0,1792800.0,1792800.0,0
2007-08-07,1782000.0,1976400.0,1749600.0,1965600.0,1965600.0,0
2007-08-08,1987200.0,1987200.0,1825200.0,1879200.0,1879200.0,0
2007-08-09,1825200.0,1922400.0,1792800.0,1911600.0,1911600.0,0
2007-08-10,1836000.0,1900800.0,1782000.0,1782000.0,1782000.0,0
2007-08-13,1857600.0,1868400.0,1803600.0,1846800.0,1846800.0,0
2007-08-14,1825200.0,1836000.0,1749600.0,1782000.0,1782000.0,0
2007-08-15,1749600.0,1803600.0,1749600.0,1771200.0,1771200.0,0
2007-08-16,1749600.0,1836000.0,1695600.0,1825200.0,1825200.0,0
2007-08-17,1922400.0,1922400.0,1836000.0,1922400.0,1922400.0,0
2007-08-20,1868400.0,1944000.0,1868400.0,1933200.0,1933200.0,0
2007-08-21,1890000.0,1922400.0,1792800.0,1879200.0,1879200.0,0
2007-08-22,1879200.0,1922400.0,1825200.0,1890000.0,1890000.0,0
2007-08-23,1890000.0,1890000.0,1825200.0,1836000.0,1836000.0,0
2007-08-24,1825200.0,1846800.0,1782000.0,1836000.0,1836000.0,0
2007-08-27,1825200.0,1836000.0,1749600.0,1749600.0,1749600.0,0
2007-08-28,1771200.0,1782000.0,1728000.0,1749600.0,1749600.0,0
2007-08-29,1738800.0,1814400.0,1738800.0,1782000.0,1782000.0,0
2007-08-30,1825200.0,1825200.0,1749600.0,1814400.0,1814400.0,0
2007-08-31,1857600.0,1890000.0,1749600.0,1749600.0,1749600.0,0
2007-09-04,1749600.0,1814400.0,1728000.0,1728000.0,1728000.0,0
2007-09-05,1728000.0,1803600.0,1728000.0,1803600.0,1803600.0,0
2007-09-06,1782000.0,1782000.0,1738800.0,1749600.0,1749600.0,0
2007-09-07,1760400.0,1760400.0,1684800.0,1695600.0,1695600.0,0
2007-09-10,1674000.0,1782000.0,1674000.0,1760400.0,1760400.0,0
2007-09-11,1738800.0,1771200.0,1684800.0,1728000.0,1728000.0,0
2007-09-12,1728000.0,1738800.0,1706400.0,1728000.0,1728000.0,0
2007-09-13,1717200.0,1738800.0,1652400.0,1706400.0,1706400.0,0
2007-09-14,1652400.0,1749600.0,1652400.0,1738800.0,1738800.0,0
2007-09-17,1695600.0,1738800.0,1576800.0,1674000.0,1674000.0,0
2007-09-18,1695600.0,1717200.0,1652400.0,1674000.0,1674000.0,0
2007-09-19,1652400.0,1674000.0,1566000.0,1587600.0,1587600.0,0
2007-09-20,1576800.0,1663200.0,1566000.0,1663200.0,1663200.0,0
2007-09-21,1641600.0,1738800.0,1641600.0,1738800.0,1738800.0,0
2007-09-24,1738800.0,1825200.0,1641600.0,1760400.0,1760400.0,0
2007-09-25,1738800.0,1803600.0,1738800.0,1760400.0,1760400.0,0
2007-09-26,1782000.0,1803600.0,1749600.0,1782000.0,1782000.0,0
2007-09-27,1782000.0,1782000.0,1728000.0,1728000.0,1728000.0,0
2007-09-28,1728000.0,1814400.0,1728000.0,1782000.0,1782000.0,0
2007-10-01,1803600.0,1825200.0,1684800.0,1695600.0,1695600.0,0
2007-10-02,1695600.0,1771200.0,1652400.0,1738800.0,1738800.0,0
2007-10-03,1663200.0,1738800.0,1663200.0,1728000.0,1728000.0,0
2007-10-04,1684800.0,1857600.0,1674000.0,1825200.0,1825200.0,0
2007-10-05,1836000.0,1890000.0,1825200.0,1846800.0,1846800.0,0
2007-10-08,1868400.0,1879200.0,1760400.0,1814400.0,1814400.0,0
2007-10-09,1771200.0,1792800.0,1738800.0,1749600.0,1749600.0,0
2007-10-10,1738800.0,1749600.0,1706400.0,1706400.0,1706400.0,0
2007-10-11,1695600.0,1728000.0,1630800.0,1630800.0,1630800.0,0
2007-10-12,1630800.0,1695600.0,1458000.0,1684800.0,1684800.0,0
2007-10-15,1674000.0,1674000.0,1620000.0,1630800.0,1630800.0,0
2007-10-16,1598400.0,1663200.0,1576800.0,1620000.0,1620000.0,0
2007-10-17,1587600.0,1620000.0,1576800.0,1609200.0,1609200.0,0
2007-10-18,1609200.0,1620000.0,1566000.0,1620000.0,1620000.0,0
2007-10-19,1620000.0,1620000.0,1576800.0,1620000.0,1620000.0,0
2007-10-22,1652400.0,1728000.0,1598400.0,1728000.0,1728000.0,0
2007-10-23,1749600.0,1749600.0,1663200.0,1695600.0,1695600.0,0
2007-10-24,1684800.0,1706400.0,1501200.0,1630800.0,1630800.0,0
2007-10-25,1620000.0,1630800.0,1555200.0,1598400.0,1598400.0,0
2007-10-26,1598400.0,1630800.0,1598400.0,1630800.0,1630800.0,0
2007-10-29,1620000.0,1652400.0,1501200.0,1522800.0,1522800.0,0
2007-10-30,1501200.0,1609200.0,1436400.0,1512000.0,1512000.0,0
2007-10-31,1695600.0,1695600.0,1533600.0,1544400.0,1544400.0,0
2007-11-01,1512000.0,1695600.0,1512000.0,1630800.0,1630800.0,0
2007-11-02,1641600.0,1814400.0,1641600.0,1728000.0,1728000.0,0
2007-11-05,1782000.0,1825200.0,1674000.0,1674000.0,1674000.0,0
2007-11-06,1695600.0,1695600.0,1576800.0,1641600.0,1641600.0,0
2007-11-07,1587600.0,1609200.0,1544400.0,1544400.0,1544400.0,0
2007-11-08,1609200.0,1620000.0,1436400.0,1479600.0,1479600.0,0
2007-11-09,1522800.0,1544400.0,1458000.0,1533600.0,1533600.0,0
2007-11-12,1555200.0,1609200.0,1458000.0,1609200.0,1609200.0,0
2007-11-13,1566000.0,1609200.0,1458000.0,1512000.0,1512000.0,0
2007-11-14,1468800.0,1555200.0,1468800.0,1512000.0,1512000.0,0
2007-11-15,1512000.0,1555200.0,1468800.0,1501200.0,1501200.0,0
2007-11-16,1544400.0,1620000.0,1533600.0,1620000.0,1620000.0,0
2007-11-19,1598400.0,1598400.0,1490400.0,1555200.0,1555200.0,0
2007-11-20,1468800.0,1695600.0,1468800.0,1587600.0,1587600.0,0
2007-11-21,1544400.0,1544400.0,1512000.0,1522800.0,1522800.0,0
2007-11-23,1566000.0,1566000.0,1555200.0,1555200.0,1555200.0,0
2007-11-26,1576800.0,1620000.0,1468800.0,1533600.0,1533600.0,0
2007-11-27,1533600.0,1533600.0,1479600.0,1512000.0,1512000.0,0
2007-11-28,1512000.0,1555200.0,1468800.0,1555200.0,1555200.0,0
2007-11-29,1555200.0,1566000.0,1512000.0,1566000.0,1566000.0,0
2007-11-30,1609200.0,1609200.0,1468800.0,1501200.0,1501200.0,0
2007-12-03,1490400.0,1555200.0,1490400.0,1544400.0,1544400.0,0
2007-12-04,1544400.0,1576800.0,1544400.0,1576800.0,1576800.0,0
2007-12-05,1555200.0,1576800.0,1544400.0,1555200.0,1555200.0,0
2007-12-06,1544400.0,1576800.0,1512000.0,1555200.0,1555200.0,0
2007-12-07,1576800.0,1576800.0,1501200.0,1512000.0,1512000.0,0
2007-12-10,1544400.0,1544400.0,1490400.0,1512000.0,1512000.0,0
2007-12-11,1512000.0,1555200.0,1490400.0,1501200.0,1501200.0,0
2007-12-12,1512000.0,1555200.0,1468800.0,1479600.0,1479600.0,0
2007-12-13,1479600.0,1479600.0,1436400.0,1479600.0,1479600.0,0
2007-12-14,1522800.0,1555200.0,1447200.0,1447200.0,1447200.0,0
2007-12-17,1436400.0,1566000.0,1404000.0,1501200.0,1501200.0,0
2007-12-18,1447200.0,1490400.0,1425600.0,1458000.0,1458000.0,0
2007-12-19,1414800.0,1533600.0,1414800.0,1533600.0,1533600.0,0
2007-12-20,1501200.0,1522800.0,1468800.0,1522800.0,1522800.0,0
2007-12-21,1512000.0,1576800.0,1512000.0,1555200.0,1555200.0,0
2007-12-24,1522800.0,1555200.0,1458000.0,1501200.0,1501200.0,0
2007-12-26,1501200.0,1566000.0,1490400.0,1512000.0,1512000.0,0
2007-12-27,1490400.0,1555200.0,1490400.0,1512000.0,1512000.0,0
2007-12-28,1490400.0,1544400.0,1490400.0,1544400.0,1544400.0,0
2007-12-31,1490400.0,1544400.0,1436400.0,1533600.0,1533600.0,0
2008-01-02,1512000.0,1652400.0,1512000.0,1630800.0,1630800.0,0
2008-01-03,1641600.0,1652400.0,1598400.0,1630800.0,1630800.0,0
2008-01-04,1587600.0,1609200.0,1522800.0,1587600.0,1587600.0,0
2008-01-07,1544400.0,1576800.0,1533600.0,1555200.0,1555200.0,0
2008-01-08,1533600.0,1576800.0,1501200.0,1566000.0,1566000.0,0
2008-01-09,1544400.0,1598400.0,1544400.0,1566000.0,1566000.0,0
2008-01-10,1587600.0,1587600.0,1501200.0,1587600.0,1587600.0,0
2008-01-11,1566000.0,1609200.0,1522800.0,1533600.0,1533600.0,0
2008-01-14,1512000.0,1555200.0,1458000.0,1512000.0,1512000.0,0
2008-01-15,1490400.0,1522800.0,1490400.0,1501200.0,1501200.0,0
2008-01-16,1490400.0,1512000.0,1458000.0,1490400.0,1490400.0,0
2008-01-17,1468800.0,1501200.0,1458000.0,1490400.0,1490400.0,0
2008-01-18,1458000.0,1512000.0,1425600.0,1501200.0,1501200.0,0
2008-01-22,1425600.0,1479600.0,1425600.0,1468800.0,1468800.0,0
2008-01-23,1447200.0,1447200.0,1404000.0,1425600.0,1425600.0,0
2008-01-24,1458000.0,1479600.0,1436400.0,1468800.0,1468800.0,0
2008-01-25,1447200.0,1468800.0,1209600.0,1404000.0,1404000.0,0
2008-01-28,1414800.0,1447200.0,1404000.0,1436400.0,1436400.0,0
2008-01-29,1458000.0,1501200.0,1447200.0,1501200.0,1501200.0,0
2008-01-30,1533600.0,1555200.0,1468800.0,1544400.0,1544400.0,0
2008-01-31,1533600.0,1576800.0,1468800.0,1566000.0,1566000.0,0
2008-02-01,1587600.0,1836000.0,1522800.0,1836000.0,1836000.0,0
2008-02-04,1890000.0,1890000.0,1620000.0,1684800.0,1684800.0,0
2008-02-05,1717200.0,1728000.0,1663200.0,1695600.0,1695600.0,0
2008-02-06,1684800.0,1728000.0,1684800.0,1706400.0,1706400.0,0
2008-02-07,1706400.0,1706400.0,1684800.0,1695600.0,1695600.0,0
2008-02-08,1630800.0,1630800.0,1555200.0,1555200.0,1555200.0,0
2008-02-11,1555200.0,1620000.0,1555200.0,1620000.0,1620000.0,0
2008-02-12,1620000.0,1663200.0,1555200.0,1598400.0,1598400.0,0
2008-02-13,1587600.0,1620000.0,1566000.0,1587600.0,1587600.0,0
2008-02-14,1620000.0,1652400.0,1587600.0,1630800.0,1630800.0,0
2008-02-15,1598400.0,1695600.0,1598400.0,1695600.0,1695600.0,0
2008-02-19,1717200.0,1717200.0,1620000.0,1663200.0,1663200.0,0
2008-02-20,1674000.0,1684800.0,1630800.0,1663200.0,1663200.0,0
2008-02-21,1674000.0,1728000.0,1652400.0,1695600.0,1695600.0,0
2008-02-22,1706400.0,1717200.0,1641600.0,1717200.0,1717200.0,0
2008-02-25,1695600.0,1717200.0,1674000.0,1717200.0,1717200.0,0
2008-02-26,1695600.0,1738800.0,1663200.0,1663200.0,1663200.0,0
2008-02-27,1663200.0,1717200.0,1663200.0,1674000.0,1674000.0,0
2008-02-28,1663200.0,1706400.0,1663200.0,1695600.0,1695600.0,0
2008-02-29,1663200.0,1695600.0,1652400.0,1652400.0,1652400.0,0
2008-03-03,1652400.0,1695600.0,1566000.0,1620000.0,1620000.0,0
2008-03-04,1566000.0,1695600.0,1566000.0,1695600.0,1695600.0,0
2008-03-05,1695600.0,1695600.0,1652400.0,1674000.0,1674000.0,0
2008-03-06,1652400.0,1684800.0,1620000.0,1630800.0,1630800.0,0
2008-03-07,1620000.0,1674000.0,1587600.0,1652400.0,1652400.0,0
2008-03-10,1641600.0,1641600.0,1566000.0,1566000.0,1566000.0,0
2008-03-11,1630800.0,1630800.0,1576800.0,1598400.0,1598400.0,0
2008-03-12,1576800.0,1576800.0,1566000.0,1566000.0,1566000.0,0
2008-03-13,1566000.0,1576800.0,1512000.0,1533600.0,1533600.0,0
2008-03-14,1512000.0,1609200.0,1436400.0,1512000.0,1512000.0,0
2008-03-17,1468800.0,1620000.0,1436400.0,1490400.0,1490400.0,0
2008-03-18,1436400.0,1501200.0,1350000.0,1404000.0,1404000.0,0
2008-03-19,1360800.0,1566000.0,1360800.0,1501200.0,1501200.0,0
2008-03-20,1501200.0,1512000.0,1339200.0,1393200.0,1393200.0,0
2008-03-24,1425600.0,1425600.0,1274400.0,1285200.0,1285200.0,0
2008-03-25,1317600.0,1425600.0,1306800.0,1360800.0,1360800.0,0
2008-03-26,1328400.0,1458000.0,1328400.0,1447200.0,1447200.0,0
2008-03-27,1425600.0,1501200.0,1425600.0,1501200.0,1501200.0,0
2008-03-28,1436400.0,1436400.0,1371600.0,1371600.0,1371600.0,0
2008-03-31,1382400.0,1458000.0,1371600.0,1447200.0,1447200.0,0
2008-04-01,1479600.0,1479600.0,1436400.0,1479600.0,1479600.0,0
2008-04-02,1458000.0,1458000.0,1382400.0,1404000.0,1404000.0,0
2008-04-03,1436400.0,1458000.0,1425600.0,1425600.0,1425600.0,0
2008-04-04,1436400.0,1436400.0,1382400.0,1382400.0,1382400.0,0
2008-04-07,1414800.0,1436400.0,1393200.0,1404000.0,1404000.0,0
2008-04-08,1458000.0,1479600.0,1393200.0,1404000.0,1404000.0,0
2008-04-09,1382400.0,1414800.0,1382400.0,1404000.0,1404000.0,0
2008-04-10,1404000.0,1404000.0,1382400.0,1382400.0,1382400.0,0
2008-04-11,1382400.0,1393200.0,1350000.0,1350000.0,1350000.0,0
2008-04-14,1371600.0,1371600.0,1296000.0,1328400.0,1328400.0,0
2008-04-15,1306800.0,1317600.0,1296000.0,1296000.0,1296000.0,0
2008-04-16,1296000.0,1296000.0,1209600.0,1231200.0,1231200.0,0
2008-04-17,1263600.0,1339200.0,1231200.0,1306800.0,1306800.0,0
2008-04-18,1285200.0,1339200.0,1252800.0,1274400.0,1274400.0,0
2008-04-21,1274400.0,1306800.0,1263600.0,1263600.0,1263600.0,0
2008-04-22,1263600.0,1263600.0,1198800.0,1231200.0,1231200.0,0
2008-04-23,1242000.0,1263600.0,1220400.0,1220400.0,1220400.0,0
2008-04-24,1242000.0,1274400.0,1198800.0,1220400.0,1220400.0,0
2008-04-25,1242000.0,1242000.0,1144800.0,1177200.0,1177200.0,0
2008-04-28,1177200.0,1177200.0,1112400.0,1144800.0,1144800.0,0
2008-04-29,1123200.0,1188000.0,1112400.0,1144800.0,1144800.0,0
2008-04-30,1188000.0,1231200.0,1177200.0,1188000.0,1188000.0,0
2008-05-01,1166400.0,1188000.0,1144800.0,1144800.0,1144800.0,0
2008-05-02,1166400.0,1177200.0,1166400.0,1166400.0,1166400.0,0
2008-05-05,1144800.0,1166400.0,1134000.0,1144800.0,1144800.0,0
2008-05-06,1123200.0,1166400.0,1090800.0,1123200.0,1123200.0,0
2008-05-07,1101600.0,1166400.0,1101600.0,1123200.0,1123200.0,0
2008-05-08,1188000.0,1198800.0,1112400.0,1177200.0,1177200.0,0
2008-05-09,1209600.0,1220400.0,1144800.0,1198800.0,1198800.0,0
2008-05-12,1231200.0,1231200.0,1166400.0,1177200.0,1177200.0,0
2008-05-13,1144800.0,1209600.0,1144800.0,1177200.0,1177200.0,0
2008-05-14,1188000.0,1231200.0,1144800.0,1166400.0,1166400.0,0
2008-05-15,1155600.0,1220400.0,1144800.0,1144800.0,1144800.0,0
2008-05-16,1134000.0,1209600.0,1134000.0,1188000.0,1188000.0,0
2008-05-19,1209600.0,1242000.0,1155600.0,1209600.0,1209600.0,2
2008-05-20,1252800.0,1587600.0,1220400.0,1447200.0,1447200.0,0
2008-05-21,1458000.0,1458000.0,1263600.0,1306800.0,1306800.0,0
2008-05-22,1296000.0,1306800.0,1274400.0,1296000.0,1296000.0,0
2008-05-23,1296000.0,1306800.0,1263600.0,1285200.0,1285200.0,0
2008-05-27,1285200.0,1382400.0,1285200.0,1360800.0,1360800.0,0
2008-05-28,1382400.0,1404000.0,1328400.0,1360800.0,1360800.0,0
2008-05-29,1382400.0,1393200.0,1317600.0,1328400.0,1328400.0,0
2008-05-30,1296000.0,1414800.0,1274400.0,1414800.0,1414800.0,0
2008-06-02,1350000.0,1350000.0,1274400.0,1317600.0,1317600.0,0
2008-06-03,1263600.0,1350000.0,1263600.0,1296000.0,1296000.0,0
2008-06-04,1263600.0,1382400.0,1263600.0,1350000.0,1350000.0,0
2008-06-05,1350000.0,1360800.0,1274400.0,1306800.0,1306800.0,0
2008-06-06,1317600.0,1393200.0,1274400.0,1285200.0,1285200.0,0
2008-06-09,1306800.0,1393200.0,1274400.0,1393200.0,1393200.0,0
2008-06-10,1360800.0,1393200.0,1350000.0,1393200.0,1393200.0,0
2008-06-11,1339200.0,1360800.0,1306800.0,1317600.0,1317600.0,0
2008-06-12,1317600.0,1317600.0,1252800.0,1263600.0,1263600.0,0
2008-06-13,1252800.0,1306800.0,1252800.0,1296000.0,1296000.0,0
2008-06-16,1317600.0,1328400.0,1274400.0,1317600.0,1317600.0,0
2008-06-17,1306800.0,1317600.0,1296000.0,1296000.0,1296000.0,0
2008-06-18,1296000.0,1296000.0,1242000.0,1263600.0,1263600.0,0
2008-06-19,1242000.0,1252800.0,1209600.0,1242000.0,1242000.0,0
2008-06-20,1209600.0,1231200.0,1209600.0,1209600.0,1209600.0,0
2008-06-23,1209600.0,1242000.0,1209600.0,1209600.0,1209600.0,0
2008-06-24,1209600.0,1393200.0,1209600.0,1231200.0,1231200.0,0
2008-06-25,1220400.0,1317600.0,1220400.0,1274400.0,1274400.0,0
2008-06-26,1274400.0,1317600.0,1274400.0,1296000.0,1296000.0,0
2008-06-27,1285200.0,1306800.0,1263600.0,1285200.0,1285200.0,0
2008-06-30,1263600.0,1404000.0,1220400.0,1404000.0,1404000.0,0
2008-07-01,1306800.0,1544400.0,1306800.0,1490400.0,1490400.0,0
2008-07-02,1490400.0,1641600.0,1479600.0,1609200.0,1609200.0,1
2008-07-03,1620000.0,1684800.0,1566000.0,1652400.0,1652400.0,0
2008-07-07,1652400.0,1652400.0,1544400.0,1620000.0,1620000.0,0
2008-07-08,1587600.0,1620000.0,1479600.0,1566000.0,1566000.0,0
2008-07-09,1544400.0,1706400.0,1436400.0,1479600.0,1479600.0,0
2008-07-10,1555200.0,1555200.0,1436400.0,1458000.0,1458000.0,0
2008-07-11,1404000.0,1436400.0,1328400.0,1393200.0,1393200.0,0
2008-07-14,1404000.0,1404000.0,1209600.0,1242000.0,1242000.0,0
2008-07-15,1209600.0,1393200.0,1209600.0,1371600.0,1371600.0,0
2008-07-16,1371600.0,1544400.0,1371600.0,1533600.0,1533600.0,0
2008-07-17,1566000.0,1609200.0,1522800.0,1576800.0,1576800.0,0
2008-07-18,1576800.0,1598400.0,1458000.0,1598400.0,1598400.0,0
2008-07-21,1544400.0,1652400.0,1544400.0,1576800.0,1576800.0,0
2008-07-22,1555200.0,1609200.0,1533600.0,1598400.0,1598400.0,0
2008-07-23,1512000.0,1652400.0,1404000.0,1458000.0,1458000.0,0
2008-07-24,1479600.0,1620000.0,1458000.0,1609200.0,1609200.0,0
2008-07-25,1533600.0,1576800.0,1512000.0,1555200.0,1555200.0,0
2008-07-28,1533600.0,1587600.0,1512000.0,1587600.0,1587600.0,0
2008-07-29,1555200.0,1598400.0,1382400.0,1468800.0,1468800.0,0
2008-07-30,1533600.0,1533600.0,1490400.0,1512000.0,1512000.0,0
2008-07-31,1414800.0,1522800.0,1414800.0,1447200.0,1447200.0,0
2008-08-01,1468800.0,1512000.0,1458000.0,1479600.0,1479600.0,0
2008-08-04,1458000.0,1566000.0,1458000.0,1544400.0,1544400.0,0
2008-08-05,1512000.0,1684800.0,1490400.0,1587600.0,1587600.0,0
2008-08-06,1555200.0,1620000.0,1544400.0,1576800.0,1576800.0,0
2008-08-07,1598400.0,1630800.0,1512000.0,1620000.0,1620000.0,0
2008-08-08,1609200.0,1630800.0,1566000.0,1609200.0,1609200.0,0
2008-08-11,1620000.0,1630800.0,1566000.0,1587600.0,1587600.0,0
2008-08-12,1566000.0,1620000.0,1544400.0,1587600.0,1587600.0,0
2008-08-13,1609200.0,1630800.0,1609200.0,1630800.0,1630800.0,0
2008-08-14,1630800.0,1630800.0,1598400.0,1620000.0,1620000.0,0
2008-08-15,1598400.0,1630800.0,1598400.0,1630800.0,1630800.0,0
2008-08-18,1663200.0,1663200.0,1566000.0,1609200.0,1609200.0,0
2008-08-19,1522800.0,1630800.0,1522800.0,1620000.0,1620000.0,0
2008-08-20,1609200.0,1630800.0,1609200.0,1630800.0,1630800.0,0
2008-08-21,1620000.0,1630800.0,1512000.0,1576800.0,1576800.0,0
2008-08-22,1609200.0,1620000.0,1479600.0,1544400.0,1544400.0,0
2008-08-25,1447200.0,1609200.0,1447200.0,1598400.0,1598400.0,0
2008-08-26,1566000.0,1598400.0,1458000.0,1468800.0,1468800.0,0
2008-08-27,324000.0,356400.0,248400.0,270000.0,270000.0,20
2008-08-28,280800.0,291600.0,205200.0,226800.0,226800.0,9
2008-08-29,226800.0,248400.0,194400.0,205200.0,205200.0,5
2008-09-02,205200.0,216000.0,151200.0,194400.0,194400.0,7
2008-09-03,205200.0,216000.0,172800.0,205200.0,205200.0,4
2008-09-04,205200.0,205200.0,183600.0,194400.0,194400.0,1
2008-09-05,205200.0,205200.0,172800.0,183600.0,183600.0,1
2008-09-08,194400.0,194400.0,151200.0,162000.0,162000.0,2
2008-09-09,162000.0,172800.0,118800.0,140400.0,140400.0,3
2008-09-10,140400.0,151200.0,129600.0,151200.0,151200.0,1
2008-09-11,118800.0,140400.0,118800.0,129600.0,129600.0,1
2008-09-12,129600.0,129600.0,118800.0,129600.0,129600.0,1
2008-09-15,129600.0,140400.0,118800.0,129600.0,129600.0,2
2008-09-16,129600.0,151200.0,129600.0,140400.0,140400.0,1
2008-09-17,151200.0,194400.0,151200.0,172800.0,172800.0,3
2008-09-18,194400.0,194400.0,162000.0,162000.0,162000.0,1
2008-09-19,194400.0,194400.0,162000.0,162000.0,162000.0,2
2008-09-22,162000.0,172800.0,151200.0,172800.0,172800.0,1
2008-09-23,162000.0,183600.0,162000.0,172800.0,172800.0,0
2008-09-24,172800.0,172800.0,162000.0,172800.0,172800.0,1
2008-09-25,172800.0,172800.0,162000.0,162000.0,162000.0,1
2008-09-26,162000.0,162000.0,140400.0,151200.0,151200.0,1
2008-09-29,140400.0,162000.0,129600.0,129600.0,129600.0,0
2008-09-30,129600.0,140400.0,129600.0,129600.0,129600.0,0
2008-10-01,140400.0,140400.0,129600.0,129600.0,129600.0,0
2008-10-02,140400.0,162000.0,140400.0,162000.0,162000.0,0
2008-10-03,162000.0,162000.0,140400.0,162000.0,162000.0,0
2008-10-06,172800.0,172800.0,140400.0,151200.0,151200.0,0
2008-10-07,151200.0,151200.0,129600.0,140400.0,140400.0,0
2008-10-08,129600.0,140400.0,118800.0,118800.0,118800.0,0
2008-10-09,118800.0,140400.0,118800.0,129600.0,129600.0,0
2008-10-10,129600.0,140400.0,118800.0,118800.0,118800.0,0
2008-10-13,140400.0,151200.0,129600.0,151200.0,151200.0,0
2008-10-14,151200.0,151200.0,129600.0,140400.0,140400.0,0
2008-10-15,151200.0,151200.0,129600.0,129600.0,129600.0,0
2008-10-16,129600.0,172800.0,129600.0,162000.0,162000.0,0
2008-10-17,162000.0,172800.0,140400.0,162000.0,162000.0,0
2008-10-20,172800.0,183600.0,140400.0,140400.0,140400.0,1
2008-10-21,140400.0,151200.0,129600.0,140400.0,140400.0,0
2008-10-22,140400.0,140400.0,129600.0,129600.0,129600.0,0
2008-10-23,140400.0,140400.0,118800.0,118800.0,118800.0,0
2008-10-24,129600.0,129600.0,118800.0,129600.0,129600.0,0
2008-10-27,140400.0,162000.0,129600.0,162000.0,162000.0,0
2008-10-28,162000.0,162000.0,118800.0,140400.0,140400.0,1
2008-10-29,140400.0,162000.0,129600.0,140400.0,140400.0,0
2008-10-30,140400.0,140400.0,129600.0,129600.0,129600.0,0
2008-10-31,129600.0,140400.0,129600.0,129600.0,129600.0,0
2008-11-03,140400.0,162000.0,129600.0,151200.0,151200.0,1
2008-11-04,162000.0,162000.0,140400.0,151200.0,151200.0,0
2008-11-05,151200.0,183600.0,151200.0,162000.0,162000.0,2
2008-11-06,162000.0,162000.0,140400.0,140400.0,140400.0,1
2008-11-07,151200.0,151200.0,129600.0,140400.0,140400.0,0
2008-11-10,151200.0,151200.0,129600.0,140400.0,140400.0,0
2008-11-11,140400.0,140400.0,118800.0,118800.0,118800.0,0
2008-11-12,118800.0,129600.0,118800.0,118800.0,118800.0,0
2008-11-13,108000.0,129600.0,108000.0,108000.0,108000.0,0
2008-11-14,108000.0,118800.0,97200.0,108000.0,108000.0,1
2008-11-17,108000.0,108000.0,75600.0,86400.0,86400.0,0
2008-11-18,97200.0,97200.0,75600.0,75600.0,75600.0,1
2008-11-19,64800.0,86400.0,64800.0,64800.0,64800.0,0
2008-11-20,75600.0,75600.0,64800.0,75600.0,75600.0,1
2008-11-21,75600.0,86400.0,75600.0,75600.0,75600.0,0
2008-11-24,75600.0,86400.0,64800.0,75600.0,75600.0,0
2008-11-25,75600.0,86400.0,64800.0,64800.0,64800.0,0
2008-11-26,86400.0,86400.0,75600.0,75600.0,75600.0,0
2008-11-28,86400.0,86400.0,75600.0,75600.0,75600.0,0
2008-12-01,75600.0,86400.0,75600.0,75600.0,75600.0,0
2008-12-02,75600.0,75600.0,75600.0,75600.0,75600.0,0
2008-12-03,75600.0,86400.0,75600.0,75600.0,75600.0,0
2008-12-04,75600.0,86400.0,75600.0,86400.0,86400.0,0
2008-12-05,86400.0,86400.0,64800.0,75600.0,75600.0,0
2008-12-08,75600.0,75600.0,64800.0,75600.0,75600.0,0
2008-12-09,75600.0,75600.0,64800.0,64800.0,64800.0,0
2008-12-10,64800.0,64800.0,64800.0,64800.0,64800.0,1
2008-12-11,64800.0,64800.0,54000.0,64800.0,64800.0,0
2008-12-12,54000.0,64800.0,54000.0,64800.0,64800.0,0
2008-12-15,64800.0,64800.0,54000.0,54000.0,54000.0,1
2008-12-16,54000.0,64800.0,54000.0,54000.0,54000.0,0
2008-12-17,54000.0,151200.0,54000.0,140400.0,140400.0,5
2008-12-18,205200.0,378000.0,162000.0,162000.0,162000.0,25
2008-12-19,194400.0,216000.0,108000.0,140400.0,140400.0,6
2008-12-22,129600.0,140400.0,108000.0,108000.0,108000.0,2
2008-12-23,129600.0,140400.0,118800.0,129600.0,129600.0,1
2008-12-24,129600.0,129600.0,118800.0,118800.0,118800.0,0
2008-12-26,118800.0,118800.0,108000.0,108000.0,108000.0,0
2008-12-29,108000.0,151200.0,108000.0,140400.0,140400.0,2
2008-12-30,140400.0,216000.0,129600.0,172800.0,172800.0,4
2008-12-31,162000.0,172800.0,140400.0,151200.0,151200.0,2
2009-01-02,162000.0,162000.0,129600.0,140400.0,140400.0,1
2009-01-05,140400.0,140400.0,129600.0,140400.0,140400.0,1
2009-01-06,140400.0,151200.0,129600.0,140400.0,140400.0,1
2009-01-07,140400.0,151200.0,140400.0,151200.0,151200.0,1
2009-01-08,151200.0,151200.0,129600.0,129600.0,129600.0,1
2009-01-09,140400.0,183600.0,129600.0,151200.0,151200.0,2
2009-01-12,162000.0,248400.0,151200.0,226800.0,226800.0,6
2009-01-13,280800.0,302400.0,172800.0,183600.0,183600.0,15
2009-01-14,194400.0,194400.0,151200.0,172800.0,172800.0,2
2009-01-15,172800.0,205200.0,151200.0,194400.0,194400.0,1
2009-01-16,194400.0,216000.0,183600.0,194400.0,194400.0,1
2009-01-20,205200.0,205200.0,172800.0,183600.0,183600.0,1
2009-01-21,172800.0,183600.0,162000.0,162000.0,162000.0,1
2009-01-22,162000.0,216000.0,162000.0,183600.0,183600.0,2
2009-01-23,183600.0,183600.0,162000.0,172800.0,172800.0,1
2009-01-26,172800.0,194400.0,172800.0,172800.0,172800.0,1
2009-01-27,194400.0,194400.0,172800.0,183600.0,183600.0,1
2009-01-28,183600.0,194400.0,183600.0,183600.0,183600.0,1
2009-01-29,194400.0,226800.0,183600.0,205200.0,205200.0,2
2009-01-30,226800.0,248400.0,216000.0,216000.0,216000.0,3
2009-02-02,216000.0,226800.0,183600.0,205200.0,205200.0,1
2009-02-03,216000.0,237600.0,129600.0,162000.0,162000.0,6
2009-02-04,172800.0,172800.0,151200.0,151200.0,151200.0,2
2009-02-05,151200.0,151200.0,118800.0,118800.0,118800.0,2
2009-02-06,118800.0,151200.0,118800.0,151200.0,151200.0,1
2009-02-09,151200.0,151200.0,140400.0,140400.0,140400.0,0
2009-02-10,140400.0,151200.0,140400.0,140400.0,140400.0,0
2009-02-11,140400.0,140400.0,129600.0,129600.0,129600.0,0
2009-02-12,129600.0,140400.0,129600.0,129600.0,129600.0,0
2009-02-13,140400.0,140400.0,129600.0,129600.0,129600.0,0
2009-02-17,140400.0,140400.0,108000.0,118800.0,118800.0,0
2009-02-18,118800.0,118800.0,108000.0,118800.0,118800.0,0
2009-02-19,108000.0,118800.0,97200.0,97200.0,97200.0,0
2009-02-20,108000.0,108000.0,86400.0,86400.0,86400.0,1
2009-02-23,108000.0,108000.0,86400.0,97200.0,97200.0,0
2009-02-24,108000.0,118800.0,86400.0,108000.0,108000.0,0
2009-02-25,118800.0,118800.0,97200.0,97200.0,97200.0,0
2009-02-26,97200.0,108000.0,97200.0,108000.0,108000.0,0
2009-02-27,108000.0,108000.0,97200.0,97200.0,97200.0,0
2009-03-02,86400.0,108000.0,86400.0,86400.0,86400.0,0
2009-03-03,108000.0,108000.0,86400.0,86400.0,86400.0,0
2009-03-04,86400.0,108000.0,86400.0,97200.0,97200.0,0
2009-03-05,97200.0,97200.0,86400.0,97200.0,97200.0,0
2009-03-06,97200.0,108000.0,86400.0,108000.0,108000.0,0
2009-03-09,86400.0,118800.0,86400.0,97200.0,97200.0,0
2009-03-10,97200.0,118800.0,97200.0,118800.0,118800.0,0
2009-03-11,108000.0,108000.0,86400.0,97200.0,97200.0,0
2009-03-12,108000.0,108000.0,97200.0,108000.0,108000.0,0
2009-03-13,97200.0,118800.0,97200.0,108000.0,108000.0,0
2009-03-16,108000.0,108000.0,86400.0,86400.0,86400.0,0
2009-03-17,97200.0,108000.0,86400.0,108000.0,108000.0,0
2009-03-18,97200.0,97200.0,86400.0,97200.0,97200.0,0
2009-03-19,86400.0,108000.0,86400.0,97200.0,97200.0,0
2009-03-20,108000.0,108000.0,97200.0,97200.0,97200.0,0
2009-03-23,108000.0,108000.0,97200.0,97200.0,97200.0,0
2009-03-24,97200.0,151200.0,97200.0,140400.0,140400.0,2
2009-03-25,151200.0,162000.0,108000.0,129600.0,129600.0,2
2009-03-26,129600.0,162000.0,129600.0,140400.0,140400.0,1
2009-03-27,151200.0,162000.0,118800.0,151200.0,151200.0,1
2009-03-30,129600.0,151200.0,118800.0,129600.0,129600.0,0
2009-03-31,129600.0,172800.0,118800.0,140400.0,140400.0,2
2009-04-01,140400.0,205200.0,129600.0,172800.0,172800.0,4
2009-04-02,194400.0,194400.0,162000.0,162000.0,162000.0,1
2009-04-03,172800.0,172800.0,151200.0,151200.0,151200.0,1
2009-04-06,140400.0,151200.0,129600.0,140400.0,140400.0,1
2009-04-07,140400.0,183600.0,140400.0,151200.0,151200.0,1
2009-04-08,172800.0,172800.0,151200.0,151200.0,151200.0,1
2009-04-09,151200.0,162000.0,140400.0,151200.0,151200.0,0
2009-04-13,162000.0,162000.0,140400.0,162000.0,162000.0,0
2009-04-14,162000.0,183600.0,140400.0,140400.0,140400.0,2
2009-04-15,151200.0,162000.0,140400.0,151200.0,151200.0,1
2009-04-16,162000.0,162000.0,140400.0,151200.0,151200.0,0
2009-04-17,162000.0,162000.0,140400.0,140400.0,140400.0,0
2009-04-20,151200.0,162000.0,140400.0,140400.0,140400.0,0
2009-04-21,140400.0,151200.0,129600.0,140400.0,140400.0,0
2009-04-22,151200.0,151200.0,140400.0,140400.0,140400.0,0
2009-04-23,140400.0,172800.0,140400.0,172800.0,172800.0,1
2009-04-24,172800.0,194400.0,162000.0,183600.0,183600.0,3
2009-04-27,183600.0,194400.0,162000.0,162000.0,162000.0,1
2009-04-28,172800.0,183600.0,162000.0,172800.0,172800.0,0
2009-04-29,183600.0,183600.0,151200.0,162000.0,162000.0,1
2009-04-30,172800.0,194400.0,151200.0,162000.0,162000.0,1
2009-05-01,172800.0,194400.0,162000.0,183600.0,183600.0,1
2009-05-04,183600.0,216000.0,183600.0,194400.0,194400.0,2
2009-05-05,216000.0,216000.0,183600.0,205200.0,205200.0,2
2009-05-06,216000.0,388800.0,216000.0,324000.0,324000.0,18
2009-05-07,432000.0,561600.0,432000.0,442800.0,442800.0,15
2009-05-08,540000.0,540000.0,334800.0,345600.0,345600.0,7
2009-05-11,464400.0,475200.0,378000.0,399600.0,399600.0,4
2009-05-12,442800.0,464400.0,356400.0,388800.0,388800.0,5
2009-05-13,388800.0,388800.0,291600.0,302400.0,302400.0,4
2009-05-14,302400.0,302400.0,248400.0,270000.0,270000.0,3
2009-05-15,270000.0,367200.0,259200.0,324000.0,324000.0,4
2009-05-18,345600.0,356400.0,291600.0,302400.0,302400.0,2
2009-05-19,291600.0,313200.0,270000.0,291600.0,291600.0,1
2009-05-20,302400.0,324000.0,291600.0,291600.0,291600.0,1
2009-05-21,291600.0,302400.0,291600.0,302400.0,302400.0,1
2009-05-22,302400.0,313200.0,291600.0,291600.0,291600.0,1
2009-05-26,313200.0,313200.0,291600.0,291600.0,291600.0,1
2009-05-27,302400.0,302400.0,237600.0,270000.0,270000.0,1
2009-05-28,291600.0,291600.0,248400.0,280800.0,280800.0,1
2009-05-29,270000.0,280800.0,259200.0,270000.0,270000.0,1
2009-06-01,270000.0,280800.0,259200.0,270000.0,270000.0,1
2009-06-02,259200.0,378000.0,259200.0,356400.0,356400.0,8
2009-06-03,378000.0,442800.0,367200.0,378000.0,378000.0,7
2009-06-04,388800.0,410400.0,334800.0,367200.0,367200.0,4
2009-06-05,356400.0,378000.0,324000.0,367200.0,367200.0,2
2009-06-08,367200.0,367200.0,334800.0,356400.0,356400.0,1
2009-06-09,345600.0,442800.0,345600.0,421200.0,421200.0,5
2009-06-10,432000.0,486000.0,388800.0,399600.0,399600.0,4
2009-06-11,410400.0,421200.0,367200.0,378000.0,378000.0,2
2009-06-12,378000.0,378000.0,345600.0,356400.0,356400.0,1
2009-06-15,388800.0,388800.0,356400.0,378000.0,378000.0,1
2009-06-16,378000.0,399600.0,356400.0,378000.0,378000.0,1
2009-06-17,378000.0,378000.0,334800.0,345600.0,345600.0,1
2009-06-18,345600.0,356400.0,334800.0,356400.0,356400.0,0
2009-06-19,367200.0,378000.0,345600.0,356400.0,356400.0,0
2009-06-22,367200.0,378000.0,345600.0,345600.0,345600.0,1
2009-06-23,345600.0,356400.0,302400.0,313200.0,313200.0,1
2009-06-24,324000.0,324000.0,302400.0,302400.0,302400.0,0
2009-06-25,313200.0,324000.0,302400.0,313200.0,313200.0,0
2009-06-26,302400.0,324000.0,302400.0,302400.0,302400.0,1
2009-06-29,302400.0,399600.0,302400.0,388800.0,388800.0,3
2009-06-30,464400.0,583200.0,442800.0,518400.0,518400.0,12
2009-07-01,453600.0,486000.0,410400.0,410400.0,410400.0,4
2009-07-02,410400.0,421200.0,367200.0,399600.0,399600.0,3
2009-07-06,410400.0,421200.0,388800.0,410400.0,410400.0,1
2009-07-07,421200.0,496800.0,388800.0,453600.0,453600.0,8
2009-07-08,194400.0,280800.0,194400.0,205200.0,205200.0,22
2009-07-09,216000.0,237600.0,183600.0,205200.0,205200.0,5
2009-07-10,194400.0,205200.0,183600.0,183600.0,183600.0,2
2009-07-13,194400.0,194400.0,162000.0,183600.0,183600.0,3
2009-07-14,194400.0,194400.0,162000.0,183600.0,183600.0,2
2009-07-15,172800.0,183600.0,172800.0,183600.0,183600.0,1
2009-07-16,194400.0,194400.0,172800.0,183600.0,183600.0,2
2009-07-17,183600.0,183600.0,172800.0,183600.0,183600.0,1
2009-07-20,183600.0,194400.0,172800.0,183600.0,183600.0,1
2009-07-21,183600.0,194400.0,183600.0,183600.0,183600.0,1
2009-07-22,183600.0,194400.0,183600.0,194400.0,194400.0,1
2009-07-23,194400.0,248400.0,183600.0,216000.0,216000.0,5
2009-07-24,226800.0,237600.0,205200.0,216000.0,216000.0,3
2009-07-27,216000.0,226800.0,194400.0,205200.0,205200.0,2
2009-07-28,205200.0,226800.0,205200.0,216000.0,216000.0,1
2009-07-29,216000.0,216000.0,205200.0,205200.0,205200.0,1
2009-07-30,216000.0,226800.0,205200.0,205200.0,205200.0,2
2009-07-31,205200.0,216000.0,194400.0,205200.0,205200.0,1
2009-08-03,205200.0,205200.0,194400.0,194400.0,194400.0,1
2009-08-04,194400.0,205200.0,194400.0,205200.0,205200.0,1
2009-08-05,205200.0,205200.0,194400.0,205200.0,205200.0,1
2009-08-06,205200.0,205200.0,194400.0,205200.0,205200.0,1
2009-08-07,205200.0,216000.0,194400.0,216000.0,216000.0,1
2009-08-10,216000.0,226800.0,205200.0,205200.0,205200.0,2
2009-08-11,216000.0,216000.0,194400.0,194400.0,194400.0,2
2009-08-12,194400.0,205200.0,183600.0,194400.0,194400.0,1
2009-08-13,205200.0,237600.0,194400.0,216000.0,216000.0,4
2009-08-14,216000.0,226800.0,183600.0,205200.0,205200.0,3
2009-08-17,194400.0,194400.0,183600.0,183600.0,183600.0,1
2009-08-18,183600.0,194400.0,183600.0,183600.0,183600.0,1
2009-08-19,183600.0,183600.0,172800.0,183600.0,183600.0,1
2009-08-20,172800.0,183600.0,162000.0,162000.0,162000.0,2
2009-08-21,162000.0,172800.0,162000.0,172800.0,172800.0,1
2009-08-24,183600.0,183600.0,172800.0,172800.0,172800.0,1
2009-08-25,183600.0,183600.0,172800.0,172800.0,172800.0,2
2009-08-26,194400.0,216000.0,172800.0,183600.0,183600.0,4
2009-08-27,259200.0,259200.0,194400.0,216000.0,216000.0,13
2009-08-28,205200.0,226800.0,194400.0,216000.0,216000.0,2
2009-08-31,216000.0,216000.0,205200.0,205200.0,205200.0,1
2009-09-01,205200.0,216000.0,194400.0,194400.0,194400.0,1
2009-09-02,194400.0,205200.0,183600.0,194400.0,194400.0,1
2009-09-03,205200.0,216000.0,194400.0,194400.0,194400.0,1
2009-09-04,194400.0,194400.0,183600.0,183600.0,183600.0,0
2009-09-08,194400.0,194400.0,183600.0,183600.0,183600.0,1
2009-09-09,194400.0,216000.0,183600.0,205200.0,205200.0,1
2009-09-10,216000.0,216000.0,194400.0,205200.0,205200.0,2
2009-09-11,216000.0,216000.0,194400.0,205200.0,205200.0,1
2009-09-14,216000.0,216000.0,194400.0,205200.0,205200.0,0
2009-09-15,205200.0,205200.0,194400.0,205200.0,205200.0,1
2009-09-16,205200.0,205200.0,194400.0,205200.0,205200.0,1
2009-09-17,205200.0,205200.0,194400.0,205200.0,205200.0,1
2009-09-18,205200.0,205200.0,194400.0,205200.0,205200.0,1
2009-09-21,205200.0,205200.0,194400.0,205200.0,205200.0,0
2009-09-22,205200.0,205200.0,205200.0,205200.0,205200.0,1
2009-09-23,194400.0,205200.0,194400.0,194400.0,194400.0,2
2009-09-24,194400.0,205200.0,194400.0,194400.0,194400.0,1
2009-09-25,194400.0,194400.0,194400.0,194400.0,194400.0,1
2009-09-28,205200.0,205200.0,194400.0,194400.0,194400.0,1
2009-09-29,194400.0,194400.0,183600.0,194400.0,194400.0,1
2009-09-30,194400.0,194400.0,183600.0,194400.0,194400.0,1
2009-10-01,183600.0,183600.0,172800.0,183600.0,183600.0,0
2009-10-02,172800.0,183600.0,172800.0,172800.0,172800.0,0
2009-10-05,183600.0,183600.0,172800.0,172800.0,172800.0,0
2009-10-06,183600.0,194400.0,172800.0,172800.0,172800.0,0
2009-10-07,172800.0,183600.0,172800.0,172800.0,172800.0,1
2009-10-08,172800.0,183600.0,172800.0,172800.0,172800.0,0
2009-10-09,172800.0,183600.0,172800.0,172800.0,172800.0,0
2009-10-12,172800.0,183600.0,172800.0,172800.0,172800.0,1
2009-10-13,172800.0,172800.0,162000.0,162000.0,162000.0,1
2009-10-14,194400.0,248400.0,183600.0,183600.0,183600.0,23
2009-10-15,205200.0,205200.0,194400.0,205200.0,205200.0,6
2009-10-16,216000.0,216000.0,194400.0,194400.0,194400.0,2
2009-10-19,194400.0,205200.0,172800.0,183600.0,183600.0,3
2009-10-20,183600.0,194400.0,172800.0,172800.0,172800.0,2
2009-10-21,172800.0,172800.0,172800.0,172800.0,172800.0,1
2009-10-22,172800.0,172800.0,172800.0,172800.0,172800.0,1
2009-10-23,172800.0,172800.0,162000.0,172800.0,172800.0,1
2009-10-26,172800.0,172800.0,140400.0,151200.0,151200.0,1
2009-10-27,151200.0,151200.0,140400.0,140400.0,140400.0,1
2009-10-28,140400.0,151200.0,129600.0,129600.0,129600.0,1
2009-10-29,140400.0,162000.0,140400.0,151200.0,151200.0,1
2009-10-30,162000.0,162000.0,140400.0,140400.0,140400.0,0
2009-11-02,162000.0,162000.0,129600.0,140400.0,140400.0,1
2009-11-03,140400.0,151200.0,140400.0,140400.0,140400.0,0
2009-11-04,140400.0,140400.0,140400.0,140400.0,140400.0,0
2009-11-05,140400.0,151200.0,140400.0,151200.0,151200.0,0
2009-11-06,140400.0,151200.0,140400.0,151200.0,151200.0,0
2009-11-09,151200.0,162000.0,151200.0,151200.0,151200.0,1
2009-11-10,151200.0,162000.0,140400.0,140400.0,140400.0,1
2009-11-11,151200.0,162000.0,151200.0,162000.0,162000.0,1
2009-11-12,162000.0,162000.0,140400.0,151200.0,151200.0,2
2009-11-13,140400.0,183600.0,140400.0,183600.0,183600.0,3
2009-11-16,183600.0,194400.0,172800.0,194400.0,194400.0,2
2009-11-17,194400.0,194400.0,172800.0,172800.0,172800.0,1
2009-11-18,162000.0,172800.0,151200.0,172800.0,172800.0,1
2009-11-19,172800.0,194400.0,151200.0,183600.0,183600.0,1
2009-11-20,194400.0,194400.0,162000.0,183600.0,183600.0,1
2009-11-23,205200.0,226800.0,194400.0,216000.0,216000.0,5
2009-11-24,291600.0,367200.0,259200.0,280800.0,280800.0,46
2009-11-25,291600.0,302400.0,237600.0,237600.0,237600.0,10
2009-11-27,237600.0,237600.0,216000.0,226800.0,226800.0,2
2009-11-30,237600.0,280800.0,237600.0,259200.0,259200.0,5
2009-12-01,259200.0,280800.0,237600.0,248400.0,248400.0,3
2009-12-02,248400.0,248400.0,226800.0,226800.0,226800.0,3
2009-12-03,216000.0,259200.0,216000.0,237600.0,237600.0,2
2009-12-04,248400.0,259200.0,248400.0,259200.0,259200.0,2
2009-12-07,270000.0,291600.0,259200.0,280800.0,280800.0,5
2009-12-08,291600.0,302400.0,280800.0,291600.0,291600.0,4
2009-12-09,302400.0,302400.0,259200.0,259200.0,259200.0,3
2009-12-10,259200.0,313200.0,259200.0,313200.0,313200.0,4
2009-12-11,378000.0,432000.0,324000.0,345600.0,345600.0,23
2009-12-14,345600.0,475200.0,334800.0,432000.0,432000.0,23
2009-12-15,496800.0,550800.0,345600.0,367200.0,367200.0,24
2009-12-16,345600.0,378000.0,313200.0,334800.0,334800.0,10
2009-12-17,345600.0,410400.0,324000.0,367200.0,367200.0,7
2009-12-18,421200.0,442800.0,378000.0,410400.0,410400.0,8
2009-12-21,432000.0,432000.0,378000.0,378000.0,378000.0,4
2009-12-22,378000.0,399600.0,334800.0,345600.0,345600.0,4
2009-12-23,345600.0,367200.0,334800.0,345600.0,345600.0,3
2009-12-24,356400.0,367200.0,345600.0,345600.0,345600.0,1
2009-12-28,345600.0,345600.0,291600.0,324000.0,324000.0,5
2009-12-29,302400.0,356400.0,302400.0,334800.0,334800.0,4
2009-12-30,334800.0,334800.0,313200.0,324000.0,324000.0,1
2009-12-31,324000.0,334800.0,302400.0,313200.0,313200.0,2
2010-01-04,324000.0,324000.0,302400.0,302400.0,302400.0,2
2010-01-05,313200.0,324000.0,280800.0,291600.0,291600.0,2
2010-01-06,291600.0,324000.0,291600.0,291600.0,291600.0,2
2010-01-07,313200.0,345600.0,291600.0,345600.0,345600.0,4
2010-01-08,345600.0,496800.0,324000.0,421200.0,421200.0,21
2010-01-11,421200.0,453600.0,367200.0,432000.0,432000.0,9
2010-01-12,410400.0,820800.0,388800.0,799200.0,799200.0,59
2010-01-13,788400.0,907200.0,604800.0,615600.0,615600.0,39
2010-01-14,583200.0,680400.0,583200.0,604800.0,604800.0,10
2010-01-15,680400.0,680400.0,572400.0,594000.0,594000.0,6
2010-01-19,615600.0,842400.0,561600.0,788400.0,788400.0,35
2010-01-20,723600.0,777600.0,658800.0,669600.0,669600.0,15
2010-01-21,702000.0,702000.0,604800.0,648000.0,648000.0,7
2010-01-22,604800.0,723600.0,561600.0,626400.0,626400.0,8
2010-01-25,648000.0,766800.0,604800.0,691200.0,691200.0,16
2010-01-26,702000.0,756000.0,669600.0,680400.0,680400.0,9
2010-01-27,680400.0,680400.0,626400.0,658800.0,658800.0,6
2010-01-28,561600.0,691200.0,561600.0,626400.0,626400.0,4
2010-01-29,572400.0,594000.0,540000.0,561600.0,561600.0,5
2010-02-01,561600.0,669600.0,550800.0,615600.0,615600.0,7
2010-02-02,626400.0,648000.0,572400.0,572400.0,572400.0,4
2010-02-03,615600.0,615600.0,572400.0,583200.0,583200.0,2
2010-02-04,572400.0,583200.0,529200.0,529200.0,529200.0,3
2010-02-05,540000.0,550800.0,486000.0,507600.0,507600.0,4
2010-02-08,518400.0,615600.0,486000.0,529200.0,529200.0,5
2010-02-09,550800.0,561600.0,529200.0,529200.0,529200.0,2
2010-02-10,518400.0,550800.0,496800.0,518400.0,518400.0,1
2010-02-11,496800.0,518400.0,464400.0,486000.0,486000.0,2
2010-02-12,486000.0,540000.0,486000.0,529200.0,529200.0,2
2010-02-16,529200.0,561600.0,518400.0,529200.0,529200.0,2
2010-02-17,540000.0,550800.0,496800.0,507600.0,507600.0,1
2010-02-18,496800.0,550800.0,496800.0,518400.0,518400.0,2
2010-02-19,529200.0,550800.0,507600.0,540000.0,540000.0,3
2010-02-22,561600.0,604800.0,540000.0,550800.0,550800.0,6
2010-02-23,561600.0,561600.0,518400.0,540000.0,540000.0,2
2010-02-24,540000.0,550800.0,518400.0,518400.0,518400.0,1
2010-02-25,518400.0,540000.0,496800.0,507600.0,507600.0,1
2010-02-26,529200.0,529200.0,496800.0,496800.0,496800.0,2
2010-03-01,496800.0,496800.0,464400.0,486000.0,486000.0,3
2010-03-02,475200.0,496800.0,464400.0,464400.0,464400.0,2
2010-03-03,464400.0,496800.0,464400.0,475200.0,475200.0,1
2010-03-04,475200.0,496800.0,464400.0,464400.0,464400.0,2
2010-03-05,464400.0,507600.0,464400.0,464400.0,464400.0,3
2010-03-08,475200.0,496800.0,464400.0,486000.0,486000.0,4
2010-03-09,496800.0,583200.0,486000.0,540000.0,540000.0,8
2010-03-10,550800.0,550800.0,496800.0,540000.0,540000.0,3
2010-03-11,540000.0,550800.0,518400.0,518400.0,518400.0,1
2010-03-12,540000.0,540000.0,518400.0,518400.0,518400.0,1
2010-03-15,507600.0,529200.0,507600.0,518400.0,518400.0,1
2010-03-16,518400.0,529200.0,518400.0,518400.0,518400.0,1
2010-03-17,518400.0,594000.0,507600.0,529200.0,529200.0,8
2010-03-18,518400.0,518400.0,486000.0,507600.0,507600.0,3
2010-03-19,518400.0,518400.0,475200.0,518400.0,518400.0,2
2010-03-22,496800.0,507600.0,475200.0,475200.0,475200.0,3
2010-03-23,475200.0,529200.0,453600.0,496800.0,496800.0,7
2010-03-24,507600.0,507600.0,464400.0,464400.0,464400.0,3
2010-03-25,475200.0,486000.0,464400.0,464400.0,464400.0,2
2010-03-26,464400.0,486000.0,453600.0,464400.0,464400.0,2
2010-03-29,464400.0,561600.0,464400.0,496800.0,496800.0,13
2010-03-30,496800.0,507600.0,475200.0,475200.0,475200.0,2
2010-03-31,486000.0,518400.0,475200.0,496800.0,496800.0,2
2010-04-01,486000.0,507600.0,475200.0,486000.0,486000.0,4
2010-04-05,507600.0,518400.0,486000.0,486000.0,486000.0,2
2010-04-06,486000.0,507600.0,486000.0,486000.0,486000.0,1
2010-04-07,486000.0,486000.0,475200.0,486000.0,486000.0,2
2010-04-08,475200.0,486000.0,475200.0,475200.0,475200.0,2
2010-04-09,486000.0,507600.0,475200.0,475200.0,475200.0,4
2010-04-12,486000.0,496800.0,475200.0,486000.0,486000.0,2
2010-04-13,475200.0,529200.0,475200.0,475200.0,475200.0,6
2010-04-14,486000.0,496800.0,475200.0,475200.0,475200.0,2
2010-04-15,486000.0,496800.0,475200.0,475200.0,475200.0,1
2010-04-16,475200.0,496800.0,475200.0,486000.0,486000.0,1
2010-04-19,486000.0,486000.0,475200.0,486000.0,486000.0,1
2010-04-20,486000.0,507600.0,475200.0,496800.0,496800.0,2
2010-04-21,507600.0,507600.0,486000.0,486000.0,486000.0,2
2010-04-22,475200.0,486000.0,464400.0,475200.0,475200.0,2
2010-04-23,496800.0,496800.0,475200.0,475200.0,475200.0,2
2010-04-26,475200.0,475200.0,432000.0,432000.0,432000.0,7
2010-04-27,669600.0,669600.0,540000.0,540000.0,540000.0,27
2010-04-28,572400.0,583200.0,507600.0,518400.0,518400.0,7
2010-04-29,583200.0,583200.0,529200.0,540000.0,540000.0,5
2010-04-30,540000.0,550800.0,507600.0,518400.0,518400.0,3
2010-05-03,518400.0,518400.0,486000.0,486000.0,486000.0,3
2010-05-04,475200.0,496800.0,464400.0,475200.0,475200.0,3
2010-05-05,453600.0,464400.0,442800.0,453600.0,453600.0,3
2010-05-06,496800.0,496800.0,432000.0,442800.0,442800.0,3
2010-05-07,453600.0,453600.0,410400.0,432000.0,432000.0,3
2010-05-10,453600.0,464400.0,432000.0,442800.0,442800.0,2
2010-05-11,453600.0,486000.0,442800.0,464400.0,464400.0,4
2010-05-12,475200.0,475200.0,453600.0,464400.0,464400.0,2
2010-05-13,475200.0,496800.0,464400.0,464400.0,464400.0,2
2010-05-14,453600.0,475200.0,432000.0,442800.0,442800.0,3
2010-05-17,453600.0,453600.0,421200.0,432000.0,432000.0,3
2010-05-18,475200.0,475200.0,432000.0,442800.0,442800.0,2
2010-05-19,432000.0,442800.0,421200.0,432000.0,432000.0,2
2010-05-20,421200.0,421200.0,388800.0,388800.0,388800.0,2
2010-05-21,388800.0,410400.0,367200.0,399600.0,399600.0,2
2010-05-24,421200.0,432000.0,399600.0,410400.0,410400.0,1
2010-05-25,378000.0,388800.0,367200.0,378000.0,378000.0,2
2010-05-26,388800.0,399600.0,367200.0,367200.0,367200.0,1
2010-05-27,388800.0,388800.0,378000.0,378000.0,378000.0,1
2010-05-28,388800.0,388800.0,367200.0,378000.0,378000.0,1
2010-06-01,399600.0,399600.0,378000.0,378000.0,378000.0,0
2010-06-02,367200.0,378000.0,367200.0,367200.0,367200.0,1
2010-06-03,356400.0,378000.0,334800.0,334800.0,334800.0,1
2010-06-04,345600.0,378000.0,345600.0,367200.0,367200.0,1
2010-06-07,367200.0,367200.0,334800.0,334800.0,334800.0,1
2010-06-08,356400.0,356400.0,313200.0,313200.0,313200.0,1
2010-06-09,313200.0,324000.0,270000.0,280800.0,280800.0,1
2010-06-10,302400.0,378000.0,291600.0,356400.0,356400.0,2
2010-06-11,324000.0,356400.0,324000.0,334800.0,334800.0,1
2010-06-14,345600.0,356400.0,302400.0,313200.0,313200.0,1
2010-06-15,334800.0,378000.0,324000.0,334800.0,334800.0,3
2010-06-16,356400.0,356400.0,334800.0,334800.0,334800.0,1
2010-06-17,334800.0,345600.0,324000.0,345600.0,345600.0,1
2010-06-18,248400.0,302400.0,237600.0,248400.0,248400.0,10
2010-06-21,272160.0,272160.0,219600.0,233280.0,233280.0,1
2010-06-22,223200.0,250560.0,216000.0,218160.0,218160.0,1
2010-06-23,223200.0,223200.0,181440.0,200880.0,200880.0,5
2010-06-24,208800.0,208800.0,185040.0,186480.0,186480.0,3
2010-06-25,187200.0,197280.0,172800.0,173520.0,173520.0,3
2010-06-28,180720.0,180720.0,162720.0,167760.0,167760.0,2
2010-06-29,162000.0,165600.0,152640.0,154800.0,154800.0,4
2010-06-30,154800.0,160560.0,151200.0,151200.0,151200.0,2
2010-07-01,151200.0,151200.0,144000.0,144000.0,144000.0,2
2010-07-02,144000.0,169920.0,144000.0,158400.0,158400.0,1
2010-07-06,167760.0,279360.0,165600.0,275760.0,275760.0,29
2010-07-07,252720.0,264960.0,208800.0,230400.0,230400.0,18
2010-07-08,220320.0,239760.0,220320.0,226800.0,226800.0,4
2010-07-09,218880.0,231120.0,209520.0,218160.0,218160.0,5
2010-07-12,212400.0,228960.0,212400.0,225360.0,225360.0,3
2010-07-13,219600.0,277200.0,219600.0,252000.0,252000.0,4
2010-07-14,252000.0,255600.0,239040.0,245520.0,245520.0,3
2010-07-15,247680.0,248400.0,230400.0,241200.0,241200.0,1
2010-07-16,235440.0,241200.0,230400.0,232560.0,232560.0,1
2010-07-19,231120.0,259200.0,231120.0,234720.0,234720.0,1
2010-07-20,231840.0,247680.0,218160.0,226800.0,226800.0,1
2010-07-21,216720.0,244800.0,213840.0,218880.0,218880.0,1
2010-07-22,243360.0,243360.0,221760.0,225360.0,225360.0,1
2010-07-23,230400.0,230400.0,221760.0,227520.0,227520.0,0
2010-07-26,222480.0,230400.0,221760.0,224640.0,224640.0,1
2010-07-27,234000.0,236160.0,223200.0,223200.0,223200.0,1
2010-07-28,223920.0,233280.0,218160.0,226800.0,226800.0,1
2010-07-29,219600.0,229680.0,216000.0,220320.0,220320.0,2
2010-07-30,216000.0,237600.0,216000.0,237600.0,237600.0,1
2010-08-02,237600.0,241200.0,220320.0,227520.0,227520.0,1
2010-08-03,228240.0,230400.0,216000.0,223920.0,223920.0,1
2010-08-04,223200.0,224640.0,218880.0,220320.0,220320.0,1
2010-08-05,220320.0,222480.0,216720.0,218160.0,218160.0,0
2010-08-06,217440.0,222480.0,213120.0,216720.0,216720.0,1
2010-08-09,213120.0,215280.0,210240.0,210240.0,210240.0,1
2010-08-10,205200.0,208800.0,195840.0,204480.0,204480.0,2
2010-08-11,201600.0,212400.0,192960.0,192960.0,192960.0,1
2010-08-12,207360.0,207360.0,192240.0,198000.0,198000.0,0
2010-08-13,192240.0,198000.0,177840.0,190800.0,190800.0,1
2010-08-16,186480.0,187200.0,176400.0,176400.0,176400.0,1
2010-08-17,176400.0,184320.0,172800.0,176400.0,176400.0,1
2010-08-18,176400.0,182880.0,175680.0,179280.0,179280.0,0
2010-08-19,175680.0,176400.0,169200.0,169920.0,169920.0,1
2010-08-20,167040.0,169200.0,158400.0,159840.0,159840.0,1
2010-08-23,162720.0,169200.0,155520.0,156240.0,156240.0,1
2010-08-24,156240.0,158400.0,143280.0,144720.0,144720.0,2
2010-08-25,142560.0,153360.0,142560.0,150480.0,150480.0,1
2010-08-26,151200.0,154800.0,143280.0,144720.0,144720.0,1
2010-08-27,151920.0,152640.0,145440.0,149040.0,149040.0,1
2010-08-30,146160.0,151200.0,146160.0,149040.0,149040.0,0
2010-08-31,149040.0,151200.0,141120.0,141120.0,141120.0,1
2010-09-01,150480.0,150480.0,138960.0,141120.0,141120.0,1
2010-09-02,144000.0,149040.0,140400.0,144000.0,144000.0,1
2010-09-03,144000.0,147600.0,144000.0,145440.0,145440.0,1
2010-09-07,143280.0,147600.0,141120.0,145440.0,145440.0,1
2010-09-08,146880.0,147600.0,144000.0,144000.0,144000.0,0
2010-09-09,145440.0,146160.0,144000.0,145440.0,145440.0,0
2010-09-10,147600.0,198000.0,145440.0,185040.0,185040.0,6
2010-09-13,183600.0,183600.0,162000.0,171360.0,171360.0,3
2010-09-14,172800.0,196560.0,172800.0,180000.0,180000.0,1
2010-09-15,187200.0,187200.0,173520.0,180000.0,180000.0,0
2010-09-16,190800.0,190800.0,172800.0,180720.0,180720.0,1
2010-09-17,182160.0,182160.0,169200.0,169200.0,169200.0,2
2010-09-20,167040.0,179280.0,154800.0,154800.0,154800.0,2
2010-09-21,154080.0,194400.0,154080.0,172800.0,172800.0,4
2010-09-22,177120.0,178560.0,162720.0,167760.0,167760.0,1
2010-09-23,167760.0,169200.0,161280.0,162720.0,162720.0,1
2010-09-24,162000.0,164880.0,158400.0,158400.0,158400.0,1
2010-09-27,158400.0,165600.0,158400.0,161280.0,161280.0,0
2010-09-28,165600.0,167040.0,147600.0,156960.0,156960.0,2
2010-09-29,126000.0,128160.0,119520.0,127440.0,127440.0,15
2010-09-30,130320.0,131040.0,123840.0,124560.0,124560.0,5
2010-10-01,124560.0,128880.0,122400.0,125280.0,125280.0,2
2010-10-04,125280.0,126720.0,122400.0,123840.0,123840.0,2
2010-10-05,126000.0,126000.0,123120.0,123120.0,123120.0,2
2010-10-06,123840.0,125280.0,115920.0,115920.0,115920.0,2
2010-10-07,122400.0,122400.0,115200.0,118800.0,118800.0,2
2010-10-08,122400.0,126000.0,118800.0,120240.0,120240.0,2
2010-10-11,121680.0,127440.0,120240.0,122400.0,122400.0,2
2010-10-12,126720.0,126720.0,121680.0,121680.0,121680.0,1
2010-10-13,121680.0,124560.0,121680.0,123120.0,123120.0,2
2010-10-14,123840.0,123840.0,121680.0,122400.0,122400.0,2
2010-10-15,122400.0,122400.0,115920.0,118080.0,118080.0,1
2010-10-18,118800.0,129600.0,115920.0,123120.0,123120.0,2
2010-10-19,122400.0,122400.0,115200.0,116640.0,116640.0,1
2010-10-20,116640.0,120240.0,115200.0,118080.0,118080.0,2
2010-10-21,119520.0,120960.0,116640.0,119520.0,119520.0,1
2010-10-22,118800.0,125280.0,117360.0,123840.0,123840.0,2
2010-10-25,126000.0,126000.0,120960.0,121680.0,121680.0,2
2010-10-26,125280.0,127440.0,121680.0,125280.0,125280.0,2
2010-10-27,124560.0,128880.0,124560.0,128880.0,128880.0,1
2010-10-28,128880.0,128880.0,125280.0,126000.0,126000.0,3
2010-10-29,129600.0,129600.0,126000.0,127440.0,127440.0,1
2010-11-01,129600.0,129600.0,120960.0,123840.0,123840.0,2
2010-11-02,123840.0,125280.0,122400.0,125280.0,125280.0,1
2010-11-03,125280.0,126720.0,123840.0,125280.0,125280.0,1
2010-11-04,125280.0,127440.0,123840.0,125280.0,125280.0,1
2010-11-05,125280.0,128880.0,120960.0,127440.0,127440.0,1
2010-11-08,126000.0,149760.0,125280.0,133920.0,133920.0,5
2010-11-09,132480.0,139680.0,126720.0,134640.0,134640.0,2
2010-11-10,136080.0,149760.0,136080.0,147600.0,147600.0,3
2010-11-11,147600.0,154080.0,138960.0,151920.0,151920.0,4
2010-11-12,151200.0,151200.0,144000.0,150480.0,150480.0,2
2010-11-15,151200.0,194400.0,148320.0,162720.0,162720.0,39
2010-11-16,170640.0,171360.0,147600.0,151200.0,151200.0,11
2010-11-17,151920.0,164880.0,147600.0,156240.0,156240.0,5
2010-11-18,151200.0,169200.0,151200.0,158400.0,158400.0,5
2010-11-19,159840.0,214560.0,156240.0,194400.0,194400.0,32
2010-11-22,206640.0,296640.0,203040.0,241200.0,241200.0,106
2010-11-23,237600.0,263520.0,228240.0,239760.0,239760.0,29
2010-11-24,248400.0,262080.0,241200.0,253440.0,253440.0,12
2010-11-26,255600.0,288000.0,244800.0,277920.0,277920.0,13
2010-11-29,280800.0,306000.0,270000.0,286560.0,286560.0,27
2010-11-30,284400.0,288000.0,239040.0,248400.0,248400.0,17
2010-12-01,266400.0,269280.0,246240.0,253440.0,253440.0,10
2010-12-02,252000.0,266400.0,245520.0,254880.0,254880.0,5
2010-12-03,252720.0,257040.0,241920.0,247680.0,247680.0,6
2010-12-06,246960.0,246960.0,227520.0,228960.0,228960.0,8
2010-12-07,229680.0,230400.0,208080.0,221760.0,221760.0,13
2010-12-08,221760.0,239760.0,210960.0,226800.0,226800.0,6
2010-12-09,228960.0,239760.0,219600.0,238320.0,238320.0,5
2010-12-10,237600.0,251280.0,236160.0,245520.0,245520.0,8
2010-12-13,247680.0,264240.0,242640.0,244080.0,244080.0,7
2010-12-14,259200.0,260640.0,242640.0,248400.0,248400.0,6
2010-12-15,248400.0,248400.0,232560.0,242640.0,242640.0,5
2010-12-16,235440.0,253440.0,235440.0,246240.0,246240.0,2
2010-12-17,243360.0,249120.0,241200.0,249120.0,249120.0,3
2010-12-20,250560.0,255600.0,241920.0,248400.0,248400.0,4
2010-12-21,246240.0,249120.0,237600.0,246960.0,246960.0,4
2010-12-22,248400.0,280080.0,238320.0,276480.0,276480.0,21
2010-12-23,298800.0,312480.0,279360.0,284400.0,284400.0,37
2010-12-27,287280.0,288000.0,254160.0,259920.0,259920.0,12
2010-12-28,262080.0,264240.0,250560.0,259920.0,259920.0,4
2010-12-29,266400.0,272160.0,254160.0,257040.0,257040.0,3
2010-12-30,266400.0,266400.0,244800.0,254160.0,254160.0,6
2010-12-31,254880.0,254880.0,244800.0,249840.0,249840.0,2
2011-01-03,251280.0,270000.0,246960.0,267840.0,267840.0,9
2011-01-04,267120.0,293040.0,255600.0,262080.0,262080.0,23
2011-01-05,259920.0,263520.0,251280.0,254880.0,254880.0,5
2011-01-06,260640.0,262800.0,244800.0,254880.0,254880.0,5
2011-01-07,256320.0,256320.0,247680.0,254160.0,254160.0,5
2011-01-10,257760.0,277920.0,249840.0,273600.0,273600.0,12
2011-01-11,273600.0,280080.0,264240.0,275760.0,275760.0,6
2011-01-12,280080.0,284400.0,265680.0,265680.0,265680.0,8
2011-01-13,283680.0,283680.0,259920.0,275040.0,275040.0,6
2011-01-14,273600.0,295920.0,269280.0,284400.0,284400.0,18
2011-01-18,291600.0,322560.0,282960.0,303120.0,303120.0,29
2011-01-19,306720.0,307440.0,280800.0,282960.0,282960.0,15
2011-01-20,280800.0,282960.0,262800.0,272880.0,272880.0,8
2011-01-21,275760.0,286560.0,265680.0,281520.0,281520.0,7
2011-01-24,281520.0,293760.0,274320.0,280800.0,280800.0,3
2011-01-25,282240.0,290880.0,272160.0,277920.0,277920.0,7
2011-01-26,287280.0,287280.0,273600.0,277200.0,277200.0,5
2011-01-27,275760.0,282240.0,267120.0,277200.0,277200.0,5
2011-01-28,276480.0,280800.0,270000.0,278640.0,278640.0,5
2011-01-31,277920.0,300960.0,274320.0,280080.0,280080.0,10
2011-02-01,275760.0,280800.0,275040.0,279360.0,279360.0,3
2011-02-02,279360.0,285840.0,272160.0,280800.0,280800.0,2
2011-02-03,282240.0,293760.0,273600.0,284400.0,284400.0,4
2011-02-04,284400.0,290160.0,279360.0,285840.0,285840.0,4
2011-02-07,285120.0,296640.0,280800.0,292320.0,292320.0,6
2011-02-08,297360.0,307440.0,288720.0,295920.0,295920.0,13
2011-02-09,295920.0,297360.0,288720.0,289440.0,289440.0,3
2011-02-10,289440.0,299520.0,282960.0,290160.0,290160.0,7
2011-02-11,290160.0,298800.0,285840.0,293760.0,293760.0,5
2011-02-14,298800.0,311760.0,291600.0,296640.0,296640.0,13
2011-02-15,297360.0,297360.0,288720.0,290880.0,290880.0,5
2011-02-16,293040.0,293040.0,282240.0,293040.0,293040.0,6
2011-02-17,302400.0,306000.0,292320.0,300960.0,300960.0,11
2011-02-18,305280.0,321840.0,299520.0,316080.0,316080.0,17
2011-02-22,329760.0,380880.0,326160.0,359280.0,359280.0,75
2011-02-23,366480.0,381600.0,343440.0,375840.0,375840.0,35
2011-02-24,375840.0,402480.0,365040.0,374400.0,374400.0,36
2011-02-25,385200.0,385200.0,354960.0,369360.0,369360.0,12
2011-02-28,372960.0,396720.0,367200.0,385920.0,385920.0,12
2011-03-01,396000.0,406800.0,367200.0,368640.0,368640.0,14
2011-03-02,370800.0,383040.0,364320.0,371520.0,371520.0,7
2011-03-03,375120.0,381600.0,366480.0,367920.0,367920.0,6
2011-03-04,366480.0,378000.0,360000.0,373680.0,373680.0,6
2011-03-07,380880.0,380880.0,362880.0,367920.0,367920.0,7
2011-03-08,378000.0,378000.0,333360.0,374400.0,374400.0,13
2011-03-09,378000.0,378000.0,361440.0,361440.0,361440.0,7
2011-03-10,358560.0,377280.0,352800.0,364320.0,364320.0,9
2011-03-11,352800.0,365760.0,336240.0,352080.0,352080.0,16
2011-03-14,336960.0,344880.0,319680.0,324720.0,324720.0,12
2011-03-15,306720.0,341280.0,298800.0,340560.0,340560.0,11
2011-03-16,342720.0,348480.0,314640.0,315360.0,315360.0,11
2011-03-17,324720.0,331200.0,320400.0,324000.0,324000.0,3
2011-03-18,326160.0,337680.0,325440.0,330480.0,330480.0,3
2011-03-21,331200.0,334800.0,318240.0,320400.0,320400.0,3
2011-03-22,318960.0,318960.0,296640.0,310320.0,310320.0,10
2011-03-23,316800.0,321120.0,302400.0,306720.0,306720.0,5
2011-03-24,305280.0,320400.0,295200.0,311040.0,311040.0,4
2011-03-25,309600.0,316800.0,306000.0,306720.0,306720.0,3
2011-03-28,315360.0,319680.0,300960.0,302400.0,302400.0,3
2011-03-29,303840.0,345600.0,303120.0,328320.0,328320.0,15
2011-03-30,326880.0,329760.0,303120.0,305280.0,305280.0,7
2011-03-31,306000.0,306000.0,296640.0,301680.0,301680.0,8
2011-04-01,308160.0,319680.0,306000.0,318240.0,318240.0,5
2011-04-04,319680.0,329040.0,308880.0,316800.0,316800.0,3
2011-04-05,315360.0,327600.0,312480.0,325440.0,325440.0,3
2011-04-06,327600.0,336960.0,322560.0,332640.0,332640.0,3
2011-04-07,334800.0,344880.0,329760.0,330480.0,330480.0,4
2011-04-08,332640.0,334800.0,308160.0,313200.0,313200.0,6
2011-04-11,316800.0,328320.0,306720.0,322560.0,322560.0,4
2011-04-12,323280.0,334800.0,315360.0,332640.0,332640.0,3
2011-04-13,334800.0,365760.0,330480.0,357120.0,357120.0,10
2011-04-14,361440.0,363600.0,346320.0,363600.0,363600.0,5
2011-04-15,367200.0,372240.0,360000.0,361440.0,361440.0,5
2011-04-18,360720.0,372240.0,356400.0,360720.0,360720.0,6
2011-04-19,365040.0,380160.0,360720.0,375840.0,375840.0,11
2011-04-20,385200.0,385200.0,367200.0,375120.0,375120.0,6
2011-04-21,375120.0,393840.0,375120.0,393120.0,393120.0,7
2011-04-25,396000.0,401760.0,390240.0,398160.0,398160.0,8
2011-04-26,403920.0,428400.0,401040.0,415440.0,415440.0,15
2011-04-27,416160.0,416880.0,396720.0,401760.0,401760.0,6
2011-04-28,400320.0,413280.0,392400.0,408240.0,408240.0,5
2011-04-29,406080.0,421200.0,401040.0,403920.0,403920.0,3
2011-05-02,414720.0,414720.0,381600.0,386640.0,386640.0,5
2011-05-03,386640.0,398160.0,379440.0,396720.0,396720.0,3
2011-05-04,395280.0,401040.0,382320.0,396000.0,396000.0,2
2011-05-05,390960.0,406800.0,385200.0,401760.0,401760.0,4
2011-05-06,403200.0,406800.0,385200.0,394560.0,394560.0,2
2011-05-09,398880.0,423360.0,388800.0,423360.0,423360.0,8
2011-05-10,424800.0,437760.0,413280.0,426240.0,426240.0,8
2011-05-11,430560.0,439200.0,408240.0,417600.0,417600.0,6
2011-05-12,417600.0,422640.0,399600.0,419760.0,419760.0,3
2011-05-13,426240.0,428400.0,397440.0,403920.0,403920.0,4
2011-05-16,403920.0,406800.0,374400.0,378000.0,378000.0,7
2011-05-17,364320.0,388080.0,349920.0,385920.0,385920.0,8
2011-05-18,385200.0,385200.0,370800.0,380880.0,380880.0,4
2011-05-19,384480.0,390240.0,363600.0,370080.0,370080.0,3
2011-05-20,370080.0,371520.0,360720.0,367200.0,367200.0,3
2011-05-23,362880.0,369360.0,357840.0,367920.0,367920.0,3
2011-05-24,367920.0,378000.0,361440.0,365040.0,365040.0,4
2011-05-25,363600.0,371520.0,360000.0,360720.0,360720.0,2
2011-05-26,361440.0,370800.0,361440.0,367920.0,367920.0,3
2011-05-27,367920.0,369360.0,360000.0,364320.0,364320.0,2
2011-05-31,365760.0,373680.0,361440.0,371520.0,371520.0,3
2011-06-01,371520.0,372240.0,354960.0,359280.0,359280.0,4
2011-06-02,357120.0,370800.0,354240.0,361440.0,361440.0,3
2011-06-03,357840.0,363600.0,354960.0,357120.0,357120.0,2
2011-06-06,355680.0,363600.0,345600.0,347040.0,347040.0,4
2011-06-07,347040.0,358560.0,338400.0,358560.0,358560.0,3
2011-06-08,358560.0,358560.0,342000.0,342000.0,342000.0,2
2011-06-09,344880.0,346320.0,332640.0,333360.0,333360.0,2
2011-06-10,331200.0,335520.0,313200.0,318240.0,318240.0,4
2011-06-13,320400.0,339120.0,310320.0,328320.0,328320.0,2
2011-06-14,328320.0,344160.0,319680.0,335520.0,335520.0,2
2011-06-15,331920.0,360000.0,331920.0,360000.0,360000.0,3
2011-06-16,369360.0,382320.0,362880.0,372960.0,372960.0,3
2011-06-17,376560.0,376560.0,362160.0,362880.0,362880.0,2
2011-06-20,362880.0,364320.0,352080.0,362880.0,362880.0,1
2011-06-21,362880.0,378720.0,360000.0,372240.0,372240.0,2
2011-06-22,372960.0,378000.0,367200.0,370800.0,370800.0,2
2011-06-23,367200.0,374400.0,355680.0,372960.0,372960.0,2
2011-06-24,372240.0,378720.0,361440.0,378720.0,378720.0,2
2011-06-27,378000.0,386640.0,355680.0,366480.0,366480.0,5
2011-06-28,365760.0,371520.0,360720.0,365040.0,365040.0,2
2011-06-29,357120.0,357120.0,326160.0,344160.0,344160.0,6
2011-06-30,343440.0,347040.0,331200.0,344880.0,344880.0,2
2011-07-01,342720.0,358560.0,342720.0,353520.0,353520.0,1
2011-07-05,343440.0,357120.0,343440.0,347040.0,347040.0,2
2011-07-06,345600.0,353520.0,338400.0,347760.0,347760.0,1
2011-07-07,350640.0,365760.0,347760.0,358560.0,358560.0,2
2011-07-08,360720.0,360720.0,351360.0,354240.0,354240.0,2
2011-07-11,352080.0,357840.0,332640.0,354960.0,354960.0,2
2011-07-12,354240.0,362160.0,333360.0,351360.0,351360.0,1
2011-07-13,352080.0,358560.0,347760.0,354960.0,354960.0,2
2011-07-14,357120.0,357840.0,347760.0,352080.0,352080.0,1
2011-07-15,350640.0,355680.0,346320.0,352800.0,352800.0,1
2011-07-18,354960.0,356400.0,347040.0,349200.0,349200.0,1
2011-07-19,351360.0,363600.0,351360.0,358560.0,358560.0,1
2011-07-20,365760.0,369360.0,356400.0,360000.0,360000.0,1
2011-07-21,358560.0,363600.0,355680.0,361440.0,361440.0,2
2011-07-22,362160.0,372960.0,359280.0,367920.0,367920.0,2
2011-07-25,360720.0,365760.0,350640.0,352080.0,352080.0,2
2011-07-26,352800.0,355680.0,345600.0,349200.0,349200.0,2
2011-07-27,349200.0,351360.0,338400.0,341280.0,341280.0,2
2011-07-28,338400.0,338400.0,324720.0,326160.0,326160.0,1
2011-07-29,324000.0,327600.0,307440.0,327600.0,327600.0,3
2011-08-01,331200.0,344160.0,329760.0,334080.0,334080.0,1
2011-08-02,327600.0,341280.0,324720.0,331920.0,331920.0,1
2011-08-03,331920.0,337680.0,313200.0,314640.0,314640.0,3
2011-08-04,308160.0,331200.0,265680.0,313200.0,313200.0,7
2011-08-05,313200.0,313200.0,266400.0,270000.0,270000.0,3
2011-08-08,259920.0,266400.0,234000.0,234000.0,234000.0,4
2011-08-09,241200.0,259200.0,234000.0,250560.0,250560.0,3
2011-08-10,252000.0,290160.0,237600.0,280800.0,280800.0,4
2011-08-11,285840.0,318240.0,285120.0,299520.0,299520.0,5
2011-08-12,301680.0,324000.0,293040.0,307440.0,307440.0,3
2011-08-15,322560.0,322560.0,295200.0,300240.0,300240.0,3
2011-08-16,295200.0,302400.0,277920.0,282240.0,282240.0,5
2011-08-17,285120.0,294480.0,271440.0,284400.0,284400.0,1
2011-08-18,288000.0,316800.0,280080.0,302400.0,302400.0,8
2011-08-19,295200.0,302400.0,286560.0,287280.0,287280.0,2
2011-08-22,290160.0,301680.0,266400.0,267840.0,267840.0,3
2011-08-23,273600.0,287280.0,270000.0,285840.0,285840.0,3
2011-08-24,290160.0,292320.0,280080.0,290880.0,290880.0,2
2011-08-25,296640.0,296640.0,284400.0,288720.0,288720.0,1
2011-08-26,285840.0,309600.0,281520.0,302400.0,302400.0,2
2011-08-29,316080.0,324000.0,308160.0,317520.0,317520.0,2
2011-08-30,320400.0,320400.0,311040.0,318960.0,318960.0,1
2011-08-31,320400.0,359280.0,316800.0,344880.0,344880.0,10
2011-09-01,352080.0,359280.0,344880.0,357120.0,357120.0,4
2011-09-02,361440.0,361440.0,324720.0,338400.0,338400.0,5
2011-09-06,331200.0,341280.0,319680.0,324720.0,324720.0,2
2011-09-07,334080.0,344880.0,327600.0,334800.0,334800.0,3
2011-09-08,330480.0,331200.0,318960.0,323280.0,323280.0,2
2011-09-09,317520.0,318240.0,304560.0,311760.0,311760.0,1
2011-09-12,306720.0,308160.0,301680.0,304560.0,304560.0,1
2011-09-13,304560.0,324000.0,304560.0,313920.0,313920.0,2
2011-09-14,314640.0,317520.0,305280.0,306720.0,306720.0,1
2011-09-15,305280.0,319680.0,303120.0,314640.0,314640.0,1
2011-09-16,314640.0,316800.0,280080.0,295200.0,295200.0,4
2011-09-19,288000.0,298080.0,279360.0,294480.0,294480.0,2
2011-09-20,298080.0,303120.0,294480.0,297360.0,297360.0,2
2011-09-21,300240.0,309600.0,298800.0,307440.0,307440.0,2
2011-09-22,295920.0,302400.0,285840.0,288000.0,288000.0,2
2011-09-23,295200.0,295200.0,282960.0,285840.0,285840.0,1
2011-09-26,284400.0,287280.0,265680.0,268560.0,268560.0,3
2011-09-27,273600.0,290880.0,267120.0,278640.0,278640.0,4
2011-09-28,277200.0,284400.0,270000.0,277200.0,277200.0,1
2011-09-29,277200.0,286560.0,266400.0,267840.0,267840.0,1
2011-09-30,272880.0,272880.0,255600.0,257760.0,257760.0,2
2011-10-03,257040.0,262080.0,239760.0,242640.0,242640.0,3
2011-10-04,242640.0,255600.0,232560.0,253440.0,253440.0,3
2011-10-05,253440.0,265680.0,253440.0,259920.0,259920.0,1
2011-10-06,259200.0,290160.0,259200.0,282960.0,282960.0,3
2011-10-07,284400.0,292320.0,278640.0,283680.0,283680.0,2
2011-10-10,295200.0,296640.0,289440.0,293760.0,293760.0,1
2011-10-11,288720.0,295920.0,286560.0,288720.0,288720.0,1
2011-10-12,290880.0,290880.0,284400.0,286560.0,286560.0,1
2011-10-13,288000.0,291600.0,273600.0,290160.0,290160.0,2
2011-10-14,290160.0,296640.0,288720.0,296640.0,296640.0,2
2011-10-17,293760.0,312480.0,293760.0,310320.0,310320.0,2
2011-10-18,310320.0,310320.0,297360.0,300240.0,300240.0,1
2011-10-19,302400.0,314640.0,298800.0,303120.0,303120.0,2
2011-10-20,300960.0,316800.0,294480.0,311040.0,311040.0,1
2011-10-21,313200.0,326160.0,313200.0,325440.0,325440.0,3
2011-10-24,325440.0,334080.0,322560.0,331200.0,331200.0,4
2011-10-25,331200.0,333360.0,297360.0,303120.0,303120.0,4
2011-10-26,305280.0,311040.0,295200.0,303120.0,303120.0,1
2011-10-27,309600.0,324000.0,305280.0,321840.0,321840.0,2
2011-10-28,317520.0,328320.0,314640.0,325440.0,325440.0,2
2011-10-31,318960.0,323280.0,310320.0,310320.0,310320.0,2
2011-11-01,299520.0,309600.0,288720.0,301680.0,301680.0,1
2011-11-02,304560.0,311040.0,299520.0,300960.0,300960.0,1
2011-11-03,301680.0,307440.0,295200.0,304560.0,304560.0,1
2011-11-04,311040.0,311040.0,300960.0,303120.0,303120.0,1
2011-11-07,299520.0,304560.0,293040.0,300960.0,300960.0,1
2011-11-08,304560.0,316800.0,302400.0,316080.0,316080.0,2
2011-11-09,309600.0,315360.0,303120.0,308160.0,308160.0,1
2011-11-10,308160.0,326160.0,304560.0,316800.0,316800.0,2
2011-11-11,313200.0,323280.0,311760.0,316800.0,316800.0,1
2011-11-14,313920.0,322560.0,311040.0,311760.0,311760.0,1
2011-11-15,311760.0,323280.0,306000.0,314640.0,314640.0,2
2011-11-16,311040.0,334800.0,311040.0,326880.0,326880.0,2
2011-11-17,324720.0,332640.0,311760.0,326160.0,326160.0,2
2011-11-18,324000.0,329040.0,314640.0,320400.0,320400.0,1
2011-11-21,321120.0,323280.0,307440.0,307440.0,307440.0,2
2011-11-22,303840.0,303840.0,296640.0,298800.0,298800.0,1
2011-11-23,298800.0,303120.0,293040.0,295200.0,295200.0,1
2011-11-25,292320.0,310320.0,290880.0,293040.0,293040.0,1
2011-11-28,300240.0,307440.0,293040.0,297360.0,297360.0,1
2011-11-29,298800.0,300960.0,290880.0,294480.0,294480.0,1
2011-11-30,300960.0,323280.0,300960.0,317520.0,317520.0,2
2011-12-01,326160.0,348480.0,317520.0,342720.0,342720.0,4
2011-12-02,345600.0,374400.0,345600.0,355680.0,355680.0,5
2011-12-05,360000.0,370080.0,354960.0,361440.0,361440.0,2
2011-12-06,362880.0,363600.0,346320.0,360000.0,360000.0,2
2011-12-07,357840.0,378000.0,348480.0,377280.0,377280.0,3
2011-12-08,388800.0,388800.0,375120.0,380160.0,380160.0,4
2011-12-09,373680.0,393840.0,373680.0,384480.0,384480.0,2
2011-12-12,381600.0,391680.0,373680.0,386640.0,386640.0,2
2011-12-13,387360.0,388800.0,361440.0,368640.0,368640.0,1
2011-12-14,366480.0,369360.0,353520.0,356400.0,356400.0,2
2011-12-15,358560.0,363600.0,345600.0,347760.0,347760.0,2
2011-12-16,354960.0,362160.0,345600.0,354960.0,354960.0,1
2011-12-19,356400.0,369360.0,337680.0,349200.0,349200.0,2
2011-12-20,352080.0,358560.0,349200.0,354960.0,354960.0,1
2011-12-21,345600.0,377280.0,345600.0,375120.0,375120.0,3
2011-12-22,372960.0,393120.0,372960.0,389520.0,389520.0,2
2011-12-23,389520.0,406080.0,384480.0,401760.0,401760.0,4
2011-12-27,403200.0,408960.0,370800.0,378000.0,378000.0,4
2011-12-28,379440.0,379440.0,364320.0,370800.0,370800.0,2
2011-12-29,374400.0,383040.0,360000.0,371520.0,371520.0,2
2011-12-30,362160.0,385200.0,354960.0,371520.0,371520.0,2
2012-01-03,360000.0,378000.0,352800.0,369360.0,369360.0,3
2012-01-04,367200.0,374400.0,364320.0,368640.0,368640.0,3
2012-01-05,365760.0,395280.0,365760.0,390960.0,390960.0,2
2012-01-06,390960.0,400320.0,383040.0,387360.0,387360.0,2
2012-01-09,387360.0,427680.0,372960.0,407520.0,407520.0,13
2012-01-10,411120.0,414000.0,375840.0,383040.0,383040.0,9
2012-01-11,381600.0,396000.0,374400.0,378720.0,378720.0,6
2012-01-12,377280.0,377280.0,350640.0,365040.0,365040.0,8
2012-01-13,367200.0,369360.0,353520.0,369360.0,369360.0,3
2012-01-17,372240.0,372240.0,359280.0,361440.0,361440.0,3
2012-01-18,362880.0,364320.0,350640.0,363600.0,363600.0,4
2012-01-19,363600.0,376560.0,361440.0,373680.0,373680.0,5
2012-01-20,370080.0,376560.0,370080.0,370800.0,370800.0,2
2012-01-23,372240.0,374400.0,370080.0,370800.0,370800.0,3
2012-01-24,370800.0,371520.0,362880.0,366480.0,366480.0,5
2012-01-25,368640.0,370800.0,365760.0,368640.0,368640.0,2
2012-01-26,370800.0,376560.0,360720.0,365760.0,365760.0,2
2012-01-27,364320.0,368640.0,362160.0,366480.0,366480.0,1
2012-01-30,364320.0,367920.0,353520.0,358560.0,358560.0,3
2012-01-31,357840.0,366480.0,356400.0,366480.0,366480.0,1
2012-02-01,367920.0,369360.0,360000.0,368640.0,368640.0,1
2012-02-02,368640.0,370800.0,359280.0,361440.0,361440.0,1
2012-02-03,362880.0,363600.0,356400.0,363600.0,363600.0,1
2012-02-06,361440.0,364320.0,354240.0,358560.0,358560.0,2
2012-02-07,358560.0,362880.0,349200.0,356400.0,356400.0,3
2012-02-08,356400.0,356400.0,331920.0,335520.0,335520.0,3
2012-02-09,280800.0,283680.0,263520.0,272160.0,272160.0,32
2012-02-10,271440.0,271440.0,260640.0,262800.0,262800.0,13
2012-02-13,270000.0,270000.0,252720.0,257760.0,257760.0,13
2012-02-14,258480.0,258480.0,244080.0,246240.0,246240.0,9
2012-02-15,247680.0,268560.0,247680.0,255600.0,255600.0,16
2012-02-16,262080.0,267840.0,259200.0,264960.0,264960.0,14
2012-02-17,266400.0,272160.0,262800.0,263520.0,263520.0,6
2012-02-21,266400.0,266400.0,246960.0,246960.0,246960.0,8
2012-02-22,250560.0,254160.0,244800.0,249120.0,249120.0,3
2012-02-23,249120.0,249120.0,235440.0,247680.0,247680.0,4
2012-02-24,246240.0,258480.0,244800.0,256320.0,256320.0,6
2012-02-27,254880.0,261360.0,253440.0,257760.0,257760.0,3
2012-02-28,259200.0,259200.0,248400.0,249120.0,249120.0,3
2012-02-29,251280.0,252720.0,241920.0,246240.0,246240.0,3
2012-03-01,250560.0,250560.0,242640.0,244800.0,244800.0,2
2012-03-02,246960.0,251280.0,238320.0,243360.0,243360.0,3
2012-03-05,243360.0,249120.0,231120.0,232560.0,232560.0,5
2012-03-06,232560.0,232560.0,221040.0,224640.0,224640.0,4
2012-03-07,226800.0,240480.0,225360.0,231840.0,231840.0,3
2012-03-08,233280.0,243360.0,222480.0,231120.0,231120.0,3
2012-03-09,229680.0,254160.0,229680.0,245520.0,245520.0,5
2012-03-12,249840.0,253440.0,242640.0,249120.0,249120.0,4
2012-03-13,264240.0,264240.0,242640.0,250560.0,250560.0,3
2012-03-14,254160.0,254160.0,237600.0,240480.0,240480.0,3
2012-03-15,242640.0,242640.0,234000.0,239760.0,239760.0,2
2012-03-16,236880.0,236880.0,229680.0,230400.0,230400.0,3
2012-03-19,230400.0,236880.0,222480.0,231840.0,231840.0,2
2012-03-20,231120.0,231120.0,223200.0,226080.0,226080.0,2
2012-03-21,224640.0,228960.0,210960.0,211680.0,211680.0,6
2012-03-22,215280.0,219600.0,210240.0,211680.0,211680.0,5
2012-03-23,213840.0,216000.0,205920.0,210960.0,210960.0,4
2012-03-26,213120.0,216720.0,208080.0,209520.0,209520.0,3
2012-03-27,209520.0,210240.0,193680.0,195840.0,195840.0,5
2012-03-28,197280.0,197280.0,187200.0,193680.0,193680.0,7
2012-03-29,191520.0,199440.0,187920.0,190080.0,190080.0,3
2012-03-30,190080.0,204480.0,185040.0,203040.0,203040.0,5
2012-04-02,204480.0,204480.0,191520.0,196560.0,196560.0,3
2012-04-03,196560.0,205200.0,195120.0,203760.0,203760.0,2
2012-04-04,204480.0,209520.0,192240.0,206640.0,206640.0,5
2012-04-05,206640.0,216000.0,206640.0,206640.0,206640.0,4
2012-04-09,207360.0,214560.0,206640.0,206640.0,206640.0,3
2012-04-10,208800.0,212400.0,205200.0,205200.0,205200.0,4
2012-04-11,207360.0,208800.0,205200.0,205200.0,205200.0,2
2012-04-12,205200.0,210960.0,205200.0,209520.0,209520.0,2
2012-04-13,208080.0,210960.0,205200.0,205200.0,205200.0,2
2012-04-16,207360.0,208800.0,205200.0,208080.0,208080.0,2
2012-04-17,210960.0,221760.0,207360.0,219600.0,219600.0,4
2012-04-18,220320.0,221760.0,212400.0,212400.0,212400.0,3
2012-04-19,211680.0,215280.0,208080.0,208080.0,208080.0,2
2012-04-20,210960.0,211680.0,204480.0,206640.0,206640.0,3
2012-04-23,206640.0,211680.0,205920.0,209520.0,209520.0,2
2012-04-24,208800.0,208800.0,201600.0,202320.0,202320.0,2
2012-04-25,205200.0,210960.0,198720.0,198720.0,198720.0,2
2012-04-26,201600.0,205200.0,190800.0,197280.0,197280.0,3
2012-04-27,198720.0,198720.0,190800.0,198720.0,198720.0,3
2012-04-30,195840.0,198000.0,193680.0,195840.0,195840.0,1
2012-05-01,195840.0,199440.0,195120.0,195840.0,195840.0,1
2012-05-02,195840.0,200160.0,193680.0,193680.0,193680.0,2
2012-05-03,195120.0,196560.0,184320.0,185040.0,185040.0,2
2012-05-04,183600.0,193680.0,168480.0,192240.0,192240.0,4
2012-05-07,193680.0,200160.0,187200.0,197280.0,197280.0,2
2012-05-08,198000.0,203760.0,192960.0,200160.0,200160.0,3
2012-05-09,200160.0,205920.0,192240.0,194400.0,194400.0,2
2012-05-10,195120.0,208080.0,190080.0,199440.0,199440.0,2
2012-05-11,199440.0,208080.0,194400.0,196560.0,196560.0,3
2012-05-14,195840.0,197280.0,192240.0,194400.0,194400.0,2
2012-05-15,192960.0,197280.0,190080.0,195840.0,195840.0,1
2012-05-16,194400.0,198000.0,183600.0,189360.0,189360.0,2
2012-05-17,192240.0,198000.0,185760.0,187920.0,187920.0,1
2012-05-18,187920.0,195840.0,174960.0,177840.0,177840.0,2
2012-05-21,177120.0,191520.0,174960.0,190800.0,190800.0,2
2012-05-22,190800.0,205200.0,188640.0,197280.0,197280.0,2
2012-05-23,198000.0,201600.0,195840.0,200160.0,200160.0,1
2012-05-24,198720.0,201600.0,195840.0,198000.0,198000.0,1
2012-05-25,198000.0,200880.0,190800.0,194400.0,194400.0,3
2012-05-29,195840.0,199440.0,190080.0,194400.0,194400.0,2
2012-05-30,191520.0,191520.0,187200.0,187920.0,187920.0,1
2012-05-31,189360.0,191520.0,184320.0,189360.0,189360.0,1
2012-06-01,184320.0,190080.0,184320.0,187200.0,187200.0,1
2012-06-04,189360.0,194400.0,185760.0,189360.0,189360.0,1
2012-06-05,191520.0,191520.0,177120.0,179280.0,179280.0,3
2012-06-06,180000.0,190800.0,162000.0,187920.0,187920.0,6
2012-06-07,188640.0,191520.0,179280.0,181440.0,181440.0,1
2012-06-08,178560.0,185040.0,177120.0,182880.0,182880.0,1
2012-06-11,184320.0,196560.0,184320.0,192240.0,192240.0,2
2012-06-12,199440.0,228960.0,192960.0,222480.0,222480.0,6
2012-06-13,223920.0,234000.0,211680.0,218880.0,218880.0,5
2012-06-14,222480.0,230400.0,215280.0,219600.0,219600.0,4
2012-06-15,219600.0,225360.0,216720.0,223200.0,223200.0,2
2012-06-18,223200.0,236160.0,220320.0,226800.0,226800.0,3
2012-06-19,231840.0,234000.0,224640.0,227520.0,227520.0,2
2012-06-20,227520.0,239760.0,226800.0,235440.0,235440.0,3
2012-06-21,239040.0,250560.0,234720.0,249120.0,249120.0,5
2012-06-22,249120.0,261360.0,245520.0,258480.0,258480.0,5
2012-06-25,257040.0,260640.0,240480.0,248400.0,248400.0,3
2012-06-26,249120.0,255600.0,230400.0,235440.0,235440.0,3
2012-06-27,234720.0,244080.0,227520.0,241920.0,241920.0,1
2012-06-28,257040.0,257040.0,235440.0,240480.0,240480.0,1
2012-06-29,244080.0,250560.0,240480.0,245520.0,245520.0,1
2012-07-02,244080.0,245520.0,234720.0,241920.0,241920.0,1
2012-07-03,244800.0,244800.0,237600.0,244800.0,244800.0,0
2012-07-05,244800.0,251280.0,239760.0,250560.0,250560.0,2
2012-07-06,247680.0,251280.0,246240.0,247680.0,247680.0,1
2012-07-09,243360.0,251280.0,227520.0,250560.0,250560.0,1
2012-07-10,252000.0,252000.0,234720.0,236880.0,236880.0,2
2012-07-11,236880.0,240480.0,230400.0,238320.0,238320.0,1
2012-07-12,239040.0,239040.0,231840.0,237600.0,237600.0,1
2012-07-13,236160.0,244800.0,234000.0,242640.0,242640.0,1
2012-07-16,243360.0,244080.0,227520.0,228960.0,228960.0,3
2012-07-17,230400.0,234000.0,213840.0,225360.0,225360.0,3
2012-07-18,220320.0,232560.0,220320.0,223920.0,223920.0,1
2012-07-19,222480.0,232560.0,222480.0,224640.0,224640.0,1
2012-07-20,225360.0,226800.0,218160.0,224640.0,224640.0,1
2012-07-23,246240.0,246960.0,232560.0,233280.0,233280.0,3
2012-07-24,236880.0,239760.0,228240.0,230400.0,230400.0,1
2012-07-25,231120.0,239040.0,230400.0,231840.0,231840.0,1
2012-07-26,233280.0,236160.0,221760.0,224640.0,224640.0,1
2012-07-27,231840.0,246240.0,226800.0,243360.0,243360.0,3
2012-07-30,241920.0,242640.0,234000.0,236880.0,236880.0,2
2012-07-31,236880.0,244080.0,234720.0,239040.0,239040.0,0
2012-08-01,239040.0,240480.0,234000.0,235440.0,235440.0,0
2012-08-02,234000.0,249840.0,234000.0,245520.0,245520.0,3
2012-08-03,246240.0,249840.0,238320.0,238320.0,238320.0,2
2012-08-06,240480.0,243360.0,230400.0,231120.0,231120.0,1
2012-08-07,233280.0,242640.0,231120.0,238320.0,238320.0,1
2012-08-08,239040.0,247680.0,239040.0,244800.0,244800.0,1
2012-08-09,244080.0,252720.0,239760.0,241200.0,241200.0,2
2012-08-10,240480.0,241200.0,232560.0,235440.0,235440.0,1
2012-08-13,232560.0,241200.0,232560.0,234000.0,234000.0,1
2012-08-14,237600.0,238320.0,224640.0,226800.0,226800.0,3
2012-08-15,224640.0,224640.0,210240.0,215280.0,215280.0,4
2012-08-16,216000.0,216000.0,205200.0,208080.0,208080.0,2
2012-08-17,209520.0,209520.0,198000.0,204480.0,204480.0,2
2012-08-20,203040.0,208800.0,188640.0,196560.0,196560.0,3
2012-08-21,197280.0,203040.0,195840.0,199440.0,199440.0,2
2012-08-22,200160.0,202320.0,195840.0,196560.0,196560.0,1
2012-08-23,198000.0,198720.0,189360.0,193680.0,193680.0,3
2012-08-24,192240.0,216000.0,192240.0,214560.0,214560.0,2
2012-08-27,212400.0,214560.0,206640.0,213840.0,213840.0,2
2012-08-28,214560.0,219600.0,214560.0,216000.0,216000.0,2
2012-08-29,212400.0,219600.0,207360.0,208800.0,208800.0,2
2012-08-30,206640.0,210960.0,203040.0,209520.0,209520.0,0
2012-08-31,208800.0,209520.0,203040.0,206640.0,206640.0,1
2012-09-04,205200.0,213840.0,203760.0,213120.0,213120.0,1
2012-09-05,213840.0,216000.0,209520.0,212400.0,212400.0,0
2012-09-06,211680.0,213120.0,203760.0,212400.0,212400.0,0
2012-09-07,210240.0,212400.0,204480.0,208800.0,208800.0,1
2012-09-10,206640.0,206640.0,193680.0,201600.0,201600.0,2
2012-09-11,201600.0,205920.0,198720.0,203760.0,203760.0,1
2012-09-12,199440.0,203760.0,199440.0,201600.0,201600.0,0
2012-09-13,217440.0,227520.0,210960.0,216000.0,216000.0,7
2012-09-14,219600.0,219600.0,213120.0,218880.0,218880.0,2
2012-09-17,215280.0,219600.0,210240.0,215280.0,215280.0,2
2012-09-18,213120.0,217440.0,210240.0,217440.0,217440.0,2
2012-09-19,218880.0,221040.0,216720.0,218160.0,218160.0,1
2012-09-20,218880.0,219600.0,210960.0,213840.0,213840.0,1
2012-09-21,215280.0,216720.0,208800.0,208800.0,208800.0,2
2012-09-24,208800.0,213840.0,208080.0,213120.0,213120.0,1
2012-09-25,213840.0,222480.0,212400.0,221760.0,221760.0,1
2012-09-26,219600.0,223920.0,216000.0,222480.0,222480.0,1
2012-09-27,223920.0,223920.0,219600.0,223200.0,223200.0,1
2012-09-28,223920.0,235440.0,222480.0,234720.0,234720.0,2
2012-10-01,240480.0,250560.0,234720.0,236880.0,236880.0,3
2012-10-02,236880.0,238320.0,223200.0,225360.0,225360.0,1
2012-10-03,228240.0,231120.0,217440.0,217440.0,217440.0,1
2012-10-04,224640.0,224640.0,216000.0,218880.0,218880.0,1
2012-10-05,218160.0,223200.0,216720.0,218880.0,218880.0,1
2012-10-08,216720.0,225360.0,216000.0,221040.0,221040.0,1
2012-10-09,221040.0,224640.0,216720.0,221040.0,221040.0,1
2012-10-10,223200.0,226800.0,218880.0,224640.0,224640.0,1
2012-10-11,223920.0,230400.0,220320.0,224640.0,224640.0,1
2012-10-12,226080.0,234000.0,221760.0,227520.0,227520.0,2
2012-10-15,231120.0,238320.0,223920.0,231120.0,231120.0,2
2012-10-16,231120.0,244800.0,230400.0,233280.0,233280.0,2
2012-10-17,233280.0,244080.0,231840.0,236880.0,236880.0,2
2012-10-18,244800.0,248400.0,230400.0,233280.0,233280.0,2
2012-10-19,236160.0,236160.0,224640.0,226080.0,226080.0,1
2012-10-22,226800.0,240480.0,223200.0,226800.0,226800.0,1
2012-10-23,222480.0,228240.0,213120.0,219600.0,219600.0,2
2012-10-24,223200.0,223200.0,204480.0,210240.0,210240.0,2
2012-10-25,210960.0,219600.0,203040.0,218880.0,218880.0,1
2012-10-26,216720.0,223200.0,216720.0,217440.0,217440.0,1
2012-10-31,215280.0,219600.0,212400.0,217440.0,217440.0,0
2012-11-01,217440.0,228960.0,216000.0,217440.0,217440.0,1
2012-11-02,216000.0,218160.0,212400.0,216000.0,216000.0,1
2012-11-05,216000.0,218160.0,212400.0,216000.0,216000.0,1
2012-11-06,214560.0,218880.0,208800.0,211680.0,211680.0,2
2012-11-07,208080.0,208080.0,154800.0,177120.0,177120.0,14
2012-11-08,176400.0,179280.0,154800.0,158400.0,158400.0,4
2012-11-09,162000.0,174240.0,149760.0,155520.0,155520.0,6
2012-11-12,155520.0,168480.0,155520.0,162720.0,162720.0,2
2012-11-13,161280.0,169920.0,156960.0,158400.0,158400.0,2
2012-11-14,157680.0,158400.0,151200.0,151920.0,151920.0,1
2012-11-15,152640.0,162000.0,152640.0,154080.0,154080.0,2
2012-11-16,154800.0,154800.0,150480.0,154800.0,154800.0,1
2012-11-19,156960.0,162000.0,156960.0,158400.0,158400.0,2
2012-11-20,160560.0,169200.0,157680.0,162720.0,162720.0,1
2012-11-21,168480.0,168480.0,159840.0,160560.0,160560.0,0
2012-11-23,160560.0,164880.0,158400.0,159840.0,159840.0,1
2012-11-26,158400.0,162000.0,158400.0,160560.0,160560.0,1
2012-11-27,158400.0,162000.0,158400.0,160560.0,160560.0,1
2012-11-28,158400.0,160560.0,154800.0,156240.0,156240.0,1
2012-11-29,156240.0,159840.0,156240.0,156960.0,156960.0,1
2012-11-30,156240.0,162000.0,154080.0,158400.0,158400.0,2
2012-12-03,158400.0,158400.0,151200.0,151200.0,151200.0,2
2012-12-04,151200.0,152640.0,148320.0,149760.0,149760.0,1
2012-12-05,151920.0,151920.0,136080.0,136800.0,136800.0,6
2012-12-06,140400.0,147600.0,138240.0,139680.0,139680.0,4
2012-12-07,139680.0,144000.0,136080.0,138960.0,138960.0,1
2012-12-10,139680.0,150480.0,138240.0,149040.0,149040.0,3
2012-12-11,151200.0,152640.0,141840.0,146160.0,146160.0,2
2012-12-12,143280.0,149760.0,141840.0,144000.0,144000.0,1
2012-12-13,144720.0,149040.0,142560.0,146880.0,146880.0,1
2012-12-14,136800.0,144720.0,136800.0,140400.0,140400.0,2
2012-12-17,142560.0,142560.0,136080.0,138240.0,138240.0,2
2012-12-18,141120.0,147600.0,140400.0,146880.0,146880.0,1
2012-12-19,147600.0,154800.0,144720.0,150480.0,150480.0,2
2012-12-20,148320.0,154800.0,144000.0,154080.0,154080.0,2
2012-12-21,151920.0,162000.0,148320.0,159840.0,159840.0,4
2012-12-24,144720.0,162000.0,141840.0,151200.0,151200.0,1
2012-12-26,149040.0,157680.0,144000.0,146880.0,146880.0,1
2012-12-27,145440.0,150480.0,144000.0,149040.0,149040.0,2
2012-12-28,147600.0,151920.0,144000.0,145440.0,145440.0,2
2012-12-31,147600.0,147600.0,140400.0,143280.0,143280.0,2
2013-01-02,145440.0,147600.0,141840.0,147600.0,147600.0,1
2013-01-03,159840.0,159840.0,144000.0,150480.0,150480.0,1
2013-01-04,150480.0,154800.0,150480.0,154080.0,154080.0,1
2013-01-07,149760.0,162720.0,147600.0,151200.0,151200.0,1
2013-01-08,149040.0,151200.0,147600.0,149760.0,149760.0,0
2013-01-09,151920.0,155520.0,149760.0,150480.0,150480.0,1
2013-01-10,148320.0,154080.0,148320.0,150480.0,150480.0,1
2013-01-11,149760.0,151200.0,145440.0,146880.0,146880.0,1
2013-01-14,145440.0,150480.0,145440.0,149760.0,149760.0,1
2013-01-15,150480.0,154800.0,148320.0,153360.0,153360.0,1
2013-01-16,154800.0,161280.0,154800.0,156960.0,156960.0,2
2013-01-17,159840.0,163440.0,156240.0,162720.0,162720.0,1
2013-01-18,163440.0,172800.0,163440.0,170640.0,170640.0,2
2013-01-22,172800.0,175680.0,169920.0,174960.0,174960.0,2
2013-01-23,175680.0,178560.0,171360.0,174960.0,174960.0,2
2013-01-24,175680.0,178560.0,173520.0,175680.0,175680.0,1
2013-01-25,178560.0,194400.0,175680.0,191520.0,191520.0,4
2013-01-28,198000.0,213840.0,175680.0,185760.0,185760.0,8
2013-01-29,187920.0,198000.0,182880.0,197280.0,197280.0,3
2013-01-30,198720.0,200880.0,188640.0,191520.0,191520.0,1
2013-01-31,194400.0,194400.0,180720.0,190080.0,190080.0,1
2013-02-01,190080.0,210240.0,187920.0,208800.0,208800.0,4
2013-02-04,214560.0,228240.0,209520.0,225360.0,225360.0,6
2013-02-05,225360.0,228240.0,212400.0,225360.0,225360.0,4
2013-02-06,226080.0,234720.0,217440.0,232560.0,232560.0,3
2013-02-07,234720.0,243360.0,234000.0,240480.0,240480.0,6
2013-02-08,242640.0,244800.0,235440.0,240480.0,240480.0,3
2013-02-11,243360.0,246240.0,223920.0,237600.0,237600.0,4
2013-02-12,239040.0,239760.0,210240.0,214560.0,214560.0,5
2013-02-13,220320.0,220320.0,208080.0,208080.0,208080.0,2
2013-02-14,205200.0,211680.0,202320.0,210240.0,210240.0,2
2013-02-15,208800.0,211680.0,201600.0,203760.0,203760.0,3
2013-02-19,204480.0,204480.0,178560.0,185040.0,185040.0,5
2013-02-20,187200.0,194400.0,181440.0,185760.0,185760.0,4
2013-02-21,185040.0,190800.0,182160.0,184320.0,184320.0,3
2013-02-22,183600.0,196560.0,183600.0,187200.0,187200.0,2
2013-02-25,194400.0,202320.0,188640.0,198720.0,198720.0,2
2013-02-26,203040.0,205200.0,198000.0,198720.0,198720.0,1
2013-02-27,197280.0,200880.0,196560.0,197280.0,197280.0,1
2013-02-28,196560.0,201600.0,188640.0,192240.0,192240.0,1
2013-03-01,191520.0,193680.0,187200.0,190080.0,190080.0,1
2013-03-04,192240.0,194400.0,187200.0,188640.0,188640.0,1
2013-03-05,193680.0,193680.0,181440.0,183600.0,183600.0,1
2013-03-06,184320.0,193680.0,182160.0,193680.0,193680.0,1
2013-03-07,192240.0,194400.0,187200.0,187920.0,187920.0,1
2013-03-08,187200.0,190800.0,183600.0,186480.0,186480.0,1
2013-03-11,184320.0,189360.0,180000.0,180000.0,180000.0,1
2013-03-12,180000.0,190080.0,180000.0,183600.0,183600.0,4
2013-03-13,180000.0,186480.0,179280.0,185040.0,185040.0,1
2013-03-14,183600.0,185760.0,181440.0,182160.0,182160.0,1
2013-03-15,181440.0,187200.0,170640.0,182880.0,182880.0,3
2013-03-18,182880.0,188640.0,172800.0,180720.0,180720.0,3
2013-03-19,179280.0,183600.0,172800.0,180720.0,180720.0,1
2013-03-20,179280.0,184320.0,179280.0,181440.0,181440.0,1
2013-03-21,180000.0,190800.0,176400.0,188640.0,188640.0,1
2013-03-22,187200.0,191520.0,180000.0,181440.0,181440.0,1
2013-03-25,183600.0,185760.0,175680.0,181440.0,181440.0,1
2013-03-26,179280.0,183600.0,177120.0,180000.0,180000.0,1
2013-03-27,180000.0,190800.0,180000.0,188640.0,188640.0,1
2013-03-28,185040.0,194400.0,182880.0,192960.0,192960.0,2
2013-04-01,191520.0,194400.0,183600.0,187920.0,187920.0,1
2013-04-02,187920.0,197280.0,187920.0,195120.0,195120.0,1
2013-04-03,194400.0,197280.0,190800.0,191520.0,191520.0,1
2013-04-04,192960.0,194400.0,190080.0,191520.0,191520.0,0
2013-04-05,187920.0,195840.0,187200.0,195120.0,195120.0,3
2013-04-08,197280.0,208800.0,197280.0,208080.0,208080.0,4
2013-04-09,205920.0,210960.0,205200.0,205920.0,205920.0,2
2013-04-10,205920.0,223200.0,204480.0,216000.0,216000.0,7
2013-04-11,217440.0,222480.0,213120.0,216000.0,216000.0,4
2013-04-12,215280.0,221040.0,208800.0,218160.0,218160.0,3
2013-04-15,221040.0,221760.0,205200.0,208080.0,208080.0,3
2013-04-16,208800.0,213120.0,208080.0,212400.0,212400.0,3
2013-04-17,210960.0,216720.0,205200.0,207360.0,207360.0,2
2013-04-18,206640.0,206640.0,181440.0,195840.0,195840.0,6
2013-04-19,198000.0,200160.0,194400.0,194400.0,194400.0,2
2013-04-22,194400.0,194400.0,181440.0,183600.0,183600.0,4
2013-04-23,181440.0,181440.0,166320.0,172800.0,172800.0,6
2013-04-24,172800.0,187200.0,169200.0,185760.0,185760.0,3
2013-04-25,185040.0,190800.0,180000.0,187200.0,187200.0,2
2013-04-26,184320.0,186480.0,182880.0,185760.0,185760.0,1
2013-04-29,187920.0,197280.0,186480.0,193680.0,193680.0,2
2013-04-30,194400.0,200880.0,185760.0,193680.0,193680.0,2
2013-05-01,190800.0,190800.0,183600.0,185760.0,185760.0,1
2013-05-02,184320.0,190800.0,178560.0,186480.0,186480.0,0
2013-05-03,185760.0,191520.0,185760.0,190080.0,190080.0,1
2013-05-06,190080.0,194400.0,179280.0,184320.0,184320.0,1
2013-05-07,184320.0,188640.0,180000.0,187920.0,187920.0,1
2013-05-08,188640.0,189360.0,184320.0,187200.0,187200.0,1
2013-05-09,187920.0,187920.0,182880.0,186480.0,186480.0,1
2013-05-10,187200.0,194400.0,169200.0,183600.0,183600.0,3
2013-05-13,185760.0,188640.0,181440.0,187200.0,187200.0,1
2013-05-14,187200.0,188640.0,180000.0,181440.0,181440.0,1
2013-05-15,190800.0,223200.0,187200.0,216000.0,216000.0,14
2013-05-16,222480.0,237600.0,213840.0,217440.0,217440.0,10
2013-05-17,223200.0,239040.0,217440.0,233280.0,233280.0,14
2013-05-20,250560.0,250560.0,234000.0,241200.0,241200.0,14
2013-05-21,247680.0,251280.0,233280.0,245520.0,245520.0,11
2013-05-22,246960.0,246960.0,235440.0,237600.0,237600.0,9
2013-05-23,201600.0,201600.0,186480.0,190800.0,190800.0,74
2013-05-24,192960.0,194400.0,184320.0,185760.0,185760.0,21
2013-05-28,189360.0,190800.0,177120.0,177840.0,177840.0,17
2013-05-29,183600.0,193680.0,180000.0,190800.0,190800.0,18
2013-05-30,198000.0,198000.0,190800.0,193680.0,193680.0,11
2013-05-31,195120.0,198000.0,194400.0,198000.0,198000.0,10
2013-06-03,201600.0,201600.0,190080.0,194400.0,194400.0,6
2013-06-04,198000.0,201600.0,185040.0,189360.0,189360.0,8
2013-06-05,187920.0,191520.0,182880.0,185760.0,185760.0,4
2013-06-06,186480.0,194400.0,183600.0,187920.0,187920.0,6
2013-06-07,187200.0,187920.0,182160.0,184320.0,184320.0,3
2013-06-10,212400.0,213120.0,194400.0,196560.0,196560.0,68
2013-06-11,198720.0,207360.0,195840.0,203040.0,203040.0,15
2013-06-12,206640.0,208800.0,195840.0,200160.0,200160.0,7
2013-06-13,200160.0,207360.0,195840.0,203040.0,203040.0,8
2013-06-14,205200.0,205200.0,198720.0,200880.0,200880.0,3
2013-06-17,205200.0,208080.0,190800.0,191520.0,191520.0,5
2013-06-18,198000.0,198000.0,182160.0,185040.0,185040.0,7
2013-06-19,182160.0,186480.0,180000.0,180720.0,180720.0,5
2013-06-20,178560.0,184320.0,169200.0,179280.0,179280.0,9
2013-06-21,183600.0,187200.0,177120.0,178560.0,178560.0,5
2013-06-24,177840.0,179280.0,162000.0,168480.0,168480.0,9
2013-06-25,170640.0,174960.0,166320.0,171360.0,171360.0,3
2013-06-26,172800.0,173520.0,163440.0,164160.0,164160.0,4
2013-06-27,163440.0,169200.0,162000.0,164880.0,164880.0,5
2013-06-28,166320.0,176400.0,164880.0,169200.0,169200.0,7
2013-07-01,172080.0,175680.0,165600.0,166320.0,166320.0,3
2013-07-02,166320.0,169200.0,162000.0,162720.0,162720.0,3
2013-07-03,164160.0,165600.0,160560.0,162000.0,162000.0,2
2013-07-05,160560.0,163440.0,159120.0,159840.0,159840.0,4
2013-07-08,160560.0,163440.0,158400.0,160560.0,160560.0,3
2013-07-09,160560.0,162000.0,159840.0,160560.0,160560.0,3
2013-07-10,159840.0,159840.0,150480.0,151920.0,151920.0,6
2013-07-11,154080.0,154080.0,139680.0,148320.0,148320.0,11
2013-07-12,149040.0,168480.0,149040.0,164160.0,164160.0,6
2013-07-15,164160.0,165600.0,159840.0,163440.0,163440.0,4
2013-07-16,162000.0,165600.0,161280.0,162720.0,162720.0,2
2013-07-17,163440.0,164160.0,159840.0,161280.0,161280.0,2
2013-07-18,162000.0,165600.0,161280.0,164160.0,164160.0,3
2013-07-19,162720.0,164160.0,161280.0,163440.0,163440.0,1
2013-07-22,161280.0,163440.0,160560.0,162720.0,162720.0,2
2013-07-23,162720.0,163440.0,161280.0,162720.0,162720.0,3
2013-07-24,162720.0,164160.0,155520.0,156240.0,156240.0,3
2013-07-25,156960.0,161280.0,152640.0,159120.0,159120.0,2
2013-07-26,159840.0,162720.0,159120.0,159840.0,159840.0,1
2013-07-29,160560.0,160560.0,155520.0,157680.0,157680.0,1
2013-07-30,158400.0,159840.0,155520.0,156960.0,156960.0,2
2013-07-31,157680.0,161280.0,154800.0,159840.0,159840.0,3
2013-08-01,159840.0,162000.0,156960.0,160560.0,160560.0,2
2013-08-02,160560.0,174240.0,159840.0,173520.0,173520.0,8
2013-08-05,174240.0,174240.0,167040.0,169200.0,169200.0,2
2013-08-06,169200.0,171360.0,161280.0,162720.0,162720.0,2
2013-08-07,161280.0,164160.0,156240.0,159120.0,159120.0,3
2013-08-08,158400.0,164880.0,157680.0,160560.0,160560.0,2
2013-08-09,162720.0,169200.0,159840.0,167040.0,167040.0,3
2013-08-12,167760.0,172080.0,164880.0,165600.0,165600.0,4
2013-08-13,164880.0,164880.0,152640.0,157680.0,157680.0,4
2013-08-14,156960.0,160560.0,155520.0,159840.0,159840.0,1
2013-08-15,160560.0,161280.0,158400.0,159120.0,159120.0,3
2013-08-16,159840.0,161280.0,150480.0,157680.0,157680.0,3
2013-08-19,156240.0,159840.0,153360.0,155520.0,155520.0,2
2013-08-20,154800.0,156960.0,153360.0,155520.0,155520.0,1
2013-08-21,155520.0,159120.0,154800.0,156240.0,156240.0,1
2013-08-22,156960.0,157680.0,154080.0,156960.0,156960.0,1
2013-08-23,156960.0,161280.0,154800.0,160560.0,160560.0,4
2013-08-26,158400.0,160560.0,156240.0,156960.0,156960.0,3
2013-08-27,156240.0,156960.0,152640.0,154800.0,154800.0,3
2013-08-28,153360.0,154080.0,148320.0,149040.0,149040.0,4
2013-08-29,147600.0,150480.0,146880.0,148320.0,148320.0,2
2013-08-30,144000.0,148320.0,137520.0,141120.0,141120.0,7
2013-09-03,138240.0,144000.0,134640.0,137520.0,137520.0,6
2013-09-04,138240.0,144000.0,137520.0,144000.0,144000.0,4
2013-09-05,144720.0,149760.0,144720.0,149040.0,149040.0,2
2013-09-06,149040.0,149760.0,144000.0,149040.0,149040.0,3
2013-09-09,148320.0,151920.0,147600.0,151200.0,151200.0,3
2013-09-10,151200.0,153360.0,150480.0,151200.0,151200.0,2
2013-09-11,149760.0,151920.0,148320.0,149760.0,149760.0,1
2013-09-12,149040.0,149760.0,144000.0,146160.0,146160.0,2
2013-09-13,146880.0,151200.0,144720.0,146880.0,146880.0,0
2013-09-16,149040.0,150480.0,144000.0,146880.0,146880.0,2
2013-09-17,146160.0,149760.0,144000.0,144000.0,144000.0,1
2013-09-18,144000.0,147600.0,144000.0,144000.0,144000.0,2
2013-09-19,143280.0,145440.0,141840.0,143280.0,143280.0,2
2013-09-20,141840.0,143280.0,138240.0,139680.0,139680.0,3
2013-09-23,138240.0,145440.0,138240.0,145440.0,145440.0,3
2013-09-24,141840.0,149040.0,141120.0,146160.0,146160.0,4
2013-09-25,147600.0,152640.0,144000.0,152640.0,152640.0,3
2013-09-26,151920.0,156960.0,151200.0,154800.0,154800.0,3
2013-09-27,151200.0,155520.0,150480.0,154080.0,154080.0,1
2013-09-30,152640.0,154080.0,148320.0,150480.0,150480.0,1
2013-10-01,149760.0,154800.0,146880.0,152640.0,152640.0,1
2013-10-02,150480.0,151200.0,147600.0,150480.0,150480.0,1
2013-10-03,151200.0,151200.0,147600.0,148320.0,148320.0,1
2013-10-04,147600.0,150480.0,145440.0,146160.0,146160.0,1
2013-10-07,157680.0,170640.0,156240.0,167760.0,167760.0,18
2013-10-08,167760.0,167760.0,152640.0,156240.0,156240.0,6
2013-10-09,154800.0,158400.0,151200.0,155520.0,155520.0,3
2013-10-10,155520.0,157680.0,152640.0,154080.0,154080.0,2
2013-10-11,154800.0,155520.0,144720.0,149040.0,149040.0,3
2013-10-14,146880.0,146880.0,142560.0,145440.0,145440.0,3
2013-10-15,145440.0,150480.0,144000.0,145440.0,145440.0,2
2013-10-16,146880.0,146880.0,144000.0,145440.0,145440.0,1
2013-10-17,144720.0,149040.0,144000.0,145440.0,145440.0,2
2013-10-18,147600.0,149040.0,144000.0,147600.0,147600.0,2
2013-10-21,147600.0,149040.0,144720.0,144720.0,144720.0,1
2013-10-22,144720.0,148320.0,143280.0,147600.0,147600.0,4
2013-10-23,146880.0,148320.0,144000.0,145440.0,145440.0,1
2013-10-24,144720.0,146160.0,143280.0,144000.0,144000.0,2
2013-10-25,145440.0,148320.0,144000.0,148320.0,148320.0,1
2013-10-28,149040.0,149040.0,142560.0,143280.0,143280.0,3
2013-10-29,144000.0,144720.0,144000.0,144000.0,144000.0,2
2013-10-30,143280.0,144000.0,138960.0,139680.0,139680.0,3
2013-10-31,141120.0,141840.0,138240.0,138960.0,138960.0,2
2013-11-01,138240.0,141120.0,136080.0,136800.0,136800.0,3
2013-11-04,141120.0,142560.0,130320.0,132480.0,132480.0,5
2013-11-05,129600.0,130320.0,119520.0,129600.0,129600.0,8
2013-11-06,130320.0,131040.0,120960.0,128880.0,128880.0,4
2013-11-07,126720.0,126720.0,122400.0,125280.0,125280.0,2
2013-11-08,126720.0,136800.0,126720.0,136800.0,136800.0,5
2013-11-11,136800.0,138960.0,133920.0,138960.0,138960.0,2
2013-11-12,140400.0,143280.0,136080.0,142560.0,142560.0,5
2013-11-13,147600.0,148320.0,137520.0,144720.0,144720.0,7
2013-11-14,146160.0,148320.0,139680.0,140400.0,140400.0,3
2013-11-15,141840.0,144000.0,137520.0,139680.0,139680.0,3
2013-11-18,140400.0,141840.0,136800.0,136800.0,136800.0,3
2013-11-19,136800.0,139680.0,133200.0,133200.0,133200.0,2
2013-11-20,132480.0,136800.0,132480.0,135360.0,135360.0,2
2013-11-21,134640.0,138240.0,134640.0,136800.0,136800.0,1
2013-11-22,135360.0,141840.0,134640.0,136080.0,136080.0,4
2013-11-25,136800.0,136800.0,131040.0,131040.0,131040.0,2
2013-11-26,133200.0,144000.0,133200.0,140400.0,140400.0,5
2013-11-27,143280.0,144000.0,138960.0,144000.0,144000.0,3
2013-11-29,144000.0,144000.0,141120.0,142560.0,142560.0,1
2013-12-02,146160.0,146880.0,137520.0,141840.0,141840.0,3
2013-12-03,141120.0,143280.0,136800.0,137520.0,137520.0,2
2013-12-04,136800.0,141840.0,133200.0,136800.0,136800.0,4
2013-12-05,135360.0,136800.0,133200.0,133200.0,133200.0,2
2013-12-06,133200.0,138960.0,133200.0,133200.0,133200.0,2
2013-12-09,133200.0,136800.0,133200.0,134640.0,134640.0,1
2013-12-10,133920.0,136800.0,131040.0,131760.0,131760.0,3
2013-12-11,131760.0,133920.0,129600.0,130320.0,130320.0,3
2013-12-12,129600.0,132480.0,121680.0,126000.0,126000.0,6
2013-12-13,126720.0,130320.0,122400.0,123840.0,123840.0,3
2013-12-16,136800.0,143280.0,131040.0,137520.0,137520.0,12
2013-12-17,138240.0,140400.0,133200.0,140400.0,140400.0,4
2013-12-18,139680.0,145440.0,137520.0,142560.0,142560.0,8
2013-12-19,140400.0,142560.0,135360.0,136080.0,136080.0,4
2013-12-20,149040.0,158400.0,147600.0,150480.0,150480.0,22
2013-12-23,151200.0,166320.0,151200.0,165600.0,165600.0,11
2013-12-24,166320.0,166320.0,159840.0,164880.0,164880.0,4
2013-12-26,165600.0,192960.0,164880.0,192240.0,192240.0,12
2013-12-27,192960.0,192960.0,172800.0,183600.0,183600.0,12
2013-12-30,182160.0,195120.0,176400.0,192960.0,192960.0,9
2013-12-31,192960.0,194400.0,184320.0,190800.0,190800.0,5
2014-01-02,190800.0,192240.0,182160.0,186480.0,186480.0,8
2014-01-03,187200.0,187200.0,175680.0,179280.0,179280.0,7
2014-01-06,193680.0,193680.0,176400.0,180000.0,180000.0,4
2014-01-07,179280.0,180000.0,162000.0,170640.0,170640.0,11
2014-01-08,167760.0,172800.0,165600.0,167760.0,167760.0,4
2014-01-09,169200.0,169200.0,159120.0,167040.0,167040.0,6
2014-01-10,169920.0,169920.0,164160.0,168480.0,168480.0,3
2014-01-13,170640.0,173520.0,162000.0,164880.0,164880.0,4
2014-01-14,164880.0,164880.0,149040.0,153360.0,153360.0,14
2014-01-15,153360.0,162720.0,153360.0,160560.0,160560.0,4
2014-01-16,161280.0,163440.0,155520.0,160560.0,160560.0,2
2014-01-17,162000.0,167040.0,156960.0,156960.0,156960.0,2
2014-01-21,156960.0,163440.0,156960.0,160560.0,160560.0,2
2014-01-22,159120.0,161280.0,156960.0,159840.0,159840.0,2
2014-01-23,159840.0,166320.0,156960.0,162720.0,162720.0,6
2014-01-24,163440.0,165600.0,151200.0,153360.0,153360.0,6
2014-01-27,151920.0,156240.0,145440.0,148320.0,148320.0,4
2014-01-28,149760.0,159840.0,144720.0,157680.0,157680.0,3
2014-01-29,156960.0,163440.0,154800.0,162720.0,162720.0,8
2014-01-30,163440.0,169200.0,162000.0,164880.0,164880.0,6
2014-01-31,164160.0,169920.0,158400.0,167760.0,167760.0,5
2014-02-03,170640.0,170640.0,162000.0,169200.0,169200.0,8
2014-02-04,169200.0,177120.0,168480.0,172080.0,172080.0,6
2014-02-05,173520.0,173520.0,167760.0,168480.0,168480.0,3
2014-02-06,167760.0,172800.0,159840.0,169920.0,169920.0,5
2014-02-07,168480.0,172080.0,167040.0,169920.0,169920.0,2
2014-02-10,181440.0,186480.0,174240.0,178560.0,178560.0,9
2014-02-11,181440.0,181440.0,174960.0,175680.0,175680.0,4
2014-02-12,175680.0,177840.0,169200.0,170640.0,170640.0,2
2014-02-13,169920.0,174240.0,168480.0,169200.0,169200.0,1
2014-02-14,168480.0,174240.0,165600.0,167760.0,167760.0,3
2014-02-18,168480.0,172080.0,161280.0,165600.0,165600.0,6
2014-02-19,165600.0,169920.0,162000.0,167760.0,167760.0,3
2014-02-20,168480.0,171360.0,163440.0,171360.0,171360.0,3
2014-02-21,172800.0,183600.0,171360.0,178560.0,178560.0,7
2014-02-24,179280.0,183600.0,176400.0,180000.0,180000.0,4
2014-02-25,180000.0,187920.0,178560.0,181440.0,181440.0,9
2014-02-26,183600.0,186480.0,178560.0,178560.0,178560.0,3
2014-02-27,177840.0,178560.0,171360.0,172800.0,172800.0,4
2014-02-28,173520.0,175680.0,166320.0,167760.0,167760.0,2
2014-03-03,167760.0,172080.0,162720.0,168480.0,168480.0,2
2014-03-04,168480.0,174240.0,168480.0,172800.0,172800.0,2
2014-03-05,174960.0,175680.0,165600.0,171360.0,171360.0,4
2014-03-06,170640.0,173520.0,168480.0,170640.0,170640.0,2
2014-03-07,169920.0,171360.0,166320.0,171360.0,171360.0,3
2014-03-10,173520.0,174960.0,169920.0,172800.0,172800.0,2
2014-03-11,174240.0,176400.0,167040.0,169920.0,169920.0,3
2014-03-12,167760.0,185760.0,164160.0,182160.0,182160.0,6
2014-03-13,182160.0,182160.0,176400.0,177120.0,177120.0,3
2014-03-14,174960.0,180000.0,173520.0,177120.0,177120.0,3
2014-03-17,177840.0,189360.0,174240.0,189360.0,189360.0,10
2014-03-18,188640.0,188640.0,176400.0,178560.0,178560.0,6
2014-03-19,180720.0,182160.0,173520.0,174240.0,174240.0,3
2014-03-20,172800.0,175680.0,162000.0,167040.0,167040.0,5
2014-03-21,169200.0,171360.0,167040.0,170640.0,170640.0,2
2014-03-24,170640.0,172800.0,165600.0,167760.0,167760.0,4
2014-03-25,167040.0,169200.0,162000.0,162720.0,162720.0,3
2014-03-26,162720.0,168480.0,157680.0,158400.0,158400.0,2
2014-03-27,157680.0,160560.0,155520.0,156240.0,156240.0,3
2014-03-28,156240.0,160560.0,149760.0,153360.0,153360.0,4
2014-03-31,153360.0,159120.0,151920.0,154800.0,154800.0,2
2014-04-01,152640.0,159120.0,152640.0,156960.0,156960.0,2
2014-04-02,156240.0,162000.0,156240.0,158400.0,158400.0,1
2014-04-03,160560.0,160560.0,151200.0,156960.0,156960.0,2
2014-04-04,158400.0,158400.0,151200.0,152640.0,152640.0,3
2014-04-07,152640.0,154800.0,148320.0,152640.0,152640.0,2
2014-04-08,152640.0,157680.0,152640.0,156240.0,156240.0,1
2014-04-09,158400.0,164160.0,156960.0,159840.0,159840.0,2
2014-04-10,159120.0,162720.0,154080.0,155520.0,155520.0,1
2014-04-11,152640.0,160560.0,151200.0,157680.0,157680.0,5
2014-04-14,156240.0,156240.0,146880.0,146880.0,146880.0,5
2014-04-15,149040.0,149040.0,139680.0,144720.0,144720.0,5
2014-04-16,146160.0,175680.0,144720.0,172080.0,172080.0,17
2014-04-17,169920.0,174960.0,161280.0,171360.0,171360.0,4
2014-04-21,172800.0,177840.0,166320.0,172800.0,172800.0,4
2014-04-22,174240.0,176400.0,171360.0,172800.0,172800.0,2
2014-04-23,172800.0,173520.0,162000.0,171360.0,171360.0,2
2014-04-24,168480.0,173520.0,164160.0,169920.0,169920.0,2
2014-04-25,169200.0,169920.0,164160.0,164160.0,164160.0,2
2014-04-28,166320.0,172080.0,160560.0,165600.0,165600.0,2
2014-04-29,167040.0,168480.0,162000.0,164160.0,164160.0,1
2014-04-30,162720.0,165600.0,159120.0,159840.0,159840.0,2
2014-05-01,159120.0,164160.0,158400.0,159120.0,159120.0,1
2014-05-02,158400.0,159120.0,154080.0,154080.0,154080.0,1
2014-05-05,152640.0,159840.0,151200.0,159120.0,159120.0,2
2014-05-06,159840.0,164160.0,156240.0,158400.0,158400.0,2
2014-05-07,158400.0,167040.0,156960.0,164160.0,164160.0,2
2014-05-08,162720.0,163440.0,159120.0,159840.0,159840.0,1
2014-05-09,160560.0,164160.0,158400.0,159120.0,159120.0,1
2014-05-12,157680.0,163440.0,157680.0,162720.0,162720.0,2
2014-05-13,163440.0,168480.0,159120.0,162000.0,162000.0,2
2014-05-14,159840.0,165600.0,153360.0,156240.0,156240.0,3
2014-05-15,154800.0,159840.0,151200.0,155520.0,155520.0,1
2014-05-16,154800.0,158400.0,150480.0,158400.0,158400.0,1
2014-05-19,159120.0,159840.0,153360.0,154800.0,154800.0,1
2014-05-20,152640.0,156240.0,151200.0,151200.0,151200.0,1
2014-05-21,152640.0,159120.0,152640.0,159120.0,159120.0,1
2014-05-22,156960.0,164160.0,156960.0,160560.0,160560.0,2
2014-05-23,162000.0,164160.0,159120.0,162000.0,162000.0,0
2014-05-27,160560.0,168480.0,159120.0,166320.0,166320.0,5
2014-05-28,167760.0,170640.0,162000.0,169200.0,169200.0,3
2014-05-29,168480.0,172080.0,166320.0,170640.0,170640.0,1
2014-05-30,169200.0,169200.0,165600.0,167760.0,167760.0,2
2014-06-02,166320.0,169200.0,160560.0,162000.0,162000.0,1
2014-06-03,160560.0,168480.0,156960.0,160560.0,160560.0,2
2014-06-04,161280.0,165600.0,158400.0,159840.0,159840.0,1
2014-06-05,157680.0,162000.0,156960.0,158400.0,158400.0,2
2014-06-06,159120.0,161280.0,156960.0,159840.0,159840.0,1
2014-06-09,159840.0,164160.0,154800.0,159840.0,159840.0,2
2014-06-10,156960.0,167040.0,156960.0,165600.0,165600.0,3
2014-06-11,164160.0,169200.0,163440.0,168480.0,168480.0,2
2014-06-12,168480.0,171360.0,168480.0,169200.0,169200.0,3
2014-06-13,169200.0,169920.0,161280.0,168480.0,168480.0,2
2014-06-16,173520.0,174960.0,167760.0,169920.0,169920.0,4
2014-06-17,171360.0,171360.0,162000.0,162720.0,162720.0,3
2014-06-18,164880.0,164880.0,159120.0,162720.0,162720.0,2
2014-06-19,162720.0,164880.0,159840.0,162720.0,162720.0,1
2014-06-20,161280.0,164160.0,159120.0,160560.0,160560.0,1
2014-06-23,158400.0,160560.0,158400.0,159120.0,159120.0,1
2014-06-24,159840.0,159840.0,157680.0,158400.0,158400.0,1
2014-06-25,156960.0,159120.0,154800.0,156960.0,156960.0,1
2014-06-26,155520.0,162000.0,152640.0,161280.0,161280.0,1
2014-06-27,159840.0,164160.0,159840.0,163440.0,163440.0,1
2014-06-30,162000.0,163440.0,159840.0,162000.0,162000.0,1
2014-07-01,162000.0,162720.0,159120.0,159840.0,159840.0,1
2014-07-02,159840.0,162000.0,155520.0,157680.0,157680.0,1
2014-07-03,156960.0,162000.0,156960.0,159840.0,159840.0,0
2014-07-07,158400.0,162000.0,147600.0,154080.0,154080.0,4
2014-07-08,154800.0,154800.0,150480.0,150480.0,150480.0,1
2014-07-09,150480.0,153360.0,148320.0,153360.0,153360.0,1
2014-07-10,149760.0,153360.0,147600.0,149760.0,149760.0,2
2014-07-11,151200.0,153360.0,149040.0,150480.0,150480.0,1
2014-07-14,149040.0,150480.0,149040.0,149760.0,149760.0,1
2014-07-15,150480.0,150480.0,143280.0,146880.0,146880.0,2
2014-07-16,148320.0,149040.0,144000.0,144720.0,144720.0,1
2014-07-17,144000.0,144720.0,133200.0,138240.0,138240.0,3
2014-07-18,136800.0,141840.0,136800.0,138960.0,138960.0,2
2014-07-21,138240.0,139680.0,133200.0,136080.0,136080.0,1
2014-07-22,134640.0,141120.0,134640.0,139680.0,139680.0,1
2014-07-23,139680.0,141840.0,136800.0,140400.0,140400.0,2
2014-07-24,138960.0,140400.0,136080.0,138240.0,138240.0,2
2014-07-25,138960.0,144000.0,137520.0,141840.0,141840.0,1
2014-07-28,142560.0,142560.0,137520.0,140400.0,140400.0,1
2014-07-29,140400.0,142560.0,136080.0,138240.0,138240.0,1
2014-07-30,138240.0,141120.0,134640.0,136800.0,136800.0,2
2014-07-31,135360.0,139680.0,134640.0,136800.0,136800.0,2
2014-08-01,136800.0,138960.0,135360.0,136080.0,136080.0,5
2014-08-04,138960.0,140400.0,123840.0,132480.0,132480.0,4
2014-08-05,130320.0,134640.0,127440.0,133200.0,133200.0,3
2014-08-06,133200.0,138960.0,131040.0,136080.0,136080.0,1
2014-08-07,138240.0,139680.0,135360.0,138240.0,138240.0,1
2014-08-08,136800.0,140400.0,133920.0,140400.0,140400.0,2
2014-08-11,139680.0,144000.0,138960.0,141840.0,141840.0,1
2014-08-12,149040.0,154080.0,138960.0,144000.0,144000.0,4
2014-08-13,142560.0,142560.0,137520.0,138960.0,138960.0,2
2014-08-14,142560.0,142560.0,138240.0,140400.0,140400.0,0
2014-08-15,141120.0,142560.0,136800.0,141120.0,141120.0,1
2014-08-18,142560.0,144720.0,139680.0,141120.0,141120.0,3
2014-08-19,141840.0,141840.0,136080.0,136800.0,136800.0,2
2014-08-20,136800.0,138240.0,134640.0,135360.0,135360.0,3
2014-08-21,135360.0,136080.0,128880.0,131760.0,131760.0,5
2014-08-22,130320.0,139680.0,126720.0,133920.0,133920.0,3
2014-08-25,136800.0,141840.0,136800.0,138960.0,138960.0,4
2014-08-26,138240.0,141840.0,137520.0,140400.0,140400.0,1
2014-08-27,136800.0,141120.0,135360.0,135360.0,135360.0,3
2014-08-28,135360.0,137520.0,135360.0,136080.0,136080.0,1
2014-08-29,135360.0,139680.0,135360.0,136800.0,136800.0,2
2014-09-02,136800.0,144000.0,135360.0,136080.0,136080.0,2
2014-09-03,135360.0,138240.0,133200.0,135360.0,135360.0,2
2014-09-04,134640.0,135360.0,131760.0,132480.0,132480.0,2
2014-09-05,131760.0,133920.0,131040.0,132480.0,132480.0,1
2014-09-08,131040.0,136080.0,131040.0,131760.0,131760.0,1
2014-09-09,131040.0,133920.0,129600.0,132480.0,132480.0,2
2014-09-10,133920.0,136080.0,131040.0,134640.0,134640.0,1
2014-09-11,133920.0,136080.0,131040.0,131760.0,131760.0,1
2014-09-12,131760.0,133200.0,129600.0,132480.0,132480.0,1
2014-09-15,130320.0,132480.0,127440.0,127440.0,127440.0,2
2014-09-16,126000.0,127440.0,125280.0,126720.0,126720.0,2
2014-09-17,125280.0,131760.0,125280.0,127440.0,127440.0,3
2014-09-18,126720.0,128880.0,122400.0,123120.0,123120.0,2
2014-09-19,122400.0,123840.0,118080.0,118080.0,118080.0,2
2014-09-22,118800.0,120240.0,113040.0,113760.0,113760.0,4
2014-09-23,114480.0,116640.0,113760.0,116640.0,116640.0,1
2014-09-24,115920.0,120240.0,113760.0,116640.0,116640.0,2
2014-09-25,117360.0,117360.0,113040.0,113040.0,113040.0,1
2014-09-26,113040.0,115920.0,108000.0,108720.0,108720.0,2
2014-09-29,108720.0,109440.0,108000.0,109440.0,109440.0,1
2014-09-30,108720.0,109440.0,108000.0,108720.0,108720.0,1
2014-10-01,108000.0,108720.0,101520.0,102960.0,102960.0,3
2014-10-02,102240.0,102960.0,95760.0,101520.0,101520.0,2
2014-10-03,100800.0,116640.0,100800.0,103680.0,103680.0,5
2014-10-06,104400.0,108720.0,102240.0,107280.0,107280.0,2
2014-10-07,105120.0,107280.0,100080.0,100800.0,100800.0,1
2014-10-08,103680.0,106560.0,99360.0,101520.0,101520.0,2
2014-10-09,101520.0,102240.0,98640.0,99360.0,99360.0,1
2014-10-10,100080.0,100080.0,87120.0,89280.0,89280.0,3
2014-10-13,82080.0,95760.0,80640.0,92880.0,92880.0,4
2014-10-14,91440.0,100080.0,87840.0,95040.0,95040.0,2
2014-10-15,92160.0,99360.0,82080.0,90000.0,90000.0,1
2014-10-16,87120.0,95760.0,87120.0,92880.0,92880.0,1
2014-10-17,92880.0,122400.0,92880.0,118080.0,118080.0,4
2014-10-20,141120.0,141120.0,105840.0,118080.0,118080.0,6
2014-10-21,123840.0,123840.0,109440.0,112320.0,112320.0,2
2014-10-22,110160.0,110880.0,105120.0,110880.0,110880.0,2
2014-10-23,110160.0,118080.0,108000.0,113040.0,113040.0,2
2014-10-24,114480.0,122400.0,111600.0,116640.0,116640.0,1
2014-10-27,118080.0,120240.0,111600.0,115920.0,115920.0,1
2014-10-28,116640.0,118800.0,113040.0,116640.0,116640.0,1
2014-10-29,116640.0,122400.0,116640.0,117360.0,117360.0,1
2014-10-30,117360.0,117360.0,113040.0,113760.0,113760.0,1
2014-10-31,115200.0,115200.0,105120.0,106560.0,106560.0,2
2014-11-03,108000.0,111600.0,108000.0,110160.0,110160.0,1
2014-11-04,111600.0,115200.0,109440.0,113760.0,113760.0,1
2014-11-05,115200.0,115200.0,106560.0,109440.0,109440.0,2
2014-11-06,109440.0,110160.0,106560.0,110160.0,110160.0,1
2014-11-07,109440.0,109440.0,104400.0,106560.0,106560.0,2
2014-11-10,110160.0,110160.0,100800.0,105120.0,105120.0,2
2014-11-11,110160.0,111600.0,105120.0,109440.0,109440.0,2
2014-11-12,108000.0,110160.0,104400.0,106560.0,106560.0,1
2014-11-13,105120.0,106560.0,99360.0,100800.0,100800.0,1
2014-11-14,100080.0,111600.0,94320.0,95040.0,95040.0,3
2014-11-17,95760.0,98640.0,90720.0,91440.0,91440.0,5
2014-11-18,90000.0,101520.0,90000.0,93600.0,93600.0,4
2014-11-19,92880.0,103680.0,90000.0,95760.0,95760.0,2
2014-11-20,95760.0,100800.0,92160.0,98640.0,98640.0,12
2014-11-21,100800.0,100800.0,95040.0,98640.0,98640.0,1
2014-11-24,100080.0,100800.0,95040.0,96480.0,96480.0,2
2014-11-25,95760.0,97200.0,93600.0,94320.0,94320.0,1
2014-11-26,93600.0,95760.0,92160.0,93600.0,93600.0,2
2014-11-28,90720.0,95040.0,84960.0,84960.0,84960.0,2
2014-12-01,86400.0,91440.0,79200.0,81360.0,81360.0,5
2014-12-02,85680.0,89280.0,82080.0,85680.0,85680.0,2
2014-12-03,84960.0,92160.0,83520.0,84960.0,84960.0,1
2014-12-04,83520.0,87120.0,79920.0,83520.0,83520.0,2
2014-12-05,84960.0,96480.0,80640.0,87120.0,87120.0,4
2014-12-08,85680.0,90000.0,84240.0,84960.0,84960.0,1
2014-12-09,84960.0,84960.0,80640.0,81360.0,81360.0,2
2014-12-10,82080.0,87120.0,80640.0,81360.0,81360.0,2
2014-12-11,80640.0,86400.0,80640.0,82080.0,82080.0,1
2014-12-12,81360.0,85680.0,80640.0,83520.0,83520.0,0
2014-12-15,83520.0,86400.0,80640.0,80640.0,80640.0,2
2014-12-16,79920.0,79920.0,76320.0,77760.0,77760.0,2
2014-12-17,77040.0,79200.0,76320.0,76320.0,76320.0,2
2014-12-18,76320.0,79920.0,70560.0,72000.0,72000.0,6
2014-12-19,73440.0,74160.0,66240.0,68400.0,68400.0,9
2014-12-22,72000.0,82800.0,69120.0,71280.0,71280.0,5
2014-12-23,68400.0,75600.0,68400.0,70560.0,70560.0,4
2014-12-24,68400.0,73440.0,68400.0,72720.0,72720.0,1
2014-12-26,72000.0,75600.0,70560.0,74160.0,74160.0,3
2014-12-29,76320.0,77760.0,71280.0,71280.0,71280.0,5
2014-12-30,69120.0,74160.0,69120.0,69120.0,69120.0,3
2014-12-31,71280.0,73440.0,68400.0,72000.0,72000.0,6
2015-01-02,72720.0,86400.0,72720.0,86400.0,86400.0,9
2015-01-05,85680.0,100080.0,85680.0,96480.0,96480.0,13
2015-01-06,98640.0,98640.0,92160.0,94320.0,94320.0,5
2015-01-07,94320.0,113040.0,92880.0,113040.0,113040.0,10
2015-01-08,115200.0,122400.0,108720.0,113040.0,113040.0,17
2015-01-09,113760.0,114480.0,108720.0,113040.0,113040.0,4
2015-01-12,115200.0,115200.0,102240.0,109440.0,109440.0,5
2015-01-13,108000.0,108000.0,93600.0,93600.0,93600.0,5
2015-01-14,92880.0,93600.0,86400.0,88560.0,88560.0,3
2015-01-15,88560.0,93600.0,84960.0,87120.0,87120.0,2
2015-01-16,87120.0,89280.0,84960.0,89280.0,89280.0,1
2015-01-20,90000.0,91440.0,87120.0,90000.0,90000.0,1
2015-01-21,88560.0,90720.0,86400.0,87120.0,87120.0,2
2015-01-22,87840.0,89280.0,82800.0,89280.0,89280.0,2
2015-01-23,90720.0,90720.0,84960.0,87840.0,87840.0,1
2015-01-26,86400.0,87840.0,85680.0,87840.0,87840.0,1
2015-01-27,89280.0,89280.0,84960.0,87840.0,87840.0,1
2015-01-28,105840.0,118800.0,93600.0,95760.0,95760.0,31
2015-01-29,100800.0,108720.0,95760.0,102960.0,102960.0,8
2015-01-30,104400.0,105840.0,98640.0,100080.0,100080.0,3
2015-02-02,100800.0,100800.0,95040.0,100800.0,100800.0,1
2015-02-03,102240.0,104400.0,97200.0,100080.0,100080.0,1
2015-02-04,102960.0,109440.0,97200.0,108000.0,108000.0,5
2015-02-05,108000.0,118080.0,108000.0,114480.0,114480.0,6
2015-02-06,118080.0,119520.0,113040.0,118080.0,118080.0,4
2015-02-09,118800.0,134640.0,118080.0,129600.0,129600.0,8
2015-02-10,133200.0,137520.0,126720.0,131040.0,131040.0,6
2015-02-11,142560.0,142560.0,133200.0,136080.0,136080.0,7
2015-02-12,139680.0,139680.0,131040.0,138240.0,138240.0,5
2015-02-13,136080.0,138240.0,132480.0,132480.0,132480.0,3
2015-02-17,129600.0,136800.0,129600.0,134640.0,134640.0,2
2015-02-18,133200.0,146880.0,133200.0,142560.0,142560.0,7
2015-02-19,142560.0,147600.0,137520.0,138960.0,138960.0,6
2015-02-20,140400.0,144000.0,138240.0,139680.0,139680.0,3
2015-02-23,137520.0,155520.0,137520.0,149040.0,149040.0,9
2015-02-24,165600.0,195120.0,159840.0,174960.0,174960.0,49
2015-02-25,180000.0,198000.0,177840.0,185040.0,185040.0,26
2015-02-26,190080.0,190080.0,162720.0,168480.0,168480.0,14
2015-02-27,172800.0,172800.0,154800.0,158400.0,158400.0,9
2015-03-02,160560.0,182880.0,154800.0,182160.0,182160.0,10
2015-03-03,183600.0,183600.0,169920.0,172080.0,172080.0,7
2015-03-04,168480.0,181440.0,165600.0,180000.0,180000.0,6
2015-03-05,182160.0,187200.0,176400.0,177120.0,177120.0,4
2015-03-06,176400.0,180000.0,170640.0,177120.0,177120.0,4
2015-03-09,174960.0,180000.0,165600.0,168480.0,168480.0,6
2015-03-10,166320.0,167040.0,156960.0,162000.0,162000.0,6
2015-03-11,162000.0,162000.0,152640.0,157680.0,157680.0,5
2015-03-12,156240.0,164880.0,155520.0,156960.0,156960.0,3
2015-03-13,155520.0,158400.0,147600.0,149040.0,149040.0,5
2015-03-16,145440.0,152640.0,133920.0,139680.0,139680.0,11
2015-03-17,141840.0,141840.0,131760.0,133200.0,133200.0,3
2015-03-18,136800.0,139680.0,132480.0,136800.0,136800.0,3
2015-03-19,133200.0,151200.0,133200.0,146880.0,146880.0,5
2015-03-20,146160.0,149760.0,137520.0,149760.0,149760.0,5
2015-03-23,149040.0,150480.0,140400.0,146880.0,146880.0,2
2015-03-24,145440.0,145440.0,140400.0,144000.0,144000.0,2
2015-03-25,145440.0,148320.0,136080.0,138960.0,138960.0,3
2015-03-26,137520.0,139680.0,133200.0,138960.0,138960.0,3
2015-03-27,137520.0,139680.0,134640.0,137520.0,137520.0,1
2015-03-30,136800.0,140400.0,130320.0,138240.0,138240.0,3
2015-03-31,138240.0,139680.0,134640.0,134640.0,134640.0,1
2015-04-01,132480.0,136800.0,128160.0,131760.0,131760.0,2
2015-04-02,132480.0,134640.0,129600.0,130320.0,130320.0,1
2015-04-06,130320.0,132480.0,124560.0,129600.0,129600.0,2
2015-04-07,127440.0,131760.0,125280.0,129600.0,129600.0,1
2015-04-08,128880.0,133200.0,126720.0,130320.0,130320.0,1
2015-04-09,131040.0,131760.0,126720.0,130320.0,130320.0,0
2015-04-10,131760.0,132480.0,126720.0,128880.0,128880.0,1
2015-04-13,126720.0,129600.0,126720.0,128880.0,128880.0,1
2015-04-14,126720.0,128880.0,126000.0,126000.0,126000.0,1
2015-04-15,126000.0,133200.0,126000.0,128880.0,128880.0,3
2015-04-16,128880.0,128880.0,126000.0,128160.0,128160.0,1
2015-04-17,128880.0,128880.0,126000.0,127440.0,127440.0,1
2015-04-20,126000.0,130320.0,126000.0,130320.0,130320.0,1
2015-04-21,130320.0,130320.0,127440.0,128880.0,128880.0,1
2015-04-22,129600.0,129600.0,126720.0,127440.0,127440.0,1
2015-04-23,126720.0,127440.0,123840.0,125280.0,125280.0,1
2015-04-24,123840.0,126000.0,110160.0,115920.0,115920.0,6
2015-04-27,115200.0,126000.0,115200.0,116640.0,116640.0,2
2015-04-28,115920.0,118800.0,115200.0,115920.0,115920.0,1
2015-04-29,115920.0,120960.0,113760.0,115920.0,115920.0,2
2015-04-30,115200.0,124560.0,112320.0,115200.0,115200.0,3
2015-05-01,113040.0,117360.0,112320.0,115200.0,115200.0,1
2015-05-04,118800.0,123120.0,117360.0,120240.0,120240.0,1
2015-05-05,120960.0,120960.0,110160.0,112320.0,112320.0,2
2015-05-06,113040.0,117360.0,110160.0,115920.0,115920.0,1
2015-05-07,115920.0,118080.0,110880.0,115200.0,115200.0,1
2015-05-08,123840.0,123840.0,110880.0,113040.0,113040.0,2
2015-05-11,113040.0,114480.0,106560.0,107280.0,107280.0,3
2015-05-12,105840.0,108000.0,100800.0,106560.0,106560.0,3
2015-05-13,108000.0,109440.0,101520.0,102240.0,102240.0,1
2015-05-14,103680.0,105840.0,96480.0,103680.0,103680.0,3
2015-05-15,104400.0,107280.0,99360.0,99360.0,99360.0,1
2015-05-18,98640.0,101520.0,93600.0,96480.0,96480.0,2
2015-05-19,94320.0,118800.0,92880.0,113760.0,113760.0,6
2015-05-20,112320.0,118080.0,107280.0,112320.0,112320.0,3
2015-05-21,112320.0,115200.0,107280.0,108000.0,108000.0,1
2015-05-22,105840.0,115200.0,104400.0,112320.0,112320.0,1
2015-05-26,111600.0,115200.0,111600.0,114480.0,114480.0,1
2015-05-27,112320.0,118800.0,112320.0,116640.0,116640.0,2
2015-05-28,113760.0,123840.0,113760.0,118080.0,118080.0,2
2015-05-29,118080.0,126000.0,118080.0,120240.0,120240.0,2
2015-06-01,121680.0,123120.0,115920.0,117360.0,117360.0,1
2015-06-02,116640.0,119520.0,113040.0,118080.0,118080.0,1
2015-06-03,119520.0,120240.0,118080.0,118800.0,118800.0,1
2015-06-04,119520.0,120960.0,119520.0,120240.0,120240.0,0
2015-06-05,123840.0,127440.0,117360.0,123840.0,123840.0,2
2015-06-08,123840.0,126000.0,122400.0,124560.0,124560.0,1
2015-06-09,124560.0,126000.0,122400.0,123120.0,123120.0,1
2015-06-10,126000.0,126000.0,118080.0,120240.0,120240.0,1
2015-06-11,124560.0,124560.0,116640.0,117360.0,117360.0,1
2015-06-12,120240.0,121680.0,116640.0,118080.0,118080.0,1
2015-06-15,118800.0,122400.0,113760.0,121680.0,121680.0,2
2015-06-16,118800.0,119520.0,114480.0,116640.0,116640.0,1
2015-06-17,116640.0,122400.0,116640.0,118080.0,118080.0,1
2015-06-18,118800.0,126000.0,118800.0,124560.0,124560.0,2
2015-06-19,122400.0,125280.0,114480.0,114480.0,114480.0,2
2015-06-22,116640.0,123120.0,116640.0,120240.0,120240.0,3
2015-06-23,119520.0,121680.0,119520.0,120240.0,120240.0,0
2015-06-24,120960.0,123840.0,118800.0,122400.0,122400.0,1
2015-06-25,122400.0,123840.0,119520.0,123840.0,123840.0,1
2015-06-26,118800.0,126000.0,118800.0,126000.0,126000.0,1
2015-06-29,121680.0,122400.0,114480.0,120240.0,120240.0,2
2015-06-30,120240.0,123840.0,118080.0,123120.0,123120.0,1
2015-07-01,123840.0,123840.0,120960.0,120960.0,120960.0,1
2015-07-02,121680.0,136800.0,121680.0,133200.0,133200.0,6
2015-07-06,129600.0,140400.0,128160.0,134640.0,134640.0,4
2015-07-07,134640.0,136800.0,127440.0,131040.0,131040.0,3
2015-07-08,128160.0,131040.0,125280.0,126720.0,126720.0,2
2015-07-09,126720.0,127440.0,123120.0,126000.0,126000.0,2
2015-07-10,129600.0,131040.0,123840.0,126720.0,126720.0,2
2015-07-13,126000.0,128880.0,123120.0,125280.0,125280.0,1
2015-07-14,125280.0,126000.0,122400.0,123120.0,123120.0,2
2015-07-15,123120.0,126720.0,121680.0,121680.0,121680.0,1
2015-07-16,120960.0,125280.0,120960.0,125280.0,125280.0,2
2015-07-17,123840.0,126720.0,123840.0,126000.0,126000.0,2
2015-07-20,126000.0,128160.0,122400.0,123840.0,123840.0,2
2015-07-21,122400.0,123840.0,115920.0,118800.0,118800.0,2
2015-07-22,117360.0,120960.0,114480.0,118080.0,118080.0,2
2015-07-23,117360.0,120960.0,115200.0,117360.0,117360.0,1
2015-07-24,116640.0,117360.0,113760.0,114480.0,114480.0,2
2015-07-27,113040.0,113040.0,108000.0,109440.0,109440.0,2
2015-07-28,109440.0,113760.0,103680.0,105840.0,105840.0,2
2015-07-29,107280.0,111600.0,106560.0,107280.0,107280.0,1
2015-07-30,108000.0,109440.0,102960.0,102960.0,102960.0,2
2015-07-31,104400.0,105840.0,91440.0,103680.0,103680.0,1
2015-08-03,104400.0,104400.0,97200.0,99360.0,99360.0,1
2015-08-04,100800.0,101520.0,94320.0,100800.0,100800.0,1
2015-08-05,100800.0,100800.0,91440.0,93600.0,93600.0,3
2015-08-06,106560.0,106560.0,82080.0,82080.0,82080.0,4
2015-08-07,83520.0,87840.0,79200.0,87120.0,87120.0,2
2015-08-10,87840.0,95760.0,86400.0,92160.0,92160.0,2
2015-08-11,90720.0,90720.0,84960.0,85680.0,85680.0,2
2015-08-12,86400.0,90720.0,86400.0,89280.0,89280.0,2
2015-08-13,90000.0,90000.0,86400.0,86400.0,86400.0,1
2015-08-14,87120.0,88560.0,84960.0,85680.0,85680.0,1
2015-08-17,86400.0,86400.0,83520.0,83520.0,83520.0,1
2015-08-18,83520.0,84240.0,81360.0,82080.0,82080.0,2
2015-08-19,87120.0,95040.0,84960.0,87840.0,87840.0,4
2015-08-20,88560.0,108000.0,83520.0,103680.0,103680.0,10
2015-08-21,100800.0,103680.0,91440.0,95760.0,95760.0,3
2015-08-24,90000.0,91440.0,79200.0,87120.0,87120.0,2
2015-08-25,95040.0,95040.0,87840.0,87840.0,87840.0,3
2015-08-26,90000.0,93600.0,83520.0,91440.0,91440.0,1
2015-08-27,91440.0,91440.0,86400.0,88560.0,88560.0,1
2015-08-28,91440.0,106560.0,87840.0,97200.0,97200.0,8
2015-08-31,108000.0,134640.0,102240.0,122400.0,122400.0,28
2015-09-01,129600.0,133200.0,120240.0,128160.0,128160.0,19
2015-09-02,130320.0,131760.0,115200.0,121680.0,121680.0,7
2015-09-03,121680.0,121680.0,115200.0,115920.0,115920.0,4
2015-09-04,115200.0,126720.0,107280.0,126720.0,126720.0,4
2015-09-08,133200.0,133200.0,120240.0,123120.0,123120.0,3
2015-09-09,127440.0,128160.0,118800.0,122400.0,122400.0,3
2015-09-10,136080.0,143280.0,127440.0,131760.0,131760.0,22
2015-09-11,133920.0,134640.0,119520.0,121680.0,121680.0,5
2015-09-14,122400.0,122400.0,110160.0,112320.0,112320.0,5
2015-09-15,108720.0,113040.0,108000.0,110160.0,110160.0,3
2015-09-16,112320.0,112320.0,109440.0,111600.0,111600.0,0
2015-09-17,115920.0,122400.0,112320.0,113760.0,113760.0,5
2015-09-18,110160.0,117360.0,110160.0,117360.0,117360.0,4
2015-09-21,126000.0,126000.0,115920.0,117360.0,117360.0,2
2015-09-22,115200.0,116640.0,110880.0,112320.0,112320.0,2
2015-09-23,113760.0,118080.0,110160.0,111600.0,111600.0,2
2015-09-24,111600.0,111600.0,108000.0,110160.0,110160.0,2
2015-09-25,111600.0,115200.0,104400.0,114480.0,114480.0,2
2015-09-28,115200.0,115200.0,103680.0,105120.0,105120.0,4
2015-09-29,106560.0,109440.0,101520.0,102240.0,102240.0,2
2015-09-30,103680.0,113040.0,101520.0,105120.0,105120.0,1
2015-10-01,106560.0,111600.0,106560.0,110160.0,110160.0,1
2015-10-02,108000.0,113760.0,105120.0,110880.0,110880.0,1
2015-10-05,113040.0,114480.0,108000.0,111600.0,111600.0,1
2015-10-06,110880.0,117360.0,110880.0,117360.0,117360.0,1
2015-10-07,118800.0,120960.0,115920.0,118800.0,118800.0,1
2015-10-08,118800.0,120240.0,114480.0,116640.0,116640.0,1
2015-10-09,118800.0,119520.0,115920.0,118800.0,118800.0,1
2015-10-12,118800.0,118800.0,113760.0,115200.0,115200.0,1
2015-10-13,111600.0,115200.0,101520.0,111600.0,111600.0,1
2015-10-14,113760.0,113760.0,110160.0,110880.0,110880.0,1
2015-10-15,108720.0,114480.0,108000.0,113760.0,113760.0,1
2015-10-16,114480.0,118080.0,110880.0,111600.0,111600.0,1
2015-10-19,111600.0,113040.0,108720.0,110160.0,110160.0,0
2015-10-20,110160.0,113760.0,105840.0,111600.0,111600.0,2
2015-10-21,108720.0,109440.0,102960.0,102960.0,102960.0,1
2015-10-22,104400.0,109440.0,100800.0,100800.0,100800.0,1
2015-10-23,101520.0,103680.0,98640.0,100080.0,100080.0,1
2015-10-26,97200.0,103680.0,97200.0,101520.0,101520.0,1
2015-10-27,99360.0,102960.0,99360.0,100800.0,100800.0,1
2015-10-28,102240.0,102240.0,95040.0,95040.0,95040.0,2
2015-10-29,97200.0,97200.0,95040.0,96480.0,96480.0,1
2015-10-30,95760.0,99360.0,93600.0,95040.0,95040.0,1
2015-11-02,95760.0,98640.0,93600.0,96480.0,96480.0,1
2015-11-03,95760.0,100800.0,95760.0,100800.0,100800.0,1
2015-11-04,102240.0,103680.0,97920.0,98640.0,98640.0,1
2015-11-05,96480.0,100800.0,93600.0,95040.0,95040.0,2
2015-11-06,93600.0,97920.0,87840.0,93600.0,93600.0,2
2015-11-09,92880.0,92880.0,90000.0,90000.0,90000.0,1
2015-11-10,90000.0,90720.0,84960.0,86400.0,86400.0,3
2015-11-11,87120.0,88560.0,87120.0,87840.0,87840.0,0
2015-11-12,87120.0,93600.0,84960.0,84960.0,84960.0,2
2015-11-13,84240.0,90720.0,82800.0,90000.0,90000.0,1
2015-11-16,88560.0,92160.0,85680.0,86400.0,86400.0,1
2015-11-17,86400.0,90000.0,84240.0,86400.0,86400.0,1
2015-11-18,87120.0,89280.0,86400.0,86400.0,86400.0,1
2015-11-19,86400.0,90000.0,83520.0,84960.0,84960.0,1
2015-11-20,83520.0,85680.0,80640.0,80640.0,80640.0,2
2015-11-23,81360.0,87120.0,81360.0,83520.0,83520.0,2
2015-11-24,84240.0,84240.0,76320.0,78480.0,78480.0,6
2015-11-25,78480.0,88560.0,70560.0,79200.0,79200.0,8
2015-11-27,82080.0,84240.0,79200.0,82800.0,82800.0,1
2015-11-30,82800.0,87840.0,77760.0,78480.0,78480.0,2
2015-12-01,78480.0,87840.0,75600.0,79200.0,79200.0,4
2015-12-02,79200.0,80640.0,76320.0,79920.0,79920.0,2
2015-12-03,77040.0,79920.0,76320.0,77040.0,77040.0,1
2015-12-04,77040.0,79200.0,69840.0,72000.0,72000.0,2
2015-12-07,72000.0,74160.0,69120.0,71280.0,71280.0,2
2015-12-08,72000.0,74160.0,69120.0,69840.0,69840.0,2
2015-12-09,69120.0,71280.0,66960.0,69840.0,69840.0,2
2015-12-10,69120.0,70560.0,68400.0,70560.0,70560.0,1
2015-12-11,70560.0,71280.0,68400.0,68400.0,68400.0,1
2015-12-14,64800.0,72000.0,59040.0,61200.0,61200.0,7
2015-12-15,60480.0,66960.0,59760.0,61920.0,61920.0,3
2015-12-16,63360.0,69840.0,62640.0,67680.0,67680.0,2
2015-12-17,65520.0,69120.0,65520.0,66960.0,66960.0,1
2015-12-18,68400.0,71280.0,66960.0,71280.0,71280.0,1
2015-12-21,67680.0,74880.0,66960.0,74880.0,74880.0,3
2015-12-22,74880.0,77760.0,73440.0,75600.0,75600.0,2
2015-12-23,74160.0,78480.0,73440.0,75600.0,75600.0,1
2015-12-24,74880.0,79200.0,74880.0,77760.0,77760.0,1
2015-12-28,79200.0,79920.0,73440.0,74160.0,74160.0,3
2015-12-29,74880.0,76320.0,72720.0,74880.0,74880.0,2
2015-12-30,71280.0,72720.0,70560.0,71280.0,71280.0,3
2015-12-31,71280.0,71280.0,69840.0,71280.0,71280.0,4
2016-01-04,71280.0,71280.0,69120.0,69840.0,69840.0,1
2016-01-05,69840.0,71280.0,69840.0,70560.0,70560.0,0
2016-01-06,69840.0,71280.0,65520.0,69120.0,69120.0,1
2016-01-07,67680.0,67680.0,65520.0,66240.0,66240.0,1
2016-01-08,64800.0,64800.0,63360.0,63360.0,63360.0,1
2016-01-11,64080.0,66960.0,63360.0,64800.0,64800.0,2
2016-01-12,65520.0,66960.0,59040.0,63360.0,63360.0,2
2016-01-13,61200.0,61920.0,56160.0,60480.0,60480.0,5
2016-01-14,61200.0,62640.0,56160.0,58320.0,58320.0,4
2016-01-15,57600.0,93600.0,56160.0,93600.0,93600.0,9
2016-01-19,72000.0,111600.0,72000.0,98640.0,98640.0,18
2016-01-20,90000.0,99360.0,84960.0,97200.0,97200.0,7
2016-01-21,95760.0,95760.0,84240.0,92160.0,92160.0,5
2016-01-22,92160.0,95760.0,82800.0,82800.0,82800.0,3
2016-01-25,84240.0,91440.0,82800.0,83520.0,83520.0,2
2016-01-26,82800.0,86400.0,79200.0,82080.0,82080.0,1
2016-01-27,82800.0,84960.0,79200.0,79920.0,79920.0,1
2016-01-28,79920.0,83520.0,79200.0,81360.0,81360.0,1
2016-01-29,79920.0,84240.0,79200.0,79920.0,79920.0,3
2016-02-01,81360.0,84960.0,79200.0,83520.0,83520.0,3
2016-02-02,82080.0,86400.0,82080.0,83520.0,83520.0,1
2016-02-03,79200.0,84240.0,79200.0,82800.0,82800.0,1
2016-02-04,83520.0,86400.0,80640.0,86400.0,86400.0,1
2016-02-05,85680.0,86400.0,83520.0,84240.0,84240.0,0
2016-02-08,84240.0,84240.0,79920.0,81360.0,81360.0,1
2016-02-09,82800.0,85680.0,82800.0,82800.0,82800.0,0
2016-02-10,82800.0,85680.0,82800.0,85680.0,85680.0,0
2016-02-11,84240.0,84240.0,82800.0,84240.0,84240.0,0
2016-02-12,83520.0,84960.0,79920.0,82080.0,82080.0,2
2016-02-16,82800.0,83520.0,79920.0,82080.0,82080.0,1
2016-02-17,81360.0,84960.0,78480.0,82080.0,82080.0,1
2016-02-18,80640.0,80640.0,75600.0,78480.0,78480.0,0
2016-02-19,77040.0,79920.0,74160.0,74160.0,74160.0,1
2016-02-22,75600.0,79200.0,72000.0,76320.0,76320.0,2
2016-02-23,77760.0,79200.0,74160.0,77760.0,77760.0,1
2016-02-24,77040.0,77760.0,74160.0,77040.0,77040.0,1
2016-02-25,76320.0,79200.0,73440.0,79200.0,79200.0,0
2016-02-26,77040.0,78480.0,75600.0,77760.0,77760.0,0
2016-02-29,77040.0,78480.0,75600.0,75600.0,75600.0,0
2016-03-01,77760.0,78480.0,76320.0,77040.0,77040.0,0
2016-03-02,78480.0,79200.0,75600.0,79200.0,79200.0,1
2016-03-03,77040.0,81360.0,74160.0,75600.0,75600.0,2
2016-03-04,74160.0,80640.0,74160.0,76320.0,76320.0,1
2016-03-07,78480.0,81360.0,77040.0,77760.0,77760.0,1
2016-03-08,79200.0,79200.0,72720.0,72720.0,72720.0,2
2016-03-09,72720.0,76320.0,72720.0,74880.0,74880.0,1
2016-03-10,76320.0,76320.0,73440.0,76320.0,76320.0,1
2016-03-11,76320.0,76320.0,72720.0,75600.0,75600.0,1
2016-03-14,75600.0,82800.0,75600.0,82080.0,82080.0,3
2016-03-15,82080.0,82080.0,75600.0,79920.0,79920.0,2
2016-03-16,79200.0,82800.0,77760.0,82800.0,82800.0,1
2016-03-17,81360.0,83520.0,79200.0,81360.0,81360.0,1
2016-03-18,79200.0,80640.0,76320.0,76320.0,76320.0,2
2016-03-21,78480.0,84240.0,77040.0,81360.0,81360.0,3
2016-03-22,79920.0,81360.0,77040.0,77040.0,77040.0,1
2016-03-23,79200.0,86400.0,77040.0,86400.0,86400.0,6
2016-03-24,87840.0,110880.0,87840.0,97200.0,97200.0,36
2016-03-28,49680.0,54000.0,43920.0,51120.0,51120.0,40
2016-03-29,51840.0,51840.0,43920.0,44640.0,44640.0,24
2016-03-30,47520.0,47520.0,43200.0,44640.0,44640.0,11
2016-03-31,43920.0,44640.0,41760.0,41760.0,41760.0,6
2016-04-01,43200.0,43200.0,40320.0,41040.0,41040.0,7
2016-04-04,42480.0,43200.0,40320.0,42480.0,42480.0,4
2016-04-05,43200.0,46800.0,42480.0,43200.0,43200.0,4
2016-04-06,44640.0,46080.0,43200.0,43200.0,43200.0,8
2016-04-07,44640.0,45360.0,43200.0,43920.0,43920.0,3
2016-04-08,44640.0,45360.0,41040.0,43920.0,43920.0,6
2016-04-11,44640.0,45360.0,41760.0,43920.0,43920.0,3
2016-04-12,45360.0,45360.0,43200.0,44640.0,44640.0,4
2016-04-13,43200.0,44640.0,41760.0,43920.0,43920.0,5
2016-04-14,43200.0,43920.0,42480.0,43200.0,43200.0,8
2016-04-15,43200.0,43200.0,41760.0,42480.0,42480.0,7
2016-04-18,42480.0,42480.0,41040.0,41040.0,41040.0,7
2016-04-19,41760.0,41760.0,39600.0,40320.0,40320.0,5
2016-04-20,41040.0,41040.0,40320.0,41040.0,41040.0,3
2016-04-21,41040.0,41040.0,39600.0,41040.0,41040.0,4
2016-04-22,40320.0,41040.0,35280.0,38160.0,38160.0,9
2016-04-25,38160.0,38880.0,36720.0,37440.0,37440.0,3
2016-04-26,37440.0,41040.0,37440.0,39600.0,39600.0,5
2016-04-27,40320.0,41040.0,37440.0,38880.0,38880.0,7
2016-04-28,40320.0,41040.0,37440.0,38880.0,38880.0,5
2016-04-29,39600.0,41040.0,38160.0,38160.0,38160.0,4
2016-05-02,38160.0,38160.0,34560.0,36000.0,36000.0,9
2016-05-03,36000.0,36000.0,33120.0,33840.0,33840.0,5
2016-05-04,33840.0,38160.0,33120.0,34560.0,34560.0,3
2016-05-05,35280.0,36720.0,33840.0,33840.0,33840.0,3
2016-05-06,34560.0,34560.0,32400.0,33120.0,33120.0,5
2016-05-09,33120.0,36000.0,32400.0,34560.0,34560.0,2
2016-05-10,35280.0,35280.0,31680.0,32400.0,32400.0,3
2016-05-11,31680.0,32400.0,29520.0,30240.0,30240.0,7
2016-05-12,29520.0,33120.0,28080.0,28080.0,28080.0,4
2016-05-13,28800.0,30240.0,28080.0,29520.0,29520.0,3
2016-05-16,30240.0,31680.0,28080.0,28800.0,28800.0,3
2016-05-17,28800.0,28800.0,23040.0,27360.0,27360.0,4
2016-05-18,28080.0,28800.0,23760.0,26640.0,26640.0,4
2016-05-19,28800.0,28800.0,23760.0,26640.0,26640.0,3
2016-05-20,25920.0,28080.0,25920.0,28080.0,28080.0,5
2016-05-23,28080.0,30960.0,28080.0,30240.0,30240.0,7
2016-05-24,30960.0,31680.0,28800.0,30240.0,30240.0,4
2016-05-25,30240.0,34560.0,29520.0,33120.0,33120.0,5
2016-05-26,32400.0,34560.0,30960.0,30960.0,30960.0,3
2016-05-27,29520.0,31680.0,28080.0,28800.0,28800.0,2
2016-05-31,30240.0,31680.0,29520.0,31680.0,31680.0,3
2016-06-01,31680.0,33840.0,30960.0,33120.0,33120.0,2
2016-06-02,32400.0,33840.0,30960.0,31680.0,31680.0,1
2016-06-03,32400.0,33120.0,30960.0,31680.0,31680.0,5
2016-06-06,29520.0,32400.0,29520.0,32400.0,32400.0,2
2016-06-07,32400.0,32400.0,30240.0,30240.0,30240.0,2
2016-06-08,30240.0,32400.0,29520.0,29520.0,29520.0,2
2016-06-09,29520.0,32400.0,29520.0,30240.0,30240.0,3
2016-06-10,30960.0,32400.0,29520.0,30240.0,30240.0,2
2016-06-13,30240.0,32400.0,28800.0,29520.0,29520.0,5
2016-06-14,29520.0,31680.0,28800.0,29520.0,29520.0,2
2016-06-15,30960.0,30960.0,28800.0,30240.0,30240.0,1
2016-06-16,29520.0,30960.0,29520.0,29520.0,29520.0,2
2016-06-17,30240.0,31680.0,26640.0,31680.0,31680.0,2
2016-06-20,30240.0,31680.0,28800.0,29520.0,29520.0,5
2016-06-21,29520.0,30960.0,28800.0,29520.0,29520.0,1
2016-06-22,29520.0,34560.0,28800.0,34560.0,34560.0,19
2016-06-23,36000.0,43200.0,33120.0,33840.0,33840.0,88
2016-06-24,32400.0,33840.0,28800.0,28800.0,28800.0,21
2016-06-27,29520.0,30960.0,25920.0,26640.0,26640.0,14
2016-06-28,28080.0,28800.0,25920.0,26640.0,26640.0,7
2016-06-29,27360.0,29520.0,26640.0,27360.0,27360.0,8
2016-06-30,27360.0,29520.0,25920.0,28800.0,28800.0,9
2016-07-01,29520.0,29520.0,27360.0,28080.0,28080.0,4
2016-07-05,28080.0,30240.0,27360.0,28800.0,28800.0,2
2016-07-06,28800.0,29520.0,27360.0,28800.0,28800.0,3
2016-07-07,28800.0,28800.0,27360.0,27360.0,27360.0,3
2016-07-08,27360.0,28080.0,27360.0,28080.0,28080.0,2
2016-07-11,28800.0,28800.0,27360.0,28080.0,28080.0,5
2016-07-12,28080.0,28800.0,27360.0,27360.0,27360.0,5
2016-07-13,27360.0,28080.0,25920.0,26640.0,26640.0,6
2016-07-14,26640.0,26640.0,25200.0,25200.0,25200.0,11
2016-07-15,25920.0,25920.0,25200.0,25920.0,25920.0,3
2016-07-18,25920.0,25920.0,24480.0,24480.0,24480.0,7
2016-07-19,24480.0,25200.0,24480.0,25200.0,25200.0,3
2016-07-20,24480.0,24480.0,23040.0,24480.0,24480.0,2
2016-07-21,25200.0,25200.0,24480.0,24480.0,24480.0,1
2016-07-22,23760.0,23760.0,23040.0,23760.0,23760.0,4
2016-07-25,24480.0,26640.0,21600.0,25920.0,25920.0,8
2016-07-26,25920.0,25920.0,21600.0,25200.0,25200.0,9
2016-07-27,25200.0,25200.0,21600.0,23040.0,23040.0,6
2016-07-28,22320.0,24480.0,21600.0,23040.0,23040.0,12
2016-07-29,23760.0,23760.0,21600.0,22320.0,22320.0,6
2016-08-01,23760.0,23760.0,22320.0,23040.0,23040.0,3
2016-08-02,23040.0,23760.0,22320.0,22320.0,22320.0,3
2016-08-03,22320.0,25200.0,22320.0,23760.0,23760.0,12
2016-08-04,25200.0,28080.0,23760.0,25920.0,25920.0,35
2016-08-05,25200.0,25920.0,20160.0,22320.0,22320.0,22
2016-08-08,23040.0,23040.0,21600.0,22320.0,22320.0,5
2016-08-09,23040.0,23040.0,21600.0,22320.0,22320.0,3
2016-08-10,24480.0,24480.0,21600.0,22320.0,22320.0,17
2016-08-11,21600.0,23040.0,21600.0,21600.0,21600.0,7
2016-08-12,21600.0,23040.0,20880.0,21600.0,21600.0,4
2016-08-15,21600.0,22320.0,21600.0,21600.0,21600.0,5
2016-08-16,22320.0,22320.0,20880.0,21600.0,21600.0,4
2016-08-17,21600.0,23040.0,21600.0,21600.0,21600.0,11
2016-08-18,21600.0,22320.0,21600.0,21600.0,21600.0,6
2016-08-19,22320.0,25920.0,21600.0,23760.0,23760.0,26
2016-08-22,24480.0,28800.0,23040.0,27360.0,27360.0,59
2016-08-23,28080.0,28080.0,25200.0,25920.0,25920.0,14
2016-08-24,25920.0,27360.0,24480.0,25200.0,25200.0,15
2016-08-25,25200.0,25200.0,24480.0,24480.0,24480.0,6
2016-08-26,24480.0,25920.0,23760.0,24480.0,24480.0,5
2016-08-29,25200.0,25200.0,24480.0,25200.0,25200.0,2
2016-08-30,24480.0,26640.0,24480.0,25200.0,25200.0,5
2016-08-31,25920.0,26640.0,24480.0,25200.0,25200.0,8
2016-09-01,25200.0,25200.0,24480.0,24480.0,24480.0,6
2016-09-02,23760.0,24480.0,23760.0,23760.0,23760.0,4
2016-09-06,23760.0,25200.0,22320.0,22320.0,22320.0,6
2016-09-07,25920.0,25920.0,23040.0,23040.0,23040.0,7
2016-09-08,24480.0,24480.0,22320.0,23760.0,23760.0,12
2016-09-09,23760.0,24480.0,23040.0,23760.0,23760.0,6
2016-09-12,24480.0,25200.0,23040.0,24480.0,24480.0,9
2016-09-13,23760.0,27360.0,23760.0,25920.0,25920.0,17
2016-09-14,25920.0,29520.0,25920.0,28080.0,28080.0,22
2016-09-15,28800.0,35280.0,27360.0,31680.0,31680.0,76
2016-09-16,31680.0,32400.0,28800.0,28800.0,28800.0,18
2016-09-19,28800.0,30240.0,27360.0,28800.0,28800.0,9
2016-09-20,28800.0,30240.0,27360.0,28800.0,28800.0,12
2016-09-21,28800.0,30240.0,28080.0,29520.0,29520.0,11
2016-09-22,28800.0,30960.0,28080.0,28800.0,28800.0,9
2016-09-23,25920.0,25920.0,23760.0,25200.0,25200.0,37
2016-09-26,25200.0,26640.0,24480.0,24480.0,24480.0,8
2016-09-27,24480.0,26640.0,24480.0,25200.0,25200.0,5
2016-09-28,25200.0,25920.0,24480.0,24480.0,24480.0,5
2016-09-29,24480.0,25200.0,24480.0,24480.0,24480.0,7
2016-09-30,24480.0,25200.0,23040.0,24480.0,24480.0,4
2016-10-03,24480.0,25920.0,23760.0,24480.0,24480.0,4
2016-10-04,25200.0,25920.0,23760.0,25920.0,25920.0,8
2016-10-05,25200.0,25920.0,24480.0,25200.0,25200.0,4
2016-10-06,25920.0,26640.0,24480.0,25920.0,25920.0,3
2016-10-07,25200.0,25920.0,23760.0,25920.0,25920.0,4
2016-10-10,25920.0,25920.0,23760.0,25200.0,25200.0,3
2016-10-11,25200.0,25920.0,23760.0,25200.0,25200.0,3
2016-10-12,24480.0,25200.0,23760.0,23760.0,23760.0,4
2016-10-13,23760.0,24480.0,23760.0,24480.0,24480.0,3
2016-10-14,24480.0,24480.0,23040.0,23040.0,23040.0,6
2016-10-17,23760.0,24480.0,22320.0,23760.0,23760.0,7
2016-10-18,23040.0,24480.0,22320.0,23760.0,23760.0,4
2016-10-19,23040.0,25920.0,23040.0,24480.0,24480.0,10
2016-10-20,23760.0,24480.0,23040.0,23760.0,23760.0,3
2016-10-21,23040.0,23040.0,18720.0,19440.0,19440.0,37
2016-10-24,21456.0,21456.0,15336.0,17208.0,17208.0,29
2016-10-25,17208.0,18936.0,16992.0,17640.0,17640.0,10
2016-10-26,18432.0,18792.0,17280.0,17856.0,17856.0,12
2016-10-27,17856.0,17856.0,16560.0,16992.0,16992.0,8
2016-10-28,17136.0,17136.0,16200.0,16200.0,16200.0,8
2016-10-31,16056.0,16200.0,14472.0,14472.0,14472.0,9
2016-11-01,14616.0,14616.0,13392.0,13464.0,13464.0,15
2016-11-02,12744.0,13392.0,11160.0,11736.0,11736.0,30
2016-11-03,11952.0,11952.0,10656.0,11232.0,11232.0,10
2016-11-04,10872.0,12312.0,10872.0,11880.0,11880.0,6
2016-11-07,12384.0,12888.0,11880.0,12384.0,12384.0,9
2016-11-08,12168.0,12816.0,11520.0,11880.0,11880.0,6
2016-11-09,12888.0,13968.0,12024.0,13896.0,13896.0,25
2016-11-10,13896.0,15696.0,12888.0,14040.0,14040.0,25
2016-11-11,13752.0,15840.0,13752.0,15264.0,15264.0,17
2016-11-14,15480.0,15984.0,15264.0,15408.0,15408.0,16
2016-11-15,15120.0,15336.0,13824.0,14112.0,14112.0,12
2016-11-16,13608.0,14904.0,13392.0,13752.0,13752.0,7
2016-11-17,13968.0,14832.0,13680.0,14544.0,14544.0,7
2016-11-18,12600.0,12888.0,10944.0,12312.0,12312.0,48
2016-11-21,12816.0,12816.0,11016.0,11736.0,11736.0,9
2016-11-22,11664.0,12600.0,10800.0,11232.0,11232.0,19
2016-11-23,11232.0,11592.0,10800.0,11520.0,11520.0,7
2016-11-25,11520.0,11520.0,10800.0,11016.0,11016.0,6
2016-11-28,11088.0,11088.0,9216.0,10224.0,10224.0,15
2016-11-29,9864.0,10872.0,9792.0,9936.0,9936.0,6
2016-11-30,9936.0,10728.0,9720.0,10224.0,10224.0,10
2016-12-01,10224.0,10440.0,9000.0,9072.0,9072.0,18
2016-12-02,9792.0,9792.0,9144.0,9144.0,9144.0,6
2016-12-05,9144.0,9792.0,9000.0,9288.0,9288.0,18
2016-12-06,9360.0,9648.0,8928.0,9288.0,9288.0,19
2016-12-07,9288.0,9360.0,7920.0,8928.0,8928.0,21
2016-12-08,8928.0,8928.0,8280.0,8640.0,8640.0,15
2016-12-09,8352.0,8856.0,8208.0,8208.0,8208.0,16
2016-12-12,8280.0,12960.0,7920.0,12888.0,12888.0,350
2016-12-13,12888.0,12960.0,9720.0,10296.0,10296.0,228
2016-12-14,10152.0,10440.0,9360.0,10080.0,10080.0,39
2016-12-15,10080.0,10296.0,9432.0,9648.0,9648.0,9
2016-12-16,9576.0,10296.0,9288.0,9432.0,9432.0,21
2016-12-19,9504.0,10008.0,9288.0,9288.0,9288.0,11
2016-12-20,9360.0,10008.0,9288.0,9504.0,9504.0,10
2016-12-21,9432.0,9432.0,8640.0,8856.0,8856.0,20
2016-12-22,8640.0,8784.0,8352.0,8568.0,8568.0,18
2016-12-23,8568.0,9720.0,8496.0,9504.0,9504.0,21
2016-12-27,9504.0,9864.0,8712.0,8784.0,8784.0,21
2016-12-28,8712.0,9360.0,8568.0,9144.0,9144.0,12
2016-12-29,9072.0,9648.0,9000.0,9216.0,9216.0,11
2016-12-30,9288.0,9360.0,9072.0,9360.0,9360.0,11
2017-01-03,9648.0,11520.0,9432.0,9864.0,9864.0,39
2017-01-04,9864.0,10080.0,9576.0,9720.0,9720.0,18
2017-01-05,9720.0,9720.0,9072.0,9216.0,9216.0,22
2017-01-06,9072.0,9360.0,9000.0,9144.0,9144.0,19
2017-01-09,8784.0,9576.0,8568.0,9360.0,9360.0,26
2017-01-10,9432.0,11376.0,9432.0,11304.0,11304.0,67
2017-01-11,11160.0,13680.0,10152.0,12744.0,12744.0,211
2017-01-12,12600.0,12744.0,11160.0,11376.0,11376.0,48
2017-01-13,11376.0,11376.0,10224.0,10800.0,10800.0,28
2017-01-17,10872.0,11088.0,10800.0,10872.0,10872.0,11
2017-01-18,13680.0,29304.0,13032.0,20592.0,20592.0,7238
2017-01-19,20448.0,20448.0,16560.0,17208.0,17208.0,535
2017-01-20,17136.0,20376.0,15120.0,19584.0,19584.0,346
2017-01-23,19584.0,19728.0,17856.0,18216.0,18216.0,104
2017-01-24,17928.0,18144.0,16560.0,16560.0,16560.0,116
2017-01-25,16416.0,17496.0,16200.0,17208.0,17208.0,37
2017-01-26,17280.0,18792.0,16848.0,18144.0,18144.0,97
2017-01-27,18360.0,18360.0,16920.0,17136.0,17136.0,46
2017-01-30,16992.0,17784.0,16920.0,16920.0,16920.0,32
2017-01-31,16704.0,18792.0,16344.0,17496.0,17496.0,124
2017-02-01,17784.0,18504.0,16920.0,17424.0,17424.0,54
2017-02-02,17568.0,20376.0,17496.0,18432.0,18432.0,289
2017-02-03,18936.0,19440.0,17496.0,18000.0,18000.0,58
2017-02-06,17928.0,18144.0,17496.0,17640.0,17640.0,19
2017-02-07,18000.0,19368.0,17136.0,18936.0,18936.0,106
2017-02-08,19440.0,19800.0,18360.0,19512.0,19512.0,55
2017-02-09,19800.0,19800.0,17424.0,19440.0,19440.0,67
2017-02-10,19224.0,22968.0,19224.0,19728.0,19728.0,191
2017-02-13,19512.0,20376.0,18792.0,19584.0,19584.0,51
2017-02-14,19728.0,19728.0,19080.0,19368.0,19368.0,19
2017-02-15,19080.0,20520.0,19080.0,20016.0,20016.0,27
2017-02-16,20160.0,22680.0,20016.0,20808.0,20808.0,68
2017-02-17,20880.0,25128.0,20448.0,23112.0,23112.0,336
2017-02-21,23688.0,24192.0,21024.0,22320.0,22320.0,69
2017-02-22,21600.0,22968.0,21312.0,22608.0,22608.0,44
2017-02-23,22824.0,22824.0,21312.0,22176.0,22176.0,19
2017-02-24,22248.0,22248.0,21384.0,22104.0,22104.0,17
2017-02-27,21960.0,23400.0,21600.0,22680.0,22680.0,33
2017-02-28,22392.0,22392.0,20520.0,20880.0,20880.0,38
2017-03-01,21096.0,21744.0,20664.0,20736.0,20736.0,23
2017-03-02,20592.0,20880.0,19152.0,19728.0,19728.0,33
2017-03-03,20088.0,20088.0,18720.0,19080.0,19080.0,31
2017-03-06,19296.0,20808.0,19080.0,19368.0,19368.0,49
2017-03-07,19440.0,20160.0,19296.0,19944.0,19944.0,12
2017-03-08,20088.0,20160.0,19584.0,20016.0,20016.0,46
2017-03-09,24120.0,24552.0,19584.0,20160.0,20160.0,183
2017-03-10,20304.0,20304.0,18792.0,19008.0,19008.0,54
2017-03-13,19080.0,21456.0,18648.0,20376.0,20376.0,69
2017-03-14,18576.0,20088.0,11880.0,17784.0,17784.0,103
2017-03-15,17424.0,17424.0,14904.0,15840.0,15840.0,79
2017-03-16,16488.0,16488.0,15120.0,16056.0,16056.0,16
2017-03-17,16344.0,16344.0,15624.0,16056.0,16056.0,11
2017-03-20,15912.0,15984.0,14040.0,15336.0,15336.0,16
2017-03-21,15840.0,15984.0,15192.0,15984.0,15984.0,15
2017-03-22,15768.0,17280.0,15624.0,16272.0,16272.0,18
2017-03-23,16128.0,17136.0,15840.0,16488.0,16488.0,7
2017-03-24,17280.0,17280.0,16200.0,16200.0,16200.0,9
2017-03-27,15696.0,15984.0,15696.0,15984.0,15984.0,6
2017-03-28,15840.0,16200.0,15120.0,15408.0,15408.0,6
2017-03-29,15408.0,16128.0,15264.0,15912.0,15912.0,5
2017-03-30,15768.0,16344.0,15480.0,16128.0,16128.0,8
2017-03-31,15120.0,15984.0,15120.0,15192.0,15192.0,28
2017-04-03,15192.0,15408.0,15192.0,15192.0,15192.0,18
2017-04-04,15192.0,15480.0,14400.0,14832.0,14832.0,17
2017-04-05,14904.0,14976.0,13536.0,13536.0,13536.0,19
2017-04-06,13464.0,13752.0,12744.0,13032.0,13032.0,10
2017-04-07,12888.0,13464.0,12240.0,12240.0,12240.0,14
2017-04-10,12024.0,12744.0,11880.0,11952.0,11952.0,14
2017-04-11,12024.0,13320.0,12024.0,12960.0,12960.0,11
2017-04-12,12960.0,17640.0,12960.0,15840.0,15840.0,88
2017-04-13,15480.0,15480.0,13680.0,13968.0,13968.0,26
2017-04-17,13680.0,13680.0,10872.0,11088.0,11088.0,50
2017-04-18,11232.0,12240.0,11232.0,11520.0,11520.0,44
2017-04-19,11448.0,11520.0,10872.0,11088.0,11088.0,22
2017-04-20,11448.0,11448.0,9720.0,9864.0,9864.0,80
2017-04-21,9216.0,9288.0,8424.0,8640.0,8640.0,310
2017-04-24,9360.0,9360.0,8424.0,8784.0,8784.0,34
2017-04-25,8784.0,8784.0,8208.0,8352.0,8352.0,41
2017-04-26,9144.0,9288.0,8136.0,8136.0,8136.0,519
2017-04-27,8280.0,8424.0,7704.0,7992.0,7992.0,82
2017-04-28,7920.0,8136.0,7704.0,8136.0,8136.0,78
2017-05-01,8136.0,8352.0,7848.0,8136.0,8136.0,80
2017-05-02,7992.0,8136.0,6840.0,7272.0,7272.0,203
2017-05-03,7272.0,8928.0,7272.0,8352.0,8352.0,263
2017-05-04,8352.0,8568.0,7776.0,8352.0,8352.0,78
2017-05-05,8280.0,8352.0,7560.0,8280.0,8280.0,68
2017-05-08,8208.0,8280.0,7632.0,7776.0,7776.0,35
2017-05-09,7776.0,7992.0,7632.0,7992.0,7992.0,37
2017-05-10,8064.0,8568.0,7776.0,8496.0,8496.0,66
2017-05-11,8568.0,9144.0,8352.0,9144.0,9144.0,269
2017-05-12,8352.0,8568.0,7776.0,7920.0,7920.0,97
2017-05-15,7920.0,7992.0,7560.0,7848.0,7848.0,30
2017-05-16,7704.0,7848.0,7416.0,7848.0,7848.0,31
2017-05-17,7776.0,7776.0,7200.0,7416.0,7416.0,38
2017-05-18,7344.0,7344.0,7128.0,7272.0,7272.0,36
2017-05-19,7272.0,7704.0,7200.0,7416.0,7416.0,30
2017-05-22,7416.0,7704.0,7200.0,7488.0,7488.0,20
2017-05-23,7416.0,7416.0,7128.0,7272.0,7272.0,24
2017-05-24,7200.0,7200.0,6840.0,6984.0,6984.0,33
2017-05-25,6984.0,6984.0,6192.0,6912.0,6912.0,33
2017-05-26,6696.0,7128.0,6552.0,6840.0,6840.0,10
2017-05-30,6696.0,7128.0,6480.0,6624.0,6624.0,12
2017-05-31,6552.0,6696.0,6336.0,6552.0,6552.0,8
2017-06-01,6624.0,6696.0,6408.0,6480.0,6480.0,16
2017-06-02,6480.0,6840.0,6264.0,6768.0,6768.0,22
2017-06-05,6768.0,6984.0,6552.0,6768.0,6768.0,23
2017-06-06,6696.0,6768.0,6264.0,6552.0,6552.0,10
2017-06-07,6480.0,6768.0,6264.0,6480.0,6480.0,11
2017-06-08,6552.0,8640.0,6408.0,8136.0,8136.0,325
2017-06-09,7632.0,8568.0,7344.0,7848.0,7848.0,143
2017-06-12,7776.0,7776.0,6984.0,7776.0,7776.0,39
2017-06-13,7632.0,7848.0,7200.0,7416.0,7416.0,21
2017-06-14,7416.0,7560.0,6984.0,7416.0,7416.0,17
2017-06-15,7272.0,7488.0,7128.0,7272.0,7272.0,14
2017-06-16,7200.0,8280.0,7200.0,7776.0,7776.0,119
2017-06-19,7776.0,7848.0,7344.0,7632.0,7632.0,24
2017-06-20,7632.0,7704.0,7200.0,7416.0,7416.0,24
2017-06-21,7344.0,7560.0,6840.0,7272.0,7272.0,29
2017-06-22,7200.0,7920.0,7056.0,7848.0,7848.0,61
2017-06-23,7848.0,9144.0,7776.0,8352.0,8352.0,275
2017-06-26,8208.0,8280.0,7560.0,7704.0,7704.0,60
2017-06-27,7704.0,7992.0,7416.0,7848.0,7848.0,18
2017-06-28,7704.0,7992.0,7488.0,7920.0,7920.0,23
2017-06-29,7848.0,8064.0,7704.0,7848.0,7848.0,28
2017-06-30,7848.0,8856.0,7848.0,8136.0,8136.0,119
2017-07-03,8496.0,8568.0,7992.0,8136.0,8136.0,17
2017-07-05,8208.0,8280.0,7704.0,7920.0,7920.0,27
2017-07-06,7848.0,8064.0,7704.0,8064.0,8064.0,17
2017-07-07,8064.0,8208.0,7776.0,7848.0,7848.0,25
2017-07-10,7920.0,8856.0,7776.0,8568.0,8568.0,127
2017-07-11,8784.0,9864.0,8064.0,8064.0,8064.0,387
2017-07-12,7920.0,8208.0,7560.0,7560.0,7560.0,68
2017-07-13,7632.0,7848.0,7488.0,7704.0,7704.0,29
2017-07-14,7632.0,7776.0,7560.0,7704.0,7704.0,17
2017-07-17,7632.0,7848.0,7200.0,7560.0,7560.0,36
2017-07-18,7416.0,7704.0,7416.0,7560.0,7560.0,17
2017-07-19,7416.0,8136.0,7416.0,7848.0,7848.0,67
2017-07-20,7776.0,8064.0,7704.0,7920.0,7920.0,17
2017-07-21,7992.0,7992.0,7632.0,7776.0,7776.0,13
2017-07-24,7776.0,8208.0,7488.0,8136.0,8136.0,21
2017-07-25,8136.0,8712.0,7776.0,8064.0,8064.0,51
2017-07-26,8136.0,9360.0,8136.0,9072.0,9072.0,232
2017-07-27,9072.0,9288.0,8352.0,8424.0,8424.0,77
2017-07-28,8568.0,9288.0,8352.0,9216.0,9216.0,51
2017-07-31,9360.0,9936.0,9360.0,9864.0,9864.0,132
2017-08-01,9936.0,10440.0,9288.0,10296.0,10296.0,190
2017-08-02,10224.0,10440.0,9000.0,9576.0,9576.0,92
2017-08-03,9360.0,10080.0,8784.0,9720.0,9720.0,63
2017-08-04,9648.0,9792.0,9216.0,9792.0,9792.0,26
2017-08-07,9720.0,10152.0,9288.0,9864.0,9864.0,28
2017-08-08,9792.0,9936.0,9504.0,9720.0,9720.0,28
2017-08-09,9648.0,9792.0,9432.0,9576.0,9576.0,38
2017-08-10,9288.0,9792.0,9216.0,9432.0,9432.0,21
2017-08-11,9432.0,9720.0,9288.0,9720.0,9720.0,14
2017-08-14,9792.0,9864.0,9504.0,9720.0,9720.0,31
2017-08-15,9792.0,9792.0,9432.0,9720.0,9720.0,13
2017-08-16,9720.0,9936.0,9432.0,9792.0,9792.0,24
2017-08-17,9792.0,11016.0,9504.0,10800.0,10800.0,149
2017-08-18,10944.0,11088.0,10224.0,10728.0,10728.0,80
2017-08-21,10800.0,10800.0,10224.0,10656.0,10656.0,25
2017-08-22,10512.0,10656.0,10296.0,10656.0,10656.0,37
2017-08-23,10656.0,11304.0,10440.0,10872.0,10872.0,64
2017-08-24,11016.0,12384.0,10800.0,11592.0,11592.0,123
2017-08-25,11664.0,11880.0,10656.0,11160.0,11160.0,63
2017-08-28,11304.0,11304.0,10440.0,10656.0,10656.0,34
2017-08-29,10800.0,11016.0,10440.0,10800.0,10800.0,37
2017-08-30,10944.0,11808.0,10728.0,11448.0,11448.0,61
2017-08-31,12384.0,12528.0,11016.0,11736.0,11736.0,184
2017-09-01,11736.0,12024.0,11088.0,11232.0,11232.0,46
2017-09-05,11232.0,11232.0,10800.0,11232.0,11232.0,33
2017-09-06,11304.0,12240.0,10512.0,11232.0,11232.0,50
2017-09-07,11520.0,12024.0,11016.0,11808.0,11808.0,38
2017-09-08,11664.0,12744.0,11376.0,12024.0,12024.0,91
2017-09-11,12240.0,12528.0,11592.0,11880.0,11880.0,46
2017-09-12,11952.0,12312.0,11664.0,12240.0,12240.0,29
2017-09-13,12456.0,13032.0,12024.0,12816.0,12816.0,58
2017-09-14,12888.0,13248.0,12456.0,12672.0,12672.0,41
2017-09-15,12528.0,13248.0,12240.0,13248.0,13248.0,36
2017-09-18,13320.0,13464.0,12600.0,12744.0,12744.0,26
2017-09-19,12888.0,12888.0,12528.0,12600.0,12600.0,28
2017-09-20,12600.0,12816.0,12312.0,12384.0,12384.0,29
2017-09-21,12528.0,12528.0,11592.0,11952.0,11952.0,37
2017-09-22,11736.0,12096.0,11160.0,12096.0,12096.0,45
2017-09-25,12024.0,12672.0,11880.0,12456.0,12456.0,27
2017-09-26,12600.0,12960.0,12024.0,12240.0,12240.0,35
2017-09-27,12024.0,12528.0,12024.0,12528.0,12528.0,13
2017-09-28,12528.0,12600.0,12096.0,12168.0,12168.0,17
2017-09-29,12240.0,12384.0,12168.0,12312.0,12312.0,7
2017-10-02,12384.0,13536.0,12384.0,12888.0,12888.0,39
2017-10-03,13392.0,13464.0,12816.0,13320.0,13320.0,53
2017-10-04,13464.0,14904.0,13320.0,14760.0,14760.0,185
2017-10-05,15120.0,15408.0,14112.0,14688.0,14688.0,90
2017-10-06,14544.0,14760.0,14112.0,14616.0,14616.0,22
2017-10-09,14616.0,14760.0,13680.0,13896.0,13896.0,39
2017-10-10,13968.0,14328.0,13032.0,13392.0,13392.0,31
2017-10-11,13320.0,14184.0,13320.0,13824.0,13824.0,31
2017-10-12,14328.0,14328.0,13320.0,13752.0,13752.0,31
2017-10-13,13680.0,14328.0,13320.0,13320.0,13320.0,22
2017-10-16,13320.0,14040.0,12600.0,12816.0,12816.0,46
2017-10-17,12672.0,13464.0,12600.0,12888.0,12888.0,26
2017-10-18,12960.0,14256.0,12672.0,13680.0,13680.0,45
2017-10-19,13752.0,13752.0,12960.0,13104.0,13104.0,18
2017-10-20,13104.0,13248.0,12816.0,13104.0,13104.0,15
2017-10-23,12960.0,13464.0,12744.0,12816.0,12816.0,18
2017-10-24,12888.0,13032.0,12456.0,12672.0,12672.0,19
2017-10-25,12456.0,12600.0,11592.0,12096.0,12096.0,61
2017-10-26,12168.0,12240.0,11880.0,12096.0,12096.0,25
2017-10-27,12024.0,12168.0,11592.0,12024.0,12024.0,23
2017-10-30,11952.0,12168.0,11664.0,11736.0,11736.0,34
2017-10-31,11736.0,12240.0,11664.0,12024.0,12024.0,23
2017-11-01,12168.0,12312.0,11952.0,12240.0,12240.0,10
2017-11-02,12240.0,12312.0,11808.0,12168.0,12168.0,38
2017-11-03,11880.0,11880.0,8640.0,11304.0,11304.0,52
2017-11-06,11016.0,11736.0,10872.0,11664.0,11664.0,11
2017-11-07,11592.0,12888.0,11520.0,11880.0,11880.0,24
2017-11-08,11808.0,11880.0,11160.0,11448.0,11448.0,16
2017-11-09,11520.0,11952.0,11448.0,11664.0,11664.0,6
2017-11-10,11592.0,11880.0,11304.0,11376.0,11376.0,11
2017-11-13,11376.0,11736.0,11304.0,11448.0,11448.0,10
2017-11-14,11448.0,11952.0,11448.0,11880.0,11880.0,14
2017-11-15,11592.0,11808.0,11304.0,11736.0,11736.0,9
2017-11-16,11592.0,11736.0,11448.0,11664.0,11664.0,10
2017-11-17,11736.0,11952.0,11376.0,11520.0,11520.0,10
2017-11-20,11448.0,11880.0,11160.0,11664.0,11664.0,22
2017-11-21,11592.0,11808.0,11376.0,11448.0,11448.0,19
2017-11-22,11520.0,11736.0,11376.0,11520.0,11520.0,11
2017-11-24,11520.0,11808.0,11304.0,11592.0,11592.0,5
2017-11-27,11520.0,11808.0,11304.0,11520.0,11520.0,5
2017-11-28,11448.0,11664.0,11232.0,11592.0,11592.0,15
2017-11-29,11808.0,11808.0,11232.0,11520.0,11520.0,9
2017-11-30,11448.0,11520.0,11160.0,11376.0,11376.0,8
2017-12-01,11160.0,11520.0,10944.0,11520.0,11520.0,13
2017-12-04,11520.0,12240.0,11088.0,12096.0,12096.0,33
2017-12-05,12024.0,12960.0,11736.0,12744.0,12744.0,50
2017-12-06,13176.0,13176.0,12240.0,12600.0,12600.0,26
2017-12-07,12528.0,13032.0,12168.0,12672.0,12672.0,23
2017-12-08,12816.0,13032.0,12384.0,12600.0,12600.0,20
2017-12-11,12528.0,12816.0,12168.0,12528.0,12528.0,19
2017-12-12,12384.0,12744.0,12168.0,12528.0,12528.0,29
2017-12-13,12456.0,12672.0,12240.0,12456.0,12456.0,17
2017-12-14,12384.0,12960.0,12240.0,12240.0,12240.0,9
2017-12-15,12312.0,12600.0,12096.0,12528.0,12528.0,27
2017-12-18,12456.0,13248.0,12312.0,12960.0,12960.0,44
2017-12-19,13104.0,13248.0,12744.0,12816.0,12816.0,19
2017-12-20,12888.0,13248.0,12744.0,13032.0,13032.0,16
2017-12-21,12888.0,13248.0,12816.0,13104.0,13104.0,22
2017-12-22,13104.0,13536.0,12744.0,13104.0,13104.0,42
2017-12-26,13248.0,13464.0,13032.0,13248.0,13248.0,24
2017-12-27,13248.0,13536.0,12888.0,13248.0,13248.0,33
2017-12-28,13320.0,13896.0,12960.0,13464.0,13464.0,53
2017-12-29,13320.0,13536.0,13104.0,13248.0,13248.0,31
2018-01-02,13320.0,14688.0,13176.0,14544.0,14544.0,128
2018-01-03,14760.0,16128.0,14544.0,15192.0,15192.0,129
2018-01-04,15408.0,16848.0,14400.0,15192.0,15192.0,216
2018-01-05,16920.0,18504.0,16560.0,16632.0,16632.0,312
2018-01-08,17064.0,17928.0,15120.0,15624.0,15624.0,113
2018-01-09,15768.0,16416.0,15480.0,15624.0,15624.0,60
2018-01-10,15840.0,16920.0,15480.0,16848.0,16848.0,49
2018-01-11,17208.0,17496.0,16344.0,17352.0,17352.0,58
2018-01-12,17568.0,20088.0,17496.0,19728.0,19728.0,201
2018-01-16,19944.0,20952.0,18144.0,18792.0,18792.0,135
2018-01-17,18144.0,19008.0,17928.0,18360.0,18360.0,71
2018-01-18,18216.0,19584.0,18144.0,19080.0,19080.0,46
2018-01-19,19296.0,19440.0,18792.0,19080.0,19080.0,48
2018-01-22,19224.0,19224.0,18432.0,19008.0,19008.0,43
2018-01-23,18792.0,18936.0,18360.0,18504.0,18504.0,44
2018-01-24,18720.0,18720.0,17352.0,17784.0,17784.0,68
2018-01-25,17784.0,17784.0,15840.0,16704.0,16704.0,124
2018-01-26,16560.0,16848.0,16200.0,16704.0,16704.0,65
2018-01-29,16848.0,18360.0,16704.0,18216.0,18216.0,105
2018-01-30,18000.0,18144.0,16992.0,17424.0,17424.0,128
2018-01-31,17352.0,17352.0,16344.0,16488.0,16488.0,60
2018-02-01,16560.0,16920.0,16272.0,16344.0,16344.0,51
2018-02-02,16272.0,17136.0,15912.0,15984.0,15984.0,35
2018-02-05,17496.0,18504.0,15120.0,16056.0,16056.0,406
2018-02-06,16056.0,16992.0,15192.0,16848.0,16848.0,90
2018-02-07,17136.0,17136.0,16200.0,17136.0,17136.0,84
2018-02-08,17280.0,17280.0,15840.0,16200.0,16200.0,117
2018-02-09,16560.0,16704.0,15984.0,16632.0,16632.0,138
2018-02-12,18000.0,20088.0,17352.0,19440.0,19440.0,532
2018-02-13,20232.0,20736.0,18720.0,19656.0,19656.0,298
2018-02-14,19584.0,20232.0,18720.0,20016.0,20016.0,138
2018-02-15,20736.0,24048.0,20304.0,22968.0,22968.0,603
2018-02-16,7704.0,9432.0,6696.0,7488.0,7488.0,2618
2018-02-20,6984.0,9000.0,6696.0,8136.0,8136.0,889
2018-02-21,8064.0,8496.0,7920.0,8208.0,8208.0,286
2018-02-22,8208.0,8280.0,7272.0,7416.0,7416.0,268
2018-02-23,7416.0,7632.0,7200.0,7344.0,7344.0,163
2018-02-26,7416.0,7416.0,6984.0,6984.0,6984.0,150
2018-02-27,7416.0,7416.0,6624.0,6768.0,6768.0,117
2018-02-28,6696.0,6840.0,6480.0,6624.0,6624.0,118
2018-03-01,6552.0,6624.0,6192.0,6264.0,6264.0,119
2018-03-02,6264.0,6264.0,4536.0,5904.0,5904.0,262
2018-03-05,5688.0,6408.0,5472.0,6264.0,6264.0,63
2018-03-06,6264.0,6408.0,6120.0,6264.0,6264.0,44
2018-03-07,6120.0,6264.0,5832.0,5976.0,5976.0,32
2018-03-08,6120.0,6480.0,5976.0,6336.0,6336.0,99
2018-03-09,6336.0,6408.0,6048.0,6120.0,6120.0,49
2018-03-12,6264.0,6264.0,5616.0,5688.0,5688.0,86
2018-03-13,5760.0,5760.0,5544.0,5760.0,5760.0,57
2018-03-14,5688.0,5760.0,5328.0,5472.0,5472.0,71
2018-03-15,5400.0,5472.0,5184.0,5184.0,5184.0,45
2018-03-16,5184.0,5184.0,4752.0,4968.0,4968.0,89
2018-03-19,5040.0,5328.0,4824.0,5184.0,5184.0,127
2018-03-20,5112.0,5256.0,4968.0,5112.0,5112.0,83
2018-03-21,5112.0,5256.0,4968.0,5112.0,5112.0,58
2018-03-22,4968.0,5112.0,4896.0,4968.0,4968.0,38
2018-03-23,4968.0,5184.0,4824.0,4896.0,4896.0,45
2018-03-26,5040.0,5112.0,4536.0,4896.0,4896.0,78
2018-03-27,4752.0,4752.0,4320.0,4320.0,4320.0,124
2018-03-28,3168.0,3312.0,2808.0,2880.0,2880.0,516
2018-03-29,2880.0,3024.0,2736.0,2952.0,2952.0,157
2018-04-02,2952.0,2952.0,2808.0,2952.0,2952.0,79
2018-04-03,2880.0,3312.0,2808.0,3024.0,3024.0,315
2018-04-04,3024.0,3024.0,2808.0,2880.0,2880.0,88
2018-04-05,2880.0,2952.0,2736.0,2736.0,2736.0,83
2018-04-06,2880.0,3024.0,2592.0,2736.0,2736.0,267
2018-04-09,2808.0,2952.0,2664.0,2736.0,2736.0,177
2018-04-10,2808.0,2952.0,2664.0,2808.0,2808.0,220
2018-04-11,2880.0,2880.0,2664.0,2736.0,2736.0,113
2018-04-12,2808.0,3384.0,2736.0,3312.0,3312.0,789
2018-04-13,3240.0,3312.0,2880.0,3024.0,3024.0,306
2018-04-16,2736.0,2736.0,1872.0,1944.0,1944.0,655
2018-04-17,2016.0,2088.0,1872.0,2016.0,2016.0,232
2018-04-18,2088.0,2088.0,1944.0,2016.0,2016.0,164
2018-04-19,2016.0,2016.0,1872.0,1944.0,1944.0,145
2018-04-20,1944.0,1944.0,1800.0,1872.0,1872.0,115
2018-04-23,1872.0,2016.0,1872.0,1944.0,1944.0,55
2018-04-24,1944.0,2016.0,1872.0,1872.0,1872.0,44
2018-04-25,1944.0,1944.0,1800.0,1872.0,1872.0,79
2018-04-26,1800.0,1944.0,1800.0,1872.0,1872.0,49
2018-04-27,1944.0,2016.0,1872.0,1944.0,1944.0,80
2018-04-30,1944.0,2016.0,1944.0,1944.0,1944.0,55
2018-05-01,1944.0,1944.0,1944.0,1944.0,1944.0,34
2018-05-02,1944.0,1944.0,1800.0,1872.0,1872.0,41
2018-05-03,1872.0,1944.0,1800.0,1872.0,1872.0,29
2018-05-04,1872.0,1944.0,1872.0,1944.0,1944.0,53
2018-05-07,1944.0,2088.0,1944.0,2016.0,2016.0,149
2018-05-08,2016.0,2016.0,1944.0,1944.0,1944.0,45
2018-05-09,2016.0,2016.0,1944.0,1944.0,1944.0,33
2018-05-10,1944.0,2088.0,1944.0,2016.0,2016.0,122
2018-05-11,2016.0,2448.0,2016.0,2160.0,2160.0,268
2018-05-14,2160.0,2304.0,2016.0,2088.0,2088.0,97
2018-05-15,2088.0,2304.0,2088.0,2232.0,2232.0,76
2018-05-16,2232.0,2304.0,2088.0,2232.0,2232.0,55
2018-05-17,2232.0,2304.0,2160.0,2160.0,2160.0,32
2018-05-18,2160.0,2232.0,2016.0,2160.0,2160.0,27
2018-05-21,2160.0,2160.0,2088.0,2088.0,2088.0,31
2018-05-22,2160.0,2304.0,2088.0,2160.0,2160.0,193
2018-05-23,2304.0,2304.0,2088.0,2088.0,2088.0,50
2018-05-24,2088.0,2160.0,2088.0,2088.0,2088.0,53
2018-05-25,2160.0,2160.0,2088.0,2088.0,2088.0,22
2018-05-29,2088.0,2088.0,2088.0,2088.0,2088.0,31
2018-05-30,2088.0,2088.0,1872.0,1944.0,1944.0,49
2018-05-31,1944.0,2088.0,1944.0,2016.0,2016.0,22
2018-06-01,2016.0,2088.0,2016.0,2016.0,2016.0,35
2018-06-04,2016.0,2016.0,1872.0,1872.0,1872.0,50
2018-06-05,1872.0,1944.0,1872.0,1872.0,1872.0,44
2018-06-06,1872.0,1944.0,1872.0,1944.0,1944.0,38
2018-06-07,1944.0,1944.0,1872.0,1872.0,1872.0,29
2018-06-08,1872.0,2016.0,1872.0,1944.0,1944.0,73
2018-06-11,1944.0,3096.0,1944.0,3096.0,3096.0,931
2018-06-12,3528.0,4176.0,3024.0,3240.0,3240.0,1439
2018-06-13,3168.0,3168.0,2664.0,2736.0,2736.0,337
2018-06-14,2880.0,2952.0,2736.0,2736.0,2736.0,87
2018-06-15,2952.0,2952.0,2592.0,2592.0,2592.0,63
2018-06-18,2664.0,2736.0,2520.0,2592.0,2592.0,62
2018-06-19,2520.0,3600.0,2304.0,3456.0,3456.0,476
2018-06-20,3456.0,3456.0,3096.0,3240.0,3240.0,229
2018-06-21,3384.0,3384.0,2952.0,2952.0,2952.0,88
2018-06-22,3024.0,3168.0,2880.0,2952.0,2952.0,42
2018-06-25,2952.0,2952.0,2592.0,2808.0,2808.0,53
2018-06-26,2880.0,3024.0,2736.0,2880.0,2880.0,68
2018-06-27,2880.0,2952.0,2664.0,2664.0,2664.0,57
2018-06-28,2736.0,2952.0,2664.0,2952.0,2952.0,91
2018-06-29,2952.0,3240.0,2664.0,2808.0,2808.0,136
2018-07-02,2736.0,2880.0,2592.0,2664.0,2664.0,50
2018-07-03,2664.0,2808.0,2664.0,2736.0,2736.0,16
2018-07-05,2664.0,2808.0,2664.0,2736.0,2736.0,20
2018-07-06,2664.0,2880.0,2592.0,2736.0,2736.0,30
2018-07-09,2736.0,2880.0,2664.0,2736.0,2736.0,37
2018-07-10,2736.0,3024.0,2736.0,2808.0,2808.0,72
2018-07-11,2880.0,2880.0,2736.0,2736.0,2736.0,32
2018-07-12,2520.0,2808.0,2520.0,2736.0,2736.0,44
2018-07-13,2808.0,2808.0,2592.0,2736.0,2736.0,19
2018-07-16,2736.0,2736.0,2592.0,2664.0,2664.0,19
2018-07-17,2664.0,2808.0,2592.0,2736.0,2736.0,27
2018-07-18,2736.0,3024.0,2664.0,2880.0,2880.0,102
2018-07-19,2952.0,3168.0,2880.0,2952.0,2952.0,109
2018-07-20,3024.0,3096.0,2808.0,2880.0,2880.0,40
2018-07-23,2880.0,3024.0,2808.0,2880.0,2880.0,22
2018-07-24,2880.0,2952.0,2736.0,2736.0,2736.0,24
2018-07-25,2952.0,2952.0,2736.0,2736.0,2736.0,16
2018-07-26,2736.0,2808.0,2736.0,2808.0,2808.0,11
2018-07-27,2808.0,2808.0,2592.0,2664.0,2664.0,30
2018-07-30,3312.0,3384.0,2376.0,2664.0,2664.0,605
2018-07-31,2592.0,2664.0,2160.0,2160.0,2160.0,194
2018-08-01,2304.0,2304.0,1944.0,2016.0,2016.0,85
2018-08-02,2088.0,2088.0,1944.0,2016.0,2016.0,62
2018-08-03,2016.0,2160.0,2016.0,2016.0,2016.0,42
2018-08-06,2016.0,2160.0,2016.0,2088.0,2088.0,48
2018-08-07,2160.0,2160.0,1872.0,2016.0,2016.0,46
2018-08-08,2160.0,2160.0,2016.0,2016.0,2016.0,17
2018-08-09,2088.0,2088.0,1944.0,1944.0,1944.0,33
2018-08-10,2016.0,2160.0,1944.0,2016.0,2016.0,25
2018-08-13,2016.0,2016.0,1944.0,2016.0,2016.0,21
2018-08-14,1944.0,2016.0,1944.0,1944.0,1944.0,15
2018-08-15,1944.0,1944.0,1944.0,1944.0,1944.0,16
2018-08-16,1944.0,2016.0,1944.0,2016.0,2016.0,12
2018-08-17,1944.0,2232.0,1944.0,2016.0,2016.0,64
2018-08-20,2016.0,2160.0,2016.0,2088.0,2088.0,25
2018-08-21,2088.0,2088.0,2016.0,2088.0,2088.0,15
2018-08-22,2088.0,2232.0,2016.0,2088.0,2088.0,31
2018-08-23,2088.0,2160.0,2016.0,2016.0,2016.0,56
2018-08-24,2016.0,2448.0,2016.0,2160.0,2160.0,184
2018-08-27,2160.0,2376.0,2088.0,2232.0,2232.0,133
2018-08-28,2232.0,2376.0,2232.0,2232.0,2232.0,81
2018-08-29,2304.0,2376.0,2232.0,2304.0,2304.0,25
2018-08-30,2304.0,2376.0,2232.0,2376.0,2376.0,38
2018-08-31,2376.0,2448.0,2160.0,2376.0,2376.0,27
2018-09-04,2520.0,2664.0,2016.0,2016.0,2016.0,223
2018-09-05,2088.0,2160.0,1944.0,1944.0,1944.0,86
2018-09-06,2016.0,2016.0,1872.0,1944.0,1944.0,85
2018-09-07,2016.0,2088.0,1944.0,2016.0,2016.0,67
2018-09-10,2016.0,2016.0,1872.0,1944.0,1944.0,50
2018-09-11,1872.0,2376.0,1872.0,2376.0,2376.0,479
2018-09-12,2592.0,2664.0,2088.0,2232.0,2232.0,404
2018-09-13,2088.0,2160.0,2016.0,2016.0,2016.0,103
2018-09-14,2016.0,2088.0,2016.0,2088.0,2088.0,33
2018-09-17,2160.0,2160.0,2016.0,2016.0,2016.0,48
2018-09-18,2016.0,2088.0,2016.0,2016.0,2016.0,41
2018-09-19,2016.0,2088.0,2016.0,2016.0,2016.0,54
2018-09-20,2088.0,2232.0,2016.0,2088.0,2088.0,38
2018-09-21,1944.0,2088.0,1944.0,2016.0,2016.0,33
2018-09-24,2088.0,2160.0,2088.0,2088.0,2088.0,19
2018-09-25,2088.0,2304.0,2088.0,2232.0,2232.0,176
2018-09-26,2160.0,2304.0,2016.0,2232.0,2232.0,51
2018-09-27,2304.0,2304.0,2088.0,2160.0,2160.0,48
2018-09-28,2304.0,2304.0,2160.0,2232.0,2232.0,83
2018-10-01,2304.0,2808.0,2232.0,2664.0,2664.0,604
2018-10-02,2664.0,2664.0,2232.0,2448.0,2448.0,152
2018-10-03,2376.0,2664.0,2304.0,2592.0,2592.0,81
2018-10-04,2592.0,2592.0,2160.0,2304.0,2304.0,191
2018-10-05,2304.0,2304.0,2232.0,2232.0,2232.0,39
2018-10-08,2304.0,2304.0,2160.0,2160.0,2160.0,33
2018-10-09,2088.0,2448.0,2016.0,2232.0,2232.0,130
2018-10-10,2232.0,2304.0,2088.0,2160.0,2160.0,52
2018-10-11,2160.0,2232.0,2016.0,2016.0,2016.0,65
2018-10-12,2160.0,2160.0,2016.0,2088.0,2088.0,33
2018-10-15,2160.0,2448.0,2088.0,2232.0,2232.0,176
2018-10-16,2232.0,2448.0,2232.0,2376.0,2376.0,64
2018-10-17,2376.0,3096.0,2376.0,2448.0,2448.0,950
2018-10-18,2448.0,2520.0,2232.0,2448.0,2448.0,224
2018-10-19,2376.0,2448.0,2232.0,2232.0,2232.0,86
2018-10-22,2376.0,2376.0,2160.0,2232.0,2232.0,34
2018-10-23,2232.0,2304.0,2160.0,2232.0,2232.0,32
2018-10-24,2304.0,3024.0,2232.0,2808.0,2808.0,919
2018-10-25,2664.0,2736.0,2304.0,2376.0,2376.0,211
2018-10-26,2376.0,2592.0,2304.0,2448.0,2448.0,63
2018-10-29,2376.0,2448.0,2232.0,2304.0,2304.0,194
2018-10-30,2304.0,2592.0,2304.0,2520.0,2520.0,60
2018-10-31,2520.0,2736.0,2448.0,2448.0,2448.0,89
2018-11-01,2592.0,2592.0,2376.0,2592.0,2592.0,54
2018-11-02,2664.0,2736.0,2448.0,2664.0,2664.0,69
2018-11-05,2664.0,2808.0,2592.0,2664.0,2664.0,47
2018-11-06,2664.0,2736.0,2448.0,2520.0,2520.0,38
2018-11-07,2664.0,2664.0,2520.0,2520.0,2520.0,29
2018-11-08,2592.0,2592.0,2520.0,2520.0,2520.0,31
2018-11-09,2520.0,2592.0,2448.0,2448.0,2448.0,32
2018-11-12,2448.0,2520.0,2304.0,2376.0,2376.0,22
2018-11-13,2376.0,2520.0,2304.0,2376.0,2376.0,34
2018-11-14,2376.0,2376.0,2232.0,2232.0,2232.0,30
2018-11-15,2232.0,2232.0,2088.0,2160.0,2160.0,83
2018-11-16,2160.0,2160.0,2088.0,2088.0,2088.0,40
2018-11-19,2160.0,2232.0,2088.0,2160.0,2160.0,24
2018-11-20,2160.0,2160.0,2160.0,2160.0,2160.0,16
2018-11-21,2160.0,2232.0,2160.0,2160.0,2160.0,16
2018-11-23,2232.0,2376.0,2160.0,2160.0,2160.0,12
2018-11-26,2304.0,2304.0,2088.0,2160.0,2160.0,24
2018-11-27,2160.0,2376.0,2160.0,2232.0,2232.0,106
2018-11-28,2304.0,2304.0,2232.0,2232.0,2232.0,27
2018-11-29,2232.0,2304.0,2160.0,2232.0,2232.0,32
2018-11-30,2304.0,2304.0,2232.0,2232.0,2232.0,20
2018-12-03,2232.0,2304.0,2160.0,2232.0,2232.0,56
2018-12-04,2232.0,2232.0,2160.0,2232.0,2232.0,25
2018-12-06,2232.0,2304.0,2088.0,2088.0,2088.0,61
2018-12-07,2232.0,2232.0,1944.0,2088.0,2088.0,54
2018-12-10,2160.0,2160.0,1944.0,2016.0,2016.0,53
2018-12-11,1944.0,2160.0,1944.0,2016.0,2016.0,74
2018-12-12,2160.0,2160.0,2016.0,2088.0,2088.0,22
2018-12-13,2088.0,2448.0,2088.0,2376.0,2376.0,284
2018-12-14,2448.0,2520.0,1944.0,2016.0,2016.0,208
2018-12-17,2016.0,2088.0,1872.0,1872.0,1872.0,113
2018-12-18,1872.0,1944.0,1584.0,1656.0,1656.0,75
2018-12-19,1656.0,1800.0,1584.0,1584.0,1584.0,54
2018-12-20,1656.0,1728.0,1368.0,1368.0,1368.0,89
2018-12-21,1440.0,1656.0,1368.0,1368.0,1368.0,46
2018-12-24,1512.0,1512.0,1296.0,1368.0,1368.0,21
2018-12-26,1368.0,1512.0,1368.0,1368.0,1368.0,44
2018-12-27,1512.0,1512.0,1296.0,1440.0,1440.0,42
2018-12-28,1368.0,1512.0,1368.0,1440.0,1440.0,57
2018-12-31,1512.0,1512.0,1368.0,1368.0,1368.0,64
2019-01-02,1512.0,1800.0,1368.0,1728.0,1728.0,177
2019-01-03,1728.0,1800.0,1584.0,1656.0,1656.0,111
2019-01-04,1728.0,1800.0,1584.0,1656.0,1656.0,144
2019-01-07,1800.0,2016.0,1728.0,1872.0,1872.0,110
2019-01-08,1872.0,1944.0,1728.0,1728.0,1728.0,80
2019-01-09,1800.0,1872.0,1656.0,1800.0,1800.0,62
2019-01-10,1728.0,1800.0,1656.0,1656.0,1656.0,29
2019-01-11,1656.0,1944.0,1656.0,1944.0,1944.0,85
2019-01-14,1944.0,1944.0,1800.0,1872.0,1872.0,59
2019-01-15,2016.0,2016.0,1800.0,1944.0,1944.0,91
2019-01-16,1944.0,1944.0,1800.0,1872.0,1872.0,46
2019-01-17,1872.0,2016.0,1800.0,1872.0,1872.0,67
2019-01-18,1944.0,1944.0,1656.0,1728.0,1728.0,97
2019-01-22,1728.0,1728.0,1512.0,1656.0,1656.0,190
2019-01-23,1656.0,1656.0,1512.0,1584.0,1584.0,167
2019-01-24,1454.4000244140625,1569.5999755859375,816.0,948.0,948.0,2514
2019-01-25,964.7999877929688,1106.4000244140625,854.4000244140625,996.0,996.0,1846
2019-01-28,996.0,1156.800048828125,936.0,974.4000244140625,974.4000244140625,1594
2019-01-29,964.7999877929688,1024.800048828125,912.0,998.4000244140625,998.4000244140625,687
2019-01-30,969.5999755859375,1068.0,969.5999755859375,1056.0,1056.0,654
2019-01-31,1051.199951171875,1118.4000244140625,1036.800048828125,1080.0,1080.0,582
2019-02-01,1056.0,1077.5999755859375,984.0,1012.7999877929688,1012.7999877929688,288
2019-02-04,960.0,1005.5999755859375,847.2000122070312,936.0,936.0,968
2019-02-05,940.7999877929688,1020.0,938.4000244140625,972.0,972.0,606
2019-02-06,996.0,1108.800048828125,984.0,1048.800048828125,1048.800048828125,906
2019-02-07,1046.4000244140625,1058.4000244140625,996.0,1046.4000244140625,1046.4000244140625,229
2019-02-08,1032.0,1084.800048828125,998.4000244140625,1000.7999877929688,1000.7999877929688,302
2019-02-11,1005.5999755859375,1008.0,943.2000122070312,976.7999877929688,976.7999877929688,300
2019-02-12,972.0,1056.0,902.4000244140625,1024.800048828125,1024.800048828125,850
2019-02-13,1051.199951171875,1075.199951171875,972.0,1051.199951171875,1051.199951171875,464
2019-02-14,1008.0,1010.4000244140625,936.0,938.4000244140625,938.4000244140625,1474
2019-02-15,960.0,960.0,854.4000244140625,880.7999877929688,880.7999877929688,1364
2019-02-19,895.2000122070312,909.5999755859375,816.0,828.0,828.0,2780
2019-02-20,816.0,820.7999877929688,708.0,734.4000244140625,734.4000244140625,2088
2019-02-21,741.5999755859375,741.5999755859375,571.2000122070312,588.0,588.0,6322
2019-02-22,595.2000122070312,595.2000122070312,489.6000061035156,540.0,540.0,3325
2019-02-25,540.0,573.5999755859375,492.0,556.7999877929688,556.7999877929688,3326
2019-02-26,532.7999877929688,571.2000122070312,508.79998779296875,528.0,528.0,2265
2019-02-27,508.79998779296875,528.0,489.6000061035156,496.79998779296875,496.79998779296875,1185
2019-02-28,487.20001220703125,501.6000061035156,432.0,444.0,444.0,2279
2019-03-01,453.6000061035156,453.6000061035156,372.0,384.0,384.0,6599
2019-03-04,391.20001220703125,460.79998779296875,336.0,348.0,348.0,10610
2019-03-05,352.79998779296875,384.0,316.79998779296875,357.6000061035156,357.6000061035156,9014
2019-03-06,398.3999938964844,475.20001220703125,362.3999938964844,372.0,372.0,26950
2019-03-07,561.5999755859375,825.5999755859375,552.0,729.5999755859375,729.5999755859375,265844
2019-03-08,1488.0,1797.5999755859375,794.4000244140625,813.5999755859375,813.5999755859375,221948
2019-03-11,720.0,792.0,614.4000244140625,768.0,768.0,42127
2019-03-12,897.5999755859375,1005.5999755859375,780.0,924.0,924.0,85964
2019-03-13,859.2000122070312,888.0,760.7999877929688,792.0,792.0,23285
2019-03-14,686.4000244140625,760.7999877929688,648.0,667.2000122070312,667.2000122070312,18048
2019-03-15,604.7999877929688,705.5999755859375,571.2000122070312,684.0,684.0,15979
2019-03-18,650.4000244140625,681.5999755859375,612.0,628.7999877929688,628.7999877929688,5928
2019-03-19,633.5999755859375,660.0,602.4000244140625,628.7999877929688,628.7999877929688,5832
2019-03-20,612.0,626.4000244140625,528.0,559.2000122070312,559.2000122070312,10970
2019-03-21,547.2000122070312,597.5999755859375,523.2000122070312,540.0,540.0,5055
2019-03-22,621.5999755859375,782.4000244140625,604.7999877929688,621.5999755859375,621.5999755859375,148435
2019-03-25,597.5999755859375,756.0,588.0,672.0,672.0,40065
2019-03-26,696.0,811.2000122070312,662.4000244140625,712.7999877929688,712.7999877929688,43315
2019-03-27,722.4000244140625,780.0,688.7999877929688,722.4000244140625,722.4000244140625,29297
2019-03-28,722.4000244140625,744.0,660.0,686.4000244140625,686.4000244140625,20444
2019-03-29,900.0,945.5999755859375,775.2000122070312,806.4000244140625,806.4000244140625,100972
2019-04-01,787.2000122070312,789.5999755859375,724.7999877929688,756.0,756.0,13461
2019-04-02,724.7999877929688,775.2000122070312,724.7999877929688,763.2000122070312,763.2000122070312,6340
2019-04-03,748.7999877929688,772.7999877929688,732.0,734.4000244140625,734.4000244140625,5463
2019-04-04,729.5999755859375,777.5999755859375,700.7999877929688,772.7999877929688,772.7999877929688,8060
2019-04-05,756.0,796.7999877929688,746.4000244140625,763.2000122070312,763.2000122070312,5280
2019-04-08,763.2000122070312,825.5999755859375,734.4000244140625,792.0,792.0,11283
2019-04-09,780.0,804.0,760.7999877929688,784.7999877929688,784.7999877929688,3786
2019-04-10,768.0,792.0,760.7999877929688,784.7999877929688,784.7999877929688,2703
2019-04-11,772.7999877929688,787.2000122070312,751.2000122070312,753.5999755859375,753.5999755859375,3692
2019-04-12,751.2000122070312,777.5999755859375,741.5999755859375,741.5999755859375,741.5999755859375,4669
2019-04-15,756.0,768.0,715.2000122070312,727.2000122070312,727.2000122070312,4849
2019-04-16,748.7999877929688,780.0,739.2000122070312,753.5999755859375,753.5999755859375,4993
2019-04-17,744.0,760.7999877929688,705.5999755859375,734.4000244140625,734.4000244140625,5730
2019-04-18,710.4000244140625,720.0,681.5999755859375,700.7999877929688,700.7999877929688,5578
2019-04-22,696.0,708.0,672.0,688.7999877929688,688.7999877929688,2720
2019-04-23,686.4000244140625,772.7999877929688,679.2000122070312,768.0,768.0,6668
2019-04-24,760.7999877929688,763.2000122070312,734.4000244140625,748.7999877929688,748.7999877929688,3352
2019-04-25,739.2000122070312,741.5999755859375,703.2000122070312,720.0,720.0,4143
2019-04-26,710.4000244140625,746.4000244140625,708.0,727.2000122070312,727.2000122070312,2552
2019-04-29,729.5999755859375,734.4000244140625,712.7999877929688,722.4000244140625,722.4000244140625,1964
2019-04-30,715.2000122070312,724.7999877929688,703.2000122070312,722.4000244140625,722.4000244140625,1970
2019-05-01,712.7999877929688,720.0,688.7999877929688,693.5999755859375,693.5999755859375,2565
2019-05-02,696.0,712.7999877929688,679.2000122070312,703.2000122070312,703.2000122070312,2135
2019-05-03,691.2000122070312,708.0,686.4000244140625,705.5999755859375,705.5999755859375,1556
2019-05-06,703.2000122070312,724.7999877929688,688.7999877929688,724.7999877929688,724.7999877929688,1997
2019-05-07,712.7999877929688,720.0,691.2000122070312,705.5999755859375,705.5999755859375,1333
2019-05-08,696.0,703.2000122070312,686.4000244140625,693.5999755859375,693.5999755859375,1107
2019-05-09,686.4000244140625,705.5999755859375,667.2000122070312,686.4000244140625,686.4000244140625,2098
2019-05-10,712.7999877929688,715.2000122070312,674.4000244140625,686.4000244140625,686.4000244140625,2012
2019-05-13,676.7999877929688,684.0,628.7999877929688,650.4000244140625,650.4000244140625,3040
2019-05-14,674.4000244140625,674.4000244140625,631.2000122070312,643.2000122070312,643.2000122070312,1994
2019-05-15,643.2000122070312,684.0,612.0,667.2000122070312,667.2000122070312,2294
2019-05-16,655.2000122070312,667.2000122070312,640.7999877929688,664.7999877929688,664.7999877929688,1354
2019-05-17,650.4000244140625,662.4000244140625,648.0,652.7999877929688,652.7999877929688,975
2019-05-20,645.5999755859375,688.7999877929688,638.4000244140625,676.7999877929688,676.7999877929688,1669
2019-05-21,676.7999877929688,676.7999877929688,650.4000244140625,657.5999755859375,657.5999755859375,1457
2019-05-22,643.2000122070312,657.5999755859375,619.2000122070312,633.5999755859375,633.5999755859375,1162
2019-05-23,626.4000244140625,643.2000122070312,604.7999877929688,633.5999755859375,633.5999755859375,668
2019-05-24,636.0,648.0,621.5999755859375,633.5999755859375,633.5999755859375,565
2019-05-28,628.7999877929688,628.7999877929688,609.5999755859375,609.5999755859375,609.5999755859375,1165
2019-05-29,592.7999877929688,600.0,566.4000244140625,578.4000244140625,578.4000244140625,1663
2019-05-30,576.0,590.4000244140625,552.0,559.2000122070312,559.2000122070312,1166
2019-05-31,552.0,576.0,552.0,573.5999755859375,573.5999755859375,639
2019-06-03,595.2000122070312,628.7999877929688,595.2000122070312,628.7999877929688,628.7999877929688,1468
2019-06-04,628.7999877929688,684.0,628.7999877929688,679.2000122070312,679.2000122070312,1968
2019-06-05,684.0,688.7999877929688,643.2000122070312,657.5999755859375,657.5999755859375,1508
2019-06-06,667.2000122070312,681.5999755859375,614.4000244140625,633.5999755859375,633.5999755859375,1155
2019-06-07,612.0,616.7999877929688,564.0,590.4000244140625,590.4000244140625,1727
2019-06-10,595.2000122070312,612.0,568.7999877929688,571.2000122070312,571.2000122070312,881
2019-06-11,568.7999877929688,583.2000122070312,547.2000122070312,578.4000244140625,578.4000244140625,987
2019-06-12,571.2000122070312,578.4000244140625,552.0,566.4000244140625,566.4000244140625,743
2019-06-13,564.0,585.5999755859375,549.5999755859375,559.2000122070312,559.2000122070312,893
2019-06-14,561.5999755859375,561.5999755859375,518.4000244140625,532.7999877929688,532.7999877929688,1400
2019-06-17,542.4000244140625,554.4000244140625,504.0,525.5999755859375,525.5999755859375,1028
2019-06-18,511.20001220703125,564.0,480.0,542.4000244140625,542.4000244140625,2582
2019-06-19,537.5999755859375,547.2000122070312,504.0,506.3999938964844,506.3999938964844,1519
2019-06-20,511.20001220703125,544.7999877929688,499.20001220703125,528.0,528.0,2162
2019-06-21,530.4000244140625,549.5999755859375,520.7999877929688,544.7999877929688,544.7999877929688,810
2019-06-24,544.7999877929688,544.7999877929688,525.5999755859375,535.2000122070312,535.2000122070312,788
2019-06-25,537.5999755859375,549.5999755859375,523.2000122070312,547.2000122070312,547.2000122070312,602
2019-06-26,542.4000244140625,549.5999755859375,528.0,535.2000122070312,535.2000122070312,458
2019-06-27,600.0,609.5999755859375,540.0,556.7999877929688,556.7999877929688,23789
2019-06-28,535.2000122070312,542.4000244140625,520.7999877929688,525.5999755859375,525.5999755859375,3400
2019-07-01,532.7999877929688,532.7999877929688,508.79998779296875,516.0,516.0,2540
2019-07-02,520.7999877929688,532.7999877929688,499.20001220703125,516.0,516.0,5515
2019-07-03,508.79998779296875,511.20001220703125,480.0,499.20001220703125,499.20001220703125,1594
2019-07-05,492.0,499.20001220703125,482.3999938964844,496.79998779296875,496.79998779296875,1123
2019-07-08,494.3999938964844,501.6000061035156,480.0,482.3999938964844,482.3999938964844,1208
2019-07-09,482.3999938964844,487.20001220703125,451.20001220703125,480.0,480.0,2525
2019-07-10,480.0,492.0,465.6000061035156,489.6000061035156,489.6000061035156,1105
2019-07-11,484.79998779296875,492.0,470.3999938964844,487.20001220703125,487.20001220703125,619
2019-07-12,487.20001220703125,496.79998779296875,482.3999938964844,484.79998779296875,484.79998779296875,523
2019-07-15,482.3999938964844,540.0,482.3999938964844,506.3999938964844,506.3999938964844,5417
2019-07-16,504.0,516.0,484.79998779296875,492.0,492.0,1899
2019-07-17,508.79998779296875,511.20001220703125,480.0,508.79998779296875,508.79998779296875,2142
2019-07-18,504.0,504.0,482.3999938964844,484.79998779296875,484.79998779296875,943
2019-07-19,480.0,487.20001220703125,463.20001220703125,468.0,468.0,1552
2019-07-22,470.3999938964844,472.79998779296875,436.79998779296875,453.6000061035156,453.6000061035156,1315
2019-07-23,448.79998779296875,448.79998779296875,424.79998779296875,436.79998779296875,436.79998779296875,765
2019-07-24,441.6000061035156,444.0,429.6000061035156,436.79998779296875,436.79998779296875,624
2019-07-25,432.0,456.0,410.3999938964844,412.79998779296875,412.79998779296875,1129
2019-07-26,408.0,427.20001220703125,400.79998779296875,410.3999938964844,410.3999938964844,788
2019-07-29,412.79998779296875,424.79998779296875,412.79998779296875,415.20001220703125,415.20001220703125,490
2019-07-30,415.20001220703125,429.6000061035156,408.0,429.6000061035156,429.6000061035156,449
2019-07-31,420.0,441.6000061035156,420.0,420.0,420.0,909
2019-08-01,415.20001220703125,427.20001220703125,376.79998779296875,379.20001220703125,379.20001220703125,2126
2019-08-02,381.6000061035156,391.20001220703125,362.3999938964844,362.3999938964844,362.3999938964844,862
2019-08-05,367.20001220703125,367.20001220703125,336.0,343.20001220703125,343.20001220703125,1460
2019-08-06,340.79998779296875,357.6000061035156,336.0,336.0,336.0,763
2019-08-07,336.0,398.3999938964844,336.0,393.6000061035156,393.6000061035156,1725
2019-08-08,398.3999938964844,412.79998779296875,369.6000061035156,384.0,384.0,1465
2019-08-09,381.6000061035156,412.79998779296875,381.6000061035156,408.0,408.0,841
2019-08-12,412.79998779296875,432.0,374.3999938964844,384.0,384.0,825
2019-08-13,386.3999938964844,420.0,376.79998779296875,400.79998779296875,400.79998779296875,993
2019-08-14,400.79998779296875,400.79998779296875,379.20001220703125,381.6000061035156,381.6000061035156,566
2019-08-15,379.20001220703125,381.6000061035156,364.79998779296875,379.20001220703125,379.20001220703125,530
2019-08-16,367.20001220703125,393.6000061035156,367.20001220703125,379.20001220703125,379.20001220703125,423
2019-08-19,384.0,405.6000061035156,384.0,393.6000061035156,393.6000061035156,649
2019-08-20,408.0,415.20001220703125,393.6000061035156,408.0,408.0,654
2019-08-21,408.0,412.79998779296875,396.0,396.0,396.0,440
2019-08-22,434.3999938964844,475.20001220703125,412.79998779296875,427.20001220703125,427.20001220703125,11970
2019-08-23,345.6000061035156,396.0,340.79998779296875,360.0,360.0,6578
2019-08-26,367.20001220703125,367.20001220703125,336.0,345.6000061035156,345.6000061035156,1693
2019-08-27,348.0,352.79998779296875,314.3999938964844,326.3999938964844,326.3999938964844,2350
2019-08-28,326.3999938964844,328.79998779296875,302.3999938964844,316.79998779296875,316.79998779296875,1548
2019-08-29,326.3999938964844,326.3999938964844,314.3999938964844,324.0,324.0,1170
2019-08-30,324.0,326.3999938964844,316.79998779296875,324.0,324.0,1085
2019-09-03,326.3999938964844,326.3999938964844,297.6000061035156,302.3999938964844,302.3999938964844,2062
2019-09-04,304.79998779296875,309.6000061035156,288.0,295.20001220703125,295.20001220703125,1421
2019-09-05,297.6000061035156,307.20001220703125,290.3999938964844,292.79998779296875,292.79998779296875,1534
2019-09-06,297.6000061035156,307.20001220703125,278.3999938964844,304.79998779296875,304.79998779296875,1570
2019-09-09,309.6000061035156,309.6000061035156,290.3999938964844,302.3999938964844,302.3999938964844,740
2019-09-10,302.3999938964844,314.3999938964844,292.79998779296875,295.20001220703125,295.20001220703125,1330
2019-09-11,300.0,309.6000061035156,288.0,304.79998779296875,304.79998779296875,1721
2019-09-12,302.3999938964844,307.20001220703125,292.79998779296875,292.79998779296875,292.79998779296875,1070
2019-09-13,292.79998779296875,302.3999938964844,292.79998779296875,297.6000061035156,297.6000061035156,1029
2019-09-16,300.0,316.79998779296875,295.20001220703125,314.3999938964844,314.3999938964844,2299
2019-09-17,312.0,319.20001220703125,302.3999938964844,307.20001220703125,307.20001220703125,909
2019-09-18,304.79998779296875,314.3999938964844,292.79998779296875,292.79998779296875,292.79998779296875,1010
2019-09-19,297.6000061035156,304.79998779296875,280.79998779296875,288.0,288.0,1573
2019-09-20,290.3999938964844,295.20001220703125,278.3999938964844,292.79998779296875,292.79998779296875,1883
2019-09-23,295.20001220703125,295.20001220703125,280.79998779296875,283.20001220703125,283.20001220703125,1826
2019-09-24,283.20001220703125,288.0,244.8000030517578,249.60000610351562,249.60000610351562,4680
2019-09-25,254.39999389648438,259.20001220703125,206.39999389648438,230.39999389648438,230.39999389648438,5332
2019-09-26,235.1999969482422,237.60000610351562,223.1999969482422,228.0,228.0,1281
2019-09-27,230.39999389648438,230.39999389648438,216.0,228.0,228.0,1218
2019-09-30,225.60000610351562,230.39999389648438,218.39999389648438,220.8000030517578,220.8000030517578,855
2019-10-01,220.8000030517578,225.60000610351562,216.0,216.0,216.0,548
2019-10-02,218.39999389648438,218.39999389648438,206.39999389648438,208.8000030517578,208.8000030517578,1428
2019-10-03,208.8000030517578,228.0,206.39999389648438,218.39999389648438,218.39999389648438,517
2019-10-04,216.0,225.60000610351562,213.60000610351562,216.0,216.0,632
2019-10-07,216.0,220.8000030517578,208.8000030517578,216.0,216.0,766
2019-10-08,216.0,223.1999969482422,216.0,218.39999389648438,218.39999389648438,203
2019-10-09,218.39999389648438,220.8000030517578,206.39999389648438,208.8000030517578,208.8000030517578,560
2019-10-10,208.8000030517578,216.0,206.39999389648438,206.39999389648438,206.39999389648438,412
2019-10-11,211.1999969482422,213.60000610351562,206.39999389648438,211.1999969482422,211.1999969482422,605
2019-10-14,206.39999389648438,213.60000610351562,206.39999389648438,211.1999969482422,211.1999969482422,360
2019-10-15,211.1999969482422,216.0,211.1999969482422,213.60000610351562,213.60000610351562,389
2019-10-16,216.0,240.0,211.1999969482422,235.1999969482422,235.1999969482422,2462
2019-10-17,261.6000061035156,266.3999938964844,223.1999969482422,223.1999969482422,223.1999969482422,2760
2019-10-18,223.1999969482422,235.1999969482422,218.39999389648438,223.1999969482422,223.1999969482422,498
2019-10-21,230.39999389648438,232.8000030517578,218.39999389648438,223.1999969482422,223.1999969482422,654
2019-10-22,223.1999969482422,228.0,218.39999389648438,223.1999969482422,223.1999969482422,441
2019-10-23,220.8000030517578,225.60000610351562,218.39999389648438,223.1999969482422,223.1999969482422,443
2019-10-24,225.60000610351562,228.0,218.39999389648438,218.39999389648438,218.39999389648438,408
2019-10-25,220.8000030517578,228.0,206.39999389648438,213.60000610351562,213.60000610351562,885
2019-10-28,216.0,220.8000030517578,213.60000610351562,216.0,216.0,437
2019-10-29,216.0,225.60000610351562,216.0,218.39999389648438,218.39999389648438,650
2019-10-30,218.39999389648438,220.8000030517578,213.60000610351562,216.0,216.0,558
2019-10-31,211.1999969482422,223.1999969482422,208.8000030517578,216.0,216.0,518
2019-11-01,220.8000030517578,225.60000610351562,213.60000610351562,223.1999969482422,223.1999969482422,369
2019-11-04,225.60000610351562,228.0,220.8000030517578,228.0,228.0,631
2019-11-05,230.39999389648438,230.39999389648438,218.39999389648438,220.8000030517578,220.8000030517578,490
2019-11-06,223.1999969482422,225.60000610351562,208.8000030517578,213.60000610351562,213.60000610351562,544
2019-11-07,218.39999389648438,218.39999389648438,201.60000610351562,201.60000610351562,201.60000610351562,856
2019-11-08,204.0,208.8000030517578,192.0,196.8000030517578,196.8000030517578,1578
2019-11-11,192.0,199.1999969482422,187.1999969482422,187.1999969482422,187.1999969482422,1008
2019-11-12,189.60000610351562,196.8000030517578,182.39999389648438,187.1999969482422,187.1999969482422,864
2019-11-13,189.60000610351562,189.60000610351562,172.8000030517578,172.8000030517578,172.8000030517578,741
2019-11-14,180.0,199.1999969482422,177.60000610351562,189.60000610351562,189.60000610351562,1995
2019-11-15,189.60000610351562,213.60000610351562,180.0,206.39999389648438,206.39999389648438,1128
2019-11-18,223.1999969482422,235.1999969482422,196.8000030517578,206.39999389648438,206.39999389648438,4753
2019-11-19,204.0,218.39999389648438,192.0,208.8000030517578,208.8000030517578,1060
2019-11-20,211.1999969482422,218.39999389648438,192.0,204.0,204.0,660
2019-11-21,206.39999389648438,216.0,201.60000610351562,206.39999389648438,206.39999389648438,436
2019-11-22,204.0,204.0,196.8000030517578,201.60000610351562,201.60000610351562,363
2019-11-25,206.39999389648438,206.39999389648438,196.8000030517578,201.60000610351562,201.60000610351562,368
2019-11-26,196.8000030517578,206.39999389648438,194.39999389648438,194.39999389648438,194.39999389648438,593
2019-11-27,192.0,244.8000030517578,192.0,204.0,204.0,5937
2019-11-29,204.0,213.60000610351562,199.1999969482422,206.39999389648438,206.39999389648438,645
2019-12-02,230.39999389648438,230.39999389648438,204.0,216.0,216.0,1177
2019-12-03,213.60000610351562,223.1999969482422,204.0,206.39999389648438,206.39999389648438,797
2019-12-04,218.39999389648438,232.8000030517578,211.1999969482422,225.60000610351562,225.60000610351562,2079
2019-12-05,225.60000610351562,261.6000061035156,223.1999969482422,232.8000030517578,232.8000030517578,5877
2019-12-06,252.0,276.0,240.0,256.79998779296875,256.79998779296875,4825
2019-12-09,259.20001220703125,348.0,259.20001220703125,336.0,336.0,10669
2019-12-10,328.79998779296875,336.0,288.0,312.0,312.0,5857
2019-12-11,309.6000061035156,324.0,292.79998779296875,297.6000061035156,297.6000061035156,2312
2019-12-12,292.79998779296875,304.79998779296875,266.3999938964844,278.3999938964844,278.3999938964844,2173
2019-12-13,283.20001220703125,285.6000061035156,264.0,268.79998779296875,268.79998779296875,1161
2019-12-16,268.79998779296875,307.20001220703125,266.3999938964844,288.0,288.0,1611
2019-12-17,295.20001220703125,324.0,288.0,307.20001220703125,307.20001220703125,2189
2019-12-18,316.79998779296875,410.3999938964844,312.0,364.79998779296875,364.79998779296875,10718
2019-12-19,384.0,396.0,326.3999938964844,340.79998779296875,340.79998779296875,5635
2019-12-20,336.0,336.0,312.0,326.3999938964844,326.3999938964844,2627
2019-12-23,312.0,350.3999938964844,312.0,321.6000061035156,321.6000061035156,1621
2019-12-24,321.6000061035156,362.3999938964844,312.0,357.6000061035156,357.6000061035156,2553
2019-12-26,360.0,360.0,336.0,352.79998779296875,352.79998779296875,1419
2019-12-27,355.20001220703125,357.6000061035156,336.0,338.3999938964844,338.3999938964844,1704
2019-12-30,343.20001220703125,345.6000061035156,324.0,326.3999938964844,326.3999938964844,1339
2019-12-31,331.20001220703125,331.20001220703125,312.0,321.6000061035156,321.6000061035156,1381
2020-01-02,316.79998779296875,331.20001220703125,314.3999938964844,324.0,324.0,1409
2020-01-03,326.3999938964844,328.79998779296875,314.3999938964844,319.20001220703125,319.20001220703125,949
2020-01-06,324.0,345.6000061035156,302.3999938964844,340.79998779296875,340.79998779296875,3148
2020-01-07,350.3999938964844,360.0,328.79998779296875,338.3999938964844,338.3999938964844,1980
2020-01-08,336.0,388.79998779296875,326.3999938964844,374.3999938964844,374.3999938964844,3563
2020-01-09,391.20001220703125,391.20001220703125,348.0,348.0,348.0,1954
2020-01-10,372.0,403.20001220703125,352.79998779296875,364.79998779296875,364.79998779296875,9354
2020-01-13,352.79998779296875,360.0,331.20001220703125,338.3999938964844,338.3999938964844,2825
2020-01-14,348.0,348.0,333.6000061035156,348.0,348.0,1303
2020-01-15,350.3999938964844,355.20001220703125,336.0,343.20001220703125,343.20001220703125,772
2020-01-16,343.20001220703125,355.20001220703125,340.79998779296875,345.6000061035156,345.6000061035156,747
2020-01-17,350.3999938964844,367.20001220703125,345.6000061035156,364.79998779296875,364.79998779296875,2823
2020-01-21,364.79998779296875,376.79998779296875,350.3999938964844,362.3999938964844,362.3999938964844,1868
2020-01-22,336.0,345.6000061035156,321.6000061035156,324.0,324.0,2704
2020-01-23,316.79998779296875,319.20001220703125,288.0,297.6000061035156,297.6000061035156,2773
2020-01-24,292.79998779296875,312.0,292.79998779296875,292.79998779296875,292.79998779296875,1412
2020-01-27,288.0,295.20001220703125,254.39999389648438,271.20001220703125,271.20001220703125,1953
2020-01-28,292.79998779296875,297.6000061035156,266.3999938964844,285.6000061035156,285.6000061035156,1691
2020-01-29,292.79998779296875,292.79998779296875,268.79998779296875,278.3999938964844,278.3999938964844,1129
2020-01-30,266.3999938964844,273.6000061035156,244.8000030517578,256.79998779296875,256.79998779296875,1965
2020-01-31,261.6000061035156,264.0,242.39999389648438,249.60000610351562,249.60000610351562,1534
2020-02-03,249.60000610351562,254.39999389648438,230.39999389648438,235.1999969482422,235.1999969482422,2287
2020-02-04,240.0,240.0,220.8000030517578,228.0,228.0,1842
2020-02-05,225.60000610351562,249.60000610351562,223.1999969482422,232.8000030517578,232.8000030517578,2552
2020-02-06,228.0,228.0,211.1999969482422,216.0,216.0,2780
2020-02-07,232.8000030517578,237.60000610351562,204.0,213.60000610351562,213.60000610351562,7549
2020-02-10,218.39999389648438,218.39999389648438,199.1999969482422,204.0,204.0,3171
2020-02-11,182.39999389648438,196.8000030517578,182.39999389648438,184.8000030517578,184.8000030517578,15400
2020-02-12,189.60000610351562,201.60000610351562,187.1999969482422,189.60000610351562,189.60000610351562,4032
2020-02-13,199.1999969482422,204.0,192.0,196.8000030517578,196.8000030517578,5029
2020-02-14,204.0,228.0,201.60000610351562,223.1999969482422,223.1999969482422,6988
2020-02-18,247.1999969482422,288.0,230.39999389648438,273.6000061035156,273.6000061035156,11460
2020-02-19,280.79998779296875,280.79998779296875,242.39999389648438,256.79998779296875,256.79998779296875,7383
2020-02-20,256.79998779296875,256.79998779296875,244.8000030517578,252.0,252.0,2685
2020-02-21,249.60000610351562,256.79998779296875,240.0,252.0,252.0,2650
2020-02-24,247.1999969482422,256.79998779296875,228.0,242.39999389648438,242.39999389648438,2767
2020-02-25,254.39999389648438,254.39999389648438,216.0,225.60000610351562,225.60000610351562,2874
2020-02-26,232.8000030517578,235.1999969482422,206.39999389648438,208.8000030517578,208.8000030517578,3441
2020-02-27,201.60000610351562,213.60000610351562,184.8000030517578,201.60000610351562,201.60000610351562,2124
2020-02-28,192.0,211.1999969482422,189.60000610351562,211.1999969482422,211.1999969482422,1803
2020-03-02,211.1999969482422,220.8000030517578,201.60000610351562,208.8000030517578,208.8000030517578,1389
2020-03-03,204.0,213.60000610351562,201.60000610351562,211.1999969482422,211.1999969482422,1028
2020-03-04,206.39999389648438,218.39999389648438,192.0,204.0,204.0,1422
2020-03-05,204.0,220.8000030517578,196.8000030517578,220.8000030517578,220.8000030517578,2224
2020-03-06,247.1999969482422,259.20001220703125,230.39999389648438,230.39999389648438,230.39999389648438,8505
2020-03-09,220.8000030517578,232.8000030517578,201.60000610351562,208.8000030517578,208.8000030517578,1988
2020-03-10,213.60000610351562,232.8000030517578,199.1999969482422,206.39999389648438,206.39999389648438,2113
2020-03-11,211.1999969482422,225.60000610351562,187.1999969482422,187.1999969482422,187.1999969482422,4383
2020-03-12,144.0,153.60000610351562,132.0,141.60000610351562,141.60000610351562,8618
2020-03-13,144.0,151.1999969482422,134.39999389648438,136.8000030517578,136.8000030517578,2030
2020-03-16,136.8000030517578,141.60000610351562,110.4000015258789,112.80000305175781,112.80000305175781,2380
2020-03-17,124.80000305175781,132.0,115.19999694824219,117.5999984741211,117.5999984741211,1794
2020-03-18,120.0,127.19999694824219,112.80000305175781,124.80000305175781,124.80000305175781,3018
2020-03-19,117.5999984741211,124.80000305175781,112.80000305175781,120.0,120.0,3179
2020-03-20,122.4000015258789,129.60000610351562,115.19999694824219,120.0,120.0,2379
2020-03-23,117.5999984741211,117.5999984741211,108.0,115.19999694824219,115.19999694824219,1846
2020-03-24,117.5999984741211,120.0,110.4000015258789,120.0,120.0,2488
2020-03-25,117.5999984741211,132.0,117.5999984741211,127.19999694824219,127.19999694824219,2310
2020-03-26,127.19999694824219,134.39999389648438,120.0,127.19999694824219,127.19999694824219,1635
2020-03-27,120.0,124.80000305175781,120.0,120.0,120.0,993
2020-03-30,120.0,136.8000030517578,115.19999694824219,120.0,120.0,5202
2020-03-31,132.0,132.0,112.80000305175781,117.5999984741211,117.5999984741211,4730
2020-04-01,120.0,122.4000015258789,110.4000015258789,112.80000305175781,112.80000305175781,1774
2020-04-02,112.80000305175781,115.19999694824219,100.80000305175781,100.80000305175781,100.80000305175781,2813
2020-04-03,105.5999984741211,110.4000015258789,100.80000305175781,105.5999984741211,105.5999984741211,1240
2020-04-06,110.4000015258789,115.19999694824219,108.0,110.4000015258789,110.4000015258789,1320
2020-04-07,108.0,112.80000305175781,105.5999984741211,108.0,108.0,635
2020-04-08,110.4000015258789,112.80000305175781,105.5999984741211,110.4000015258789,110.4000015258789,1650
2020-04-09,115.19999694824219,115.19999694824219,108.0,108.0,108.0,2491
2020-04-13,112.80000305175781,112.80000305175781,105.5999984741211,108.0,108.0,1652
2020-04-14,108.0,129.60000610351562,108.0,124.80000305175781,124.80000305175781,13906
2020-04-15,120.0,122.4000015258789,112.80000305175781,115.19999694824219,115.19999694824219,2319
2020-04-16,115.19999694824219,117.5999984741211,108.0,112.80000305175781,112.80000305175781,1645
2020-04-17,115.19999694824219,115.19999694824219,110.4000015258789,115.19999694824219,115.19999694824219,1607
2020-04-20,112.80000305175781,117.5999984741211,110.4000015258789,115.19999694824219,115.19999694824219,1959
2020-04-21,115.19999694824219,117.5999984741211,108.0,115.19999694824219,115.19999694824219,2365
2020-04-22,115.19999694824219,115.19999694824219,108.0,112.80000305175781,112.80000305175781,2217
2020-04-23,112.80000305175781,115.19999694824219,110.4000015258789,115.19999694824219,115.19999694824219,1234
2020-04-24,115.19999694824219,127.19999694824219,115.19999694824219,122.4000015258789,122.4000015258789,4542
2020-04-27,120.0,134.39999389648438,120.0,132.0,132.0,5263
2020-04-28,136.8000030517578,136.8000030517578,122.4000015258789,127.19999694824219,127.19999694824219,2076
2020-04-29,129.60000610351562,146.39999389648438,129.60000610351562,141.60000610351562,141.60000610351562,5524
2020-04-30,146.39999389648438,208.8000030517578,139.1999969482422,170.39999389648438,170.39999389648438,42722
2020-05-01,160.8000030517578,163.1999969482422,144.0,148.8000030517578,148.8000030517578,4966
2020-05-04,160.8000030517578,160.8000030517578,144.0,146.39999389648438,146.39999389648438,3225
2020-05-05,153.60000610351562,153.60000610351562,134.39999389648438,134.39999389648438,134.39999389648438,3356
2020-05-06,144.0,144.0,132.0,134.39999389648438,134.39999389648438,1608
2020-05-07,139.1999969482422,148.8000030517578,136.8000030517578,141.60000610351562,141.60000610351562,3665
2020-05-08,141.60000610351562,153.60000610351562,139.1999969482422,153.60000610351562,153.60000610351562,3088
2020-05-11,170.39999389648438,187.1999969482422,160.8000030517578,175.1999969482422,175.1999969482422,16883
2020-05-12,175.1999969482422,189.60000610351562,175.1999969482422,180.0,180.0,6074
2020-05-13,180.0,187.1999969482422,156.0,170.39999389648438,170.39999389648438,3894
2020-05-14,170.39999389648438,180.0,163.1999969482422,177.60000610351562,177.60000610351562,1854
2020-05-15,189.60000610351562,237.60000610351562,172.8000030517578,232.8000030517578,232.8000030517578,31850
2020-05-18,235.1999969482422,247.1999969482422,194.39999389648438,225.60000610351562,225.60000610351562,12597
2020-05-19,228.0,230.39999389648438,194.39999389648438,218.39999389648438,218.39999389648438,5808
2020-05-20,204.0,244.8000030517578,204.0,237.60000610351562,237.60000610351562,6804
2020-05-21,247.1999969482422,280.79998779296875,240.0,244.8000030517578,244.8000030517578,15508
2020-05-22,247.1999969482422,333.6000061035156,247.1999969482422,312.0,312.0,17070
2020-05-26,336.0,360.0,240.0,280.79998779296875,280.79998779296875,23825
2020-05-27,280.79998779296875,304.79998779296875,247.1999969482422,285.6000061035156,285.6000061035156,7883
2020-05-28,290.3999938964844,309.6000061035156,288.0,302.3999938964844,302.3999938964844,4935
2020-05-29,300.0,302.3999938964844,271.20001220703125,295.20001220703125,295.20001220703125,3730
2020-06-01,290.3999938964844,295.20001220703125,273.6000061035156,283.20001220703125,283.20001220703125,2651
2020-06-02,278.3999938964844,288.0,264.0,266.3999938964844,266.3999938964844,4018
2020-06-03,268.79998779296875,276.0,264.0,268.79998779296875,268.79998779296875,3129
2020-06-04,266.3999938964844,278.3999938964844,252.0,273.6000061035156,273.6000061035156,4915
2020-06-05,276.0,276.0,252.0,271.20001220703125,271.20001220703125,2908
2020-06-08,266.3999938964844,292.79998779296875,264.0,276.0,276.0,3283
2020-06-09,271.20001220703125,273.6000061035156,261.6000061035156,268.79998779296875,268.79998779296875,1661
2020-06-10,271.20001220703125,285.6000061035156,261.6000061035156,283.20001220703125,283.20001220703125,3485
2020-06-11,276.0,280.79998779296875,254.39999389648438,259.20001220703125,259.20001220703125,3891
2020-06-12,264.0,292.79998779296875,264.0,285.6000061035156,285.6000061035156,3426
2020-06-15,285.6000061035156,324.0,278.3999938964844,309.6000061035156,309.6000061035156,7667
2020-06-16,319.20001220703125,331.20001220703125,295.20001220703125,324.0,324.0,5998
2020-06-17,321.6000061035156,336.0,312.0,328.79998779296875,328.79998779296875,3583
2020-06-18,336.0,379.20001220703125,321.6000061035156,352.79998779296875,352.79998779296875,11117
2020-06-19,360.0,367.20001220703125,343.20001220703125,350.3999938964844,350.3999938964844,5790
2020-06-22,360.0,362.3999938964844,319.20001220703125,362.3999938964844,362.3999938964844,4338
2020-06-23,408.0,408.0,288.0,295.20001220703125,295.20001220703125,33356
2020-06-24,309.6000061035156,312.0,280.79998779296875,285.6000061035156,285.6000061035156,6439
2020-06-25,283.20001220703125,309.6000061035156,278.3999938964844,290.3999938964844,290.3999938964844,4247
2020-06-26,285.6000061035156,295.20001220703125,266.3999938964844,266.3999938964844,266.3999938964844,3343
2020-06-29,266.3999938964844,276.0,242.39999389648438,249.60000610351562,249.60000610351562,5330
2020-06-30,247.1999969482422,247.1999969482422,228.0,242.39999389648438,242.39999389648438,6738
2020-07-01,242.39999389648438,264.0,235.1999969482422,254.39999389648438,254.39999389648438,2904
2020-07-02,259.20001220703125,264.0,244.8000030517578,244.8000030517578,244.8000030517578,2796
2020-07-06,249.60000610351562,256.79998779296875,240.0,252.0,252.0,3048
2020-07-07,254.39999389648438,256.79998779296875,242.39999389648438,244.8000030517578,244.8000030517578,2148
2020-07-08,242.39999389648438,247.1999969482422,228.0,235.1999969482422,235.1999969482422,2944
2020-07-09,237.60000610351562,242.39999389648438,230.39999389648438,242.39999389648438,242.39999389648438,2068
2020-07-10,237.60000610351562,254.39999389648438,235.1999969482422,242.39999389648438,242.39999389648438,2238
2020-07-13,242.39999389648438,249.60000610351562,235.1999969482422,240.0,240.0,1914
2020-07-14,240.0,242.39999389648438,235.1999969482422,242.39999389648438,242.39999389648438,1087
2020-07-15,242.39999389648438,247.1999969482422,240.0,242.39999389648438,242.39999389648438,1640
2020-07-16,244.8000030517578,266.3999938964844,240.0,259.20001220703125,259.20001220703125,6042
2020-07-17,288.0,288.0,268.79998779296875,276.0,276.0,4084
2020-07-20,273.6000061035156,278.3999938964844,252.0,273.6000061035156,273.6000061035156,2719
2020-07-21,290.3999938964844,290.3999938964844,268.79998779296875,283.20001220703125,283.20001220703125,4225
2020-07-22,278.3999938964844,280.79998779296875,266.3999938964844,271.20001220703125,271.20001220703125,1327
2020-07-23,273.6000061035156,278.3999938964844,264.0,266.3999938964844,266.3999938964844,1383
2020-07-24,268.79998779296875,268.79998779296875,235.1999969482422,242.39999389648438,242.39999389648438,5204
2020-07-27,247.1999969482422,249.60000610351562,240.0,249.60000610351562,249.60000610351562,1605
2020-07-28,247.1999969482422,247.1999969482422,242.39999389648438,242.39999389648438,242.39999389648438,979
2020-07-29,237.60000610351562,247.1999969482422,230.39999389648438,235.1999969482422,235.1999969482422,2722
2020-07-30,240.0,312.0,237.60000610351562,300.0,300.0,33616
2020-07-31,292.79998779296875,292.79998779296875,264.0,278.3999938964844,278.3999938964844,5395
2020-08-03,259.20001220703125,273.6000061035156,254.39999389648438,261.6000061035156,261.6000061035156,3278
2020-08-04,256.79998779296875,273.6000061035156,254.39999389648438,264.0,264.0,2848
2020-08-05,264.0,276.0,264.0,271.20001220703125,271.20001220703125,1917
2020-08-06,271.20001220703125,273.6000061035156,252.0,266.3999938964844,266.3999938964844,2154
2020-08-07,259.20001220703125,273.6000061035156,249.60000610351562,264.0,264.0,5281
2020-08-10,276.0,288.0,268.79998779296875,271.20001220703125,271.20001220703125,6265
2020-08-11,268.79998779296875,276.0,254.39999389648438,259.20001220703125,259.20001220703125,4952
2020-08-12,259.20001220703125,261.6000061035156,249.60000610351562,254.39999389648438,254.39999389648438,2415
2020-08-13,256.79998779296875,256.79998779296875,247.1999969482422,254.39999389648438,254.39999389648438,1018
2020-08-14,249.60000610351562,249.60000610351562,240.0,247.1999969482422,247.1999969482422,2865
2020-08-17,244.8000030517578,254.39999389648438,237.60000610351562,244.8000030517578,244.8000030517578,2007
2020-08-18,242.39999389648438,247.1999969482422,237.60000610351562,242.39999389648438,242.39999389648438,2030
2020-08-19,242.39999389648438,252.0,235.1999969482422,244.8000030517578,244.8000030517578,2248
2020-08-20,244.8000030517578,244.8000030517578,235.1999969482422,240.0,240.0,1496
2020-08-21,240.0,240.0,216.0,225.60000610351562,225.60000610351562,4773
2020-08-24,225.60000610351562,230.39999389648438,216.0,220.8000030517578,220.8000030517578,1830
2020-08-25,218.39999389648438,271.20001220703125,216.0,235.1999969482422,235.1999969482422,22397
2020-08-26,228.0,235.1999969482422,223.1999969482422,230.39999389648438,230.39999389648438,1833
2020-08-27,228.0,228.0,213.60000610351562,216.0,216.0,3018
2020-08-28,216.0,218.39999389648438,204.0,208.8000030517578,208.8000030517578,2970
2020-08-31,204.0,225.60000610351562,204.0,218.39999389648438,218.39999389648438,3015
2020-09-01,218.39999389648438,225.60000610351562,211.1999969482422,211.1999969482422,211.1999969482422,1434
2020-09-02,211.1999969482422,223.1999969482422,211.1999969482422,213.60000610351562,213.60000610351562,1144
2020-09-03,213.60000610351562,218.39999389648438,196.8000030517578,201.60000610351562,201.60000610351562,1960
2020-09-04,156.0,160.8000030517578,141.60000610351562,144.0,144.0,35321
2020-09-08,156.0,163.1999969482422,144.0,156.0,156.0,7390
2020-09-09,151.1999969482422,177.60000610351562,141.60000610351562,151.1999969482422,151.1999969482422,19048
2020-09-10,156.0,156.0,148.8000030517578,156.0,156.0,4973
2020-09-11,158.39999389648438,158.39999389648438,146.39999389648438,153.60000610351562,153.60000610351562,5120
2020-09-14,148.8000030517578,163.1999969482422,148.8000030517578,160.8000030517578,160.8000030517578,5693
2020-09-15,165.60000610351562,180.0,160.8000030517578,165.60000610351562,165.60000610351562,10455
2020-09-16,168.0,168.0,158.39999389648438,158.39999389648438,158.39999389648438,3855
2020-09-17,165.60000610351562,165.60000610351562,156.0,158.39999389648438,158.39999389648438,2709
2020-09-18,163.1999969482422,168.0,160.8000030517578,163.1999969482422,163.1999969482422,2148
2020-09-21,163.1999969482422,165.60000610351562,148.8000030517578,153.60000610351562,153.60000610351562,4540
2020-09-22,156.0,158.39999389648438,146.39999389648438,148.8000030517578,148.8000030517578,2767
2020-09-23,148.8000030517578,160.8000030517578,146.39999389648438,146.39999389648438,146.39999389648438,5310
2020-09-24,144.0,153.60000610351562,134.39999389648438,146.39999389648438,146.39999389648438,3540
2020-09-25,148.8000030517578,160.8000030517578,141.60000610351562,158.39999389648438,158.39999389648438,2101
2020-09-28,160.8000030517578,220.8000030517578,153.60000610351562,187.1999969482422,187.1999969482422,14033
2020-09-29,204.0,256.79998779296875,199.1999969482422,249.60000610351562,249.60000610351562,58125
2020-09-30,276.0,278.3999938964844,218.39999389648438,225.60000610351562,225.60000610351562,34286
2020-10-01,213.60000610351562,220.8000030517578,196.8000030517578,218.39999389648438,218.39999389648438,8368
2020-10-02,208.8000030517578,242.39999389648438,206.39999389648438,237.60000610351562,237.60000610351562,7238
2020-10-05,237.60000610351562,237.60000610351562,218.39999389648438,223.1999969482422,223.1999969482422,4716
2020-10-06,228.0,228.0,211.1999969482422,213.60000610351562,213.60000610351562,4708
2020-10-07,216.0,232.8000030517578,213.60000610351562,225.60000610351562,225.60000610351562,3712
2020-10-08,232.8000030517578,252.0,223.1999969482422,228.0,228.0,6325
2020-10-09,235.1999969482422,240.0,223.1999969482422,228.0,228.0,3130
2020-10-12,228.0,235.1999969482422,218.39999389648438,220.8000030517578,220.8000030517578,2497
2020-10-13,208.8000030517578,216.0,206.39999389648438,211.1999969482422,211.1999969482422,3395
2020-10-14,216.0,218.39999389648438,208.8000030517578,213.60000610351562,213.60000610351562,1555
2020-10-15,213.60000610351562,213.60000610351562,206.39999389648438,208.8000030517578,208.8000030517578,1795
2020-10-16,211.1999969482422,213.60000610351562,206.39999389648438,211.1999969482422,211.1999969482422,1789
2020-10-19,208.8000030517578,211.1999969482422,196.8000030517578,199.1999969482422,199.1999969482422,2488
2020-10-20,192.0,199.1999969482422,189.60000610351562,196.8000030517578,196.8000030517578,2527
2020-10-21,194.39999389648438,194.39999389648438,182.39999389648438,192.0,192.0,2164
2020-10-22,187.1999969482422,199.1999969482422,187.1999969482422,196.8000030517578,196.8000030517578,1787
2020-10-23,192.0,199.1999969482422,189.60000610351562,194.39999389648438,194.39999389648438,840
2020-10-26,196.8000030517578,199.1999969482422,184.8000030517578,184.8000030517578,184.8000030517578,2023
2020-10-27,184.8000030517578,194.39999389648438,184.8000030517578,187.1999969482422,187.1999969482422,1023
2020-10-28,187.1999969482422,192.0,172.8000030517578,177.60000610351562,177.60000610351562,2046
2020-10-29,175.1999969482422,187.1999969482422,175.1999969482422,184.8000030517578,184.8000030517578,1108
2020-10-30,187.1999969482422,187.1999969482422,175.1999969482422,177.60000610351562,177.60000610351562,703
2020-11-02,180.0,194.39999389648438,180.0,189.60000610351562,189.60000610351562,1376
2020-11-03,192.0,194.39999389648438,184.8000030517578,189.60000610351562,189.60000610351562,1046
2020-11-04,192.0,194.39999389648438,189.60000610351562,192.0,192.0,1415
2020-11-05,194.39999389648438,201.60000610351562,192.0,196.8000030517578,196.8000030517578,2058
2020-11-06,201.60000610351562,204.0,187.1999969482422,192.0,192.0,1288
2020-11-09,196.8000030517578,201.60000610351562,187.1999969482422,194.39999389648438,194.39999389648438,1097
2020-11-10,194.39999389648438,208.8000030517578,189.60000610351562,199.1999969482422,199.1999969482422,2015
2020-11-11,206.39999389648438,211.1999969482422,192.0,206.39999389648438,206.39999389648438,2529
2020-11-12,211.1999969482422,220.8000030517578,204.0,220.8000030517578,220.8000030517578,2900
2020-11-13,211.1999969482422,220.8000030517578,201.60000610351562,206.39999389648438,206.39999389648438,3376
2020-11-16,204.0,208.8000030517578,194.39999389648438,196.8000030517578,196.8000030517578,2150
2020-11-17,194.39999389648438,199.1999969482422,192.0,194.39999389648438,194.39999389648438,2653
2020-11-18,194.39999389648438,199.1999969482422,184.8000030517578,189.60000610351562,189.60000610351562,1977
2020-11-19,211.1999969482422,211.1999969482422,189.60000610351562,194.39999389648438,194.39999389648438,6275
2020-11-20,199.1999969482422,199.1999969482422,184.8000030517578,189.60000610351562,189.60000610351562,2379
2020-11-23,187.1999969482422,201.60000610351562,184.8000030517578,201.60000610351562,201.60000610351562,3732
2020-11-24,201.60000610351562,218.39999389648438,194.39999389648438,206.39999389648438,206.39999389648438,5431
2020-11-25,206.39999389648438,218.39999389648438,201.60000610351562,216.0,216.0,2865
2020-11-27,216.0,252.0,216.0,247.1999969482422,247.1999969482422,12033
2020-11-30,252.0,254.39999389648438,223.1999969482422,235.1999969482422,235.1999969482422,5097
2020-12-01,235.1999969482422,242.39999389648438,230.39999389648438,232.8000030517578,232.8000030517578,3116
2020-12-02,225.60000610351562,244.8000030517578,216.0,230.39999389648438,230.39999389648438,2940
2020-12-03,237.60000610351562,247.1999969482422,225.60000610351562,242.39999389648438,242.39999389648438,4483
2020-12-04,242.39999389648438,247.1999969482422,237.60000610351562,242.39999389648438,242.39999389648438,2125
2020-12-07,242.39999389648438,242.39999389648438,220.8000030517578,225.60000610351562,225.60000610351562,4650
2020-12-08,225.60000610351562,242.39999389648438,225.60000610351562,235.1999969482422,235.1999969482422,3736
2020-12-09,230.39999389648438,249.60000610351562,223.1999969482422,232.8000030517578,232.8000030517578,6475
2020-12-10,237.60000610351562,288.0,230.39999389648438,264.0,264.0,19412
2020-12-11,271.20001220703125,273.6000061035156,254.39999389648438,261.6000061035156,261.6000061035156,5890
2020-12-14,261.6000061035156,352.79998779296875,261.6000061035156,307.20001220703125,307.20001220703125,39610
2020-12-15,336.0,336.0,280.79998779296875,319.20001220703125,319.20001220703125,13701
2020-12-16,300.0,345.6000061035156,295.20001220703125,340.79998779296875,340.79998779296875,11330
2020-12-17,338.3999938964844,360.0,326.3999938964844,357.6000061035156,357.6000061035156,11699
2020-12-18,357.6000061035156,364.79998779296875,345.6000061035156,360.0,360.0,11877
2020-12-21,379.20001220703125,429.6000061035156,350.3999938964844,424.79998779296875,424.79998779296875,18466
2020-12-22,432.0,441.6000061035156,367.20001220703125,429.6000061035156,429.6000061035156,17333
2020-12-23,415.20001220703125,501.6000061035156,412.79998779296875,482.3999938964844,482.3999938964844,11872
2020-12-24,480.0,487.20001220703125,396.0,412.79998779296875,412.79998779296875,11687
2020-12-28,432.0,434.3999938964844,391.20001220703125,412.79998779296875,412.79998779296875,5730
2020-12-29,410.3999938964844,415.20001220703125,333.6000061035156,350.3999938964844,350.3999938964844,13744
2020-12-30,340.79998779296875,396.0,338.3999938964844,372.0,372.0,5685
2020-12-31,372.0,386.3999938964844,362.3999938964844,379.20001220703125,379.20001220703125,2700
2021-01-04,374.3999938964844,376.79998779296875,333.6000061035156,350.3999938964844,350.3999938964844,9193
2021-01-05,343.20001220703125,357.6000061035156,319.20001220703125,340.79998779296875,340.79998779296875,4171
2021-01-06,348.0,348.0,314.3999938964844,324.0,324.0,4713
2021-01-07,316.79998779296875,340.79998779296875,312.0,338.3999938964844,338.3999938964844,3026
2021-01-08,343.20001220703125,350.3999938964844,331.20001220703125,345.6000061035156,345.6000061035156,4318
2021-01-11,350.3999938964844,369.6000061035156,338.3999938964844,350.3999938964844,350.3999938964844,3985
2021-01-12,357.6000061035156,369.6000061035156,340.79998779296875,360.0,360.0,3256
2021-01-13,362.3999938964844,362.3999938964844,326.3999938964844,348.0,348.0,3808
2021-01-14,352.79998779296875,352.79998779296875,343.20001220703125,345.6000061035156,345.6000061035156,2493
2021-01-15,362.3999938964844,388.79998779296875,328.79998779296875,386.3999938964844,386.3999938964844,8176
2021-01-19,408.0,420.0,388.79998779296875,415.20001220703125,415.20001220703125,9690
2021-01-20,422.3999938964844,444.0,403.20001220703125,444.0,444.0,7341
2021-01-21,448.79998779296875,585.5999755859375,422.3999938964844,520.7999877929688,520.7999877929688,34409
2021-01-22,535.2000122070312,657.5999755859375,484.79998779296875,621.5999755859375,621.5999755859375,35879
2021-01-25,636.0,768.0,612.0,638.4000244140625,638.4000244140625,37024
2021-01-26,583.2000122070312,614.4000244140625,535.2000122070312,576.0,576.0,58273
2021-01-27,564.0,576.0,501.6000061035156,530.4000244140625,530.4000244140625,26229
2021-01-28,544.7999877929688,556.7999877929688,480.0,540.0,540.0,19734
2021-01-29,554.4000244140625,556.7999877929688,506.3999938964844,518.4000244140625,518.4000244140625,12379
2021-02-01,530.4000244140625,585.5999755859375,494.3999938964844,573.5999755859375,573.5999755859375,15102
2021-02-02,607.2000122070312,624.0,566.4000244140625,585.5999755859375,585.5999755859375,13658
2021-02-03,612.0,700.7999877929688,609.5999755859375,655.2000122070312,655.2000122070312,26020
2021-02-04,679.2000122070312,693.5999755859375,628.7999877929688,679.2000122070312,679.2000122070312,15220
2021-02-05,691.2000122070312,820.7999877929688,657.5999755859375,806.4000244140625,806.4000244140625,34754
2021-02-08,835.2000122070312,859.2000122070312,772.7999877929688,847.2000122070312,847.2000122070312,22317
2021-02-09,806.4000244140625,859.2000122070312,736.7999877929688,844.7999877929688,844.7999877929688,15898
2021-02-10,852.0,900.0,808.7999877929688,856.7999877929688,856.7999877929688,13992
2021-02-11,876.0,1039.199951171875,861.5999755859375,938.4000244140625,938.4000244140625,36478
2021-02-12,926.4000244140625,1020.0,914.4000244140625,967.2000122070312,967.2000122070312,20809
2021-02-16,1032.0,1065.5999755859375,948.0,957.5999755859375,957.5999755859375,21898
2021-02-17,972.0,984.0,888.0,924.0,924.0,12364
2021-02-18,952.7999877929688,960.0,811.2000122070312,847.2000122070312,847.2000122070312,13960
2021-02-19,844.7999877929688,909.5999755859375,828.0,902.4000244140625,902.4000244140625,11266
2021-02-22,876.0,900.0,794.4000244140625,796.7999877929688,796.7999877929688,7763
2021-02-23,724.7999877929688,770.4000244140625,604.7999877929688,727.2000122070312,727.2000122070312,16235
2021-02-24,741.5999755859375,808.7999877929688,732.0,801.5999755859375,801.5999755859375,7837
2021-02-25,813.5999755859375,813.5999755859375,712.7999877929688,732.0,732.0,8769
2021-02-26,751.2000122070312,772.7999877929688,684.0,712.7999877929688,712.7999877929688,7807
2021-03-01,758.4000244140625,775.2000122070312,693.5999755859375,748.7999877929688,748.7999877929688,7594
2021-03-02,748.7999877929688,756.0,715.2000122070312,724.7999877929688,724.7999877929688,5487
2021-03-03,724.7999877929688,744.0,688.7999877929688,708.0,708.0,6301
2021-03-04,696.0,715.2000122070312,600.0,638.4000244140625,638.4000244140625,15544
2021-03-05,660.0,669.5999755859375,520.7999877929688,624.0,624.0,13544
2021-03-08,638.4000244140625,684.0,626.4000244140625,679.2000122070312,679.2000122070312,6525
2021-03-09,710.4000244140625,746.4000244140625,686.4000244140625,724.7999877929688,724.7999877929688,8475
2021-03-10,753.5999755859375,756.0,703.2000122070312,708.0,708.0,8397
2021-03-11,727.2000122070312,756.0,700.7999877929688,729.5999755859375,729.5999755859375,18905
2021-03-12,936.0,1413.5999755859375,876.0,1140.0,1140.0,1295471
2021-03-15,1075.199951171875,1094.4000244140625,972.0,1034.4000244140625,1034.4000244140625,86445
2021-03-16,1010.4000244140625,1180.800048828125,1008.0,1099.199951171875,1099.199951171875,73507
2021-03-17,1029.5999755859375,1089.5999755859375,986.4000244140625,1008.0,1008.0,35370
2021-03-18,1005.5999755859375,1053.5999755859375,972.0,981.5999755859375,981.5999755859375,25446
2021-03-19,993.5999755859375,1053.5999755859375,943.2000122070312,1036.800048828125,1036.800048828125,25080
2021-03-22,1032.0,1063.199951171875,1012.7999877929688,1024.800048828125,1024.800048828125,11634
2021-03-23,1020.0,1027.199951171875,964.7999877929688,979.2000122070312,979.2000122070312,11939
2021-03-24,984.0,991.2000122070312,912.0,924.0,924.0,15463
2021-03-25,880.7999877929688,1087.199951171875,866.4000244140625,1087.199951171875,1087.199951171875,30422
2021-03-26,1060.800048828125,1147.199951171875,1010.4000244140625,1027.199951171875,1027.199951171875,19560
2021-03-29,1024.800048828125,1123.199951171875,1020.0,1022.4000244140625,1022.4000244140625,20126
2021-03-30,1096.800048828125,1212.0,1039.199951171875,1190.4000244140625,1190.4000244140625,46290
2021-03-31,1207.199951171875,1291.199951171875,1111.199951171875,1197.5999755859375,1197.5999755859375,82748
2021-04-01,1192.800048828125,1252.800048828125,1156.800048828125,1219.199951171875,1219.199951171875,21439
2021-04-05,1216.800048828125,1380.0,1176.0,1320.0,1320.0,28905
2021-04-06,1358.4000244140625,1380.0,1188.0,1188.0,1188.0,25630
2021-04-07,1243.199951171875,1478.4000244140625,1188.0,1404.0,1404.0,54530
2021-04-08,1368.0,1466.4000244140625,1310.4000244140625,1312.800048828125,1312.800048828125,30940
2021-04-09,1329.5999755859375,1401.5999755859375,1279.199951171875,1308.0,1308.0,17473
2021-04-12,1320.0,1339.199951171875,1243.199951171875,1262.4000244140625,1262.4000244140625,10704
2021-04-13,1262.4000244140625,1281.5999755859375,1171.199951171875,1183.199951171875,1183.199951171875,16225
2021-04-14,1166.4000244140625,1248.0,1142.4000244140625,1156.800048828125,1156.800048828125,14948
2021-04-15,1178.4000244140625,1308.0,1166.4000244140625,1267.199951171875,1267.199951171875,21206
2021-04-16,1255.199951171875,1272.0,1200.0,1262.4000244140625,1262.4000244140625,11110
2021-04-19,1202.4000244140625,1245.5999755859375,1135.199951171875,1200.0,1200.0,15209
2021-04-20,1200.0,1231.199951171875,1144.800048828125,1224.0,1224.0,11212
2021-04-21,1202.4000244140625,1348.800048828125,1190.4000244140625,1336.800048828125,1336.800048828125,17842
2021-04-22,1339.199951171875,1423.199951171875,1305.5999755859375,1404.0,1404.0,18658
2021-04-23,1411.199951171875,1524.0,1389.5999755859375,1500.0,1500.0,23064
2021-04-26,1531.199951171875,1552.800048828125,1466.4000244140625,1492.800048828125,1492.800048828125,14383
2021-04-27,1509.5999755859375,1584.0,1471.199951171875,1478.4000244140625,1478.4000244140625,15913
2021-04-28,1480.800048828125,1557.5999755859375,1413.5999755859375,1516.800048828125,1516.800048828125,12813
2021-04-29,1540.800048828125,1540.800048828125,1375.199951171875,1492.800048828125,1492.800048828125,15307
2021-04-30,1488.0,1512.0,1428.0,1461.5999755859375,1461.5999755859375,11470
2021-05-03,1459.199951171875,1495.199951171875,1382.4000244140625,1404.0,1404.0,13394
2021-05-04,1370.4000244140625,1406.4000244140625,1291.199951171875,1401.5999755859375,1401.5999755859375,12652
2021-05-05,1404.0,1432.800048828125,1315.199951171875,1329.5999755859375,1329.5999755859375,9430
2021-05-06,1308.0,1320.0,1190.4000244140625,1233.5999755859375,1233.5999755859375,16675
2021-05-07,1250.4000244140625,1315.199951171875,1214.4000244140625,1288.800048828125,1288.800048828125,10182
2021-05-10,1274.4000244140625,1284.0,1159.199951171875,1164.0,1164.0,12154
2021-05-11,1094.4000244140625,1212.0,1056.0,1176.0,1176.0,14102
2021-05-12,1152.0,1197.5999755859375,1137.5999755859375,1166.4000244140625,1166.4000244140625,10397
2021-05-13,1166.4000244140625,1212.0,1077.5999755859375,1108.800048828125,1108.800048828125,14045
2021-05-14,1140.0,1257.5999755859375,1116.0,1245.5999755859375,1245.5999755859375,13507
2021-05-17,1046.4000244140625,1080.0,936.0,943.2000122070312,943.2000122070312,83353
2021-05-18,936.0,936.0,760.7999877929688,765.5999755859375,765.5999755859375,71805
2021-05-19,748.7999877929688,837.5999755859375,741.5999755859375,784.7999877929688,784.7999877929688,42190
2021-05-20,758.4000244140625,811.2000122070312,751.2000122070312,792.0,792.0,53867
2021-05-21,808.7999877929688,823.2000122070312,763.2000122070312,782.4000244140625,782.4000244140625,26207
2021-05-24,775.2000122070312,777.5999755859375,724.7999877929688,772.7999877929688,772.7999877929688,28919
2021-05-25,780.0,792.0,746.4000244140625,746.4000244140625,746.4000244140625,16139
2021-05-26,758.4000244140625,770.4000244140625,736.7999877929688,739.2000122070312,739.2000122070312,12638
2021-05-27,756.0,787.2000122070312,744.0,784.7999877929688,784.7999877929688,22382
2021-05-28,799.2000122070312,799.2000122070312,727.2000122070312,739.2000122070312,739.2000122070312,30550
2021-06-01,775.2000122070312,861.5999755859375,760.7999877929688,804.0,804.0,50394
2021-06-02,830.4000244140625,840.0,751.2000122070312,770.4000244140625,770.4000244140625,26555
2021-06-03,760.7999877929688,775.2000122070312,748.7999877929688,760.7999877929688,760.7999877929688,13770
2021-06-04,765.5999755859375,816.0,760.7999877929688,811.2000122070312,811.2000122070312,16482
2021-06-07,808.7999877929688,830.4000244140625,784.7999877929688,794.4000244140625,794.4000244140625,16483
2021-06-08,811.2000122070312,811.2000122070312,765.5999755859375,792.0,792.0,15552
2021-06-09,794.4000244140625,828.0,792.0,801.5999755859375,801.5999755859375,11910
2021-06-10,808.7999877929688,823.2000122070312,772.7999877929688,801.5999755859375,801.5999755859375,9715
2021-06-11,794.4000244140625,825.5999755859375,794.4000244140625,806.4000244140625,806.4000244140625,9088
2021-06-14,806.4000244140625,828.0,801.5999755859375,813.5999755859375,813.5999755859375,7573
2021-06-15,816.0,816.0,746.4000244140625,746.4000244140625,746.4000244140625,11165
2021-06-16,756.0,789.5999755859375,746.4000244140625,768.0,768.0,12991
2021-06-17,768.0,794.4000244140625,751.2000122070312,758.4000244140625,758.4000244140625,9138
2021-06-18,758.4000244140625,772.7999877929688,722.4000244140625,724.7999877929688,724.7999877929688,16962
2021-06-21,732.0,741.5999755859375,691.2000122070312,710.4000244140625,710.4000244140625,14773
2021-06-22,722.4000244140625,724.7999877929688,657.5999755859375,686.4000244140625,686.4000244140625,19412
2021-06-23,698.4000244140625,710.4000244140625,676.7999877929688,681.5999755859375,681.5999755859375,10186
2021-06-24,681.5999755859375,688.7999877929688,650.4000244140625,662.4000244140625,662.4000244140625,14824
2021-06-25,679.2000122070312,712.7999877929688,667.2000122070312,696.0,696.0,54191
2021-06-28,698.4000244140625,708.0,672.0,681.5999755859375,681.5999755859375,9575
2021-06-29,684.0,686.4000244140625,624.0,638.4000244140625,638.4000244140625,15357
2021-06-30,636.0,640.7999877929688,592.7999877929688,633.5999755859375,633.5999755859375,32875
2021-07-01,703.2000122070312,744.0,660.0,684.0,684.0,53764
2021-07-02,679.2000122070312,696.0,660.0,676.7999877929688,676.7999877929688,17092
2021-07-06,696.0,698.4000244140625,657.5999755859375,693.5999755859375,693.5999755859375,10397
2021-07-07,710.4000244140625,722.4000244140625,626.4000244140625,636.0,636.0,25023
2021-07-08,614.4000244140625,626.4000244140625,592.7999877929688,607.2000122070312,607.2000122070312,11701
2021-07-09,607.2000122070312,652.7999877929688,595.2000122070312,636.0,636.0,9366
2021-07-12,645.5999755859375,662.4000244140625,626.4000244140625,655.2000122070312,655.2000122070312,6872
2021-07-13,652.7999877929688,652.7999877929688,600.0,609.5999755859375,609.5999755859375,7803
2021-07-14,616.7999877929688,619.2000122070312,556.7999877929688,571.2000122070312,571.2000122070312,13675
2021-07-15,571.2000122070312,588.0,554.4000244140625,585.5999755859375,585.5999755859375,7547
2021-07-16,576.0,604.7999877929688,568.7999877929688,578.4000244140625,578.4000244140625,5536
2021-07-19,554.4000244140625,619.2000122070312,554.4000244140625,619.2000122070312,619.2000122070312,6493
2021-07-20,628.7999877929688,631.2000122070312,561.5999755859375,583.2000122070312,583.2000122070312,10265
2021-07-21,585.5999755859375,616.7999877929688,576.0,614.4000244140625,614.4000244140625,9960
2021-07-22,614.4000244140625,614.4000244140625,583.2000122070312,588.0,588.0,3576
2021-07-23,583.2000122070312,585.5999755859375,556.7999877929688,559.2000122070312,559.2000122070312,6259
2021-07-26,561.5999755859375,576.0,552.0,554.4000244140625,554.4000244140625,6919
2021-07-27,552.0,568.7999877929688,520.7999877929688,552.0,552.0,9383
2021-07-28,554.4000244140625,576.0,547.2000122070312,571.2000122070312,571.2000122070312,5065
2021-07-29,568.7999877929688,580.7999877929688,549.5999755859375,554.4000244140625,554.4000244140625,4590
2021-07-30,549.5999755859375,559.2000122070312,523.2000122070312,540.0,540.0,7243
2021-08-02,540.0,547.2000122070312,516.0,528.0,528.0,9363
2021-08-03,520.7999877929688,523.2000122070312,496.79998779296875,501.6000061035156,501.6000061035156,7104
2021-08-04,501.6000061035156,537.5999755859375,501.6000061035156,506.3999938964844,506.3999938964844,5991
2021-08-05,511.20001220703125,530.4000244140625,508.79998779296875,516.0,516.0,4390
2021-08-06,523.2000122070312,530.4000244140625,506.3999938964844,520.7999877929688,520.7999877929688,3765
2021-08-09,516.0,547.2000122070312,508.79998779296875,528.0,528.0,5390
2021-08-10,537.5999755859375,537.5999755859375,494.3999938964844,530.4000244140625,530.4000244140625,8710
2021-08-11,523.2000122070312,535.2000122070312,501.6000061035156,532.7999877929688,532.7999877929688,6800
2021-08-12,535.2000122070312,535.2000122070312,508.79998779296875,518.4000244140625,518.4000244140625,3740
2021-08-13,518.4000244140625,518.4000244140625,480.0,482.3999938964844,482.3999938964844,8928
2021-08-16,482.3999938964844,501.6000061035156,470.3999938964844,482.3999938964844,482.3999938964844,6058
2021-08-17,477.6000061035156,492.0,458.3999938964844,475.20001220703125,475.20001220703125,6663
2021-08-18,480.0,496.79998779296875,463.20001220703125,468.0,468.0,6122
2021-08-19,472.79998779296875,477.6000061035156,384.0,405.6000061035156,405.6000061035156,21519
2021-08-20,412.79998779296875,463.20001220703125,410.3999938964844,456.0,456.0,11850
2021-08-23,475.20001220703125,484.79998779296875,458.3999938964844,472.79998779296875,472.79998779296875,8108
2021-08-24,484.79998779296875,492.0,472.79998779296875,480.0,480.0,6873
2021-08-25,484.79998779296875,520.7999877929688,470.3999938964844,504.0,504.0,6639
2021-08-26,504.0,537.5999755859375,492.0,499.20001220703125,499.20001220703125,6397
2021-08-27,496.79998779296875,530.4000244140625,492.0,518.4000244140625,518.4000244140625,7741
2021-08-30,516.0,525.5999755859375,499.20001220703125,504.0,504.0,4476
2021-08-31,511.20001220703125,532.7999877929688,501.6000061035156,528.0,528.0,5898
2021-09-01,518.4000244140625,528.0,501.6000061035156,518.4000244140625,518.4000244140625,5896
2021-09-02,528.0,537.5999755859375,504.0,511.20001220703125,511.20001220703125,4903
2021-09-03,525.5999755859375,525.5999755859375,499.20001220703125,516.0,516.0,4295
2021-09-07,516.0,535.2000122070312,496.79998779296875,501.6000061035156,501.6000061035156,6791
2021-09-08,501.6000061035156,523.2000122070312,482.3999938964844,496.79998779296875,496.79998779296875,6442
2021-09-09,499.20001220703125,516.0,494.3999938964844,501.6000061035156,501.6000061035156,3849
2021-09-10,501.6000061035156,516.0,494.3999938964844,501.6000061035156,501.6000061035156,4569
2021-09-13,501.6000061035156,506.3999938964844,463.20001220703125,465.6000061035156,465.6000061035156,10481
2021-09-14,472.79998779296875,480.0,444.0,448.79998779296875,448.79998779296875,6205
2021-09-15,446.3999938964844,508.79998779296875,444.0,475.20001220703125,475.20001220703125,16333
2021-09-16,470.3999938964844,477.6000061035156,463.20001220703125,472.79998779296875,472.79998779296875,4752
2021-09-17,472.79998779296875,492.0,458.3999938964844,480.0,480.0,14345
2021-09-20,470.3999938964844,480.0,439.20001220703125,456.0,456.0,6406
2021-09-21,463.20001220703125,607.2000122070312,441.6000061035156,518.4000244140625,518.4000244140625,110172
2021-09-22,513.5999755859375,518.4000244140625,465.6000061035156,506.3999938964844,506.3999938964844,32748
2021-09-23,513.5999755859375,540.0,504.0,525.5999755859375,525.5999755859375,14331
2021-09-24,516.0,525.5999755859375,496.79998779296875,501.6000061035156,501.6000061035156,6047
2021-09-27,576.0,612.0,542.4000244140625,573.5999755859375,573.5999755859375,77347
2021-09-28,561.5999755859375,628.7999877929688,556.7999877929688,619.2000122070312,619.2000122070312,40128
2021-09-29,645.5999755859375,669.5999755859375,566.4000244140625,578.4000244140625,578.4000244140625,41677
2021-09-30,592.7999877929688,602.4000244140625,559.2000122070312,578.4000244140625,578.4000244140625,22054
2021-10-01,583.2000122070312,590.4000244140625,547.2000122070312,571.2000122070312,571.2000122070312,20332
2021-10-04,564.0,566.4000244140625,532.7999877929688,535.2000122070312,535.2000122070312,17640
2021-10-05,535.2000122070312,571.2000122070312,535.2000122070312,559.2000122070312,559.2000122070312,24106
2021-10-06,544.7999877929688,554.4000244140625,516.0,544.7999877929688,544.7999877929688,16228
2021-10-07,549.5999755859375,585.5999755859375,540.0,556.7999877929688,556.7999877929688,26697
2021-10-08,554.4000244140625,559.2000122070312,528.0,537.5999755859375,537.5999755859375,10470
2021-10-11,544.7999877929688,554.4000244140625,532.7999877929688,537.5999755859375,537.5999755859375,10341
2021-10-12,537.5999755859375,544.7999877929688,532.7999877929688,542.4000244140625,542.4000244140625,10036
2021-10-13,547.2000122070312,573.5999755859375,532.7999877929688,566.4000244140625,566.4000244140625,18656
2021-10-14,578.4000244140625,597.5999755859375,552.0,564.0,564.0,15865
2021-10-15,576.0,576.0,518.4000244140625,542.4000244140625,542.4000244140625,14877
2021-10-18,549.5999755859375,552.0,511.20001220703125,518.4000244140625,518.4000244140625,20456
2021-10-19,523.2000122070312,552.0,513.5999755859375,535.2000122070312,535.2000122070312,18030
2021-10-20,537.5999755859375,549.5999755859375,520.7999877929688,532.7999877929688,532.7999877929688,9554
2021-10-21,535.2000122070312,556.7999877929688,528.0,544.7999877929688,544.7999877929688,18745
2021-10-22,566.4000244140625,568.7999877929688,530.4000244140625,564.0,564.0,27339
2021-10-25,564.0,595.2000122070312,544.7999877929688,566.4000244140625,566.4000244140625,29030
2021-10-26,556.7999877929688,561.5999755859375,520.7999877929688,520.7999877929688,520.7999877929688,21410
2021-10-27,523.2000122070312,530.4000244140625,494.3999938964844,499.20001220703125,499.20001220703125,18089
2021-10-28,516.0,537.5999755859375,501.6000061035156,528.0,528.0,20729
2021-10-29,525.5999755859375,532.7999877929688,511.20001220703125,518.4000244140625,518.4000244140625,5901
2021-11-01,525.5999755859375,554.4000244140625,520.7999877929688,544.7999877929688,544.7999877929688,10690
2021-11-02,547.2000122070312,552.0,530.4000244140625,549.5999755859375,549.5999755859375,6048
2021-11-03,547.2000122070312,556.7999877929688,537.5999755859375,549.5999755859375,549.5999755859375,6599
2021-11-04,547.2000122070312,554.4000244140625,528.0,535.2000122070312,535.2000122070312,4803
2021-11-05,537.5999755859375,540.0,520.7999877929688,530.4000244140625,530.4000244140625,8028
2021-11-08,535.2000122070312,556.7999877929688,535.2000122070312,549.5999755859375,549.5999755859375,19364
2021-11-09,549.5999755859375,552.0,528.0,549.5999755859375,549.5999755859375,8729
2021-11-10,544.7999877929688,552.0,516.0,523.2000122070312,523.2000122070312,11572
2021-11-11,523.2000122070312,532.7999877929688,511.20001220703125,518.4000244140625,518.4000244140625,4810
2021-11-12,518.4000244140625,523.2000122070312,499.20001220703125,518.4000244140625,518.4000244140625,5845
2021-11-15,518.4000244140625,523.2000122070312,501.6000061035156,506.3999938964844,506.3999938964844,7359
2021-11-16,506.3999938964844,516.0,492.0,511.20001220703125,511.20001220703125,13420
2021-11-17,504.0,523.2000122070312,494.3999938964844,504.0,504.0,14610
2021-11-18,501.6000061035156,504.0,453.6000061035156,465.6000061035156,465.6000061035156,22605
2021-11-19,463.20001220703125,487.20001220703125,456.0,458.3999938964844,458.3999938964844,14098
2021-11-22,458.3999938964844,458.3999938964844,408.0,432.0,432.0,19290
2021-11-23,436.79998779296875,468.0,434.3999938964844,468.0,468.0,10630
2021-11-24,504.0,508.79998779296875,436.79998779296875,451.20001220703125,451.20001220703125,25624
2021-11-26,432.0,448.79998779296875,427.20001220703125,444.0,444.0,7080
2021-11-29,453.6000061035156,456.0,412.79998779296875,417.6000061035156,417.6000061035156,9517
2021-11-30,415.20001220703125,420.0,396.0,415.20001220703125,415.20001220703125,10943
2021-12-01,424.79998779296875,432.0,384.0,388.79998779296875,388.79998779296875,15228
2021-12-02,398.3999938964844,417.6000061035156,386.3999938964844,417.6000061035156,417.6000061035156,14286
2021-12-03,422.3999938964844,422.3999938964844,381.6000061035156,393.6000061035156,393.6000061035156,22736
2021-12-06,396.0,410.3999938964844,379.20001220703125,400.79998779296875,400.79998779296875,14554
2021-12-07,408.0,439.20001220703125,408.0,424.79998779296875,424.79998779296875,20629
2021-12-08,444.0,448.79998779296875,417.6000061035156,441.6000061035156,441.6000061035156,13058
2021-12-09,432.0,439.20001220703125,412.79998779296875,422.3999938964844,422.3999938964844,7059
2021-12-10,422.3999938964844,427.20001220703125,408.0,415.20001220703125,415.20001220703125,8102
2021-12-13,417.6000061035156,422.3999938964844,403.20001220703125,408.0,408.0,10798
2021-12-14,408.0,408.0,376.79998779296875,381.6000061035156,381.6000061035156,18645
2021-12-15,376.79998779296875,400.79998779296875,360.0,396.0,396.0,12385
2021-12-16,396.0,412.79998779296875,386.3999938964844,391.20001220703125,391.20001220703125,6930
2021-12-17,388.79998779296875,405.6000061035156,374.3999938964844,396.0,396.0,6947
2021-12-20,391.20001220703125,403.20001220703125,374.3999938964844,396.0,396.0,9157
2021-12-21,396.0,415.20001220703125,393.6000061035156,400.79998779296875,400.79998779296875,7057
2021-12-22,403.20001220703125,408.0,388.79998779296875,396.0,396.0,6933
2021-12-23,398.3999938964844,412.79998779296875,388.79998779296875,410.3999938964844,410.3999938964844,7360
2021-12-27,415.20001220703125,432.0,405.6000061035156,422.3999938964844,422.3999938964844,8638
2021-12-28,420.0,434.3999938964844,393.6000061035156,396.0,396.0,10031
2021-12-29,386.3999938964844,422.3999938964844,381.6000061035156,400.79998779296875,400.79998779296875,11190
2021-12-30,396.0,403.20001220703125,386.3999938964844,391.20001220703125,391.20001220703125,10768
2021-12-31,388.79998779296875,408.0,384.0,391.20001220703125,391.20001220703125,10718
2022-01-03,388.79998779296875,415.20001220703125,386.3999938964844,410.3999938964844,410.3999938964844,7286
2022-01-04,410.3999938964844,412.79998779296875,396.0,403.20001220703125,403.20001220703125,7515
2022-01-05,405.6000061035156,408.0,372.0,374.3999938964844,374.3999938964844,15381
2022-01-06,372.0,379.20001220703125,352.79998779296875,355.20001220703125,355.20001220703125,15751
2022-01-07,357.6000061035156,360.0,338.3999938964844,352.79998779296875,352.79998779296875,7727
2022-01-10,345.6000061035156,355.20001220703125,336.0,350.3999938964844,350.3999938964844,5788
2022-01-11,350.3999938964844,379.20001220703125,348.0,360.0,360.0,6562
2022-01-12,367.20001220703125,369.6000061035156,348.0,350.3999938964844,350.3999938964844,3906
2022-01-13,348.0,352.79998779296875,333.6000061035156,336.0,336.0,7162
2022-01-14,331.20001220703125,343.20001220703125,324.0,338.3999938964844,338.3999938964844,6805
2022-01-18,331.20001220703125,338.3999938964844,319.20001220703125,321.6000061035156,321.6000061035156,4530
2022-01-19,326.3999938964844,328.79998779296875,307.20001220703125,312.0,312.0,4483
2022-01-20,314.3999938964844,326.3999938964844,297.6000061035156,300.0,300.0,7676
2022-01-21,292.79998779296875,297.6000061035156,276.0,283.20001220703125,283.20001220703125,11610
2022-01-24,268.79998779296875,288.0,249.60000610351562,288.0,288.0,10663
2022-01-25,276.0,292.79998779296875,276.0,283.20001220703125,283.20001220703125,6131
2022-01-26,307.20001220703125,314.3999938964844,268.79998779296875,273.6000061035156,273.6000061035156,10403
2022-01-27,278.3999938964844,285.6000061035156,249.60000610351562,254.39999389648438,254.39999389648438,8570
2022-01-28,247.1999969482422,261.6000061035156,240.0,256.79998779296875,256.79998779296875,7660
2022-01-31,256.79998779296875,278.3999938964844,256.79998779296875,273.6000061035156,273.6000061035156,8172
2022-02-01,276.0,295.20001220703125,261.6000061035156,280.79998779296875,280.79998779296875,13293
2022-02-02,283.20001220703125,283.20001220703125,264.0,273.6000061035156,273.6000061035156,11401
2022-02-03,268.79998779296875,268.79998779296875,247.1999969482422,254.39999389648438,254.39999389648438,9458
2022-02-04,252.0,266.3999938964844,247.1999969482422,259.20001220703125,259.20001220703125,4260
2022-02-07,259.20001220703125,276.0,259.20001220703125,268.79998779296875,268.79998779296875,5133
2022-02-08,266.3999938964844,276.0,259.20001220703125,266.3999938964844,266.3999938964844,6868
2022-02-09,266.3999938964844,290.3999938964844,266.3999938964844,283.20001220703125,283.20001220703125,10700
2022-02-10,276.0,304.79998779296875,273.6000061035156,283.20001220703125,283.20001220703125,8271
2022-02-11,288.0,295.20001220703125,266.3999938964844,276.0,276.0,7408
2022-02-14,273.6000061035156,276.0,264.0,264.0,264.0,3434
2022-02-15,264.0,295.20001220703125,264.0,290.3999938964844,290.3999938964844,11373
2022-02-16,292.79998779296875,292.79998779296875,276.0,288.0,288.0,7081
2022-02-17,280.79998779296875,283.20001220703125,264.0,268.79998779296875,268.79998779296875,14668
2022-02-18,264.0,271.20001220703125,252.0,261.6000061035156,261.6000061035156,9603
2022-02-22,247.1999969482422,264.0,247.1999969482422,249.60000610351562,249.60000610351562,5265
2022-02-23,254.39999389648438,256.79998779296875,235.1999969482422,237.60000610351562,237.60000610351562,6211
2022-02-24,225.60000610351562,266.3999938964844,220.8000030517578,264.0,264.0,11246
2022-02-25,259.20001220703125,261.6000061035156,244.8000030517578,254.39999389648438,254.39999389648438,8987
2022-02-28,252.0,266.3999938964844,249.60000610351562,254.39999389648438,254.39999389648438,7472
2022-03-01,252.0,256.79998779296875,247.1999969482422,247.1999969482422,247.1999969482422,4051
2022-03-02,249.60000610351562,256.79998779296875,242.39999389648438,252.0,252.0,7179
2022-03-03,254.39999389648438,266.3999938964844,249.60000610351562,259.20001220703125,259.20001220703125,11838
2022-03-04,254.39999389648438,256.79998779296875,228.0,232.8000030517578,232.8000030517578,10848
2022-03-07,230.39999389648438,235.1999969482422,218.39999389648438,220.8000030517578,220.8000030517578,6266
2022-03-08,220.8000030517578,235.1999969482422,208.8000030517578,223.1999969482422,223.1999969482422,17960
2022-03-09,230.39999389648438,252.0,228.0,242.39999389648438,242.39999389648438,10294
2022-03-10,232.8000030517578,240.0,228.0,232.8000030517578,232.8000030517578,6329
2022-03-11,235.1999969482422,240.0,220.8000030517578,220.8000030517578,220.8000030517578,4094
2022-03-14,223.1999969482422,228.0,201.60000610351562,204.0,204.0,9837
2022-03-15,206.39999389648438,213.60000610351562,201.60000610351562,213.60000610351562,213.60000610351562,5360
2022-03-16,216.0,223.1999969482422,206.39999389648438,216.0,216.0,6489
2022-03-17,213.60000610351562,220.8000030517578,204.0,211.1999969482422,211.1999969482422,13275
2022-03-18,211.1999969482422,237.60000610351562,211.1999969482422,230.39999389648438,230.39999389648438,10421
2022-03-21,232.8000030517578,237.60000610351562,216.0,216.0,216.0,6330
2022-03-22,220.8000030517578,223.1999969482422,213.60000610351562,220.8000030517578,220.8000030517578,5836
2022-03-23,213.60000610351562,220.8000030517578,211.1999969482422,213.60000610351562,213.60000610351562,5198
2022-03-24,211.1999969482422,220.8000030517578,208.8000030517578,218.39999389648438,218.39999389648438,4099
2022-03-25,220.8000030517578,220.8000030517578,208.8000030517578,213.60000610351562,213.60000610351562,4433
2022-03-28,211.1999969482422,213.60000610351562,201.60000610351562,206.39999389648438,206.39999389648438,5544
2022-03-29,211.1999969482422,216.0,208.8000030517578,208.8000030517578,208.8000030517578,6143
2022-03-30,211.1999969482422,220.8000030517578,204.0,206.39999389648438,206.39999389648438,9881
2022-03-31,211.1999969482422,218.39999389648438,199.1999969482422,201.60000610351562,201.60000610351562,6151
2022-04-01,206.39999389648438,213.60000610351562,201.60000610351562,211.1999969482422,211.1999969482422,5386
2022-04-04,213.60000610351562,228.0,208.8000030517578,223.1999969482422,223.1999969482422,5750
2022-04-05,218.39999389648438,225.60000610351562,216.0,216.0,216.0,3528
2022-04-06,216.0,218.39999389648438,204.0,216.0,216.0,3348
2022-04-07,216.0,220.8000030517578,211.1999969482422,213.60000610351562,213.60000610351562,3038
2022-04-08,216.0,220.8000030517578,199.1999969482422,201.60000610351562,201.60000610351562,4831
2022-04-11,201.60000610351562,204.0,187.1999969482422,192.0,192.0,6645
2022-04-12,194.39999389648438,194.39999389648438,182.39999389648438,184.8000030517578,184.8000030517578,4615
2022-04-13,187.1999969482422,206.39999389648438,184.8000030517578,199.1999969482422,199.1999969482422,6977
2022-04-14,201.60000610351562,204.0,187.1999969482422,192.0,192.0,3379
2022-04-18,189.60000610351562,192.0,175.1999969482422,177.60000610351562,177.60000610351562,5986
2022-04-19,177.60000610351562,184.8000030517578,175.1999969482422,180.0,180.0,3680
2022-04-20,184.8000030517578,184.8000030517578,172.8000030517578,177.60000610351562,177.60000610351562,3344
2022-04-21,175.1999969482422,180.0,163.1999969482422,165.60000610351562,165.60000610351562,4809
2022-04-22,168.0,170.39999389648438,160.8000030517578,165.60000610351562,165.60000610351562,4223
2022-04-25,165.60000610351562,170.39999389648438,158.39999389648438,168.0,168.0,5621
2022-04-26,168.0,170.39999389648438,153.60000610351562,156.0,156.0,4250
2022-04-27,156.0,165.60000610351562,153.60000610351562,156.0,156.0,6128
2022-04-28,158.39999389648438,160.8000030517578,146.39999389648438,153.60000610351562,153.60000610351562,4852
2022-04-29,160.8000030517578,160.8000030517578,148.8000030517578,148.8000030517578,148.8000030517578,3369
2022-05-02,148.8000030517578,156.0,144.0,148.8000030517578,148.8000030517578,5073
2022-05-03,153.60000610351562,153.60000610351562,144.0,146.39999389648438,146.39999389648438,7685
2022-05-04,146.39999389648438,151.1999969482422,139.1999969482422,151.1999969482422,151.1999969482422,5277
2022-05-05,151.1999969482422,151.1999969482422,139.1999969482422,141.60000610351562,141.60000610351562,6754
2022-05-06,141.60000610351562,146.39999389648438,134.39999389648438,139.1999969482422,139.1999969482422,5928
2022-05-09,132.0,136.8000030517578,124.80000305175781,127.19999694824219,127.19999694824219,6102
2022-05-10,127.19999694824219,136.8000030517578,122.4000015258789,132.0,132.0,4577
2022-05-11,127.19999694824219,132.0,120.0,122.4000015258789,122.4000015258789,3990
2022-05-12,120.0,132.0,115.19999694824219,122.4000015258789,122.4000015258789,4949
2022-05-13,124.80000305175781,141.60000610351562,124.80000305175781,134.39999389648438,134.39999389648438,4855
2022-05-16,132.0,141.60000610351562,132.0,134.39999389648438,134.39999389648438,3808
2022-05-17,139.1999969482422,148.8000030517578,136.8000030517578,144.0,144.0,3140
2022-05-18,139.1999969482422,151.1999969482422,136.8000030517578,136.8000030517578,136.8000030517578,3688
2022-05-19,136.8000030517578,146.39999389648438,136.8000030517578,139.1999969482422,139.1999969482422,2224
2022-05-20,141.60000610351562,151.1999969482422,139.1999969482422,151.1999969482422,151.1999969482422,4029
2022-05-23,153.60000610351562,156.0,146.39999389648438,151.1999969482422,151.1999969482422,3646
2022-05-24,146.39999389648438,151.1999969482422,139.1999969482422,148.8000030517578,148.8000030517578,5126
2022-05-25,146.39999389648438,153.60000610351562,136.8000030517578,139.1999969482422,139.1999969482422,3732
2022-05-26,141.60000610351562,146.39999389648438,139.1999969482422,141.60000610351562,141.60000610351562,2858
2022-05-27,141.60000610351562,153.60000610351562,139.1999969482422,148.8000030517578,148.8000030517578,4311
2022-05-31,151.1999969482422,163.1999969482422,148.8000030517578,156.0,156.0,5997
2022-06-01,156.0,165.60000610351562,144.0,144.0,144.0,4593
2022-06-02,146.39999389648438,153.60000610351562,141.60000610351562,151.1999969482422,151.1999969482422,3247
2022-06-03,151.1999969482422,160.8000030517578,148.8000030517578,153.60000610351562,153.60000610351562,3218
2022-06-06,156.0,160.8000030517578,148.8000030517578,158.39999389648438,158.39999389648438,5533
2022-06-07,158.39999389648438,175.1999969482422,158.39999389648438,172.8000030517578,172.8000030517578,7630
2022-06-08,177.60000610351562,189.60000610351562,175.1999969482422,187.1999969482422,187.1999969482422,5078
2022-06-09,189.60000610351562,204.0,180.0,194.39999389648438,194.39999389648438,8580
2022-06-10,189.60000610351562,192.0,168.0,175.1999969482422,175.1999969482422,6875
2022-06-13,172.8000030517578,175.1999969482422,158.39999389648438,165.60000610351562,165.60000610351562,4144
2022-06-14,168.0,172.8000030517578,160.8000030517578,163.1999969482422,163.1999969482422,2448
2022-06-15,163.1999969482422,170.39999389648438,160.8000030517578,168.0,168.0,2354
2022-06-16,163.1999969482422,168.0,151.1999969482422,153.60000610351562,153.60000610351562,5276
2022-06-17,153.60000610351562,168.0,153.60000610351562,160.8000030517578,160.8000030517578,4522
2022-06-21,168.0,170.39999389648438,156.0,158.39999389648438,158.39999389648438,6343
2022-06-22,158.39999389648438,163.1999969482422,156.0,158.39999389648438,158.39999389648438,5193
2022-06-23,160.8000030517578,170.39999389648438,156.0,170.39999389648438,170.39999389648438,5353
2022-06-24,172.8000030517578,182.39999389648438,156.0,158.39999389648438,158.39999389648438,49716
2022-06-27,160.8000030517578,163.1999969482422,151.1999969482422,158.39999389648438,158.39999389648438,3381
2022-06-28,160.8000030517578,163.1999969482422,151.1999969482422,156.0,156.0,2321
2022-06-29,156.0,175.1999969482422,146.39999389648438,165.60000610351562,165.60000610351562,6423
2022-06-30,163.1999969482422,168.0,158.39999389648438,163.1999969482422,163.1999969482422,1475
2022-07-01,163.1999969482422,168.0,156.0,156.0,156.0,5512
2022-07-05,158.39999389648438,182.39999389648438,156.0,177.60000610351562,177.60000610351562,8098
2022-07-06,177.60000610351562,220.8000030517578,177.60000610351562,213.60000610351562,213.60000610351562,16030
2022-07-07,220.8000030517578,223.1999969482422,204.0,213.60000610351562,213.60000610351562,8766
2022-07-08,216.0,230.39999389648438,211.1999969482422,228.0,228.0,3409
2022-07-11,235.1999969482422,249.60000610351562,218.39999389648438,223.1999969482422,223.1999969482422,10211
2022-07-12,216.0,230.39999389648438,211.1999969482422,230.39999389648438,230.39999389648438,2540
2022-07-13,225.60000610351562,228.0,211.1999969482422,220.8000030517578,220.8000030517578,1609
2022-07-14,218.39999389648438,228.0,213.60000610351562,225.60000610351562,225.60000610351562,1841
2022-07-15,225.60000610351562,228.0,213.60000610351562,216.0,216.0,1269
2022-07-18,220.8000030517578,225.60000610351562,206.39999389648438,206.39999389648438,206.39999389648438,4380
2022-07-19,213.60000610351562,225.60000610351562,213.60000610351562,223.1999969482422,223.1999969482422,1753
2022-07-20,223.1999969482422,249.60000610351562,218.39999389648438,232.8000030517578,232.8000030517578,4900
2022-07-21,232.8000030517578,244.8000030517578,220.8000030517578,232.8000030517578,232.8000030517578,5985
2022-07-22,230.39999389648438,235.1999969482422,218.39999389648438,223.1999969482422,223.1999969482422,2329
2022-07-25,228.0,228.0,206.39999389648438,213.60000610351562,213.60000610351562,2436
2022-07-26,213.60000610351562,213.60000610351562,208.8000030517578,211.1999969482422,211.1999969482422,1363
2022-07-27,213.60000610351562,213.60000610351562,199.1999969482422,201.60000610351562,201.60000610351562,2065
2022-07-28,208.8000030517578,216.0,204.0,208.8000030517578,208.8000030517578,1598
2022-07-29,211.1999969482422,213.60000610351562,201.60000610351562,201.60000610351562,201.60000610351562,1084
2022-08-01,201.60000610351562,216.0,201.60000610351562,204.0,204.0,1525
2022-08-02,211.1999969482422,213.60000610351562,204.0,208.8000030517578,208.8000030517578,1539
2022-08-03,206.39999389648438,220.8000030517578,206.39999389648438,216.0,216.0,1734
2022-08-04,218.39999389648438,240.0,216.0,232.8000030517578,232.8000030517578,2886
2022-08-05,225.60000610351562,247.1999969482422,225.60000610351562,240.0,240.0,3954
2022-08-08,232.8000030517578,249.60000610351562,216.0,216.0,216.0,5033
2022-08-09,225.60000610351562,228.0,208.8000030517578,213.60000610351562,213.60000610351562,3489
2022-08-10,213.60000610351562,230.39999389648438,213.60000610351562,223.1999969482422,223.1999969482422,2532
2022-08-11,225.60000610351562,228.0,213.60000610351562,218.39999389648438,218.39999389648438,2153
2022-08-12,213.60000610351562,232.8000030517578,213.60000610351562,228.0,228.0,2701
2022-08-15,223.1999969482422,237.60000610351562,216.0,235.1999969482422,235.1999969482422,1883
2022-08-16,232.8000030517578,232.8000030517578,218.39999389648438,220.8000030517578,220.8000030517578,3097
2022-08-17,220.8000030517578,230.39999389648438,220.8000030517578,223.1999969482422,223.1999969482422,1237
2022-08-18,228.0,290.3999938964844,228.0,271.20001220703125,271.20001220703125,45668
2022-08-19,261.6000061035156,261.6000061035156,232.8000030517578,240.0,240.0,7052
2022-08-22,242.39999389648438,259.20001220703125,242.39999389648438,252.0,252.0,5343
2022-08-23,252.0,254.39999389648438,240.0,247.1999969482422,247.1999969482422,2237
2022-08-24,244.8000030517578,292.79998779296875,244.8000030517578,292.79998779296875,292.79998779296875,14441
2022-08-25,300.0,319.20001220703125,280.79998779296875,316.79998779296875,316.79998779296875,6957
2022-08-26,316.79998779296875,316.79998779296875,278.3999938964844,290.3999938964844,290.3999938964844,6497
2022-08-29,283.20001220703125,290.3999938964844,268.79998779296875,278.3999938964844,278.3999938964844,5064
2022-08-30,280.79998779296875,283.20001220703125,254.39999389648438,256.79998779296875,256.79998779296875,4392
2022-08-31,256.79998779296875,278.3999938964844,256.79998779296875,271.20001220703125,271.20001220703125,3498
2022-09-01,273.6000061035156,273.6000061035156,254.39999389648438,266.3999938964844,266.3999938964844,1969
2022-09-02,268.79998779296875,283.20001220703125,259.20001220703125,273.6000061035156,273.6000061035156,2280
2022-09-06,271.20001220703125,273.6000061035156,254.39999389648438,254.39999389648438,254.39999389648438,2603
2022-09-07,256.79998779296875,268.79998779296875,252.0,268.79998779296875,268.79998779296875,3210
2022-09-08,273.6000061035156,304.79998779296875,268.79998779296875,304.79998779296875,304.79998779296875,5539
2022-09-09,304.79998779296875,319.20001220703125,295.20001220703125,312.0,312.0,4209
2022-09-12,312.0,324.0,309.6000061035156,314.3999938964844,314.3999938964844,2128
2022-09-13,309.6000061035156,362.3999938964844,304.79998779296875,338.3999938964844,338.3999938964844,8252
2022-09-14,338.3999938964844,364.79998779296875,321.6000061035156,328.79998779296875,328.79998779296875,7060
2022-09-15,328.79998779296875,336.0,290.3999938964844,307.20001220703125,307.20001220703125,5659
2022-09-16,295.20001220703125,295.20001220703125,278.3999938964844,290.3999938964844,290.3999938964844,5013
2022-09-19,283.20001220703125,292.79998779296875,268.79998779296875,290.3999938964844,290.3999938964844,6222
2022-09-20,285.6000061035156,292.79998779296875,259.20001220703125,266.3999938964844,266.3999938964844,6390
2022-09-21,268.79998779296875,268.79998779296875,252.0,256.79998779296875,256.79998779296875,3313
2022-09-22,256.79998779296875,266.3999938964844,254.39999389648438,264.0,264.0,2463
2022-09-23,264.0,268.79998779296875,240.0,247.1999969482422,247.1999969482422,4534
2022-09-26,244.8000030517578,259.20001220703125,244.8000030517578,252.0,252.0,1662
2022-09-27,254.39999389648438,256.79998779296875,240.0,252.0,252.0,1807
2022-09-28,247.1999969482422,280.79998779296875,242.39999389648438,278.3999938964844,278.3999938964844,7382
2022-09-29,278.3999938964844,278.3999938964844,252.0,256.79998779296875,256.79998779296875,3711
2022-09-30,254.39999389648438,273.6000061035156,247.1999969482422,247.1999969482422,247.1999969482422,3880
2022-10-03,256.79998779296875,259.20001220703125,242.39999389648438,254.39999389648438,254.39999389648438,1758
2022-10-04,256.79998779296875,266.3999938964844,256.79998779296875,259.20001220703125,259.20001220703125,2093
2022-10-05,259.20001220703125,259.20001220703125,240.0,256.79998779296875,256.79998779296875,3088
2022-10-06,256.79998779296875,268.79998779296875,254.39999389648438,259.20001220703125,259.20001220703125,934
2022-10-07,261.6000061035156,264.0,249.60000610351562,252.0,252.0,1376
2022-10-10,252.0,252.0,235.1999969482422,237.60000610351562,237.60000610351562,1547
2022-10-11,235.1999969482422,240.0,213.60000610351562,225.60000610351562,225.60000610351562,3753
2022-10-12,228.0,230.39999389648438,223.1999969482422,228.0,228.0,973
2022-10-13,225.60000610351562,230.39999389648438,213.60000610351562,228.0,228.0,2998
2022-10-14,228.0,232.8000030517578,216.0,218.39999389648438,218.39999389648438,1607
2022-10-17,218.39999389648438,230.39999389648438,218.39999389648438,223.1999969482422,223.1999969482422,1063
2022-10-18,228.0,240.0,218.39999389648438,220.8000030517578,220.8000030517578,1806
2022-10-19,220.8000030517578,228.0,213.60000610351562,213.60000610351562,213.60000610351562,1666
2022-10-20,216.0,225.60000610351562,213.60000610351562,216.0,216.0,883
2022-10-21,216.0,216.0,201.60000610351562,204.0,204.0,6064
2022-10-24,206.39999389648438,211.1999969482422,187.1999969482422,196.8000030517578,196.8000030517578,5221
2022-10-25,199.1999969482422,206.39999389648438,194.39999389648438,199.1999969482422,199.1999969482422,2415
2022-10-26,201.60000610351562,211.1999969482422,199.1999969482422,201.60000610351562,201.60000610351562,1841
2022-10-27,204.0,216.0,204.0,208.8000030517578,208.8000030517578,2554
2022-10-28,208.8000030517578,211.1999969482422,204.0,211.1999969482422,211.1999969482422,1281
2022-10-31,211.1999969482422,213.60000610351562,206.39999389648438,208.8000030517578,208.8000030517578,1139
2022-11-01,211.1999969482422,223.1999969482422,208.8000030517578,218.39999389648438,218.39999389648438,1553
2022-11-02,223.1999969482422,223.1999969482422,211.1999969482422,213.60000610351562,213.60000610351562,1033
2022-11-03,211.1999969482422,220.8000030517578,211.1999969482422,216.0,216.0,702
2022-11-04,220.8000030517578,220.8000030517578,208.8000030517578,211.1999969482422,211.1999969482422,1590
2022-11-07,220.8000030517578,223.1999969482422,208.8000030517578,208.8000030517578,208.8000030517578,1104
2022-11-08,208.8000030517578,216.0,208.8000030517578,216.0,216.0,1269
2022-11-09,216.0,216.0,196.8000030517578,199.1999969482422,199.1999969482422,2040
2022-11-10,220.8000030517578,220.8000030517578,199.1999969482422,206.39999389648438,206.39999389648438,1749
2022-11-11,218.39999389648438,232.8000030517578,208.8000030517578,225.60000610351562,225.60000610351562,2447
2022-11-14,235.1999969482422,235.1999969482422,225.60000610351562,225.60000610351562,225.60000610351562,948
2022-11-15,237.60000610351562,237.60000610351562,211.1999969482422,216.0,216.0,1640
2022-11-16,211.1999969482422,216.0,204.0,204.0,204.0,1143
2022-11-17,216.0,220.8000030517578,199.1999969482422,201.60000610351562,201.60000610351562,1485
2022-11-18,199.1999969482422,213.60000610351562,192.0,196.8000030517578,196.8000030517578,1496
2022-11-21,194.39999389648438,199.1999969482422,189.60000610351562,192.0,192.0,1362
2022-11-22,192.0,199.1999969482422,182.39999389648438,184.8000030517578,184.8000030517578,2489
2022-11-23,184.8000030517578,204.0,184.8000030517578,194.39999389648438,194.39999389648438,1942
2022-11-25,196.8000030517578,199.1999969482422,192.0,196.8000030517578,196.8000030517578,635
2022-11-28,196.8000030517578,199.1999969482422,194.39999389648438,196.8000030517578,196.8000030517578,999
2022-11-29,194.39999389648438,196.8000030517578,184.8000030517578,184.8000030517578,184.8000030517578,1298
2022-11-30,189.60000610351562,196.8000030517578,189.60000610351562,196.8000030517578,196.8000030517578,1283
2022-12-01,194.39999389648438,254.39999389648438,194.39999389648438,242.39999389648438,242.39999389648438,8894
2022-12-02,240.0,266.3999938964844,230.39999389648438,259.20001220703125,259.20001220703125,5209
2022-12-05,261.6000061035156,261.6000061035156,232.8000030517578,240.0,240.0,2778
2022-12-06,240.0,285.6000061035156,237.60000610351562,276.0,276.0,4777
2022-12-07,280.79998779296875,283.20001220703125,247.1999969482422,256.79998779296875,256.79998779296875,2400
2022-12-08,264.0,273.6000061035156,254.39999389648438,259.20001220703125,259.20001220703125,2283
2022-12-09,259.20001220703125,278.3999938964844,256.79998779296875,266.3999938964844,266.3999938964844,1808
2022-12-12,261.6000061035156,309.6000061035156,259.20001220703125,302.3999938964844,302.3999938964844,4079
2022-12-13,312.0,321.6000061035156,285.6000061035156,321.6000061035156,321.6000061035156,3167
2022-12-14,336.0,336.0,300.0,309.6000061035156,309.6000061035156,3060
2022-12-15,319.20001220703125,319.20001220703125,249.60000610351562,261.6000061035156,261.6000061035156,8276
2022-12-16,259.20001220703125,261.6000061035156,189.60000610351562,192.0,192.0,14949
2022-12-19,208.8000030517578,211.1999969482422,168.0,172.8000030517578,172.8000030517578,5219
2022-12-20,175.1999969482422,184.8000030517578,168.0,170.39999389648438,170.39999389648438,3070
2022-12-21,170.39999389648438,189.60000610351562,170.39999389648438,175.1999969482422,175.1999969482422,2288
2022-12-22,182.39999389648438,182.39999389648438,163.1999969482422,177.60000610351562,177.60000610351562,2722
2022-12-23,180.0,184.8000030517578,165.60000610351562,168.0,168.0,1320
2022-12-27,170.39999389648438,170.39999389648438,163.1999969482422,163.1999969482422,163.1999969482422,2240
2022-12-28,163.1999969482422,170.39999389648438,156.0,158.39999389648438,158.39999389648438,3453
2022-12-29,163.1999969482422,189.60000610351562,158.39999389648438,168.0,168.0,6363
2022-12-30,168.0,175.1999969482422,153.60000610351562,163.1999969482422,163.1999969482422,4463
2023-01-03,165.60000610351562,180.0,163.1999969482422,165.60000610351562,165.60000610351562,2016
2023-01-04,165.60000610351562,187.1999969482422,165.60000610351562,184.8000030517578,184.8000030517578,2860
2023-01-05,184.8000030517578,196.8000030517578,170.39999389648438,194.39999389648438,194.39999389648438,2073
2023-01-06,189.60000610351562,196.8000030517578,187.1999969482422,187.1999969482422,187.1999969482422,964
2023-01-09,192.0,204.0,189.60000610351562,192.0,192.0,1328
2023-01-10,192.0,204.0,192.0,204.0,204.0,1639
2023-01-11,196.8000030517578,213.60000610351562,194.39999389648438,211.1999969482422,211.1999969482422,2558
2023-01-12,213.60000610351562,213.60000610351562,204.0,211.1999969482422,211.1999969482422,2389
2023-01-13,213.60000610351562,223.1999969482422,208.8000030517578,218.39999389648438,218.39999389648438,2448
2023-01-17,228.0,249.60000610351562,216.0,249.60000610351562,249.60000610351562,3021
2023-01-18,254.39999389648438,254.39999389648438,216.0,235.1999969482422,235.1999969482422,2613
2023-01-19,240.0,240.0,230.39999389648438,235.1999969482422,235.1999969482422,1302
2023-01-20,232.8000030517578,240.0,220.8000030517578,223.1999969482422,223.1999969482422,1563
2023-01-23,225.60000610351562,232.8000030517578,218.39999389648438,220.8000030517578,220.8000030517578,1674
2023-01-24,211.1999969482422,225.60000610351562,204.0,220.8000030517578,220.8000030517578,2789
2023-01-25,223.1999969482422,223.1999969482422,199.1999969482422,204.0,204.0,2005
2023-01-26,206.39999389648438,211.1999969482422,192.0,201.60000610351562,201.60000610351562,1727
2023-01-27,199.1999969482422,206.39999389648438,189.60000610351562,194.39999389648438,194.39999389648438,2382
2023-01-30,199.1999969482422,199.1999969482422,189.60000610351562,189.60000610351562,189.60000610351562,912
2023-01-31,192.0,199.1999969482422,189.60000610351562,194.39999389648438,194.39999389648438,1285
2023-02-01,194.39999389648438,199.1999969482422,192.0,194.39999389648438,194.39999389648438,781
2023-02-02,194.39999389648438,211.1999969482422,189.60000610351562,208.8000030517578,208.8000030517578,2125
2023-02-03,206.39999389648438,216.0,199.1999969482422,201.60000610351562,201.60000610351562,1494
2023-02-06,199.1999969482422,211.1999969482422,199.1999969482422,211.1999969482422,211.1999969482422,1303
2023-02-07,211.1999969482422,211.1999969482422,194.39999389648438,206.39999389648438,206.39999389648438,2860
2023-02-08,201.60000610351562,208.8000030517578,192.0,192.0,192.0,1881
2023-02-09,194.39999389648438,201.60000610351562,180.0,182.39999389648438,182.39999389648438,2458
2023-02-10,192.0,192.0,172.8000030517578,175.1999969482422,175.1999969482422,2583
2023-02-13,184.8000030517578,184.8000030517578,168.0,170.39999389648438,170.39999389648438,2953
2023-02-14,170.39999389648438,182.39999389648438,165.60000610351562,168.0,168.0,2730
2023-02-15,168.0,180.0,168.0,177.60000610351562,177.60000610351562,2091
2023-02-16,170.39999389648438,182.39999389648438,170.39999389648438,177.60000610351562,177.60000610351562,1570
2023-02-17,175.1999969482422,182.39999389648438,172.8000030517578,175.1999969482422,175.1999969482422,1363
2023-02-21,177.60000610351562,180.0,170.39999389648438,175.1999969482422,175.1999969482422,2615
2023-02-22,177.60000610351562,180.0,170.39999389648438,172.8000030517578,172.8000030517578,1987
2023-02-23,175.1999969482422,177.60000610351562,165.60000610351562,168.0,168.0,2495
2023-02-24,168.0,170.39999389648438,160.8000030517578,160.8000030517578,160.8000030517578,2761
2023-02-27,165.60000610351562,180.0,163.1999969482422,172.8000030517578,172.8000030517578,2448
2023-02-28,172.8000030517578,194.39999389648438,165.60000610351562,189.60000610351562,189.60000610351562,6465
2023-03-01,192.0,194.39999389648438,175.1999969482422,175.1999969482422,175.1999969482422,2698
2023-03-02,168.0,177.60000610351562,163.1999969482422,168.0,168.0,2764
2023-03-03,170.39999389648438,175.1999969482422,165.60000610351562,170.39999389648438,170.39999389648438,1875
2023-03-06,168.0,170.39999389648438,158.39999389648438,160.8000030517578,160.8000030517578,4708
2023-03-07,163.1999969482422,165.60000610351562,146.39999389648438,151.1999969482422,151.1999969482422,4627
2023-03-08,151.1999969482422,153.60000610351562,146.39999389648438,146.39999389648438,146.39999389648438,2310
2023-03-09,153.60000610351562,153.60000610351562,139.1999969482422,141.60000610351562,141.60000610351562,3157
2023-03-10,139.1999969482422,158.39999389648438,139.1999969482422,158.39999389648438,158.39999389648438,5877
2023-03-13,158.39999389648438,160.8000030517578,146.39999389648438,153.60000610351562,153.60000610351562,3109
2023-03-14,156.0,168.0,151.1999969482422,165.60000610351562,165.60000610351562,2346
2023-03-15,168.0,170.39999389648438,148.8000030517578,151.1999969482422,151.1999969482422,3247
2023-03-16,158.39999389648438,168.0,153.60000610351562,163.1999969482422,163.1999969482422,2611
2023-03-17,168.0,168.0,158.39999389648438,158.39999389648438,158.39999389648438,1983
2023-03-20,163.1999969482422,165.60000610351562,156.0,165.60000610351562,165.60000610351562,2804
2023-03-21,170.39999389648438,177.60000610351562,163.1999969482422,172.8000030517578,172.8000030517578,3898
2023-03-22,175.1999969482422,177.60000610351562,163.1999969482422,163.1999969482422,163.1999969482422,2695
2023-03-23,170.39999389648438,172.8000030517578,158.39999389648438,165.60000610351562,165.60000610351562,1720
2023-03-24,168.0,170.39999389648438,160.8000030517578,163.1999969482422,163.1999969482422,2306
2023-03-27,163.1999969482422,168.0,158.39999389648438,163.1999969482422,163.1999969482422,1759
2023-03-28,163.1999969482422,168.0,160.8000030517578,168.0,168.0,979
2023-03-29,170.39999389648438,175.1999969482422,163.1999969482422,172.8000030517578,172.8000030517578,1890
2023-03-30,172.8000030517578,175.1999969482422,165.60000610351562,165.60000610351562,165.60000610351562,1633
2023-03-31,168.0,170.39999389648438,160.8000030517578,165.60000610351562,165.60000610351562,1271
2023-04-03,165.60000610351562,177.60000610351562,165.60000610351562,177.60000610351562,177.60000610351562,1819
2023-04-04,177.60000610351562,180.0,175.1999969482422,180.0,180.0,1567
2023-04-05,182.39999389648438,182.39999389648438,175.1999969482422,177.60000610351562,177.60000610351562,732
2023-04-06,177.60000610351562,187.1999969482422,177.60000610351562,187.1999969482422,187.1999969482422,1461
2023-04-10,187.1999969482422,199.1999969482422,177.60000610351562,196.8000030517578,196.8000030517578,1544
2023-04-11,192.0,223.1999969482422,192.0,211.1999969482422,211.1999969482422,3870
2023-04-12,208.8000030517578,216.0,196.8000030517578,201.60000610351562,201.60000610351562,1547
2023-04-13,199.1999969482422,204.0,187.1999969482422,194.39999389648438,194.39999389648438,1538
2023-04-14,194.39999389648438,204.0,187.1999969482422,187.1999969482422,187.1999969482422,1393
2023-04-17,187.1999969482422,192.0,182.39999389648438,184.8000030517578,184.8000030517578,963
2023-04-18,189.60000610351562,192.0,177.60000610351562,189.60000610351562,189.60000610351562,1009
2023-04-19,187.1999969482422,194.39999389648438,182.39999389648438,192.0,192.0,690
2023-04-20,189.60000610351562,192.0,177.60000610351562,177.60000610351562,177.60000610351562,1679
2023-04-21,175.1999969482422,182.39999389648438,158.39999389648438,163.1999969482422,163.1999969482422,4589
2023-04-24,163.1999969482422,168.0,163.1999969482422,168.0,168.0,713
2023-04-25,168.0,168.0,156.0,160.8000030517578,160.8000030517578,1335
2023-04-26,163.1999969482422,163.1999969482422,156.0,158.39999389648438,158.39999389648438,1444
2023-04-27,160.8000030517578,168.0,156.0,165.60000610351562,165.60000610351562,1023
2023-04-28,165.60000610351562,168.0,160.8000030517578,165.60000610351562,165.60000610351562,448
2023-05-01,163.1999969482422,168.0,160.8000030517578,165.60000610351562,165.60000610351562,690
2023-05-02,160.8000030517578,177.60000610351562,160.8000030517578,177.60000610351562,177.60000610351562,1306
2023-05-03,175.1999969482422,184.8000030517578,170.39999389648438,180.0,180.0,1029
2023-05-04,175.1999969482422,192.0,175.1999969482422,192.0,192.0,986
2023-05-05,184.8000030517578,204.0,184.8000030517578,201.60000610351562,201.60000610351562,2864
2023-05-08,196.8000030517578,201.60000610351562,196.8000030517578,199.1999969482422,199.1999969482422,996
2023-05-09,194.39999389648438,201.60000610351562,189.60000610351562,201.60000610351562,201.60000610351562,743
2023-05-10,196.8000030517578,223.1999969482422,196.8000030517578,220.8000030517578,220.8000030517578,3214
2023-05-11,220.8000030517578,220.8000030517578,208.8000030517578,208.8000030517578,208.8000030517578,1076
2023-05-12,211.1999969482422,213.60000610351562,201.60000610351562,204.0,204.0,548
2023-05-15,208.8000030517578,218.39999389648438,199.1999969482422,218.39999389648438,218.39999389648438,2135
2023-05-16,213.60000610351562,220.8000030517578,213.60000610351562,220.8000030517578,220.8000030517578,659
2023-05-17,220.8000030517578,232.8000030517578,211.1999969482422,232.8000030517578,232.8000030517578,1928
2023-05-18,232.8000030517578,264.0,232.8000030517578,254.39999389648438,254.39999389648438,5867
2023-05-19,254.39999389648438,259.20001220703125,240.0,242.39999389648438,242.39999389648438,2118
2023-05-22,242.39999389648438,249.60000610351562,228.0,237.60000610351562,237.60000610351562,2968
2023-05-23,235.1999969482422,242.39999389648438,235.1999969482422,240.0,240.0,1685
2023-05-24,235.1999969482422,237.60000610351562,213.60000610351562,220.8000030517578,220.8000030517578,1543
2023-05-25,220.8000030517578,228.0,218.39999389648438,218.39999389648438,218.39999389648438,564
2023-05-26,216.0,230.39999389648438,211.1999969482422,220.8000030517578,220.8000030517578,1032
2023-05-30,213.60000610351562,218.39999389648438,199.1999969482422,208.8000030517578,208.8000030517578,3684
2023-05-31,208.8000030517578,232.8000030517578,204.0,223.1999969482422,223.1999969482422,2103
2023-06-01,211.1999969482422,235.1999969482422,208.8000030517578,230.39999389648438,230.39999389648438,1345
2023-06-02,237.60000610351562,237.60000610351562,220.8000030517578,225.60000610351562,225.60000610351562,705
2023-06-05,223.1999969482422,235.1999969482422,223.1999969482422,230.39999389648438,230.39999389648438,1601
2023-06-06,228.0,242.39999389648438,228.0,235.1999969482422,235.1999969482422,3472
2023-06-07,235.1999969482422,237.60000610351562,213.60000610351562,216.0,216.0,2449
2023-06-08,216.0,232.8000030517578,208.8000030517578,220.8000030517578,220.8000030517578,2870
2023-06-09,211.1999969482422,225.60000610351562,208.8000030517578,220.8000030517578,220.8000030517578,2137
2023-06-12,223.1999969482422,232.8000030517578,218.39999389648438,232.8000030517578,232.8000030517578,1838
2023-06-13,232.8000030517578,266.3999938964844,230.39999389648438,264.0,264.0,7363
2023-06-14,259.20001220703125,283.20001220703125,249.60000610351562,264.0,264.0,4206
2023-06-15,268.79998779296875,280.79998779296875,252.0,252.0,252.0,2220
2023-06-16,261.6000061035156,268.79998779296875,237.60000610351562,237.60000610351562,237.60000610351562,4493
2023-06-20,235.1999969482422,280.79998779296875,232.8000030517578,271.20001220703125,271.20001220703125,5162
2023-06-21,278.3999938964844,278.3999938964844,247.1999969482422,254.39999389648438,254.39999389648438,3644
2023-06-22,264.0,292.79998779296875,247.1999969482422,271.20001220703125,271.20001220703125,6725
2023-06-23,264.0,295.20001220703125,264.0,278.3999938964844,278.3999938964844,4872
2023-06-26,285.6000061035156,288.0,259.20001220703125,266.3999938964844,266.3999938964844,2155
2023-06-27,268.79998779296875,288.0,261.6000061035156,276.0,276.0,2545
2023-06-28,276.0,300.0,268.79998779296875,292.79998779296875,292.79998779296875,3984
2023-06-29,295.20001220703125,300.0,280.79998779296875,290.3999938964844,290.3999938964844,1908
2023-06-30,295.20001220703125,295.20001220703125,273.6000061035156,288.0,288.0,2569
2023-07-03,285.6000061035156,292.79998779296875,283.20001220703125,288.0,288.0,1103
2023-07-05,280.79998779296875,297.6000061035156,280.79998779296875,290.3999938964844,290.3999938964844,1308
2023-07-06,283.20001220703125,300.0,268.79998779296875,300.0,300.0,3656
2023-07-07,288.0,300.0,283.20001220703125,290.3999938964844,290.3999938964844,1611
2023-07-10,295.20001220703125,300.0,292.79998779296875,295.20001220703125,295.20001220703125,1543
2023-07-11,290.3999938964844,312.0,290.3999938964844,304.79998779296875,304.79998779296875,2893
2023-07-12,304.79998779296875,338.3999938964844,300.0,326.3999938964844,326.3999938964844,5790
2023-07-13,326.3999938964844,331.20001220703125,295.20001220703125,319.20001220703125,319.20001220703125,4643
2023-07-14,319.20001220703125,326.3999938964844,304.79998779296875,316.79998779296875,316.79998779296875,2077
2023-07-17,321.6000061035156,360.0,312.0,355.20001220703125,355.20001220703125,5528
2023-07-18,355.20001220703125,374.3999938964844,338.3999938964844,355.20001220703125,355.20001220703125,4452
2023-07-19,355.20001220703125,396.0,343.20001220703125,393.6000061035156,393.6000061035156,8895
2023-07-20,384.0,388.79998779296875,343.20001220703125,352.79998779296875,352.79998779296875,6057
2023-07-21,357.6000061035156,388.79998779296875,352.79998779296875,379.20001220703125,379.20001220703125,4783
2023-07-24,386.3999938964844,386.3999938964844,326.3999938964844,343.20001220703125,343.20001220703125,6216
2023-07-25,348.0,348.0,297.6000061035156,314.3999938964844,314.3999938964844,5151
2023-07-26,309.6000061035156,324.0,302.3999938964844,324.0,324.0,2327
2023-07-27,328.79998779296875,331.20001220703125,314.3999938964844,321.6000061035156,321.6000061035156,2145
2023-07-28,321.6000061035156,364.79998779296875,321.6000061035156,362.3999938964844,362.3999938964844,4408
2023-07-31,367.20001220703125,372.0,343.20001220703125,367.20001220703125,367.20001220703125,2630
2023-08-01,369.6000061035156,384.0,350.3999938964844,379.20001220703125,379.20001220703125,3549
2023-08-02,379.20001220703125,379.20001220703125,350.3999938964844,374.3999938964844,374.3999938964844,3351
2023-08-03,374.3999938964844,398.3999938964844,364.79998779296875,376.79998779296875,376.79998779296875,3133
2023-08-04,384.0,386.3999938964844,352.79998779296875,376.79998779296875,376.79998779296875,3139
2023-08-07,369.6000061035156,381.6000061035156,350.3999938964844,369.6000061035156,369.6000061035156,3538
2023-08-08,367.20001220703125,374.3999938964844,360.0,367.20001220703125,367.20001220703125,2291
2023-08-09,364.79998779296875,369.6000061035156,338.3999938964844,360.0,360.0,4171
2023-08-10,360.0,364.79998779296875,345.6000061035156,355.20001220703125,355.20001220703125,2740
2023-08-11,352.79998779296875,357.6000061035156,331.20001220703125,345.6000061035156,345.6000061035156,4016
2023-08-14,336.0,336.0,290.3999938964844,319.20001220703125,319.20001220703125,5849
2023-08-15,312.0,321.6000061035156,276.0,280.79998779296875,280.79998779296875,9088
2023-08-16,290.3999938964844,295.20001220703125,249.60000610351562,280.79998779296875,280.79998779296875,8284
2023-08-17,288.0,297.6000061035156,278.3999938964844,283.20001220703125,283.20001220703125,4796
2023-08-18,280.79998779296875,288.0,266.3999938964844,268.79998779296875,268.79998779296875,4790
2023-08-21,276.0,300.0,271.20001220703125,292.79998779296875,292.79998779296875,4473
2023-08-22,292.79998779296875,292.79998779296875,264.0,266.3999938964844,266.3999938964844,3653
2023-08-23,264.0,271.20001220703125,254.39999389648438,259.20001220703125,259.20001220703125,3450
2023-08-24,256.79998779296875,264.0,242.39999389648438,256.79998779296875,256.79998779296875,3795
2023-08-25,261.6000061035156,266.3999938964844,249.60000610351562,261.6000061035156,261.6000061035156,3127
2023-08-28,261.6000061035156,268.79998779296875,256.79998779296875,261.6000061035156,261.6000061035156,1682
2023-08-29,261.6000061035156,268.79998779296875,249.60000610351562,252.0,252.0,2499
2023-08-30,256.79998779296875,264.0,254.39999389648438,259.20001220703125,259.20001220703125,1715
2023-08-31,261.6000061035156,292.79998779296875,259.20001220703125,261.6000061035156,261.6000061035156,4495
2023-09-01,271.20001220703125,273.6000061035156,254.39999389648438,261.6000061035156,261.6000061035156,2690
2023-09-05,259.20001220703125,266.3999938964844,244.8000030517578,247.1999969482422,247.1999969482422,2035
2023-09-06,252.0,254.39999389648438,232.8000030517578,232.8000030517578,232.8000030517578,4512
2023-09-07,230.39999389648438,237.60000610351562,218.39999389648438,232.8000030517578,232.8000030517578,2957
2023-09-08,240.0,244.8000030517578,232.8000030517578,244.8000030517578,244.8000030517578,2672
2023-09-11,247.1999969482422,252.0,240.0,242.39999389648438,242.39999389648438,4370
2023-09-12,244.8000030517578,254.39999389648438,220.8000030517578,228.0,228.0,3775
2023-09-13,223.1999969482422,232.8000030517578,220.8000030517578,223.1999969482422,223.1999969482422,1758
2023-09-14,225.60000610351562,235.1999969482422,225.60000610351562,225.60000610351562,225.60000610351562,2455
2023-09-15,228.0,230.39999389648438,220.8000030517578,220.8000030517578,220.8000030517578,2145
2023-09-18,225.60000610351562,225.60000610351562,196.8000030517578,201.60000610351562,201.60000610351562,4161
2023-09-19,206.39999389648438,242.39999389648438,201.60000610351562,240.0,240.0,10243
2023-09-20,69.5999984741211,79.19999694824219,55.20000076293945,74.4000015258789,74.4000015258789,229409
2023-09-21,55.20000076293945,57.599998474121094,45.599998474121094,45.599998474121094,45.599998474121094,140740
2023-09-22,43.20000076293945,45.599998474121094,36.0,38.400001525878906,38.400001525878906,108486
2023-09-25,40.79999923706055,40.79999923706055,36.0,38.400001525878906,38.400001525878906,58371
2023-09-26,38.400001525878906,43.20000076293945,38.400001525878906,43.20000076293945,43.20000076293945,64885
2023-09-27,43.20000076293945,50.400001525878906,43.20000076293945,48.0,48.0,100078
2023-09-28,48.0,48.0,38.400001525878906,43.20000076293945,43.20000076293945,55653
2023-09-29,43.20000076293945,48.0,40.79999923706055,43.20000076293945,43.20000076293945,22731
2023-10-02,45.599998474121094,48.0,45.599998474121094,45.599998474121094,45.599998474121094,23617
2023-10-03,45.599998474121094,48.0,45.599998474121094,48.0,48.0,26839
2023-10-04,48.0,48.0,43.20000076293945,43.20000076293945,43.20000076293945,14025
2023-10-05,43.20000076293945,45.599998474121094,43.20000076293945,45.599998474121094,45.599998474121094,13655
2023-10-06,45.599998474121094,45.599998474121094,43.20000076293945,45.599998474121094,45.599998474121094,9955
2023-10-09,45.599998474121094,45.599998474121094,43.20000076293945,45.599998474121094,45.599998474121094,14489
2023-10-10,43.20000076293945,45.599998474121094,43.20000076293945,45.599998474121094,45.599998474121094,7899
2023-10-11,45.599998474121094,48.0,45.599998474121094,48.0,48.0,16128
2023-10-12,48.0,48.0,45.599998474121094,45.599998474121094,45.599998474121094,11477
2023-10-13,43.20000076293945,45.599998474121094,40.79999923706055,43.20000076293945,43.20000076293945,17329
2023-10-16,43.20000076293945,45.599998474121094,40.79999923706055,43.20000076293945,43.20000076293945,10301
2023-10-17,43.20000076293945,50.400001525878906,43.20000076293945,48.0,48.0,41306
2023-10-18,48.0,48.0,43.20000076293945,43.20000076293945,43.20000076293945,14156
2023-10-19,43.20000076293945,45.599998474121094,43.20000076293945,45.599998474121094,45.599998474121094,14075
2023-10-20,45.599998474121094,50.400001525878906,45.599998474121094,48.0,48.0,22950
2023-10-23,50.400001525878906,52.79999923706055,48.0,50.400001525878906,50.400001525878906,27061
2023-10-24,50.400001525878906,50.400001525878906,45.599998474121094,48.0,48.0,20132
2023-10-25,48.0,52.79999923706055,48.0,52.79999923706055,52.79999923706055,20368
2023-10-26,50.400001525878906,52.79999923706055,48.0,50.400001525878906,50.400001525878906,14799
2023-10-27,50.400001525878906,52.79999923706055,48.0,50.400001525878906,50.400001525878906,12675
2023-10-30,48.0,50.400001525878906,40.79999923706055,43.20000076293945,43.20000076293945,29486
2023-10-31,43.20000076293945,45.599998474121094,43.20000076293945,45.599998474121094,45.599998474121094,9104
2023-11-01,45.599998474121094,45.599998474121094,43.20000076293945,43.20000076293945,43.20000076293945,8917
2023-11-02,45.599998474121094,45.599998474121094,43.20000076293945,43.20000076293945,43.20000076293945,10645
2023-11-03,43.20000076293945,45.599998474121094,43.20000076293945,43.20000076293945,43.20000076293945,11487
2023-11-06,43.20000076293945,45.599998474121094,43.20000076293945,43.20000076293945,43.20000076293945,8413
2023-11-07,43.20000076293945,43.20000076293945,38.400001525878906,38.400001525878906,38.400001525878906,17984
2023-11-08,38.400001525878906,43.20000076293945,38.400001525878906,40.79999923706055,40.79999923706055,14557
2023-11-09,40.79999923706055,43.20000076293945,38.400001525878906,38.400001525878906,38.400001525878906,11740
2023-11-10,38.400001525878906,40.79999923706055,33.599998474121094,36.0,36.0,22216
2023-11-13,36.0,36.0,28.799999237060547,28.799999237060547,28.799999237060547,23815
2023-11-14,31.200000762939453,31.200000762939453,26.399999618530273,28.799999237060547,28.799999237060547,23847
2023-11-15,31.200000762939453,33.599998474121094,26.399999618530273,28.799999237060547,28.799999237060547,13914
2023-11-16,31.200000762939453,31.200000762939453,28.799999237060547,28.799999237060547,28.799999237060547,10006
2023-11-17,28.799999237060547,31.200000762939453,28.799999237060547,31.200000762939453,31.200000762939453,13463
2023-11-20,31.200000762939453,31.200000762939453,28.799999237060547,28.799999237060547,28.799999237060547,12993
2023-11-21,31.200000762939453,33.599998474121094,28.799999237060547,31.200000762939453,31.200000762939453,14069
2023-11-22,31.200000762939453,43.20000076293945,31.200000762939453,40.79999923706055,40.79999923706055,43281
2023-11-24,38.400001525878906,38.400001525878906,28.799999237060547,31.200000762939453,31.200000762939453,46197
2023-11-27,33.599998474121094,33.599998474121094,24.0,26.399999618530273,26.399999618530273,76139
2023-11-28,23.760000228881836,23.920000076293945,17.920000076293945,19.040000915527344,19.040000915527344,228138
2023-11-29,11.359999656677246,12.5600004196167,9.920000076293945,10.0,10.0,593300
2023-11-30,10.319999694824219,10.720000267028809,8.319999694824219,10.079999923706055,10.079999923706055,523875
2023-12-01,9.279999732971191,11.199999809265137,9.279999732971191,11.039999961853027,11.039999961853027,233050
2023-12-04,11.039999961853027,17.360000610351562,10.960000038146973,15.680000305175781,15.680000305175781,626313
2023-12-05,15.359999656677246,16.079999923706055,10.800000190734863,11.520000457763672,11.520000457763672,257863
2023-12-06,12.15999984741211,14.720000267028809,11.600000381469727,12.399999618530273,12.399999618530273,222913
2023-12-07,13.119999885559082,14.0,12.15999984741211,13.520000457763672,13.520000457763672,141700
2023-12-08,13.600000381469727,13.760000228881836,13.039999961853027,13.279999732971191,13.279999732971191,55063
2023-12-11,13.520000457763672,13.520000457763672,10.800000190734863,10.880000114440918,10.880000114440918,105713
2023-12-12,11.039999961853027,11.359999656677246,10.0,10.880000114440918,10.880000114440918,85475
2023-12-13,10.720000267028809,13.199999809265137,10.640000343322754,12.640000343322754,12.640000343322754,101600
2023-12-14,12.15999984741211,12.640000343322754,11.279999732971191,11.680000305175781,11.680000305175781,88088
2023-12-15,11.920000076293945,12.720000267028809,11.279999732971191,12.479999542236328,12.479999542236328,72600
2023-12-18,13.039999961853027,14.239999771118164,12.640000343322754,12.800000190734863,12.800000190734863,108225
2023-12-19,12.079999923706055,13.600000381469727,11.520000457763672,12.880000114440918,12.880000114440918,107988
2023-12-20,12.800000190734863,12.880000114440918,11.84000015258789,11.84000015258789,11.84000015258789,45725
2023-12-21,11.680000305175781,12.239999771118164,11.279999732971191,11.84000015258789,11.84000015258789,42813
2023-12-22,12.15999984741211,12.479999542236328,11.680000305175781,12.479999542236328,12.479999542236328,66675
2023-12-26,12.5600004196167,13.119999885559082,12.479999542236328,12.960000038146973,12.960000038146973,38463
2023-12-27,13.039999961853027,13.199999809265137,12.399999618530273,12.399999618530273,12.399999618530273,37950
2023-12-28,12.399999618530273,12.800000190734863,11.520000457763672,11.600000381469727,11.600000381469727,37000
2023-12-29,12.079999923706055,12.079999923706055,10.800000190734863,11.119999885559082,11.119999885559082,52538
2024-01-02,11.4399995803833,11.520000457763672,10.5600004196167,11.039999961853027,11.039999961853027,33538
2024-01-03,10.880000114440918,11.039999961853027,10.5600004196167,10.640000343322754,10.640000343322754,26663
2024-01-04,10.720000267028809,10.800000190734863,10.479999542236328,10.640000343322754,10.640000343322754,9025
2024-01-05,10.5600004196167,10.960000038146973,10.399999618530273,10.720000267028809,10.720000267028809,26913
2024-01-08,10.880000114440918,11.600000381469727,10.399999618530273,11.4399995803833,11.4399995803833,33163
2024-01-09,11.600000381469727,15.4399995803833,11.520000457763672,14.319999694824219,14.319999694824219,200800
2024-01-10,14.319999694824219,14.319999694824219,12.0,13.119999885559082,13.119999885559082,89513
2024-01-11,12.880000114440918,13.359999656677246,12.399999618530273,13.039999961853027,13.039999961853027,41638
2024-01-12,12.800000190734863,12.800000190734863,11.119999885559082,11.279999732971191,11.279999732971191,50500
2024-01-16,11.359999656677246,11.920000076293945,10.5600004196167,10.640000343322754,10.640000343322754,30963
2024-01-17,10.800000190734863,11.680000305175781,10.0,10.15999984741211,10.15999984741211,26163
2024-01-18,10.15999984741211,11.199999809265137,10.15999984741211,10.800000190734863,10.800000190734863,21700
2024-01-19,10.880000114440918,10.880000114440918,9.600000381469727,10.15999984741211,10.15999984741211,25863
2024-01-22,10.640000343322754,10.640000343322754,9.680000305175781,10.239999771118164,10.239999771118164,59775
2024-01-23,10.319999694824219,10.399999618530273,9.199999809265137,9.680000305175781,9.680000305175781,43988
2024-01-24,9.680000305175781,10.0,8.640000343322754,8.640000343322754,8.640000343322754,39963
2024-01-25,8.800000190734863,9.279999732971191,8.239999771118164,8.399999618530273,8.399999618530273,41750
2024-01-26,8.0,8.800000190734863,7.519999980926514,8.5600004196167,8.5600004196167,86375
2024-01-29,8.720000267028809,9.520000457763672,8.319999694824219,9.119999885559082,9.119999885559082,69638
2024-01-30,9.039999961853027,9.119999885559082,8.319999694824219,8.479999542236328,8.479999542236328,39938
2024-01-31,8.479999542236328,8.720000267028809,8.079999923706055,8.15999984741211,8.15999984741211,29775
2024-02-01,8.079999923706055,8.399999618530273,7.760000228881836,7.920000076293945,7.920000076293945,38838
2024-02-02,7.840000152587891,8.0,6.800000190734863,6.960000038146973,6.960000038146973,73738
2024-02-05,7.119999885559082,7.360000133514404,6.639999866485596,6.71999979019165,6.71999979019165,41175
2024-02-06,6.880000114440918,7.039999961853027,6.0,6.159999847412109,6.159999847412109,156563
2024-02-07,6.0,6.320000171661377,5.679999828338623,6.159999847412109,6.159999847412109,52138
2024-02-08,5.840000152587891,6.400000095367432,5.840000152587891,6.320000171661377,6.320000171661377,29863
2024-02-09,6.239999771118164,6.639999866485596,5.920000076293945,6.159999847412109,6.159999847412109,33388
2024-02-12,6.400000095367432,6.480000019073486,6.159999847412109,6.480000019073486,6.480000019073486,36138
2024-02-13,6.320000171661377,6.559999942779541,6.159999847412109,6.320000171661377,6.320000171661377,27838
2024-02-14,6.159999847412109,6.559999942779541,6.159999847412109,6.559999942779541,6.559999942779541,25600
2024-02-15,6.559999942779541,6.880000114440918,6.559999942779541,6.639999866485596,6.639999866485596,32175
2024-02-16,6.639999866485596,6.71999979019165,6.400000095367432,6.639999866485596,6.639999866485596,18738
2024-02-20,6.559999942779541,6.639999866485596,6.159999847412109,6.320000171661377,6.320000171661377,29425
2024-02-21,6.239999771118164,6.559999942779541,6.079999923706055,6.400000095367432,6.400000095367432,22800
2024-02-22,6.320000171661377,6.639999866485596,6.239999771118164,6.639999866485596,6.639999866485596,22150
2024-02-23,6.559999942779541,8.239999771118164,6.400000095367432,8.0,8.0,58425
2024-02-26,7.920000076293945,8.319999694824219,6.639999866485596,7.760000228881836,7.760000228881836,34400
2024-02-27,7.599999904632568,8.399999618530273,7.599999904632568,7.920000076293945,7.920000076293945,57775
2024-02-28,8.15999984741211,9.4399995803833,8.0,9.279999732971191,9.279999732971191,75338
2024-02-29,9.680000305175781,10.720000267028809,9.520000457763672,10.319999694824219,10.319999694824219,128725
2024-03-01,10.800000190734863,10.880000114440918,9.199999809265137,9.920000076293945,9.920000076293945,55525
2024-03-04,10.15999984741211,10.15999984741211,9.359999656677246,9.600000381469727,9.600000381469727,24213
2024-03-05,9.600000381469727,9.600000381469727,8.239999771118164,8.319999694824219,8.319999694824219,56175
2024-03-06,8.0,9.199999809265137,8.0,9.039999961853027,9.039999961853027,31988
2024-03-07,9.600000381469727,10.079999923706055,8.880000114440918,9.279999732971191,9.279999732971191,56750
2024-03-08,9.279999732971191,10.15999984741211,9.119999885559082,9.520000457763672,9.520000457763672,45113
2024-03-11,9.520000457763672,9.84000015258789,9.119999885559082,9.520000457763672,9.520000457763672,22725
2024-03-12,9.4399995803833,9.520000457763672,8.800000190734863,9.039999961853027,9.039999961853027,21700
2024-03-13,9.199999809265137,9.199999809265137,8.15999984741211,8.5600004196167,8.5600004196167,29888
2024-03-14,8.800000190734863,8.880000114440918,8.399999618530273,8.399999618530273,8.399999618530273,13863
2024-03-15,8.720000267028809,8.720000267028809,8.0,8.0,8.0,37375
2024-03-18,7.920000076293945,8.079999923706055,7.28000020980835,7.360000133514404,7.360000133514404,41250
2024-03-19,3.359999895095825,5.760000228881836,2.9600000381469727,5.199999809265137,5.199999809265137,423513
2024-03-20,4.960000038146973,5.199999809265137,4.079999923706055,4.400000095367432,4.400000095367432,108813
2024-03-21,4.480000019073486,4.480000019073486,3.9200000762939453,3.9200000762939453,3.9200000762939453,87025
2024-03-22,4.0,4.239999771118164,4.0,4.079999923706055,4.079999923706055,43763
2024-03-25,4.239999771118164,4.239999771118164,3.680000066757202,3.9200000762939453,3.9200000762939453,50538
2024-03-26,3.9200000762939453,4.320000171661377,3.9200000762939453,4.239999771118164,4.239999771118164,39238
2024-03-27,4.159999847412109,5.199999809265137,4.159999847412109,5.119999885559082,5.119999885559082,78988
2024-03-28,5.199999809265137,5.440000057220459,4.559999942779541,4.71999979019165,4.71999979019165,55950
2024-04-01,5.199999809265137,5.199999809265137,4.320000171661377,4.71999979019165,4.71999979019165,55138
2024-04-02,4.639999866485596,4.639999866485596,4.320000171661377,4.480000019073486,4.480000019073486,25038
2024-04-03,4.400000095367432,4.800000190734863,4.159999847412109,4.480000019073486,4.480000019073486,53400
2024-04-04,4.400000095367432,4.639999866485596,4.159999847412109,4.320000171661377,4.320000171661377,39750
2024-04-05,4.320000171661377,4.480000019073486,4.079999923706055,4.239999771118164,4.239999771118164,39163
2024-04-08,4.320000171661377,4.400000095367432,3.8399999141693115,4.079999923706055,4.079999923706055,43363
2024-04-09,4.079999923706055,4.159999847412109,3.680000066757202,3.9200000762939453,3.9200000762939453,45713
2024-04-10,3.9200000762939453,4.559999942779541,3.9200000762939453,4.320000171661377,4.320000171661377,74113
2024-04-11,4.400000095367432,4.400000095367432,3.680000066757202,3.759999990463257,3.759999990463257,72213
2024-04-12,3.759999990463257,3.9200000762939453,3.680000066757202,3.680000066757202,3.680000066757202,37488
2024-04-15,3.680000066757202,3.8399999141693115,3.2799999713897705,3.5199999809265137,3.5199999809265137,36013
2024-04-16,3.5199999809265137,3.5199999809265137,3.119999885559082,3.119999885559082,3.119999885559082,68413
2024-04-17,3.200000047683716,3.200000047683716,2.640000104904175,2.640000104904175,2.640000104904175,91413
2024-04-18,2.559999942779541,2.799999952316284,2.559999942779541,2.7200000286102295,2.7200000286102295,34938
2024-04-19,2.7200000286102295,2.880000114440918,2.640000104904175,2.640000104904175,2.640000104904175,35950
2024-04-22,2.640000104904175,2.799999952316284,2.559999942779541,2.640000104904175,2.640000104904175,25538
2024-04-23,2.7200000286102295,2.880000114440918,2.559999942779541,2.640000104904175,2.640000104904175,47988
2024-04-24,2.640000104904175,2.640000104904175,2.319999933242798,2.4000000953674316,2.4000000953674316,76613
2024-04-25,2.319999933242798,2.4000000953674316,2.240000009536743,2.319999933242798,2.319999933242798,45613
2024-04-26,2.319999933242798,2.4000000953674316,2.240000009536743,2.319999933242798,2.319999933242798,70288
2024-04-29,2.4000000953674316,2.4800000190734863,2.240000009536743,2.240000009536743,2.240000009536743,67525
2024-04-30,2.4000000953674316,2.4000000953674316,2.1600000858306885,2.240000009536743,2.240000009536743,44850
2024-05-01,2.319999933242798,2.4800000190734863,2.1600000858306885,2.4000000953674316,2.4000000953674316,41263
2024-05-02,2.4000000953674316,2.7200000286102295,2.319999933242798,2.640000104904175,2.640000104904175,43800
2024-05-03,2.7200000286102295,2.880000114440918,2.640000104904175,2.7200000286102295,2.7200000286102295,32750
2024-05-06,2.880000114440918,2.9600000381469727,2.4800000190734863,2.559999942779541,2.559999942779541,54625
2024-05-07,2.4800000190734863,2.640000104904175,2.240000009536743,2.319999933242798,2.319999933242798,49938
2024-05-08,2.4800000190734863,2.559999942779541,2.240000009536743,2.319999933242798,2.319999933242798,37000
2024-05-09,2.319999933242798,2.4800000190734863,2.1600000858306885,2.240000009536743,2.240000009536743,44575
2024-05-10,2.319999933242798,2.319999933242798,2.0799999237060547,2.1600000858306885,2.1600000858306885,68188
2024-05-13,2.1600000858306885,2.319999933242798,2.1600000858306885,2.240000009536743,2.240000009536743,57338
2024-05-14,2.240000009536743,2.240000009536743,1.9199999570846558,1.9199999570846558,1.9199999570846558,161650
2024-05-15,2.0,2.4000000953674316,2.0,2.319999933242798,2.319999933242798,250850
2024-05-16,2.299999952316284,2.430000066757202,2.0,2.3399999141693115,2.3399999141693115,202500
2024-05-17,2.3399999141693115,2.4000000953674316,1.840000033378601,1.899999976158142,1.899999976158142,234300
2024-05-20,1.9600000381469727,2.0199999809265137,1.7100000381469727,1.75,1.75,134900
2024-05-21,1.7200000286102295,1.7799999713897705,1.590000033378601,1.6299999952316284,1.6299999952316284,112500
2024-05-22,1.6200000047683716,1.6200000047683716,1.409999966621399,1.4500000476837158,1.4500000476837158,181400
2024-05-23,1.440000057220459,1.5199999809265137,1.350000023841858,1.3700000047683716,1.3700000047683716,90200
2024-05-24,1.409999966621399,1.409999966621399,1.2999999523162842,1.3300000429153442,1.3300000429153442,99800
2024-05-28,1.350000023841858,1.409999966621399,1.3200000524520874,1.3899999856948853,1.3899999856948853,82500
2024-05-29,1.399999976158142,1.4500000476837158,1.2999999523162842,1.3300000429153442,1.3300000429153442,81200
2024-05-30,1.3300000429153442,1.3600000143051147,1.1699999570846558,1.2200000286102295,1.2200000286102295,176600
2024-05-31,1.25,1.25,1.1699999570846558,1.2000000476837158,1.2000000476837158,47700
2024-06-03,1.2200000286102295,1.2200000286102295,1.0800000429153442,1.1100000143051147,1.1100000143051147,99400
2024-06-04,1.090000033378601,1.2000000476837158,1.090000033378601,1.1200000047683716,1.1200000047683716,106200
2024-06-05,1.1100000143051147,1.2100000381469727,1.1100000143051147,1.1699999570846558,1.1699999570846558,51800
2024-06-06,1.1799999475479126,1.190000057220459,1.100000023841858,1.1299999952316284,1.1299999952316284,64300
2024-06-07,1.1200000047683716,1.1799999475479126,1.059999942779541,1.0700000524520874,1.0700000524520874,126500
2024-06-10,1.090000033378601,1.1699999570846558,1.0,1.0399999618530273,1.0399999618530273,160600
2024-06-11,1.0399999618530273,1.059999942779541,0.9800000190734863,1.0199999809265137,1.0199999809265137,99300
2024-06-12,1.0299999713897705,1.0499999523162842,0.9800000190734863,0.9800000190734863,0.9800000190734863,70300
2024-06-13,0.9900000095367432,1.0299999713897705,0.9200000166893005,0.9599999785423279,0.9599999785423279,220200
2024-06-14,0.9900000095367432,1.0,0.8799999952316284,0.9100000262260437,0.9100000262260437,277800
2024-06-17,0.8999999761581421,0.949999988079071,0.800000011920929,0.8700000047683716,0.8700000047683716,148300
2024-06-18,0.8500000238418579,0.9200000166893005,0.8100000023841858,0.8399999737739563,0.8399999737739563,121300
2024-06-20,0.8600000143051147,0.8700000047683716,0.7300000190734863,0.75,0.75,264600
2024-06-21,0.75,0.7599999904632568,0.6499999761581421,0.6499999761581421,0.6499999761581421,242400
2024-06-24,0.6800000071525574,0.6899999976158142,0.5699999928474426,0.6299999952316284,0.6299999952316284,353500
2024-06-25,0.6200000047683716,0.6700000166893005,0.6000000238418579,0.6499999761581421,0.6499999761581421,94100
2024-06-26,0.6299999952316284,0.6499999761581421,0.5899999737739563,0.6299999952316284,0.6299999952316284,119000
2024-06-27,0.6299999952316284,0.6499999761581421,0.6000000238418579,0.6100000143051147,0.6100000143051147,77100
2024-06-28,0.6000000238418579,0.6200000047683716,0.5600000023841858,0.6000000238418579,0.6000000238418579,124000
2024-07-01,0.6000000238418579,0.6299999952316284,0.5799999833106995,0.6200000047683716,0.6200000047683716,142900
2024-07-02,0.6200000047683716,0.6299999952316284,0.550000011920929,0.5799999833106995,0.5799999833106995,235100
2024-07-03,0.5899999737739563,0.6000000238418579,0.5600000023841858,0.5600000023841858,0.5600000023841858,119100
2024-07-05,0.5600000023841858,0.5799999833106995,0.5600000023841858,0.5600000023841858,0.5600000023841858,81700
2024-07-08,0.5799999833106995,0.5799999833106995,0.49000000953674316,0.5,0.5,361500
2024-07-09,0.5,0.699999988079071,0.4699999988079071,0.6800000071525574,0.6800000071525574,1668000
2024-07-10,0.9200000166893005,1.0099999904632568,0.7099999785423279,0.7300000190734863,0.7300000190734863,15586500
2024-07-11,0.75,0.7699999809265137,0.6100000143051147,0.6700000166893005,0.6700000166893005,1813400
2024-07-12,0.6100000143051147,0.6299999952316284,0.5600000023841858,0.5799999833106995,0.5799999833106995,1165700
2024-07-15,0.5699999928474426,0.5799999833106995,0.49000000953674316,0.5199999809265137,0.5199999809265137,805200
2024-07-16,0.5199999809265137,0.5699999928474426,0.5199999809265137,0.5600000023841858,0.5600000023841858,397300
2024-07-17,0.550000011920929,0.5600000023841858,0.5199999809265137,0.5299999713897705,0.5299999713897705,272700
2024-07-18,0.5299999713897705,0.5600000023841858,0.5099999904632568,0.5199999809265137,0.5199999809265137,284200
2024-07-19,0.5199999809265137,0.550000011920929,0.5099999904632568,0.550000011920929,0.550000011920929,236200
2024-07-22,0.550000011920929,0.550000011920929,0.5099999904632568,0.5099999904632568,0.5099999904632568,240600
2024-07-23,0.5099999904632568,0.5299999713897705,0.47999998927116394,0.49000000953674316,0.49000000953674316,242300
2024-07-24,0.5099999904632568,0.5299999713897705,0.46000000834465027,0.49000000953674316,0.49000000953674316,566500
2024-07-25,0.5,0.5,0.4699999988079071,0.4699999988079071,0.4699999988079071,208400
2024-07-26,0.47999998927116394,0.5,0.4300000071525574,0.4399999976158142,0.4399999976158142,298800
2024-07-29,0.4300000071525574,0.44999998807907104,0.4099999964237213,0.4300000071525574,0.4300000071525574,229000
2024-07-30,0.4399999976158142,0.4399999976158142,0.38999998569488525,0.38999998569488525,0.38999998569488525,201900
2024-07-31,0.38999998569488525,0.4000000059604645,0.3799999952316284,0.3799999952316284,0.3799999952316284,253400
2024-08-01,0.38999998569488525,0.38999998569488525,0.3499999940395355,0.36000001430511475,0.36000001430511475,189300
2024-08-02,0.36000001430511475,0.4099999964237213,0.25999999046325684,0.28999999165534973,0.28999999165534973,1264600
2024-08-05,0.2800000011920929,0.30000001192092896,0.23000000417232513,0.28999999165534973,0.28999999165534973,353700
2024-08-06,0.28999999165534973,0.30000001192092896,0.23999999463558197,0.27000001072883606,0.27000001072883606,334300
2024-08-07,0.2800000011920929,0.28999999165534973,0.25999999046325684,0.27000001072883606,0.27000001072883606,535000
2024-08-08,0.2800000011920929,0.2800000011920929,0.23999999463558197,0.25,0.25,453800
2024-08-09,0.27000001072883606,0.27000001072883606,0.2199999988079071,0.25999999046325684,0.25999999046325684,608700
2024-08-12,0.27000001072883606,0.27000001072883606,0.23000000417232513,0.25,0.25,431600
2024-08-13,0.25999999046325684,0.25999999046325684,0.23000000417232513,0.23999999463558197,0.23999999463558197,284500
2024-08-14,0.25,0.25,0.23000000417232513,0.23000000417232513,0.23000000417232513,256600
2024-08-15,0.23999999463558197,0.27000001072883606,0.2199999988079071,0.27000001072883606,0.27000001072883606,10997500
2024-08-16,0.3700000047683716,0.46000000834465027,0.3400000035762787,0.4300000071525574,0.4300000071525574,66141600
2024-08-19,0.3700000047683716,0.38999998569488525,0.2800000011920929,0.3700000047683716,0.3700000047683716,4947000
2024-08-20,0.33000001311302185,0.3799999952316284,0.30000001192092896,0.3499999940395355,0.3499999940395355,2251800
2024-08-21,0.33000001311302185,0.3700000047683716,0.3100000023841858,0.3700000047683716,0.3700000047683716,1007100
2024-08-22,0.36000001430511475,0.3700000047683716,0.33000001311302185,0.33000001311302185,0.33000001311302185,601500
2024-08-23,0.3199999928474426,0.3400000035762787,0.3100000023841858,0.3100000023841858,0.3100000023841858,647100
